01,12,230,82,53,33,0,6,2
01,12,210,93,101,93,0,8,12
01,12,220,67,82,63,0,7,5
01,12,230,93,71,41,0,5,-4
01,12,200,129,62,35,-1,8,-1
01,12,240,123,64,17,0,6,3
01,12,240,87,85,54,0,6,-15
01,12,230,87,78,47,0,5,2
01,12,220,103,91,65,0,7,4
01,12,250,113,103,49,2,8,-12
01,12,200,67,75,45,-1,8,-2
01,12,230,72,51,30,0,7,-1
01,12,10,36,34,14,0,2,3
01,12,60,72,14,-22,0,0,7
01,12,90,82,25,-117,0,0,6
01,12,90,31,11,-92,0,0,3
01,12,290,15,40,-14,0,0,25
01,12,80,26,14,-1,0,0,2
01,12,230,57,23,19,6,8,1
01,12,190,46,35,15,0,2,8
01,12,300,36,60,60,0,7,4
01,12,60,46,45,30,0,7,5
01,12,50,26,-10,-10,0,9,3
01,12,50,36,-4,-8,-1,8,0
01,12,70,57,28,-1,0,0,0
01,12,90,41,-4,-12,0,8,0
01,12,70,21,18,-9,0,8,2
01,12,100,62,20,-20,0,3,-2
01,12,90,21,0,-25,0,0,11
01,12,100,31,12,-37,0,1,7
01,12,990,15,-8,-48,0,0,3
01,12,210,93,33,17,0,7,10
01,12,220,103,52,26,0,7,-6
01,12,210,82,23,-1,0,8,16
01,12,220,93,64,63,4,8,1
01,12,230,87,98,90,-1,8,-1
01,12,230,77,84,69,0,8,0
01,12,200,62,40,19,0,4,8
01,12,210,93,93,51,0,7,4
01,12,240,72,107,68,0,7,-8
01,12,40,51,45,27,-1,7,3
01,12,990,15,-15,-15,0,9,2
01,12,260,26,20,19,0,9,3
01,12,990,15,34,1,0,7,2
01,12,250,41,34,22,0,8,3
01,12,290,21,55,45,0,8,3
01,12,260,36,47,17,0,8,1
01,12,340,36,54,19,-1,7,2
01,12,230,31,40,17,-1,8,1
01,12,250,62,35,35,6,8,4
01,12,40,72,20,5,0,8,-1
01,12,80,72,-16,-99,0,0,5
01,12,70,57,-21,-78,0,0,3
01,12,60,36,-12,-42,0,1,8
01,12,30,26,1,-29,0,3,5
01,12,990,5,4,-10,0,1,0
01,12,250,10,6,6,0,9,6
01,12,60,31,2,2,0,7,1
01,12,40,36,-16,-16,0,7,2
01,12,30,21,26,-2,0,1,10
01,12,60,26,-5,-5,0,9,2
01,12,90,26,-10,-10,0,9,2
01,12,990,5,-60,-60,0,0,22
01,12,90,46,-12,-75,0,0,7
01,12,80,57,-52,-105,0,0,6
01,12,250,21,-40,-90,0,7,6
01,12,190,108,48,-42,0,6,9
01,12,210,82,82,81,-1,8,1
01,12,990,15,62,56,0,7,8
01,12,300,41,66,34,0,5,1
01,12,210,103,85,76,0,8,3
01,12,210,123,111,95,0,8,1
01,12,230,93,98,98,13,8,9
01,12,240,98,61,38,0,5,3
01,12,180,62,63,40,1,7,3
01,12,250,87,84,37,0,4,4
01,12,190,72,113,72,1,7,12
01,12,220,108,132,102,0,6,-4
01,12,220,103,112,53,0,7,-2
01,12,250,57,77,47,0,2,1
01,12,240,93,68,54,0,8,3
01,12,220,98,90,82,6,8,-1
01,12,230,93,107,83,0,5,3
01,12,230,113,114,108,1,8,1
01,12,230,57,69,40,0,8,5
01,12,260,123,98,42,0,8,-2
01,12,270,62,25,12,2,6,-7
01,12,240,87,19,-8,0,7,6
01,12,320,41,49,21,0,7,0
01,12,240,67,77,77,0,7,11
01,12,270,31,88,88,0,8,4
01,12,90,46,47,35,0,7,3
01,12,80,26,-10,-10,0,9,-1
01,12,240,57,40,35,0,3,1
01,12,250,93,78,75,19,7,-2
01,12,190,57,80,63,0,8,-3
01,12,210,98,81,49,0,3,-1
01,12,200,108,68,54,-1,8,8
01,12,160,31,82,61,0,8,-5
01,12,240,46,50,33,0,7,0
01,12,200,57,42,20,0,6,0
01,12,150,31,42,23,0,4,10
01,12,140,21,69,39,0,7,8
01,12,230,46,64,52,0,7,3
01,12,200,87,82,62,-1,8,-2
01,12,230,98,96,51,0,7,1
01,12,230,98,67,28,-1,7,-4
01,12,200,62,55,24,0,7,7
01,12,50,31,22,14,3,8,6
01,12,990,15,-18,-22,0,8,2
01,12,220,87,24,-4,0,7,0
01,12,210,62,15,11,2,8,3
01,12,210,51,24,19,0,2,-17
01,12,200,67,37,17,0,7,2
01,12,220,72,57,56,-1,8,2
01,12,240,123,91,90,27,8,1
01,12,250,46,61,43,0,7,-1
01,12,250,98,98,98,9,8,-2
01,12,280,77,63,29,0,6,-2
01,12,230,129,86,60,0,8,3
01,12,290,82,53,-11,-1,6,-1
01,12,210,57,16,-10,0,8,6
01,12,240,98,68,62,4,8,1
01,12,240,67,54,34,0,5,7
01,12,270,62,10,7,1,8,-1
01,12,290,62,21,13,7,6,-5
01,12,80,36,13,-13,0,6,2
01,12,990,10,-9,-41,0,0,0
01,12,170,57,-26,-78,0,1,5
01,12,220,41,-23,-37,0,8,4
01,12,350,26,-19,-36,0,8,-1
01,12,200,67,1,-24,0,8,2
01,12,230,62,30,29,0,8,0
01,12,270,72,57,16,0,7,-3
01,12,300,72,34,3,0,2,4
01,12,10,113,39,-12,0,2,0
01,12,220,36,28,19,0,7,-2
01,12,210,46,44,44,1,8,5
01,12,200,46,62,58,-1,8,5
01,12,160,46,66,20,0,0,-3
01,12,190,51,70,0,0,2,15
01,12,240,31,59,50,2,8,-3
01,12,200,77,65,20,0,1,2
01,12,220,93,92,42,0,7,-5
01,12,200,98,64,20,0,2,1
01,12,220,62,80,72,13,8,2
01,12,240,139,67,21,0,7,4
01,12,240,82,62,23,0,7,2
01,12,240,21,52,51,8,8,1
01,12,210,149,110,71,-1,8,3
01,12,240,67,29,-6,0,7,2
01,12,240,82,85,71,13,6,7
01,12,230,98,88,81,8,8,-1
01,12,340,51,41,-6,0,6,4
01,12,200,82,42,-10,0,8,-3
01,12,990,10,36,29,0,8,0
01,12,50,31,17,12,0,7,2
01,12,990,10,8,4,0,8,0
01,12,90,31,26,11,0,3,-7
01,12,80,46,11,-26,0,4,6
01,12,100,31,-19,-45,-1,8,3
01,12,200,57,86,73,0,7,4
01,12,190,57,91,62,0,5,2
01,12,160,57,88,34,0,7,5
01,12,190,36,97,70,0,7,-6
01,12,180,51,88,58,0,4,1
01,12,150,26,109,72,0,6,0
01,12,210,77,110,70,0,3,4
01,12,50,21,78,52,0,3,11
01,12,990,10,102,61,0,3,-10
01,12,990,15,77,38,0,5,11
01,12,70,26,13,13,0,8,1
01,12,70,21,-5,-5,0,7,5
01,12,80,31,-9,-9,0,8,3
01,12,100,57,-1,-33,0,1,0
01,12,80,82,7,-34,0,7,-1
01,12,70,82,23,-35,0,2,0
01,12,80,98,-10,-59,0,7,0
01,12,80,87,-2,-43,0,7,2
01,12,70,72,-70,-117,0,8,4
01,12,50,51,-89,-96,7,8,0
01,12,80,46,-20,-39,0,7,6
01,12,80,87,-25,-50,0,7,2
01,12,90,118,-13,-35,0,6,5
01,12,70,57,14,-22,0,1,1
01,12,60,67,8,-65,0,0,14
01,12,50,50,-133,-163,0,1,5
01,12,60,20,-91,-120,-1,6,-11
01,12,70,60,-64,-74,1,7,5
01,12,40,50,-42,-59,0,8,1
01,12,50,30,-44,-65,0,8,1
01,12,40,40,-50,-63,0,7,-2
01,12,30,30,-52,-74,0,8,3
01,12,70,40,-61,-84,0,0,-1
01,12,50,40,-54,-73,0,7,5
01,12,990,10,-46,-59,-1,8,4
01,12,190,20,-31,-58,0,7,7
01,12,200,40,16,-31,0,7,4
01,12,990,10,43,-2,0,4,8
01,12,70,10,66,-18,0,2,12
01,12,200,30,52,-20,0,0,12
01,12,990,10,55,-6,0,0,28
01,12,180,50,87,-5,0,2,-4
01,12,220,40,56,47,0,8,-4
01,12,180,30,57,54,2,8,3
01,12,350,30,21,21,0,8,-2
01,12,80,70,31,16,0,7,3
01,12,190,80,111,66,-1,8,13
01,12,220,40,91,60,0,4,-5
01,12,160,10,52,52,0,8,0
01,12,70,30,23,23,0,1,6
01,12,30,40,10,10,-1,8,1
01,12,250,20,-10,-14,-1,7,3
01,12,990,10,-1,-4,0,8,5
01,12,50,30,21,21,0,8,-3
01,12,70,30,31,4,0,8,-3
01,12,990,10,45,9,0,6,6
01,12,200,60,74,60,0,7,3
01,12,190,100,96,67,-1,7,-5
01,12,200,140,93,74,-1,8,8
01,12,200,80,81,48,0,8,2
01,12,200,100,67,33,-1,8,1
01,12,240,80,62,34,0,4,10
01,12,220,100,110,74,0,7,-2
01,12,220,110,104,68,0,7,0
01,12,230,70,116,87,0,7,6
01,12,200,50,117,49,0,4,14
01,12,200,50,107,41,0,0,4
01,12,200,50,111,62,0,5,8
01,12,160,50,100,60,0,7,18
01,12,210,100,97,64,0,7,-6
01,12,210,100,72,54,1,8,4
01,12,210,60,89,69,0,6,1
01,12,220,70,54,37,0,7,8
01,12,190,80,65,-33,0,8,-5
01,12,260,60,61,56,2,7,3
01,12,340,50,38,34,14,8,-1
01,12,330,30,5,-22,0,7,-3
01,12,70,40,1,-34,0,5,5
01,12,40,40,12,5,0,8,3
01,12,360,70,24,-2,0,7,0
01,12,50,50,-10,-33,-1,8,-5
01,12,60,50,-9,-55,0,0,7
01,12,40,30,-8,-38,0,0,6
01,12,210,20,-11,-29,0,8,6
01,12,990,10,29,29,0,8,1
01,12,220,60,13,13,0,8,2
01,12,70,80,13,-49,0,3,2
01,12,210,50,114,51,0,7,-4
01,12,200,80,97,48,-1,8,-14
01,12,180,90,58,43,19,8,3
01,12,220,120,126,110,-1,8,-2
01,12,200,40,141,110,0,7,5
01,12,200,60,132,48,0,7,9
01,12,260,40,69,58,0,7,1
01,12,250,90,69,27,0,4,1
01,12,10,50,28,-8,0,7,3
01,12,50,30,-3,-12,0,7,1
01,12,350,60,-19,-36,0,8,7
01,12,210,80,6,-24,0,7,0
01,12,250,60,34,14,0,7,2
01,12,250,70,58,29,-1,7,7
01,12,220,90,74,53,1,8,1
01,12,210,130,102,62,2,8,-5
01,12,200,40,57,48,-1,8,4
01,12,190,50,67,41,0,1,6
01,12,200,100,91,43,0,7,5
01,12,180,50,109,84,0,7,10
01,12,200,30,92,68,0,8,-4
01,12,20,40,67,66,0,9,-1
01,12,190,40,41,41,0,8,3
01,12,200,50,54,48,1,8,2
01,12,220,120,125,86,0,7,-1
01,12,230,70,62,35,0,7,0
01,12,310,50,58,40,-1,7,13
01,12,290,40,53,46,-1,8,5
01,12,20,50,7,-52,0,7,-9
01,12,320,30,-4,-43,0,5,10
01,12,70,20,18,-20,0,6,2
01,12,230,40,61,61,-1,8,3
01,12,200,50,66,54,0,8,4
01,12,210,80,69,50,0,8,1
01,12,200,70,71,66,18,8,3
01,12,200,40,75,40,0,6,6
01,12,200,50,93,59,0,7,4
01,12,230,70,71,51,0,7,-2
01,12,210,60,70,47,-1,8,-6
01,12,340,30,55,36,0,6,6
01,12,270,20,19,19,0,7,-3
01,12,210,40,28,24,0,6,2
01,12,210,60,30,-7,0,5,5
01,12,210,70,28,-24,0,8,4
01,12,250,40,32,17,0,8,1
01,12,20,40,32,25,0,8,-5
01,12,210,40,22,21,2,8,4
01,12,290,40,63,49,0,8,7
01,12,310,60,70,55,-1,8,3
01,12,320,40,42,19,0,8,3
01,12,250,50,40,26,-1,8,4
01,12,320,50,55,46,16,7,6
01,12,280,50,47,36,0,7,2
01,12,10,70,28,15,-1,8,-7
01,12,80,20,-10,-76,0,0,6
01,12,240,30,11,-67,0,0,9
01,12,230,50,20,-33,0,6,0
01,12,230,50,25,-31,0,0,5
01,12,220,80,24,-60,0,7,4
01,12,240,120,80,74,1,8,0
01,12,250,50,87,79,3,8,3
01,12,240,90,103,82,0,7,0
01,12,190,80,55,37,6,8,6
01,12,210,110,112,69,0,5,4
01,12,240,80,72,36,0,5,2
01,12,190,70,92,58,0,7,-4
01,12,200,110,90,70,9,8,0
01,12,220,80,73,50,0,7,0
01,12,220,70,66,44,0,7,1
01,12,230,70,57,28,0,1,4
01,12,220,50,53,34,0,7,3
01,12,90,30,33,12,-1,7,0
01,12,60,60,32,18,0,8,3
01,12,70,60,27,-9,0,2,7
01,12,70,70,5,-42,0,1,9
01,12,50,50,12,-16,0,1,3
01,12,70,60,6,-71,0,0,7
01,12,990,10,5,-74,0,0,7
01,12,200,20,-7,-37,0,3,7
01,12,90,20,30,16,0,7,5
01,12,990,10,28,11,0,7,0
01,12,230,20,5,3,4,8,1
01,12,160,40,10,-28,0,2,-3
01,12,190,50,80,72,0,8,4
01,12,200,70,87,53,0,4,-1
01,12,220,80,98,70,0,7,1
01,12,190,60,77,57,-1,8,-4
01,12,200,60,57,36,-1,7,8
01,12,260,90,39,29,14,8,1
01,12,220,30,59,30,0,4,-2
01,12,0,0,49,39,0,7,-1
01,12,240,30,29,26,0,8,8
01,12,990,10,47,11,0,7,-6
01,12,230,50,-13,-19,0,8,-1
01,12,210,20,14,-42,0,4,2
01,12,70,60,-16,-55,0,1,3
01,12,80,40,-11,-90,0,0,11
01,12,220,30,16,-28,0,0,12
01,12,210,40,0,-4,-1,8,2
01,12,30,20,22,22,0,7,3
01,12,110,20,34,-2,0,1,6
01,12,0,0,55,14,0,0,-3
01,12,200,20,56,19,0,6,6
01,12,210,50,37,23,0,8,0
01,12,210,40,50,27,0,7,3
01,12,220,20,73,24,0,1,25
01,12,200,20,36,4,0,7,6
01,12,180,60,52,24,0,7,-4
01,12,230,30,47,47,0,7,1
01,12,200,60,53,31,0,7,4
01,12,230,50,45,36,0,8,3
01,12,220,90,82,62,0,7,1
01,12,230,100,88,65,0,7,4
01,12,220,90,111,94,0,8,-2
01,12,220,100,93,61,0,7,1
01,12,190,60,88,30,0,7,-10
01,12,230,120,106,72,0,7,-10
01,12,220,60,54,6,0,5,4
01,12,220,120,108,66,0,7,3
01,12,250,40,108,93,-1,8,0
01,12,240,120,115,77,1,6,10
01,12,230,80,100,62,0,7,-1
01,12,210,70,121,81,0,7,-1
01,12,250,80,100,43,0,2,2
01,12,190,70,65,50,9,8,6
01,12,210,90,119,104,14,7,13
01,12,220,90,83,64,0,8,4
01,12,30,70,-15,-74,0,7,-1
01,12,220,40,-23,-53,0,8,6
01,12,350,60,-13,-41,0,8,4
01,12,40,40,-47,-74,0,8,1
01,12,70,40,-61,-136,0,0,4
01,12,40,50,-59,-126,0,0,6
01,12,40,40,-36,-102,0,7,3
01,12,30,30,-17,-48,0,0,4
01,12,220,30,-10,-31,0,8,4
01,12,230,70,30,26,0,8,4
01,12,230,70,66,55,0,8,1
01,12,210,110,46,8,0,8,2
01,12,230,70,53,37,0,7,0
01,12,190,60,48,8,0,0,7
01,12,230,70,38,26,0,8,0
01,12,170,80,66,11,0,8,6
01,12,180,70,90,56,0,8,5
01,12,170,40,91,57,0,8,0
01,12,210,80,81,48,0,8,-8
01,12,300,60,67,54,-1,8,-2
01,12,290,20,47,4,0,2,2
01,12,200,60,49,1,0,2,9
01,12,220,60,53,39,0,6,4
01,12,260,50,93,92,-1,8,1
01,12,250,90,59,18,0,8,-1
01,12,300,30,26,20,4,8,10
01,12,250,50,-3,-6,-1,8,0
01,12,360,50,-25,-85,-1,5,-2
01,12,100,20,-3,-22,0,5,2
01,12,70,50,-5,-51,0,1,2
01,12,60,10,-24,-60,0,8,-2
01,12,230,70,1,-2,3,8,4
01,12,200,50,31,20,0,8,3
01,12,210,60,60,53,1,8,0
01,12,200,30,76,67,0,8,3
01,12,160,80,62,25,0,5,-3
01,12,230,80,60,39,-1,8,5
01,12,200,50,47,32,0,6,17
01,12,210,100,117,107,19,8,6
01,12,190,60,55,36,6,8,-1
01,12,240,120,93,59,8,7,3
01,12,220,80,68,31,0,5,-10
01,12,230,90,43,20,0,8,-2
01,12,240,110,65,43,6,8,-5
01,12,240,80,46,17,0,8,4
01,12,10,50,16,-20,0,8,-1
01,12,230,70,41,37,6,8,8
01,12,330,30,57,41,0,8,-2
01,12,320,20,23,-32,0,0,3
01,12,200,40,17,-45,0,8,4
01,12,990,10,53,-20,0,0,3
01,12,210,60,16,12,6,8,6
01,12,240,30,45,32,0,8,4
01,12,90,90,21,-12,0,7,2
01,12,330,40,-8,-22,0,8,2
01,12,220,70,-4,-8,3,8,1
01,12,260,60,7,7,0,8,4
01,12,220,100,15,-24,0,8,1
01,12,200,120,84,43,-1,8,-3
01,12,220,60,83,57,0,8,2
01,12,260,70,54,-2,0,8,1
01,12,240,70,61,42,0,8,4
01,12,230,100,69,18,0,7,-5
01,12,210,60,66,50,0,8,0
01,12,240,60,76,52,0,7,-2
01,12,220,110,110,75,0,8,2
01,12,240,140,94,60,1,8,3
01,12,220,70,81,34,0,1,6
01,12,220,90,140,73,0,6,-2
01,12,200,70,105,70,0,3,3
01,12,260,80,69,41,2,8,15
01,12,260,60,64,22,0,7,2
01,12,200,30,47,20,0,0,7
01,12,90,20,36,-10,0,0,9
01,12,190,20,51,-9,0,0,17
01,12,210,90,66,39,0,7,-6
01,12,230,40,35,23,27,8,-11
01,12,250,60,51,21,0,8,3
01,12,250,90,100,70,0,8,-6
01,12,280,70,56,3,0,7,2
01,12,300,40,58,19,0,7,3
01,12,330,40,43,-4,0,4,7
01,12,360,80,6,-25,0,7,2
01,12,360,60,-10,-36,0,8,3
01,12,40,50,-5,-52,0,7,5
01,12,240,40,-7,-34,0,8,2
01,12,270,20,22,-11,0,7,6
01,12,50,20,13,-61,0,1,0
01,12,210,30,26,21,1,8,9
01,12,250,60,58,46,0,8,4
01,12,200,60,61,22,0,8,6
01,12,260,10,25,23,0,8,3
01,12,240,20,-2,-4,0,9,-3
01,12,70,50,21,-20,0,0,3
01,12,50,50,5,-18,0,8,3
01,12,70,50,25,-3,0,0,7
01,12,90,20,27,-5,0,1,1
01,12,110,20,33,-6,0,0,8
01,12,180,10,43,-13,0,0,0
01,12,210,40,49,-14,0,0,5
01,12,210,80,51,13,0,8,-3
01,12,120,70,31,17,0,8,-2
01,12,100,10,28,4,0,0,1
01,12,190,50,53,-14,0,0,10
01,12,100,30,12,-39,0,0,8
01,12,190,50,51,-13,0,0,3
01,12,210,80,42,29,12,8,0
01,12,270,20,53,44,0,8,1
01,12,200,70,58,36,0,8,4
01,12,220,100,93,65,0,8,4
01,12,280,40,61,37,0,8,-8
01,12,50,40,23,-6,0,8,-3
01,12,70,50,-15,-78,0,0,3
01,12,80,30,10,-77,0,8,9
01,12,230,40,-10,-24,2,8,6
01,12,50,100,-12,-72,0,1,-2
01,12,50,50,-30,-75,0,7,-1
01,12,50,70,-1,-59,0,0,0
01,12,40,50,0,-66,0,0,13
01,12,50,60,23,-31,0,6,3
01,12,40,40,9,-9,0,8,3
01,12,260,50,55,42,38,8,17
01,12,240,60,60,29,-1,8,-9
01,12,220,90,71,48,0,8,3
01,12,250,60,96,53,0,8,-3
01,12,230,70,88,68,0,8,1
01,12,240,30,98,83,-1,8,-4
01,12,210,90,90,55,0,8,7
01,12,260,50,98,78,0,8,-1
01,12,220,110,135,97,0,8,1
01,12,210,120,132,67,0,8,2
01,12,220,150,68,45,17,8,5
01,12,220,100,93,63,0,8,2
01,12,230,80,107,86,0,8,0
01,12,250,50,82,30,0,1,0
01,12,200,40,76,12,0,0,8
01,12,200,70,91,61,0,7,0
01,12,210,100,118,74,0,8,-1
01,12,230,190,131,108,-1,8,1
01,12,270,70,118,49,0,4,0
01,12,230,100,127,79,0,8,-10
01,12,250,80,74,5,0,8,10
01,12,220,20,44,25,-1,8,4
01,12,40,60,-14,-79,0,8,3
01,12,990,10,-24,-29,0,8,5
01,12,20,50,-10,-25,-1,8,4
01,12,230,70,5,-48,0,8,3
01,12,290,40,51,26,0,8,4
01,12,240,70,48,11,-1,8,-5
01,12,240,30,77,72,2,8,0
01,12,280,10,80,70,-1,8,4
01,12,240,70,79,38,0,8,2
01,12,90,40,22,22,0,8,7
01,12,80,70,-5,-24,0,0,5
01,12,80,60,6,-38,0,8,5
01,12,90,20,49,20,0,8,-7
01,12,210,100,81,57,0,7,-20
01,12,240,60,58,38,0,2,2
01,12,240,110,84,33,0,8,3
01,12,210,70,82,57,0,8,-6
01,12,250,50,61,56,22,8,3
01,12,200,90,83,39,0,8,7
01,12,180,70,122,59,0,8,1
01,12,260,50,61,37,-1,8,1
01,12,190,80,81,14,0,0,1
01,12,200,110,81,42,0,4,7
01,12,200,130,99,45,0,8,-9
01,12,210,60,73,47,0,8,6
01,12,210,70,76,51,0,8,3
01,12,230,90,93,62,2,8,-1
01,12,230,100,123,105,-1,8,1
01,12,230,90,118,90,0,8,1
01,12,230,90,103,68,-1,8,-3
01,12,340,50,70,15,0,0,10
01,12,220,80,62,26,0,8,6
01,12,220,70,94,62,0,8,-5
01,12,230,80,72,21,0,2,2
01,12,220,100,79,34,0,0,8
01,12,240,40,70,50,0,8,8
01,12,210,30,84,44,0,8,3
01,12,190,30,44,12,0,8,-1
01,12,310,40,40,37,15,8,0
01,12,200,140,33,-2,0,7,2
01,12,0,0,-34,-35,-1,8,5
01,12,240,10,-9,-15,-1,8,1
01,12,330,10,-14,-27,0,1,8
01,12,240,50,1,-34,0,8,-2
01,12,50,70,-13,-15,-1,8,-4
01,12,50,30,-99,-120,0,0,5
01,12,210,50,-67,-103,0,8,8
01,12,80,30,-43,-44,0,8,3
01,12,100,10,-77,-82,0,0,15
01,12,210,30,-57,-83,0,0,10
01,12,200,80,18,-63,0,0,11
01,12,200,110,50,-57,0,8,2
01,12,210,50,58,35,-1,8,7
01,12,230,30,34,33,-1,8,0
01,12,130,30,45,-9,0,0,7
01,12,160,30,27,-6,0,7,3
01,12,210,80,83,48,0,8,-11
01,12,210,100,65,47,1,8,-4
01,12,200,110,89,62,-1,8,12
01,12,210,40,60,17,0,1,2
01,12,230,50,45,19,0,8,2
01,12,190,100,55,1,0,8,0
01,12,190,70,80,65,-1,8,-4
01,12,240,30,37,17,0,8,3
01,12,180,60,48,-4,0,0,8
01,12,340,20,37,-6,0,0,-1
01,12,80,20,19,7,0,1,7
01,12,180,30,38,-28,0,0,5
01,12,100,40,19,-15,0,6,2
01,12,70,60,23,-21,0,0,6
01,12,90,90,11,-40,0,0,0
01,12,20,60,-12,-24,-1,8,-2
01,12,220,50,-12,-31,-1,8,7
01,12,360,30,-59,-70,0,8,4
01,12,230,30,-50,-70,-1,7,6
01,12,210,40,-14,-21,0,8,1
01,12,140,10,-21,-33,0,8,-12
01,12,90,20,-37,-55,0,8,2
01,12,40,50,-36,-52,-1,8,0
01,12,20,80,-23,-32,2,8,2
01,12,60,40,-19,-31,-1,8,3
01,12,300,10,-12,-19,-1,8,3
01,12,90,30,-7,-27,0,8,1
01,12,80,40,-19,-29,2,8,1
01,12,80,20,14,-12,0,0,20
01,12,210,30,14,2,0,8,5
01,12,90,40,20,-8,0,8,1
01,12,260,40,58,48,0,8,4
01,12,230,70,36,25,0,8,3
01,12,240,20,39,37,0,9,2
01,12,110,40,48,3,0,0,0
01,12,90,20,34,22,-1,8,3
01,12,140,30,49,18,0,8,3
01,12,110,30,31,-7,0,8,3
01,12,990,10,16,5,-1,8,2
01,12,360,20,-6,-15,0,8,-1
01,12,40,50,-54,-76,0,6,11
01,12,240,40,-16,-63,0,8,9
01,12,260,30,26,9,0,8,2
01,12,230,80,20,12,1,8,-2
01,12,340,50,-1,-20,0,6,-4
01,12,230,50,4,-26,0,7,4
01,12,230,30,18,18,-1,8,3
01,12,250,30,12,8,0,8,3
01,12,230,40,9,5,0,8,2
01,12,200,60,1,-31,0,3,2
01,12,170,50,-2,-56,0,0,-1
01,12,200,80,62,52,-1,8,0
01,12,200,70,101,89,0,8,-3
01,12,210,140,113,70,-1,7,-1
01,12,240,50,58,27,0,2,2
01,12,190,40,44,9,0,0,4
01,12,200,90,49,25,-1,8,3
01,12,210,80,52,43,5,8,2
01,12,240,70,117,114,4,8,2
01,12,230,100,111,89,0,8,2
01,12,210,100,96,60,0,8,-1
01,12,200,60,114,68,0,7,8
01,12,200,60,93,64,0,7,6
01,12,230,60,93,66,0,8,-30
01,12,280,30,46,24,0,5,5
01,12,360,30,18,-2,0,8,3
01,12,350,10,-15,-26,0,8,-2
01,12,30,50,42,39,1,8,5
01,12,260,20,28,28,0,9,7
01,12,330,10,42,41,1,8,2
01,12,260,40,44,42,3,8,4
01,12,60,40,32,20,0,1,-2
01,12,50,70,14,-3,0,8,1
01,12,60,60,-1,-37,0,1,1
01,12,60,40,6,-43,0,0,7
01,12,50,30,-40,-52,0,1,21
01,12,90,10,-33,-39,0,8,1
01,12,220,70,120,110,0,8,2
01,12,240,50,79,60,0,8,2
01,12,220,150,92,55,0,8,2
01,12,240,60,64,19,0,8,3
01,12,300,100,86,33,0,8,-6
01,12,290,30,70,44,0,8,-2
01,12,280,50,84,53,0,8,-2
01,12,280,30,69,47,0,8,2
01,12,250,40,82,71,0,8,5
01,12,250,20,87,63,0,8,2
01,12,240,60,92,58,0,8,-1
01,12,240,90,83,53,0,8,-7
01,12,310,50,56,16,0,8,-1
01,12,340,30,51,-1,0,8,3
01,12,80,30,37,16,0,0,-1
01,12,60,40,26,-24,0,0,7
01,12,220,40,40,-33,0,0,10
01,12,230,90,21,-3,0,8,6
01,12,250,90,105,94,26,8,1
01,12,270,60,52,21,1,8,-11
01,12,240,70,88,81,11,8,5
01,12,240,90,65,35,-1,8,8
01,12,250,50,59,24,-1,8,6
01,12,220,30,40,28,0,8,6
01,12,180,40,58,20,-1,8,3
01,12,170,60,76,32,0,8,2
01,12,230,50,65,24,0,8,2
01,12,40,30,42,9,0,0,6
01,12,30,50,-8,-40,0,8,-3
01,12,60,10,-19,-27,4,8,1
01,12,30,50,-35,-71,0,0,4
01,12,300,60,70,58,3,8,-6
01,12,240,50,61,47,0,8,4
01,12,220,60,91,88,6,8,3
01,12,250,40,91,88,-1,8,0
01,12,280,20,76,73,0,8,1
01,12,260,30,81,78,0,8,0
01,12,240,40,84,54,0,8,1
01,12,230,50,64,44,0,8,1
01,12,210,60,42,37,16,8,0
01,12,260,30,54,36,0,8,3
01,12,40,40,11,-28,0,3,1
01,12,90,50,8,-41,0,1,3
01,12,60,60,-9,-62,0,0,3
01,12,220,40,-26,-61,0,8,-2
01,12,340,10,0,-36,0,8,-6
01,12,330,20,-48,-61,-1,8,-4
01,12,350,30,-51,-59,-1,8,3
01,12,70,40,-19,-42,0,4,3
01,12,90,70,-31,-63,0,8,2
01,12,60,60,-38,-47,4,8,8
01,12,160,10,10,-30,0,8,0
01,12,60,10,1,-18,0,5,1
01,12,0,0,-13,-31,0,8,2
01,12,40,40,-41,-56,0,8,2
01,12,160,30,-20,-52,0,8,1
01,12,200,90,-3,-59,0,8,-1
01,12,210,110,37,19,4,8,-1
01,12,230,80,49,26,0,8,8
01,12,220,90,100,93,9,8,2
01,12,270,60,116,108,17,8,-6
01,12,230,100,63,44,14,8,2
01,12,200,70,82,29,0,6,-1
01,12,230,90,94,65,0,7,4
01,12,210,100,120,70,0,7,-1
01,12,150,60,96,47,0,8,6
01,12,210,80,61,27,0,7,1
01,12,210,100,132,93,0,7,-4
01,12,220,90,123,69,0,7,7
01,12,230,60,113,68,0,3,3
01,12,220,110,112,80,-1,8,1
01,12,240,50,80,47,0,4,3
01,12,230,60,84,56,0,8,-9
01,12,110,20,64,20,0,0,3
01,12,230,60,86,53,0,8,2
01,12,200,60,75,36,0,8,-3
01,12,200,70,43,23,-1,8,-1
01,12,160,60,87,58,0,8,0
01,12,200,80,93,39,0,8,3
01,12,140,40,93,37,0,5,19
01,12,210,50,102,47,0,8,-10
01,12,350,20,49,46,0,8,-3
01,12,250,20,44,41,0,8,7
01,12,190,20,44,0,0,0,7
01,12,200,60,34,20,-1,8,3
01,12,230,40,40,17,0,8,6
01,12,200,70,46,-11,0,8,2
01,12,220,70,53,12,0,8,-2
01,12,210,90,43,10,0,7,-4
01,12,170,70,59,1,0,1,-3
01,12,90,70,39,-17,0,3,4
01,12,80,30,52,16,0,7,0
01,12,200,40,65,10,0,0,10
01,12,210,60,41,4,0,0,7
01,12,260,30,83,73,0,8,-6
01,12,190,40,7,4,10,8,10
01,12,280,30,52,34,0,3,3
01,12,230,40,39,1,0,0,-2
01,12,230,20,42,-21,0,8,3
01,12,220,60,57,28,0,0,-10
01,12,210,70,78,71,21,8,6
01,12,240,80,98,86,0,8,8
01,12,240,120,121,88,-1,8,3
01,12,250,60,47,7,0,8,5
01,12,220,120,77,36,0,8,5
01,12,220,120,93,63,3,8,1
01,12,220,80,22,14,25,8,15
01,12,210,140,97,50,-1,8,1
01,12,210,40,71,35,0,8,2
01,12,240,30,48,6,0,4,-5
01,12,190,70,50,3,0,5,-2
01,12,250,10,8,-11,0,8,0
01,12,200,20,25,-9,0,4,5
01,12,70,50,20,-27,0,0,2
01,12,40,40,0,-22,0,8,-1
01,12,90,10,-12,-22,0,8,1
01,12,260,30,1,-2,-1,8,15
01,12,220,40,23,12,0,8,0
01,12,210,50,43,40,1,8,4
01,12,270,30,45,29,0,8,5
01,12,210,150,58,26,0,8,2
01,12,230,110,48,8,2,8,-2
01,12,240,50,22,1,0,8,5
01,12,250,40,24,-2,0,8,0
01,12,200,20,81,47,0,3,2
01,12,170,40,90,59,0,6,-4
01,12,200,70,78,36,0,8,-5
01,12,230,70,71,57,-1,8,0
01,12,190,50,78,38,0,8,-1
01,12,190,30,71,55,0,8,3
01,12,150,50,64,39,10,8,-9
01,12,210,50,75,22,0,0,1
01,12,190,70,78,38,0,8,2
01,12,200,90,82,26,0,0,-4
01,12,190,70,68,46,-1,8,6
01,12,240,80,71,30,0,8,2
01,12,250,60,53,36,10,8,1
01,12,200,60,19,9,-1,8,7
01,12,280,40,21,10,0,8,-1
01,12,310,80,41,-10,-1,8,-2
01,12,350,20,1,-28,0,2,2
01,12,110,30,-7,-58,0,3,1
01,12,110,10,1,-62,0,0,-13
01,12,220,50,9,-22,0,8,-1
01,12,240,20,27,0,0,8,15
01,12,160,30,36,-36,0,8,2
01,12,230,40,71,63,0,8,3
01,12,210,80,70,61,-1,8,1
01,12,200,30,154,69,0,0,3
01,12,220,60,106,84,0,8,0
01,12,210,110,105,71,0,8,3
01,12,250,30,76,24,0,3,-5
01,12,220,120,84,44,0,8,-2
01,12,200,120,73,57,18,8,-1
01,12,210,40,61,46,1,8,11
01,12,230,50,3,-32,0,0,-3
01,12,250,30,-1,-1,0,9,1
01,12,230,60,11,-10,0,6,7
01,12,300,60,48,20,2,8,0
01,12,10,40,26,-39,0,3,-8
01,12,230,20,-15,-68,0,6,6
01,12,220,60,-21,-26,3,8,6
01,12,210,20,20,20,0,9,5
01,12,190,60,47,20,-1,8,1
01,12,230,30,48,36,0,8,2
01,12,230,80,65,58,7,8,7
01,12,230,60,61,24,0,8,4
01,12,240,40,15,7,0,7,8
01,12,240,60,25,-3,0,7,-9
01,12,240,30,9,2,0,8,4
01,12,60,30,10,-17,0,8,-1
01,12,40,30,-12,-54,0,0,0
01,12,60,50,-20,-53,0,7,9
01,12,60,50,8,-72,0,0,1
01,12,60,60,24,-96,0,8,5
01,12,60,20,33,-54,0,8,8
01,12,290,10,12,-54,0,0,9
01,12,50,20,-6,-23,0,8,-2
01,12,140,20,5,-6,0,8,3
01,12,120,50,-20,-60,0,8,4
01,12,110,30,-7,-60,0,0,8
01,12,180,60,76,-7,0,8,21
01,12,190,70,86,32,0,8,5
01,12,210,60,73,33,0,7,-5
01,12,230,50,69,63,2,8,2
01,12,180,20,28,8,0,8,5
01,12,200,70,72,36,0,8,3
01,12,230,50,63,30,0,8,0
01,12,260,110,83,21,-1,8,3
01,12,190,50,79,75,7,8,14
01,12,220,50,89,62,0,8,2
01,12,280,10,69,47,0,8,1
01,12,50,90,33,7,0,8,-2
01,12,90,60,48,19,0,8,2
01,12,120,20,47,30,0,8,5
01,12,200,50,87,50,0,8,-1
01,12,40,10,79,56,0,8,-1
01,12,0,0,54,48,0,8,2
01,12,110,30,63,25,0,1,-2
01,12,130,30,60,14,0,0,1
01,12,200,100,65,35,0,8,2
01,12,260,60,66,20,0,8,5
01,12,250,70,27,15,4,6,13
01,12,280,110,65,2,0,2,4
01,12,240,60,44,14,0,3,13
01,12,180,40,21,13,12,8,-3
01,12,220,30,33,15,0,3,10
01,12,290,30,87,65,0,8,-1
01,12,210,70,91,52,0,8,6
01,12,210,100,128,95,0,8,2
01,12,210,40,91,68,0,8,2
01,12,240,30,72,52,0,8,0
01,12,210,50,75,40,0,8,-5
01,12,230,70,90,77,0,8,6
01,12,240,80,97,63,0,8,0
01,12,220,40,65,49,0,7,-3
01,12,230,80,82,71,4,8,-3
01,12,260,40,66,64,2,8,3
01,12,320,50,51,15,0,8,7
01,12,320,30,44,21,0,8,5
01,12,280,40,39,26,0,8,-2
01,12,280,40,56,50,0,8,1
01,12,280,30,48,39,0,8,3
01,12,200,40,47,45,-1,9,5
01,12,290,80,64,38,3,8,-1
01,12,340,60,59,15,0,6,-1
01,12,320,20,15,-4,0,8,6
01,12,210,30,41,40,0,9,5
01,12,230,60,58,46,1,8,0
01,12,260,50,83,80,9,8,2
01,12,320,50,62,24,0,7,-20
01,12,240,70,68,27,0,8,0
01,12,220,80,56,12,0,8,2
01,12,240,40,32,24,6,8,5
01,12,250,20,15,4,0,8,-7
01,12,110,30,28,-24,0,8,5
01,12,60,60,6,-43,0,0,1
01,12,250,20,-5,-37,0,0,17
01,12,200,70,-10,-69,0,8,-11
01,12,70,50,-10,-33,0,8,1
01,12,250,20,-20,-60,0,6,-1
01,12,210,70,9,-15,0,8,6
01,12,220,60,63,60,0,8,2
01,12,240,50,60,52,7,8,-10
01,12,290,50,32,23,7,8,12
01,12,200,70,36,-15,0,8,3
01,12,250,10,5,-6,-1,8,-1
01,12,210,20,-20,-24,0,8,5
01,12,330,10,-6,-6,0,9,6
01,12,200,20,45,21,0,8,6
01,12,220,80,89,76,1,8,1
01,12,260,40,60,37,0,8,1
01,12,220,40,69,29,0,8,0
01,12,200,40,69,11,0,0,9
01,12,220,50,82,60,0,8,6
01,12,210,50,106,101,1,8,6
01,12,200,70,112,104,9,8,5
01,12,280,60,74,64,1,8,1
01,12,210,60,59,19,0,8,6
01,12,210,80,73,40,0,8,-10
01,12,190,40,81,60,0,8,8
01,12,210,90,99,56,-1,8,7
01,12,200,110,131,44,0,8,-2
01,12,180,50,111,63,0,3,9
01,12,200,50,85,72,7,8,0
01,12,240,50,58,27,0,7,6
01,12,360,50,53,32,0,8,0
01,12,140,10,31,28,0,8,2
01,12,330,10,29,7,0,0,15
01,12,300,10,-2,-5,0,8,14
01,12,90,50,22,15,0,8,0
01,12,220,20,4,-12,0,8,2
01,12,240,20,22,19,0,8,2
01,12,200,50,92,49,0,0,2
01,12,210,50,85,70,0,8,3
01,12,240,90,49,8,0,8,4
01,12,260,50,55,10,0,8,6
01,12,210,70,94,49,0,8,9
01,12,230,70,122,94,0,8,5
01,12,230,51,61,31,0,3,2
01,12,220,57,119,101,0,7,1
01,12,210,51,97,62,0,7,-3
01,12,250,82,49,23,5,7,9
01,12,180,129,63,36,14,8,4
01,12,250,123,72,-17,0,4,2
01,12,240,77,88,42,0,4,4
01,12,210,62,77,53,0,7,1
01,12,200,72,88,46,0,6,-2
01,12,250,87,113,31,0,8,-3
01,12,200,46,86,55,0,7,4
01,12,250,31,47,40,-1,8,6
01,12,20,36,48,11,0,1,6
01,12,60,67,17,-15,0,1,6
01,12,80,62,28,-115,0,0,8
01,12,130,46,13,-90,0,0,7
01,12,160,36,39,-27,0,0,14
01,12,150,26,51,7,0,0,1
01,12,280,31,47,41,1,8,-3
01,12,190,41,18,15,0,8,10
01,12,320,51,78,44,0,7,-3
01,12,90,31,47,30,0,7,5
01,12,90,15,-2,-5,-1,8,-1
01,12,70,31,9,-18,-1,8,2
01,12,60,36,34,-1,0,6,0
01,12,30,36,24,3,0,8,-1
01,12,20,31,45,1,0,8,5
01,12,110,46,35,-13,0,7,1
01,12,110,21,9,-20,0,0,13
01,12,130,51,18,-33,0,4,6
01,12,160,36,-1,-33,0,2,4
01,12,210,72,49,34,0,8,5
01,12,220,77,49,26,0,8,-2
01,12,210,82,39,4,0,7,4
01,12,230,36,65,56,0,7,0
01,12,240,72,107,91,0,8,2
01,12,240,57,94,77,0,8,2
01,12,210,51,38,23,0,8,-1
01,12,210,72,96,48,0,7,2
01,12,230,36,100,76,6,8,-11
01,12,40,51,44,14,0,5,3
01,12,60,5,-31,-32,0,9,2
01,12,240,21,-7,-7,0,9,3
01,12,10,21,52,-8,0,7,-2
01,12,260,31,50,35,0,8,6
01,12,310,31,71,44,0,8,2
01,12,270,62,49,9,0,8,-9
01,12,10,26,65,0,0,7,-1
01,12,280,31,63,48,0,6,6
01,12,260,46,58,52,1,8,2
01,12,50,77,11,-10,0,8,-1
01,12,90,51,-6,-110,0,1,3
01,12,60,36,-23,-82,0,0,6
01,12,30,26,-19,-42,0,0,9
01,12,180,10,-9,-28,0,4,14
01,12,110,10,-47,-50,0,9,9
01,12,360,36,52,31,0,3,8
01,12,60,21,21,18,-1,8,2
01,12,120,26,-16,-19,0,8,1
01,12,40,31,9,-5,0,7,13
01,12,90,15,10,7,0,8,0
01,12,110,15,-6,-9,0,8,1
01,12,150,21,-47,-51,0,0,6
01,12,120,36,-19,-64,0,1,11
01,12,110,36,-40,-112,0,0,6
01,12,180,57,-34,-98,0,7,0
01,12,200,87,40,-57,0,8,4
01,12,230,67,85,81,1,8,3
01,12,150,31,47,44,0,9,4
01,12,280,62,68,13,0,7,0
01,12,220,87,100,78,0,8,10
01,12,210,113,126,83,-1,8,2
01,12,240,98,107,86,2,8,7
01,12,250,93,70,23,0,2,3
01,12,170,67,58,23,0,8,10
01,12,260,77,85,19,0,1,2
01,12,210,87,118,73,0,7,9
01,12,220,82,140,94,0,5,1
01,12,220,77,115,54,0,3,0
01,12,250,41,79,43,0,1,7
01,12,270,57,83,34,0,3,2
01,12,220,82,95,84,5,8,3
01,12,230,72,103,70,0,7,5
01,12,260,77,99,90,4,8,-8
01,12,240,41,78,27,0,7,1
01,12,260,108,99,30,0,7,-1
01,12,310,77,49,-22,0,7,-11
01,12,240,67,37,6,0,7,6
01,12,330,36,54,-4,0,7,-3
01,12,260,62,89,75,0,8,8
01,12,300,21,83,80,9,8,0
01,12,120,41,42,14,0,8,6
01,12,60,21,15,12,0,8,3
01,12,230,36,47,26,0,7,-2
01,12,270,103,80,65,24,8,5
01,12,170,51,73,56,0,8,-1
01,12,200,82,81,38,0,6,3
01,12,180,93,69,60,5,8,13
01,12,160,46,79,57,0,7,2
01,12,240,36,57,11,0,7,2
01,12,190,57,37,19,0,7,10
01,12,150,51,45,14,0,2,7
01,12,140,26,51,21,0,8,5
01,12,190,36,56,53,0,8,2
01,12,190,87,86,78,4,8,0
01,12,240,67,95,68,2,7,8
01,12,240,72,86,42,-1,5,1
01,12,200,51,57,39,0,7,3
01,12,340,41,48,13,0,5,3
01,12,20,5,-3,-3,0,8,19
01,12,210,57,19,1,0,7,8
01,12,220,41,25,22,2,8,0
01,12,220,31,48,23,0,1,8
01,12,210,57,53,35,0,8,2
01,12,230,41,78,75,2,8,4
01,12,270,77,101,101,1,8,-8
01,12,250,41,63,31,0,7,-3
01,12,260,87,111,103,-1,8,-1
01,12,290,93,66,29,-1,6,-1
01,12,230,82,93,77,1,8,5
01,12,290,139,58,-20,0,4,-7
01,12,220,46,20,-2,-1,8,-2
01,12,270,72,88,71,0,6,2
01,12,250,46,73,35,0,4,0
01,12,270,31,21,15,7,5,11
01,12,340,51,31,10,4,7,-3
01,12,110,36,23,-10,-1,7,0
01,12,140,21,-2,-26,0,0,4
01,12,170,62,-27,-74,0,3,8
01,12,160,31,-28,-41,-1,8,4
01,12,190,10,-25,-45,0,0,16
01,12,180,51,10,9,1,8,-1
01,12,240,36,49,43,0,7,3
01,12,290,87,62,21,0,7,4
01,12,300,51,47,17,0,3,5
01,12,350,57,47,17,-1,4,3
01,12,240,31,55,38,0,7,3
01,12,230,31,66,66,2,8,10
01,12,220,36,73,73,1,8,2
01,12,180,57,66,29,0,1,1
01,12,170,82,75,5,0,4,12
01,12,190,46,67,57,0,7,5
01,12,180,82,70,33,0,5,-2
01,12,220,77,98,29,0,6,-1
01,12,190,108,69,30,0,6,-1
01,12,230,26,66,59,9,8,0
01,12,240,87,77,37,-1,4,8
01,12,250,51,65,43,4,7,5
01,12,180,10,48,36,-1,8,1
01,12,220,103,109,80,12,8,-34
01,12,240,36,39,-5,0,7,2
01,12,250,77,99,64,3,6,5
01,12,230,57,90,87,21,8,2
01,12,350,41,56,0,0,5,-6
01,12,190,98,35,4,2,8,2
01,12,80,21,10,10,0,8,1
01,12,40,26,-3,-10,0,6,6
01,12,140,26,-8,-12,0,7,1
01,12,120,46,26,10,0,4,0
01,12,100,51,16,-33,0,5,4
01,12,110,51,-22,-71,0,8,-1
01,12,190,57,81,81,2,7,5
01,12,170,41,86,71,0,6,9
01,12,150,46,62,48,2,8,7
01,12,120,5,76,76,4,8,2
01,12,180,62,86,69,0,7,2
01,12,170,46,104,67,0,5,6
01,12,200,62,94,72,0,7,1
01,12,100,10,86,57,0,6,9
01,12,140,26,67,42,0,4,12
01,12,120,10,31,24,0,7,5
01,12,150,26,12,12,0,8,4
01,12,160,26,-13,-13,0,8,2
01,12,120,26,1,1,0,8,2
01,12,120,62,-3,-33,0,7,1
01,12,100,72,5,-43,0,7,2
01,12,100,77,32,-40,0,3,2
01,12,90,82,-12,-69,0,7,2
01,12,100,62,-10,-60,0,7,9
01,12,70,77,-72,-147,0,7,6
01,12,70,67,-82,-136,-1,8,2
01,12,90,51,-28,-64,0,7,11
01,12,70,62,-32,-86,0,7,13
01,12,100,72,-5,-53,0,1,5
01,12,110,51,24,-25,0,0,4
01,12,60,41,22,-64,0,0,18
01,12,50,70,-100,-139,0,0,5
01,12,50,30,-105,-131,0,1,9
01,12,60,50,-65,-102,0,4,0
01,12,60,60,-42,-65,0,8,1
01,12,70,40,-39,-64,0,8,0
01,12,80,40,-53,-82,0,7,-2
01,12,80,30,-40,-61,-1,8,2
01,12,90,40,-61,-85,0,3,4
01,12,70,50,-57,-86,0,7,8
01,12,90,30,-29,-62,-1,8,1
01,12,150,20,-32,-61,0,8,1
01,12,210,40,15,3,0,8,7
01,12,200,40,63,-31,0,6,12
01,12,130,10,72,-5,0,7,9
01,12,250,20,55,-31,0,0,12
01,12,140,20,54,-15,0,0,12
01,12,180,40,77,-5,0,2,8
01,12,200,30,46,45,-1,8,1
01,12,160,20,49,49,-1,8,5
01,12,10,30,31,31,0,8,6
01,12,100,40,25,10,0,4,4
01,12,200,50,93,49,-1,6,14
01,12,220,30,82,60,0,2,2
01,12,990,10,55,55,0,4,1
01,12,130,10,15,15,0,3,19
01,12,60,40,8,8,-1,8,0
01,12,350,20,-2,-26,0,1,2
01,12,360,20,32,32,0,8,-6
01,12,20,20,27,27,-1,8,-2
01,12,60,30,35,34,0,8,4
01,12,300,30,50,27,-1,8,-5
01,12,180,50,67,47,0,6,13
01,12,170,80,96,69,0,7,-6
01,12,200,110,96,90,2,8,10
01,12,190,90,82,51,0,7,5
01,12,190,80,52,40,10,8,7
01,12,250,40,75,41,0,5,4
01,12,220,70,110,67,-1,7,-29
01,12,220,80,103,74,0,7,0
01,12,220,40,129,97,0,5,3
01,12,200,40,106,58,0,4,6
01,12,190,60,97,49,0,1,7
01,12,190,50,102,65,0,7,2
01,12,170,50,95,60,0,7,7
01,12,220,80,96,69,-1,8,-15
01,12,210,70,74,67,-1,8,3
01,12,220,30,79,67,-1,8,0
01,12,230,50,59,36,0,7,5
01,12,170,90,54,-2,1,8,-9
01,12,320,80,63,48,2,7,1
01,12,360,80,46,23,-1,7,3
01,12,110,10,16,-37,0,7,-2
01,12,100,40,0,-35,0,7,1
01,12,50,40,20,7,0,8,1
01,12,30,80,36,5,0,7,3
01,12,70,80,13,-43,0,2,-9
01,12,50,40,3,-31,0,1,9
01,12,50,10,-4,-21,0,1,12
01,12,250,20,13,-18,0,8,7
01,12,40,10,29,29,0,8,8
01,12,230,30,25,25,0,8,1
01,12,80,80,20,-98,0,1,-2
01,12,160,40,90,48,0,7,13
01,12,190,80,75,65,9,8,-2
01,12,160,90,51,46,23,8,12
01,12,220,70,134,122,-1,8,-5
01,12,210,60,142,105,0,7,1
01,12,200,70,123,64,0,7,10
01,12,250,30,74,60,0,7,2
01,12,250,60,65,38,-1,6,0
01,12,10,40,46,-1,0,2,-2
01,12,60,40,6,-13,0,1,8
01,12,20,60,-1,-33,0,1,7
01,12,200,60,11,-6,0,7,9
01,12,260,50,48,22,0,7,0
01,12,270,70,68,31,0,6,0
01,12,210,70,84,67,1,7,3
01,12,240,70,98,87,4,8,-3
01,12,220,50,70,48,0,8,0
01,12,200,50,70,53,0,3,2
01,12,190,80,80,75,1,8,16
01,12,190,80,111,89,-1,8,2
01,12,250,20,86,86,-1,8,3
01,12,20,20,54,54,0,1,8
01,12,200,20,57,57,0,8,7
01,12,220,60,73,70,0,8,-1
01,12,220,90,123,100,-1,8,-3
01,12,220,50,75,40,0,7,1
01,12,300,50,54,44,8,6,6
01,12,280,60,63,59,4,8,0
01,12,40,50,7,-50,0,7,8
01,12,260,20,6,-46,0,4,16
01,12,30,10,54,-68,0,3,3
01,12,280,30,79,79,0,8,1
01,12,210,30,81,76,-1,8,7
01,12,210,50,89,78,-1,8,-1
01,12,190,60,81,77,24,8,3
01,12,180,50,66,46,0,7,6
01,12,200,60,89,61,0,7,5
01,12,210,50,67,56,0,7,1
01,12,210,40,69,64,3,8,3
01,12,280,30,59,48,0,3,6
01,12,190,30,19,19,0,3,11
01,12,190,50,33,13,0,5,6
01,12,200,60,26,-11,0,7,4
01,12,200,60,35,-10,0,7,1
01,12,240,20,32,31,0,8,3
01,12,50,50,44,19,0,3,1
01,12,10,50,66,49,0,7,7
01,12,330,60,77,55,0,7,-7
01,12,330,90,85,50,-1,7,-4
01,12,350,40,53,22,0,8,1
01,12,260,50,54,25,0,8,-3
01,12,320,60,73,44,-1,7,1
01,12,300,70,47,31,3,7,21
01,12,30,70,37,7,0,6,-13
01,12,140,20,-4,-48,0,1,7
01,12,250,30,30,-58,0,4,-5
01,12,230,20,29,-16,0,8,4
01,12,240,50,37,-25,0,1,4
01,12,220,50,31,3,0,7,-1
01,12,250,70,108,80,0,8,0
01,12,260,50,104,84,-1,8,-7
01,12,260,70,117,85,0,8,0
01,12,180,100,56,47,-1,8,3
01,12,190,80,111,68,0,6,2
01,12,240,50,79,39,0,7,-2
01,12,180,80,94,66,0,7,-3
01,12,200,90,91,80,3,8,8
01,12,230,40,76,59,0,6,-1
01,12,210,50,62,44,0,8,4
01,12,230,40,51,30,0,7,3
01,12,210,30,48,39,0,7,-4
01,12,100,40,33,7,0,8,3
01,12,70,80,28,0,0,7,6
01,12,60,40,43,-25,0,1,3
01,12,80,40,14,-38,0,3,7
01,12,50,50,12,-12,0,8,0
01,12,100,70,9,-64,0,0,4
01,12,120,30,10,-59,0,0,3
01,12,40,20,-20,-54,0,2,6
01,12,50,20,-19,-26,-1,8,6
01,12,200,20,5,5,0,8,3
01,12,230,20,2,1,0,8,2
01,12,140,40,7,-27,0,5,0
01,12,170,30,35,35,-1,8,21
01,12,180,60,89,60,0,5,-4
01,12,240,60,100,63,0,7,3
01,12,190,50,73,59,3,8,-1
01,12,200,60,53,36,3,8,5
01,12,280,90,51,34,4,8,-1
01,12,280,30,60,38,0,5,-5
01,12,990,10,48,28,0,6,6
01,12,220,20,28,28,0,7,12
01,12,60,30,22,12,0,7,1
01,12,240,30,-10,-13,0,7,2
01,12,990,10,-16,-20,0,3,12
01,12,110,60,-3,-51,0,1,1
01,12,120,50,-11,-97,0,0,10
01,12,210,30,24,-30,0,1,7
01,12,260,20,19,17,0,8,4
01,12,0,0,43,43,0,7,5
01,12,130,30,30,1,0,8,-3
01,12,990,10,27,15,0,0,10
01,12,160,20,26,7,0,7,6
01,12,240,30,44,36,-1,8,5
01,12,230,30,48,30,0,8,1
01,12,170,30,69,22,0,2,7
01,12,180,30,37,35,0,8,0
01,12,190,60,42,37,9,8,0
01,12,250,30,58,50,0,4,1
01,12,190,70,59,45,0,8,4
01,12,220,30,54,51,0,6,3
01,12,250,70,95,56,0,4,2
01,12,220,80,93,65,0,7,5
01,12,220,50,113,105,2,8,1
01,12,230,70,91,70,-1,7,-3
01,12,180,80,71,45,3,8,-6
01,12,240,60,98,76,10,5,4
01,12,220,40,60,14,0,7,2
01,12,210,80,114,67,0,8,0
01,12,270,40,105,70,0,7,2
01,12,240,120,129,66,0,4,-4
01,12,230,70,101,67,0,7,15
01,12,200,60,111,84,0,8,3
01,12,240,60,97,38,0,2,8
01,12,170,70,46,41,6,,15
01,12,190,60,102,99,8,,6
01,12,240,40,73,68,18,,2
01,12,30,80,-10,-58,0,,1
01,12,220,30,-20,-47,3,,7
01,12,20,60,-2,-30,-1,6,-2
01,12,80,40,-47,-78,0,5,4
01,12,80,50,-35,-102,0,5,8
01,12,50,40,-46,-133,0,1,9
01,12,120,40,-35,-91,0,6,10
01,12,30,30,-7,-45,0,,9
01,12,230,30,-1,-23,0,,6
01,12,260,70,67,59,0,8,6
01,12,240,60,87,66,0,8,3
01,12,210,70,60,21,0,7,4
01,12,250,40,73,48,0,2,2
01,12,190,70,35,15,0,5,-1
01,12,220,50,50,40,0,,5
01,12,170,70,61,19,0,,8
01,12,180,80,86,67,-1,8,-1
01,12,180,80,92,63,0,4,4
01,12,220,60,81,54,-1,6,4
01,12,320,60,76,60,-1,8,-3
01,12,250,20,62,22,0,1,6
01,12,210,60,51,24,0,,0
01,12,220,30,58,53,1,,1
01,12,270,40,96,88,0,8,4
01,12,260,100,73,24,0,6,-4
01,12,350,80,55,38,-1,5,7
01,12,280,50,17,14,0,5,1
01,12,60,40,-8,-60,0,3,-4
01,12,150,50,3,-18,-1,8,-4
01,12,70,60,-15,-50,0,0,4
01,12,200,10,-28,-33,0,7,3
01,12,260,30,30,27,-1,8,18
01,12,210,40,46,36,0,8,-3
01,12,210,50,71,64,2,8,0
01,12,190,40,78,77,0,8,4
01,12,170,90,69,38,0,8,-7
01,12,230,30,79,60,0,8,-6
01,12,210,30,58,41,0,7,8
01,12,260,70,119,110,9,8,-4
01,12,180,60,53,41,5,8,1
01,12,250,80,100,53,0,8,3
01,12,220,50,64,34,0,7,-11
01,12,250,50,61,30,0,2,-1
01,12,250,80,65,44,7,8,5
01,12,250,60,59,25,0,8,-1
01,12,50,30,23,-20,0,0,4
01,12,270,60,68,59,14,8,0
01,12,10,40,67,43,0,8,0
01,12,90,20,37,-14,0,2,1
01,12,190,60,22,-7,-1,8,3
01,12,190,40,39,12,0,2,0
01,12,270,30,49,45,0,8,22
01,12,270,20,66,44,0,7,0
01,12,90,60,14,2,0,8,3
01,12,270,20,28,6,0,7,4
01,12,310,20,33,30,2,7,2
01,12,290,70,8,3,3,8,5
01,12,220,70,37,-3,0,7,3
01,12,200,100,74,59,10,8,2
01,12,210,30,76,60,0,8,6
01,12,280,90,63,5,0,5,3
01,12,260,50,77,51,0,8,5
01,12,220,80,66,28,0,8,2
01,12,210,40,62,48,0,8,3
01,12,250,40,85,56,0,0,3
01,12,230,80,125,82,0,8,2
01,12,250,130,119,49,0,7,-11
01,12,220,60,87,43,0,6,5
01,12,220,70,133,60,0,1,3
01,12,210,70,104,73,0,5,2
01,12,230,60,99,50,0,2,-1
01,12,290,70,72,27,0,7,0
01,12,210,20,68,31,0,0,9
01,12,160,40,39,-2,0,0,7
01,12,200,50,38,-7,0,0,9
01,12,210,70,60,39,0,8,-1
01,12,220,10,38,29,13,8,-33
01,12,280,70,51,34,2,7,8
01,12,260,90,112,80,0,8,-10
01,12,280,90,63,16,0,7,-1
01,12,310,40,67,22,0,2,1
01,12,300,50,59,1,0,4,6
01,12,30,60,27,-10,0,1,4
01,12,30,50,10,-19,0,8,-1
01,12,30,40,-10,-34,0,6,-1
01,12,260,30,7,-2,-1,8,0
01,12,180,20,20,19,0,7,4
01,12,990,10,3,-11,0,8,20
01,12,320,40,76,55,0,8,2
01,12,280,70,73,51,0,8,2
01,12,180,30,54,33,0,8,3
01,12,310,30,42,39,0,8,1
01,12,190,30,31,20,0,0,7
01,12,70,50,32,13,0,8,4
01,12,80,60,13,-11,0,8,0
01,12,70,30,31,3,0,0,2
01,12,110,40,41,12,0,0,-1
01,12,130,30,38,1,0,1,2
01,12,130,10,29,-4,0,0,7
01,12,190,30,34,14,0,1,19
01,12,210,60,42,34,5,8,0
01,12,170,30,36,36,0,8,5
01,12,160,40,36,4,0,0,3
01,12,180,50,51,5,0,0,8
01,12,160,30,19,-27,0,0,2
01,12,170,50,42,-4,0,1,3
01,12,260,30,59,53,5,8,8
01,12,290,30,71,53,0,8,4
01,12,210,40,70,59,0,8,6
01,12,230,60,98,71,0,8,-6
01,12,310,70,79,40,0,6,1
01,12,80,40,25,-4,0,8,-3
01,12,110,50,2,-87,0,0,4
01,12,100,20,13,-79,0,0,9
01,12,290,40,48,32,-1,3,7
01,12,30,60,5,-16,-1,8,4
01,12,70,50,-2,-75,0,1,-1
01,12,50,60,3,-78,0,0,8
01,12,50,50,38,-104,0,0,14
01,12,60,60,41,6,0,8,-1
01,12,50,40,32,-6,0,0,6
01,12,280,80,85,45,-1,8,0
01,12,270,50,66,49,2,8,7
01,12,210,60,71,54,-1,8,3
01,12,260,70,96,63,0,8,1
01,12,230,40,91,76,-1,6,8
01,12,210,20,81,63,3,8,-1
01,12,220,60,90,63,-1,8,0
01,12,260,40,99,62,0,3,-2
01,12,230,70,139,81,0,8,1
01,12,220,100,128,82,-1,8,-14
01,12,220,100,86,49,1,8,5
01,12,230,70,102,66,0,8,4
01,12,230,50,110,93,-1,8,2
01,12,260,50,89,30,0,2,1
01,12,220,60,83,28,0,0,4
01,12,210,60,89,78,1,8,1
01,12,210,90,121,79,0,8,-8
01,12,240,120,136,108,-1,8,-3
01,12,280,110,119,47,0,1,-5
01,12,260,80,100,84,14,8,3
01,12,260,80,85,25,2,8,0
01,12,60,40,24,9,2,8,13
01,12,50,30,5,-37,0,6,3
01,12,170,10,30,0,0,0,0
01,12,40,50,-1,-46,0,7,-2
01,12,230,50,21,-15,0,8,3
01,12,320,40,74,24,0,8,-14
01,12,260,60,69,37,0,8,-1
01,12,290,40,102,77,0,8,-10
01,12,270,30,86,74,0,8,2
01,12,260,50,73,30,0,2,-1
01,12,110,30,40,36,0,8,0
01,12,90,70,12,-20,0,0,4
01,12,110,70,8,-44,0,8,2
01,12,140,30,52,10,0,8,-2
01,12,210,40,67,54,13,8,2
01,12,240,40,69,47,0,1,3
01,12,250,100,87,22,0,8,4
01,12,220,50,67,54,0,8,6
01,12,230,40,79,48,0,6,5
01,12,190,80,82,41,0,8,11
01,12,170,60,111,68,0,8,2
01,12,260,60,70,29,0,8,1
01,12,200,70,87,53,0,8,1
01,12,200,90,92,49,0,2,0
01,12,190,120,88,64,3,8,-4
01,12,210,60,83,53,0,8,0
01,12,190,80,76,53,0,8,4
01,12,220,60,91,70,1,8,-3
01,12,250,90,124,113,-1,8,-1
01,12,240,80,124,104,-1,8,0
01,12,240,80,112,71,0,8,-5
01,12,330,50,77,18,0,5,1
01,12,220,70,76,47,0,7,5
01,12,240,50,101,82,1,8,-5
01,12,230,60,77,40,0,2,14
01,12,250,70,103,49,0,0,4
01,12,280,70,90,62,0,8,2
01,12,250,30,89,53,0,8,1
01,12,210,30,61,27,0,8,1
01,12,300,20,53,42,4,8,2
01,12,210,110,49,8,0,8,4
01,12,280,10,-16,-24,0,8,4
01,12,20,40,26,12,0,8,-2
01,12,220,10,-25,-28,0,8,10
01,12,250,50,20,-14,0,8,4
01,12,50,70,-14,-36,0,4,2
01,12,20,30,-61,-103,0,0,5
01,12,220,20,-12,-31,0,8,9
01,12,130,10,-38,-39,-1,9,2
01,12,40,10,-69,-74,0,0,28
01,12,190,20,-76,-85,0,0,23
01,12,200,50,13,-48,0,2,0
01,12,190,80,38,-8,0,8,13
01,12,200,50,47,41,4,8,0
01,12,290,60,51,44,0,8,4
01,12,170,50,48,-3,0,0,1
01,12,170,40,22,-4,0,8,4
01,12,200,70,61,51,5,8,5
01,12,240,60,69,48,4,8,0
01,12,180,90,72,61,1,8,22
01,12,210,60,56,20,0,1,6
01,12,200,50,43,25,0,7,0
01,12,180,100,54,25,1,8,-3
01,12,190,70,86,78,2,8,-17
01,12,290,40,54,32,0,7,2
01,12,170,70,50,4,0,0,4
01,12,100,20,40,-5,0,4,2
01,12,60,10,21,-3,0,0,2
01,12,160,20,22,3,0,4,11
01,12,130,40,17,-19,0,2,2
01,12,110,50,40,-23,0,1,11
01,12,110,80,15,-39,0,1,8
01,12,10,60,4,-29,0,8,2
01,12,220,40,1,-11,-1,8,0
01,12,310,20,-47,-64,0,8,16
01,12,220,40,-37,-48,-1,8,4
01,12,210,30,-9,-29,0,4,-2
01,12,200,30,-43,-52,0,2,5
01,12,190,20,-35,-58,0,1,1
01,12,40,50,-45,-60,0,6,-2
01,12,30,100,-15,-33,1,8,2
01,12,50,40,-5,-30,-1,8,2
01,12,30,40,1,-16,-1,8,-2
01,12,120,40,-8,-35,0,8,0
01,12,120,40,-11,-41,-1,8,1
01,12,130,30,36,5,0,0,3
01,12,180,30,12,3,0,8,3
01,12,130,50,18,-5,0,8,2
01,12,280,60,66,48,0,8,5
01,12,240,40,42,40,0,9,4
01,12,340,30,56,44,0,8,2
01,12,130,50,51,3,0,0,4
01,12,100,30,32,15,0,8,2
01,12,160,40,60,22,0,1,6
01,12,150,40,37,9,0,8,2
01,12,100,10,5,1,3,8,1
01,12,20,50,-9,-25,0,8,-3
01,12,40,40,-37,-75,0,0,5
01,12,230,30,-15,-60,0,8,5
01,12,280,50,34,14,-1,8,10
01,12,260,40,41,36,6,8,-5
01,12,340,30,-1,-30,0,0,0
01,12,250,40,20,-8,0,4,1
01,12,280,30,52,51,1,8,8
01,12,310,40,38,14,0,7,7
01,12,250,20,17,8,0,8,3
01,12,200,50,14,-15,0,3,2
01,12,180,60,10,-42,0,0,5
01,12,150,30,56,54,15,8,3
01,12,110,20,44,42,0,8,11
01,12,210,100,122,77,0,8,-8
01,12,250,60,57,20,0,5,2
01,12,180,40,45,21,0,3,2
01,12,190,60,42,34,1,8,11
01,12,200,70,53,46,6,8,4
01,12,250,60,116,109,4,8,1
01,12,230,60,114,96,-1,8,-3
01,12,210,60,95,68,-1,8,3
01,12,200,60,117,72,0,8,7
01,12,190,70,84,67,0,8,0
01,12,10,50,49,38,-1,8,3
01,12,270,40,50,32,3,8,4
01,12,10,50,42,11,0,6,7
01,12,190,20,1,-1,0,8,6
01,12,10,60,59,45,0,8,-2
01,12,340,40,64,54,-1,8,4
01,12,340,40,64,50,0,8,4
01,12,320,80,67,30,0,7,0
01,12,50,20,36,24,0,8,2
01,12,70,70,23,-31,0,4,0
01,12,70,60,3,-46,0,0,4
01,12,10,40,-6,-26,0,7,1
01,12,60,50,-2,-16,0,8,2
01,12,60,20,-24,-41,-1,8,2
01,12,220,40,123,113,-1,8,1
01,12,230,40,87,63,0,7,-1
01,12,220,130,112,71,0,8,-5
01,12,270,70,81,29,0,7,-1
01,12,290,140,86,33,0,7,0
01,12,310,80,84,36,0,8,-3
01,12,300,110,88,44,0,4,-1
01,12,310,60,89,51,0,5,-4
01,12,260,30,92,66,0,8,0
01,12,230,20,91,60,0,8,2
01,12,250,30,83,72,-1,8,-1
01,12,250,70,98,71,0,8,3
01,12,320,60,69,10,0,6,-13
01,12,350,40,63,11,0,8,1
01,12,80,30,61,8,0,1,-3
01,12,100,30,38,-29,0,0,11
01,12,230,20,42,-17,0,0,10
01,12,210,60,30,8,0,8,7
01,12,290,30,71,68,6,8,10
01,12,270,60,60,18,0,8,0
01,12,270,70,107,77,-1,8,0
01,12,270,80,85,49,0,8,10
01,12,280,50,76,40,-1,7,1
01,12,220,20,46,38,0,7,6
01,12,160,40,55,33,0,8,6
01,12,160,50,74,54,0,8,4
01,12,210,50,74,35,0,0,2
01,12,140,40,49,24,0,6,8
01,12,50,40,1,-32,0,8,-2
01,12,150,20,-12,-36,0,8,-2
01,12,50,60,-33,-72,0,0,6
01,12,300,50,75,56,-1,8,0
01,12,250,30,78,58,0,8,1
01,12,270,30,108,104,2,8,0
01,12,260,30,95,92,2,8,-2
01,12,290,30,81,78,-1,8,0
01,12,280,40,95,87,0,8,2
01,12,250,30,86,73,0,8,-2
01,12,230,30,74,57,0,8,2
01,12,220,40,58,55,7,8,2
01,12,270,40,68,42,0,0,4
01,12,120,20,22,-34,0,0,2
01,12,110,40,20,-53,0,1,2
01,12,70,60,-2,-57,0,0,6
01,12,210,20,-30,-32,-1,8,9
01,12,30,40,-25,-27,1,8,0
01,12,40,30,-52,-71,0,0,10
01,12,40,10,-64,-66,-1,8,4
01,12,110,50,-9,-32,0,8,4
01,12,70,70,-39,-62,0,8,1
01,12,70,80,-51,-56,6,8,4
01,12,130,20,-1,-5,-1,8,4
01,12,90,20,-9,-27,0,0,3
01,12,20,20,-45,-53,0,8,8
01,12,20,40,-24,-40,0,5,7
01,12,170,20,-25,-40,0,8,7
01,12,200,60,-20,-29,4,8,7
01,12,210,80,44,38,9,8,3
01,12,230,50,66,39,0,5,7
01,12,220,50,106,103,4,8,3
01,12,260,70,109,82,0,8,2
01,12,230,80,85,60,0,6,10
01,12,180,60,78,41,0,1,1
01,12,250,70,97,58,0,8,5
01,12,210,80,123,76,0,8,-10
01,12,150,60,94,54,0,8,8
01,12,220,50,70,37,0,1,-1
01,12,210,90,141,95,0,8,4
01,12,210,80,121,63,0,7,2
01,12,220,50,105,66,0,8,-3
01,12,240,90,118,60,0,8,-9
01,12,240,40,84,47,0,0,5
01,12,250,40,62,54,3,8,17
01,12,160,30,57,25,0,4,6
01,12,230,40,95,58,0,3,4
01,12,140,30,59,45,-1,8,6
01,12,180,60,45,36,6,8,3
01,12,170,50,90,73,1,8,-4
01,12,200,60,87,44,0,8,3
01,12,140,40,84,43,0,2,7
01,12,140,30,69,38,-1,8,10
01,12,360,20,57,50,1,8,-1
01,12,200,20,55,48,0,8,6
01,12,160,40,36,-1,0,3,9
01,12,200,40,44,40,-1,8,5
01,12,250,20,60,36,0,8,3
01,12,200,50,48,9,0,8,2
01,12,200,50,52,21,0,8,1
01,12,210,70,39,9,0,8,2
01,12,170,80,63,14,0,8,2
01,12,100,80,31,-10,0,0,3
01,12,120,30,54,14,0,8,8
01,12,210,40,66,28,0,0,9
01,12,210,50,41,-6,0,2,3
01,12,290,80,82,18,0,4,5
01,12,190,30,23,18,4,8,2
01,12,260,30,53,37,1,1,11
01,12,200,40,18,14,0,8,5
01,12,220,30,21,-14,0,7,-1
01,12,230,50,68,29,0,,1
01,12,220,50,84,81,58,8,3
01,12,250,70,113,92,0,8,3
01,12,250,100,119,106,1,8,5
01,12,280,100,65,15,0,7,2
01,12,230,80,89,47,0,8,1
01,12,220,40,86,82,25,8,1
01,12,230,60,43,22,0,8,9
01,12,210,100,105,59,-1,8,0
01,12,200,40,74,33,0,8,2
01,12,230,40,51,6,0,0,4
01,12,210,30,28,22,7,8,4
01,12,50,10,20,14,0,8,4
01,12,190,20,22,13,0,8,5
01,12,120,20,9,-27,0,8,4
01,12,30,40,-9,-21,0,8,0
01,12,170,20,-20,-27,0,8,-5
01,12,310,30,45,24,0,4,12
01,12,230,20,41,36,-1,8,6
01,12,260,40,82,79,4,8,3
01,12,290,60,69,47,0,8,1
01,12,210,90,69,42,0,8,-7
01,12,220,60,52,17,0,7,4
01,12,240,30,18,9,0,8,1
01,12,220,30,45,17,0,6,2
01,12,150,20,57,51,0,1,9
01,12,140,40,78,62,0,7,4
01,12,180,70,78,42,0,8,3
01,12,210,40,76,58,0,8,-2
01,12,180,50,81,51,0,8,0
01,12,110,30,73,60,0,8,-1
01,12,150,60,61,50,28,8,1
01,12,210,50,73,36,0,0,7
01,12,180,50,75,48,0,8,4
01,12,200,70,91,36,0,0,-3
01,12,160,50,60,53,4,8,4
01,12,240,60,69,36,-1,8,4
01,12,260,40,61,41,5,8,-2
01,12,200,60,41,24,0,8,6
01,12,310,30,32,24,3,8,1
01,12,340,40,43,2,0,4,-17
01,12,20,20,22,-15,0,0,2
01,12,120,30,-17,-50,0,3,9
01,12,210,20,-11,-50,0,8,8
01,12,220,30,20,-6,1,8,5
01,12,150,30,8,0,0,8,6
01,12,160,60,25,-26,0,8,5
01,12,220,30,67,64,0,8,6
01,12,220,40,78,74,2,8,4
01,12,170,50,134,88,0,2,12
01,12,220,50,114,74,0,7,5
01,12,220,70,118,88,0,8,2
01,12,260,30,81,9,0,0,1
01,12,220,80,94,58,0,8,5
01,12,270,60,71,51,28,8,1
01,12,210,40,62,50,4,8,3
01,12,200,50,-22,-25,0,8,0
01,12,310,30,57,23,0,1,-13
01,12,240,50,38,22,0,8,6
01,12,310,80,63,17,-1,8,-4
01,12,40,40,38,-26,0,0,-4
01,12,170,20,-9,-58,0,5,3
01,12,220,40,-8,-12,-1,8,-2
01,12,290,10,55,55,0,8,6
01,12,190,50,55,53,-1,8,2
01,12,230,30,57,51,1,8,2
01,12,280,100,97,75,0,8,1
01,12,230,40,76,27,0,8,-1
01,12,250,40,32,-13,0,1,2
01,12,240,50,39,23,-1,8,-16
01,12,240,30,22,12,0,8,7
01,12,110,20,-2,-3,0,8,-6
01,12,140,20,-15,-44,0,4,6
01,12,60,20,-26,-42,-1,8,7
01,12,80,20,23,-49,0,0,8
01,12,50,30,35,-54,0,7,11
01,12,120,30,38,-35,0,4,7
01,12,290,10,20,-31,0,4,7
01,12,170,20,28,-1,0,8,-1
01,12,170,10,17,17,0,9,1
01,12,140,40,-5,-39,0,8,1
01,12,160,40,-17,-51,0,3,10
01,12,170,40,38,-12,0,8,18
01,12,170,50,90,34,0,8,10
01,12,200,50,62,40,0,7,-2
01,12,260,40,70,60,-1,8,-2
01,12,990,10,49,11,0,8,0
01,12,200,70,78,39,0,8,1
01,12,220,30,70,39,0,8,-3
01,12,260,100,90,28,-1,8,3
01,12,160,40,79,74,5,8,7
01,12,200,50,88,63,0,8,3
01,12,10,20,56,46,-1,8,4
01,12,50,70,26,-14,0,5,0
01,12,80,50,31,-4,0,8,4
01,12,140,30,36,20,0,8,9
01,12,190,50,77,67,2,8,1
01,12,10,20,75,64,0,8,-2
01,12,360,20,52,44,0,8,3
01,12,110,30,65,42,0,8,3
01,12,120,40,54,9,0,0,5
01,12,190,100,64,43,9,8,-4
01,12,260,70,63,15,2,4,-1
01,12,260,90,56,5,0,8,2
01,12,270,100,59,25,2,8,1
01,12,210,50,47,24,0,8,-3
01,12,190,40,34,26,2,8,0
01,12,220,20,54,29,0,8,-1
01,12,280,50,86,62,0,8,2
01,12,190,60,97,56,0,8,1
01,12,200,100,144,101,0,8,0
01,12,200,50,92,68,0,8,2
01,12,240,20,52,50,0,9,3
01,12,200,60,66,27,0,8,1
01,12,250,60,107,80,0,8,6
01,12,250,90,106,53,0,8,0
01,12,270,40,66,37,0,7,4
01,12,240,60,80,62,7,8,-5
01,12,290,60,87,84,2,8,0
01,12,330,40,63,22,-1,8,2
01,12,330,30,59,23,0,5,7
01,12,280,60,43,15,0,8,-1
01,12,290,60,70,51,-1,8,-2
01,12,290,40,68,38,-1,8,-3
01,12,230,30,80,76,-1,8,3
01,12,310,90,83,38,-1,8,1
01,12,340,60,67,24,0,8,1
01,12,0,0,43,16,0,8,7
01,12,320,40,82,75,1,8,3
01,12,250,50,72,68,6,8,4
01,12,270,80,93,84,6,8,1
01,12,320,50,64,30,1,5,-13
01,12,250,60,70,37,0,8,1
01,12,200,70,64,36,0,8,-1
01,12,310,60,45,28,2,7,-1
01,12,180,30,34,6,0,8,-10
01,12,130,40,16,-17,0,3,6
01,12,40,30,18,-40,0,0,7
01,12,230,20,20,-21,0,8,12
01,12,170,60,-20,-25,5,8,5
01,12,60,30,-9,-39,0,7,11
01,12,190,30,-7,-40,0,8,6
01,12,210,40,8,2,0,8,3
01,12,240,50,79,53,0,8,2
01,12,270,50,59,54,17,8,-3
01,12,330,80,66,5,0,8,-6
01,12,190,50,34,-5,0,8,8
01,12,320,30,12,1,-1,8,1
01,12,180,40,-15,-16,-1,9,-1
01,12,160,30,23,20,0,8,3
01,12,160,40,33,30,0,8,4
01,12,230,50,105,90,-1,8,-4
01,12,270,50,79,50,0,8,1
01,12,220,30,75,42,0,8,0
01,12,180,50,70,18,0,0,2
01,12,210,40,67,64,0,8,9
01,12,250,40,122,117,0,8,2
01,12,210,70,127,108,0,8,1
01,12,300,50,79,65,1,8,-3
01,12,200,60,67,26,0,7,5
01,12,210,70,72,61,-1,8,7
01,12,180,60,84,60,0,6,6
01,12,200,70,110,76,0,8,-1
01,12,190,90,113,57,1,8,-3
01,12,170,50,94,65,0,7,10
01,12,200,50,98,81,0,8,5
01,12,260,50,76,31,0,7,-6
01,12,360,60,73,32,0,0,6
01,12,210,20,60,48,0,8,-1
01,12,210,20,4,3,0,8,2
01,12,240,20,35,32,0,8,6
01,12,80,30,54,26,0,1,8
01,12,190,30,22,15,0,8,0
01,12,160,20,12,4,0,8,7
01,12,190,50,88,57,0,4,11
01,12,210,30,97,72,0,8,0
01,12,260,70,58,14,1,7,-5
01,12,270,70,73,19,0,7,1
01,12,200,60,93,62,0,8,9
01,12,220,60,111,86,0,8,3
01,12,240,62,61,41,0,3,4
01,12,230,98,120,107,0,8,-6
01,12,240,57,95,73,0,7,0
01,12,250,67,76,46,0,7,-27
01,12,200,103,61,43,4,8,2
01,12,250,103,70,13,0,4,3
01,12,260,82,95,57,0,5,-3
01,12,230,77,80,56,0,4,1
01,12,210,72,88,57,0,6,4
01,12,250,103,115,40,-1,8,-2
01,12,210,46,90,68,0,7,3
01,12,240,41,50,41,-1,8,1
01,12,20,46,46,18,0,1,5
01,12,70,77,21,-13,0,1,8
01,12,90,51,32,-97,0,0,8
01,12,130,57,10,-82,0,0,4
01,12,150,41,33,-24,0,0,11
01,12,120,26,-9,-16,0,8,2
01,12,300,31,35,29,2,8,3
01,12,200,36,11,5,0,8,6
01,12,320,51,66,48,0,7,6
01,12,50,41,43,31,0,8,7
01,12,40,21,-7,-13,0,8,2
01,12,60,51,5,-17,0,7,2
01,12,70,31,38,7,0,2,-3
01,12,40,31,20,2,0,8,0
01,12,50,26,40,7,0,7,3
01,12,110,41,25,-9,0,8,8
01,12,110,36,15,-17,0,0,9
01,12,140,67,20,-27,0,1,4
01,12,170,26,-1,-31,0,1,2
01,12,220,87,52,34,0,8,3
01,12,210,93,50,27,0,8,1
01,12,210,82,41,8,0,7,3
01,12,240,41,65,58,2,7,4
01,12,240,72,106,95,0,8,4
01,12,250,62,100,79,0,8,-4
01,12,210,62,37,22,0,8,0
01,12,190,77,93,43,0,6,2
01,12,240,67,107,72,-1,8,-2
01,12,70,41,46,16,0,5,7
01,12,990,5,-28,-29,0,9,2
01,12,280,26,-3,-4,0,9,-1
01,12,10,15,47,16,0,8,2
01,12,270,36,47,35,0,8,5
01,12,320,36,68,48,0,8,0
01,12,260,46,50,13,0,8,-1
01,12,360,26,64,3,0,7,-3
01,12,280,21,56,44,0,6,8
01,12,260,62,51,47,1,8,5
01,12,50,67,10,-9,0,8,-3
01,12,100,41,-9,-108,0,1,8
01,12,60,31,-19,-84,0,0,11
01,12,50,21,-16,-44,0,0,5
01,12,30,10,-8,-24,0,3,7
01,12,40,5,-40,-43,0,9,5
01,12,350,36,45,44,0,4,11
01,12,100,26,5,4,0,8,6
01,12,90,21,-21,-22,0,8,3
01,12,40,36,11,-8,0,4,9
01,12,50,21,5,2,-1,8,3
01,12,140,15,-6,-7,0,8,1
01,12,140,15,-40,-47,0,0,14
01,12,120,31,-6,-76,0,0,5
01,12,110,31,-41,-113,0,0,10
01,12,180,51,-35,-95,0,7,3
01,12,200,82,46,-92,0,8,3
01,12,220,72,87,83,-1,8,3
01,12,210,21,69,47,0,5,0
01,12,270,51,68,25,0,6,1
01,12,200,57,90,78,1,8,15
01,12,210,103,124,91,1,8,-2
01,12,230,103,108,87,1,8,-6
01,12,250,98,68,29,0,3,4
01,12,170,57,63,20,-1,8,4
01,12,250,103,87,14,0,1,0
01,12,190,77,112,71,0,6,13
01,12,220,113,140,98,0,3,-1
01,12,220,93,116,57,0,5,0
01,12,250,51,79,39,0,3,5
01,12,270,72,85,38,0,6,-6
01,12,220,103,95,79,8,8,2
01,12,240,93,108,66,0,6,1
01,12,250,77,102,90,8,8,-9
01,12,230,46,75,34,0,7,4
01,12,250,139,99,34,0,7,-1
01,12,320,72,50,-8,-1,7,-5
01,12,240,87,27,-6,-1,7,11
01,12,310,41,57,1,0,7,-4
01,12,250,46,80,74,0,8,12
01,12,320,15,87,81,-1,8,-26
01,12,130,51,38,3,0,7,6
01,12,130,15,19,0,0,3,6
01,12,240,46,39,21,0,3,10
01,12,270,93,83,64,27,8,-4
01,12,180,51,75,53,0,8,1
01,12,210,82,85,38,0,4,1
01,12,190,82,67,52,1,8,13
01,12,150,41,79,54,0,7,2
01,12,230,46,49,16,0,8,3
01,12,190,36,41,15,0,7,14
01,12,160,51,36,8,0,4,8
01,12,140,31,56,23,-1,7,8
01,12,210,31,57,57,0,8,-2
01,12,200,77,84,70,-1,8,2
01,12,230,87,100,60,-1,7,1
01,12,240,87,84,44,0,6,4
01,12,210,51,54,37,0,7,6
01,12,10,41,54,0,0,2,1
01,12,0,0,19,-12,0,1,2
01,12,220,77,19,1,0,8,3
01,12,210,46,23,19,3,8,1
01,12,230,46,39,21,0,1,7
01,12,200,51,47,29,0,8,3
01,12,230,67,76,72,-1,8,3
01,12,270,82,103,94,1,8,-3
01,12,250,41,63,29,0,6,1
01,12,260,77,111,97,6,8,3
01,12,290,77,66,27,-1,5,2
01,12,230,113,81,72,3,8,2
01,12,310,108,55,-19,0,3,-19
01,12,210,46,16,-11,0,8,1
01,12,270,62,84,72,5,8,3
01,12,250,51,70,33,0,2,6
01,12,280,62,8,8,4,7,23
01,12,300,62,33,21,3,4,2
01,12,90,26,22,-21,0,7,0
01,12,130,21,-28,-32,-1,3,-2
01,12,160,62,-30,-60,0,2,8
01,12,160,21,-29,-39,0,8,4
01,12,330,15,-22,-33,0,8,-4
01,12,170,72,3,-4,-1,8,1
01,12,240,51,38,38,0,7,7
01,12,280,82,63,24,0,8,-3
01,12,300,51,47,21,0,3,3
01,12,360,77,49,12,0,3,-5
01,12,180,15,45,42,0,7,9
01,12,210,36,59,59,3,8,7
01,12,210,41,71,71,2,8,3
01,12,170,72,67,30,0,1,5
01,12,160,77,76,12,0,4,14
01,12,210,36,67,63,-1,8,0
01,12,190,82,70,29,0,3,0
01,12,230,103,93,43,0,6,7
01,12,200,72,68,32,0,2,1
01,12,200,26,67,64,11,8,-2
01,12,240,118,71,41,-1,6,8
01,12,250,77,62,48,8,7,5
01,12,990,5,51,45,0,8,-1
01,12,210,103,109,83,3,8,0
01,12,250,57,37,4,0,7,1
01,12,250,93,96,77,2,7,1
01,12,220,98,93,90,12,8,-2
01,12,330,46,59,12,0,4,-3
01,12,200,77,16,7,6,8,10
01,12,70,15,14,14,0,8,3
01,12,60,31,0,-11,0,6,2
01,12,100,10,1,-12,0,8,5
01,12,130,41,22,4,0,5,5
01,12,110,46,14,-42,0,4,7
01,12,120,41,-22,-77,0,8,3
01,12,190,51,82,81,11,8,6
01,12,150,46,86,67,0,5,5
01,12,140,51,62,42,1,8,8
01,12,140,15,80,74,0,7,0
01,12,180,57,94,65,0,5,-2
01,12,150,36,99,70,0,7,2
01,12,200,67,104,67,0,2,0
01,12,120,21,84,52,0,5,12
01,12,120,26,68,38,0,6,9
01,12,130,15,35,35,0,5,5
01,12,120,21,12,12,0,8,1
01,12,130,26,-6,-6,0,8,2
01,12,100,21,-7,-7,0,8,1
01,12,120,62,-4,-38,0,7,4
01,12,110,51,8,-46,0,6,-2
01,12,90,67,28,-42,0,3,8
01,12,80,62,-17,-72,0,6,4
01,12,80,62,-2,-60,0,7,2
01,12,80,67,-76,-144,0,8,6
01,12,50,82,-87,-125,-1,8,-2
01,12,80,36,-29,-60,0,7,8
01,12,70,51,-35,-85,0,7,15
01,12,100,46,-11,-50,0,7,6
01,12,90,46,19,-38,0,0,5
01,12,90,36,34,-80,0,0,13
01,12,60,60,-108,-143,0,0,8
01,12,120,20,-97,-126,0,2,4
01,12,60,50,-62,-94,0,6,2
01,12,50,60,-42,-60,0,8,-2
01,12,60,40,-44,-65,0,8,4
01,12,50,30,-60,-83,0,8,0
01,12,50,30,-41,-67,0,5,-2
01,12,80,30,-69,-87,0,5,4
01,12,60,50,-61,-85,0,7,5
01,12,60,20,-31,-56,-1,8,7
01,12,160,40,-32,-55,0,8,3
01,12,170,30,14,-15,0,8,7
01,12,200,30,71,-18,0,5,6
01,12,120,20,54,-29,0,3,18
01,12,220,10,57,-24,0,0,14
01,12,130,10,51,-11,0,0,14
01,12,150,30,71,5,0,2,18
01,12,210,20,52,52,-1,8,-1
01,12,150,20,49,49,1,8,-2
01,12,10,20,24,24,-1,8,2
01,12,100,40,27,14,0,8,-4
01,12,190,40,103,61,0,7,22
01,12,220,40,75,63,0,6,3
01,12,350,10,62,62,0,7,14
01,12,0,0,1,1,0,2,12
01,12,60,30,9,9,0,8,1
01,12,340,10,-5,-19,-1,7,2
01,12,270,10,23,23,0,8,4
01,12,360,10,23,23,-1,8,-1
01,12,60,20,39,35,0,7,0
01,12,290,20,53,27,-1,8,-10
01,12,190,50,73,59,0,7,7
01,12,170,80,99,72,0,7,-10
01,12,190,110,92,86,4,8,7
01,12,200,80,85,51,-1,7,2
01,12,180,80,56,41,16,8,7
01,12,250,60,73,41,0,2,5
01,12,230,110,101,75,-1,7,-5
01,12,220,90,105,76,0,7,0
01,12,220,60,118,90,0,7,7
01,12,200,40,110,51,0,2,8
01,12,190,40,102,39,0,1,9
01,12,200,40,119,68,0,5,2
01,12,150,40,91,62,0,7,8
01,12,220,90,93,73,-1,7,-4
01,12,200,80,69,63,-1,8,7
01,12,210,50,85,71,0,7,0
01,12,220,80,56,34,0,7,7
01,12,160,70,66,-23,0,8,-14
01,12,300,70,71,54,1,8,-6
01,12,340,70,49,24,-1,8,-3
01,12,70,20,10,-27,0,8,0
01,12,90,40,3,-34,0,4,1
01,12,40,50,20,4,0,8,3
01,12,10,70,37,1,0,7,2
01,12,60,70,4,-48,0,7,0
01,12,50,40,-2,-39,0,1,10
01,12,30,10,-3,-33,0,1,8
01,12,240,30,8,-24,0,8,6
01,12,0,0,26,26,0,8,2
01,12,230,40,11,11,0,8,1
01,12,80,60,16,-102,0,1,2
01,12,160,40,81,42,0,7,10
01,12,200,80,79,62,18,8,-2
01,12,150,100,50,41,35,8,10
01,12,210,90,128,121,-1,8,1
01,12,210,60,145,103,0,7,2
01,12,200,70,128,62,0,7,3
01,12,250,50,77,56,0,7,-4
01,12,240,90,63,32,0,6,10
01,12,10,60,43,-12,0,2,-2
01,12,60,40,4,-26,0,1,5
01,12,360,70,-3,-33,0,1,7
01,12,200,50,14,-8,0,7,2
01,12,250,60,44,24,0,4,2
01,12,270,90,67,26,0,7,0
01,12,220,90,86,62,-1,7,0
01,12,220,120,107,76,-1,8,-12
01,12,220,60,71,43,-1,8,0
01,12,190,50,71,48,0,1,9
01,12,190,80,98,56,0,7,3
01,12,180,60,113,82,0,7,5
01,12,240,20,87,83,0,8,1
01,12,20,10,54,54,0,3,11
01,12,180,30,56,56,-1,8,0
01,12,210,70,68,65,0,8,1
01,12,230,120,127,93,0,8,-5
01,12,220,70,69,37,0,7,5
01,12,300,60,68,44,-1,5,6
01,12,280,40,60,54,3,8,6
01,12,20,50,6,-61,0,6,4
01,12,290,10,7,-32,0,5,9
01,12,350,30,48,-67,0,4,0
01,12,270,30,74,74,0,8,3
01,12,200,40,78,71,0,8,5
01,12,210,70,87,73,0,8,-2
01,12,200,60,78,74,17,8,3
01,12,190,50,65,42,0,5,9
01,12,210,70,90,62,-1,7,6
01,12,220,50,70,60,0,7,6
01,12,200,50,66,61,1,8,4
01,12,280,20,56,53,0,3,7
01,12,220,20,23,22,0,7,5
01,12,200,30,29,23,0,6,7
01,12,200,60,26,-15,0,7,4
01,12,200,60,36,-17,0,7,2
01,12,190,20,34,26,0,7,3
01,12,40,50,40,21,0,5,8
01,12,330,40,60,56,-1,5,11
01,12,320,60,75,58,0,8,-4
01,12,320,100,81,56,-1,7,-1
01,12,340,50,53,25,0,7,0
01,12,250,70,49,25,0,8,2
01,12,310,60,67,44,-1,7,-6
01,12,290,50,59,33,0,7,-23
01,12,20,70,27,-1,0,7,-8
01,12,990,10,-3,-82,0,1,7
01,12,260,30,26,-48,0,1,8
01,12,240,40,27,-29,0,7,5
01,12,220,60,35,-37,0,1,6
01,12,220,80,26,-8,0,7,2
01,12,240,110,100,80,-1,8,2
01,12,260,50,105,78,-1,7,-5
01,12,250,80,117,78,0,8,0
01,12,180,80,56,43,-1,8,4
01,12,200,80,110,67,0,7,2
01,12,240,70,75,36,0,6,-1
01,12,170,70,94,65,0,8,1
01,12,190,90,89,76,7,8,3
01,12,230,70,73,55,-1,7,1
01,12,210,60,63,44,0,8,0
01,12,220,60,51,28,0,4,2
01,12,230,40,50,40,0,8,1
01,12,90,40,31,7,0,7,3
01,12,70,60,29,5,0,8,3
01,12,60,30,39,-7,0,2,9
01,12,70,40,15,-34,0,3,9
01,12,50,50,3,-19,0,7,2
01,12,100,40,7,-58,0,0,8
01,12,120,40,7,-66,0,0,6
01,12,360,20,-28,-62,0,1,6
01,12,10,10,5,-5,-1,8,0
01,12,990,10,16,14,0,8,1
01,12,180,20,6,2,1,8,0
01,12,130,40,9,-24,0,1,0
01,12,180,40,60,57,0,8,8
01,12,170,60,89,56,0,5,-1
01,12,230,70,98,64,0,6,0
01,12,180,30,77,56,1,8,-8
01,12,190,70,56,35,1,7,5
01,12,270,70,42,32,9,8,7
01,12,270,30,59,36,0,4,4
01,12,20,20,48,32,0,7,5
01,12,250,30,31,29,0,8,12
01,12,70,20,33,17,0,6,8
01,12,220,40,-10,-10,0,,0
01,12,0,0,-11,-13,0,5,10
01,12,100,60,-7,-65,0,2,0
01,12,120,30,-14,-100,0,0,5
01,12,170,20,9,-40,0,1,13
01,12,260,20,11,11,0,8,2
01,12,360,10,39,38,0,7,2
01,12,140,40,25,-2,0,8,2
01,12,990,10,30,1,0,0,8
01,12,130,20,24,1,0,6,10
01,12,220,60,42,28,0,8,-2
01,12,220,50,49,35,0,8,3
01,12,170,40,79,30,0,1,11
01,12,160,20,32,13,0,8,1
01,12,170,40,46,37,2,8,-2
01,12,240,30,52,52,0,6,15
01,12,200,70,55,41,0,8,3
01,12,230,50,56,44,0,7,4
01,12,250,80,90,57,0,5,10
01,12,220,90,91,64,0,8,4
01,12,230,70,116,105,-1,8,1
01,12,230,100,96,67,1,7,-8
01,12,180,80,83,31,-1,8,-15
01,12,230,110,102,82,-1,8,1
01,12,210,50,59,14,0,7,3
01,12,210,100,116,65,0,7,2
01,12,260,40,110,78,0,7,-2
01,12,250,140,129,68,0,4,-3
01,12,220,80,96,65,0,5,15
01,12,200,60,118,84,0,7,1
01,12,250,90,102,35,0,2,4
01,12,150,60,41,36,11,,20
01,12,190,50,107,102,6,7,9
01,12,230,40,70,64,15,8,0
01,12,20,90,-12,-50,0,7,2
01,12,210,30,-18,-51,-1,7,-5
01,12,20,70,-6,-37,0,5,2
01,12,60,40,-41,-74,0,7,-3
01,12,70,40,-46,-110,0,5,10
01,12,40,40,-52,-128,0,1,5
01,12,120,30,-33,-90,0,5,3
01,12,40,30,-7,-54,0,4,9
01,12,220,40,3,-26,0,7,2
01,12,260,70,64,59,0,8,5
01,12,230,80,83,65,0,8,0
01,12,200,70,57,14,0,7,1
01,12,240,50,71,49,0,2,2
01,12,190,70,42,9,0,6,5
01,12,230,50,50,41,0,8,1
01,12,160,60,58,18,0,7,15
01,12,190,80,91,61,0,7,-1
01,12,180,40,94,61,0,6,3
01,12,210,70,84,58,0,7,7
01,12,320,60,71,60,-1,8,2
01,12,190,20,57,9,0,2,2
01,12,210,70,51,16,0,5,18
01,12,220,50,58,48,-1,8,2
01,12,260,40,96,89,0,8,1
01,12,260,100,71,21,0,7,0
01,12,350,90,49,34,0,7,1
01,12,250,50,8,1,0,7,10
01,12,40,60,-10,-80,0,2,1
01,12,140,40,3,-25,0,,-3
01,12,50,50,-12,-49,0,1,4
01,12,250,10,-15,-22,0,7,6
01,12,250,50,17,15,0,7,10
01,12,200,40,45,37,0,8,2
01,12,210,60,69,64,2,8,-1
01,12,210,30,83,78,0,8,0
01,12,160,80,72,34,0,5,-4
01,12,220,60,73,54,-1,7,-1
01,12,190,30,56,38,0,7,4
01,12,240,90,124,113,5,8,1
01,12,180,60,54,43,4,8,0
01,12,240,110,99,50,0,8,2
01,12,210,70,66,37,0,8,-10
01,12,230,70,56,32,0,5,1
01,12,230,100,69,41,2,7,1
01,12,250,80,54,25,0,7,3
01,12,350,40,13,-29,0,5,11
01,12,250,70,64,58,10,8,2
01,12,360,30,66,44,0,7,-14
01,12,120,20,30,-27,0,3,-1
01,12,190,40,27,-25,0,8,0
01,12,170,40,40,-11,0,2,4
01,12,210,30,29,25,5,8,7
01,12,230,40,50,45,0,4,10
01,12,100,40,19,-4,0,7,6
01,12,990,10,11,-6,0,7,5
01,12,250,50,8,7,4,8,12
01,12,280,70,17,-1,0,6,-5
01,12,230,80,33,-2,0,7,7
01,12,190,90,73,55,5,8,6
01,12,210,40,80,59,0,,4
01,12,260,80,63,7,0,,0
01,12,230,50,68,46,0,,7
01,12,230,100,63,23,0,,2
01,12,210,60,65,47,0,,3
01,12,230,50,81,59,0,,4
01,12,230,100,118,81,0,,5
01,12,230,130,112,65,0,,4
01,12,230,70,89,46,0,,0
01,12,200,80,143,48,0,,-1
01,12,190,60,107,78,0,,1
01,12,220,70,101,58,0,,-4
01,12,260,50,66,26,0,,0
01,12,200,10,65,29,0,,2
01,12,120,30,27,16,0,,11
01,12,190,30,36,-8,0,,17
01,12,210,80,64,39,0,,-2
01,12,290,40,28,16,4,,-12
01,12,280,60,67,25,0,,-13
01,12,260,80,113,74,0,,-12
01,12,270,80,63,7,0,,-2
01,12,300,40,76,31,0,,-3
01,12,300,40,55,4,0,,-1
01,12,10,60,21,-13,0,,5
01,12,360,40,-3,-18,0,,-2
01,12,30,50,-3,-36,0,,-1
01,12,240,20,5,-7,0,,4
01,12,160,20,16,13,0,,5
01,12,250,10,17,-20,0,,9
01,12,310,40,71,53,0,,3
01,12,280,70,73,52,0,,1
01,12,180,30,58,32,0,,0
01,12,310,20,26,26,0,,9
01,12,180,10,31,12,0,,10
01,12,60,40,30,10,0,,0
01,12,60,60,10,-12,0,,1
01,12,80,40,35,2,0,,3
01,12,120,30,44,9,0,,-2
01,12,120,40,42,1,0,,2
01,12,130,20,25,-12,0,,8
01,12,170,40,35,9,0,,11
01,12,200,70,38,28,5,,-1
01,12,140,40,45,29,0,,1
01,12,150,30,26,6,0,,6
01,12,170,40,52,-2,0,,9
01,12,120,40,5,-33,0,,7
01,12,160,40,41,-6,0,,6
01,12,200,50,51,46,7,,6
01,12,270,30,63,51,0,,6
01,12,190,40,62,51,0,,6
01,12,220,90,101,69,0,,0
01,12,300,50,78,40,0,,1
01,12,60,40,17,-9,0,,-3
01,12,100,40,-9,-97,0,,11
01,12,100,20,12,-91,0,,7
01,12,260,30,19,14,0,,14
01,12,20,70,4,-14,0,,2
01,12,60,50,-24,-79,0,,6
01,12,50,50,1,-81,0,,9
01,12,60,50,29,-106,0,,11
01,12,60,60,26,0,0,,3
01,12,40,40,31,-6,0,,2
01,12,270,70,80,56,1,8,3
01,12,250,70,55,40,7,8,3
01,12,210,50,67,53,0,8,7
01,12,260,80,99,61,0,8,-3
01,12,230,70,89,71,-1,8,5
01,12,210,20,83,65,3,8,-1
01,12,210,70,91,66,-1,8,5
01,12,280,40,98,68,0,4,-2
01,12,240,120,138,85,0,8,-1
01,12,220,110,139,78,0,8,-20
01,12,220,140,79,53,3,8,12
01,12,230,80,100,66,0,8,1
01,12,220,70,109,95,-1,8,0
01,12,250,70,87,34,0,1,0
01,12,210,50,85,41,0,0,3
01,12,200,60,87,75,-1,8,-4
01,12,200,110,125,77,0,7,-8
01,12,220,150,128,114,5,8,4
01,12,270,90,122,58,0,7,-6
01,12,230,110,110,97,3,8,-8
01,12,250,90,83,31,-1,8,-2
01,12,350,40,17,8,21,8,14
01,12,30,50,-13,-67,0,7,3
01,12,990,10,-28,-30,0,9,2
01,12,40,40,-3,-38,0,5,-1
01,12,230,70,11,-22,0,8,4
01,12,300,30,61,31,0,7,2
01,12,250,80,56,28,-1,8,5
01,12,290,40,94,79,-1,7,1
01,12,240,30,87,69,0,8,1
01,12,250,90,73,34,0,1,2
01,12,110,20,42,36,0,7,-4
01,12,90,60,11,-27,0,0,1
01,12,110,70,8,-47,0,8,2
01,12,130,30,42,-6,0,8,0
01,12,230,60,75,61,3,8,-7
01,12,230,60,65,45,0,1,7
01,12,250,100,84,20,0,8,5
01,12,210,60,69,51,0,8,5
01,12,220,60,75,55,-1,8,2
01,12,190,80,83,34,0,8,10
01,12,170,60,118,62,0,8,5
01,12,270,60,66,39,-1,8,7
01,12,190,60,83,35,0,8,5
01,12,190,70,86,42,0,7,1
01,12,180,90,89,58,2,8,-4
01,12,210,70,87,52,0,8,-4
01,12,180,60,78,52,0,8,3
01,12,220,70,92,68,0,8,-3
01,12,240,90,124,113,1,8,0
01,12,230,90,122,99,-1,8,0
01,12,240,90,107,79,-1,8,-5
01,12,340,50,75,8,0,2,3
01,12,210,60,72,43,0,8,2
01,12,230,70,103,76,0,8,-4
01,12,230,90,82,41,0,0,4
01,12,230,90,95,47,0,2,11
01,12,270,50,88,61,0,8,2
01,12,240,30,91,57,0,8,-1
01,12,210,30,64,25,0,8,-3
01,12,320,40,47,38,9,8,2
01,12,200,90,44,6,0,8,4
01,12,260,10,-17,-24,0,8,2
01,12,20,30,12,8,0,8,3
01,12,990,10,-23,-27,0,8,10
01,12,250,50,15,-18,0,8,1
01,12,60,70,-15,-35,0,3,1
01,12,30,40,-70,-109,0,0,12
01,12,230,30,-36,-56,0,8,10
01,12,150,20,-35,-39,1,8,-1
01,12,170,10,-61,-66,0,0,7
01,12,200,20,-67,-76,0,0,18
01,12,190,40,9,-51,0,0,12
01,12,190,80,48,-22,0,7,0
01,12,200,30,43,37,9,8,2
01,12,270,20,54,48,0,8,-5
01,12,150,40,47,0,0,0,5
01,12,160,50,22,-9,0,8,5
01,12,190,70,71,43,0,8,-6
01,12,230,80,68,49,1,8,2
01,12,180,80,77,59,-1,8,20
01,12,220,60,60,20,0,0,10
01,12,210,50,46,21,0,7,-2
01,12,170,80,50,19,3,8,1
01,12,170,60,84,74,-1,8,3
01,12,290,30,52,28,0,6,3
01,12,160,60,51,0,0,0,5
01,12,110,30,36,-7,0,1,6
01,12,30,20,20,-3,0,0,9
01,12,160,30,27,-13,0,0,10
01,12,120,40,12,-19,0,6,-4
01,12,100,40,37,-20,0,0,8
01,12,90,70,16,-39,0,1,8
01,12,20,60,0,-27,-1,8,5
01,12,210,60,-5,-11,-1,8,4
01,12,360,20,-37,-56,0,0,-2
01,12,210,50,-36,-48,0,8,6
01,12,220,40,-13,-30,0,1,4
01,12,190,20,-31,-34,0,8,5
01,12,150,10,-22,-57,0,0,-7
01,12,30,50,-39,-52,0,7,-7
01,12,30,100,-12,-25,1,8,1
01,12,50,40,-5,-21,0,8,1
01,12,10,40,1,-13,0,8,1
01,12,110,30,-11,-33,0,8,5
01,12,120,50,-10,-34,-1,8,-4
01,12,100,30,33,4,0,0,4
01,12,220,20,15,5,0,8,0
01,12,130,60,17,-8,0,8,-1
01,12,280,70,63,48,0,8,5
01,12,220,50,44,43,0,8,4
01,12,300,10,55,52,0,8,1
01,12,130,50,55,1,0,0,-2
01,12,100,20,33,12,0,8,2
01,12,140,40,53,21,0,5,5
01,12,120,30,25,-1,0,8,2
01,12,140,10,11,-3,-1,8,0
01,12,350,40,-4,-23,0,8,-2
01,12,50,40,-40,-99,0,0,10
01,12,220,50,-19,-78,0,8,4
01,12,270,40,39,15,-1,8,-4
01,12,230,60,32,25,5,8,3
01,12,320,30,-2,-22,0,3,4
01,12,220,50,7,-19,0,2,7
01,12,260,40,34,32,2,8,4
01,12,260,20,30,13,0,1,8
01,12,230,20,15,12,0,8,2
01,12,180,40,3,-22,0,8,4
01,12,170,30,1,-50,0,7,13
01,12,160,30,50,47,3,8,13
01,12,110,20,50,45,0,8,7
01,12,210,100,120,75,0,8,2
01,12,240,60,61,27,0,5,4
01,12,180,40,46,15,0,0,5
01,12,190,60,44,25,0,8,-1
01,12,190,60,52,42,6,8,4
01,12,250,70,118,112,5,8,2
01,12,230,90,115,90,0,8,1
01,12,200,80,99,65,-1,8,1
01,12,200,50,115,74,0,8,9
01,12,190,40,82,63,0,8,5
01,12,360,30,60,55,16,8,-10
01,12,280,30,63,39,0,7,-25
01,12,360,50,42,4,0,0,6
01,12,250,10,2,-11,0,8,8
01,12,360,50,57,44,-1,8,-1
01,12,330,40,61,54,0,8,0
01,12,340,40,60,49,-1,8,-1
01,12,310,50,59,38,9,8,1
01,12,60,30,36,24,0,8,5
01,12,50,70,20,-38,0,3,0
01,12,70,50,1,-48,0,0,5
01,12,10,30,-4,-29,0,0,5
01,12,40,40,1,-22,0,5,-5
01,12,350,20,-25,-45,0,8,0
01,12,220,50,126,121,2,8,-1
01,12,230,50,79,68,0,8,4
01,12,210,120,105,69,0,8,7
01,12,260,80,75,25,0,8,4
01,12,290,100,88,31,0,8,-2
01,12,320,70,81,39,0,8,2
01,12,290,60,92,48,0,8,-5
01,12,290,50,81,45,0,8,3
01,12,250,50,91,77,0,8,3
01,12,230,40,92,60,0,8,2
01,12,250,50,92,73,0,8,-3
01,12,240,70,89,79,-1,8,8
01,12,310,60,66,18,0,3,-4
01,12,340,40,60,6,0,7,3
01,12,80,30,62,1,0,6,-3
01,12,90,30,34,-24,0,0,11
01,12,210,20,45,-9,0,0,9
01,12,220,80,38,16,0,8,-2
01,12,310,20,65,62,23,8,12
01,12,280,60,65,25,0,8,-5
01,12,270,80,107,86,1,8,2
01,12,250,80,75,49,0,8,18
01,12,280,60,59,32,1,7,13
01,12,210,30,43,33,0,8,4
01,12,130,40,55,30,-1,8,4
01,12,140,60,59,37,-1,8,3
01,12,220,60,75,38,0,0,10
01,12,90,20,38,21,0,8,14
01,12,50,50,-2,-30,0,8,1
01,12,90,10,-10,-28,-1,8,-3
01,12,50,60,-31,-77,0,0,7
01,12,290,30,72,59,-1,8,2
01,12,230,50,74,56,0,3,6
01,12,250,50,108,105,1,8,1
01,12,260,40,98,95,-1,8,-2
01,12,280,30,83,80,-1,8,-1
01,12,270,40,98,89,0,8,-1
01,12,210,40,88,78,0,8,-2
01,12,230,50,73,55,0,8,0
01,12,210,50,56,53,10,8,1
01,12,270,40,69,41,0,1,3
01,12,50,30,20,-39,0,2,2
01,12,100,30,19,-52,0,0,1
01,12,60,50,-3,-63,0,0,7
01,12,270,20,-28,-43,0,8,4
01,12,30,40,-16,-26,2,8,-7
01,12,70,20,-65,-69,-1,8,7
01,12,350,10,-54,-58,-1,8,2
01,12,100,50,-6,-38,0,8,1
01,12,60,60,-36,-63,0,8,0
01,12,70,60,-47,-61,7,8,5
01,12,110,20,0,-8,-1,8,3
01,12,60,20,-9,-31,0,8,8
01,12,30,20,-26,-46,0,8,4
01,12,60,50,-27,-45,0,8,3
01,12,180,20,-21,-43,0,8,4
01,12,190,50,-13,-31,1,8,1
01,12,200,80,43,35,10,8,2
01,12,220,60,61,40,0,8,10
01,12,230,80,109,102,1,8,2
01,12,260,60,115,91,-1,7,-4
01,12,220,130,75,53,-1,8,11
01,12,180,70,81,34,0,1,5
01,12,240,80,99,61,0,8,4
01,12,210,70,121,78,0,7,4
01,12,150,50,91,51,0,8,13
01,12,210,70,73,33,0,0,-5
01,12,200,90,136,91,0,8,5
01,12,210,100,122,66,0,5,7
01,12,220,70,105,64,0,7,3
01,12,230,110,121,65,0,8,-14
01,12,230,60,84,47,0,1,6
01,12,240,70,62,49,7,8,4
01,12,160,20,54,26,0,0,12
01,12,230,70,101,59,0,3,-5
01,12,140,40,70,36,-1,8,-1
01,12,170,60,44,29,4,8,2
01,12,170,60,95,69,-1,8,-4
01,12,190,60,91,45,0,7,6
01,12,150,50,96,42,0,3,3
01,12,130,20,76,34,0,8,5
01,12,10,20,50,43,-1,8,2
01,12,190,10,45,35,0,8,7
01,12,160,40,36,-4,0,1,8
01,12,190,40,37,29,-1,8,7
01,12,240,20,59,33,0,7,1
01,12,190,50,51,-1,0,7,7
01,12,210,50,58,23,0,8,-2
01,12,220,70,37,8,0,8,6
01,12,160,100,67,4,0,1,3
01,12,90,60,33,-14,0,1,6
01,12,120,30,62,8,0,7,0
01,12,190,50,72,24,0,0,8
01,12,210,60,35,-6,0,0,10
01,12,280,60,81,9,0,8,7
01,12,180,40,20,13,6,8,0
01,12,270,30,61,33,0,1,-3
01,12,220,40,9,6,0,8,8
01,12,170,30,26,-22,0,8,0
01,12,230,60,63,33,0,0,4
01,12,210,70,83,78,34,8,4
01,12,240,100,110,87,0,8,2
01,12,240,110,119,103,2,8,6
01,12,270,100,63,5,0,8,3
01,12,230,110,90,42,0,8,1
01,12,210,60,82,74,18,8,1
01,12,230,80,40,22,0,8,5
01,12,200,130,102,55,-1,8,-9
01,12,200,40,71,26,0,8,8
01,12,230,50,48,9,0,0,6
01,12,190,50,47,24,-1,6,3
01,12,130,10,24,9,-1,8,-1
01,12,990,10,24,-1,0,8,5
01,12,110,40,11,-34,0,8,12
01,12,40,50,-8,-30,0,8,-1
01,12,190,30,-19,-29,0,8,0
01,12,260,30,26,14,0,4,17
01,12,220,40,30,23,-1,8,7
01,12,220,50,61,58,2,8,10
01,12,270,40,63,41,0,8,4
01,12,200,100,63,37,0,8,-4
01,12,220,80,48,6,0,3,-1
01,12,250,30,18,7,0,8,4
01,12,220,50,44,10,0,5,6
01,12,150,20,69,53,0,3,4
01,12,130,40,65,54,-1,8,9
01,12,170,50,81,49,0,8,3
01,12,210,40,79,60,0,8,-4
01,12,180,40,83,50,0,8,-1
01,12,70,20,76,59,0,8,3
01,12,120,50,63,49,13,8,0
01,12,210,60,75,33,0,1,8
01,12,180,50,82,43,0,8,0
01,12,200,60,91,36,0,0,3
01,12,140,40,56,51,3,8,8
01,12,240,70,72,37,0,8,4
01,12,250,40,61,49,4,8,-4
01,12,190,50,36,20,0,8,7
01,12,310,30,37,20,0,8,1
01,12,320,50,31,2,1,8,16
01,12,10,30,20,-23,0,5,5
01,12,140,20,-8,-49,0,3,5
01,12,230,20,-8,-54,0,8,6
01,12,230,40,6,-13,-1,8,14
01,12,170,40,27,-1,0,8,8
01,12,150,50,25,-27,0,8,-1
01,12,230,50,65,63,0,9,1
01,12,220,50,79,74,1,8,2
01,12,160,50,142,92,0,0,12
01,12,220,70,115,84,0,7,5
01,12,210,100,115,87,0,8,5
01,12,260,40,79,14,0,0,4
01,12,220,100,88,55,0,8,4
01,12,270,90,75,56,18,8,-6
01,12,220,60,62,49,3,8,4
01,12,210,60,-19,-25,0,8,-2
01,12,270,20,48,22,0,1,10
01,12,230,60,38,20,0,7,-5
01,12,310,60,59,17,-1,7,3
01,12,30,40,33,-27,0,0,-3
01,12,160,30,-12,-62,0,4,9
01,12,210,50,-11,-14,1,8,0
01,12,290,10,49,49,0,9,2
01,12,200,50,56,39,0,8,-2
01,12,230,30,60,47,0,7,1
01,12,260,60,90,78,0,8,5
01,12,230,80,68,25,0,8,5
01,12,230,50,25,10,0,1,9
01,12,240,40,23,16,3,8,3
01,12,230,20,18,12,0,8,8
01,12,50,20,-5,-6,0,8,1
01,12,150,10,-2,-43,0,2,2
01,12,50,30,-16,-40,0,8,4
01,12,90,30,17,-56,0,0,12
01,12,40,20,35,-58,0,8,7
01,12,100,30,41,-33,0,0,5
01,12,250,10,20,-37,0,0,11
01,12,210,10,8,-10,0,8,4
01,12,190,20,15,13,0,8,3
01,12,130,40,-6,-45,0,8,-1
01,12,140,40,-4,-53,0,0,9
01,12,170,30,50,-8,0,8,20
01,12,180,50,93,32,0,8,6
01,12,200,50,61,41,0,8,11
01,12,270,50,74,73,3,8,-1
01,12,350,10,47,12,0,8,2
01,12,200,70,79,37,0,8,0
01,12,230,60,69,42,0,8,-2
01,12,260,130,82,34,3,8,6
01,12,160,30,81,74,2,8,2
01,12,210,50,92,61,0,8,0
01,12,330,20,55,46,0,8,0
01,12,50,80,29,-9,0,7,1
01,12,70,40,31,-5,0,8,8
01,12,130,20,45,23,0,8,4
01,12,190,40,81,59,-1,8,2
01,12,10,20,81,61,0,8,3
01,12,340,10,54,46,0,8,1
01,12,130,40,69,33,0,8,-3
01,12,130,40,57,9,0,0,1
01,12,190,90,67,38,1,8,-2
01,12,260,60,47,19,4,7,12
01,12,250,70,48,16,1,8,8
01,12,270,90,55,29,4,8,4
01,12,230,70,51,22,0,3,-6
01,12,190,30,33,26,4,8,0
01,12,240,40,54,23,0,2,-4
01,12,270,40,87,66,0,8,3
01,12,190,60,100,50,0,8,4
01,12,200,100,138,100,0,8,-1
01,12,180,30,84,72,1,8,3
01,12,230,20,69,56,0,7,6
01,12,200,50,68,23,0,7,3
01,12,240,70,109,79,0,8,5
01,12,250,90,106,58,0,8,-2
01,12,250,40,65,45,0,8,3
01,12,230,90,82,66,29,8,-3
01,12,270,40,83,79,1,8,4
01,12,330,50,62,21,0,8,0
01,12,320,30,57,20,0,8,1
01,12,270,40,42,22,0,8,-1
01,12,310,50,71,45,0,8,-3
01,12,280,30,65,42,0,8,1
01,12,220,40,66,61,-1,8,3
01,12,310,80,81,34,0,8,-2
01,12,350,60,67,13,0,6,2
01,12,350,20,37,8,0,8,3
01,12,310,30,77,72,8,8,3
01,12,240,70,64,58,8,8,7
01,12,270,70,91,82,17,8,-1
01,12,310,40,58,26,-1,8,-6
01,12,240,60,71,38,0,8,-1
01,12,210,70,56,25,0,8,5
01,12,290,50,41,28,2,8,3
01,12,150,30,0,-6,0,8,-8
01,12,120,30,17,-20,0,8,8
01,12,100,20,16,-59,0,0,6
01,12,200,20,18,-41,0,0,9
01,12,170,50,-20,-30,3,8,2
01,12,40,30,-6,-38,0,8,0
01,12,260,20,-21,-51,0,8,5
01,12,210,50,5,-5,0,8,4
01,12,230,60,76,57,0,8,0
01,12,230,60,65,57,4,8,-9
01,12,320,80,57,8,-1,8,7
01,12,190,50,37,-6,0,7,4
01,12,270,20,16,-20,0,8,4
01,12,190,30,-24,-26,-1,9,5
01,12,180,20,1,-1,0,9,0
01,12,170,30,31,25,0,8,6
01,12,230,70,95,88,5,8,3
01,12,250,60,73,51,0,8,7
01,12,220,30,71,49,0,8,3
01,12,180,50,71,16,0,0,3
01,12,220,60,76,63,0,8,7
01,12,230,50,119,114,-1,8,1
01,12,200,80,124,104,-1,8,-3
01,12,300,40,81,59,-1,8,0
01,12,200,70,68,20,0,8,4
01,12,220,70,68,58,6,8,7
01,12,190,50,82,56,0,8,6
01,12,200,80,99,70,0,8,8
01,12,190,80,126,48,0,8,-9
01,12,180,50,105,67,0,8,7
01,12,190,40,89,77,2,8,3
01,12,260,50,63,27,0,7,-1
01,12,20,50,70,30,0,5,1
01,12,170,20,33,30,0,8,5
01,12,210,20,-5,-7,0,8,4
01,12,240,20,23,21,0,8,5
01,12,60,40,53,20,0,8,-2
01,12,260,10,13,3,0,8,2
01,12,180,20,11,0,0,8,4
01,12,200,40,92,58,0,4,7
01,12,210,50,93,77,0,8,0
01,12,240,90,55,24,-1,7,7
01,12,250,70,63,30,0,4,2
01,12,200,60,92,53,0,8,8
01,12,220,80,111,87,0,8,7
01,12,240,46,49,28,0,6,7
01,12,240,77,113,94,1,8,5
01,12,220,41,88,66,0,7,2
01,12,240,67,75,34,0,6,-30
01,12,200,103,60,33,-1,8,-2
01,12,250,103,68,0,0,5,-1
01,12,240,82,87,51,0,5,-1
01,12,210,51,71,48,0,7,7
01,12,210,62,78,37,0,7,3
01,12,250,129,102,16,0,7,0
01,12,210,51,82,58,0,8,4
01,12,250,36,45,32,-1,8,-2
01,12,20,31,41,8,0,1,6
01,12,80,77,15,-19,0,1,5
01,12,90,77,20,-95,0,0,8
01,12,140,57,11,-74,0,0,2
01,12,160,31,31,-35,0,0,13
01,12,150,31,-10,-14,0,8,6
01,12,280,15,31,25,7,8,4
01,12,200,51,9,5,0,9,7
01,12,300,31,65,37,0,7,2
01,12,70,36,42,24,0,7,4
01,12,30,5,-8,-12,-1,8,1
01,12,100,26,3,-18,-1,8,7
01,12,90,15,9,-5,0,8,2
01,12,20,26,18,6,-1,8,1
01,12,30,15,41,4,0,7,4
01,12,110,41,27,-9,0,7,-4
01,12,90,31,5,-14,0,0,13
01,12,140,67,11,-32,0,6,4
01,12,160,41,3,-41,0,0,5
01,12,230,77,51,34,0,8,6
01,12,230,93,57,34,0,8,-1
01,12,210,82,46,15,0,8,2
01,12,240,36,71,57,-1,8,2
01,12,240,67,107,96,3,8,5
01,12,250,51,108,82,0,7,-3
01,12,230,62,40,24,0,8,-2
01,12,210,93,91,49,0,7,0
01,12,240,41,110,75,-1,7,-13
01,12,70,57,48,11,0,6,7
01,12,30,10,-28,-31,0,9,1
01,12,240,26,-12,-13,0,9,7
01,12,340,10,51,5,0,8,1
01,12,290,15,53,38,0,8,5
01,12,300,21,67,44,0,7,0
01,12,250,41,50,15,0,8,-1
01,12,330,31,65,8,-1,7,1
01,12,280,15,64,44,0,2,10
01,12,250,51,54,47,4,8,4
01,12,70,87,10,-11,0,8,-5
01,12,100,51,-7,-84,0,3,-1
01,12,80,41,-21,-74,0,0,5
01,12,50,15,-27,-49,0,0,8
01,12,990,5,-8,-27,0,3,12
01,12,260,5,-48,-52,0,9,5
01,12,350,21,28,27,0,7,15
01,12,130,10,-5,-6,0,8,2
01,12,90,26,-20,-23,0,8,3
01,12,30,15,11,-1,0,5,2
01,12,20,10,3,0,0,8,0
01,12,130,5,-8,-11,0,8,2
01,12,120,36,-14,-34,0,0,9
01,12,110,46,-10,-80,0,0,6
01,12,90,31,-49,-92,0,0,8
01,12,160,41,-41,-89,0,7,8
01,12,190,72,46,-39,0,7,5
01,12,220,67,86,86,-1,8,2
01,12,160,26,64,37,0,6,0
01,12,260,41,64,29,0,7,6
01,12,210,93,89,70,-1,8,11
01,12,200,103,119,93,-1,8,0
01,12,220,108,108,86,3,8,0
01,12,240,82,68,29,0,6,3
01,12,160,51,56,17,0,7,5
01,12,250,103,86,17,0,1,0
01,12,180,82,103,66,0,7,13
01,12,220,103,137,96,0,7,3
01,12,210,93,115,52,0,4,2
01,12,250,62,78,27,0,1,7
01,12,260,82,79,32,0,7,-3
01,12,220,108,95,83,7,8,1
01,12,230,87,102,65,0,4,5
01,12,250,67,101,90,9,8,-6
01,12,230,57,77,37,0,7,0
01,12,260,113,100,35,0,8,-1
01,12,290,67,44,-10,-1,7,2
01,12,240,82,29,-2,0,7,6
01,12,300,31,51,-3,0,7,1
01,12,250,62,78,78,0,8,10
01,12,60,57,44,44,-1,8,-3
01,12,120,62,34,6,0,5,0
01,12,100,5,9,-13,0,1,11
01,12,250,41,46,31,0,5,2
01,12,260,87,82,74,14,8,-5
01,12,170,41,73,59,0,8,1
01,12,210,98,84,42,0,5,6
01,12,180,82,64,55,8,8,7
01,12,150,41,76,59,0,8,3
01,12,240,51,53,27,0,7,0
01,12,190,46,42,20,0,7,8
01,12,140,26,34,18,0,7,6
01,12,140,31,59,36,0,7,3
01,12,210,21,59,58,0,8,-1
01,12,190,67,85,68,-1,8,-1
01,12,220,77,89,80,17,7,-3
01,12,230,98,82,46,-1,6,8
01,12,210,62,58,40,0,7,2
01,12,10,31,51,14,0,3,3
01,12,10,10,14,-13,0,1,7
01,12,230,93,25,6,0,7,-1
01,12,220,62,24,23,5,8,2
01,12,230,51,42,24,0,0,5
01,12,200,62,47,26,0,8,4
01,12,230,72,77,77,1,8,1
01,12,270,72,105,88,4,8,-5
01,12,240,36,60,33,0,7,3
01,12,260,93,110,108,2,7,1
01,12,280,67,67,24,-1,6,1
01,12,230,118,80,76,3,8,3
01,12,290,98,50,-35,0,6,0
01,12,220,57,25,-11,0,8,-2
01,12,270,67,86,77,1,7,3
01,12,250,51,67,37,0,5,3
01,12,260,57,17,14,1,7,4
01,12,310,51,51,3,0,3,-10
01,12,70,21,19,-7,0,7,0
01,12,160,21,-35,-39,0,3,-4
01,12,150,41,-26,-59,0,1,2
01,12,170,21,-33,-47,0,8,3
01,12,0,0,-10,-38,0,3,-22
01,12,180,57,-2,-13,0,8,0
01,12,230,46,40,40,0,7,1
01,12,270,36,39,33,9,8,16
01,12,300,51,41,15,0,2,9
01,12,10,51,48,4,0,5,0
01,12,220,31,36,35,0,7,12
01,12,210,36,54,54,-1,8,4
01,12,210,46,70,70,3,8,2
01,12,160,62,60,32,0,0,5
01,12,160,72,68,0,0,3,7
01,12,210,36,68,56,-1,8,1
01,12,180,72,68,19,0,3,0
01,12,220,82,92,32,0,7,1
01,12,190,93,73,22,0,3,0
01,12,220,51,65,55,10,8,2
01,12,230,108,69,30,-1,7,12
01,12,260,77,65,31,0,6,1
01,12,0,0,46,36,0,8,1
01,12,200,118,106,82,8,7,3
01,12,250,67,39,-5,0,5,-1
01,12,250,98,93,66,0,7,4
01,12,210,82,87,83,13,8,4
01,12,330,36,57,7,0,5,1
01,12,200,108,35,-1,0,8,-15
01,12,70,31,1,1,0,8,1
01,12,60,41,-10,-21,0,7,1
01,12,80,31,0,-19,0,5,1
01,12,120,46,22,-2,0,2,-3
01,12,110,57,8,-52,0,5,8
01,12,110,67,-22,-71,0,7,2
01,12,170,41,65,64,1,8,10
01,12,150,36,66,59,0,5,7
01,12,150,46,63,38,-1,8,0
01,12,140,21,82,73,0,7,-5
01,12,150,41,83,68,0,5,8
01,12,140,26,96,70,0,7,8
01,12,200,57,110,73,0,2,-3
01,12,90,31,87,60,0,6,11
01,12,120,26,59,39,0,7,16
01,12,150,21,27,27,0,8,13
01,12,110,31,16,16,0,8,-2
01,12,130,26,0,0,0,7,5
01,12,110,31,-11,-11,0,8,3
01,12,100,57,-2,-34,0,8,3
01,12,80,62,2,-46,0,7,1
01,12,90,67,16,-37,0,0,-1
01,12,70,87,-24,-75,0,7,2
01,12,80,82,-3,-61,0,7,1
01,12,80,98,-77,-147,0,3,11
01,12,70,87,-90,-128,-1,8,-5
01,12,80,67,-33,-71,0,7,3
01,12,70,77,-24,-87,0,0,-5
01,12,80,67,-7,-55,0,3,3
01,12,70,62,10,-46,0,0,6
01,12,60,41,14,-55,0,0,4
01,12,40,50,-106,-143,0,0,5
01,12,80,30,-116,-139,0,1,14
01,12,70,60,-69,-99,0,7,8
01,12,40,60,-46,-69,0,8,1
01,12,70,40,-38,-64,-1,8,-2
01,12,70,40,-57,-89,0,6,1
01,12,60,40,-48,-71,0,7,-1
01,12,70,50,-72,-93,0,0,5
01,12,70,60,-57,-88,0,7,3
01,12,60,30,-29,-57,-1,8,2
01,12,160,20,-31,-57,0,7,2
01,12,170,30,3,-32,0,8,8
01,12,200,40,62,-19,0,6,11
01,12,150,30,59,-40,0,5,9
01,12,200,10,42,-33,0,0,15
01,12,120,10,38,-17,0,0,9
01,12,150,30,76,-6,0,1,9
01,12,220,40,54,53,0,8,-2
01,12,140,20,43,43,9,8,5
01,12,10,20,28,28,0,8,2
01,12,90,40,25,19,0,7,2
01,12,160,20,73,43,0,7,17
01,12,230,50,80,63,0,1,-1
01,12,350,10,61,61,0,8,14
01,12,90,10,27,21,0,2,14
01,12,30,20,10,9,0,8,0
01,12,350,20,-11,-24,0,8,3
01,12,280,10,24,24,0,8,0
01,12,340,10,24,24,0,8,-2
01,12,60,10,37,37,0,7,4
01,12,290,20,33,29,-1,8,5
01,12,190,40,74,63,0,7,3
01,12,160,60,95,68,-1,8,-1
01,12,200,110,89,80,5,8,8
01,12,190,80,80,49,-1,7,11
01,12,190,60,54,39,10,8,1
01,12,260,60,75,43,0,5,3
01,12,220,90,110,75,-1,7,-17
01,12,220,90,103,77,0,7,0
01,12,230,70,116,92,0,7,3
01,12,180,40,102,52,0,4,7
01,12,180,40,96,36,0,0,7
01,12,200,40,110,67,0,4,8
01,12,160,40,91,57,0,7,13
01,12,210,110,100,67,-1,7,-5
01,12,200,90,72,57,-1,8,4
01,12,220,60,83,69,0,6,2
01,12,230,70,61,39,0,7,0
01,12,150,70,58,-18,0,8,-4
01,12,300,60,69,57,2,7,-11
01,12,340,50,47,27,0,8,-6
01,12,70,30,9,-33,0,8,-1
01,12,80,50,8,-29,0,2,-4
01,12,40,40,18,4,0,8,0
01,12,10,60,37,-5,0,7,0
01,12,70,100,1,-50,0,7,1
01,12,40,40,-1,-37,0,1,11
01,12,80,10,-8,-32,0,1,11
01,12,230,40,11,-23,0,8,8
01,12,150,20,10,10,0,8,4
01,12,230,60,23,23,2,8,4
01,12,70,90,11,-90,0,1,4
01,12,140,30,69,39,-1,7,5
01,12,190,80,89,63,4,8,-13
01,12,140,70,47,40,35,8,4
01,12,220,110,128,121,0,8,0
01,12,200,70,142,112,0,7,5
01,12,200,60,126,70,0,7,11
01,12,250,50,70,59,0,7,5
01,12,240,100,67,37,0,5,-3
01,12,360,50,40,-5,0,,0
01,12,70,50,5,-24,0,,7
01,12,350,50,-2,-27,0,2,9
01,12,220,50,14,-4,0,7,1
01,12,250,60,42,27,0,5,4
01,12,270,70,67,33,0,6,3
01,12,210,90,79,72,-1,8,6
01,12,210,110,103,82,0,,-6
01,12,200,60,71,51,0,,-1
01,12,200,60,71,50,0,1,7
01,12,190,80,98,64,0,7,3
01,12,180,60,120,94,0,7,-7
01,12,230,30,83,82,0,8,3
01,12,30,30,61,50,0,1,8
01,12,200,20,57,57,0,8,-1
01,12,230,60,73,70,0,8,0
01,12,230,120,124,101,-1,8,-1
01,12,230,80,66,40,0,7,5
01,12,310,50,74,42,0,7,-14
01,12,290,50,64,57,8,7,-9
01,12,50,50,9,-41,0,4,3
01,12,320,20,10,-47,0,,11
01,12,360,20,50,-38,0,,-1
01,12,260,30,74,74,0,,4
01,12,210,40,72,72,0,,6
01,12,210,70,87,75,-1,8,-3
01,12,200,60,78,77,21,8,2
01,12,190,40,65,47,0,6,9
01,12,210,60,95,70,0,7,-1
01,12,220,80,69,58,0,7,3
01,12,210,60,65,62,4,,3
01,12,280,20,50,50,0,,10
01,12,160,10,-2,-2,0,7,6
01,12,200,40,25,25,0,3,8
01,12,200,50,25,-12,0,6,7
01,12,190,60,35,-21,0,7,4
01,12,210,20,29,23,0,8,6
01,12,30,30,46,15,0,,1
01,12,310,30,65,55,0,,2
01,12,320,70,71,54,0,8,1
01,12,330,70,80,59,3,6,3
01,12,320,40,52,20,0,7,-1
01,12,260,60,52,22,0,8,-3
01,12,330,50,69,32,0,5,-13
01,12,300,40,56,38,-1,,4
01,12,20,50,17,-8,0,,-4
01,12,110,10,-7,-63,0,1,1
01,12,260,30,31,-46,0,0,5
01,12,240,50,32,-11,0,7,4
01,12,240,70,37,-14,0,1,8
01,12,230,60,26,0,0,8,5
01,12,240,100,103,84,-1,,5
01,12,250,30,96,72,0,,6
01,12,260,70,112,81,0,8,2
01,12,170,60,46,37,1,,9
01,12,190,70,109,73,0,7,3
01,12,250,50,71,35,0,6,13
01,12,150,50,89,64,0,8,3
01,12,190,80,87,74,11,8,3
01,12,220,70,76,58,0,,2
01,12,200,60,62,43,0,,2
01,12,230,60,55,35,0,7,4
01,12,210,40,57,45,0,7,-5
01,12,80,50,37,13,0,8,2
01,12,60,80,30,4,0,3,6
01,12,60,30,30,-29,0,7,2
01,12,60,50,14,-18,0,,9
01,12,50,50,2,-12,0,,1
01,12,80,50,1,-37,0,0,7
01,12,100,40,-1,-49,0,0,10
01,12,50,10,-16,-60,0,4,10
01,12,90,20,2,-3,-1,8,11
01,12,990,10,5,3,0,,2
01,12,190,10,5,5,2,,-1
01,12,140,40,10,-23,0,,-1
01,12,120,20,39,39,-1,8,19
01,12,190,60,84,57,0,6,1
01,12,220,80,97,67,0,8,2
01,12,160,50,72,61,10,,0
01,12,190,70,63,33,0,8,-4
01,12,280,80,39,27,12,,5
01,12,250,40,62,38,0,,0
01,12,30,20,62,17,0,7,-5
01,12,240,30,23,22,0,8,11
01,12,40,30,24,23,0,7,8
01,12,240,50,-9,-9,0,,1
01,12,990,10,-33,-33,0,7,4
01,12,100,50,-8,-46,0,3,-1
01,12,120,40,-13,-95,0,0,6
01,12,210,20,2,-45,0,,8
01,12,260,20,15,15,0,,2
01,12,340,10,53,51,0,7,0
01,12,150,30,31,21,0,8,-2
01,12,100,20,12,1,0,0,9
01,12,120,30,9,-5,0,7,7
01,12,220,50,36,28,-1,8,1
01,12,230,50,48,38,0,,-1
01,12,160,30,65,25,0,,8
01,12,170,40,22,10,0,8,2
01,12,170,50,41,22,-1,8,-10
01,12,200,30,48,48,0,7,10
01,12,200,50,53,44,0,8,6
01,12,230,60,57,49,0,7,6
01,12,260,90,89,53,0,,6
01,12,220,110,90,65,0,,3
01,12,230,80,117,111,-1,8,-5
01,12,230,80,89,75,5,7,-9
01,12,170,50,76,47,-1,8,-3
01,12,230,100,97,85,4,8,5
01,12,210,50,58,33,0,7,1
01,12,210,110,111,71,0,,1
01,12,250,50,102,72,0,,4
01,12,250,140,130,71,0,2,-8
01,12,230,80,94,65,0,7,9
01,12,200,60,123,91,0,7,-6
01,12,260,80,101,45,0,,4
01,12,150,50,34,28,19,,11
01,12,160,40,92,89,27,7,15
01,12,240,40,70,64,6,8,-1
01,12,30,60,-11,-47,0,,1
01,12,220,40,-28,-42,1,,5
01,12,20,50,-7,-39,0,5,0
01,12,60,50,-47,-72,0,7,8
01,12,80,50,-39,-117,0,6,1
01,12,50,50,-54,-137,0,1,10
01,12,110,40,-29,-95,0,5,5
01,12,60,20,-2,-62,0,,4
01,12,220,50,-2,-33,0,,5
01,12,260,60,68,57,0,8,4
01,12,240,70,81,64,0,8,3
01,12,210,80,57,13,0,8,-1
01,12,240,50,71,47,0,3,3
01,12,190,70,47,11,0,2,6
01,12,230,60,46,36,0,,3
01,12,160,50,54,14,0,,4
01,12,190,70,89,60,0,8,4
01,12,170,50,91,61,0,6,10
01,12,210,70,86,55,0,6,-26
01,12,320,50,67,59,18,8,3
01,12,220,20,51,11,0,1,5
01,12,210,80,53,20,0,,8
01,12,220,40,57,48,0,,3
01,12,280,50,99,88,0,8,-2
01,12,260,90,66,21,0,7,3
01,12,360,50,43,30,3,8,6
01,12,240,40,11,3,-1,7,3
01,12,30,40,-13,-69,0,2,2
01,12,150,40,2,-25,0,,-7
01,12,60,60,-5,-50,0,,2
01,12,150,10,-6,-29,0,,0
01,12,250,40,20,17,-1,,14
01,12,220,50,49,37,0,8,2
01,12,210,70,68,62,-1,8,2
01,12,220,40,82,77,0,8,2
01,12,150,80,62,30,0,7,3
01,12,220,60,74,56,-1,7,-4
01,12,210,40,56,40,0,,1
01,12,230,100,121,109,11,,0
01,12,180,50,55,41,2,8,-1
01,12,250,100,98,51,0,8,1
01,12,210,50,64,37,0,8,-3
01,12,240,70,56,29,0,7,3
01,12,240,110,66,43,2,8,-2
01,12,240,90,56,25,0,,-8
01,12,40,20,22,-21,0,,-1
01,12,250,60,63,55,7,8,4
01,12,50,40,47,7,0,6,-1
01,12,80,30,24,-37,0,3,4
01,12,180,50,24,-28,0,8,3
01,12,180,30,51,-14,0,3,3
01,12,180,30,17,11,5,,5
01,12,240,40,54,45,0,,5
01,12,120,50,20,4,0,8,2
01,12,270,20,9,-5,0,7,4
01,12,270,70,20,17,14,7,3
01,12,240,30,13,10,3,6,8
01,12,220,70,28,-1,0,7,7
01,12,190,80,74,53,4,,3
01,12,220,40,77,59,0,,3
01,12,260,70,64,10,0,,-3
01,12,240,60,69,49,0,,1
01,12,230,90,65,30,0,,-1
01,12,210,50,62,49,0,,2
01,12,240,60,82,58,0,,-1
01,12,220,110,119,85,0,,5
01,12,240,160,118,62,0,,-4
01,12,230,80,93,49,0,,-3
01,12,210,90,139,66,0,,0
01,12,210,70,103,75,-1,,6
01,12,220,90,96,57,0,,6
01,12,250,70,69,31,0,,1
01,12,230,20,58,35,0,,10
01,12,150,40,27,2,0,,12
01,12,160,30,33,-7,0,,11
01,12,210,70,65,43,0,,0
01,12,270,30,33,19,18,,0
01,12,280,80,69,26,0,,5
01,12,260,90,112,72,0,,-5
01,12,280,80,69,18,0,,-17
01,12,300,30,66,28,0,,6
01,12,310,40,56,0,0,,-1
01,12,20,60,21,-20,0,,6
01,12,30,40,0,-26,0,,7
01,12,30,40,-4,-31,0,,0
01,12,280,40,10,-2,0,,3
01,12,190,10,14,14,0,,0
01,12,240,30,11,-7,0,,6
01,12,310,30,70,59,0,,4
01,12,270,80,70,55,0,,-1
01,12,200,30,60,31,0,,1
01,12,300,20,34,33,0,,10
01,12,240,20,31,13,0,,-1
01,12,70,50,28,13,0,,-3
01,12,70,50,10,-11,0,,1
01,12,80,50,26,2,0,,2
01,12,80,40,39,12,0,,2
01,12,90,40,41,10,0,,5
01,12,100,30,21,-10,0,,7
01,12,180,40,29,2,0,,10
01,12,200,70,38,28,6,,1
01,12,160,30,49,27,0,,1
01,12,150,30,31,8,0,,0
01,12,160,40,42,-6,0,,8
01,12,120,40,-3,-33,0,,7
01,12,160,40,32,-14,0,,12
01,12,210,60,48,42,10,,4
01,12,280,30,65,48,0,,8
01,12,180,40,57,55,-1,,4
01,12,210,80,97,72,0,,1
01,12,300,40,76,46,0,,0
01,12,80,30,9,-13,0,,-3
01,12,120,50,-12,-86,0,,7
01,12,130,30,11,-83,0,,5
01,12,270,30,31,22,0,,7
01,12,40,60,2,-14,1,,2
01,12,50,40,-14,-79,0,,-2
01,12,50,60,-1,-80,0,,10
01,12,60,60,34,-99,0,,9
01,12,60,50,27,5,0,,-2
01,12,70,30,29,-8,0,,1
01,12,260,70,77,61,3,,2
01,12,240,70,58,48,6,,7
01,12,210,60,65,52,0,,4
01,12,260,80,98,67,0,,-4
01,12,240,60,84,71,0,,5
01,12,230,30,84,66,-1,,-2
01,12,220,80,88,67,0,,3
01,12,260,50,97,73,0,,-3
01,12,240,100,138,82,0,,-2
01,12,220,100,138,77,0,,-19
01,12,220,150,77,57,7,,12
01,12,240,80,98,68,0,,2
01,12,220,60,106,98,0,,3
01,12,260,70,88,31,0,,-1
01,12,220,60,81,44,0,,5
01,12,210,60,86,77,0,,4
01,12,210,90,120,83,0,,-6
01,12,230,170,128,115,1,,0
01,12,280,100,111,59,0,,2
01,12,240,110,108,99,6,,-8
01,12,260,110,59,33,2,,12
01,12,30,40,43,23,4,,1
01,12,50,20,-14,-55,0,,4
01,12,240,10,-29,-33,0,,3
01,12,40,40,0,-33,0,,-3
01,12,230,70,12,-18,0,,12
01,12,290,40,59,28,0,,1
01,12,240,60,58,40,2,,10
01,12,300,40,94,70,0,,-2
01,12,250,30,89,73,0,,4
01,12,250,80,74,36,0,,-1
01,12,90,30,16,13,0,9,-2
01,12,100,50,12,-17,0,0,2
01,12,110,50,10,-42,0,8,3
01,12,140,40,36,-5,-1,8,-3
01,12,210,60,79,61,-1,8,-9
01,12,240,60,65,39,0,0,1
01,12,250,110,80,21,0,8,5
01,12,200,60,68,46,0,8,-2
01,12,220,60,69,48,-1,8,5
01,12,190,80,80,33,0,8,8
01,12,160,50,109,64,0,8,7
01,12,270,60,64,38,0,8,3
01,12,190,60,78,31,0,8,6
01,12,200,70,80,40,0,8,6
01,12,190,100,88,53,2,8,-4
01,12,220,80,81,46,0,8,1
01,12,200,60,74,46,0,8,4
01,12,220,80,84,58,0,8,1
01,12,240,100,120,106,1,8,-2
01,12,240,100,122,100,0,8,-3
01,12,230,110,99,82,0,8,2
01,12,330,40,73,21,0,0,3
01,12,210,70,58,36,-1,8,11
01,12,230,70,99,77,0,8,-5
01,12,230,90,75,40,0,3,6
01,12,250,80,98,44,0,0,9
01,12,270,60,84,58,0,8,5
01,12,250,40,85,53,0,8,2
01,12,210,40,61,22,0,8,-2
01,12,310,20,44,26,8,8,6
01,12,200,110,39,3,0,8,4
01,12,270,20,-12,-21,0,8,2
01,12,40,40,19,10,0,8,-11
01,12,230,20,-34,-36,0,8,10
01,12,250,50,15,-12,0,8,3
01,12,50,70,-16,-31,0,1,-1
01,12,40,30,-59,-98,0,0,3
01,12,230,40,-31,-40,0,8,8
01,12,160,20,-41,-41,0,9,-2
01,12,100,10,-62,-64,0,0,4
01,12,200,20,-67,-69,0,0,9
01,12,190,40,-1,-47,0,0,11
01,12,190,70,44,-21,0,1,3
01,12,210,50,43,41,9,8,1
01,12,250,30,51,45,0,8,1
01,12,160,40,53,11,0,0,4
01,12,150,40,21,0,0,8,5
01,12,200,60,70,47,0,8,-1
01,12,210,80,61,47,2,8,7
01,12,160,70,58,49,1,8,29
01,12,220,70,60,23,0,1,5
01,12,210,60,52,31,0,7,-2
01,12,160,90,54,7,-1,7,-3
01,12,160,60,73,65,-1,8,3
01,12,280,30,46,29,0,8,0
01,12,160,50,40,1,0,0,8
01,12,100,40,41,0,0,3,7
01,12,60,20,22,0,0,0,6
01,12,170,30,28,-21,0,0,6
01,12,100,30,12,-10,0,2,1
01,12,110,40,37,-15,0,2,3
01,12,100,80,21,-30,0,1,4
01,12,30,50,1,-31,-1,8,1
01,12,220,60,-10,-19,0,8,4
01,12,350,20,-37,-61,0,8,1
01,12,200,50,-36,-51,0,8,5
01,12,210,30,-13,-21,0,1,5
01,12,180,10,-40,-44,0,2,2
01,12,150,20,-38,-55,0,5,-2
01,12,30,40,-53,-61,0,7,18
01,12,30,90,-12,-29,-1,8,2
01,12,50,40,-7,-26,-1,8,3
01,12,40,30,1,-16,0,8,2
01,12,90,40,-18,-34,0,1,4
01,12,90,40,-20,-52,0,8,11
01,12,90,40,24,-2,0,0,4
01,12,180,20,15,-1,0,8,3
01,12,130,70,11,-8,0,8,-2
01,12,280,50,58,52,-1,8,4
01,12,210,50,39,36,0,8,4
01,12,250,20,58,51,0,8,3
01,12,100,60,55,13,0,0,5
01,12,120,40,34,12,0,8,2
01,12,120,30,49,18,0,1,5
01,12,110,40,17,-7,0,8,3
01,12,100,20,9,-11,-1,8,1
01,12,30,30,-16,-37,0,8,2
01,12,50,40,-44,-91,0,1,9
01,12,220,70,-18,-69,0,8,3
01,12,280,50,44,19,0,7,0
01,12,230,60,29,25,5,8,4
01,12,320,30,-5,-15,0,4,2
01,12,230,50,5,4,0,3,6
01,12,260,30,36,35,2,8,5
01,12,280,20,29,8,0,4,8
01,12,220,30,7,4,0,7,4
01,12,190,40,6,-18,0,8,1
01,12,150,30,-14,-53,0,5,11
01,12,150,20,48,47,12,8,2
01,12,90,30,37,37,-1,9,3
01,12,210,110,121,72,0,8,-4
01,12,240,60,61,28,0,5,-2
01,12,190,30,42,15,0,0,5
01,12,160,50,32,15,-1,8,3
01,12,180,60,48,41,8,8,4
01,12,240,60,112,109,7,8,4
01,12,230,80,106,98,5,8,4
01,12,210,70,97,69,-1,8,0
01,12,200,60,110,71,0,8,8
01,12,180,40,87,65,0,8,0
01,12,20,20,51,46,4,8,-4
01,12,290,40,58,29,0,7,3
01,12,350,40,36,7,0,1,4
01,12,240,30,5,-4,0,8,6
01,12,360,40,56,43,0,8,-5
01,12,320,20,57,52,0,8,3
01,12,350,30,58,48,0,8,-1
01,12,320,40,53,10,0,8,8
01,12,70,40,40,20,0,8,-1
01,12,50,60,18,-42,0,1,-3
01,12,40,40,-1,-44,0,0,4
01,12,20,20,-7,-25,0,1,5
01,12,40,40,-2,-10,0,8,1
01,12,990,10,-27,-40,0,8,0
01,12,220,60,121,116,1,8,2
01,12,240,60,80,63,0,8,2
01,12,210,140,97,66,0,8,9
01,12,260,80,73,25,0,7,1
01,12,280,100,83,26,0,8,0
01,12,310,50,84,37,-1,7,-3
01,12,290,60,90,42,0,8,-4
01,12,280,50,77,49,0,8,-2
01,12,250,40,89,74,0,8,1
01,12,250,40,90,53,0,8,-1
01,12,250,40,89,66,0,8,-1
01,12,240,80,92,71,0,8,7
01,12,300,50,66,20,0,4,1
01,12,350,30,63,9,0,8,0
01,12,100,30,46,18,0,0,4
01,12,90,20,25,-12,0,0,5
01,12,200,20,31,-9,0,0,9
01,12,220,70,29,5,0,8,9
01,12,260,20,62,59,11,8,9
01,12,280,70,66,17,-1,7,-6
01,12,270,90,106,82,0,8,0
01,12,250,90,66,47,1,8,18
01,12,260,50,63,33,-1,7,-4
01,12,240,30,44,38,0,8,2
01,12,130,40,42,25,-1,8,4
01,12,140,50,45,27,1,8,3
01,12,220,50,70,32,0,0,9
01,12,90,20,15,11,0,8,-1
01,12,50,40,-6,-32,0,8,-4
01,12,70,30,-14,-28,-1,8,1
01,12,50,60,-28,-75,0,0,5
01,12,300,30,67,53,1,8,5
01,12,230,50,74,55,0,2,2
01,12,260,40,108,99,-1,8,-1
01,12,270,50,97,89,0,8,-2
01,12,270,30,86,73,0,8,-2
01,12,290,40,90,77,0,8,1
01,12,230,30,86,74,0,8,0
01,12,240,50,74,55,0,8,0
01,12,220,60,57,52,11,8,0
01,12,260,40,67,39,0,1,1
01,12,130,20,17,-44,0,6,8
01,12,90,40,17,-38,0,0,-3
01,12,70,50,-3,-47,0,0,5
01,12,230,30,-29,-59,0,4,-4
01,12,40,40,-27,-33,-1,8,1
01,12,70,30,-56,-61,0,8,1
01,12,340,20,-51,-59,-1,8,6
01,12,90,50,-13,-39,0,2,3
01,12,70,80,-45,-77,0,8,3
01,12,70,80,-50,-60,5,8,7
01,12,100,20,-6,-8,1,8,4
01,12,70,20,-21,-45,0,8,3
01,12,60,20,-32,-55,0,8,3
01,12,70,30,-24,-45,0,8,2
01,12,100,10,-44,-46,0,7,6
01,12,190,60,-15,-49,-1,8,4
01,12,210,100,41,29,6,8,2
01,12,230,60,57,37,0,8,2
01,12,230,70,105,100,3,8,2
01,12,260,80,115,88,0,8,-3
01,12,230,110,72,54,6,8,14
01,12,180,60,83,37,0,2,-1
01,12,250,80,96,67,-1,8,3
01,12,200,80,117,80,0,6,2
01,12,140,60,82,47,0,8,4
01,12,210,60,70,38,0,0,5
01,12,200,80,132,93,0,8,6
01,12,220,100,121,63,0,2,2
01,12,230,80,103,67,0,1,-2
01,12,240,100,119,73,-1,8,-12
01,12,240,60,80,49,0,1,3
01,12,240,60,56,48,3,8,8
01,12,160,30,52,30,0,0,8
01,12,240,40,100,61,0,7,-3
01,12,150,40,74,43,0,7,1
01,12,170,50,42,31,1,8,1
01,12,140,40,90,68,0,8,-3
01,12,190,50,88,47,0,8,8
01,12,140,40,89,44,0,2,7
01,12,120,50,74,36,0,1,1
01,12,30,30,38,31,0,8,-6
01,12,230,30,41,25,0,8,1
01,12,160,30,44,7,0,3,0
01,12,180,40,31,24,5,8,4
01,12,990,10,55,35,0,8,3
01,12,190,40,49,5,0,7,4
01,12,220,70,60,25,0,8,-4
01,12,200,70,40,12,0,8,1
01,12,150,80,68,3,0,1,2
01,12,90,60,24,-7,0,7,5
01,12,100,30,54,4,0,2,1
01,12,190,40,67,31,0,0,7
01,12,210,60,36,0,0,1,6
01,12,270,60,84,18,0,8,3
01,12,200,50,30,22,2,8,-5
01,12,280,40,66,25,0,0,3
01,12,240,40,12,9,0,8,5
01,12,160,30,25,-15,0,7,5
01,12,230,70,61,30,0,0,4
01,12,210,80,79,74,40,8,4
01,12,250,90,108,83,0,8,6
01,12,240,130,119,102,1,8,-2
01,12,270,80,64,9,0,7,2
01,12,230,120,86,43,0,8,2
01,12,210,80,83,74,15,8,0
01,12,230,80,40,24,0,8,8
01,12,200,140,106,55,-1,8,-8
01,12,200,40,72,31,0,8,7
01,12,220,50,49,13,0,0,5
01,12,190,40,32,20,-1,8,11
01,12,0,0,13,8,1,8,4
01,12,180,20,30,2,0,4,-1
01,12,100,40,10,-29,0,8,12
01,12,40,40,-12,-31,0,8,2
01,12,150,30,-14,-28,0,8,-1
01,12,270,30,27,17,0,6,12
01,12,230,40,31,25,-1,8,2
01,12,220,50,58,55,3,8,10
01,12,280,40,65,41,0,8,2
01,12,200,110,63,39,0,8,-2
01,12,230,110,44,3,0,5,14
01,12,220,40,22,13,0,8,2
01,12,240,40,38,15,0,7,1
01,12,170,10,64,53,0,3,2
01,12,120,50,50,43,4,8,5
01,12,170,50,78,51,0,8,1
01,12,240,40,76,58,0,8,3
01,12,150,30,77,51,0,8,4
01,12,70,30,50,46,0,8,-5
01,12,130,60,64,44,1,8,-1
01,12,210,60,76,36,0,0,3
01,12,170,50,70,38,-1,8,10
01,12,200,90,89,33,0,0,1
01,12,150,40,54,45,20,8,2
01,12,230,70,66,39,0,8,7
01,12,260,30,55,42,11,8,1
01,12,200,60,39,22,-1,8,-1
01,12,360,30,32,5,0,8,-2
01,12,330,60,27,1,-1,8,8
01,12,350,30,19,-26,0,0,0
01,12,130,30,-9,-46,0,1,7
01,12,210,30,-15,-52,0,2,12
01,12,240,40,19,-13,0,8,8
01,12,140,30,25,8,0,6,8
01,12,130,50,16,-22,0,7,3
01,12,230,50,68,65,0,8,-1
01,12,210,50,74,71,1,8,4
01,12,170,40,137,94,0,0,9
01,12,220,70,109,84,0,7,8
01,12,210,100,112,88,0,8,2
01,12,250,50,77,14,0,1,4
01,12,220,110,87,54,0,,4
01,12,280,60,74,59,36,8,-8
01,12,230,40,55,41,2,8,10
01,12,220,50,-8,-12,0,8,-5
01,12,300,20,48,10,0,2,10
01,12,230,70,34,18,0,8,3
01,12,320,60,53,9,-1,7,8
01,12,40,50,22,-45,0,0,0
01,12,160,20,-14,-59,0,4,3
01,12,220,40,-9,-15,1,8,1
01,12,280,10,50,48,0,8,4
01,12,200,50,57,38,0,8,-2
01,12,220,30,58,44,0,8,3
01,12,270,50,91,70,0,8,4
01,12,240,70,71,25,0,8,-1
01,12,250,70,23,0,0,1,9
01,12,240,80,33,2,0,7,-14
01,12,250,20,20,3,0,8,3
01,12,50,30,-19,-21,0,9,0
01,12,70,20,-14,-46,0,6,7
01,12,60,20,-23,-42,0,8,8
01,12,80,10,18,-32,0,0,10
01,12,60,40,32,-61,0,8,-1
01,12,100,20,30,-21,0,0,12
01,12,230,10,15,-31,0,0,19
01,12,230,20,6,-14,0,8,0
01,12,200,10,15,10,0,8,2
01,12,110,40,-3,-43,0,8,2
01,12,120,40,2,-42,0,2,9
01,12,170,50,58,-9,0,8,8
01,12,160,40,79,5,0,8,19
01,12,210,60,62,38,0,8,5
01,12,260,50,75,69,3,8,-1
01,12,30,20,46,21,0,8,2
01,12,210,80,77,41,0,8,3
01,12,230,60,70,45,0,8,-2
01,12,260,110,82,37,6,8,2
01,12,190,30,76,71,1,8,3
01,12,220,60,90,58,0,8,-1
01,12,350,10,50,40,0,8,4
01,12,50,70,24,-12,0,8,1
01,12,80,70,32,-7,0,8,7
01,12,120,20,40,24,0,8,7
01,12,190,40,78,59,2,8,4
01,12,340,10,72,66,0,8,1
01,12,20,20,51,41,0,8,2
01,12,110,30,58,40,0,,2
01,12,120,60,47,1,0,,2
01,12,190,90,67,36,-1,,-2
01,12,260,70,54,15,-1,5,-25
01,12,260,70,40,12,2,8,10
01,12,280,90,56,25,4,8,-4
01,12,230,60,55,29,0,7,-4
01,12,180,30,34,22,-1,8,0
01,12,230,30,54,19,0,2,0
01,12,270,40,83,51,0,8,2
01,12,190,60,92,59,0,8,10
01,12,210,110,138,100,0,8,0
01,12,210,50,90,68,0,8,-2
01,12,230,30,76,64,0,8,0
01,12,200,50,63,22,0,8,5
01,12,250,70,109,76,0,8,-1
01,12,240,90,105,58,0,8,3
01,12,240,30,61,39,0,8,3
01,12,240,70,78,66,19,8,1
01,12,290,40,85,82,2,8,3
01,12,310,40,62,13,0,3,1
01,12,320,20,55,20,0,8,-1
01,12,270,40,46,21,0,8,-3
01,12,310,40,68,56,2,8,-1
01,12,270,20,71,47,-1,8,-2
01,12,230,50,66,64,-1,8,4
01,12,300,60,79,44,1,8,1
01,12,340,60,70,17,0,4,-8
01,12,320,20,36,11,0,8,6
01,12,290,30,77,73,-1,8,3
01,12,240,70,64,60,5,8,8
01,12,270,70,89,84,3,8,0
01,12,310,50,64,17,0,1,-4
01,12,250,60,66,42,0,8,0
01,12,210,80,61,29,0,8,-1
01,12,280,40,30,24,8,8,12
01,12,180,30,28,6,0,6,-1
01,12,120,30,13,-17,0,8,12
01,12,80,20,10,-48,0,0,8
01,12,220,30,13,-34,0,0,11
01,12,180,50,-17,-38,1,8,-2
01,12,60,40,-8,-37,0,8,5
01,12,340,10,-26,-56,0,8,0
01,12,210,50,2,-5,0,8,3
01,12,230,70,77,58,0,8,1
01,12,240,50,65,61,-1,8,-1
01,12,310,30,45,23,-1,8,0
01,12,200,50,38,-8,0,8,3
01,12,40,10,17,-19,0,8,4
01,12,150,20,-23,-23,0,9,5
01,12,180,20,2,-1,0,7,19
01,12,170,40,25,21,0,8,3
01,12,230,80,96,88,2,8,2
01,12,260,60,74,50,0,8,4
01,12,220,40,68,48,0,8,3
01,12,180,40,65,15,0,1,2
01,12,210,60,73,63,0,8,6
01,12,240,30,117,116,3,8,4
01,12,210,90,124,105,0,8,-1
01,12,300,30,80,59,0,8,0
01,12,210,80,63,21,0,8,6
01,12,210,80,64,55,4,8,8
01,12,190,60,84,56,0,7,-1
01,12,200,70,99,71,0,8,4
01,12,190,100,127,48,0,8,-5
01,12,180,60,100,63,0,8,9
01,12,210,60,88,76,-1,8,3
01,12,240,50,69,40,0,7,-4
01,12,350,30,65,31,0,3,6
01,12,190,10,44,41,0,8,1
01,12,220,20,-1,-4,0,8,2
01,12,250,30,24,21,0,8,8
01,12,70,30,53,31,0,6,-3
01,12,210,30,10,4,0,8,2
01,12,210,20,4,0,0,8,1
01,12,180,40,78,54,0,7,12
01,12,210,60,91,77,0,8,2
01,12,250,90,52,15,1,7,6
01,12,260,60,66,28,-1,3,2
01,12,210,80,91,57,0,7,2
01,12,230,90,113,87,0,8,-2
