01,15,230,72,57,29,0,2,-11
01,15,210,113,112,103,2,8,1
01,15,210,31,77,70,10,8,-3
01,15,230,87,66,25,0,2,-5
01,15,210,108,62,48,4,8,4
01,15,240,113,62,19,0,5,-13
01,15,230,87,71,35,0,7,-7
01,15,210,87,78,42,0,7,3
01,15,230,118,95,37,0,7,-2
01,15,240,108,94,32,-1,8,-9
01,15,210,82,84,55,-1,7,-16
01,15,250,41,50,29,0,8,1
01,15,30,46,35,-3,0,3,-4
01,15,50,87,18,-25,0,0,-7
01,15,80,98,35,-116,0,0,-5
01,15,80,62,5,-77,0,0,-6
01,15,990,15,56,-7,0,0,-13
01,15,40,21,-3,-4,0,1,6
01,15,260,31,30,30,-1,8,0
01,15,200,51,36,-4,0,7,-5
01,15,320,51,57,32,-1,7,-6
01,15,70,31,47,14,0,7,-5
01,15,30,31,-3,-3,0,8,0
01,15,50,36,-1,-7,-1,8,2
01,15,70,67,21,-3,0,2,-6
01,15,80,36,-3,-11,0,8,-3
01,15,50,21,19,-12,0,7,-3
01,15,70,51,17,-22,0,1,-9
01,15,90,26,22,-18,0,0,-6
01,15,90,41,18,-25,0,2,-13
01,15,260,31,-13,-45,0,3,-4
01,15,220,82,48,28,0,8,-2
01,15,210,77,43,22,0,8,-1
01,15,210,93,38,8,0,7,2
01,15,250,41,67,67,14,8,-10
01,15,240,87,100,91,-1,8,1
01,15,240,57,82,65,0,8,-1
01,15,230,72,45,19,0,1,-9
01,15,190,82,101,49,0,7,-7
01,15,230,51,94,63,0,8,-5
01,15,60,46,47,22,0,7,-1
01,15,360,21,-9,-9,0,9,-1
01,15,250,31,18,18,0,9,-3
01,15,990,5,37,2,0,7,0
01,15,250,31,40,30,-1,8,1
01,15,310,26,59,45,0,8,-1
01,15,260,57,46,15,0,8,-5
01,15,330,36,56,-2,0,7,-4
01,15,220,31,41,31,0,6,3
01,15,250,67,44,44,4,8,2
01,15,40,77,9,-9,0,8,-5
01,15,80,62,-7,-117,0,2,-7
01,15,70,57,-19,-76,0,0,-4
01,15,80,36,-6,-41,0,0,-6
01,15,90,10,5,-27,0,3,-11
01,15,340,5,10,-6,0,0,-9
01,15,20,15,23,23,0,9,-2
01,15,40,36,9,-4,0,7,-1
01,15,40,41,-12,-12,0,7,0
01,15,50,57,38,-2,0,1,-10
01,15,40,41,-2,-2,0,9,-1
01,15,70,26,-9,-9,0,9,-2
01,15,10,15,-30,-40,0,0,-12
01,15,90,62,-17,-91,0,0,-12
01,15,70,51,-52,-109,0,0,-8
01,15,150,41,-39,-89,0,7,4
01,15,200,103,63,-138,-1,8,2
01,15,210,67,83,83,-1,8,2
01,15,140,21,62,61,-1,8,-2
01,15,270,31,59,14,0,2,-11
01,15,210,118,100,84,0,7,1
01,15,210,118,109,88,-1,8,-6
01,15,230,98,101,84,1,8,-9
01,15,240,123,64,30,-1,4,-22
01,15,200,98,94,83,0,8,14
01,15,250,57,83,23,0,3,-5
01,15,210,108,120,75,0,5,0
01,15,220,87,126,100,0,7,-4
01,15,220,87,104,69,0,4,-3
01,15,240,51,71,39,0,1,-7
01,15,240,82,75,48,0,2,-5
01,15,220,98,98,86,6,8,2
01,15,230,103,110,66,0,6,-4
01,15,220,134,117,108,-1,8,2
01,15,230,93,78,44,0,7,-4
01,15,260,108,94,38,0,8,-6
01,15,280,62,18,6,1,7,0
01,15,230,118,28,-3,0,8,0
01,15,260,26,49,16,0,7,-2
01,15,240,67,90,73,0,7,-3
01,15,330,26,85,85,0,8,-10
01,15,100,46,44,23,0,2,-12
01,15,90,31,-7,-7,0,8,-3
01,15,240,62,40,30,0,7,-2
01,15,250,82,85,49,0,7,-3
01,15,130,62,69,66,11,8,8
01,15,200,77,71,53,1,7,-8
01,15,210,113,81,65,1,7,-7
01,15,130,41,77,66,-1,8,-6
01,15,210,26,45,28,0,8,-8
01,15,190,46,41,14,0,5,-12
01,15,170,46,39,16,0,1,-11
01,15,170,21,60,17,0,7,-13
01,15,230,41,70,47,0,3,-9
01,15,210,87,87,75,5,8,3
01,15,220,87,94,55,-1,8,0
01,15,280,72,58,23,-1,7,-4
01,15,240,41,54,17,0,8,-2
01,15,360,21,39,14,0,6,-6
01,15,220,26,-15,-23,0,4,-7
01,15,230,98,27,-6,0,4,-9
01,15,210,51,6,3,7,8,-1
01,15,210,46,17,5,0,1,-8
01,15,210,57,38,19,0,7,0
01,15,220,72,64,63,-1,8,0
01,15,280,72,95,94,12,8,-31
01,15,250,46,58,32,0,7,-3
01,15,240,87,102,102,0,7,-1
01,15,290,72,60,25,0,5,1
01,15,220,113,82,76,1,8,7
01,15,300,77,30,-7,1,7,-20
01,15,200,72,13,9,4,8,8
01,15,250,62,72,64,-1,7,-4
01,15,260,57,63,18,0,4,-5
01,15,260,77,18,-25,0,2,-8
01,15,310,51,26,10,0,7,-8
01,15,70,31,9,-19,0,4,-13
01,15,80,21,-11,-42,0,0,-13
01,15,160,41,-28,-92,0,6,-10
01,15,230,36,-18,-32,0,8,1
01,15,330,15,-22,-41,0,7,-9
01,15,200,72,3,-2,-1,8,1
01,15,230,77,34,29,0,8,3
01,15,270,77,51,22,-1,7,-5
01,15,310,67,29,10,-1,2,-3
01,15,10,82,32,-20,0,4,0
01,15,210,26,33,25,0,7,-6
01,15,210,57,56,56,-1,8,-1
01,15,210,36,64,63,1,8,-1
01,15,190,51,49,5,0,0,-12
01,15,170,77,79,6,0,6,-14
01,15,200,26,59,48,0,8,-3
01,15,170,82,64,22,0,7,2
01,15,210,72,79,35,0,7,-1
01,15,200,98,65,21,0,7,2
01,15,200,31,78,75,23,8,3
01,15,230,139,71,27,0,4,-4
01,15,240,82,67,11,0,7,-5
01,15,230,31,57,57,4,8,5
01,15,270,82,76,64,15,8,-10
01,15,220,72,31,-18,0,8,-2
01,15,240,108,86,54,2,7,-3
01,15,220,123,86,77,27,8,5
01,15,340,36,53,-5,0,5,-14
01,15,200,82,43,-28,0,7,2
01,15,40,15,28,26,0,7,-11
01,15,40,21,15,8,0,7,-8
01,15,80,21,8,2,0,8,-2
01,15,90,51,12,-7,0,6,-10
01,15,80,46,9,-32,0,3,-14
01,15,90,57,-20,-27,-1,8,3
01,15,200,46,82,68,0,6,-12
01,15,160,36,80,53,0,6,-7
01,15,180,51,96,43,0,8,1
01,15,990,10,85,73,0,8,-6
01,15,150,51,83,51,0,7,-4
01,15,110,26,102,72,-1,7,-3
01,15,210,51,102,63,0,1,-18
01,15,70,41,76,54,0,6,-14
01,15,340,21,93,59,0,4,-21
01,15,70,21,82,50,0,5,-23
01,15,70,26,15,15,0,9,1
01,15,80,10,19,13,0,2,-7
01,15,80,36,0,0,0,7,5
01,15,100,67,-9,-35,0,5,1
01,15,80,93,3,-34,0,7,-2
01,15,80,93,15,-40,0,4,-8
01,15,80,98,-10,-57,0,5,-4
01,15,80,98,0,-51,0,7,-4
01,15,60,77,-63,-125,0,8,2
01,15,40,51,-89,-97,-1,8,-1
01,15,70,57,-13,-35,0,7,0
01,15,60,62,-31,-60,0,7,-2
01,15,80,82,-2,-32,0,3,-4
01,15,80,82,14,-34,0,1,-5
01,15,70,72,28,-67,0,0,-12
01,15,40,30,-130,-161,0,2,-8
01,15,40,40,-103,-127,0,4,7
01,15,40,40,-58,-68,-1,8,-1
01,15,40,50,-43,-57,-1,8,-2
01,15,50,30,-41,-62,0,7,1
01,15,40,30,-55,-72,0,7,-7
01,15,40,30,-46,-68,0,8,-2
01,15,70,50,-54,-77,0,6,-8
01,15,50,40,-52,-76,0,7,-8
01,15,260,20,-42,-60,0,8,-2
01,15,90,20,-34,-63,0,4,-5
01,15,210,30,23,-17,0,7,-1
01,15,200,30,51,1,0,4,7
01,15,330,10,52,-16,0,1,-11
01,15,200,10,75,-28,0,0,-18
01,15,100,10,76,-7,0,0,-28
01,15,190,30,77,-1,0,4,-11
01,15,210,30,46,43,0,8,-6
01,15,220,30,63,55,0,8,-6
01,15,350,30,18,18,-1,8,0
01,15,90,70,37,17,0,2,-7
01,15,220,60,112,72,0,2,-13
01,15,990,10,74,58,0,6,-2
01,15,990,10,61,61,0,7,-5
01,15,30,30,16,16,0,6,-4
01,15,350,40,9,9,0,8,-2
01,15,320,30,-6,-17,-1,8,-2
01,15,990,10,4,4,0,8,-1
01,15,40,30,12,12,0,8,-2
01,15,60,20,25,4,0,8,-4
01,15,300,20,49,20,0,8,-2
01,15,190,50,77,46,0,2,-6
01,15,190,90,90,64,-1,8,-8
01,15,210,110,113,100,2,7,-6
01,15,190,120,71,47,10,7,-3
01,15,200,110,76,56,1,8,-3
01,15,210,40,61,40,0,7,-3
01,15,240,90,89,58,0,1,3
01,15,220,100,109,67,0,7,1
01,15,220,70,125,93,0,1,-13
01,15,200,20,117,54,0,4,-24
01,15,200,50,109,42,0,2,-23
01,15,180,40,103,59,0,7,-5
01,15,180,60,112,63,0,7,-4
01,15,240,80,79,58,-1,8,-4
01,15,220,90,81,61,0,7,-1
01,15,230,60,80,67,-1,8,0
01,15,220,70,66,39,0,7,-2
01,15,190,120,43,32,10,8,1
01,15,290,70,55,24,0,7,-6
01,15,340,70,33,28,4,8,0
01,15,360,30,3,-27,-1,7,-1
01,15,60,30,4,-36,0,1,-7
01,15,40,40,19,3,0,8,-2
01,15,20,100,18,-21,0,8,-1
01,15,60,60,-10,-24,0,8,2
01,15,50,40,0,-53,0,1,-9
01,15,50,30,2,-41,0,0,-11
01,15,240,30,4,-19,0,8,-2
01,15,100,10,31,22,0,7,-5
01,15,240,50,14,11,0,8,-4
01,15,60,60,8,-125,0,3,-9
01,15,180,40,103,37,0,7,-5
01,15,210,70,77,62,3,8,0
01,15,200,70,73,65,6,8,11
01,15,210,90,129,111,-1,8,-1
01,15,230,50,145,109,0,7,-10
01,15,200,70,141,62,0,7,-12
01,15,230,40,68,53,0,7,-6
01,15,230,80,64,19,0,5,-7
01,15,350,50,29,-13,0,5,-6
01,15,40,40,0,-13,0,7,-6
01,15,360,80,-3,-45,0,7,-4
01,15,200,80,9,-18,0,8,0
01,15,230,70,29,11,0,8,0
01,15,250,70,60,14,0,7,-11
01,15,210,100,79,48,0,7,-3
01,15,210,100,86,71,7,8,-1
01,15,210,40,60,46,0,8,-5
01,15,210,50,69,36,0,5,-10
01,15,210,90,96,44,0,6,-4
01,15,160,40,122,85,0,6,-19
01,15,230,20,91,76,0,8,-2
01,15,40,30,64,64,0,8,0
01,15,190,40,49,43,0,7,0
01,15,200,40,55,54,2,8,1
01,15,220,120,116,94,-1,8,-1
01,15,220,80,68,36,0,7,-2
01,15,280,40,53,42,-1,7,-3
01,15,310,60,53,45,2,7,-4
01,15,30,40,-1,-52,0,7,-8
01,15,10,30,11,-56,0,1,-4
01,15,320,20,27,-30,0,6,-6
01,15,240,30,68,68,0,9,1
01,15,190,30,72,64,-1,8,2
01,15,210,90,66,43,0,7,-1
01,15,210,80,76,70,13,8,5
01,15,200,50,72,40,0,6,2
01,15,210,60,98,55,0,7,-5
01,15,230,60,76,40,0,6,-9
01,15,200,40,63,61,2,8,0
01,15,330,20,50,24,0,6,-7
01,15,990,10,15,14,0,7,-3
01,15,200,40,27,-2,0,2,-12
01,15,210,50,25,-8,0,7,-15
01,15,210,60,24,-25,0,7,-9
01,15,220,20,34,21,0,8,-3
01,15,30,40,32,6,0,7,-6
01,15,220,30,34,34,1,8,3
01,15,320,50,62,56,-1,8,-2
01,15,350,80,66,48,3,7,-7
01,15,320,40,45,18,0,7,-2
01,15,260,50,39,18,-1,8,-2
01,15,310,50,54,37,0,7,-5
01,15,270,20,28,21,10,7,6
01,15,10,60,12,-1,0,8,-7
01,15,80,10,-2,-72,0,5,-13
01,15,220,20,20,-72,0,0,-7
01,15,230,40,20,-26,0,7,-3
01,15,230,60,25,-50,0,0,-6
01,15,220,80,36,-39,0,8,-2
01,15,230,110,88,81,2,8,3
01,15,240,80,101,99,6,8,-1
01,15,250,90,100,82,0,8,-3
01,15,200,80,66,49,4,8,-1
01,15,200,70,110,54,0,7,-2
01,15,220,60,70,32,0,3,-10
01,15,220,110,90,58,1,7,-6
01,15,210,100,98,85,-1,8,-2
01,15,220,70,70,47,0,6,-5
01,15,220,60,64,42,0,8,-2
01,15,240,60,54,31,0,8,-1
01,15,220,20,54,30,0,7,-14
01,15,80,50,29,25,6,8,-1
01,15,60,60,36,19,0,8,-4
01,15,70,60,29,-9,0,1,-9
01,15,70,50,16,-60,0,1,-8
01,15,40,50,6,-19,0,1,-7
01,15,80,60,13,-74,0,0,-9
01,15,70,20,3,-56,0,0,-18
01,15,240,20,-1,-47,0,2,-8
01,15,110,10,30,16,0,8,-5
01,15,260,10,26,7,0,8,-2
01,15,270,20,9,1,0,7,-1
01,15,140,40,10,-20,0,7,4
01,15,160,50,79,61,0,7,-7
01,15,180,60,88,56,0,8,-8
01,15,220,70,101,63,0,7,-27
01,15,210,40,62,52,10,8,-4
01,15,200,60,62,35,-1,7,-2
01,15,250,80,48,17,1,7,1
01,15,320,20,60,9,0,2,-11
01,15,10,20,47,27,0,7,-7
01,15,990,10,35,24,0,6,-5
01,15,50,30,35,7,0,6,-10
01,15,240,50,-20,-24,0,8,-2
01,15,70,30,6,-45,0,1,-22
01,15,70,70,-17,-76,0,4,-6
01,15,90,50,-10,-74,0,0,-12
01,15,220,20,21,-27,0,0,-13
01,15,220,30,4,4,-1,9,1
01,15,30,30,23,23,0,8,-5
01,15,90,20,30,-6,0,4,-10
01,15,70,20,38,6,0,0,-14
01,15,990,10,50,12,0,7,-3
01,15,230,50,35,25,0,8,0
01,15,230,30,49,20,0,7,-3
01,15,990,10,85,17,0,0,-20
01,15,210,20,41,12,-1,8,-2
01,15,230,40,34,27,8,8,-4
01,15,210,30,39,33,0,5,-4
01,15,190,60,52,34,-1,7,-1
01,15,210,50,48,28,0,7,-7
01,15,230,60,71,53,1,7,0
01,15,220,110,96,63,-1,8,-4
01,15,220,80,107,85,0,7,-5
01,15,230,80,87,62,2,7,0
01,15,190,70,65,52,24,8,1
01,15,240,110,98,73,0,7,-7
01,15,220,50,61,3,0,7,-8
01,15,210,140,108,66,-1,8,-3
01,15,230,50,101,95,3,8,5
01,15,250,140,121,45,0,4,-6
01,15,230,80,108,82,0,7,-6
01,15,210,40,126,85,0,7,-4
01,15,240,80,99,32,0,3,-5
01,15,190,90,84,72,16,8,2
01,15,210,90,118,85,0,5,-6
01,15,220,70,86,62,0,7,-5
01,15,30,60,-17,-59,0,8,-1
01,15,240,40,-23,-42,1,8,2
01,15,30,70,-19,-63,0,8,-6
01,15,50,40,-49,-78,0,8,-3
01,15,70,50,-58,-134,0,0,-8
01,15,40,40,-48,-128,0,0,-12
01,15,80,50,-44,-85,0,7,-5
01,15,50,30,-14,-50,0,0,-17
01,15,190,30,-4,-27,0,4,7
01,15,230,70,41,38,-1,7,5
01,15,230,80,63,53,0,8,0
01,15,210,80,49,15,0,8,0
01,15,230,60,53,32,0,3,-6
01,15,180,40,59,-2,0,0,-24
01,15,220,40,42,25,0,8,-7
01,15,210,90,67,38,-1,8,-6
01,15,170,50,94,52,0,8,0
01,15,170,50,92,46,0,2,-17
01,15,220,50,71,50,1,8,-3
01,15,310,40,65,55,1,8,1
01,15,200,20,45,2,0,2,-7
01,15,220,70,57,-7,0,5,-9
01,15,220,80,51,41,4,8,-3
01,15,250,60,98,93,0,8,-7
01,15,240,100,64,18,-1,8,-2
01,15,340,50,46,26,0,8,-3
01,15,240,40,-1,-11,0,7,-4
01,15,30,40,-24,-71,0,6,-2
01,15,100,30,3,-16,-1,8,0
01,15,40,40,-11,-49,0,2,-12
01,15,360,10,-24,-46,0,5,-5
01,15,230,50,13,11,-1,8,0
01,15,200,40,33,23,0,8,-3
01,15,210,50,60,54,3,8,5
01,15,190,30,72,61,0,5,-15
01,15,160,60,56,34,9,8,6
01,15,240,80,59,40,3,7,8
01,15,200,40,66,45,0,8,-5
01,15,240,100,114,76,0,5,-6
01,15,140,40,43,34,33,8,0
01,15,240,110,92,50,0,6,-4
01,15,200,80,55,39,6,8,-3
01,15,220,70,50,24,0,8,-5
01,15,240,100,68,38,4,8,6
01,15,230,90,50,7,0,8,-3
01,15,350,40,12,-30,0,8,-7
01,15,240,70,56,52,8,8,3
01,15,40,40,38,-1,0,8,-5
01,15,60,20,12,-22,0,4,-5
01,15,200,20,22,-40,0,8,-3
01,15,70,30,49,-9,0,0,-20
01,15,250,30,35,33,0,8,8
01,15,230,30,50,27,0,7,-5
01,15,80,100,21,-22,0,7,-5
01,15,260,20,1,-25,0,8,1
01,15,250,60,11,7,0,8,0
01,15,230,80,9,-10,0,8,0
01,15,200,60,16,-26,0,8,-6
01,15,210,160,86,58,1,8,2
01,15,220,60,83,54,0,8,-4
01,15,250,60,53,-2,0,8,-6
01,15,240,60,68,52,-1,8,-3
01,15,230,100,59,19,0,8,1
01,15,220,60,65,47,0,8,-3
01,15,220,70,80,47,0,1,-6
01,15,220,90,111,75,0,8,-1
01,15,250,120,97,27,0,7,-15
01,15,200,60,79,36,0,1,-5
01,15,210,80,123,37,0,0,-14
01,15,200,70,99,60,0,5,-1
01,15,230,70,87,47,-1,8,-4
01,15,260,40,56,21,3,3,-4
01,15,190,20,49,9,0,0,-13
01,15,70,20,37,-10,0,0,-20
01,15,210,30,62,0,0,0,-13
01,15,200,60,61,33,0,8,0
01,15,240,40,3,0,20,8,13
01,15,250,70,55,15,0,8,-7
01,15,250,110,104,83,2,8,4
01,15,270,60,53,4,-1,7,-3
01,15,240,30,44,12,1,1,-6
01,15,290,60,49,-13,0,8,-5
01,15,30,70,11,-39,0,8,-4
01,15,30,60,-9,-45,-1,8,-1
01,15,20,60,-4,-46,0,8,-7
01,15,250,50,-5,-20,-1,8,-3
01,15,50,10,22,-12,0,8,-5
01,15,110,20,12,-62,0,8,-6
01,15,210,30,33,29,2,8,-2
01,15,260,70,62,47,0,8,-2
01,15,130,20,60,23,0,8,-9
01,15,270,10,25,20,0,8,0
01,15,250,10,-3,-4,0,7,-3
01,15,40,50,22,-9,0,8,-9
01,15,50,40,7,-9,0,8,0
01,15,70,30,17,-5,0,8,-2
01,15,50,20,11,-12,0,0,-4
01,15,50,20,17,-9,0,0,-8
01,15,40,20,36,-9,0,0,-27
01,15,200,50,48,-11,0,8,-9
01,15,210,70,38,28,8,8,-2
01,15,40,20,25,10,0,7,3
01,15,200,40,20,-13,0,0,-11
01,15,150,30,62,-21,0,0,-18
01,15,80,30,18,-30,0,0,-21
01,15,190,50,56,-9,0,8,-7
01,15,240,40,52,45,3,8,1
01,15,250,20,54,46,0,8,-10
01,15,200,50,67,48,0,8,1
01,15,230,90,82,72,4,8,-25
01,15,300,30,63,37,0,8,-5
01,15,50,20,15,-19,0,8,-6
01,15,100,50,-6,-78,0,1,-10
01,15,50,30,14,-61,0,1,-23
01,15,240,40,4,-5,1,8,3
01,15,50,70,-27,-88,0,0,-7
01,15,50,50,-34,-81,0,0,-8
01,15,50,50,2,-55,0,0,-9
01,15,50,50,21,-70,0,0,-15
01,15,30,60,23,-18,0,0,-15
01,15,70,30,13,-10,0,0,-9
01,15,240,70,73,27,0,5,-7
01,15,240,40,52,40,3,8,0
01,15,210,100,76,49,-1,8,-1
01,15,250,60,82,61,5,8,-3
01,15,220,80,94,71,0,8,-1
01,15,160,30,94,90,20,8,15
01,15,210,90,89,48,0,7,-4
01,15,230,70,96,55,0,8,-1
01,15,230,100,134,80,0,8,0
01,15,230,110,119,81,1,8,-9
01,15,220,170,86,65,-1,8,0
01,15,230,90,99,53,0,8,1
01,15,230,80,108,71,0,8,0
01,15,240,50,79,17,0,0,-11
01,15,200,40,73,7,0,0,-25
01,15,200,60,86,60,0,6,-2
01,15,210,150,119,80,-1,8,-9
01,15,240,160,130,113,2,8,13
01,15,260,60,116,45,0,8,-6
01,15,230,70,92,78,11,8,0
01,15,230,80,78,21,-1,8,-9
01,15,20,60,38,24,0,8,-6
01,15,30,60,-13,-84,0,7,-5
01,15,330,20,-13,-23,0,8,-1
01,15,40,50,-9,-41,0,8,-1
01,15,220,80,3,-8,-1,8,-2
01,15,290,40,44,20,-1,7,-4
01,15,240,70,41,27,1,8,-1
01,15,250,20,82,71,0,8,-2
01,15,230,30,81,64,0,8,-2
01,15,250,60,73,31,0,0,-10
01,15,80,40,23,17,0,8,-6
01,15,100,70,-8,-39,0,0,-3
01,15,80,60,3,-13,3,8,0
01,15,100,40,35,7,0,8,-1
01,15,210,60,64,49,2,2,-7
01,15,230,50,61,28,0,0,-19
01,15,230,90,84,28,0,5,-3
01,15,190,50,79,53,0,7,-2
01,15,220,60,65,50,-1,7,-1
01,15,210,90,92,65,0,8,-6
01,15,190,80,124,63,-1,8,-9
01,15,240,50,60,12,0,1,-13
01,15,170,50,69,-2,0,0,-9
01,15,200,100,89,45,0,1,-6
01,15,190,130,76,53,4,8,0
01,15,200,40,77,45,0,8,-5
01,15,190,90,76,37,0,8,6
01,15,200,100,80,71,10,8,4
01,15,240,90,127,105,-1,8,-8
01,15,230,100,118,95,0,8,0
01,15,230,110,94,45,0,8,0
01,15,300,20,65,1,0,4,-6
01,15,210,70,73,38,0,7,0
01,15,220,60,85,74,-1,8,-2
01,15,230,80,75,26,0,8,-4
01,15,230,80,85,25,0,0,-11
01,15,260,30,80,55,0,8,1
01,15,240,20,83,39,0,8,-3
01,15,180,30,41,11,0,8,-2
01,15,260,20,39,31,1,8,-2
01,15,200,150,40,4,0,8,2
01,15,340,20,-26,-29,0,8,1
01,15,40,30,-2,-4,0,8,1
01,15,300,10,-12,-41,0,0,-13
01,15,230,50,-7,-28,0,8,-2
01,15,50,70,-24,-31,-1,7,-9
01,15,40,30,-100,-131,0,0,-6
01,15,210,40,-46,-65,0,8,3
01,15,60,40,-53,-55,0,8,-5
01,15,190,10,-61,-66,0,0,-29
01,15,110,20,-47,-102,0,0,-12
01,15,190,60,36,-62,0,0,0
01,15,200,90,52,-32,0,8,-2
01,15,200,50,62,23,-1,8,-1
01,15,220,40,32,31,0,8,-3
01,15,100,10,50,-7,0,3,-16
01,15,180,20,33,-3,0,8,4
01,15,210,80,60,46,6,8,-2
01,15,220,50,40,31,10,8,6
01,15,220,70,104,46,0,7,-10
01,15,190,40,55,7,0,0,-12
01,15,230,40,51,14,0,8,-6
01,15,190,90,44,23,6,8,0
01,15,250,90,56,47,6,8,-17
01,15,240,20,46,26,0,8,-11
01,15,150,50,46,-15,0,1,-6
01,15,40,10,24,-6,0,1,-12
01,15,70,30,29,-21,0,0,-22
01,15,90,10,48,-29,0,0,-30
01,15,90,30,25,-17,0,0,-12
01,15,70,60,25,-16,0,0,-9
01,15,100,90,5,-46,0,0,-7
01,15,20,70,-14,-30,-1,8,1
01,15,220,60,0,-17,0,8,1
01,15,330,10,-55,-66,0,8,-7
01,15,230,40,-41,-60,0,8,1
01,15,180,20,-11,-23,0,8,-1
01,15,230,10,-41,-58,0,7,5
01,15,70,20,-52,-67,0,0,-19
01,15,30,70,-42,-61,0,8,0
01,15,20,80,-16,-28,1,8,0
01,15,80,20,-14,-38,0,8,-3
01,15,360,20,-8,-13,7,8,0
01,15,80,50,-17,-34,0,7,3
01,15,100,40,-8,-30,-1,8,2
01,15,100,20,39,6,0,0,-34
01,15,260,10,23,7,0,8,-5
01,15,150,30,27,-12,0,7,-2
01,15,250,50,64,32,0,6,-11
01,15,210,60,39,30,0,8,-1
01,15,100,10,42,39,0,8,-2
01,15,100,40,41,-6,0,8,-12
01,15,90,10,37,20,0,8,-3
01,15,160,40,50,-2,0,8,-4
01,15,90,30,29,-5,0,8,-5
01,15,50,20,14,7,1,8,-2
01,15,340,30,-7,-24,0,8,-1
01,15,50,60,-44,-75,0,0,-9
01,15,220,80,-1,-77,0,8,3
01,15,270,50,24,7,-1,8,0
01,15,240,50,15,8,6,8,-7
01,15,350,30,-5,-35,-1,8,-7
01,15,230,50,12,-25,0,8,-5
01,15,260,20,21,21,0,9,3
01,15,250,20,14,8,0,8,-12
01,15,230,20,13,7,0,8,-3
01,15,200,60,0,-32,0,1,-6
01,15,140,40,-2,-53,0,0,-2
01,15,190,80,66,61,17,8,2
01,15,180,40,97,92,13,8,-2
01,15,220,110,119,70,-1,8,-8
01,15,270,30,57,14,0,6,-11
01,15,170,40,38,4,0,0,-11
01,15,230,70,52,44,0,8,1
01,15,220,90,63,56,1,8,3
01,15,240,60,121,113,1,8,-3
01,15,230,90,118,73,-1,8,-4
01,15,220,100,96,57,0,8,-6
01,15,200,60,117,63,0,0,-14
01,15,200,60,95,66,-1,8,-4
01,15,320,20,63,59,8,8,-18
01,15,290,40,30,18,8,8,8
01,15,360,40,31,-6,0,5,-6
01,15,220,20,-11,-24,0,8,2
01,15,100,30,38,34,3,8,-6
01,15,330,30,47,44,3,8,2
01,15,330,40,48,45,3,8,-2
01,15,310,30,48,32,1,8,-10
01,15,60,30,24,6,0,7,-3
01,15,50,50,9,-28,0,8,-6
01,15,70,60,7,-39,0,0,-10
01,15,50,50,9,-50,0,0,-14
01,15,40,40,-5,-40,0,0,-13
01,15,70,20,-31,-42,0,8,-2
01,15,210,70,124,109,0,8,-3
01,15,230,70,76,46,0,6,-6
01,15,210,170,104,71,0,8,-2
01,15,230,70,65,18,0,4,-1
01,15,290,70,70,25,-1,7,-9
01,15,280,30,61,43,1,8,-5
01,15,290,70,77,28,0,7,-2
01,15,280,30,68,40,0,8,-6
01,15,240,40,82,59,0,8,0
01,15,200,20,84,49,0,8,-1
01,15,250,50,92,57,0,8,-2
01,15,240,60,84,68,-1,8,-7
01,15,320,40,48,5,0,6,-1
01,15,350,30,51,0,0,8,-5
01,15,50,50,32,0,0,0,-12
01,15,40,30,28,-25,0,0,-15
01,15,240,10,46,-37,0,0,-16
01,15,220,90,37,5,0,8,2
01,15,290,40,78,63,3,8,-4
01,15,250,20,23,15,9,8,-2
01,15,250,70,92,78,-1,8,-1
01,15,270,70,91,33,0,8,-1
01,15,260,20,52,27,16,8,-11
01,15,230,30,46,22,0,8,-6
01,15,160,30,64,28,0,8,-3
01,15,170,60,77,37,0,8,-6
01,15,210,50,65,18,0,5,-9
01,15,40,40,35,5,0,0,-19
01,15,30,50,-11,-40,0,8,-2
01,15,40,10,-18,-28,6,8,-2
01,15,30,60,-27,-79,0,0,-9
01,15,270,40,61,38,-1,7,-13
01,15,220,60,63,42,0,8,-3
01,15,240,40,99,96,-1,8,1
01,15,280,30,89,86,0,8,-2
01,15,260,20,75,72,-1,8,-1
01,15,250,20,84,79,0,8,0
01,15,230,40,78,51,0,8,-4
01,15,230,50,67,46,0,8,-1
01,15,220,70,43,40,2,8,2
01,15,270,20,53,15,0,8,-7
01,15,50,30,2,-36,0,7,-7
01,15,80,60,6,-35,0,1,-7
01,15,60,50,-10,-68,0,0,-10
01,15,260,20,-28,-61,0,3,-1
01,15,350,20,-16,-21,4,8,-5
01,15,340,20,-48,-58,0,8,1
01,15,340,30,-48,-60,0,8,0
01,15,100,50,-16,-48,0,8,-3
01,15,70,60,-28,-60,0,8,-2
01,15,80,60,-24,-41,0,8,5
01,15,50,20,3,-17,0,8,-3
01,15,50,20,3,-19,0,3,-9
01,15,40,30,-9,-32,0,8,-24
01,15,30,30,-34,-56,0,8,1
01,15,160,40,-29,-62,0,8,0
01,15,230,70,-5,-20,1,8,-1
01,15,210,90,42,28,0,8,4
01,15,210,60,52,24,0,7,-9
01,15,220,90,108,97,2,8,0
01,15,240,70,111,68,0,7,-5
01,15,250,80,77,65,5,8,12
01,15,170,70,85,36,0,8,1
01,15,220,70,91,52,0,7,-8
01,15,210,90,114,70,0,1,2
01,15,160,50,97,47,0,8,-7
01,15,200,60,58,21,0,8,-6
01,15,200,90,128,87,-1,8,-4
01,15,230,80,126,67,0,7,-3
01,15,230,50,99,63,0,1,-17
01,15,230,90,109,56,0,8,-22
01,15,220,50,77,42,0,6,-11
01,15,260,40,67,47,-1,8,-8
01,15,140,20,62,4,0,0,-14
01,15,210,40,89,46,0,6,-7
01,15,180,20,71,28,0,8,-5
01,15,200,70,43,37,2,8,7
01,15,200,60,75,65,1,8,-1
01,15,200,60,92,35,0,6,-2
01,15,160,50,106,23,0,2,-21
01,15,180,30,85,50,-1,8,-5
01,15,350,20,44,41,-1,8,-4
01,15,250,30,55,47,0,8,-3
01,15,190,20,44,-4,0,6,-11
01,15,210,50,47,30,0,8,0
01,15,220,20,50,22,0,8,-3
01,15,190,60,48,-7,0,8,-2
01,15,190,70,51,3,0,8,0
01,15,200,80,44,5,0,8,-7
01,15,160,70,53,4,0,6,-4
01,15,90,60,35,-16,0,3,-8
01,15,80,40,54,13,0,8,-9
01,15,200,50,74,13,0,0,-9
01,15,220,80,41,-5,0,7,-6
01,15,280,40,75,12,0,0,-9
01,15,160,30,33,24,1,8,-4
01,15,260,20,49,26,0,0,-19
01,15,190,30,39,7,0,8,-4
01,15,230,40,33,-12,0,8,-2
01,15,200,60,31,11,0,8,-6
01,15,220,80,87,78,30,8,-14
01,15,240,80,109,83,0,8,-1
01,15,250,100,114,103,26,8,-37
01,15,250,50,56,5,0,7,-2
01,15,220,110,81,43,0,8,2
01,15,220,80,96,71,1,8,-22
01,15,240,60,41,11,0,8,-2
01,15,210,120,97,53,-1,8,-4
01,15,240,40,70,21,0,8,-5
01,15,220,40,28,0,0,4,-9
01,15,190,30,41,-11,0,6,-5
01,15,260,10,12,-15,0,8,-5
01,15,180,20,18,-24,0,1,-5
01,15,80,40,13,-23,0,8,-5
01,15,30,40,-5,-22,0,8,0
01,15,340,20,-10,-26,0,8,-3
01,15,290,20,25,18,0,8,-1
01,15,220,30,23,20,3,8,-1
01,15,220,50,55,52,3,8,10
01,15,250,30,50,29,0,8,0
01,15,210,120,54,37,3,8,3
01,15,210,90,32,12,0,8,-1
01,15,230,30,23,-1,0,8,-4
01,15,210,40,27,-2,0,8,-4
01,15,100,30,71,49,0,8,-11
01,15,160,40,84,55,0,7,1
01,15,150,50,67,15,0,8,-6
01,15,210,60,74,48,0,8,-1
01,15,200,50,77,37,0,8,-3
01,15,150,20,71,58,0,8,-1
01,15,200,80,54,39,4,8,11
01,15,190,30,58,11,0,0,-11
01,15,190,60,75,38,0,8,-12
01,15,210,50,68,36,3,8,-5
01,15,200,50,71,47,-1,8,-14
01,15,240,90,66,26,0,8,-9
01,15,240,40,54,21,0,8,-6
01,15,210,60,29,9,0,7,1
01,15,280,30,19,11,-1,8,-1
01,15,300,40,30,-14,0,2,-10
01,15,90,10,3,-32,0,8,-3
01,15,50,30,-16,-50,0,7,-8
01,15,220,20,-7,-62,0,2,-6
01,15,230,40,7,-25,0,8,-3
01,15,80,10,25,-1,0,4,-12
01,15,160,30,41,-25,0,8,-3
01,15,230,70,78,60,0,8,-5
01,15,210,70,75,69,1,8,1
01,15,210,50,146,23,0,0,-26
01,15,220,80,99,54,0,8,-6
01,15,210,100,109,72,0,8,-3
01,15,240,30,67,14,0,4,-9
01,15,220,110,82,48,0,8,-1
01,15,230,50,59,44,7,8,-10
01,15,210,70,71,55,0,8,-2
01,15,210,70,-3,-22,0,8,1
01,15,240,30,-2,-2,0,9,1
01,15,230,60,20,-7,0,8,0
01,15,300,60,45,7,0,2,-8
01,15,40,30,2,-47,0,2,-20
01,15,200,30,-16,-79,0,3,-7
01,15,230,50,-5,-10,7,8,1
01,15,210,30,25,24,0,9,-2
01,15,200,40,46,27,1,8,-2
01,15,240,30,46,37,1,8,0
01,15,280,50,80,52,6,8,-15
01,15,210,60,58,25,0,8,-8
01,15,240,60,9,-5,-1,8,2
01,15,250,50,19,7,1,8,-5
01,15,230,30,17,4,0,8,-6
01,15,10,20,5,-28,0,8,-11
01,15,40,30,-9,-49,0,1,-7
01,15,60,40,-16,-52,0,3,-3
01,15,50,40,9,-61,0,0,-12
01,15,70,40,41,-105,0,8,-17
01,15,50,20,33,-42,0,0,-19
01,15,290,10,22,-43,0,3,-8
01,15,140,10,-8,-26,0,8,-1
01,15,0,0,10,-6,0,8,-2
01,15,100,40,-12,-63,0,0,-7
01,15,50,10,11,-48,0,0,-5
01,15,80,30,77,2,0,8,7
01,15,190,50,89,38,0,8,-5
01,15,210,60,61,20,0,7,-7
01,15,290,60,62,56,2,8,-3
01,15,140,20,32,3,0,8,-1
01,15,170,50,65,40,6,8,-5
01,15,200,50,63,31,0,8,0
01,15,250,90,77,35,1,8,-2
01,15,240,70,116,101,-1,8,1
01,15,220,50,92,59,0,8,-2
01,15,40,30,61,46,0,8,-4
01,15,50,90,26,0,0,8,-6
01,15,100,60,52,21,0,8,-1
01,15,180,30,67,42,0,8,-6
01,15,180,40,77,41,0,8,-3
01,15,40,30,74,58,0,8,-7
01,15,100,10,58,48,0,8,-2
01,15,120,40,48,11,0,1,-15
01,15,130,20,55,12,0,0,-13
01,15,200,100,65,31,-1,8,-6
01,15,290,60,46,12,-1,7,9
01,15,260,70,42,8,2,4,2
01,15,280,50,59,17,1,8,-1
01,15,230,50,46,4,0,7,-9
01,15,160,20,14,9,9,8,1
01,15,190,30,36,13,0,8,-6
01,15,290,30,82,57,0,8,-5
01,15,200,70,93,52,-1,8,1
01,15,230,100,125,79,0,8,-3
01,15,200,30,74,63,16,8,-6
01,15,230,20,76,45,0,8,-6
01,15,230,50,72,32,0,8,-5
01,15,220,70,100,77,0,8,-2
01,15,230,80,95,63,0,8,2
01,15,260,20,75,31,0,8,-9
01,15,260,70,60,43,15,8,-5
01,15,300,40,77,73,1,8,-10
01,15,330,50,53,7,0,8,-14
01,15,320,30,46,17,0,8,-3
01,15,290,50,33,7,0,8,-3
01,15,290,50,55,49,1,8,-1
01,15,270,20,50,40,-1,8,-4
01,15,220,50,64,62,1,8,2
01,15,300,50,60,41,2,8,-2
01,15,330,40,38,10,1,0,5
01,15,310,10,24,1,0,8,-2
01,15,290,30,66,63,3,8,-1
01,15,240,60,63,61,8,8,5
01,15,270,70,85,81,7,8,0
01,15,320,30,43,23,6,8,-5
01,15,240,50,59,44,-1,8,3
01,15,210,60,56,13,0,8,-3
01,15,260,30,22,8,1,8,-4
01,15,110,10,21,3,0,8,-7
01,15,130,50,27,-49,0,8,-10
01,15,50,50,-1,-48,0,0,-11
01,15,200,30,10,-45,0,0,-16
01,15,190,50,-23,-30,8,8,-1
01,15,50,50,-13,-39,0,8,-12
01,15,990,10,-21,-44,0,8,0
01,15,210,60,21,-8,-1,8,-8
01,15,220,60,64,59,1,8,0
01,15,290,50,44,36,8,8,-5
01,15,300,50,48,4,0,8,-10
01,15,190,60,30,-28,0,8,-9
01,15,240,30,2,-1,2,8,-3
01,15,190,20,-11,-22,0,8,2
01,15,110,10,27,21,0,0,-13
01,15,210,60,61,35,0,8,-3
01,15,240,60,91,88,6,8,0
01,15,260,40,67,39,0,8,-1
01,15,230,30,67,21,0,8,-2
01,15,160,30,83,15,0,8,-15
01,15,210,60,83,47,0,5,-11
01,15,220,50,114,109,-1,8,1
01,15,210,70,123,100,0,8,-1
01,15,300,40,69,53,-1,8,-3
01,15,210,70,61,18,0,8,-4
01,15,220,70,75,57,0,8,-1
01,15,190,50,80,40,0,8,-2
01,15,210,100,102,51,0,8,-3
01,15,220,100,112,61,-1,8,-2
01,15,170,40,118,55,0,2,-14
01,15,220,50,91,72,-1,8,-4
01,15,250,40,63,9,0,3,-9
01,15,360,60,58,26,0,8,-5
01,15,320,10,41,32,0,8,-3
01,15,0,0,43,4,0,3,-40
01,15,310,10,20,16,0,8,-1
01,15,80,30,23,13,0,8,-3
01,15,240,20,9,-9,0,8,-1
01,15,350,10,26,26,0,9,3
01,15,190,40,92,48,0,1,-7
01,15,200,50,78,55,0,8,-2
01,15,240,70,56,5,1,6,-6
01,15,250,60,63,8,0,2,-5
01,15,210,90,105,52,0,8,-18
01,15,230,70,125,92,0,8,-2
01,15,210,51,65,24,0,4,-11
01,15,230,77,121,113,20,8,2
01,15,200,36,91,58,0,8,-3
01,15,210,62,58,10,0,3,-5
01,15,220,67,71,54,23,8,5
01,15,250,87,72,-20,0,1,-7
01,15,250,72,80,12,0,1,-10
01,15,180,67,79,43,-1,8,0
01,15,240,103,93,49,-1,6,6
01,15,250,82,97,28,0,6,-7
01,15,210,57,95,47,0,3,-28
01,15,270,15,52,39,0,7,0
01,15,10,36,50,2,0,2,-12
01,15,50,62,19,-21,0,0,-6
01,15,70,51,31,-108,0,0,-12
01,15,120,46,11,-95,0,1,-18
01,15,170,31,56,-15,0,0,-20
01,15,130,31,0,-16,0,7,-4
01,15,260,15,42,38,-1,6,-6
01,15,200,36,36,33,-1,8,0
01,15,330,51,66,19,0,6,-8
01,15,60,31,52,22,0,7,-7
01,15,360,15,-1,-4,-1,8,3
01,15,70,36,12,-25,0,8,-1
01,15,70,41,32,-3,0,8,-1
01,15,40,36,23,13,0,8,0
01,15,60,26,48,-8,0,8,-5
01,15,100,41,30,-17,0,4,-15
01,15,100,36,25,-30,0,1,-13
01,15,110,46,20,-43,0,2,-10
01,15,180,36,-2,-41,0,6,-7
01,15,230,67,64,42,0,8,0
01,15,210,67,50,27,0,8,4
01,15,210,77,47,10,0,7,2
01,15,230,36,63,48,1,8,-5
01,15,240,62,106,92,4,8,3
01,15,240,41,94,65,0,7,-3
01,15,200,51,38,15,0,8,2
01,15,200,67,105,46,0,7,-11
01,15,220,15,79,75,7,7,-11
01,15,40,67,44,2,0,1,-17
01,15,170,15,-30,-31,0,9,2
01,15,250,26,3,3,0,8,3
01,15,360,15,50,-14,0,7,-6
01,15,270,26,62,45,0,7,-4
01,15,310,31,69,24,0,8,-4
01,15,250,31,30,11,-1,8,2
01,15,360,21,63,-11,0,7,-3
01,15,270,21,65,37,0,1,-10
01,15,300,62,65,62,10,8,3
01,15,80,77,0,-29,0,8,-4
01,15,70,51,-6,-119,0,1,-11
01,15,60,41,-16,-73,0,0,-12
01,15,50,21,-8,-45,0,0,-11
01,15,990,5,4,-37,0,3,-15
01,15,300,5,-32,-33,0,9,-6
01,15,360,26,55,12,0,3,-12
01,15,50,31,19,4,0,5,-15
01,15,50,41,-10,-13,0,8,-1
01,15,50,46,24,-5,0,0,-11
01,15,70,31,8,5,0,8,-5
01,15,40,26,-5,-8,0,8,-2
01,15,90,15,-42,-46,0,0,-7
01,15,110,26,-17,-91,0,0,-10
01,15,60,26,-38,-110,0,0,-21
01,15,180,41,-30,-94,0,7,2
01,15,210,72,41,-1,3,8,0
01,15,210,51,86,82,-1,8,-5
01,15,170,31,50,47,0,4,-1
01,15,270,41,58,12,0,2,-15
01,15,220,93,117,78,-1,7,-3
01,15,210,123,113,89,9,8,-3
01,15,240,77,114,67,0,8,-7
01,15,250,82,70,-12,0,2,-6
01,15,190,93,82,73,1,8,27
01,15,260,46,82,11,0,4,-12
01,15,220,87,125,63,0,8,-2
01,15,220,82,136,91,0,7,-1
01,15,230,67,102,67,-1,8,-4
01,15,250,41,78,23,0,1,-22
01,15,250,46,74,23,0,6,-10
01,15,240,87,102,91,5,8,2
01,15,230,67,113,68,0,7,-1
01,15,280,62,72,65,24,8,2
01,15,210,46,78,23,0,8,-5
01,15,260,87,95,30,0,7,-2
01,15,310,67,34,-27,-1,7,-4
01,15,260,72,49,3,0,8,-2
01,15,300,21,49,9,-1,7,-3
01,15,250,51,98,69,0,8,-4
01,15,80,41,51,48,-1,8,-9
01,15,130,31,51,16,0,1,-9
01,15,50,26,25,4,0,3,-9
01,15,240,31,44,16,0,7,-8
01,15,270,77,87,45,-1,7,-3
01,15,130,57,67,57,27,8,4
01,15,200,82,75,45,-1,7,0
01,15,210,72,94,65,0,6,-20
01,15,140,41,79,57,-1,8,-4
01,15,200,26,53,14,0,7,-6
01,15,180,46,49,23,0,7,-8
01,15,160,41,50,13,0,2,-12
01,15,130,31,59,31,-1,8,-2
01,15,220,31,62,50,0,7,1
01,15,200,82,93,93,3,8,9
01,15,230,62,102,60,0,7,0
01,15,250,62,84,28,0,5,-8
01,15,230,36,56,34,0,8,-6
01,15,340,41,45,14,-1,7,-7
01,15,250,10,-3,-10,0,8,-5
01,15,210,57,27,4,0,7,2
01,15,220,31,25,22,1,8,-1
01,15,220,31,54,17,0,7,-6
01,15,210,51,49,39,1,8,-1
01,15,230,36,86,83,4,8,1
01,15,280,57,73,72,-1,7,-3
01,15,250,31,62,34,0,8,-4
01,15,260,77,116,86,0,7,-7
01,15,300,87,65,10,0,4,-4
01,15,230,82,105,81,0,7,-1
01,15,320,87,5,2,9,7,6
01,15,210,57,20,16,1,8,10
01,15,280,72,83,36,0,7,-11
01,15,260,31,68,34,0,7,-3
01,15,280,67,0,0,6,6,8
01,15,330,72,47,-3,0,5,1
01,15,110,31,19,-34,0,7,-7
01,15,130,31,-22,-36,0,1,-14
01,15,160,46,-24,-83,0,6,-6
01,15,170,15,-18,-26,0,8,2
01,15,210,15,-26,-45,0,3,-20
01,15,190,51,12,12,1,8,0
01,15,240,51,53,46,-1,8,-1
01,15,280,57,61,26,-1,8,-3
01,15,300,62,37,6,0,3,-14
01,15,350,57,39,14,0,1,-9
01,15,230,26,53,28,0,7,-4
01,15,220,41,74,67,0,7,-4
01,15,220,31,76,76,1,8,1
01,15,180,72,58,17,0,1,-12
01,15,170,82,86,13,0,7,1
01,15,220,36,72,47,0,7,-8
01,15,170,98,67,30,0,7,2
01,15,210,72,86,24,0,2,-2
01,15,170,108,68,29,0,8,3
01,15,150,31,63,62,19,8,0
01,15,240,72,84,33,0,6,-4
01,15,260,57,69,26,0,7,-7
01,15,140,15,47,43,5,8,0
01,15,280,67,72,65,4,8,-41
01,15,200,57,39,-15,0,8,-6
01,15,250,62,100,62,-1,7,-7
01,15,230,72,94,89,30,8,4
01,15,350,41,50,4,9,2,-6
01,15,190,93,48,-16,0,8,0
01,15,90,21,11,11,0,8,-1
01,15,30,26,-6,-14,0,7,-8
01,15,120,15,0,-8,0,8,0
01,15,120,46,16,-2,0,6,-10
01,15,110,36,16,-37,0,2,-14
01,15,120,46,-22,-48,-1,8,0
01,15,200,31,83,79,0,7,-16
01,15,150,62,92,63,0,6,-17
01,15,160,41,78,51,-1,8,4
01,15,130,10,89,83,0,8,-8
01,15,150,46,91,62,0,7,-6
01,15,150,36,106,67,0,7,-11
01,15,210,41,90,66,0,5,-5
01,15,80,26,88,59,0,7,-22
01,15,160,21,83,51,0,2,-28
01,15,110,15,39,30,0,7,-5
01,15,140,26,16,16,0,8,-1
01,15,170,21,-7,-7,0,8,1
01,15,110,26,-5,-5,0,8,-2
01,15,120,72,-2,-36,0,7,0
01,15,100,67,10,-40,0,7,-4
01,15,80,57,15,-37,0,6,-12
01,15,90,82,-12,-67,0,6,-6
01,15,80,67,1,-57,0,7,-4
01,15,80,77,-61,-139,0,7,-3
01,15,70,62,-90,-123,-1,8,-3
01,15,80,57,-19,-59,0,6,-7
01,15,70,67,-22,-87,0,0,-9
01,15,80,67,2,-42,0,1,-4
01,15,90,57,22,-45,0,0,-16
01,15,70,57,37,-77,0,0,-16
01,15,60,50,-97,-141,0,0,-6
01,15,70,40,-100,-123,0,1,-7
01,15,60,50,-58,-93,0,7,-2
01,15,70,60,-42,-68,0,8,-3
01,15,70,40,-35,-63,0,8,-1
01,15,60,40,-64,-91,0,7,-6
01,15,60,40,-40,-64,0,7,-4
01,15,80,50,-68,-90,0,8,0
01,15,70,40,-48,-80,0,7,-14
01,15,90,20,-27,-63,0,8,-3
01,15,130,30,-29,-59,0,7,-7
01,15,210,30,24,8,0,8,-5
01,15,210,20,75,-22,0,5,-25
01,15,130,20,74,-15,0,7,-33
01,15,170,20,61,-27,0,0,-34
01,15,150,20,62,-10,0,0,-30
01,15,170,40,70,0,0,6,-15
01,15,180,30,47,46,0,8,-3
01,15,180,20,56,56,0,8,-4
01,15,360,10,38,23,0,8,-3
01,15,100,50,28,12,0,7,2
01,15,200,40,97,59,0,4,-9
01,15,200,20,70,53,0,6,-23
01,15,20,20,53,53,0,1,-14
01,15,0,0,54,54,0,4,-26
01,15,40,30,7,7,0,8,-1
01,15,30,20,4,-20,0,1,-6
01,15,270,10,27,27,0,8,-2
01,15,70,30,21,21,0,8,0
01,15,20,10,36,23,0,8,0
01,15,340,30,43,40,-1,8,-2
01,15,210,60,78,53,0,4,-10
01,15,210,70,86,67,1,8,-2
01,15,270,90,81,62,21,7,9
01,15,200,90,78,54,2,8,-6
01,15,220,60,73,67,38,8,-3
01,15,200,40,63,35,0,7,-4
01,15,230,80,93,55,0,7,-5
01,15,220,80,112,73,0,7,5
01,15,240,20,125,97,0,7,-22
01,15,180,30,102,60,0,5,-14
01,15,190,50,98,54,0,2,-27
01,15,150,20,100,73,0,7,-15
01,15,150,40,109,68,0,7,-1
01,15,240,50,77,60,-1,8,1
01,15,200,60,90,75,0,7,4
01,15,260,40,83,68,0,8,-2
01,15,220,50,69,47,0,7,3
01,15,190,90,48,39,9,8,8
01,15,320,60,51,26,5,7,-6
01,15,10,70,41,23,-1,7,-3
01,15,70,20,7,-43,0,5,-12
01,15,90,30,-2,-34,0,5,-12
01,15,60,30,15,-1,0,8,-2
01,15,20,80,33,-13,0,7,-9
01,15,80,60,2,-46,0,2,-7
01,15,70,30,12,-48,0,1,-21
01,15,30,20,17,-40,0,1,-13
01,15,260,20,24,-10,0,8,-4
01,15,150,10,49,46,0,4,-10
01,15,240,30,29,29,0,8,-1
01,15,60,70,10,-138,0,3,-13
01,15,190,40,91,61,0,6,-2
01,15,210,60,81,72,0,7,-3
01,15,230,40,83,82,15,8,8
01,15,230,60,130,126,2,8,3
01,15,210,30,134,103,0,7,-16
01,15,200,40,129,66,0,7,-7
01,15,230,30,73,58,0,7,-6
01,15,260,60,65,25,0,4,-5
01,15,350,40,34,-9,0,2,-14
01,15,50,60,5,-38,0,1,-19
01,15,10,50,3,-45,0,1,-8
01,15,200,70,19,-7,0,7,-4
01,15,220,40,42,27,0,8,-2
01,15,260,50,62,25,0,1,-9
01,15,220,70,86,54,0,7,4
01,15,290,60,70,61,7,8,-5
01,15,210,40,66,49,0,7,-14
01,15,190,60,64,33,0,7,-17
01,15,200,90,102,72,0,7,-3
01,15,190,60,112,87,0,7,-4
01,15,0,0,92,90,-1,8,-3
01,15,20,40,46,40,0,1,-11
01,15,190,40,64,64,0,8,0
01,15,200,50,75,75,-1,8,-3
01,15,230,70,114,111,8,8,5
01,15,220,70,76,44,0,7,-6
01,15,280,70,60,42,1,7,-6
01,15,330,50,62,47,0,7,-3
01,15,50,30,10,-58,0,1,-13
01,15,20,20,24,-81,0,1,-17
01,15,290,20,50,-37,0,6,-8
01,15,310,20,81,77,0,8,-6
01,15,210,40,86,83,-1,8,0
01,15,210,60,87,69,-1,8,-2
01,15,220,60,92,84,-1,7,2
01,15,190,50,71,49,0,7,-16
01,15,220,40,84,70,5,8,-4
01,15,210,60,68,46,0,7,-5
01,15,230,30,77,71,0,7,-2
01,15,290,20,45,24,0,6,-9
01,15,200,20,1,0,0,6,-4
01,15,200,40,49,12,0,6,-22
01,15,200,50,19,-16,0,7,-9
01,15,190,50,33,-9,0,8,-3
01,15,200,20,39,38,0,8,-2
01,15,20,40,33,3,0,3,-15
01,15,310,30,64,60,-1,8,0
01,15,310,50,67,61,1,8,-1
01,15,350,110,75,25,0,7,-7
01,15,340,40,55,19,0,7,-4
01,15,270,40,45,29,1,8,-1
01,15,330,50,64,34,0,6,-9
01,15,350,70,46,19,1,7,-2
01,15,20,70,15,-15,0,7,-5
01,15,30,10,8,-74,0,2,-11
01,15,240,20,20,-14,0,7,-4
01,15,250,40,28,-20,0,7,-2
01,15,240,40,40,-16,0,1,-12
01,15,220,60,30,-2,1,8,3
01,15,250,90,113,75,0,7,-5
01,15,240,40,96,92,5,8,11
01,15,260,70,113,81,0,7,-1
01,15,190,60,60,54,3,8,1
01,15,190,90,108,56,0,7,0
01,15,200,40,66,30,0,2,-2
01,15,210,60,89,78,3,8,-3
01,15,250,80,97,68,0,7,-8
01,15,230,30,75,51,0,3,-10
01,15,210,40,67,45,0,6,-6
01,15,220,30,51,36,-1,8,-1
01,15,200,20,46,37,0,8,-12
01,15,80,50,36,8,-1,8,1
01,15,70,70,29,-11,0,5,-8
01,15,60,30,33,-16,0,4,-21
01,15,70,40,24,-59,0,4,-21
01,15,60,60,0,-27,0,7,-3
01,15,90,60,13,-70,0,0,-16
01,15,110,30,9,-62,0,0,-19
01,15,990,10,-3,-47,0,2,-28
01,15,320,10,-4,-13,-1,8,-1
01,15,990,10,10,10,0,8,-4
01,15,190,20,4,0,-1,8,-2
01,15,130,50,7,-18,0,8,1
01,15,150,40,62,62,0,7,2
01,15,170,80,80,55,-1,8,-5
01,15,240,40,98,56,0,7,-10
01,15,190,40,69,63,-1,7,-1
01,15,210,50,70,33,0,7,-6
01,15,260,60,46,34,18,8,-1
01,15,280,30,64,36,0,5,-5
01,15,990,10,52,19,0,7,-4
01,15,210,10,39,24,0,6,-13
01,15,40,20,33,18,0,2,-13
01,15,230,40,-9,-11,0,7,-1
01,15,120,10,-6,-13,0,3,-21
01,15,110,60,-8,-71,0,1,-5
01,15,110,30,-4,-85,0,0,-16
01,15,160,20,26,-19,0,2,-14
01,15,260,10,25,23,0,8,-1
01,15,30,20,37,32,0,7,-8
01,15,110,20,19,-10,0,2,-15
01,15,990,10,32,3,0,0,-27
01,15,130,20,29,4,0,7,-10
01,15,250,30,46,30,0,5,-4
01,15,210,30,51,24,0,7,-8
01,15,150,20,59,19,0,3,-28
01,15,170,30,41,39,0,8,0
01,15,190,40,42,38,11,8,1
01,15,220,20,56,33,0,5,-16
01,15,190,70,66,47,0,7,-5
01,15,210,50,48,32,0,7,-2
01,15,250,50,91,51,0,6,-6
01,15,220,80,100,64,-1,8,0
01,15,220,50,115,94,0,7,-6
01,15,240,70,92,62,0,7,-5
01,15,190,100,69,55,-1,8,0
01,15,260,70,95,71,1,8,-13
01,15,180,50,59,8,0,8,-2
01,15,200,110,106,78,2,8,0
01,15,210,20,107,82,-1,7,-9
01,15,250,110,117,50,0,1,-4
01,15,220,60,116,87,0,7,-7
01,15,190,60,118,88,0,7,-6
01,15,220,40,104,35,0,3,-5
01,15,200,80,89,84,8,,7
01,15,230,40,112,101,29,,0
01,15,230,20,73,67,-1,,-7
01,15,50,60,-11,-55,0,,-1
01,15,230,20,-5,-41,0,,-2
01,15,30,40,-7,-39,0,7,-6
01,15,80,30,-52,-79,0,1,-10
01,15,60,50,-30,-105,0,6,-18
01,15,30,50,-41,-112,0,1,-21
01,15,100,30,-27,-79,0,,-14
01,15,990,10,-2,-51,0,,-23
01,15,220,30,13,-15,0,,-1
01,15,270,70,82,65,-1,7,-2
01,15,230,50,86,66,-1,8,-2
01,15,220,70,64,23,0,7,-2
01,15,240,30,77,51,0,4,-13
01,15,180,60,38,8,0,2,-14
01,15,210,40,55,44,0,,-1
01,15,210,70,60,50,4,,4
01,15,170,80,89,67,-1,8,-3
01,15,160,60,96,54,0,3,-9
01,15,250,30,79,62,-1,6,-2
01,15,330,60,73,58,-1,8,0
01,15,240,20,69,22,0,4,-14
01,15,220,40,44,38,7,,3
01,15,210,50,56,52,-1,,2
01,15,240,30,98,88,0,8,-14
01,15,250,90,68,24,-1,7,-1
01,15,360,50,50,30,1,6,-12
01,15,990,10,3,-1,5,6,-1
01,15,50,30,-12,-69,0,4,-13
01,15,130,50,-2,-9,1,8,-1
01,15,50,50,-15,-45,0,0,-5
01,15,170,10,-27,-48,0,1,-18
01,15,260,20,49,33,-1,7,-2
01,15,170,40,41,37,1,8,0
01,15,230,50,82,75,0,8,5
01,15,210,30,86,84,0,8,-3
01,15,160,80,61,46,6,8,3
01,15,270,40,75,53,1,7,-3
01,15,180,40,70,55,0,8,-1
01,15,270,80,113,81,0,8,-25
01,15,150,20,52,44,12,8,-2
01,15,260,100,94,48,0,8,-6
01,15,200,80,58,48,5,8,2
01,15,220,40,63,30,0,7,-10
01,15,260,90,67,30,2,8,-3
01,15,280,70,45,31,7,8,-2
01,15,300,10,25,-23,0,1,-17
01,15,260,50,71,65,13,8,3
01,15,60,30,49,9,0,8,-7
01,15,110,20,32,-26,0,6,-10
01,15,190,50,27,-5,-1,8,1
01,15,170,30,40,11,0,1,-14
01,15,310,50,76,53,0,7,-18
01,15,270,20,53,25,0,1,-9
01,15,80,70,22,-10,0,6,-4
01,15,280,30,29,10,0,8,-3
01,15,280,60,35,-6,0,2,-11
01,15,270,50,33,-3,0,7,-5
01,15,210,60,30,-16,0,7,-1
01,15,210,110,85,70,9,8,12
01,15,200,50,78,49,0,8,-2
01,15,280,60,59,4,0,1,-1
01,15,260,50,80,52,0,7,-1
01,15,220,60,72,34,0,8,2
01,15,210,40,66,48,0,8,1
01,15,230,30,85,47,0,0,-8
01,15,230,70,124,84,0,8,-4
01,15,260,100,98,22,0,6,-14
01,15,210,50,88,41,0,1,-12
01,15,210,50,133,59,0,4,-15
01,15,190,70,106,75,0,5,0
01,15,250,60,93,38,0,6,-12
01,15,290,70,66,20,0,3,-7
01,15,180,30,62,17,0,0,-24
01,15,140,30,42,-4,0,0,-19
01,15,210,30,54,-7,0,0,-15
01,15,200,70,69,47,0,8,5
01,15,260,30,26,21,0,6,5
01,15,280,40,53,19,0,2,2
01,15,260,90,106,90,22,8,5
01,15,290,90,60,17,0,7,-5
01,15,300,50,54,20,6,4,-13
01,15,310,70,55,-4,0,8,-22
01,15,20,40,3,-3,7,6,12
01,15,40,60,7,-47,0,3,-10
01,15,60,10,3,-28,0,3,-9
01,15,270,20,14,7,0,8,-2
01,15,120,20,28,27,0,8,-9
01,15,270,20,21,-10,0,8,-2
01,15,290,40,76,61,0,8,-6
01,15,290,70,68,62,7,8,1
01,15,70,20,56,35,0,8,-10
01,15,320,20,36,30,0,8,-21
01,15,200,20,20,1,0,7,-20
01,15,50,40,29,13,0,8,-4
01,15,80,50,13,-8,0,8,0
01,15,70,30,24,-1,0,7,-4
01,15,120,40,41,8,0,8,-7
01,15,100,20,23,-5,0,0,-13
01,15,130,10,33,-8,0,0,-31
01,15,210,40,48,24,0,4,-10
01,15,230,50,44,38,1,8,0
01,15,150,40,37,34,0,8,-3
01,15,140,40,31,4,0,0,-14
01,15,150,30,57,6,0,0,-19
01,15,130,30,14,-25,0,0,-16
01,15,170,50,47,-1,0,8,-5
01,15,280,50,72,58,-1,8,-4
01,15,300,20,55,40,0,0,-3
01,15,200,50,85,72,0,7,-1
01,15,260,40,67,46,3,8,1
01,15,330,70,74,26,-1,8,-7
01,15,90,40,12,-12,0,8,-4
01,15,110,50,0,-88,0,0,-11
01,15,110,20,19,-72,0,0,-14
01,15,340,70,48,18,-1,7,-7
01,15,60,70,13,-31,0,7,-3
01,15,60,50,-10,-73,0,0,-10
01,15,60,50,23,-82,0,0,-13
01,15,50,60,48,-100,0,0,-13
01,15,70,60,31,3,0,8,3
01,15,50,40,37,-6,0,0,-19
01,15,270,60,82,23,0,0,-8
01,15,280,60,75,41,-1,5,-6
01,15,210,60,78,67,3,8,2
01,15,260,70,99,56,0,8,-3
01,15,230,40,104,78,0,7,-6
01,15,160,40,77,68,20,8,-1
01,15,210,50,89,66,1,8,-1
01,15,200,40,94,65,0,7,-2
01,15,240,80,140,75,0,8,-1
01,15,230,60,109,89,7,8,-4
01,15,230,110,99,86,26,8,14
01,15,230,80,97,84,2,8,10
01,15,220,50,110,69,0,8,0
01,15,250,40,85,31,0,5,-11
01,15,200,30,75,15,0,0,-26
01,15,200,50,86,75,2,8,-2
01,15,210,90,111,95,26,8,-15
01,15,250,140,144,107,1,8,-8
01,15,270,50,109,48,0,8,-5
01,15,260,70,101,56,0,8,-6
01,15,250,40,52,30,-1,7,-1
01,15,50,60,40,8,-1,8,-13
01,15,30,30,5,-47,0,5,-12
01,15,120,30,7,-14,-1,8,-11
01,15,30,30,-4,-54,0,2,-11
01,15,230,40,24,9,1,8,4
01,15,330,20,57,32,1,8,-14
01,15,270,80,67,47,-1,8,-2
01,15,310,30,90,71,-1,8,-9
01,15,250,20,86,69,0,8,-2
01,15,250,60,73,32,0,2,-1
01,15,90,40,31,21,0,8,-5
01,15,90,60,10,-25,0,0,-9
01,15,100,60,12,-31,-1,8,-1
01,15,120,50,41,11,0,8,-6
01,15,220,60,68,42,0,1,-1
01,15,240,30,63,31,0,1,-31
01,15,250,80,90,22,0,8,-3
01,15,190,50,77,63,0,8,-9
01,15,230,40,77,40,0,7,-7
01,15,210,90,95,66,0,8,2
01,15,170,70,100,82,2,8,0
01,15,260,40,62,19,0,0,-13
01,15,160,50,85,42,0,8,-13
01,15,190,60,92,53,0,8,5
01,15,200,130,81,68,6,8,5
01,15,220,40,77,42,0,5,-6
01,15,180,80,82,46,0,8,-2
01,15,210,80,84,73,1,8,6
01,15,250,70,123,113,1,8,3
01,15,250,80,130,107,-1,8,-1
01,15,230,80,101,60,0,8,-12
01,15,300,50,74,20,0,6,-22
01,15,210,60,84,57,0,8,2
01,15,260,40,96,88,7,8,-19
01,15,250,70,87,49,0,8,-1
01,15,270,70,98,57,0,7,-8
01,15,280,40,88,64,0,8,-4
01,15,290,30,83,48,0,8,-1
01,15,190,40,59,29,0,8,-1
01,15,310,50,61,37,0,8,-22
01,15,210,120,59,17,0,8,-5
01,15,190,30,-11,-23,0,8,-1
01,15,70,40,8,-9,0,8,1
01,15,260,20,-12,-18,0,8,2
01,15,240,30,19,-5,0,8,-6
01,15,60,50,-22,-49,0,6,-8
01,15,40,30,-58,-98,0,0,-28
01,15,240,10,4,-11,0,8,-2
01,15,120,20,-38,-39,0,9,-3
01,15,0,0,-61,-68,0,0,-24
01,15,150,30,-55,-61,0,0,-12
01,15,190,50,7,-48,0,0,-14
01,15,200,70,45,-13,0,3,1
01,15,220,40,49,45,4,8,-1
01,15,250,30,44,35,0,8,-8
01,15,170,30,45,-1,0,0,-14
01,15,160,40,31,2,0,8,-1
01,15,210,50,70,57,0,5,-3
01,15,270,70,64,27,0,7,-9
01,15,220,70,94,49,0,5,-6
01,15,180,50,65,19,0,1,-10
01,15,200,50,49,17,0,7,-12
01,15,190,110,44,34,12,8,0
01,15,280,110,48,37,11,8,-3
01,15,280,40,53,26,0,6,-12
01,15,150,50,55,-3,0,3,-10
01,15,60,20,35,-2,0,4,-7
01,15,50,20,24,-7,0,0,-13
01,15,130,20,32,-23,0,3,-10
01,15,120,30,9,-18,0,8,-6
01,15,90,70,43,-27,0,2,-9
01,15,110,70,27,-42,0,0,-5
01,15,10,50,2,-40,0,0,-13
01,15,210,30,7,-7,0,7,-5
01,15,10,30,-48,-76,0,0,-10
01,15,210,40,-28,-44,-1,8,1
01,15,190,30,-33,-49,0,4,-1
01,15,200,40,-30,-46,-1,8,1
01,15,120,20,-36,-62,0,0,-17
01,15,40,60,-36,-55,0,8,2
01,15,30,100,-14,-20,3,8,0
01,15,50,40,-4,-29,0,8,-4
01,15,20,30,-1,-19,0,8,-1
01,15,100,50,-7,-33,0,8,-3
01,15,120,40,-14,-20,1,8,1
01,15,110,40,33,3,0,0,-19
01,15,190,20,15,7,0,8,-1
01,15,140,50,16,-9,0,8,-2
01,15,270,50,64,38,0,4,-8
01,15,220,30,54,51,-1,8,1
01,15,300,10,61,33,0,8,-9
01,15,120,40,47,3,0,8,-8
01,15,110,20,33,17,-1,8,0
01,15,180,30,57,8,0,3,-13
01,15,120,20,29,11,2,8,-7
01,15,110,10,9,4,-1,8,-2
01,15,20,30,-14,-35,0,8,0
01,15,40,50,-30,-73,0,2,-11
01,15,230,50,1,-78,0,8,6
01,15,280,40,37,22,1,7,-10
01,15,300,30,24,17,2,8,0
01,15,310,20,-5,-48,0,0,-3
01,15,260,30,26,-4,0,7,-7
01,15,310,20,29,17,0,3,-3
01,15,310,30,20,-4,0,1,-1
01,15,220,20,24,15,0,8,-2
01,15,190,50,14,-17,0,8,-6
01,15,170,50,9,-44,0,1,-3
01,15,190,50,75,73,10,8,1
01,15,180,30,79,77,1,8,9
01,15,230,60,108,76,0,8,-6
01,15,250,30,55,9,0,0,-14
01,15,160,40,40,16,0,8,-11
01,15,260,40,62,50,0,8,-4
01,15,220,60,74,69,7,8,4
01,15,250,60,116,105,0,8,0
01,15,230,60,105,95,0,8,1
01,15,220,60,101,66,-1,8,0
01,15,220,50,129,66,0,0,-13
01,15,190,50,91,76,-1,8,2
01,15,330,20,56,43,-1,8,-3
01,15,310,50,43,33,8,8,-7
01,15,350,50,43,2,0,0,-11
01,15,270,20,17,8,-1,8,-2
01,15,20,40,56,31,0,8,-3
01,15,340,50,63,54,1,8,-1
01,15,340,50,63,32,0,8,-4
01,15,330,40,55,10,0,7,-18
01,15,50,40,39,17,0,8,-11
01,15,50,60,9,-50,0,1,-12
01,15,60,60,3,-42,0,0,-6
01,15,30,40,-1,-29,0,0,-12
01,15,50,30,0,-14,0,8,-1
01,15,80,20,-19,-38,0,8,0
01,15,200,60,127,115,-1,8,-2
01,15,260,50,74,34,-1,2,-8
01,15,220,110,110,96,18,8,-24
01,15,250,60,74,31,0,8,-2
01,15,300,110,75,32,-1,7,-1
01,15,290,60,72,45,0,7,-5
01,15,290,110,83,36,0,7,-2
01,15,300,60,82,41,0,8,-5
01,15,280,50,95,66,0,8,-1
01,15,210,30,94,71,0,8,-2
01,15,250,40,83,76,0,8,1
01,15,300,80,91,72,4,7,-4
01,15,330,50,58,1,0,1,-6
01,15,340,20,54,2,0,7,-23
01,15,80,40,47,-9,0,1,-24
01,15,60,30,38,-24,0,0,-25
01,15,220,10,50,-22,0,4,-30
01,15,210,60,36,23,1,8,0
01,15,280,70,73,56,0,7,-5
01,15,280,50,58,28,-1,7,-8
01,15,280,70,85,56,7,8,-7
01,15,280,90,96,45,0,8,0
01,15,290,70,65,22,-1,2,-2
01,15,210,20,50,35,0,8,-3
01,15,160,40,64,37,0,8,-1
01,15,160,50,80,62,-1,8,-19
01,15,230,30,79,31,0,7,-11
01,15,80,30,52,20,0,2,-20
01,15,50,50,-5,-32,0,8,-3
01,15,100,20,-14,-24,1,8,-1
01,15,50,50,-22,-71,0,0,-4
01,15,270,40,62,28,0,1,-3
01,15,240,30,74,54,0,6,-3
01,15,270,40,105,97,0,8,-2
01,15,270,40,89,86,1,8,-2
01,15,270,30,78,75,-1,8,-2
01,15,280,30,96,88,0,8,-4
01,15,220,30,80,64,0,8,-4
01,15,230,20,82,63,0,8,-1
01,15,250,20,66,63,0,8,4
01,15,260,20,67,41,0,8,-5
01,15,160,10,21,-44,0,0,-32
01,15,80,60,13,-40,0,1,-9
01,15,60,60,1,-51,0,1,-10
01,15,180,40,-21,-32,-1,8,-2
01,15,350,40,-29,-31,1,8,2
01,15,40,20,-74,-84,0,1,-2
01,15,290,10,-54,-56,-1,8,-16
01,15,110,20,-9,-37,0,8,-3
01,15,80,60,-43,-75,0,7,-5
01,15,80,60,-39,-41,3,8,4
01,15,100,20,0,-4,0,8,0
01,15,60,20,-13,-35,0,0,-14
01,15,50,30,-27,-41,0,8,-2
01,15,20,30,-21,-60,0,0,-7
01,15,150,30,-17,-45,0,8,0
01,15,230,40,-4,-9,-1,8,3
01,15,230,60,62,49,0,1,-9
01,15,200,50,65,28,0,7,-3
01,15,230,50,112,109,14,8,4
01,15,250,70,112,72,0,7,-7
01,15,270,100,96,48,0,7,-5
01,15,170,70,85,44,0,8,0
01,15,210,50,94,57,0,5,-9
01,15,210,50,107,78,8,8,8
01,15,160,60,103,63,0,8,-3
01,15,180,50,58,29,0,8,-5
01,15,210,70,133,97,2,7,-1
01,15,220,60,125,66,0,7,-7
01,15,230,20,97,70,0,7,-11
01,15,260,70,93,64,-1,8,-13
01,15,230,40,85,40,0,4,-12
01,15,280,70,74,37,0,4,-7
01,15,130,40,56,23,0,0,-16
01,15,200,40,86,49,0,1,-14
01,15,180,30,66,56,-1,8,-4
01,15,190,60,54,45,2,8,2
01,15,210,30,79,66,1,7,-5
01,15,190,60,92,46,-1,8,-18
01,15,120,40,91,47,0,8,-9
01,15,120,20,84,49,0,8,-7
01,15,350,40,50,42,1,8,-5
01,15,250,30,67,54,-1,8,-6
01,15,160,30,44,5,0,1,-6
01,15,170,40,60,47,0,7,-1
01,15,170,10,64,33,0,8,-11
01,15,190,60,50,9,0,8,-1
01,15,180,60,53,16,0,8,-5
01,15,190,70,39,18,1,8,1
01,15,160,60,62,15,0,8,-3
01,15,90,60,37,-8,0,2,-10
01,15,110,20,58,20,0,7,-7
01,15,170,40,70,24,0,0,-7
01,15,200,70,38,-6,0,3,4
01,15,280,80,75,9,0,0,-9
01,15,40,10,22,19,13,8,-3
01,15,270,30,59,24,0,1,-15
01,15,190,30,26,15,0,8,2
01,15,220,40,14,0,0,8,-1
01,15,200,50,55,31,0,,-8
01,15,320,80,65,52,25,8,-5
01,15,260,60,112,83,-1,8,3
01,15,300,80,88,65,1,8,-7
01,15,270,70,65,16,0,8,1
01,15,220,70,95,58,0,8,-2
01,15,230,40,84,71,-1,8,1
01,15,270,50,54,5,0,0,-9
01,15,210,60,87,79,7,8,-1
01,15,200,40,70,23,0,5,-12
01,15,200,50,44,-9,0,0,-15
01,15,240,10,40,36,2,8,-3
01,15,10,20,18,5,0,8,-4
01,15,210,30,21,10,0,8,0
01,15,80,30,13,-23,0,8,-8
01,15,70,40,-11,-30,0,8,1
01,15,230,20,-28,-32,0,8,1
01,15,310,30,44,7,0,2,0
01,15,240,20,52,41,0,8,-3
01,15,310,40,78,55,-1,8,-4
01,15,280,50,65,38,0,8,-3
01,15,220,90,68,60,10,8,-25
01,15,220,60,53,15,-1,7,-7
01,15,260,20,20,12,0,8,-1
01,15,270,40,23,11,4,8,-8
01,15,110,30,63,51,0,8,-4
01,15,130,40,84,67,0,8,-3
01,15,140,60,72,27,0,8,-2
01,15,190,40,74,60,-1,8,-4
01,15,150,30,78,49,0,7,-3
01,15,100,20,71,67,6,8,-15
01,15,170,70,58,49,8,8,12
01,15,210,30,77,21,0,0,-36
01,15,180,60,80,52,0,8,-5
01,15,200,60,84,39,0,7,-22
01,15,180,30,70,60,0,8,1
01,15,240,50,69,23,1,7,-2
01,15,270,50,58,24,0,7,-10
01,15,200,70,47,18,1,8,-9
01,15,360,40,34,19,0,8,-6
01,15,320,30,38,2,-1,2,-6
01,15,30,20,12,-22,0,1,-11
01,15,120,20,-15,-52,0,3,-14
01,15,230,20,10,-49,0,6,-5
01,15,230,10,28,8,0,8,-3
01,15,150,10,14,2,0,7,-10
01,15,160,60,36,-19,0,8,-3
01,15,220,30,79,69,0,8,-4
01,15,230,30,87,84,0,8,2
01,15,180,50,143,44,0,0,-21
01,15,220,60,111,55,0,8,-5
01,15,210,80,121,87,0,8,-2
01,15,240,40,79,-6,0,0,-12
01,15,220,80,95,65,0,8,-6
01,15,250,40,63,35,-1,8,-12
01,15,190,50,67,63,3,8,4
01,15,190,60,-10,-13,0,8,4
01,15,250,20,50,18,0,8,-20
01,15,240,50,48,29,0,8,1
01,15,320,70,59,3,0,2,-13
01,15,30,40,17,-42,0,1,-13
01,15,150,20,-10,-64,0,7,-12
01,15,220,30,-3,-3,1,9,3
01,15,220,10,54,54,0,8,-10
01,15,200,50,53,49,0,8,0
01,15,200,20,60,52,0,8,-6
01,15,290,80,73,37,1,3,-4
01,15,220,30,54,40,4,8,-2
01,15,210,40,13,7,1,8,-2
01,15,300,30,37,20,0,5,-16
01,15,260,30,26,14,0,8,-8
01,15,70,20,-8,-12,0,8,-2
01,15,20,20,-10,-39,0,7,-7
01,15,60,30,-13,-40,0,0,-6
01,15,60,30,30,-52,0,0,-27
01,15,60,30,38,-67,0,8,-27
01,15,100,30,43,-32,0,0,-18
01,15,270,20,25,-35,0,8,-22
01,15,190,30,24,0,0,8,-1
01,15,130,30,20,17,0,8,-3
01,15,110,40,-9,-47,0,6,-5
01,15,130,30,3,-46,0,0,-8
01,15,140,30,67,7,0,8,-9
01,15,190,40,103,44,0,8,-15
01,15,190,40,72,34,0,8,-13
01,15,310,40,63,57,0,8,-8
01,15,160,20,45,9,0,8,-2
01,15,160,20,67,53,4,8,-4
01,15,200,40,62,32,0,8,3
01,15,260,100,96,31,0,8,-5
01,15,250,60,116,100,3,8,1
01,15,200,50,91,61,-1,8,-24
01,15,20,30,61,48,0,8,-2
01,15,50,70,23,-23,0,0,-7
01,15,70,60,40,1,0,8,-8
01,15,130,30,55,31,0,8,-4
01,15,170,40,77,64,0,8,-1
01,15,10,40,73,64,0,8,-1
01,15,100,20,56,43,0,8,-2
01,15,100,40,63,23,0,8,-10
01,15,120,30,48,10,0,1,-18
01,15,190,110,63,47,4,8,-3
01,15,250,60,47,6,-1,7,-6
01,15,270,70,58,2,0,7,-1
01,15,280,40,58,24,-1,8,-4
01,15,240,40,50,12,-1,4,-9
01,15,130,20,29,22,2,8,-2
01,15,180,30,47,25,0,8,-6
01,15,280,40,82,55,0,8,-4
01,15,200,70,92,73,3,8,-5
01,15,210,100,138,84,0,8,-3
01,15,200,30,87,61,0,8,-9
01,15,170,10,62,53,0,4,-2
01,15,200,60,62,27,0,8,-4
01,15,250,40,113,88,0,8,0
01,15,240,70,102,72,0,8,-6
01,15,250,20,70,25,0,5,-13
01,15,270,50,51,39,17,8,-1
01,15,320,50,79,42,0,5,-11
01,15,350,50,59,4,0,8,-2
01,15,320,30,57,21,0,8,-20
01,15,250,30,39,6,0,8,-2
01,15,290,40,66,55,1,8,2
01,15,250,30,60,35,0,8,-2
01,15,250,60,87,62,0,8,-3
01,15,320,80,76,34,1,8,-10
01,15,360,80,62,-1,0,8,-10
01,15,0,0,44,17,-1,8,-5
01,15,320,50,77,66,5,8,-5
01,15,280,70,83,72,1,8,1
01,15,270,100,96,76,3,8,-3
01,15,310,50,60,6,0,1,-9
01,15,250,50,78,43,0,8,-2
01,15,200,60,60,26,0,8,-6
01,15,280,60,31,14,2,8,-2
01,15,170,30,1,-1,0,8,-8
01,15,130,40,24,-21,0,8,-10
01,15,70,30,23,-52,0,0,-31
01,15,200,20,32,-22,0,4,-22
01,15,180,50,-7,-14,1,8,-1
01,15,30,40,-2,-26,0,8,1
01,15,180,20,0,-29,0,8,2
01,15,200,50,17,11,-1,8,0
01,15,220,40,81,57,0,8,-4
01,15,280,90,54,24,-1,8,-5
01,15,310,80,43,8,-1,7,-10
01,15,170,40,35,-16,0,8,-7
01,15,990,10,7,5,4,8,-2
01,15,150,30,-17,-20,0,8,-2
01,15,190,30,18,14,0,8,-4
01,15,180,50,49,40,0,8,2
01,15,290,70,95,89,5,8,-18
01,15,270,60,79,47,0,8,-4
01,15,220,20,74,37,0,8,-1
01,15,160,40,68,19,0,3,-13
01,15,200,50,83,58,0,7,-3
01,15,270,40,120,104,0,8,-4
01,15,200,60,131,109,0,8,-2
01,15,310,40,74,38,0,3,-22
01,15,200,50,70,27,0,8,0
01,15,220,50,95,73,0,7,8
01,15,180,70,86,40,0,7,-6
01,15,200,90,116,73,-1,8,2
01,15,210,60,100,77,5,8,-21
01,15,160,50,109,67,0,8,-10
01,15,230,40,104,64,0,8,-6
01,15,270,50,69,18,0,6,-14
01,15,10,40,74,26,0,3,-14
01,15,210,20,51,41,0,8,-7
01,15,210,20,5,2,0,9,-1
01,15,260,10,47,46,0,9,1
01,15,70,30,51,20,0,8,-6
01,15,190,40,20,15,0,8,1
01,15,160,30,22,12,0,8,-1
01,15,190,50,96,59,0,6,-12
01,15,190,40,94,68,0,8,-4
01,15,250,60,58,9,0,7,-3
01,15,270,60,71,18,0,4,-6
01,15,210,60,95,87,8,8,-8
01,15,220,50,121,103,0,8,4
01,15,230,57,61,33,0,5,-10
01,15,240,103,118,112,5,8,4
01,15,210,46,93,69,0,8,-5
01,15,230,67,55,28,1,6,-8
01,15,210,108,67,55,4,8,6
01,15,270,103,70,-12,0,2,-1
01,15,270,67,83,19,0,2,-13
01,15,210,62,80,48,0,7,2
01,15,230,113,99,53,0,7,1
01,15,250,82,103,40,-1,7,-4
01,15,220,67,97,59,0,6,-17
01,15,270,36,55,38,0,6,-4
01,15,20,51,47,12,0,1,-18
01,15,60,82,25,-22,0,0,-7
01,15,70,41,38,-92,0,0,-10
01,15,120,51,12,-83,0,1,-9
01,15,150,41,45,-15,0,1,-15
01,15,130,36,-4,-10,0,9,-3
01,15,270,26,33,27,2,7,-4
01,15,200,36,35,29,0,8,5
01,15,330,51,54,34,2,7,-4
01,15,50,46,48,28,0,8,-2
01,15,20,15,-5,-11,0,8,-1
01,15,80,36,10,-24,0,8,-1
01,15,100,31,33,2,0,7,-5
01,15,60,41,21,12,-1,8,-1
01,15,70,26,45,15,0,8,-4
01,15,80,26,35,-11,0,7,-12
01,15,120,36,31,-18,0,1,-11
01,15,130,51,18,-29,0,3,-7
01,15,190,26,-2,-32,0,7,-11
01,15,240,93,61,39,0,8,-2
01,15,220,72,54,28,0,7,2
01,15,200,82,47,12,0,6,2
01,15,250,41,66,54,-1,8,-7
01,15,240,77,107,90,1,8,-1
01,15,240,46,95,68,0,8,-7
01,15,210,46,40,17,0,7,0
01,15,190,62,99,49,0,6,-4
01,15,270,36,84,69,4,8,-7
01,15,50,51,49,-1,0,1,-14
01,15,0,0,-27,-28,0,9,3
01,15,240,31,1,0,0,9,3
01,15,290,15,50,-4,0,7,-6
01,15,280,26,54,42,0,7,-2
01,15,330,31,65,37,0,8,-4
01,15,270,46,30,11,-1,8,-4
01,15,330,31,59,-4,0,7,-7
01,15,250,26,66,49,0,6,-19
01,15,280,57,61,58,2,8,4
01,15,50,51,3,-26,0,8,-5
01,15,60,41,-5,-118,0,1,-9
01,15,80,26,-9,-79,0,0,-7
01,15,40,26,-7,-46,0,0,-6
01,15,990,10,12,-38,0,3,-18
01,15,990,5,-32,-33,0,9,-3
01,15,360,36,51,26,0,3,-21
01,15,60,26,5,-9,0,5,-9
01,15,50,36,-13,-14,0,8,-1
01,15,60,62,10,-12,0,1,-9
01,15,50,36,3,0,0,8,-3
01,15,30,15,-7,-8,0,8,0
01,15,0,0,-17,-37,0,0,-20
01,15,120,31,-8,-102,0,0,-9
01,15,90,26,-36,-113,0,0,-10
01,15,180,41,-30,-88,0,7,-2
01,15,200,77,53,-51,-1,8,-10
01,15,230,67,88,84,-1,8,-3
01,15,170,26,57,39,0,4,2
01,15,270,41,58,15,0,2,-19
01,15,220,103,112,82,0,8,2
01,15,200,103,111,90,8,8,-4
01,15,240,93,108,73,-1,7,-12
01,15,260,108,71,1,0,3,-13
01,15,190,72,85,70,3,8,19
01,15,270,57,79,15,0,3,-16
01,15,220,113,127,70,0,8,-7
01,15,220,87,134,96,0,7,1
01,15,240,93,109,66,0,8,-12
01,15,250,41,77,20,0,1,-27
01,15,260,57,74,19,0,6,-14
01,15,230,98,99,83,3,8,5
01,15,230,93,111,66,0,7,-2
01,15,290,51,75,68,35,8,-4
01,15,210,57,78,33,-1,8,-2
01,15,270,108,96,29,0,7,-2
01,15,300,82,33,24,-1,7,0
01,15,250,93,42,0,0,8,1
01,15,300,31,50,2,0,7,-7
01,15,250,62,97,68,0,7,-11
01,15,60,31,47,43,0,8,-9
01,15,120,36,43,10,0,0,-10
01,15,10,31,19,-5,0,0,-14
01,15,250,36,42,19,0,6,-5
01,15,270,77,83,43,-1,8,1
01,15,130,62,70,58,25,8,0
01,15,190,72,74,44,7,5,-1
01,15,200,82,89,63,0,7,-6
01,15,130,36,79,57,-1,8,-2
01,15,190,31,52,17,0,8,-5
01,15,180,41,53,18,0,5,-21
01,15,150,51,39,9,0,2,-7
01,15,120,26,63,33,0,8,0
01,15,200,36,59,49,0,7,1
01,15,190,77,89,83,4,8,7
01,15,230,72,98,62,-1,7,-1
01,15,250,82,80,31,-1,2,-8
01,15,220,41,59,32,0,7,-6
01,15,360,31,47,3,0,7,-5
01,15,250,10,23,-17,0,5,-16
01,15,220,72,26,3,0,7,5
01,15,220,36,23,19,2,8,-3
01,15,210,41,43,18,0,1,-22
01,15,210,57,50,30,-1,8,-4
01,15,230,57,81,78,-1,8,-1
01,15,280,46,73,48,6,7,1
01,15,240,46,62,25,0,8,-5
01,15,260,77,113,89,0,7,-2
01,15,290,82,65,12,0,3,-3
01,15,220,113,89,81,1,8,2
01,15,320,108,2,1,4,8,6
01,15,200,67,23,19,2,8,7
01,15,290,62,80,29,0,4,-2
01,15,270,51,71,30,0,6,-5
01,15,320,93,0,0,1,8,0
01,15,310,41,38,22,0,4,2
01,15,80,21,23,-24,0,5,-22
01,15,130,21,-31,-36,0,3,-11
01,15,160,46,-24,-71,0,6,-7
01,15,200,10,-18,-31,0,8,1
01,15,220,10,-36,-43,0,0,-8
01,15,180,46,5,5,1,8,2
01,15,230,67,44,41,0,7,0
01,15,280,62,59,29,-1,8,-4
01,15,340,51,22,13,2,4,-6
01,15,10,72,41,3,0,3,-7
01,15,220,26,46,37,0,6,0
01,15,230,51,69,69,0,7,-4
01,15,210,36,75,75,4,8,0
01,15,170,72,59,20,0,1,-14
01,15,180,87,89,16,0,7,-6
01,15,210,41,68,53,0,8,-5
01,15,160,87,67,31,0,7,3
01,15,230,67,87,31,0,6,-8
01,15,180,103,69,32,0,7,0
01,15,140,21,62,62,25,8,3
01,15,240,103,77,41,0,6,-2
01,15,250,82,67,30,0,7,-6
01,15,160,10,50,47,4,8,0
01,15,260,51,72,69,4,8,-2
01,15,210,46,36,-4,0,7,-3
01,15,250,72,92,66,-1,6,-2
01,15,230,93,90,85,15,8,5
01,15,350,36,44,7,-1,2,-2
01,15,190,67,44,-14,0,8,4
01,15,80,15,19,16,0,8,-3
01,15,20,36,-4,-15,0,6,-5
01,15,100,21,7,-14,0,7,0
01,15,120,51,15,-17,0,7,-9
01,15,120,36,19,-46,0,2,-9
01,15,120,51,-20,-55,0,8,-1
01,15,180,36,88,79,0,7,-18
01,15,160,51,90,63,0,4,-30
01,15,130,46,71,41,-1,8,-3
01,15,130,21,81,73,0,7,-3
01,15,140,41,88,59,0,7,-12
01,15,140,41,106,69,0,7,-7
01,15,200,36,102,67,0,7,-6
01,15,80,21,98,58,0,7,-8
01,15,150,21,67,42,0,2,-3
01,15,120,21,42,35,0,7,-9
01,15,100,15,13,13,0,8,-2
01,15,120,15,-3,-3,0,8,-1
01,15,130,31,-6,-6,0,8,1
01,15,120,72,-1,-38,0,8,-1
01,15,90,46,14,-42,0,7,-1
01,15,80,51,21,-40,0,6,-10
01,15,90,62,-14,-67,0,5,-4
01,15,90,57,-1,-61,0,6,-4
01,15,80,62,-62,-144,0,7,0
01,15,60,57,-92,-117,-1,8,0
01,15,70,41,-22,-55,0,5,2
01,15,60,67,-23,-84,0,1,-7
01,15,70,46,4,-44,0,0,-4
01,15,80,51,18,-51,0,0,-6
01,15,60,36,34,-68,0,0,-18
01,15,60,50,-102,-141,0,0,-9
01,15,70,30,-95,-121,0,3,-3
01,15,50,50,-60,-90,0,8,0
01,15,50,60,-46,-67,0,8,-1
01,15,60,40,-37,-60,0,8,0
01,15,60,40,-69,-94,0,7,-9
01,15,50,30,-49,-69,0,6,-6
01,15,80,40,-64,-82,0,8,-2
01,15,70,40,-53,-82,0,7,-5
01,15,140,40,-29,-60,0,8,-2
01,15,140,20,-29,-54,0,7,-5
01,15,190,30,25,-6,0,8,1
01,15,210,10,75,-9,0,3,-26
01,15,110,20,64,-38,0,1,-23
01,15,140,20,59,-15,0,0,-16
01,15,110,10,60,-5,0,0,-24
01,15,170,30,74,2,0,3,-26
01,15,200,20,45,45,0,8,-8
01,15,200,10,55,55,0,8,-7
01,15,340,10,30,30,0,8,-4
01,15,100,40,30,15,0,8,2
01,15,190,60,115,72,0,6,-16
01,15,240,20,68,54,0,6,-22
01,15,30,20,80,49,0,1,-32
01,15,0,0,13,13,0,2,-13
01,15,30,30,9,9,0,8,-1
01,15,350,10,0,-21,0,6,-4
01,15,320,10,25,25,0,8,0
01,15,60,10,24,24,0,8,-1
01,15,30,20,37,22,0,8,-4
01,15,320,30,40,39,-1,8,-1
01,15,200,60,80,49,0,5,-7
01,15,180,80,87,70,2,8,-4
01,15,240,130,112,82,21,7,-27
01,15,200,80,78,53,6,8,-5
01,15,200,90,74,63,12,8,-2
01,15,220,40,62,34,0,7,-2
01,15,230,60,75,55,0,5,11
01,15,230,100,112,71,0,7,4
01,15,210,30,122,94,0,2,-10
01,15,170,30,95,51,0,6,-2
01,15,190,30,109,52,0,2,-18
01,15,180,20,100,67,0,7,-12
01,15,160,50,113,68,0,7,-4
01,15,240,70,73,66,1,8,1
01,15,210,60,86,71,0,7,2
01,15,250,50,82,65,0,7,-1
01,15,210,60,71,46,0,7,-2
01,15,200,90,41,32,11,8,2
01,15,310,90,53,25,-1,6,-6
01,15,360,60,40,25,-1,8,-2
01,15,80,20,8,-42,0,7,-5
01,15,90,30,5,-34,0,2,-7
01,15,60,40,19,-3,0,8,-1
01,15,40,70,29,-9,0,7,-7
01,15,60,80,3,-47,0,7,-5
01,15,50,30,4,-39,0,1,-7
01,15,50,10,9,-43,0,0,-19
01,15,250,20,21,-13,-1,8,-5
01,15,130,10,29,29,0,8,-16
01,15,230,40,16,16,-1,8,0
01,15,60,70,8,-122,0,4,-9
01,15,180,50,111,55,0,5,-45
01,15,200,60,78,68,1,7,-1
01,15,210,80,79,73,12,8,7
01,15,220,80,130,120,-1,8,-1
01,15,200,40,135,102,0,7,-16
01,15,190,60,126,64,0,6,-4
01,15,220,40,72,59,0,7,-18
01,15,250,80,66,21,0,5,-6
01,15,350,40,32,-19,0,2,-12
01,15,30,60,3,-35,0,1,-9
01,15,350,60,1,-52,0,1,-8
01,15,190,70,13,-11,0,7,1
01,15,220,40,38,23,0,7,-4
01,15,260,70,63,20,0,3,-14
01,15,210,110,88,48,0,7,-1
01,15,220,60,89,84,6,8,-11
01,15,210,40,65,45,0,7,-8
01,15,190,50,76,30,0,5,-20
01,15,200,90,100,59,0,7,-3
01,15,190,40,121,81,0,7,1
01,15,990,10,90,87,0,8,-4
01,15,50,30,70,41,0,1,-22
01,15,190,30,62,57,0,8,0
01,15,200,50,71,67,0,8,0
01,15,230,110,113,106,3,8,0
01,15,220,70,72,38,0,7,-3
01,15,280,50,59,38,0,6,-7
01,15,330,60,54,44,12,4,5
01,15,50,30,10,-65,0,2,-8
01,15,340,20,22,-93,0,1,-10
01,15,320,10,50,-46,0,6,-6
01,15,280,20,78,77,0,8,-5
01,15,200,60,83,78,-1,8,-1
01,15,210,80,81,67,-1,8,-2
01,15,210,80,86,81,7,8,8
01,15,190,40,73,49,0,7,-8
01,15,210,60,94,69,-1,8,-8
01,15,200,50,75,51,0,6,-8
01,15,230,40,74,71,-1,8,-3
01,15,990,10,47,33,0,6,-14
01,15,990,10,14,10,0,4,-16
01,15,190,30,35,12,0,5,-14
01,15,200,60,21,-14,0,7,-6
01,15,180,40,34,-15,0,8,-4
01,15,990,10,38,29,0,8,-2
01,15,20,40,37,7,0,5,-16
01,15,280,30,61,57,0,8,1
01,15,310,50,66,60,-1,8,0
01,15,360,80,72,33,-1,7,-8
01,15,320,30,52,12,0,7,-5
01,15,260,50,43,25,-1,8,-3
01,15,320,50,57,29,0,6,-3
01,15,330,50,41,19,4,7,-8
01,15,40,60,12,-19,0,8,-4
01,15,10,20,7,-89,0,2,-11
01,15,280,20,28,-39,0,7,-7
01,15,230,40,31,-18,0,7,-12
01,15,240,50,36,-32,0,1,-17
01,15,220,70,31,-14,0,8,3
01,15,240,110,108,77,0,8,0
01,15,230,40,92,86,4,8,13
01,15,260,80,113,79,0,8,-1
01,15,190,60,60,50,6,8,1
01,15,190,80,113,58,0,7,-2
01,15,210,40,72,41,0,6,-13
01,15,210,80,90,73,-1,8,-5
01,15,220,90,107,89,0,7,-8
01,15,230,40,71,49,0,6,-10
01,15,210,50,62,40,0,7,1
01,15,240,50,49,35,2,7,-1
01,15,250,20,49,34,0,8,-11
01,15,70,40,32,16,1,8,-1
01,15,80,50,31,-1,0,7,-7
01,15,50,40,33,-16,0,1,-31
01,15,50,50,21,-42,0,3,-7
01,15,70,60,2,-25,0,7,-5
01,15,70,50,14,-54,0,0,-12
01,15,130,20,8,-65,0,0,-11
01,15,30,20,-11,-54,0,1,-10
01,15,300,10,8,1,0,8,-2
01,15,990,10,19,15,0,8,-5
01,15,220,20,5,-5,0,8,-1
01,15,120,50,9,-23,0,8,1
01,15,150,40,70,67,0,7,0
01,15,180,60,83,53,0,7,-7
01,15,230,60,91,61,-1,7,-11
01,15,180,30,64,55,1,8,-1
01,15,200,60,70,37,0,4,-8
01,15,260,70,50,29,2,8,-11
01,15,260,20,50,29,0,6,5
01,15,0,0,57,5,0,7,-15
01,15,250,20,42,28,0,5,-7
01,15,30,30,44,20,0,7,-20
01,15,230,50,-7,-7,0,,-2
01,15,210,10,-9,-25,0,5,-34
01,15,110,50,-5,-81,0,1,-5
01,15,120,40,-7,-90,0,0,-12
01,15,160,20,21,-25,0,1,-19
01,15,260,10,14,14,0,8,0
01,15,30,10,35,34,0,7,-5
01,15,140,30,28,-4,0,3,-7
01,15,120,10,32,3,0,0,-19
01,15,130,30,30,1,0,7,-11
01,15,220,40,41,29,0,7,-4
01,15,230,20,49,31,0,7,-2
01,15,160,30,72,17,0,2,-24
01,15,150,30,33,25,0,8,1
01,15,190,50,40,37,14,8,-1
01,15,240,30,52,26,0,3,-17
01,15,180,60,62,43,-1,7,-2
01,15,200,30,58,38,0,7,-6
01,15,250,70,90,44,0,5,-9
01,15,220,110,97,65,-1,8,-1
01,15,220,60,113,93,0,7,-5
01,15,240,90,85,60,0,5,-3
01,15,180,80,67,55,2,8,2
01,15,270,90,94,77,4,6,-6
01,15,200,40,59,1,0,7,-1
01,15,200,110,103,78,2,8,1
01,15,260,20,102,83,0,7,-3
01,15,250,120,116,45,0,4,-2
01,15,220,80,111,80,0,7,-9
01,15,190,50,120,86,0,7,-5
01,15,230,60,102,33,0,4,-11
01,15,190,70,85,78,3,,6
01,15,220,60,112,99,4,8,-5
01,15,210,20,68,63,-1,7,-3
01,15,20,70,-11,-57,0,7,-2
01,15,210,30,-20,-39,0,7,-1
01,15,20,60,-10,-45,0,7,-1
01,15,50,30,-50,-78,0,5,3
01,15,50,50,-34,-100,0,7,-14
01,15,20,40,-47,-119,0,1,-17
01,15,80,40,-21,-80,0,6,-7
01,15,50,20,-3,-53,0,2,-25
01,15,230,50,9,-18,0,5,-16
01,15,260,50,70,60,0,7,1
01,15,230,70,81,63,0,8,-9
01,15,210,70,61,18,0,5,1
01,15,220,40,69,44,0,4,-12
01,15,170,60,45,9,0,4,-10
01,15,200,30,54,41,0,7,-6
01,15,200,80,63,48,2,7,0
01,15,170,70,95,64,-1,8,-5
01,15,170,50,96,55,0,3,-11
01,15,220,60,86,56,0,6,-11
01,15,340,70,74,53,-1,8,-4
01,15,200,30,58,10,0,4,-18
01,15,210,70,47,31,1,8,-5
01,15,210,60,56,50,1,8,0
01,15,250,60,97,87,0,8,1
01,15,250,90,67,18,-1,6,-4
01,15,340,70,50,26,3,5,-5
01,15,280,40,15,-4,-1,7,-7
01,15,20,40,-10,-75,0,5,-7
01,15,130,30,-5,-11,4,,1
01,15,50,60,-13,-54,0,2,-5
01,15,180,10,-21,-54,0,7,-19
01,15,240,30,32,28,0,7,-1
01,15,180,40,38,33,-1,8,-2
01,15,220,70,72,67,-1,8,6
01,15,190,30,85,80,0,8,-1
01,15,140,70,56,44,6,8,2
01,15,230,40,70,57,1,5,0
01,15,180,30,64,46,0,7,2
01,15,240,70,117,84,0,5,-20
01,15,130,20,53,44,8,8,-2
01,15,260,100,99,49,-1,4,-11
01,15,180,70,57,46,4,8,2
01,15,220,60,57,27,0,6,-9
01,15,250,110,63,34,3,7,-4
01,15,290,50,49,34,20,8,-6
01,15,310,10,21,-30,0,4,-12
01,15,260,60,69,62,15,8,2
01,15,50,40,47,-1,0,5,-6
01,15,60,20,27,-32,0,3,-2
01,15,180,50,25,-21,-1,8,1
01,15,160,30,50,-21,0,3,-14
01,15,310,30,67,59,0,7,-6
01,15,280,20,54,30,0,5,-2
01,15,60,60,24,-12,0,7,-3
01,15,220,20,25,3,0,8,-2
01,15,260,30,20,18,4,4,-1
01,15,260,50,21,1,-1,7,5
01,15,210,80,28,-20,0,6,-4
01,15,200,120,84,67,9,8,4
01,15,200,40,79,56,0,,-1
01,15,270,90,59,4,0,,-7
01,15,240,60,77,52,0,,-1
01,15,220,90,68,31,0,,2
01,15,190,40,70,44,0,,-2
01,15,220,50,78,45,0,,-4
01,15,220,100,119,81,0,,-2
01,15,250,110,102,13,0,,-15
01,15,210,70,89,41,0,,-10
01,15,200,60,134,49,0,,-18
01,15,190,70,106,68,0,,-2
01,15,240,70,91,42,0,,-11
01,15,270,50,66,22,0,,-10
01,15,180,30,62,20,0,,-20
01,15,110,20,40,-7,0,,-13
01,15,200,30,52,-10,0,,-15
01,15,200,60,64,42,0,,6
01,15,250,40,15,10,-1,,6
01,15,260,40,57,22,0,,-2
01,15,260,70,103,90,16,,9
01,15,280,70,61,14,0,,-7
01,15,330,40,57,20,1,,-30
01,15,300,60,54,-12,0,,-27
01,15,350,50,25,-22,0,,-5
01,15,30,50,2,-55,0,,-10
01,15,20,40,-4,-34,0,,-5
01,15,260,30,11,0,0,,-1
01,15,0,0,24,18,0,,-1
01,15,280,20,23,-25,0,,-5
01,15,270,20,67,59,1,,-1
01,15,270,50,66,59,7,,2
01,15,70,20,61,31,0,,-13
01,15,330,10,38,37,0,,-8
01,15,180,20,18,-8,0,,-13
01,15,40,50,25,10,0,,-1
01,15,70,40,16,-8,0,,-1
01,15,70,40,31,1,0,,-5
01,15,110,30,44,6,0,,-3
01,15,120,30,39,-4,0,,-7
01,15,130,10,36,-8,0,,-16
01,15,180,40,50,12,0,,-5
01,15,210,60,40,37,3,,0
01,15,140,50,33,11,0,,-1
01,15,140,40,31,-1,0,,-14
01,15,140,30,57,-1,0,,-19
01,15,130,30,7,-34,0,,-11
01,15,160,40,45,-3,0,,-3
01,15,250,30,65,59,0,,-2
01,15,290,20,61,45,0,,-7
01,15,200,40,80,69,0,,-2
01,15,270,60,67,50,18,,-6
01,15,320,80,70,28,0,,-11
01,15,10,30,7,-13,0,,-3
01,15,110,40,-2,-95,0,,-5
01,15,110,10,19,-86,0,,-9
01,15,320,40,41,25,1,,2
01,15,50,80,7,-39,0,,-11
01,15,60,50,-17,-80,0,,-9
01,15,60,70,17,-84,0,,-9
01,15,40,60,45,-108,0,,-18
01,15,50,70,27,4,0,,3
01,15,60,40,34,-10,0,,-9
01,15,260,70,77,31,0,6,-8
01,15,270,50,72,46,0,7,-5
01,15,200,60,76,59,-1,8,2
01,15,260,80,96,58,-1,8,1
01,15,220,60,99,77,-1,7,-5
01,15,140,20,80,71,15,8,-2
01,15,210,60,94,62,-1,7,-4
01,15,210,40,93,67,0,6,1
01,15,230,100,140,78,0,8,-3
01,15,220,80,108,91,20,8,-4
01,15,220,140,91,73,1,8,9
01,15,220,70,90,78,1,8,2
01,15,220,60,107,71,0,8,-1
01,15,260,30,84,26,0,0,-23
01,15,190,40,77,15,0,0,-19
01,15,200,50,83,70,-1,8,0
01,15,200,80,111,93,20,8,-24
01,15,240,160,140,111,4,8,-24
01,15,260,60,106,49,0,8,-2
01,15,250,70,101,64,0,7,-7
01,15,270,30,43,34,71,8,4
01,15,40,70,41,11,-1,7,-13
01,15,30,40,-2,-63,0,5,-18
01,15,170,10,-22,-24,0,9,1
01,15,30,40,-5,-51,0,8,-2
01,15,220,60,11,-2,1,8,0
01,15,300,50,53,30,-1,8,2
01,15,260,80,59,46,2,8,0
01,15,290,30,82,69,-1,8,0
01,15,250,30,84,70,0,8,-3
01,15,250,60,76,33,0,1,-7
01,15,100,30,27,14,0,8,-5
01,15,80,50,16,-32,0,0,-8
01,15,100,50,14,-35,-1,8,-2
01,15,120,30,30,7,2,8,0
01,15,210,70,65,40,0,1,-7
01,15,220,40,59,28,0,0,-12
01,15,240,90,91,3,0,7,-5
01,15,190,50,79,60,-1,8,-1
01,15,220,60,74,49,0,8,-9
01,15,200,80,91,63,0,8,-2
01,15,170,50,106,76,1,8,5
01,15,250,50,60,9,0,2,-20
01,15,170,50,84,26,0,3,-14
01,15,190,70,93,49,0,8,2
01,15,190,110,81,64,13,8,6
01,15,210,30,72,45,0,6,-1
01,15,180,80,82,40,0,8,2
01,15,200,80,84,73,4,8,3
01,15,250,80,120,112,7,8,1
01,15,230,80,115,107,5,8,1
01,15,230,110,99,56,0,8,-3
01,15,300,30,73,5,0,0,-12
01,15,220,70,81,52,0,8,1
01,15,240,60,95,87,10,8,-12
01,15,240,90,85,43,0,6,-4
01,15,270,80,102,55,0,6,-9
01,15,280,50,90,61,0,8,-3
01,15,270,30,86,42,0,8,-4
01,15,180,40,57,19,0,8,-4
01,15,240,30,49,36,-1,4,-6
01,15,200,110,52,11,-1,8,1
01,15,250,10,-13,-26,0,8,-1
01,15,40,40,8,-2,0,8,-1
01,15,260,10,-5,-17,0,8,-2
01,15,230,50,12,-14,0,8,-4
01,15,50,60,-23,-45,0,6,-2
01,15,40,30,-69,-114,0,0,-20
01,15,240,20,-11,-26,-1,8,-4
01,15,100,20,-46,-48,-1,8,-4
01,15,120,20,-57,-67,0,0,-17
01,15,150,30,-44,-70,0,0,-8
01,15,180,40,16,-49,0,3,-3
01,15,200,60,54,-16,0,8,-1
01,15,200,40,47,41,6,8,0
01,15,240,20,46,36,0,8,-6
01,15,140,30,47,-1,0,0,-12
01,15,150,40,31,0,-1,8,-2
01,15,210,70,69,53,1,8,-7
01,15,270,60,57,33,5,8,-3
01,15,230,70,96,49,0,7,0
01,15,180,40,62,15,0,2,-12
01,15,210,30,49,14,0,8,-5
01,15,180,100,44,27,12,8,-1
01,15,270,120,50,36,11,8,-6
01,15,280,20,53,22,0,8,-10
01,15,140,50,54,-4,0,8,-6
01,15,90,20,36,-8,0,6,-7
01,15,20,10,26,-5,0,1,0
01,15,150,20,37,-29,0,5,-13
01,15,120,30,20,-19,0,1,-3
01,15,90,50,41,-35,0,0,-6
01,15,110,60,28,-43,0,0,-8
01,15,360,50,-1,-29,0,8,-4
01,15,210,50,3,-7,0,8,0
01,15,310,10,-43,-53,0,0,-9
01,15,200,40,-31,-49,0,8,0
01,15,170,30,-11,-26,0,5,-8
01,15,220,30,-27,-40,0,8,-1
01,15,110,20,-36,-62,0,7,-9
01,15,40,80,-31,-51,0,8,-2
01,15,20,100,-11,-13,3,8,0
01,15,60,40,-5,-30,0,8,-3
01,15,340,30,1,-14,0,8,-2
01,15,90,50,-7,-35,0,8,-3
01,15,110,40,-12,-21,1,8,2
01,15,100,40,36,5,0,0,-11
01,15,180,20,13,9,0,8,1
01,15,130,60,13,-14,0,8,-1
01,15,260,50,65,38,0,1,-14
01,15,250,30,55,52,0,8,-1
01,15,230,20,56,53,0,8,-5
01,15,110,50,47,2,0,5,-7
01,15,130,20,38,16,-1,8,0
01,15,130,40,56,20,0,8,-3
01,15,120,20,28,-2,0,8,-1
01,15,110,10,16,8,-1,8,-1
01,15,350,40,-9,-27,0,8,-1
01,15,40,50,-25,-92,0,0,-4
01,15,230,80,2,-99,0,8,1
01,15,280,30,17,7,1,6,5
01,15,310,40,17,9,8,8,2
01,15,300,30,0,-33,0,0,-12
01,15,240,50,19,-9,-1,7,-18
01,15,310,20,36,34,0,7,-7
01,15,280,20,25,-4,0,0,-8
01,15,210,10,15,8,0,8,-2
01,15,190,40,6,-26,0,8,-1
01,15,160,40,9,-46,0,1,-10
01,15,190,60,69,64,4,8,1
01,15,160,30,85,82,5,8,1
01,15,230,80,104,80,2,8,-8
01,15,270,30,56,10,0,0,-20
01,15,160,40,40,9,0,8,-7
01,15,230,50,56,48,0,8,4
01,15,220,70,69,63,4,8,6
01,15,250,70,117,108,1,8,-1
01,15,240,90,115,90,0,8,-9
01,15,210,70,104,63,0,8,-4
01,15,190,50,124,72,0,0,-11
01,15,190,40,96,70,0,8,1
01,15,340,40,54,42,-1,8,0
01,15,310,60,39,24,11,8,-3
01,15,360,50,42,-7,0,0,-10
01,15,320,20,14,0,-1,8,-2
01,15,350,20,55,37,0,8,-1
01,15,340,40,61,51,-1,8,-2
01,15,320,50,62,40,-1,8,-6
01,15,320,50,49,8,0,3,-7
01,15,50,40,38,11,2,8,-6
01,15,40,60,12,-44,0,2,-9
01,15,70,60,5,-45,0,0,-2
01,15,10,40,1,-32,0,0,-9
01,15,30,50,-1,-20,0,8,-2
01,15,350,10,-24,-44,0,8,-3
01,15,200,60,126,121,-1,8,-3
01,15,250,50,69,42,3,7,-4
01,15,210,130,110,96,6,8,-15
01,15,240,90,72,25,0,8,0
01,15,300,80,80,27,1,7,-4
01,15,290,40,77,36,-1,8,-6
01,15,290,60,84,38,-1,8,-3
01,15,300,60,82,32,0,8,-3
01,15,260,40,93,66,0,8,-1
01,15,210,40,92,64,0,8,-3
01,15,240,40,83,80,-1,8,0
01,15,300,60,91,83,11,8,-1
01,15,310,30,57,20,0,5,-8
01,15,320,20,59,8,0,6,-4
01,15,80,30,51,-1,0,1,-9
01,15,60,30,37,-24,0,0,-12
01,15,220,10,47,-27,0,0,-17
01,15,200,60,36,24,-1,8,-2
01,15,280,60,77,67,-1,8,-7
01,15,310,30,41,31,6,8,-10
01,15,280,80,85,63,19,8,-6
01,15,270,100,97,45,0,7,-2
01,15,270,40,66,37,11,6,-14
01,15,210,30,47,35,0,8,-5
01,15,130,30,61,34,0,8,-1
01,15,150,20,66,54,2,8,3
01,15,210,40,75,25,0,1,-4
01,15,50,40,45,24,0,0,-31
01,15,30,40,-12,-35,0,8,1
01,15,150,10,-11,-19,2,8,-2
01,15,60,60,-17,-78,0,0,-5
01,15,260,30,59,32,0,1,-6
01,15,220,40,75,56,0,8,-5
01,15,260,50,107,101,0,8,-2
01,15,270,40,89,86,-1,8,-2
01,15,270,20,79,76,1,8,-3
01,15,280,30,95,82,0,8,-2
01,15,220,40,80,60,0,8,-3
01,15,220,40,76,58,0,8,1
01,15,240,40,59,56,1,8,1
01,15,260,30,65,36,0,8,-7
01,15,990,10,22,-51,0,0,-30
01,15,80,50,16,-50,0,0,-9
01,15,60,40,2,-54,0,1,-6
01,15,210,30,-19,-48,0,8,-1
01,15,350,30,-26,-28,4,8,-3
01,15,20,20,-52,-55,-1,7,0
01,15,300,20,-49,-59,-1,8,-2
01,15,110,40,-9,-45,0,8,1
01,15,60,60,-38,-77,0,8,-3
01,15,80,50,-32,-42,1,8,2
01,15,80,20,6,-6,0,8,-3
01,15,30,30,-12,-36,0,1,-10
01,15,30,30,-23,-46,0,8,-7
01,15,50,40,-21,-48,0,1,-15
01,15,140,30,-16,-46,0,8,0
01,15,220,60,-5,-14,1,8,1
01,15,220,70,53,43,0,8,-1
01,15,210,50,65,20,0,6,-7
01,15,220,80,114,109,8,8,-1
01,15,250,70,117,69,-1,8,-9
01,15,260,80,93,57,2,5,2
01,15,160,70,87,39,0,8,-1
01,15,220,70,92,61,0,7,-10
01,15,200,70,126,71,-1,7,-2
01,15,150,50,100,56,-1,8,-1
01,15,180,50,59,20,0,8,-5
01,15,200,80,136,91,-1,8,-4
01,15,210,70,127,63,0,5,-6
01,15,220,40,98,65,0,7,-13
01,15,250,90,88,69,16,8,-7
01,15,230,50,84,39,0,5,-22
01,15,280,40,72,33,0,1,-8
01,15,140,30,56,18,0,0,-9
01,15,200,30,88,50,0,3,-18
01,15,160,20,70,44,-1,8,-2
01,15,180,40,49,42,7,8,4
01,15,220,50,81,66,2,8,-2
01,15,190,50,95,46,-1,7,-17
01,15,120,40,91,41,0,8,-4
01,15,110,10,82,42,0,8,0
01,15,50,40,42,35,-1,8,-8
01,15,210,10,60,47,0,8,0
01,15,150,20,45,0,0,2,-5
01,15,180,30,52,43,0,8,2
01,15,150,10,59,34,0,8,-14
01,15,180,50,51,4,0,8,-3
01,15,180,60,54,10,0,8,-1
01,15,190,50,44,12,-1,7,-2
01,15,160,70,65,6,0,7,-8
01,15,80,60,43,-17,0,1,-6
01,15,100,30,67,13,0,6,-8
01,15,180,40,75,15,0,0,-10
01,15,200,50,42,-8,0,8,-5
01,15,280,60,75,10,0,0,-10
01,15,990,10,22,17,5,8,-4
01,15,270,40,53,29,0,0,-12
01,15,170,30,26,14,0,8,-1
01,15,230,40,19,-7,0,7,1
01,15,190,40,55,28,0,2,-21
01,15,330,90,73,63,35,8,-11
01,15,250,70,113,74,0,8,5
01,15,300,80,91,69,10,8,-5
01,15,270,70,62,11,0,8,2
01,15,230,110,96,51,0,8,-3
01,15,230,50,80,69,2,8,0
01,15,250,60,42,12,-1,2,-2
01,15,210,110,95,66,1,8,1
01,15,220,50,69,18,0,8,-11
01,15,210,40,44,-9,0,0,-20
01,15,200,40,52,18,-1,8,-4
01,15,340,20,21,11,0,8,-1
01,15,220,30,31,6,0,7,-10
01,15,110,30,23,-32,0,5,-7
01,15,20,40,-7,-29,0,8,1
01,15,210,20,-20,-30,0,8,-1
01,15,310,40,53,9,0,2,-12
01,15,220,30,41,32,-1,8,-3
01,15,310,60,81,66,4,8,-11
01,15,280,40,65,35,0,8,-3
01,15,210,110,63,53,10,8,-33
01,15,220,80,49,8,0,7,-5
01,15,240,30,16,5,0,8,-4
01,15,220,50,43,7,0,8,-4
01,15,90,20,68,51,0,8,-1
01,15,120,30,80,60,0,8,-2
01,15,140,60,74,26,0,8,-1
01,15,200,40,76,60,0,8,-1
01,15,160,30,79,45,0,8,-1
01,15,120,20,80,60,0,8,-7
01,15,180,50,56,47,5,8,7
01,15,200,30,74,25,0,0,-23
01,15,180,60,80,48,0,8,-1
01,15,180,50,78,32,0,7,-2
01,15,170,30,72,62,0,8,-3
01,15,240,90,75,16,0,7,-10
01,15,250,40,52,30,-1,7,-6
01,15,200,60,42,17,0,8,-11
01,15,10,40,33,10,-1,8,-8
01,15,300,40,40,-8,0,1,-11
01,15,30,20,17,-36,0,1,-12
01,15,110,20,-9,-60,0,3,-6
01,15,220,30,-2,-54,0,7,-10
01,15,230,20,17,-10,0,8,-4
01,15,180,10,32,0,0,0,-20
01,15,140,40,27,-21,0,8,1
01,15,240,40,71,65,0,8,-2
01,15,230,40,87,84,-1,8,1
01,15,190,40,156,20,0,0,-23
01,15,220,80,109,59,0,8,-5
01,15,210,100,118,86,0,8,-2
01,15,220,50,78,10,0,1,-26
01,15,220,110,97,61,0,8,0
01,15,240,60,58,38,3,8,-2
01,15,190,40,68,63,2,8,3
01,15,200,50,-11,-14,0,8,5
01,15,280,20,45,12,0,8,-10
01,15,230,60,35,16,0,8,-4
01,15,300,50,52,10,0,3,-4
01,15,50,40,18,-53,0,4,-11
01,15,160,30,-10,-66,0,7,-17
01,15,220,40,-8,-9,0,8,2
01,15,220,20,48,48,0,8,-6
01,15,190,50,56,49,0,8,-3
01,15,200,20,56,45,0,8,-4
01,15,290,70,72,42,4,8,-5
01,15,220,50,56,43,2,8,-1
01,15,220,70,18,7,-1,8,-2
01,15,300,30,26,15,-1,2,-6
01,15,220,20,22,17,0,7,-1
01,15,20,20,-10,-17,0,8,-4
01,15,20,30,-5,-39,0,3,-13
01,15,40,20,-11,-37,0,8,-2
01,15,50,30,28,-51,0,0,-11
01,15,50,30,30,-48,0,8,-11
01,15,120,30,45,-42,0,0,-12
01,15,320,10,24,-38,0,1,-12
01,15,160,20,11,-10,0,8,-3
01,15,160,10,20,12,0,8,-3
01,15,110,30,-5,-50,0,2,-6
01,15,120,30,13,-43,0,0,-6
01,15,140,20,81,8,0,8,-7
01,15,190,50,101,43,0,5,-11
01,15,190,30,74,33,0,7,-12
01,15,260,40,67,63,-1,8,-8
01,15,130,20,47,12,0,8,-3
01,15,160,30,68,52,3,8,-5
01,15,200,40,63,31,0,8,1
01,15,260,140,94,31,-1,8,-11
01,15,240,60,112,99,5,8,4
01,15,200,40,91,61,0,8,-1
01,15,20,20,55,48,-1,8,-1
01,15,50,90,23,-20,0,0,-6
01,15,60,50,45,2,0,8,-8
01,15,140,20,54,33,0,8,-7
01,15,180,40,82,55,0,8,-2
01,15,20,30,79,63,0,8,-4
01,15,0,0,57,44,0,8,-1
01,15,110,40,54,14,0,7,-6
01,15,120,30,53,9,0,0,-10
01,15,190,100,62,45,6,8,-3
01,15,250,60,45,9,1,8,-7
01,15,270,80,56,6,0,7,-3
01,15,270,50,60,16,0,8,-5
01,15,230,50,44,11,0,1,2
01,15,140,30,24,14,4,8,-2
01,15,190,20,45,19,0,8,-4
01,15,270,30,85,57,0,8,-4
01,15,200,50,101,60,-1,8,-6
01,15,200,100,135,83,-1,8,-2
01,15,200,20,85,69,0,8,-5
01,15,270,40,66,45,0,8,-6
01,15,190,40,62,29,0,8,-4
01,15,240,70,118,85,0,8,-3
01,15,240,80,95,72,-1,8,-6
01,15,250,20,69,30,0,8,-20
01,15,230,80,73,55,-1,8,-27
01,15,310,60,80,41,0,6,-7
01,15,330,30,52,6,0,0,-15
01,15,320,40,56,13,0,8,-7
01,15,260,50,38,7,0,8,-2
01,15,300,40,67,46,-1,8,-3
01,15,280,20,64,28,0,8,-7
01,15,220,50,78,71,-1,8,3
01,15,310,90,75,32,-1,7,-4
01,15,360,80,61,-6,0,7,-10
01,15,320,10,43,2,0,8,-5
01,15,300,40,77,67,-1,8,-3
01,15,270,60,79,70,2,8,0
01,15,270,70,91,79,4,8,4
01,15,310,50,53,12,1,3,-3
01,15,230,50,70,40,0,8,2
01,15,210,70,59,17,0,8,-2
01,15,280,60,34,6,2,6,-22
01,15,170,30,-7,-9,0,8,1
01,15,110,30,28,-26,0,8,-10
01,15,40,30,19,-50,0,0,-18
01,15,240,20,27,-46,0,7,-24
01,15,170,40,-16,-21,7,8,2
01,15,20,40,-9,-39,0,8,-9
01,15,180,20,-11,-39,0,8,1
01,15,190,50,11,3,1,8,2
01,15,220,70,76,60,0,8,-2
01,15,280,40,51,36,-1,8,-2
01,15,310,50,44,5,1,7,-1
01,15,180,40,36,-17,0,8,-5
01,15,260,20,7,0,1,8,-4
01,15,160,20,-14,-16,0,8,-3
01,15,140,20,3,1,0,9,-1
01,15,180,40,49,38,0,8,3
01,15,270,50,99,92,6,8,-11
01,15,260,50,75,46,0,8,-4
01,15,210,40,69,35,0,8,0
01,15,160,40,72,16,0,7,-11
01,15,200,40,81,57,0,8,-1
01,15,250,30,119,108,0,8,-3
01,15,200,60,128,106,0,8,-7
01,15,310,40,77,39,0,8,-2
01,15,190,50,65,25,0,8,-3
01,15,220,80,87,66,0,7,4
01,15,180,50,83,36,0,8,1
01,15,190,90,111,64,0,8,-2
01,15,200,50,99,75,8,8,-3
01,15,160,40,113,63,0,7,-12
01,15,210,50,99,76,0,8,-9
01,15,270,40,67,18,0,4,-14
01,15,360,40,73,25,0,8,-12
01,15,220,20,44,37,0,8,-4
01,15,220,20,0,-2,0,9,-2
01,15,250,10,34,32,0,8,1
01,15,70,30,43,16,0,8,-4
01,15,200,20,18,9,0,8,0
01,15,150,10,16,7,0,8,-3
01,15,190,40,100,56,0,2,-12
01,15,190,30,94,72,0,8,-5
01,15,250,80,58,1,0,2,-6
01,15,260,80,74,15,0,7,-11
01,15,200,60,106,68,-1,8,-19
01,15,220,90,126,100,0,8,-3
01,15,220,41,50,22,0,2,-13
01,15,220,77,114,106,22,8,4
01,15,210,31,83,58,0,7,-3
01,15,230,57,53,21,0,4,-8
01,15,210,87,63,48,3,8,3
01,15,260,87,67,-19,0,2,-7
01,15,270,72,79,9,0,3,-11
01,15,200,67,78,42,0,7,0
01,15,220,93,87,41,-1,7,5
01,15,250,87,88,40,-1,7,-3
01,15,210,62,87,54,0,6,-4
01,15,270,21,45,32,0,7,2
01,15,360,26,44,7,0,2,-14
01,15,70,72,18,-29,0,1,-9
01,15,80,77,28,-85,0,0,-13
01,15,120,41,13,-77,0,1,-13
01,15,120,21,37,-27,0,0,-19
01,15,170,21,-1,-4,0,2,-10
01,15,290,21,37,31,0,7,-3
01,15,200,36,30,26,0,8,4
01,15,330,36,60,23,0,7,-11
01,15,60,36,45,22,0,7,-2
01,15,20,15,-4,-8,0,8,-1
01,15,100,36,6,-28,0,7,-3
01,15,70,15,16,-2,0,8,-2
01,15,50,26,20,2,0,8,1
01,15,40,15,44,9,0,8,-1
01,15,80,36,23,-10,0,6,-10
01,15,100,36,25,-15,0,0,-12
01,15,130,57,15,-34,0,7,-5
01,15,160,31,8,-48,0,2,-11
01,15,230,72,62,42,0,8,1
01,15,220,67,59,36,0,8,1
01,15,210,93,50,17,0,7,3
01,15,240,36,72,52,0,8,-3
01,15,240,57,114,93,0,8,-4
01,15,250,51,102,78,0,8,-3
01,15,220,46,38,17,0,8,0
01,15,200,72,98,58,0,6,-6
01,15,360,31,76,65,4,7,-11
01,15,50,51,38,1,0,1,-12
01,15,990,10,-33,-37,0,9,0
01,15,240,26,5,4,0,8,0
01,15,300,10,53,3,0,7,-7
01,15,270,15,63,46,0,8,-1
01,15,310,21,68,38,0,8,-4
01,15,260,31,30,11,-1,8,0
01,15,330,26,60,-5,0,7,-4
01,15,280,15,69,40,0,6,-9
01,15,290,31,65,61,8,8,2
01,15,50,57,-4,-38,0,8,-5
01,15,70,46,-5,-86,0,2,-7
01,15,80,31,-8,-63,0,0,-11
01,15,80,26,-8,-40,0,0,-11
01,15,0,0,1,-26,0,1,-15
01,15,0,0,-42,-46,0,9,2
01,15,350,21,55,33,0,2,-15
01,15,80,26,-4,-10,0,8,-3
01,15,40,26,-14,-17,0,8,-3
01,15,40,46,5,-5,0,7,0
01,15,40,31,2,-1,0,8,0
01,15,10,5,-6,-9,0,8,-3
01,15,110,21,-5,-33,0,0,-9
01,15,100,31,-16,-101,0,0,-28
01,15,70,31,-51,-92,0,0,-23
01,15,170,36,-35,-85,0,7,1
01,15,190,77,53,-45,-1,8,-12
01,15,220,62,88,88,2,8,-4
01,15,190,31,61,36,0,8,-13
01,15,260,46,61,14,0,1,-20
01,15,210,93,109,80,0,8,3
01,15,210,118,112,89,9,8,-2
01,15,240,93,110,73,-1,8,-5
01,15,260,103,71,1,0,4,-6
01,15,180,67,73,61,5,8,22
01,15,270,77,77,9,0,1,-12
01,15,220,82,125,76,0,8,-3
01,15,220,98,134,96,0,7,-1
01,15,230,82,110,66,-1,8,-13
01,15,250,46,79,11,0,1,-28
01,15,260,46,70,17,0,5,-6
01,15,230,98,99,85,4,8,1
01,15,220,87,109,68,0,8,-1
01,15,260,41,77,65,15,8,-4
01,15,220,62,77,34,0,8,-4
01,15,260,108,96,29,0,8,-3
01,15,280,72,34,-8,1,7,-12
01,15,250,87,45,6,-1,7,2
01,15,280,31,52,6,0,7,-4
01,15,250,41,95,73,0,7,-1
01,15,70,62,32,22,0,8,-5
01,15,130,41,33,4,0,0,-11
01,15,60,26,23,-22,0,0,-5
01,15,240,36,40,28,0,6,-9
01,15,260,82,82,55,0,8,-12
01,15,140,51,69,65,19,8,-4
01,15,180,62,80,49,1,7,-7
01,15,200,82,86,74,2,8,-3
01,15,130,36,77,66,-1,8,-1
01,15,190,31,53,27,0,7,-6
01,15,180,36,47,22,0,4,-9
01,15,140,41,40,20,0,1,-9
01,15,130,36,62,40,0,8,-4
01,15,200,36,58,52,0,7,-1
01,15,180,82,88,80,3,8,3
01,15,230,77,91,60,0,2,-3
01,15,260,93,83,25,0,4,-6
01,15,230,62,59,34,0,7,-10
01,15,360,31,45,12,0,7,-7
01,15,240,21,20,-16,0,5,-7
01,15,220,82,27,6,0,7,0
01,15,220,41,25,24,3,8,-4
01,15,220,46,46,18,0,3,-13
01,15,210,57,51,34,-1,8,0
01,15,220,51,79,79,1,8,1
01,15,280,51,76,54,4,6,-2
01,15,280,31,59,32,0,8,-4
01,15,260,82,111,89,0,7,0
01,15,290,67,67,18,0,7,-2
01,15,220,118,92,81,3,8,0
01,15,290,72,22,1,-1,7,-11
01,15,200,62,20,16,2,8,9
01,15,280,57,83,12,0,2,-7
01,15,270,41,69,26,0,7,-3
01,15,280,36,0,0,4,5,1
01,15,340,36,35,17,-1,6,-3
01,15,80,21,7,-14,0,3,-16
01,15,110,15,-28,-31,0,0,-13
01,15,150,51,-29,-67,0,5,-5
01,15,160,10,-24,-35,0,8,0
01,15,0,0,-32,-43,0,1,-19
01,15,180,57,5,5,4,8,1
01,15,220,72,44,44,-1,8,-1
01,15,280,51,59,25,0,7,-4
01,15,290,36,34,16,0,4,-11
01,15,160,62,42,-10,0,4,-9
01,15,200,26,44,40,0,7,-2
01,15,220,41,68,68,0,7,-2
01,15,210,41,74,74,0,8,0
01,15,170,51,61,16,0,1,-12
01,15,150,67,66,9,0,6,-6
01,15,210,36,68,51,0,8,-6
01,15,150,72,67,20,0,7,-2
01,15,220,77,90,23,0,4,-15
01,15,170,72,65,20,0,7,3
01,15,160,31,62,59,19,8,-3
01,15,240,113,79,34,0,7,-4
01,15,260,77,69,24,0,7,-3
01,15,140,10,46,37,3,8,-2
01,15,260,51,74,67,10,8,-3
01,15,210,51,34,-6,0,7,-4
01,15,250,67,94,54,0,6,-6
01,15,210,93,89,83,20,8,2
01,15,330,31,48,2,0,3,-11
01,15,180,67,38,-6,0,7,6
01,15,80,31,4,4,0,8,-1
01,15,40,21,-6,-20,0,6,0
01,15,90,26,1,-16,0,7,-2
01,15,120,57,9,-28,0,6,-8
01,15,110,41,15,-63,0,4,-26
01,15,110,51,-21,-59,-1,8,-3
01,15,180,31,83,80,0,7,-6
01,15,140,36,69,54,0,5,-12
01,15,140,46,64,32,-1,8,-1
01,15,120,15,71,60,-1,7,-9
01,15,120,41,80,55,0,7,-13
01,15,120,31,95,69,0,6,-4
01,15,220,26,98,74,0,5,-1
01,15,100,26,89,56,0,7,-24
01,15,160,21,68,41,0,6,-21
01,15,120,10,33,33,0,8,-3
01,15,140,26,15,15,0,8,-2
01,15,90,26,1,-10,0,4,-3
01,15,120,41,-10,-10,0,8,-2
01,15,110,87,1,-42,0,8,-2
01,15,80,67,2,-44,0,7,-1
01,15,80,62,7,-41,0,3,-8
01,15,90,82,-17,-74,0,7,-9
01,15,80,108,-6,-65,0,7,-6
01,15,70,103,-67,-147,0,2,-4
01,15,60,82,-98,-123,0,8,1
01,15,70,57,-29,-69,0,8,0
01,15,70,87,-26,-89,0,0,-9
01,15,70,72,3,-45,0,0,-13
01,15,80,51,17,-57,0,0,-22
01,15,70,51,21,-60,0,0,-18
01,15,40,40,-103,-144,0,1,-9
01,15,50,30,-104,-133,0,1,-24
01,15,60,60,-61,-93,0,6,-1
01,15,50,60,-48,-74,0,8,0
01,15,70,40,-37,-62,0,7,-1
01,15,60,40,-79,-106,0,1,-11
01,15,40,30,-52,-78,0,4,-22
01,15,90,40,-71,-96,0,5,-5
01,15,50,40,-56,-79,0,7,-6
01,15,60,10,-29,-54,-1,7,-3
01,15,120,30,-30,-61,0,8,-4
01,15,190,20,16,-18,0,8,0
01,15,210,30,75,-14,0,4,-31
01,15,140,20,61,-41,0,3,-22
01,15,130,10,54,-24,0,0,-29
01,15,120,20,41,-15,0,0,-28
01,15,160,20,78,-4,0,4,-23
01,15,190,20,51,50,0,8,-5
01,15,180,10,46,46,1,8,-1
01,15,350,10,32,32,0,7,-3
01,15,90,50,29,14,0,7,-8
01,15,190,40,115,68,0,6,-14
01,15,230,20,53,40,0,5,-14
01,15,350,20,80,49,0,1,-15
01,15,70,30,47,21,0,2,-42
01,15,10,30,8,1,0,8,-4
01,15,310,10,-6,-25,0,7,-3
01,15,260,10,29,29,-1,8,-1
01,15,110,10,20,20,0,8,-2
01,15,0,0,39,35,0,7,-3
01,15,330,20,38,37,-1,8,-1
01,15,180,40,77,52,0,5,-2
01,15,160,70,85,73,3,8,-2
01,15,250,110,115,92,20,8,-26
01,15,190,80,78,51,8,8,-2
01,15,190,80,73,61,26,8,0
01,15,220,50,66,32,0,7,-4
01,15,230,80,77,60,0,4,4
01,15,230,120,109,70,0,7,3
01,15,220,50,120,97,0,6,-3
01,15,160,20,96,58,0,5,-15
01,15,180,30,101,49,0,2,-18
01,15,180,10,102,69,0,6,-11
01,15,160,30,101,66,0,7,-2
01,15,240,70,74,65,4,8,-2
01,15,220,90,86,69,0,7,1
01,15,250,40,78,67,-1,8,1
01,15,220,70,65,43,0,7,4
01,15,190,90,46,37,14,8,-1
01,15,300,50,60,28,0,6,-10
01,15,360,50,37,25,-1,8,-2
01,15,100,30,5,-45,0,7,-5
01,15,70,40,6,-33,0,1,-15
01,15,50,40,18,0,0,8,-2
01,15,10,60,24,-17,0,7,0
01,15,60,50,-1,-38,0,5,-7
01,15,50,30,9,-44,0,3,-18
01,15,100,10,8,-38,0,0,-12
01,15,240,40,20,-3,0,8,-3
01,15,990,10,17,17,0,8,-5
01,15,230,40,31,31,0,8,-3
01,15,60,60,1,-108,0,3,-15
01,15,150,50,73,44,0,5,-7
01,15,190,60,76,70,2,8,1
01,15,180,50,67,65,23,8,11
01,15,220,90,129,123,-1,8,-3
01,15,220,50,131,104,0,6,-23
01,15,200,60,129,63,0,7,-9
01,15,240,40,72,56,0,7,-16
01,15,240,70,66,32,0,4,-4
01,15,340,40,34,-9,0,,-7
01,15,40,40,0,-31,0,,-9
01,15,10,40,3,-50,0,2,-12
01,15,190,70,14,-9,0,8,-1
01,15,240,60,38,24,0,,-6
01,15,260,70,62,22,0,5,-8
01,15,210,100,84,56,0,,1
01,15,230,60,86,86,34,,-13
01,15,210,40,65,48,0,,-9
01,15,190,60,75,35,0,3,-13
01,15,190,80,100,65,0,7,-3
01,15,180,30,121,96,0,7,2
01,15,240,20,87,86,-1,8,-2
01,15,360,20,61,44,0,1,-11
01,15,190,30,57,57,0,8,-1
01,15,210,60,72,72,0,8,-2
01,15,230,110,114,108,-1,8,0
01,15,210,90,75,47,0,6,-6
01,15,290,50,61,41,1,6,-6
01,15,320,40,62,52,6,6,-5
01,15,50,40,5,-53,0,1,-11
01,15,330,20,22,-83,0,,-8
01,15,330,10,51,-40,0,,-12
01,15,290,10,78,78,0,,-6
01,15,210,40,81,79,2,,0
01,15,210,70,79,71,1,8,-3
01,15,200,80,83,82,17,8,6
01,15,180,40,73,48,0,,-7
01,15,210,60,95,69,0,7,-8
01,15,200,60,75,54,0,6,-5
01,15,220,40,72,71,0,,-2
01,15,310,10,52,32,0,,-14
01,15,150,20,-1,-1,0,8,-3
01,15,180,40,36,13,0,5,-8
01,15,200,50,25,-15,0,7,-7
01,15,180,40,34,-21,0,7,-7
01,15,990,10,38,26,0,8,-1
01,15,20,30,37,-4,0,,-10
01,15,300,30,63,59,0,,0
01,15,300,40,68,60,1,8,-1
01,15,350,100,71,19,0,7,-8
01,15,320,30,50,20,0,8,-3
01,15,260,50,46,26,0,8,-2
01,15,330,50,57,14,0,6,-2
01,15,350,50,36,23,17,,2
01,15,30,50,7,-22,0,,-7
01,15,90,10,-2,-86,0,3,-16
01,15,280,30,30,-26,0,1,-14
01,15,230,40,33,-7,0,7,-7
01,15,240,70,40,-14,0,5,-16
01,15,220,80,26,-4,-1,8,7
01,15,240,100,111,79,0,,-2
01,15,230,50,88,82,1,,3
01,15,250,80,113,85,0,8,-2
01,15,180,50,59,50,13,,3
01,15,180,70,110,57,0,8,1
01,15,230,30,64,44,2,7,-10
01,15,170,50,88,72,-1,8,-2
01,15,210,100,103,88,0,8,-3
01,15,220,50,72,51,0,,-17
01,15,210,60,63,42,0,,-1
01,15,240,50,54,34,-1,8,-6
01,15,240,30,50,34,0,8,-3
01,15,70,50,38,14,0,,-4
01,15,50,40,25,-9,0,4,-11
01,15,50,30,28,2,0,1,-17
01,15,50,40,16,-35,0,,-9
01,15,60,70,-2,-22,0,,-4
01,15,70,60,5,-37,0,0,-15
01,15,120,30,7,-67,0,0,-15
01,15,100,20,-7,-54,0,2,-17
01,15,100,10,14,7,0,8,0
01,15,0,0,11,10,0,,-1
01,15,210,20,8,7,0,,-4
01,15,120,50,7,-21,0,,0
01,15,140,30,66,66,-1,8,-2
01,15,170,60,82,51,0,7,-4
01,15,210,50,93,62,0,7,-7
01,15,200,30,66,57,5,,-7
01,15,200,60,67,41,-1,6,-5
01,15,250,80,50,31,1,,-4
01,15,260,30,61,31,0,,-4
01,15,60,20,48,4,0,7,-9
01,15,210,30,31,30,0,8,-4
01,15,20,20,36,31,0,7,-8
01,15,240,60,-6,-6,0,,0
01,15,990,10,-20,-21,0,1,-13
01,15,80,60,-16,-53,0,2,-12
01,15,120,40,-10,-88,0,1,-14
01,15,150,20,6,-34,0,,-13
01,15,990,10,18,18,0,,-5
01,15,20,10,38,27,0,7,-6
01,15,100,20,19,2,0,4,-24
01,15,110,20,16,0,0,0,-24
01,15,130,20,16,-2,0,,-15
01,15,220,40,32,25,0,5,6
01,15,220,20,46,34,0,,-3
01,15,140,20,67,22,0,,-27
01,15,160,30,25,10,-1,8,0
01,15,170,30,34,32,1,8,0
01,15,220,30,50,34,0,3,-23
01,15,190,50,62,46,0,6,-3
01,15,230,50,52,35,0,7,-14
01,15,260,70,91,45,0,,-4
01,15,220,100,91,68,-1,,2
01,15,320,70,113,97,0,8,-6
01,15,240,70,86,69,2,7,-2
01,15,170,70,65,55,6,8,4
01,15,260,90,95,76,3,,-6
01,15,200,50,57,7,0,7,-4
01,15,210,130,104,78,1,,-1
01,15,220,30,101,77,0,,-7
01,15,250,130,116,44,0,1,-6
01,15,230,70,116,83,0,7,-8
01,15,200,50,119,89,0,7,-7
01,15,240,60,101,34,0,,-17
01,15,200,70,83,74,0,,5
01,15,350,20,101,95,20,8,4
01,15,20,10,69,62,0,,-22
01,15,30,50,-13,-53,0,,0
01,15,230,50,-20,-39,0,,-2
01,15,40,40,-13,-48,0,5,-3
01,15,40,30,-41,-75,0,5,-4
01,15,60,50,-47,-127,0,7,-7
01,15,40,30,-47,-135,0,1,-15
01,15,70,40,-25,-83,0,7,-10
01,15,990,10,-2,-59,0,,-19
01,15,220,50,1,-25,0,,-9
01,15,260,50,75,61,0,8,1
01,15,240,60,79,62,-1,8,-5
01,15,210,70,59,16,0,,-2
01,15,230,50,70,45,0,5,-14
01,15,180,70,49,5,0,7,-7
01,15,210,50,52,32,0,,0
01,15,200,80,68,43,-1,,-6
01,15,170,60,95,61,-1,8,-4
01,15,150,40,94,59,0,3,-13
01,15,230,70,68,50,15,7,4
01,15,340,50,69,52,0,8,-1
01,15,220,30,53,16,0,2,-18
01,15,210,60,45,32,6,,-2
01,15,220,70,56,50,3,,-2
01,15,250,40,98,86,0,8,-3
01,15,260,110,60,26,-1,7,1
01,15,340,50,53,21,-1,4,-10
01,15,290,30,1,-2,3,,7
01,15,30,30,-10,-63,0,4,-9
01,15,120,30,3,-13,0,,0
01,15,60,70,-15,-47,0,,-10
01,15,210,20,-12,-40,0,,-13
01,15,260,30,43,32,0,,3
01,15,170,30,45,34,-1,8,-5
01,15,220,80,72,65,-1,8,3
01,15,180,20,82,74,0,,0
01,15,140,70,55,40,11,,-3
01,15,230,40,69,60,20,7,-2
01,15,180,30,60,41,0,,-3
01,15,260,70,113,86,0,,-32
01,15,110,20,52,44,12,8,-1
01,15,260,120,96,42,0,6,-13
01,15,160,50,48,37,15,,9
01,15,230,60,57,28,0,7,-5
01,15,250,80,56,42,34,8,5
01,15,260,50,44,30,-1,,0
01,15,260,10,21,-28,0,,-13
01,15,260,50,70,62,9,8,0
01,15,40,20,35,-9,0,6,-20
01,15,80,20,25,-34,0,5,-13
01,15,190,50,23,-26,-1,8,3
01,15,140,30,52,-22,0,,-17
01,15,280,20,47,43,0,,5
01,15,250,20,57,31,0,,-5
01,15,80,40,22,2,0,7,-10
01,15,220,30,16,-3,0,7,-1
01,15,280,40,23,19,4,4,-2
01,15,260,60,11,-1,1,7,-6
01,15,210,80,31,-12,0,,-10
01,15,210,130,85,66,8,,3
01,15,220,60,76,46,0,,-1
01,15,270,70,60,7,0,,-2
01,15,240,60,77,56,0,,1
01,15,220,100,68,35,0,,1
01,15,210,40,67,48,0,,-1
01,15,230,60,77,48,0,,-9
01,15,230,110,120,84,0,,-2
01,15,250,100,100,24,0,,-13
01,15,210,60,83,44,0,,-6
01,15,210,70,128,51,0,,-10
01,15,190,60,105,72,0,,-6
01,15,250,70,94,44,0,,-10
01,15,270,60,67,30,0,,-11
01,15,190,20,60,24,0,,-23
01,15,130,30,36,-5,0,,-17
01,15,170,30,41,-1,0,,-15
01,15,200,70,61,42,0,,5
01,15,250,30,11,8,5,,5
01,15,260,50,55,20,0,,-8
01,15,270,90,101,91,40,,4
01,15,290,70,47,22,6,,-14
01,15,280,20,54,22,-1,,-11
01,15,290,60,54,-2,0,,-20
01,15,10,60,21,-30,0,,-13
01,15,40,50,6,-46,0,,-7
01,15,80,20,-3,-29,0,,-13
01,15,270,30,15,4,0,,-1
01,15,90,10,22,19,0,,-3
01,15,230,20,16,-6,0,,-3
01,15,300,20,68,60,2,,-2
01,15,270,70,69,66,11,,2
01,15,60,20,54,34,0,,-4
01,15,300,10,43,37,0,,-12
01,15,190,10,22,1,0,,-2
01,15,50,30,24,12,0,,-3
01,15,60,50,14,-6,0,,-1
01,15,70,40,21,3,0,,-2
01,15,80,30,30,11,0,,-2
01,15,90,30,41,11,0,,-12
01,15,100,10,25,-11,0,,-23
01,15,180,40,45,13,0,,-8
01,15,220,60,40,35,5,,2
01,15,150,30,43,14,0,,-10
01,15,150,50,21,-10,0,,-13
01,15,140,30,45,-2,0,,-22
01,15,120,40,-5,-36,0,,-11
01,15,140,30,30,-11,0,,-6
01,15,250,40,63,56,0,,1
01,15,290,30,67,44,0,,-13
01,15,200,40,73,69,0,,3
01,15,280,80,70,47,16,,-4
01,15,310,40,69,41,0,,-8
01,15,30,30,-1,-22,0,,-4
01,15,110,50,-3,-97,0,,-14
01,15,110,20,13,-81,0,,-20
01,15,330,40,43,18,-1,,-6
01,15,50,80,7,-40,0,,-11
01,15,50,50,-22,-85,0,,-13
01,15,60,60,13,-83,0,,-13
01,15,40,50,39,-101,0,,-14
01,15,50,50,34,6,0,,0
01,15,30,30,25,-12,0,,-20
01,15,260,80,76,30,0,,-5
01,15,250,40,67,54,4,,-4
01,15,200,70,74,62,1,,1
01,15,260,60,89,68,3,,4
01,15,220,60,94,82,0,,2
01,15,150,20,77,73,14,,-2
01,15,220,80,95,67,0,,-6
01,15,220,40,88,67,0,,-3
01,15,230,100,134,81,0,,-1
01,15,230,100,107,92,21,,-2
01,15,230,140,88,77,10,,1
01,15,230,100,94,81,0,,-4
01,15,230,100,107,74,0,,-2
01,15,240,50,73,34,0,,-19
01,15,200,40,74,20,0,,-22
01,15,210,50,84,75,2,,-2
01,15,200,100,109,95,12,,1
01,15,240,180,138,114,2,,-12
01,15,280,70,104,48,0,,-2
01,15,250,80,100,67,0,,-6
01,15,240,110,56,35,1,,-12
01,15,40,60,36,-1,0,,-15
01,15,20,30,-6,-81,0,,-11
01,15,990,10,-20,-22,0,,-2
01,15,20,20,-6,-48,0,,-11
01,15,230,80,13,4,0,,2
01,15,290,30,64,29,0,,-5
01,15,270,70,63,55,2,,2
01,15,290,30,90,70,0,,-5
01,15,250,30,88,71,0,,-5
01,15,260,70,76,41,0,,-5
01,15,80,40,9,7,0,7,-6
01,15,70,60,4,-21,0,0,-8
01,15,90,50,14,-34,0,8,-2
01,15,110,40,26,1,3,7,-1
01,15,220,70,63,40,0,1,-4
01,15,230,50,53,29,0,3,-29
01,15,250,90,80,12,0,3,1
01,15,190,40,73,55,0,8,0
01,15,220,60,67,42,0,7,-2
01,15,200,90,89,56,0,8,-1
01,15,180,60,106,72,2,8,6
01,15,260,50,59,13,0,0,-10
01,15,170,40,80,28,0,8,-17
01,15,190,60,87,45,0,6,2
01,15,190,110,76,57,14,8,4
01,15,200,40,73,43,0,8,-1
01,15,180,70,78,40,0,8,-3
01,15,200,90,80,67,4,8,3
01,15,250,70,115,109,15,8,1
01,15,240,90,114,105,1,8,1
01,15,230,110,93,59,0,8,-2
01,15,310,40,71,6,0,2,-17
01,15,210,60,71,46,-1,8,5
01,15,240,50,89,81,8,8,-13
01,15,250,70,81,42,0,8,-1
01,15,280,80,96,45,0,5,-7
01,15,280,50,88,58,0,8,-3
01,15,240,30,82,46,0,8,-6
01,15,180,40,56,23,0,8,-4
01,15,290,40,53,29,0,6,-5
01,15,200,140,47,8,-1,8,4
01,15,280,20,-8,-18,0,8,-3
01,15,50,50,7,-10,0,8,-2
01,15,240,30,-17,-19,0,8,3
01,15,240,40,15,-6,0,8,-2
01,15,40,70,-30,-49,0,3,-8
01,15,30,20,-56,-97,0,0,-18
01,15,240,20,-11,-18,0,8,-4
01,15,140,20,-53,-53,0,9,-3
01,15,70,10,-53,-54,0,0,-14
01,15,150,20,-64,-67,0,0,-9
01,15,190,40,12,-38,0,0,-4
01,15,200,50,47,-14,0,5,8
01,15,200,30,45,44,8,8,0
01,15,220,20,47,39,0,8,-6
01,15,120,30,43,1,0,0,-12
01,15,150,30,26,0,0,8,-2
01,15,210,70,65,60,11,8,-6
01,15,270,70,64,27,0,8,-6
01,15,230,100,91,50,0,6,-5
01,15,190,50,62,18,0,0,-13
01,15,200,30,43,16,0,7,0
01,15,180,100,47,30,7,8,-4
01,15,250,80,65,61,2,8,-23
01,15,270,20,50,26,0,2,-27
01,15,120,40,39,3,0,5,-8
01,15,60,20,35,-6,0,1,-22
01,15,120,30,26,-4,0,0,-18
01,15,100,20,23,-25,0,0,-21
01,15,90,30,17,-15,0,0,-13
01,15,80,60,25,-10,0,0,-14
01,15,100,50,28,-34,0,1,-12
01,15,360,40,-5,-32,0,8,-4
01,15,220,50,1,-7,0,8,2
01,15,340,20,-43,-64,0,0,-14
01,15,210,50,-31,-50,0,7,0
01,15,200,30,-9,-27,0,5,-15
01,15,200,30,-29,-37,0,8,0
01,15,40,10,-45,-62,0,0,-21
01,15,40,60,-32,-52,0,7,-8
01,15,30,80,-11,-24,1,8,-1
01,15,50,40,-8,-26,-1,8,0
01,15,360,20,-1,-18,0,8,-2
01,15,80,60,-18,-37,0,6,-1
01,15,90,40,-17,-34,-1,8,2
01,15,100,30,27,0,0,0,-23
01,15,230,20,13,6,0,8,0
01,15,130,60,5,-16,0,8,2
01,15,270,50,62,55,0,4,-15
01,15,250,40,49,46,0,8,1
01,15,290,10,58,41,0,8,-12
01,15,110,50,47,3,0,1,-15
01,15,100,30,35,10,0,8,-2
01,15,140,30,49,19,0,7,-6
01,15,110,30,20,-7,0,8,-3
01,15,100,20,8,-2,-1,8,-2
01,15,10,30,-18,-42,0,8,-2
01,15,50,40,-28,-88,0,0,-10
01,15,230,90,-1,-88,0,8,4
01,15,290,50,31,5,0,3,-3
01,15,310,30,14,9,4,8,-1
01,15,300,20,-3,-21,0,0,-22
01,15,230,50,3,-14,0,1,-17
01,15,320,20,39,36,0,6,-6
01,15,280,20,32,4,0,3,-11
01,15,210,20,10,7,0,8,-3
01,15,190,40,3,-24,0,5,-1
01,15,160,40,3,-47,0,0,-8
01,15,190,50,66,62,10,8,2
01,15,110,10,57,56,9,8,22
01,15,220,80,103,85,3,8,-6
01,15,250,50,50,5,0,0,-28
01,15,160,30,34,9,0,3,-11
01,15,230,60,49,44,0,8,1
01,15,210,60,61,59,5,8,8
01,15,250,70,115,106,1,8,-2
01,15,230,70,112,90,0,8,-10
01,15,210,70,98,64,0,8,-1
01,15,210,60,123,65,0,0,-15
01,15,190,40,94,70,0,8,0
01,15,320,20,51,43,-1,8,1
01,15,340,30,10,3,32,8,-2
01,15,360,30,38,-5,0,0,-11
01,15,280,20,10,4,-1,8,2
01,15,340,20,54,40,0,8,-3
01,15,330,30,58,50,0,8,-2
01,15,330,30,59,31,-1,8,-3
01,15,300,30,60,10,0,7,-10
01,15,40,40,33,12,-1,8,-6
01,15,40,60,5,-60,0,2,-11
01,15,70,60,5,-42,0,0,-9
01,15,20,30,-1,-32,0,0,-8
01,15,40,30,-5,-16,0,8,0
01,15,990,10,-27,-41,0,8,1
01,15,200,50,124,116,0,8,0
01,15,260,50,78,38,-1,7,-18
01,15,210,150,98,84,4,8,-7
01,15,240,80,70,30,0,8,-2
01,15,290,90,77,28,-1,8,-1
01,15,300,40,76,36,0,8,-7
01,15,300,60,70,45,7,7,8
01,15,290,40,73,44,-1,8,2
01,15,240,40,89,63,0,8,0
01,15,220,40,87,58,0,8,-3
01,15,250,40,81,77,-1,8,0
01,15,290,50,91,74,1,8,-7
01,15,320,30,62,-10,0,5,-9
01,15,20,20,55,1,0,7,-5
01,15,60,40,42,3,0,2,-16
01,15,80,20,18,-20,0,0,-22
01,15,200,20,28,-20,0,0,-16
01,15,210,70,33,17,1,8,-1
01,15,270,50,73,58,0,8,-6
01,15,330,30,32,19,5,7,8
01,15,280,60,86,55,3,8,-3
01,15,270,90,94,45,0,8,-4
01,15,260,30,56,30,0,2,-5
01,15,210,40,46,35,0,8,-6
01,15,130,40,52,27,0,8,-1
01,15,150,60,51,30,1,8,-5
01,15,210,40,75,29,0,3,-15
01,15,40,30,12,12,0,9,-5
01,15,40,40,-13,-37,0,8,-1
01,15,90,30,-11,-21,-1,8,1
01,15,50,50,-19,-74,0,0,-8
01,15,270,30,66,38,1,7,-13
01,15,230,50,73,51,0,8,-4
01,15,260,50,106,96,-1,8,0
01,15,270,30,94,87,-1,8,-4
01,15,270,30,78,72,-1,8,-1
01,15,310,10,90,77,0,8,0
01,15,250,30,81,61,0,8,-4
01,15,220,40,73,54,0,8,-1
01,15,250,30,59,55,1,8,1
01,15,260,30,67,37,0,8,-3
01,15,180,10,21,-52,0,0,-21
01,15,90,40,10,-49,0,4,-23
01,15,50,60,-8,-37,0,2,-4
01,15,210,30,-26,-55,0,8,-2
01,15,360,20,-28,-32,3,8,0
01,15,340,20,-49,-55,0,8,1
01,15,330,10,-38,-53,-1,8,-2
01,15,90,40,-16,-35,0,7,2
01,15,70,60,-51,-89,0,8,2
01,15,80,80,-35,-45,2,8,4
01,15,80,50,-7,-11,-1,8,-3
01,15,60,30,-22,-43,0,8,-1
01,15,70,30,-32,-56,0,8,-3
01,15,70,30,-37,-61,0,1,8
01,15,120,20,-30,-35,0,8,5
01,15,220,50,-8,-18,2,8,3
01,15,220,70,49,38,0,8,0
01,15,220,70,58,21,0,1,-3
01,15,220,70,109,105,9,8,2
01,15,260,80,109,61,0,7,-3
01,15,250,90,91,57,13,5,-3
01,15,150,50,78,34,0,8,0
01,15,230,50,82,47,0,0,-1
01,15,200,60,120,75,0,5,-1
01,15,150,50,98,51,0,8,-5
01,15,190,50,54,20,0,7,-7
01,15,200,80,137,92,0,8,-4
01,15,210,80,122,63,0,3,-2
01,15,240,30,91,65,0,0,-25
01,15,240,90,89,68,22,8,-8
01,15,230,50,72,37,0,4,-31
01,15,290,40,67,31,0,0,-4
01,15,130,20,48,24,0,0,-12
01,15,210,40,87,50,0,5,-18
01,15,180,30,74,39,0,8,-10
01,15,170,40,45,40,3,8,2
01,15,180,60,87,66,-1,8,-7
01,15,170,50,97,45,0,8,-14
01,15,120,40,84,43,0,2,-8
01,15,120,30,75,44,0,8,-4
01,15,30,20,30,20,0,8,-5
01,15,210,20,44,38,0,8,2
01,15,150,30,42,3,0,0,-11
01,15,190,30,44,38,0,8,2
01,15,80,20,56,42,-1,8,-6
01,15,180,50,53,-1,0,8,-3
01,15,180,50,54,10,0,8,-3
01,15,190,50,44,11,0,7,-1
01,15,150,50,67,3,0,7,-9
01,15,60,60,17,-10,0,1,-8
01,15,100,40,51,9,0,2,-2
01,15,160,40,67,23,0,2,-10
01,15,200,50,38,-1,0,7,-2
01,15,270,60,77,10,0,1,-12
01,15,190,20,25,17,-1,8,-4
01,15,280,30,61,25,0,0,-20
01,15,190,30,25,13,0,8,0
01,15,230,50,19,-13,0,8,3
01,15,200,40,57,28,0,0,-18
01,15,310,50,72,61,49,8,-14
01,15,260,60,115,61,-1,8,4
01,15,280,80,92,49,6,8,-7
01,15,260,80,61,14,0,8,1
01,15,230,110,93,53,0,8,-1
01,15,240,50,83,74,2,8,-3
01,15,260,60,53,9,0,4,-6
01,15,210,120,99,61,-1,8,0
01,15,200,40,67,22,0,8,-20
01,15,210,50,44,-7,0,0,-15
01,15,190,30,49,22,-1,8,-5
01,15,990,10,19,12,0,8,-1
01,15,170,20,23,0,0,7,-3
01,15,100,40,22,-30,0,0,-25
01,15,30,30,-4,-28,0,8,1
01,15,230,30,-18,-29,0,8,0
01,15,300,30,44,11,0,2,-3
01,15,210,30,38,33,-1,8,-1
01,15,300,40,79,71,4,8,-5
01,15,280,30,64,38,-1,8,-3
01,15,210,120,60,49,11,8,5
01,15,200,70,48,9,-1,8,-5
01,15,220,40,20,8,0,7,-17
01,15,290,40,18,6,6,8,0
01,15,80,30,51,46,0,8,-4
01,15,120,40,58,47,0,7,-4
01,15,140,40,70,40,0,8,0
01,15,180,30,70,63,0,8,0
01,15,120,20,77,55,0,8,0
01,15,90,30,45,41,0,8,-2
01,15,150,60,55,40,18,8,2
01,15,200,30,70,26,0,0,-19
01,15,170,50,81,46,0,8,-2
01,15,180,60,78,29,0,2,-5
01,15,160,30,63,56,-1,8,1
01,15,240,70,68,26,0,7,-14
01,15,270,50,50,31,2,8,-7
01,15,200,70,39,14,0,8,1
01,15,320,20,26,4,0,8,0
01,15,320,40,43,-17,0,3,-20
01,15,20,20,18,-54,0,4,-25
01,15,110,20,-9,-52,0,4,-13
01,15,210,20,-16,-49,0,7,9
01,15,250,40,27,4,0,8,-13
01,15,140,20,28,-1,0,1,-15
01,15,140,50,23,-29,0,8,-2
01,15,240,40,69,66,0,8,0
01,15,230,50,84,81,-1,8,2
01,15,160,40,144,93,0,0,-15
01,15,220,80,110,58,0,8,-6
01,15,210,100,118,86,0,8,-2
01,15,230,60,72,6,0,0,-14
01,15,220,100,95,62,0,8,2
01,15,270,60,64,31,1,8,-4
01,15,200,30,64,57,1,8,2
01,15,200,50,-13,-18,-1,8,5
01,15,320,40,25,8,9,8,0
01,15,240,70,40,21,0,8,0
01,15,300,40,62,3,0,6,-15
01,15,50,30,8,-44,0,2,-13
01,15,160,30,-15,-67,0,1,-11
01,15,230,50,-8,-12,-1,8,2
01,15,240,10,49,42,0,8,-10
01,15,210,50,56,42,0,8,-3
01,15,230,30,57,42,0,8,-4
01,15,270,60,78,28,-1,8,-1
01,15,210,50,64,28,-1,8,-12
01,15,230,80,22,-2,0,8,-3
01,15,270,30,12,6,-1,3,3
01,15,200,10,17,6,0,4,-4
01,15,80,20,-21,-29,0,8,-2
01,15,20,10,-9,-42,0,5,-10
01,15,40,20,-13,-37,0,7,0
01,15,60,20,31,-34,0,0,-23
01,15,80,10,25,-50,0,8,-9
01,15,100,40,40,-38,0,0,-21
01,15,0,0,26,-32,0,0,-26
01,15,180,20,3,-18,0,8,-1
01,15,180,10,19,9,0,8,-5
01,15,110,40,-3,-47,0,8,-10
01,15,120,40,14,-44,0,0,-9
01,15,120,30,56,-5,0,8,-8
01,15,180,40,96,38,0,8,-5
01,15,210,40,66,29,0,7,-7
01,15,280,30,67,61,0,8,-7
01,15,80,30,40,20,0,8,-2
01,15,150,30,66,52,5,8,-2
01,15,200,50,61,34,0,8,-1
01,15,260,120,90,37,1,8,5
01,15,230,50,96,94,2,8,13
01,15,190,40,89,59,0,8,-1
01,15,990,10,58,47,0,8,-2
01,15,50,70,18,-22,0,0,-8
01,15,80,70,36,-5,0,3,-7
01,15,140,20,47,32,0,8,-11
01,15,200,30,80,56,0,8,-3
01,15,10,20,72,62,0,7,-2
01,15,130,10,51,39,0,8,-3
01,15,110,30,52,16,0,,-1
01,15,120,40,43,2,0,,-12
01,15,190,90,59,45,7,,2
01,15,260,70,56,2,0,7,-16
01,15,260,70,54,-5,-1,6,1
01,15,280,60,54,11,0,8,-2
01,15,260,30,46,19,3,8,-13
01,15,140,20,29,20,4,8,-4
01,15,200,30,47,20,0,8,-6
01,15,280,30,83,50,0,8,-4
01,15,200,70,93,61,1,8,5
01,15,210,110,132,88,0,8,0
01,15,200,30,86,64,0,8,-5
01,15,220,40,64,46,0,7,1
01,15,200,70,61,24,0,8,-6
01,15,240,70,115,83,0,8,-2
01,15,250,100,95,68,-1,8,-8
01,15,230,30,59,31,0,7,-13
01,15,230,80,72,49,0,8,-16
01,15,300,30,80,39,0,7,-7
01,15,330,20,57,5,0,0,-10
01,15,310,20,58,15,-1,8,-7
01,15,270,40,40,19,0,8,0
01,15,280,50,67,51,0,8,-4
01,15,290,20,66,31,0,8,-4
01,15,230,70,76,72,-1,8,6
01,15,310,60,75,28,-1,7,-6
01,15,350,60,56,-13,0,7,-9
01,15,300,10,41,-4,0,8,-3
01,15,310,30,76,69,-1,8,-3
01,15,270,50,79,73,11,8,-1
01,15,270,70,92,79,1,8,2
01,15,300,30,48,8,0,2,-5
01,15,240,60,72,43,0,8,-2
01,15,200,60,58,20,0,8,-3
01,15,280,50,34,4,-1,3,-9
01,15,170,20,-14,-17,0,8,-3
01,15,100,40,19,-28,0,8,-9
01,15,60,20,15,-48,0,0,-23
01,15,240,30,21,-47,0,8,-26
01,15,160,50,-19,-24,5,8,0
01,15,40,30,-3,-31,0,8,-3
01,15,70,20,-27,-52,0,8,-2
01,15,200,50,8,3,1,8,2
01,15,220,60,73,60,-1,8,-2
01,15,290,40,52,37,1,8,-3
01,15,330,50,53,-12,0,8,-17
01,15,190,40,34,-25,0,8,-12
01,15,280,20,16,-19,0,8,-3
01,15,180,30,-18,-18,0,9,1
01,15,160,20,15,2,0,0,-22
01,15,180,40,35,29,0,8,6
01,15,260,50,99,92,3,8,-8
01,15,260,50,73,52,0,8,-6
01,15,210,40,70,34,0,8,-4
01,15,160,40,63,17,0,8,-12
01,15,210,60,81,59,0,8,-5
01,15,240,20,118,110,0,8,0
01,15,200,70,126,107,-1,8,-2
01,15,310,30,73,45,-1,8,-4
01,15,190,60,65,23,0,8,-4
01,15,220,80,86,67,0,8,3
01,15,190,60,83,34,0,8,-7
01,15,200,90,110,68,0,8,0
01,15,200,80,103,71,5,8,-4
01,15,170,40,109,63,0,8,-11
01,15,210,50,95,79,0,8,-9
01,15,280,30,68,18,0,6,-5
01,15,350,20,67,26,0,3,-10
01,15,220,20,49,42,0,8,-3
01,15,200,10,4,4,0,9,-5
01,15,270,10,38,38,0,9,2
01,15,120,30,42,12,0,6,-4
01,15,200,30,16,6,0,8,0
01,15,170,20,10,2,0,8,1
01,15,180,30,97,59,0,4,-12
01,15,190,40,90,74,0,8,-5
01,15,260,90,52,-3,1,1,-2
01,15,270,60,68,14,-1,7,-3
01,15,190,60,105,64,0,8,-16
01,15,220,90,124,101,0,8,-1
