02,3,160,26,-35,-55,0,8,2
02,3,190,5,-75,-84,0,0,0
02,3,0,0,-67,-86,0,3,-5
02,3,50,15,-68,-83,0,6,5
02,3,50,21,-56,-80,0,0,-7
02,3,60,67,-59,-82,4,8,-4
02,3,50,51,-130,-159,0,2,2
02,3,80,82,-56,-91,-1,8,-1
02,3,60,26,-77,-109,-1,7,2
02,3,240,15,-52,-79,0,7,-4
02,3,190,36,-38,-49,2,8,2
02,3,350,62,-29,-32,2,8,-9
02,3,990,5,-37,-37,0,8,0
02,3,210,21,-31,-31,-1,8,1
02,3,210,57,-24,-37,0,5,6
02,3,270,51,13,13,3,8,1
02,3,990,5,-44,-47,0,0,-8
02,3,80,26,-41,-42,0,0,-7
02,3,990,10,-22,-38,0,3,-12
02,3,200,41,3,-3,0,0,-2
02,3,0,0,-19,-19,0,7,2
02,3,230,67,45,27,0,3,-11
02,3,210,103,73,48,0,8,-8
02,3,210,67,63,49,0,0,-8
02,3,210,41,53,46,0,4,-2
02,3,60,26,29,29,0,9,-16
02,3,190,21,19,19,0,0,8
02,3,90,36,24,9,0,7,2
02,3,0,0,-23,-23,0,9,-2
02,3,240,21,-25,-25,0,9,-4
02,3,230,72,-9,-9,0,8,6
02,3,240,57,20,2,0,7,3
02,3,220,57,22,22,-1,8,8
02,3,240,41,52,48,0,7,1
02,3,220,31,57,53,0,8,1
02,3,180,21,22,13,0,0,-16
02,3,200,36,11,-1,0,0,3
02,3,230,93,61,38,-1,8,-12
02,3,220,77,67,49,-1,7,-5
02,3,200,51,89,89,0,8,0
02,3,230,72,102,94,-1,8,-6
02,3,230,57,39,32,0,3,-4
02,3,210,108,85,65,-1,8,3
02,3,240,77,26,2,0,0,-3
02,3,310,57,2,-6,-1,8,-1
02,3,350,15,-35,-52,0,1,-1
02,3,250,10,-37,-48,0,6,-4
02,3,250,31,4,-3,-1,8,-5
02,3,240,26,-4,-4,0,0,-3
02,3,220,36,16,6,0,3,-13
02,3,230,108,45,15,0,8,2
02,3,210,41,57,56,0,8,-1
02,3,990,10,46,43,0,8,0
02,3,210,41,64,34,0,7,0
02,3,990,15,63,51,0,7,0
02,3,200,46,55,33,0,0,-7
02,3,190,41,70,43,0,0,-24
02,3,60,31,-43,-44,0,0,8
02,3,200,21,-40,-40,0,0,19
02,3,990,15,-7,-7,-1,9,-1
02,3,990,10,-24,-24,0,9,1
02,3,240,51,-15,-15,0,9,2
02,3,220,36,-8,-8,0,8,1
02,3,220,36,33,33,-1,8,-1
02,3,50,26,45,45,-1,8,-1
02,3,50,41,7,4,0,5,0
02,3,110,21,6,6,0,8,-2
02,3,140,15,-8,-8,0,8,2
02,3,160,10,-22,-22,0,0,-3
02,3,30,26,-28,-28,0,9,0
02,3,990,15,-20,-20,0,9,-3
02,3,260,15,-22,-22,0,2,1
02,3,230,36,-5,-5,1,8,3
02,3,230,67,42,42,5,8,3
02,3,300,21,45,35,0,8,-2
02,3,260,82,62,52,0,7,-4
02,3,330,36,23,17,0,7,-3
02,3,280,57,26,20,-1,7,5
02,3,320,62,3,3,1,8,-2
02,3,20,41,-17,-17,0,4,-2
02,3,250,21,-27,-27,0,4,-13
02,3,200,21,-35,-35,0,5,-1
02,3,200,36,11,10,4,8,0
02,3,240,41,18,12,-1,8,-12
02,3,260,36,-28,-28,0,3,-2
02,3,190,41,38,18,0,8,-2
02,3,240,57,62,32,0,6,-7
02,3,90,36,8,-5,0,3,1
02,3,150,31,52,44,0,8,17
02,3,90,36,54,52,0,7,-13
02,3,280,26,50,49,-1,8,-1
02,3,180,31,10,-1,0,0,-2
02,3,260,31,42,42,2,8,-3
02,3,200,57,12,3,0,1,-1
02,3,250,57,44,23,0,7,-3
02,3,320,31,25,12,0,8,-3
02,3,50,26,7,4,0,7,1
02,3,60,51,-1,-26,0,7,3
02,3,80,98,-78,-128,0,1,3
02,3,100,82,-35,-140,0,0,1
02,3,100,31,6,-55,0,8,-1
02,3,120,21,-47,-68,0,0,-4
02,3,80,36,-35,-62,0,1,4
02,3,80,21,-48,-96,0,0,-3
02,3,70,36,-59,-100,0,0,1
02,3,180,10,-89,-101,0,1,0
02,3,80,31,-38,-71,0,6,1
02,3,50,36,-15,-15,3,8,0
02,3,220,62,49,43,0,8,-7
02,3,990,10,8,8,0,9,0
02,3,170,26,59,47,0,6,-7
02,3,200,57,106,56,0,8,0
02,3,210,36,67,62,0,7,5
02,3,210,93,81,58,0,8,-2
02,3,200,26,61,57,6,8,0
02,3,150,36,13,0,0,1,3
02,3,200,67,62,36,0,8,-1
02,3,260,26,67,65,0,8,0
02,3,240,62,92,92,-1,8,0
02,3,240,98,80,54,0,8,-2
02,3,220,77,68,64,11,8,8
02,3,30,62,13,3,-1,8,1
02,3,100,26,-2,-36,0,6,0
02,3,200,82,78,57,0,8,-1
02,3,240,98,94,62,0,7,-4
02,3,180,46,75,43,0,8,-6
02,3,220,139,88,47,0,7,-20
02,3,200,87,73,65,25,8,4
02,3,220,87,77,48,0,6,-16
02,3,240,87,61,44,18,8,-5
02,3,210,51,27,19,0,1,5
02,3,210,77,55,26,-1,3,3
02,3,250,108,108,81,-1,3,-4
02,3,210,77,100,72,0,7,-4
02,3,200,51,16,0,0,0,-1
02,3,210,118,33,18,5,8,-3
02,3,200,67,41,24,-1,8,-3
02,3,990,10,39,36,23,8,6
02,3,250,31,21,20,0,7,-2
02,3,300,31,2,-12,0,2,0
02,3,230,98,62,50,0,8,5
02,3,70,57,-32,-85,0,0,-10
02,3,40,15,-40,-46,0,2,16
02,3,300,15,-2,-2,-1,8,-1
02,3,30,26,-24,-30,-1,8,1
02,3,200,21,-41,-48,0,7,-3
02,3,80,41,-55,-71,0,0,-9
02,3,80,26,-41,-72,0,7,1
02,3,50,31,-39,-66,0,7,0
02,3,230,10,-18,-22,0,8,2
02,3,150,46,17,-41,0,8,0
02,3,200,57,34,22,0,3,-1
02,3,200,62,39,26,0,7,0
02,3,280,31,9,8,0,7,2
02,3,360,82,3,3,-1,8,-1
02,3,360,26,-14,-27,0,8,-1
02,3,220,72,14,14,1,8,3
02,3,260,87,52,17,-1,7,1
02,3,220,93,45,38,4,8,0
02,3,220,72,18,13,0,7,2
02,3,20,93,-12,-21,0,8,-7
02,3,30,46,-63,-84,0,3,-2
02,3,290,21,-73,-79,0,5,3
02,3,180,36,-29,-44,-1,8,-1
02,3,180,67,-7,-36,0,8,-8
02,3,200,93,60,36,-1,7,-2
02,3,190,72,80,28,0,7,-6
02,3,50,15,38,38,-1,8,0
02,3,60,46,36,36,-1,8,-1
02,3,20,26,17,17,0,9,-6
02,3,60,20,14,3,0,8,0
02,3,170,30,-13,-33,0,1,-4
02,3,220,40,8,7,-1,8,-2
02,3,220,60,14,-5,0,8,1
02,3,210,80,50,43,7,8,-1
02,3,200,50,14,9,0,3,-1
02,3,200,60,30,-13,0,0,1
02,3,220,30,58,54,-1,8,0
02,3,200,30,73,62,0,8,1
02,3,210,60,63,31,0,7,-5
02,3,230,50,31,-7,0,0,-2
02,3,230,100,93,91,19,8,7
02,3,250,120,96,77,5,8,-8
02,3,230,70,30,10,0,0,-4
02,3,330,20,4,1,0,4,3
02,3,190,20,23,11,0,7,3
02,3,190,60,36,11,-1,8,1
02,3,200,80,79,67,12,8,1
02,3,250,70,37,1,0,3,-6
02,3,260,90,76,14,0,3,-5
02,3,230,100,84,47,-1,7,1
02,3,230,60,78,66,0,3,-2
02,3,180,30,58,43,0,5,14
02,3,200,90,109,72,0,7,1
02,3,230,130,125,99,5,8,7
02,3,240,120,96,47,0,5,-3
02,3,260,60,54,39,2,8,1
02,3,200,80,68,25,0,6,-3
02,3,90,50,-61,-109,0,1,-4
02,3,200,30,-93,-107,0,1,-1
02,3,260,40,3,3,3,8,1
02,3,190,30,-39,-51,0,0,-3
02,3,200,40,4,-12,0,7,-6
02,3,200,40,37,7,0,7,-5
02,3,200,40,3,-12,0,7,2
02,3,200,40,5,1,0,2,6
02,3,200,50,31,0,0,5,-4
02,3,200,60,52,-6,0,5,0
02,3,200,30,29,22,0,1,-9
02,3,210,60,70,43,0,3,-3
02,3,230,60,102,74,0,7,-3
02,3,210,50,68,63,0,2,-3
02,3,200,40,56,49,0,0,13
02,3,210,60,100,61,0,8,22
02,3,300,50,58,41,1,8,-2
02,3,190,30,9,2,0,0,3
02,3,210,70,58,28,0,1,7
02,3,170,30,78,69,0,7,-6
02,3,200,70,105,44,0,2,-9
02,3,220,50,87,73,0,4,-14
02,3,250,20,34,33,0,7,-3
02,3,210,40,73,73,-1,8,2
02,3,280,20,73,71,0,5,-2
02,3,200,20,84,75,0,8,11
02,3,220,70,65,60,-1,8,2
02,3,230,130,76,35,0,8,-2
02,3,220,30,11,-25,0,8,3
02,3,340,40,47,47,-1,8,-1
02,3,230,60,43,34,0,7,-1
02,3,230,60,72,66,-1,8,-1
02,3,260,80,67,13,0,7,0
02,3,270,50,17,11,3,7,-7
02,3,280,50,33,22,5,7,-5
02,3,260,50,-7,-7,-1,5,2
02,3,40,20,-12,-17,-1,8,1
02,3,250,40,-6,-8,-1,8,-2
02,3,310,40,-19,-27,-1,7,-2
02,3,990,10,-65,-69,0,2,-22
02,3,150,10,-89,-94,0,0,-10
02,3,40,20,-20,-36,0,7,-12
02,3,200,60,-12,-12,-1,8,4
02,3,220,90,27,18,-1,8,-2
02,3,260,100,40,11,1,8,0
02,3,190,20,2,2,4,8,1
02,3,220,60,71,68,0,8,1
02,3,290,20,80,78,9,8,-5
02,3,240,70,48,32,0,8,1
02,3,260,70,26,1,-1,3,-19
02,3,280,70,15,14,-1,8,-5
02,3,200,30,10,3,0,7,-2
02,3,210,10,-22,-25,0,1,0
02,3,220,90,44,-1,0,7,-3
02,3,200,30,8,7,0,0,11
02,3,220,60,43,29,0,0,-2
02,3,230,70,86,68,-1,8,-2
02,3,210,70,70,53,0,8,0
02,3,240,60,38,25,0,0,-3
02,3,210,50,50,45,11,8,3
02,3,220,90,65,35,0,7,-4
02,3,210,50,83,22,0,7,-2
02,3,210,80,88,77,10,8,2
02,3,230,90,92,55,0,8,-4
02,3,250,70,55,3,0,7,-3
02,3,220,80,60,21,0,8,-1
02,3,240,30,20,6,0,0,-6
02,3,190,40,7,-9,0,3,5
02,3,230,80,61,35,0,8,-10
02,3,210,30,-3,-9,0,0,3
02,3,250,50,79,73,0,8,0
02,3,220,100,59,46,5,8,-13
02,3,260,40,15,5,0,5,-3
02,3,200,60,27,-16,0,8,-12
02,3,260,50,56,45,8,7,-8
02,3,320,40,10,-8,0,7,-3
02,3,200,20,-11,-12,0,4,3
02,3,210,40,35,30,0,8,-2
02,3,180,20,22,14,0,5,-5
02,3,210,70,77,49,-1,8,-7
02,3,230,120,111,95,-1,8,-5
02,3,190,30,-7,-19,0,0,4
02,3,180,30,7,-12,0,0,2
02,3,200,90,122,50,0,6,3
02,3,190,50,47,32,0,5,-3
02,3,30,10,-10,-10,0,9,0
02,3,240,40,1,1,2,8,0
02,3,210,30,9,9,1,8,3
02,3,240,60,54,40,0,8,-3
02,3,220,110,83,62,14,8,-3
02,3,210,80,96,83,2,8,0
02,3,200,70,92,73,1,8,-5
02,3,190,70,116,64,0,7,-2
02,3,340,50,30,22,-1,8,-3
02,3,990,10,-13,-21,0,1,0
02,3,200,80,74,15,0,8,2
02,3,210,50,95,81,0,7,0
02,3,20,90,64,51,0,8,-9
02,3,70,30,15,13,0,6,5
02,3,80,40,25,12,0,1,7
02,3,210,30,17,0,0,1,0
02,3,350,40,36,34,-1,8,2
02,3,50,20,6,-16,0,7,1
02,3,250,30,35,17,0,7,0
02,3,290,30,42,40,0,8,-1
02,3,240,50,27,15,0,2,2
02,3,270,20,38,35,0,2,0
02,3,320,30,30,25,2,8,4
02,3,310,20,2,1,0,7,-1
02,3,200,30,-51,-63,0,5,-3
02,3,230,50,0,-4,0,8,-2
02,3,150,50,-9,-36,0,5,8
02,3,150,30,28,-26,0,8,-2
02,3,210,80,92,56,0,8,-6
02,3,190,50,95,57,0,2,3
02,3,160,50,82,31,0,2,6
02,3,240,140,78,30,-1,7,-8
02,3,200,90,109,75,-1,8,2
02,3,200,60,79,53,0,7,-1
02,3,270,30,56,42,0,5,-3
02,3,220,70,66,59,1,8,6
02,3,220,90,117,91,0,8,1
02,3,230,90,70,42,0,8,2
02,3,210,100,89,75,6,8,2
02,3,230,110,105,97,6,8,3
02,3,210,40,74,69,10,8,0
02,3,40,50,40,20,0,8,-3
02,3,40,40,-20,-42,0,0,-3
02,3,40,50,-11,-37,0,0,-2
02,3,190,30,-18,-45,0,0,28
02,3,230,40,26,7,0,8,1
02,3,220,70,32,1,0,6,0
02,3,230,130,74,60,26,8,1
02,3,330,60,17,-7,0,7,-1
02,3,210,100,21,-4,1,8,1
02,3,250,90,58,9,0,5,-3
02,3,240,80,9,5,13,8,6
02,3,240,70,73,69,10,8,2
02,3,210,100,98,84,16,8,-2
02,3,260,90,56,35,17,8,5
02,3,210,80,40,9,0,6,1
02,3,190,20,-74,-87,0,1,5
02,3,190,40,4,-3,3,8,3
02,3,230,70,38,21,-1,8,0
02,3,250,60,4,-15,-1,7,-5
02,3,330,50,14,8,3,8,-3
02,3,10,50,7,-4,0,8,-6
02,3,200,50,17,-9,0,7,-2
02,3,210,60,36,31,0,8,1
02,3,140,20,44,36,0,8,3
02,3,110,10,-4,-8,0,8,5
02,3,170,20,-38,-51,0,0,7
02,3,80,30,-30,-37,0,0,3
02,3,60,30,-50,-66,0,0,-5
02,3,60,30,-45,-80,0,0,5
02,3,50,20,-48,-84,0,0,9
02,3,60,40,-10,-50,0,8,0
02,3,60,40,-49,-78,0,0,-6
02,3,60,30,-59,-80,0,1,-2
02,3,90,50,-35,-74,0,0,-5
02,3,80,50,-8,-42,0,0,-6
02,3,130,10,-8,-42,0,0,-10
02,3,140,10,-11,-35,0,0,0
02,3,150,20,3,-29,0,0,2
02,3,160,20,28,-6,0,0,-9
02,3,90,30,5,-27,0,0,0
02,3,130,30,12,-43,0,0,11
02,3,110,10,56,-13,0,8,-10
02,3,180,40,80,29,0,7,3
02,3,230,130,109,57,0,8,-1
02,3,230,110,115,77,0,8,1
02,3,210,60,104,80,0,8,-1
02,3,200,50,107,63,0,8,4
02,3,220,80,124,62,0,8,3
02,3,220,60,108,82,0,8,-8
02,3,240,110,82,35,0,6,5
02,3,240,100,45,23,-1,8,-37
02,3,290,50,14,-12,-1,2,-1
02,3,200,30,-12,-30,0,2,6
02,3,260,50,61,59,6,8,5
02,3,40,20,20,10,0,8,1
02,3,240,30,52,42,0,8,0
02,3,230,20,55,48,0,8,-2
02,3,230,20,53,43,0,8,-5
02,3,180,10,6,5,-1,9,4
02,3,90,10,21,19,0,8,1
02,3,320,30,39,18,0,8,-1
02,3,30,50,5,-2,0,1,-6
02,3,50,60,-21,-58,0,3,-2
02,3,60,40,-11,-39,0,4,0
02,3,340,30,-2,-21,0,8,1
02,3,310,30,-17,-39,0,4,0
02,3,210,30,-38,-46,0,5,2
02,3,320,30,3,1,7,8,-1
02,3,230,50,-20,-27,0,4,-1
02,3,200,50,-32,-56,0,3,-3
02,3,290,30,-13,-23,0,8,-4
02,3,230,10,-22,-27,0,8,0
02,3,300,40,37,25,-1,8,1
02,3,250,30,35,26,0,8,2
02,3,300,30,47,39,-1,8,0
02,3,200,20,41,27,0,8,1
02,3,110,20,-7,-36,0,0,-8
02,3,170,30,14,-13,0,8,4
02,3,70,30,-29,-48,0,0,-1
02,3,190,30,-26,-41,0,0,-2
02,3,190,50,26,-1,0,1,-5
02,3,210,80,72,39,0,8,2
02,3,230,70,77,69,14,8,0
02,3,230,80,99,92,4,8,3
02,3,270,90,48,1,-1,8,-5
02,3,320,60,19,-4,0,7,-5
02,3,340,60,0,-17,0,8,0
02,3,20,60,-18,-48,-1,8,-3
02,3,10,30,-12,-52,0,8,-5
02,3,190,20,-20,-62,0,8,-2
02,3,210,40,8,5,0,8,4
02,3,260,30,1,-2,-1,8,1
02,3,300,20,-3,-7,-1,8,1
02,3,50,60,2,-27,-1,8,-2
02,3,30,40,-32,-54,-1,8,0
02,3,200,30,-26,-35,0,8,-1
02,3,80,30,-40,-57,0,0,-3
02,3,330,10,-8,-17,0,8,4
02,3,40,50,-24,-54,0,6,-8
02,3,30,30,-67,-96,0,1,-8
02,3,80,30,-39,-44,0,9,-6
02,3,280,10,-35,-41,0,9,1
02,3,360,20,-51,-58,0,8,-4
02,3,220,10,-6,-7,0,9,0
02,3,70,30,5,4,0,8,-1
02,3,30,10,18,15,0,8,-2
02,3,230,40,30,16,0,8,2
02,3,230,100,49,34,2,8,5
02,3,240,50,20,-1,-1,8,-9
02,3,280,40,12,-6,-1,8,5
02,3,180,10,5,-1,0,8,-2
02,3,210,30,-11,-22,0,7,-2
02,3,180,50,11,-17,0,8,0
02,3,210,40,32,9,0,8,0
02,3,190,70,49,32,0,8,7
02,3,170,20,60,55,15,8,1
02,3,220,70,45,22,0,8,3
02,3,200,70,37,12,0,0,-5
02,3,190,40,46,33,-1,8,-4
02,3,50,60,42,26,0,8,-4
02,3,20,60,9,3,2,,-1
02,3,60,90,23,4,0,8,0
02,3,40,40,-4,-44,0,8,-2
02,3,80,60,-8,-56,0,8,1
02,3,50,70,-11,-51,0,7,-5
02,3,50,50,-25,-62,0,8,-1
02,3,230,10,-44,-59,0,2,12
02,3,230,60,7,1,-1,8,1
02,3,250,30,62,61,2,8,3
02,3,260,30,77,76,0,9,-1
02,3,310,20,32,24,0,0,-1
02,3,60,10,-13,-17,0,8,12
02,3,210,40,20,4,0,0,-9
02,3,230,20,17,14,0,8,0
02,3,330,10,-2,-4,0,9,0
02,3,90,20,-35,-36,0,8,-1
02,3,230,80,49,20,0,8,-3
02,3,70,30,24,15,0,8,8
02,3,180,60,80,54,0,7,4
02,3,190,60,75,59,3,8,1
02,3,240,70,71,42,3,8,1
02,3,180,40,68,31,-1,8,-2
02,3,280,30,56,42,0,7,1
02,3,100,10,20,-22,0,6,-2
02,3,80,60,39,-5,0,3,5
02,3,240,30,57,28,0,7,-8
02,3,140,10,44,26,0,8,0
02,3,180,30,38,27,0,2,-2
02,3,190,40,74,44,0,8,-5
02,3,190,40,45,32,0,0,0
02,3,190,60,78,53,0,2,-2
02,3,170,60,93,62,0,8,3
02,3,170,40,86,63,0,8,-3
02,3,260,30,70,61,1,8,0
02,3,250,30,45,29,0,8,-6
02,3,230,80,97,67,0,8,2
02,3,220,90,60,53,10,8,5
02,3,250,70,16,3,7,8,-7
02,3,190,60,11,-18,0,0,0
02,3,180,90,79,-4,0,8,2
02,3,190,70,37,18,0,2,6
02,3,240,60,84,63,-1,8,-2
02,3,210,30,11,10,0,8,0
02,3,130,20,0,-14,0,0,18
02,3,110,20,16,-41,0,0,4
02,3,110,20,40,-37,0,0,-1
02,3,90,40,30,2,0,0,-1
02,3,80,20,18,0,0,0,4
02,3,40,30,-2,-2,0,9,-2
02,3,60,30,-3,-3,0,9,0
02,3,60,40,27,10,0,8,-4
02,3,70,40,-26,-57,0,0,-3
02,3,130,30,-32,-84,0,0,-8
02,3,200,30,-27,-63,0,0,3
02,3,50,30,-34,-40,0,0,31
02,3,180,20,43,-19,-1,8,-20
02,3,200,60,39,34,0,8,3
02,3,240,70,88,65,0,8,-2
02,3,230,50,88,74,0,7,-9
02,3,220,50,82,56,0,8,0
02,3,260,40,97,91,17,8,-16
02,3,200,90,111,84,0,8,1
02,3,240,60,52,40,0,0,-1
02,3,200,20,46,33,0,8,-1
02,3,330,10,72,72,3,9,-1
02,3,60,50,-20,-65,0,8,1
02,3,60,70,-13,-53,0,5,2
02,3,110,40,30,-8,0,7,1
02,3,210,10,-5,-5,-1,8,1
02,3,100,30,6,-1,0,1,-6
02,3,160,40,51,27,0,8,-1
02,3,200,40,25,20,0,7,8
02,3,230,30,-6,-10,0,7,8
02,3,200,70,12,-13,0,8,2
02,3,200,70,87,66,-1,8,2
02,3,270,30,7,-1,0,6,-4
02,3,330,30,1,-4,0,8,-3
02,3,220,20,-1,-3,0,8,0
02,3,350,50,4,-18,0,8,-3
02,3,200,30,-38,-44,0,1,1
02,3,210,40,15,15,0,9,2
02,3,280,40,57,54,11,8,0
02,3,100,40,-18,-45,0,1,-5
02,3,200,30,-17,-45,0,8,2
02,3,220,40,33,32,-1,7,4
02,3,330,20,35,32,0,8,0
02,3,240,40,53,38,-1,8,-1
02,3,260,30,45,38,0,8,1
02,3,10,20,40,16,0,8,-3
02,3,260,10,17,2,0,1,-8
02,3,240,50,54,50,1,8,2
02,3,260,40,63,36,0,8,-2
02,3,220,50,73,66,0,8,-2
02,3,230,60,0,-18,-1,8,0
02,3,210,50,-12,-25,0,2,4
02,3,230,20,2,-1,-1,8,3
02,3,200,70,55,47,0,8,-2
02,3,140,40,21,1,0,0,14
02,3,170,40,36,21,0,0,-1
02,3,10,30,9,6,-1,8,0
02,3,70,40,15,11,0,8,0
02,3,80,50,-42,-70,0,8,-2
02,3,340,10,-59,-90,0,0,-10
02,3,30,60,-51,-69,-1,8,2
02,3,360,40,-45,-63,0,8,-2
02,3,30,50,-39,-56,0,8,0
02,3,330,40,-32,-44,1,8,-2
02,3,330,20,-44,-51,1,8,-2
02,3,190,40,-19,-46,0,8,0
02,3,100,30,-46,-70,0,1,6
02,3,200,40,23,18,3,8,0
02,3,200,70,55,23,0,8,-2
02,3,200,50,-2,-22,0,5,8
02,3,200,20,2,-2,2,8,0
02,3,180,50,45,6,0,8,3
02,3,270,40,80,58,0,8,-12
02,3,190,40,72,67,6,8,-5
02,3,200,100,84,61,1,8,-3
02,3,190,80,103,60,0,8,-5
02,3,220,70,46,4,0,0,-1
02,3,100,60,65,41,-1,8,-4
02,3,240,30,-48,-54,0,8,-1
02,3,200,40,-1,-1,0,9,0
02,3,210,70,30,27,8,8,4
02,3,200,100,39,23,0,5,9
02,3,230,130,100,57,0,8,0
02,3,230,80,100,66,0,8,-1
02,3,220,70,71,30,0,8,-4
02,3,260,20,69,41,0,8,0
02,3,170,20,5,-9,0,0,-11
02,3,210,60,50,24,0,8,3
02,3,240,60,103,97,16,8,2
02,3,80,30,84,81,-1,8,-1
02,3,210,30,35,28,0,0,-6
02,3,140,20,46,23,0,1,6
02,3,150,30,35,28,0,8,-4
02,3,190,50,65,43,0,8,-7
02,3,50,20,18,15,0,0,-6
02,3,50,20,15,-2,0,8,0
02,3,90,20,23,9,0,8,0
02,3,90,40,26,6,0,8,-6
02,3,100,50,-4,-40,0,8,-2
02,3,80,50,-36,-66,0,0,-4
02,3,190,30,-28,-77,0,1,0
02,3,200,70,17,4,0,8,1
02,3,210,30,67,64,0,8,-1
02,3,210,60,61,50,0,8,-4
02,3,270,30,52,47,3,8,2
02,3,350,10,19,16,-1,8,-1
02,3,40,50,-89,-114,0,0,-2
02,3,40,70,-99,-152,0,0,-2
02,3,40,30,-138,-170,0,0,-7
02,3,40,20,-114,-123,0,0,-14
02,3,160,30,-98,-155,0,8,2
02,3,180,20,-72,-123,0,8,0
02,3,60,40,-128,-159,0,0,4
02,3,50,80,-61,-99,0,8,0
02,3,10,20,-98,-116,0,0,-3
02,3,50,20,-94,-109,0,0,21
02,3,40,40,-120,-147,0,0,7
02,3,0,0,-96,-112,0,5,-1
02,3,230,40,-28,-31,0,9,2
02,3,230,30,8,7,1,9,5
02,3,290,40,46,36,2,8,1
02,3,300,20,29,26,0,8,0
02,3,230,60,43,26,0,8,0
02,3,220,50,61,57,1,8,1
02,3,250,40,25,14,0,8,-6
02,3,240,30,-25,-30,0,2,3
02,3,200,60,-1,-36,0,7,0
02,3,200,50,20,-9,0,4,2
02,3,230,80,51,47,3,8,3
02,3,230,60,91,88,0,8,-1
02,3,260,20,80,77,0,8,-2
02,3,280,20,48,21,0,8,1
02,3,200,30,32,29,0,8,0
02,3,230,50,69,66,1,8,1
02,3,240,20,86,86,0,9,-1
02,3,230,70,71,45,0,8,-1
02,3,290,30,29,24,2,7,4
02,3,300,30,27,14,0,8,-1
02,3,230,70,59,56,-1,8,5
02,3,230,80,52,20,0,6,-2
02,3,210,90,14,2,-1,8,-2
02,3,270,30,3,-1,0,6,3
02,3,250,30,2,-1,-1,8,-1
02,3,280,20,-18,-21,0,8,1
02,3,170,40,-11,-41,-1,6,-1
02,3,90,60,-24,-79,0,7,3
02,3,60,40,-37,-62,0,0,-1
02,3,30,10,-22,-65,0,8,-2
02,3,130,40,-39,-87,0,8,-3
02,3,210,50,4,-5,0,8,1
02,3,230,40,32,25,0,8,0
02,3,990,10,16,14,0,8,3
02,3,150,10,-15,-26,0,0,5
02,3,210,30,-19,-29,0,1,3
02,3,50,50,-10,-26,0,0,-6
02,3,20,20,-37,-58,0,0,-7
02,3,40,60,-27,-62,-1,8,1
02,3,40,60,-36,-73,-1,8,-8
02,3,20,80,-18,-25,3,8,-1
02,3,10,40,-1,-1,0,9,1
02,3,70,40,7,4,0,8,0
02,3,40,50,5,4,0,9,-2
02,3,50,30,0,-9,0,8,-1
02,3,180,80,68,6,0,8,2
02,3,190,50,33,16,0,0,0
02,3,150,20,14,0,0,0,-9
02,3,170,50,50,7,0,8,-7
02,3,170,90,66,8,0,8,5
02,3,230,60,53,37,2,5,16
02,3,190,110,98,66,8,8,2
02,3,190,70,61,26,0,8,6
02,3,210,120,50,15,0,4,2
02,3,150,40,41,9,0,5,-2
02,3,230,60,50,32,0,8,0
02,3,210,70,33,18,0,4,-4
02,3,210,90,58,25,0,8,2
02,3,220,70,34,8,0,8,-7
02,3,220,140,122,52,0,8,-9
02,3,230,80,64,40,-1,8,0
02,3,180,50,55,25,0,8,0
02,3,170,40,55,18,0,8,-2
02,3,230,50,67,50,0,8,0
02,3,200,50,50,41,0,1,3
02,3,200,50,72,55,-1,8,-5
02,3,190,70,34,10,0,0,-1
02,3,190,50,34,7,0,0,-5
02,3,170,50,57,17,0,0,-3
02,3,180,60,90,32,0,0,-8
02,3,190,30,72,63,-1,8,-2
02,3,180,40,39,15,0,0,0
02,3,190,40,44,33,-1,8,1
02,3,210,40,8,0,0,8,2
02,3,270,30,17,13,-1,8,0
02,3,200,30,-2,-12,0,8,-1
02,3,30,40,-19,-27,0,6,8
02,3,20,30,-36,-44,0,1,10
02,3,40,80,-19,-53,0,8,-9
02,3,30,40,-40,-60,0,0,-8
02,3,330,40,34,23,0,7,2
02,3,240,30,29,20,0,8,-1
02,3,290,20,41,40,-1,8,0
02,3,100,40,37,11,0,8,-5
02,3,180,20,-11,-14,0,0,2
02,3,180,20,-1,-19,0,0,3
02,3,160,50,70,31,0,8,-3
02,3,60,30,38,16,0,8,6
02,3,190,40,0,-17,0,0,-1
02,3,240,40,10,7,0,8,4
02,3,200,10,-18,-18,0,9,-4
02,3,190,40,4,-12,0,1,-2
02,3,190,60,39,-6,0,8,5
02,3,250,60,41,31,4,8,-12
02,3,260,20,11,8,0,8,0
02,3,200,110,23,8,13,8,2
02,3,210,70,33,-2,0,7,-4
02,3,200,30,10,2,0,0,2
02,3,210,30,42,39,0,8,-2
02,3,340,80,45,29,9,8,-3
02,3,190,30,-9,-23,0,0,5
02,3,240,70,108,103,4,8,-1
02,3,230,70,99,93,8,8,-2
02,3,230,40,45,16,0,7,-1
02,3,230,40,27,12,0,8,0
02,3,200,40,48,40,0,8,6
02,3,190,60,85,55,0,0,-4
02,3,190,70,103,44,0,8,6
02,3,200,150,80,42,-1,8,-2
02,3,220,90,71,22,0,8,-7
02,3,220,70,34,12,-1,8,-1
02,3,230,40,33,24,-1,6,0
02,3,190,40,35,18,0,8,-7
02,3,90,30,-7,-22,0,4,-3
02,3,280,20,28,27,1,9,-1
02,3,350,50,1,-2,4,8,0
02,3,50,10,-23,-39,0,7,3
02,3,130,20,-45,-61,0,0,-3
02,3,200,30,15,-20,0,8,-1
02,3,180,20,3,0,-1,8,2
02,3,200,100,48,24,3,8,0
02,3,240,70,100,93,3,8,0
02,3,230,110,103,66,0,8,-2
02,3,200,60,22,16,1,8,-1
02,3,230,20,12,5,0,8,-2
02,3,200,20,-22,-30,0,4,-11
02,3,200,30,6,-3,0,8,-2
02,3,80,30,12,-22,0,8,-2
02,3,40,50,-17,-43,0,7,0
02,3,30,60,-7,-33,0,0,-1
02,3,110,20,-17,-24,0,8,4
02,3,170,40,76,57,0,6,-1
02,3,180,40,105,67,0,8,-4
02,3,210,50,57,28,0,1,-5
02,3,220,30,41,30,0,2,-2
02,3,30,40,20,9,0,8,-2
02,3,140,20,42,19,0,8,-2
02,3,90,20,43,35,8,8,-3
02,3,20,20,-5,-15,0,8,-5
02,3,70,30,-19,-44,0,8,3
02,3,70,30,-6,-15,-1,8,2
02,3,80,20,14,8,0,8,4
02,3,60,40,2,-16,0,0,1
02,3,90,30,17,-38,0,0,-2
02,3,160,20,39,-5,0,0,-19
02,3,180,30,72,50,0,2,-8
02,3,220,30,50,44,0,8,-1
02,3,200,10,52,47,0,8,2
02,3,200,50,22,-2,0,5,-4
02,3,230,50,71,56,0,8,0
02,3,260,40,97,93,2,8,-2
02,3,240,80,99,80,0,8,-3
02,3,230,80,94,77,-1,8,-5
02,3,260,40,35,23,5,8,-6
02,3,200,30,4,1,0,2,3
02,3,220,60,68,14,-1,8,2
02,3,200,60,104,58,0,8,1
02,3,210,80,51,8,0,8,-2
02,3,210,50,17,1,0,0,3
02,3,230,60,22,16,2,8,1
02,3,290,20,18,15,0,8,-2
02,3,30,70,-1,-17,-1,8,-3
02,3,50,60,-21,-34,0,0,-2
02,3,70,40,-30,-56,0,8,0
02,3,30,40,-22,-44,0,8,-4
02,3,190,20,-70,-77,0,0,-4
02,3,190,30,-29,-54,0,8,-1
02,3,210,40,10,2,0,8,1
02,3,190,100,24,9,6,8,-1
02,3,220,50,8,-4,-1,8,2
02,3,180,40,-5,-32,0,3,1
02,3,120,20,-18,-73,0,0,-4
02,3,160,50,13,1,14,8,4
02,3,220,30,11,6,0,0,-7
02,3,90,30,12,-18,0,8,0
02,3,160,20,-12,-32,0,0,-1
02,3,160,10,-18,-33,0,4,-6
02,3,350,20,4,-17,0,7,-17
02,3,30,60,-19,-42,0,8,-6
02,3,50,50,-26,-48,0,0,-4
02,3,40,50,-37,-62,0,0,2
02,3,70,80,-36,-108,0,0,-3
02,3,70,60,-39,-110,0,0,-5
02,3,50,60,-60,-96,0,0,-1
02,3,50,60,-67,-99,0,0,-1
02,3,70,30,-84,-133,0,0,3
02,3,100,30,-3,-12,1,8,6
02,3,60,40,11,9,8,8,2
02,3,280,10,5,2,0,8,2
02,3,210,30,-9,-13,0,0,2
02,3,210,50,18,11,1,8,-1
02,3,190,50,30,-31,0,8,-15
02,3,180,70,71,53,-1,8,3
02,3,200,60,56,35,0,8,1
02,3,220,70,73,46,0,6,3
02,3,180,80,71,55,15,8,3
02,3,250,40,40,22,0,8,-5
02,3,200,30,-11,-13,0,8,5
02,3,190,40,7,-10,0,8,-2
02,3,150,20,-11,-20,0,8,-4
02,3,130,10,31,-45,0,0,2
02,3,190,40,54,-2,0,0,-3
02,3,170,20,66,7,0,8,-10
02,3,190,40,60,-10,0,0,-5
02,3,250,30,71,54,-1,8,-4
02,3,190,40,38,15,0,8,-2
02,3,200,30,55,38,0,8,6
02,3,280,10,93,73,0,8,-2
02,3,80,20,41,36,0,1,-2
02,3,100,10,23,-31,0,0,-15
02,3,60,30,29,-26,0,7,9
02,3,120,10,43,13,0,8,4
02,3,180,10,59,23,0,0,-1
02,3,210,40,42,27,0,0,9
02,3,210,60,117,90,0,8,-1
02,3,230,60,72,43,0,8,-2
02,3,240,60,103,77,0,8,-1
02,3,260,40,44,26,0,2,0
02,3,270,10,29,26,0,8,-1
02,3,200,30,22,5,0,8,-3
02,3,110,30,9,-11,0,0,-9
02,3,170,40,50,4,0,8,8
02,3,190,60,72,54,0,8,3
02,3,250,100,93,45,0,8,0
02,3,250,70,48,-11,0,6,0
02,3,240,60,34,1,0,7,3
02,3,180,50,35,3,0,8,4
02,3,260,50,63,35,0,8,-4
02,3,200,60,73,40,0,8,-6
02,3,210,120,130,68,0,8,-16
02,3,240,70,79,41,0,8,-2
02,3,230,80,63,25,0,7,-5
02,3,240,60,52,37,-1,8,-6
02,3,210,60,69,54,0,8,1
02,3,230,50,33,5,0,2,-2
02,3,210,90,46,18,0,4,5
02,3,240,60,87,73,5,8,3
02,3,200,20,42,18,0,8,3
02,3,250,60,90,50,0,8,-8
02,3,230,80,35,2,-1,8,0
02,3,200,40,18,6,0,8,-2
02,3,210,40,1,-10,0,1,-2
02,3,200,80,94,69,0,8,0
02,3,120,26,-26,-40,0,8,2
02,3,990,5,-100,-109,0,0,19
02,3,30,10,-107,-119,0,0,5
02,3,60,26,-99,-118,0,1,-4
02,3,20,21,-66,-77,0,2,17
02,3,70,72,-44,-100,0,0,-6
02,3,70,46,-125,-160,0,0,5
02,3,70,62,-76,-111,-1,1,2
02,3,70,21,-122,-151,0,3,5
02,3,10,15,-49,-70,0,8,-1
02,3,200,5,-61,-68,0,8,16
02,3,0,0,-83,-94,0,3,-1
02,3,270,5,-69,-76,0,8,9
02,3,80,15,-19,-22,-1,8,-7
02,3,210,36,-15,-22,0,0,3
02,3,290,51,27,9,0,8,0
02,3,10,10,-42,-46,0,1,-7
02,3,990,5,-63,-68,0,3,16
02,3,60,5,-48,-52,0,0,-8
02,3,200,15,5,-4,0,8,1
02,3,180,21,9,6,0,9,4
02,3,200,57,46,15,0,2,-6
02,3,210,87,88,46,0,8,1
02,3,200,31,66,36,0,0,-17
02,3,240,10,81,64,-1,8,0
02,3,70,15,64,58,0,7,-11
02,3,30,10,1,-3,0,1,11
02,3,110,57,22,-18,0,7,-1
02,3,990,5,-18,-21,0,8,-1
02,3,990,10,-27,-30,0,9,-5
02,3,230,72,29,26,0,8,7
02,3,250,36,33,7,0,8,3
02,3,230,31,33,29,3,8,26
02,3,250,26,62,45,0,7,-2
02,3,200,21,51,38,0,8,-4
02,3,190,21,14,7,0,0,-4
02,3,170,46,19,0,0,0,3
02,3,220,67,59,36,1,7,-1
02,3,200,46,62,47,-1,8,0
02,3,180,31,79,75,-1,8,4
02,3,250,46,97,71,0,8,-6
02,3,220,36,38,22,0,1,1
02,3,210,72,93,81,3,8,8
02,3,260,57,40,-20,0,0,-2
02,3,320,46,7,-14,0,4,-1
02,3,0,0,-48,-58,0,1,-4
02,3,190,21,-43,-54,0,6,18
02,3,990,10,-14,-17,0,7,6
02,3,220,15,-8,-16,0,7,6
02,3,230,26,10,-5,0,0,-2
02,3,230,67,61,20,0,8,1
02,3,200,41,68,65,0,8,0
02,3,10,21,49,45,0,7,0
02,3,180,36,64,36,0,8,0
02,3,180,31,72,45,0,7,-1
02,3,180,26,43,36,0,0,-2
02,3,180,15,55,38,0,0,-5
02,3,50,31,-39,-46,0,0,-4
02,3,220,36,12,9,-1,8,-4
02,3,270,21,27,24,0,8,-2
02,3,140,10,-16,-19,0,9,0
02,3,240,46,-7,-8,-1,9,-1
02,3,220,36,25,13,0,8,-1
02,3,290,21,59,56,-1,9,2
02,3,30,15,43,39,-1,8,0
02,3,90,57,41,37,-1,8,-3
02,3,100,31,30,27,0,8,0
02,3,120,21,0,-7,0,8,3
02,3,40,21,-22,-25,0,0,0
02,3,90,21,-17,-18,0,9,-2
02,3,110,36,-14,-15,0,9,1
02,3,270,21,-1,-20,0,8,-1
02,3,270,21,22,21,-1,9,3
02,3,270,46,59,56,2,8,8
02,3,300,26,37,31,0,7,3
02,3,280,77,62,28,0,6,-1
02,3,300,41,35,6,0,5,-11
02,3,310,98,46,-25,0,7,-2
02,3,320,41,8,-2,0,3,-11
02,3,40,31,-19,-27,0,0,1
02,3,300,10,-24,-43,0,1,-19
02,3,160,21,-9,-22,-1,7,-2
02,3,200,26,13,9,0,8,-1
02,3,290,26,16,12,7,8,15
02,3,250,31,-22,-32,0,3,-1
02,3,210,36,48,25,0,8,-1
02,3,260,57,49,3,0,4,-5
02,3,130,31,2,-9,0,3,1
02,3,140,36,52,51,0,7,-6
02,3,340,5,42,42,0,6,-8
02,3,230,10,42,38,-1,8,2
02,3,160,26,10,4,0,1,4
02,3,250,21,42,39,-1,7,-5
02,3,190,51,19,19,0,2,3
02,3,260,46,49,36,-1,8,4
02,3,280,5,23,10,0,7,-3
02,3,60,26,-1,-7,0,1,-10
02,3,60,41,2,-20,0,7,-2
02,3,80,87,-77,-133,0,0,2
02,3,110,82,-25,-148,0,0,-2
02,3,120,31,8,-65,0,7,3
02,3,10,15,-62,-96,0,0,-8
02,3,90,15,-50,-87,0,0,-17
02,3,100,26,-50,-102,0,0,5
02,3,60,51,-54,-86,0,0,-16
02,3,300,5,-108,-121,0,0,-7
02,3,120,10,-83,-91,0,8,12
02,3,80,31,-21,-26,2,8,1
02,3,90,5,3,3,-1,8,1
02,3,10,15,-2,-2,-1,9,0
02,3,130,26,27,26,0,4,0
02,3,190,31,64,50,0,8,-3
02,3,200,21,53,53,0,4,-8
02,3,220,72,92,73,0,8,2
02,3,300,36,63,51,0,5,-7
02,3,210,15,10,-6,0,7,6
02,3,210,31,71,64,1,8,2
02,3,220,15,50,50,0,9,8
02,3,240,41,96,96,4,8,0
02,3,250,57,88,59,0,8,0
02,3,220,62,82,78,-1,8,0
02,3,10,21,14,5,0,6,-1
02,3,140,26,-2,-15,0,8,3
02,3,180,41,71,68,2,7,2
02,3,240,72,96,65,0,6,1
02,3,170,41,72,52,0,7,5
02,3,210,57,86,59,-1,8,-16
02,3,200,77,82,76,14,8,4
02,3,220,67,74,49,0,1,1
02,3,270,103,81,24,0,7,-7
02,3,210,31,36,24,0,2,9
02,3,210,67,68,45,-1,8,4
02,3,260,82,104,69,0,4,-7
02,3,210,51,96,72,0,1,-3
02,3,220,46,29,11,0,0,-1
02,3,230,46,38,23,3,7,-1
02,3,180,31,44,41,-1,8,1
02,3,170,41,38,37,19,8,-6
02,3,240,21,13,12,-1,4,7
02,3,260,21,3,-11,0,1,-1
02,3,230,62,80,76,0,8,5
02,3,90,31,-59,-86,0,0,0
02,3,130,5,-57,-72,0,0,-10
02,3,350,26,-8,-38,0,7,-1
02,3,10,21,-19,-25,-1,8,-2
02,3,260,21,-18,-46,0,7,-1
02,3,110,46,-47,-58,0,0,1
02,3,110,31,-62,-88,0,7,-3
02,3,30,36,-50,-94,0,7,-5
02,3,80,15,-51,-95,0,8,2
02,3,160,57,9,-10,-1,8,1
02,3,190,51,25,16,0,5,-2
02,3,190,62,43,34,0,8,-1
02,3,330,41,18,18,6,8,1
02,3,20,77,3,-10,0,8,0
02,3,310,21,-17,-39,0,8,-1
02,3,260,41,43,39,-1,8,5
02,3,260,82,64,21,0,7,1
02,3,210,57,50,44,1,8,1
02,3,210,26,27,21,0,8,0
02,3,30,103,-24,-44,-1,8,-3
02,3,10,51,-60,-87,0,0,0
02,3,270,21,-48,-60,0,7,-4
02,3,170,41,-11,-19,-1,8,-2
02,3,180,62,-2,-15,0,8,4
02,3,200,77,75,48,-1,8,0
02,3,220,10,64,52,-1,8,-4
02,3,170,5,7,7,0,7,-4
02,3,30,51,18,18,15,8,1
02,3,50,31,12,12,0,9,-2
02,3,60,20,16,-13,0,8,2
02,3,160,20,-26,-30,0,1,13
02,3,260,20,14,14,0,8,1
02,3,200,60,20,8,0,7,5
02,3,220,30,59,56,21,8,-3
02,3,220,30,19,16,0,8,-2
02,3,210,40,49,9,0,8,-3
02,3,220,10,25,25,0,5,-6
02,3,260,20,75,72,0,8,-8
02,3,210,40,67,47,0,4,-7
02,3,240,50,43,-5,0,0,-7
02,3,250,80,104,95,13,8,3
02,3,250,80,92,73,-1,7,-8
02,3,250,40,32,4,0,1,-2
02,3,280,20,-1,-2,0,5,1
02,3,170,20,0,-3,0,7,12
02,3,180,30,36,10,-1,8,1
02,3,210,70,87,76,9,8,0
02,3,270,50,36,0,0,1,-2
02,3,260,70,66,3,0,0,0
02,3,230,70,92,54,-1,8,-2
02,3,240,40,83,69,0,7,-10
02,3,180,30,63,53,0,7,3
02,3,200,90,109,68,0,5,4
02,3,240,110,129,71,-1,7,-1
02,3,250,70,86,50,15,2,-4
02,3,290,70,61,44,0,8,-4
02,3,200,60,61,31,0,7,-1
02,3,110,30,-55,-99,0,3,-5
02,3,220,10,-118,-126,0,1,-9
02,3,260,30,5,4,0,3,-3
02,3,210,20,-19,-19,0,0,0
02,3,240,20,14,11,0,7,2
02,3,220,30,35,19,0,7,0
02,3,180,30,1,-10,0,7,3
02,3,220,30,9,6,0,2,-2
02,3,200,40,21,3,0,7,-3
02,3,190,30,19,4,0,6,7
02,3,220,20,60,43,0,8,0
02,3,220,40,81,57,0,5,-2
02,3,240,40,113,87,0,7,2
02,3,230,40,79,70,0,1,-32
02,3,230,40,74,60,0,0,0
02,3,230,40,116,71,0,8,-2
02,3,330,50,69,35,0,8,-1
02,3,190,30,8,-1,0,0,6
02,3,220,20,46,26,0,1,-5
02,3,180,30,84,83,0,8,0
02,3,200,20,76,54,0,1,17
02,3,190,30,51,50,0,1,-2
02,3,240,20,22,22,0,0,-1
02,3,250,20,81,81,0,8,1
02,3,280,20,69,66,0,4,-10
02,3,230,10,86,75,0,8,0
02,3,220,40,77,50,0,8,3
02,3,240,80,81,52,-1,8,-9
02,3,270,30,31,22,-1,8,7
02,3,350,40,60,58,-1,8,2
02,3,250,30,49,45,0,7,-6
02,3,250,40,83,78,0,8,2
02,3,270,100,72,24,0,3,-1
02,3,280,60,29,23,3,7,-3
02,3,300,70,34,2,0,4,-7
02,3,270,30,9,9,1,6,-4
02,3,990,10,-10,-13,0,8,-4
02,3,260,20,0,0,11,8,1
02,3,330,40,-14,-32,0,1,-22
02,3,110,10,-95,-99,0,5,20
02,3,990,10,-119,-125,0,1,-2
02,3,340,10,-101,-106,0,0,-6
02,3,200,40,-2,-2,-1,8,2
02,3,220,60,29,29,-1,8,5
02,3,280,110,49,7,0,8,-43
02,3,990,10,16,15,2,8,-2
02,3,220,40,72,71,0,8,4
02,3,260,20,75,75,0,8,-6
02,3,240,40,51,33,0,8,0
02,3,280,70,30,8,0,7,1
02,3,290,80,14,10,6,2,7
02,3,990,10,5,4,0,4,-11
02,3,990,10,-45,-45,0,2,8
02,3,220,50,55,34,0,8,1
02,3,200,50,46,33,0,8,1
02,3,220,40,50,43,0,6,4
02,3,210,40,89,71,0,8,2
02,3,220,40,75,69,8,8,-4
02,3,260,40,54,35,0,1,-3
02,3,210,30,68,57,0,7,2
02,3,230,50,68,43,0,6,-6
02,3,220,20,71,30,0,7,-11
02,3,210,60,94,84,-1,7,-7
02,3,260,70,90,59,0,7,-5
02,3,260,80,62,7,-1,7,-5
02,3,200,50,57,22,0,4,1
02,3,240,30,15,0,0,0,-10
02,3,200,40,33,10,0,4,-3
02,3,240,60,65,39,0,6,-4
02,3,250,20,5,1,0,0,-6
02,3,250,30,74,69,0,8,2
02,3,270,60,46,36,43,8,3
02,3,300,30,21,-2,0,7,0
02,3,180,70,27,0,-1,8,-15
02,3,250,30,58,49,1,8,0
02,3,320,40,16,-1,0,1,-15
02,3,180,10,-42,-46,0,6,-2
02,3,240,20,40,35,0,7,-3
02,3,160,10,-18,-19,0,1,-17
02,3,210,50,83,78,11,8,3
02,3,20,60,44,42,30,8,0
02,3,210,20,5,-6,0,0,-2
02,3,180,40,1,-12,0,0,-2
02,3,210,70,135,71,0,7,-7
02,3,200,50,44,27,0,7,-5
02,3,320,20,-13,-13,0,9,-5
02,3,230,20,4,4,0,9,-2
02,3,100,20,3,3,-1,8,0
02,3,240,30,59,43,0,7,-2
02,3,210,80,90,72,2,8,-3
02,3,210,80,104,93,7,8,3
02,3,200,60,103,75,0,7,1
02,3,180,80,103,87,1,8,1
02,3,300,30,22,17,0,8,10
02,3,0,0,-40,-43,0,5,3
02,3,200,60,73,44,1,8,7
02,3,200,70,116,92,0,7,-10
02,3,20,80,55,44,0,8,0
02,3,20,30,18,18,0,6,-11
02,3,990,10,-2,-3,0,0,6
02,3,990,10,-8,-9,0,1,-8
02,3,340,40,38,18,0,5,1
02,3,10,30,19,0,0,8,4
02,3,990,10,49,20,0,8,-1
02,3,310,30,20,17,0,1,-8
02,3,240,40,44,34,0,8,3
02,3,260,30,40,36,0,7,1
02,3,300,60,37,23,2,8,-11
02,3,990,10,-10,-10,0,7,1
02,3,230,30,-23,-49,0,5,1
02,3,240,20,4,3,12,8,3
02,3,150,60,6,-25,0,7,0
02,3,120,30,28,3,-1,8,1
02,3,220,70,93,72,0,,-1
02,3,200,70,107,56,0,,-14
02,3,170,50,80,44,0,,-2
02,3,260,90,67,41,4,,-2
02,3,200,80,106,91,2,,3
02,3,210,60,81,56,0,,-11
02,3,240,20,41,31,0,,-9
02,3,250,60,94,87,0,,2
02,3,240,80,119,97,1,,-5
02,3,260,80,59,43,26,,11
02,3,220,80,97,82,4,,-4
02,3,250,70,122,103,0,,1
02,3,250,30,88,71,1,,0
02,3,40,50,26,12,0,,-1
02,3,20,30,-29,-45,0,,-2
02,3,20,40,-26,-43,0,,2
02,3,990,10,-49,-60,0,,1
02,3,230,30,37,14,0,,-4
02,3,220,60,49,11,0,,2
02,3,250,110,93,80,31,,2
02,3,340,90,13,-7,0,,6
02,3,210,100,35,14,6,,6
02,3,260,60,60,6,2,,-3
02,3,280,80,34,14,1,,-14
02,3,290,10,59,55,5,,2
02,3,210,70,104,94,15,,1
02,3,230,50,52,32,-1,,4
02,3,220,70,46,15,0,,-3
02,3,200,30,-48,-66,0,,0
02,3,220,40,13,10,0,,1
02,3,230,50,39,23,0,,3
02,3,230,30,7,1,2,,-4
02,3,290,40,11,-1,0,,3
02,3,340,20,-20,-30,0,,-1
02,3,210,40,22,9,-1,,-1
02,3,210,40,53,53,0,,1
02,3,180,40,53,50,0,,-1
02,3,120,30,11,1,0,,-13
02,3,170,20,-2,-4,0,,2
02,3,110,10,-22,-23,-1,9,-3
02,3,40,20,-53,-60,0,0,-5
02,3,70,30,-44,-77,0,1,-9
02,3,30,50,-37,-59,0,1,8
02,3,80,50,0,-47,0,8,0
02,3,50,40,-56,-78,0,1,2
02,3,20,20,-66,-81,0,1,-16
02,3,90,50,-43,-70,0,1,3
02,3,120,40,-10,-43,0,1,-6
02,3,30,10,-46,-55,0,1,10
02,3,130,20,-18,-38,0,1,-11
02,3,130,30,-6,-29,0,0,-1
02,3,140,20,24,1,0,3,4
02,3,110,40,13,-28,0,0,-10
02,3,110,20,-14,-47,0,1,-9
02,3,150,20,43,20,0,7,-7
02,3,180,20,62,34,0,7,6
02,3,240,80,118,78,0,8,-16
02,3,250,80,120,86,0,8,-3
02,3,210,60,104,78,0,1,9
02,3,220,60,132,77,-1,8,0
02,3,250,70,142,85,0,8,-9
02,3,230,40,107,92,0,8,-1
02,3,240,60,85,51,1,8,-8
02,3,260,40,30,24,14,7,12
02,3,320,80,38,-24,0,5,-2
02,3,230,20,-6,-24,0,1,0
02,3,310,60,80,74,5,8,2
02,3,360,10,35,21,0,8,1
02,3,270,20,63,58,0,9,1
02,3,220,20,62,57,0,8,1
02,3,230,10,49,46,0,8,-5
02,3,340,10,40,32,0,8,-19
02,3,180,10,28,19,0,8,0
02,3,320,30,49,20,0,8,-3
02,3,40,50,9,-3,0,0,-4
02,3,70,60,-13,-52,0,0,-3
02,3,40,30,-24,-45,0,3,11
02,3,20,30,7,-22,0,8,2
02,3,320,40,3,-21,-1,1,-2
02,3,250,20,1,-17,0,8,-1
02,3,260,20,9,4,1,8,-7
02,3,220,30,-26,-32,0,1,-6
02,3,200,50,-25,-44,0,1,-3
02,3,990,10,-70,-79,0,1,1
02,3,280,30,-72,-81,0,7,1
02,3,310,40,41,15,0,2,7
02,3,280,40,53,49,1,8,5
02,3,310,50,58,43,0,8,0
02,3,320,10,57,52,0,8,-4
02,3,150,30,-7,-23,0,0,-5
02,3,150,30,2,-19,0,4,-3
02,3,70,10,-39,-47,0,0,-6
02,3,150,10,-45,-53,0,0,1
02,3,220,20,26,13,0,0,-15
02,3,230,60,79,51,0,7,1
02,3,260,10,70,67,21,8,1
02,3,230,50,100,97,2,8,5
02,3,280,90,54,8,0,8,-4
02,3,320,60,33,-5,0,2,-3
02,3,340,60,8,-4,-1,7,0
02,3,30,40,-19,-43,0,1,-2
02,3,10,10,-8,-41,0,8,1
02,3,200,30,-2,-30,0,8,0
02,3,270,20,9,5,0,1,8
02,3,260,30,6,-1,-1,6,-2
02,3,340,40,6,-5,0,7,0
02,3,60,60,0,-33,0,2,-2
02,3,30,40,-18,-36,-1,8,-3
02,3,30,10,-4,-10,-1,8,0
02,3,20,20,-48,-60,0,0,5
02,3,360,10,9,2,-1,7,-2
02,3,40,70,-23,-53,0,0,-6
02,3,10,20,-78,-107,0,0,-4
02,3,70,20,-32,-34,0,8,-4
02,3,320,10,-32,-35,0,9,1
02,3,160,20,-26,-28,0,7,0
02,3,10,20,32,21,0,8,0
02,3,990,10,7,-4,0,7,-15
02,3,220,10,35,34,0,9,2
02,3,260,40,54,34,0,7,1
02,3,240,60,63,55,18,8,-1
02,3,270,40,17,5,-1,8,4
02,3,310,50,22,3,-1,1,4
02,3,0,0,6,0,0,8,0
02,3,230,20,-3,-19,0,7,1
02,3,160,40,10,7,0,8,0
02,3,180,30,29,27,0,7,1
02,3,190,80,58,45,0,8,2
02,3,200,30,63,58,6,8,4
02,3,210,50,44,27,0,7,-1
02,3,210,50,50,33,0,8,-2
02,3,160,30,29,24,-1,7,-3
02,3,60,80,41,25,1,8,-3
02,3,30,50,20,9,-1,7,0
02,3,70,60,32,11,0,8,-1
02,3,30,30,-2,-38,0,8,0
02,3,70,50,-21,-58,0,1,-4
02,3,50,50,-16,-49,0,0,-1
02,3,70,60,-11,-55,0,8,1
02,3,260,20,-3,-16,0,8,4
02,3,230,40,22,14,0,8,-8
02,3,280,20,85,78,0,8,-1
02,3,230,20,67,67,0,9,0
02,3,290,20,29,22,0,0,-35
02,3,360,10,35,28,0,8,8
02,3,170,10,-15,-16,0,9,0
02,3,250,20,-3,-11,0,3,0
02,3,210,10,-34,-35,0,9,14
02,3,150,30,-26,-27,0,9,-3
02,3,280,40,41,24,1,8,-4
02,3,90,50,22,8,-1,8,-6
02,3,170,50,76,59,0,7,4
02,3,170,40,72,58,1,8,1
02,3,280,100,74,54,15,8,5
02,3,170,30,64,39,-1,8,-1
02,3,290,30,53,31,0,6,2
02,3,130,40,31,6,0,0,-2
02,3,120,50,58,3,0,0,-3
02,3,260,20,36,35,0,9,4
02,3,120,10,53,28,0,8,0
02,3,160,20,51,41,0,6,-18
02,3,170,20,64,54,0,8,-4
02,3,180,20,25,16,0,8,8
02,3,170,30,65,49,0,0,-8
02,3,160,50,91,68,0,8,2
02,3,170,50,85,64,0,8,-3
02,3,280,60,75,48,0,8,-1
02,3,260,30,49,35,2,7,0
02,3,240,50,102,69,0,7,1
02,3,240,70,69,32,-1,8,-1
02,3,300,90,17,13,30,8,-10
02,3,190,50,11,-12,0,0,1
02,3,140,40,44,6,0,7,19
02,3,180,70,39,21,0,7,7
02,3,240,60,93,64,0,4,-5
02,3,230,20,7,1,0,0,4
02,3,190,10,26,15,0,3,-18
02,3,140,20,10,-24,0,0,2
02,3,100,10,15,-30,0,0,-12
02,3,120,20,-7,-18,0,0,7
02,3,50,10,-5,-12,0,0,3
02,3,60,40,-9,-10,0,9,1
02,3,60,30,4,3,0,8,-1
02,3,70,50,39,4,0,8,-5
02,3,80,30,-30,-65,0,0,-13
02,3,120,10,-47,-81,0,0,0
02,3,340,10,-61,-72,0,0,1
02,3,40,10,-19,-23,0,8,12
02,3,0,0,4,1,0,8,-4
02,3,240,20,40,37,0,8,3
02,3,260,60,94,69,0,8,-1
02,3,250,10,78,62,0,7,-7
02,3,260,20,88,56,0,8,-2
02,3,300,30,64,55,0,8,-7
02,3,210,70,113,89,0,8,8
02,3,250,40,58,33,0,0,-3
02,3,210,30,22,13,0,1,0
02,3,300,20,68,63,0,8,4
02,3,70,60,4,-59,0,8,-4
02,3,70,60,-13,-49,-1,8,1
02,3,130,40,33,-4,0,8,0
02,3,220,10,-1,-4,0,8,0
02,3,80,20,0,-4,-1,3,1
02,3,160,20,19,17,0,2,-3
02,3,10,30,44,41,0,8,-2
02,3,250,30,5,-2,0,5,-6
02,3,190,50,17,1,-1,7,-2
02,3,160,50,81,71,0,7,2
02,3,250,30,3,-14,0,3,7
02,3,290,30,-15,-20,0,1,-5
02,3,180,10,-4,-8,0,8,6
02,3,350,40,-6,-21,0,0,-7
02,3,230,20,-26,-32,0,1,3
02,3,300,30,48,48,0,9,-1
02,3,310,60,62,59,7,8,-1
02,3,100,30,-8,-33,0,8,3
02,3,180,10,-20,-32,0,8,-4
02,3,280,40,52,46,-1,8,1
02,3,230,10,27,25,0,8,-5
02,3,270,30,59,43,0,7,1
02,3,280,40,54,38,0,8,3
02,3,10,40,42,23,0,8,-2
02,3,210,30,26,9,0,8,0
02,3,260,40,65,55,-1,8,0
02,3,270,40,66,39,0,8,-1
02,3,230,20,78,71,0,8,-1
02,3,230,30,-8,-13,0,8,0
02,3,220,40,2,-9,0,8,1
02,3,250,30,10,4,0,1,4
02,3,210,50,63,58,-1,8,4
02,3,120,40,30,18,0,8,-6
02,3,140,10,-4,-6,0,5,-3
02,3,20,20,12,8,0,8,-1
02,3,70,40,7,4,0,9,-4
02,3,80,50,-40,-62,0,8,-3
02,3,70,20,-36,-76,0,8,-1
02,3,40,50,-31,-47,1,8,3
02,3,360,20,-82,-92,0,1,2
02,3,50,60,-26,-58,0,8,-3
02,3,280,20,-36,-48,0,8,4
02,3,20,30,-37,-59,0,8,-2
02,3,170,40,-16,-30,0,6,-4
02,3,120,30,-36,-64,0,2,-5
02,3,190,20,14,11,-1,9,3
02,3,190,40,45,28,0,8,2
02,3,220,30,-2,-13,0,0,-3
02,3,230,10,-33,-37,0,4,3
02,3,170,20,20,5,0,8,5
02,3,10,60,18,11,-1,8,2
02,3,140,20,31,29,-1,8,5
02,3,180,80,85,75,11,8,-1
02,3,160,40,83,72,0,7,8
02,3,220,50,49,23,0,1,-4
02,3,130,50,73,45,-1,8,-3
02,3,240,20,-41,-55,0,8,1
02,3,210,20,12,11,0,9,2
02,3,220,50,45,40,2,8,3
02,3,220,60,64,39,0,8,8
02,3,250,100,112,66,0,8,0
02,3,250,90,108,73,0,8,-1
02,3,220,40,89,38,0,8,-6
02,3,260,30,61,25,0,8,-10
02,3,140,10,-26,-34,0,0,3
02,3,220,30,52,30,0,8,-1
02,3,260,50,101,90,-1,8,-6
02,3,110,50,52,46,5,8,0
02,3,210,20,36,30,0,4,-2
02,3,140,40,54,33,0,8,3
02,3,150,20,23,16,0,2,-2
02,3,200,40,62,46,-1,8,-9
02,3,20,20,8,5,0,0,2
02,3,80,30,9,-11,0,8,-2
02,3,110,30,16,-2,0,8,0
02,3,80,50,15,-6,-1,8,-2
02,3,90,50,-12,-55,0,8,0
02,3,80,40,-45,-80,0,0,-3
02,3,180,40,-15,-53,0,5,4
02,3,180,50,21,15,4,8,3
02,3,230,20,80,79,0,8,-3
02,3,180,50,79,75,0,8,-3
02,3,280,50,61,55,2,8,0
02,3,350,30,22,14,-1,8,0
02,3,50,40,-77,-106,0,0,3
02,3,50,60,-79,-147,0,0,-1
02,3,40,30,-110,-142,0,0,3
02,3,50,10,-138,-139,0,9,-12
02,3,160,30,-110,-121,0,8,8
02,3,130,10,-77,-104,0,8,-4
02,3,30,30,-131,-157,0,0,4
02,3,50,50,-46,-76,0,1,0
02,3,10,20,-94,-102,0,0,-17
02,3,50,10,-73,-79,0,7,-10
02,3,50,30,-114,-139,0,0,-15
02,3,0,0,-103,-113,0,8,-1
02,3,250,20,-10,-11,0,9,5
02,3,340,40,38,34,-1,8,-1
02,3,300,80,54,44,0,7,6
02,3,300,20,42,37,0,8,5
02,3,260,40,55,51,-1,8,-1
02,3,210,40,69,66,0,8,0
02,3,270,30,34,15,0,8,-9
02,3,250,20,-5,-10,0,3,-7
02,3,220,40,22,-32,0,8,-1
02,3,210,30,46,25,0,8,2
02,3,240,50,63,58,1,8,2
02,3,260,40,100,94,0,8,-3
02,3,230,10,36,36,0,9,3
02,3,270,20,47,31,0,8,-1
02,3,200,20,14,11,0,5,-11
02,3,230,30,80,75,0,8,1
02,3,240,10,92,89,-1,8,1
02,3,240,40,76,53,0,8,0
02,3,250,20,30,26,3,6,9
02,3,310,30,30,21,2,7,-9
02,3,250,40,84,75,-1,8,0
02,3,230,60,59,23,0,7,1
02,3,210,30,9,6,11,8,-1
02,3,290,20,10,0,0,5,7
02,3,260,20,3,0,5,8,0
02,3,270,10,-45,-47,0,1,-2
02,3,180,40,-5,-9,0,8,-3
02,3,110,80,-21,-72,0,7,1
02,3,60,40,-31,-67,0,0,-8
02,3,20,20,-8,-28,0,8,-3
02,3,160,40,-22,-73,0,3,-1
02,3,230,20,16,13,0,8,2
02,3,230,20,38,35,0,8,1
02,3,70,10,11,8,0,7,16
02,3,0,0,-37,-40,0,6,11
02,3,280,20,-23,-29,0,3,9
02,3,60,40,-7,-26,0,0,-3
02,3,50,30,-36,-61,0,0,-3
02,3,40,40,-40,-61,0,0,3
02,3,40,50,-45,-80,0,1,-9
02,3,20,60,-10,-26,1,8,1
02,3,30,50,7,4,0,8,0
02,3,70,40,21,13,0,8,0
02,3,50,50,7,2,0,8,0
02,3,60,40,11,-9,0,8,0
02,3,180,80,61,42,2,8,1
02,3,190,60,37,11,0,0,-3
02,3,150,20,13,7,0,0,-7
02,3,150,50,26,6,0,0,7
02,3,130,60,41,10,0,7,9
02,3,220,70,80,30,0,7,-5
02,3,190,70,92,74,4,8,3
02,3,180,80,59,31,1,8,4
02,3,220,80,65,21,0,8,-1
02,3,160,40,35,17,0,8,-2
02,3,240,40,55,37,0,8,2
02,3,210,50,39,20,0,2,-5
02,3,220,60,60,25,0,5,-3
02,3,220,40,32,14,0,0,-6
02,3,210,90,119,43,0,4,-3
02,3,230,40,64,41,0,8,-4
02,3,170,20,21,13,0,1,13
02,3,170,40,50,23,0,8,0
02,3,210,30,60,53,0,8,3
02,3,190,40,53,47,0,7,10
02,3,210,30,76,65,-1,8,0
02,3,200,60,46,17,0,6,-2
02,3,180,50,38,27,0,7,-4
02,3,130,40,40,28,0,1,-6
02,3,170,50,73,36,0,0,4
02,3,210,20,48,42,0,0,-15
02,3,190,30,23,18,0,0,-1
02,3,190,30,29,25,0,7,13
02,3,220,30,10,7,0,8,5
02,3,300,30,10,6,2,8,0
02,3,240,20,-3,-5,0,1,-5
02,3,340,10,-9,-19,0,8,-15
02,3,990,10,-51,-55,0,7,11
02,3,50,50,-23,-41,0,0,0
02,3,30,40,-33,-47,0,0,-5
02,3,340,70,50,23,0,7,-4
02,3,260,30,28,24,0,8,-3
02,3,290,20,48,45,0,8,0
02,3,90,20,49,27,0,8,1
02,3,70,10,11,7,0,8,0
02,3,200,20,8,5,0,8,-10
02,3,130,40,62,33,0,8,0
02,3,110,30,58,25,-1,8,-11
02,3,80,10,-40,-42,0,2,-1
02,3,240,10,33,33,0,8,0
02,3,190,20,-26,-26,0,8,-7
02,3,220,40,5,5,0,9,9
02,3,190,60,36,21,3,8,2
02,3,300,50,30,22,3,8,2
02,3,250,20,2,-3,-1,6,6
02,3,210,80,40,31,2,8,4
02,3,210,70,39,7,0,7,0
02,3,210,30,19,3,0,6,-1
02,3,170,30,48,48,0,9,-2
02,3,330,50,57,35,0,8,-2
02,3,190,30,-13,-22,0,0,1
02,3,260,80,119,103,0,8,-1
02,3,250,70,107,56,0,8,1
02,3,230,40,46,22,8,7,-2
02,3,230,30,27,14,0,8,-1
02,3,220,20,63,50,0,8,-4
02,3,190,60,97,71,0,8,-3
02,3,190,80,114,52,-1,8,-2
02,3,190,130,84,63,7,8,6
02,3,220,80,68,27,0,6,-6
02,3,220,60,35,24,4,8,2
02,3,220,30,27,21,0,1,-5
02,3,160,10,17,14,0,8,0
02,3,90,20,-13,-27,0,0,-11
02,3,20,40,18,12,2,8,-5
02,3,10,70,27,1,-1,8,-1
02,3,0,0,-39,-42,0,0,-6
02,3,180,10,-40,-50,0,0,2
02,3,210,30,12,-18,0,8,-7
02,3,190,10,2,-1,8,8,2
02,3,210,70,56,46,7,8,1
02,3,250,60,114,93,0,8,-2
02,3,250,60,105,94,2,8,-7
02,3,130,10,35,29,15,8,-2
02,3,240,20,3,-2,0,4,1
02,3,240,20,5,-11,0,8,-18
02,3,990,10,0,-9,0,8,-6
02,3,80,30,13,-18,0,8,-7
02,3,40,50,-8,-34,0,7,-6
02,3,30,40,-5,-15,0,0,-10
02,3,120,30,3,-8,0,8,-4
02,3,150,30,59,56,0,8,5
02,3,180,40,103,80,0,8,-3
02,3,200,30,55,41,0,0,-11
02,3,200,30,48,43,0,8,-4
02,3,10,20,15,10,0,8,-7
02,3,100,30,41,18,0,8,-3
02,3,50,30,25,21,0,8,-1
02,3,40,40,-4,-20,0,8,-1
02,3,50,30,-30,-47,0,8,-9
02,3,40,30,-9,-25,-1,8,0
02,3,80,40,8,3,0,8,1
02,3,70,60,1,-15,0,0,1
02,3,100,40,12,-37,0,0,-4
02,3,180,10,1,-12,0,0,0
02,3,220,20,51,48,0,2,-17
02,3,220,30,56,51,0,8,1
02,3,0,0,47,47,0,9,-4
02,3,200,30,17,6,0,8,7
02,3,220,40,75,70,0,8,1
02,3,270,30,97,80,0,8,-2
02,3,240,80,108,78,0,8,-3
02,3,240,70,98,89,6,8,-5
02,3,270,70,43,20,1,7,-7
02,3,200,40,14,2,0,6,4
02,3,210,50,78,31,0,8,0
02,3,200,60,100,61,0,7,-8
02,3,220,40,37,20,5,8,16
02,3,200,30,13,-5,0,0,-8
02,3,250,40,43,30,1,8,3
02,3,230,10,-4,-8,0,8,10
02,3,50,50,-4,-36,0,8,2
02,3,60,30,3,-12,0,8,-18
02,3,50,30,-37,-58,0,0,-4
02,3,10,30,-34,-69,0,8,-9
02,3,240,10,-21,-44,0,8,1
02,3,190,40,-16,-45,0,8,1
02,3,210,30,20,15,0,8,1
02,3,190,90,35,28,17,8,4
02,3,260,40,26,-6,0,8,1
02,3,170,40,-10,-29,0,0,-2
02,3,130,30,-23,-57,0,0,-3
02,3,150,60,16,7,9,8,4
02,3,220,30,18,8,0,0,-14
02,3,80,10,-23,-29,0,8,5
02,3,130,10,-38,-44,0,1,4
02,3,160,20,-11,-26,0,8,7
02,3,990,10,-24,-29,0,0,-9
02,3,20,30,-34,-52,0,1,8
02,3,30,40,-37,-61,0,0,-6
02,3,40,40,-30,-45,0,0,-7
02,3,80,60,-32,-99,0,0,0
02,3,80,60,-31,-107,0,0,-6
02,3,50,40,-51,-85,0,0,-4
02,3,60,40,-56,-95,0,0,-10
02,3,70,30,-67,-88,-1,8,-8
02,3,80,50,-7,-10,5,8,1
02,3,10,30,25,21,0,8,-2
02,3,320,30,2,-1,0,4,-9
02,3,190,40,-7,-19,0,8,6
02,3,220,40,31,26,0,8,0
02,3,190,50,28,-5,0,8,2
02,3,180,80,81,77,2,8,3
02,3,200,60,58,47,3,8,4
02,3,220,60,80,57,1,8,7
02,3,160,50,69,57,17,8,-2
02,3,270,40,43,24,0,8,-6
02,3,230,20,3,1,0,1,5
02,3,200,40,26,14,0,2,3
02,3,200,20,5,-1,0,8,-16
02,3,130,10,-5,-13,0,0,9
02,3,180,30,34,-3,0,0,-2
02,3,170,20,25,3,0,8,3
02,3,180,20,27,-6,0,0,-17
02,3,240,30,70,56,0,8,-2
02,3,200,30,44,25,0,8,-7
02,3,190,20,37,31,0,8,7
02,3,270,20,72,71,0,9,-3
02,3,110,30,59,57,0,7,-6
02,3,120,10,10,-24,0,0,-1
02,3,70,20,21,-19,0,5,-10
02,3,60,10,8,1,0,0,2
02,3,120,10,37,17,0,0,-19
02,3,230,20,49,37,0,0,-21
02,3,210,60,116,104,2,8,-2
02,3,230,40,81,47,0,8,-5
02,3,250,60,107,79,0,8,-3
02,3,280,70,57,21,0,7,2
02,3,270,10,-4,-4,0,1,-4
02,3,210,20,21,16,0,8,3
02,3,110,10,-11,-15,0,0,4
02,3,160,30,44,2,0,8,7
02,3,190,70,77,59,0,8,5
02,3,240,90,101,47,0,7,1
02,3,260,70,60,-6,0,8,2
02,3,240,50,49,1,0,8,3
02,3,170,50,28,6,0,8,7
02,3,270,50,60,51,1,8,2
02,3,190,50,71,49,0,8,5
02,3,200,100,135,86,1,8,-10
02,3,240,70,78,12,0,8,-4
02,3,240,60,66,30,-1,3,-8
02,3,300,80,50,34,12,8,5
02,3,210,60,81,61,0,8,2
02,3,240,30,45,7,0,2,3
02,3,210,70,72,35,0,8,0
02,3,230,50,91,78,6,8,-1
02,3,190,20,40,17,0,8,6
02,3,270,50,85,35,0,8,-4
02,3,250,30,3,2,37,8,3
02,3,200,30,20,10,0,8,-2
02,3,250,30,18,1,0,0,-1
02,3,200,60,105,83,0,8,4
02,3,150,21,-33,-48,0,8,2
02,3,340,5,-90,-97,0,0,2
02,3,360,5,-90,-103,0,0,-3
02,3,60,10,-89,-105,0,0,5
02,3,30,21,-57,-69,0,6,24
02,3,80,62,-51,-92,0,0,-4
02,3,80,57,-120,-147,0,0,8
02,3,80,62,-75,-102,0,0,1
02,3,120,26,-79,-101,-1,7,-2
02,3,30,10,-55,-69,0,7,0
02,3,190,21,-43,-50,0,8,3
02,3,20,21,-60,-65,0,7,-12
02,3,220,10,-45,-50,0,9,-6
02,3,140,5,-30,-35,-1,7,-15
02,3,230,41,-24,-29,0,7,3
02,3,300,31,19,13,0,6,1
02,3,90,10,-35,-40,0,2,-3
02,3,990,5,-66,-73,0,4,16
02,3,90,10,-50,-55,0,0,-6
02,3,170,10,-21,-28,0,2,11
02,3,200,26,9,5,0,9,-5
02,3,220,46,35,20,0,0,-3
02,3,210,87,73,56,-1,8,5
02,3,180,46,60,48,0,0,-3
02,3,220,21,71,62,0,8,2
02,3,70,5,65,58,0,7,-14
02,3,30,10,6,2,0,0,-4
02,3,90,26,20,-9,0,7,0
02,3,0,0,-18,-19,0,9,-1
02,3,990,10,-29,-30,0,9,-2
02,3,220,72,19,16,0,8,5
02,3,250,51,28,16,0,8,2
02,3,210,36,22,21,2,8,7
02,3,260,26,59,50,0,8,0
02,3,200,21,61,54,0,8,-1
02,3,150,21,13,12,0,0,-11
02,3,170,31,19,10,0,0,0
02,3,220,77,59,39,-1,7,-5
02,3,200,57,65,55,-1,8,-4
02,3,170,26,79,78,0,8,4
02,3,240,46,105,96,-1,8,-7
02,3,220,46,35,28,0,1,-2
02,3,200,67,82,78,3,8,10
02,3,240,62,34,-6,0,2,4
02,3,320,41,1,-6,-1,5,-4
02,3,0,0,-41,-48,0,3,-3
02,3,270,5,-46,-56,0,2,0
02,3,990,5,-6,-7,0,5,4
02,3,240,26,-8,-11,0,5,-4
02,3,220,26,0,-4,0,3,3
02,3,230,93,55,25,0,8,3
02,3,200,36,65,64,0,8,0
02,3,990,10,32,31,0,3,1
02,3,180,26,58,41,0,7,-4
02,3,150,21,64,55,0,7,2
02,3,170,26,28,27,0,0,-5
02,3,170,21,49,40,0,0,0
02,3,50,21,-34,-48,0,0,2
02,3,230,36,2,1,-1,8,3
02,3,210,10,15,15,-1,8,1
02,3,130,10,-19,-19,0,9,-1
02,3,240,36,-6,-6,-1,8,-5
02,3,220,31,19,13,0,8,1
02,3,250,10,50,50,-1,9,3
02,3,360,15,45,44,-1,8,-1
02,3,80,26,37,37,0,8,-2
02,3,100,21,30,26,0,8,0
02,3,140,26,6,-1,0,8,1
02,3,60,5,-26,-27,0,0,-4
02,3,30,15,-20,-20,0,9,-1
02,3,120,15,-11,-11,0,9,2
02,3,250,21,2,-9,0,8,-2
02,3,270,21,11,11,0,9,3
02,3,250,62,58,58,3,8,5
02,3,290,15,45,39,0,6,-6
02,3,280,77,62,48,1,2,-2
02,3,290,31,28,19,0,4,6
02,3,320,93,41,-5,-1,7,-7
02,3,10,21,5,-2,2,8,-5
02,3,30,41,-20,-28,0,0,-1
02,3,330,10,-29,-34,0,3,-6
02,3,150,15,-20,-24,0,8,-1
02,3,210,31,19,19,0,8,-2
02,3,290,10,5,5,5,8,-1
02,3,250,31,-36,-36,0,1,5
02,3,210,46,46,26,0,8,0
02,3,270,72,56,23,0,6,-11
02,3,120,31,6,-10,0,0,5
02,3,130,26,44,43,0,5,2
02,3,40,31,31,31,0,6,2
02,3,240,10,38,34,0,8,2
02,3,150,36,6,2,0,0,-2
02,3,250,15,47,46,9,8,-3
02,3,180,41,15,9,0,0,2
02,3,260,57,45,33,1,8,3
02,3,350,15,29,1,0,7,-13
02,3,60,41,7,-4,0,0,-5
02,3,70,41,4,-18,0,7,0
02,3,80,57,-75,-131,0,0,1
02,3,110,77,-24,-144,0,0,-2
02,3,120,31,12,-71,0,8,-1
02,3,40,21,-57,-91,0,0,-3
02,3,90,26,-34,-81,0,0,-7
02,3,100,21,-32,-98,0,0,-5
02,3,60,31,-53,-82,0,0,-2
02,3,0,0,-93,-102,0,0,-4
02,3,100,5,-59,-64,0,8,20
02,3,70,21,-21,-21,5,8,1
02,3,0,0,6,6,-1,8,0
02,3,360,21,1,1,0,9,0
02,3,130,26,30,27,0,6,1
02,3,180,41,71,53,0,8,16
02,3,150,31,49,49,0,6,4
02,3,210,82,89,72,0,8,2
02,3,290,21,74,74,0,8,-9
02,3,160,31,17,10,0,4,-17
02,3,220,57,73,64,-1,8,0
02,3,240,26,57,57,0,8,1
02,3,240,57,94,94,2,8,0
02,3,260,87,91,60,0,8,-4
02,3,230,77,80,77,5,8,1
02,3,350,15,12,11,0,6,3
02,3,130,15,-1,-7,0,8,7
02,3,190,41,73,69,-1,7,4
02,3,250,82,95,66,0,6,-1
02,3,180,26,62,48,0,7,6
02,3,210,62,89,60,0,7,-20
02,3,200,87,79,76,19,8,4
02,3,230,98,78,53,0,5,-7
02,3,250,82,76,57,2,8,-2
02,3,230,46,31,27,0,1,7
02,3,200,57,61,49,-1,7,4
02,3,260,93,106,80,0,3,-4
02,3,190,46,90,81,0,3,-6
02,3,220,62,19,12,0,0,1
02,3,230,93,36,30,6,8,-7
02,3,180,31,43,40,-1,8,1
02,3,160,15,38,38,12,8,-6
02,3,280,15,14,14,-1,4,-2
02,3,290,26,4,-6,0,1,-7
02,3,240,93,70,67,0,7,7
02,3,70,26,-43,-82,0,0,-10
02,3,90,5,-49,-61,0,0,7
02,3,330,31,-6,-17,0,8,-4
02,3,10,21,-19,-25,-1,8,-1
02,3,270,26,-15,-47,0,7,0
02,3,110,51,-43,-61,0,4,-4
02,3,100,26,-58,-90,0,6,4
02,3,40,41,-46,-92,0,7,-6
02,3,30,21,-55,-94,0,8,3
02,3,150,46,15,-34,0,8,-4
02,3,190,51,35,22,0,3,-3
02,3,190,51,41,32,0,7,0
02,3,320,26,3,3,2,8,1
02,3,10,82,7,-7,0,8,0
02,3,270,10,-14,-34,0,8,-2
02,3,240,51,26,26,3,8,5
02,3,270,98,63,20,0,7,1
02,3,210,62,48,44,2,8,3
02,3,210,46,25,24,0,7,-2
02,3,30,103,-20,-42,0,8,-3
02,3,20,51,-60,-84,0,0,-2
02,3,230,10,-62,-73,0,2,-15
02,3,160,31,-13,-23,-1,8,-6
02,3,180,41,-14,-28,0,2,9
02,3,190,72,67,40,-1,8,3
02,3,180,36,74,36,0,8,1
02,3,0,0,6,6,0,7,2
02,3,30,57,27,27,8,8,1
02,3,40,41,14,14,0,8,-2
02,3,60,20,17,-15,0,8,3
02,3,140,20,-21,-29,0,1,-2
02,3,240,20,9,9,0,8,1
02,3,200,50,12,0,0,7,6
02,3,220,40,58,57,15,8,-1
02,3,210,50,15,12,0,4,-1
02,3,190,50,41,3,0,6,4
02,3,340,10,45,45,0,8,-4
02,3,210,40,78,75,0,7,0
02,3,220,30,59,41,0,3,0
02,3,240,60,42,-6,0,0,-17
02,3,240,80,94,91,14,8,11
02,3,250,90,91,75,7,8,-4
02,3,230,60,25,2,0,0,-2
02,3,290,10,-10,-11,0,5,6
02,3,180,10,1,-2,0,1,1
02,3,160,40,41,10,0,8,4
02,3,200,80,84,75,7,8,0
02,3,260,60,33,4,0,1,-1
02,3,270,90,66,-1,0,0,0
02,3,230,100,91,57,0,8,0
02,3,230,50,80,69,0,7,-3
02,3,170,40,64,54,0,7,-10
02,3,190,80,108,71,0,3,4
02,3,240,140,131,75,-1,7,-2
02,3,230,120,91,62,4,5,-8
02,3,280,50,62,44,0,6,-2
02,3,190,50,63,33,0,6,3
02,3,100,40,-53,-104,0,2,-6
02,3,220,10,-113,-121,0,0,-4
02,3,250,30,2,2,0,3,-10
02,3,180,20,-34,-34,0,0,-8
02,3,210,30,4,3,0,7,0
02,3,220,30,36,15,0,7,1
02,3,170,30,-4,-12,0,5,4
02,3,230,30,-3,-4,0,1,-2
02,3,190,40,24,-9,0,7,5
02,3,180,20,19,0,0,7,7
02,3,200,20,52,49,0,8,0
02,3,220,70,78,53,0,2,-1
02,3,220,40,100,88,0,7,2
02,3,230,40,66,63,0,1,-11
02,3,200,30,68,65,0,0,2
02,3,200,60,114,71,0,8,-8
02,3,310,50,66,38,0,8,-3
02,3,190,10,8,7,0,1,-1
02,3,210,30,41,20,0,1,-1
02,3,170,30,79,78,0,8,1
02,3,180,30,78,44,0,3,-7
02,3,190,30,55,52,0,1,-13
02,3,260,20,5,5,0,0,10
02,3,250,30,79,79,0,8,1
02,3,280,10,69,69,0,7,0
02,3,200,20,85,73,0,8,-1
02,3,220,70,74,49,0,8,1
02,3,240,100,79,45,-1,8,-11
02,3,260,20,24,4,0,8,4
02,3,340,40,58,57,-1,8,-1
02,3,260,30,44,42,0,7,-1
02,3,250,50,81,79,-1,8,0
02,3,270,90,69,19,0,2,4
02,3,280,50,24,12,-1,7,-1
02,3,300,70,37,5,0,6,-8
02,3,290,50,1,1,1,7,-6
02,3,0,0,-17,-17,0,6,-7
02,3,250,40,-2,-2,-1,7,0
02,3,310,40,-33,-37,0,1,-4
02,3,0,0,-65,-67,0,4,-7
02,3,10,10,-89,-95,0,0,-2
02,3,280,10,-79,-82,0,0,-3
02,3,200,40,-3,-3,-1,8,0
02,3,220,70,23,23,-1,8,7
02,3,280,100,47,6,-1,7,-46
02,3,190,10,3,3,4,8,1
02,3,220,50,70,69,0,8,4
02,3,240,20,74,74,0,8,1
02,3,230,60,48,33,0,8,-1
02,3,280,70,22,15,5,3,5
02,3,270,80,24,16,-1,7,-9
02,3,210,30,-2,-3,0,2,0
02,3,0,0,-30,-30,0,1,-1
02,3,220,60,51,20,0,7,2
02,3,180,40,37,28,0,7,2
02,3,220,50,36,30,0,1,7
02,3,220,40,87,69,-1,8,1
02,3,210,50,74,64,4,8,-2
02,3,260,50,48,29,0,1,1
02,3,210,50,65,51,0,8,2
02,3,220,50,69,42,0,7,-8
02,3,210,40,68,22,0,7,-6
02,3,210,60,90,78,8,8,2
02,3,250,60,87,50,0,8,2
02,3,250,70,56,5,0,2,3
02,3,210,60,64,18,0,7,0
02,3,240,30,-5,-15,0,0,2
02,3,200,50,26,2,0,4,0
02,3,230,70,62,36,0,6,-6
02,3,240,30,-7,-14,0,0,-8
02,3,260,40,74,66,0,6,4
02,3,210,70,58,47,9,8,-10
02,3,280,50,17,-2,2,5,-5
02,3,200,70,27,-7,-1,8,-10
02,3,260,40,57,48,5,8,-3
02,3,310,40,7,-11,0,1,-1
02,3,160,10,-24,-30,0,3,3
02,3,280,20,29,22,0,8,-6
02,3,160,10,-18,-23,0,1,-2
02,3,200,60,78,69,5,8,3
02,3,360,80,59,47,29,8,-16
02,3,200,20,-5,-17,0,0,2
02,3,170,30,-7,-19,0,0,6
02,3,200,70,125,64,0,7,-2
02,3,190,40,45,26,0,6,-1
02,3,340,10,-19,-22,0,9,-1
02,3,230,20,0,-2,0,9,-1
02,3,110,10,3,1,-1,8,0
02,3,230,50,53,41,0,8,-1
02,3,200,70,86,70,3,7,-5
02,3,200,70,101,90,5,8,1
02,3,200,60,99,74,-1,7,-1
02,3,170,40,98,85,3,7,-1
02,3,310,30,29,19,-1,8,-3
02,3,0,0,-32,-37,0,3,-9
02,3,200,60,70,29,0,8,4
02,3,200,70,108,87,0,7,-1
02,3,20,70,50,38,0,5,3
02,3,20,30,13,10,0,5,1
02,3,110,20,22,15,0,0,-23
02,3,220,10,-3,-8,0,0,-11
02,3,330,40,31,23,0,8,1
02,3,10,30,-13,-23,0,2,21
02,3,270,10,44,18,0,8,-9
02,3,310,30,29,22,0,2,-7
02,3,230,40,38,26,0,8,4
02,3,260,30,29,24,0,5,-1
02,3,280,40,36,26,-1,7,1
02,3,0,0,0,-5,0,8,0
02,3,220,30,-38,-57,0,3,7
02,3,250,50,4,0,6,8,-1
02,3,140,50,-6,-34,0,2,4
02,3,130,20,29,-17,0,8,3
02,3,220,60,83,69,1,,3
02,3,190,60,102,60,0,,-3
02,3,160,40,62,37,0,,2
02,3,260,120,68,43,5,,-2
02,3,200,80,109,88,0,,-5
02,3,190,50,80,60,0,,-6
02,3,260,30,49,39,0,,-16
02,3,240,70,78,76,0,,7
02,3,230,90,126,95,0,,-9
02,3,220,70,75,51,0,,-18
02,3,220,100,96,81,5,,-2
02,3,240,90,119,109,1,,2
02,3,240,40,80,69,2,,0
02,3,30,60,31,17,0,,1
02,3,50,30,-20,-42,0,,-2
02,3,30,50,-10,-44,0,,1
02,3,0,0,-37,-43,0,,0
02,3,230,40,37,12,0,,-2
02,3,230,90,40,7,0,,4
02,3,230,100,84,78,33,,3
02,3,330,80,16,-8,0,,5
02,3,200,80,23,10,12,,12
02,3,260,110,59,7,0,,-21
02,3,260,60,25,18,8,,5
02,3,250,20,59,59,5,,4
02,3,210,80,103,95,13,,0
02,3,240,60,50,36,5,,2
02,3,220,80,42,16,0,,3
02,3,180,40,-56,-70,0,,1
02,3,210,50,11,9,0,,-1
02,3,220,70,31,20,0,,5
02,3,250,30,6,-8,0,,-4
02,3,290,50,23,5,0,,-3
02,3,360,10,-19,-29,0,,9
02,3,190,40,22,-1,0,,-3
02,3,200,40,50,49,0,,1
02,3,150,30,49,46,0,,2
02,3,110,30,1,-10,0,,-4
02,3,210,20,-8,-9,0,,2
02,3,990,10,-62,-68,0,,28
02,3,50,20,-73,-82,0,,2
02,3,70,30,-37,-83,0,,-5
02,3,20,40,-50,-82,0,,13
02,3,80,40,1,-56,0,,-2
02,3,50,40,-53,-77,0,,3
02,3,70,30,-50,-73,0,,-7
02,3,80,40,-32,-73,0,,-2
02,3,100,50,3,-40,0,,-6
02,3,80,10,-50,-60,0,,2
02,3,120,10,-13,-38,0,,2
02,3,140,20,-6,-32,0,,-4
02,3,130,30,7,-8,0,,5
02,3,110,20,14,-28,0,,-5
02,3,120,20,1,-38,0,,-2
02,3,130,20,34,14,0,,-9
02,3,190,20,69,33,0,,9
02,3,240,120,119,73,0,,-7
02,3,250,100,122,85,0,,-1
02,3,200,60,101,76,0,,0
02,3,210,70,136,75,0,,-2
02,3,230,90,141,77,0,,-6
02,3,220,50,111,93,0,,-5
02,3,250,70,83,52,-1,,-9
02,3,260,70,26,19,11,,4
02,3,310,20,16,-1,1,,3
02,3,220,30,-14,-24,0,,-2
02,3,300,50,80,76,11,,0
02,3,40,20,22,9,0,,2
02,3,260,10,62,57,0,,-1
02,3,240,20,60,56,0,,-2
02,3,260,20,48,44,0,,2
02,3,350,10,11,7,0,,-9
02,3,230,20,21,15,0,,-2
02,3,300,20,43,25,0,,-5
02,3,40,50,11,0,0,,-7
02,3,50,60,-18,-53,0,,2
02,3,60,40,-10,-41,0,,-2
02,3,360,40,5,-21,0,,1
02,3,310,30,-11,-28,0,,-3
02,3,230,20,-47,-54,0,,17
02,3,270,30,5,2,0,,0
02,3,210,50,-23,-26,0,,-4
02,3,190,40,-34,-41,0,,-6
02,3,220,20,-52,-49,0,,-19
02,3,320,10,-46,-50,0,,6
02,3,290,40,36,21,0,,6
02,3,280,30,48,43,-1,,3
02,3,310,40,58,41,-1,,-1
02,3,170,10,50,41,0,,-1
02,3,140,30,-10,-28,0,,2
02,3,130,30,9,-15,0,,-2
02,3,100,10,-16,-43,0,,-4
02,3,150,20,-40,-50,0,,7
02,3,210,30,34,18,0,,-7
02,3,220,80,76,47,0,,4
02,3,270,10,73,69,20,,-1
02,3,220,70,99,95,3,,2
02,3,270,80,50,9,0,,2
02,3,310,50,23,-4,0,,4
02,3,330,30,3,-10,0,,3
02,3,20,50,-21,-45,0,,5
02,3,50,30,-9,-55,0,,0
02,3,210,30,-9,-48,0,,0
02,3,270,20,11,6,0,,-9
02,3,260,30,5,-1,0,,-5
02,3,340,30,7,-4,0,,-1
02,3,50,70,2,-33,0,,-3
02,3,40,50,-21,-44,0,,-2
02,3,200,20,-5,-9,4,,-1
02,3,60,20,-46,-60,0,,-8
02,3,310,10,3,-4,0,,-1
02,3,40,80,-23,-51,0,,-6
02,3,10,20,-77,-104,0,,-13
02,3,100,30,-31,-31,0,,-1
02,3,250,20,-38,-39,0,,0
02,3,160,10,-36,-36,0,,0
02,3,50,20,20,19,0,,-6
02,3,0,0,-7,-8,0,,1
02,3,260,20,26,26,0,,-1
02,3,240,50,46,32,0,,2
02,3,220,80,57,49,3,,1
02,3,250,50,13,7,0,,0
02,3,310,60,35,5,0,,-16
02,3,0,0,5,4,0,,-1
02,3,220,20,-15,-18,0,,12
02,3,160,40,12,0,0,,0
02,3,180,30,28,22,0,,0
02,3,180,60,55,41,0,,3
02,3,190,30,62,56,5,,-1
02,3,200,50,43,28,0,,3
02,3,200,60,46,34,1,,-7
02,3,140,30,36,31,0,,0
02,3,40,70,39,28,2,,-2
02,3,20,60,12,8,4,,1
02,3,70,60,33,8,0,,-1
02,3,10,30,-1,-36,0,,-1
02,3,70,40,-16,-59,0,,1
02,3,50,60,-7,-49,0,,-3
02,3,60,70,-15,-57,0,,4
02,3,270,20,-16,-28,0,,8
02,3,220,70,18,12,-1,,-1
02,3,270,30,82,78,1,8,0
02,3,240,20,71,69,0,9,2
02,3,290,20,17,12,0,0,-21
02,3,10,10,30,26,0,8,3
02,3,230,10,-22,-23,0,4,3
02,3,250,20,-17,-20,0,6,2
02,3,230,20,-16,-17,0,9,1
02,3,160,30,-33,-34,0,9,0
02,3,240,70,40,22,-1,8,-5
02,3,80,50,29,6,0,8,-5
02,3,170,50,74,58,0,7,1
02,3,180,40,73,56,1,8,1
02,3,260,90,72,54,16,8,2
02,3,190,30,63,36,-1,8,1
02,3,300,40,62,33,0,7,-3
02,3,130,30,32,11,0,0,4
02,3,120,40,66,-1,0,0,-4
02,3,270,20,23,20,0,2,14
02,3,90,10,53,27,0,8,-6
02,3,160,30,54,45,0,1,-7
02,3,170,20,63,46,0,8,-1
02,3,170,30,33,29,0,0,7
02,3,160,40,63,52,0,2,-1
02,3,150,40,92,69,0,7,0
02,3,170,40,83,69,0,8,3
02,3,280,60,73,57,0,8,-1
02,3,260,40,52,43,-1,8,-2
02,3,230,70,99,71,0,8,0
02,3,230,100,62,30,0,7,1
02,3,270,70,4,4,24,8,3
02,3,180,50,14,-12,0,0,-4
02,3,130,50,53,0,0,6,1
02,3,180,60,47,22,0,8,2
02,3,240,80,91,62,0,6,0
02,3,230,30,3,0,0,0,-4
02,3,160,20,17,4,0,4,-5
02,3,130,30,24,-26,0,0,-1
02,3,130,30,41,-35,0,0,-9
02,3,50,10,1,-7,0,0,2
02,3,20,10,-7,-12,0,0,-6
02,3,60,30,0,-1,0,9,2
02,3,70,30,8,8,0,8,1
02,3,50,50,39,6,0,8,-2
02,3,70,30,-18,-64,0,0,2
02,3,120,20,-22,-73,0,0,-6
02,3,990,10,-55,-67,0,0,-4
02,3,60,10,-5,-9,0,8,20
02,3,140,20,8,5,0,8,-4
02,3,220,40,45,43,0,8,2
02,3,240,70,90,64,0,8,2
02,3,250,30,77,62,0,6,1
02,3,230,50,88,49,0,8,-1
02,3,320,40,69,58,-1,8,-11
02,3,190,60,108,83,0,8,6
02,3,230,50,45,26,0,0,-2
02,3,180,10,13,9,0,0,-3
02,3,340,10,72,68,0,8,-2
02,3,70,50,4,-60,0,8,-4
02,3,70,60,-9,-52,0,8,2
02,3,120,20,35,-8,0,7,1
02,3,240,10,-4,-7,0,8,-1
02,3,80,20,2,-2,-1,7,2
02,3,140,30,16,12,0,2,0
02,3,360,20,14,13,0,8,8
02,3,240,30,1,-7,0,7,-16
02,3,180,40,17,-4,-1,8,-5
02,3,170,60,83,71,-1,8,3
02,3,260,40,2,-10,0,0,2
02,3,290,20,-13,-19,0,1,1
02,3,240,10,-2,-8,0,8,-2
02,3,350,50,-1,-28,0,1,-9
02,3,240,20,-37,-42,0,0,-3
02,3,270,20,42,41,0,9,3
02,3,300,50,62,57,8,8,-1
02,3,100,30,-9,-47,0,1,2
02,3,220,10,-22,-36,0,8,-4
02,3,260,30,48,45,-1,8,2
02,3,290,20,42,38,0,8,-2
02,3,260,40,61,43,0,8,-2
02,3,280,40,51,35,0,7,3
02,3,360,40,45,22,0,8,-3
02,3,180,20,31,4,0,8,1
02,3,250,50,64,54,-1,8,1
02,3,270,40,68,39,0,8,-4
02,3,230,40,77,70,0,8,-1
02,3,230,50,0,-10,-1,8,2
02,3,210,50,-7,-16,0,8,6
02,3,250,30,11,4,0,5,-3
02,3,210,60,61,54,1,8,3
02,3,120,30,27,11,0,5,0
02,3,130,10,6,4,0,3,-9
02,3,10,30,13,3,0,8,-2
02,3,70,40,7,-2,0,8,-4
02,3,80,50,-38,-65,0,8,-1
02,3,20,10,-67,-92,0,1,-5
02,3,10,50,-38,-57,-1,8,4
02,3,20,50,-52,-73,0,8,1
02,3,50,40,-29,-69,0,8,-3
02,3,310,20,-24,-49,0,8,-3
02,3,10,40,-38,-57,-1,8,-3
02,3,160,30,-42,-54,0,1,3
02,3,120,30,-38,-69,0,0,0
02,3,170,20,16,11,0,8,2
02,3,180,40,46,24,0,6,6
02,3,220,50,0,-16,0,0,0
02,3,170,10,-17,-21,0,8,-1
02,3,150,20,20,1,0,8,-2
02,3,360,40,27,21,2,8,-4
02,3,150,30,34,31,0,8,-6
02,3,180,80,86,71,6,8,-1
02,3,150,30,83,70,0,6,9
02,3,230,80,46,16,0,0,-6
02,3,120,50,73,42,1,8,-4
02,3,230,20,-38,-53,0,8,-1
02,3,200,30,9,6,0,7,1
02,3,220,60,41,35,3,8,5
02,3,210,80,52,30,0,7,5
02,3,240,120,113,64,0,8,0
02,3,250,110,110,70,0,8,0
02,3,220,60,86,37,0,8,-3
02,3,270,30,63,29,0,8,-9
02,3,150,10,-21,-27,0,0,-1
02,3,200,30,56,33,0,8,2
02,3,250,30,105,97,-1,8,-7
02,3,100,40,52,47,11,8,2
02,3,220,40,39,32,0,2,-3
02,3,140,30,53,32,0,8,-3
02,3,140,20,28,21,0,1,4
02,3,180,40,64,44,0,7,-3
02,3,40,30,6,-2,0,0,1
02,3,60,40,10,-17,0,8,1
02,3,80,30,19,-2,0,8,0
02,3,80,40,21,-14,0,8,-5
02,3,80,40,-10,-60,0,8,1
02,3,70,30,-38,-80,0,0,-7
02,3,140,40,-24,-68,0,7,4
02,3,160,40,17,10,4,8,3
02,3,170,10,72,72,0,9,2
02,3,160,40,68,64,-1,8,0
02,3,270,40,60,52,2,8,1
02,3,320,30,16,10,1,8,3
02,3,50,50,-74,-109,0,0,-3
02,3,50,60,-81,-154,0,0,-2
02,3,50,20,-106,-153,0,0,-6
02,3,330,10,-181,-183,0,0,-4
02,3,150,30,-111,-129,0,8,2
02,3,130,20,-64,-118,0,8,-1
02,3,30,30,-139,-172,0,0,25
02,3,50,50,-53,-88,0,1,8
02,3,20,20,-113,-124,0,0,19
02,3,40,30,-88,-97,0,3,29
02,3,40,30,-114,-145,0,0,11
02,3,0,0,-109,-120,0,5,-8
02,3,230,30,-15,-17,0,7,2
02,3,330,40,35,32,7,8,1
02,3,290,50,56,43,0,8,4
02,3,300,20,36,31,0,8,2
02,3,240,40,46,43,-1,8,0
02,3,210,50,67,64,0,8,1
02,3,250,40,26,17,0,6,3
02,3,260,20,-21,-25,0,0,-11
02,3,210,60,23,-36,0,8,1
02,3,210,40,42,13,0,8,4
02,3,240,60,60,55,1,8,0
02,3,240,50,97,94,0,8,-1
02,3,250,10,50,49,0,9,1
02,3,270,30,55,32,0,8,-2
02,3,210,10,5,2,0,6,1
02,3,220,40,77,74,0,8,1
02,3,250,20,94,94,-1,9,0
02,3,230,60,74,52,0,8,5
02,3,270,30,32,28,-1,7,1
02,3,280,20,30,21,0,8,-9
02,3,240,60,77,73,3,8,3
02,3,230,70,56,19,0,8,-3
02,3,210,50,10,7,12,8,0
02,3,300,40,19,5,3,8,-3
02,3,260,30,5,2,2,8,1
02,3,290,10,-30,-32,0,8,-1
02,3,160,40,-8,-14,-1,8,-1
02,3,110,60,-21,-76,0,0,3
02,3,50,40,-27,-51,0,0,-4
02,3,40,20,-10,-23,0,8,-4
02,3,160,40,-24,-68,0,4,-3
02,3,210,10,12,9,-1,8,1
02,3,240,20,38,35,0,8,-2
02,3,60,20,35,32,0,8,1
02,3,50,10,-35,-35,0,6,-6
02,3,250,20,-26,-29,0,4,19
02,3,50,40,-7,-20,0,0,-3
02,3,40,40,-33,-51,0,0,1
02,3,40,40,-25,-50,0,7,-6
02,3,40,50,-41,-71,0,1,-11
02,3,10,50,-10,-24,2,8,-2
02,3,10,50,7,0,0,8,1
02,3,70,40,20,10,0,8,0
02,3,50,60,8,-1,0,8,-2
02,3,60,30,11,-6,0,8,-1
02,3,170,70,66,30,2,8,5
02,3,190,40,37,14,0,0,-2
02,3,130,20,-6,-11,0,0,13
02,3,150,40,28,4,0,0,2
02,3,130,50,42,12,0,0,8
02,3,210,80,78,28,0,5,-4
02,3,190,70,97,74,9,8,2
02,3,190,70,63,27,-1,8,-1
02,3,210,90,61,20,0,8,3
02,3,160,40,36,15,0,8,-1
02,3,240,50,52,37,2,7,0
02,3,210,60,36,19,0,0,-8
02,3,210,90,62,22,0,8,-1
02,3,210,60,29,10,0,0,-9
02,3,210,100,122,47,0,7,-7
02,3,230,80,62,34,0,8,1
02,3,150,30,29,15,-1,3,8
02,3,140,30,35,18,0,7,-4
02,3,220,40,60,50,1,7,2
02,3,180,30,60,47,0,7,-3
02,3,200,40,78,59,-1,8,-2
02,3,180,50,37,11,0,2,3
02,3,180,50,33,18,0,0,1
02,3,130,20,38,20,0,0,0
02,3,170,40,66,28,0,0,1
02,3,210,30,57,38,0,6,-9
02,3,170,30,26,17,0,0,-2
02,3,170,20,28,25,0,7,11
02,3,220,40,5,2,0,8,2
02,3,300,20,15,7,0,8,0
02,3,220,30,0,-3,0,8,-2
02,3,300,10,-32,-39,0,7,4
02,3,0,0,-28,-32,-1,8,8
02,3,40,60,-23,-51,0,0,-2
02,3,30,30,-38,-59,0,0,-6
02,3,340,60,46,27,-1,7,-7
02,3,260,40,30,22,0,1,1
02,3,300,20,50,47,-1,8,0
02,3,90,20,54,24,0,8,-2
02,3,360,10,-45,-46,0,9,1
02,3,160,20,-26,-31,0,8,5
02,3,120,40,63,28,0,8,-4
02,3,120,20,60,19,-1,8,-4
02,3,0,0,-41,-43,0,1,-2
02,3,240,10,31,30,0,7,0
02,3,150,10,-36,-38,0,7,-2
02,3,180,30,-5,-7,0,0,5
02,3,190,60,39,10,1,8,2
02,3,310,50,29,21,2,8,-2
02,3,220,30,-17,-20,0,0,-6
02,3,200,80,31,22,4,8,5
02,3,200,70,37,3,0,4,-1
02,3,200,40,17,3,0,1,-3
02,3,160,10,44,41,0,8,1
02,3,330,40,54,33,-1,8,-2
02,3,170,20,-13,-20,0,0,-4
02,3,260,80,123,106,0,8,-4
02,3,240,90,109,61,0,7,0
02,3,260,30,34,13,0,2,5
02,3,220,40,23,15,0,8,4
02,3,180,20,48,44,0,8,4
02,3,180,30,95,70,0,8,-4
02,3,170,60,111,46,0,7,0
02,3,190,100,78,57,3,8,3
02,3,220,110,69,27,0,8,-9
02,3,220,80,37,21,3,8,-1
02,3,220,40,22,16,0,0,-2
02,3,150,20,22,16,0,8,0
02,3,80,20,0,-24,0,0,-7
02,3,20,30,28,21,-1,8,-7
02,3,360,70,18,7,5,8,-2
02,3,0,0,-46,-48,0,1,-4
02,3,120,30,-20,-48,0,0,-5
02,3,180,20,12,-12,0,8,3
02,3,190,10,5,4,1,8,1
02,3,190,80,54,35,2,8,0
02,3,240,80,116,94,0,8,-2
02,3,230,80,97,89,1,8,-2
02,3,250,30,35,27,7,8,-3
02,3,250,20,-11,-15,0,7,11
02,3,250,20,-23,-28,0,8,6
02,3,210,10,2,-2,0,8,-3
02,3,70,30,18,-21,0,7,-8
02,3,30,40,-9,-42,0,7,-7
02,3,20,40,-6,-18,0,0,-6
02,3,140,20,0,-11,0,8,-6
02,3,150,30,54,53,0,7,-4
02,3,190,40,98,84,-1,8,0
02,3,220,50,56,43,0,3,-11
02,3,230,30,48,44,0,8,-2
02,3,330,20,9,6,0,1,-8
02,3,90,30,43,18,0,8,-2
02,3,60,40,32,31,0,8,-3
02,3,50,40,-1,-16,0,8,-1
02,3,50,40,-26,-43,0,8,-5
02,3,50,30,-10,-28,0,8,4
02,3,70,20,14,11,0,8,2
02,3,70,50,4,-13,0,0,0
02,3,80,40,14,-33,0,0,-5
02,3,120,10,16,-2,0,0,-3
02,3,180,20,44,43,0,0,-17
02,3,230,40,48,47,0,8,9
02,3,260,10,48,47,0,9,-3
02,3,190,20,18,10,0,8,-1
02,3,220,50,73,71,0,8,1
02,3,250,40,97,92,0,8,-5
02,3,230,100,105,82,0,8,-2
02,3,230,90,98,90,3,8,-4
02,3,270,50,39,25,-1,8,-1
02,3,200,30,9,4,0,1,-2
02,3,200,50,76,26,0,8,0
02,3,200,60,106,66,0,8,1
02,3,210,100,54,8,0,7,1
02,3,220,50,11,-7,0,0,-1
02,3,240,50,35,27,1,8,-3
02,3,300,10,7,3,0,8,-7
02,3,20,50,-4,-40,0,8,2
02,3,40,30,-9,-20,0,0,-3
02,3,60,30,-32,-60,0,4,-6
02,3,10,30,-33,-65,0,8,-8
02,3,220,10,-77,-85,0,2,4
02,3,170,30,-27,-50,0,8,2
02,3,230,30,17,12,0,8,2
02,3,190,80,30,22,12,8,3
02,3,230,40,14,-1,0,8,3
02,3,170,40,-9,-29,0,1,2
02,3,130,20,-18,-59,0,0,-8
02,3,150,50,14,4,13,8,3
02,3,210,30,2,-3,0,0,1
02,3,70,10,-20,-30,0,8,8
02,3,140,20,-27,-39,0,4,-10
02,3,170,20,-23,-37,0,8,12
02,3,40,10,-30,-37,0,1,5
02,3,30,40,-25,-43,0,8,6
02,3,60,40,-18,-54,0,0,-6
02,3,50,40,-26,-49,0,0,-6
02,3,70,60,-28,-103,0,0,-5
02,3,70,70,-28,-113,0,0,-4
02,3,50,50,-47,-81,0,1,-3
02,3,50,50,-56,-96,0,0,-12
02,3,70,30,-55,-82,0,8,0
02,3,70,40,-7,-9,11,8,3
02,3,20,30,16,12,-1,8,0
02,3,310,20,2,-1,0,3,2
02,3,180,40,-3,-16,0,4,-1
02,3,220,50,27,20,0,8,0
02,3,170,40,18,-11,0,8,6
02,3,190,70,78,68,-1,8,-1
02,3,200,50,59,41,1,8,2
02,3,220,80,78,49,-1,7,2
02,3,150,40,70,56,15,8,3
02,3,260,40,32,20,0,8,2
02,3,240,30,-9,-13,0,7,0
02,3,210,40,21,5,0,5,-6
02,3,170,20,3,-4,0,8,-22
02,3,130,10,14,-16,0,0,-7
02,3,170,30,18,-12,0,0,-2
02,3,160,20,21,6,0,8,-8
02,3,140,10,27,-12,0,0,0
02,3,230,40,72,51,0,8,-3
02,3,200,30,46,20,0,8,2
02,3,210,20,37,24,0,8,10
02,3,270,20,85,73,0,8,-3
02,3,120,30,64,52,0,8,-6
02,3,140,20,31,-29,0,0,1
02,3,110,10,40,-36,0,8,2
02,3,90,10,12,-9,0,1,-6
02,3,180,10,41,12,0,0,-23
02,3,220,30,32,22,0,0,3
02,3,210,90,119,99,-1,8,-6
02,3,230,60,80,50,0,8,-7
02,3,250,70,109,74,0,8,-5
02,3,260,50,52,22,0,7,1
02,3,230,10,14,12,0,7,3
02,3,210,20,20,9,0,8,-6
02,3,110,30,18,-4,0,0,-2
02,3,150,40,34,-8,0,8,3
02,3,200,60,78,61,0,8,-2
02,3,240,120,104,43,0,8,-4
02,3,240,90,52,-4,0,8,2
02,3,230,70,41,-6,0,7,-4
02,3,170,40,35,3,0,8,1
02,3,260,50,58,48,1,8,2
02,3,190,50,77,46,0,8,0
02,3,200,100,132,80,-1,8,-9
02,3,240,90,77,18,0,6,-8
02,3,240,80,68,30,0,4,-2
02,3,250,60,56,43,-1,8,-9
02,3,210,60,77,56,0,8,4
02,3,230,60,32,11,0,3,-1
02,3,210,80,68,32,0,8,-1
02,3,230,70,87,77,3,8,2
02,3,210,20,41,11,0,8,3
02,3,260,70,91,63,1,8,-4
02,3,260,50,4,2,30,8,-3
02,3,210,40,18,7,0,8,1
02,3,210,30,5,-5,0,0,-2
02,3,200,60,99,79,0,8,5
02,3,160,15,-39,-50,0,8,3
02,3,70,5,-83,-94,0,1,-7
02,3,990,5,-88,-99,0,0,-4
02,3,60,15,-85,-106,0,0,3
02,3,40,21,-26,-39,0,8,0
02,3,60,36,-55,-90,0,2,-3
02,3,60,36,-116,-143,0,3,3
02,3,70,77,-76,-103,0,2,0
02,3,110,21,-98,-114,-1,8,22
02,3,50,10,-55,-73,0,8,0
02,3,180,10,-42,-52,0,8,2
02,3,320,15,-57,-64,0,8,-12
02,3,0,0,-45,-48,-1,7,-13
02,3,270,5,-66,-70,-1,3,1
02,3,230,36,-24,-31,0,2,6
02,3,290,36,19,3,0,7,-1
02,3,0,0,-15,-29,0,8,0
02,3,990,5,-33,-37,0,7,5
02,3,100,10,-46,-50,0,0,-4
02,3,170,5,-13,-21,0,5,-8
02,3,200,15,8,4,0,9,1
02,3,220,36,31,7,0,1,3
02,3,210,82,70,47,1,8,-1
02,3,220,41,68,41,0,0,-10
02,3,250,15,70,55,0,8,6
02,3,70,5,30,24,0,0,-10
02,3,60,10,19,13,0,3,-13
02,3,100,51,4,-26,0,6,2
02,3,50,5,-20,-23,-1,8,0
02,3,230,5,-28,-31,0,9,0
02,3,220,62,11,10,0,8,10
02,3,240,31,34,16,0,7,-9
02,3,210,36,19,18,5,8,3
02,3,250,21,63,49,0,7,-1
02,3,240,10,62,42,0,6,-8
02,3,200,15,7,6,0,0,-10
02,3,180,21,13,-3,0,0,-5
02,3,220,72,59,39,-1,7,-4
02,3,220,51,57,48,3,8,3
02,3,190,21,77,73,0,8,1
02,3,240,51,106,90,2,8,-6
02,3,240,51,35,28,0,1,-4
02,3,230,72,81,75,2,8,2
02,3,260,62,37,-1,0,2,-2
02,3,320,26,4,-13,0,6,1
02,3,330,5,-49,-56,0,0,-2
02,3,260,5,-10,-61,0,7,3
02,3,300,10,6,3,0,6,6
02,3,250,15,1,-13,0,7,-6
02,3,220,31,0,-4,0,4,-10
02,3,240,77,56,26,0,8,2
02,3,190,26,61,60,0,9,0
02,3,20,15,45,38,0,4,-19
02,3,200,21,53,38,0,8,-2
02,3,190,26,67,50,0,8,0
02,3,210,21,35,31,0,0,-3
02,3,200,21,44,35,0,0,-4
02,3,70,31,-57,-64,0,0,12
02,3,190,21,-13,-13,0,8,9
02,3,200,10,15,15,-1,8,-1
02,3,220,15,-22,-22,0,9,-1
02,3,230,31,-7,-7,0,9,4
02,3,220,46,21,15,0,8,-1
02,3,260,10,51,51,-1,9,2
02,3,340,15,46,45,0,8,-1
02,3,70,51,37,37,-1,8,-1
02,3,80,31,24,24,0,8,-1
02,3,120,26,-4,-8,0,7,-1
02,3,50,15,-23,-23,0,0,-3
02,3,50,15,-24,-24,0,9,0
02,3,110,31,-21,-21,0,9,2
02,3,230,26,0,-3,0,8,-3
02,3,270,26,13,13,-1,8,2
02,3,250,57,60,60,2,8,5
02,3,290,15,37,34,0,8,3
02,3,270,62,58,12,0,1,2
02,3,280,31,30,18,0,4,5
02,3,310,77,43,-11,0,5,0
02,3,330,31,5,4,0,7,0
02,3,10,26,-17,-33,0,0,-5
02,3,100,10,-36,-39,0,0,-4
02,3,220,15,-21,-29,0,8,-1
02,3,220,31,19,16,0,8,0
02,3,260,15,10,10,8,8,-1
02,3,240,31,-30,-34,0,0,1
02,3,210,36,48,31,0,8,0
02,3,260,82,54,21,0,4,-6
02,3,100,26,-7,-8,0,1,-2
02,3,120,31,45,44,0,2,-4
02,3,50,21,45,42,0,5,2
02,3,0,0,30,27,0,8,4
02,3,140,15,11,8,0,0,-5
02,3,240,15,46,45,1,8,1
02,3,180,41,13,13,0,3,0
02,3,250,51,46,36,3,8,3
02,3,300,15,13,0,0,5,0
02,3,50,41,2,-9,0,0,-2
02,3,60,36,3,-18,0,8,-1
02,3,80,98,-77,-131,0,0,2
02,3,80,77,-39,-136,0,0,-1
02,3,130,36,6,-81,0,8,-19
02,3,70,21,-52,-94,0,0,10
02,3,80,26,-65,-94,0,0,0
02,3,80,26,-60,-95,0,0,-16
02,3,50,41,-54,-72,0,0,-7
02,3,340,5,-101,-110,0,0,1
02,3,60,15,-78,-83,0,6,18
02,3,80,21,-23,-23,1,8,2
02,3,90,21,0,0,1,8,0
02,3,350,10,-1,-1,0,8,0
02,3,110,26,25,25,0,8,-8
02,3,170,21,65,51,0,7,13
02,3,150,21,64,64,0,7,-9
02,3,210,82,86,67,0,8,2
02,3,280,21,73,70,0,7,-8
02,3,150,36,23,22,0,7,-4
02,3,210,51,65,58,2,8,1
02,3,220,26,24,24,0,4,25
02,3,230,62,91,91,2,8,2
02,3,240,62,88,61,0,8,-1
02,3,220,82,80,74,1,8,2
02,3,350,10,15,8,0,7,-7
02,3,110,5,-19,-22,0,8,17
02,3,180,36,71,67,7,8,3
02,3,250,72,91,60,0,2,1
02,3,160,21,55,42,0,7,5
02,3,210,77,92,59,0,8,-16
02,3,200,87,79,71,7,8,2
02,3,220,87,74,49,0,2,-4
02,3,270,113,87,31,-1,8,-10
02,3,220,41,28,22,0,1,7
02,3,200,67,57,43,-1,8,4
02,3,250,108,111,76,0,7,-9
02,3,200,51,97,78,0,4,-7
02,3,220,51,20,10,0,0,-2
02,3,210,103,37,27,5,8,-2
02,3,190,41,42,38,-1,8,0
02,3,0,0,35,35,7,8,-1
02,3,250,21,13,13,0,6,5
02,3,270,26,5,-11,0,1,-4
02,3,230,82,69,66,0,8,5
02,3,70,41,-77,-93,0,0,-5
02,3,80,5,-80,-93,0,0,7
02,3,330,21,-12,-25,0,7,-2
02,3,360,15,-17,-28,0,8,-2
02,3,270,31,-7,-40,-1,8,-4
02,3,90,41,-54,-62,0,0,5
02,3,90,41,-77,-104,0,4,-2
02,3,20,31,-62,-104,0,7,-3
02,3,0,0,-107,-116,0,7,7
02,3,130,62,9,-30,0,8,-1
02,3,190,51,35,23,0,5,-6
02,3,190,51,38,29,0,3,4
02,3,310,15,8,8,4,8,2
02,3,20,51,8,-8,0,8,-1
02,3,270,10,-13,-38,0,8,-1
02,3,240,46,32,32,1,8,6
02,3,260,118,64,17,-1,7,-3
02,3,210,67,44,43,3,8,4
02,3,230,26,22,18,0,8,3
02,3,40,77,-21,-43,-1,8,-5
02,3,10,36,-59,-83,0,1,5
02,3,280,21,-46,-60,0,6,-12
02,3,150,21,-24,-29,0,8,-9
02,3,170,36,-17,-33,0,8,3
02,3,200,77,69,40,0,8,1
02,3,190,46,83,34,0,7,-5
02,3,0,0,2,2,0,7,3
02,3,40,41,25,25,5,8,2
02,3,50,26,12,12,0,8,-3
02,3,70,10,9,-15,0,8,6
02,3,140,20,-22,-36,0,3,0
02,3,230,20,9,9,1,8,0
02,3,200,70,11,1,0,7,5
02,3,220,40,57,54,10,8,-3
02,3,210,40,14,11,0,8,-1
02,3,200,60,45,-1,0,6,1
02,3,290,20,37,36,0,4,-7
02,3,220,30,65,65,0,7,9
02,3,210,50,68,45,0,6,-6
02,3,250,70,44,-12,0,0,-8
02,3,230,70,89,86,13,8,13
02,3,250,100,94,78,23,8,-4
02,3,240,70,32,3,0,0,-4
02,3,290,20,2,-2,0,4,2
02,3,220,20,-2,-8,0,3,8
02,3,160,40,40,3,0,8,3
02,3,190,90,84,73,9,8,1
02,3,270,70,37,1,0,0,-2
02,3,260,90,67,-3,0,0,-3
02,3,230,110,88,54,0,8,2
02,3,240,50,79,68,0,7,1
02,3,160,30,66,49,0,6,-1
02,3,190,90,104,67,0,6,7
02,3,250,130,131,69,0,7,-7
02,3,240,90,91,64,10,8,-6
02,3,310,50,59,31,0,7,-6
02,3,190,60,65,29,0,7,-4
02,3,100,40,-59,-107,0,2,-9
02,3,180,10,-111,-118,0,0,-3
02,3,260,30,6,4,0,4,-16
02,3,210,30,-36,-36,0,0,-1
02,3,230,40,9,6,0,7,2
02,3,210,30,33,18,0,7,-1
02,3,180,30,-2,-12,0,4,4
02,3,230,30,-12,-13,0,0,-6
02,3,210,50,29,-1,0,7,2
02,3,190,30,19,-6,0,5,-3
02,3,200,30,49,43,0,7,4
02,3,220,60,76,53,0,2,0
02,3,240,40,106,86,0,7,-1
02,3,200,20,42,41,0,1,12
02,3,210,40,56,53,0,0,14
02,3,210,70,111,69,0,7,-1
02,3,300,40,67,43,0,8,-2
02,3,200,20,-3,-5,0,4,9
02,3,210,30,30,12,0,3,-13
02,3,170,20,85,80,0,8,-2
02,3,170,40,87,48,0,5,-15
02,3,220,20,56,55,0,3,-4
02,3,250,20,9,9,0,0,10
02,3,250,30,85,84,0,8,-2
02,3,290,30,75,74,0,7,-2
02,3,220,30,86,75,0,8,-2
02,3,220,70,71,47,0,8,2
02,3,240,120,82,44,-1,,-8
02,3,270,30,31,19,0,,-1
02,3,340,40,59,59,0,,-2
02,3,260,30,48,47,0,,1
02,3,240,50,79,79,0,,3
02,3,260,90,72,26,0,,0
02,3,260,40,28,14,-1,,-9
02,3,290,60,33,9,0,,-7
02,3,270,30,-1,-1,4,,-3
02,3,250,10,-33,-33,0,,11
02,3,230,40,-11,-11,0,,4
02,3,310,20,-30,-30,0,,6
02,3,0,0,-21,-36,0,,-17
02,3,990,10,-88,-90,0,,1
02,3,310,10,-81,-81,0,,-4
02,3,200,50,-6,-6,-1,,0
02,3,220,80,22,22,-1,,3
02,3,330,70,1,0,6,,8
02,3,270,20,6,4,1,,-2
02,3,220,60,71,71,0,,2
02,3,240,20,69,69,0,,4
02,3,240,60,46,35,0,,3
02,3,270,70,31,2,0,,-3
02,3,260,60,18,15,0,,-3
02,3,200,30,-6,-6,0,,-11
02,3,240,20,-29,-29,0,,6
02,3,220,80,50,27,-1,,0
02,3,190,40,37,29,0,,4
02,3,220,60,39,37,0,,1
02,3,230,60,85,71,-1,8,1
02,3,220,70,76,70,4,8,-2
02,3,260,60,53,37,0,1,-4
02,3,200,40,62,51,0,,3
02,3,230,50,66,50,0,,-3
02,3,210,20,52,16,0,,1
02,3,200,70,88,79,10,,3
02,3,250,90,92,40,0,,-4
02,3,260,80,59,3,0,,1
02,3,210,60,66,27,0,,2
02,3,240,30,-4,-22,0,,-3
02,3,190,40,18,4,0,,1
02,3,230,70,58,44,-1,,-8
02,3,250,30,-4,-8,0,,-2
02,3,250,50,71,64,0,,3
02,3,180,30,49,42,17,,-6
02,3,290,40,17,11,8,,2
02,3,180,50,28,3,1,,-13
02,3,260,40,60,50,-1,,-3
02,3,320,30,11,-9,0,,5
02,3,0,0,-40,-44,0,,0
02,3,250,30,40,33,0,,-3
02,3,120,20,-7,-9,0,,-6
02,3,200,60,73,69,3,,4
02,3,40,50,40,38,52,,-1
02,3,200,30,-13,-15,0,,-8
02,3,160,30,-3,-14,0,,3
02,3,190,80,127,70,0,,-3
02,3,200,50,44,32,0,,-3
02,3,280,10,-20,-22,0,,-3
02,3,230,30,1,0,0,,1
02,3,100,20,1,1,2,,0
02,3,230,40,48,40,0,,-2
02,3,200,80,89,72,-1,,-5
02,3,200,90,103,93,8,,-1
02,3,200,60,102,69,0,,-1
02,3,180,50,102,86,7,,-7
02,3,340,20,29,22,-1,,3
02,3,0,0,-32,-35,0,,-6
02,3,200,60,69,32,0,,3
02,3,200,70,107,87,0,,2
02,3,20,30,52,43,0,,1
02,3,20,40,16,14,0,,1
02,3,0,0,11,9,0,,-26
02,3,990,10,-6,-16,0,,-2
02,3,320,40,39,28,0,,-10
02,3,360,30,13,-5,0,,0
02,3,280,20,48,34,0,,-7
02,3,290,30,37,27,0,,-2
02,3,250,40,45,33,0,,0
02,3,270,30,32,25,0,,-4
02,3,270,30,36,27,-1,,-11
02,3,50,50,-5,-8,1,,-4
02,3,220,50,-27,-52,0,,-2
02,3,250,40,11,6,1,,-2
02,3,140,40,-12,-36,0,,1
02,3,100,20,21,-18,0,,5
02,3,220,80,84,67,-1,,-3
02,3,200,80,106,63,0,,-6
02,3,190,50,86,46,0,,-1
02,3,260,130,78,50,6,,-12
02,3,210,90,107,87,-1,,-2
02,3,190,60,79,63,0,,-1
02,3,290,30,68,51,0,,-4
02,3,230,60,74,71,-1,,6
02,3,240,80,123,98,0,,-7
02,3,230,80,72,49,0,,-15
02,3,220,110,95,83,4,,-1
02,3,250,90,124,103,0,,-1
02,3,250,40,85,66,0,,0
02,3,40,50,30,18,0,,0
02,3,40,40,-15,-40,0,,-5
02,3,20,40,-5,-41,0,,-10
02,3,320,10,-36,-46,0,,-8
02,3,230,40,34,12,0,,2
02,3,230,90,42,11,0,,1
02,3,240,90,83,76,38,,8
02,3,340,60,18,-12,0,,-2
02,3,210,100,19,9,8,,6
02,3,270,70,35,15,5,,15
02,3,260,50,10,9,9,,15
02,3,100,20,31,28,2,,1
02,3,210,100,101,100,15,,-1
02,3,250,60,49,38,3,,0
02,3,220,90,41,17,0,,1
02,3,200,30,-61,-69,0,,11
02,3,220,50,7,3,0,,2
02,3,230,60,27,18,0,,6
02,3,240,40,3,-2,2,,-12
02,3,290,50,26,-1,0,,-2
02,3,350,30,2,-15,0,,0
02,3,200,50,24,-2,0,,-5
02,3,210,40,49,48,0,,1
02,3,150,20,51,48,-1,,1
02,3,100,30,-16,-23,0,,2
02,3,210,40,-23,-27,0,,-4
02,3,990,10,-49,-54,0,,-6
02,3,50,20,-65,-74,0,,-9
02,3,60,40,-64,-92,0,,-6
02,3,30,30,-29,-44,0,,4
02,3,70,60,-2,-51,0,,-6
02,3,50,40,-54,-82,0,,-21
02,3,70,30,-78,-94,0,,10
02,3,80,40,-53,-76,0,,-5
02,3,80,50,-36,-51,0,,-12
02,3,110,20,-36,-52,0,,-3
02,3,90,30,-35,-55,0,,0
02,3,120,20,-9,-35,0,,-6
02,3,110,20,-9,-23,0,,-4
02,3,90,40,-21,-45,0,,7
02,3,90,20,-18,-51,0,,-2
02,3,100,10,33,19,0,,1
02,3,200,20,64,22,0,,3
02,3,250,110,119,72,0,,-2
02,3,250,90,120,82,0,,-1
02,3,210,60,101,76,0,,-5
02,3,220,80,132,80,0,,-4
02,3,240,80,141,79,0,,-5
02,3,240,60,111,98,0,,-5
02,3,250,100,85,43,0,,-13
02,3,260,60,24,8,10,,-3
02,3,290,60,25,-11,0,,-9
02,3,230,30,-2,-11,0,,-7
02,3,310,40,80,74,-1,,-1
02,3,30,10,5,-5,0,,8
02,3,290,20,63,58,0,,0
02,3,280,20,67,56,0,,-7
02,3,250,20,51,45,0,,0
02,3,360,10,12,8,0,,-16
02,3,260,20,18,16,0,,1
02,3,280,30,33,19,0,,1
02,3,40,40,9,-6,0,,-5
02,3,60,50,-20,-53,0,,0
02,3,60,50,-20,-46,0,,-2
02,3,360,20,3,-25,0,,0
02,3,300,30,-8,-27,0,,5
02,3,230,20,-27,-38,0,,3
02,3,260,30,8,3,0,,-3
02,3,230,40,-29,-34,0,,-3
02,3,190,30,-30,-47,0,,-2
02,3,240,10,-64,-74,0,,-29
02,3,20,20,-34,-40,0,,-22
02,3,300,30,32,20,0,,1
02,3,290,30,49,46,1,,3
02,3,300,30,56,47,0,,-1
02,3,250,10,53,50,0,,-2
02,3,140,30,4,-21,0,,-7
02,3,130,30,4,-14,0,,4
02,3,90,30,-45,-57,0,,-2
02,3,120,10,-31,-35,0,,-2
02,3,200,30,30,18,0,,-19
02,3,220,90,75,47,0,,3
02,3,190,10,59,59,17,,-2
02,3,220,70,94,94,5,,3
02,3,280,80,50,9,0,,-3
02,3,310,40,24,4,0,,0
02,3,340,30,5,-9,0,,5
02,3,20,40,-15,-39,0,,0
02,3,20,20,-10,-50,0,,0
02,3,240,30,-10,-42,0,,1
02,3,270,30,18,16,0,,-10
02,3,260,40,9,5,0,,-4
02,3,340,20,6,-3,0,,-5
02,3,50,70,0,-30,0,,-4
02,3,40,40,-20,-41,0,,-2
02,3,0,0,-2,-4,1,,1
02,3,360,10,-42,-52,0,,-11
02,3,360,20,9,4,0,,0
02,3,40,60,-27,-51,0,,-4
02,3,340,10,-82,-102,0,,0
02,3,110,40,-36,-40,0,,0
02,3,320,10,-45,-51,0,,1
02,3,190,20,-39,-44,0,,0
02,3,70,20,11,9,0,,-3
02,3,150,10,8,-7,0,,-2
02,3,170,10,12,9,0,,-1
02,3,250,40,47,38,-1,,3
02,3,230,100,56,49,2,,3
02,3,260,50,19,-2,0,,1
02,3,300,30,30,14,3,,-1
02,3,0,0,4,0,0,,-1
02,3,240,20,-8,-15,0,,-10
02,3,140,30,14,-3,0,,1
02,3,190,20,29,22,0,,-1
02,3,190,50,52,37,0,,3
02,3,200,40,63,54,3,,-2
02,3,210,60,43,30,0,,4
02,3,190,40,47,39,3,,-2
02,3,120,20,32,29,0,,0
02,3,50,60,38,21,0,,-1
02,3,30,60,16,8,1,,1
02,3,60,70,29,8,0,,-3
02,3,10,20,-1,-44,0,,-2
02,3,70,60,-27,-56,0,,3
02,3,60,60,-12,-52,0,,-5
02,3,60,50,-13,-57,0,,3
02,3,280,30,-3,-18,0,,1
02,3,230,60,19,13,1,,-1
02,3,270,20,84,82,0,,1
02,3,250,30,67,67,0,,2
02,3,300,20,31,25,0,,-5
02,3,340,10,47,43,0,,1
02,3,990,10,-21,-22,0,,0
02,3,240,30,-22,-23,0,,8
02,3,210,30,-7,-8,0,,-7
02,3,150,20,-31,-33,0,,-3
02,3,290,40,39,30,4,,-5
02,3,80,50,17,10,2,,1
02,3,170,40,72,64,0,,3
02,3,190,40,73,61,3,,3
02,3,260,80,60,48,11,,9
02,3,170,30,57,39,0,,2
02,3,280,30,47,31,0,,7
02,3,110,30,22,10,0,,-2
02,3,110,50,54,11,0,,-3
02,3,250,20,14,9,0,,17
02,3,0,0,37,30,0,,1
02,3,160,20,64,53,0,,-14
02,3,200,30,68,49,0,,-4
02,3,200,30,30,27,0,,0
02,3,160,30,69,50,0,,-10
02,3,160,40,90,69,0,,0
02,3,170,40,81,66,0,,1
02,3,260,40,75,69,1,,-6
02,3,280,40,55,42,-1,,-2
02,3,240,70,93,69,0,,2
02,3,220,80,63,38,-1,8,-6
02,3,270,60,2,0,25,8,2
02,3,190,40,13,-17,0,0,-6
02,3,140,50,41,-13,0,8,2
02,3,180,50,35,16,0,7,2
02,3,240,60,93,65,0,8,-5
02,3,230,30,0,-4,0,0,-7
02,3,180,10,13,-1,0,7,0
02,3,130,20,8,-24,0,0,5
02,3,110,20,19,-38,0,0,-2
02,3,70,20,2,-4,0,0,-2
02,3,80,20,11,2,0,0,6
02,3,80,30,9,5,0,9,3
02,3,50,30,6,4,0,8,-1
02,3,70,60,31,-6,0,8,-17
02,3,70,40,-37,-67,0,0,-7
02,3,110,20,-45,-83,0,0,-8
02,3,10,10,-59,-72,0,0,2
02,3,80,10,4,0,0,8,4
02,3,100,10,-3,-7,0,7,9
02,3,220,30,36,35,0,9,3
02,3,250,70,87,63,0,8,0
02,3,250,20,78,55,0,7,-14
02,3,230,30,79,56,0,8,0
02,3,330,40,66,52,1,8,-10
02,3,200,70,102,79,0,8,5
02,3,240,50,49,25,0,0,-3
02,3,210,30,-3,-10,0,7,1
02,3,10,10,62,54,0,8,-2
02,3,60,50,-2,-46,0,8,-8
02,3,70,70,-10,-40,-1,8,1
02,3,120,30,29,-1,0,5,0
02,3,210,10,-1,-7,0,8,-1
02,3,70,20,-5,-6,0,9,1
02,3,140,20,26,22,0,2,-10
02,3,0,0,12,9,0,8,8
02,3,250,30,-4,-12,0,4,-19
02,3,200,60,13,-7,0,6,2
02,3,150,40,60,54,0,5,20
02,3,280,30,9,-10,0,0,-5
02,3,290,20,-13,-20,0,5,0
02,3,250,20,4,-2,0,8,-4
02,3,340,30,-9,-28,0,0,-6
02,3,230,30,-45,-52,0,3,-10
02,3,280,20,42,39,0,9,0
02,3,290,40,60,54,4,8,-2
02,3,90,30,-29,-53,0,1,11
02,3,0,0,-22,-37,0,8,-2
02,3,260,30,45,41,-1,8,5
02,3,300,10,37,35,-1,7,2
02,3,250,50,61,43,0,8,-2
02,3,290,40,54,32,-1,8,0
02,3,350,30,44,16,0,8,-2
02,3,200,30,27,5,0,8,3
02,3,250,50,63,53,1,8,0
02,3,270,50,65,41,0,8,-2
02,3,240,30,79,73,0,8,-3
02,3,230,60,0,-1,0,8,0
02,3,210,40,-11,-15,0,8,6
02,3,230,40,-14,-15,0,2,16
02,3,200,40,43,42,-1,8,15
02,3,120,40,22,15,0,5,1
02,3,80,10,-13,-13,0,9,-2
02,3,10,10,9,4,0,8,-3
02,3,70,60,-7,-11,0,8,-2
02,3,60,40,-45,-66,0,8,0
02,3,340,20,-83,-94,0,1,7
02,3,30,40,-37,-54,-1,8,5
02,3,30,20,-56,-70,0,8,2
02,3,30,40,-34,-66,0,8,1
02,3,330,20,-29,-42,1,8,-1
02,3,20,20,-44,-60,-1,8,-5
02,3,170,30,-25,-33,-1,8,-11
02,3,90,20,-56,-71,0,0,9
02,3,170,20,15,11,0,8,2
02,3,170,30,32,19,0,1,15
02,3,220,50,-7,-17,0,0,-2
02,3,180,10,-29,-31,0,2,-7
02,3,130,20,16,4,0,8,-1
02,3,350,20,24,22,2,8,-2
02,3,110,20,24,23,0,8,7
02,3,180,70,84,73,11,8,0
02,3,150,30,80,71,0,6,-1
02,3,230,80,47,25,0,5,-4
02,3,130,50,74,41,-1,7,-8
02,3,200,20,-43,-53,0,8,1
02,3,210,30,9,9,0,9,2
02,3,220,60,39,37,4,8,4
02,3,210,90,51,31,0,8,3
02,3,250,120,111,62,0,8,0
02,3,250,100,111,68,0,8,-2
02,3,220,70,85,39,0,8,-2
02,3,260,40,61,25,0,8,-5
02,3,70,10,-23,-25,0,0,-9
02,3,180,30,48,20,0,8,3
02,3,250,30,102,96,1,8,-2
02,3,90,60,45,41,10,8,0
02,3,220,20,34,29,0,1,-1
02,3,130,30,53,37,0,8,0
02,3,140,20,22,21,0,1,-1
02,3,170,40,62,43,-1,8,-1
02,3,10,10,13,12,0,0,-3
02,3,80,50,2,-22,0,8,2
02,3,80,40,9,-5,0,8,0
02,3,80,60,6,-24,0,8,-3
02,3,80,50,-26,-67,0,7,2
02,3,80,40,-58,-80,0,0,-12
02,3,140,40,-26,-71,0,4,-2
02,3,160,50,9,8,4,8,2
02,3,110,10,49,49,0,9,2
02,3,180,30,64,62,-1,8,0
02,3,280,40,58,52,1,8,0
02,3,310,20,10,9,1,8,0
02,3,50,50,-79,-111,0,0,-1
02,3,50,60,-81,-154,0,0,-5
02,3,20,20,-100,-138,0,0,-4
02,3,350,10,-146,-157,0,0,-7
02,3,140,30,-102,-116,0,8,2
02,3,110,20,-68,-117,0,8,-8
02,3,50,40,-113,-146,0,0,-6
02,3,50,60,-47,-80,0,4,8
02,3,10,20,-78,-89,0,0,-7
02,3,50,30,-51,-75,0,8,-11
02,3,60,20,-109,-138,0,0,-2
02,3,340,10,-95,-106,0,7,-6
02,3,250,30,-14,-16,0,7,4
02,3,330,30,31,28,2,8,1
02,3,290,50,53,41,-1,8,-1
02,3,300,10,31,22,0,4,-7
02,3,250,40,48,44,2,8,2
02,3,210,40,66,63,0,8,0
02,3,250,40,22,11,0,2,2
02,3,260,20,-24,-28,0,0,-6
02,3,220,60,21,-32,0,8,2
02,3,220,50,43,17,0,8,0
02,3,240,70,59,54,1,8,4
02,3,250,50,102,93,0,8,-2
02,3,260,10,47,46,0,9,-4
02,3,280,20,55,30,-1,7,-1
02,3,210,30,19,15,0,2,-4
02,3,230,50,76,70,0,8,1
02,3,260,30,94,91,0,8,0
02,3,220,50,64,46,0,8,0
02,3,270,30,31,25,5,7,0
02,3,290,20,28,16,0,8,-5
02,3,240,50,75,72,3,8,4
02,3,230,80,56,20,0,8,-4
02,3,140,40,1,1,28,8,0
02,3,290,30,17,5,-1,7,-2
02,3,280,20,4,1,5,8,2
02,3,340,10,-21,-23,0,3,-6
02,3,180,40,-8,-13,-1,8,2
02,3,100,70,-26,-82,0,0,-2
02,3,40,40,-31,-54,0,0,0
02,3,40,20,-7,-21,-1,8,-2
02,3,160,30,-27,-65,0,0,2
02,3,200,30,7,7,0,9,0
02,3,240,20,30,27,0,8,1
02,3,60,30,30,27,0,8,-7
02,3,70,10,-21,-22,0,0,-12
02,3,250,20,-4,-13,0,7,11
02,3,40,40,-9,-25,0,0,5
02,3,40,30,-31,-50,0,1,0
02,3,40,40,-29,-49,0,0,-2
02,3,30,40,-43,-71,0,0,-2
02,3,10,50,-10,-17,1,8,0
02,3,20,30,8,5,0,8,0
02,3,60,30,18,15,0,8,1
02,3,60,60,6,3,0,8,-2
02,3,60,30,9,-5,0,8,-1
02,3,160,70,60,24,2,8,0
02,3,200,50,38,16,0,0,-1
02,3,150,20,5,0,0,0,-22
02,3,140,40,28,6,0,2,2
02,3,120,60,41,15,0,7,5
02,3,220,80,77,33,0,6,0
02,3,180,60,92,70,11,8,4
02,3,180,60,59,24,0,8,2
02,3,200,80,57,24,-1,8,4
02,3,140,20,26,10,0,7,14
02,3,230,60,45,32,0,5,6
02,3,210,60,38,22,0,2,-7
02,3,210,80,62,27,0,8,-2
02,3,220,60,26,11,0,1,-8
02,3,220,140,121,49,0,5,-8
02,3,220,80,62,37,0,8,0
02,3,170,20,25,15,0,4,4
02,3,140,20,36,18,0,8,1
02,3,220,50,60,51,-1,8,-1
02,3,190,30,65,49,0,7,-5
02,3,200,40,77,61,0,8,0
02,3,190,60,41,12,0,0,4
02,3,190,40,27,14,0,0,1
02,3,130,30,36,16,0,0,-2
02,3,170,30,61,27,0,0,5
02,3,220,20,56,45,0,8,-11
02,3,170,30,22,15,0,0,2
02,3,190,30,22,18,0,0,9
02,3,230,50,2,1,0,9,3
02,3,290,30,7,3,11,7,-4
02,3,230,40,4,1,0,8,1
02,3,300,10,-12,-21,0,8,-3
02,3,340,20,-14,-20,1,8,0
02,3,50,60,-21,-44,0,0,-1
02,3,20,30,-25,-49,0,0,-7
02,3,340,40,41,12,0,3,-2
02,3,260,30,43,31,0,8,2
02,3,310,20,53,48,0,8,-1
02,3,70,20,44,28,0,8,4
02,3,50,10,-34,-35,0,1,7
02,3,150,20,-9,-12,0,0,-1
02,3,120,40,45,15,0,8,-3
02,3,70,20,28,18,0,7,-15
02,3,80,10,-45,-45,0,4,-10
02,3,230,10,17,17,0,9,6
02,3,220,20,-27,-27,0,9,-3
02,3,190,20,-3,-5,0,5,4
02,3,190,60,42,11,1,8,-3
02,3,300,40,30,23,2,8,-2
02,3,240,30,-24,-26,0,0,-6
02,3,200,100,30,18,2,8,4
02,3,200,70,32,2,0,2,1
02,3,220,30,7,-5,0,2,2
02,3,190,30,37,37,0,9,-2
02,3,340,30,54,40,-1,8,-2
02,3,200,20,-15,-17,0,0,4
02,3,260,80,120,102,-1,8,-2
02,3,250,90,107,57,0,7,0
02,3,240,60,38,12,3,5,-1
02,3,230,40,20,10,0,8,10
02,3,220,30,47,40,0,8,6
02,3,180,40,96,69,0,8,-2
02,3,180,70,112,44,0,8,-3
02,3,200,120,85,48,-1,8,-2
02,3,220,110,66,25,0,6,2
02,3,210,60,31,21,8,8,4
02,3,230,50,26,17,0,6,-5
02,3,180,20,29,20,0,8,-2
02,3,70,20,-15,-31,0,0,-10
02,3,10,30,19,12,1,8,-4
02,3,350,50,15,3,5,8,-1
02,3,330,10,-44,-48,0,0,-4
02,3,120,30,-29,-50,0,0,-9
02,3,200,30,9,-14,0,8,1
02,3,200,20,6,2,3,8,0
02,3,200,100,56,28,-1,8,-1
02,3,250,80,113,94,0,8,4
02,3,250,80,100,93,5,8,-3
02,3,230,40,32,22,-1,8,1
02,3,230,20,-4,-9,0,8,-5
02,3,270,20,-13,-16,0,4,-7
02,3,250,20,-4,-9,0,8,3
02,3,70,20,-4,-22,0,8,1
02,3,30,30,-11,-39,0,7,0
02,3,20,30,4,-8,0,0,-3
02,3,120,30,5,-10,0,8,-4
02,3,150,30,57,47,0,2,-4
02,3,170,30,90,63,0,8,3
02,3,230,60,66,51,1,8,-16
02,3,240,40,51,45,0,8,-2
02,3,350,20,10,6,0,8,1
02,3,90,40,32,18,0,8,-1
02,3,60,40,18,13,-1,8,-2
02,3,50,40,-6,-27,0,8,-2
02,3,50,30,-32,-51,0,8,6
02,3,40,30,-10,-32,0,8,5
02,3,70,50,9,2,0,8,0
02,3,80,60,-7,-20,0,0,-2
02,3,70,50,-4,-37,0,0,2
02,3,100,10,-8,-22,0,0,2
02,3,190,20,48,41,0,0,-2
02,3,240,40,44,41,0,8,12
02,3,310,10,52,49,0,7,-2
02,3,210,40,22,8,0,8,-4
02,3,230,50,74,64,0,8,-1
02,3,270,30,94,79,0,7,-3
02,3,240,90,106,83,0,8,-1
02,3,240,70,96,90,21,8,0
02,3,290,50,39,20,6,8,-1
02,3,220,30,-5,-11,0,8,7
02,3,210,60,73,26,0,8,1
02,3,190,60,106,69,0,8,1
02,3,210,80,49,8,0,6,3
02,3,210,50,11,-5,0,0,-5
02,3,240,60,33,26,7,8,4
02,3,250,20,10,6,0,8,-4
02,3,40,60,-3,-47,0,8,1
02,3,40,30,-5,-13,0,2,-6
02,3,60,30,-47,-70,0,0,8
02,3,360,20,-38,-66,0,8,-6
02,3,230,10,-68,-74,0,0,-2
02,3,190,30,-22,-48,0,8,-4
02,3,210,30,15,10,0,8,1
02,3,190,80,29,17,3,8,3
02,3,240,40,-1,-9,0,3,7
02,3,190,40,-6,-29,0,3,1
02,3,120,30,-21,-55,0,0,-3
02,3,140,60,8,-1,8,8,-2
02,3,220,40,-19,-26,0,0,3
02,3,70,20,-15,-22,0,8,0
02,3,100,10,-36,-40,0,0,5
02,3,200,10,-14,-32,0,8,9
02,3,360,10,-33,-39,0,1,0
02,3,30,20,-19,-41,0,8,-7
02,3,40,40,-22,-56,0,0,-3
02,3,50,30,-24,-42,0,1,0
02,3,70,60,-45,-97,0,0,-4
02,3,70,80,-36,-107,0,0,-4
02,3,50,50,-47,-84,0,0,-6
02,3,40,30,-64,-97,0,0,-5
02,3,70,30,-75,-92,-1,8,-10
02,3,80,60,-9,-15,7,8,1
02,3,10,20,11,9,0,8,0
02,3,300,20,3,1,0,8,3
02,3,190,40,-10,-20,0,0,-2
02,3,220,60,27,22,0,8,1
02,3,190,50,32,-9,0,8,-4
02,3,180,60,71,65,-1,8,3
02,3,190,50,53,33,0,8,3
02,3,220,80,81,56,0,7,0
02,3,160,50,71,61,10,8,-5
02,3,250,50,40,28,0,7,1
02,3,240,30,-17,-20,0,5,9
02,3,220,40,18,7,0,8,-6
02,3,190,10,12,8,0,8,-14
02,3,80,10,12,-18,0,0,-23
02,3,160,10,37,2,0,0,-1
02,3,150,10,9,3,0,8,-9
02,3,160,10,17,-11,0,0,23
02,3,230,40,64,55,-1,8,3
02,3,210,20,28,17,0,8,3
02,3,210,30,32,24,0,8,-3
02,3,280,10,84,81,0,8,-3
02,3,100,20,41,38,0,8,-3
02,3,120,20,17,-29,0,0,-5
02,3,90,20,32,-24,0,8,8
02,3,50,10,21,-10,0,8,-13
02,3,100,10,18,3,0,0,-7
02,3,230,30,27,16,0,0,1
02,3,210,70,114,100,-1,8,2
02,3,240,70,83,50,0,8,-5
02,3,250,70,106,75,0,8,0
02,3,270,40,56,22,0,8,1
02,3,320,10,34,31,0,8,5
02,3,220,20,21,17,0,8,-9
02,3,100,20,-5,-11,0,0,3
02,3,150,30,28,-11,0,8,6
02,3,200,60,76,61,0,8,2
02,3,250,110,107,45,0,8,-6
02,3,260,100,58,-6,-1,8,-3
02,3,240,70,42,2,4,8,-1
02,3,170,30,25,2,0,8,0
02,3,250,50,58,49,-1,8,2
02,3,200,50,74,46,0,8,2
02,3,200,100,128,80,-1,8,-1
02,3,240,100,76,18,0,2,-5
02,3,250,80,67,37,-1,7,-1
02,3,250,70,50,32,20,8,-10
02,3,210,70,75,59,-1,8,1
02,3,230,50,22,1,0,0,4
02,3,220,100,70,32,0,8,-3
02,3,230,70,87,74,5,8,-4
02,3,230,30,27,8,0,8,3
02,3,280,50,89,53,0,8,-7
02,3,260,50,8,3,10,8,-4
02,3,220,40,14,8,0,8,3
02,3,220,30,-5,-14,-1,0,1
02,3,200,70,93,79,0,8,5
