02,6,130,26,-39,-57,0,8,0
02,6,100,5,-82,-89,0,0,2
02,6,0,0,-85,-98,0,0,5
02,6,990,5,-70,-82,0,6,10
02,6,50,21,-47,-61,0,8,10
02,6,60,62,-78,-102,-1,3,-3
02,6,50,41,-117,-140,0,3,7
02,6,80,72,-54,-83,-1,8,-2
02,6,90,41,-84,-109,0,7,-11
02,6,200,31,-50,-74,-1,6,0
02,6,200,46,-33,-47,-1,8,2
02,6,310,21,-42,-47,0,8,11
02,6,260,15,-36,-36,-1,8,0
02,6,80,21,-30,-30,4,8,-8
02,6,210,82,-6,-20,0,8,3
02,6,270,46,15,15,2,8,-3
02,6,80,15,-45,-48,0,0,-5
02,6,80,41,-45,-48,0,3,7
02,6,190,15,-10,-26,0,7,8
02,6,210,15,4,3,0,0,-7
02,6,150,21,-3,-3,0,1,1
02,6,220,72,32,16,0,1,1
02,6,210,103,76,62,0,8,2
02,6,200,57,53,40,0,0,3
02,6,210,26,60,54,-1,8,0
02,6,80,21,8,8,0,9,-4
02,6,90,10,19,19,0,2,-9
02,6,100,31,28,10,-1,7,0
02,6,0,0,-27,-27,0,9,-1
02,6,990,10,-30,-30,0,9,-1
02,6,230,93,0,-1,0,8,8
02,6,240,62,11,8,6,8,-7
02,6,260,46,53,53,2,8,10
02,6,230,46,48,47,0,7,-1
02,6,210,31,50,46,0,8,-15
02,6,170,26,-3,-7,0,0,9
02,6,190,62,33,5,0,0,-2
02,6,240,103,54,37,0,8,-3
02,6,200,67,62,47,-1,8,-4
02,6,200,36,89,89,2,8,1
02,6,240,51,84,76,-1,8,-5
02,6,230,72,38,29,0,6,2
02,6,210,93,82,76,4,8,4
02,6,240,82,19,-3,0,1,-2
02,6,330,57,-1,-14,-1,8,0
02,6,340,10,-37,-47,0,1,-9
02,6,200,15,-35,-46,0,7,-10
02,6,260,21,0,0,0,8,0
02,6,230,26,-6,-7,0,5,-2
02,6,210,41,0,-4,0,7,0
02,6,230,108,51,26,0,8,2
02,6,200,41,53,52,-1,8,1
02,6,90,21,42,39,0,7,-4
02,6,210,46,66,39,0,7,0
02,6,170,36,39,32,0,2,-5
02,6,200,46,65,40,0,4,5
02,6,190,57,80,46,0,0,1
02,6,70,26,-45,-45,0,0,9
02,6,240,41,-18,-18,0,0,0
02,6,990,15,-8,-8,-1,9,-1
02,6,990,10,-26,-26,-1,9,1
02,6,250,31,-16,-16,0,9,-2
02,6,210,51,-9,-9,0,8,-1
02,6,200,31,32,32,2,8,2
02,6,80,21,41,41,0,8,0
02,6,70,57,8,7,0,6,1
02,6,90,21,1,1,0,8,-6
02,6,990,15,0,-6,0,8,1
02,6,150,10,-26,-26,0,0,-2
02,6,60,15,-30,-30,0,9,-1
02,6,990,10,-23,-23,0,9,-1
02,6,990,5,-17,-17,0,8,-1
02,6,230,31,-1,-1,-1,9,5
02,6,250,51,48,48,3,8,5
02,6,310,15,39,23,0,7,1
02,6,270,77,53,27,0,7,-4
02,6,290,46,26,16,0,7,-7
02,6,290,82,32,-12,-1,8,-30
02,6,310,36,2,2,-1,8,0
02,6,30,57,-29,-43,0,1,-6
02,6,190,21,-41,-41,0,2,-7
02,6,170,21,-21,-22,0,8,1
02,6,200,41,10,10,0,8,1
02,6,240,26,3,3,3,8,-2
02,6,230,51,-30,-30,0,6,2
02,6,200,41,37,9,0,8,0
02,6,260,41,43,1,0,3,-5
02,6,90,41,14,-6,0,7,5
02,6,80,31,64,55,2,8,-5
02,6,60,31,49,40,0,8,-2
02,6,250,31,50,50,-1,8,1
02,6,170,31,10,-3,0,1,-3
02,6,250,26,36,31,-1,8,3
02,6,200,72,24,5,0,8,4
02,6,260,62,41,26,-1,8,2
02,6,60,21,21,-21,0,8,1
02,6,60,41,7,1,-1,8,-11
02,6,50,62,-2,-27,0,7,-3
02,6,80,108,-71,-128,0,0,1
02,6,110,62,-33,-138,0,3,1
02,6,90,31,2,-52,0,8,-12
02,6,120,10,-55,-83,0,0,-2
02,6,100,31,-30,-66,0,0,-10
02,6,100,21,-56,-95,0,0,-8
02,6,70,51,-62,-92,0,0,-3
02,6,220,5,-93,-100,0,2,-7
02,6,90,36,-28,-81,0,5,1
02,6,70,51,-10,-10,1,8,2
02,6,180,21,31,30,0,8,10
02,6,120,21,9,9,0,8,3
02,6,130,36,32,29,0,7,24
02,6,210,46,95,49,0,8,2
02,6,190,26,75,70,-1,7,3
02,6,210,87,90,71,0,8,1
02,6,330,41,66,62,0,8,-11
02,6,180,31,13,-3,0,3,4
02,6,210,57,56,53,6,8,0
02,6,220,36,61,61,0,8,-3
02,6,240,62,91,90,1,8,0
02,6,230,87,77,56,0,7,-1
02,6,230,103,83,74,4,8,2
02,6,30,36,13,6,0,8,-5
02,6,120,21,-11,-31,0,6,-3
02,6,200,67,76,57,0,8,1
02,6,250,82,78,57,8,7,0
02,6,180,46,74,41,0,7,5
02,6,240,67,62,54,5,7,4
02,6,200,82,85,76,9,8,6
02,6,230,82,64,46,-1,6,6
02,6,230,87,55,37,0,5,-2
02,6,230,72,41,23,0,7,-3
02,6,210,93,64,30,0,8,-4
02,6,240,57,92,64,0,4,-1
02,6,210,72,81,61,0,1,2
02,6,200,62,16,2,0,0,1
02,6,230,72,23,10,0,7,-5
02,6,170,51,36,16,-1,8,-7
02,6,230,72,56,50,-1,8,3
02,6,270,36,19,16,0,7,-2
02,6,230,36,-6,-20,0,1,5
02,6,230,108,75,62,0,8,-3
02,6,100,46,-47,-90,0,0,-19
02,6,990,15,-24,-32,0,7,9
02,6,320,15,-7,-7,-1,8,-3
02,6,20,31,-27,-33,-1,8,1
02,6,200,26,-41,-48,0,8,2
02,6,80,62,-61,-75,0,0,2
02,6,100,31,-37,-63,0,8,0
02,6,30,26,-42,-67,-1,8,-6
02,6,120,15,-25,-31,0,8,14
02,6,190,57,17,-26,0,8,-2
02,6,200,57,30,21,0,5,2
02,6,180,72,44,25,1,7,1
02,6,310,36,3,3,1,8,2
02,6,10,82,3,-7,0,8,-1
02,6,310,26,-18,-32,-1,8,-1
02,6,230,72,22,22,1,8,1
02,6,270,62,47,27,5,8,0
02,6,210,113,42,35,13,8,3
02,6,220,51,21,14,0,8,-1
02,6,30,87,-26,-39,2,8,-1
02,6,20,51,-66,-77,0,3,3
02,6,230,36,-69,-75,0,6,8
02,6,150,26,-57,-74,0,2,-2
02,6,180,62,-5,-26,0,5,6
02,6,200,77,59,39,-1,7,-1
02,6,190,57,69,25,0,3,7
02,6,40,21,38,38,-1,8,2
02,6,30,41,34,34,0,8,0
02,6,50,21,3,3,0,9,-4
02,6,70,20,9,-2,0,8,0
02,6,170,20,-26,-40,0,1,8
02,6,230,40,6,6,3,8,3
02,6,200,70,18,1,0,7,1
02,6,230,40,47,43,19,8,1
02,6,210,60,15,8,0,8,-2
02,6,200,60,32,-20,0,0,-3
02,6,190,10,55,55,0,8,3
02,6,230,50,80,61,0,8,-3
02,6,200,80,60,30,0,7,-2
02,6,210,60,24,3,0,0,2
02,6,250,100,106,95,-1,8,1
02,6,230,90,73,50,1,6,-4
02,6,220,70,27,13,0,3,0
02,6,290,30,11,9,0,7,1
02,6,200,30,21,9,0,7,-1
02,6,200,60,42,18,0,8,1
02,6,200,80,80,70,11,8,3
02,6,230,60,22,-3,0,1,-1
02,6,240,70,58,7,0,1,-4
02,6,220,90,87,50,0,7,3
02,6,200,40,63,55,0,1,10
02,6,190,60,72,47,0,7,1
02,6,200,100,108,72,-1,8,-4
02,6,230,120,102,76,12,7,5
02,6,240,90,83,36,0,4,-3
02,6,280,30,56,41,-1,8,0
02,6,200,70,61,13,0,7,-2
02,6,90,40,-73,-124,0,1,-6
02,6,200,30,-96,-107,0,0,2
02,6,240,30,2,2,-1,8,-4
02,6,190,20,-40,-50,0,0,-8
02,6,200,50,7,-7,0,8,2
02,6,200,40,35,8,0,7,0
02,6,200,60,16,-6,0,7,3
02,6,200,50,5,3,0,2,3
02,6,200,60,38,0,0,6,-2
02,6,210,50,37,-3,0,6,-14
02,6,200,50,35,22,0,4,2
02,6,210,50,62,46,0,5,5
02,6,210,40,95,77,0,7,2
02,6,200,30,58,54,0,1,-4
02,6,210,50,62,53,0,3,13
02,6,220,80,119,65,0,8,-3
02,6,290,40,52,43,-1,8,-1
02,6,180,20,1,-4,0,0,6
02,6,240,80,53,40,0,5,1
02,6,160,40,54,45,0,1,-3
02,6,210,60,83,47,0,6,5
02,6,190,30,68,65,0,6,2
02,6,230,30,32,32,0,9,-5
02,6,260,30,78,78,-1,8,1
02,6,280,10,69,69,0,8,1
02,6,210,10,85,75,0,8,6
02,6,230,80,70,55,-1,8,-2
02,6,230,120,69,48,1,8,-35
02,6,220,30,17,-13,-1,8,-7
02,6,30,20,48,47,-1,8,1
02,6,220,40,38,31,0,6,3
02,6,230,70,74,74,-1,8,2
02,6,260,100,64,12,0,8,-3
02,6,250,40,17,12,0,7,4
02,6,270,60,20,-4,-1,6,-5
02,6,260,70,-3,-3,-1,6,-2
02,6,40,20,-13,-16,-1,7,-1
02,6,220,40,-24,-28,0,5,-4
02,6,330,30,-21,-32,-1,7,-3
02,6,990,10,-77,-82,0,7,1
02,6,140,10,-99,-106,0,0,-6
02,6,300,10,-40,-44,0,1,-6
02,6,210,60,-9,-10,-1,8,1
02,6,230,90,28,24,-1,8,2
02,6,290,70,1,0,2,8,4
02,6,180,20,6,5,-1,8,0
02,6,220,70,74,72,4,8,2
02,6,270,20,66,66,6,8,1
02,6,230,60,48,30,0,8,1
02,6,280,80,7,3,4,5,4
02,6,270,50,5,5,12,9,-4
02,6,210,40,8,1,0,6,-1
02,6,190,20,-29,-30,0,1,-1
02,6,230,90,41,5,0,7,-1
02,6,200,60,32,19,0,7,8
02,6,220,60,38,27,0,2,-3
02,6,220,70,86,56,0,7,0
02,6,210,70,69,49,0,8,-2
02,6,250,50,32,18,0,1,1
02,6,210,60,55,50,-1,8,3
02,6,220,80,55,28,0,4,-4
02,6,220,60,80,27,0,4,-12
02,6,260,60,77,60,6,8,1
02,6,220,100,87,51,0,8,2
02,6,270,50,42,10,4,7,5
02,6,200,80,58,17,0,6,-9
02,6,220,30,4,-5,0,0,-1
02,6,190,50,15,-4,0,7,-1
02,6,220,60,49,30,0,5,6
02,6,210,20,-13,-17,0,0,5
02,6,240,60,77,73,7,8,-1
02,6,280,80,40,-1,0,5,-4
02,6,240,30,11,-3,0,6,-2
02,6,190,60,3,2,10,8,8
02,6,250,40,42,39,3,7,0
02,6,290,20,1,-7,0,7,6
02,6,190,30,-3,-5,0,3,-4
02,6,200,20,26,20,0,7,-1
02,6,990,10,30,22,0,7,7
02,6,210,70,74,69,5,8,5
02,6,350,50,46,42,30,8,-5
02,6,190,30,-3,-16,0,2,2
02,6,200,40,3,-11,0,1,14
02,6,210,90,115,58,0,7,-4
02,6,190,60,42,24,0,4,2
02,6,990,10,-15,-16,0,7,-2
02,6,210,30,2,-8,0,8,0
02,6,200,40,17,17,15,8,6
02,6,230,60,49,40,-1,8,-2
02,6,220,110,85,67,8,8,0
02,6,200,90,100,73,0,8,3
02,6,190,60,86,75,6,8,-2
02,6,200,110,105,52,0,7,-5
02,6,360,20,29,17,0,8,2
02,6,110,20,-13,-25,0,3,2
02,6,200,80,76,38,0,8,3
02,6,200,50,95,77,0,8,6
02,6,30,80,52,40,0,8,0
02,6,50,40,29,29,0,8,0
02,6,0,0,12,6,0,1,-11
02,6,220,20,9,-2,0,1,1
02,6,340,60,29,20,-1,8,-1
02,6,30,30,4,-5,0,7,-4
02,6,240,30,25,6,0,5,-6
02,6,320,40,32,29,0,7,0
02,6,230,60,31,23,0,8,3
02,6,260,30,37,36,0,7,4
02,6,290,40,25,8,-1,7,-5
02,6,300,10,1,-6,-1,8,-1
02,6,200,40,-45,-57,0,7,-1
02,6,210,40,-17,-27,0,6,7
02,6,160,40,-7,-47,0,3,-4
02,6,150,40,30,-21,0,7,3
02,6,220,70,86,70,-1,8,-2
02,6,190,60,102,40,0,3,6
02,6,170,50,84,9,0,1,-4
02,6,210,80,65,19,0,1,1
02,6,200,100,115,95,4,8,2
02,6,230,70,64,38,1,4,1
02,6,240,30,43,37,0,3,1
02,6,220,70,75,71,-1,8,5
02,6,220,90,115,86,0,8,-3
02,6,240,100,66,45,5,8,-2
02,6,220,100,91,74,5,8,5
02,6,240,90,112,101,8,8,5
02,6,220,40,74,68,11,8,0
02,6,40,60,35,10,0,7,-12
02,6,40,30,-27,-43,0,0,-9
02,6,30,40,-19,-44,0,0,0
02,6,200,40,-9,-39,0,1,4
02,6,220,50,28,2,0,8,2
02,6,230,110,47,21,-1,8,-1
02,6,230,110,78,68,16,8,1
02,6,340,60,8,-25,0,2,-4
02,6,210,120,36,7,-1,8,1
02,6,260,100,45,-6,1,6,4
02,6,300,80,13,0,-1,7,1
02,6,230,60,78,72,13,8,1
02,6,210,110,98,84,8,8,2
02,6,240,90,50,8,0,4,-2
02,6,220,90,46,9,0,7,1
02,6,190,40,-64,-85,0,7,3
02,6,200,60,12,7,0,8,1
02,6,250,90,19,6,49,8,15
02,6,250,40,2,-11,-1,8,-1
02,6,280,40,10,4,1,8,-1
02,6,350,10,-1,-24,0,8,-3
02,6,200,60,10,0,-1,8,-1
02,6,200,50,38,35,-1,8,0
02,6,180,30,47,36,0,8,6
02,6,80,20,8,1,0,8,-2
02,6,140,10,-31,-38,0,0,-1
02,6,70,20,-39,-46,0,0,-3
02,6,80,40,-51,-67,0,0,-5
02,6,70,30,-56,-86,0,0,6
02,6,40,40,-51,-71,0,0,2
02,6,40,40,-12,-64,0,8,-3
02,6,40,30,-61,-79,0,0,1
02,6,60,30,-62,-85,0,0,-4
02,6,70,50,-47,-82,0,0,1
02,6,100,20,-23,-50,0,0,-8
02,6,140,20,-16,-47,0,0,3
02,6,190,10,-25,-40,0,0,10
02,6,170,50,23,-20,0,0,6
02,6,170,30,30,-7,0,0,2
02,6,100,30,-11,-37,0,0,4
02,6,130,20,11,-53,0,0,6
02,6,130,30,46,-1,0,8,0
02,6,190,40,72,34,0,7,-1
02,6,220,140,100,61,0,8,-8
02,6,230,70,110,79,0,8,-5
02,6,210,70,95,71,0,0,3
02,6,220,80,121,69,0,5,-3
02,6,220,70,125,75,0,8,-1
02,6,200,40,99,80,0,7,6
02,6,250,80,66,46,12,7,3
02,6,250,120,31,9,2,8,9
02,6,260,30,15,-1,-1,8,-4
02,6,200,30,-19,-35,0,7,3
02,6,310,40,72,71,1,8,1
02,6,150,10,10,4,0,7,-4
02,6,230,30,53,47,0,8,0
02,6,220,20,54,48,0,8,-4
02,6,240,20,50,42,-1,8,0
02,6,180,10,14,14,-1,9,-3
02,6,250,10,22,15,0,8,0
02,6,310,30,35,15,0,8,3
02,6,30,50,-1,-9,0,0,4
02,6,40,60,-25,-57,0,4,-1
02,6,50,60,-10,-43,0,3,2
02,6,360,30,-1,-22,0,8,-2
02,6,330,30,-17,-36,0,3,6
02,6,200,40,-21,-30,0,8,3
02,6,260,30,4,2,-1,8,1
02,6,210,50,-31,-47,0,5,9
02,6,180,50,-39,-59,0,3,9
02,6,260,20,-19,-42,0,8,-12
02,6,350,20,-22,-26,0,8,1
02,6,320,40,33,13,0,5,1
02,6,260,30,43,39,1,9,3
02,6,290,40,44,37,-1,8,1
02,6,170,10,39,25,0,8,3
02,6,140,20,-24,-43,0,0,-1
02,6,120,30,-3,-25,0,2,1
02,6,90,40,-31,-48,0,0,3
02,6,190,30,-36,-50,0,0,3
02,6,200,50,28,1,0,8,-3
02,6,220,100,74,39,0,8,-1
02,6,230,60,75,66,8,8,0
02,6,220,100,101,93,2,8,3
02,6,250,80,31,15,13,8,-3
02,6,270,40,13,0,-1,8,5
02,6,350,70,2,-14,0,8,2
02,6,30,50,-22,-44,-1,6,5
02,6,340,20,-17,-52,0,8,0
02,6,200,30,-34,-77,0,8,-5
02,6,230,20,13,10,0,9,3
02,6,240,40,3,0,0,8,1
02,6,260,10,-2,-7,1,8,0
02,6,50,70,-10,-49,0,5,0
02,6,30,30,-34,-50,-1,8,5
02,6,200,50,-36,-55,-1,8,0
02,6,990,10,-53,-69,0,0,3
02,6,220,10,-5,-12,0,8,0
02,6,40,60,-45,-73,0,0,-2
02,6,10,20,-73,-96,0,0,3
02,6,110,10,-53,-61,0,9,-8
02,6,240,20,-37,-42,0,9,-1
02,6,60,20,-54,-61,0,8,3
02,6,10,10,-2,-4,0,9,2
02,6,270,10,4,2,0,9,-1
02,6,210,20,17,15,2,9,1
02,6,230,50,35,22,0,8,1
02,6,230,90,45,32,21,8,-4
02,6,250,40,16,3,2,8,-6
02,6,280,30,12,4,2,8,2
02,6,240,10,5,0,0,8,-3
02,6,200,30,-10,-23,0,6,8
02,6,180,40,2,-25,0,1,-4
02,6,200,50,33,21,0,8,0
02,6,190,80,60,41,2,8,-2
02,6,230,50,62,55,-1,8,1
02,6,190,70,46,24,-1,8,-5
02,6,170,30,31,8,0,6,2
02,6,160,40,41,21,0,0,-3
02,6,50,60,36,25,-1,8,-1
02,6,30,60,5,2,3,,1
02,6,70,60,21,2,0,8,2
02,6,30,40,-8,-33,0,8,-1
02,6,80,80,-4,-53,0,8,1
02,6,50,80,-23,-55,0,0,-1
02,6,50,40,-32,-43,-1,8,4
02,6,210,40,-25,-36,0,8,4
02,6,200,70,10,1,1,8,-2
02,6,230,20,69,68,0,9,2
02,6,220,40,70,69,0,9,3
02,6,320,20,26,22,0,0,-18
02,6,990,10,-6,-8,0,9,4
02,6,210,40,7,-4,0,1,6
02,6,210,20,12,10,0,8,1
02,6,300,10,-6,-8,0,9,-6
02,6,90,50,-27,-31,0,8,10
02,6,240,50,34,1,0,8,-2
02,6,90,30,40,34,2,8,1
02,6,170,60,84,60,1,8,-1
02,6,160,50,68,51,12,8,3
02,6,250,60,70,54,5,8,3
02,6,160,30,65,31,-1,8,-2
02,6,240,30,40,30,0,1,-6
02,6,90,40,14,-18,0,6,10
02,6,90,40,26,-21,0,0,7
02,6,260,20,38,30,0,6,-5
02,6,120,10,42,29,0,8,0
02,6,110,30,46,32,0,8,1
02,6,190,50,79,48,0,8,0
02,6,180,50,49,28,0,8,4
02,6,180,50,80,53,0,4,3
02,6,170,50,97,60,0,8,3
02,6,180,60,81,71,19,8,-5
02,6,270,40,69,51,-1,8,-1
02,6,230,40,40,27,0,8,0
02,6,220,80,96,58,0,8,-2
02,6,230,80,55,42,10,8,0
02,6,270,40,9,8,10,8,6
02,6,170,30,7,-28,0,0,-5
02,6,180,80,65,17,0,8,0
02,6,190,80,56,20,0,3,-2
02,6,240,70,78,56,2,8,-3
02,6,190,30,13,10,0,8,-7
02,6,120,20,13,-43,0,0,10
02,6,110,40,16,-52,0,0,4
02,6,130,20,25,-38,0,0,-2
02,6,80,50,28,7,0,0,3
02,6,80,20,10,3,0,0,-3
02,6,50,30,-9,-9,0,9,3
02,6,60,30,0,0,0,9,4
02,6,80,40,19,0,0,8,0
02,6,50,40,-40,-61,0,0,8
02,6,170,10,-42,-84,0,0,-9
02,6,210,10,-24,-67,0,0,-4
02,6,60,50,-12,-12,0,9,-4
02,6,200,50,35,-15,0,8,6
02,6,230,40,57,54,1,8,3
02,6,230,90,84,62,0,8,-1
02,6,220,40,75,69,0,8,-9
02,6,200,20,79,57,0,8,0
02,6,290,30,62,55,0,3,-9
02,6,210,110,118,68,0,8,1
02,6,240,50,47,36,0,8,-1
02,6,190,30,44,29,0,6,1
02,6,320,20,69,69,0,9,0
02,6,50,60,-13,-46,0,7,-8
02,6,70,60,-12,-48,0,8,6
02,6,110,20,27,-6,0,8,-7
02,6,0,0,-5,-5,-1,8,1
02,6,110,20,3,0,0,8,36
02,6,170,40,45,28,0,1,-1
02,6,220,30,25,22,0,8,4
02,6,240,30,6,1,0,8,4
02,6,200,90,19,-6,0,8,-2
02,6,200,80,78,60,6,8,-8
02,6,250,30,5,-3,0,8,2
02,6,300,20,-4,-6,0,8,-1
02,6,210,30,3,2,0,8,3
02,6,10,40,-8,-28,0,8,-8
02,6,200,30,-40,-48,0,1,2
02,6,250,20,27,27,2,9,7
02,6,290,40,55,54,4,8,0
02,6,90,20,-18,-48,0,8,0
02,6,210,30,-15,-41,0,8,-7
02,6,270,30,45,44,0,8,1
02,6,240,10,31,28,0,8,2
02,6,250,40,53,44,0,8,-1
02,6,270,30,45,34,-1,8,1
02,6,340,20,37,17,0,8,-1
02,6,200,30,7,-4,0,6,-3
02,6,240,40,56,54,2,8,3
02,6,240,40,53,36,0,8,-2
02,6,190,40,68,61,0,8,0
02,6,230,60,2,-15,-1,7,-3
02,6,200,80,-3,-26,0,8,1
02,6,240,20,11,8,0,8,1
02,6,200,50,55,44,0,8,0
02,6,160,50,51,18,0,8,5
02,6,150,20,26,13,0,4,-11
02,6,50,20,7,3,0,8,-1
02,6,60,40,1,-6,0,8,-8
02,6,70,40,-47,-71,0,8,0
02,6,10,10,-75,-93,0,0,-1
02,6,30,60,-44,-58,-1,8,1
02,6,360,40,-52,-66,0,8,1
02,6,10,40,-41,-66,0,8,-1
02,6,300,20,-36,-46,1,8,-1
02,6,290,10,-50,-57,2,8,-2
02,6,180,40,-31,-65,0,6,1
02,6,90,30,-42,-66,0,7,6
02,6,230,60,27,24,-1,8,-2
02,6,220,70,52,24,0,8,-9
02,6,220,60,9,-12,0,7,-1
02,6,230,30,7,3,0,8,0
02,6,190,50,51,18,0,8,-6
02,6,10,30,29,28,7,9,1
02,6,200,50,69,60,0,8,0
02,6,220,90,82,60,0,8,1
02,6,190,60,93,58,0,8,-2
02,6,200,70,41,14,0,8,6
02,6,130,40,81,65,22,8,20
02,6,250,30,-50,-55,0,8,0
02,6,190,40,-1,-2,0,8,1
02,6,230,50,37,36,2,8,-1
02,6,210,110,60,34,0,7,5
02,6,230,110,97,58,0,8,-1
02,6,230,80,96,56,0,8,-2
02,6,210,60,60,26,0,8,-5
02,6,280,20,52,25,0,0,-7
02,6,170,20,1,-7,0,0,2
02,6,200,70,51,13,0,8,-2
02,6,250,30,98,96,22,8,0
02,6,190,30,83,82,0,8,-2
02,6,180,30,27,24,0,1,4
02,6,150,40,58,31,0,0,-11
02,6,180,30,27,16,0,7,4
02,6,200,40,42,24,0,0,-7
02,6,80,40,18,17,0,0,-4
02,6,90,30,15,-5,0,8,1
02,6,140,20,24,8,0,8,3
02,6,80,40,8,0,4,8,-1
02,6,90,50,-11,-47,0,8,-1
02,6,70,40,-47,-70,0,0,-1
02,6,200,40,-24,-69,0,8,4
02,6,200,70,20,18,3,8,3
02,6,210,30,66,66,0,9,0
02,6,210,60,62,45,0,8,0
02,6,290,50,54,46,-1,8,-5
02,6,340,20,17,13,0,8,-1
02,6,40,50,-95,-122,0,0,-1
02,6,40,70,-105,-151,0,0,-4
02,6,30,20,-141,-165,0,0,0
02,6,30,10,-132,-140,0,8,8
02,6,160,30,-95,-152,0,8,-1
02,6,140,10,-79,-127,0,8,-13
02,6,50,30,-146,-193,0,0,9
02,6,50,70,-67,-108,0,2,2
02,6,30,20,-108,-120,0,0,7
02,6,40,20,-79,-93,0,8,-16
02,6,50,30,-120,-147,0,0,-1
02,6,990,10,-107,-121,0,3,0
02,6,230,50,-20,-23,0,9,2
02,6,340,30,21,18,2,8,0
02,6,310,60,46,35,1,8,-2
02,6,260,10,31,28,0,8,2
02,6,230,50,38,35,2,8,1
02,6,210,50,62,57,0,8,4
02,6,260,30,18,7,1,8,-6
02,6,220,30,-32,-38,0,0,2
02,6,210,50,8,-35,0,8,5
02,6,200,50,23,-9,0,8,-6
02,6,220,60,57,54,2,8,3
02,6,240,40,88,85,0,8,-1
02,6,250,20,72,69,0,8,1
02,6,250,20,46,23,0,8,-1
02,6,210,40,26,22,0,5,7
02,6,230,50,72,69,0,8,1
02,6,230,30,86,86,0,9,0
02,6,220,60,71,46,0,8,-2
02,6,260,30,36,33,-1,8,1
02,6,260,20,24,16,0,8,-1
02,6,240,60,74,67,0,8,3
02,6,220,100,42,30,3,8,-14
02,6,200,60,4,1,6,8,2
02,6,280,30,3,0,2,8,6
02,6,310,20,1,-2,1,8,1
02,6,300,20,-20,-23,-1,8,3
02,6,180,20,-17,-53,0,8,-1
02,6,90,60,-18,-68,-1,8,0
02,6,60,40,-39,-65,0,1,9
02,6,350,10,-22,-54,0,8,-7
02,6,150,30,-33,-83,0,6,12
02,6,210,40,7,2,-1,8,3
02,6,210,20,28,22,0,8,0
02,6,90,20,23,20,0,8,-1
02,6,90,20,-26,-35,0,0,12
02,6,210,30,-7,-19,0,8,1
02,6,50,50,-17,-35,0,0,-5
02,6,40,40,-41,-61,0,0,1
02,6,60,70,-30,-72,0,8,-2
02,6,30,60,-50,-67,1,8,2
02,6,10,50,-18,-25,4,8,3
02,6,20,50,2,0,1,9,1
02,6,40,30,5,2,0,7,-6
02,6,40,50,-1,-5,0,8,-1
02,6,80,20,-1,-9,0,8,0
02,6,190,90,71,19,0,8,-1
02,6,200,70,28,12,0,0,3
02,6,110,40,5,-10,0,0,3
02,6,200,50,51,13,0,8,7
02,6,170,80,75,6,0,8,-11
02,6,210,80,62,25,0,1,-3
02,6,190,90,106,50,0,8,7
02,6,190,90,71,31,0,8,2
02,6,220,110,50,1,0,6,-3
02,6,190,20,37,-1,0,8,7
02,6,230,70,47,12,0,8,-2
02,6,210,70,30,14,0,1,0
02,6,220,80,59,20,0,7,-4
02,6,200,70,21,4,0,1,4
02,6,220,110,103,45,0,5,1
02,6,220,80,62,38,-1,8,0
02,6,200,60,51,28,0,8,3
02,6,170,40,59,8,0,8,-2
02,6,230,60,67,53,-1,8,-1
02,6,190,70,53,34,0,0,4
02,6,220,60,62,50,1,4,3
02,6,200,70,40,16,0,8,3
02,6,190,60,35,9,0,0,2
02,6,130,40,48,9,0,6,7
02,6,180,50,78,29,0,2,0
02,6,210,30,64,51,0,8,4
02,6,170,40,42,12,0,0,1
02,6,170,30,39,23,0,8,-4
02,6,230,40,11,8,-1,8,-9
02,6,270,30,5,1,1,8,-1
02,6,210,30,-1,-15,0,8,2
02,6,290,10,-22,-26,0,1,1
02,6,40,20,-30,-44,0,8,6
02,6,50,80,-30,-56,0,0,-3
02,6,40,40,-52,-67,0,0,10
02,6,340,50,29,3,0,8,2
02,6,270,40,29,22,0,8,-1
02,6,320,20,41,38,-1,8,0
02,6,110,20,27,4,0,8,1
02,6,150,20,-8,-19,0,0,4
02,6,170,40,13,-14,0,0,-1
02,6,150,30,68,36,0,8,3
02,6,50,30,24,9,0,7,-12
02,6,180,20,-6,-23,0,0,-5
02,6,210,40,17,11,0,8,2
02,6,190,20,-6,-6,0,9,5
02,6,210,60,16,-5,0,8,1
02,6,210,90,49,12,-1,8,-2
02,6,240,30,24,18,1,8,1
02,6,220,40,6,3,0,8,2
02,6,200,80,27,16,12,8,1
02,6,210,80,34,8,-1,8,-10
02,6,190,40,13,3,0,0,3
02,6,180,30,47,37,0,8,-6
02,6,330,50,45,33,0,8,-1
02,6,190,30,-4,-24,0,0,0
02,6,240,70,105,98,-1,8,0
02,6,250,60,87,80,7,8,4
02,6,230,40,43,23,0,8,3
02,6,220,70,30,13,0,8,6
02,6,200,40,66,59,0,8,12
02,6,200,80,78,50,0,1,2
02,6,190,80,93,66,1,8,-10
02,6,220,130,83,66,10,8,3
02,6,210,90,67,24,0,8,-1
02,6,220,80,31,14,-1,8,0
02,6,220,40,26,19,0,3,-3
02,6,170,30,24,-4,0,8,-1
02,6,140,10,-16,-26,0,6,-3
02,6,260,30,22,19,5,8,1
02,6,350,50,4,-1,5,8,0
02,6,0,0,-33,-37,0,0,-2
02,6,70,20,-56,-75,0,0,8
02,6,170,20,-1,-46,0,8,6
02,6,240,20,10,4,-1,8,-2
02,6,210,80,52,38,1,8,5
02,6,240,70,102,90,-1,8,-1
02,6,240,100,97,70,0,8,2
02,6,210,30,21,17,3,8,0
02,6,210,30,10,2,0,8,-5
02,6,200,30,-25,-31,0,8,-1
02,6,200,30,5,-7,0,8,2
02,6,60,40,5,-25,0,8,-3
02,6,30,70,-16,-44,0,7,3
02,6,20,60,-11,-34,0,0,4
02,6,120,30,-1,-14,0,8,7
02,6,160,30,73,52,0,8,1
02,6,210,40,97,67,0,8,-5
02,6,160,30,49,19,0,8,-2
02,6,150,30,29,10,0,2,-7
02,6,10,30,13,4,0,8,-3
02,6,150,10,39,22,0,8,7
02,6,80,20,37,29,0,8,-1
02,6,40,20,-11,-18,0,8,1
02,6,60,40,-10,-38,0,8,4
02,6,60,30,-3,-7,5,8,-1
02,6,90,10,26,19,0,8,1
02,6,70,60,3,-15,0,0,1
02,6,70,30,-4,-36,0,0,6
02,6,160,10,31,-4,0,0,-15
02,6,180,20,60,44,0,6,3
02,6,230,40,54,44,0,8,3
02,6,990,10,49,48,0,8,1
02,6,200,50,13,-6,0,7,2
02,6,210,70,71,66,1,8,1
02,6,260,40,98,92,-1,8,-1
02,6,230,80,95,77,-1,8,-2
02,6,230,80,86,68,0,8,-3
02,6,250,30,32,17,0,8,2
02,6,190,30,4,-2,0,1,5
02,6,210,60,66,14,-1,8,1
02,6,220,70,101,53,0,8,1
02,6,210,80,46,0,0,8,2
02,6,200,50,14,-1,0,0,1
02,6,230,50,33,21,-1,8,-2
02,6,220,20,17,15,0,8,0
02,6,20,50,-9,-39,0,8,-1
02,6,60,60,-26,-39,0,1,5
02,6,70,50,-28,-53,0,8,3
02,6,10,40,-33,-52,0,8,-4
02,6,200,30,-73,-84,0,8,3
02,6,180,50,-28,-57,0,8,-2
02,6,210,40,11,8,0,8,3
02,6,200,90,32,18,-1,8,3
02,6,240,40,11,-7,0,8,-1
02,6,180,50,2,-32,0,0,-8
02,6,140,30,-34,-75,0,0,3
02,6,180,30,22,11,7,8,3
02,6,200,30,-4,-9,0,0,4
02,6,60,40,2,-15,0,8,-1
02,6,170,30,-16,-35,0,0,1
02,6,180,10,-16,-34,0,8,0
02,6,60,20,-5,-24,0,8,2
02,6,50,30,-42,-53,0,0,0
02,6,50,50,-29,-53,0,0,2
02,6,50,50,-34,-57,0,0,-2
02,6,60,70,-48,-103,0,0,3
02,6,70,70,-51,-118,0,0,-1
02,6,50,40,-60,-77,0,8,10
02,6,50,40,-80,-115,0,0,4
02,6,80,40,-87,-141,0,0,2
02,6,210,30,15,4,0,8,-8
02,6,20,30,18,16,-1,8,1
02,6,310,20,3,0,0,2,1
02,6,190,40,-4,-18,0,8,11
02,6,200,40,17,14,0,8,2
02,6,200,50,28,-33,0,8,3
02,6,190,80,79,63,2,8,-1
02,6,200,70,59,42,-1,8,2
02,6,230,80,77,39,-1,8,0
02,6,190,80,86,74,15,8,7
02,6,240,40,26,10,0,7,-3
02,6,200,50,0,-2,0,9,3
02,6,190,40,4,-13,0,6,-2
02,6,0,0,8,-46,0,8,2
02,6,110,10,14,-49,0,0,19
02,6,190,50,46,-6,0,0,-7
02,6,150,20,39,10,0,8,5
02,6,210,40,51,-9,0,0,-5
02,6,230,40,65,52,0,8,4
02,6,190,40,39,18,0,8,-1
02,6,190,40,59,35,0,6,4
02,6,250,10,84,77,0,8,-3
02,6,90,20,25,18,0,0,9
02,6,80,10,0,-33,0,0,16
02,6,120,10,20,-24,0,8,11
02,6,220,10,36,8,0,7,10
02,6,990,10,45,16,0,0,4
02,6,200,40,51,27,0,0,3
02,6,200,70,107,102,28,8,3
02,6,190,40,69,46,-1,8,-5
02,6,230,60,96,73,0,8,-1
02,6,250,40,43,19,-1,6,-1
02,6,220,10,23,23,0,8,-5
02,6,200,30,6,-3,0,2,3
02,6,120,20,-6,-16,0,0,-4
02,6,180,50,74,30,0,8,4
02,6,200,90,88,59,0,8,-2
02,6,260,80,72,56,32,8,-17
02,6,240,70,47,5,0,7,-3
02,6,230,60,34,5,0,8,-2
02,6,170,70,50,15,0,8,7
02,6,250,30,55,37,0,8,3
02,6,200,70,74,42,0,8,0
02,6,210,110,113,91,5,8,10
02,6,210,70,74,36,0,8,0
02,6,230,50,54,23,0,7,1
02,6,260,40,40,19,0,5,-2
02,6,210,60,75,53,0,8,1
02,6,230,50,28,1,0,2,3
02,6,200,80,52,5,0,8,3
02,6,210,90,93,80,7,8,8
02,6,190,30,53,10,0,8,0
02,6,240,50,75,40,0,8,-11
02,6,250,40,2,-1,15,8,4
02,6,190,40,21,5,0,8,3
02,6,190,30,-1,-13,0,6,3
02,6,200,70,82,52,0,8,0
02,6,120,26,-25,-38,-1,8,0
02,6,20,10,-87,-95,0,0,-3
02,6,20,21,-102,-110,0,3,8
02,6,50,21,-99,-116,0,2,-6
02,6,40,31,-25,-33,0,8,5
02,6,60,67,-57,-99,0,2,-13
02,6,60,51,-106,-140,0,7,7
02,6,70,82,-65,-100,-1,8,0
02,6,90,26,-111,-123,-1,5,19
02,6,0,0,-56,-71,-1,8,-4
02,6,110,15,-30,-37,0,8,2
02,6,250,21,-64,-75,-1,8,9
02,6,230,10,-54,-59,0,7,1
02,6,270,10,-64,-69,0,9,-21
02,6,200,51,-9,-19,0,8,6
02,6,300,46,24,12,-1,7,-4
02,6,50,15,-21,-25,0,7,-13
02,6,0,0,-38,-43,0,8,11
02,6,0,0,-65,-69,0,0,-9
02,6,190,26,9,-1,0,8,3
02,6,170,36,12,9,0,9,-3
02,6,210,41,30,6,0,1,-3
02,6,220,82,93,60,0,8,1
02,6,180,46,53,30,0,0,6
02,6,250,21,79,75,3,8,0
02,6,100,15,29,25,0,0,14
02,6,60,26,4,1,0,1,4
02,6,110,57,25,-18,0,8,-2
02,6,110,15,-23,-26,0,8,-4
02,6,330,10,-31,-34,0,8,2
02,6,250,67,47,43,3,8,7
02,6,230,36,26,13,11,8,-6
02,6,290,72,75,71,2,8,-1
02,6,230,31,57,43,0,8,-2
02,6,210,31,40,33,0,0,-5
02,6,180,36,4,-2,0,0,-1
02,6,170,51,23,2,0,0,0
02,6,250,62,52,39,4,7,-2
02,6,180,51,62,53,3,8,1
02,6,190,36,93,88,-1,8,3
02,6,260,41,76,51,0,7,-3
02,6,220,36,32,17,0,1,0
02,6,220,62,96,85,8,8,1
02,6,250,67,40,-16,0,6,-1
02,6,340,36,8,-14,-1,7,0
02,6,0,0,-58,-66,0,1,-5
02,6,220,21,-12,-60,0,7,3
02,6,290,15,-2,-5,0,7,3
02,6,230,21,3,-8,0,7,0
02,6,200,36,3,-10,0,7,-1
02,6,240,67,64,30,0,8,6
02,6,210,26,67,64,-1,8,0
02,6,60,10,49,45,0,8,1
02,6,190,36,63,24,0,7,-4
02,6,180,31,70,45,0,7,-2
02,6,200,26,39,32,0,0,1
02,6,180,21,47,34,0,0,-1
02,6,80,41,-40,-51,0,0,-7
02,6,220,36,8,5,0,8,0
02,6,210,21,21,18,-1,8,-4
02,6,170,5,-18,-19,0,9,-2
02,6,260,46,-4,-5,-1,8,-2
02,6,220,46,23,17,0,8,1
02,6,360,31,61,58,-1,8,-5
02,6,60,21,43,39,-1,8,0
02,6,90,62,37,34,-1,8,0
02,6,100,36,29,20,0,8,0
02,6,150,26,9,0,0,8,1
02,6,50,15,-28,-31,0,0,2
02,6,110,15,-22,-23,0,9,-4
02,6,140,31,-12,-13,0,9,2
02,6,140,15,-1,-15,0,8,0
02,6,300,15,26,25,0,9,-5
02,6,310,46,76,73,2,8,-2
02,6,290,15,46,37,0,8,-2
02,6,270,77,52,8,0,1,6
02,6,300,36,30,6,0,2,1
02,6,330,108,18,2,5,7,8
02,6,350,26,6,-4,-1,6,0
02,6,30,31,-29,-51,0,0,-4
02,6,10,21,-31,-34,0,9,-4
02,6,180,15,-6,-16,0,7,4
02,6,180,31,13,10,0,8,4
02,6,10,46,26,14,2,6,-2
02,6,250,41,-17,-24,-1,2,0
02,6,200,41,38,7,0,7,0
02,6,260,41,41,-1,0,5,-5
02,6,120,46,8,-10,0,3,1
02,6,130,5,45,44,0,7,5
02,6,60,21,43,43,0,6,-4
02,6,270,10,49,46,0,8,1
02,6,160,36,16,7,0,4,8
02,6,260,21,31,30,0,2,-4
02,6,190,57,29,20,-1,8,5
02,6,310,46,48,35,2,7,1
02,6,20,10,7,0,0,6,-8
02,6,60,31,-10,-18,0,0,-1
02,6,50,46,0,-21,0,8,-2
02,6,80,98,-74,-132,0,0,0
02,6,120,87,-23,-147,0,5,1
02,6,110,26,5,-70,0,4,-11
02,6,350,10,-66,-104,0,1,-14
02,6,50,15,-81,-102,0,0,1
02,6,110,5,-68,-106,0,0,-6
02,6,60,31,-70,-86,0,0,-3
02,6,220,5,-111,-125,0,3,-1
02,6,100,31,-40,-50,0,8,1
02,6,110,36,-18,-26,1,8,1
02,6,80,10,4,4,-1,9,1
02,6,330,21,-2,-2,0,8,1
02,6,140,41,35,34,0,6,2
02,6,200,36,64,47,0,6,3
02,6,200,26,66,66,-1,8,-11
02,6,220,77,114,93,0,8,-1
02,6,300,31,20,17,0,2,6
02,6,170,41,24,6,0,8,4
02,6,220,36,75,74,-1,8,1
02,6,210,26,64,64,0,8,2
02,6,260,46,99,94,0,8,-2
02,6,260,51,85,58,0,8,-1
02,6,240,62,95,87,-1,8,1
02,6,50,10,1,-9,0,4,-19
02,6,130,26,-3,-25,0,7,5
02,6,190,51,75,69,-1,8,-1
02,6,260,62,78,42,0,1,-3
02,6,160,36,67,49,0,4,-7
02,6,240,51,69,62,16,8,-1
02,6,210,72,97,92,-1,8,6
02,6,220,62,71,42,0,6,-2
02,6,240,67,67,26,0,1,-7
02,6,230,51,41,31,6,7,2
02,6,210,82,65,53,16,8,1
02,6,260,62,87,51,0,3,-7
02,6,210,51,94,70,0,7,1
02,6,210,41,21,5,0,1,-1
02,6,230,51,31,15,-1,4,-1
02,6,130,26,43,39,1,8,-3
02,6,100,15,31,30,-1,8,0
02,6,240,21,13,6,0,4,2
02,6,250,21,-1,-12,0,3,1
02,6,240,51,93,81,0,7,3
02,6,40,15,-59,-93,0,0,-20
02,6,70,5,-35,-43,0,8,5
02,6,300,21,-14,-28,0,8,-5
02,6,360,26,-20,-24,0,8,-1
02,6,260,15,-19,-44,-1,8,-2
02,6,100,62,-49,-67,0,5,-1
02,6,120,36,-54,-81,0,7,7
02,6,10,31,-57,-99,0,7,-2
02,6,110,21,-49,-101,0,8,0
02,6,170,51,17,-19,-1,8,-7
02,6,190,51,21,14,0,7,8
02,6,170,72,41,37,-1,8,2
02,6,330,41,11,8,0,8,-7
02,6,10,82,-4,-15,0,8,-4
02,6,320,10,-20,-45,0,8,1
02,6,260,31,49,45,-1,8,2
02,6,280,98,58,17,0,7,-5
02,6,220,82,57,54,10,8,4
02,6,160,21,22,21,0,7,0
02,6,30,108,-29,-55,-1,8,-1
02,6,10,46,-60,-87,0,1,4
02,6,260,21,-28,-47,-1,7,5
02,6,140,21,-34,-38,0,1,-3
02,6,170,57,5,-11,0,7,1
02,6,200,51,72,49,-1,7,-3
02,6,220,26,54,53,13,8,-5
02,6,0,0,-1,-1,0,7,3
02,6,30,51,22,22,5,8,1
02,6,30,36,3,3,0,9,-3
02,6,80,20,19,-26,0,8,0
02,6,180,30,-18,-29,0,1,-13
02,6,280,20,-5,-5,0,0,-5
02,6,210,70,29,13,0,8,2
02,6,20,40,41,40,30,8,-6
02,6,210,40,24,24,0,8,3
02,6,200,60,53,9,0,8,0
02,6,180,10,2,2,0,6,-3
02,6,250,20,71,64,0,7,1
02,6,200,50,59,41,0,4,7
02,6,240,50,43,12,0,3,5
02,6,260,70,106,94,0,8,1
02,6,220,50,76,52,0,6,-7
02,6,230,20,15,0,0,0,-3
02,6,290,30,13,12,0,6,3
02,6,180,30,9,6,0,7,1
02,6,200,40,46,28,0,8,6
02,6,230,70,93,82,7,7,0
02,6,240,30,20,-4,0,2,-1
02,6,260,70,62,13,0,1,2
02,6,230,70,96,58,0,7,4
02,6,230,40,79,67,0,7,5
02,6,190,40,63,49,0,7,10
02,6,200,100,110,79,3,7,0
02,6,240,100,121,62,-1,7,-7
02,6,240,70,80,42,0,5,2
02,6,320,20,54,36,0,7,-5
02,6,190,60,60,25,0,7,3
02,6,110,40,-67,-111,0,2,-6
02,6,210,20,-95,-107,0,1,12
02,6,240,20,-5,-8,0,1,-3
02,6,210,20,-23,-24,0,0,0
02,6,240,20,13,10,0,1,-3
02,6,210,20,34,19,0,8,0
02,6,190,50,10,-6,0,8,0
02,6,210,30,3,3,0,3,-4
02,6,210,30,22,1,0,7,-1
02,6,220,20,19,1,0,5,-4
02,6,230,20,60,40,0,8,2
02,6,220,30,74,57,0,3,0
02,6,270,30,118,88,0,7,0
02,6,190,20,46,46,0,4,-3
02,6,220,30,66,51,0,5,-1
02,6,250,50,119,80,0,8,-2
02,6,320,50,64,34,-1,8,2
02,6,180,20,5,-1,0,1,-8
02,6,250,40,54,42,0,8,4
02,6,170,40,82,79,0,8,-2
02,6,200,30,87,60,0,6,4
02,6,190,20,41,41,0,2,0
02,6,210,20,11,11,0,0,1
02,6,260,30,80,76,0,7,-3
02,6,280,20,25,25,0,1,4
02,6,210,20,87,76,0,8,2
02,6,220,50,80,53,0,8,2
02,6,260,40,46,34,1,7,3
02,6,280,30,48,48,-1,8,4
02,6,340,30,61,56,0,8,0
02,6,220,30,44,44,0,7,-1
02,6,250,50,89,84,0,8,-2
02,6,280,90,72,33,-1,8,-6
02,6,310,60,22,11,7,6,4
02,6,300,60,22,5,1,7,-10
02,6,290,50,-3,-3,1,7,0
02,6,990,10,-9,-9,-1,8,-1
02,6,240,30,-2,-2,9,9,-1
02,6,320,30,-48,-53,0,1,6
02,6,130,10,-97,-101,0,2,-12
02,6,990,10,-131,-138,0,0,2
02,6,0,0,-122,-129,0,7,6
02,6,210,40,3,2,-1,8,0
02,6,240,50,41,40,11,8,5
02,6,320,70,19,-20,2,6,-7
02,6,70,10,10,10,-1,8,-2
02,6,230,40,82,82,1,8,1
02,6,300,30,55,39,0,8,-1
02,6,240,40,49,35,0,7,5
02,6,290,90,30,11,1,7,-6
02,6,290,80,13,13,18,4,6
02,6,200,20,3,3,0,7,1
02,6,240,10,-45,-45,0,3,11
02,6,220,50,54,41,0,8,4
02,6,210,40,48,35,0,8,1
02,6,220,40,38,34,0,1,-7
02,6,220,50,91,70,0,7,-2
02,6,230,40,69,64,10,8,0
02,6,260,40,46,31,0,1,-8
02,6,220,50,69,59,-1,8,4
02,6,210,40,55,38,0,4,1
02,6,210,20,43,27,0,7,4
02,6,270,60,77,52,0,3,-11
02,6,240,50,81,45,0,7,0
02,6,280,80,56,0,-1,7,0
02,6,200,70,60,14,0,6,-1
02,6,240,20,5,-4,0,0,-4
02,6,200,50,21,1,0,1,-1
02,6,240,40,64,43,0,6,-6
02,6,230,30,1,-2,0,1,0
02,6,270,30,76,73,18,8,-8
02,6,280,80,37,-1,0,4,-5
02,6,270,40,17,-3,0,3,4
02,6,170,80,10,5,4,8,7
02,6,280,50,57,48,1,8,-2
02,6,300,40,-7,-12,0,2,4
02,6,160,10,-34,-37,0,7,4
02,6,240,20,33,31,0,8,-1
02,6,150,10,-23,-24,0,7,11
02,6,230,40,93,89,3,8,5
02,6,310,30,44,41,3,8,1
02,6,210,30,2,-7,0,6,-4
02,6,180,50,8,-9,0,2,8
02,6,220,70,118,67,0,7,-8
02,6,190,60,38,22,0,6,6
02,6,990,10,-20,-20,0,8,-1
02,6,200,30,2,2,0,9,-1
02,6,100,20,4,4,11,8,1
02,6,220,30,52,41,0,7,-3
02,6,220,80,84,72,5,7,0
02,6,190,90,101,80,-1,7,4
02,6,200,60,96,73,-1,7,-1
02,6,200,90,109,68,-1,7,-5
02,6,340,30,29,7,0,6,-11
02,6,990,10,-34,-35,0,5,11
02,6,200,70,82,57,0,8,4
02,6,200,70,102,81,0,7,0
02,6,20,80,59,40,0,7,-2
02,6,70,30,6,6,0,9,1
02,6,990,10,-7,-7,0,1,-19
02,6,990,10,-24,-25,0,1,-8
02,6,20,60,39,22,0,8,1
02,6,10,40,23,4,0,8,-2
02,6,250,20,36,11,0,5,5
02,6,280,30,25,23,0,3,4
02,6,240,40,50,42,-1,8,6
02,6,270,50,54,50,0,7,-1
02,6,300,40,20,10,0,7,4
02,6,70,50,-14,-17,7,8,-4
02,6,230,20,-30,-55,0,6,2
02,6,240,20,3,3,7,8,-1
02,6,140,60,7,-30,0,7,5
02,6,120,30,24,-9,0,7,1
02,6,210,40,76,64,0,0,3
02,6,190,80,97,48,0,,-17
02,6,170,60,79,24,0,,-2
02,6,220,60,67,33,0,4,4
02,6,200,90,119,107,7,8,2
02,6,220,50,61,39,0,1,-3
02,6,250,20,38,32,0,6,2
02,6,240,50,96,87,0,3,-6
02,6,230,80,115,96,-1,,-1
02,6,250,40,74,58,7,,6
02,6,220,80,103,85,1,8,4
02,6,240,70,119,87,0,5,0
02,6,270,20,86,75,0,8,0
02,6,40,70,21,1,0,1,-5
02,6,30,40,-35,-52,0,1,5
02,6,20,30,-33,-52,0,,-13
02,6,180,20,-34,-43,0,,-8
02,6,220,30,37,21,0,8,3
02,6,250,80,66,44,2,8,2
02,6,260,70,97,82,2,8,-2
02,6,340,70,22,-38,0,3,-1
02,6,220,90,54,37,0,8,4
02,6,260,80,56,1,0,,-5
02,6,270,30,20,5,1,,0
02,6,0,0,60,57,12,8,2
02,6,210,90,108,95,6,8,1
02,6,230,60,51,17,0,2,-4
02,6,220,70,40,3,0,3,-6
02,6,190,60,-47,-68,0,,-1
02,6,210,40,13,11,0,,-5
02,6,250,70,46,23,-1,8,-4
02,6,230,30,-3,-9,0,3,-2
02,6,280,30,9,-2,0,2,-6
02,6,0,0,-39,-46,0,0,8
02,6,200,40,22,17,-1,8,1
02,6,210,30,56,56,0,,3
02,6,160,40,55,48,0,,-2
02,6,990,10,-17,-24,0,1,5
02,6,160,20,4,3,0,8,0
02,6,50,10,-32,-34,0,8,2
02,6,50,10,-64,-72,0,1,1
02,6,60,20,-54,-86,0,1,-12
02,6,50,60,-24,-38,0,8,3
02,6,60,30,-30,-66,0,4,1
02,6,40,30,-69,-86,0,0,-8
02,6,30,30,-76,-87,0,0,-4
02,6,100,50,-47,-80,0,0,8
02,6,120,30,-22,-43,0,1,-10
02,6,50,10,-60,-67,0,1,12
02,6,130,20,-23,-39,0,1,0
02,6,130,30,-14,-32,0,0,1
02,6,160,20,25,0,0,8,-10
02,6,120,20,-5,-32,0,1,-18
02,6,100,20,-16,-40,0,1,11
02,6,160,20,26,9,0,2,-5
02,6,200,30,70,35,0,8,-2
02,6,220,100,103,75,3,8,-4
02,6,240,60,118,88,0,8,-4
02,6,220,50,118,87,0,7,-2
02,6,220,40,126,87,-1,8,3
02,6,240,50,124,105,-1,8,3
02,6,210,40,103,88,0,7,2
02,6,260,80,76,34,0,8,-1
02,6,260,80,55,17,-1,7,2
02,6,290,40,24,-8,-1,6,-3
02,6,220,30,0,-22,0,2,2
02,6,330,50,79,74,-1,8,-1
02,6,200,10,27,13,0,8,-2
02,6,260,10,63,60,0,9,1
02,6,210,20,57,52,0,8,0
02,6,240,20,50,47,0,9,1
02,6,0,0,1,-4,0,1,0
02,6,210,20,24,16,0,8,2
02,6,350,50,49,16,0,6,-11
02,6,40,50,-3,-12,0,3,7
02,6,70,60,-21,-54,0,0,-2
02,6,70,40,-14,-49,0,1,2
02,6,10,40,2,-17,0,6,14
02,6,340,50,7,-24,0,3,-4
02,6,240,20,1,-9,0,8,2
02,6,0,0,-5,-9,0,1,4
02,6,210,60,-19,-24,5,8,8
02,6,200,70,-16,-22,1,8,0
02,6,210,10,-71,-79,0,0,15
02,6,360,30,-47,-54,0,4,-5
02,6,340,50,46,13,0,6,1
02,6,300,40,57,51,1,8,-1
02,6,320,30,60,45,-1,8,2
02,6,240,10,52,49,0,8,-5
02,6,130,30,-16,-30,0,0,-1
02,6,130,40,0,-17,0,5,3
02,6,90,20,-34,-44,0,0,-4
02,6,180,10,-52,-60,0,0,-2
02,6,210,30,11,4,0,0,1
02,6,220,60,78,55,1,8,-3
02,6,30,10,65,63,7,8,-2
02,6,220,70,104,97,5,8,2
02,6,280,90,49,13,-1,7,2
02,6,320,40,26,3,0,2,-3
02,6,350,40,12,-1,0,8,3
02,6,30,50,-24,-48,0,1,2
02,6,130,30,-9,-37,0,8,0
02,6,210,40,-3,-47,0,8,-7
02,6,320,40,21,15,5,8,-2
02,6,260,20,10,5,7,7,0
02,6,350,40,4,-5,-1,6,-4
02,6,50,70,-6,-43,0,7,-4
02,6,30,40,-23,-41,-1,8,-12
02,6,0,0,-6,-12,0,8,4
02,6,40,10,-63,-72,0,0,9
02,6,330,20,8,3,-1,8,2
02,6,50,50,-37,-64,0,0,-1
02,6,300,10,-111,-129,0,0,8
02,6,80,10,-38,-41,-1,7,0
02,6,990,10,-28,-30,0,7,1
02,6,210,10,-26,-27,0,8,2
02,6,80,20,28,19,0,8,-14
02,6,190,10,-9,-14,0,8,11
02,6,240,20,41,41,0,7,0
02,6,260,30,56,43,-1,8,5
02,6,280,70,65,45,6,8,-11
02,6,300,70,18,1,2,8,-8
02,6,300,40,15,4,0,7,-3
02,6,0,0,5,0,0,8,-1
02,6,200,30,-1,-19,0,8,3
02,6,160,40,11,-1,0,8,0
02,6,190,40,33,32,-1,8,2
02,6,180,70,58,54,18,8,0
02,6,220,20,67,63,0,8,1
02,6,190,60,49,33,-1,8,-13
02,6,180,40,25,15,0,5,-9
02,6,130,30,17,15,0,0,-1
02,6,50,70,31,23,4,8,-2
02,6,40,70,19,9,2,8,0
02,6,70,70,26,-1,0,8,-5
02,6,30,30,-7,-34,0,8,-1
02,6,90,50,-19,-49,0,7,4
02,6,60,70,-18,-52,0,0,2
02,6,60,60,-3,-48,0,8,0
02,6,250,20,2,-7,0,7,3
02,6,210,40,5,2,7,8,1
02,6,260,20,86,79,0,8,-1
02,6,240,20,67,65,0,8,2
02,6,280,10,-18,-19,0,0,-3
02,6,10,10,49,43,0,8,-2
02,6,320,20,-3,-4,0,9,3
02,6,240,10,-24,-31,0,3,17
02,6,220,20,-16,-17,0,9,-2
02,6,110,50,-32,-39,-1,8,9
02,6,290,40,35,13,0,8,-1
02,6,110,40,25,12,0,8,1
02,6,160,70,77,66,16,8,1
02,6,160,60,73,62,9,8,-4
02,6,270,60,81,54,0,7,2
02,6,150,40,60,42,1,8,-2
02,6,220,30,32,24,0,0,1
02,6,140,50,36,0,0,8,4
02,6,120,40,46,-5,0,0,-3
02,6,280,20,54,51,0,9,-1
02,6,130,10,47,30,-1,8,-1
02,6,160,30,52,40,0,8,3
02,6,180,40,71,53,-1,8,5
02,6,180,30,31,18,0,7,9
02,6,170,50,66,51,0,5,7
02,6,160,60,95,68,0,8,-5
02,6,990,10,67,57,27,8,-4
02,6,290,70,73,43,0,8,-7
02,6,230,20,39,26,0,8,0
02,6,220,50,94,69,2,8,-1
02,6,240,70,63,23,0,7,-4
02,6,270,30,28,26,-1,6,-2
02,6,170,50,3,-18,0,2,3
02,6,180,100,72,38,1,8,0
02,6,180,90,46,30,14,8,-5
02,6,240,60,94,69,0,8,-4
02,6,220,30,21,12,0,8,-1
02,6,160,20,7,0,0,0,4
02,6,140,10,7,-29,0,0,1
02,6,70,10,-12,-41,0,0,0
02,6,110,30,33,16,0,0,2
02,6,40,10,-11,-16,0,0,4
02,6,70,20,0,-2,0,9,0
02,6,60,30,4,4,0,8,2
02,6,70,40,27,-9,0,8,-7
02,6,70,20,-40,-71,0,0,2
02,6,60,10,-71,-91,0,0,1
02,6,0,0,-78,-89,0,0,3
02,6,90,20,12,9,0,8,0
02,6,0,0,-17,-18,0,6,5
02,6,220,30,41,39,0,5,4
02,6,230,50,95,71,0,8,1
02,6,240,20,63,58,0,8,3
02,6,220,40,89,43,0,8,-3
02,6,250,20,59,49,0,8,1
02,6,210,80,124,76,0,8,-1
02,6,240,30,51,34,0,0,-3
02,6,210,30,31,23,0,8,-1
02,6,220,20,52,48,0,6,13
02,6,50,60,-18,-49,0,4,-5
02,6,80,60,-5,-40,0,8,3
02,6,150,20,34,2,-1,8,-2
02,6,190,10,-4,-6,0,8,-2
02,6,120,30,4,0,0,5,4
02,6,130,10,14,12,0,3,-5
02,6,350,40,35,31,9,8,-4
02,6,250,20,-6,-10,0,0,-1
02,6,190,50,12,6,1,8,3
02,6,150,30,78,71,3,8,-1
02,6,250,30,4,-8,0,7,-3
02,6,290,20,-11,-16,0,6,-3
02,6,210,20,3,0,0,8,1
02,6,360,30,-18,-29,0,0,-15
02,6,220,20,-20,-31,0,6,1
02,6,280,30,48,47,-1,8,0
02,6,310,50,62,60,3,8,1
02,6,100,30,-9,-46,0,7,-4
02,6,250,10,-23,-32,0,8,8
02,6,270,30,51,39,0,8,-1
02,6,200,20,8,7,0,8,1
02,6,270,30,57,42,0,8,-4
02,6,290,50,57,40,-1,8,-1
02,6,350,30,40,16,0,8,-1
02,6,220,30,29,5,0,8,-2
02,6,250,30,57,47,0,7,0
02,6,260,30,61,41,0,8,-4
02,6,240,20,73,65,0,8,-2
02,6,220,30,-7,-12,1,8,-5
02,6,210,60,7,-12,0,8,4
02,6,250,30,8,2,0,1,-4
02,6,210,40,62,52,1,8,-4
02,6,130,30,28,13,0,8,1
02,6,50,10,-13,-15,0,9,-2
02,6,50,20,10,4,0,8,0
02,6,80,40,-3,-7,0,8,-2
02,6,40,60,-48,-72,0,8,1
02,6,60,30,-46,-70,1,8,-3
02,6,40,70,-19,-41,1,8,1
02,6,50,60,-62,-73,0,8,7
02,6,20,40,-28,-57,0,8,1
02,6,280,20,-26,-40,0,8,2
02,6,30,10,-48,-65,-1,8,-1
02,6,170,50,-17,-42,0,8,-1
02,6,110,30,-44,-67,0,3,-2
02,6,220,20,18,15,0,9,0
02,6,200,30,48,29,0,8,4
02,6,220,20,-8,-16,0,1,1
02,6,210,10,-29,-31,0,6,20
02,6,180,30,31,9,-1,8,1
02,6,60,50,21,14,0,8,1
02,6,180,20,46,45,-1,8,7
02,6,230,60,81,66,1,8,1
02,6,170,50,91,64,0,8,-9
02,6,210,50,50,20,0,8,8
02,6,110,50,60,50,18,8,1
02,6,210,30,-40,-55,0,8,0
02,6,200,40,16,15,0,7,2
02,6,240,30,56,51,0,8,-1
02,6,220,80,81,49,0,8,0
02,6,250,70,109,70,0,8,0
02,6,250,80,102,72,0,8,4
02,6,210,50,77,30,0,8,-4
02,6,240,20,30,15,0,0,-7
02,6,150,10,-26,-34,0,1,4
02,6,210,30,51,34,0,8,2
02,6,260,30,84,72,0,7,-2
02,6,120,40,53,49,2,8,3
02,6,200,30,37,34,0,9,-3
02,6,150,40,56,34,0,8,-3
02,6,150,30,24,17,0,8,0
02,6,180,40,37,30,0,0,-10
02,6,30,20,2,0,0,7,-9
02,6,50,30,5,-18,0,8,0
02,6,100,40,16,0,0,8,1
02,6,90,50,8,-19,-1,8,0
02,6,100,50,-14,-58,0,8,0
02,6,80,40,-55,-84,0,0,-6
02,6,180,40,-12,-47,0,8,2
02,6,180,30,29,25,-1,8,3
02,6,220,30,75,74,0,8,-8
02,6,180,50,73,67,-1,8,-1
02,6,300,70,54,42,1,8,-1
02,6,350,30,17,9,-1,8,1
02,6,40,70,-78,-108,0,0,2
02,6,50,60,-85,-144,0,0,-3
02,6,40,10,-98,-115,0,8,11
02,6,30,10,-157,-159,0,9,-5
02,6,150,40,-88,-126,0,8,-8
02,6,110,10,-94,-122,0,8,-3
02,6,50,30,-139,-160,0,0,-12
02,6,70,60,-35,-70,0,8,1
02,6,20,30,-105,-114,0,0,16
02,6,40,20,-98,-105,0,0,3
02,6,40,30,-125,-149,0,0,-3
02,6,990,10,-99,-108,0,8,15
02,6,250,20,2,2,2,9,3
02,6,320,40,35,29,-1,8,3
02,6,330,70,51,26,2,6,2
02,6,310,30,48,45,0,8,-1
02,6,260,30,55,52,-1,8,0
02,6,220,40,74,71,0,8,1
02,6,320,40,18,7,1,8,5
02,6,240,20,-1,-5,0,8,4
02,6,220,40,22,-21,0,8,1
02,6,210,40,50,20,0,8,0
02,6,240,30,75,72,1,8,4
02,6,260,40,94,88,0,8,2
02,6,240,20,36,33,0,8,-2
02,6,270,20,49,36,0,8,1
02,6,220,30,28,25,0,8,7
02,6,240,30,80,77,-1,8,1
02,6,220,10,92,92,0,8,-1
02,6,240,50,74,56,3,8,-8
02,6,300,50,41,37,-1,8,-11
02,6,240,30,15,11,0,7,2
02,6,260,60,88,73,0,8,-5
02,6,240,40,31,23,15,7,-2
02,6,50,30,2,-1,2,8,3
02,6,300,40,18,13,-1,7,-1
02,6,350,20,7,4,1,7,1
02,6,280,10,-29,-31,-1,8,0
02,6,160,30,-16,-20,0,8,-6
02,6,110,70,-15,-65,0,8,1
02,6,50,30,-36,-70,0,1,-3
02,6,30,20,-22,-32,0,7,9
02,6,160,60,-16,-75,0,8,1
02,6,240,20,18,15,0,8,1
02,6,250,10,33,30,0,8,-8
02,6,100,20,32,31,0,9,-2
02,6,150,10,-38,-42,0,6,1
02,6,210,10,-6,-8,0,9,4
02,6,50,40,-18,-34,0,0,-3
02,6,40,40,-40,-61,0,1,-3
02,6,40,40,-38,-61,0,6,3
02,6,30,50,-48,-81,0,0,1
02,6,20,60,-8,-18,2,8,0
02,6,30,60,9,3,0,8,0
02,6,90,40,20,11,0,8,1
02,6,50,50,6,0,0,8,1
02,6,80,40,11,-13,0,8,-1
02,6,180,100,59,44,7,8,0
02,6,200,50,31,8,0,0,1
02,6,130,30,3,-2,0,0,0
02,6,180,60,54,19,0,8,3
02,6,170,90,65,23,2,8,-6
02,6,210,70,69,30,0,7,-3
02,6,180,80,108,60,0,8,1
02,6,180,90,71,47,2,8,0
02,6,210,90,61,8,0,8,-5
02,6,130,20,34,18,0,8,3
02,6,240,50,55,36,0,8,-2
02,6,200,40,28,14,0,4,6
02,6,200,50,40,28,-1,7,5
02,6,210,50,21,8,0,0,3
02,6,220,100,110,37,0,7,-1
02,6,230,40,56,37,0,3,-1
02,6,190,40,50,35,0,8,3
02,6,170,30,46,20,0,8,2
02,6,220,20,65,58,0,8,3
02,6,180,50,66,53,0,8,3
02,6,230,30,58,48,18,8,-2
02,6,210,50,49,31,-1,8,1
02,6,170,50,31,22,0,0,4
02,6,140,40,34,18,0,4,1
02,6,170,60,83,39,0,6,2
02,6,190,30,31,27,0,7,11
02,6,160,40,29,21,0,0,7
02,6,170,30,41,34,0,7,2
02,6,250,20,21,17,4,8,7
02,6,270,30,10,2,-1,3,-7
02,6,240,10,-1,-3,0,7,0
02,6,280,10,-44,-46,0,1,-3
02,6,220,10,-18,-20,-1,8,0
02,6,60,80,-13,-40,0,7,-6
02,6,20,30,-42,-52,0,0,5
02,6,340,60,46,3,0,8,-4
02,6,260,20,36,31,0,8,3
02,6,300,20,45,42,-1,8,0
02,6,130,30,48,22,0,8,-4
02,6,140,10,7,3,0,8,-5
02,6,160,20,-8,-12,0,1,3
02,6,120,30,56,35,0,2,2
02,6,40,30,33,15,0,6,-8
02,6,170,10,-26,-28,0,0,-9
02,6,210,10,35,32,0,8,1
02,6,200,20,-23,-23,0,8,0
02,6,200,40,13,8,0,8,-8
02,6,210,70,48,35,6,8,2
02,6,230,20,23,20,0,7,6
02,6,220,30,1,-5,0,0,-2
02,6,200,80,42,35,6,8,2
02,6,210,70,38,16,3,3,4
02,6,190,40,6,-4,0,0,1
02,6,170,40,40,40,0,9,-3
02,6,330,50,50,17,0,8,-12
02,6,200,40,-6,-16,0,0,6
02,6,240,60,115,104,1,8,-3
02,6,240,60,105,60,0,8,-2
02,6,240,30,34,23,0,4,6
02,6,210,30,33,19,0,8,6
02,6,210,40,76,71,-1,8,8
02,6,200,50,92,66,0,8,-3
02,6,230,40,74,61,15,8,0
02,6,220,60,86,63,4,8,-6
02,6,210,50,59,32,-1,8,6
02,6,240,40,38,30,7,8,1
02,6,220,30,15,6,0,1,-3
02,6,180,30,27,20,1,8,-1
02,6,110,20,-9,-24,0,8,-9
02,6,350,30,6,2,6,8,-1
02,6,10,60,17,-20,0,3,-6
02,6,0,0,-51,-55,0,0,-4
02,6,140,20,-50,-62,0,0,1
02,6,190,20,-15,-42,0,1,10
02,6,200,10,5,5,1,8,1
02,6,220,70,64,59,5,8,4
02,6,250,70,112,96,1,8,0
02,6,240,70,99,92,18,8,1
02,6,220,20,34,29,0,8,1
02,6,250,30,14,0,0,7,-22
02,6,250,20,0,-11,-1,8,-1
02,6,190,20,0,-5,0,8,-1
02,6,50,30,1,-23,0,7,-21
02,6,40,30,-18,-39,0,7,2
02,6,360,30,-10,-31,0,0,-8
02,6,140,30,6,6,0,8,7
02,6,160,40,73,65,0,8,3
02,6,200,30,93,78,0,8,-3
02,6,160,40,40,29,0,8,-5
02,6,80,20,22,22,0,7,4
02,6,330,10,21,17,0,8,3
02,6,110,30,38,18,-1,8,0
02,6,50,30,21,14,0,8,-1
02,6,60,40,-8,-23,1,8,-1
02,6,40,40,-27,-46,0,8,5
02,6,40,30,-9,-26,-1,8,-1
02,6,80,30,11,5,0,8,2
02,6,80,60,-2,-18,0,0,-3
02,6,90,30,-14,-42,0,0,8
02,6,130,20,13,-5,0,0,-4
02,6,200,20,32,29,0,7,10
02,6,260,30,64,56,2,8,0
02,6,180,20,39,39,0,9,-2
02,6,210,30,24,11,0,4,-1
02,6,220,40,79,77,1,8,4
02,6,260,30,96,85,0,8,3
02,6,240,70,100,88,13,8,-2
02,6,220,70,89,82,1,8,-1
02,6,280,40,36,14,-1,8,-4
02,6,200,40,18,0,0,8,8
02,6,220,50,69,43,-1,8,1
02,6,210,90,104,40,0,7,-4
02,6,200,80,50,8,-1,8,2
02,6,200,50,7,-7,0,6,7
02,6,240,50,33,24,6,8,13
02,6,220,20,4,-1,0,8,3
02,6,10,30,0,-31,0,8,1
02,6,50,40,-5,-21,0,3,-3
02,6,50,30,-37,-59,0,0,-1
02,6,360,40,-48,-75,0,0,-4
02,6,190,20,-28,-55,0,8,-16
02,6,160,50,-17,-48,0,8,2
02,6,240,10,21,21,0,9,1
02,6,220,70,47,38,3,8,7
02,6,250,40,21,-14,0,4,-6
02,6,160,40,-9,-27,0,0,2
02,6,130,40,-26,-63,0,0,-1
02,6,160,50,24,18,2,8,4
02,6,220,30,2,-7,0,2,-17
02,6,60,20,-17,-30,0,8,8
02,6,150,10,-42,-44,0,2,5
02,6,180,30,-2,-18,0,8,1
02,6,80,20,-18,-27,0,8,2
02,6,360,30,-38,-51,0,0,-8
02,6,50,30,-30,-59,0,0,1
02,6,40,40,-35,-47,0,3,4
02,6,70,60,-35,-105,0,0,3
02,6,80,70,-41,-112,0,0,-3
02,6,30,40,-63,-88,0,0,2
02,6,50,30,-71,-96,0,0,4
02,6,80,40,-73,-98,0,1,5
02,6,140,20,-3,-6,-1,8,2
02,6,10,40,19,14,-1,8,-1
02,6,310,20,-12,-16,0,0,-18
02,6,180,60,2,-14,0,8,5
02,6,210,40,30,27,0,8,-1
02,6,190,50,30,-1,0,8,5
02,6,190,80,89,84,6,8,-2
02,6,200,70,68,53,-1,8,0
02,6,230,70,78,34,0,1,-3
02,6,180,90,88,80,16,8,5
02,6,250,30,30,22,0,6,10
02,6,220,20,6,3,0,8,4
02,6,210,30,40,20,0,8,0
02,6,140,10,-8,-10,0,8,1
02,6,140,10,8,-18,0,0,-16
02,6,200,30,40,0,0,1,-4
02,6,160,20,27,4,0,8,-6
02,6,170,20,15,-16,0,0,-8
02,6,230,20,54,44,0,1,-5
02,6,190,20,33,18,0,8,14
02,6,200,30,48,39,0,7,8
02,6,0,0,70,67,0,8,1
02,6,100,30,35,32,0,0,-1
02,6,130,10,-3,-28,0,0,-6
02,6,120,20,23,-34,0,0,-1
02,6,50,10,-6,-17,0,8,7
02,6,180,10,13,0,0,0,1
02,6,220,20,22,20,0,1,24
02,6,210,50,115,111,4,8,2
02,6,200,40,73,54,0,8,-2
02,6,240,60,101,71,0,8,2
02,6,270,70,58,17,0,7,-11
02,6,250,10,6,3,0,8,-1
02,6,210,30,16,7,0,0,-4
02,6,110,30,6,-9,0,0,4
02,6,170,40,62,30,0,8,7
02,6,200,100,87,52,0,8,-1
02,6,270,130,66,41,13,8,10
02,6,250,80,62,-13,0,8,-2
02,6,240,50,50,2,0,8,-1
02,6,160,60,49,19,0,8,-1
02,6,290,40,61,36,0,8,1
02,6,200,50,86,56,0,8,2
02,6,200,120,123,104,1,8,8
02,6,200,50,67,30,0,1,1
02,6,220,50,54,26,0,4,-1
02,6,270,50,52,20,0,7,-6
02,6,210,50,84,62,0,8,2
02,6,210,40,34,10,0,7,-3
02,6,210,80,74,12,0,8,2
02,6,200,60,87,84,17,8,17
02,6,140,10,46,22,0,8,4
02,6,240,30,59,38,2,7,6
02,6,250,30,17,8,-1,8,-6
02,6,170,40,22,8,0,8,3
02,6,210,30,8,-4,0,7,-1
02,6,200,70,98,61,0,8,-9
02,6,140,26,-29,-42,-1,8,1
02,6,40,10,-92,-98,0,0,-4
02,6,20,10,-95,-106,0,4,-5
02,6,60,15,-98,-110,0,0,15
02,6,50,26,-21,-29,0,8,2
02,6,80,62,-64,-98,0,0,-12
02,6,70,51,-101,-126,-1,8,2
02,6,80,67,-70,-95,0,8,1
02,6,100,26,-82,-94,0,6,-3
02,6,0,0,-61,-70,-1,8,-4
02,6,160,21,-30,-38,0,8,0
02,6,250,15,-90,-95,-1,8,16
02,6,220,10,-75,-80,0,8,4
02,6,990,5,-85,-90,0,9,10
02,6,220,46,-17,-24,0,8,3
02,6,310,31,19,12,0,7,1
02,6,990,5,-25,-32,0,8,5
02,6,0,0,-54,-59,0,6,4
02,6,0,0,-67,-72,0,0,2
02,6,210,10,-20,-27,0,8,6
02,6,160,21,-4,-8,0,9,-2
02,6,220,51,29,14,0,1,0
02,6,220,93,85,71,0,8,5
02,6,180,41,54,41,0,0,4
02,6,220,21,64,57,2,8,3
02,6,90,5,33,29,0,9,2
02,6,60,10,15,9,0,0,-5
02,6,100,36,28,-6,0,8,0
02,6,0,0,-18,-19,0,9,-5
02,6,0,0,-29,-30,0,9,3
02,6,240,98,28,27,1,8,4
02,6,240,46,20,16,10,8,-8
02,6,300,51,78,77,2,8,1
02,6,250,31,56,50,0,8,3
02,6,200,26,47,43,0,1,-9
02,6,150,21,-16,-17,0,0,9
02,6,160,46,19,6,0,0,3
02,6,250,72,47,40,6,8,8
02,6,170,46,58,52,2,8,1
02,6,180,26,92,91,-1,8,2
02,6,270,36,86,66,0,8,-11
02,6,220,62,31,22,0,0,1
02,6,220,77,89,85,9,8,0
02,6,240,62,34,-1,0,4,0
02,6,320,46,1,-9,0,7,-2
02,6,350,5,-52,-55,0,1,0
02,6,250,10,-24,-40,0,7,5
02,6,280,21,6,5,-1,7,-6
02,6,240,31,-2,-8,0,7,1
02,6,220,36,3,-1,0,7,-2
02,6,230,67,54,31,0,7,0
02,6,210,26,64,63,-1,8,0
02,6,30,10,35,34,0,6,-11
02,6,200,36,68,39,0,7,-13
02,6,150,21,64,55,0,7,0
02,6,190,31,34,30,0,0,-3
02,6,150,31,34,28,0,0,-12
02,6,90,31,-33,-56,0,0,2
02,6,250,31,3,2,0,8,0
02,6,190,10,14,14,0,8,-5
02,6,160,10,-22,-22,0,9,-1
02,6,240,36,-9,-9,-1,8,-1
02,6,210,46,18,17,-1,8,-1
02,6,190,10,51,51,-1,9,0
02,6,30,21,45,44,-1,8,3
02,6,80,26,34,34,-1,8,0
02,6,100,21,25,21,0,8,0
02,6,140,26,8,-5,0,8,0
02,6,70,10,-38,-39,0,0,2
02,6,70,10,-22,-22,0,9,0
02,6,130,31,-11,-11,0,8,-1
02,6,230,15,-3,-13,0,8,0
02,6,290,21,22,22,0,8,6
02,6,300,41,73,73,4,8,1
02,6,250,15,43,42,0,7,1
02,6,280,72,49,24,0,1,2
02,6,260,26,14,11,0,2,1
02,6,340,93,20,4,-1,5,14
02,6,330,26,4,-3,-1,7,0
02,6,30,46,-30,-56,0,0,-3
02,6,20,5,-35,-35,0,5,16
02,6,150,15,-17,-20,0,8,3
02,6,190,26,17,17,0,8,0
02,6,360,15,29,29,1,8,-2
02,6,250,31,-38,-38,0,3,2
02,6,200,41,44,14,0,8,-1
02,6,260,46,35,6,0,1,-4
02,6,120,46,11,-5,0,2,0
02,6,140,26,49,48,-1,8,2
02,6,40,31,39,39,0,7,4
02,6,260,10,48,48,0,9,0
02,6,150,41,8,2,0,3,1
02,6,260,15,46,43,0,8,-3
02,6,180,46,29,17,0,8,5
02,6,300,62,48,38,7,6,0
02,6,10,5,22,10,0,8,-1
02,6,70,31,0,-10,0,0,-2
02,6,60,57,1,-23,0,8,-2
02,6,80,62,-73,-129,0,0,1
02,6,120,93,-25,-142,0,1,1
02,6,120,31,6,-79,0,7,-9
02,6,70,21,-50,-98,0,1,2
02,6,90,21,-44,-78,0,0,-5
02,6,110,10,-47,-108,0,0,-7
02,6,60,31,-59,-76,0,0,-1
02,6,230,15,-103,-116,0,0,1
02,6,80,15,-33,-55,0,8,3
02,6,100,26,-19,-19,1,8,2
02,6,0,0,6,6,0,9,7
02,6,310,21,1,1,0,9,-3
02,6,130,31,34,33,0,7,10
02,6,190,31,62,45,0,7,10
02,6,170,15,56,56,-1,8,2
02,6,210,93,105,89,0,8,6
02,6,300,21,45,42,0,4,-5
02,6,180,36,19,10,0,8,1
02,6,210,62,71,71,2,8,2
02,6,230,36,61,61,0,8,3
02,6,260,46,100,100,-1,7,1
02,6,260,98,88,55,-1,8,-1
02,6,240,72,89,86,4,8,2
02,6,360,10,-1,-2,0,2,-5
02,6,120,36,2,-22,0,4,0
02,6,190,46,74,68,-1,8,0
02,6,260,82,81,47,0,2,-9
02,6,170,31,63,51,0,7,5
02,6,250,67,61,57,17,8,6
02,6,200,77,91,88,3,7,6
02,6,230,82,67,44,0,7,-2
02,6,240,67,69,37,0,6,-10
02,6,230,57,35,26,0,4,3
02,6,210,77,64,50,4,8,-2
02,6,260,67,88,68,0,3,-4
02,6,200,57,86,74,0,7,1
02,6,200,51,18,6,0,1,5
02,6,220,67,24,18,0,4,-2
02,6,130,21,41,37,-1,8,-1
02,6,120,26,31,31,0,8,1
02,6,240,15,-5,-5,0,1,-8
02,6,250,31,-11,-15,0,4,-2
02,6,240,82,85,81,-1,8,4
02,6,90,21,-43,-93,0,0,0
02,6,50,15,-29,-42,0,7,-1
02,6,260,10,-14,-30,0,8,2
02,6,360,21,-21,-25,0,8,-2
02,6,270,26,-15,-50,-1,8,-2
02,6,100,51,-47,-70,0,4,2
02,6,120,31,-45,-81,0,8,4
02,6,10,26,-57,-99,0,8,0
02,6,90,15,-51,-99,0,8,2
02,6,160,46,20,-29,0,8,2
02,6,180,57,28,18,0,7,1
02,6,170,67,39,35,-1,8,3
02,6,330,31,14,14,1,8,1
02,6,10,67,3,-13,0,8,-5
02,6,260,15,-16,-39,0,8,0
02,6,250,46,40,40,2,8,2
02,6,290,103,63,12,0,7,-5
02,6,210,98,53,50,3,8,8
02,6,180,26,22,22,0,7,-7
02,6,20,87,-30,-50,-1,8,-2
02,6,20,62,-52,-78,0,6,-6
02,6,260,21,-46,-60,-1,7,9
02,6,170,31,-19,-30,0,8,-9
02,6,170,51,-4,-18,0,7,10
02,6,200,67,74,44,0,7,-4
02,6,220,10,59,55,5,8,-1
02,6,120,10,7,7,0,8,9
02,6,50,62,30,29,0,8,0
02,6,20,26,7,7,0,8,-1
02,6,80,20,22,-23,0,8,-3
02,6,150,30,-20,-30,0,1,-2
02,6,310,20,13,13,0,8,-5
02,6,200,70,23,10,-1,8,3
02,6,300,10,52,51,21,8,-16
02,6,200,50,15,15,0,8,6
02,6,190,40,48,4,0,8,1
02,6,0,0,26,26,0,8,-10
02,6,220,40,75,71,0,7,-1
02,6,200,40,60,40,0,4,2
02,6,220,50,26,8,0,1,0
02,6,250,90,109,100,-1,8,0
02,6,220,80,73,53,0,5,-1
02,6,220,40,9,0,0,0,3
02,6,260,20,-13,-13,0,4,10
02,6,170,20,3,2,0,4,5
02,6,190,40,46,20,0,8,3
02,6,200,70,88,84,16,8,2
02,6,250,50,19,-2,0,1,-8
02,6,250,90,63,8,0,0,2
02,6,230,100,95,60,0,8,-2
02,6,220,40,75,66,0,7,7
02,6,180,40,66,56,0,7,1
02,6,200,90,104,83,4,8,9
02,6,250,140,125,59,0,7,-6
02,6,240,80,77,43,0,6,5
02,6,320,20,49,32,0,7,0
02,6,190,60,64,27,0,7,-3
02,6,100,30,-64,-121,0,2,-3
02,6,190,10,-110,-118,0,0,4
02,6,270,30,-2,-6,0,4,-16
02,6,190,20,-39,-39,0,0,-1
02,6,210,30,4,3,0,7,-15
02,6,220,30,36,15,0,8,-1
02,6,180,50,10,-9,0,7,4
02,6,220,30,-10,-10,0,2,1
02,6,190,30,23,-3,0,7,-6
02,6,200,40,29,0,0,5,-14
02,6,200,10,50,44,0,8,3
02,6,230,60,75,56,0,3,2
02,6,240,40,106,87,0,7,2
02,6,190,10,48,48,0,1,-5
02,6,220,40,75,63,0,6,-11
02,6,230,70,120,79,0,8,-5
02,6,300,30,58,46,0,8,3
02,6,190,10,1,-2,0,1,-3
02,6,240,50,49,40,0,7,6
02,6,180,30,83,75,0,8,-9
02,6,190,30,82,53,0,6,-2
02,6,180,20,50,50,0,4,-2
02,6,210,30,19,19,0,8,-9
02,6,250,30,76,76,0,7,-2
02,6,300,10,45,45,0,3,-13
02,6,220,30,86,72,0,8,0
02,6,220,70,77,48,0,8,2
02,6,260,50,41,31,24,7,4
02,6,280,20,36,33,-1,8,3
02,6,330,30,55,55,-1,8,0
02,6,220,40,38,38,0,7,-1
02,6,240,60,81,81,-1,8,1
02,6,270,80,69,26,-1,7,-2
02,6,280,50,24,15,1,7,-2
02,6,300,60,22,3,-1,7,-9
02,6,270,60,-1,-1,-1,7,-2
02,6,990,10,-11,-11,0,8,-1
02,6,220,50,-6,-6,2,6,-2
02,6,300,20,-41,-44,0,1,5
02,6,990,10,-69,-73,0,7,-2
02,6,350,10,-92,-99,0,1,3
02,6,240,10,-90,-94,0,4,5
02,6,210,40,-1,-1,0,8,2
02,6,240,80,34,34,5,8,5
02,6,300,70,16,14,9,7,-9
02,6,80,10,7,7,0,8,1
02,6,220,70,79,79,2,8,2
02,6,290,30,62,46,0,8,-6
02,6,230,50,46,29,0,7,0
02,6,260,60,26,6,-1,7,-7
02,6,290,60,11,11,13,7,6
02,6,210,20,-1,-1,0,7,5
02,6,0,0,-29,-29,0,1,8
02,6,230,70,52,35,0,8,3
02,6,190,50,44,31,0,8,4
02,6,220,60,38,30,0,1,-4
02,6,220,60,88,67,0,8,-1
02,6,220,50,67,59,5,8,-1
02,6,260,50,46,28,0,1,-6
02,6,220,60,66,52,-1,8,0
02,6,210,50,52,30,0,4,4
02,6,220,40,51,23,0,7,-2
02,6,260,50,77,60,1,7,-10
02,6,230,60,82,44,0,7,1
02,6,280,90,54,-4,2,6,-1
02,6,190,60,58,11,0,7,-3
02,6,240,30,-10,-20,0,0,-2
02,6,190,50,20,-2,0,1,-3
02,6,230,50,55,35,0,5,-8
02,6,220,30,-15,-21,0,0,-3
02,6,270,30,77,70,27,8,-10
02,6,280,90,38,-5,0,5,-5
02,6,270,50,10,-10,0,2,2
02,6,160,70,5,0,9,8,6
02,6,260,40,50,40,0,8,3
02,6,300,30,11,-1,0,7,-4
02,6,160,20,-28,-33,0,6,5
02,6,230,20,29,25,0,8,-1
02,6,150,20,-14,-19,0,5,2
02,6,230,70,91,84,-1,8,1
02,6,330,30,39,33,5,8,2
02,6,200,20,-7,-18,0,6,2
02,6,160,40,0,-16,0,2,10
02,6,220,100,119,60,0,7,-4
02,6,190,50,43,24,0,2,1
02,6,300,20,-22,-26,0,9,-4
02,6,220,30,-1,-2,0,8,0
02,6,110,20,5,3,11,8,1
02,6,220,50,49,37,-1,8,-1
02,6,220,100,86,66,1,8,-2
02,6,190,80,103,77,-1,7,1
02,6,200,60,94,76,-1,7,-4
02,6,200,100,107,64,0,6,1
02,6,310,20,25,16,0,7,-6
02,6,120,10,-29,-34,0,4,12
02,6,200,60,80,47,0,8,1
02,6,200,70,107,81,0,7,-3
02,6,20,60,56,38,0,7,2
02,6,70,40,13,10,0,8,-1
02,6,70,20,-1,-5,0,0,-9
02,6,230,10,-20,-24,0,0,0
02,6,350,50,36,19,0,8,1
02,6,350,20,16,0,0,8,2
02,6,240,20,7,-5,0,1,4
02,6,290,20,23,19,0,5,-1
02,6,240,40,44,35,-1,8,4
02,6,270,40,44,40,0,7,7
02,6,300,30,21,12,0,7,-3
02,6,60,70,-10,-16,5,8,-6
02,6,230,40,-28,-55,0,7,-1
02,6,250,40,1,-2,2,8,-1
02,6,130,60,0,-33,0,6,-1
02,6,120,20,16,-30,0,6,7
02,6,220,50,71,67,0,3,12
02,6,170,60,90,52,0,,5
02,6,170,60,72,25,0,,2
02,6,210,70,64,33,0,4,2
02,6,200,80,114,106,5,8,5
02,6,230,70,53,39,0,1,-3
02,6,260,30,33,33,-1,3,-14
02,6,230,60,92,89,0,7,0
02,6,220,90,119,93,0,,-2
02,6,230,50,66,54,7,,3
02,6,220,110,99,85,2,8,5
02,6,240,80,119,93,0,4,-2
02,6,230,30,81,77,-1,8,-1
02,6,50,70,23,-2,0,1,-7
02,6,10,30,-41,-56,0,1,8
02,6,30,40,-17,-49,0,,7
02,6,220,10,-45,-49,0,,6
02,6,220,40,34,16,0,7,2
02,6,230,100,53,36,-1,8,4
02,6,260,90,97,84,3,8,-2
02,6,330,50,13,-12,0,4,1
02,6,220,120,45,31,-1,8,3
02,6,240,80,39,19,-1,6,0
02,6,280,40,14,-1,0,,-2
02,6,0,0,63,63,6,8,1
02,6,210,100,107,95,9,8,1
02,6,240,90,50,19,0,2,-3
02,6,220,90,43,12,0,3,-2
02,6,180,40,-56,-77,0,,-5
02,6,220,60,13,12,0,,1
02,6,240,60,39,21,0,5,-3
02,6,240,40,-9,-13,0,6,-4
02,6,290,30,9,-5,0,3,-5
02,6,990,10,-15,-28,0,5,-17
02,6,200,40,17,13,-1,8,2
02,6,200,40,51,51,0,,1
02,6,160,30,50,44,0,,-1
02,6,130,10,-23,-30,0,0,3
02,6,150,20,-4,-4,0,9,1
02,6,100,20,-31,-33,0,8,1
02,6,70,20,-52,-61,0,0,0
02,6,60,20,-60,-101,0,0,7
02,6,40,40,-29,-50,0,,2
02,6,60,40,-13,-63,0,,-14
02,6,50,40,-54,-78,0,0,-5
02,6,40,20,-77,-87,0,1,-1
02,6,90,40,-35,-82,0,1,-1
02,6,110,30,-15,-46,0,0,0
02,6,140,10,-37,-50,0,3,1
02,6,120,20,-20,-40,0,,6
02,6,140,30,-17,-35,0,,7
02,6,150,20,-8,-17,0,2,5
02,6,100,20,-5,-34,0,0,4
02,6,120,20,-5,-42,0,0,3
02,6,140,20,22,6,0,6,1
02,6,190,30,77,34,0,7,-3
02,6,220,130,108,72,-1,,-8
02,6,240,70,119,85,0,8,-4
02,6,200,50,101,79,0,5,1
02,6,230,80,125,86,1,7,0
02,6,220,60,120,94,-1,8,5
02,6,200,50,106,86,0,7,-5
02,6,260,90,72,42,0,,2
02,6,240,100,37,25,18,,8
02,6,270,40,26,-5,-1,1,-8
02,6,220,40,-15,-30,0,5,3
02,6,320,50,78,76,1,8,2
02,6,0,0,11,2,0,4,-3
02,6,260,20,61,58,0,8,0
02,6,0,0,53,48,0,,-2
02,6,210,10,44,41,0,,-1
02,6,250,10,-7,-9,0,5,0
02,6,210,10,20,15,0,8,2
02,6,340,40,46,19,0,7,-12
02,6,40,70,1,-9,0,3,5
02,6,60,60,-18,-54,0,0,-2
02,6,60,40,-14,-49,0,,7
02,6,10,40,7,-27,0,,-3
02,6,330,30,-17,-37,0,1,3
02,6,220,30,-15,-22,0,7,7
02,6,240,40,5,3,0,8,-1
02,6,220,80,-16,-35,0,5,-1
02,6,180,40,-31,-45,0,5,10
02,6,210,20,-68,-74,0,,5
02,6,20,20,-55,-60,0,,7
02,6,310,40,39,17,0,,-1
02,6,310,50,57,52,2,,-2
02,6,310,30,55,43,0,,0
02,6,0,0,51,44,0,,1
02,6,130,30,-10,-30,0,,0
02,6,130,30,4,-17,0,,-5
02,6,80,30,-25,-56,0,,-1
02,6,170,20,-37,-44,0,,1
02,6,180,20,9,-2,0,,2
02,6,220,90,83,49,0,,-7
02,6,0,0,74,70,3,,-3
02,6,220,100,102,95,1,,1
02,6,260,80,45,15,-1,,0
02,6,310,50,19,3,0,,4
02,6,350,50,11,-7,0,,4
02,6,20,40,-23,-43,0,,-3
02,6,90,10,-10,-51,0,,1
02,6,210,30,-11,-53,0,,1
02,6,260,20,13,10,-1,,6
02,6,250,30,5,1,0,,3
02,6,350,30,1,-2,15,,1
02,6,50,80,-5,-45,0,,-2
02,6,10,30,-28,-43,0,,-5
02,6,170,20,-9,-13,6,,-3
02,6,350,10,-68,-78,0,,14
02,6,290,20,5,0,0,,1
02,6,30,50,-37,-67,0,,-3
02,6,320,10,-97,-112,0,,8
02,6,990,10,-34,-34,0,,-2
02,6,310,10,-41,-42,0,,-2
02,6,190,20,-35,-35,0,,1
02,6,30,10,10,7,0,,-4
02,6,240,10,-4,-5,0,,7
02,6,220,20,27,27,0,,1
02,6,240,50,49,42,-1,,0
02,6,250,70,60,51,13,,-1
02,6,280,30,15,6,-1,,-8
02,6,300,40,23,11,0,,-1
02,6,0,0,4,1,0,,-2
02,6,190,20,-2,-15,0,,4
02,6,150,30,12,-1,0,,-1
02,6,180,30,31,30,0,,2
02,6,180,70,58,50,10,,2
02,6,210,40,65,63,-1,,-1
02,6,180,50,49,31,0,,-8
02,6,180,30,22,16,0,,-9
02,6,120,30,28,26,0,,-4
02,6,50,70,34,27,23,,-1
02,6,30,70,14,9,6,,-1
02,6,60,70,24,2,0,,-4
02,6,20,40,-4,-40,0,,-1
02,6,70,50,-13,-50,0,,2
02,6,50,60,-17,-51,0,,0
02,6,50,50,-5,-47,0,,2
02,6,280,20,-2,-9,0,,1
02,6,200,50,9,5,4,,-2
02,6,340,10,80,76,0,8,-1
02,6,210,40,71,70,0,9,-2
02,6,250,10,-7,-8,0,7,-1
02,6,360,10,43,39,0,8,3
02,6,320,30,-13,-15,0,9,6
02,6,220,30,-13,-16,0,1,-2
02,6,220,30,-17,-18,0,9,-1
02,6,100,40,-27,-31,0,8,10
02,6,240,50,35,19,-1,8,-1
02,6,100,30,28,16,0,8,4
02,6,150,60,79,63,8,8,-1
02,6,160,60,72,60,6,8,-4
02,6,270,70,80,54,0,8,1
02,6,140,30,58,40,1,8,-1
02,6,240,30,21,12,0,0,-5
02,6,120,50,39,3,0,5,1
02,6,120,30,50,-6,0,0,-1
02,6,260,20,44,44,0,9,7
02,6,140,20,44,32,0,8,5
02,6,150,30,51,43,0,8,2
02,6,170,30,69,54,-1,8,8
02,6,180,30,34,27,0,4,7
02,6,160,30,55,49,0,0,12
02,6,150,50,93,67,0,8,-2
02,6,310,40,73,71,50,8,-5
02,6,280,50,72,52,-1,8,-2
02,6,240,30,36,33,0,7,3
02,6,220,70,93,67,-1,8,-4
02,6,230,70,61,22,0,7,-3
02,6,240,30,5,5,10,8,10
02,6,170,40,7,-17,0,0,-2
02,6,180,80,72,23,-1,7,1
02,6,180,90,50,27,5,8,-6
02,6,230,70,87,64,-1,7,-2
02,6,200,20,11,7,0,4,-10
02,6,150,20,-1,-13,0,4,-5
02,6,140,30,17,-22,0,0,-3
02,6,130,20,16,-32,0,0,2
02,6,70,10,19,5,0,0,18
02,6,30,10,-17,-20,0,0,-1
02,6,80,30,8,7,0,9,3
02,6,60,20,8,7,0,8,0
02,6,60,40,32,-9,0,8,-8
02,6,80,40,-21,-68,0,0,-4
02,6,120,10,-54,-85,0,0,-9
02,6,220,10,-66,-76,0,0,-3
02,6,80,30,15,12,0,8,1
02,6,160,20,3,-1,0,5,-3
02,6,230,40,46,45,0,9,6
02,6,230,70,90,70,0,8,-1
02,6,240,30,77,70,0,8,0
02,6,210,20,82,53,0,8,-1
02,6,270,20,57,45,0,8,-1
02,6,210,70,123,70,0,8,5
02,6,240,60,47,29,0,6,-4
02,6,200,20,15,10,0,0,-1
02,6,270,10,63,60,0,7,1
02,6,50,50,-13,-48,0,8,-9
02,6,70,60,-5,-42,0,8,4
02,6,130,20,33,2,-1,8,-9
02,6,240,10,-4,-7,0,8,0
02,6,120,30,10,3,0,5,3
02,6,130,10,0,-1,0,3,15
02,6,330,40,36,33,-1,8,-1
02,6,220,30,-7,-13,0,4,-5
02,6,190,40,16,0,-1,8,-1
02,6,160,30,77,69,9,8,-2
02,6,250,30,0,-13,0,8,-6
02,6,280,20,-14,-21,0,6,1
02,6,220,10,-5,-9,0,8,4
02,6,350,30,-27,-38,0,0,-2
02,6,210,20,-30,-42,0,1,7
02,6,280,20,46,44,1,8,1
02,6,310,40,62,58,3,8,-1
02,6,110,30,-10,-50,0,8,-1
02,6,200,10,-20,-29,0,8,6
02,6,280,40,51,36,0,8,-2
02,6,290,10,37,33,0,8,-3
02,6,260,30,57,42,0,8,-1
02,6,290,30,56,37,1,8,0
02,6,10,30,41,13,0,8,-1
02,6,200,30,33,7,0,8,-2
02,6,250,50,60,48,0,6,2
02,6,250,40,62,38,0,8,-1
02,6,210,20,74,65,0,8,-1
02,6,230,50,-1,-12,-1,8,-4
02,6,210,70,5,-16,0,8,3
02,6,250,40,6,-1,0,2,-2
02,6,200,50,60,52,-1,7,-5
02,6,120,40,28,9,0,8,2
02,6,90,20,0,-1,0,2,-15
02,6,60,20,12,-1,0,8,-3
02,6,80,30,-1,-11,0,8,-1
02,6,30,60,-44,-71,0,8,-1
02,6,40,30,-52,-74,0,7,-7
02,6,40,80,-24,-54,-1,8,-1
02,6,20,40,-53,-69,0,8,4
02,6,10,40,-28,-66,0,8,0
02,6,260,10,-29,-45,1,8,-1
02,6,360,20,-46,-60,-1,8,-2
02,6,170,40,-28,-52,-1,8,3
02,6,120,20,-42,-72,0,1,0
02,6,230,30,23,21,0,9,-1
02,6,190,50,53,26,-1,8,0
02,6,220,50,-3,-14,0,7,-5
02,6,200,20,-8,-9,0,6,8
02,6,150,20,23,5,-1,7,6
02,6,40,50,23,17,0,8,0
02,6,180,30,52,50,0,8,13
02,6,220,80,82,62,-1,8,2
02,6,180,40,85,65,5,8,1
02,6,200,50,46,15,0,8,8
02,6,120,50,61,49,17,8,1
02,6,240,30,-42,-59,0,8,1
02,6,200,30,11,9,0,9,2
02,6,240,40,48,43,0,8,1
02,6,220,100,76,43,-1,8,4
02,6,240,110,111,67,0,8,0
02,6,250,90,107,67,0,8,1
02,6,200,50,76,31,0,8,-5
02,6,250,30,24,9,0,0,1
02,6,150,10,-17,-22,0,0,-1
02,6,210,30,55,31,0,8,0
02,6,250,40,86,72,0,8,-2
02,6,120,20,54,49,16,8,2
02,6,180,20,30,29,0,8,-4
02,6,130,40,43,27,0,4,-2
02,6,140,20,36,29,0,7,-5
02,6,190,30,44,30,0,0,-14
02,6,70,20,23,19,0,0,-20
02,6,60,30,8,-20,0,8,0
02,6,80,30,19,-1,0,8,1
02,6,70,40,12,-24,0,8,-1
02,6,90,40,-13,-62,0,8,-2
02,6,80,40,-49,-83,0,0,0
02,6,160,40,-18,-62,0,8,1
02,6,180,40,26,21,4,8,2
02,6,240,20,77,76,0,8,0
02,6,180,40,70,61,0,8,0
02,6,290,60,57,45,2,8,-4
02,6,350,20,18,10,0,8,-1
02,6,40,60,-80,-112,0,0,1
02,6,60,60,-87,-150,0,0,-1
02,6,30,10,-109,-141,0,8,0
02,6,230,10,-194,-217,0,0,-1
02,6,140,30,-104,-135,-1,8,2
02,6,120,10,-94,-129,0,1,1
02,6,50,30,-126,-160,0,0,-2
02,6,70,60,-38,-82,0,8,0
02,6,350,10,-114,-124,0,1,26
02,6,50,30,-72,-94,0,0,0
02,6,50,30,-108,-143,0,0,2
02,6,330,10,-110,-122,0,8,17
02,6,240,20,-5,-5,-1,9,6
02,6,320,40,29,26,0,8,3
02,6,310,60,53,30,-1,8,-6
02,6,290,20,42,41,0,8,1
02,6,240,40,51,48,-1,8,1
02,6,210,50,72,69,0,8,1
02,6,250,40,18,11,-1,7,-5
02,6,210,20,-27,-29,0,5,16
02,6,230,50,21,-29,0,8,5
02,6,220,50,44,10,0,8,-3
02,6,240,50,67,64,1,8,3
02,6,250,50,98,94,0,8,0
02,6,240,30,56,56,0,9,0
02,6,280,30,48,34,0,8,2
02,6,210,20,5,2,0,8,20
02,6,230,40,79,76,1,8,1
02,6,220,20,92,92,0,9,0
02,6,230,70,75,53,0,7,-19
02,6,270,20,37,33,1,8,3
02,6,240,30,4,0,0,7,9
02,6,250,60,86,72,0,8,3
02,6,250,60,26,20,44,8,2
02,6,50,30,4,1,4,8,1
02,6,280,30,11,7,-1,6,5
02,6,320,20,7,4,-1,8,0
02,6,0,0,-44,-46,0,5,-13
02,6,160,40,-15,-25,0,8,0
02,6,100,60,-12,-72,0,8,1
02,6,50,40,-32,-57,0,1,12
02,6,20,20,-7,-18,0,8,0
02,6,140,50,-22,-67,0,8,4
02,6,230,20,11,8,-1,8,4
02,6,210,10,28,25,0,7,-11
02,6,50,20,34,31,0,8,-2
02,6,0,0,-43,-44,0,9,-1
02,6,220,10,-6,-10,0,8,8
02,6,60,50,-8,-28,0,0,-5
02,6,40,40,-39,-53,0,1,-7
02,6,40,50,-34,-54,0,2,13
02,6,30,50,-51,-71,0,0,6
02,6,10,50,-9,-20,2,8,-1
02,6,30,50,8,-1,0,8,2
02,6,80,30,20,10,0,8,1
02,6,70,40,5,-2,0,8,-1
02,6,60,30,9,-4,0,8,1
02,6,180,70,65,37,2,8,-4
02,6,200,50,32,8,0,0,-5
02,6,130,20,3,-5,0,0,-3
02,6,160,50,43,11,0,6,16
02,6,160,70,73,12,-1,6,-12
02,6,210,70,70,29,0,6,-4
02,6,170,70,104,57,0,7,6
02,6,180,70,68,45,3,8,2
02,6,210,100,61,6,0,8,-1
02,6,120,20,33,10,0,7,0
02,6,230,70,51,28,0,8,-3
02,6,210,40,30,14,0,4,-5
02,6,210,60,53,25,-1,7,-4
02,6,200,60,21,5,0,0,-1
02,6,210,110,110,42,0,7,-1
02,6,230,70,63,37,0,7,-7
02,6,190,40,55,31,0,8,2
02,6,150,30,34,16,0,8,1
02,6,230,50,67,55,-1,8,0
02,6,160,30,51,39,0,3,6
02,6,220,50,67,54,1,8,-1
02,6,190,50,42,23,-1,8,2
02,6,180,40,30,15,0,0,9
02,6,130,30,30,11,0,0,3
02,6,160,30,65,30,0,1,10
02,6,200,20,30,26,0,7,11
02,6,160,40,22,12,0,0,8
02,6,160,30,40,30,0,7,5
02,6,230,30,11,8,4,8,6
02,6,250,40,5,-3,0,1,2
02,6,230,30,-6,-9,0,8,4
02,6,240,10,-46,-51,0,2,17
02,6,140,10,-24,-27,-1,8,-1
02,6,40,70,-22,-45,0,1,0
02,6,20,20,-47,-61,0,0,-2
02,6,330,60,40,2,0,7,-4
02,6,250,40,30,24,0,8,7
02,6,320,20,47,44,0,8,0
02,6,130,40,44,12,0,8,-3
02,6,160,20,-20,-20,0,9,1
02,6,150,30,-11,-20,0,0,1
02,6,120,30,49,24,0,1,0
02,6,100,10,35,11,0,3,-16
02,6,130,10,-37,-41,0,0,10
02,6,200,20,32,28,0,8,1
02,6,200,10,-36,-37,0,9,2
02,6,180,30,-6,-11,0,0,5
02,6,200,60,45,31,5,8,2
02,6,230,40,23,19,-1,7,-1
02,6,210,20,-13,-16,0,0,-1
02,6,200,80,38,29,3,8,-1
02,6,200,80,41,14,-1,8,1
02,6,220,30,3,-5,0,0,4
02,6,170,40,43,42,0,8,2
02,6,320,60,50,27,0,8,-2
02,6,170,30,-11,-21,0,3,5
02,6,240,80,115,107,1,8,-3
02,6,240,60,101,63,0,8,-1
02,6,230,50,36,21,-1,8,1
02,6,220,50,33,18,0,8,3
02,6,220,50,72,68,0,8,5
02,6,180,40,89,64,0,8,-1
02,6,220,80,94,75,4,8,-21
02,6,200,70,78,60,8,8,7
02,6,230,40,56,42,6,8,6
02,6,230,80,37,26,6,8,-1
02,6,200,30,15,7,0,2,-8
02,6,160,30,23,16,0,8,2
02,6,110,20,4,-19,0,8,-3
02,6,320,20,8,5,3,8,-2
02,6,350,70,19,-10,-1,8,-6
02,6,0,0,-57,-58,0,0,2
02,6,120,20,-40,-51,0,0,-8
02,6,180,30,-6,-44,0,5,-1
02,6,220,20,6,3,1,8,3
02,6,210,80,60,53,3,8,4
02,6,240,80,109,97,1,8,2
02,6,230,90,97,88,7,8,2
02,6,210,30,31,27,0,8,-1
02,6,240,20,-22,-30,0,1,23
02,6,220,20,-38,-41,0,1,30
02,6,190,10,-6,-14,0,8,3
02,6,50,30,-6,-24,0,3,-13
02,6,30,40,-20,-44,0,7,7
02,6,20,40,-19,-26,0,0,14
02,6,140,30,11,-4,0,8,2
02,6,150,30,57,55,0,8,-1
02,6,190,40,90,79,0,8,2
02,6,160,30,32,24,0,6,0
02,6,150,20,36,35,0,8,0
02,6,330,20,23,20,0,8,0
02,6,120,20,42,19,0,8,-1
02,6,60,40,23,19,-1,8,0
02,6,50,40,-3,-20,0,8,1
02,6,50,50,-18,-40,0,8,4
02,6,60,30,-7,-14,-1,8,-1
02,6,90,30,21,15,0,8,2
02,6,70,50,0,-16,0,0,-3
02,6,80,30,2,-34,0,0,2
02,6,140,20,14,-4,0,0,6
02,6,210,30,36,35,0,8,-11
02,6,250,40,60,55,-1,8,3
02,6,240,10,40,40,0,9,-1
02,6,200,40,22,13,0,1,1
02,6,220,60,77,75,-1,8,4
02,6,250,40,88,85,0,8,4
02,6,240,70,96,91,13,8,2
02,6,220,100,88,83,1,8,3
02,6,260,40,31,20,-1,8,-3
02,6,190,30,8,-5,0,8,6
02,6,210,60,72,37,-1,8,-1
02,6,210,70,102,59,0,8,1
02,6,200,80,53,4,-1,8,1
02,6,200,40,10,-7,0,0,2
02,6,250,70,33,19,6,8,0
02,6,210,30,8,3,0,8,2
02,6,360,30,0,-36,0,8,-1
02,6,50,50,-8,-25,0,0,-2
02,6,50,50,-32,-61,0,8,-1
02,6,10,30,-56,-77,0,0,-2
02,6,160,20,-60,-72,0,8,8
02,6,170,40,-22,-52,0,8,3
02,6,210,30,17,14,0,9,1
02,6,210,90,38,29,1,8,7
02,6,250,30,11,-13,0,7,-7
02,6,170,40,-10,-30,0,0,0
02,6,130,30,-24,-62,0,0,-5
02,6,160,60,21,13,6,8,2
02,6,230,30,-5,-13,0,0,-8
02,6,50,20,-10,-28,0,8,15
02,6,140,20,-35,-41,0,0,1
02,6,160,30,-6,-24,0,8,4
02,6,30,30,-16,-28,0,8,15
02,6,30,40,-49,-62,0,0,2
02,6,50,40,-22,-55,0,0,0
02,6,50,40,-29,-45,0,0,2
02,6,70,70,-32,-108,0,0,0
02,6,70,60,-41,-116,0,0,-2
02,6,40,40,-59,-88,0,2,1
02,6,30,30,-91,-113,0,0,16
02,6,70,30,-66,-121,0,0,0
02,6,130,20,1,-1,-1,8,3
02,6,10,30,16,11,4,8,0
02,6,310,30,0,-4,0,2,-7
02,6,180,50,0,-17,0,8,2
02,6,220,40,27,20,0,8,0
02,6,190,40,30,-15,0,8,0
02,6,190,60,83,75,4,8,6
02,6,200,60,66,51,-1,8,1
02,6,220,90,74,40,0,5,-4
02,6,180,60,85,76,17,8,5
02,6,250,40,32,21,0,7,2
02,6,220,20,-4,-7,0,8,-2
02,6,220,40,17,2,0,8,1
02,6,170,10,-8,-18,0,8,-6
02,6,140,20,0,-28,0,0,2
02,6,190,20,-3,-24,0,6,29
02,6,140,20,16,-2,0,8,-4
02,6,160,10,28,-12,0,0,-5
02,6,230,40,57,45,0,8,-5
02,6,180,30,41,19,0,8,2
02,6,200,20,35,29,0,8,9
02,6,260,20,78,69,0,8,-1
02,6,110,20,52,38,0,1,-7
02,6,120,10,11,-34,0,0,-4
02,6,30,20,22,-47,0,0,-3
02,6,30,10,4,-6,0,7,-1
02,6,150,10,10,1,0,0,4
02,6,210,20,21,12,0,0,23
02,6,210,50,112,108,9,8,1
02,6,200,40,74,51,0,8,-2
02,6,240,60,98,67,0,7,3
02,6,260,60,48,14,0,2,2
02,6,290,10,26,21,0,8,0
02,6,220,30,3,-5,0,3,-2
02,6,100,40,16,-10,0,0,-3
02,6,160,30,49,18,0,8,9
02,6,200,80,82,56,0,8,2
02,6,250,110,84,50,8,8,-16
02,6,240,80,54,-13,0,7,-1
02,6,240,70,34,2,0,8,1
02,6,170,60,52,17,0,8,-1
02,6,270,40,61,32,0,8,1
02,6,190,60,77,47,0,8,1
02,6,200,100,118,100,2,8,5
02,6,210,70,70,27,0,7,-1
02,6,230,60,49,26,0,4,-1
02,6,260,60,44,18,0,3,-4
02,6,200,60,83,58,0,8,1
02,6,220,60,25,6,0,5,2
02,6,220,100,73,0,0,8,0
02,6,190,50,87,81,11,8,14
02,6,150,20,46,18,0,8,5
02,6,240,40,60,27,0,5,5
02,6,240,40,9,4,-1,8,1
02,6,170,40,19,5,0,8,4
02,6,210,30,-1,-10,0,6,5
02,6,200,70,92,60,0,8,-3
02,6,110,15,-39,-49,0,8,-2
02,6,70,5,-86,-98,0,0,0
02,6,0,0,-96,-105,0,5,1
02,6,50,21,-88,-109,0,0,4
02,6,50,31,-17,-30,0,8,2
02,6,80,72,-73,-108,0,3,-11
02,6,60,57,-100,-119,-1,7,7
02,6,70,72,-72,-99,0,6,3
02,6,70,15,-98,-108,0,7,-8
02,6,0,0,-70,-84,-1,8,0
02,6,180,15,-42,-53,0,8,0
02,6,250,10,-65,-70,-1,8,5
02,6,240,5,-62,-66,-1,6,1
02,6,0,0,-54,-58,0,9,-1
02,6,220,51,-17,-30,0,8,4
02,6,300,26,16,4,-1,7,-2
02,6,0,0,-14,-30,0,8,-1
02,6,60,5,-16,-20,0,8,2
02,6,30,5,-75,-82,0,0,-16
02,6,220,10,-2,-8,0,8,5
02,6,170,21,-3,-7,0,9,-3
02,6,220,46,27,6,0,2,-3
02,6,220,72,80,61,-1,8,5
02,6,200,41,53,32,0,0,1
02,6,230,15,66,62,1,8,3
02,6,90,15,14,10,0,9,1
02,6,70,21,7,1,0,1,-2
02,6,100,46,10,-21,0,8,1
02,6,150,5,-22,-25,-1,8,-2
02,6,40,5,-29,-30,-1,9,0
02,6,240,77,33,30,7,8,9
02,6,250,36,28,19,13,8,-9
02,6,290,31,65,64,1,8,9
02,6,250,21,58,46,0,8,1
02,6,210,15,39,35,0,1,-7
02,6,200,10,-2,-3,0,0,1
02,6,180,36,13,-2,0,0,-1
02,6,260,72,36,24,17,8,11
02,6,190,46,58,52,3,8,1
02,6,190,26,84,81,1,8,2
02,6,260,41,83,58,0,8,-7
02,6,230,51,28,19,0,1,3
02,6,220,77,91,83,1,8,1
02,6,250,67,35,-3,0,8,2
02,6,350,36,5,-16,0,7,-1
02,6,360,5,-59,-64,0,0,0
02,6,240,15,-4,-54,0,7,-1
02,6,300,5,8,5,0,7,-6
02,6,240,21,-2,-12,0,7,4
02,6,200,21,-2,-8,0,7,-3
02,6,240,72,56,31,0,8,1
02,6,220,26,61,58,0,8,0
02,6,50,15,43,36,0,7,-6
02,6,190,21,59,36,0,7,-4
02,6,170,15,64,49,0,8,0
02,6,210,26,25,16,0,0,-3
02,6,200,26,36,27,0,0,4
02,6,70,31,-62,-70,0,0,1
02,6,250,36,1,1,0,8,0
02,6,190,26,13,13,-1,8,-2
02,6,180,10,-24,-24,0,9,0
02,6,260,41,-8,-8,-1,8,0
02,6,220,46,20,16,0,8,-1
02,6,0,0,50,50,-1,8,0
02,6,40,15,46,46,0,8,-2
02,6,80,57,34,34,-1,8,-1
02,6,90,26,18,17,0,9,-4
02,6,110,31,-4,-8,0,7,2
02,6,60,15,-27,-27,0,2,-1
02,6,110,15,-27,-27,0,9,-2
02,6,100,31,-19,-19,0,9,1
02,6,210,21,-4,-8,0,8,0
02,6,280,15,24,23,0,8,4
02,6,280,41,73,73,13,8,1
02,6,310,10,42,36,0,7,-2
02,6,270,67,49,19,0,1,6
02,6,280,26,22,6,0,3,6
02,6,300,62,22,-4,-1,4,13
02,6,310,15,4,3,-1,7,-3
02,6,20,36,-28,-58,0,0,-3
02,6,40,21,-25,-25,0,8,-1
02,6,130,21,-22,-30,0,7,1
02,6,190,26,15,12,0,8,3
02,6,360,36,29,20,5,8,0
02,6,260,36,-22,-30,0,1,1
02,6,200,46,45,15,0,8,-6
02,6,260,46,37,-1,0,3,-2
02,6,90,31,-7,-10,0,3,8
02,6,90,15,42,42,0,7,4
02,6,40,31,47,43,0,7,-3
02,6,250,15,39,36,-1,8,-1
02,6,130,21,3,-1,0,1,8
02,6,260,21,48,48,-1,8,1
02,6,190,51,25,19,0,7,4
02,6,290,41,50,38,2,8,-3
02,6,10,5,17,8,0,7,-1
02,6,60,36,-6,-12,0,2,-4
02,6,50,67,-2,-23,0,8,-3
02,6,80,98,-76,-132,0,0,2
02,6,90,62,-43,-127,0,1,2
02,6,100,36,-16,-83,0,6,-11
02,6,50,15,-62,-99,0,1,7
02,6,80,26,-73,-95,0,0,4
02,6,80,26,-75,-107,0,0,-5
02,6,50,26,-72,-80,0,0,-10
02,6,220,10,-95,-103,0,0,-14
02,6,80,31,-47,-50,0,7,7
02,6,90,31,-20,-20,0,8,-1
02,6,100,21,1,1,-1,9,0
02,6,320,15,-1,-1,0,8,-1
02,6,120,26,24,24,0,7,17
02,6,180,21,68,53,0,7,-6
02,6,190,15,61,61,0,7,-3
02,6,210,93,100,83,0,8,9
02,6,290,15,42,39,0,1,-1
02,6,170,26,26,11,0,8,3
02,6,210,57,70,69,0,8,2
02,6,240,41,58,58,0,7,4
02,6,260,57,99,96,-1,8,0
02,6,240,72,86,55,-1,8,-1
02,6,240,67,88,85,5,8,3
02,6,350,10,-8,-11,0,1,2
02,6,110,26,0,-16,0,6,-2
02,6,190,57,76,65,-1,8,-2
02,6,260,72,84,50,2,7,-11
02,6,170,41,66,44,0,6,2
02,6,250,62,66,54,1,8,-1
02,6,200,77,88,84,11,8,6
02,6,230,77,70,40,0,6,-3
02,6,250,77,69,26,0,3,-4
02,6,230,57,41,32,-1,6,-7
02,6,200,87,67,44,1,8,-4
02,6,260,46,90,63,0,5,-9
02,6,200,67,92,72,0,6,-1
02,6,220,51,24,8,0,1,-3
02,6,220,77,23,13,-1,4,4
02,6,150,26,42,35,-1,8,-2
02,6,80,21,31,31,0,8,0
02,6,240,21,-1,-2,0,2,3
02,6,250,26,-5,-12,0,4,-7
02,6,230,77,83,75,0,8,4
02,6,80,31,-93,-106,0,0,11
02,6,70,10,-40,-55,0,8,2
02,6,290,10,-17,-31,0,8,2
02,6,350,15,-20,-26,0,8,-1
02,6,250,26,-16,-39,-1,6,0
02,6,90,51,-63,-77,0,1,-4
02,6,90,41,-70,-99,0,7,8
02,6,30,15,-71,-111,0,7,-2
02,6,90,26,-90,-108,0,8,6
02,6,150,46,10,-31,0,8,1
02,6,190,46,28,19,0,7,-1
02,6,170,62,39,35,1,8,0
02,6,350,36,15,15,-1,8,-3
02,6,10,67,3,-16,0,8,-4
02,6,290,10,-15,-43,0,8,-1
02,6,250,41,44,44,1,8,2
02,6,270,82,57,16,0,7,-3
02,6,210,93,49,48,8,8,6
02,6,200,26,25,21,0,7,1
02,6,10,62,-30,-55,-1,8,-4
02,6,20,36,-55,-82,0,5,-5
02,6,280,10,-49,-63,0,7,8
02,6,150,21,-36,-39,0,8,11
02,6,170,46,-7,-24,0,7,9
02,6,200,67,69,42,0,7,2
02,6,200,15,62,50,-1,8,-4
02,6,0,0,6,6,0,7,2
02,6,50,46,29,26,-1,8,-1
02,6,10,26,4,4,0,8,-2
02,6,60,20,15,-23,0,8,-4
02,6,140,10,-25,-36,0,4,-2
02,6,290,10,13,13,0,9,-4
02,6,200,70,23,8,-1,8,2
02,6,50,30,34,31,30,8,-1
02,6,210,50,12,9,0,8,2
02,6,190,50,49,1,0,8,3
02,6,250,10,26,26,0,8,-8
02,6,240,30,76,73,0,7,-8
02,6,210,50,57,37,0,7,3
02,6,220,50,21,-2,0,0,8
02,6,260,80,107,95,0,7,2
02,6,240,80,75,50,0,7,1
02,6,230,40,13,-2,0,0,-4
02,6,280,20,7,3,0,7,4
02,6,150,20,5,1,0,3,7
02,6,190,40,46,16,-1,7,0
02,6,200,80,86,80,12,8,3
02,6,240,40,19,-7,0,3,1
02,6,260,80,62,5,0,1,-1
02,6,230,100,93,59,0,8,0
02,6,220,50,75,64,0,8,3
02,6,180,30,70,52,0,7,-5
02,6,200,100,107,79,3,7,3
02,6,240,130,125,57,0,7,-6
02,6,240,70,75,37,0,1,4
02,6,290,10,44,18,0,7,-1
02,6,200,60,63,22,0,6,-2
02,6,90,30,-78,-121,0,1,-24
02,6,200,20,-114,-121,0,1,13
02,6,250,30,-5,-14,0,1,-8
02,6,200,20,-33,-33,0,0,-8
02,6,220,40,-3,-4,0,2,-10
02,6,210,30,32,18,0,7,0
02,6,180,50,6,-11,0,8,3
02,6,210,30,-23,-23,0,0,8
02,6,210,40,29,5,0,7,0
02,6,210,40,4,-10,0,7,-7
02,6,210,40,55,44,0,8,-1
02,6,220,60,69,53,0,5,-2
02,6,250,40,110,87,0,7,-7
02,6,200,20,27,27,0,1,10
02,6,230,30,73,63,0,7,-8
02,6,230,80,120,78,0,8,-3
02,6,330,30,59,53,-1,8,0
02,6,200,20,-11,-23,0,1,11
02,6,230,50,40,33,0,6,12
02,6,180,30,82,75,0,8,1
02,6,170,20,68,45,0,5,7
02,6,990,10,17,17,0,1,10
02,6,220,50,14,14,0,8,3
02,6,250,30,81,79,0,8,0
02,6,300,20,61,61,0,4,-2
02,6,210,30,88,75,0,8,0
02,6,220,80,76,52,0,8,2
02,6,240,60,43,32,14,,2
02,6,280,30,39,39,-1,8,3
02,6,330,20,55,55,0,8,1
02,6,230,40,43,43,0,7,-4
02,6,240,70,85,84,-1,8,1
02,6,270,120,66,37,-1,7,-4
02,6,270,40,20,11,0,,3
02,6,300,50,18,9,-1,,-1
02,6,250,50,-4,-4,0,6,3
02,6,320,10,-20,-20,0,5,4
02,6,230,50,-2,-2,-1,7,3
02,6,310,20,-18,-23,-1,6,5
02,6,350,10,-37,-44,0,7,-2
02,6,990,10,-96,-101,0,,2
02,6,330,10,-86,-88,0,,3
02,6,210,40,-4,-4,0,8,2
02,6,240,80,34,34,10,8,5
02,6,310,50,12,9,3,,-3
02,6,190,10,8,8,0,8,-1
02,6,220,70,76,76,1,8,2
02,6,290,30,64,48,0,,-5
02,6,240,60,48,34,0,,4
02,6,270,70,24,3,-1,6,-1
02,6,270,70,18,12,0,7,-1
02,6,220,20,-15,-15,0,5,7
02,6,230,20,-29,-29,0,1,1
02,6,230,70,54,41,0,8,-1
02,6,190,50,43,34,0,,3
02,6,230,50,39,35,0,,-3
02,6,220,80,87,71,0,8,0
02,6,220,60,69,64,11,8,-1
02,6,250,40,51,36,0,3,-7
02,6,210,70,67,56,0,8,-1
02,6,220,60,55,38,0,,-3
02,6,220,40,45,28,0,,0
02,6,260,60,75,58,4,6,-5
02,6,240,70,77,43,0,8,1
02,6,270,90,45,6,2,7,6
02,6,200,80,66,16,0,8,-11
02,6,230,40,-10,-15,0,0,-9
02,6,200,40,21,3,0,,4
02,6,220,50,46,30,0,,8
02,6,220,30,-25,-29,0,0,-6
02,6,270,30,74,67,2,8,-6
02,6,270,90,42,13,-1,7,-10
02,6,280,40,17,-4,0,3,-6
02,6,160,70,5,1,7,8,2
02,6,260,40,58,49,0,,-6
02,6,300,30,21,8,0,,-8
02,6,200,10,-36,-39,0,3,6
02,6,210,30,30,24,0,7,2
02,6,130,10,-35,-37,0,2,1
02,6,230,70,86,84,2,8,3
02,6,330,20,32,31,7,8,3
02,6,210,30,-15,-17,0,,4
02,6,180,40,6,-8,0,,7
02,6,210,90,119,68,0,7,-4
02,6,180,60,43,29,0,4,1
02,6,310,20,-23,-25,0,9,-3
02,6,210,30,1,0,-1,8,-1
02,6,100,20,1,0,10,,0
02,6,230,50,48,41,-1,,-2
02,6,200,80,84,66,1,8,-4
02,6,190,80,101,80,0,8,4
02,6,190,60,96,77,0,8,-3
02,6,200,90,108,64,0,6,0
02,6,300,20,27,16,0,5,-3
02,6,990,10,-33,-36,0,,1
02,6,200,80,78,46,0,,0
02,6,200,60,104,81,0,7,0
02,6,20,30,57,41,0,8,-1
02,6,50,40,14,13,0,8,4
02,6,70,30,-8,-9,0,0,11
02,6,0,0,-16,-18,0,0,-1
02,6,340,30,30,21,0,,-1
02,6,330,20,22,5,0,,1
02,6,240,20,10,6,0,,29
02,6,300,30,34,26,0,,-5
02,6,240,50,49,42,0,8,4
02,6,260,40,45,40,0,7,4
02,6,300,30,20,10,0,8,-5
02,6,40,50,-22,-30,7,,-6
02,6,220,50,-24,-49,0,,-2
02,6,240,40,4,1,1,8,3
02,6,130,50,-7,-32,0,6,1
02,6,80,40,1,-23,-1,5,-1
02,6,220,50,74,67,0,1,1
02,6,180,60,94,56,0,,6
02,6,150,40,74,27,0,,-21
02,6,220,80,63,35,0,,-1
02,6,200,90,111,101,4,,6
02,6,230,60,52,40,-1,4,-4
02,6,260,30,41,35,0,3,-22
02,6,240,50,93,90,0,8,3
02,6,220,100,115,97,0,,0
02,6,230,70,67,52,0,,4
02,6,230,120,98,86,2,8,3
02,6,250,90,120,90,0,6,-2
02,6,240,20,81,73,1,8,-7
02,6,40,70,18,-9,0,1,-7
02,6,30,30,-24,-45,0,1,0
02,6,30,30,-20,-45,0,,4
02,6,190,10,-30,-37,0,,-18
02,6,220,50,34,19,0,,2
02,6,230,100,48,36,1,,9
02,6,260,80,94,82,2,8,2
02,6,340,40,14,-24,0,3,0
02,6,220,130,44,32,-1,8,4
02,6,250,90,44,5,0,,6
02,6,290,50,19,2,-1,,-4
02,6,110,10,37,35,2,,1
02,6,210,110,104,102,11,,2
02,6,240,70,50,30,0,3,-6
02,6,220,90,40,13,0,5,-1
02,6,200,50,-47,-69,0,,-7
02,6,220,50,11,9,0,,1
02,6,250,80,37,18,1,,0
02,6,240,40,-8,-13,0,,-6
02,6,270,30,7,-10,0,5,6
02,6,10,10,-9,-31,0,,-24
02,6,200,50,16,9,3,8,2
02,6,210,30,50,49,0,,1
02,6,150,20,54,48,0,,-2
02,6,100,20,-24,-32,0,,-8
02,6,170,20,-18,-21,0,8,5
02,6,100,30,-35,-39,0,7,-5
02,6,60,20,-75,-83,0,0,4
02,6,40,20,-64,-93,0,0,-7
02,6,40,40,-23,-48,0,,-11
02,6,50,50,-31,-68,0,,-7
02,6,50,40,-59,-84,0,1,-4
02,6,60,20,-79,-92,0,1,-4
02,6,90,40,-55,-84,0,1,-3
02,6,70,50,-42,-56,0,1,1
02,6,100,30,-50,-64,0,6,12
02,6,100,30,-27,-46,0,,-19
02,6,110,30,-21,-40,0,,2
02,6,120,30,-23,-35,0,1,9
02,6,190,30,-12,-42,0,0,0
02,6,110,20,-23,-55,0,0,-3
02,6,100,10,15,1,0,7,8
02,6,200,30,71,29,0,7,0
02,6,230,110,103,78,5,,0
02,6,240,60,113,86,0,,1
02,6,210,60,99,79,0,,5
02,6,240,60,120,89,4,7,3
02,6,230,60,122,101,0,8,-2
02,6,220,60,104,87,0,7,-1
02,6,260,90,73,36,0,,3
02,6,240,90,30,18,11,,10
02,6,280,40,18,-3,0,,1
02,6,220,40,-7,-20,0,,1
02,6,330,40,79,73,-1,8,-2
02,6,0,0,3,-6,0,6,5
02,6,270,20,63,59,0,,0
02,6,190,10,55,47,0,,-2
02,6,290,10,51,47,0,,-1
02,6,0,0,-11,-14,0,,1
02,6,220,40,19,17,0,,3
02,6,330,30,44,16,0,6,-16
02,6,50,60,4,-7,0,7,1
02,6,60,60,-25,-55,0,0,-2
02,6,70,40,-32,-55,0,,-1
02,6,360,30,-1,-30,0,,4
02,6,310,30,-5,-34,0,1,0
02,6,220,30,-25,-35,0,6,12
02,6,250,30,-1,-6,0,8,-4
02,6,200,60,-18,-30,0,3,3
02,6,180,30,-34,-52,0,,5
02,6,230,20,-107,-120,0,,14
02,6,20,20,-46,-52,0,,6
02,6,320,40,40,14,0,,-1
02,6,300,30,57,54,1,,-1
02,6,290,30,54,47,2,,-1
02,6,240,10,50,47,0,,-3
02,6,120,30,-14,-33,0,,3
02,6,130,40,11,-12,0,,0
02,6,70,30,-52,-70,0,,6
02,6,160,10,-49,-52,0,,1
02,6,200,30,13,8,0,,-13
02,6,220,90,81,54,0,,-7
02,6,100,10,58,58,7,,-1
02,6,220,100,103,101,1,,-2
02,6,280,70,41,20,13,,-1
02,6,280,30,19,5,2,,2
02,6,350,40,10,-6,0,,4
02,6,20,30,-19,-39,0,,-1
02,6,90,20,-11,-45,0,,-2
02,6,220,30,-7,-46,0,,0
02,6,330,20,20,20,2,,-6
02,6,280,30,10,6,1,,1
02,6,40,20,3,0,2,,-2
02,6,50,70,-8,-43,0,,-6
02,6,10,30,-30,-49,0,,4
02,6,190,20,-4,-6,0,,-2
02,6,10,10,-53,-60,0,,14
02,6,340,10,9,5,0,,0
02,6,30,40,-37,-65,0,,2
02,6,340,10,-99,-114,0,,11
02,6,110,20,-39,-43,0,,-2
02,6,310,10,-38,-42,0,,2
02,6,210,20,-35,-39,0,,2
02,6,990,10,4,2,0,,-6
02,6,180,10,5,-5,0,,-1
02,6,200,20,13,12,0,,3
02,6,240,50,51,44,1,,0
02,6,250,60,58,49,13,,1
02,6,290,60,18,1,2,,-2
02,6,280,30,16,5,0,,2
02,6,0,0,2,-1,0,,0
02,6,210,20,-5,-15,0,,3
02,6,140,30,14,-7,0,,0
02,6,180,30,30,26,0,,1
02,6,190,70,59,48,7,,-1
02,6,190,30,61,59,1,,3
02,6,190,50,44,28,0,,3
02,6,190,30,27,16,0,,-8
02,6,110,30,31,28,0,,2
02,6,40,60,34,25,13,,-2
02,6,30,60,15,7,3,,1
02,6,70,70,17,-5,0,,-3
02,6,40,30,-5,-42,0,,-2
02,6,70,50,-26,-47,0,,11
02,6,60,80,-19,-52,0,,2
02,6,50,50,-5,-49,0,,-2
02,6,290,20,3,-6,0,,2
02,6,200,50,8,4,8,,1
02,6,280,10,80,77,0,,2
02,6,240,40,71,71,0,,1
02,6,280,20,20,18,0,,-1
02,6,990,10,52,48,0,,0
02,6,310,20,-4,-4,0,,4
02,6,240,30,-27,-29,0,,-2
02,6,230,30,-18,-19,0,,0
02,6,110,50,-29,-31,0,,16
02,6,280,40,36,22,0,,-6
02,6,80,50,16,11,0,,1
02,6,150,50,77,62,-1,,-7
02,6,160,60,74,66,4,,-4
02,6,270,70,78,58,0,,1
02,6,150,30,60,41,0,,-4
02,6,260,20,25,16,0,,3
02,6,120,50,36,15,0,,7
02,6,130,30,44,3,0,,-3
02,6,260,30,44,44,0,,3
02,6,100,10,37,32,0,,-5
02,6,150,20,40,37,0,,12
02,6,180,30,67,49,0,,1
02,6,190,30,33,28,0,,7
02,6,160,30,54,46,0,,2
02,6,140,60,92,68,0,,0
02,6,120,30,76,71,8,,-4
02,6,290,40,69,58,3,,-2
02,6,230,30,34,28,0,,0
02,6,220,90,91,70,0,,-2
02,6,230,90,57,19,0,7,-6
02,6,270,50,16,13,2,8,-6
02,6,170,40,2,-22,0,0,3
02,6,150,40,48,0,0,8,-3
02,6,180,70,48,22,1,7,-6
02,6,230,70,79,63,-1,7,2
02,6,230,30,-4,-9,0,8,-10
02,6,160,10,16,-4,0,8,5
02,6,120,20,5,-22,0,0,-5
02,6,120,20,0,-35,0,0,0
02,6,70,10,-1,-7,0,0,-4
02,6,60,20,-12,-19,0,0,12
02,6,110,20,15,12,0,9,0
02,6,30,30,7,5,0,8,-1
02,6,50,50,12,-5,0,7,-12
02,6,60,40,-50,-82,0,0,4
02,6,120,10,-58,-86,0,0,-9
02,6,0,0,-55,-65,0,8,17
02,6,90,20,16,10,0,8,1
02,6,90,10,-6,-13,0,8,2
02,6,230,30,36,33,0,8,2
02,6,230,80,86,65,0,8,0
02,6,240,40,76,66,0,8,1
02,6,220,20,71,49,0,8,4
02,6,280,20,40,32,0,6,-5
02,6,210,80,113,73,0,8,1
02,6,240,40,33,21,0,0,7
02,6,210,20,-1,-7,0,0,6
02,6,210,10,59,53,0,4,-1
02,6,50,50,-22,-36,0,5,5
02,6,80,70,-5,-34,0,8,4
02,6,120,20,30,5,-1,8,-2
02,6,0,0,-3,-8,0,8,0
02,6,100,30,4,0,0,6,-3
02,6,100,20,-3,-7,0,1,3
02,6,340,20,37,35,-1,8,-1
02,6,240,30,-21,-26,0,3,-14
02,6,180,50,14,-3,-1,8,0
02,6,150,40,67,61,7,8,2
02,6,260,30,-4,-22,0,0,2
02,6,290,20,-11,-20,0,7,-4
02,6,230,20,-1,-5,-1,8,3
02,6,360,20,-27,-38,0,0,-3
02,6,220,30,-43,-53,0,3,4
02,6,290,30,43,41,1,8,2
02,6,300,30,59,54,-1,8,1
02,6,100,20,-22,-52,0,7,7
02,6,240,10,-25,-38,0,7,6
02,6,280,40,46,37,-1,8,0
02,6,280,20,37,33,0,8,0
02,6,260,40,54,41,0,8,1
02,6,290,30,56,32,-1,8,-2
02,6,340,20,40,12,0,8,0
02,6,210,30,30,7,0,8,4
02,6,250,40,58,48,0,7,0
02,6,250,50,62,40,0,8,0
02,6,230,30,73,66,0,8,0
02,6,240,60,3,-2,-1,8,-2
02,6,210,80,7,-11,0,7,1
02,6,240,40,-9,-12,0,2,7
02,6,200,40,57,52,-1,8,-1
02,6,110,40,20,12,0,8,5
02,6,70,10,-10,-10,0,9,1
02,6,40,10,8,3,0,8,-1
02,6,80,60,-14,-17,0,8,-1
02,6,50,40,-47,-69,0,8,-2
02,6,50,30,-68,-77,0,7,-4
02,6,40,60,-24,-47,-1,8,-2
02,6,10,30,-48,-60,0,8,4
02,6,340,20,-30,-59,0,8,1
02,6,290,10,-32,-41,1,8,1
02,6,360,10,-51,-61,1,8,0
02,6,170,40,-29,-46,0,8,4
02,6,90,20,-60,-79,0,0,-4
02,6,230,30,18,17,0,9,0
02,6,190,50,52,31,0,8,1
02,6,220,50,-9,-16,0,2,-4
02,6,180,10,-42,-43,0,7,2
02,6,150,20,26,7,0,8,5
02,6,40,40,20,16,0,8,1
02,6,190,20,44,41,0,8,9
02,6,210,90,82,69,4,8,0
02,6,180,50,94,66,0,8,-6
02,6,210,50,40,18,0,4,8
02,6,110,50,59,50,14,8,0
02,6,250,30,-42,-53,0,8,-1
02,6,210,50,10,10,0,9,3
02,6,240,50,47,45,0,8,-8
02,6,220,90,68,42,-1,8,6
02,6,240,130,110,65,0,8,-1
02,6,250,100,105,68,0,8,-2
02,6,210,60,77,34,0,8,-4
02,6,250,30,32,18,0,0,-22
02,6,100,10,-25,-27,0,0,-1
02,6,220,30,49,31,0,8,2
02,6,250,40,92,77,0,8,-3
02,6,100,60,42,39,32,8,-4
02,6,250,30,42,40,0,8,-4
02,6,120,30,42,29,0,5,-5
02,6,120,20,27,24,0,8,4
02,6,200,20,44,33,0,7,-9
02,6,50,20,-5,-5,0,0,9
02,6,90,40,3,-22,0,8,0
02,6,80,40,9,-4,0,8,1
02,6,80,60,2,-29,0,8,0
02,6,90,50,-35,-76,0,8,-10
02,6,90,40,-63,-83,0,0,1
02,6,160,30,-25,-64,0,8,4
02,6,170,40,15,14,2,8,2
02,6,160,20,56,56,0,9,2
02,6,170,40,65,60,0,8,0
02,6,280,60,55,48,2,8,-5
02,6,20,20,11,10,-1,8,1
02,6,50,50,-80,-113,0,0,3
02,6,50,70,-90,-147,0,0,-3
02,6,0,0,-107,-128,0,7,-2
02,6,360,10,-176,-187,0,0,-4
02,6,140,30,-96,-125,0,6,-4
02,6,100,20,-117,-149,0,1,5
02,6,30,30,-136,-166,0,0,-2
02,6,60,70,-37,-71,0,8,1
02,6,330,20,-78,-84,0,8,15
02,6,50,40,-71,-94,0,0,-6
02,6,60,30,-123,-143,0,0,20
02,6,240,10,-81,-88,0,8,5
02,6,250,30,-2,-2,-1,9,4
02,6,320,30,29,25,0,8,2
02,6,310,50,50,23,0,7,-1
02,6,270,20,29,27,0,8,7
02,6,250,40,54,51,1,8,0
02,6,210,60,68,65,0,8,2
02,6,270,40,19,6,0,1,-1
02,6,220,20,-34,-36,0,0,-13
02,6,220,60,20,-25,0,8,3
02,6,220,50,46,16,0,8,1
02,6,240,60,68,65,2,8,2
02,6,260,50,98,88,0,8,-2
02,6,230,40,44,43,0,9,3
02,6,280,30,52,34,0,8,1
02,6,240,30,13,10,0,8,14
02,6,240,40,78,75,1,8,1
02,6,240,20,92,89,0,8,0
02,6,220,60,71,56,2,8,-17
02,6,260,20,36,33,1,8,3
02,6,250,30,18,6,0,5,-6
02,6,250,70,82,71,0,8,3
02,6,260,90,35,21,20,8,-12
02,6,80,40,1,-2,21,8,1
02,6,290,30,13,6,0,5,-4
02,6,340,20,6,3,-1,8,-1
02,6,20,10,-22,-24,0,8,-6
02,6,170,30,-10,-28,0,4,0
02,6,90,60,-22,-73,0,8,1
02,6,70,50,-15,-46,0,8,3
02,6,40,20,-9,-27,0,8,-2
02,6,150,40,-24,-65,0,5,2
02,6,210,10,7,7,-1,9,1
02,6,260,20,36,33,-1,8,-3
02,6,70,20,7,4,0,7,5
02,6,70,10,-33,-33,0,9,11
02,6,260,10,5,0,0,8,8
02,6,50,40,-19,-29,0,0,-5
02,6,30,40,-22,-40,0,8,3
02,6,50,50,-26,-49,0,8,-8
02,6,30,40,-43,-69,0,4,2
02,6,10,40,-11,-13,3,8,0
02,6,30,40,7,4,0,7,1
02,6,80,40,18,14,0,8,0
02,6,70,60,4,0,0,8,-1
02,6,70,30,7,-6,0,8,-1
02,6,180,80,60,36,2,8,1
02,6,200,30,20,6,0,0,0
02,6,130,30,0,-8,0,0,-8
02,6,160,60,51,14,0,8,3
02,6,140,60,56,12,0,8,0
02,6,220,80,67,29,0,5,1
02,6,170,70,102,59,0,7,0
02,6,180,80,70,40,-1,8,0
02,6,200,80,60,11,0,8,-2
02,6,120,30,27,8,0,8,2
02,6,240,60,53,36,0,8,-3
02,6,220,50,26,11,0,0,-2
02,6,200,50,45,24,-1,7,-5
02,6,210,60,18,5,0,0,1
02,6,210,120,106,46,0,6,0
02,6,230,70,60,36,0,7,-4
02,6,180,30,45,30,0,8,4
02,6,160,30,37,17,0,8,2
02,6,220,50,63,56,-1,8,2
02,6,180,50,61,46,0,1,1
02,6,210,60,72,58,-1,8,-16
02,6,200,70,45,18,0,8,-2
02,6,180,40,24,10,0,0,4
02,6,120,40,31,10,0,4,3
02,6,160,50,75,34,0,7,8
02,6,200,20,39,32,0,7,5
02,6,170,30,26,14,0,0,6
02,6,160,30,32,27,0,5,9
02,6,200,30,10,7,0,8,3
02,6,250,40,8,1,-1,6,-2
02,6,230,30,5,1,0,8,-4
02,6,290,20,-13,-21,0,6,6
02,6,350,10,-16,-20,-1,8,4
02,6,50,60,-20,-46,0,1,-2
02,6,350,20,-37,-49,0,0,0
02,6,350,50,42,-7,0,6,-3
02,6,280,30,42,30,0,8,-1
02,6,320,20,49,43,0,8,-3
02,6,100,40,47,22,0,8,-2
02,6,130,10,-23,-25,0,8,9
02,6,150,20,-12,-18,0,0,-1
02,6,120,40,40,15,0,5,-3
02,6,60,30,3,-3,0,0,3
02,6,150,10,-31,-33,0,1,10
02,6,220,20,31,30,0,9,1
02,6,220,10,-35,-36,0,9,7
02,6,190,40,-4,-9,0,0,4
02,6,200,70,44,26,3,8,2
02,6,260,30,26,22,-1,7,-6
02,6,200,20,-40,-44,0,0,25
02,6,210,80,39,28,1,8,0
02,6,210,80,39,14,1,8,5
02,6,210,30,-4,-9,0,0,-3
02,6,170,40,41,41,0,8,0
02,6,320,40,50,29,0,8,-2
02,6,190,40,-9,-18,0,2,5
02,6,250,60,115,107,1,8,-1
02,6,250,80,102,50,0,8,-5
02,6,240,40,24,13,0,1,-1
02,6,220,50,30,15,0,8,4
02,6,200,40,62,51,0,8,6
02,6,180,50,88,63,0,8,1
02,6,180,80,97,70,6,8,-23
02,6,200,100,80,57,4,8,-6
02,6,210,90,63,34,0,8,-6
02,6,240,80,34,23,7,8,2
02,6,230,40,6,0,0,2,-6
02,6,170,20,31,21,0,8,-1
02,6,70,30,-24,-34,0,8,2
02,6,340,20,6,2,5,8,-1
02,6,350,60,16,-12,-1,8,-2
02,6,350,10,-48,-54,0,0,-5
02,6,160,20,-35,-55,0,0,-25
02,6,210,40,0,-37,0,1,-4
02,6,230,20,4,2,1,9,2
02,6,210,90,57,50,2,8,4
02,6,240,70,108,96,3,8,1
02,6,240,100,95,89,9,8,-14
02,6,230,30,30,24,0,8,2
02,6,260,20,0,-3,0,3,-16
02,6,250,20,-21,-25,0,4,2
02,6,210,20,-4,-10,0,8,3
02,6,30,20,-12,-32,0,0,-5
02,6,20,30,-11,-39,0,7,-2
02,6,20,20,-10,-22,0,0,3
02,6,130,30,-4,-16,0,8,6
02,6,140,30,51,44,0,8,1
02,6,190,40,89,77,0,8,0
02,6,190,40,47,31,0,0,-9
02,6,200,20,47,40,0,8,-1
02,6,340,20,20,15,0,8,3
02,6,90,40,29,14,0,8,-2
02,6,60,40,14,5,0,8,0
02,6,50,40,-7,-30,0,8,0
02,6,60,40,-18,-45,0,8,1
02,6,70,50,-8,-23,-1,8,-2
02,6,80,50,12,2,0,8,-1
02,6,80,60,-9,-23,0,1,1
02,6,80,40,-10,-40,0,0,3
02,6,100,10,1,-16,0,0,-3
02,6,210,20,38,36,0,7,0
02,6,250,40,62,52,1,8,-1
02,6,0,0,44,43,0,9,0
02,6,210,40,25,10,0,8,-2
02,6,220,60,75,70,0,8,3
02,6,250,20,84,75,0,7,8
02,6,240,90,98,87,14,8,1
02,6,230,100,90,81,1,8,-3
02,6,270,40,29,4,-1,8,2
02,6,190,30,8,-5,0,8,2
02,6,210,50,67,39,2,8,5
02,6,200,50,102,64,0,8,0
02,6,210,100,52,2,0,8,0
02,6,210,40,7,-7,0,0,3
02,6,240,60,38,26,3,8,-6
02,6,210,20,-16,-19,0,8,22
02,6,350,30,-2,-32,0,8,1
02,6,50,40,-10,-21,0,0,-8
02,6,60,40,-40,-63,0,0,-1
02,6,360,20,-53,-74,0,1,-2
02,6,120,10,-79,-90,0,8,14
02,6,180,40,-22,-50,0,8,1
02,6,230,30,17,15,0,8,0
02,6,210,100,38,27,2,8,4
02,6,230,30,-9,-23,-1,4,22
02,6,170,30,-10,-30,0,0,1
02,6,140,40,-20,-58,0,0,-3
02,6,150,50,10,4,7,8,1
02,6,230,30,-22,-26,0,0,-2
02,6,110,20,-10,-22,0,8,-6
02,6,140,20,-28,-42,0,0,0
02,6,170,20,-4,-22,0,8,1
02,6,20,20,-24,-32,0,8,5
02,6,20,20,-30,-44,0,0,-5
02,6,50,30,-33,-60,0,0,4
02,6,40,30,-19,-34,0,6,0
02,6,60,50,-47,-103,0,0,14
02,6,80,70,-47,-114,0,0,-3
02,6,20,40,-53,-77,0,0,-3
02,6,20,20,-76,-96,0,0,8
02,6,80,50,-72,-101,0,2,0
02,6,100,30,-4,-7,-1,8,3
02,6,360,20,10,7,-1,8,0
02,6,310,20,3,-1,0,0,-6
02,6,190,50,0,-17,0,8,4
02,6,220,40,26,23,0,8,0
02,6,170,30,17,-15,0,8,7
02,6,190,70,81,74,5,8,4
02,6,200,70,64,49,-1,8,2
02,6,220,100,76,38,0,4,-5
02,6,180,70,81,74,12,8,5
02,6,250,40,35,23,0,5,-1
02,6,240,30,0,-2,0,8,1
02,6,230,30,27,14,0,8,5
02,6,130,10,-15,-19,0,7,18
02,6,90,10,9,-18,0,0,-13
02,6,220,20,29,-3,0,4,-6
02,6,120,10,-1,-8,0,8,10
02,6,170,10,32,-8,0,0,-5
02,6,230,40,45,37,0,8,-13
02,6,210,30,36,20,0,8,4
02,6,210,20,28,26,0,8,3
02,6,280,20,78,75,0,8,1
02,6,90,30,28,25,0,1,3
02,6,70,10,-19,-40,0,0,1
02,6,120,10,15,-39,0,0,-5
02,6,70,10,7,-10,0,8,4
02,6,90,10,4,-2,0,0,5
02,6,230,20,29,27,0,0,-7
02,6,210,50,111,108,6,8,1
02,6,210,50,72,52,0,8,0
02,6,250,60,101,67,0,7,-1
02,6,260,60,52,17,0,6,-2
02,6,300,10,24,16,0,2,7
02,6,230,30,2,-3,0,0,-7
02,6,110,30,4,-13,0,0,5
02,6,160,20,47,11,0,8,6
02,6,200,100,84,57,0,8,1
02,6,250,130,89,49,4,8,-26
02,6,250,70,56,-7,-1,8,2
02,6,240,60,34,4,-1,8,-8
02,6,170,50,41,14,0,8,8
02,6,250,40,56,42,0,8,2
02,6,190,60,76,47,0,8,-1
02,6,200,130,120,98,1,8,0
02,6,210,70,67,28,0,4,0
02,6,230,70,50,27,0,6,-3
02,6,260,40,41,21,0,5,0
02,6,200,60,78,61,0,8,3
02,6,230,60,24,8,0,7,3
02,6,220,100,72,8,0,8,3
02,6,220,50,82,72,12,8,3
02,6,170,20,42,15,0,8,3
02,6,250,50,69,18,0,8,-11
02,6,250,40,4,1,10,8,6
02,6,190,30,17,7,0,8,2
02,6,220,40,-4,-11,0,1,3
02,6,200,70,94,64,0,8,-2
