03,16,60,26,74,31,0,6,-5
03,16,180,26,82,62,0,7,-1
03,16,220,57,110,35,0,3,-10
03,16,120,51,105,65,0,7,4
03,16,120,31,120,97,0,7,-7
03,16,140,67,160,77,0,6,-16
03,16,160,46,173,82,0,6,-22
03,16,110,31,143,97,-1,8,-14
03,16,240,41,116,85,0,7,-13
03,16,230,57,144,50,0,6,-26
03,16,230,36,128,77,0,3,-3
03,16,70,31,143,80,0,2,-8
03,16,80,26,169,67,0,0,-13
03,16,250,51,164,103,0,6,-4
03,16,260,26,115,92,-1,8,-6
03,16,110,36,162,101,0,5,-3
03,16,160,26,113,68,0,7,3
03,16,230,67,109,83,0,7,-9
03,16,230,82,123,121,4,8,4
03,16,200,36,129,115,0,8,7
03,16,290,15,83,72,22,8,-7
03,16,270,21,90,54,0,6,-10
03,16,40,46,89,53,0,7,-6
03,16,30,57,102,62,0,7,-9
03,16,40,113,46,23,0,8,2
03,16,50,51,84,26,0,6,-1
03,16,50,77,114,19,0,1,-9
03,16,50,62,91,-25,0,7,-10
03,16,70,57,89,-21,0,0,-9
03,16,30,26,85,-27,0,1,-3
03,16,250,21,110,57,0,7,-3
03,16,230,82,148,10,0,0,-26
03,16,260,77,80,-2,0,4,-7
03,16,240,87,88,52,-1,8,-1
03,16,180,15,120,87,0,7,-6
03,16,180,41,160,75,0,7,-18
03,16,260,46,99,36,0,5,-8
03,16,150,41,125,42,0,3,-8
03,16,280,26,110,69,0,7,-4
03,16,280,26,104,54,0,3,-9
03,16,230,98,113,29,0,7,-5
03,16,240,62,59,34,1,2,-1
03,16,230,129,86,77,8,8,0
03,16,290,108,69,51,9,7,-9
03,16,270,82,52,-8,0,7,1
03,16,270,36,40,25,0,7,-1
03,16,250,31,76,8,0,3,-6
03,16,250,21,124,77,0,4,-6
03,16,270,26,149,60,0,5,-5
03,16,280,36,110,45,0,7,-3
03,16,240,87,102,88,0,8,-4
03,16,260,103,88,10,0,7,3
03,16,310,67,82,48,0,7,-9
03,16,340,36,33,32,2,8,0
03,16,30,67,63,6,0,7,1
03,16,280,46,55,-3,0,7,-4
03,16,210,26,44,34,-1,8,-3
03,16,340,36,68,39,-1,8,-5
03,16,290,72,47,1,3,6,1
03,16,180,46,68,25,-1,8,-10
03,16,160,46,120,40,0,6,-12
03,16,250,41,73,46,-1,8,-7
03,16,40,77,26,0,0,8,-8
03,16,50,87,60,-7,0,7,-9
03,16,30,67,5,-38,0,2,-6
03,16,350,41,11,-25,0,7,-3
03,16,240,41,32,19,-1,8,0
03,16,320,51,73,53,0,8,-3
03,16,50,31,63,43,0,7,-1
03,16,100,67,63,-9,0,1,-10
03,16,90,26,88,5,0,0,-10
03,16,250,46,105,57,0,7,-6
03,16,990,15,125,50,0,3,-3
03,16,250,36,150,38,0,0,-9
03,16,180,41,149,24,0,0,-15
03,16,250,36,167,53,0,1,-11
03,16,250,46,171,41,0,0,-9
03,16,260,93,130,83,0,8,-9
03,16,240,108,141,87,0,7,-3
03,16,250,72,106,66,0,7,-2
03,16,280,46,106,-14,0,2,-7
03,16,990,5,137,-11,0,2,2
03,16,260,41,158,42,0,7,-6
03,16,240,77,123,76,-1,7,-2
03,16,250,77,101,-29,0,7,-8
03,16,320,51,82,-30,0,6,-6
03,16,340,77,76,-21,0,5,-14
03,16,40,46,59,-17,1,7,10
03,16,60,62,53,-40,0,5,-5
03,16,90,57,67,-96,0,0,-6
03,16,990,15,84,-100,0,1,-10
03,16,180,26,131,-12,0,7,-1
03,16,180,46,178,63,0,5,-11
03,16,270,26,67,61,5,7,1
03,16,250,77,87,68,0,7,-11
03,16,210,72,91,52,-1,7,-14
03,16,240,57,100,11,0,6,-10
03,16,250,62,142,22,0,7,-16
03,16,240,67,82,36,0,7,-2
03,16,250,72,92,86,-1,8,3
03,16,230,72,122,108,0,8,-1
03,16,240,62,154,74,0,5,-7
03,16,320,36,109,4,0,3,-11
03,16,990,15,121,24,0,6,-9
03,16,240,62,83,12,0,8,-6
03,16,270,87,97,72,1,8,-3
03,16,230,103,107,62,0,7,-1
03,16,240,113,97,80,1,8,-2
03,16,250,103,79,12,0,3,-16
03,16,290,57,44,11,3,6,3
03,16,240,57,70,59,4,8,-5
03,16,280,62,71,-5,0,7,-8
03,16,270,62,71,-25,0,7,-4
03,16,50,41,86,-2,0,2,-7
03,16,220,72,82,45,1,8,0
03,16,230,123,116,102,0,8,4
03,16,300,51,105,25,0,7,-6
03,16,250,118,106,97,6,8,-3
03,16,300,82,56,9,0,6,9
03,16,90,51,85,7,0,6,-8
03,16,220,67,119,77,-1,8,-7
03,16,240,77,133,86,-1,7,-2
03,16,180,72,190,101,0,4,-3
03,16,230,103,131,18,0,5,-5
03,16,220,103,86,60,1,7,-5
03,16,220,67,41,20,0,4,-5
03,16,250,82,52,-41,0,2,-11
03,16,290,26,49,-9,0,6,-17
03,16,200,67,15,11,9,8,4
03,16,280,57,63,-5,-1,5,-8
03,16,190,87,56,-3,0,5,-1
03,16,250,51,29,23,5,8,8
03,16,220,51,81,21,-1,3,-25
03,16,120,72,110,-23,0,6,-10
03,16,80,41,142,49,0,2,-18
03,16,50,36,145,65,0,1,-15
03,16,50,41,120,8,0,0,-12
03,16,80,21,59,4,0,7,-2
03,16,230,67,39,15,1,6,4
03,16,230,82,68,25,0,3,-7
03,16,230,134,123,81,-1,7,-18
03,16,240,118,73,46,2,7,7
03,16,240,57,76,22,5,6,-7
03,16,310,87,56,-12,0,7,-18
03,16,330,72,68,-18,0,3,-3
03,16,260,36,87,-10,0,0,-4
03,16,250,41,142,-10,0,0,-6
03,16,290,51,132,60,0,7,-8
03,16,310,72,85,2,0,7,-8
03,16,250,93,96,62,0,8,-5
03,16,360,134,33,-21,1,5,-8
03,16,210,103,19,11,3,8,-10
03,16,320,82,51,4,0,2,-5
03,16,240,31,80,-42,0,5,-11
03,16,220,67,58,58,6,8,4
03,16,350,51,40,36,5,7,-5
03,16,300,36,28,-24,0,7,-5
03,16,30,31,31,-37,0,4,-10
03,16,240,57,29,0,0,8,-11
03,16,320,46,25,10,0,8,-2
03,16,300,36,54,33,-1,8,-1
03,16,100,82,42,-2,0,6,-5
03,16,90,67,73,-5,0,0,-8
03,16,80,72,78,-3,0,0,-11
03,16,50,51,73,-37,0,0,-7
03,16,50,57,0,-67,0,4,-1
03,16,80,62,3,-101,0,0,-5
03,16,100,62,16,-66,0,3,-5
03,16,80,82,63,-45,0,0,-8
03,16,60,57,100,-21,0,6,-14
03,16,90,15,83,22,0,7,-7
03,16,240,31,54,30,0,7,-1
03,16,990,15,62,39,0,8,-2
03,16,350,26,94,35,0,7,-5
03,16,50,26,123,46,0,6,-8
03,16,200,46,102,70,-1,7,2
03,16,200,31,92,63,-1,8,2
03,16,240,57,118,98,0,7,0
03,16,50,41,82,62,0,8,1
03,16,80,72,124,61,0,7,-3
03,16,30,67,37,17,0,8,-9
03,16,70,51,63,-119,0,0,-4
03,16,270,57,66,-49,0,6,-6
03,16,260,36,29,21,4,7,-23
03,16,320,46,48,-13,0,5,-1
03,16,280,31,23,6,-1,7,-2
03,16,210,70,131,78,0,6,-7
03,16,230,100,127,90,0,8,-4
03,16,990,10,101,17,0,8,-4
03,16,80,30,133,110,0,7,10
03,16,230,50,109,65,0,7,-8
03,16,70,20,79,78,-1,8,1
03,16,170,20,144,54,0,3,-8
03,16,60,30,137,67,0,3,-11
03,16,80,50,152,47,0,0,-12
03,16,260,30,164,28,0,0,-6
03,16,20,40,100,73,0,1,-14
03,16,230,40,166,66,0,0,-10
03,16,250,50,122,85,0,2,-10
03,16,230,40,96,83,-1,8,1
03,16,240,70,99,97,-1,8,3
03,16,230,70,119,97,0,8,-2
03,16,270,30,128,65,0,5,-6
03,16,230,90,87,66,0,8,-4
03,16,320,80,72,49,0,7,1
03,16,250,50,62,21,0,7,3
03,16,320,60,77,16,0,6,-5
03,16,90,20,77,-16,0,2,-3
03,16,230,20,68,61,2,8,3
03,16,10,20,89,50,0,7,-2
03,16,280,20,96,66,0,8,0
03,16,230,80,129,61,0,8,2
03,16,250,90,146,57,0,5,-1
03,16,310,100,89,11,0,5,-11
03,16,310,50,82,24,0,7,-1
03,16,340,30,119,40,0,7,-6
03,16,220,20,147,59,0,0,-8
03,16,310,20,35,28,5,8,-1
03,16,230,80,85,60,-1,8,0
03,16,220,140,130,95,0,8,7
03,16,240,80,106,101,42,8,-19
03,16,290,50,64,33,4,4,1
03,16,230,100,91,86,4,8,1
03,16,240,110,114,76,0,6,-7
03,16,20,60,39,31,5,8,-5
03,16,10,60,66,-9,0,2,-6
03,16,210,60,77,-35,0,6,-7
03,16,190,40,40,25,-1,8,-5
03,16,360,70,54,-14,-1,7,-3
03,16,240,60,48,38,-1,8,-3
03,16,300,50,82,64,-1,8,-7
03,16,290,40,105,74,0,8,-2
03,16,270,20,104,73,0,8,-2
03,16,240,20,101,68,0,8,-2
03,16,290,40,103,58,0,8,-4
03,16,320,40,93,-1,0,4,-5
03,16,290,40,79,66,-1,8,-4
03,16,360,40,83,-2,0,4,-8
03,16,280,30,68,58,0,8,5
03,16,100,80,42,3,-1,7,-1
03,16,70,40,81,-27,0,5,-3
03,16,80,30,108,-45,0,7,-10
03,16,220,60,103,2,-1,8,-18
03,16,220,50,103,98,-1,8,0
03,16,160,40,168,102,0,7,-10
03,16,160,30,202,85,0,7,-19
03,16,260,70,196,122,0,7,-7
03,16,250,20,176,116,0,1,-4
03,16,240,100,105,102,24,8,0
03,16,230,110,122,110,-1,8,2
03,16,200,90,97,41,0,6,-13
03,16,190,50,85,34,0,7,-8
03,16,230,60,43,36,-1,8,-6
03,16,230,70,52,26,-1,3,-5
03,16,190,60,32,17,2,8,-1
03,16,160,60,65,29,-1,8,-16
03,16,240,50,57,31,0,7,2
03,16,300,80,41,25,1,7,5
03,16,80,50,92,33,0,6,-6
03,16,170,40,175,65,0,6,-24
03,16,200,30,158,74,-1,7,-1
03,16,360,20,119,60,0,7,-6
03,16,60,30,114,33,0,4,-9
03,16,70,40,114,23,0,2,-10
03,16,50,30,103,14,0,7,-7
03,16,220,30,99,57,-1,8,-11
03,16,340,50,81,12,0,7,-7
03,16,240,50,86,22,0,7,-2
03,16,200,80,56,43,5,8,-2
03,16,330,70,59,6,0,7,-5
03,16,270,50,88,87,2,8,-1
03,16,210,20,112,61,0,4,-1
03,16,220,80,141,63,0,6,-9
03,16,190,30,106,89,8,8,-11
03,16,30,50,101,16,0,8,-4
03,16,350,30,105,4,0,0,-4
03,16,250,30,147,10,0,1,-4
03,16,220,30,156,77,0,6,-6
03,16,80,50,178,65,0,0,-9
03,16,300,30,58,27,7,7,-2
03,16,230,100,61,10,-1,8,-7
03,16,220,50,39,27,-1,8,1
03,16,270,70,2,1,7,7,-1
03,16,260,50,61,-10,0,7,-1
03,16,240,80,90,-6,0,1,-7
03,16,230,100,114,73,0,7,-3
03,16,240,80,108,98,3,8,1
03,16,280,40,120,83,0,8,-4
03,16,230,60,111,80,0,8,-11
03,16,290,50,94,41,0,7,-2
03,16,210,20,87,42,0,7,-5
03,16,260,40,100,69,0,8,-1
03,16,320,70,67,56,18,8,-3
03,16,280,40,76,-6,0,7,-3
03,16,310,50,93,69,0,8,0
03,16,340,30,94,55,0,8,-4
03,16,330,60,74,21,0,6,-2
03,16,20,30,62,28,0,7,-2
03,16,30,30,93,-11,0,6,-14
03,16,70,30,115,45,0,3,-5
03,16,270,40,155,33,0,4,-8
03,16,70,50,145,47,0,7,-6
03,16,200,30,105,100,3,8,-3
03,16,210,60,113,64,0,7,-6
03,16,300,20,76,52,18,7,-15
03,16,360,30,81,42,0,7,-14
03,16,30,50,35,15,0,8,-4
03,16,50,60,66,45,0,8,-3
03,16,330,30,60,53,-1,8,-1
03,16,230,40,75,51,0,8,-4
03,16,240,60,39,-4,0,7,-4
03,16,20,30,39,-1,0,3,-12
03,16,60,30,0,-30,0,8,3
03,16,50,30,24,13,-1,8,-5
03,16,100,40,38,-19,0,5,-1
03,16,110,40,96,13,0,5,-13
03,16,230,60,142,103,0,7,-13
03,16,190,50,122,95,-1,8,-5
03,16,230,50,103,91,8,8,-4
03,16,220,70,120,105,9,8,-7
03,16,200,40,135,117,-1,7,-7
03,16,240,50,100,38,0,4,-5
03,16,260,40,56,44,24,8,1
03,16,230,70,77,44,0,5,-3
03,16,110,20,99,61,0,7,-5
03,16,60,50,114,81,0,7,-8
03,16,270,20,86,69,0,8,1
03,16,190,40,89,79,16,8,3
03,16,310,50,46,-16,0,7,-4
03,16,80,80,43,-29,0,8,-1
03,16,990,10,94,83,0,7,-4
03,16,290,50,50,39,0,8,0
03,16,240,110,135,82,0,6,-6
03,16,40,50,106,87,0,8,-4
03,16,20,50,30,16,0,8,-2
03,16,80,30,36,2,0,8,-2
03,16,90,60,64,17,0,7,-1
03,16,210,80,97,53,-1,8,-8
03,16,240,80,79,53,11,6,3
03,16,280,30,96,49,-1,7,-7
03,16,220,70,140,56,0,7,-4
03,16,30,30,60,34,0,6,-10
03,16,350,30,57,-53,0,1,-6
03,16,250,30,69,15,0,8,-2
03,16,990,10,100,32,0,3,-21
03,16,310,20,87,32,0,8,-7
03,16,230,100,78,65,2,8,1
03,16,300,80,113,-8,0,6,-7
03,16,230,50,118,28,0,5,-9
03,16,230,100,113,62,0,3,-7
03,16,210,90,115,-5,0,0,-9
03,16,230,60,152,26,0,7,-11
03,16,70,20,131,87,0,8,-9
03,16,30,70,42,35,1,8,0
03,16,70,80,29,17,29,8,-2
03,16,170,40,116,67,0,7,-5
03,16,70,40,148,83,0,7,-10
03,16,250,40,136,95,0,7,-1
03,16,190,100,109,84,20,8,-1
03,16,230,70,103,57,0,8,-2
03,16,260,50,130,67,0,8,-4
03,16,240,60,125,95,0,8,-2
03,16,360,60,92,62,1,7,-5
03,16,30,30,77,-14,0,5,-2
03,16,70,40,80,-14,0,4,-14
03,16,100,30,78,-15,0,3,-6
03,16,360,40,87,-18,0,6,-3
03,16,80,50,96,-38,0,0,-9
03,16,90,70,134,-27,0,0,-8
03,16,190,50,156,0,0,0,-9
03,16,110,20,138,28,0,8,-10
03,16,250,50,146,41,0,7,-7
03,16,150,30,116,75,0,8,-13
03,16,260,30,82,69,-1,8,-1
03,16,120,10,79,42,0,3,-11
03,16,170,40,102,36,0,8,-4
03,16,120,30,140,84,0,8,-11
03,16,270,40,70,49,0,8,2
03,16,160,40,90,41,0,7,-9
03,16,230,90,97,40,0,7,-4
03,16,230,60,139,45,0,3,-4
03,16,220,80,117,79,0,8,-5
03,16,220,110,118,105,15,8,1
03,16,340,40,83,60,-1,3,-6
03,16,30,50,82,4,0,0,-8
03,16,60,70,92,-20,0,0,-9
03,16,70,50,104,-5,0,0,-13
03,16,60,50,115,0,0,0,-12
03,16,10,70,88,31,0,0,-22
03,16,50,40,106,29,0,0,-7
03,16,10,40,123,6,0,0,-16
03,16,80,10,86,20,0,0,-15
03,16,80,60,98,-3,0,0,-7
03,16,90,80,129,-60,0,0,-12
03,16,90,20,164,-20,0,0,-15
03,16,240,60,200,38,0,1,-9
03,16,70,20,135,75,-1,7,1
03,16,40,30,167,69,0,0,-13
03,16,40,20,178,-7,0,1,-14
03,16,70,20,205,55,0,6,-19
03,16,240,30,172,88,0,8,-12
03,16,350,50,157,47,0,0,-7
03,16,30,30,120,13,0,0,-6
03,16,40,30,24,-48,0,6,-7
03,16,270,50,63,-17,0,3,-9
03,16,230,40,65,-11,0,3,-15
03,16,160,40,94,-9,0,7,-10
03,16,100,60,70,-13,0,6,-4
03,16,250,50,36,23,-1,8,-5
03,16,990,10,57,31,-1,6,-10
03,16,350,60,60,-14,0,7,-6
03,16,60,50,17,-16,-1,2,-4
03,16,30,30,14,5,-1,8,-2
03,16,100,50,38,-11,0,3,-8
03,16,120,30,45,28,5,8,-5
03,16,230,80,108,29,0,5,-10
03,16,200,80,116,39,0,2,0
03,16,220,70,135,62,0,8,-6
03,16,230,40,173,88,0,7,-11
03,16,250,40,205,69,0,5,-10
03,16,210,40,179,112,0,3,-1
03,16,210,120,111,81,3,8,-2
03,16,220,150,128,102,0,8,2
03,16,250,110,103,31,-1,7,-9
03,16,310,50,92,12,0,4,-8
03,16,130,20,70,22,-1,6,-1
03,16,350,60,76,10,0,7,-7
03,16,30,50,64,-32,0,8,-13
03,16,360,60,35,13,-1,8,2
03,16,990,10,77,-29,0,5,-14
03,16,270,30,103,-23,0,0,-4
03,16,60,40,122,17,0,4,-8
03,16,80,90,164,0,0,0,-5
03,16,80,60,186,42,0,1,-14
03,16,210,60,-14,-78,0,8,2
03,16,160,40,18,-63,0,6,-3
03,16,30,70,0,-33,0,7,-5
03,16,210,50,0,-70,0,8,-4
03,16,50,20,-3,-21,0,4,2
03,16,350,50,-2,-37,-1,8,-11
03,16,310,50,39,10,0,8,0
03,16,290,50,47,25,-1,8,-1
03,16,300,40,57,27,0,8,-7
03,16,260,40,66,-1,0,1,-10
03,16,250,90,64,19,-1,8,-7
03,16,260,80,41,-9,0,8,-21
03,16,250,60,56,-2,-1,8,-8
03,16,260,30,74,2,0,7,-5
03,16,240,80,127,33,0,0,-10
03,16,220,80,199,78,0,1,-12
03,16,240,100,148,93,0,1,-9
03,16,240,60,131,85,0,8,4
03,16,10,20,117,100,0,8,-5
03,16,40,40,121,71,0,1,-8
03,16,90,60,161,23,0,0,-20
03,16,240,50,164,89,0,8,-32
03,16,70,40,167,73,0,0,-8
03,16,230,50,152,106,-1,8,-19
03,16,40,20,128,90,1,7,4
03,16,40,30,161,80,0,1,-7
03,16,110,30,130,109,1,8,0
03,16,260,40,131,94,0,4,-7
03,16,90,60,140,103,2,8,4
03,16,250,20,110,102,17,8,-2
03,16,110,30,143,84,0,7,-8
03,16,240,60,12,-48,0,4,-4
03,16,230,60,17,-31,0,2,-4
03,16,60,20,8,-11,-1,4,-4
03,16,240,30,21,-37,0,7,-6
03,16,270,40,32,-19,0,3,-6
03,16,280,30,14,6,2,6,-7
03,16,160,40,45,-35,0,6,-6
03,16,200,70,67,62,6,8,7
03,16,250,40,85,61,0,8,-9
03,16,220,60,63,24,-1,7,-41
03,16,350,60,-11,-35,-1,8,-3
03,16,80,20,-8,-94,0,0,-7
03,16,80,40,21,-67,0,0,-5
03,16,70,50,56,-30,0,1,-10
03,16,30,50,45,-38,0,7,-12
03,16,60,50,28,-42,0,8,-5
03,16,50,60,26,-11,0,8,-4
03,16,50,80,52,1,0,0,-10
03,16,30,50,43,6,0,0,0
03,16,50,50,54,10,0,4,-12
03,16,40,50,52,-36,0,8,-5
03,16,50,40,56,-60,0,0,-12
03,16,90,70,94,-42,0,0,-10
03,16,190,50,126,83,-1,4,-3
03,16,240,70,143,55,0,8,-14
03,16,220,70,164,119,0,8,-6
03,16,210,80,159,86,0,2,-5
03,16,230,70,98,48,1,8,-2
03,16,240,30,99,77,1,8,1
03,16,220,120,140,87,0,7,-14
03,16,250,50,138,91,0,4,-3
03,16,240,70,100,9,0,6,-10
03,16,260,40,92,-5,0,2,-11
03,16,280,40,68,41,0,6,1
03,16,140,50,128,45,0,8,-7
03,16,240,50,102,28,0,6,-7
03,16,200,100,88,63,7,8,-5
03,16,240,50,105,34,0,2,-7
03,16,250,20,118,31,0,0,-10
03,16,310,40,72,62,27,8,-3
03,16,270,40,112,22,0,7,-10
03,16,270,20,141,47,0,0,-5
03,16,40,40,155,50,0,0,-29
03,16,320,30,143,47,0,0,-8
03,16,40,20,118,26,0,0,-17
03,16,240,30,133,4,0,0,-11
03,16,250,40,101,62,-1,8,2
03,16,230,60,106,80,-1,8,1
03,16,260,50,74,-10,-1,0,1
03,16,250,30,28,14,1,8,12
03,16,340,50,56,29,-1,8,-9
03,16,340,60,66,8,0,8,-8
03,16,330,60,66,15,-1,8,-4
03,16,60,70,52,20,-1,8,-3
03,16,70,60,96,62,0,1,-5
03,16,90,60,112,21,0,0,-4
03,16,90,70,166,20,0,0,-10
03,16,100,80,159,-3,0,0,-8
03,16,50,40,161,40,0,0,-19
03,16,250,30,104,71,0,5,-2
03,16,50,40,123,71,-1,8,-23
03,16,50,70,147,42,0,6,-11
03,16,270,60,99,29,0,8,-3
03,16,280,40,113,58,0,8,-5
03,16,270,50,68,-33,0,8,-4
03,16,330,70,64,-30,0,3,-9
03,16,310,10,56,-55,0,6,-6
03,16,230,60,75,44,0,8,-2
03,16,220,70,83,36,0,8,-8
03,16,220,70,96,-6,0,0,-12
03,16,200,80,95,42,-1,8,-4
03,16,190,110,71,35,-1,7,-5
03,16,190,90,71,62,17,8,14
03,16,270,90,67,31,6,8,6
03,16,230,50,96,48,0,8,-7
03,16,280,20,102,30,0,7,-1
03,16,190,40,137,85,0,7,-7
03,16,200,20,98,79,8,8,-4
03,16,330,30,57,-10,0,8,-3
03,16,310,50,66,-15,0,1,-7
03,16,330,70,58,-8,0,1,-2
03,16,240,80,44,25,3,8,1
03,16,260,60,41,17,1,8,-8
03,16,10,60,41,27,1,8,-8
03,16,220,30,44,-68,0,1,-6
03,16,280,40,14,6,10,8,1
03,16,290,50,25,-15,-1,4,1
03,16,60,40,40,38,-1,8,-1
03,16,170,20,66,56,3,8,-5
03,16,190,80,98,23,1,8,-2
03,16,220,90,121,14,0,1,-9
03,16,210,50,87,73,10,8,1
03,16,140,20,140,33,0,8,-4
03,16,230,30,123,62,0,7,-4
03,16,250,30,82,20,0,8,-6
03,16,210,80,92,-5,0,3,-9
03,16,170,50,64,39,5,8,-7
03,16,340,50,56,22,1,8,-4
03,16,310,60,65,4,0,6,-9
03,16,230,40,85,34,0,8,-4
03,16,240,70,98,-19,0,1,-12
03,16,260,40,68,14,-1,8,-4
03,16,250,50,78,66,-1,8,-4
03,16,280,20,88,-4,0,6,-7
03,16,240,50,90,77,1,8,-3
03,16,240,20,110,30,0,2,-4
03,16,270,40,95,88,1,8,-5
03,16,310,50,106,35,0,8,-9
03,16,80,20,93,45,0,8,-4
03,16,60,40,115,57,0,1,-15
03,16,50,30,107,-33,0,2,-17
03,16,40,50,99,9,0,0,-7
03,16,70,40,84,-55,0,0,-9
03,16,260,20,112,-48,0,0,-5
03,16,310,50,100,15,0,7,-11
03,16,240,80,80,54,1,8,-6
03,16,330,70,63,6,-1,8,-1
03,16,300,40,65,42,4,8,1
03,16,210,90,75,63,11,8,2
03,16,230,100,72,14,-1,8,0
03,16,230,70,65,35,-1,8,-5
03,16,320,40,77,8,0,4,-4
03,16,990,10,113,-22,0,0,-8
03,16,30,40,128,6,0,0,-14
03,16,250,40,53,7,0,8,-2
03,16,280,30,70,-9,0,5,-13
03,16,50,50,54,-16,0,8,-13
03,16,360,40,48,-30,0,5,-11
03,16,260,50,31,-29,-1,8,-9
03,16,40,80,8,-77,0,0,-9
03,16,50,70,18,-76,0,0,-8
03,16,50,50,16,-58,0,0,-12
03,16,50,70,28,-101,0,0,-10
03,16,40,90,59,-41,0,0,-16
03,16,60,30,13,-26,0,8,-6
03,16,230,40,49,4,0,8,-5
03,16,300,50,63,13,0,8,-5
03,16,280,40,63,31,-1,8,-9
03,16,280,50,92,34,-1,8,0
03,16,260,20,86,29,0,5,-15
03,16,240,50,129,19,0,1,-9
03,16,200,40,172,22,0,8,-7
03,16,230,70,156,93,0,8,-4
03,16,210,100,149,104,0,8,-2
03,16,310,20,81,73,1,8,1
03,16,230,40,120,43,0,4,0
03,16,90,30,130,74,0,2,-4
03,16,190,50,185,66,0,6,-13
03,16,210,80,181,78,-1,7,-11
03,16,230,40,119,65,0,8,-7
03,16,230,60,114,49,0,1,-5
03,16,240,50,103,75,7,7,1
03,16,150,30,140,89,0,7,-6
03,16,190,40,95,72,9,8,7
03,16,220,100,76,24,1,2,-12
03,16,20,80,58,26,0,0,-5
03,16,40,90,70,-34,0,0,-18
03,16,40,70,65,-60,0,0,-16
03,16,40,40,75,-10,0,0,-23
03,16,50,30,36,8,0,8,2
03,16,60,50,52,-38,0,0,-14
03,16,80,70,73,-112,0,0,-11
03,16,220,60,117,-8,0,0,-11
03,16,260,20,67,51,2,8,-5
03,16,230,90,90,34,0,8,-6
03,16,240,40,101,31,0,8,-9
03,16,200,20,133,41,0,8,-4
03,16,170,10,117,71,0,8,-7
03,16,10,10,123,85,0,8,-5
03,16,70,50,171,56,0,3,-10
03,16,30,80,109,59,0,2,-17
03,16,290,20,64,48,0,8,-3
03,16,210,30,82,46,-1,7,-1
03,16,60,30,94,-17,0,0,-14
03,16,350,10,98,-29,0,0,-3
03,16,30,20,135,-26,0,3,-18
03,16,20,40,146,13,0,0,-10
03,16,20,40,152,65,0,0,-14
03,16,40,40,147,57,0,8,-10
03,16,20,30,155,62,0,1,-14
03,16,50,50,86,22,0,8,-5
03,16,50,20,136,42,0,0,-8
03,16,350,40,116,-7,0,0,-6
03,16,270,30,157,11,0,0,-6
03,16,230,40,133,78,-1,8,-22
03,16,230,90,146,108,0,8,-2
03,16,60,40,100,89,0,8,-2
03,16,70,40,88,81,0,8,5
03,16,230,30,116,52,0,8,-5
03,16,160,30,92,80,28,8,0
03,16,190,80,39,6,0,8,0
03,16,250,10,76,8,0,6,-8
03,16,200,110,43,24,13,8,-5
03,16,290,30,73,4,0,8,-5
03,16,240,50,101,40,0,8,-3
03,16,230,20,91,87,0,8,2
03,16,350,20,131,53,0,8,-9
03,16,320,10,116,72,0,8,-1
03,16,60,30,82,37,0,8,-4
03,16,40,40,92,40,0,0,-11
03,16,90,10,179,51,0,0,-21
03,16,280,10,207,84,0,0,-20
03,16,210,60,103,75,0,8,-4
03,16,230,50,83,35,-1,7,-15
03,16,320,40,101,-6,0,4,-4
03,16,220,40,120,30,0,6,-4
03,16,60,50,145,46,0,0,-12
03,16,60,60,181,69,0,0,-10
03,16,70,30,185,74,0,0,-16
03,16,20,40,173,74,0,1,-17
03,16,50,50,178,17,0,0,-11
03,16,10,60,166,22,0,0,-9
03,16,360,30,173,38,0,3,-7
03,16,10,30,182,57,0,0,-7
03,16,330,60,118,47,0,5,-13
03,16,290,40,90,60,0,8,-3
03,16,350,50,78,-5,0,5,-9
03,16,30,40,31,-7,0,8,-4
03,16,340,20,22,-28,0,5,-1
03,16,70,30,45,-6,0,8,-2
03,16,100,50,113,4,0,0,-16
03,16,100,40,148,3,0,3,-20
03,16,80,40,169,4,0,0,-23
03,16,70,30,130,68,0,8,-7
03,16,190,30,151,75,0,8,-8
03,16,250,30,96,73,0,8,-8
03,16,350,40,-4,-24,0,8,-2
03,16,50,70,-30,-47,1,8,-3
03,16,40,70,-31,-58,-1,8,2
03,16,220,30,-2,-72,0,8,-9
03,16,340,30,8,-66,0,6,1
03,16,230,70,32,-38,0,8,-3
03,16,140,40,60,-74,0,8,0
03,16,150,70,76,19,0,6,-14
03,16,170,50,93,-4,0,4,-6
03,16,200,40,68,21,0,5,-9
03,16,340,40,4,1,3,8,2
03,16,90,10,28,-41,0,8,-3
03,16,90,70,57,-18,0,7,-4
03,16,80,60,16,-43,0,8,-3
03,16,80,70,19,-62,0,8,-4
03,16,50,90,25,-78,0,8,-6
03,16,40,80,40,-88,0,0,-9
03,16,80,30,45,-79,0,4,-7
03,16,60,40,40,-40,0,2,-5
03,16,330,20,11,-50,0,7,-5
03,16,60,30,25,-38,0,4,-3
03,16,30,30,27,-52,0,8,-10
03,16,130,20,59,43,0,8,1
03,16,190,50,75,-9,0,1,-11
03,16,190,40,94,15,0,8,-11
03,16,240,40,87,28,0,8,-7
03,16,80,20,101,24,0,8,-10
03,16,220,20,131,-1,0,0,-16
03,16,230,30,120,30,0,8,-15
03,16,180,20,183,20,0,0,-22
03,16,150,10,211,24,0,0,-18
03,16,40,50,170,21,0,0,-27
03,16,40,60,136,63,0,0,-15
03,16,60,50,161,42,0,0,-20
03,16,360,20,168,49,0,0,-24
03,16,250,30,149,23,0,0,-12
03,16,310,40,101,44,0,8,-3
03,16,260,50,143,63,0,1,-7
03,16,270,30,115,65,0,8,-4
03,16,250,60,90,58,0,8,1
03,16,240,80,148,59,0,0,-11
03,16,210,100,204,26,0,0,-12
03,16,230,70,85,38,0,2,5
03,16,240,30,70,46,1,8,5
03,16,90,20,58,23,1,7,0
03,16,160,30,62,17,0,1,1
03,16,100,40,90,-10,0,8,-9
03,16,330,20,77,6,0,0,3
03,16,90,50,134,-2,0,1,1
03,16,100,60,163,37,0,2,-12
03,16,80,50,186,34,0,8,-8
03,16,60,20,177,75,0,8,-11
03,16,50,40,198,67,0,3,-13
03,16,230,80,91,39,0,8,-10
03,16,270,60,52,9,0,1,-5
03,16,230,30,49,38,13,8,3
03,16,290,30,53,21,-1,8,3
03,16,310,30,85,7,0,7,-11
03,16,230,30,83,22,0,8,-8
03,16,200,50,136,13,0,2,-16
03,16,250,30,173,-10,0,6,-16
03,16,110,20,107,69,0,0,-1
03,16,10,40,117,25,0,8,-15
03,16,60,40,91,-1,0,0,-14
03,16,80,50,112,3,0,0,-9
03,16,100,50,75,-23,0,3,-9
03,16,20,70,46,14,-1,8,-11
03,16,60,40,61,25,0,8,-3
03,16,110,20,109,25,0,4,-8
03,16,40,40,158,51,0,0,-16
03,16,340,50,130,61,0,0,-22
03,16,10,30,63,45,0,8,-2
03,16,330,30,58,34,0,8,-5
03,16,350,30,61,42,15,1,5
03,16,60,40,63,7,0,6,-5
03,16,260,20,109,20,0,8,-7
03,16,280,20,96,10,0,8,-7
03,16,290,30,60,50,3,8,-2
03,16,200,70,54,27,1,8,-4
03,16,290,40,95,15,0,8,-8
03,16,210,70,102,85,0,8,1
03,16,240,130,112,92,2,8,-2
03,16,280,60,85,-17,0,3,-2
03,16,290,100,103,-11,0,8,1
03,16,200,100,30,7,6,8,3
03,16,220,50,60,19,4,4,-27
03,16,300,20,58,9,0,2,-3
03,16,250,20,50,30,0,8,-6
03,16,290,10,45,23,-1,8,-4
03,16,250,30,31,18,5,8,-16
03,16,340,20,38,7,0,8,-4
03,16,180,50,45,9,0,6,-6
03,16,130,70,78,-32,0,8,-6
03,16,60,40,86,-2,0,8,-16
03,16,50,40,81,19,0,5,0
03,16,70,40,71,2,0,0,-10
03,16,50,70,85,13,0,0,-13
03,16,50,70,81,-24,0,8,-6
03,16,30,60,59,34,0,8,-1
03,16,80,60,76,-20,0,2,-10
03,16,50,30,101,-7,0,0,-16
03,16,300,10,43,26,0,8,-1
03,16,340,30,58,16,0,8,-1
03,16,340,30,82,27,0,8,-3
03,16,310,30,84,19,0,8,-4
03,16,330,30,97,54,0,8,-2
03,16,350,50,91,17,0,8,-5
03,16,240,40,89,19,0,8,-2
03,16,310,50,87,48,0,8,-6
03,16,180,70,143,61,0,8,-8
03,16,210,100,124,28,0,4,-6
03,16,240,70,115,30,0,7,-19
03,16,240,30,98,47,-1,4,0
03,16,250,40,115,32,0,8,-8
03,16,60,50,73,33,-1,8,-3
03,16,200,50,72,51,2,8,-6
03,16,250,60,85,11,0,8,-7
03,16,140,40,119,33,0,8,-7
03,16,0,0,127,66,0,8,-50
03,16,180,60,55,33,7,8,0
03,16,260,30,61,49,0,8,-21
03,16,280,50,91,35,-1,3,-15
03,16,220,50,89,86,8,8,13
03,16,300,60,126,56,0,3,-12
03,16,50,20,99,18,0,8,-10
03,16,70,40,117,34,0,8,-7
03,16,70,50,146,32,0,8,-13
03,16,340,40,130,67,0,8,-7
03,16,240,50,137,78,0,8,-10
03,16,230,10,146,69,0,8,-12
03,16,250,20,171,60,0,7,-6
03,16,260,60,100,-15,0,8,-4
03,16,260,50,111,106,2,8,1
03,16,250,70,121,70,0,8,-4
03,16,230,80,113,64,0,8,-3
03,16,280,50,90,-20,0,8,-6
03,16,160,50,107,2,0,2,-6
03,16,70,60,145,47,0,8,-5
03,16,50,60,135,48,0,2,-11
03,16,50,100,144,-15,0,8,-11
03,16,50,60,134,44,0,8,-7
03,16,90,50,177,4,0,0,-9
03,16,240,50,187,55,0,2,-9
03,16,240,40,149,87,0,8,-2
03,16,160,30,214,81,0,8,-5
03,16,270,50,178,81,0,8,-12
03,16,90,100,2,-140,0,8,-6
03,16,100,60,-21,-73,-1,8,-7
03,16,80,50,28,-9,0,8,-17
03,16,100,40,101,34,-1,8,-8
03,16,210,30,115,26,0,8,-23
03,16,240,20,104,49,0,8,-13
03,16,210,60,58,39,2,8,-6
03,16,220,70,62,25,-1,8,-7
03,16,160,20,87,61,-1,8,-3
03,16,190,60,126,101,1,8,-4
03,16,190,40,148,87,0,8,-3
03,16,220,70,120,60,0,1,-30
03,16,280,30,50,43,-1,8,-3
03,16,100,40,109,37,0,6,0
03,16,140,10,79,55,9,8,-9
03,16,40,50,70,64,0,8,-11
03,16,60,90,-21,-67,0,8,-3
03,16,60,60,5,-68,0,8,0
03,16,60,60,28,-84,0,6,-7
03,16,30,90,77,-79,0,1,-15
03,16,270,20,56,-26,0,8,3
03,16,270,20,66,58,0,8,-4
03,16,210,50,67,24,0,8,-4
03,16,60,50,120,28,0,8,-12
03,16,10,30,120,21,0,8,-8
03,16,310,10,96,-7,0,8,-9
03,16,190,50,65,55,9,8,0
03,16,200,50,94,84,5,8,11
03,16,230,40,100,-17,0,1,2
03,16,150,50,129,13,0,8,-22
03,16,170,20,97,41,9,8,-9
03,16,270,20,61,50,0,8,-1
03,16,210,60,91,77,-1,8,3
03,16,210,70,120,78,0,8,-1
03,16,240,60,85,9,0,8,-7
03,16,230,50,87,21,0,8,-7
03,16,190,90,122,73,-1,8,-10
03,16,220,100,79,38,1,5,3
03,16,230,70,78,40,-1,8,1
03,16,270,80,101,58,6,8,-11
03,16,260,90,65,33,1,8,-7
03,16,280,100,71,1,-1,7,-11
03,16,200,90,99,-27,0,8,1
03,16,270,60,68,38,1,8,-10
03,16,270,80,112,56,0,7,-6
03,16,240,90,111,97,4,8,-1
03,16,220,90,109,57,0,8,-3
03,16,230,60,56,6,-1,8,-17
03,16,320,60,81,-21,0,3,-6
03,16,260,20,97,17,0,8,-3
03,16,230,30,128,63,0,8,-12
03,16,70,30,155,66,0,0,-12
03,16,30,20,191,69,0,8,-17
03,16,320,20,104,71,0,8,-2
03,16,320,30,110,-9,0,0,-7
03,16,320,100,88,20,0,8,-7
03,16,330,20,82,21,0,8,-1
03,16,300,10,98,27,0,8,0
03,16,80,20,119,42,0,8,-8
03,16,80,50,169,61,0,0,-9
03,16,240,30,176,54,0,0,-3
03,16,40,80,121,56,0,7,-9
03,16,200,50,85,36,0,8,-11
03,16,230,20,68,61,23,8,-2
03,16,230,40,65,18,0,8,-9
03,16,200,50,78,30,0,8,-6
03,16,90,50,64,59,12,8,-2
03,16,260,40,62,36,0,8,-9
03,16,230,50,89,6,0,8,-4
03,16,200,60,88,79,2,8,-2
03,16,240,40,92,39,-1,4,-7
03,16,240,70,126,115,-1,8,-2
03,16,230,70,126,109,8,8,-3
03,16,240,90,99,-16,0,7,-11
03,16,280,40,86,36,1,8,-6
03,16,190,60,99,24,0,8,-5
03,16,210,50,143,52,0,7,-10
03,16,360,30,133,87,0,8,-10
03,16,250,40,138,1,0,7,-12
03,16,260,50,158,64,0,8,-7
03,16,30,20,142,80,0,8,-9
03,16,30,70,76,39,0,8,-4
03,16,60,90,85,-15,0,3,-4
03,16,90,90,97,-65,0,0,-9
03,16,90,60,100,-84,0,0,-17
03,16,90,60,105,-85,0,0,-13
03,16,40,70,113,-71,0,8,-12
03,16,90,60,106,-64,0,0,-6
03,16,40,50,140,11,0,0,-8
03,16,10,70,125,3,0,0,-10
03,16,50,80,33,7,0,8,7
03,16,330,30,73,0,0,7,0
03,16,40,50,81,-50,0,0,-5
03,16,70,21,72,13,0,8,-8
03,16,190,26,66,43,0,8,-4
03,16,230,41,104,4,0,7,-11
03,16,120,51,106,36,0,8,-7
03,16,180,46,125,80,0,8,-7
03,16,120,41,161,65,0,5,-16
03,16,110,41,148,69,0,6,-19
03,16,130,36,135,84,-1,8,-5
03,16,170,10,122,85,0,7,-3
03,16,200,46,150,32,0,7,-11
03,16,200,41,137,58,0,6,-6
03,16,140,21,152,54,0,5,-22
03,16,190,15,182,44,0,1,-9
03,16,280,36,157,75,0,6,-8
03,16,220,5,105,84,0,8,-3
03,16,150,36,153,94,0,7,-4
03,16,130,36,127,65,0,7,-8
03,16,240,26,117,70,0,8,-6
03,16,250,67,131,105,0,8,-1
03,16,210,41,139,89,-1,7,-12
03,16,240,21,106,49,0,8,-7
03,16,360,46,103,-2,0,4,-14
03,16,40,41,94,-16,0,6,-5
03,16,20,62,112,9,0,3,-9
03,16,60,98,87,-35,0,7,-7
03,16,80,87,89,-1,0,6,1
03,16,70,77,124,5,0,3,-6
03,16,30,46,102,3,0,7,-7
03,16,60,57,102,-38,0,0,-9
03,16,10,26,107,-14,0,2,-8
03,16,290,46,120,56,0,7,-6
03,16,190,67,155,23,0,0,-19
03,16,270,72,73,-2,0,4,-6
03,16,240,46,86,78,1,8,0
03,16,190,36,138,76,0,5,-7
03,16,130,31,144,55,0,7,-8
03,16,270,36,101,17,0,5,-10
03,16,170,36,122,-3,0,7,0
03,16,280,31,101,68,-1,7,-5
03,16,220,10,99,10,0,7,-4
03,16,210,67,114,2,0,8,-6
03,16,280,87,78,5,0,3,-6
03,16,240,98,92,80,21,8,0
03,16,300,129,55,23,10,8,0
03,16,270,93,64,-25,0,6,-4
03,16,330,36,53,-3,-1,6,-1
03,16,250,21,90,5,0,5,-3
03,16,250,26,105,66,0,8,0
03,16,240,15,126,46,0,7,-4
03,16,280,41,105,24,0,7,-8
03,16,250,51,101,93,11,8,0
03,16,280,93,69,18,11,4,19
03,16,310,77,67,28,1,7,-9
03,16,350,41,73,16,0,4,-18
03,16,20,57,62,15,2,7,-5
03,16,280,41,62,-7,0,7,-2
03,16,190,36,52,37,1,8,-1
03,16,350,87,60,23,-1,8,-3
03,16,310,57,39,-3,-1,7,5
03,16,180,57,72,19,-1,8,-8
03,16,130,72,113,13,0,7,-4
03,16,250,31,67,45,6,8,-3
03,16,70,98,19,-19,0,8,0
03,16,70,108,53,-25,0,7,-12
03,16,50,57,16,-49,0,1,-11
03,16,340,31,24,-16,0,7,-3
03,16,270,36,31,25,1,8,1
03,16,330,62,84,38,0,7,-9
03,16,80,26,73,34,0,7,-2
03,16,120,62,84,-37,0,1,-14
03,16,120,46,78,-20,0,1,-10
03,16,270,36,111,27,0,7,-7
03,16,240,10,134,32,0,2,-8
03,16,210,31,155,33,0,0,-12
03,16,190,36,157,14,0,1,-18
03,16,220,36,160,62,0,6,-7
03,16,230,26,171,41,0,1,-12
03,16,250,62,106,89,-1,8,0
03,16,250,62,157,91,0,7,-13
03,16,260,67,121,55,0,7,-4
03,16,280,51,96,-14,0,1,-10
03,16,250,21,126,7,0,5,-7
03,16,280,36,139,39,0,6,-8
03,16,220,51,113,97,3,8,-4
03,16,280,62,98,-16,0,3,-8
03,16,300,72,76,-1,0,7,-8
03,16,330,77,69,10,-1,7,-6
03,16,10,31,89,-9,0,3,-10
03,16,30,31,75,-89,0,1,-8
03,16,110,51,74,-78,0,1,-7
03,16,170,21,91,-109,0,0,-5
03,16,150,51,145,-12,0,7,-14
03,16,170,46,170,79,0,7,-8
03,16,270,26,70,59,-1,8,-2
03,16,290,98,65,47,0,7,-6
03,16,220,46,82,67,22,8,-1
03,16,200,46,95,17,0,6,-18
03,16,200,46,130,44,0,8,-5
03,16,260,41,85,39,0,8,-2
03,16,270,57,109,87,0,7,1
03,16,240,57,124,105,0,8,-6
03,16,240,46,100,81,0,8,0
03,16,290,57,91,10,0,1,-15
03,16,220,26,106,9,0,7,-11
03,16,260,51,86,6,0,7,-7
03,16,270,82,95,33,-1,7,-1
03,16,250,77,122,71,0,7,-5
03,16,320,46,81,80,36,8,-5
03,16,270,82,84,1,0,1,-5
03,16,270,77,66,-6,0,4,2
03,16,200,21,70,61,12,8,-1
03,16,280,62,62,-3,0,7,-3
03,16,270,51,65,-2,0,7,-7
03,16,20,41,82,0,0,2,-6
03,16,210,41,77,52,1,8,0
03,16,230,87,132,111,-1,8,2
03,16,270,72,106,9,0,6,-3
03,16,250,82,110,96,-1,8,1
03,16,340,31,52,31,8,6,3
03,16,130,46,86,-2,0,7,-8
03,16,200,51,117,96,-1,8,0
03,16,270,46,134,87,0,6,-8
03,16,170,67,187,92,0,6,4
03,16,210,72,130,31,0,6,-8
03,16,240,87,99,39,3,4,-7
03,16,220,51,56,-2,0,3,-13
03,16,240,57,47,-15,-1,6,-8
03,16,180,21,39,16,0,1,-13
03,16,210,62,27,20,1,8,-3
03,16,290,72,66,-4,0,2,-5
03,16,170,98,64,11,0,7,-1
03,16,210,36,44,29,0,3,-6
03,16,160,51,68,27,-1,4,-3
03,16,120,72,117,-11,0,5,-11
03,16,130,31,142,48,0,1,-20
03,16,20,31,142,86,0,0,-12
03,16,50,46,127,11,0,0,-15
03,16,140,21,73,18,0,6,-10
03,16,260,41,60,-12,0,3,-2
03,16,230,41,69,28,-1,1,-7
03,16,240,87,122,63,1,4,-18
03,16,270,62,98,22,-1,7,-2
03,16,300,72,73,-9,0,2,-12
03,16,300,103,32,13,1,5,8
03,16,340,62,75,-2,0,6,-13
03,16,250,31,93,-17,0,0,-6
03,16,200,36,144,-12,0,0,-9
03,16,260,51,122,67,0,7,-9
03,16,300,67,81,10,0,7,-9
03,16,260,72,102,62,0,8,-2
03,16,340,123,55,-77,0,2,-3
03,16,210,72,17,13,9,8,-5
03,16,350,98,65,-21,0,1,-5
03,16,310,41,84,-22,0,6,-5
03,16,260,26,97,89,0,8,2
03,16,10,57,44,19,-1,7,-7
03,16,320,31,37,-23,0,8,-6
03,16,10,36,35,-22,0,3,-13
03,16,280,10,34,34,-1,7,4
03,16,360,36,20,7,0,8,4
03,16,350,41,53,41,2,8,2
03,16,80,57,54,13,-1,8,2
03,16,110,57,83,-18,0,0,-9
03,16,100,57,86,-26,0,0,-10
03,16,70,57,71,-56,0,0,-10
03,16,80,72,21,-72,0,3,-16
03,16,80,72,7,-101,0,0,-10
03,16,70,62,18,-65,0,3,-15
03,16,110,72,67,-63,0,3,-3
03,16,80,51,76,-16,0,7,-10
03,16,120,46,94,20,0,7,-7
03,16,240,21,73,39,0,8,-3
03,16,70,21,64,27,0,8,-3
03,16,360,26,80,37,0,7,-6
03,16,70,26,121,36,0,7,-10
03,16,150,31,89,81,1,8,7
03,16,260,15,87,78,-1,8,0
03,16,260,21,107,102,-1,8,-5
03,16,60,41,71,56,0,8,0
03,16,70,51,120,54,0,7,-11
03,16,20,87,29,0,0,8,-2
03,16,20,46,70,-102,0,1,-7
03,16,280,77,56,-9,0,8,-18
03,16,340,82,43,15,-1,7,-6
03,16,340,57,56,-32,0,2,-9
03,16,320,10,32,13,-1,6,3
03,16,210,50,127,72,0,7,1
03,16,290,60,83,68,13,8,0
03,16,350,10,101,2,0,8,-14
03,16,130,40,121,91,0,8,-6
03,16,240,40,112,55,0,4,-15
03,16,80,30,105,57,0,6,-18
03,16,190,40,144,65,0,7,-10
03,16,30,50,127,90,0,3,-13
03,16,100,50,146,69,0,0,-13
03,16,300,30,153,81,0,0,-24
03,16,20,40,100,63,0,0,-14
03,16,240,20,155,68,0,0,-12
03,16,250,40,133,92,0,6,-16
03,16,300,50,108,87,0,7,-5
03,16,280,50,110,96,0,8,-2
03,16,270,50,108,89,0,8,-4
03,16,300,30,128,68,0,7,-10
03,16,220,40,82,74,2,8,0
03,16,340,70,74,35,0,7,-6
03,16,260,30,78,47,-1,7,-5
03,16,350,50,72,17,0,5,-6
03,16,190,20,92,-21,0,0,-8
03,16,250,20,85,77,0,8,-2
03,16,210,10,92,58,0,7,-5
03,16,290,20,98,69,0,7,0
03,16,220,70,138,78,0,8,-4
03,16,230,70,153,44,0,6,-10
03,16,310,80,93,19,0,3,-14
03,16,330,50,95,37,0,7,-7
03,16,320,50,124,46,0,1,-11
03,16,280,30,146,43,0,0,-13
03,16,210,30,41,35,-1,7,-3
03,16,250,50,100,58,0,8,-16
03,16,220,90,124,111,-1,8,2
03,16,310,40,75,56,0,8,1
03,16,280,70,71,16,-1,5,-3
03,16,250,60,105,100,11,8,0
03,16,250,60,113,85,0,7,-5
03,16,40,60,40,10,-1,5,0
03,16,350,50,78,-2,0,3,-13
03,16,200,60,82,-16,0,7,-11
03,16,160,30,42,38,-1,8,1
03,16,350,50,60,6,0,7,-7
03,16,260,30,61,60,1,8,6
03,16,310,50,85,65,-1,8,-6
03,16,310,60,111,80,0,7,-9
03,16,290,40,106,69,0,8,-7
03,16,270,40,109,80,0,7,-7
03,16,300,50,99,49,0,6,-8
03,16,320,50,87,-6,0,3,-4
03,16,310,60,83,69,-1,8,-3
03,16,10,40,95,14,0,2,-10
03,16,350,60,83,43,0,8,-8
03,16,70,80,54,-11,-1,2,2
03,16,120,20,86,-36,0,7,-7
03,16,180,50,115,-73,0,7,-15
03,16,200,40,79,70,5,8,0
03,16,210,30,116,113,-1,8,4
03,16,160,10,157,111,0,7,-4
03,16,120,20,194,109,0,7,-13
03,16,280,30,175,140,0,7,-12
03,16,20,30,159,107,0,6,-7
03,16,260,100,116,105,-1,7,-3
03,16,250,70,119,110,1,8,0
03,16,210,50,99,43,-1,7,-6
03,16,170,50,80,38,-1,8,-3
03,16,260,20,53,44,5,8,-3
03,16,250,30,46,28,0,8,-3
03,16,180,70,44,24,1,8,0
03,16,140,30,71,23,0,7,-5
03,16,280,30,60,44,0,8,-1
03,16,310,50,62,25,0,4,-11
03,16,120,60,88,6,0,5,-9
03,16,140,40,153,84,0,5,-16
03,16,260,30,148,81,0,7,-15
03,16,300,50,123,27,0,6,-13
03,16,30,40,109,28,0,6,-8
03,16,60,30,114,22,0,7,-9
03,16,30,30,113,34,0,7,-4
03,16,330,60,82,72,19,8,-4
03,16,330,40,84,7,-1,7,-6
03,16,260,30,90,28,-1,8,-8
03,16,200,80,62,48,1,8,-3
03,16,330,60,59,2,0,7,-3
03,16,260,30,95,89,2,8,0
03,16,220,30,102,43,0,8,-2
03,16,190,60,147,62,0,7,-7
03,16,170,30,123,74,-1,8,-22
03,16,10,50,108,32,0,6,-6
03,16,50,20,114,20,0,1,-6
03,16,200,50,154,27,0,7,-10
03,16,210,30,165,77,0,7,-10
03,16,130,40,186,71,0,2,-15
03,16,310,70,52,19,-1,3,-2
03,16,220,60,58,34,2,8,4
03,16,300,50,69,20,0,6,-13
03,16,340,30,10,9,11,6,3
03,16,270,40,67,18,0,7,-8
03,16,240,60,91,9,0,7,-5
03,16,250,70,123,70,-1,8,-28
03,16,260,80,122,99,-1,8,1
03,16,280,60,110,76,0,8,-4
03,16,210,20,93,88,-1,8,3
03,16,320,70,102,40,0,3,-14
03,16,250,30,122,37,0,4,-17
03,16,280,40,87,83,-1,8,4
03,16,320,70,83,33,0,4,-2
03,16,280,80,71,5,0,7,-4
03,16,300,50,89,75,-1,8,-2
03,16,330,40,92,54,0,8,-3
03,16,330,60,75,18,0,7,-5
03,16,10,30,89,36,0,7,-1
03,16,50,20,100,49,0,7,-3
03,16,20,30,106,55,0,6,-8
03,16,260,30,154,19,0,7,-25
03,16,90,40,149,56,0,7,-12
03,16,270,40,105,99,11,8,-6
03,16,310,10,123,69,0,7,-18
03,16,230,70,54,30,1,7,0
03,16,30,50,64,53,10,8,5
03,16,30,70,38,21,-1,8,0
03,16,40,70,72,45,0,8,-2
03,16,10,20,70,42,0,8,-1
03,16,280,20,77,40,-1,8,-6
03,16,330,30,31,20,3,8,-5
03,16,60,30,27,10,-1,4,-9
03,16,70,40,2,-35,0,8,-2
03,16,60,30,31,3,0,8,-4
03,16,100,30,42,-14,0,6,-15
03,16,120,60,89,17,0,7,-13
03,16,290,20,144,114,0,7,-9
03,16,140,40,99,93,0,8,8
03,16,210,40,113,90,0,7,-1
03,16,210,40,122,107,1,8,-12
03,16,170,20,126,119,6,8,3
03,16,220,40,107,21,0,3,-8
03,16,280,60,72,50,0,7,-13
03,16,280,60,94,18,0,2,-12
03,16,180,10,110,43,0,7,-6
03,16,90,40,96,63,0,8,-5
03,16,30,20,62,40,0,8,-5
03,16,30,40,53,49,24,8,-3
03,16,340,50,46,-23,0,6,-6
03,16,90,60,52,-36,0,8,-2
03,16,120,30,34,31,-1,8,2
03,16,290,50,51,26,0,8,0
03,16,250,110,106,80,0,7,-10
03,16,40,60,102,69,0,7,-16
03,16,40,60,31,8,0,8,1
03,16,80,30,42,-5,0,7,-3
03,16,110,60,58,5,0,7,-4
03,16,170,80,93,62,1,7,6
03,16,220,30,71,60,4,7,4
03,16,270,40,98,58,0,7,-5
03,16,220,50,132,81,0,7,-2
03,16,20,70,68,8,0,,-20
03,16,290,50,64,-5,0,,-16
03,16,270,40,79,29,0,,-11
03,16,240,20,96,42,0,,-5
03,16,290,30,91,33,0,,-10
03,16,250,60,88,76,4,,2
03,16,300,80,116,28,0,,-18
03,16,230,30,127,36,0,,-15
03,16,240,80,111,36,0,,-32
03,16,220,80,119,12,0,,-8
03,16,210,30,137,12,0,,-12
03,16,70,20,108,82,-1,,-11
03,16,50,60,48,30,0,,0
03,16,90,80,53,6,0,,-12
03,16,110,50,95,54,0,,-1
03,16,110,30,149,66,0,,-10
03,16,200,30,105,96,4,,-3
03,16,190,100,108,94,19,8,-7
03,16,270,50,105,62,0,,-4
03,16,290,60,118,69,0,,-3
03,16,290,70,120,95,0,,-2
03,16,340,40,92,54,0,,-1
03,16,20,40,88,4,0,,-5
03,16,30,40,79,7,0,,-14
03,16,20,30,81,-15,0,7,-9
03,16,30,40,89,9,0,2,-6
03,16,70,40,101,-41,0,,-11
03,16,120,60,139,-43,0,,-15
03,16,190,40,148,-14,0,,-10
03,16,170,30,150,18,0,,-8
03,16,250,30,132,71,0,,-12
03,16,170,40,120,80,0,8,-10
03,16,230,10,88,77,-1,8,-9
03,16,350,10,99,47,0,7,-7
03,16,190,70,104,45,0,8,-4
03,16,160,30,141,101,0,8,-7
03,16,290,70,71,46,0,7,-5
03,16,170,70,95,47,0,6,0
03,16,240,70,105,48,0,8,-5
03,16,230,50,133,57,0,1,-16
03,16,230,40,124,62,0,8,-5
03,16,240,40,103,95,6,8,-2
03,16,350,50,77,37,0,8,-6
03,16,40,40,92,6,0,0,-10
03,16,60,60,100,-20,0,1,-9
03,16,80,60,106,-6,0,0,-12
03,16,80,30,128,-8,0,0,-15
03,16,30,60,82,17,0,1,-13
03,16,80,40,123,13,0,0,-13
03,16,360,40,102,28,0,1,-7
03,16,320,10,91,13,0,1,-8
03,16,80,50,100,9,0,1,-9
03,16,110,50,135,-52,0,1,-10
03,16,220,30,171,-21,0,1,-8
03,16,290,40,178,68,0,8,-22
03,16,30,30,163,55,0,0,-20
03,16,40,40,171,-2,0,1,-12
03,16,10,30,164,-1,0,3,-16
03,16,80,50,199,58,0,1,-15
03,16,300,40,160,83,0,5,-4
03,16,350,70,128,36,0,2,-11
03,16,50,40,123,19,0,1,-5
03,16,360,30,40,-29,0,8,-3
03,16,300,70,57,10,0,7,-12
03,16,270,20,77,-35,0,4,-24
03,16,140,30,96,17,0,8,-7
03,16,70,10,74,-3,0,8,-6
03,16,330,50,50,4,0,7,-10
03,16,340,50,85,13,0,4,-24
03,16,10,40,69,16,0,7,-12
03,16,50,60,27,-6,-1,7,-3
03,16,40,40,17,5,-1,8,0
03,16,130,40,47,-24,0,7,-5
03,16,130,50,58,1,0,8,-20
03,16,210,50,101,53,-1,7,-9
03,16,210,90,123,36,0,6,-3
03,16,220,50,138,82,0,5,-1
03,16,210,20,156,115,0,8,-2
03,16,300,50,170,92,0,0,-25
03,16,210,40,146,114,0,1,2
03,16,220,100,117,84,-1,8,-7
03,16,230,110,127,110,2,8,-3
03,16,280,60,83,47,3,8,12
03,16,290,50,89,15,0,1,-3
03,16,0,0,72,26,0,0,-3
03,16,20,40,77,24,0,7,-4
03,16,40,30,76,-21,0,1,-9
03,16,350,60,64,14,0,8,-36
03,16,60,20,80,-15,0,7,-5
03,16,230,20,114,-8,0,0,-7
03,16,100,50,128,33,0,3,-5
03,16,70,80,161,22,0,0,-7
03,16,90,40,194,44,0,0,-16
03,16,220,70,1,-41,-1,8,-2
03,16,160,20,-1,-7,-1,8,-5
03,16,20,70,-7,-27,0,8,-2
03,16,200,50,-1,-52,0,8,-10
03,16,80,50,5,-14,0,7,-3
03,16,310,60,16,-11,-1,7,-11
03,16,300,50,54,24,0,8,-12
03,16,310,50,52,35,1,7,-1
03,16,320,40,59,26,-1,8,-2
03,16,280,40,62,-1,0,0,-8
03,16,260,70,63,23,1,8,2
03,16,280,90,43,9,-1,8,0
03,16,260,60,64,-43,0,3,-12
03,16,220,30,75,3,0,8,-8
03,16,220,50,120,42,0,8,-2
03,16,210,50,201,84,0,0,-16
03,16,250,70,155,90,0,8,-8
03,16,270,40,136,86,0,8,-4
03,16,20,20,118,103,0,8,-3
03,16,80,40,126,41,0,1,-12
03,16,110,70,167,-3,0,0,-12
03,16,220,40,159,101,-1,7,-27
03,16,120,30,176,75,0,0,-18
03,16,290,60,160,106,0,8,-27
03,16,320,30,122,93,0,6,-8
03,16,30,60,160,95,0,5,-26
03,16,190,30,151,104,0,8,-6
03,16,280,40,101,86,0,8,-7
03,16,80,30,144,104,0,6,-11
03,16,100,40,149,101,0,6,-23
03,16,110,20,148,74,0,5,-1
03,16,260,50,21,-28,-1,6,-6
03,16,250,50,32,-24,0,0,-13
03,16,20,40,3,-9,0,4,-4
03,16,290,50,20,-30,0,0,-2
03,16,280,60,34,0,-1,7,-16
03,16,310,80,26,-1,3,7,7
03,16,160,50,55,-16,0,8,-7
03,16,180,30,77,75,16,8,10
03,16,230,20,82,73,-1,8,-3
03,16,280,60,45,29,2,8,-9
03,16,10,70,2,-48,-1,5,-10
03,16,70,20,0,-104,0,1,-3
03,16,110,40,28,-80,0,0,-12
03,16,130,30,52,-59,0,8,-7
03,16,60,50,53,-37,0,0,-8
03,16,50,50,26,-32,0,8,-4
03,16,50,60,27,-19,0,8,-6
03,16,60,70,50,-3,0,0,-10
03,16,30,60,71,19,0,0,-14
03,16,40,50,81,4,0,0,-11
03,16,50,50,60,-38,0,4,-14
03,16,50,30,61,-54,0,3,-13
03,16,100,60,96,-62,0,0,-7
03,16,120,40,100,80,0,8,5
03,16,240,50,148,51,0,1,-12
03,16,220,50,175,121,0,7,-7
03,16,250,70,157,86,-1,2,-15
03,16,260,70,132,35,0,4,-14
03,16,260,30,104,69,-1,8,6
03,16,240,50,145,95,0,8,-6
03,16,260,60,140,90,0,6,-8
03,16,260,70,92,29,0,7,0
03,16,280,30,86,-15,0,0,-9
03,16,290,60,79,43,0,5,-4
03,16,150,40,127,56,0,7,-5
03,16,240,70,104,23,0,4,-6
03,16,180,70,90,78,12,8,1
03,16,270,50,97,54,0,7,-6
03,16,280,40,115,55,0,1,-11
03,16,320,60,80,50,16,7,-2
03,16,270,50,105,44,0,4,-9
03,16,200,30,146,75,0,3,-21
03,16,130,20,163,20,0,0,-10
03,16,10,50,129,80,0,7,-10
03,16,30,30,119,45,0,8,-9
03,16,290,40,126,27,0,1,-20
03,16,260,40,107,59,0,2,-8
03,16,280,70,124,78,0,8,-1
03,16,280,100,81,-10,3,6,-16
03,16,350,50,61,-2,0,8,-14
03,16,350,70,62,21,-1,6,-7
03,16,320,60,56,22,0,6,4
03,16,360,70,85,17,0,7,-6
03,16,70,60,72,11,0,8,-2
03,16,70,50,113,61,0,8,-2
03,16,100,70,123,18,0,2,-12
03,16,100,80,167,39,0,0,-8
03,16,80,60,161,17,0,0,-10
03,16,110,20,172,43,0,0,-15
03,16,260,20,102,84,0,2,-4
03,16,70,40,133,82,0,4,-16
03,16,60,70,150,46,0,7,0
03,16,280,80,102,44,0,8,-4
03,16,280,80,102,35,0,,-2
03,16,270,70,66,-23,0,3,-10
03,16,340,70,69,-8,-1,7,-25
03,16,280,30,64,-25,0,1,-13
03,16,250,30,79,72,-1,8,0
03,16,240,20,78,49,1,8,-6
03,16,210,60,95,28,0,8,-4
03,16,190,60,82,67,3,8,-3
03,16,180,120,68,37,-1,8,-1
03,16,180,80,75,66,12,8,11
03,16,280,90,89,22,0,7,3
03,16,280,70,98,37,0,8,-5
03,16,290,60,91,18,0,5,-9
03,16,120,30,147,91,0,4,-8
03,16,360,50,86,77,6,8,-12
03,16,340,60,61,-10,0,7,-7
03,16,300,50,52,1,-1,8,8
03,16,330,60,74,-4,0,5,-16
03,16,230,60,56,39,1,8,0
03,16,320,70,40,9,0,7,2
03,16,20,90,33,0,-1,8,-10
03,16,200,50,45,-20,-1,4,-7
03,16,310,50,30,22,2,3,-6
03,16,290,90,26,-39,-1,5,2
03,16,120,20,49,36,-1,8,-4
03,16,50,40,87,57,-1,8,-11
03,16,180,90,95,43,-1,8,-7
03,16,210,60,125,23,0,6,-11
03,16,180,70,106,78,0,4,-3
03,16,120,20,135,45,0,7,-7
03,16,180,40,117,69,0,6,-5
03,16,300,50,87,22,0,6,-15
03,16,200,60,91,27,0,8,-4
03,16,190,50,71,28,-1,8,-3
03,16,340,60,67,13,0,8,-11
03,16,310,70,63,0,0,4,-5
03,16,230,30,91,50,0,8,-6
03,16,260,50,96,-2,0,0,-8
03,16,270,60,75,23,0,8,-5
03,16,310,70,72,57,0,8,-7
03,16,280,50,98,14,0,3,-13
03,16,270,40,90,84,9,8,-2
03,16,250,20,121,15,0,8,-9
03,16,300,50,96,84,1,8,-5
03,16,310,50,102,51,0,8,-6
03,16,190,10,111,65,0,0,-3
03,16,30,50,132,71,0,3,-19
03,16,130,10,121,-67,0,2,-12
03,16,60,60,108,0,0,0,-9
03,16,70,40,98,-35,0,0,-10
03,16,310,50,110,-22,0,0,-11
03,16,290,80,96,36,0,5,-3
03,16,290,70,50,45,42,8,12
03,16,330,60,69,-14,0,4,-4
03,16,310,90,87,35,0,7,-16
03,16,230,60,88,81,4,8,2
03,16,280,80,49,24,13,7,21
03,16,190,40,53,45,25,8,6
03,16,300,40,76,21,0,1,-1
03,16,290,10,99,-1,0,1,-3
03,16,30,40,131,23,0,0,-7
03,16,290,40,64,-12,0,8,-16
03,16,310,60,60,-27,0,3,-15
03,16,70,50,57,-27,0,8,-10
03,16,360,60,47,-28,0,0,-12
03,16,260,70,38,-8,0,7,-8
03,16,70,70,25,-78,0,1,-13
03,16,70,70,31,-110,0,0,-8
03,16,70,40,19,-3,0,7,-6
03,16,50,50,44,-44,0,0,-13
03,16,40,80,56,-29,0,0,-22
03,16,30,50,44,-5,0,8,-1
03,16,310,40,54,-4,0,8,-6
03,16,290,70,56,22,-1,8,-4
03,16,290,60,71,39,1,7,-6
03,16,280,80,92,31,0,8,-17
03,16,190,30,87,34,0,7,2
03,16,240,40,139,14,0,7,-13
03,16,180,60,173,10,0,8,-11
03,16,210,40,153,101,0,8,-4
03,16,210,60,161,111,0,8,-6
03,16,300,30,110,55,0,8,-3
03,16,220,50,129,39,0,4,-5
03,16,170,30,137,63,0,8,-8
03,16,180,50,189,80,0,7,-16
03,16,170,40,187,86,0,7,-15
03,16,190,40,128,56,0,6,-7
03,16,270,50,123,46,0,4,-1
03,16,280,30,106,68,0,8,1
03,16,150,30,140,89,0,6,-7
03,16,180,60,120,62,0,7,-2
03,16,230,90,69,20,-1,7,-8
03,16,30,60,41,17,0,8,-8
03,16,50,70,71,-11,0,0,-17
03,16,40,60,66,-40,0,0,-16
03,16,20,50,63,3,0,0,-13
03,16,30,40,56,36,0,8,-2
03,16,40,50,66,-49,0,0,-10
03,16,120,50,78,-88,0,0,-9
03,16,240,30,110,-21,0,0,-12
03,16,280,60,99,16,0,4,-11
03,16,230,70,97,57,0,8,0
03,16,260,50,104,-10,0,1,-11
03,16,180,70,135,44,0,3,-9
03,16,170,40,126,78,0,8,-5
03,16,60,20,132,97,0,8,-3
03,16,90,60,161,90,0,0,-10
03,16,60,70,97,52,0,7,-16
03,16,320,40,60,42,0,8,-3
03,16,210,10,74,70,7,8,-2
03,16,10,30,92,-18,0,0,-9
03,16,990,10,114,-33,0,0,-11
03,16,190,20,140,-32,0,0,-23
03,16,10,30,150,62,0,3,-15
03,16,30,40,144,81,0,0,-5
03,16,50,40,157,75,0,3,-11
03,16,330,20,150,47,0,4,-18
03,16,40,40,81,46,0,8,-4
03,16,20,40,127,23,0,0,-9
03,16,20,40,101,22,0,7,-6
03,16,250,20,153,8,0,0,-7
03,16,220,20,115,98,3,8,-7
03,16,250,70,144,111,0,8,-3
03,16,20,20,85,78,0,8,-2
03,16,100,50,103,71,0,8,-4
03,16,220,40,126,66,0,8,-4
03,16,140,40,92,80,8,8,-2
03,16,140,50,28,17,-1,8,0
03,16,150,40,79,23,0,8,-6
03,16,210,60,47,36,23,8,1
03,16,300,50,72,24,0,4,-4
03,16,240,30,98,43,0,8,-3
03,16,290,50,103,88,-1,8,-7
03,16,310,40,131,54,0,0,-11
03,16,10,40,127,79,0,8,-7
03,16,20,20,94,49,0,8,-2
03,16,90,20,91,33,0,5,-16
03,16,170,30,174,58,0,0,-12
03,16,230,20,151,86,0,0,-6
03,16,220,10,115,57,0,8,-8
03,16,290,60,99,36,0,2,-18
03,16,310,60,103,-9,0,0,-11
03,16,310,40,114,42,0,7,-4
03,16,60,30,153,40,0,0,-13
03,16,70,50,187,76,0,0,-10
03,16,360,40,185,88,0,0,-11
03,16,10,50,175,93,0,2,-21
03,16,30,40,172,27,0,0,-12
03,16,30,50,168,53,0,0,-11
03,16,350,50,174,72,0,3,-12
03,16,340,50,181,61,0,0,-16
03,16,340,70,110,53,0,7,-5
03,16,300,50,91,60,0,8,-5
03,16,10,80,80,-6,0,8,-6
03,16,360,50,42,-9,0,8,-5
03,16,360,20,34,-20,0,8,-4
03,16,110,30,57,20,0,8,-2
03,16,120,40,114,-6,0,0,-13
03,16,140,50,161,-3,0,0,-22
03,16,60,20,159,24,0,1,-24
03,16,140,20,144,60,0,8,-15
03,16,90,50,145,93,0,7,-11
03,16,260,50,52,37,-1,8,-2
03,16,40,60,3,-31,0,8,-1
03,16,60,70,-21,-54,2,8,-1
03,16,40,90,-5,-92,0,6,-6
03,16,330,60,2,-8,2,7,3
03,16,30,60,21,-85,0,4,-2
03,16,210,50,30,-16,-1,8,-12
03,16,150,60,74,-52,0,8,-4
03,16,140,40,92,15,0,8,-6
03,16,40,20,91,17,0,7,-17
03,16,170,10,62,34,2,7,-12
03,16,40,20,19,-3,-1,8,6
03,16,50,30,34,-26,0,7,-8
03,16,90,90,38,-27,0,7,-10
03,16,90,90,-2,-43,1,8,3
03,16,80,100,25,-155,0,8,-5
03,16,90,100,34,-105,0,8,-7
03,16,80,90,44,-113,0,0,-6
03,16,80,60,55,-90,0,0,-7
03,16,40,60,22,-30,-1,8,-5
03,16,100,20,22,-50,0,8,-4
03,16,30,30,37,-37,0,,-11
03,16,50,30,32,-32,-1,8,-4
03,16,180,20,72,41,0,8,-6
03,16,180,60,84,9,0,2,-10
03,16,210,40,90,23,0,8,-7
03,16,250,20,78,28,0,4,-7
03,16,30,30,116,23,0,7,-11
03,16,200,40,130,26,0,0,-32
03,16,270,20,131,44,0,8,-6
03,16,150,30,176,65,0,0,-17
03,16,180,40,196,49,0,0,-17
03,16,30,50,174,54,0,0,-20
03,16,60,60,143,65,0,0,-12
03,16,70,30,169,56,0,0,-28
03,16,10,40,161,58,0,0,-14
03,16,260,40,138,-2,0,0,-14
03,16,310,60,107,51,0,8,-4
03,16,280,60,126,64,0,5,-9
03,16,270,40,112,36,0,8,-2
03,16,250,50,109,43,0,8,-2
03,16,250,60,159,59,0,1,-11
03,16,230,70,204,30,0,0,-18
03,16,250,40,99,15,0,1,-2
03,16,230,60,91,19,-1,7,-11
03,16,280,40,93,6,0,4,-14
03,16,40,20,91,-18,0,0,-3
03,16,80,50,106,-9,0,2,-9
03,16,360,40,68,20,0,2,2
03,16,90,40,126,28,0,4,-3
03,16,110,50,182,34,0,2,-21
03,16,90,50,182,40,0,6,-7
03,16,110,30,195,55,0,7,-5
03,16,100,20,215,60,0,6,-17
03,16,260,60,104,18,0,6,-10
03,16,270,90,64,-21,0,4,-2
03,16,280,50,69,31,21,1,-6
03,16,300,80,68,18,0,7,-4
03,16,280,50,81,5,0,7,-16
03,16,270,30,91,22,0,3,-25
03,16,210,40,132,1,0,2,-20
03,16,280,50,162,28,0,0,-42
03,16,200,40,114,63,0,5,-10
03,16,10,50,100,38,0,1,-11
03,16,100,30,93,-20,0,3,-9
03,16,100,60,120,12,0,0,-13
03,16,90,60,78,-6,0,1,-5
03,16,50,60,49,9,0,8,-2
03,16,70,60,71,25,0,8,-4
03,16,120,40,116,27,0,4,1
03,16,60,30,172,38,0,0,-19
03,16,350,60,75,59,0,8,-7
03,16,40,20,92,55,0,8,-5
03,16,990,10,57,38,0,8,-4
03,16,360,60,90,36,0,6,-8
03,16,90,50,62,-1,0,0,-3
03,16,270,30,95,24,0,2,-9
03,16,270,10,105,21,0,8,-7
03,16,310,30,68,57,5,8,-3
03,16,200,60,51,43,9,8,2
03,16,280,50,81,24,0,2,5
03,16,210,50,114,100,0,8,9
03,16,240,90,116,94,13,8,0
03,16,280,60,89,10,0,6,-6
03,16,280,100,114,25,0,7,-31
03,16,200,80,44,35,16,8,4
03,16,210,40,48,31,10,8,-10
03,16,290,50,73,-1,0,5,-24
03,16,270,20,55,31,-1,7,-2
03,16,190,20,64,-5,0,1,-9
03,16,330,20,46,26,6,7,-9
03,16,990,10,40,-5,-1,7,-1
03,16,230,20,57,15,0,8,-7
03,16,130,50,88,-28,0,8,-7
03,16,80,50,94,7,0,7,-16
03,16,80,40,85,27,0,0,-10
03,16,80,40,91,19,0,0,-20
03,16,50,60,90,16,0,0,-14
03,16,70,60,96,-37,0,8,-9
03,16,40,50,76,47,0,8,-6
03,16,70,80,71,-17,0,1,2
03,16,50,50,110,5,0,0,-14
03,16,350,20,65,41,0,8,-2
03,16,20,50,71,20,0,8,-2
03,16,320,40,91,55,0,7,-4
03,16,280,50,90,46,0,8,-6
03,16,350,40,103,61,0,7,-5
03,16,340,40,100,53,-1,8,-7
03,16,230,20,87,44,-1,8,2
03,16,310,50,94,42,0,8,4
03,16,180,90,155,72,0,8,-9
03,16,210,80,132,25,0,1,-11
03,16,250,90,117,19,0,4,-8
03,16,230,40,103,52,0,0,8
03,16,270,40,111,22,0,8,-11
03,16,40,30,93,41,-1,8,2
03,16,210,40,87,46,0,8,-18
03,16,260,60,89,23,0,8,-7
03,16,120,30,102,32,0,8,-3
03,16,200,20,118,77,-1,8,-11
03,16,180,80,56,42,8,8,0
03,16,290,40,62,51,6,8,-2
03,16,300,70,78,28,0,2,-3
03,16,270,60,107,102,14,8,0
03,16,300,70,120,66,0,5,-15
03,16,160,30,104,10,0,4,-6
03,16,100,30,124,21,0,8,-20
03,16,100,40,152,20,0,4,-22
03,16,350,40,122,66,0,8,-11
03,16,260,40,106,78,0,8,-7
03,16,290,40,142,45,0,0,-16
03,16,210,40,170,60,0,0,-11
03,16,250,60,95,-10,0,8,-2
03,16,270,40,115,107,8,8,-2
03,16,240,70,123,77,0,8,-1
03,16,210,60,100,93,2,8,1
03,16,250,60,91,-15,0,8,-6
03,16,160,50,111,7,0,8,-2
03,16,60,70,139,35,0,8,-8
03,16,60,70,139,36,0,7,-10
03,16,50,80,143,-59,0,0,-7
03,16,50,60,137,28,0,8,-8
03,16,120,40,175,0,0,0,-9
03,16,260,40,196,61,0,7,-19
03,16,240,30,157,97,0,8,1
03,16,190,40,218,83,0,8,-6
03,16,290,50,160,115,0,8,1
03,16,90,100,-4,-145,0,8,-2
03,16,90,80,-3,-119,0,8,-1
03,16,90,60,11,-28,0,8,-8
03,16,110,50,98,36,0,8,-9
03,16,130,30,107,42,0,8,-14
03,16,40,20,97,63,0,8,-30
03,16,200,40,72,55,-1,8,-11
03,16,240,50,83,32,0,8,-4
03,16,150,30,96,37,-1,8,-7
03,16,190,40,131,111,3,8,-10
03,16,170,40,152,95,0,3,-8
03,16,210,30,115,81,2,7,-10
03,16,300,40,58,46,2,8,-1
03,16,120,40,109,33,0,4,-5
03,16,130,10,86,61,6,8,-7
03,16,60,60,50,41,-1,8,-8
03,16,70,80,-20,-76,0,8,1
03,16,80,80,5,-92,0,8,-4
03,16,50,80,37,-90,0,0,-6
03,16,350,80,70,-37,0,0,-11
03,16,310,40,65,-12,0,7,-5
03,16,290,70,84,49,0,4,-10
03,16,200,60,73,27,0,8,-2
03,16,80,20,122,20,0,2,-6
03,16,350,40,116,30,0,8,-10
03,16,300,70,94,25,0,2,-12
03,16,160,50,69,59,4,8,-3
03,16,330,40,58,50,10,8,-5
03,16,210,30,104,1,0,1,-8
03,16,110,60,134,20,0,8,-9
03,16,10,30,94,48,-1,8,-19
03,16,310,30,70,28,0,8,-4
03,16,200,40,94,92,1,8,6
03,16,200,70,125,89,-1,8,0
03,16,250,70,86,17,0,8,-3
03,16,240,50,107,18,0,5,-16
03,16,180,90,120,75,-1,8,-8
03,16,220,70,95,50,12,3,-2
03,16,210,20,95,46,0,8,-4
03,16,280,120,113,39,0,6,-10
03,16,270,90,63,41,1,8,7
03,16,290,100,79,18,0,8,-11
03,16,190,100,100,7,0,8,-1
03,16,270,90,94,51,0,8,-12
03,16,310,80,105,57,3,8,-6
03,16,260,70,117,107,20,8,-5
03,16,230,70,115,52,0,8,-2
03,16,270,60,78,6,-1,8,-11
03,16,300,70,87,-11,0,6,-11
03,16,240,20,115,33,0,6,-13
03,16,250,20,123,83,0,8,-3
03,16,260,10,138,78,0,0,-18
03,16,220,30,183,36,0,0,-9
03,16,10,50,113,76,0,8,-6
03,16,290,60,110,13,0,0,-18
03,16,330,80,90,32,-1,8,-2
03,16,300,50,99,29,0,8,-4
03,16,300,30,113,41,0,8,-3
03,16,350,30,117,73,0,8,-4
03,16,100,30,177,58,0,0,-6
03,16,320,20,184,52,0,7,-18
03,16,70,70,126,32,0,0,-9
03,16,210,40,88,19,0,8,-9
03,16,300,40,71,62,8,8,-3
03,16,320,40,67,19,2,8,-6
03,16,150,30,63,41,3,8,0
03,16,80,60,67,58,10,8,-3
03,16,310,60,84,40,-1,8,-6
03,16,210,50,97,27,0,8,-5
03,16,190,60,94,84,-1,8,-1
03,16,260,30,91,43,-1,8,-3
03,16,240,80,129,110,0,8,0
03,16,240,50,142,89,0,1,-10
03,16,240,70,87,31,-1,2,0
03,16,290,40,82,48,-1,7,-5
03,16,180,60,102,36,0,8,-7
03,16,220,30,124,61,0,8,-5
03,16,300,40,116,54,0,8,-13
03,16,230,30,137,1,0,8,-9
03,16,230,40,162,71,0,7,-10
03,16,10,60,111,82,0,8,-9
03,16,50,60,76,22,1,8,-10
03,16,70,90,87,-15,0,1,-7
03,16,80,80,98,-45,0,0,-8
03,16,100,60,101,-84,0,0,-7
03,16,120,50,111,-81,0,3,-7
03,16,80,60,117,-93,0,0,-12
03,16,70,70,113,-53,0,0,-9
03,16,60,60,154,8,0,0,-7
03,16,360,90,110,30,0,1,-17
03,16,20,100,63,-77,0,3,-10
03,16,360,60,69,27,1,7,9
03,16,30,40,92,-63,0,0,-5
03,16,50,15,62,11,-1,8,-2
03,16,170,5,68,50,0,8,-3
03,16,230,36,104,27,0,7,-23
03,16,110,62,102,48,0,7,-16
03,16,130,10,122,96,0,8,-2
03,16,110,41,155,85,0,6,-15
03,16,110,36,146,83,0,7,-11
03,16,140,31,143,85,0,8,-10
03,16,230,21,115,85,0,7,-9
03,16,190,51,146,46,0,6,-14
03,16,190,36,131,75,0,5,-3
03,16,130,10,151,67,0,3,-16
03,16,160,10,172,55,0,1,-19
03,16,250,46,165,87,0,7,-16
03,16,220,21,110,91,0,8,-6
03,16,160,46,157,96,0,7,-5
03,16,140,26,112,82,1,8,3
03,16,240,41,124,73,0,1,-10
03,16,240,82,127,119,-1,6,1
03,16,220,46,136,106,0,8,-6
03,16,260,5,105,68,0,8,-5
03,16,330,26,93,12,0,7,-8
03,16,30,21,99,10,0,7,-7
03,16,10,72,115,25,0,4,-9
03,16,70,103,75,-20,0,7,-5
03,16,70,46,98,12,0,7,2
03,16,40,72,122,21,0,3,-6
03,16,20,51,100,-2,0,7,-5
03,16,60,41,100,-20,0,0,-10
03,16,10,36,103,1,0,3,-4
03,16,280,31,116,69,0,7,-3
03,16,190,62,150,38,0,0,-18
03,16,260,72,79,11,-1,2,-13
03,16,230,62,86,72,-1,8,2
03,16,140,31,126,87,0,7,-3
03,16,110,31,146,69,0,7,-12
03,16,270,36,97,28,0,4,-7
03,16,140,41,133,19,0,6,-14
03,16,280,36,110,64,0,7,-6
03,16,200,10,98,52,0,7,-5
03,16,210,67,114,19,0,7,-2
03,16,280,67,72,17,0,5,-3
03,16,230,103,86,80,12,8,0
03,16,300,82,58,38,2,7,-7
03,16,270,67,58,-7,-1,5,3
03,16,300,41,55,7,0,5,-2
03,16,250,21,87,11,0,2,-6
03,16,280,15,118,83,0,7,-6
03,16,160,26,134,67,0,2,-11
03,16,270,31,110,38,0,7,-6
03,16,240,62,99,96,2,8,-4
03,16,270,103,83,8,-1,7,-10
03,16,310,72,75,41,-1,7,-9
03,16,20,15,61,38,-1,7,10
03,16,30,82,65,20,-1,6,-8
03,16,290,21,60,-3,0,7,-3
03,16,180,21,51,39,0,8,0
03,16,350,26,53,43,50,8,4
03,16,300,72,48,-10,-1,7,2
03,16,140,36,75,11,0,8,-7
03,16,120,62,118,25,0,7,-5
03,16,230,51,75,48,-1,8,-15
03,16,60,87,18,-4,0,8,0
03,16,60,82,56,-13,0,6,-15
03,16,40,62,12,-40,0,5,-11
03,16,330,26,20,-11,0,7,-2
03,16,270,51,36,13,0,8,-6
03,16,320,62,81,45,0,7,-6
03,16,50,21,74,38,0,7,-3
03,16,110,67,77,-26,0,1,-9
03,16,120,41,80,-18,0,0,-9
03,16,270,36,111,27,0,7,-6
03,16,190,26,124,58,0,6,-21
03,16,220,31,155,33,0,0,-14
03,16,200,31,157,3,0,1,-31
03,16,240,36,153,66,0,5,-7
03,16,200,41,172,35,0,1,-20
03,16,270,62,111,87,-1,8,-3
03,16,240,72,152,91,0,6,-9
03,16,250,62,114,63,0,8,-1
03,16,280,51,98,4,0,2,-10
03,16,230,21,131,15,0,2,-16
03,16,280,36,146,31,0,7,-10
03,16,220,77,113,99,3,8,-1
03,16,270,62,102,-3,0,1,-11
03,16,300,51,82,0,0,6,-10
03,16,330,87,72,19,0,4,-4
03,16,30,62,84,-51,0,3,-4
03,16,80,36,61,-52,0,3,-1
03,16,110,36,75,-77,0,1,-7
03,16,100,10,90,-94,0,1,-12
03,16,170,41,138,-10,0,7,-10
03,16,180,36,169,70,0,7,-5
03,16,230,31,76,57,0,8,-2
03,16,280,62,71,59,-1,8,-7
03,16,200,67,94,58,-1,8,-16
03,16,210,36,97,14,0,7,-18
03,16,210,41,135,41,0,7,-8
03,16,270,62,87,29,0,7,-4
03,16,260,41,111,92,0,8,-2
03,16,230,62,128,110,0,8,-4
03,16,260,57,118,79,0,7,-7
03,16,290,46,95,-4,0,1,-7
03,16,220,21,110,23,0,7,-11
03,16,260,41,81,38,0,7,-3
03,16,290,82,94,38,-1,7,0
03,16,250,93,121,70,0,7,-5
03,16,250,67,94,93,24,8,0
03,16,270,87,81,15,1,2,-5
03,16,280,67,64,3,0,5,-29
03,16,230,31,71,62,9,8,-3
03,16,290,57,64,-6,0,7,-4
03,16,290,62,69,-17,0,7,-7
03,16,20,41,83,15,0,2,-2
03,16,200,46,79,48,1,8,-2
03,16,230,108,118,110,-1,8,3
03,16,290,62,107,20,0,7,-6
03,16,250,93,109,98,4,8,0
03,16,310,62,67,18,0,5,1
03,16,140,41,82,2,0,6,-2
03,16,210,67,116,97,-1,8,-2
03,16,260,31,128,89,-1,7,-1
03,16,170,72,194,96,0,4,-2
03,16,210,103,131,24,0,4,-5
03,16,230,82,101,63,0,3,-13
03,16,220,67,46,9,0,2,-11
03,16,260,82,52,-46,0,4,-14
03,16,170,10,9,3,6,5,12
03,16,190,51,21,17,2,8,-1
03,16,280,62,65,-9,0,5,-6
03,16,180,93,61,-1,0,7,-1
03,16,210,36,38,26,-1,6,-8
03,16,270,26,65,22,4,6,-3
03,16,130,77,110,-21,0,6,-4
03,16,120,31,140,35,0,4,-10
03,16,10,31,147,75,0,1,-17
03,16,70,51,126,4,0,1,-13
03,16,90,15,67,-7,0,6,-9
03,16,230,41,50,9,2,5,-3
03,16,250,41,43,27,3,6,7
03,16,240,123,121,66,-1,6,-26
03,16,270,51,96,20,-1,5,-23
03,16,310,62,73,-9,0,2,-3
03,16,290,67,47,7,0,4,-6
03,16,340,57,72,-7,0,5,-9
03,16,250,26,94,-13,0,0,-6
03,16,220,31,144,-8,0,0,-15
03,16,270,51,122,65,0,7,-8
03,16,300,67,84,-1,0,4,-8
03,16,270,72,105,57,0,7,-2
03,16,340,98,27,-13,1,4,19
03,16,210,72,19,13,7,8,-5
03,16,350,103,70,-38,0,4,-9
03,16,270,36,78,-22,0,6,-1
03,16,240,31,84,84,1,8,5
03,16,10,57,41,31,-1,7,-2
03,16,300,26,36,-26,0,7,-5
03,16,360,31,41,-34,0,1,-14
03,16,240,41,22,22,2,8,2
03,16,310,31,22,10,0,8,-3
03,16,340,36,59,44,0,7,-6
03,16,80,62,58,8,0,8,-1
03,16,120,62,84,-22,0,0,-7
03,16,110,57,84,-37,0,0,-8
03,16,80,36,76,-58,0,0,-7
03,16,60,62,18,-80,0,2,-10
03,16,70,62,7,-96,0,2,-9
03,16,60,62,14,-66,0,2,-12
03,16,110,57,70,-63,0,5,-4
03,16,70,46,92,-18,0,6,-17
03,16,120,15,91,20,0,7,-9
03,16,210,10,72,38,0,8,-2
03,16,50,26,66,29,0,8,-1
03,16,30,15,92,34,0,7,-5
03,16,40,36,127,23,0,5,-3
03,16,190,31,90,84,7,8,-1
03,16,200,15,91,82,-1,8,-4
03,16,270,10,110,105,0,8,-3
03,16,50,41,86,59,0,7,-10
03,16,80,46,123,48,0,7,-8
03,16,20,77,30,9,0,8,1
03,16,40,41,68,-134,0,1,-5
03,16,250,72,68,-31,0,6,-13
03,16,290,26,59,25,11,6,-23
03,16,310,57,45,-26,0,4,-2
03,16,240,26,22,18,7,4,5
03,16,220,60,127,74,0,7,1
03,16,240,70,92,84,21,8,-15
03,16,240,10,104,7,0,7,-5
03,16,120,40,119,93,0,8,-5
03,16,230,50,112,61,0,3,-8
03,16,40,30,100,63,0,7,-7
03,16,180,20,140,66,0,5,-5
03,16,30,50,139,85,0,1,-18
03,16,100,40,152,57,0,0,-9
03,16,250,30,169,43,0,0,-20
03,16,30,30,102,67,0,0,-8
03,16,240,40,151,76,0,0,-17
03,16,240,60,129,90,0,6,-9
03,16,240,30,110,84,0,5,0
03,16,270,50,117,99,0,8,-2
03,16,280,60,107,93,0,8,-2
03,16,350,40,127,67,0,7,-7
03,16,220,80,83,68,1,8,-1
03,16,320,80,77,41,0,7,-6
03,16,240,30,69,37,-1,8,-9
03,16,330,60,73,7,0,2,-6
03,16,150,30,89,-21,0,1,-7
03,16,240,30,78,69,-1,8,0
03,16,220,10,87,63,0,8,-2
03,16,310,20,103,63,0,6,-4
03,16,220,90,135,75,0,8,0
03,16,230,90,155,36,0,5,-10
03,16,300,90,97,21,0,3,-19
03,16,310,70,100,42,0,7,-13
03,16,310,30,120,45,0,3,0
03,16,270,20,149,40,0,0,-8
03,16,220,50,34,31,-1,7,0
03,16,240,50,86,71,2,8,2
03,16,220,120,135,109,0,8,-4
03,16,290,60,78,59,-1,8,-4
03,16,280,60,69,24,-1,6,-3
03,16,230,70,90,90,5,8,5
03,16,250,50,109,88,14,6,-1
03,16,40,60,41,10,-1,7,-2
03,16,350,40,79,-8,0,3,-6
03,16,190,50,82,-24,0,8,-6
03,16,180,30,42,36,-1,8,-2
03,16,330,50,58,2,0,7,-8
03,16,250,40,52,52,-1,8,3
03,16,310,50,86,67,-1,7,-9
03,16,320,60,110,77,0,8,-6
03,16,300,20,109,68,0,8,-6
03,16,280,40,111,76,-1,8,-6
03,16,320,50,99,53,0,7,-7
03,16,320,50,86,-7,0,3,-4
03,16,310,50,90,63,-1,8,-12
03,16,350,30,93,5,0,2,-13
03,16,340,60,82,44,-1,8,-5
03,16,80,60,64,-12,-1,5,-11
03,16,140,40,86,-46,0,7,-7
03,16,150,50,118,-86,0,7,-10
03,16,200,60,85,66,4,8,-6
03,16,220,40,113,105,-1,8,3
03,16,130,30,163,104,0,7,-5
03,16,120,10,201,97,0,7,-5
03,16,310,40,180,135,0,7,-9
03,16,260,10,174,93,0,6,-8
03,16,260,90,118,107,10,8,2
03,16,240,100,120,115,12,8,-3
03,16,210,80,97,44,1,6,-16
03,16,170,50,81,41,-1,7,-2
03,16,250,30,46,41,3,7,1
03,16,240,60,40,27,3,7,5
03,16,180,60,40,28,-1,8,0
03,16,110,20,77,26,0,7,-3
03,16,260,40,65,50,0,8,-6
03,16,320,30,62,31,0,1,-5
03,16,110,40,90,16,0,5,-7
03,16,120,40,152,83,0,5,-9
03,16,260,50,164,76,0,7,-23
03,16,270,20,123,71,0,6,-9
03,16,60,50,111,34,0,6,-5
03,16,50,30,115,16,0,5,-11
03,16,990,10,122,23,0,6,-11
03,16,290,40,90,70,2,8,-8
03,16,320,70,84,10,0,7,-5
03,16,260,30,86,39,-1,8,-6
03,16,200,80,56,45,1,8,1
03,16,320,70,59,12,0,7,-2
03,16,260,40,91,91,7,8,2
03,16,220,40,105,44,0,7,-4
03,16,180,50,155,61,0,7,-11
03,16,0,0,121,90,-1,7,-10
03,16,340,50,108,22,0,7,-6
03,16,50,20,113,5,0,1,-4
03,16,200,50,151,13,0,2,-9
03,16,220,30,162,90,0,7,-7
03,16,90,50,183,71,0,2,-8
03,16,310,70,70,9,0,5,-17
03,16,220,110,65,17,-1,8,-6
03,16,280,50,70,15,0,6,-6
03,16,310,60,2,-2,7,7,1
03,16,260,50,66,17,-1,7,-11
03,16,230,80,92,-11,0,7,-6
03,16,250,90,127,63,0,7,-10
03,16,250,80,119,103,2,8,3
03,16,280,50,112,73,0,8,-3
03,16,190,30,91,77,-1,8,4
03,16,310,80,96,38,0,4,0
03,16,70,10,112,29,0,7,-8
03,16,270,40,91,76,0,8,-4
03,16,320,80,78,34,-1,7,-4
03,16,280,60,77,7,0,6,-8
03,16,290,40,89,73,1,8,-3
03,16,320,50,95,58,0,8,-5
03,16,330,60,77,9,0,6,-5
03,16,30,40,83,25,0,6,-1
03,16,360,30,100,41,0,7,-1
03,16,30,40,109,50,0,3,-14
03,16,250,30,156,29,0,6,-12
03,16,100,40,152,42,0,7,-6
03,16,220,30,110,101,6,8,-7
03,16,200,70,94,47,9,7,4
03,16,170,30,78,41,0,7,-2
03,16,360,40,76,50,-1,8,-11
03,16,30,80,38,16,-1,8,-2
03,16,40,70,71,41,0,7,-1
03,16,340,30,70,40,0,8,-2
03,16,340,10,81,32,-1,8,-2
03,16,280,30,47,-2,0,8,-13
03,16,80,40,28,5,-1,8,-2
03,16,60,40,1,-36,0,8,0
03,16,50,30,26,4,0,8,0
03,16,110,30,41,-24,0,7,-4
03,16,120,50,88,8,0,6,-9
03,16,180,20,146,109,0,7,-12
03,16,140,50,102,93,0,8,6
03,16,220,60,117,87,0,7,-14
03,16,220,50,123,105,2,8,-6
03,16,170,30,135,117,0,8,-6
03,16,260,30,112,26,0,4,-24
03,16,250,50,69,58,-1,7,-2
03,16,300,40,95,25,0,3,-10
03,16,110,20,106,43,0,7,-3
03,16,60,50,101,66,0,7,-7
03,16,330,20,69,45,0,8,-6
03,16,40,40,64,60,14,8,-2
03,16,310,70,43,-21,0,6,-2
03,16,90,40,53,-45,0,7,-1
03,16,130,20,41,36,-1,8,8
03,16,290,30,50,26,0,8,0
03,16,240,120,133,88,0,7,-27
03,16,40,60,107,72,0,7,-21
03,16,20,60,30,7,0,8,0
03,16,80,30,40,-6,0,8,-2
03,16,100,50,53,-3,0,7,3
03,16,170,70,89,59,6,7,2
03,16,220,60,95,51,0,7,-30
03,16,270,30,99,58,0,7,-1
03,16,230,70,136,73,0,8,-5
03,16,20,70,66,1,0,2,-16
03,16,280,40,66,-23,0,3,-15
03,16,240,50,72,27,0,7,-12
03,16,180,20,92,46,0,8,-1
03,16,280,20,88,34,0,8,-15
03,16,240,70,86,77,5,8,-2
03,16,300,70,110,-2,0,3,-5
03,16,240,50,122,32,0,6,-17
03,16,250,100,116,22,0,6,-11
03,16,200,90,120,9,0,1,-9
03,16,240,40,146,-5,0,5,-33
03,16,30,30,103,77,-1,7,-8
03,16,40,60,49,31,0,8,-2
03,16,100,60,50,10,-1,8,-14
03,16,110,30,98,57,0,7,2
03,16,130,30,155,67,0,3,-10
03,16,260,40,117,94,-1,7,-10
03,16,170,100,112,92,15,8,-6
03,16,280,50,109,62,0,7,-4
03,16,280,60,123,63,0,8,-6
03,16,280,70,128,88,0,8,-9
03,16,340,50,94,45,0,7,-6
03,16,30,30,91,-4,0,6,-8
03,16,40,30,77,-3,0,6,-10
03,16,30,30,90,-22,0,6,-21
03,16,340,40,95,9,0,5,-9
03,16,50,50,100,-67,0,1,-8
03,16,90,50,139,-35,0,0,-4
03,16,170,30,155,16,0,0,-7
03,16,170,30,155,22,0,7,-20
03,16,40,20,123,85,8,,-7
03,16,180,30,126,76,0,6,-10
03,16,990,10,85,74,15,8,-5
03,16,120,10,92,45,0,7,-7
03,16,180,50,106,34,0,8,-3
03,16,190,30,152,79,0,7,-11
03,16,280,30,75,49,0,7,-4
03,16,160,70,96,31,0,7,-2
03,16,220,80,104,45,0,7,-4
03,16,230,60,129,47,0,7,-7
03,16,230,50,123,66,0,7,-6
03,16,250,60,107,101,10,8,-3
03,16,350,60,80,45,0,6,-5
03,16,40,50,92,-5,0,1,-10
03,16,70,60,101,-22,0,1,-9
03,16,70,50,108,-7,0,0,-10
03,16,80,40,124,-16,0,1,-8
03,16,360,50,93,25,0,0,-13
03,16,60,40,121,13,0,1,-9
03,16,350,50,108,22,0,1,-13
03,16,20,10,92,10,0,6,-9
03,16,80,50,101,-3,0,1,-3
03,16,90,50,136,-74,0,3,-6
03,16,160,30,173,-29,0,0,-14
03,16,250,50,198,50,0,6,-16
03,16,990,10,166,56,0,5,-13
03,16,60,40,173,-4,0,3,-12
03,16,340,30,175,-2,0,2,-12
03,16,90,30,202,60,0,3,-6
03,16,270,40,170,83,0,7,-5
03,16,330,60,148,58,0,2,-18
03,16,360,20,129,16,0,4,-4
03,16,350,20,43,-35,0,5,-8
03,16,290,50,65,5,0,4,-9
03,16,280,30,73,-28,0,2,-17
03,16,120,40,93,-5,0,7,-5
03,16,100,40,78,-28,0,7,-5
03,16,310,50,49,14,-1,6,-11
03,16,0,0,68,34,0,7,-2
03,16,340,50,65,4,0,3,-8
03,16,50,60,27,-9,-1,7,-4
03,16,30,40,21,2,-1,8,0
03,16,110,30,47,-19,0,7,-6
03,16,130,60,43,16,2,8,-5
03,16,210,60,108,28,0,7,-2
03,16,200,80,129,35,0,7,-8
03,16,220,60,139,79,0,7,-2
03,16,230,30,162,112,0,8,-5
03,16,250,30,209,80,0,0,-40
03,16,240,40,144,113,1,7,2
03,16,210,120,116,82,4,8,-3
03,16,220,140,128,110,-1,8,-3
03,16,250,60,95,51,1,6,-3
03,16,290,50,94,16,-1,2,-11
03,16,310,30,73,34,0,3,-3
03,16,20,50,76,23,-1,7,-15
03,16,40,40,71,-20,0,5,-8
03,16,340,30,57,15,0,7,-1
03,16,240,20,85,-34,0,4,-10
03,16,230,20,114,-18,0,3,-8
03,16,40,60,134,26,0,4,-7
03,16,70,60,171,10,0,0,-5
03,16,80,30,196,28,0,1,-10
03,16,210,80,3,-47,0,,-4
03,16,180,30,11,-43,0,,-1
03,16,30,70,-4,-29,0,,-4
03,16,190,50,-4,-46,0,,0
03,16,60,40,2,-15,0,,-1
03,16,310,50,13,-22,0,,-10
03,16,310,50,51,8,0,,-9
03,16,300,50,58,29,0,,-6
03,16,320,40,57,28,0,,-2
03,16,300,30,64,8,0,,-15
03,16,260,80,58,27,3,,0
03,16,270,70,41,12,1,,-2
03,16,260,60,54,-14,0,,-12
03,16,220,40,74,3,0,,-8
03,16,230,70,122,40,0,,-4
03,16,230,70,202,77,0,,-17
03,16,260,70,156,94,0,,-5
03,16,260,50,134,87,0,,1
03,16,20,20,114,105,0,,-1
03,16,80,40,126,29,0,,-9
03,16,110,60,166,-3,0,,-9
03,16,230,60,169,93,0,,-38
03,16,120,30,171,80,0,,-10
03,16,210,50,150,125,23,,-14
03,16,310,40,136,82,0,,-6
03,16,40,30,163,87,0,,-13
03,16,110,30,152,104,0,,-18
03,16,260,40,110,99,0,,-7
03,16,60,40,145,103,0,,-3
03,16,90,40,147,100,0,,-12
03,16,70,30,152,73,0,,-10
03,16,250,70,15,-38,0,,-2
03,16,230,70,15,-25,0,,-4
03,16,10,30,20,-14,0,,-11
03,16,330,20,29,-4,0,,-7
03,16,270,70,35,-9,0,,-16
03,16,300,50,35,-3,0,,-7
03,16,180,40,53,-26,0,,-9
03,16,170,40,71,69,18,,6
03,16,240,30,79,72,1,,-4
03,16,260,50,50,38,3,,-9
03,16,10,90,-3,-48,-1,,-8
03,16,10,20,5,-98,0,,-10
03,16,90,40,25,-81,0,,-6
03,16,120,30,49,-48,0,,-5
03,16,60,60,57,-30,0,,-8
03,16,50,70,28,-36,0,,-6
03,16,50,60,29,-24,0,,-7
03,16,50,70,46,-1,0,,-11
03,16,40,40,81,7,0,,-5
03,16,70,30,73,4,0,,-2
03,16,30,60,59,-40,0,,-8
03,16,50,50,55,-56,0,,-5
03,16,110,60,95,-71,0,,-4
03,16,120,30,98,81,0,,7
03,16,240,60,148,60,0,,-12
03,16,210,60,178,116,0,,-8
03,16,240,30,136,102,6,,-24
03,16,240,50,129,48,0,,-9
03,16,270,30,106,65,0,,-16
03,16,240,70,145,95,0,,-12
03,16,250,70,141,80,0,,-6
03,16,260,100,92,13,0,7,-20
03,16,290,30,87,-3,0,1,-9
03,16,300,50,84,38,0,7,-11
03,16,140,50,129,53,0,8,-4
03,16,230,60,102,25,0,4,-10
03,16,190,60,90,79,13,8,-1
03,16,230,70,94,44,-1,8,-3
03,16,260,50,119,41,0,1,-13
03,16,300,30,78,68,0,5,0
03,16,260,40,111,47,0,2,-10
03,16,210,30,144,59,0,0,-12
03,16,60,20,162,23,0,0,-8
03,16,340,50,134,62,0,1,-13
03,16,340,20,127,29,0,5,-15
03,16,320,20,129,25,0,1,-13
03,16,240,50,107,74,0,8,-6
03,16,260,40,120,82,0,8,-1
03,16,270,70,77,-13,-1,7,-9
03,16,340,60,56,-4,0,3,-4
03,16,350,60,46,30,12,8,8
03,16,350,90,57,-12,10,7,2
03,16,340,80,75,17,0,8,-1
03,16,80,60,65,16,-1,8,7
03,16,60,60,112,54,0,8,-3
03,16,90,70,116,10,0,2,0
03,16,80,50,174,31,0,0,-7
03,16,80,70,170,-6,0,0,-4
03,16,90,20,173,28,0,0,-4
03,16,250,40,114,71,0,7,-7
03,16,70,30,134,57,0,7,-13
03,16,60,80,160,38,0,3,-6
03,16,270,90,101,43,0,8,-4
03,16,280,60,108,24,0,7,-7
03,16,290,60,68,-19,0,6,-12
03,16,330,80,67,-27,0,4,-8
03,16,310,30,62,-47,0,1,-10
03,16,250,50,75,66,-1,8,-2
03,16,210,50,88,23,-1,8,-7
03,16,220,80,101,19,0,3,-9
03,16,200,40,84,63,1,8,-1
03,16,180,90,70,34,0,8,1
03,16,180,60,73,62,5,8,6
03,16,270,110,89,17,-1,8,-2
03,16,270,50,101,31,0,7,-5
03,16,280,50,98,12,0,2,-11
03,16,120,30,148,85,0,1,-7
03,16,330,50,97,86,7,8,-5
03,16,320,50,59,-5,-1,8,-1
03,16,300,60,69,-2,0,1,-6
03,16,330,70,71,-7,0,2,-20
03,16,240,70,53,39,9,8,-1
03,16,280,80,42,19,-1,7,-5
03,16,20,80,33,12,-1,8,-8
03,16,220,50,47,-34,0,4,-3
03,16,260,50,24,5,-1,7,-7
03,16,270,50,13,-6,1,7,14
03,16,70,30,44,33,1,8,-1
03,16,100,30,77,54,6,8,-4
03,16,180,80,98,37,-1,8,0
03,16,190,60,126,21,0,6,-13
03,16,180,50,97,83,5,7,1
03,16,990,10,135,40,0,6,6
03,16,200,20,122,69,0,7,-9
03,16,260,40,86,22,0,5,-11
03,16,200,60,95,12,0,8,-3
03,16,150,20,63,42,3,8,4
03,16,340,50,70,19,0,8,-5
03,16,320,70,75,-4,0,8,-18
03,16,230,40,90,38,0,8,-8
03,16,270,50,95,19,0,0,-5
03,16,260,70,72,19,-1,8,-1
03,16,280,60,75,56,-1,8,-11
03,16,310,40,95,4,0,0,-9
03,16,260,60,93,86,5,8,-3
03,16,260,20,114,30,0,7,-6
03,16,290,40,94,86,3,8,-1
03,16,320,70,98,48,0,8,0
03,16,250,10,112,60,0,1,-6
03,16,40,40,133,49,0,1,-13
03,16,120,10,120,-89,0,1,-12
03,16,60,50,103,1,0,1,-8
03,16,70,40,95,-37,0,0,-6
03,16,310,40,118,-38,0,0,-12
03,16,300,50,102,24,0,6,-8
03,16,280,110,73,52,23,8,-18
03,16,330,60,73,-13,0,2,-10
03,16,290,80,87,25,0,8,-17
03,16,220,80,85,74,2,8,0
03,16,220,60,80,21,-1,7,2
03,16,260,60,60,38,-1,8,-5
03,16,350,40,85,15,0,8,-6
03,16,230,20,105,-14,0,0,-5
03,16,20,30,133,15,0,0,-6
03,16,300,40,66,-5,0,8,-9
03,16,300,50,73,-24,0,2,-16
03,16,70,70,53,-39,0,8,-5
03,16,360,60,55,-42,0,2,-13
03,16,270,60,43,-20,-1,7,-14
03,16,50,80,20,-91,0,1,-10
03,16,50,60,29,-88,0,0,-9
03,16,60,50,15,-17,0,7,-10
03,16,60,60,37,-79,0,0,-8
03,16,30,90,51,-31,0,0,-11
03,16,360,50,45,-9,0,8,-3
03,16,320,20,56,-11,0,8,-3
03,16,290,50,62,13,0,8,-6
03,16,290,50,69,36,1,8,-2
03,16,280,60,90,28,0,8,0
03,16,210,20,79,25,0,7,-4
03,16,230,50,134,11,0,3,-16
03,16,200,50,174,14,0,6,-12
03,16,230,70,156,94,-1,8,-2
03,16,210,70,163,106,0,8,-7
03,16,340,40,116,41,0,8,-9
03,16,200,40,130,39,0,2,-5
03,16,180,20,139,59,0,6,-9
03,16,200,40,193,67,0,8,-6
03,16,190,50,191,73,0,8,-16
03,16,210,30,123,52,0,8,-6
03,16,260,50,128,30,0,4,-6
03,16,250,40,106,79,0,8,0
03,16,120,20,139,89,0,7,-5
03,16,180,60,116,65,-1,7,-4
03,16,230,110,74,19,-1,8,-3
03,16,20,60,49,18,0,3,-8
03,16,30,70,65,-6,0,7,-15
03,16,30,70,63,-30,0,0,-12
03,16,30,50,73,-10,0,0,-12
03,16,20,40,58,29,0,8,-4
03,16,50,50,64,-32,0,0,-12
03,16,110,50,80,-113,0,0,-5
03,16,240,60,113,-29,0,0,-23
03,16,240,50,82,31,-1,8,3
03,16,230,100,88,56,-1,8,-2
03,16,280,50,105,-8,0,0,-8
03,16,190,70,138,42,0,4,-7
03,16,190,30,127,79,0,8,-5
03,16,70,40,136,87,0,8,-8
03,16,70,40,167,90,0,0,-10
03,16,70,80,92,50,0,8,-11
03,16,290,40,68,44,0,8,-7
03,16,200,20,72,65,8,8,-1
03,16,20,30,97,-9,0,0,-9
03,16,990,10,117,-36,0,0,-6
03,16,160,10,143,-26,0,0,-13
03,16,20,40,147,62,0,1,-10
03,16,20,40,152,77,0,0,-8
03,16,50,40,163,69,0,0,-9
03,16,350,30,148,57,0,6,-7
03,16,50,40,83,38,0,8,-2
03,16,360,20,135,35,0,0,-9
03,16,30,30,114,21,0,1,-12
03,16,260,20,160,7,0,0,-9
03,16,220,60,134,92,-1,8,-7
03,16,240,60,141,115,0,8,2
03,16,10,30,80,77,0,8,0
03,16,80,40,104,72,0,8,1
03,16,170,30,124,63,0,8,-5
03,16,130,30,95,85,7,8,-2
03,16,160,80,35,15,-1,8,-4
03,16,230,20,79,31,0,8,-12
03,16,200,70,49,33,11,8,-3
03,16,290,40,81,21,0,7,-10
03,16,240,50,102,44,0,8,-5
03,16,270,40,107,90,0,8,-3
03,16,310,30,140,63,0,4,-14
03,16,340,20,127,80,0,8,-3
03,16,40,30,95,42,0,8,-2
03,16,50,30,88,32,0,1,-9
03,16,160,20,181,53,0,0,-13
03,16,230,10,165,85,0,0,-16
03,16,190,40,115,63,-1,8,-15
03,16,300,50,100,30,0,4,-7
03,16,300,40,112,3,0,4,-13
03,16,290,30,127,24,0,8,-6
03,16,100,30,157,39,0,0,-11
03,16,80,50,192,60,0,0,-9
03,16,10,40,192,90,0,0,-19
03,16,30,40,178,83,0,3,-16
03,16,50,50,180,2,0,0,-13
03,16,50,50,174,42,0,0,-10
03,16,360,50,176,64,0,5,-17
03,16,340,50,182,63,0,0,-13
03,16,330,70,110,53,0,7,-9
03,16,280,40,93,63,0,8,-5
03,16,350,60,80,-4,0,8,-6
03,16,20,40,44,-6,0,8,-4
03,16,300,20,36,-19,0,8,-8
03,16,990,10,55,16,0,8,-1
03,16,110,40,115,-7,0,0,-9
03,16,130,30,152,2,0,0,-10
03,16,70,30,176,10,0,2,-20
03,16,150,20,143,65,0,8,-9
03,16,70,40,149,93,-1,7,-11
03,16,240,60,57,48,-1,8,-3
03,16,30,60,1,-23,0,8,-1
03,16,60,70,-25,-37,4,8,0
03,16,40,90,-12,-82,0,4,-4
03,16,210,10,31,-32,0,0,-29
03,16,20,60,24,-74,0,1,-5
03,16,200,60,22,-2,-1,8,10
03,16,140,60,74,-39,0,8,-8
03,16,150,50,95,13,0,7,-12
03,16,990,10,117,-12,0,6,-21
03,16,260,20,66,35,2,7,-13
03,16,360,40,10,7,-1,8,0
03,16,330,10,44,-38,0,7,-17
03,16,70,80,41,-26,0,7,-11
03,16,80,70,0,-36,-1,8,0
03,16,60,90,25,-151,0,8,-3
03,16,80,80,36,-103,0,6,-10
03,16,60,80,46,-106,0,0,-6
03,16,90,40,56,-80,0,0,-6
03,16,20,60,31,-22,-1,8,-11
03,16,360,10,15,-47,0,8,0
03,16,20,30,39,-41,0,8,-5
03,16,40,40,26,-29,0,8,-2
03,16,140,30,67,38,0,8,-5
03,16,180,50,83,-1,0,6,-9
03,16,200,50,99,20,0,5,-15
03,16,230,60,92,19,0,1,-17
03,16,280,20,117,16,0,3,-28
03,16,210,40,131,4,0,0,-21
03,16,240,30,130,35,0,8,-12
03,16,130,40,175,57,0,0,-12
03,16,160,40,201,39,0,0,-18
03,16,10,50,182,63,0,0,-21
03,16,40,60,140,68,0,0,-13
03,16,50,40,174,45,0,0,-20
03,16,340,30,172,42,0,0,-18
03,16,270,40,149,39,0,0,-12
03,16,310,50,109,42,0,6,-6
03,16,290,60,125,57,0,1,-6
03,16,270,50,112,44,0,8,-3
03,16,230,80,103,49,0,7,-2
03,16,240,80,162,63,0,3,-21
03,16,200,80,210,30,0,0,-16
03,16,280,50,98,-2,0,0,-9
03,16,220,60,88,44,0,5,-5
03,16,240,30,71,8,1,7,1
03,16,80,10,96,-12,0,7,-2
03,16,50,50,104,-17,0,1,-12
03,16,90,20,88,2,0,8,-21
03,16,70,50,138,26,0,3,-3
03,16,120,40,182,21,0,1,-4
03,16,80,50,190,16,0,2,-8
03,16,110,20,205,20,0,7,-12
03,16,110,20,210,42,0,7,-5
03,16,240,70,104,23,0,8,-13
03,16,270,80,56,-7,0,1,1
03,16,230,60,64,39,-1,8,-9
03,16,290,70,73,13,0,7,-12
03,16,310,40,87,14,0,7,-12
03,16,280,20,84,31,0,8,-6
03,16,180,40,127,24,0,6,-9
03,16,240,40,171,25,0,0,-16
03,16,170,30,111,63,0,7,-3
03,16,300,20,113,28,0,2,-14
03,16,60,20,93,-11,0,0,-9
03,16,90,40,125,11,0,0,-10
03,16,90,40,83,-12,0,7,-5
03,16,50,50,52,10,0,8,-5
03,16,70,50,68,30,-1,8,-5
03,16,120,30,119,17,0,0,-11
03,16,50,40,173,44,0,0,-18
03,16,320,60,74,59,0,8,2
03,16,40,20,77,53,0,8,3
03,16,990,10,49,30,0,8,-6
03,16,350,60,93,34,0,6,-10
03,16,100,20,66,-4,0,1,-4
03,16,240,30,106,22,0,4,-7
03,16,90,20,105,9,0,4,-10
03,16,280,20,68,52,-1,8,-2
03,16,190,50,50,38,2,8,3
03,16,290,50,96,18,0,7,-12
03,16,210,60,109,99,0,8,3
03,16,240,110,109,98,13,8,7
03,16,280,60,91,-1,0,2,-11
03,16,280,90,106,8,0,8,-10
03,16,190,70,33,23,10,8,7
03,16,190,40,47,28,17,7,-5
03,16,310,50,74,-20,0,0,-14
03,16,250,20,52,34,1,8,1
03,16,340,20,60,-7,0,7,-9
03,16,260,30,45,20,0,7,-14
03,16,210,10,59,-3,0,1,-13
03,16,220,30,59,19,0,8,-6
03,16,130,60,86,-41,0,8,-11
03,16,60,50,92,3,0,7,-6
03,16,50,50,91,26,0,0,-9
03,16,60,50,80,3,0,0,-12
03,16,60,70,85,8,0,0,-11
03,16,60,60,96,-44,0,8,-7
03,16,50,50,66,43,0,8,0
03,16,60,70,81,-16,0,6,-7
03,16,20,50,110,7,0,0,-13
03,16,330,30,64,38,0,8,-1
03,16,350,30,72,14,0,8,-3
03,16,320,40,87,48,0,8,1
03,16,270,30,94,39,0,8,-5
03,16,350,40,98,62,0,8,-3
03,16,340,40,104,39,0,7,-10
03,16,230,50,90,29,0,8,-1
03,16,310,60,83,51,-1,8,2
03,16,170,50,156,69,0,8,-5
03,16,210,70,137,26,0,6,-36
03,16,240,100,117,19,0,7,-8
03,16,210,30,93,58,3,3,1
03,16,290,30,110,42,-1,8,-13
03,16,50,60,106,21,0,8,-4
03,16,210,60,84,43,0,8,-15
03,16,260,100,86,22,0,8,-2
03,16,130,30,110,26,0,8,-2
03,16,220,40,124,73,0,7,-7
03,16,170,60,56,42,8,8,-5
03,16,290,40,69,48,-1,3,-8
03,16,300,40,84,34,0,2,-5
03,16,230,60,104,98,8,8,2
03,16,310,60,124,60,0,4,-17
03,16,160,20,108,10,0,8,-8
03,16,90,30,123,24,0,8,-6
03,16,90,30,151,-1,0,8,-10
03,16,330,50,126,71,0,8,-12
03,16,270,50,119,81,0,6,-16
03,16,350,30,143,35,0,0,-13
03,16,220,40,171,45,0,1,-15
03,16,270,60,96,-18,0,8,-4
03,16,280,50,113,107,23,8,0
03,16,240,80,122,77,0,8,-2
03,16,220,80,112,76,0,8,-12
03,16,270,60,92,-24,0,8,-5
03,16,120,40,109,20,0,7,-6
03,16,60,60,143,31,0,8,-11
03,16,50,70,138,36,0,3,-6
03,16,50,80,147,-55,0,1,-7
03,16,50,60,140,27,0,8,-7
03,16,120,40,174,-7,0,0,-4
03,16,250,50,189,49,0,3,-9
03,16,230,50,156,94,0,8,-2
03,16,180,40,218,75,0,8,-11
03,16,250,60,181,87,-1,8,-19
03,16,70,90,-5,-149,0,8,-3
03,16,70,50,0,-120,0,8,-1
03,16,80,40,15,-31,0,8,-2
03,16,130,50,94,34,0,8,-5
03,16,140,20,114,39,0,8,-7
03,16,250,30,105,46,0,8,-11
03,16,180,30,73,51,-1,8,-9
03,16,210,60,80,49,0,4,-11
03,16,150,30,96,35,-1,8,-9
03,16,200,40,143,100,0,8,-14
03,16,210,50,155,89,0,8,-4
03,16,200,50,129,80,-1,8,-19
03,16,290,40,55,41,2,8,-1
03,16,120,50,114,29,0,1,-9
03,16,140,40,92,44,3,8,-15
03,16,50,60,47,34,-1,8,-7
03,16,70,70,-21,-78,-1,8,0
03,16,60,70,3,-96,0,8,-1
03,16,60,70,36,-89,0,0,-5
03,16,350,70,80,-77,0,0,-11
03,16,270,30,67,-2,0,8,2
03,16,310,20,83,48,0,8,-4
03,16,200,40,74,28,0,8,-4
03,16,80,30,118,15,0,8,-4
03,16,350,50,122,18,0,8,-9
03,16,280,50,108,16,0,8,-13
03,16,170,40,71,57,11,8,-4
03,16,360,40,67,64,21,8,-9
03,16,200,30,107,-11,0,4,-8
03,16,100,50,133,12,0,8,-7
03,16,30,20,120,37,0,8,-47
03,16,310,30,67,30,0,8,-3
03,16,200,50,92,86,1,8,3
03,16,200,70,122,84,-1,8,1
03,16,250,80,84,10,0,8,-5
03,16,230,50,101,28,0,8,-17
03,16,190,60,120,74,-1,8,-3
03,16,210,100,94,44,-1,8,-7
03,16,200,20,86,38,-1,8,-6
03,16,280,110,115,38,-1,7,-8
03,16,280,80,62,35,-1,8,7
03,16,290,70,76,6,-1,5,-5
03,16,190,90,100,-8,0,8,0
03,16,260,50,70,50,1,8,15
03,16,310,110,95,44,1,7,7
03,16,250,70,116,105,14,8,1
03,16,220,80,112,62,0,8,-1
03,16,260,80,75,6,0,8,-3
03,16,320,50,86,-1,0,5,-12
03,16,210,20,105,31,0,8,-7
03,16,220,20,127,79,0,8,-4
03,16,320,20,149,89,0,1,-10
03,16,200,20,195,28,0,0,-16
03,16,10,40,100,89,-1,8,4
03,16,300,40,111,-3,0,0,-9
03,16,330,70,93,35,0,8,-4
03,16,300,30,95,20,0,8,-2
03,16,330,30,116,39,0,8,-4
03,16,290,10,125,51,0,8,-4
03,16,120,30,177,58,0,0,-5
03,16,290,30,182,45,0,6,-10
03,16,50,70,124,39,0,8,-6
03,16,210,40,86,26,0,8,-8
03,16,200,20,78,69,10,8,-4
03,16,220,50,79,27,-1,8,-32
03,16,170,30,63,39,4,8,1
03,16,80,50,68,59,7,8,0
03,16,360,70,62,29,-1,8,-5
03,16,220,70,94,14,0,8,-5
03,16,190,50,93,81,1,8,0
03,16,240,70,92,29,0,6,-5
03,16,240,90,125,109,0,8,2
03,16,240,70,143,84,0,4,-9
03,16,230,70,70,40,7,3,-4
03,16,320,70,77,38,-1,7,-6
03,16,190,50,107,26,0,8,-9
03,16,200,40,130,63,0,8,1
03,16,290,20,126,65,0,5,-7
03,16,240,50,137,-8,0,8,-19
03,16,230,50,158,55,0,8,-11
03,16,360,50,124,84,0,8,-9
03,16,40,80,71,31,1,8,-8
03,16,60,80,87,-24,0,1,-7
03,16,80,60,100,-51,0,0,-9
03,16,110,50,99,-96,0,0,-5
03,16,120,60,105,-118,0,6,-3
03,16,50,70,114,-81,0,1,-4
03,16,60,70,112,-49,0,0,-8
03,16,60,50,154,3,0,0,-2
03,16,360,90,119,32,0,0,-15
03,16,30,100,55,-56,0,8,-2
03,16,280,40,80,25,0,4,5
03,16,70,40,90,-61,0,0,-5
03,16,80,15,64,32,0,8,-4
03,16,200,15,67,47,0,8,-3
03,16,240,21,102,28,0,7,-10
03,16,130,57,96,46,0,7,-9
03,16,140,26,117,87,0,7,-8
03,16,120,36,148,87,0,5,-8
03,16,120,31,139,74,0,7,-7
03,16,150,15,138,64,0,7,-11
03,16,250,31,114,83,0,8,-6
03,16,200,46,143,51,0,3,-17
03,16,200,21,130,77,0,6,0
03,16,100,31,151,74,0,1,-17
03,16,160,21,171,57,0,2,-10
03,16,250,36,168,85,0,7,-11
03,16,230,15,107,86,0,8,-2
03,16,160,26,155,94,0,7,-1
03,16,200,15,115,80,-1,8,-3
03,16,240,26,127,74,0,3,-17
03,16,240,67,131,108,0,7,-1
03,16,220,41,135,94,0,7,0
03,16,290,10,105,49,0,8,-3
03,16,310,10,95,9,0,5,-5
03,16,50,26,95,9,0,6,-2
03,16,40,41,109,25,0,4,-4
03,16,60,82,73,-6,0,8,-5
03,16,80,82,100,14,0,5,-13
03,16,60,72,120,19,0,1,-7
03,16,80,41,102,-6,0,7,-6
03,16,80,41,95,-1,0,0,-9
03,16,330,15,107,2,0,2,-7
03,16,280,15,112,61,0,8,-2
03,16,220,51,147,41,0,1,-13
03,16,290,36,77,24,-1,3,-11
03,16,260,51,82,76,-1,8,0
03,16,210,15,124,85,0,8,-2
03,16,130,41,145,68,0,7,-17
03,16,290,26,102,28,0,3,-5
03,16,160,36,125,37,0,5,-13
03,16,990,5,113,74,0,7,-7
03,16,990,10,98,48,0,7,-2
03,16,220,72,116,26,0,7,-5
03,16,260,57,73,35,-1,7,0
03,16,240,103,90,78,12,8,0
03,16,300,46,42,27,6,8,5
03,16,270,46,45,17,-1,6,12
03,16,310,36,53,-14,-1,5,2
03,16,310,15,80,10,0,5,-2
03,16,210,21,106,85,0,8,-1
03,16,180,26,127,67,0,6,-7
03,16,280,21,107,37,0,7,-2
03,16,250,46,101,96,11,8,-2
03,16,280,87,90,14,0,6,-11
03,16,310,41,65,42,-1,8,-4
03,16,990,10,60,28,0,7,7
03,16,20,62,53,16,2,6,5
03,16,300,21,62,-1,0,7,-4
03,16,210,26,47,30,0,8,0
03,16,360,62,67,42,0,7,-10
03,16,300,51,59,3,0,5,-9
03,16,120,51,65,8,0,7,-2
03,16,140,46,114,32,0,7,-5
03,16,250,31,97,49,0,8,-9
03,16,60,87,20,-9,0,7,2
03,16,70,93,44,-14,0,7,-13
03,16,60,62,7,-43,0,2,-9
03,16,330,31,21,-10,0,7,-3
03,16,270,51,38,20,-1,8,-6
03,16,330,46,70,53,0,7,1
03,16,70,21,77,37,0,7,-7
03,16,80,62,75,11,0,0,-16
03,16,120,51,78,-22,0,0,-12
03,16,270,31,111,46,0,7,-9
03,16,200,21,129,48,0,1,-9
03,16,250,31,153,28,0,0,-18
03,16,180,26,151,36,0,1,-11
03,16,230,41,165,77,0,7,-15
03,16,220,46,171,48,0,1,-25
03,16,250,72,106,98,3,8,1
03,16,250,77,155,101,0,5,-8
03,16,260,62,116,59,0,8,0
03,16,280,51,97,-5,0,1,-5
03,16,280,15,130,23,0,5,-11
03,16,250,15,148,42,0,7,-12
03,16,230,87,130,85,-1,8,-18
03,16,260,72,100,-30,0,3,-10
03,16,290,51,80,-18,0,6,-7
03,16,330,62,76,8,0,6,-32
03,16,10,46,92,-58,0,1,-9
03,16,60,41,58,-49,0,6,-7
03,16,110,41,70,-78,0,2,-8
03,16,50,21,81,-76,0,1,-11
03,16,160,31,126,-41,0,7,-5
03,16,180,36,170,74,0,7,-5
03,16,240,31,75,61,-1,8,-7
03,16,270,62,74,70,-1,8,-12
03,16,190,62,92,48,0,7,-16
03,16,210,41,98,19,0,7,-17
03,16,200,46,128,29,0,7,-3
03,16,250,62,86,32,0,7,-6
03,16,260,41,107,91,0,8,1
03,16,220,62,126,113,0,8,0
03,16,250,72,109,83,0,7,-3
03,16,270,41,96,8,0,2,-10
03,16,230,36,103,17,0,7,-16
03,16,260,57,83,1,0,7,-6
03,16,280,93,95,9,0,7,-1
03,16,250,98,123,72,0,7,-4
03,16,300,36,79,76,11,8,-4
03,16,270,93,78,14,0,3,-2
03,16,270,93,54,8,-1,7,-17
03,16,220,51,68,56,2,8,-5
03,16,290,46,62,-7,0,7,-3
03,16,270,57,66,-8,0,6,-7
03,16,40,36,74,4,0,4,-13
03,16,200,51,73,51,1,8,3
03,16,220,123,120,112,-1,8,1
03,16,270,82,102,11,0,6,-2
03,16,250,87,111,97,4,8,0
03,16,310,51,69,8,0,6,-14
03,16,130,41,80,0,0,4,-8
03,16,220,72,121,89,0,8,-9
03,16,280,41,132,68,0,7,-7
03,16,140,62,193,98,0,4,-6
03,16,210,93,137,26,0,5,-8
03,16,230,108,96,60,1,4,-1
03,16,230,62,48,8,0,2,-8
03,16,250,93,52,-49,0,3,-9
03,16,280,31,53,11,0,6,-23
03,16,200,62,22,16,3,8,0
03,16,290,57,62,-3,0,4,-1
03,16,180,93,61,-2,0,7,-5
03,16,200,31,27,23,24,7,6
03,16,230,36,81,19,-1,5,-19
03,16,120,82,109,0,0,6,-10
03,16,130,36,135,36,0,2,-18
03,16,40,21,148,71,0,0,-16
03,16,70,72,117,11,0,0,-20
03,16,110,21,58,-18,0,4,-6
03,16,210,36,43,13,1,6,-1
03,16,220,62,62,21,-1,5,-10
03,16,240,123,109,78,9,6,4
03,16,270,62,99,8,0,5,-6
03,16,300,51,81,-1,0,3,-9
03,16,320,57,33,13,6,6,18
03,16,340,46,67,-12,0,7,-7
03,16,260,26,89,-1,0,0,-6
03,16,220,41,141,4,0,0,-18
03,16,270,46,124,67,0,5,-9
03,16,300,57,82,4,0,7,-6
03,16,260,67,101,66,0,8,-2
03,16,330,87,41,-36,1,4,6
03,16,200,57,17,16,5,8,-4
03,16,30,41,49,7,0,4,12
03,16,260,26,77,-15,0,6,-2
03,16,250,36,88,88,1,8,3
03,16,350,46,38,20,0,7,-3
03,16,320,26,32,-27,0,7,-3
03,16,30,21,44,-36,0,1,-11
03,16,260,31,24,23,1,8,3
03,16,330,21,17,4,0,8,-3
03,16,340,21,60,32,0,7,-5
03,16,80,77,60,-5,0,7,-7
03,16,80,67,77,-20,0,0,-11
03,16,80,72,73,-19,0,0,-12
03,16,60,62,76,-54,0,0,-19
03,16,60,67,14,-74,0,3,-12
03,16,90,67,2,-98,0,2,-10
03,16,60,72,6,-67,0,1,-14
03,16,90,72,56,-43,0,3,-11
03,16,70,62,87,-26,0,7,-22
03,16,90,36,97,21,0,7,-11
03,16,180,15,80,35,0,8,-7
03,16,70,21,70,27,0,8,-7
03,16,50,15,93,43,0,8,-7
03,16,80,31,122,24,0,4,-18
03,16,140,36,92,80,8,8,-6
03,16,190,15,83,82,-1,8,1
03,16,260,26,108,105,-1,8,-3
03,16,20,36,74,54,0,8,1
03,16,70,57,114,46,0,7,-10
03,16,20,67,28,-1,0,8,1
03,16,50,41,70,-85,0,1,-10
03,16,270,72,65,-37,0,7,-11
03,16,330,77,46,15,1,7,2
03,16,340,46,58,-81,0,3,-10
03,16,330,46,50,-17,0,2,-16
03,16,200,50,122,65,0,7,1
03,16,290,60,85,76,19,8,-3
03,16,230,20,101,15,0,8,-5
03,16,120,40,116,85,0,7,-8
03,16,210,10,112,69,0,2,-14
03,16,60,40,101,57,0,6,-6
03,16,160,30,139,65,0,6,-12
03,16,20,20,139,77,0,1,-18
03,16,70,50,143,74,0,0,-23
03,16,220,10,173,39,0,0,-17
03,16,60,40,83,58,0,0,-16
03,16,230,30,146,79,0,0,-11
03,16,240,60,137,83,0,6,-8
03,16,270,30,113,80,0,2,-8
03,16,270,50,107,101,0,8,-1
03,16,260,70,108,94,0,8,0
03,16,310,30,124,58,0,7,-9
03,16,230,70,80,65,-1,8,2
03,16,330,60,78,33,0,6,-15
03,16,260,20,56,41,3,8,3
03,16,340,60,74,4,0,3,0
03,16,130,20,83,-15,0,1,-7
03,16,220,30,74,65,0,8,-1
03,16,330,10,85,56,0,8,-5
03,16,30,10,98,62,0,6,0
03,16,220,90,130,70,0,7,0
03,16,250,70,152,43,0,6,-11
03,16,300,70,84,11,0,5,-5
03,16,310,50,88,34,-1,7,-1
03,16,320,30,131,40,0,3,-10
03,16,300,30,146,43,0,0,-8
03,16,220,50,30,26,1,,2
03,16,260,80,101,43,0,,-8
03,16,220,130,132,105,0,,2
03,16,290,60,78,61,0,,-6
03,16,280,70,67,22,0,6,-1
03,16,220,80,92,91,6,8,5
03,16,250,70,103,83,7,7,5
03,16,30,70,39,-7,0,7,-2
03,16,330,50,73,-24,0,1,-14
03,16,200,50,82,-17,0,7,-8
03,16,160,40,46,34,-1,8,0
03,16,330,30,53,-7,0,6,-4
03,16,250,50,55,54,-1,,4
03,16,310,50,89,66,0,,-7
03,16,310,50,103,80,0,,-4
03,16,270,30,105,77,0,8,-2
03,16,300,40,115,77,0,,-5
03,16,290,50,100,48,0,,-9
03,16,340,40,99,7,0,5,-14
03,16,290,50,83,69,-1,,-4
03,16,10,20,92,8,0,,-9
03,16,340,50,85,48,0,,-10
03,16,70,100,55,-18,0,,-5
03,16,120,30,86,-39,0,,-10
03,16,150,40,108,-57,0,,-7
03,16,190,50,89,47,1,8,-7
03,16,220,40,111,107,0,,2
03,16,120,40,157,107,0,,-6
03,16,120,20,207,90,0,,-10
03,16,310,40,181,136,0,,-11
03,16,280,20,169,92,0,,-19
03,16,260,110,117,106,3,,1
03,16,240,80,116,116,7,8,0
03,16,210,80,99,47,0,,-20
03,16,180,50,83,42,0,,-4
03,16,260,40,64,48,0,7,-9
03,16,250,80,47,29,-1,7,0
03,16,180,50,38,27,-1,7,-1
03,16,110,30,72,44,0,5,-8
03,16,260,40,57,49,0,8,-1
03,16,320,30,52,50,0,3,-7
03,16,100,50,84,31,0,3,-10
03,16,120,40,146,91,0,6,-20
03,16,280,40,170,77,0,7,-22
03,16,330,30,118,80,0,6,-5
03,16,50,30,107,44,0,6,-5
03,16,40,30,99,39,0,7,-7
03,16,100,20,112,41,0,6,-14
03,16,300,30,96,66,3,8,-15
03,16,310,40,79,25,0,7,-4
03,16,250,30,81,49,1,8,1
03,16,200,70,55,47,1,8,1
03,16,320,70,55,10,0,7,0
03,16,280,40,90,90,6,8,-1
03,16,220,40,99,60,0,8,-1
03,16,200,60,154,70,-1,5,-10
03,16,0,0,117,90,-1,8,-5
03,16,360,30,105,47,0,7,-5
03,16,30,20,109,35,0,2,-2
03,16,190,40,150,20,0,3,-15
03,16,200,40,166,80,0,7,-13
03,16,100,40,178,82,0,3,-14
03,16,300,70,71,14,0,,-10
03,16,200,90,56,27,-1,,-3
03,16,280,50,69,12,0,,-7
03,16,280,70,16,-5,0,,-8
03,16,270,40,62,9,0,,-6
03,16,230,70,89,10,0,,-5
03,16,250,90,127,66,0,,-21
03,16,260,90,120,106,6,,4
03,16,290,60,113,68,0,,-4
03,16,170,20,76,72,-1,,3
03,16,300,50,98,42,0,,-7
03,16,200,20,106,43,0,,-3
03,16,260,40,95,75,0,8,-8
03,16,290,60,76,45,0,6,-3
03,16,280,60,75,10,0,7,-5
03,16,300,40,92,73,0,,-3
03,16,330,50,91,53,0,,-7
03,16,330,40,73,13,0,,-4
03,16,40,20,83,30,0,,-1
03,16,990,10,99,43,0,,-2
03,16,40,20,100,36,0,,-6
03,16,270,20,158,37,0,,-17
03,16,60,50,137,69,0,,-18
03,16,240,30,104,97,13,8,3
03,16,260,40,89,54,-1,,0
03,16,200,30,83,26,0,,-6
03,16,360,40,83,48,0,,-15
03,16,30,50,37,20,0,8,0
03,16,50,80,70,44,0,,-2
03,16,360,20,68,45,0,,-1
03,16,280,20,79,29,0,,-5
03,16,310,30,20,13,1,,0
03,16,80,40,28,5,0,,-11
03,16,40,40,2,-33,0,,-1
03,16,60,40,27,8,0,,0
03,16,130,40,41,-22,0,7,-7
03,16,130,60,86,2,0,7,-15
03,16,160,30,135,106,0,,-10
03,16,130,40,101,91,1,,3
03,16,220,60,116,88,0,,-5
03,16,210,50,124,103,-1,,-3
03,16,180,30,128,112,0,,-1
03,16,260,50,105,17,0,3,-15
03,16,250,50,72,54,0,8,-13
03,16,280,60,85,1,0,,-2
03,16,990,10,107,44,0,,-9
03,16,60,60,91,62,0,,-1
03,16,360,10,57,45,0,,-1
03,16,40,30,61,55,12,,-2
03,16,340,50,47,-17,0,5,-10
03,16,80,70,52,-33,0,7,-4
03,16,90,50,24,19,0,,0
03,16,280,30,47,23,0,,-2
03,16,230,100,121,88,0,,-11
03,16,50,60,82,54,0,,-22
03,16,30,50,28,2,0,,-1
03,16,80,40,36,-1,0,8,-4
03,16,110,50,50,-4,0,7,4
03,16,200,90,87,58,3,,-1
03,16,990,10,86,59,0,,-14
03,16,270,40,95,58,0,,-5
03,16,220,80,135,70,0,,-5
03,16,350,50,65,-11,0,,-15
03,16,280,40,64,-14,0,,-16
03,16,240,40,68,31,0,,-5
03,16,990,10,89,56,0,8,-6
03,16,270,30,88,38,0,8,-12
03,16,240,80,82,77,8,,2
03,16,300,70,104,13,0,,-9
03,16,230,50,119,39,0,,-22
03,16,250,100,121,30,0,,-17
03,16,200,100,115,17,0,,-10
03,16,220,50,134,14,0,6,-26
03,16,60,30,102,82,0,8,-9
03,16,30,60,45,33,0,,-1
03,16,80,80,55,7,0,,0
03,16,80,50,83,46,0,,-3
03,16,100,40,152,84,0,,-21
03,16,220,20,116,101,3,,-4
03,16,180,80,110,96,29,7,-2
03,16,270,80,109,59,0,7,-7
03,16,270,70,120,66,0,,-8
03,16,280,50,126,90,0,,-6
03,16,340,50,89,31,0,,-11
03,16,60,40,90,-1,0,,-6
03,16,40,40,70,1,0,,-13
03,16,30,10,85,-35,0,5,-12
03,16,360,30,92,-6,0,6,-6
03,16,80,50,97,-45,0,,-13
03,16,80,60,132,-4,0,,-9
03,16,190,50,155,27,0,,-11
03,16,180,40,149,11,0,,-11
03,16,260,80,125,65,0,,-8
03,16,140,40,125,50,0,,-6
03,16,990,10,93,79,23,,-8
03,16,200,20,91,41,0,,-8
03,16,140,40,105,39,0,,-1
03,16,170,30,150,88,0,,-11
03,16,280,40,75,51,0,,-1
03,16,160,60,94,29,0,,-5
03,16,220,70,97,43,0,,-2
03,16,230,50,129,49,0,,-9
03,16,230,70,125,56,0,8,-11
03,16,240,60,110,101,5,8,-7
03,16,340,60,73,35,0,,-6
03,16,20,30,92,2,0,,-10
03,16,60,70,98,-16,0,,-15
03,16,70,70,105,5,0,,-13
03,16,60,40,118,-3,0,,-15
03,16,50,50,81,13,0,1,-14
03,16,70,40,122,23,0,1,-11
03,16,360,40,98,27,0,1,-12
03,16,350,20,81,15,0,,-11
03,16,70,70,99,-2,0,,-5
03,16,100,50,136,-58,0,,-14
03,16,150,30,164,-64,0,,-8
03,16,290,50,192,48,0,7,-6
03,16,10,30,161,55,0,7,-10
03,16,40,40,169,-9,0,,-12
03,16,360,20,170,12,0,,-11
03,16,70,70,192,49,0,,-15
03,16,300,30,163,88,0,,-9
03,16,10,50,141,45,0,,-16
03,16,10,20,133,13,0,5,-11
03,16,340,30,39,-37,0,6,-6
03,16,300,50,61,3,0,5,-7
03,16,280,30,75,-9,0,,-16
03,16,120,40,89,6,0,,-9
03,16,120,40,76,-24,0,,-7
03,16,270,30,44,21,0,,-7
03,16,10,20,68,26,0,,-6
03,16,330,60,68,10,0,2,-13
03,16,60,60,26,-9,-1,8,1
03,16,40,40,22,1,0,,-3
03,16,100,50,47,-29,0,,-7
03,16,140,60,46,15,-1,,-8
03,16,210,70,108,35,0,,-7
03,16,200,70,122,42,0,,-3
03,16,220,80,136,75,0,7,-5
03,16,230,40,159,113,0,7,-12
03,16,250,40,204,74,0,,-38
03,16,220,50,145,111,0,,-7
03,16,200,110,112,82,2,,1
03,16,220,150,126,111,1,,1
03,16,240,80,90,49,1,,-1
03,16,290,50,88,23,0,2,-6
03,16,90,30,67,28,0,6,-16
03,16,310,30,56,29,0,,14
03,16,50,30,74,-31,0,,-12
03,16,360,40,63,11,0,,-33
03,16,20,10,77,-13,0,,1
03,16,240,20,113,-10,0,,-10
03,16,70,50,120,34,0,3,1
03,16,70,80,163,17,0,0,-12
03,16,90,40,184,31,0,,-15
03,16,210,60,0,-46,0,,1
03,16,100,20,-2,-4,1,,-7
03,16,30,50,-6,-23,0,,-5
03,16,200,60,-4,-57,0,,-2
03,16,60,40,4,-27,0,,-3
03,16,300,30,5,-17,0,,-1
03,16,300,40,49,15,0,,-9
03,16,330,30,51,32,0,,-2
03,16,320,30,63,33,1,,-7
03,16,280,30,57,2,0,,-9
03,16,260,100,56,34,6,,5
03,16,280,80,40,14,-1,,-4
03,16,280,70,39,-1,0,,5
03,16,220,20,67,8,0,,-1
03,16,240,80,123,40,0,,-7
03,16,230,90,197,79,0,,-15
03,16,260,70,151,91,0,,0
03,16,250,60,131,90,0,,-6
03,16,990,10,115,113,-1,,2
03,16,70,50,115,39,0,,-13
03,16,110,60,167,35,0,,-20
03,16,210,60,172,90,0,,-8
03,16,110,20,166,76,0,,-10
03,16,140,40,164,121,0,,-7
03,16,310,30,140,95,0,,-20
03,16,80,30,157,85,0,,-5
03,16,140,30,149,107,0,,-2
03,16,260,40,121,104,0,,-8
03,16,60,50,139,105,0,,-7
03,16,90,60,143,100,0,,-26
03,16,80,30,154,68,0,,-20
03,16,250,70,13,-34,0,,-2
03,16,230,70,24,-31,0,,-31
03,16,350,20,7,-14,0,,-6
03,16,260,40,23,-13,0,,-19
03,16,270,50,34,7,2,,-16
03,16,300,60,42,-24,0,,-20
03,16,200,40,53,-24,0,,-8
03,16,150,40,55,53,20,,3
03,16,250,40,77,66,0,,-4
03,16,230,40,63,42,0,,-8
03,16,20,50,-11,-26,2,,-4
03,16,350,10,0,-97,0,,-12
03,16,90,50,24,-76,0,,-14
03,16,120,40,49,-65,0,,-9
03,16,60,60,53,-29,0,,-14
03,16,50,60,24,-42,0,,-4
03,16,40,60,20,-38,0,,-5
03,16,50,70,34,-9,0,,-12
03,16,40,40,71,16,0,,-20
03,16,50,40,84,-1,0,,-10
03,16,40,50,55,-53,0,,-8
03,16,50,40,49,-60,0,,-3
03,16,90,60,90,-65,0,,-14
03,16,120,40,80,66,0,,4
03,16,250,50,146,59,0,,-21
03,16,220,60,176,108,0,,-5
03,16,240,70,130,98,10,,2
03,16,240,80,126,45,0,,-1
03,16,240,30,102,75,1,,-6
03,16,230,90,147,94,0,,-6
03,16,260,80,140,75,0,,-10
03,16,260,80,87,31,0,,1
03,16,280,50,81,-4,0,,-16
03,16,290,60,76,36,0,,-5
03,16,130,50,124,61,0,,-7
03,16,240,80,78,48,12,,-10
03,16,180,70,88,79,14,,-1
03,16,230,50,96,64,0,,-2
03,16,300,30,110,53,0,,-5
03,16,320,30,77,64,-1,,0
03,16,260,60,109,44,0,,-11
03,16,210,30,143,73,0,,-11
03,16,70,20,152,59,0,,-21
03,16,330,50,125,62,0,,-11
03,16,350,20,123,33,0,,-12
03,16,250,20,127,29,0,,-13
03,16,250,50,109,78,0,,-9
03,16,270,60,124,86,0,,-5
03,16,290,70,72,-8,-1,,1
03,16,350,30,62,19,0,,-12
03,16,340,40,58,39,0,,3
03,16,360,40,68,-12,0,,-7
03,16,330,50,75,30,0,,1
03,16,70,70,69,17,0,,1
03,16,70,50,109,65,0,,-4
03,16,110,60,119,22,0,,-7
03,16,80,90,163,33,0,,-11
03,16,80,60,162,32,0,,-12
03,16,110,30,167,25,0,,-12
03,16,260,40,105,77,0,,-8
03,16,40,30,146,81,0,,-22
03,16,70,70,149,54,0,,-3
03,16,270,70,93,40,-1,8,-1
03,16,270,60,98,25,0,6,-5
03,16,270,80,62,-26,0,7,-7
03,16,340,70,59,-22,0,2,-33
03,16,280,30,55,-44,0,1,-13
03,16,230,50,68,62,4,8,2
03,16,210,50,84,34,-1,8,-5
03,16,210,60,98,20,0,7,-10
03,16,190,50,84,55,1,8,-3
03,16,180,90,66,33,2,8,3
03,16,190,70,70,52,5,8,0
03,16,270,110,80,25,2,8,0
03,16,270,50,88,25,0,8,-3
03,16,280,50,97,14,0,3,-14
03,16,100,30,137,87,0,7,-15
03,16,320,20,93,84,7,8,-16
03,16,330,40,54,-16,0,7,-12
03,16,310,30,61,2,-1,1,-12
03,16,320,60,53,0,0,3,-10
03,16,240,80,46,30,8,8,1
03,16,290,90,33,14,6,8,-21
03,16,20,60,29,-4,-1,8,-6
03,16,220,50,48,-31,0,8,-11
03,16,300,30,18,1,4,7,-4
03,16,270,80,23,-22,-1,8,2
03,16,120,20,42,21,0,8,-2
03,16,110,20,71,52,3,8,-8
03,16,170,60,85,35,1,8,5
03,16,210,80,117,20,0,1,-8
03,16,190,50,90,76,10,8,2
03,16,160,20,128,48,0,6,-13
03,16,100,20,109,77,0,2,-16
03,16,280,20,84,30,0,8,-8
03,16,200,60,92,18,0,7,-11
03,16,150,50,78,33,-1,8,0
03,16,340,50,62,28,-1,8,-11
03,16,320,50,65,15,0,7,-4
03,16,230,40,85,38,0,8,-2
03,16,250,70,93,4,0,1,-15
03,16,260,70,67,23,2,8,1
03,16,290,40,74,61,-1,8,-12
03,16,310,40,88,2,0,0,-9
03,16,270,50,90,82,6,8,-1
03,16,260,20,113,33,0,7,-8
03,16,280,40,93,85,4,8,-8
03,16,310,50,92,52,0,8,-5
03,16,350,10,103,61,0,8,-2
03,16,30,40,122,55,0,1,-15
03,16,110,20,110,-43,0,0,-9
03,16,70,50,95,16,0,2,-8
03,16,40,40,93,-21,0,0,-15
03,16,310,30,113,-35,0,0,-11
03,16,290,60,100,22,0,1,-8
03,16,300,40,44,36,30,8,9
03,16,350,50,67,-25,0,1,-11
03,16,310,50,73,45,1,7,-7
03,16,220,90,83,71,1,8,-1
03,16,230,50,65,28,2,7,-25
03,16,290,50,66,36,11,8,-15
03,16,330,40,77,15,0,8,-8
03,16,270,20,104,-3,0,0,-7
03,16,40,30,132,26,0,0,-11
03,16,310,30,63,3,0,8,-5
03,16,310,40,63,-14,0,3,-12
03,16,80,40,52,-4,0,8,-11
03,16,340,40,53,-29,0,3,-15
03,16,270,50,38,-9,-1,7,-15
03,16,50,70,14,-69,0,3,-13
03,16,60,70,26,-95,0,1,-16
03,16,40,50,3,-17,0,8,-3
03,16,50,60,33,-68,0,0,-12
03,16,30,60,44,-24,0,0,-16
03,16,20,30,46,-11,0,8,-5
03,16,260,20,56,-2,0,8,-8
03,16,290,40,62,18,0,8,-9
03,16,290,50,69,39,-1,8,-1
03,16,270,60,79,40,-1,8,-11
03,16,220,50,74,31,0,7,-2
03,16,240,50,133,26,0,6,-18
03,16,190,40,170,12,0,5,-13
03,16,210,40,160,85,0,8,-9
03,16,210,90,165,106,-1,8,-10
03,16,350,40,116,32,0,8,-9
03,16,210,40,132,41,0,5,-17
03,16,130,20,137,51,0,5,-15
03,16,150,30,193,73,0,7,-14
03,16,180,50,193,76,0,8,-7
03,16,240,40,121,55,0,4,-7
03,16,280,40,125,41,0,6,-9
03,16,230,40,95,73,3,8,-1
03,16,130,20,127,78,0,7,-2
03,16,180,50,107,79,-1,7,-1
03,16,220,110,82,27,-1,5,-10
03,16,20,50,48,17,0,1,-8
03,16,40,60,53,-7,0,2,-12
03,16,40,50,59,-38,0,0,-16
03,16,30,40,63,-32,0,0,-19
03,16,20,30,54,33,0,8,-1
03,16,50,40,60,-49,0,0,-12
03,16,80,60,73,-62,0,0,-26
03,16,210,50,109,-24,0,0,-21
03,16,280,60,94,14,0,5,-8
03,16,230,100,88,58,0,8,-1
03,16,270,40,105,-9,0,0,-15
03,16,170,40,134,42,0,8,-7
03,16,200,30,129,77,0,8,-7
03,16,90,30,122,93,0,8,-10
03,16,80,70,160,90,0,0,-17
03,16,60,80,77,42,0,7,-8
03,16,280,40,73,48,0,8,-8
03,16,150,20,65,63,10,8,0
03,16,40,30,92,-57,0,0,-6
03,16,230,20,111,-32,0,0,1
03,16,150,10,139,-22,0,0,-9
03,16,320,30,147,51,0,1,-7
03,16,30,30,144,62,0,0,-10
03,16,80,30,156,73,0,0,-16
03,16,360,30,135,48,0,1,-4
03,16,30,30,76,30,-1,8,-1
03,16,990,10,129,3,0,0,-12
03,16,360,30,101,18,0,6,-11
03,16,290,10,153,4,0,0,-2
03,16,240,40,133,93,-1,8,-12
03,16,240,80,136,112,0,8,2
03,16,40,10,82,74,0,8,-2
03,16,80,40,102,69,0,8,-11
03,16,190,30,121,54,0,8,-6
03,16,120,30,91,80,14,8,1
03,16,150,70,51,8,0,8,-3
03,16,200,20,81,23,0,8,-2
03,16,200,90,46,28,10,8,-6
03,16,300,50,77,13,0,1,-5
03,16,250,60,100,40,0,8,-4
03,16,300,30,108,89,0,8,-2
03,16,300,40,131,57,0,1,-14
03,16,360,30,121,79,0,8,-6
03,16,350,10,94,43,0,8,-4
03,16,110,20,81,32,0,8,-7
03,16,170,20,165,65,0,0,-13
03,16,160,10,146,78,0,0,-9
03,16,180,40,112,73,-1,8,-2
03,16,280,40,105,30,0,1,-16
03,16,280,40,102,8,0,2,-2
03,16,310,30,123,41,0,6,-10
03,16,80,30,153,60,0,0,-19
03,16,80,60,184,75,0,0,-17
03,16,60,20,190,79,0,0,-15
03,16,40,30,172,82,0,1,-5
03,16,30,40,176,23,0,0,-13
03,16,40,40,166,54,0,0,-13
03,16,350,30,167,80,0,0,-16
03,16,300,30,183,64,0,0,-15
03,16,310,40,113,50,0,7,-5
03,16,290,40,89,62,0,8,-3
03,16,350,60,83,-10,0,8,-11
03,16,360,30,45,-3,0,8,-5
03,16,340,20,34,-16,0,8,-1
03,16,120,10,55,14,0,8,-3
03,16,120,50,111,-11,0,0,-19
03,16,130,40,151,17,0,0,-22
03,16,60,30,158,32,0,8,-14
03,16,80,40,120,53,0,7,-13
03,16,80,60,127,85,0,7,-14
03,16,250,50,56,50,7,8,-4
03,16,30,50,-2,-27,0,8,-1
03,16,50,70,-21,-51,1,8,0
03,16,30,60,-9,-85,0,4,-4
03,16,180,10,26,-27,0,1,-12
03,16,350,30,21,-84,0,7,-8
03,16,190,60,17,3,1,8,-1
03,16,140,60,70,-48,0,8,-6
03,16,130,60,82,30,0,8,-12
03,16,90,30,107,-14,0,6,-14
03,16,350,10,67,26,0,8,-14
03,16,360,20,4,1,-1,8,2
03,16,990,10,38,-39,0,6,0
03,16,80,90,25,-27,0,7,-8
03,16,90,90,5,-66,-1,8,2
03,16,60,100,19,-135,0,7,-5
03,16,80,110,30,-107,0,2,-12
03,16,80,80,43,-99,0,0,-11
03,16,70,70,54,-96,0,0,-8
03,16,60,40,24,-23,-1,7,1
03,16,20,20,18,-48,0,8,-4
03,16,30,50,23,-20,0,7,1
03,16,50,40,31,-26,0,8,-17
03,16,210,10,65,36,-1,8,5
03,16,180,50,81,-3,0,4,-10
03,16,200,30,92,19,0,2,-14
03,16,230,40,92,32,0,8,-4
03,16,100,10,107,40,0,8,-13
03,16,160,30,126,21,0,0,-19
03,16,250,40,126,38,0,8,-13
03,16,130,40,163,67,0,0,-24
03,16,150,40,197,39,0,0,-18
03,16,60,30,176,71,0,0,-17
03,16,40,50,130,73,0,0,-11
03,16,80,30,160,59,0,0,-31
03,16,350,30,164,44,0,0,-15
03,16,260,40,141,40,0,0,-9
03,16,300,50,103,30,0,2,-6
03,16,290,60,121,51,0,2,-8
03,16,270,50,112,36,0,8,-3
03,16,240,60,98,52,-1,8,0
03,16,260,80,168,32,0,0,-22
03,16,210,100,211,25,0,0,-14
03,16,260,60,92,26,0,1,-5
03,16,210,70,89,42,0,8,-10
03,16,240,40,79,29,0,1,-4
03,16,340,30,96,-1,0,0,-11
03,16,80,40,97,-5,0,1,-16
03,16,160,20,95,-6,0,2,-18
03,16,90,50,139,32,0,0,-11
03,16,80,60,165,46,0,6,-16
03,16,110,50,187,31,0,2,-17
03,16,70,30,183,78,0,6,-21
03,16,80,40,190,74,0,6,-20
03,16,270,50,91,33,1,7,-9
03,16,270,80,60,-2,-1,6,-1
03,16,240,60,65,40,-1,8,-1
03,16,280,60,70,7,0,7,-12
03,16,270,40,90,26,0,7,-15
03,16,240,30,83,28,0,8,-15
03,16,190,50,132,18,0,8,-16
03,16,230,40,165,39,0,0,-8
03,16,160,30,99,69,0,5,-2
03,16,360,50,106,37,0,6,-14
03,16,90,30,85,-33,0,0,-25
03,16,90,60,115,9,0,0,-12
03,16,80,60,80,-9,0,1,-12
03,16,50,50,45,17,0,8,-1
03,16,60,60,69,30,0,7,-5
03,16,80,20,112,34,0,2,-16
03,16,70,30,166,54,0,0,-20
03,16,320,40,107,71,0,5,-19
03,16,990,10,84,54,0,8,-5
03,16,270,20,46,24,0,8,0
03,16,340,50,86,35,0,4,-6
03,16,80,40,63,2,0,0,-5
03,16,240,30,106,27,0,7,-8
03,16,130,20,103,14,0,7,-7
03,16,280,20,65,54,1,8,0
03,16,180,70,48,32,6,8,0
03,16,290,40,86,24,0,8,-6
03,16,210,70,100,92,0,8,9
03,16,230,130,108,99,18,8,3
03,16,280,60,87,-21,0,0,-8
03,16,280,80,97,19,-1,8,-2
03,16,190,80,30,14,9,8,4
03,16,230,60,38,26,19,8,7
03,16,280,30,72,4,0,1,-8
03,16,160,40,27,19,0,8,2
03,16,0,0,57,-4,0,6,-8
03,16,360,20,54,18,0,6,-6
03,16,100,20,55,-2,0,0,-9
03,16,210,40,55,27,5,8,-9
03,16,120,50,73,-17,0,8,-8
03,16,70,60,86,6,0,7,-14
03,16,60,50,85,25,0,0,-13
03,16,80,40,73,4,0,0,-12
03,16,60,60,76,15,0,1,-9
03,16,50,80,93,-33,0,8,-10
03,16,50,50,68,42,0,8,-1
03,16,70,80,74,-16,0,3,-6
03,16,40,40,112,3,0,0,-9
03,16,330,30,61,39,0,8,-1
03,16,340,30,73,16,0,8,-6
03,16,290,20,82,53,-1,8,1
03,16,270,40,92,42,0,8,-5
03,16,320,30,102,59,0,8,-4
03,16,340,50,94,28,0,7,-4
03,16,230,60,90,32,0,8,-8
03,16,300,40,83,63,-1,7,-5
03,16,180,70,149,60,0,8,-5
03,16,210,70,128,32,-1,7,-5
03,16,240,90,118,22,0,6,-4
03,16,250,50,88,54,2,3,1
03,16,230,50,100,51,-1,8,5
03,16,40,50,105,22,0,8,-5
03,16,210,40,87,43,-1,8,-4
03,16,260,60,80,31,-1,8,1
03,16,110,30,100,27,0,8,-4
03,16,210,40,123,69,0,8,-7
03,16,180,60,64,45,6,8,-8
03,16,340,20,82,38,0,8,-4
03,16,300,30,94,45,0,6,-14
03,16,250,40,97,93,15,8,7
03,16,300,50,118,50,0,7,-15
03,16,110,10,101,19,0,7,-10
03,16,100,20,119,32,0,8,-10
03,16,120,40,147,-11,0,8,-11
03,16,340,30,125,70,0,8,-10
03,16,300,40,122,84,0,8,-14
03,16,260,30,141,22,0,0,-11
03,16,220,40,169,42,0,1,-18
03,16,260,60,98,-12,0,8,-7
03,16,300,40,107,99,50,8,0
03,16,250,70,121,81,0,8,-3
03,16,220,100,115,75,0,8,-10
03,16,270,50,91,-28,0,8,-2
03,16,150,50,112,26,0,8,-9
03,16,70,60,135,44,0,8,-17
03,16,70,70,138,40,0,3,-12
03,16,60,70,144,-43,0,0,-14
03,16,50,60,134,45,0,8,-6
03,16,100,50,174,-3,0,0,-8
03,16,250,60,192,57,0,4,-13
03,16,250,50,153,91,0,8,-2
03,16,210,40,218,80,0,8,-17
03,16,220,60,186,96,-1,8,-23
03,16,70,100,-7,-137,0,8,-10
03,16,80,90,-8,-120,0,8,-4
03,16,70,70,8,-56,0,8,-13
03,16,100,50,95,28,0,8,-7
03,16,160,30,113,34,0,8,-17
03,16,230,30,101,55,0,8,-4
03,16,190,20,82,49,0,8,-8
03,16,210,60,75,46,-1,5,0
03,16,160,30,98,19,0,8,-14
03,16,190,50,148,101,0,8,-15
03,16,210,40,148,91,0,8,1
03,16,190,60,108,76,1,8,-1
03,16,290,30,51,40,6,8,-4
03,16,110,40,105,30,0,0,-12
03,16,130,40,116,23,0,8,-8
03,16,60,70,35,17,-1,8,-10
03,16,80,120,-19,-83,-1,8,-1
03,16,70,110,2,-107,0,8,-2
03,16,50,70,35,-93,0,0,-8
03,16,20,70,77,-100,0,0,-9
03,16,250,40,68,-1,0,7,-1
03,16,280,30,84,48,0,8,-4
03,16,200,50,71,23,0,8,-4
03,16,110,30,115,12,0,8,-7
03,16,340,40,118,19,0,8,-10
03,16,200,30,104,12,-1,4,-2
03,16,170,50,70,51,9,8,-4
03,16,10,20,66,61,12,8,-6
03,16,60,10,97,24,0,0,-9
03,16,120,60,129,11,0,8,-9
03,16,70,20,119,43,0,8,-31
03,16,300,30,63,29,0,8,-2
03,16,200,50,89,85,1,8,3
03,16,200,80,118,89,-1,8,1
03,16,260,90,83,13,0,8,-3
03,16,240,40,105,29,0,6,-36
03,16,170,70,122,64,-1,8,-7
03,16,210,110,96,43,0,8,-10
03,16,230,50,87,38,-1,8,-6
03,16,270,80,75,38,6,7,12
03,16,290,70,48,35,2,8,3
03,16,280,80,70,11,-1,7,-1
03,16,190,90,96,-10,0,8,1
03,16,270,50,66,47,72,8,13
03,16,290,70,106,45,-1,8,-29
03,16,260,80,117,105,22,8,-5
03,16,230,100,109,61,0,8,-1
03,16,270,70,78,6,0,5,-13
03,16,290,50,73,2,0,7,-1
03,16,250,20,105,31,0,8,-3
03,16,230,30,123,82,0,8,-3
03,16,10,30,137,92,0,1,-12
03,16,170,20,191,56,0,5,-11
03,16,350,30,110,76,-1,8,-1
03,16,290,30,108,-2,0,0,-12
03,16,330,70,92,32,-1,7,-6
03,16,290,20,97,25,0,8,-6
03,16,290,30,117,46,0,8,-4
03,16,80,10,120,52,0,8,-7
03,16,130,30,173,68,0,0,-10
03,16,290,30,176,54,0,1,-7
03,16,40,60,117,28,0,1,-7
03,16,210,40,85,25,0,8,-5
03,16,180,20,76,68,3,8,-2
03,16,240,40,58,22,5,8,-17
03,16,200,20,84,37,-1,8,-18
03,16,80,50,65,56,6,8,-3
03,16,310,40,80,23,0,8,-7
03,16,220,60,95,15,0,8,-5
03,16,190,60,89,83,4,8,1
03,16,260,40,89,47,0,6,-8
03,16,240,90,126,110,-1,8,0
03,16,240,70,136,95,0,5,-1
03,16,240,110,78,22,1,8,0
03,16,290,30,73,45,-1,8,-2
03,16,170,50,107,23,0,7,-6
03,16,210,40,125,65,0,7,-3
03,16,300,20,128,60,0,4,-12
03,16,230,50,135,18,0,8,-23
03,16,250,40,161,67,0,5,-8
03,16,350,40,120,88,0,8,-10
03,16,30,50,69,34,4,8,-8
03,16,70,100,81,-22,0,0,-10
03,16,80,80,86,-43,0,0,-9
03,16,120,60,98,-107,0,0,-10
03,16,120,50,103,-98,0,3,-9
03,16,60,60,112,-77,0,1,-10
03,16,60,80,105,-42,0,0,-6
03,16,70,60,155,20,0,0,-13
03,16,10,70,113,24,0,2,-11
03,16,20,70,54,-61,0,8,0
03,16,340,50,94,0,0,8,-17
03,16,60,40,88,-65,0,0,-8
