03,12,50,41,59,31,0,5,14
03,12,200,31,69,58,0,7,2
03,12,220,87,102,28,0,2,2
03,12,90,57,96,58,0,7,19
03,12,190,51,120,94,-1,8,3
03,12,170,46,152,89,0,7,11
03,12,80,62,138,90,0,7,6
03,12,190,26,139,83,0,7,3
03,12,250,51,109,93,0,7,5
03,12,230,67,145,53,0,3,5
03,12,220,51,126,91,0,7,3
03,12,990,10,141,67,0,3,6
03,12,30,21,158,78,0,0,8
03,12,250,36,166,70,0,0,9
03,12,240,57,105,99,-1,8,5
03,12,200,41,148,104,0,6,5
03,12,240,46,114,77,0,7,-2
03,12,250,57,121,78,0,6,-2
03,12,210,77,110,102,2,8,8
03,12,240,82,123,102,0,7,4
03,12,240,46,104,87,2,7,-5
03,12,250,36,73,69,-1,7,6
03,12,50,36,78,54,0,8,5
03,12,30,51,90,54,0,7,10
03,12,60,98,66,39,4,8,-10
03,12,70,67,79,28,0,8,-2
03,12,60,57,101,7,0,2,6
03,12,50,51,93,-11,0,7,0
03,12,80,51,81,-9,0,2,2
03,12,30,31,63,-33,0,7,3
03,12,230,41,98,63,0,6,2
03,12,200,51,139,50,0,0,10
03,12,270,72,71,5,0,4,1
03,12,230,93,86,42,0,7,4
03,12,230,41,105,89,0,7,12
03,12,90,31,145,85,0,5,11
03,12,260,62,97,47,0,7,-1
03,12,210,36,128,35,0,1,6
03,12,990,15,114,79,0,6,4
03,12,240,36,94,58,0,7,5
03,12,220,98,109,32,0,5,6
03,12,250,72,56,17,1,7,10
03,12,230,139,83,69,-1,8,1
03,12,240,129,91,64,-1,7,11
03,12,270,77,58,-7,0,7,-3
03,12,990,10,21,17,10,8,3
03,12,310,26,61,-2,0,6,5
03,12,240,51,101,82,0,7,8
03,12,990,15,129,67,0,3,3
03,12,310,26,99,47,0,7,7
03,12,250,87,112,86,0,8,0
03,12,280,87,62,42,23,3,23
03,12,270,98,103,103,21,8,5
03,12,210,26,67,26,-1,7,-28
03,12,30,123,64,29,0,4,-4
03,12,320,31,51,21,0,6,2
03,12,220,67,42,27,1,8,3
03,12,10,41,54,44,1,8,10
03,12,320,51,20,17,2,6,22
03,12,220,36,57,9,0,7,7
03,12,170,62,102,28,0,5,1
03,12,250,41,90,56,0,7,-4
03,12,50,67,21,-12,0,2,9
03,12,60,67,52,0,0,5,6
03,12,50,51,3,-36,0,5,5
03,12,50,51,11,-39,0,6,1
03,12,250,26,24,0,0,8,3
03,12,320,51,64,61,0,8,7
03,12,60,31,54,39,0,7,3
03,12,90,67,68,7,0,1,4
03,12,70,31,59,-10,0,0,14
03,12,250,46,105,55,0,6,4
03,12,140,21,123,72,0,4,9
03,12,210,36,146,46,0,0,7
03,12,190,36,149,43,0,1,5
03,12,200,67,159,66,0,1,5
03,12,200,36,173,62,0,0,2
03,12,240,103,155,90,0,3,5
03,12,240,93,118,77,0,7,9
03,12,250,82,98,65,0,8,2
03,12,300,41,101,7,0,1,5
03,12,990,10,118,9,0,2,5
03,12,230,62,151,48,0,7,9
03,12,210,57,129,88,0,7,8
03,12,270,87,98,-31,0,4,3
03,12,310,51,81,-31,0,4,2
03,12,340,67,74,-18,0,5,4
03,12,40,46,65,-14,0,4,12
03,12,70,36,62,-85,0,3,6
03,12,80,67,58,-77,0,1,8
03,12,50,21,75,-98,0,1,5
03,12,160,31,120,-69,0,3,15
03,12,210,51,166,78,0,7,3
03,12,230,46,90,59,0,7,-1
03,12,200,82,54,45,14,8,6
03,12,200,67,84,38,0,7,9
03,12,220,67,90,21,0,3,10
03,12,230,36,126,-1,0,3,16
03,12,250,62,88,35,0,6,4
03,12,240,98,79,79,-1,8,3
03,12,230,93,106,102,0,8,5
03,12,240,72,140,88,0,7,7
03,12,300,46,103,-3,0,5,4
03,12,990,10,108,0,0,6,8
03,12,240,67,89,38,0,5,7
03,12,240,118,99,73,1,8,5
03,12,240,118,97,66,0,7,-1
03,12,240,103,96,85,9,8,0
03,12,250,103,73,7,0,6,-25
03,12,250,98,67,9,0,5,-7
03,12,260,46,60,41,0,8,9
03,12,240,62,55,38,-1,8,5
03,12,250,77,72,-11,0,7,-2
03,12,50,46,74,-13,0,7,9
03,12,250,67,83,27,0,7,12
03,12,220,103,107,91,-1,8,4
03,12,250,67,91,54,0,7,11
03,12,240,113,119,93,-1,8,-3
03,12,330,62,76,19,0,6,-14
03,12,110,41,63,-14,0,4,14
03,12,220,72,125,57,0,7,2
03,12,260,87,146,78,0,3,-13
03,12,160,72,171,88,0,2,14
03,12,230,93,113,26,0,3,14
03,12,220,139,112,59,0,5,-9
03,12,230,98,36,23,4,6,9
03,12,240,108,54,-23,0,2,17
03,12,250,41,48,-2,0,3,13
03,12,200,77,15,8,10,8,0
03,12,280,82,26,11,9,6,16
03,12,200,87,64,11,0,4,5
03,12,210,82,80,-10,0,5,6
03,12,200,57,80,31,0,4,-2
03,12,150,93,110,-32,0,2,11
03,12,140,21,138,13,0,3,12
03,12,20,21,139,66,0,1,9
03,12,60,51,110,13,0,1,6
03,12,40,36,58,15,0,6,6
03,12,250,72,55,15,1,7,-27
03,12,230,98,62,1,0,6,8
03,12,210,113,96,84,1,8,9
03,12,240,103,94,29,0,6,-14
03,12,280,62,48,27,6,7,25
03,12,280,87,67,-10,-1,7,-8
03,12,340,67,68,-3,0,7,-11
03,12,230,36,69,-15,0,1,10
03,12,220,41,113,10,0,1,12
03,12,240,77,137,45,0,2,8
03,12,290,72,81,47,0,7,8
03,12,250,62,99,64,-1,8,-4
03,12,340,108,29,-2,5,7,28
03,12,240,108,33,-33,0,8,-6
03,12,330,72,55,-45,0,4,6
03,12,330,26,71,-18,0,5,5
03,12,220,72,46,46,4,8,4
03,12,270,36,36,22,-1,8,-1
03,12,210,26,13,-5,0,6,11
03,12,100,26,31,-13,0,6,9
03,12,240,46,27,-1,0,5,10
03,12,270,36,43,29,0,7,-9
03,12,330,31,52,32,0,7,8
03,12,80,67,41,22,0,7,19
03,12,90,77,55,-9,0,0,11
03,12,70,57,71,-5,0,0,11
03,12,70,82,48,-46,0,0,10
03,12,50,51,-10,-47,-1,7,3
03,12,100,72,-3,-89,0,2,1
03,12,70,72,5,-61,0,1,4
03,12,90,103,39,-46,0,1,11
03,12,80,57,95,-6,0,6,6
03,12,120,51,75,20,0,4,-2
03,12,240,36,50,30,0,8,3
03,12,990,10,59,40,0,7,3
03,12,990,10,76,40,0,6,11
03,12,990,15,123,42,0,2,4
03,12,200,41,96,81,5,8,-2
03,12,230,67,78,61,-1,8,12
03,12,240,51,125,107,0,7,-5
03,12,60,31,85,67,0,8,-1
03,12,80,82,117,63,0,6,1
03,12,360,72,54,38,-1,8,-4
03,12,40,62,48,-86,0,0,8
03,12,250,62,64,-68,0,7,0
03,12,260,46,42,22,1,7,-16
03,12,310,57,44,10,-1,5,-1
03,12,270,31,32,9,1,7,9
03,12,200,50,123,75,0,4,2
03,12,250,80,127,87,0,7,6
03,12,230,30,102,26,0,6,5
03,12,80,40,107,97,0,7,7
03,12,240,40,106,79,-1,7,2
03,12,990,10,83,78,0,8,-3
03,12,150,20,141,44,0,4,-4
03,12,990,10,133,55,0,2,10
03,12,50,40,136,60,0,0,10
03,12,230,20,155,39,0,0,1
03,12,20,40,102,68,0,0,-1
03,12,990,10,147,90,0,0,-1
03,12,230,50,122,81,0,7,6
03,12,230,70,82,74,-1,8,6
03,12,240,50,94,84,-1,8,-1
03,12,250,80,106,97,0,8,6
03,12,300,40,124,67,0,6,11
03,12,240,60,125,91,0,7,-15
03,12,270,40,70,63,1,8,1
03,12,270,30,49,-4,0,7,9
03,12,290,50,69,19,0,7,-3
03,12,990,10,68,-10,0,6,11
03,12,240,70,77,23,1,8,-9
03,12,240,10,86,62,0,8,5
03,12,300,20,83,75,0,7,4
03,12,230,80,117,56,0,7,3
03,12,240,80,133,51,0,4,9
03,12,290,70,73,47,7,5,4
03,12,320,70,83,24,0,6,0
03,12,210,20,107,53,0,7,4
03,12,230,30,128,52,0,3,9
03,12,210,90,57,-7,0,8,-3
03,12,240,80,84,62,-1,7,-3
03,12,210,90,101,86,7,8,7
03,12,230,110,132,98,12,8,-12
03,12,260,100,40,16,3,7,13
03,12,200,70,68,61,14,8,7
03,12,240,100,113,87,0,6,4
03,12,260,70,89,66,0,7,-13
03,12,310,20,48,9,0,5,8
03,12,210,50,73,-16,0,2,5
03,12,200,50,42,22,1,8,2
03,12,340,50,61,-2,0,7,4
03,12,230,80,61,9,0,8,-8
03,12,310,50,85,65,-1,7,-1
03,12,270,40,99,69,0,7,-1
03,12,250,20,96,87,0,8,5
03,12,240,40,97,62,0,7,-1
03,12,260,50,105,56,0,8,4
03,12,330,50,94,8,0,6,-4
03,12,230,40,67,55,-1,8,3
03,12,10,30,65,5,0,5,7
03,12,270,30,54,26,0,8,-2
03,12,50,60,39,11,0,6,7
03,12,70,30,62,-18,0,6,14
03,12,140,30,96,-54,0,7,7
03,12,210,70,109,-45,0,7,8
03,12,230,70,98,89,-1,8,5
03,12,140,30,152,101,0,7,10
03,12,140,40,200,86,0,6,13
03,12,230,50,202,97,0,6,0
03,12,220,30,150,120,0,8,6
03,12,220,130,97,84,-1,8,5
03,12,230,100,114,107,2,8,4
03,12,220,100,97,45,0,7,4
03,12,190,60,77,43,-1,8,9
03,12,190,50,65,36,-1,7,-5
03,12,230,90,56,24,0,6,0
03,12,200,80,33,9,-1,7,7
03,12,190,70,75,32,0,7,1
03,12,240,70,51,37,0,8,2
03,12,990,10,67,35,0,7,-6
03,12,100,50,70,15,0,6,14
03,12,80,40,136,78,0,6,12
03,12,250,50,168,92,0,7,-3
03,12,270,20,109,99,0,5,11
03,12,30,30,106,64,0,7,2
03,12,40,30,100,31,0,2,11
03,12,60,30,95,16,0,5,13
03,12,230,40,114,32,0,7,7
03,12,340,40,79,26,0,7,8
03,12,300,40,73,16,0,7,2
03,12,220,90,68,30,-1,8,-9
03,12,330,70,53,43,3,8,4
03,12,270,40,85,84,2,8,0
03,12,240,60,93,48,0,7,9
03,12,210,60,159,59,0,4,-1
03,12,220,40,127,85,-1,7,5
03,12,350,40,95,30,0,4,4
03,12,350,50,83,35,0,3,12
03,12,210,30,130,33,0,1,11
03,12,200,40,148,58,0,7,3
03,12,40,20,171,83,0,5,3
03,12,270,40,61,36,-1,7,8
03,12,230,80,57,15,0,8,3
03,12,290,70,49,37,13,8,0
03,12,270,60,-5,-5,2,7,41
03,12,250,50,48,4,0,7,10
03,12,230,100,82,3,0,3,7
03,12,230,90,91,72,0,8,9
03,12,240,80,103,91,10,8,3
03,12,250,60,120,96,0,8,1
03,12,190,20,67,62,-1,8,6
03,12,280,40,97,66,0,7,0
03,12,990,10,77,30,0,7,9
03,12,240,70,97,50,-1,7,10
03,12,250,80,119,90,-1,8,-7
03,12,320,80,66,2,0,6,10
03,12,300,50,84,72,0,8,0
03,12,320,50,97,57,0,8,2
03,12,330,60,78,47,-1,7,0
03,12,360,40,55,55,1,8,1
03,12,20,20,62,48,0,5,15
03,12,20,30,98,33,0,2,16
03,12,250,50,150,41,0,1,5
03,12,80,30,144,32,0,7,6
03,12,200,50,95,91,11,8,8
03,12,210,60,110,74,-1,7,-2
03,12,220,30,97,44,1,4,-7
03,12,20,50,71,37,-1,7,2
03,12,30,60,41,25,-1,7,-5
03,12,30,80,58,45,0,8,10
03,12,20,50,67,54,0,8,-2
03,12,230,30,70,49,-1,8,1
03,12,240,40,33,10,0,7,8
03,12,250,30,26,0,-1,7,17
03,12,40,30,-2,-25,-1,8,3
03,12,80,20,24,23,0,8,8
03,12,80,20,32,-21,0,8,3
03,12,140,40,93,6,0,0,6
03,12,200,60,129,98,0,7,5
03,12,80,50,91,85,6,8,0
03,12,210,80,114,87,0,7,2
03,12,220,70,118,91,0,7,3
03,12,180,20,111,106,9,8,9
03,12,250,70,91,45,0,8,0
03,12,210,100,82,49,-1,7,2
03,12,250,80,87,31,0,7,-4
03,12,230,20,88,64,0,7,9
03,12,60,30,111,87,0,7,5
03,12,260,30,82,70,0,8,2
03,12,230,30,97,74,-1,8,-1
03,12,280,50,45,23,4,6,1
03,12,100,80,32,-27,0,7,6
03,12,70,20,42,38,1,8,22
03,12,330,40,80,76,-1,8,0
03,12,220,90,119,98,1,8,13
03,12,990,10,115,80,0,7,-2
03,12,20,60,30,23,0,8,0
03,12,70,30,30,-1,0,8,1
03,12,100,50,56,6,0,7,3
03,12,190,70,126,36,0,7,5
03,12,230,90,62,46,-1,8,5
03,12,240,50,93,50,0,6,2
03,12,210,80,128,40,0,7,4
03,12,260,40,48,38,5,8,4
03,12,20,20,39,-33,0,3,9
03,12,220,50,65,14,0,3,6
03,12,200,20,90,31,0,7,2
03,12,350,40,92,25,0,5,3
03,12,230,100,78,39,-1,8,0
03,12,290,80,120,38,0,6,3
03,12,230,60,112,30,0,6,3
03,12,220,80,89,73,-1,8,8
03,12,220,90,96,9,0,1,11
03,12,200,40,140,33,0,6,16
03,12,40,30,116,88,0,7,8
03,12,30,60,70,66,-1,8,-17
03,12,60,50,42,14,-1,8,0
03,12,90,60,93,58,0,6,8
03,12,140,20,150,76,0,2,9
03,12,200,40,141,84,-1,8,18
03,12,200,90,134,65,0,6,1
03,12,250,70,97,54,0,7,14
03,12,280,60,125,85,0,5,6
03,12,250,70,126,103,-1,8,2
03,12,300,40,97,82,2,7,15
03,12,20,40,76,-22,0,3,2
03,12,40,30,72,0,0,6,4
03,12,90,10,76,-14,0,2,-2
03,12,320,30,79,-11,0,7,4
03,12,40,40,77,-12,0,1,7
03,12,60,50,115,11,0,0,6
03,12,90,20,126,18,0,0,14
03,12,990,10,131,31,0,8,0
03,12,250,60,149,42,0,2,7
03,12,190,40,125,74,0,6,0
03,12,180,30,94,79,3,8,0
03,12,220,20,72,40,0,8,9
03,12,160,40,101,39,0,0,6
03,12,190,40,141,83,0,8,6
03,12,280,50,64,54,2,8,1
03,12,190,50,92,40,0,4,3
03,12,240,100,101,43,0,4,-5
03,12,230,90,118,56,0,8,10
03,12,230,70,122,83,0,7,2
03,12,230,80,119,90,4,8,-5
03,12,300,50,88,43,0,8,0
03,12,40,50,68,-3,0,0,13
03,12,50,60,85,-45,0,0,6
03,12,100,80,90,-4,0,0,7
03,12,60,40,100,-6,0,0,15
03,12,360,30,112,7,0,0,12
03,12,20,50,80,38,0,1,16
03,12,10,30,116,28,0,0,5
03,12,990,10,53,12,0,4,13
03,12,70,60,90,12,0,1,10
03,12,80,80,109,-37,0,1,8
03,12,350,20,143,-49,0,0,15
03,12,240,60,199,10,0,0,2
03,12,100,10,155,67,0,7,-13
03,12,50,40,159,87,0,0,5
03,12,310,20,172,70,0,0,4
03,12,150,30,197,74,0,0,4
03,12,240,50,180,97,0,5,-2
03,12,340,30,144,86,0,2,8
03,12,10,30,102,15,0,4,6
03,12,50,40,23,-32,0,4,2
03,12,270,40,56,-7,0,,5
03,12,220,50,51,15,0,1,9
03,12,130,30,89,2,0,8,22
03,12,70,60,80,-1,0,6,-2
03,12,270,40,24,9,-1,8,9
03,12,310,20,49,36,7,8,18
03,12,20,50,42,-30,0,3,8
03,12,30,60,-3,-9,2,8,0
03,12,30,40,8,-7,-1,8,1
03,12,70,50,32,-12,0,8,6
03,12,130,30,65,-8,0,7,-5
03,12,220,90,107,38,0,7,-1
03,12,220,110,116,36,0,5,0
03,12,230,70,131,80,0,8,3
03,12,220,70,162,102,0,5,-1
03,12,210,50,205,71,0,3,1
03,12,170,40,191,88,0,5,2
03,12,220,120,127,57,0,7,1
03,12,220,100,127,107,4,8,1
03,12,230,110,102,40,-1,7,0
03,12,300,40,61,34,2,8,27
03,12,340,20,79,0,0,7,-2
03,12,350,60,72,17,0,7,3
03,12,10,30,54,-17,0,7,14
03,12,30,50,52,-13,0,7,-1
03,12,990,10,62,-52,0,3,2
03,12,990,10,92,-41,0,0,7
03,12,30,40,111,9,0,3,13
03,12,80,80,146,14,0,0,14
03,12,70,30,178,41,0,1,12
03,12,210,80,-31,-79,0,8,9
03,12,210,80,15,-54,0,5,1
03,12,50,40,-5,-28,-1,7,4
03,12,230,50,-10,-57,0,7,8
03,12,360,10,-6,-11,-1,8,7
03,12,30,50,-5,-64,0,8,4
03,12,310,40,35,23,-1,8,6
03,12,290,50,47,28,-1,8,2
03,12,300,40,58,30,-1,8,3
03,12,190,30,68,6,0,5,3
03,12,240,100,53,27,0,8,3
03,12,270,70,41,-2,3,8,0
03,12,230,60,70,5,0,7,-8
03,12,230,50,68,-1,0,8,2
03,12,230,90,115,17,0,0,7
03,12,240,90,186,85,0,0,5
03,12,240,90,137,85,0,8,6
03,12,260,70,109,74,0,8,19
03,12,10,30,124,87,0,8,-1
03,12,80,30,100,73,0,8,12
03,12,80,60,154,38,0,0,14
03,12,210,60,186,77,0,7,-12
03,12,140,30,164,90,0,2,2
03,12,160,40,178,97,0,7,6
03,12,190,30,160,100,0,7,-34
03,12,60,20,167,79,0,4,-7
03,12,160,30,141,106,-1,8,6
03,12,240,40,127,103,0,8,-12
03,12,990,10,151,97,0,8,1
03,12,90,50,130,108,-1,6,-3
03,12,90,20,137,87,0,7,4
03,12,240,70,1,-26,0,8,0
03,12,230,70,16,-37,0,6,2
03,12,50,40,14,-22,0,8,-6
03,12,240,40,16,-26,0,5,10
03,12,270,50,17,5,0,7,-17
03,12,270,30,29,7,2,6,-14
03,12,190,40,44,-4,0,8,6
03,12,200,80,47,39,17,8,3
03,12,260,50,76,71,1,8,3
03,12,230,80,51,27,2,8,4
03,12,360,70,0,-7,-1,8,-4
03,12,90,40,-16,-74,0,5,5
03,12,100,50,16,-72,0,0,3
03,12,80,30,34,-56,0,0,6
03,12,50,60,58,-47,0,8,-2
03,12,60,60,15,-40,0,8,9
03,12,60,70,40,-13,0,8,-3
03,12,60,80,59,-10,0,1,11
03,12,30,40,15,12,0,8,21
03,12,50,40,46,7,0,8,13
03,12,40,50,35,-30,0,8,12
03,12,60,50,47,-55,0,0,3
03,12,80,70,71,-47,0,0,12
03,12,170,40,89,63,2,8,2
03,12,250,40,128,75,7,8,7
03,12,230,90,160,122,0,7,0
03,12,230,100,169,101,0,8,4
03,12,230,90,120,38,0,6,12
03,12,240,70,96,59,0,8,2
03,12,230,70,126,99,-1,8,13
03,12,240,90,130,87,2,7,7
03,12,250,100,104,18,0,1,-13
03,12,240,80,89,18,0,7,1
03,12,260,100,62,45,3,8,-6
03,12,170,50,128,51,0,8,3
03,12,220,120,114,34,0,8,-29
03,12,210,130,118,32,0,8,-5
03,12,230,70,93,59,-1,8,11
03,12,250,40,108,48,0,6,7
03,12,210,70,78,65,2,8,0
03,12,220,60,96,33,0,3,7
03,12,210,30,116,46,0,0,13
03,12,70,40,148,33,0,0,8
03,12,280,30,138,55,0,0,11
03,12,70,20,114,18,0,0,3
03,12,990,10,128,9,0,0,12
03,12,240,40,116,54,0,2,1
03,12,240,60,92,75,-1,8,8
03,12,240,40,58,44,7,8,13
03,12,240,30,53,-15,0,6,2
03,12,350,50,76,0,0,5,2
03,12,10,70,56,7,1,7,-2
03,12,330,50,50,20,3,8,8
03,12,20,60,38,12,-1,8,6
03,12,20,60,61,57,-1,8,5
03,12,70,60,119,34,0,8,3
03,12,80,80,153,47,0,0,13
03,12,90,70,144,22,0,0,15
03,12,90,20,161,67,0,0,3
03,12,210,60,136,61,0,5,7
03,12,990,10,104,65,0,8,13
03,12,30,70,136,63,0,2,3
03,12,280,80,92,33,0,8,12
03,12,250,70,126,78,-1,8,0
03,12,290,70,78,-13,0,6,4
03,12,360,60,68,-8,0,7,-15
03,12,350,40,40,-28,0,3,15
03,12,220,70,67,33,0,8,6
03,12,220,60,79,46,0,8,-1
03,12,210,60,92,14,0,0,8
03,12,200,90,97,39,0,8,4
03,12,170,110,86,-2,0,8,-3
03,12,230,120,101,32,-1,8,-9
03,12,250,100,82,7,-1,8,-2
03,12,250,60,82,35,-1,8,9
03,12,270,50,97,59,0,3,11
03,12,180,30,143,84,0,2,5
03,12,220,50,103,89,3,8,16
03,12,340,40,55,-9,0,8,3
03,12,310,50,58,-9,-1,8,-1
03,12,340,70,44,2,-1,7,16
03,12,220,40,61,31,-1,8,8
03,12,260,50,29,15,9,2,17
03,12,60,40,51,23,0,7,2
03,12,250,30,34,-66,0,0,8
03,12,280,40,43,-7,0,6,-18
03,12,270,20,8,5,8,8,17
03,12,230,40,46,36,2,8,8
03,12,100,10,76,52,5,8,-5
03,12,200,80,104,39,0,6,-5
03,12,230,90,113,33,0,6,0
03,12,200,80,95,57,14,8,-1
03,12,230,50,120,49,0,8,18
03,12,200,20,123,66,0,1,-1
03,12,280,40,78,27,0,7,3
03,12,230,80,84,19,0,6,15
03,12,180,80,61,28,2,8,7
03,12,320,40,54,20,0,8,5
03,12,310,40,45,32,2,8,10
03,12,230,50,74,44,0,3,6
03,12,240,40,85,71,9,8,14
03,12,250,70,70,7,0,8,3
03,12,210,90,49,35,9,8,2
03,12,320,40,75,24,0,8,5
03,12,230,60,78,71,-1,8,7
03,12,250,30,105,50,0,2,5
03,12,240,70,140,82,0,7,-5
03,12,290,50,109,51,0,7,-4
03,12,210,10,81,46,0,8,4
03,12,10,20,113,64,0,3,0
03,12,60,30,96,7,0,7,4
03,12,30,40,91,-17,0,2,8
03,12,90,50,82,-61,0,0,1
03,12,990,10,93,-29,0,0,10
03,12,330,50,97,17,0,6,9
03,12,260,80,101,36,0,8,-23
03,12,320,70,72,15,0,6,-5
03,12,250,70,68,45,-1,8,16
03,12,220,90,74,50,1,8,-1
03,12,240,80,80,5,-1,7,13
03,12,240,60,69,30,-1,8,10
03,12,340,50,77,18,0,6,17
03,12,220,30,87,15,0,0,6
03,12,50,40,124,19,0,0,0
03,12,260,40,53,6,0,8,0
03,12,280,40,65,-3,-1,8,3
03,12,70,70,50,-19,0,0,7
03,12,40,60,45,-24,0,2,-5
03,12,250,40,41,-22,0,6,-22
03,12,50,70,19,-39,0,2,-1
03,12,70,70,16,-67,0,0,1
03,12,60,20,1,-94,0,8,11
03,12,60,70,20,-93,0,0,9
03,12,50,90,59,-57,0,0,6
03,12,40,50,-2,-40,0,8,-1
03,12,230,30,42,10,0,8,8
03,12,290,30,57,18,-1,8,6
03,12,260,40,61,27,0,8,8
03,12,260,50,95,43,0,8,0
03,12,300,30,60,36,0,8,7
03,12,220,70,132,31,0,1,1
03,12,200,50,174,36,0,5,3
03,12,230,60,148,85,-1,8,9
03,12,200,80,152,112,0,8,19
03,12,270,40,78,69,2,8,-2
03,12,210,40,113,50,0,4,5
03,12,180,10,113,72,0,8,17
03,12,170,60,192,66,0,0,13
03,12,170,60,192,82,0,1,13
03,12,200,30,92,78,8,8,5
03,12,220,50,125,49,0,7,-10
03,12,240,80,114,34,0,8,-26
03,12,260,30,127,89,0,8,10
03,12,200,60,116,67,0,8,-8
03,12,200,120,100,12,0,8,-17
03,12,40,70,72,18,0,0,7
03,12,30,70,71,-11,0,0,7
03,12,50,50,53,-33,0,0,10
03,12,40,40,63,-18,0,0,11
03,12,60,30,1,-12,0,8,10
03,12,60,60,44,-33,0,1,5
03,12,70,60,64,-80,0,0,2
03,12,220,60,98,-45,0,0,11
03,12,230,70,82,29,0,8,-1
03,12,230,100,84,33,0,8,5
03,12,250,60,103,17,0,6,-1
03,12,210,30,128,42,0,8,8
03,12,190,50,119,65,0,8,1
03,12,230,20,109,88,0,8,3
03,12,70,60,159,87,0,0,6
03,12,50,70,126,68,0,7,1
03,12,300,30,56,49,0,8,5
03,12,220,40,68,40,0,8,6
03,12,50,50,89,3,0,1,11
03,12,70,10,92,-33,0,8,4
03,12,200,10,127,-42,0,0,5
03,12,60,30,147,-9,0,0,0
03,12,70,40,147,37,0,0,1
03,12,50,60,152,48,0,0,4
03,12,40,20,151,66,0,0,7
03,12,40,40,105,22,0,8,-11
03,12,50,30,127,35,0,0,10
03,12,360,40,110,-4,0,2,2
03,12,250,20,143,15,0,0,5
03,12,210,70,145,78,0,8,-5
03,12,220,90,127,116,6,8,14
03,12,90,30,95,88,0,8,6
03,12,40,30,77,74,0,8,1
03,12,220,40,103,62,0,8,8
03,12,190,30,110,73,-1,8,-12
03,12,200,110,41,11,0,8,0
03,12,200,40,86,13,0,2,-4
03,12,220,110,59,7,0,8,1
03,12,300,20,63,12,0,8,9
03,12,230,60,107,24,0,5,4
03,12,240,30,88,79,1,8,1
03,12,10,30,114,48,0,8,9
03,12,250,20,91,63,0,8,4
03,12,60,40,80,39,0,8,3
03,12,50,30,90,31,0,2,5
03,12,990,10,155,57,0,0,16
03,12,260,20,159,80,0,0,22
03,12,260,20,90,79,0,8,-3
03,12,240,50,88,37,0,8,11
03,12,340,30,92,-10,0,0,8
03,12,240,40,119,29,0,0,5
03,12,50,50,144,42,0,0,0
03,12,70,60,181,61,0,0,4
03,12,60,30,178,87,0,0,8
03,12,30,40,176,81,0,0,3
03,12,20,40,157,81,0,0,11
03,12,40,40,159,36,0,0,13
03,12,330,20,167,59,0,1,4
03,12,320,20,168,44,0,0,8
03,12,300,50,133,62,0,8,-8
03,12,330,40,102,67,0,8,-4
03,12,300,40,89,43,0,8,4
03,12,10,30,27,17,0,8,6
03,12,990,10,22,-31,0,8,1
03,12,100,10,34,10,-1,8,11
03,12,80,40,89,9,0,0,16
03,12,80,30,157,11,0,0,7
03,12,330,20,130,43,0,5,31
03,12,210,30,138,55,0,8,1
03,12,60,40,150,97,0,8,4
03,12,240,50,87,83,7,8,5
03,12,340,40,9,-5,0,8,-3
03,12,70,90,-19,-70,0,8,-3
03,12,30,90,-40,-54,3,8,3
03,12,210,20,-4,-68,0,8,-5
03,12,10,50,13,-38,0,7,4
03,12,220,60,16,-29,0,8,6
03,12,170,50,56,-45,0,8,4
03,12,180,60,89,24,0,8,-13
03,12,210,40,98,-14,0,0,10
03,12,270,40,51,29,-1,8,11
03,12,310,20,4,2,15,9,-1
03,12,130,20,22,-54,0,8,5
03,12,90,80,34,-16,0,1,14
03,12,80,90,15,-38,-1,8,3
03,12,80,80,-4,-102,0,8,10
03,12,50,80,19,-68,0,0,5
03,12,60,70,29,-71,0,0,6
03,12,60,70,30,-87,0,0,12
03,12,30,30,40,-59,0,8,12
03,12,990,10,-1,-45,0,8,1
03,12,70,40,32,-54,0,6,0
03,12,60,30,24,-37,0,8,9
03,12,210,30,72,24,0,8,-1
03,12,180,70,82,10,0,6,5
03,12,220,70,65,43,-1,8,14
03,12,240,40,87,38,0,7,9
03,12,270,20,92,25,0,6,7
03,12,210,30,117,-4,0,0,9
03,12,220,60,132,37,0,0,3
03,12,120,20,164,52,0,0,12
03,12,200,50,190,12,0,0,12
03,12,40,40,168,38,0,0,5
03,12,60,40,113,69,0,0,14
03,12,50,30,149,63,0,0,7
03,12,20,10,178,26,0,0,4
03,12,280,10,134,59,0,0,11
03,12,320,50,100,37,0,8,6
03,12,240,60,123,77,0,8,6
03,12,240,40,108,68,0,8,4
03,12,230,70,92,60,0,8,3
03,12,230,90,137,56,0,1,19
03,12,170,80,194,21,0,0,15
03,12,270,70,87,69,1,8,-16
03,12,260,30,71,60,12,8,2
03,12,230,70,63,24,0,8,15
03,12,340,30,64,27,0,8,8
03,12,120,60,79,17,0,1,12
03,12,90,20,95,-9,0,0,-2
03,12,990,10,119,37,0,0,7
03,12,90,40,165,45,0,1,-1
03,12,60,30,185,55,0,0,10
03,12,990,10,196,39,0,7,0
03,12,110,10,201,67,0,6,-1
03,12,240,80,97,32,0,8,-24
03,12,250,80,81,-2,0,5,-5
03,12,210,120,82,4,0,8,-14
03,12,250,50,62,11,0,8,8
03,12,230,30,72,21,0,8,4
03,12,230,40,81,17,0,8,7
03,12,200,60,126,-1,0,8,2
03,12,210,60,166,-12,0,0,2
03,12,990,10,98,72,0,8,7
03,12,350,20,117,79,0,6,0
03,12,20,20,74,24,0,0,9
03,12,80,50,106,2,0,0,4
03,12,70,70,81,1,0,0,2
03,12,40,60,63,9,0,7,-2
03,12,80,50,58,20,0,8,3
03,12,90,20,93,28,0,6,7
03,12,60,50,157,43,0,0,5
03,12,340,30,142,58,0,0,13
03,12,340,20,55,44,0,8,6
03,12,60,30,75,36,0,7,3
03,12,290,50,73,39,0,8,2
03,12,50,50,46,4,0,8,8
03,12,260,30,96,12,0,3,7
03,12,250,30,93,31,0,7,-1
03,12,260,20,54,41,8,8,4
03,12,210,70,71,-4,0,8,3
03,12,260,60,90,27,0,7,7
03,12,200,70,85,66,4,8,-3
03,12,220,100,103,89,14,8,6
03,12,290,70,84,0,-1,7,10
03,12,290,100,102,11,-1,2,13
03,12,200,60,39,-34,0,8,8
03,12,250,60,78,10,0,4,5
03,12,350,40,49,18,0,8,7
03,12,170,60,32,17,12,8,6
03,12,20,20,46,28,0,8,-5
03,12,320,20,45,32,0,8,4
03,12,350,20,39,3,0,8,1
03,12,240,40,35,22,0,8,10
03,12,140,80,68,-31,0,8,10
03,12,40,40,86,4,0,8,3
03,12,80,40,85,20,0,6,7
03,12,80,50,77,6,0,5,-4
03,12,60,70,72,4,0,0,16
03,12,70,50,60,-14,0,1,10
03,12,360,60,72,26,0,8,-12
03,12,70,90,67,-30,0,6,6
03,12,40,50,87,-11,0,0,10
03,12,990,10,27,13,0,8,7
03,12,360,30,54,22,0,8,3
03,12,350,40,65,17,0,8,12
03,12,340,40,85,28,0,8,7
03,12,310,40,100,34,0,8,5
03,12,350,50,80,33,0,8,4
03,12,250,30,89,35,0,8,-2
03,12,230,40,78,69,2,8,1
03,12,210,80,134,61,0,7,6
03,12,220,100,107,40,0,6,13
03,12,210,90,107,59,3,6,18
03,12,230,80,99,19,0,8,5
03,12,250,60,112,25,0,6,0
03,12,40,70,68,46,6,8,0
03,12,240,60,75,40,-1,8,8
03,12,250,70,80,8,-1,8,4
03,12,160,60,107,-7,-1,8,6
03,12,210,20,130,72,-1,8,4
03,12,200,90,97,14,0,4,-15
03,12,250,40,62,50,6,8,3
03,12,280,40,80,42,0,8,-1
03,12,210,70,63,56,21,8,3
03,12,250,40,112,101,1,8,10
03,12,30,20,92,27,0,8,7
03,12,50,30,133,28,0,8,-7
03,12,60,30,149,24,0,5,1
03,12,320,20,122,31,0,8,16
03,12,230,40,135,58,0,8,7
03,12,990,10,134,73,0,8,8
03,12,190,30,156,59,0,0,6
03,12,260,50,108,33,0,8,-9
03,12,250,60,108,103,2,8,3
03,12,250,80,122,93,0,8,-4
03,12,220,90,126,59,0,8,0
03,12,270,50,104,17,0,8,-1
03,12,190,50,101,24,0,8,1
03,12,70,60,126,52,0,5,6
03,12,80,60,107,49,0,7,11
03,12,50,100,132,13,0,8,11
03,12,70,50,134,31,0,8,12
03,12,90,50,162,-19,0,0,3
03,12,250,40,185,64,0,0,10
03,12,230,70,146,89,0,8,1
03,12,210,50,207,79,0,8,7
03,12,190,60,215,69,0,8,11
03,12,90,100,-8,-143,0,8,6
03,12,80,80,-15,-117,0,8,6
03,12,60,30,19,-12,0,8,13
03,12,90,40,120,47,0,7,5
03,12,190,30,110,49,0,8,1
03,12,240,50,100,55,0,8,11
03,12,210,40,75,41,0,8,0
03,12,210,80,71,44,1,8,-10
03,12,200,30,80,41,0,8,7
03,12,200,60,152,94,0,8,-6
03,12,210,60,146,88,0,8,-3
03,12,210,90,129,62,0,8,-1
03,12,280,50,50,40,1,8,-1
03,12,160,20,109,41,0,1,3
03,12,110,30,110,34,0,8,-13
03,12,290,40,88,82,3,8,5
03,12,50,90,-25,-45,0,8,0
03,12,50,80,-17,-65,0,8,6
03,12,70,60,12,-72,0,8,8
03,12,20,80,72,-51,0,0,1
03,12,190,30,44,-6,0,8,15
03,12,250,30,53,52,3,8,8
03,12,210,70,52,21,0,8,16
03,12,70,40,106,26,0,7,8
03,12,50,20,126,20,0,1,3
03,12,290,40,93,13,0,8,14
03,12,220,40,81,37,-1,8,-5
03,12,170,30,73,60,15,8,0
03,12,230,50,83,20,-1,1,18
03,12,100,40,136,8,0,7,6
03,12,240,30,125,27,0,8,-9
03,12,340,40,69,66,0,8,-12
03,12,210,50,98,61,0,8,-8
03,12,210,90,108,86,-1,8,0
03,12,260,50,67,39,1,8,10
03,12,240,70,75,36,0,8,3
03,12,180,50,129,42,0,8,0
03,12,230,100,83,51,1,8,8
03,12,240,50,85,19,0,6,17
03,12,240,100,107,56,0,8,-2
03,12,240,120,102,63,1,8,14
03,12,270,70,59,11,-1,8,5
03,12,200,100,90,-14,0,8,9
03,12,230,90,67,39,-1,8,-1
03,12,230,90,79,68,15,8,10
03,12,250,60,109,98,4,8,4
03,12,230,100,105,62,0,8,-1
03,12,270,60,101,22,-1,7,-33
03,12,280,40,74,12,0,8,-8
03,12,260,20,99,14,0,0,1
03,12,250,40,117,64,0,8,2
03,12,30,10,145,39,0,0,6
03,12,60,20,179,40,0,0,5
03,12,290,20,97,58,0,8,2
03,12,350,40,113,43,0,6,4
03,12,330,100,71,18,1,8,13
03,12,330,20,84,21,0,8,1
03,12,990,10,96,30,0,8,2
03,12,30,10,114,42,0,8,7
03,12,40,30,155,63,0,0,6
03,12,260,40,176,53,0,5,-2
03,12,40,70,112,62,0,5,15
03,12,230,100,88,9,0,8,2
03,12,190,40,82,47,-1,8,2
03,12,230,60,60,22,0,7,1
03,12,230,50,72,37,0,8,5
03,12,80,40,70,63,2,8,4
03,12,300,40,63,44,0,8,7
03,12,250,40,79,9,0,1,4
03,12,200,100,92,56,-1,8,-4
03,12,240,50,80,33,0,8,3
03,12,230,70,110,103,4,8,2
03,12,250,50,122,117,2,8,6
03,12,260,70,105,5,0,1,3
03,12,260,50,87,19,0,8,5
03,12,190,60,105,26,0,8,2
03,12,200,70,120,53,0,8,7
03,12,30,10,144,70,0,4,11
03,12,240,50,123,16,0,8,10
03,12,240,50,151,57,0,4,5
03,12,990,10,156,79,0,0,2
03,12,20,40,82,57,0,8,-2
03,12,70,70,84,15,0,7,3
03,12,80,110,80,-69,0,0,13
03,12,80,70,87,-81,0,0,12
03,12,80,50,95,-69,0,0,15
03,12,70,60,91,-73,0,0,14
03,12,70,70,96,-53,0,0,7
03,12,30,40,115,4,0,0,16
03,12,30,80,141,32,0,0,-4
03,12,20,110,35,-9,-1,8,-11
03,12,330,30,62,-32,0,8,9
03,12,50,60,79,-53,0,0,4
03,12,110,26,72,38,0,6,8
03,12,220,21,55,38,0,8,3
03,12,220,51,99,27,0,6,1
03,12,110,72,105,26,0,7,8
03,12,170,36,108,86,1,8,9
03,12,160,57,147,77,0,7,13
03,12,120,46,136,82,-1,6,12
03,12,60,36,128,91,-1,8,7
03,12,240,36,111,95,0,8,2
03,12,210,67,150,38,0,2,0
03,12,220,46,133,75,0,5,7
03,12,180,31,147,70,0,4,1
03,12,150,21,162,49,0,2,8
03,12,220,46,172,75,0,3,4
03,12,240,36,105,86,0,8,1
03,12,170,46,142,84,0,8,0
03,12,210,31,123,66,0,7,5
03,12,220,31,114,69,0,8,1
03,12,240,72,126,108,-1,8,-1
03,12,250,57,137,75,0,7,7
03,12,250,41,109,50,0,8,1
03,12,340,31,95,17,0,5,4
03,12,50,36,93,-3,0,3,0
03,12,20,57,105,16,0,2,5
03,12,50,108,104,-19,0,1,6
03,12,70,72,73,1,0,7,7
03,12,80,72,121,5,0,0,2
03,12,50,41,102,30,0,7,3
03,12,100,57,100,-30,0,1,5
03,12,360,26,93,-29,0,1,5
03,12,270,36,113,60,0,7,-1
03,12,200,67,151,42,0,0,6
03,12,270,77,72,9,0,5,14
03,12,230,72,89,47,-1,8,-4
03,12,220,36,117,89,0,7,9
03,12,120,36,132,41,0,7,13
03,12,290,62,92,28,0,5,5
03,12,180,51,127,14,0,6,10
03,12,210,31,113,47,0,8,-1
03,12,230,15,89,31,0,7,10
03,12,220,98,110,15,0,6,10
03,12,270,93,74,6,0,5,13
03,12,240,93,93,79,9,8,0
03,12,260,103,102,46,3,7,-23
03,12,280,77,64,-27,0,6,-10
03,12,310,26,40,15,1,7,9
03,12,240,31,84,-1,0,5,-5
03,12,250,31,94,78,0,8,5
03,12,190,15,108,53,0,7,9
03,12,280,51,106,34,0,7,2
03,12,250,62,101,80,-1,8,0
03,12,280,129,80,12,0,6,0
03,12,310,108,99,72,0,7,-12
03,12,270,31,62,30,-1,7,-2
03,12,30,82,62,1,0,7,13
03,12,10,41,59,-17,0,7,3
03,12,190,46,44,32,0,8,3
03,12,10,57,81,36,-1,7,3
03,12,300,67,52,15,4,7,12
03,12,150,46,60,-5,0,7,9
03,12,160,72,102,13,0,7,5
03,12,240,41,87,43,-1,8,2
03,12,70,93,4,-23,0,8,7
03,12,70,93,50,-17,0,7,7
03,12,60,62,-5,-55,0,7,5
03,12,30,31,9,-25,0,7,6
03,12,270,51,53,-3,0,8,2
03,12,300,46,86,66,0,7,3
03,12,20,31,60,33,0,8,5
03,12,110,46,83,-10,0,3,4
03,12,120,46,67,-27,0,1,7
03,12,250,41,119,34,0,7,3
03,12,990,15,131,37,0,4,4
03,12,220,36,150,35,0,0,7
03,12,180,46,153,41,0,1,6
03,12,190,46,158,63,0,1,6
03,12,220,36,165,39,0,0,7
03,12,270,62,137,81,0,7,-6
03,12,240,72,135,88,0,6,16
03,12,250,72,116,55,0,6,5
03,12,300,62,92,11,0,2,7
03,12,250,31,112,28,0,7,10
03,12,260,31,131,40,0,6,9
03,12,210,62,139,93,0,7,-4
03,12,270,72,96,0,0,2,3
03,12,290,57,83,-15,0,6,17
03,12,340,51,76,-1,-1,6,6
03,12,30,41,84,-11,0,4,4
03,12,160,21,74,-82,0,1,5
03,12,110,46,68,-76,0,2,4
03,12,90,26,89,-69,0,1,0
03,12,150,57,132,-49,0,6,-1
03,12,190,21,150,98,0,7,18
03,12,240,31,77,68,-1,8,1
03,12,200,62,63,60,7,8,8
03,12,210,62,84,52,0,8,11
03,12,200,62,97,21,0,5,1
03,12,190,57,128,24,0,7,7
03,12,280,51,86,36,0,7,8
03,12,260,67,99,83,0,8,5
03,12,230,51,109,103,-1,8,6
03,12,230,51,102,88,0,8,1
03,12,280,62,99,30,0,2,5
03,12,200,31,102,-3,0,5,2
03,12,270,57,92,11,0,6,-11
03,12,260,103,112,67,-1,8,1
03,12,250,87,113,68,0,8,3
03,12,260,77,100,89,15,8,-2
03,12,260,77,67,20,2,7,-6
03,12,280,98,64,3,0,6,2
03,12,250,46,76,51,1,7,-3
03,12,280,93,67,12,0,5,4
03,12,280,82,74,-18,0,7,-2
03,12,50,36,80,23,0,6,4
03,12,220,51,79,13,0,8,-7
03,12,220,87,112,104,-1,8,4
03,12,280,82,110,26,0,4,-7
03,12,230,82,107,99,10,8,2
03,12,330,57,62,30,1,5,10
03,12,190,36,84,-1,0,4,0
03,12,200,51,119,74,0,7,10
03,12,260,72,148,69,0,4,2
03,12,160,72,174,83,0,3,14
03,12,220,82,120,30,0,3,12
03,12,210,98,100,60,-1,8,-2
03,12,220,67,38,17,0,6,9
03,12,250,82,54,-8,0,3,10
03,12,10,36,26,14,-1,7,23
03,12,200,77,25,19,8,8,-1
03,12,270,87,63,14,-1,7,4
03,12,210,82,71,14,0,6,5
03,12,210,72,74,2,0,6,-30
03,12,220,51,90,17,0,4,-7
03,12,130,72,102,18,0,7,10
03,12,160,46,126,28,0,5,8
03,12,30,36,129,84,0,2,10
03,12,60,41,129,33,0,1,6
03,12,990,15,64,19,0,2,8
03,12,300,67,67,24,1,7,-5
03,12,250,57,77,9,-1,4,-1
03,12,220,87,107,95,1,8,17
03,12,260,72,93,12,0,5,6
03,12,280,67,79,22,0,2,11
03,12,320,57,69,20,1,4,-34
03,12,340,41,61,12,1,7,3
03,12,250,31,82,-5,0,1,5
03,12,230,36,126,16,0,0,6
03,12,280,46,120,67,0,7,6
03,12,310,93,88,15,0,6,5
03,12,260,67,101,66,0,8,2
03,12,330,93,41,3,3,7,12
03,12,230,57,14,5,3,8,1
03,12,330,72,43,-5,-1,6,15
03,12,290,36,68,-4,0,6,12
03,12,240,41,74,74,3,8,6
03,12,300,36,50,46,-1,8,5
03,12,340,46,36,-19,0,6,5
03,12,990,15,25,-6,0,6,4
03,12,230,31,17,14,2,8,1
03,12,350,36,28,16,-1,8,2
03,12,300,36,62,52,1,7,-1
03,12,70,82,37,6,-1,7,10
03,12,100,77,71,-8,0,0,6
03,12,100,57,80,-18,0,0,8
03,12,80,62,58,-38,0,0,9
03,12,80,82,18,-63,0,3,8
03,12,120,51,7,-96,0,1,6
03,12,80,72,7,-64,0,2,9
03,12,120,82,42,-58,0,5,10
03,12,80,57,51,-20,0,7,6
03,12,120,46,72,17,0,6,9
03,12,990,10,58,24,0,8,10
03,12,80,15,54,24,0,8,6
03,12,20,15,85,36,0,7,2
03,12,50,26,109,37,0,2,11
03,12,150,41,96,80,-1,8,-2
03,12,200,31,81,78,-1,8,2
03,12,250,46,109,106,-1,8,2
03,12,40,31,63,57,0,8,7
03,12,80,67,118,61,0,7,4
03,12,20,72,47,26,0,8,-9
03,12,40,57,63,-100,0,1,5
03,12,240,62,60,-28,0,7,7
03,12,340,36,60,23,-1,7,-28
03,12,340,41,40,12,2,6,3
03,12,350,15,28,22,9,7,0
03,12,210,50,116,59,0,6,5
03,12,230,70,126,83,0,8,-7
03,12,270,20,108,19,0,3,4
03,12,90,50,105,81,-1,7,10
03,12,260,10,100,67,0,8,-12
03,12,40,50,99,61,0,7,11
03,12,210,40,149,82,0,6,-6
03,12,340,10,142,73,0,4,-5
03,12,60,40,129,78,0,0,13
03,12,260,20,155,39,0,0,9
03,12,20,20,56,56,0,8,18
03,12,200,20,99,59,0,0,31
03,12,250,40,137,92,0,2,-1
03,12,250,30,89,88,-1,8,16
03,12,240,40,96,96,2,8,4
03,12,270,60,125,99,0,8,-2
03,12,270,40,133,77,0,6,5
03,12,240,40,83,79,-1,8,3
03,12,320,60,85,71,1,7,5
03,12,260,30,64,23,0,7,6
03,12,330,70,71,28,-1,7,18
03,12,120,30,75,0,0,6,11
03,12,200,30,63,56,15,8,3
03,12,990,10,83,64,0,8,6
03,12,20,10,97,59,0,5,3
03,12,220,60,125,78,0,8,7
03,12,270,60,141,14,0,7,7
03,12,300,90,101,45,0,6,-13
03,12,330,70,97,30,0,6,-3
03,12,280,30,121,53,0,3,7
03,12,270,30,137,32,0,0,6
03,12,230,50,28,21,8,8,2
03,12,250,70,101,51,0,7,1
03,12,210,90,110,93,4,8,10
03,12,230,80,130,114,17,8,3
03,12,270,80,79,32,-1,6,-8
03,12,200,60,76,72,19,8,9
03,12,240,70,114,88,2,8,12
03,12,350,60,68,59,-1,8,-17
03,12,360,40,79,15,0,5,0
03,12,240,60,80,-12,0,7,5
03,12,170,50,32,25,2,8,6
03,12,360,50,68,11,0,7,-1
03,12,220,40,41,35,-1,8,6
03,12,310,60,97,68,0,7,-4
03,12,290,50,110,80,0,7,9
03,12,270,30,105,79,0,8,4
03,12,280,60,119,78,0,6,0
03,12,290,50,120,73,0,7,-6
03,12,330,50,99,15,0,5,5
03,12,320,50,83,69,-1,8,24
03,12,10,30,81,26,0,7,17
03,12,340,30,89,58,0,8,-11
03,12,50,70,44,6,0,7,4
03,12,30,10,75,-46,0,7,9
03,12,160,50,111,-54,0,7,7
03,12,200,60,98,4,-1,8,6
03,12,230,40,106,106,-1,8,5
03,12,160,40,149,101,0,7,3
03,12,130,20,174,101,0,7,16
03,12,240,30,197,115,0,7,-2
03,12,280,20,160,99,0,7,4
03,12,240,90,110,106,28,8,1
03,12,240,60,111,111,21,8,5
03,12,220,90,89,53,0,7,11
03,12,180,50,85,35,0,7,2
03,12,230,30,67,41,-1,7,-8
03,12,220,40,46,33,-1,8,-12
03,12,210,70,40,24,-1,8,2
03,12,190,50,45,35,2,8,21
03,12,280,40,52,48,-1,8,3
03,12,260,20,72,46,0,7,6
03,12,120,60,60,19,0,3,15
03,12,110,50,140,70,0,4,10
03,12,210,50,171,72,0,7,5
03,12,250,20,91,91,0,6,17
03,12,20,20,99,43,0,7,12
03,12,100,50,112,13,0,4,6
03,12,990,10,96,42,0,7,16
03,12,200,40,116,38,0,8,-3
03,12,340,50,80,26,-1,7,16
03,12,290,60,94,31,0,7,6
03,12,210,70,60,43,9,8,-2
03,12,340,80,72,31,-1,7,-3
03,12,290,70,99,82,-1,8,-2
03,12,210,50,94,56,0,8,4
03,12,190,50,155,73,0,7,5
03,12,200,50,122,69,0,7,-1
03,12,290,30,113,48,0,3,-13
03,12,30,40,106,37,0,2,2
03,12,190,60,145,34,0,3,6
03,12,210,50,161,93,0,5,9
03,12,160,20,180,96,0,5,-6
03,12,290,70,79,40,-1,7,7
03,12,230,60,63,12,-1,8,6
03,12,280,60,74,44,0,7,0
03,12,280,80,45,40,4,2,-45
03,12,260,50,63,22,0,8,8
03,12,240,60,88,14,0,7,-2
03,12,250,80,124,74,0,7,7
03,12,260,70,113,98,2,8,3
03,12,280,70,125,95,-1,8,-1
03,12,160,30,77,50,-1,8,5
03,12,310,90,101,54,0,7,-4
03,12,990,10,101,46,0,7,7
03,12,250,40,103,68,0,7,0
03,12,280,80,99,79,1,8,-9
03,12,310,60,74,3,0,7,16
03,12,300,60,96,75,-1,8,1
03,12,330,40,105,67,0,8,-4
03,12,340,80,74,26,-1,7,8
03,12,40,50,57,30,0,7,16
03,12,990,10,89,31,0,6,19
03,12,80,10,97,56,0,7,7
03,12,170,10,146,53,0,2,9
03,12,70,30,142,52,0,7,6
03,12,230,30,132,104,-1,7,-7
03,12,260,30,100,79,3,7,6
03,12,210,40,101,33,0,6,10
03,12,20,70,59,41,1,8,0
03,12,20,60,41,26,2,8,-2
03,12,50,70,65,48,0,8,3
03,12,30,60,67,46,0,8,7
03,12,300,20,72,38,0,8,4
03,12,260,20,39,11,-1,7,5
03,12,40,20,29,9,0,7,7
03,12,50,40,2,-34,0,8,-1
03,12,60,30,32,8,-1,7,1
03,12,150,30,32,-20,0,8,1
03,12,110,50,78,17,0,1,9
03,12,180,40,140,103,0,7,16
03,12,100,40,90,80,-1,8,2
03,12,220,50,104,92,0,8,6
03,12,210,50,116,102,-1,8,-2
03,12,190,50,109,103,-1,8,3
03,12,260,40,100,30,0,5,7
03,12,220,50,65,53,5,8,6
03,12,280,60,86,30,0,5,10
03,12,300,20,102,47,0,5,2
03,12,80,50,92,65,0,7,3
03,12,20,20,58,32,0,8,0
03,12,990,10,47,44,-1,8,5
03,12,10,70,38,9,-1,7,27
03,12,100,50,45,-26,0,7,3
03,12,110,60,21,15,3,8,3
03,12,310,40,37,27,0,8,9
03,12,140,40,92,90,28,8,26
03,12,100,30,107,80,0,7,3
03,12,20,70,30,16,0,8,0
03,12,80,30,48,-9,0,7,-2
03,12,120,60,60,-7,0,7,0
03,12,180,70,115,64,-1,7,14
03,12,210,40,71,67,3,8,3
03,12,260,50,99,51,-1,7,0
03,12,210,90,136,52,0,8,1
03,12,320,30,64,45,0,7,7
03,12,300,20,59,-42,0,,9
03,12,240,40,80,27,0,,-1
03,12,280,30,100,50,0,7,0
03,12,250,20,89,34,0,7,-2
03,12,250,60,85,55,-1,8,-2
03,12,290,120,120,38,0,3,4
03,12,220,50,121,39,0,7,3
03,12,210,40,97,74,0,,20
03,12,220,70,100,12,0,,12
03,12,200,60,142,70,0,7,6
03,12,80,20,112,74,0,6,2
03,12,40,60,53,38,1,8,2
03,12,90,90,38,0,0,7,5
03,12,100,80,67,33,0,6,10
03,12,190,30,147,80,0,,8
03,12,210,50,135,86,0,,-12
03,12,200,90,130,77,0,7,0
03,12,260,60,100,62,0,7,8
03,12,290,90,128,81,0,7,-1
03,12,280,60,131,101,0,7,0
03,12,310,80,113,74,0,7,-5
03,12,10,40,79,24,0,,5
03,12,80,30,72,11,0,,8
03,12,60,20,81,-13,0,7,0
03,12,990,10,85,5,0,7,-1
03,12,40,40,93,-9,0,,4
03,12,80,40,125,4,0,1,7
03,12,150,40,125,6,0,0,13
03,12,190,20,148,41,0,,3
03,12,220,40,155,54,0,,9
03,12,210,40,124,75,0,4,-1
03,12,40,20,104,78,0,7,2
03,12,210,20,107,58,0,2,-7
03,12,160,70,105,41,0,6,9
03,12,190,50,129,107,0,8,7
03,12,290,70,65,52,0,8,2
03,12,190,60,92,43,0,5,7
03,12,260,80,98,35,0,7,4
03,12,230,60,109,59,0,8,7
03,12,220,60,143,57,0,3,-8
03,12,240,40,108,100,1,8,1
03,12,320,50,95,68,2,8,-10
03,12,20,40,76,20,0,1,9
03,12,80,60,91,-43,0,1,5
03,12,110,70,96,-15,0,1,10
03,12,100,30,119,-16,0,1,11
03,12,30,40,112,17,0,0,-3
03,12,60,50,109,25,0,2,9
03,12,360,50,113,18,0,1,3
03,12,240,20,68,15,0,3,17
03,12,80,60,88,1,0,0,10
03,12,110,50,119,-17,0,3,9
03,12,120,40,154,-34,0,0,10
03,12,230,50,202,29,0,0,9
03,12,40,20,162,54,0,1,3
03,12,80,40,174,28,0,2,-1
03,12,30,30,160,50,0,2,3
03,12,100,60,196,63,0,1,5
03,12,260,30,177,84,0,3,-1
03,12,40,20,139,60,0,0,16
03,12,350,30,108,25,0,4,7
03,12,30,30,34,-23,0,3,7
03,12,290,70,68,6,0,3,8
03,12,270,30,58,9,0,0,15
03,12,140,40,99,18,0,8,10
03,12,100,40,74,5,0,7,0
03,12,270,30,25,16,-1,8,8
03,12,990,10,76,54,-1,3,4
03,12,20,40,65,9,0,2,-2
03,12,40,90,32,-29,0,7,2
03,12,30,50,18,4,-1,8,-1
03,12,80,30,41,-3,0,5,1
03,12,130,60,49,-15,0,7,4
03,12,210,60,99,50,0,7,1
03,12,210,100,128,52,0,7,8
03,12,230,60,127,77,0,8,0
03,12,230,40,157,113,0,8,2
03,12,220,40,193,88,0,0,9
03,12,160,40,141,105,-1,1,2
03,12,220,80,122,59,-1,6,-12
03,12,230,80,120,108,-1,8,2
03,12,260,100,100,41,-1,7,17
03,12,260,50,90,39,0,7,-7
03,12,320,50,71,28,0,5,-18
03,12,340,30,87,25,-1,7,-20
03,12,360,20,67,8,0,6,4
03,12,360,60,64,-6,0,6,-25
03,12,250,30,80,-12,0,7,-4
03,12,190,30,106,3,0,1,3
03,12,80,20,119,17,0,8,14
03,12,110,70,156,6,0,0,2
03,12,120,30,174,29,0,0,9
03,12,220,50,-2,-34,-1,8,5
03,12,190,50,-1,-21,-1,8,7
03,12,40,60,-10,-28,1,8,0
03,12,200,50,-6,-51,0,6,3
03,12,50,10,17,13,0,8,-1
03,12,360,50,15,-45,0,0,6
03,12,340,40,66,4,0,6,-24
03,12,320,60,65,33,-1,8,-4
03,12,310,60,60,35,1,7,6
03,12,260,30,50,0,0,7,7
03,12,260,90,73,30,0,8,1
03,12,280,80,47,29,-1,8,-2
03,12,250,50,73,8,0,4,-10
03,12,220,40,70,4,0,8,1
03,12,230,70,122,29,0,1,9
03,12,240,70,182,91,0,0,8
03,12,250,70,148,92,0,7,14
03,12,250,60,104,73,0,8,16
03,12,10,20,110,89,0,8,3
03,12,80,30,122,50,0,0,3
03,12,110,70,157,14,0,0,11
03,12,180,60,179,73,0,1,12
03,12,230,20,154,79,0,3,12
03,12,140,50,184,104,0,0,8
03,12,250,30,124,95,0,8,10
03,12,50,30,146,128,0,5,14
03,12,990,10,152,107,-1,8,-9
03,12,260,20,112,105,-1,8,-5
03,12,130,30,121,96,0,7,8
03,12,100,30,155,103,0,7,11
03,12,60,40,125,73,0,8,22
03,12,250,60,16,-13,0,8,11
03,12,250,50,38,-23,0,7,-13
03,12,20,30,15,2,0,8,-4
03,12,280,50,34,-31,0,7,16
03,12,290,80,31,6,0,7,10
03,12,290,80,48,5,-1,7,-15
03,12,220,40,55,-15,0,2,3
03,12,180,40,50,46,3,8,7
03,12,270,40,69,64,0,8,6
03,12,250,40,55,41,3,8,8
03,12,20,80,1,-26,0,8,1
03,12,60,30,3,-84,0,7,-4
03,12,110,30,25,-89,0,0,5
03,12,110,40,37,-53,0,7,9
03,12,50,50,59,-34,0,0,-3
03,12,80,60,29,-26,0,8,6
03,12,50,60,36,-9,0,7,-4
03,12,80,80,63,2,0,1,-3
03,12,100,30,53,8,0,1,17
03,12,20,40,49,17,0,8,0
03,12,30,60,60,-41,0,1,6
03,12,30,40,50,-48,0,6,6
03,12,120,60,81,-48,0,0,7
03,12,140,50,73,52,1,8,6
03,12,240,50,135,80,0,8,-1
03,12,260,50,169,122,0,5,-1
03,12,220,60,173,109,0,7,2
03,12,230,70,129,51,0,4,-3
03,12,250,70,116,48,0,7,9
03,12,240,50,134,110,1,7,0
03,12,260,100,144,76,0,7,-3
03,12,260,70,95,32,0,5,3
03,12,270,40,83,26,0,6,-2
03,12,310,100,60,44,7,8,4
03,12,160,60,116,60,0,7,10
03,12,220,50,83,60,18,4,17
03,12,200,60,91,71,14,8,3
03,12,230,60,92,62,2,8,25
03,12,290,60,119,66,0,0,-9
03,12,230,40,76,67,7,8,2
03,12,250,50,118,42,0,1,4
03,12,220,40,117,74,0,1,18
03,12,150,20,150,52,0,1,7
03,12,360,30,141,59,0,3,5
03,12,290,20,130,28,0,2,9
03,12,990,10,129,34,0,4,2
03,12,250,30,106,75,0,8,-8
03,12,280,80,117,80,0,8,6
03,12,290,130,90,6,0,5,5
03,12,280,50,31,15,6,8,9
03,12,10,80,42,26,4,7,22
03,12,360,70,47,8,10,8,-6
03,12,340,80,90,10,0,4,2
03,12,40,70,58,15,0,8,7
03,12,30,60,79,66,0,8,9
03,12,80,80,134,31,0,4,-6
03,12,100,90,164,38,0,0,6
03,12,100,60,158,15,0,0,6
03,12,150,40,166,54,0,0,10
03,12,220,50,135,61,0,5,-12
03,12,100,30,128,74,0,7,6
03,12,50,70,141,57,0,5,7
03,12,300,140,103,29,0,7,-1
03,12,290,100,113,45,0,8,1
03,12,290,110,82,-5,0,7,-7
03,12,360,60,60,15,-1,6,17
03,12,10,30,61,-14,0,5,1
03,12,260,50,84,56,0,8,0
03,12,210,60,103,38,0,8,-1
03,12,220,70,94,46,0,5,5
03,12,190,60,87,70,2,8,-1
03,12,180,140,62,37,8,8,-3
03,12,250,80,107,25,0,6,-6
03,12,260,110,88,19,0,8,1
03,12,270,60,90,36,-1,8,2
03,12,290,70,104,40,0,3,2
03,12,150,30,144,97,0,6,1
03,12,220,20,110,95,1,8,-1
03,12,330,50,69,-14,0,8,3
03,12,330,60,65,-4,-1,7,6
03,12,350,60,70,7,0,4,14
03,12,260,60,77,13,0,8,-17
03,12,290,110,39,19,2,7,1
03,12,360,50,62,25,0,7,-18
03,12,230,50,51,-31,0,2,-3
03,12,290,60,43,-4,0,6,-40
03,12,310,50,9,6,9,8,-3
03,12,120,10,44,34,1,8,3
03,12,90,40,67,56,4,8,7
03,12,200,90,98,30,0,7,-7
03,12,230,60,116,39,0,5,3
03,12,190,70,103,59,1,8,0
03,12,210,30,127,45,0,2,9
03,12,130,20,99,73,0,3,6
03,12,280,50,89,39,0,7,-6
03,12,200,50,76,53,0,8,13
03,12,180,80,60,29,-1,8,4
03,12,330,50,72,27,0,6,5
03,12,330,90,67,14,0,4,7
03,12,210,30,91,54,0,5,7
03,12,290,90,98,5,0,5,-3
03,12,280,80,80,15,0,8,-4
03,12,210,50,60,54,6,8,7
03,12,310,50,88,16,0,5,14
03,12,260,50,101,87,0,8,-3
03,12,260,30,114,37,0,5,-1
03,12,260,50,101,79,-1,8,-6
03,12,290,70,127,57,0,7,-16
03,12,260,30,97,62,0,8,2
03,12,40,70,125,61,0,5,8
03,12,150,30,91,-17,0,8,15
03,12,70,60,104,39,0,2,7
03,12,90,40,94,-44,0,0,3
03,12,290,30,106,-33,0,0,7
03,12,340,60,106,23,0,6,8
03,12,270,70,78,57,10,8,7
03,12,350,90,75,6,-1,7,-4
03,12,290,90,83,50,-1,8,3
03,12,220,60,78,68,4,8,4
03,12,260,70,86,15,0,4,7
03,12,250,50,81,50,-1,6,7
03,12,340,50,81,17,0,6,6
03,12,270,30,93,3,0,2,16
03,12,30,20,126,5,0,0,4
03,12,270,50,67,0,0,6,9
03,12,280,50,80,26,0,4,-13
03,12,70,50,67,-23,0,4,0
03,12,40,60,56,-18,0,1,1
03,12,290,50,50,-36,0,8,-5
03,12,50,70,36,-60,0,3,1
03,12,70,60,23,-88,0,0,9
03,12,220,20,-6,-14,1,8,11
03,12,50,40,35,-33,0,0,5
03,12,60,70,61,-57,0,0,5
03,12,40,50,36,-9,0,7,13
03,12,280,40,54,-12,0,8,8
03,12,320,50,71,31,0,8,0
03,12,290,60,79,38,-1,8,0
03,12,260,60,93,47,0,8,0
03,12,140,20,67,29,0,8,12
03,12,220,60,139,21,0,0,-1
03,12,200,60,171,33,0,4,6
03,12,210,50,146,84,-1,8,7
03,12,210,50,157,116,-1,8,4
03,12,20,50,100,63,-1,8,9
03,12,240,40,119,47,0,6,9
03,12,180,30,127,54,0,5,12
03,12,150,50,187,61,0,1,1
03,12,180,70,188,81,0,7,8
03,12,240,40,116,53,0,8,4
03,12,250,30,118,45,0,8,6
03,12,220,50,106,56,-1,7,5
03,12,190,20,114,73,0,7,4
03,12,180,60,125,88,-1,8,-8
03,12,210,70,85,28,4,7,-4
03,12,30,70,43,22,0,8,-1
03,12,50,50,67,-8,0,0,7
03,12,40,60,52,-34,0,0,12
03,12,20,30,54,-8,0,0,6
03,12,30,40,50,19,0,8,5
03,12,70,50,62,-22,0,0,3
03,12,110,60,65,-83,0,0,13
03,12,190,40,93,-43,0,0,8
03,12,260,60,92,50,0,8,0
03,12,230,70,80,57,2,8,7
03,12,280,50,102,24,0,7,4
03,12,130,50,119,39,0,6,8
03,12,190,50,124,82,0,8,4
03,12,90,10,141,90,0,7,1
03,12,70,50,144,94,0,3,7
03,12,50,60,93,61,0,8,-4
03,12,310,40,66,43,0,8,2
03,12,190,20,74,56,0,8,0
03,12,50,30,83,18,0,0,5
03,12,990,10,103,-47,0,8,-6
03,12,210,20,127,-14,0,0,6
03,12,350,30,145,55,0,0,5
03,12,990,10,123,85,0,0,22
03,12,40,40,154,65,0,0,6
03,12,30,20,147,67,0,5,1
03,12,40,30,67,36,-1,8,5
03,12,70,30,119,38,0,0,9
03,12,360,40,109,24,0,1,-5
03,12,190,20,144,15,0,0,7
03,12,210,50,144,93,0,8,-4
03,12,250,80,126,110,0,8,3
03,12,990,10,81,77,0,8,2
03,12,90,40,102,71,0,8,9
03,12,210,40,120,70,0,8,3
03,12,140,40,105,70,-1,8,10
03,12,140,50,36,17,0,8,3
03,12,130,30,75,24,0,8,4
03,12,200,70,60,12,0,8,-2
03,12,320,60,76,18,0,4,11
03,12,250,50,110,49,0,7,-6
03,12,270,30,97,87,-1,8,17
03,12,320,30,130,54,0,5,9
03,12,330,20,126,80,0,6,4
03,12,60,20,91,46,0,8,4
03,12,50,20,82,32,0,8,2
03,12,230,20,144,66,0,0,17
03,12,210,30,106,70,0,5,17
03,12,240,20,118,49,0,8,2
03,12,260,50,106,51,0,7,2
03,12,270,50,109,17,0,3,8
03,12,250,30,128,31,0,1,2
03,12,20,20,141,39,0,0,8
03,12,70,40,182,76,0,0,6
03,12,40,10,179,84,0,0,10
03,12,20,40,183,93,0,0,-5
03,12,30,30,138,68,0,0,17
03,12,20,40,159,73,0,0,9
03,12,10,30,176,50,0,2,1
03,12,340,30,174,78,0,0,8
03,12,320,70,122,57,0,8,1
03,12,310,50,93,64,0,8,2
03,12,340,70,91,24,0,8,9
03,12,10,50,43,-3,0,8,2
03,12,60,20,33,-24,0,8,2
03,12,990,10,62,28,0,8,-3
03,12,110,40,94,-4,0,0,15
03,12,170,50,151,4,0,0,17
03,12,40,30,151,38,0,7,5
03,12,100,30,125,33,0,8,21
03,12,80,40,141,93,0,4,8
03,12,250,50,61,53,9,8,-1
03,12,20,60,5,-16,0,8,3
03,12,50,90,-16,-69,0,8,2
03,12,50,90,-4,-76,0,7,2
03,12,230,30,13,-44,0,8,22
03,12,40,20,26,-37,-1,8,3
03,12,220,60,24,-3,-1,8,-6
03,12,180,80,74,-15,0,8,-1
03,12,160,60,90,29,0,8,1
03,12,220,50,100,8,0,3,0
03,12,240,20,53,34,2,8,10
03,12,30,40,7,3,3,8,6
03,12,40,20,40,-37,0,7,4
03,12,100,80,49,-20,0,1,2
03,12,90,100,-7,-38,3,8,12
03,12,80,100,9,-165,0,8,9
03,12,70,100,32,-107,0,8,10
03,12,80,100,38,-103,0,0,5
03,12,70,60,42,-90,0,0,9
03,12,60,40,42,-55,0,2,-2
03,12,40,20,9,-46,0,8,5
03,12,40,50,31,-43,0,5,22
03,12,70,40,34,-61,0,6,-2
03,12,140,40,79,43,0,8,-2
03,12,200,60,89,18,0,2,9
03,12,220,50,79,50,0,8,10
03,12,210,40,95,27,0,7,0
03,12,290,30,116,49,0,6,-4
03,12,200,50,129,32,0,1,4
03,12,230,50,136,24,0,5,2
03,12,170,40,157,68,0,0,7
03,12,180,60,179,39,0,0,11
03,12,20,40,182,56,0,0,-4
03,12,40,40,119,71,0,0,11
03,12,90,30,149,59,0,0,10
03,12,360,20,166,47,0,0,7
03,12,990,10,118,39,0,0,13
03,12,320,70,109,49,0,8,1
03,12,290,70,134,71,0,7,-6
03,12,290,80,120,52,0,8,-1
03,12,240,50,104,64,0,8,-4
03,12,250,70,164,48,0,5,15
03,12,190,90,196,28,0,0,10
03,12,290,60,67,50,4,8,7
03,12,250,60,58,31,4,8,13
03,12,210,30,72,44,-1,7,-27
03,12,50,20,102,12,0,3,-12
03,12,100,60,98,-3,0,4,12
03,12,20,20,89,15,-1,6,12
03,12,90,30,120,28,0,5,6
03,12,90,40,162,50,0,0,7
03,12,110,40,184,51,0,0,6
03,12,110,30,205,44,0,6,-2
03,12,120,30,206,64,0,1,13
03,12,270,70,99,28,0,8,4
03,12,260,60,83,13,0,6,-25
03,12,210,60,52,34,12,8,12
03,12,270,60,65,17,0,8,-5
03,12,270,40,85,43,0,6,4
03,12,250,50,84,13,0,8,-1
03,12,210,50,123,8,0,1,11
03,12,220,50,154,41,0,0,14
03,12,210,20,101,64,0,8,8
03,12,330,40,114,32,0,1,2
03,12,140,40,83,-8,0,0,13
03,12,110,40,116,1,0,0,6
03,12,60,60,91,12,0,0,-3
03,12,30,50,59,13,0,8,3
03,12,80,70,74,33,0,8,0
03,12,90,40,104,32,0,4,13
03,12,100,40,158,46,0,0,8
03,12,10,40,87,67,0,8,1
03,12,50,20,70,57,0,8,5
03,12,360,30,43,40,0,8,8
03,12,320,80,77,45,1,8,7
03,12,80,60,46,-10,0,7,9
03,12,240,30,90,20,0,2,5
03,12,230,20,108,21,0,6,3
03,12,310,30,65,50,2,8,1
03,12,180,80,69,20,-1,8,-10
03,12,290,80,89,29,0,7,5
03,12,190,60,83,79,7,8,4
03,12,220,70,107,98,15,8,1
03,12,290,130,85,8,0,7,4
03,12,290,170,106,23,0,7,3
03,12,190,80,34,5,1,8,0
03,12,250,70,78,0,0,3,-34
03,12,10,40,76,25,0,5,0
03,12,170,50,39,29,19,8,3
03,12,280,10,44,15,0,8,16
03,12,30,10,54,18,0,8,4
03,12,320,10,50,-11,-1,8,8
03,12,250,30,66,18,0,8,4
03,12,140,90,76,-26,0,8,7
03,12,70,30,89,3,0,7,-2
03,12,80,50,97,30,0,5,-4
03,12,90,20,87,15,0,0,4
03,12,70,50,82,10,0,0,-1
03,12,60,60,67,-17,0,0,11
03,12,30,60,55,37,0,8,4
03,12,70,90,79,-8,0,6,-4
03,12,50,50,107,11,0,0,-2
03,12,310,20,62,40,0,8,4
03,12,20,30,68,18,0,8,2
03,12,360,40,90,23,0,7,3
03,12,290,30,93,51,0,8,0
03,12,310,50,111,55,0,7,5
03,12,20,50,99,46,0,8,2
03,12,230,40,96,37,0,8,0
03,12,300,50,88,60,0,8,3
03,12,170,70,116,67,0,8,22
03,12,220,70,118,44,0,7,4
03,12,230,100,119,40,0,3,8
03,12,220,90,106,33,0,5,-2
03,12,230,60,114,35,0,6,5
03,12,30,30,102,51,0,8,5
03,12,240,40,78,31,0,7,-4
03,12,250,90,83,9,0,8,-7
03,12,140,40,90,27,-1,8,-7
03,12,200,60,131,78,0,8,-2
03,12,180,90,102,28,0,7,-20
03,12,250,20,81,49,0,8,0
03,12,280,60,81,50,3,8,13
03,12,200,60,82,76,4,8,9
03,12,270,60,126,102,0,8,-1
03,12,170,20,103,13,0,7,-2
03,12,990,10,125,26,0,8,2
03,12,120,30,143,20,0,8,17
03,12,340,40,141,69,0,8,-1
03,12,250,50,151,68,0,8,-2
03,12,20,20,141,37,0,8,10
03,12,170,30,162,60,0,0,3
03,12,280,70,98,-1,0,8,6
03,12,270,70,127,102,0,8,7
03,12,240,80,121,94,1,8,7
03,12,220,70,117,81,0,8,0
03,12,280,70,95,11,0,8,-6
03,12,160,60,121,1,0,0,0
03,12,80,70,134,32,0,2,5
03,12,90,70,126,45,0,4,8
03,12,50,90,136,1,0,8,15
03,12,50,30,124,51,0,8,15
03,12,140,50,173,10,0,1,3
03,12,220,30,195,51,0,1,4
03,12,240,40,141,94,0,8,17
03,12,200,50,208,89,0,8,6
03,12,190,70,212,78,0,8,-10
03,12,80,100,-11,-144,0,8,12
03,12,80,90,-21,-126,0,8,10
03,12,70,40,-3,-33,0,8,2
03,12,110,40,108,47,0,0,3
03,12,180,30,114,53,0,8,-8
03,12,990,10,96,67,-1,8,4
03,12,180,30,80,42,0,8,8
03,12,190,90,60,43,11,8,7
03,12,210,40,94,35,0,8,2
03,12,190,50,144,94,0,8,8
03,12,230,50,130,101,0,8,7
03,12,180,60,132,72,0,8,-22
03,12,300,50,55,40,2,8,1
03,12,130,40,106,44,0,2,8
03,12,110,60,98,31,0,8,4
03,12,80,40,67,62,5,8,-4
03,12,70,110,-23,-63,-1,8,0
03,12,80,100,-9,-88,0,8,5
03,12,60,70,25,-93,0,5,4
03,12,10,70,82,-30,0,1,-1
03,12,290,30,66,-3,0,8,-1
03,12,310,40,73,65,-1,8,9
03,12,190,70,72,14,0,8,3
03,12,70,30,93,21,0,8,11
03,12,360,30,130,23,0,6,2
03,12,270,40,114,21,0,6,0
03,12,190,70,85,33,-1,8,-11
03,12,190,40,72,60,16,8,-7
03,12,220,70,97,-4,-1,8,14
03,12,90,60,137,55,0,5,-5
03,12,220,20,109,41,0,8,8
03,12,330,50,75,47,0,8,-1
03,12,200,60,106,66,0,8,-13
03,12,210,60,113,104,8,8,1
03,12,270,90,87,33,0,8,-2
03,12,240,60,91,27,0,7,7
03,12,170,80,124,55,-1,8,0
03,12,230,50,82,51,22,7,5
03,12,260,50,98,15,0,5,9
03,12,240,90,111,56,-1,8,1
03,12,250,90,103,90,8,8,-14
03,12,280,110,71,18,0,7,3
03,12,200,100,97,1,0,8,1
03,12,250,70,73,52,8,8,10
03,12,250,90,104,78,1,8,8
03,12,250,70,129,98,-1,8,6
03,12,230,70,114,69,0,8,0
03,12,260,40,65,35,23,8,15
03,12,280,60,88,9,0,7,2
03,12,220,30,110,44,0,8,2
03,12,230,30,117,86,-1,8,0
03,12,290,30,118,81,0,7,12
03,12,180,20,151,77,0,0,21
03,12,290,10,118,82,0,8,5
03,12,350,50,109,15,0,1,-3
03,12,320,110,95,26,-1,6,5
03,12,270,40,91,38,0,8,9
03,12,340,20,111,36,0,8,9
03,12,990,10,114,52,0,8,-5
03,12,110,20,165,58,0,0,5
03,12,270,40,181,58,0,1,2
03,12,30,60,118,60,0,8,-1
03,12,210,80,93,20,0,4,-4
03,12,190,50,80,57,0,8,1
03,12,230,50,79,17,0,,5
03,12,220,40,87,23,0,8,14
03,12,100,50,67,57,0,8,1
03,12,320,50,86,37,0,8,0
03,12,230,60,95,8,0,1,7
03,12,200,70,85,76,3,8,4
03,12,240,50,94,38,-1,8,-16
03,12,230,50,120,112,9,8,2
03,12,240,40,115,98,-1,8,-1
03,12,240,70,104,-19,0,1,-2
03,12,270,80,80,33,-1,7,19
03,12,190,70,114,37,0,1,-7
03,12,190,80,111,55,0,8,-2
03,12,360,40,116,65,0,8,9
03,12,220,50,124,24,0,8,11
03,12,230,50,157,57,0,8,4
03,12,20,30,122,86,0,8,3
03,12,30,70,82,16,0,8,0
03,12,70,90,87,5,0,1,6
03,12,80,80,88,-39,0,0,8
03,12,110,80,87,-85,0,0,4
03,12,140,60,102,-92,0,0,6
03,12,60,40,108,-73,0,0,6
03,12,70,70,112,-67,0,0,5
03,12,40,60,128,-9,0,0,20
03,12,20,80,134,3,0,0,1
03,12,20,120,73,-53,0,7,-3
03,12,270,30,79,5,0,6,3
03,12,70,40,86,-37,0,0,4
03,12,70,10,61,12,0,7,5
03,12,180,10,50,43,0,8,8
03,12,230,72,103,36,0,7,-1
03,12,110,57,104,45,0,7,-1
03,12,170,36,111,92,-1,8,7
03,12,140,41,129,88,0,7,22
03,12,120,36,129,82,0,7,16
03,12,990,5,136,84,0,8,3
03,12,240,26,108,99,0,8,3
03,12,210,51,145,56,0,2,3
03,12,200,41,126,91,0,6,8
03,12,150,15,140,88,0,2,9
03,12,160,26,161,51,0,2,6
03,12,230,46,174,83,0,1,0
03,12,240,41,104,92,0,8,3
03,12,180,46,143,91,0,8,-2
03,12,240,31,120,81,0,7,-2
03,12,220,51,115,76,0,7,0
03,12,220,77,119,113,0,8,3
03,12,250,72,135,86,0,7,3
03,12,270,36,112,59,0,8,1
03,12,300,15,99,30,0,5,-5
03,12,50,26,97,18,0,4,0
03,12,10,57,111,24,0,1,4
03,12,50,108,106,-5,0,1,-7
03,12,60,67,75,9,0,8,11
03,12,50,67,119,15,0,1,8
03,12,60,51,100,9,0,8,3
03,12,40,41,100,-8,0,1,-1
03,12,30,15,86,-12,0,3,8
03,12,280,21,106,64,0,7,9
03,12,210,51,148,53,0,0,9
03,12,260,82,76,21,0,4,3
03,12,230,87,92,56,0,8,1
03,12,230,36,116,93,0,8,7
03,12,120,46,137,53,0,7,5
03,12,270,57,94,38,0,6,0
03,12,190,36,130,28,0,5,10
03,12,270,26,117,70,0,7,-2
03,12,270,10,94,52,0,7,1
03,12,210,93,115,25,0,2,-1
03,12,260,93,75,22,-1,7,-11
03,12,230,93,88,82,5,8,-1
03,12,260,118,93,55,2,6,-8
03,12,280,77,58,-23,0,6,5
03,12,310,26,40,25,-1,8,13
03,12,290,26,77,2,0,3,7
03,12,230,31,103,86,0,8,10
03,12,990,10,119,62,0,5,2
03,12,260,31,103,40,0,7,3
03,12,220,67,103,81,0,8,0
03,12,260,134,89,41,0,6,-6
03,12,290,77,109,81,0,8,-16
03,12,250,26,60,33,0,7,2
03,12,20,108,63,4,0,6,13
03,12,310,31,61,-4,0,7,-4
03,12,190,36,35,29,1,8,3
03,12,340,41,71,46,-1,7,14
03,12,310,72,57,-1,-1,7,6
03,12,160,31,57,1,0,8,6
03,12,140,67,103,33,0,6,2
03,12,210,41,96,54,0,7,-3
03,12,60,72,8,-8,0,8,5
03,12,60,103,54,-2,0,4,6
03,12,70,51,-1,-51,0,7,-1
03,12,30,21,14,-24,0,7,5
03,12,260,36,46,13,0,7,3
03,12,330,51,80,61,0,7,5
03,12,10,36,63,35,0,8,3
03,12,130,51,79,-8,0,3,6
03,12,150,46,64,-27,0,0,6
03,12,250,41,113,38,0,7,10
03,12,160,15,129,46,0,1,2
03,12,210,41,154,19,0,0,6
03,12,200,46,155,33,0,2,8
03,12,200,41,151,59,0,3,12
03,12,220,26,173,39,0,0,4
03,12,250,77,146,79,0,7,-8
03,12,250,93,131,80,0,6,13
03,12,250,93,117,62,0,7,2
03,12,290,57,101,7,0,2,2
03,12,250,41,115,17,0,6,9
03,12,260,46,138,41,0,7,6
03,12,220,57,139,93,0,7,-2
03,12,270,87,100,3,0,3,3
03,12,290,41,85,-5,0,5,5
03,12,340,77,80,0,-1,2,-2
03,12,50,41,75,-7,0,3,12
03,12,100,26,70,-81,0,2,8
03,12,120,41,63,-50,0,1,8
03,12,110,15,81,-76,0,1,4
03,12,150,36,122,-48,0,4,0
03,12,200,51,166,86,0,7,4
03,12,240,51,83,66,0,8,-2
03,12,200,67,62,56,6,8,5
03,12,210,57,84,46,0,7,3
03,12,210,62,97,28,0,3,3
03,12,190,57,119,13,0,7,11
03,12,270,51,92,48,0,6,-2
03,12,260,67,95,87,-1,8,7
03,12,230,62,106,103,0,8,7
03,12,230,67,106,87,0,8,1
03,12,300,67,100,14,0,2,-1
03,12,230,36,100,1,0,4,6
03,12,250,62,100,26,0,5,-13
03,12,260,123,113,68,0,8,2
03,12,240,108,107,74,0,8,3
03,12,250,72,98,93,17,8,1
03,12,290,77,49,16,4,6,24
03,12,280,98,74,2,0,5,-11
03,12,230,31,67,49,0,7,10
03,12,290,82,72,9,0,6,4
03,12,300,72,73,-19,0,7,-3
03,12,70,31,73,30,0,7,5
03,12,240,67,80,20,0,7,2
03,12,230,113,111,103,2,8,3
03,12,280,87,111,27,0,3,4
03,12,230,113,105,99,4,8,3
03,12,310,72,75,32,1,6,-10
03,12,170,31,69,-5,0,5,12
03,12,220,62,112,65,0,8,9
03,12,260,87,142,73,0,5,4
03,12,170,67,173,90,0,3,10
03,12,230,98,121,46,0,5,4
03,12,220,103,107,70,-1,8,-5
03,12,220,46,15,15,5,7,19
03,12,240,123,59,-43,0,3,9
03,12,300,31,37,6,0,6,16
03,12,210,77,18,17,16,8,6
03,12,280,77,63,26,1,6,-16
03,12,190,77,72,13,0,6,-1
03,12,210,77,72,0,0,7,-19
03,12,220,41,94,25,0,3,4
03,12,120,72,98,9,0,5,15
03,12,160,41,125,32,0,4,3
03,12,20,26,145,73,0,1,6
03,12,60,46,127,-9,0,0,3
03,12,60,21,56,0,0,5,6
03,12,250,51,71,32,2,5,0
03,12,240,82,74,13,-1,6,-4
03,12,210,113,107,96,-1,7,15
03,12,260,93,105,8,0,4,4
03,12,280,62,86,6,0,4,5
03,12,280,77,39,6,5,7,27
03,12,350,46,57,7,-1,6,20
03,12,220,41,82,-16,0,1,7
03,12,230,36,125,3,0,0,8
03,12,250,57,130,59,0,2,-6
03,12,320,87,94,16,0,7,0
03,12,270,72,100,63,0,8,0
03,12,320,93,50,8,1,4,6
03,12,240,82,13,1,2,8,5
03,12,330,77,69,-48,0,3,-10
03,12,270,31,66,-23,0,3,12
03,12,230,67,64,63,1,8,5
03,12,330,36,49,45,-1,8,2
03,12,360,41,35,-22,0,6,1
03,12,340,10,26,-10,0,7,8
03,12,220,51,28,9,0,8,3
03,12,320,46,25,16,0,8,3
03,12,320,26,63,45,-1,7,0
03,12,60,67,46,7,0,8,8
03,12,110,62,65,-21,0,0,9
03,12,100,51,73,-24,0,0,6
03,12,70,46,55,-43,0,0,6
03,12,80,51,11,-67,0,2,7
03,12,110,41,2,-95,0,2,7
03,12,90,57,5,-72,0,1,13
03,12,110,57,46,-54,0,5,9
03,12,80,46,48,-25,0,8,16
03,12,120,36,79,17,0,5,13
03,12,230,21,64,32,0,8,6
03,12,330,5,54,22,0,8,3
03,12,990,10,81,34,0,7,11
03,12,50,15,116,43,0,0,15
03,12,180,31,98,76,-1,8,0
03,12,210,26,80,72,3,8,0
03,12,250,57,113,108,-1,8,2
03,12,20,31,82,65,0,8,5
03,12,80,51,118,50,0,7,2
03,12,20,72,53,27,0,8,-5
03,12,40,51,57,-105,0,1,7
03,12,240,62,73,-68,0,6,10
03,12,350,26,56,39,8,7,2
03,12,340,41,47,22,-1,4,6
03,12,240,36,49,10,0,7,-8
03,12,210,60,124,65,0,5,3
03,12,230,90,127,86,0,8,-2
03,12,240,30,108,11,0,6,3
03,12,100,40,103,82,-1,7,9
03,12,320,20,109,72,0,7,5
03,12,30,40,94,73,0,8,4
03,12,230,30,145,75,0,5,-2
03,12,990,10,149,67,0,3,3
03,12,50,30,128,83,0,0,14
03,12,240,10,161,29,0,0,8
03,12,10,10,56,56,0,8,4
03,12,990,10,110,67,0,0,15
03,12,240,50,138,88,0,4,2
03,12,240,40,92,80,-1,8,4
03,12,230,50,100,88,-1,8,3
03,12,260,60,129,101,-1,8,-3
03,12,300,40,137,75,0,5,5
03,12,230,60,110,86,-1,8,-16
03,12,340,50,92,81,5,6,1
03,12,260,30,57,12,0,8,11
03,12,310,70,64,41,6,7,12
03,12,990,10,76,-4,0,7,4
03,12,190,30,69,46,6,8,3
03,12,990,10,85,60,0,8,3
03,12,10,20,91,71,0,8,13
03,12,220,90,127,67,0,8,8
03,12,260,60,153,31,0,6,7
03,12,300,80,83,21,-1,7,4
03,12,320,70,96,34,-1,3,10
03,12,250,30,125,59,0,3,-1
03,12,270,40,139,45,0,0,8
03,12,250,70,34,21,7,8,-4
03,12,260,70,96,52,0,7,2
03,12,210,90,100,94,15,8,10
03,12,230,80,125,117,18,8,4
03,12,280,90,61,18,-1,5,11
03,12,210,70,72,69,17,8,5
03,12,230,90,119,87,0,7,-4
03,12,330,40,69,58,6,8,-12
03,12,330,40,64,23,-1,3,0
03,12,230,70,84,-6,0,5,4
03,12,170,50,35,28,1,8,4
03,12,340,50,68,7,0,6,-8
03,12,230,60,41,31,-1,8,4
03,12,310,40,101,84,-1,5,-2
03,12,280,50,107,74,-1,8,12
03,12,280,30,107,88,0,8,1
03,12,270,40,114,67,0,7,-1
03,12,290,50,108,67,0,7,7
03,12,330,50,106,6,0,4,-8
03,12,320,60,97,71,-1,7,4
03,12,20,30,85,23,0,5,7
03,12,310,50,85,63,0,8,-6
03,12,60,80,45,3,0,7,2
03,12,110,20,75,-46,0,7,10
03,12,180,40,109,-55,0,6,4
03,12,180,70,116,-29,0,8,-2
03,12,210,50,105,102,-1,8,-1
03,12,150,40,139,97,0,7,10
03,12,120,30,185,98,0,6,14
03,12,240,50,207,99,0,7,4
03,12,240,30,165,104,0,6,5
03,12,230,130,104,99,19,8,5
03,12,240,80,114,113,10,8,1
03,12,220,100,100,43,0,6,2
03,12,180,60,86,40,0,7,1
03,12,210,30,76,44,0,7,-9
03,12,240,70,46,30,-1,8,3
03,12,200,70,42,25,-1,8,5
03,12,190,30,50,38,-1,8,15
03,12,250,50,55,54,-1,8,0
03,12,990,10,55,55,0,7,16
03,12,120,50,64,32,0,5,10
03,12,110,30,134,68,0,3,8
03,12,220,40,178,75,0,5,-1
03,12,990,10,98,98,0,4,27
03,12,10,20,109,40,0,7,2
03,12,90,40,108,15,0,4,11
03,12,120,20,105,33,0,7,7
03,12,240,40,109,22,0,7,13
03,12,320,70,89,21,0,7,4
03,12,260,50,87,32,-1,7,2
03,12,200,70,62,47,7,8,-3
03,12,330,70,59,33,-1,7,8
03,12,280,50,100,89,-1,7,1
03,12,220,50,93,60,0,8,6
03,12,200,60,165,76,0,5,-10
03,12,230,40,115,88,-1,8,9
03,12,310,30,105,30,0,6,11
03,12,360,20,103,31,0,2,7
03,12,180,40,140,26,0,2,9
03,12,170,60,161,95,0,7,9
03,12,110,30,176,75,0,2,6
03,12,300,60,75,21,0,7,-11
03,12,230,80,63,7,0,8,1
03,12,260,70,65,40,0,7,6
03,12,290,60,33,-4,1,3,-12
03,12,260,50,61,25,0,7,0
03,12,230,90,91,6,0,7,4
03,12,240,80,123,83,0,7,7
03,12,240,80,110,97,2,8,3
03,12,290,90,128,86,0,7,0
03,12,180,30,77,46,-1,8,-1
03,12,300,80,101,49,0,7,4
03,12,240,20,97,38,0,7,15
03,12,240,50,106,61,0,7,-1
03,12,270,70,109,81,-1,8,-13
03,12,330,60,71,0,0,7,4
03,12,290,50,95,70,0,8,2
03,12,330,70,109,61,0,7,-1
03,12,350,60,79,42,0,7,4
03,12,10,40,64,30,0,7,5
03,12,990,10,75,44,0,3,12
03,12,350,10,97,40,0,7,9
03,12,190,10,145,39,0,1,12
03,12,100,30,145,46,0,6,7
03,12,230,50,132,92,0,8,-6
03,12,220,40,106,78,1,7,14
03,12,160,70,80,29,0,4,18
03,12,20,50,60,36,0,8,3
03,12,20,70,43,25,1,8,-2
03,12,40,70,64,42,0,8,5
03,12,30,60,71,42,0,8,-3
03,12,290,30,78,39,0,8,2
03,12,270,20,45,19,-1,8,6
03,12,10,30,32,6,0,7,-4
03,12,50,40,-1,-36,0,8,2
03,12,40,30,25,12,0,8,-1
03,12,110,20,32,-17,0,8,4
03,12,120,50,74,-2,0,1,12
03,12,180,40,132,98,0,6,11
03,12,110,40,94,79,1,8,0
03,12,220,70,103,91,-1,8,13
03,12,200,50,118,98,0,8,-7
03,12,190,40,108,95,1,8,6
03,12,250,50,102,44,0,6,8
03,12,210,60,68,60,15,8,-3
03,12,270,70,83,30,-1,7,10
03,12,990,10,104,50,-1,6,-2
03,12,80,40,92,63,0,8,5
03,12,340,20,63,40,0,8,2
03,12,240,20,70,55,-1,8,-1
03,12,320,50,45,4,-1,7,3
03,12,100,40,48,-26,0,7,3
03,12,100,50,23,16,2,8,5
03,12,320,50,45,36,0,8,-5
03,12,130,50,89,86,29,8,30
03,12,80,40,92,75,0,8,7
03,12,30,70,31,16,0,8,1
03,12,80,30,41,-14,0,8,0
03,12,120,50,46,-11,0,7,4
03,12,180,80,128,60,-1,7,0
03,12,210,60,64,56,4,8,6
03,12,250,50,97,46,0,7,7
03,12,200,80,135,52,0,7,5
03,12,300,30,57,40,0,8,9
03,12,200,10,60,-32,0,1,5
03,12,260,40,75,23,0,6,-3
03,12,270,30,99,51,0,6,-2
03,12,990,10,90,44,0,8,2
03,12,230,70,80,50,0,8,3
03,12,280,100,117,38,0,5,8
03,12,230,50,121,37,0,6,7
03,12,220,60,103,82,0,7,9
03,12,210,80,108,12,0,4,7
03,12,180,50,134,48,0,5,7
03,12,20,30,98,84,0,8,5
03,12,40,70,52,42,1,8,-1
03,12,70,60,37,5,0,7,8
03,12,100,60,71,35,0,7,6
03,12,180,30,152,76,0,2,6
03,12,180,60,148,83,0,7,-7
03,12,200,90,129,72,0,5,5
03,12,270,60,106,63,0,8,3
03,12,280,70,131,76,0,7,11
03,12,260,70,135,104,0,7,5
03,12,320,80,113,74,0,6,-7
03,12,20,30,91,5,0,5,-3
03,12,50,40,80,16,0,5,4
03,12,310,20,81,-23,0,6,4
03,12,30,20,83,-3,0,7,12
03,12,50,50,95,-21,0,1,5
03,12,80,50,121,-22,0,1,9
03,12,160,50,127,9,0,0,10
03,12,990,10,146,29,0,7,8
03,12,220,50,152,55,0,,13
03,12,180,50,127,71,0,3,-1
03,12,20,20,105,77,0,7,-14
03,12,990,10,68,47,0,5,17
03,12,150,50,100,37,0,7,9
03,12,170,50,129,100,0,7,15
03,12,300,60,74,55,-1,8,-5
03,12,190,50,93,40,0,7,5
03,12,260,100,103,20,0,7,0
03,12,230,70,123,64,0,5,11
03,12,230,80,141,64,0,7,7
03,12,230,70,110,106,2,8,1
03,12,320,60,88,69,-1,5,-6
03,12,20,30,76,19,0,3,11
03,12,60,60,93,-49,0,1,4
03,12,70,70,95,-18,0,0,4
03,12,110,40,110,-21,0,1,11
03,12,360,60,111,6,0,1,0
03,12,50,40,94,34,0,3,15
03,12,330,30,127,13,0,1,-2
03,12,250,20,76,8,0,6,8
03,12,70,60,93,-5,0,1,5
03,12,110,40,111,-44,0,3,12
03,12,120,20,151,-57,0,0,13
03,12,230,60,207,33,0,0,4
03,12,30,20,155,51,0,6,15
03,12,40,50,175,35,0,3,-2
03,12,320,20,169,16,0,2,4
03,12,110,40,193,56,0,2,10
03,12,230,30,193,82,0,5,-7
03,12,20,20,148,60,0,1,12
03,12,340,40,106,23,0,5,11
03,12,360,30,36,-41,0,1,5
03,12,290,50,70,6,0,4,8
03,12,240,40,64,14,0,2,10
03,12,130,50,90,-1,0,7,5
03,12,110,40,76,-7,0,7,4
03,12,280,40,25,11,0,7,7
03,12,990,10,43,34,20,7,20
03,12,360,40,59,-14,0,1,9
03,12,20,80,23,-24,-1,7,-7
03,12,40,40,16,0,-1,8,4
03,12,70,40,41,-12,0,4,2
03,12,110,40,46,-14,0,7,10
03,12,230,100,102,41,0,7,2
03,12,200,80,130,48,0,5,3
03,12,240,90,133,70,0,7,6
03,12,220,60,162,112,0,8,7
03,12,220,50,202,89,0,1,11
03,12,180,30,138,99,-1,7,11
03,12,220,120,131,58,0,7,-6
03,12,230,100,128,109,-1,8,-5
03,12,240,100,119,35,0,6,-14
03,12,280,60,84,33,-1,3,17
03,12,990,10,93,23,0,4,-7
03,12,360,40,78,25,0,5,7
03,12,30,40,71,-10,0,4,4
03,12,350,30,44,16,-1,6,11
03,12,340,20,69,-34,0,3,7
03,12,210,30,107,-12,0,2,5
03,12,30,20,123,14,0,3,6
03,12,70,70,153,13,0,0,5
03,12,100,20,176,24,0,1,10
03,12,210,60,-6,-53,0,,9
03,12,190,50,-1,-23,-1,,13
03,12,30,70,-6,-18,0,,-1
03,12,190,50,-11,-50,0,,6
03,12,110,10,3,-16,0,,3
03,12,10,50,9,-48,0,,2
03,12,320,50,56,16,0,,-5
03,12,310,40,64,24,-1,,-4
03,12,310,40,65,40,-1,,2
03,12,210,30,57,3,0,,9
03,12,250,100,75,30,0,,-1
03,12,270,70,42,12,0,,-4
03,12,240,70,70,3,0,,-6
03,12,220,50,72,8,0,,0
03,12,240,90,125,22,0,,1
03,12,230,90,183,89,0,,13
03,12,250,90,153,92,0,,8
03,12,250,70,108,72,0,,6
03,12,240,20,114,97,0,,-3
03,12,100,30,121,50,0,,5
03,12,110,60,148,0,0,,11
03,12,190,70,181,63,0,,5
03,12,210,30,167,88,0,,-1
03,12,130,50,177,102,0,,9
03,12,250,30,147,106,0,,10
03,12,330,20,165,94,0,,-4
03,12,100,30,154,101,0,,2
03,12,230,30,123,112,3,,-3
03,12,100,20,128,99,0,,10
03,12,100,40,147,100,0,,2
03,12,20,40,145,92,0,,0
03,12,250,70,17,-8,0,,1
03,12,250,70,25,-34,0,,-4
03,12,50,30,18,-13,0,,3
03,12,260,50,31,-25,0,,7
03,12,280,60,41,-6,0,,-10
03,12,270,50,48,14,0,,-29
03,12,200,30,62,-36,0,,-3
03,12,170,40,45,41,17,,7
03,12,260,40,72,67,1,,0
03,12,230,60,54,37,2,,-4
03,12,10,90,1,-25,0,,-2
03,12,110,20,-3,-107,0,,6
03,12,140,40,21,-78,0,,-1
03,12,120,30,33,-60,0,,5
03,12,40,50,49,-36,0,,2
03,12,70,50,23,-19,0,,8
03,12,50,60,34,-11,0,,-3
03,12,80,70,52,-11,0,,9
03,12,60,30,22,-12,0,,23
03,12,50,30,53,12,0,,3
03,12,40,50,55,-44,0,,11
03,12,30,30,64,-50,0,,-5
03,12,110,50,77,-60,0,,8
03,12,130,40,76,53,3,,1
03,12,240,80,132,88,-1,,4
03,12,240,70,171,116,0,,7
03,12,220,100,185,107,0,,-4
03,12,230,80,125,36,0,,16
03,12,250,70,109,56,0,,3
03,12,230,80,139,110,0,,4
03,12,250,120,146,85,0,,8
03,12,250,80,95,51,-1,4,4
03,12,260,50,82,23,0,8,-1
03,12,300,90,66,57,7,8,-13
03,12,170,60,121,52,0,1,6
03,12,250,100,60,39,8,8,26
03,12,200,90,112,52,-1,8,-12
03,12,220,60,97,75,-1,8,5
03,12,270,50,115,64,0,4,11
03,12,210,60,78,72,11,8,1
03,12,230,60,113,41,0,2,8
03,12,220,30,124,71,0,0,8
03,12,90,30,144,33,0,0,10
03,12,320,40,137,60,0,0,12
03,12,290,20,123,21,0,3,7
03,12,290,20,125,22,0,0,8
03,12,250,40,108,71,0,8,1
03,12,270,60,115,81,-1,8,6
03,12,280,70,87,23,0,7,-1
03,12,270,40,51,5,0,8,-23
03,12,340,80,62,27,-1,7,3
03,12,340,70,62,28,3,7,12
03,12,330,90,77,12,0,8,7
03,12,40,80,57,20,0,8,-3
03,12,20,40,77,64,0,8,6
03,12,110,50,129,23,0,4,-4
03,12,100,60,161,25,0,0,9
03,12,100,50,155,-3,0,0,5
03,12,140,30,163,33,0,0,7
03,12,210,40,143,57,0,1,-9
03,12,90,20,118,61,0,8,11
03,12,50,80,139,53,0,0,14
03,12,290,90,101,30,0,7,1
03,12,270,80,120,69,0,7,-5
03,12,280,80,73,-20,-1,2,-3
03,12,10,70,56,23,-1,6,11
03,12,340,40,58,-13,0,3,6
03,12,240,60,79,47,0,8,3
03,12,210,50,89,38,0,8,9
03,12,210,60,98,33,0,4,8
03,12,190,50,88,76,-1,8,-2
03,12,160,110,86,10,-1,8,-19
03,12,230,110,105,18,0,7,-7
03,12,260,130,85,14,0,8,3
03,12,260,70,88,36,1,7,18
03,12,280,60,107,31,0,2,3
03,12,150,30,143,89,0,6,9
03,12,210,30,111,92,-1,8,-2
03,12,310,40,59,0,0,8,0
03,12,300,50,60,-15,-1,8,3
03,12,350,90,46,-1,2,7,30
03,12,260,80,76,9,0,8,6
03,12,280,90,44,1,-1,7,-2
03,12,40,50,64,10,0,5,-7
03,12,260,30,49,-48,0,3,7
03,12,270,50,20,0,-1,8,-14
03,12,300,60,11,8,4,7,20
03,12,120,10,44,32,1,,3
03,12,70,30,80,62,-1,8,4
03,12,190,80,99,23,0,6,4
03,12,220,80,109,31,0,6,15
03,12,170,30,106,74,4,8,5
03,12,250,20,119,60,0,8,8
03,12,110,20,98,70,0,4,16
03,12,290,40,78,32,0,8,0
03,12,200,60,77,34,-1,8,17
03,12,180,50,62,33,1,8,4
03,12,330,50,70,30,0,7,-2
03,12,320,80,64,25,-1,8,5
03,12,210,40,78,42,0,3,16
03,12,280,50,97,49,0,7,1
03,12,260,80,82,15,0,8,-3
03,12,210,70,55,44,3,8,2
03,12,310,50,82,22,0,5,13
03,12,230,60,91,84,0,8,5
03,12,260,40,110,60,0,7,2
03,12,240,60,135,77,0,7,-29
03,12,310,60,110,42,0,8,-1
03,12,350,10,105,56,0,8,0
03,12,40,50,133,69,0,7,4
03,12,140,20,83,6,0,7,15
03,12,60,60,88,30,0,7,9
03,12,110,30,94,-47,0,0,-2
03,12,340,30,105,-37,0,0,10
03,12,340,60,111,16,0,5,-7
03,12,260,90,80,54,5,8,0
03,12,330,80,75,11,-1,7,-2
03,12,280,50,69,47,1,7,2
03,12,200,60,73,62,6,8,4
03,12,250,100,88,6,0,7,3
03,12,240,60,69,52,3,8,19
03,12,340,40,92,22,0,6,0
03,12,280,30,97,-20,0,0,6
03,12,30,20,130,8,0,0,2
03,12,290,40,67,8,0,5,0
03,12,280,40,76,22,0,5,7
03,12,70,50,55,-36,0,0,9
03,12,10,70,41,-24,0,7,11
03,12,280,50,46,-41,0,8,11
03,12,30,80,19,-70,0,3,11
03,12,60,60,16,-75,0,0,5
03,12,220,20,-7,-26,-1,8,5
03,12,50,70,25,-68,0,0,6
03,12,40,90,54,-58,0,0,3
03,12,30,50,23,-12,0,8,15
03,12,260,30,63,-6,0,8,-1
03,12,300,40,69,30,2,7,4
03,12,270,60,77,36,0,8,4
03,12,260,70,94,44,0,6,2
03,12,240,20,59,30,0,8,16
03,12,230,70,142,21,0,0,1
03,12,200,70,176,33,0,1,5
03,12,220,70,158,80,0,8,0
03,12,210,80,166,112,0,8,12
03,12,350,50,81,70,1,8,14
03,12,220,40,119,38,0,4,6
03,12,190,20,123,57,0,3,9
03,12,120,30,184,66,0,7,6
03,12,180,70,198,73,0,2,0
03,12,240,50,114,59,0,8,3
03,12,230,50,121,41,0,8,10
03,12,240,80,114,36,0,8,-13
03,12,200,20,120,79,0,8,2
03,12,170,60,123,73,-1,8,-2
03,12,200,110,98,4,0,7,-58
03,12,20,70,55,26,0,6,-1
03,12,60,60,65,-18,0,0,12
03,12,40,70,55,-27,0,0,9
03,12,10,20,58,-9,0,0,8
03,12,30,50,46,13,0,8,10
03,12,50,50,59,-26,0,1,8
03,12,110,40,69,-74,0,0,5
03,12,200,50,96,-54,0,0,12
03,12,240,70,88,43,0,8,0
03,12,230,100,91,51,-1,8,5
03,12,250,70,108,23,0,5,2
03,12,160,50,118,42,0,8,12
03,12,190,50,130,78,0,8,-2
03,12,990,10,132,95,0,8,2
03,12,80,40,149,90,0,0,11
03,12,60,60,92,55,0,8,4
03,12,320,40,70,46,0,8,2
03,12,210,20,71,53,-1,8,3
03,12,30,40,89,0,0,1,7
03,12,210,20,100,-25,0,5,3
03,12,990,10,128,-9,0,0,9
03,12,320,30,148,24,0,0,1
03,12,10,20,136,75,0,0,11
03,12,30,30,156,64,0,0,3
03,12,10,40,148,68,0,3,0
03,12,30,30,82,35,-1,8,0
03,12,40,30,121,38,0,0,6
03,12,360,40,109,21,0,0,7
03,12,140,10,140,16,0,0,7
03,12,230,60,151,86,0,8,5
03,12,230,90,131,117,-1,8,-3
03,12,110,10,85,80,0,8,2
03,12,60,40,99,73,0,8,2
03,12,210,40,122,67,0,8,3
03,12,140,30,118,62,0,8,4
03,12,170,80,43,22,-1,8,3
03,12,170,30,74,28,0,8,5
03,12,200,70,59,18,0,8,4
03,12,310,50,79,14,0,6,7
03,12,230,50,120,45,0,7,-7
03,12,270,40,91,87,3,8,10
03,12,340,30,134,51,0,7,5
03,12,320,30,117,95,0,7,9
03,12,30,20,90,42,0,8,2
03,12,10,20,80,30,0,8,3
03,12,200,30,149,65,0,0,15
03,12,260,20,104,75,0,7,21
03,12,230,30,121,48,0,6,5
03,12,250,60,100,45,0,8,4
03,12,320,30,109,16,0,1,-9
03,12,270,30,124,38,0,5,7
03,12,50,20,151,48,0,0,2
03,12,80,40,183,65,0,0,8
03,12,70,20,184,86,0,0,10
03,12,20,30,181,84,0,1,9
03,12,10,30,142,59,0,0,21
03,12,60,40,165,61,0,0,9
03,12,10,30,179,40,0,3,8
03,12,300,30,172,80,0,0,12
03,12,330,60,121,66,0,8,2
03,12,310,50,92,68,0,8,2
03,12,330,70,93,36,-1,8,0
03,12,360,50,44,5,0,8,1
03,12,990,10,33,-20,0,8,3
03,12,990,10,44,26,-1,8,14
03,12,100,40,89,-7,0,0,14
03,12,160,50,150,-2,0,0,14
03,12,20,20,140,24,0,8,14
03,12,100,20,139,36,0,7,9
03,12,80,40,142,96,0,6,8
03,12,250,60,69,64,13,8,-1
03,12,30,60,8,-8,0,8,-3
03,12,60,90,-16,-63,0,8,2
03,12,40,100,-23,-65,0,7,8
03,12,210,30,-4,-56,0,8,11
03,12,50,50,11,-34,-1,8,0
03,12,210,40,32,2,-1,8,4
03,12,170,70,74,-19,0,8,0
03,12,170,60,90,27,0,8,8
03,12,230,60,103,6,0,2,6
03,12,240,20,59,40,2,8,1
03,12,30,50,1,-2,15,8,1
03,12,350,10,37,-38,0,7,2
03,12,110,70,48,-23,0,2,0
03,12,80,70,6,-50,-1,8,-10
03,12,70,80,14,-162,0,8,8
03,12,60,70,34,-103,0,0,12
03,12,80,60,37,-101,0,0,4
03,12,60,50,43,-85,0,0,6
03,12,50,40,39,-45,0,7,5
03,12,310,20,7,-37,0,8,5
03,12,30,50,39,-32,0,7,-6
03,12,20,40,39,-34,0,6,2
03,12,150,40,77,26,0,8,0
03,12,200,50,95,11,0,5,-5
03,12,200,50,81,52,0,8,14
03,12,180,40,102,38,0,3,7
03,12,260,30,114,39,0,1,11
03,12,200,40,132,15,0,1,2
03,12,230,70,132,28,0,5,6
03,12,140,30,157,67,0,2,10
03,12,190,70,190,28,0,0,12
03,12,40,20,182,31,0,0,5
03,12,30,50,121,68,0,0,13
03,12,70,30,151,54,0,0,17
03,12,60,20,173,41,0,0,10
03,12,230,10,138,53,0,0,4
03,12,310,60,111,35,0,7,-2
03,12,260,60,130,74,0,8,0
03,12,260,50,120,57,0,8,-2
03,12,230,60,101,66,0,8,1
03,12,230,90,161,65,0,2,15
03,12,180,70,200,27,0,1,14
03,12,280,50,74,60,6,8,5
03,12,220,60,88,48,-1,8,19
03,12,280,50,46,32,13,7,34
03,12,60,10,96,7,0,6,0
03,12,110,30,95,-10,0,3,6
03,12,110,40,70,11,0,7,27
03,12,110,20,124,30,0,2,2
03,12,90,40,164,37,0,0,10
03,12,110,30,189,52,0,0,10
03,12,110,20,206,29,0,5,-2
03,12,110,30,202,55,0,5,10
03,12,240,110,121,31,0,6,-4
03,12,270,70,79,2,0,4,-4
03,12,210,80,53,35,12,8,12
03,12,270,70,79,23,0,7,-6
03,12,250,40,85,36,0,8,7
03,12,240,50,86,20,0,8,-1
03,12,210,50,131,13,0,8,6
03,12,200,50,163,28,0,0,12
03,12,230,30,87,66,0,8,6
03,12,310,40,123,38,0,1,3
03,12,110,30,67,24,0,0,12
03,12,90,30,119,8,0,0,5
03,12,80,40,86,0,0,2,0
03,12,30,50,57,15,0,8,7
03,12,60,60,71,30,0,8,0
03,12,80,40,110,26,0,0,13
03,12,100,30,163,42,0,0,4
03,12,330,50,112,68,0,5,5
03,12,20,20,71,46,0,8,6
03,12,10,30,42,38,0,8,2
03,12,300,60,80,54,1,7,-1
03,12,70,50,41,-8,0,8,8
03,12,200,40,111,24,0,7,-1
03,12,230,20,104,22,0,6,-3
03,12,310,20,62,52,6,8,5
03,12,190,70,69,13,0,8,1
03,12,280,70,100,31,0,5,6
03,12,180,60,84,74,7,8,2
03,12,220,100,107,96,10,8,4
03,12,290,80,77,5,0,7,5
03,12,280,110,117,20,0,7,-11
03,12,180,60,39,-20,-1,8,-5
03,12,240,90,88,31,0,7,-7
03,12,340,40,69,30,0,7,-2
03,12,160,60,36,26,23,8,4
03,12,360,20,52,9,0,8,3
03,12,340,20,48,29,0,8,14
03,12,990,10,49,3,0,8,9
03,12,220,50,65,19,0,6,-5
03,12,140,70,70,-27,0,8,13
03,12,50,40,81,-1,0,7,9
03,12,40,40,87,35,0,8,5
03,12,90,30,87,5,0,0,8
03,12,50,60,85,7,0,0,7
03,12,80,40,69,-17,0,0,13
03,12,20,50,58,34,0,8,3
03,12,80,70,79,-24,0,8,3
03,12,70,40,105,0,0,0,2
03,12,310,30,58,36,0,8,3
03,12,360,30,66,21,0,8,3
03,12,30,30,96,9,0,8,4
03,12,310,40,89,30,0,8,9
03,12,310,30,111,67,2,8,-15
03,12,350,60,92,42,0,8,4
03,12,230,40,92,46,0,8,5
03,12,320,50,79,70,-1,8,12
03,12,190,80,119,63,0,8,30
03,12,230,70,104,49,-1,7,14
03,12,220,90,120,75,0,6,2
03,12,230,100,114,37,0,7,-20
03,12,250,80,115,29,0,3,13
03,12,40,40,106,49,0,8,0
03,12,240,60,88,44,0,8,1
03,12,250,110,84,5,0,8,-8
03,12,140,40,94,22,-1,8,2
03,12,220,50,138,76,0,7,-1
03,12,180,90,99,25,0,7,-8
03,12,230,50,78,51,0,8,-10
03,12,270,50,84,54,-1,8,6
03,12,200,70,76,67,4,8,9
03,12,270,60,121,102,-1,8,7
03,12,140,30,103,19,0,6,2
03,12,990,10,127,17,0,8,2
03,12,110,30,139,8,0,6,11
03,12,320,40,144,53,0,8,1
03,12,240,70,151,56,0,8,2
03,12,320,30,138,44,0,8,7
03,12,210,40,159,55,0,1,10
03,12,270,60,97,12,0,8,8
03,12,260,60,115,103,1,8,9
03,12,240,90,122,97,-1,8,2
03,12,220,100,118,82,0,8,-2
03,12,270,70,95,2,0,8,1
03,12,150,50,111,13,0,6,10
03,12,80,50,135,26,0,1,2
03,12,80,50,121,37,0,8,4
03,12,60,80,146,-10,0,8,9
03,12,50,40,119,46,0,8,20
03,12,120,40,167,-15,0,1,3
03,12,250,40,192,30,0,0,14
03,12,250,60,159,92,0,8,5
03,12,220,40,213,84,0,8,12
03,12,180,60,226,77,0,8,2
03,12,70,90,-15,-148,0,8,11
03,12,70,70,-21,-127,0,8,6
03,12,60,30,7,-28,0,8,0
03,12,100,30,104,36,0,1,8
03,12,170,40,115,51,0,8,-4
03,12,240,20,90,56,0,8,12
03,12,190,20,83,64,-1,8,9
03,12,200,70,61,46,14,8,2
03,12,200,20,98,37,0,8,4
03,12,190,50,147,92,0,8,8
03,12,200,70,138,104,0,8,7
03,12,200,60,137,68,0,8,-1
03,12,320,40,50,38,13,8,2
03,12,150,40,115,43,0,1,1
03,12,120,40,97,24,0,8,10
03,12,70,30,67,58,0,8,-7
03,12,70,80,-23,-62,1,8,2
03,12,60,80,-13,-89,0,8,6
03,12,50,70,23,-92,0,3,5
03,12,10,80,83,-61,0,4,6
03,12,250,20,65,-15,0,8,3
03,12,290,40,70,65,0,8,11
03,12,200,70,66,15,0,8,9
03,12,90,20,105,17,0,5,1
03,12,360,30,131,15,0,0,-3
03,12,260,20,103,15,0,6,4
03,12,200,60,90,28,-1,8,-11
03,12,170,40,75,62,12,8,-8
03,12,220,70,105,15,0,6,1
03,12,100,40,136,37,0,8,4
03,12,230,20,124,43,0,7,-2
03,12,350,40,68,53,-1,8,2
03,12,200,60,110,63,0,8,-13
03,12,200,70,112,101,5,8,0
03,12,260,100,82,35,0,7,7
03,12,240,70,94,33,0,6,14
03,12,170,50,123,53,-1,8,6
03,12,220,100,108,41,0,7,-24
03,12,240,70,97,22,0,6,2
03,12,230,120,116,67,0,8,-21
03,12,230,100,103,85,6,8,-11
03,12,280,90,74,14,0,7,0
03,12,200,110,103,-7,0,8,-3
03,12,230,90,70,55,13,8,1
03,12,240,80,89,78,12,8,21
03,12,250,100,125,95,-1,8,8
03,12,230,100,111,66,0,8,2
03,12,260,80,83,39,-1,7,-1
03,12,290,50,87,16,-1,6,-4
03,12,240,30,107,34,0,8,0
03,12,230,50,115,77,-1,8,7
03,12,250,30,142,76,0,1,11
03,12,150,20,169,42,0,0,11
03,12,290,10,113,79,0,8,6
03,12,340,50,100,-9,0,8,8
03,12,310,80,94,41,3,6,4
03,12,310,40,94,25,0,8,-1
03,12,290,30,107,35,0,8,3
03,12,990,10,120,46,0,8,-2
03,12,990,10,165,52,0,0,10
03,12,230,40,184,60,0,4,-7
03,12,50,70,112,51,0,8,11
03,12,230,110,90,19,0,4,2
03,12,190,30,86,47,0,8,-1
03,12,220,60,90,26,0,6,-7
03,12,230,70,101,25,0,7,-7
03,12,80,40,69,51,0,8,4
03,12,330,60,84,40,0,8,3
03,12,240,50,100,23,0,5,13
03,12,200,60,84,73,9,8,1
03,12,230,60,97,41,-1,7,-4
03,12,230,80,119,110,8,8,0
03,12,250,50,117,105,-1,8,-3
03,12,250,90,103,-27,0,1,8
03,12,250,70,91,59,13,2,19
03,12,190,60,103,28,0,6,3
03,12,200,60,111,57,0,8,11
03,12,320,40,128,75,0,8,-7
03,12,250,40,126,16,0,7,12
03,12,230,60,157,57,0,8,1
03,12,240,10,141,74,0,7,-7
03,12,40,70,88,33,0,8,-4
03,12,60,100,84,-7,0,2,7
03,12,100,60,87,-56,0,0,2
03,12,120,70,80,-99,0,0,6
03,12,110,50,94,-91,0,0,9
03,12,100,30,96,-84,0,0,10
03,12,60,60,107,-66,0,0,2
03,12,50,60,129,-4,0,0,9
03,12,30,90,130,-2,0,0,4
03,12,20,100,69,-46,0,8,-7
03,12,320,40,68,3,0,8,8
03,12,50,50,84,-59,0,0,0
03,12,70,10,66,15,0,7,2
03,12,190,15,50,37,0,8,5
03,12,240,57,98,35,0,7,4
03,12,120,62,111,46,0,7,-1
03,12,170,31,107,86,-1,8,6
03,12,150,36,135,88,0,7,10
03,12,100,15,139,95,-1,7,-9
03,12,120,10,130,77,0,7,7
03,12,240,21,114,91,-1,8,3
03,12,220,51,140,61,0,4,11
03,12,210,15,122,85,0,7,16
03,12,190,21,146,88,0,2,5
03,12,150,26,160,64,0,4,8
03,12,230,36,169,73,0,0,10
03,12,240,31,101,85,0,8,2
03,12,180,41,155,78,0,7,-4
03,12,200,26,119,84,0,7,6
03,12,220,26,111,81,0,8,5
03,12,240,72,117,101,-1,8,2
03,12,250,46,130,81,0,7,7
03,12,270,36,112,53,0,8,0
03,12,10,10,92,19,0,5,2
03,12,80,15,86,17,0,3,5
03,12,30,36,111,19,0,2,3
03,12,60,77,105,8,0,1,-9
03,12,80,93,77,11,0,7,5
03,12,80,67,118,23,0,2,6
03,12,70,26,100,1,0,7,2
03,12,80,36,95,1,0,1,3
03,12,990,10,90,-11,0,5,4
03,12,280,26,106,52,0,7,8
03,12,230,51,152,60,0,0,6
03,12,280,62,71,18,0,6,1
03,12,240,67,89,55,0,8,-3
03,12,250,36,112,89,0,7,6
03,12,150,57,133,62,0,6,9
03,12,290,36,98,40,0,7,2
03,12,200,36,123,45,0,4,8
03,12,130,15,110,75,0,7,4
03,12,100,10,101,61,0,7,-5
03,12,210,103,119,32,0,5,6
03,12,270,57,65,16,5,7,16
03,12,250,93,92,81,13,8,0
03,12,280,103,100,48,1,7,-54
03,12,290,57,57,-8,-1,6,5
03,12,280,36,48,13,-1,6,11
03,12,270,26,70,0,0,6,7
03,12,260,26,95,87,0,8,6
03,12,120,21,105,76,0,7,13
03,12,290,36,99,49,0,7,10
03,12,270,62,106,80,0,8,-9
03,12,280,93,62,39,-1,7,20
03,12,310,51,92,76,1,8,-14
03,12,240,31,77,32,0,7,-32
03,12,30,67,62,9,0,7,6
03,12,330,21,57,7,0,7,-4
03,12,220,46,36,26,3,8,4
03,12,10,31,77,34,-1,6,-8
03,12,310,36,53,14,4,6,4
03,12,200,26,60,-7,0,8,-1
03,12,150,57,97,32,0,6,14
03,12,220,31,116,46,0,8,-2
03,12,50,67,8,-11,0,8,6
03,12,70,118,52,-10,0,3,6
03,12,40,67,-1,-49,0,3,5
03,12,360,21,16,-22,0,7,-4
03,12,250,41,42,17,-1,7,6
03,12,330,41,79,59,0,7,1
03,12,20,26,66,43,0,7,2
03,12,100,51,79,4,0,3,4
03,12,110,57,64,-17,0,0,10
03,12,250,51,110,49,0,5,10
03,12,240,15,123,43,0,4,6
03,12,220,21,151,56,0,0,4
03,12,180,31,147,52,0,2,6
03,12,180,46,151,64,0,3,8
03,12,210,36,171,60,0,0,6
03,12,250,67,142,79,0,7,-5
03,12,250,93,131,86,0,7,10
03,12,250,77,120,69,0,7,1
03,12,280,51,93,2,0,3,13
03,12,200,41,110,33,0,5,10
03,12,230,36,142,45,0,7,6
03,12,210,67,137,94,0,8,0
03,12,280,72,92,-7,0,5,4
03,12,280,36,84,-11,0,6,9
03,12,340,67,84,-11,0,6,-6
03,12,80,41,95,-12,1,4,-9
03,12,100,31,65,-78,0,2,7
03,12,120,36,57,-47,0,2,14
03,12,200,21,78,-60,0,1,-1
03,12,190,36,110,-77,0,3,13
03,12,170,31,158,95,0,7,10
03,12,220,51,86,72,0,7,-1
03,12,190,62,60,54,13,8,4
03,12,200,72,85,47,0,8,3
03,12,210,57,97,26,0,5,4
03,12,190,51,116,21,0,6,19
03,12,260,46,89,37,0,7,0
03,12,260,67,95,86,-1,8,4
03,12,230,72,105,105,-1,8,3
03,12,230,51,103,89,0,8,4
03,12,280,51,102,26,0,5,1
03,12,200,26,101,15,0,6,8
03,12,250,57,91,15,0,6,7
03,12,260,113,114,65,0,7,-1
03,12,240,87,110,71,0,7,2
03,12,250,62,97,94,27,8,1
03,12,280,62,66,25,2,7,-1
03,12,270,113,65,0,-1,6,-18
03,12,230,46,56,49,0,8,6
03,12,290,51,71,1,0,7,-1
03,12,270,62,67,-10,0,6,6
03,12,20,31,72,31,0,7,6
03,12,220,67,75,26,0,7,3
03,12,220,113,110,104,3,8,5
03,12,280,87,116,29,0,5,-2
03,12,240,103,112,99,-1,8,-4
03,12,320,51,79,32,-1,7,-3
03,12,160,36,72,-7,0,6,-2
03,12,200,62,116,59,0,8,8
03,12,250,67,134,72,0,6,9
03,12,180,67,175,101,0,5,7
03,12,220,98,127,44,0,5,-1
03,12,220,118,105,63,-1,7,-2
03,12,210,93,29,1,-1,7,16
03,12,240,134,64,-22,0,5,2
03,12,300,21,31,16,-1,7,22
03,12,200,82,19,16,10,8,6
03,12,270,82,69,24,-1,4,4
03,12,200,77,73,16,0,6,3
03,12,210,77,84,9,0,6,-6
03,12,220,62,93,29,0,4,-1
03,12,130,77,103,27,0,6,5
03,12,130,51,120,25,0,4,7
03,12,30,10,144,77,0,5,8
03,12,90,36,119,4,0,0,10
03,12,90,31,50,-4,0,2,13
03,12,260,62,74,21,-1,7,-14
03,12,240,62,44,29,3,6,32
03,12,210,118,105,94,-1,8,20
03,12,260,77,100,19,-1,5,-5
03,12,280,46,83,21,0,6,-3
03,12,300,67,63,8,-1,4,-16
03,12,320,67,69,-5,0,5,5
03,12,250,31,74,4,0,2,14
03,12,230,36,121,31,0,0,10
03,12,240,46,122,63,0,6,3
03,12,290,82,88,15,0,5,-1
03,12,260,67,102,69,0,8,-4
03,12,310,72,53,11,0,6,0
03,12,250,82,20,20,4,8,-6
03,12,340,77,45,-11,-1,5,-26
03,12,250,31,77,-20,0,4,3
03,12,240,62,65,65,-1,8,4
03,12,330,36,44,38,-1,8,1
03,12,350,41,31,-20,0,7,9
03,12,30,21,23,-11,0,6,25
03,12,220,51,33,10,0,8,-2
03,12,330,41,22,9,0,8,-4
03,12,290,26,57,47,0,8,0
03,12,70,93,58,19,0,7,-4
03,12,100,72,71,-17,0,0,8
03,12,100,67,68,-34,0,0,18
03,12,70,62,61,-41,0,0,6
03,12,70,72,18,-72,0,3,15
03,12,80,62,8,-98,0,2,2
03,12,70,57,10,-65,0,1,15
03,12,80,93,46,-52,0,3,8
03,12,80,72,52,-21,0,8,14
03,12,120,51,87,14,0,5,13
03,12,220,15,77,28,0,8,1
03,12,90,26,58,23,0,8,5
03,12,990,10,78,35,0,8,7
03,12,990,15,123,38,0,2,3
03,12,220,51,107,76,-1,8,-1
03,12,190,26,84,73,0,8,9
03,12,220,41,103,100,-1,8,5
03,12,330,26,77,65,0,8,0
03,12,90,57,120,50,0,7,2
03,12,30,77,41,28,0,8,-1
03,12,40,51,60,-91,0,0,11
03,12,240,57,66,-74,0,7,10
03,12,310,57,49,16,3,7,18
03,12,330,41,43,8,0,6,4
03,12,310,41,13,1,1,8,2
03,12,210,60,125,52,0,4,10
03,12,220,100,126,83,0,8,-1
03,12,260,30,106,19,0,3,2
03,12,90,50,102,74,-1,8,9
03,12,310,20,113,72,0,7,-1
03,12,30,40,99,66,0,6,-2
03,12,210,40,133,75,0,5,16
03,12,240,10,142,63,0,2,13
03,12,60,30,132,83,0,0,15
03,12,220,30,159,30,0,0,6
03,12,330,10,63,63,0,8,13
03,12,160,20,106,64,0,1,14
03,12,230,50,141,89,0,5,3
03,12,240,50,91,77,-1,8,2
03,12,240,50,95,87,-1,8,1
03,12,270,50,125,102,0,8,1
03,12,280,40,119,68,0,7,2
03,12,220,60,116,86,0,7,-17
03,12,340,50,87,65,-1,7,0
03,12,270,40,58,-3,0,7,2
03,12,330,50,78,16,0,7,10
03,12,990,10,60,-3,0,4,11
03,12,210,30,58,44,4,8,12
03,12,140,10,82,55,0,8,4
03,12,990,10,90,64,0,7,6
03,12,220,100,120,73,0,7,8
03,12,260,90,144,17,0,7,8
03,12,300,70,89,35,1,7,1
03,12,320,60,101,22,0,6,-14
03,12,270,40,125,47,0,4,2
03,12,260,30,134,51,0,1,12
03,12,230,100,37,20,-1,,-4
03,12,250,110,104,43,0,6,-4
03,12,210,90,98,91,12,8,10
03,12,220,120,132,116,11,8,-1
03,12,270,110,77,25,5,4,4
03,12,190,70,75,68,8,8,1
03,12,230,100,117,82,0,8,-6
03,12,10,50,63,58,13,8,-18
03,12,340,50,66,10,0,3,2
03,12,230,70,81,-4,0,6,1
03,12,150,50,37,28,2,8,3
03,12,340,50,45,17,-1,5,25
03,12,230,70,39,32,-1,8,6
03,12,320,30,91,73,-1,,-2
03,12,290,40,103,80,1,,12
03,12,260,30,104,88,0,8,9
03,12,290,40,113,66,0,4,2
03,12,290,50,114,67,0,7,-2
03,12,350,40,96,21,0,5,-3
03,12,300,60,92,66,-1,7,1
03,12,20,30,76,16,0,,8
03,12,310,40,85,69,-1,,-4
03,12,50,70,41,4,0,7,3
03,12,170,20,73,-53,0,5,6
03,12,160,50,103,-46,0,7,5
03,12,190,80,116,-37,0,7,-2
03,12,210,60,106,104,0,8,4
03,12,130,50,134,99,0,,8
03,12,130,30,186,107,0,,19
03,12,220,50,207,104,0,6,10
03,12,220,40,164,110,0,4,-4
03,12,230,130,102,100,20,8,4
03,12,240,80,112,112,7,8,1
03,12,220,100,98,52,0,7,5
03,12,170,50,78,54,0,7,9
03,12,210,50,82,46,0,6,1
03,12,230,80,52,40,1,7,-4
03,12,210,90,42,24,-1,8,5
03,12,190,40,46,40,4,8,9
03,12,250,20,58,58,2,8,1
03,12,210,20,43,43,0,8,12
03,12,100,40,53,47,0,3,13
03,12,120,50,119,69,0,3,14
03,12,220,40,173,95,0,7,6
03,12,230,30,114,88,0,3,6
03,12,30,20,109,52,0,6,1
03,12,90,50,96,40,0,4,10
03,12,110,30,96,44,-1,6,11
03,12,220,30,124,33,0,7,-4
03,12,320,50,88,34,0,7,-1
03,12,270,40,86,46,0,7,-2
03,12,220,70,61,52,8,8,1
03,12,330,70,63,36,-1,7,-3
03,12,280,40,91,91,4,8,1
03,12,220,60,91,65,0,8,4
03,12,220,70,157,88,0,5,9
03,12,200,30,114,86,0,8,-6
03,12,10,30,102,30,0,5,7
03,12,350,30,96,41,0,2,10
03,12,180,40,136,20,0,2,6
03,12,200,50,164,96,0,6,6
03,12,100,30,177,106,0,3,1
03,12,320,70,47,28,-1,7,11
03,12,230,100,64,13,0,8,-1
03,12,260,80,64,32,-1,7,10
03,12,300,70,36,-26,1,,-7
03,12,230,20,38,-6,5,,24
03,12,230,90,82,9,0,7,5
03,12,230,80,116,80,0,7,9
03,12,250,90,113,97,-1,8,1
03,12,280,70,121,88,-1,8,0
03,12,210,30,79,13,-1,7,0
03,12,300,60,99,50,0,,3
03,12,340,10,94,23,0,,9
03,12,220,60,104,57,0,7,1
03,12,270,70,100,85,3,8,-5
03,12,320,50,75,-1,0,7,-5
03,12,290,50,92,72,-1,8,8
03,12,330,70,109,56,0,7,0
03,12,330,50,77,41,-1,,4
03,12,10,30,63,19,0,,6
03,12,210,20,80,6,0,6,18
03,12,30,10,92,30,0,8,4
03,12,170,20,143,38,0,0,15
03,12,100,20,141,40,0,5,3
03,12,210,30,124,88,-1,8,8
03,12,220,50,110,82,-1,,1
03,12,220,60,107,11,0,,-3
03,12,30,40,60,42,0,8,7
03,12,20,50,37,19,1,8,4
03,12,50,80,63,41,0,8,7
03,12,10,40,69,42,0,8,1
03,12,260,40,78,48,0,8,-5
03,12,260,30,28,17,5,8,7
03,12,50,20,21,18,5,7,6
03,12,50,40,-2,-33,0,,0
03,12,60,30,25,2,0,,2
03,12,110,20,32,-21,0,7,4
03,12,130,50,71,10,0,1,11
03,12,170,40,110,86,0,7,15
03,12,110,50,94,79,1,8,0
03,12,210,60,99,89,-1,8,13
03,12,200,60,112,94,0,,6
03,12,210,50,115,101,1,,-1
03,12,280,50,98,39,0,7,8
03,12,220,90,56,41,25,8,10
03,12,270,70,85,27,0,5,5
03,12,360,20,92,52,-1,6,1
03,12,60,50,96,54,0,7,10
03,12,40,30,59,35,0,,3
03,12,200,20,58,50,0,,6
03,12,340,60,42,-14,-1,7,9
03,12,90,50,52,-18,0,7,-3
03,12,80,80,11,4,14,8,3
03,12,310,30,37,28,0,8,1
03,12,100,50,86,81,29,8,3
03,12,80,40,112,80,0,,0
03,12,30,60,29,13,0,,-1
03,12,100,40,39,-9,0,7,1
03,12,120,60,51,-4,0,8,-5
03,12,160,60,113,52,-1,7,8
03,12,210,70,65,51,10,8,4
03,12,260,50,104,52,0,5,-2
03,12,200,70,134,54,0,,-3
03,12,290,30,57,45,0,7,13
03,12,230,20,49,-37,0,,9
03,12,240,50,77,29,0,,-5
03,12,260,30,94,58,0,7,0
03,12,200,20,85,56,0,7,5
03,12,240,70,81,50,0,8,0
03,12,290,100,114,26,0,6,8
03,12,230,60,117,38,0,6,7
03,12,230,50,100,80,0,,7
03,12,210,70,101,22,0,,12
03,12,200,50,133,64,0,6,9
03,12,20,20,92,77,1,8,9
03,12,40,50,52,41,3,8,3
03,12,80,90,39,11,0,7,11
03,12,100,70,65,33,0,8,10
03,12,160,30,142,78,0,,14
03,12,180,50,156,85,0,,-9
03,12,190,80,125,84,0,7,5
03,12,280,60,109,71,0,6,8
03,12,280,60,131,86,0,,-1
03,12,280,70,130,102,0,7,5
03,12,10,50,86,72,-1,7,7
03,12,40,40,86,-2,0,,2
03,12,70,30,68,4,0,,10
03,12,30,20,78,-11,0,5,9
03,12,80,10,88,-7,0,7,5
03,12,60,50,90,-24,0,5,10
03,12,110,50,119,2,0,1,5
03,12,150,50,130,16,0,0,17
03,12,210,20,140,38,0,,11
03,12,210,60,154,61,0,,10
03,12,200,40,122,64,0,,8
03,12,990,10,105,74,0,,4
03,12,230,30,77,42,0,6,9
03,12,140,50,97,26,0,7,10
03,12,190,50,135,98,0,7,12
03,12,300,50,68,54,-1,8,5
03,12,190,60,92,41,0,7,3
03,12,260,80,100,19,0,,4
03,12,230,80,119,57,0,,3
03,12,240,70,135,60,0,7,7
03,12,230,70,107,100,2,8,0
03,12,310,50,92,59,-1,7,-3
03,12,40,20,79,14,0,1,11
03,12,60,50,88,-40,0,0,15
03,12,70,70,102,-16,0,,-2
03,12,120,30,108,-7,0,,7
03,12,330,40,95,26,0,1,-4
03,12,80,40,107,33,0,1,14
03,12,340,40,96,22,0,1,-5
03,12,990,10,67,5,0,5,10
03,12,90,50,88,-6,0,1,9
03,12,120,60,114,-48,0,,10
03,12,180,20,141,-52,0,,11
03,12,220,70,207,13,0,0,5
03,12,40,10,162,54,0,6,5
03,12,60,30,164,39,0,3,7
03,12,290,20,172,14,0,1,2
03,12,90,60,189,49,0,1,10
03,12,280,30,179,78,0,,5
03,12,30,20,145,56,0,,11
03,12,20,20,106,17,0,1,17
03,12,330,30,28,-35,0,2,7
03,12,280,50,65,20,0,5,6
03,12,210,10,48,38,0,6,18
03,12,130,40,81,5,0,7,15
03,12,120,60,75,-16,0,5,0
03,12,260,40,29,10,0,,-2
03,12,250,20,71,41,0,,10
03,12,360,40,66,-2,0,1,-2
03,12,40,70,24,-12,-1,8,-4
03,12,40,40,18,2,-1,8,1
03,12,80,40,49,3,0,5,1
03,12,120,70,50,-6,0,8,9
03,12,230,90,99,45,0,,6
03,12,200,100,130,47,0,,1
03,12,240,70,129,77,0,7,2
03,12,230,60,151,114,0,8,11
03,12,220,40,194,89,0,0,9
03,12,150,30,141,100,-1,8,1
03,12,210,130,130,52,0,7,-5
03,12,230,110,122,108,0,,-1
03,12,260,90,112,31,0,,-12
03,12,260,70,94,48,-1,5,-33
03,12,330,20,87,30,0,3,7
03,12,10,40,82,30,0,6,-6
03,12,40,20,69,-23,0,4,1
03,12,320,50,56,17,-1,6,-3
03,12,210,20,75,-23,0,,5
03,12,240,40,102,-1,0,,5
03,12,130,20,133,39,0,2,-8
03,12,80,80,150,9,0,0,7
03,12,100,50,165,30,0,2,9
03,12,210,70,-12,-43,0,,8
03,12,200,60,3,-26,0,,-7
03,12,40,50,-10,-25,2,,1
03,12,200,40,-11,-50,0,,7
03,12,90,30,2,-5,0,,1
03,12,320,40,5,-52,0,,9
03,12,310,40,54,19,0,,-1
03,12,310,40,62,38,0,,0
03,12,310,40,76,37,0,,-18
03,12,250,30,57,21,0,,4
03,12,260,90,73,29,0,,-3
03,12,280,90,25,4,3,,17
03,12,250,40,66,-2,0,,-1
03,12,240,50,80,-12,0,,-6
03,12,240,80,129,32,0,,3
03,12,240,90,178,94,0,,11
03,12,250,100,151,94,0,,0
03,12,250,70,99,75,0,,9
03,12,30,10,107,105,0,,1
03,12,60,40,113,52,0,,8
03,12,120,60,150,22,0,,7
03,12,140,60,167,44,0,,15
03,12,300,20,159,83,0,,6
03,12,140,50,191,115,0,,-6
03,12,220,40,143,104,0,,10
03,12,40,30,156,104,0,,-4
03,12,80,40,155,113,-1,,5
03,12,230,40,153,109,0,,-14
03,12,90,30,117,102,0,,19
03,12,100,50,146,111,0,,4
03,12,90,30,145,76,0,,13
03,12,260,70,15,0,2,,2
03,12,240,70,30,-21,0,,14
03,12,30,20,12,-8,0,,1
03,12,230,50,31,-14,0,,15
03,12,270,50,40,9,0,,-24
03,12,290,80,30,-9,1,,7
03,12,210,20,57,-20,0,,6
03,12,160,50,40,35,10,,3
03,12,300,40,71,61,0,,2
03,12,230,60,62,35,0,,-10
03,12,10,50,-4,-31,0,,-1
03,12,110,20,-7,-84,0,,5
03,12,90,40,19,-74,0,,7
03,12,120,40,24,-62,0,,14
03,12,50,50,32,-40,0,,12
03,12,70,70,34,-38,0,,2
03,12,60,50,22,-9,0,,9
03,12,60,70,50,-9,0,,-10
03,12,100,30,54,5,0,,17
03,12,20,20,53,9,0,,7
03,12,40,60,66,-58,0,,-5
03,12,20,20,51,-65,0,,-1
03,12,110,50,77,-66,0,,9
03,12,140,50,79,40,-1,,-4
03,12,240,70,136,95,0,,1
03,12,250,80,171,108,0,,2
03,12,220,120,171,91,0,,4
03,12,230,100,126,33,0,,4
03,12,250,60,113,46,0,,0
03,12,240,90,150,100,0,,-2
03,12,260,90,145,78,0,,10
03,12,250,80,92,63,1,,-1
03,12,250,70,82,27,0,,-4
03,12,320,50,65,59,-1,,-11
03,12,180,60,113,62,0,,6
03,12,270,80,63,45,1,,20
03,12,210,90,108,60,1,,-4
03,12,210,60,95,79,-1,,3
03,12,240,40,116,77,0,,8
03,12,210,60,75,70,6,,3
03,12,250,60,112,52,0,,7
03,12,220,40,130,88,0,,3
03,12,130,30,142,55,0,,9
03,12,290,30,137,79,0,,6
03,12,270,20,123,32,0,,5
03,12,990,10,127,37,0,,3
03,12,240,50,111,83,0,,-6
03,12,260,50,116,89,0,,7
03,12,270,110,81,13,0,,8
03,12,250,60,53,10,0,,-20
03,12,340,50,63,35,9,,-13
03,12,340,60,71,25,0,,14
03,12,330,50,75,29,0,,6
03,12,40,60,62,24,0,,0
03,12,40,50,85,65,0,,13
03,12,80,80,140,39,0,,-17
03,12,70,80,160,48,0,,5
03,12,90,70,159,25,0,,2
03,12,130,40,162,32,0,,7
03,12,200,50,125,92,0,,20
03,12,90,30,136,85,0,,3
03,12,50,70,146,68,0,,8
03,12,290,90,96,27,0,8,1
03,12,280,70,109,41,0,7,0
03,12,280,80,74,5,0,3,-3
03,12,340,40,59,22,-1,6,-6
03,12,350,30,50,-17,0,3,1
03,12,240,60,73,50,0,8,-2
03,12,210,40,81,40,0,8,6
03,12,210,70,94,35,0,0,4
03,12,200,60,86,65,0,8,8
03,12,150,100,80,10,0,8,-9
03,12,230,100,87,27,0,8,20
03,12,250,130,80,13,0,8,1
03,12,280,60,88,28,0,8,-20
03,12,280,70,93,16,0,2,12
03,12,160,30,125,83,0,6,11
03,12,210,40,103,89,1,8,2
03,12,310,40,51,7,-1,8,6
03,12,290,50,61,13,-1,7,8
03,12,340,60,69,8,0,4,-4
03,12,260,70,75,12,0,8,2
03,12,260,80,47,23,-1,7,-14
03,12,40,30,37,18,5,7,-9
03,12,220,30,46,-44,0,0,9
03,12,320,30,45,-40,-1,6,-25
03,12,270,40,29,14,2,4,3
03,12,230,10,32,14,-1,8,0
03,12,90,40,77,47,0,8,2
03,12,190,90,97,30,0,5,2
03,12,220,90,109,34,0,7,-3
03,12,170,40,108,56,-1,8,3
03,12,210,40,116,58,0,8,3
03,12,120,30,93,68,0,8,6
03,12,260,40,77,32,0,7,1
03,12,190,30,61,41,1,8,16
03,12,180,90,74,20,-1,8,-4
03,12,340,40,65,35,0,8,-1
03,12,320,50,55,34,2,8,5
03,12,220,60,60,41,0,8,10
03,12,280,40,90,46,0,7,6
03,12,260,60,69,14,-1,8,4
03,12,200,60,50,39,4,8,4
03,12,300,30,91,33,0,7,-1
03,12,240,50,84,77,-1,8,8
03,12,230,50,107,59,0,3,5
03,12,230,70,127,79,0,8,-5
03,12,310,50,110,43,0,8,-2
03,12,990,10,89,57,0,8,5
03,12,50,40,124,66,0,4,7
03,12,130,30,69,21,0,8,20
03,12,50,60,79,32,0,7,16
03,12,80,50,86,-41,0,0,4
03,12,270,20,102,-22,0,0,8
03,12,320,50,104,21,0,6,4
03,12,260,90,77,53,7,8,5
03,12,350,70,62,12,0,8,17
03,12,290,50,71,44,7,8,-25
03,12,200,60,69,55,3,8,6
03,12,240,100,73,23,0,8,17
03,12,280,60,48,34,10,8,17
03,12,350,40,91,40,-1,5,-10
03,12,220,30,95,-4,0,2,11
03,12,350,20,121,0,0,0,8
03,12,260,60,77,11,0,7,3
03,12,250,40,60,25,0,4,13
03,12,80,40,53,-12,0,0,9
03,12,30,50,53,-16,0,4,10
03,12,310,30,56,-56,0,7,3
03,12,40,60,20,-74,0,0,8
03,12,80,60,19,-91,0,1,7
03,12,200,20,-9,-16,-1,8,6
03,12,70,50,38,-39,0,0,-1
03,12,50,70,51,-60,0,0,10
03,12,30,40,40,-10,0,7,17
03,12,260,40,60,6,0,8,1
03,12,300,40,76,23,0,7,-4
03,12,290,50,72,41,-1,8,6
03,12,280,70,96,42,0,7,-5
03,12,220,30,65,32,0,7,10
03,12,220,60,139,34,0,0,3
03,12,200,60,178,36,0,0,1
03,12,220,80,157,80,0,8,3
03,12,210,70,159,121,0,8,4
03,12,360,40,86,65,-1,8,16
03,12,220,40,115,46,0,6,13
03,12,230,30,130,53,0,1,9
03,12,130,50,183,62,0,0,5
03,12,160,70,198,74,0,0,-3
03,12,170,40,100,86,2,8,12
03,12,230,50,118,52,0,8,5
03,12,230,90,117,20,0,8,-30
03,12,210,20,117,72,0,7,-3
03,12,190,60,131,76,-1,8,-12
03,12,190,120,104,0,0,7,2
03,12,30,50,47,22,0,5,10
03,12,40,60,60,-13,0,0,3
03,12,40,50,49,-33,0,0,7
03,12,40,30,59,-17,0,0,10
03,12,360,20,41,11,0,8,12
03,12,50,50,63,-41,0,0,2
03,12,110,50,66,-75,0,0,7
03,12,190,40,85,-62,0,0,19
03,12,250,70,77,46,0,8,4
03,12,220,110,84,49,-1,8,2
03,12,260,70,107,2,0,4,-3
03,12,130,40,116,35,0,3,12
03,12,170,40,132,74,0,8,1
03,12,990,10,123,103,0,8,14
03,12,80,60,144,93,0,0,15
03,12,60,70,86,52,0,7,13
03,12,310,30,70,47,0,8,3
03,12,220,50,66,53,0,8,3
03,12,50,20,81,-4,0,0,4
03,12,230,20,98,-31,0,2,11
03,12,260,20,129,-8,0,0,4
03,12,350,20,142,36,0,0,5
03,12,60,20,131,70,0,0,12
03,12,50,20,150,67,0,0,4
03,12,350,20,150,49,0,2,-2
03,12,20,20,80,40,-1,8,-6
03,12,50,20,111,21,0,0,11
03,12,350,20,104,17,0,1,8
03,12,230,20,134,24,0,0,7
03,12,210,40,158,89,0,7,-43
03,12,230,90,126,118,2,8,-1
03,12,990,10,81,76,0,8,0
03,12,70,40,98,70,0,8,6
03,12,210,40,115,72,0,8,4
03,12,140,40,114,52,0,7,3
03,12,160,50,49,12,0,8,1
03,12,180,30,83,18,0,8,0
03,12,200,80,62,9,0,8,-1
03,12,290,40,75,19,0,6,10
03,12,230,70,116,37,0,2,3
03,12,260,30,92,86,8,8,9
03,12,300,30,130,58,0,4,4
03,12,300,20,110,85,0,5,13
03,12,360,10,89,40,0,8,6
03,12,50,20,75,23,0,8,4
03,12,120,20,135,63,0,0,14
03,12,220,40,94,72,0,8,16
03,12,190,30,119,52,0,3,-3
03,12,260,50,96,37,0,8,2
03,12,290,30,102,9,0,7,7
03,12,240,40,126,33,0,0,8
03,12,990,10,145,48,0,0,0
03,12,70,50,183,86,0,0,2
03,12,80,30,175,80,0,0,12
03,12,40,40,182,82,0,0,2
03,12,360,20,146,65,0,0,23
03,12,40,40,155,64,0,0,11
03,12,360,40,169,62,0,1,12
03,12,330,30,173,84,0,0,7
03,12,330,50,126,59,0,7,-5
03,12,280,40,95,66,0,8,8
03,12,340,70,89,16,0,8,-8
03,12,360,30,43,7,0,8,-1
03,12,20,20,32,-23,0,8,1
03,12,990,10,44,32,-1,8,8
03,12,130,60,92,1,0,0,8
03,12,130,40,140,19,0,0,12
03,12,80,30,162,14,0,6,0
03,12,110,30,117,28,0,7,1
03,12,80,50,132,93,0,1,4
03,12,260,40,68,62,11,8,-2
03,12,20,50,0,-15,0,8,-2
03,12,50,80,-15,-60,0,8,-4
03,12,50,80,-13,-65,0,4,5
03,12,220,30,0,-58,0,8,8
03,12,360,20,23,-45,-1,6,-17
03,12,200,50,15,-3,-1,8,10
03,12,170,70,73,-9,0,8,5
03,12,160,40,84,33,0,7,3
03,12,210,60,109,-2,0,4,-1
03,12,130,20,48,32,3,8,13
03,12,30,40,0,-3,9,8,0
03,12,80,10,32,-33,0,8,1
03,12,80,100,42,-10,0,4,-2
03,12,90,90,13,-54,0,8,-1
03,12,70,110,10,-161,0,8,10
03,12,70,100,33,-105,0,0,1
03,12,80,100,38,-94,0,0,4
03,12,80,70,39,-87,0,0,10
03,12,70,40,43,-37,0,6,-4
03,12,360,20,10,-42,0,8,4
03,12,30,50,33,-44,0,2,0
03,12,60,40,31,-32,0,5,2
03,12,170,40,84,32,0,8,2
03,12,210,60,82,18,0,4,6
03,12,180,50,63,50,2,8,13
03,12,200,40,104,48,0,1,6
03,12,80,20,96,55,0,2,9
03,12,200,40,121,16,0,0,7
03,12,230,70,132,36,0,7,0
03,12,130,50,149,68,0,0,11
03,12,180,70,184,25,0,0,14
03,12,10,20,174,45,0,0,8
03,12,30,40,112,68,0,1,17
03,12,100,40,145,47,0,0,10
03,12,310,20,165,46,0,0,8
03,12,990,10,115,46,0,0,15
03,12,300,60,112,26,0,8,-6
03,12,270,60,120,73,0,8,3
03,12,270,40,123,53,0,8,-1
03,12,240,70,103,65,0,8,-3
03,12,240,90,153,64,0,1,15
03,12,170,70,194,39,0,0,7
03,12,280,40,69,61,19,8,-4
03,12,210,70,86,45,2,7,15
03,12,210,50,77,31,-1,8,-23
03,12,10,20,88,8,0,5,-17
03,12,70,50,93,5,0,6,0
03,12,990,10,97,27,0,7,-6
03,12,70,70,125,37,0,0,8
03,12,90,60,161,57,0,0,14
03,12,110,40,184,52,0,1,9
03,12,110,30,197,58,0,6,6
03,12,90,30,198,72,0,5,7
03,12,240,90,106,32,0,6,-8
03,12,250,80,79,6,0,6,3
03,12,220,100,48,30,14,8,10
03,12,270,70,63,13,0,8,3
03,12,270,30,79,22,0,8,9
03,12,230,50,84,36,0,8,-2
03,12,210,70,120,14,0,6,19
03,12,200,50,154,27,0,0,16
03,12,200,30,96,72,0,8,4
03,12,340,30,117,35,0,3,10
03,12,130,20,42,32,0,8,21
03,12,100,40,113,5,0,0,5
03,12,80,50,72,4,0,6,10
03,12,40,50,57,11,0,8,-4
03,12,50,40,59,32,0,8,14
03,12,70,50,105,34,0,1,7
03,12,80,40,162,51,0,0,4
03,12,340,40,131,75,0,2,5
03,12,290,10,71,53,0,8,3
03,12,10,30,32,26,0,8,6
03,12,300,40,74,56,2,8,3
03,12,80,50,42,-3,0,8,1
03,12,260,40,99,21,0,6,9
03,12,250,30,96,20,0,6,7
03,12,290,20,60,51,6,8,4
03,12,200,70,73,19,0,8,-13
03,12,280,70,90,17,0,8,0
03,12,190,60,84,70,10,8,-1
03,12,210,100,106,92,10,8,3
03,12,290,70,78,1,-1,4,2
03,12,280,110,106,13,0,7,-3
03,12,180,60,38,-21,0,8,-2
03,12,230,80,73,33,0,1,1
03,12,330,40,68,23,0,7,-5
03,12,150,70,17,9,15,8,-3
03,12,80,10,50,18,0,8,5
03,12,20,20,52,20,0,8,5
03,12,990,10,37,2,0,8,14
03,12,240,50,75,10,0,4,-9
03,12,150,80,68,-10,0,8,8
03,12,70,30,78,2,0,7,13
03,12,20,30,64,35,0,8,9
03,12,110,40,84,6,0,0,-4
03,12,70,60,86,10,0,1,2
03,12,60,70,78,-13,0,1,7
03,12,40,40,53,36,0,8,8
03,12,60,90,72,-8,0,7,1
03,12,90,50,104,4,0,0,0
03,12,280,20,55,37,0,8,7
03,12,340,30,64,14,0,8,5
03,12,330,30,90,24,0,8,-2
03,12,280,30,88,38,0,8,2
03,12,310,40,101,56,0,8,2
03,12,340,40,84,40,0,8,6
03,12,230,60,96,46,0,8,0
03,12,300,40,75,65,1,8,16
03,12,180,100,136,59,0,7,2
03,12,240,90,113,42,0,7,5
03,12,220,100,120,75,-1,6,0
03,12,230,120,114,26,0,5,-5
03,12,230,70,110,38,0,7,12
03,12,40,40,105,30,0,8,4
03,12,270,40,100,41,0,7,-15
03,12,250,80,78,12,-1,8,-6
03,12,160,50,91,24,-1,8,-2
03,12,210,60,144,75,0,8,-4
03,12,190,90,101,24,0,5,-2
03,12,360,30,77,49,0,8,-8
03,12,280,50,71,24,1,8,9
03,12,190,60,70,63,9,8,8
03,12,270,50,116,99,-1,8,5
03,12,110,20,104,7,0,5,6
03,12,100,20,115,32,0,8,6
03,12,110,50,136,17,0,6,1
03,12,330,20,138,52,0,8,6
03,12,240,70,149,55,0,8,4
03,12,280,30,137,27,0,8,6
03,12,170,40,152,41,0,1,7
03,12,260,50,93,4,0,8,8
03,12,270,80,126,96,0,8,3
03,12,250,70,121,103,-1,8,5
03,12,220,90,117,89,0,8,0
03,12,280,60,102,2,0,8,-4
03,12,130,60,110,3,0,4,9
03,12,80,70,130,38,0,0,6
03,12,50,70,122,42,0,8,10
03,12,50,70,140,-4,0,5,7
03,12,60,30,119,56,0,8,7
03,12,110,40,167,2,0,0,1
03,12,230,40,191,19,0,1,6
03,12,240,70,135,86,0,8,11
03,12,210,60,216,91,0,8,4
03,12,180,60,225,82,0,8,4
03,12,80,120,-12,-148,0,8,8
03,12,80,90,-20,-127,0,8,10
03,12,80,60,-1,-45,0,8,7
03,12,120,40,95,28,0,3,13
03,12,190,40,114,34,0,8,4
03,12,230,40,106,50,0,8,2
03,12,210,40,86,38,0,8,-5
03,12,200,70,64,48,6,8,-1
03,12,210,20,92,45,0,8,7
03,12,200,60,147,90,0,8,5
03,12,210,70,138,102,0,8,0
03,12,200,50,137,66,0,8,-2
03,12,290,50,44,34,5,8,2
03,12,100,40,98,44,0,2,1
03,12,110,80,108,18,0,8,6
03,12,70,60,55,40,0,8,3
03,12,60,120,-22,-73,-1,8,-5
03,12,70,100,-6,-97,0,8,2
03,12,60,70,22,-106,0,7,8
03,12,360,70,80,-59,0,1,4
03,12,270,30,68,-9,0,7,-1
03,12,290,40,83,67,-1,8,-2
03,12,210,60,60,16,0,8,6
03,12,120,30,104,20,0,5,4
03,12,330,20,124,17,0,1,3
03,12,300,30,91,18,0,3,19
03,12,150,50,101,-10,0,8,-13
03,12,170,30,79,66,8,8,-8
03,12,300,30,76,21,0,8,-13
03,12,110,60,130,23,0,6,6
03,12,200,30,118,35,0,8,-6
03,12,340,50,65,48,-1,8,5
03,12,180,60,112,57,0,8,0
03,12,210,90,113,103,4,8,-2
03,12,260,90,80,40,0,8,11
03,12,250,50,96,44,0,7,4
03,12,180,60,128,54,0,8,-4
03,12,230,120,111,48,0,5,-16
03,12,250,60,99,22,0,6,-2
03,12,230,90,112,68,0,8,-11
03,12,240,110,117,85,-1,8,-15
03,12,270,90,53,21,2,7,23
03,12,200,100,98,11,0,8,-1
03,12,230,110,65,50,13,8,9
03,12,240,80,88,78,11,8,19
03,12,250,100,128,93,0,8,6
03,12,230,100,109,69,0,8,4
03,12,270,70,65,29,7,7,11
03,12,270,60,84,0,0,6,-6
03,12,230,40,109,37,0,6,8
03,12,230,50,116,82,-1,8,-2
03,12,260,40,142,80,0,3,5
03,12,150,20,164,75,0,0,15
03,12,280,20,112,81,0,8,5
03,12,330,40,98,12,0,8,5
03,12,320,70,78,32,3,8,13
03,12,290,40,85,27,-1,8,3
03,12,260,20,112,30,0,8,-5
03,12,990,10,119,55,0,8,0
03,12,100,20,156,60,0,0,12
03,12,220,40,179,59,0,5,-5
03,12,70,70,105,55,0,7,0
03,12,220,120,93,23,0,7,-5
03,12,170,40,82,52,0,8,6
03,12,240,60,86,28,0,4,-2
03,12,240,50,91,20,0,6,18
03,12,90,50,69,46,0,8,2
03,12,320,40,72,37,0,8,16
03,12,240,60,99,13,0,4,-3
03,12,200,80,88,75,7,8,-2
03,12,290,40,70,49,2,8,5
03,12,230,80,116,109,10,8,5
03,12,240,50,125,92,0,8,7
03,12,240,100,97,-20,0,4,11
03,12,250,70,93,22,0,7,9
03,12,170,50,106,33,0,6,-1
03,12,200,70,115,59,0,8,3
03,12,350,30,116,69,0,8,13
03,12,240,50,120,25,0,8,14
03,12,230,80,153,63,0,7,7
03,12,350,30,137,85,0,8,2
03,12,20,50,81,18,0,8,2
03,12,80,110,85,3,0,1,2
03,12,80,90,80,-45,0,0,9
03,12,120,70,79,-95,0,0,11
03,12,140,70,89,-89,0,0,8
03,12,80,40,99,-61,0,2,8
03,12,70,90,106,-50,0,0,2
03,12,50,60,126,-3,0,0,11
03,12,10,60,128,16,0,0,5
03,12,20,90,61,-42,0,8,2
03,12,300,30,73,6,-1,8,2
03,12,50,40,85,-41,0,1,-2
