03,10,70,31,25,24,0,8,23
03,10,240,31,53,47,0,8,5
03,10,230,67,84,37,0,3,10
03,10,80,57,78,38,0,6,15
03,10,190,67,113,83,-1,8,0
03,10,130,36,116,93,-1,7,23
03,10,90,36,120,81,0,8,12
03,10,190,21,133,71,0,7,6
03,10,230,46,100,92,-1,7,6
03,10,210,51,125,80,0,2,12
03,10,200,57,116,97,0,7,0
03,10,200,36,110,79,0,7,26
03,10,70,21,129,69,0,0,20
03,10,200,46,148,64,0,0,14
03,10,240,57,104,104,-1,8,-5
03,10,190,46,129,94,0,7,9
03,10,240,41,108,80,0,7,4
03,10,240,57,108,87,0,7,12
03,10,210,72,94,94,14,8,7
03,10,240,82,123,95,0,6,1
03,10,240,57,107,95,2,7,-1
03,10,240,31,74,65,-1,8,-4
03,10,60,36,65,59,0,7,5
03,10,360,51,72,45,0,7,7
03,10,50,118,84,28,0,1,6
03,10,60,67,72,23,0,7,9
03,10,80,62,79,6,0,2,11
03,10,50,36,68,23,0,6,21
03,10,80,57,68,-16,0,1,2
03,10,990,15,49,-41,0,1,8
03,10,210,36,73,50,0,3,15
03,10,200,67,112,44,0,0,13
03,10,270,62,63,24,0,4,7
03,10,230,93,72,31,0,7,10
03,10,230,57,95,83,0,7,5
03,10,90,36,101,63,0,3,25
03,10,280,57,83,59,-1,7,2
03,10,200,41,107,42,0,1,14
03,10,190,31,69,62,0,8,24
03,10,990,15,82,65,0,7,11
03,10,210,67,95,57,0,1,10
03,10,250,82,53,18,0,7,3
03,10,230,129,76,65,2,8,2
03,10,240,129,87,63,-1,8,2
03,10,280,67,50,-14,0,6,1
03,10,280,41,28,19,4,8,-9
03,10,320,36,47,-5,0,6,6
03,10,220,51,84,76,0,8,7
03,10,250,21,108,67,0,1,6
03,10,320,36,83,56,0,7,5
03,10,240,98,109,80,0,8,3
03,10,250,87,111,80,0,8,-2
03,10,230,98,87,87,7,8,13
03,10,230,46,65,28,0,7,2
03,10,40,98,65,16,0,2,-2
03,10,350,57,36,24,2,8,3
03,10,210,77,36,26,2,8,6
03,10,60,26,59,42,-1,7,-6
03,10,280,46,39,2,-1,7,-1
03,10,200,26,48,11,0,7,6
03,10,190,67,82,27,0,6,13
03,10,230,46,105,42,0,7,-20
03,10,60,67,-1,-18,0,2,10
03,10,60,77,27,-11,0,3,14
03,10,50,62,-10,-40,0,7,4
03,10,60,41,-9,-41,0,3,9
03,10,250,31,19,1,0,8,7
03,10,320,41,53,53,-1,8,9
03,10,360,36,41,41,1,8,13
03,10,100,57,52,13,0,1,8
03,10,80,41,35,-24,0,1,12
03,10,230,46,88,42,0,7,7
03,10,990,15,89,56,0,7,20
03,10,210,46,116,50,0,0,18
03,10,200,31,130,54,0,1,9
03,10,210,51,128,66,0,2,18
03,10,220,26,143,59,0,0,18
03,10,230,82,144,88,0,1,8
03,10,230,93,102,71,0,7,9
03,10,250,98,101,64,0,7,-2
03,10,290,46,78,12,0,1,14
03,10,210,21,90,-6,0,2,19
03,10,240,51,132,49,0,7,13
03,10,200,57,124,81,0,7,4
03,10,250,77,82,0,0,5,9
03,10,300,46,69,-23,0,5,13
03,10,330,67,63,-9,0,6,-2
03,10,30,62,55,5,0,6,15
03,10,90,36,54,-84,0,1,9
03,10,100,51,37,-60,0,1,14
03,10,990,10,60,-59,0,1,12
03,10,990,15,100,-72,0,3,12
03,10,190,41,142,73,0,7,9
03,10,220,57,84,65,0,7,3
03,10,200,72,51,43,8,8,3
03,10,200,77,60,38,0,7,10
03,10,240,46,64,34,0,1,12
03,10,200,31,96,6,0,3,22
03,10,250,51,73,32,0,4,9
03,10,240,87,71,71,6,8,3
03,10,230,82,102,100,-1,8,2
03,10,230,72,120,97,0,5,11
03,10,290,41,90,19,0,5,9
03,10,990,10,96,17,0,5,4
03,10,240,57,65,45,-1,7,7
03,10,240,113,91,79,3,8,0
03,10,230,108,92,56,0,7,0
03,10,240,98,98,81,-1,8,0
03,10,250,103,61,15,0,6,7
03,10,260,87,44,4,-1,5,8
03,10,220,77,36,27,2,8,11
03,10,250,57,36,30,3,8,6
03,10,280,62,57,-1,0,7,9
03,10,60,46,64,2,0,7,5
03,10,190,41,76,32,0,7,3
03,10,210,103,101,88,0,8,2
03,10,260,62,81,54,-1,8,1
03,10,240,129,115,92,-1,8,5
03,10,300,77,67,5,0,6,9
03,10,130,26,62,1,0,4,-3
03,10,200,62,101,32,-1,8,7
03,10,260,93,126,88,-1,7,1
03,10,180,57,155,97,0,3,9
03,10,230,113,98,43,0,5,12
03,10,220,118,95,56,0,7,1
03,10,220,93,42,15,0,6,3
03,10,240,118,50,-13,0,5,7
03,10,240,46,33,3,0,6,5
03,10,200,93,20,-2,-1,8,-4
03,10,250,93,42,14,-1,7,6
03,10,200,67,42,12,0,3,14
03,10,210,118,70,5,0,6,9
03,10,220,51,58,31,0,4,5
03,10,140,62,92,-6,0,1,14
03,10,80,31,90,25,0,3,39
03,10,990,10,116,49,0,1,18
03,10,70,57,85,8,0,1,16
03,10,990,15,50,15,0,1,12
03,10,260,67,57,23,0,7,10
03,10,240,87,42,11,0,7,10
03,10,210,108,84,66,-1,8,4
03,10,240,108,85,38,0,5,6
03,10,280,41,54,38,-1,7,17
03,10,270,77,53,-1,0,7,0
03,10,340,67,54,-1,-1,5,-11
03,10,220,26,59,-3,0,2,6
03,10,240,46,87,16,0,2,14
03,10,240,62,120,33,0,6,7
03,10,250,77,87,72,1,8,-17
03,10,240,67,87,74,0,8,6
03,10,330,72,44,14,0,7,-8
03,10,240,93,28,-17,0,7,11
03,10,340,72,33,-32,0,1,10
03,10,250,21,54,3,0,5,9
03,10,200,57,36,35,22,8,5
03,10,300,46,35,10,0,7,2
03,10,230,26,-16,-16,0,7,19
03,10,40,31,12,2,0,7,11
03,10,230,46,-1,-2,0,7,13
03,10,280,41,41,36,-1,7,0
03,10,990,15,33,33,-1,8,5
03,10,50,72,25,25,-1,7,6
03,10,100,82,36,-13,0,0,8
03,10,80,41,50,-18,0,0,20
03,10,90,93,24,-45,0,0,10
03,10,50,57,-9,-44,0,7,-1
03,10,80,72,-21,-82,0,2,9
03,10,80,67,-9,-57,0,1,8
03,10,90,87,9,-52,0,5,16
03,10,80,51,60,-14,0,6,15
03,10,100,62,58,15,0,3,15
03,10,230,41,37,30,0,8,5
03,10,990,10,50,36,0,8,6
03,10,990,15,47,36,0,7,10
03,10,990,10,94,49,0,0,19
03,10,150,31,117,68,0,7,-14
03,10,220,77,83,59,0,7,-5
03,10,250,51,102,102,-1,8,13
03,10,40,36,75,68,0,8,7
03,10,90,82,85,54,0,7,19
03,10,10,41,59,56,-1,8,3
03,10,40,72,24,-93,0,1,13
03,10,230,46,45,-64,0,6,23
03,10,270,46,50,25,0,6,-14
03,10,300,46,2,-1,3,9,19
03,10,250,36,20,9,-1,8,0
03,10,230,50,99,74,0,4,8
03,10,220,100,139,80,0,7,3
03,10,290,20,81,37,0,5,11
03,10,90,30,84,80,-1,8,8
03,10,230,40,110,85,0,8,-8
03,10,230,30,77,76,3,8,3
03,10,180,20,117,85,0,5,20
03,10,260,30,116,60,0,3,13
03,10,60,40,106,56,0,1,18
03,10,200,20,136,17,0,0,11
03,10,990,10,63,63,0,6,22
03,10,990,10,53,53,0,7,46
03,10,220,40,103,86,0,7,14
03,10,230,70,82,58,0,8,-3
03,10,240,70,99,72,0,8,-2
03,10,240,70,109,96,0,8,2
03,10,280,40,113,85,0,7,10
03,10,200,40,103,82,0,7,17
03,10,250,60,68,58,7,8,-5
03,10,280,20,36,3,0,7,5
03,10,300,60,59,16,0,6,4
03,10,100,20,51,-2,0,3,8
03,10,200,70,72,4,-1,8,5
03,10,0,0,74,67,0,8,1
03,10,260,30,70,69,-1,8,4
03,10,210,50,97,60,0,7,13
03,10,250,60,123,63,0,4,2
03,10,290,80,72,42,0,6,-12
03,10,330,60,76,22,-1,6,3
03,10,230,30,92,55,0,7,12
03,10,230,20,115,55,0,0,7
03,10,220,80,34,-2,0,7,14
03,10,240,90,74,60,2,7,8
03,10,210,100,87,69,9,8,6
03,10,220,140,143,71,-1,8,-7
03,10,260,100,71,22,0,6,-3
03,10,210,90,75,59,2,8,-4
03,10,220,110,95,82,5,7,10
03,10,250,70,79,72,9,7,1
03,10,260,30,22,-18,0,5,13
03,10,220,50,58,11,0,2,8
03,10,180,40,37,17,-1,8,3
03,10,340,50,50,2,0,5,11
03,10,220,70,46,5,0,7,3
03,10,320,60,78,66,0,7,-3
03,10,300,40,83,63,0,7,8
03,10,260,30,82,80,-1,8,5
03,10,260,40,80,56,0,8,8
03,10,260,40,99,67,0,8,6
03,10,330,30,79,41,0,2,11
03,10,240,40,47,43,-1,8,10
03,10,40,30,59,8,0,7,11
03,10,320,20,48,-12,0,8,6
03,10,50,60,38,28,3,8,-2
03,10,90,30,37,-25,0,5,12
03,10,190,40,80,-24,0,3,8
03,10,180,60,85,-39,0,7,18
03,10,220,60,88,81,0,8,5
03,10,140,20,131,97,0,7,9
03,10,160,50,171,76,0,5,5
03,10,190,50,189,96,0,5,6
03,10,230,40,149,114,0,7,-1
03,10,220,130,82,73,8,8,5
03,10,220,90,105,103,3,8,5
03,10,220,100,89,56,0,7,1
03,10,200,60,72,46,0,8,-1
03,10,230,50,64,37,0,7,2
03,10,230,70,44,23,0,7,4
03,10,220,90,35,4,0,6,1
03,10,190,70,44,23,-1,7,11
03,10,230,70,48,41,2,8,0
03,10,130,30,46,33,0,7,14
03,10,100,50,47,22,0,4,13
03,10,80,30,98,60,0,6,25
03,10,210,40,146,84,0,6,12
03,10,990,10,66,66,0,3,20
03,10,990,10,87,59,0,7,10
03,10,80,30,81,43,0,2,11
03,10,80,20,78,32,0,5,15
03,10,220,40,92,22,0,3,15
03,10,330,30,74,30,0,7,17
03,10,300,40,69,14,0,7,0
03,10,230,110,75,39,0,8,-4
03,10,330,40,56,51,14,8,-3
03,10,250,50,76,76,9,8,6
03,10,230,70,88,56,0,8,-1
03,10,200,80,141,57,0,6,14
03,10,210,50,110,91,0,7,14
03,10,10,30,80,36,0,5,9
03,10,350,50,59,40,0,6,17
03,10,220,50,105,44,0,0,10
03,10,200,50,130,56,0,7,19
03,10,990,10,156,80,0,5,8
03,10,270,40,47,36,-1,7,-2
03,10,220,70,43,22,0,8,6
03,10,230,130,87,73,12,8,-31
03,10,270,50,29,-4,0,7,-14
03,10,230,50,45,17,0,6,0
03,10,230,80,58,11,0,7,11
03,10,220,80,76,66,-1,8,9
03,10,230,100,100,86,7,8,-2
03,10,250,80,114,100,0,8,4
03,10,990,10,66,48,0,7,-1
03,10,260,60,87,76,0,8,5
03,10,290,20,69,42,0,7,6
03,10,220,50,94,42,0,7,2
03,10,240,60,107,91,0,8,8
03,10,310,60,64,14,0,6,-11
03,10,300,40,81,62,0,8,-4
03,10,290,40,78,55,0,8,10
03,10,310,40,69,63,1,8,-2
03,10,990,10,49,49,-1,8,4
03,10,990,10,60,58,0,2,0
03,10,70,30,81,36,0,2,10
03,10,210,40,130,40,0,0,15
03,10,80,30,123,44,0,6,12
03,10,200,40,108,67,0,8,-7
03,10,230,60,113,71,0,6,0
03,10,230,50,77,38,0,4,-22
03,10,50,20,64,62,0,7,8
03,10,20,60,44,25,-1,8,2
03,10,40,80,53,44,0,8,5
03,10,20,70,63,58,2,8,1
03,10,210,20,64,54,-1,8,6
03,10,210,30,23,7,0,7,1
03,10,230,40,26,7,0,7,4
03,10,30,40,-7,-28,-1,8,0
03,10,100,30,9,8,-1,8,5
03,10,50,20,17,-19,0,8,10
03,10,90,30,49,6,0,1,21
03,10,190,50,97,79,0,8,12
03,10,90,40,87,79,-1,8,6
03,10,210,90,111,83,0,7,-1
03,10,200,70,97,87,2,8,16
03,10,210,40,117,94,-1,8,-8
03,10,270,60,95,52,0,7,-7
03,10,210,90,60,44,11,7,15
03,10,250,80,70,28,0,6,8
03,10,150,20,71,59,-1,8,7
03,10,320,20,103,81,0,7,10
03,10,990,10,76,62,0,8,1
03,10,240,70,92,63,0,7,-1
03,10,280,60,30,5,1,7,5
03,10,100,70,27,-30,0,7,0
03,10,90,60,23,18,26,8,6
03,10,340,30,86,84,-1,8,1
03,10,110,60,96,83,4,8,4
03,10,230,30,101,83,-1,7,9
03,10,20,70,28,22,-1,8,1
03,10,60,20,24,-2,0,8,5
03,10,130,50,37,-9,0,8,5
03,10,170,80,114,58,0,6,8
03,10,230,90,72,55,-1,8,-14
03,10,250,40,86,67,0,7,5
03,10,200,70,117,52,0,7,8
03,10,230,70,57,31,1,7,-12
03,10,60,30,9,-21,0,7,11
03,10,200,30,49,19,0,4,13
03,10,230,20,76,38,0,7,23
03,10,990,10,77,35,0,1,16
03,10,220,90,61,26,0,8,14
03,10,280,80,121,64,0,7,-3
03,10,220,50,89,38,0,6,15
03,10,220,60,86,65,-1,8,-2
03,10,220,80,72,15,0,1,14
03,10,200,50,114,30,0,7,13
03,10,60,30,101,79,0,7,7
03,10,40,30,78,76,2,8,2
03,10,70,60,33,4,0,8,6
03,10,90,60,55,34,0,7,22
03,10,170,20,125,76,0,7,13
03,10,200,70,139,67,0,5,5
03,10,200,80,121,70,0,7,3
03,10,250,50,90,58,0,8,4
03,10,260,50,118,97,-1,8,6
03,10,250,60,120,100,-1,8,0
03,10,270,50,94,80,-1,8,0
03,10,40,40,64,15,0,3,8
03,10,20,40,52,2,0,5,9
03,10,100,20,63,-28,0,4,9
03,10,300,20,70,-1,0,7,4
03,10,50,40,57,4,0,1,10
03,10,60,40,78,0,0,1,15
03,10,70,20,96,2,0,0,16
03,10,990,10,86,36,0,8,31
03,10,220,60,136,49,0,3,15
03,10,220,50,109,69,0,5,1
03,10,190,40,101,79,-1,7,-3
03,10,270,20,50,38,0,8,9
03,10,170,40,80,37,0,8,14
03,10,190,50,119,84,0,8,11
03,10,310,50,62,54,31,8,3
03,10,200,50,71,48,0,2,17
03,10,240,90,81,43,0,8,11
03,10,240,110,103,51,0,7,4
03,10,230,70,104,70,0,8,16
03,10,230,70,118,84,3,8,3
03,10,300,50,79,49,0,8,0
03,10,30,40,39,22,0,7,23
03,10,60,50,71,-39,0,0,7
03,10,80,70,64,-13,0,0,15
03,10,70,30,70,-12,0,0,16
03,10,340,30,93,14,0,0,13
03,10,30,40,51,26,0,1,19
03,10,990,10,94,39,0,0,10
03,10,990,10,35,9,0,8,4
03,10,90,70,66,7,0,1,14
03,10,70,50,77,-15,0,0,15
03,10,990,10,123,-62,0,0,12
03,10,210,40,160,15,0,1,21
03,10,100,10,130,66,0,8,16
03,10,40,30,129,83,0,8,15
03,10,280,10,141,83,0,0,20
03,10,70,50,172,75,0,0,13
03,10,230,50,155,98,0,6,15
03,10,360,20,114,89,0,7,12
03,10,40,40,92,23,0,7,-5
03,10,30,30,-1,-23,0,5,14
03,10,270,40,34,-4,0,,11
03,10,210,30,23,9,0,8,19
03,10,140,30,62,-5,0,8,10
03,10,90,50,51,-13,0,6,9
03,10,280,30,18,8,-1,8,6
03,10,250,30,41,35,3,8,13
03,10,40,60,22,-25,0,1,12
03,10,30,70,11,-37,0,7,-1
03,10,20,50,0,-9,-1,8,4
03,10,120,30,26,0,0,4,12
03,10,90,40,30,-12,0,8,23
03,10,220,80,91,48,0,5,8
03,10,210,90,106,40,0,4,11
03,10,220,90,116,72,0,8,11
03,10,230,70,140,104,0,8,14
03,10,200,50,176,74,0,1,18
03,10,130,10,138,104,-1,3,32
03,10,200,80,108,79,0,7,11
03,10,230,110,119,104,0,8,6
03,10,240,100,93,30,0,7,-8
03,10,240,60,72,48,1,7,13
03,10,340,20,69,28,0,5,12
03,10,320,20,51,31,0,8,8
03,10,330,30,34,-14,0,8,17
03,10,40,40,51,-13,0,6,-1
03,10,110,20,51,-34,0,2,8
03,10,990,10,71,-28,0,1,11
03,10,80,30,96,20,0,3,11
03,10,90,90,119,16,0,0,11
03,10,990,10,164,45,0,0,3
03,10,210,90,-47,-80,-1,8,6
03,10,210,90,-10,-58,-1,8,8
03,10,40,40,-17,-28,-1,8,3
03,10,210,40,-23,-51,0,0,9
03,10,340,10,-10,-15,1,8,4
03,10,30,40,-35,-61,0,8,16
03,10,330,30,23,15,0,8,7
03,10,290,40,44,28,-1,8,3
03,10,290,40,42,28,-1,8,19
03,10,250,20,47,0,0,2,2
03,10,240,100,41,22,-1,8,5
03,10,280,40,21,15,3,8,3
03,10,220,40,48,15,0,7,10
03,10,220,40,55,-5,0,8,10
03,10,230,80,97,14,0,0,15
03,10,230,90,161,77,0,0,13
03,10,250,100,135,87,0,8,0
03,10,250,90,96,71,0,8,6
03,10,260,30,117,90,0,8,8
03,10,60,20,75,66,0,7,12
03,10,80,50,119,17,0,0,17
03,10,170,60,180,71,0,3,-3
03,10,190,20,138,99,0,7,13
03,10,120,20,159,108,0,4,14
03,10,220,30,130,99,0,8,7
03,10,290,20,143,86,0,0,9
03,10,100,20,130,99,-1,8,1
03,10,240,50,134,109,0,8,-12
03,10,200,20,142,106,0,8,2
03,10,90,30,119,99,-1,7,7
03,10,90,20,113,92,0,8,22
03,10,230,70,-8,-23,0,8,4
03,10,230,70,0,-38,0,8,12
03,10,80,30,3,-23,0,8,8
03,10,220,50,-3,-16,0,7,15
03,10,240,50,-6,-11,16,8,16
03,10,270,30,8,3,4,8,15
03,10,210,40,16,0,0,7,25
03,10,190,60,34,26,1,8,5
03,10,250,50,88,83,2,8,-4
03,10,230,90,46,15,0,8,-1
03,10,350,60,7,3,1,8,-5
03,10,80,30,-28,-75,0,4,-1
03,10,70,30,-5,-83,0,0,12
03,10,80,20,9,-86,0,0,10
03,10,50,60,38,-36,0,4,10
03,10,60,60,14,-37,0,8,1
03,10,50,60,31,-15,0,7,-3
03,10,100,90,48,-16,0,2,2
03,10,60,40,-7,-10,0,8,6
03,10,60,30,24,2,0,8,13
03,10,40,50,22,-30,0,8,6
03,10,50,60,36,-44,0,1,11
03,10,70,50,45,-46,0,0,15
03,10,160,50,75,43,2,8,6
03,10,230,70,113,96,2,8,6
03,10,230,80,149,120,0,8,4
03,10,210,90,166,109,0,2,-3
03,10,230,100,115,49,0,4,3
03,10,240,60,85,60,-1,8,9
03,10,230,90,133,99,0,8,2
03,10,230,100,120,83,-1,8,5
03,10,240,80,96,57,0,8,1
03,10,260,40,78,36,0,8,9
03,10,240,120,53,36,14,8,6
03,10,180,40,108,65,0,8,13
03,10,240,80,103,54,0,6,6
03,10,210,130,110,40,-1,8,6
03,10,210,70,84,59,-1,8,5
03,10,220,40,90,66,0,2,10
03,10,200,60,86,48,0,8,8
03,10,230,50,79,47,0,2,13
03,10,210,50,104,57,0,0,7
03,10,70,40,121,47,0,0,17
03,10,230,40,103,53,0,0,17
03,10,50,30,103,37,0,0,3
03,10,110,10,105,37,0,0,18
03,10,190,60,73,51,0,8,26
03,10,240,50,82,70,1,8,6
03,10,230,100,83,72,4,8,-26
03,10,240,40,32,4,0,4,4
03,10,340,30,61,15,0,7,5
03,10,320,50,44,14,-1,7,11
03,10,320,40,44,20,-1,8,5
03,10,20,70,34,11,-1,8,0
03,10,360,40,53,47,0,8,3
03,10,70,60,105,39,0,0,9
03,10,90,90,123,32,0,0,18
03,10,80,60,118,19,0,0,14
03,10,50,10,138,39,0,0,13
03,10,200,60,123,72,0,1,8
03,10,990,10,96,75,1,8,1
03,10,40,60,112,67,0,3,11
03,10,270,100,83,24,-1,8,3
03,10,260,70,119,85,-1,8,4
03,10,270,60,71,36,-1,8,11
03,10,350,30,40,13,0,8,18
03,10,330,30,31,-5,0,6,5
03,10,210,70,53,21,0,8,9
03,10,210,50,78,49,0,8,0
03,10,200,50,73,35,0,3,18
03,10,210,110,101,47,0,8,-4
03,10,170,110,71,8,0,8,7
03,10,230,110,83,39,0,8,10
03,10,240,120,90,15,0,8,-6
03,10,250,50,77,28,0,8,5
03,10,270,40,88,66,0,8,4
03,10,160,30,122,76,0,5,11
03,10,190,40,94,87,2,8,4
03,10,360,40,55,-7,0,8,-1
03,10,310,30,51,-8,0,3,7
03,10,330,50,54,4,0,7,0
03,10,250,40,47,32,1,8,-19
03,10,290,60,35,20,8,5,11
03,10,30,50,30,19,0,8,20
03,10,340,20,9,-60,0,1,13
03,10,290,30,20,17,0,6,18
03,10,250,50,20,-3,0,7,1
03,10,230,40,37,30,-1,8,4
03,10,110,20,82,55,0,8,0
03,10,200,90,77,36,0,6,12
03,10,230,80,86,35,0,8,18
03,10,200,70,147,2,0,6,-29
03,10,220,60,108,51,0,2,7
03,10,220,30,92,60,0,0,13
03,10,270,30,73,46,0,6,4
03,10,220,70,71,31,0,3,9
03,10,180,90,84,-2,0,8,-4
03,10,330,30,40,33,0,8,7
03,10,320,60,43,30,1,8,0
03,10,230,50,38,29,0,8,15
03,10,220,80,85,77,17,8,-5
03,10,250,50,57,17,0,8,5
03,10,210,80,49,34,12,8,-2
03,10,300,30,64,33,-1,8,3
03,10,220,70,63,58,5,8,6
03,10,250,30,91,67,0,5,8
03,10,210,60,110,65,0,8,23
03,10,290,40,94,50,0,8,1
03,10,340,10,70,45,0,8,5
03,10,210,20,77,49,0,8,23
03,10,50,40,67,12,0,5,18
03,10,40,50,65,-9,0,8,14
03,10,90,30,70,-28,0,0,12
03,10,990,10,71,-23,0,0,16
03,10,320,60,75,39,0,8,13
03,10,250,60,86,43,0,8,7
03,10,310,60,58,29,0,8,8
03,10,230,60,40,29,19,8,15
03,10,220,80,69,47,1,8,4
03,10,240,70,78,30,0,6,-1
03,10,230,100,59,30,-1,8,-6
03,10,320,50,60,33,0,8,5
03,10,240,20,67,-9,0,0,13
03,10,30,20,107,21,0,0,10
03,10,240,50,46,17,-1,7,7
03,10,210,30,50,13,0,0,15
03,10,80,60,38,-7,0,1,6
03,10,40,50,18,-29,0,0,15
03,10,230,40,13,-35,0,7,9
03,10,20,80,0,-34,0,8,9
03,10,80,70,-5,-71,0,0,7
03,10,40,20,-7,-94,0,8,6
03,10,60,60,3,-82,0,0,11
03,10,50,90,31,-64,0,0,10
03,10,40,50,-13,-40,0,8,4
03,10,230,30,26,8,0,8,9
03,10,310,30,49,9,-1,8,5
03,10,250,40,56,29,0,8,5
03,10,220,50,66,40,0,7,11
03,10,280,20,61,46,0,8,2
03,10,220,60,108,27,0,0,17
03,10,190,50,141,24,0,3,19
03,10,210,50,139,67,0,8,8
03,10,220,80,148,122,1,8,-5
03,10,240,60,91,83,2,8,-2
03,10,210,40,96,58,0,8,7
03,10,190,20,98,72,0,8,14
03,10,170,60,168,54,0,0,15
03,10,190,50,174,79,0,1,9
03,10,230,40,87,69,17,8,2
03,10,230,60,101,43,0,4,14
03,10,230,80,110,45,0,5,4
03,10,280,30,109,90,0,8,7
03,10,220,70,134,74,0,7,-13
03,10,210,130,91,12,0,1,2
03,10,30,50,47,29,0,0,16
03,10,50,60,28,-13,0,0,24
03,10,50,50,19,-25,0,0,15
03,10,70,40,34,-27,0,0,19
03,10,60,40,-12,-16,0,8,3
03,10,50,60,26,-12,0,6,3
03,10,80,60,36,-63,0,0,19
03,10,200,50,65,-81,0,0,24
03,10,230,80,80,22,0,8,-2
03,10,220,120,68,32,0,8,9
03,10,250,60,90,29,0,7,10
03,10,180,50,109,30,0,2,7
03,10,200,50,112,67,0,8,9
03,10,200,30,97,85,0,8,6
03,10,70,50,126,86,0,0,20
03,10,60,80,106,61,0,4,18
03,10,320,30,48,47,0,7,4
03,10,230,40,61,39,0,8,3
03,10,60,60,67,32,0,1,14
03,10,330,10,72,-10,0,7,13
03,10,230,20,97,-26,0,0,18
03,10,990,10,126,0,0,0,7
03,10,90,20,127,51,0,0,13
03,10,70,40,127,42,0,0,12
03,10,340,20,132,29,0,0,11
03,10,50,40,89,6,0,6,10
03,10,30,30,96,44,0,1,15
03,10,360,30,84,-14,0,0,16
03,10,190,10,119,1,0,0,8
03,10,200,50,129,75,-1,8,14
03,10,200,70,109,100,24,8,7
03,10,80,20,92,89,0,8,0
03,10,100,20,74,68,0,8,3
03,10,200,40,96,65,0,8,4
03,10,140,30,112,66,0,7,1
03,10,200,110,37,7,0,8,0
03,10,160,50,67,7,0,8,5
03,10,200,80,43,15,0,8,8
03,10,270,30,56,17,0,7,1
03,10,200,60,86,27,0,2,17
03,10,230,50,84,67,0,8,3
03,10,360,20,107,65,0,1,6
03,10,230,30,65,60,0,8,13
03,10,60,30,73,49,0,8,3
03,10,80,30,81,32,0,8,4
03,10,200,20,123,51,0,0,17
03,10,240,20,126,66,0,0,15
03,10,220,30,97,71,0,8,2
03,10,240,60,84,46,0,7,-2
03,10,340,30,68,7,0,6,9
03,10,220,50,101,28,0,0,11
03,10,50,30,119,52,0,0,15
03,10,80,50,150,63,0,0,17
03,10,50,20,144,82,0,0,21
03,10,30,10,143,86,0,0,17
03,10,30,30,129,84,0,2,17
03,10,50,40,128,22,0,0,15
03,10,360,10,140,44,0,0,13
03,10,10,20,143,69,0,0,11
03,10,290,20,114,62,0,8,10
03,10,330,40,91,62,0,8,5
03,10,280,40,80,65,0,8,-3
03,10,340,20,15,9,-1,8,5
03,10,90,20,16,-28,0,8,4
03,10,40,10,23,-6,-1,8,-1
03,10,70,50,52,-7,0,0,16
03,10,90,20,128,3,0,0,16
03,10,20,20,110,20,0,8,16
03,10,210,30,120,36,0,8,5
03,10,90,30,126,90,0,8,22
03,10,240,50,86,80,10,8,0
03,10,310,30,11,2,1,8,2
03,10,40,60,-21,-59,0,8,5
03,10,40,80,-43,-60,2,8,2
03,10,210,20,-34,-76,0,0,18
03,10,350,20,-2,-26,-1,8,4
03,10,200,60,-5,-55,0,8,10
03,10,180,60,49,-38,0,7,1
03,10,200,60,77,24,0,6,0
03,10,200,60,83,-9,0,0,12
03,10,230,60,56,24,-1,8,6
03,10,990,10,32,23,13,8,-15
03,10,360,10,12,-37,0,1,9
03,10,90,70,16,-23,0,4,11
03,10,80,90,7,-46,-1,8,-4
03,10,80,90,-15,-95,0,8,3
03,10,70,80,-9,-83,0,8,10
03,10,70,80,0,-83,0,0,15
03,10,60,50,21,-73,0,2,8
03,10,50,20,36,-61,0,1,1
03,10,330,20,-14,-42,0,8,9
03,10,60,50,17,-43,0,6,7
03,10,360,30,16,-28,0,7,6
03,10,130,30,66,27,0,8,2
03,10,200,50,67,28,0,2,7
03,10,200,70,61,34,0,8,-2
03,10,200,30,71,36,0,8,11
03,10,210,20,73,46,0,1,11
03,10,210,30,87,23,0,0,18
03,10,210,60,99,28,0,0,23
03,10,150,30,134,67,0,0,20
03,10,230,20,161,-11,0,0,14
03,10,990,10,127,39,0,0,28
03,10,50,50,73,54,0,8,21
03,10,30,20,110,51,0,0,22
03,10,210,20,134,38,0,0,26
03,10,260,10,105,56,0,0,18
03,10,280,30,78,67,-1,8,17
03,10,260,40,109,73,0,8,9
03,10,240,40,98,72,0,8,7
03,10,230,70,88,60,0,8,2
03,10,240,80,118,67,0,3,8
03,10,200,50,157,33,0,0,23
03,10,220,90,106,82,6,8,0
03,10,210,90,98,46,0,8,-20
03,10,200,60,46,22,0,8,18
03,10,30,30,49,32,-1,8,10
03,10,170,20,84,2,0,0,1
03,10,990,10,65,28,0,1,22
03,10,90,20,90,24,0,8,14
03,10,50,20,127,48,0,0,20
03,10,60,30,161,64,0,0,19
03,10,70,20,187,41,0,0,6
03,10,100,20,179,71,0,5,13
03,10,240,80,95,39,0,3,6
03,10,240,60,65,8,0,2,2
03,10,200,90,52,9,0,7,13
03,10,250,50,49,17,0,8,6
03,10,230,20,54,28,0,5,15
03,10,210,30,60,23,0,8,16
03,10,200,60,82,6,0,8,19
03,10,200,40,133,-25,0,0,13
03,10,290,10,80,74,0,8,7
03,10,360,30,88,76,2,8,14
03,10,80,30,43,27,0,1,25
03,10,80,30,79,6,0,0,21
03,10,100,30,67,-4,0,0,10
03,10,60,60,55,0,0,1,4
03,10,70,50,52,32,0,8,4
03,10,80,40,67,30,0,3,20
03,10,60,50,121,42,0,0,19
03,10,340,20,111,61,0,1,19
03,10,340,20,53,44,-1,8,1
03,10,90,20,62,34,0,8,8
03,10,280,30,67,31,0,8,12
03,10,50,70,41,4,0,8,7
03,10,260,20,80,15,0,0,12
03,10,990,10,75,28,0,1,15
03,10,270,20,53,45,4,8,3
03,10,190,70,68,14,0,7,3
03,10,260,40,75,29,0,8,0
03,10,200,70,96,34,0,8,-4
03,10,220,80,97,82,3,8,1
03,10,270,70,56,23,1,8,14
03,10,280,110,105,28,0,8,-3
03,10,190,50,18,-28,0,8,12
03,10,240,50,53,36,-1,7,15
03,10,340,30,25,17,0,8,15
03,10,170,70,40,16,4,8,-6
03,10,60,20,34,30,0,8,7
03,10,260,30,32,24,3,8,-3
03,10,140,10,26,7,0,8,11
03,10,220,40,20,12,0,8,7
03,10,150,70,52,-26,0,8,14
03,10,90,30,66,-4,0,8,14
03,10,90,40,67,17,0,0,16
03,10,70,20,59,7,0,0,17
03,10,80,60,52,-3,0,0,16
03,10,70,60,40,-15,0,6,9
03,10,30,40,59,6,0,7,14
03,10,70,90,70,-24,0,3,-3
03,10,50,30,63,-1,0,0,15
03,10,260,20,13,13,0,9,5
03,10,360,30,49,26,0,8,0
03,10,340,20,52,26,0,8,9
03,10,340,30,69,40,0,8,9
03,10,220,40,86,45,0,7,13
03,10,350,40,74,47,0,8,7
03,10,230,30,80,46,0,8,5
03,10,220,70,65,57,12,8,6
03,10,190,80,115,44,0,5,11
03,10,220,110,97,52,0,8,7
03,10,190,140,110,56,0,7,-5
03,10,230,110,84,26,0,7,5
03,10,250,60,96,42,0,7,13
03,10,30,50,74,53,-1,8,-1
03,10,250,30,49,39,15,8,10
03,10,240,80,70,7,0,8,6
03,10,170,60,86,-7,0,8,6
03,10,210,30,121,60,0,8,12
03,10,200,80,81,28,0,7,13
03,10,240,40,57,45,-1,8,-1
03,10,250,20,62,52,0,8,14
03,10,200,100,57,41,3,8,-1
03,10,250,40,106,102,0,8,3
03,10,130,20,83,27,0,5,-2
03,10,990,10,109,16,0,8,13
03,10,100,40,121,6,0,8,17
03,10,280,20,94,22,0,8,18
03,10,220,40,111,44,0,8,15
03,10,210,20,119,79,0,8,11
03,10,200,20,127,61,0,1,16
03,10,280,40,97,24,0,8,7
03,10,250,50,99,95,3,8,5
03,10,240,80,111,95,0,8,7
03,10,220,90,115,67,0,8,11
03,10,250,30,93,72,19,8,4
03,10,160,50,98,21,0,0,0
03,10,60,60,97,55,0,8,17
03,10,50,70,88,44,0,8,10
03,10,50,70,111,36,0,2,15
03,10,70,50,103,39,0,8,16
03,10,90,30,137,12,0,2,17
03,10,200,30,168,65,0,1,12
03,10,250,60,116,82,0,8,16
03,10,200,60,181,87,0,8,19
03,10,200,50,193,77,0,8,10
03,10,80,100,-40,-139,0,8,16
03,10,80,80,-28,-119,0,8,6
03,10,60,40,0,-26,0,8,12
03,10,100,20,99,39,0,0,18
03,10,190,40,85,40,0,8,12
03,10,210,40,90,39,0,8,14
03,10,150,10,68,55,1,8,7
03,10,200,100,77,38,0,8,-1
03,10,190,20,74,41,0,8,6
03,10,200,60,131,82,0,8,9
03,10,200,80,140,100,0,8,-2
03,10,210,60,130,70,0,7,6
03,10,270,60,55,48,7,8,-2
03,10,190,20,90,47,0,0,11
03,10,110,50,92,28,0,8,19
03,10,240,20,78,75,15,8,6
03,10,50,100,-23,-42,-1,8,-2
03,10,50,80,-25,-64,0,8,2
03,10,60,60,-12,-87,0,8,2
03,10,360,60,48,1,0,6,11
03,10,200,40,7,-13,0,8,22
03,10,240,50,38,35,1,8,8
03,10,210,50,51,27,0,8,0
03,10,100,30,93,16,0,8,4
03,10,80,20,112,23,0,0,5
03,10,180,20,82,35,0,8,3
03,10,200,60,98,21,0,8,-2
03,10,210,60,78,53,0,8,0
03,10,230,50,70,32,-1,8,-5
03,10,140,40,121,13,0,8,11
03,10,240,40,115,39,0,5,8
03,10,260,30,64,61,0,8,3
03,10,190,50,86,57,0,8,15
03,10,210,80,98,84,6,8,2
03,10,220,110,94,40,-1,8,-37
03,10,230,60,62,35,0,8,6
03,10,180,60,114,37,-1,8,15
03,10,220,80,91,55,0,8,6
03,10,240,50,83,40,0,7,-7
03,10,230,70,100,66,0,8,3
03,10,240,90,115,78,1,7,-9
03,10,260,60,36,16,4,8,14
03,10,200,90,77,4,0,8,9
03,10,220,90,56,32,2,8,6
03,10,230,90,61,45,17,8,3
03,10,250,70,105,99,8,8,3
03,10,230,100,106,68,0,8,0
03,10,260,70,86,27,0,7,4
03,10,260,40,75,21,0,7,-2
03,10,230,30,75,-1,0,0,15
03,10,210,50,103,56,0,8,4
03,10,200,20,134,53,0,7,6
03,10,60,10,153,67,0,6,18
03,10,260,20,96,56,0,8,1
03,10,340,30,89,58,0,8,14
03,10,310,60,80,12,0,8,5
03,10,320,30,73,22,0,8,4
03,10,170,10,87,44,0,7,2
03,10,350,10,93,57,0,8,9
03,10,990,10,138,75,0,0,8
03,10,220,40,163,66,0,4,4
03,10,40,70,110,67,0,6,-2
03,10,220,80,79,18,0,8,6
03,10,190,60,80,40,0,8,6
03,10,230,60,49,25,0,8,4
03,10,220,50,62,34,0,8,0
03,10,110,40,67,59,2,8,0
03,10,300,40,50,39,0,8,6
03,10,240,30,72,36,0,3,8
03,10,210,90,97,45,0,8,0
03,10,240,50,73,34,0,8,4
03,10,220,70,93,90,15,8,9
03,10,240,50,118,115,14,8,3
03,10,260,70,94,6,0,1,4
03,10,250,70,77,31,0,8,5
03,10,190,50,92,34,0,1,16
03,10,210,80,106,60,0,8,11
03,10,320,20,119,68,0,8,13
03,10,240,40,104,48,0,8,11
03,10,220,50,138,73,0,1,6
03,10,990,10,138,82,0,0,4
03,10,30,50,80,59,0,8,5
03,10,50,90,63,16,0,6,12
03,10,80,80,58,-54,0,0,12
03,10,90,70,58,-86,0,0,17
03,10,110,40,83,-87,0,0,10
03,10,70,50,68,-73,0,0,8
03,10,80,60,73,-68,0,0,9
03,10,40,50,88,1,0,0,13
03,10,20,50,111,36,0,0,16
03,10,20,120,52,-33,0,8,-11
03,10,340,30,44,-59,0,0,16
03,10,60,40,58,-1,0,3,16
03,10,10,21,39,36,0,7,11
03,10,220,10,44,34,0,8,6
03,10,220,62,79,28,0,3,14
03,10,120,46,80,20,0,7,14
03,10,170,51,105,81,-1,8,0
03,10,130,51,115,91,0,7,22
03,10,160,51,136,76,1,7,-8
03,10,250,26,116,73,-1,7,10
03,10,240,26,104,96,1,8,2
03,10,190,57,134,72,0,1,11
03,10,230,31,114,84,0,6,11
03,10,170,36,113,87,0,5,22
03,10,120,21,130,66,0,2,19
03,10,190,36,143,62,0,1,18
03,10,240,21,96,84,0,8,6
03,10,180,46,127,78,0,7,9
03,10,230,41,113,80,0,7,7
03,10,240,36,111,74,0,7,2
03,10,210,62,116,103,0,8,6
03,10,250,62,124,81,0,7,9
03,10,260,51,109,50,0,7,2
03,10,360,26,84,18,0,4,5
03,10,70,36,70,9,0,3,13
03,10,360,51,81,39,0,2,15
03,10,60,118,88,-19,0,1,11
03,10,80,87,74,4,0,7,11
03,10,70,62,91,-2,0,0,18
03,10,40,26,90,38,0,7,8
03,10,70,57,87,-3,0,1,9
03,10,100,10,77,-38,0,6,11
03,10,250,31,82,58,0,7,24
03,10,190,51,117,42,0,1,20
03,10,260,72,69,18,0,2,6
03,10,240,77,85,43,0,7,5
03,10,200,31,96,84,-1,8,8
03,10,120,36,94,52,0,7,20
03,10,290,72,88,46,0,3,7
03,10,190,62,100,21,0,6,15
03,10,260,26,103,59,0,7,3
03,10,20,21,86,50,0,4,2
03,10,210,72,91,33,0,1,17
03,10,270,62,67,18,-1,7,3
03,10,240,87,92,78,1,8,1
03,10,250,98,85,58,1,7,17
03,10,280,82,51,-20,0,5,6
03,10,280,26,30,7,4,8,4
03,10,280,36,65,-7,0,3,9
03,10,260,31,90,81,0,8,3
03,10,130,15,87,68,0,8,10
03,10,300,36,90,38,0,7,7
03,10,250,67,102,67,0,8,-2
03,10,230,93,109,61,-1,8,-37
03,10,290,77,102,93,17,8,0
03,10,220,31,45,25,0,7,10
03,10,30,98,52,17,0,7,10
03,10,360,36,53,-9,0,7,3
03,10,220,51,33,23,1,8,5
03,10,10,51,59,47,-1,8,8
03,10,340,72,44,-4,-1,7,9
03,10,170,31,56,2,0,7,1
03,10,160,62,98,26,0,3,1
03,10,220,41,75,39,-1,7,10
03,10,50,62,10,-9,0,1,5
03,10,50,98,30,-29,0,7,21
03,10,50,67,-14,-52,0,7,6
03,10,30,36,4,-30,0,8,1
03,10,240,26,27,6,-1,8,16
03,10,320,36,68,61,0,8,9
03,10,350,31,52,40,-1,8,7
03,10,110,51,64,17,0,3,17
03,10,110,36,37,-31,0,0,16
03,10,240,36,83,36,0,7,17
03,10,200,21,106,49,0,7,13
03,10,190,26,121,41,0,0,19
03,10,120,21,115,49,0,0,20
03,10,190,46,125,47,0,3,14
03,10,210,26,140,46,0,0,15
03,10,240,62,140,80,0,4,3
03,10,250,72,112,71,0,7,11
03,10,250,72,108,66,0,8,1
03,10,280,62,75,26,0,2,17
03,10,220,21,92,32,0,7,13
03,10,260,31,113,38,0,7,10
03,10,210,51,124,77,0,7,9
03,10,260,72,83,10,0,3,12
03,10,280,62,79,4,0,6,10
03,10,340,67,57,11,-1,6,12
03,10,360,51,63,14,0,4,26
03,10,130,26,59,-80,0,1,9
03,10,110,57,52,-60,0,1,11
03,10,990,10,71,-66,0,0,10
03,10,130,46,94,-56,0,2,24
03,10,140,10,99,98,3,8,21
03,10,220,31,77,70,0,8,1
03,10,180,82,54,47,5,8,5
03,10,200,57,63,43,0,7,11
03,10,230,36,76,38,0,5,14
03,10,200,46,95,19,0,6,15
03,10,270,51,77,39,0,7,6
03,10,250,62,89,80,-1,8,6
03,10,240,57,103,101,-1,8,0
03,10,220,51,97,85,0,8,2
03,10,290,72,89,35,0,3,8
03,10,210,21,82,11,0,3,11
03,10,280,62,77,28,0,5,12
03,10,250,82,107,76,0,7,3
03,10,250,82,105,66,0,7,7
03,10,250,67,97,88,26,8,1
03,10,260,57,59,36,6,7,19
03,10,280,93,64,-1,0,6,2
03,10,230,31,42,33,0,8,14
03,10,290,98,65,16,0,7,3
03,10,290,77,66,7,0,6,5
03,10,40,41,60,26,0,7,16
03,10,220,41,49,24,-1,8,24
03,10,220,72,108,97,-1,8,1
03,10,290,77,105,24,0,3,5
03,10,250,82,109,92,-1,8,5
03,10,300,72,70,23,0,5,-9
03,10,120,26,66,5,0,4,2
03,10,200,51,95,49,0,8,5
03,10,260,57,118,88,-1,5,19
03,10,180,62,159,96,0,4,15
03,10,220,87,105,46,0,3,11
03,10,220,87,103,59,0,7,5
03,10,230,72,34,5,0,7,-2
03,10,230,93,47,-7,0,2,5
03,10,240,10,19,15,0,7,5
03,10,200,93,10,7,11,8,9
03,10,270,67,58,21,-1,6,3
03,10,200,62,51,19,0,4,15
03,10,220,72,61,18,0,3,5
03,10,220,41,66,43,0,3,21
03,10,120,67,77,13,0,4,13
03,10,140,57,97,10,0,5,14
03,10,320,10,120,83,0,4,4
03,10,80,31,103,29,0,1,19
03,10,90,15,53,18,0,0,7
03,10,270,67,70,21,0,6,0
03,10,250,51,51,18,0,2,-18
03,10,210,77,92,84,1,8,8
03,10,260,87,93,15,0,4,-6
03,10,290,93,82,11,0,3,10
03,10,300,103,62,7,0,4,-19
03,10,330,87,51,1,-1,6,15
03,10,190,36,69,-1,0,4,2
03,10,260,36,98,22,0,1,17
03,10,290,51,109,57,0,2,8
03,10,290,82,91,51,0,6,2
03,10,270,62,98,74,0,8,2
03,10,330,82,59,-13,1,4,-43
03,10,240,57,39,1,0,8,-17
03,10,340,41,52,-17,0,2,-12
03,10,280,21,66,-18,0,5,12
03,10,220,41,59,58,2,8,9
03,10,290,41,43,39,-1,8,11
03,10,10,31,30,-3,0,4,5
03,10,120,26,16,12,0,8,3
03,10,230,31,8,8,0,8,13
03,10,320,26,30,21,-1,7,-3
03,10,320,41,56,44,0,7,0
03,10,60,62,26,2,-1,7,4
03,10,110,72,40,-16,0,0,17
03,10,100,51,49,-20,0,0,12
03,10,90,51,35,-37,0,0,13
03,10,80,67,-12,-61,0,7,6
03,10,120,57,-9,-81,0,1,12
03,10,80,57,-5,-65,0,2,3
03,10,100,87,15,-54,0,4,19
03,10,90,57,28,-25,0,7,11
03,10,100,51,38,7,0,8,15
03,10,190,10,46,20,0,8,6
03,10,70,21,48,27,0,8,3
03,10,10,15,59,34,0,7,10
03,10,10,15,59,59,0,2,31
03,10,170,31,83,68,-1,8,0
03,10,190,36,77,71,-1,8,2
03,10,220,21,95,95,-1,8,7
03,10,70,26,63,63,0,8,2
03,10,90,62,92,56,0,7,11
03,10,10,82,49,29,0,8,-3
03,10,70,57,48,-109,0,1,0
03,10,270,46,57,-36,0,7,1
03,10,290,36,42,33,3,7,0
03,10,350,62,39,-9,0,6,13
03,10,280,31,44,23,1,7,3
03,10,230,30,93,71,0,4,17
03,10,220,80,117,82,0,8,10
03,10,290,20,92,23,0,7,6
03,10,100,40,87,68,-1,7,7
03,10,290,40,96,67,0,6,0
03,10,20,40,84,70,0,7,8
03,10,190,50,119,86,0,7,20
03,10,210,10,118,75,0,3,13
03,10,70,30,91,86,0,3,19
03,10,190,20,136,16,0,0,11
03,10,10,10,39,39,0,9,7
03,10,130,30,52,52,0,8,26
03,10,250,30,111,87,0,2,18
03,10,230,40,86,78,-1,8,5
03,10,260,30,90,87,1,8,6
03,10,260,40,119,105,-1,8,7
03,10,270,30,116,83,0,4,4
03,10,250,40,87,87,-1,8,-5
03,10,300,60,75,71,1,8,8
03,10,290,30,58,10,0,7,6
03,10,310,60,66,38,1,7,10
03,10,160,20,53,1,0,7,8
03,10,190,50,66,39,-1,8,-2
03,10,300,10,72,65,0,8,4
03,10,350,30,88,77,0,6,6
03,10,220,70,105,76,0,7,16
03,10,270,60,126,22,0,6,9
03,10,300,90,87,35,-1,7,-4
03,10,330,80,88,28,0,5,4
03,10,290,40,115,56,0,4,7
03,10,270,30,117,44,0,1,11
03,10,230,60,43,5,-1,7,-22
03,10,260,60,90,57,0,7,9
03,10,210,70,89,83,22,8,10
03,10,220,100,148,92,0,8,-7
03,10,270,90,74,23,0,7,-3
03,10,200,50,71,67,11,8,3
03,10,250,80,112,86,-1,7,9
03,10,290,50,75,69,19,8,5
03,10,360,50,44,9,-1,6,13
03,10,220,40,64,13,0,7,8
03,10,160,40,27,21,2,8,6
03,10,350,50,62,21,0,6,4
03,10,220,40,35,20,-1,8,0
03,10,320,40,85,76,-1,7,11
03,10,270,30,87,72,0,7,19
03,10,270,20,92,78,0,8,6
03,10,290,40,104,75,0,5,8
03,10,290,50,108,80,0,6,4
03,10,330,30,92,36,0,6,1
03,10,310,40,89,70,-1,8,3
03,10,50,20,71,33,0,7,6
03,10,340,30,75,58,-1,8,5
03,10,70,70,46,28,-1,8,-5
03,10,150,20,55,-31,0,7,9
03,10,210,40,94,-35,0,6,16
03,10,190,60,102,-24,0,7,1
03,10,230,30,96,96,-1,8,6
03,10,160,50,132,100,0,7,14
03,10,140,30,142,94,0,7,17
03,10,200,30,186,109,0,7,1
03,10,240,30,129,103,0,7,20
03,10,230,100,96,92,12,8,4
03,10,220,50,105,105,14,8,4
03,10,230,110,93,47,0,7,5
03,10,190,50,77,45,0,7,12
03,10,210,30,62,44,0,7,-3
03,10,230,50,41,30,2,7,-1
03,10,200,60,23,15,1,8,9
03,10,200,50,40,30,2,8,2
03,10,990,10,48,46,5,8,2
03,10,270,20,44,44,0,7,5
03,10,130,30,34,32,0,3,10
03,10,120,40,101,49,0,3,25
03,10,200,40,146,82,0,6,10
03,10,990,10,62,62,0,8,14
03,10,20,20,75,73,0,7,13
03,10,80,50,92,33,0,2,10
03,10,130,20,69,32,-1,7,11
03,10,190,20,94,40,0,7,21
03,10,320,40,80,47,0,7,9
03,10,290,40,87,35,-1,7,1
03,10,230,60,74,24,0,8,-11
03,10,340,80,55,35,4,7,5
03,10,290,60,91,80,-1,8,5
03,10,220,40,90,51,0,8,1
03,10,190,50,128,76,0,6,13
03,10,220,40,118,67,0,7,-1
03,10,260,20,96,48,0,3,7
03,10,10,20,79,77,0,1,16
03,10,200,50,125,36,0,2,11
03,10,200,40,130,77,0,7,21
03,10,170,40,165,99,0,1,12
03,10,280,40,72,43,0,6,0
03,10,240,50,54,27,0,7,3
03,10,290,100,52,32,9,8,8
03,10,300,80,24,16,-1,2,-25
03,10,240,30,43,25,0,7,10
03,10,230,60,70,22,0,7,14
03,10,240,60,103,82,0,8,10
03,10,260,70,107,95,22,8,2
03,10,260,80,125,98,0,7,4
03,10,210,20,67,25,-1,7,1
03,10,290,80,95,71,0,8,5
03,10,990,10,84,54,0,7,9
03,10,220,40,86,57,0,7,15
03,10,270,60,110,82,0,8,-2
03,10,320,60,64,10,-1,7,7
03,10,290,50,87,71,-1,8,5
03,10,300,40,87,67,0,7,10
03,10,330,60,77,51,0,7,-2
03,10,30,50,57,42,0,8,-4
03,10,990,10,54,38,0,7,20
03,10,990,10,71,71,0,7,17
03,10,70,20,107,47,0,1,22
03,10,70,30,121,68,0,5,14
03,10,190,30,103,94,2,8,16
03,10,250,20,96,83,-1,8,17
03,10,230,40,88,48,0,7,12
03,10,30,50,72,47,-1,8,-4
03,10,20,60,48,18,0,8,-5
03,10,50,70,52,43,0,8,7
03,10,40,60,65,49,0,8,3
03,10,290,20,66,52,0,8,5
03,10,240,20,29,14,-1,8,4
03,10,990,10,26,2,0,7,1
03,10,20,40,-9,-35,0,7,9
03,10,50,40,15,-1,-1,8,7
03,10,130,20,25,-19,0,8,3
03,10,130,40,46,7,0,1,16
03,10,180,50,98,85,0,7,18
03,10,110,30,85,77,-1,8,2
03,10,210,60,91,84,5,8,7
03,10,190,50,101,95,1,8,9
03,10,220,50,121,93,-1,7,-13
03,10,280,40,84,45,0,4,12
03,10,210,60,68,47,-1,8,-13
03,10,270,60,71,33,0,5,13
03,10,240,30,89,60,0,4,10
03,10,60,30,87,64,0,8,-2
03,10,60,40,55,27,0,8,3
03,10,30,10,40,36,-1,8,3
03,10,310,50,19,7,2,4,20
03,10,120,50,33,-25,0,7,8
03,10,90,70,14,6,15,8,4
03,10,350,40,35,31,0,8,-2
03,10,120,40,88,86,22,8,2
03,10,50,40,79,76,0,8,15
03,10,30,70,27,19,-1,8,0
03,10,90,40,46,-6,0,6,1
03,10,130,50,50,3,0,8,13
03,10,180,90,108,68,0,7,5
03,10,220,40,68,62,14,8,7
03,10,240,40,87,60,0,5,9
03,10,200,70,113,53,0,7,26
03,10,260,20,46,36,4,8,10
03,10,150,10,32,-24,0,,17
03,10,230,30,61,40,0,,14
03,10,240,30,84,59,0,7,10
03,10,990,10,80,51,0,7,5
03,10,230,60,75,45,-1,8,6
03,10,280,70,113,70,0,4,2
03,10,220,40,95,50,0,5,12
03,10,240,20,91,65,-1,,0
03,10,220,60,81,24,0,,5
03,10,200,60,107,51,0,6,18
03,10,280,20,104,76,0,7,8
03,10,40,70,56,42,-1,8,-2
03,10,70,100,52,16,0,7,-12
03,10,100,70,54,27,0,7,7
03,10,160,30,114,80,0,,16
03,10,180,40,134,83,0,,6
03,10,180,70,110,89,1,6,8
03,10,260,50,100,62,0,7,2
03,10,280,80,122,92,0,7,1
03,10,260,50,124,102,0,7,4
03,10,310,70,108,82,0,7,4
03,10,20,50,71,24,0,,3
03,10,50,40,55,3,0,,8
03,10,40,20,72,-14,0,7,7
03,10,260,10,78,-4,0,7,5
03,10,60,40,83,-6,0,,5
03,10,90,40,100,1,0,1,10
03,10,120,50,100,3,0,1,15
03,10,190,20,103,42,0,,28
03,10,190,30,124,57,0,,13
03,10,200,40,100,90,0,8,11
03,10,990,10,101,95,0,5,-1
03,10,210,10,73,62,0,0,18
03,10,150,50,82,46,0,1,12
03,10,180,60,110,104,0,8,8
03,10,320,40,66,57,8,8,4
03,10,200,50,72,66,0,1,14
03,10,250,70,94,41,0,3,-2
03,10,250,80,104,58,0,6,-3
03,10,240,50,117,74,0,5,13
03,10,220,50,106,98,10,8,0
03,10,300,60,85,65,0,8,12
03,10,40,40,49,23,0,8,9
03,10,60,30,76,-27,0,0,10
03,10,110,70,69,-21,0,1,19
03,10,130,30,79,-5,0,0,21
03,10,20,30,91,6,0,0,12
03,10,50,20,46,46,0,7,33
03,10,30,20,97,12,0,1,12
03,10,150,10,37,4,0,8,14
03,10,110,50,71,4,0,0,13
03,10,100,40,86,-21,0,0,18
03,10,180,30,120,-58,0,0,22
03,10,210,40,169,27,0,1,19
03,10,40,20,127,61,0,6,23
03,10,80,50,150,60,0,1,16
03,10,30,20,126,70,0,0,19
03,10,80,50,164,66,0,1,20
03,10,250,30,169,92,0,2,6
03,10,20,30,83,60,0,3,29
03,10,20,50,88,16,0,7,9
03,10,40,40,13,-15,0,0,13
03,10,310,50,55,21,0,7,9
03,10,240,30,40,23,0,0,14
03,10,140,30,59,11,0,7,24
03,10,100,40,58,-2,0,7,6
03,10,300,40,18,10,-1,8,6
03,10,290,20,70,48,0,6,-21
03,10,10,30,35,3,0,1,19
03,10,50,70,22,-25,0,2,5
03,10,40,40,9,-3,-1,8,6
03,10,90,20,15,-3,0,7,12
03,10,130,50,38,-13,0,7,7
03,10,220,70,89,42,0,8,2
03,10,210,70,115,60,0,8,8
03,10,230,50,119,82,0,8,8
03,10,230,50,130,107,0,8,24
03,10,210,30,162,91,0,0,17
03,10,170,10,109,99,1,7,25
03,10,210,80,113,65,0,5,9
03,10,240,70,113,102,5,8,8
03,10,250,80,106,41,0,7,10
03,10,280,60,77,39,0,8,4
03,10,130,20,69,40,0,8,8
03,10,50,20,62,58,0,8,22
03,10,990,10,57,5,0,8,2
03,10,350,50,54,3,0,4,11
03,10,200,20,63,-9,0,2,14
03,10,240,30,89,-3,0,8,9
03,10,210,10,85,46,0,8,26
03,10,60,60,124,30,0,0,21
03,10,120,30,147,28,0,0,16
03,10,220,60,-22,-40,-1,7,7
03,10,190,70,4,-29,-1,8,-5
03,10,40,50,-15,-29,-1,8,2
03,10,200,40,-35,-57,0,5,15
03,10,0,0,3,-1,0,9,31
03,10,20,40,-11,-55,0,3,9
03,10,340,50,46,28,0,8,12
03,10,320,50,56,37,2,8,10
03,10,340,50,61,36,1,7,6
03,10,220,30,50,2,0,6,6
03,10,260,70,60,27,0,8,12
03,10,300,90,38,7,-1,6,-3
03,10,230,30,60,0,0,4,7
03,10,220,30,61,23,0,7,8
03,10,220,50,103,20,0,0,13
03,10,250,60,145,85,0,1,18
03,10,250,70,129,90,0,8,6
03,10,270,50,86,68,0,8,9
03,10,20,20,95,70,0,8,8
03,10,80,40,97,52,0,1,13
03,10,110,50,124,22,0,1,18
03,10,150,50,148,50,0,5,13
03,10,210,20,147,86,0,1,4
03,10,150,50,157,93,0,8,13
03,10,220,20,120,112,0,8,5
03,10,990,10,121,121,0,5,10
03,10,120,20,128,104,0,7,13
03,10,240,20,112,109,-1,8,2
03,10,80,30,102,95,0,8,14
03,10,100,40,134,106,0,5,13
03,10,70,30,115,78,0,7,1
03,10,260,60,14,-9,0,8,3
03,10,220,40,21,-7,0,5,4
03,10,40,20,3,-11,0,8,7
03,10,230,40,15,-12,0,1,14
03,10,290,60,9,3,3,7,20
03,10,300,50,38,18,-1,3,-12
03,10,240,20,44,19,0,0,11
03,10,180,50,39,33,-1,8,4
03,10,290,50,72,69,-1,8,-2
03,10,220,50,50,33,-1,8,-1
03,10,30,90,5,-12,-1,8,-2
03,10,80,20,-4,-70,0,5,3
03,10,130,40,3,-76,0,0,15
03,10,130,30,15,-50,0,8,18
03,10,80,40,35,-37,0,0,16
03,10,70,50,21,-16,0,8,6
03,10,70,50,31,-7,0,3,0
03,10,70,60,44,-10,0,1,11
03,10,80,50,12,-3,0,8,20
03,10,10,30,50,11,0,8,1
03,10,40,60,33,-38,0,8,22
03,10,50,30,50,-21,0,5,2
03,10,120,60,56,-41,0,0,14
03,10,130,50,80,23,0,7,-4
03,10,230,50,118,101,-1,8,16
03,10,250,60,147,112,0,7,24
03,10,210,80,171,108,0,5,2
03,10,230,70,116,53,0,7,-2
03,10,270,50,97,59,0,8,9
03,10,240,80,139,102,0,7,4
03,10,240,80,129,91,0,8,6
03,10,260,50,62,45,18,8,20
03,10,250,50,77,29,0,5,0
03,10,270,100,79,67,5,8,-3
03,10,160,30,92,72,0,4,16
03,10,240,80,100,42,0,3,-33
03,10,210,80,94,62,7,8,-3
03,10,220,40,93,74,-1,8,3
03,10,270,30,97,93,0,4,16
03,10,210,50,77,63,1,8,0
03,10,240,50,94,53,0,1,17
03,10,230,40,88,79,0,8,10
03,10,170,30,123,55,0,0,19
03,10,290,40,114,70,0,0,21
03,10,270,20,111,15,0,2,11
03,10,220,20,117,50,0,0,9
03,10,240,40,104,74,0,8,1
03,10,280,60,105,75,0,8,7
03,10,280,80,80,45,5,7,-2
03,10,240,50,43,5,0,8,3
03,10,330,50,71,15,0,5,-11
03,10,360,90,69,18,0,8,14
03,10,350,80,77,11,0,4,7
03,10,30,70,47,8,0,8,6
03,10,30,60,72,62,0,8,2
03,10,60,60,114,39,0,4,15
03,10,100,80,136,39,0,0,21
03,10,110,60,135,23,0,0,16
03,10,120,30,139,40,0,0,20
03,10,160,30,103,82,0,7,27
03,10,80,40,98,75,0,8,11
03,10,60,70,126,58,0,3,11
03,10,280,110,92,41,0,8,5
03,10,290,90,108,72,-1,8,6
03,10,280,90,72,10,-1,,7
03,10,350,70,73,0,0,0,-9
03,10,10,50,47,-3,0,1,6
03,10,240,40,68,54,-1,8,11
03,10,220,60,93,44,0,5,6
03,10,200,50,78,55,0,1,7
03,10,200,80,86,64,-1,8,2
03,10,170,100,71,23,0,8,11
03,10,240,100,90,31,0,7,16
03,10,260,100,81,8,0,8,4
03,10,270,60,90,33,0,7,-4
03,10,290,70,93,59,0,6,1
03,10,170,30,121,90,0,8,11
03,10,210,30,102,92,4,8,9
03,10,330,40,62,-5,0,8,2
03,10,350,50,62,2,0,7,2
03,10,350,70,65,15,0,6,-1
03,10,250,40,69,49,0,8,8
03,10,300,100,54,12,-1,5,-2
03,10,40,40,62,45,0,5,1
03,10,210,40,33,-39,0,0,13
03,10,300,50,46,6,0,2,-13
03,10,300,40,1,-5,2,7,52
03,10,70,20,38,33,3,8,5
03,10,130,30,60,51,0,8,1
03,10,200,70,85,49,0,1,8
03,10,260,80,94,27,0,4,15
03,10,160,60,98,54,6,8,6
03,10,240,40,106,52,0,4,12
03,10,140,40,63,61,0,8,21
03,10,290,30,66,43,0,8,18
03,10,190,50,53,44,2,8,5
03,10,180,90,55,22,5,8,0
03,10,320,20,50,46,0,8,12
03,10,320,80,59,24,0,8,12
03,10,230,20,34,34,0,9,25
03,10,270,30,82,62,4,7,20
03,10,270,80,69,13,0,7,4
03,10,200,60,52,40,20,8,4
03,10,330,60,81,29,0,6,12
03,10,240,40,86,82,-1,8,3
03,10,250,20,94,58,0,5,11
03,10,220,50,111,72,0,6,8
03,10,300,70,104,52,0,8,11
03,10,990,10,86,61,0,8,10
03,10,20,40,110,74,0,1,12
03,10,150,30,56,41,0,7,23
03,10,50,60,75,33,0,8,16
03,10,70,40,79,-14,0,0,3
03,10,290,20,89,-27,0,0,11
03,10,340,60,99,27,0,3,0
03,10,280,90,94,41,0,7,-8
03,10,330,70,75,29,1,5,-3
03,10,290,60,72,55,10,8,0
03,10,210,60,71,50,2,8,0
03,10,250,70,79,18,0,7,0
03,10,280,40,47,39,7,8,10
03,10,350,40,76,30,0,8,2
03,10,250,20,79,11,0,0,6
03,10,990,10,114,13,0,0,0
03,10,270,40,55,22,0,5,8
03,10,250,30,44,24,0,6,22
03,10,80,40,47,-8,0,1,6
03,10,30,50,18,10,0,8,23
03,10,280,30,40,1,0,7,6
03,10,60,60,16,-38,0,2,5
03,10,80,50,7,-70,0,2,9
03,10,250,20,-16,-28,3,8,6
03,10,60,50,17,-31,0,0,9
03,10,40,60,35,-43,0,0,10
03,10,30,60,7,-20,0,8,11
03,10,270,30,48,-2,0,8,12
03,10,320,40,60,43,1,8,8
03,10,280,50,62,37,-1,8,16
03,10,260,50,92,48,0,7,0
03,10,340,30,56,26,0,8,4
03,10,220,50,109,23,0,2,17
03,10,180,50,150,34,0,3,14
03,10,230,60,141,85,0,8,10
03,10,210,40,140,125,-1,8,6
03,10,10,60,81,74,1,8,4
03,10,210,40,104,44,0,3,7
03,10,990,10,110,60,0,1,11
03,10,150,40,148,66,0,1,18
03,10,190,60,183,91,0,0,1
03,10,240,30,110,63,0,8,4
03,10,220,40,111,54,0,8,1
03,10,240,50,114,39,0,6,-2
03,10,190,30,92,73,0,8,10
03,10,200,70,129,88,-1,7,-1
03,10,200,100,82,16,0,8,15
03,10,30,50,42,27,0,8,7
03,10,50,50,31,-13,0,0,15
03,10,30,60,18,-18,0,0,20
03,10,50,30,25,-15,0,0,14
03,10,30,20,27,6,0,8,17
03,10,50,70,49,-13,0,5,4
03,10,120,50,51,-70,0,0,8
03,10,190,30,57,-70,0,0,20
03,10,250,70,66,44,-1,8,12
03,10,230,60,82,44,0,8,-2
03,10,260,40,89,32,0,5,6
03,10,160,40,104,35,0,2,10
03,10,180,40,100,83,1,8,16
03,10,20,10,122,111,0,8,6
03,10,80,60,116,86,0,3,18
03,10,60,60,80,55,0,8,4
03,10,330,40,59,43,0,8,6
03,10,220,30,69,51,-1,8,2
03,10,30,40,65,26,0,1,9
03,10,990,10,95,-7,0,2,2
03,10,230,20,104,-9,0,0,16
03,10,350,20,130,10,0,0,5
03,10,30,30,76,72,0,4,21
03,10,60,30,136,51,0,0,6
03,10,10,20,127,76,0,3,10
03,10,50,30,67,34,0,7,2
03,10,60,30,89,36,0,1,17
03,10,20,30,86,19,0,0,8
03,10,210,10,115,30,0,0,12
03,10,200,50,134,85,0,8,15
03,10,210,60,117,112,10,8,10
03,10,140,20,77,74,0,8,1
03,10,90,40,91,83,0,8,5
03,10,190,30,104,79,0,8,8
03,10,160,30,90,86,0,7,10
03,10,150,50,32,19,0,8,2
03,10,150,40,73,24,0,5,4
03,10,200,70,47,23,0,8,6
03,10,310,50,70,35,0,7,6
03,10,210,40,95,42,0,7,14
03,10,260,30,87,83,4,8,0
03,10,10,30,114,59,0,0,14
03,10,260,10,79,76,0,3,35
03,10,50,20,84,57,0,8,4
03,10,990,10,76,31,0,8,2
03,10,990,10,108,59,0,0,17
03,10,250,30,84,66,0,8,8
03,10,220,30,110,53,0,0,10
03,10,250,60,91,46,0,7,1
03,10,300,30,87,25,0,2,9
03,10,260,30,105,43,0,0,17
03,10,990,10,127,54,0,0,6
03,10,80,30,154,84,0,0,22
03,10,70,30,163,90,0,0,8
03,10,30,30,155,97,0,0,19
03,10,20,30,78,74,0,2,37
03,10,70,40,137,74,0,0,13
03,10,10,20,148,50,0,1,15
03,10,350,20,146,82,0,0,21
03,10,340,40,114,62,0,8,3
03,10,330,50,89,65,0,8,2
03,10,340,60,104,39,0,7,-15
03,10,20,50,49,29,0,8,-3
03,10,360,20,28,-24,0,8,2
03,10,290,20,39,10,-1,8,11
03,10,110,40,54,-4,0,0,18
03,10,150,50,109,-1,0,0,29
03,10,80,10,115,26,0,8,23
03,10,110,20,106,24,0,8,11
03,10,70,40,118,86,0,0,9
03,10,250,50,61,55,20,8,1
03,10,20,60,7,-12,0,8,-2
03,10,50,70,-18,-65,-1,8,2
03,10,50,80,-22,-78,0,7,4
03,10,240,30,-21,-47,-1,8,21
03,10,10,40,17,-24,0,1,15
03,10,200,60,25,-29,0,7,-6
03,10,190,80,60,-12,0,8,6
03,10,180,60,71,24,0,8,11
03,10,210,40,78,19,0,1,17
03,10,150,20,48,32,-1,8,-3
03,10,40,60,4,0,4,8,1
03,10,990,10,31,-33,0,7,4
03,10,110,70,38,-17,0,1,6
03,10,90,100,3,-63,0,8,2
03,10,80,90,-11,-155,0,8,11
03,10,80,90,3,-107,0,8,13
03,10,70,80,14,-94,0,0,12
03,10,70,60,20,-85,0,0,19
03,10,60,50,22,-60,0,0,13
03,10,40,20,3,-36,0,8,5
03,10,40,40,27,-33,0,5,1
03,10,40,30,36,-32,0,7,-9
03,10,160,40,63,40,0,8,6
03,10,210,50,69,34,0,0,13
03,10,170,50,55,45,1,8,7
03,10,210,20,71,45,0,8,22
03,10,230,20,91,50,0,1,11
03,10,180,40,101,39,0,2,23
03,10,210,50,107,29,0,0,11
03,10,140,50,121,75,0,0,17
03,10,190,60,144,28,0,0,21
03,10,290,20,154,38,0,0,16
03,10,60,50,94,65,0,8,11
03,10,80,20,117,55,0,0,18
03,10,20,10,144,62,0,0,15
03,10,10,10,50,40,0,8,37
03,10,310,80,103,42,0,7,7
03,10,280,70,115,72,0,8,10
03,10,280,50,119,68,0,8,0
03,10,250,40,98,68,0,8,3
03,10,220,70,123,66,0,1,21
03,10,190,70,159,48,0,0,24
03,10,300,30,73,68,13,8,-7
03,10,220,50,83,45,-1,7,9
03,10,240,40,70,40,0,8,-18
03,10,20,30,80,15,0,4,10
03,10,120,50,89,9,0,0,12
03,10,30,30,82,23,0,3,1
03,10,90,30,99,27,0,1,17
03,10,100,50,128,40,0,0,16
03,10,120,30,156,58,0,0,16
03,10,120,30,185,46,0,1,15
03,10,120,30,176,68,0,4,15
03,10,260,80,98,42,0,5,13
03,10,250,40,77,22,0,5,-6
03,10,200,70,38,25,21,8,4
03,10,280,80,61,22,0,8,1
03,10,270,30,72,36,0,7,0
03,10,240,30,75,39,0,8,12
03,10,210,60,87,23,0,7,21
03,10,210,40,123,30,0,1,15
03,10,160,30,87,62,0,8,2
03,10,360,40,107,43,0,0,4
03,10,150,20,35,32,0,7,24
03,10,120,30,83,12,0,0,20
03,10,90,50,70,15,0,0,11
03,10,30,50,46,16,0,4,7
03,10,70,50,58,37,-1,8,12
03,10,90,40,78,34,0,1,9
03,10,100,30,125,42,0,0,15
03,10,350,30,85,69,0,8,-1
03,10,30,10,65,45,0,8,-1
03,10,310,20,38,38,0,9,3
03,10,310,80,71,52,-1,8,1
03,10,90,60,45,-6,0,8,1
03,10,280,20,73,15,0,0,10
03,10,230,30,79,20,0,6,17
03,10,310,30,59,50,-1,8,3
03,10,190,70,57,29,0,8,5
03,10,290,80,80,34,0,8,16
03,10,190,70,88,66,-1,8,-5
03,10,230,40,96,84,6,8,4
03,10,300,120,73,18,-1,8,1
03,10,280,150,105,40,0,7,0
03,10,190,60,25,-14,0,8,7
03,10,250,40,62,30,3,6,16
03,10,350,30,49,26,0,7,19
03,10,150,50,36,26,12,8,-2
03,10,270,10,22,10,0,7,5
03,10,330,20,43,23,0,8,12
03,10,990,10,40,13,0,8,9
03,10,220,20,46,27,0,7,15
03,10,140,70,53,-9,0,8,15
03,10,70,20,62,-1,0,7,18
03,10,70,30,77,36,0,2,9
03,10,20,20,44,11,0,0,26
03,10,80,60,58,-1,0,0,13
03,10,90,60,40,-14,0,0,13
03,10,40,50,63,28,0,5,1
03,10,80,70,72,-5,0,5,-2
03,10,60,30,83,3,0,0,16
03,10,330,30,51,32,0,8,5
03,10,40,40,61,21,0,8,1
03,10,20,60,71,27,0,8,19
03,10,290,30,83,49,0,8,3
03,10,320,50,104,63,0,8,6
03,10,340,40,84,53,0,8,7
03,10,220,40,86,47,0,8,1
03,10,250,40,79,73,10,8,-2
03,10,170,70,121,56,0,7,1
03,10,210,80,93,52,0,7,13
03,10,210,110,97,71,16,8,13
03,10,240,70,91,40,-1,7,10
03,10,240,60,108,42,0,7,7
03,10,20,40,95,67,0,8,6
03,10,250,60,83,34,0,7,3
03,10,250,90,77,13,0,8,2
03,10,150,50,79,21,0,8,2
03,10,170,50,112,73,0,8,17
03,10,190,80,93,46,0,8,3
03,10,250,20,71,53,0,8,4
03,10,270,40,76,59,0,8,5
03,10,200,70,66,59,14,8,9
03,10,260,50,112,102,2,8,4
03,10,170,20,78,42,0,4,18
03,10,180,20,109,25,0,8,9
03,10,120,30,112,23,0,8,11
03,10,350,40,119,35,0,8,9
03,10,210,40,120,68,0,8,12
03,10,20,30,125,12,0,8,7
03,10,190,30,137,60,0,0,13
03,10,280,70,93,29,0,8,-3
03,10,270,50,114,100,-1,8,6
03,10,250,80,118,99,0,8,-1
03,10,210,70,105,86,1,8,6
03,10,280,100,87,23,0,6,6
03,10,160,50,100,5,0,0,11
03,10,90,70,119,38,0,3,5
03,10,70,60,100,37,0,1,16
03,10,50,60,125,24,0,8,10
03,10,70,40,79,44,0,8,21
03,10,110,40,151,33,0,8,11
03,10,240,20,171,28,0,0,14
03,10,230,60,133,91,0,8,3
03,10,210,50,188,87,0,8,10
03,10,190,60,200,83,0,8,10
03,10,90,100,-42,-145,0,8,14
03,10,90,100,-40,-130,0,8,11
03,10,90,50,-13,-40,0,8,9
03,10,130,30,55,23,0,8,25
03,10,180,50,89,56,0,8,10
03,10,210,30,67,38,-1,8,-1
03,10,200,40,72,39,0,7,5
03,10,190,80,58,41,6,8,1
03,10,210,30,72,39,0,8,19
03,10,190,70,140,94,0,7,6
03,10,190,60,119,107,-1,8,4
03,10,180,70,129,70,0,6,-2
03,10,310,60,55,44,-1,8,-2
03,10,160,30,98,52,0,1,3
03,10,110,50,94,26,0,8,1
03,10,90,30,73,67,-1,8,1
03,10,60,100,-26,-64,-1,8,1
03,10,70,100,-15,-93,0,8,0
03,10,70,70,1,-102,0,8,9
03,10,40,80,62,-28,0,2,11
03,10,270,30,57,-15,0,7,10
03,10,280,50,62,58,4,8,6
03,10,210,70,60,7,0,8,8
03,10,160,40,84,23,0,8,4
03,10,70,20,115,24,0,5,11
03,10,250,30,87,33,0,6,14
03,10,160,50,95,-7,0,8,3
03,10,190,50,80,63,-1,8,1
03,10,240,40,75,32,0,8,1
03,10,130,40,101,47,0,8,17
03,10,190,20,103,39,0,4,15
03,10,350,50,63,57,-1,8,8
03,10,180,40,98,64,0,8,9
03,10,210,60,110,102,5,8,5
03,10,250,50,60,44,5,8,13
03,10,230,50,72,42,0,8,11
03,10,180,70,115,46,-1,8,9
03,10,230,70,95,45,0,8,3
03,10,280,60,89,35,0,6,11
03,10,210,50,102,69,0,8,11
03,10,240,70,115,90,3,8,9
03,10,280,100,51,20,1,8,10
03,10,200,90,92,13,0,8,4
03,10,220,70,69,45,1,8,-2
03,10,220,70,77,68,17,8,8
03,10,260,70,121,96,0,8,-1
03,10,230,70,112,77,0,8,1
03,10,260,50,74,43,8,5,9
03,10,280,70,90,26,0,7,-8
03,10,180,20,74,38,0,8,19
03,10,210,40,100,80,0,8,8
03,10,230,30,119,86,0,4,0
03,10,140,30,82,81,0,8,35
03,10,290,30,103,79,0,8,6
03,10,20,30,85,27,0,8,1
03,10,340,100,101,9,-1,3,1
03,10,300,50,91,31,0,8,1
03,10,300,30,103,44,0,7,4
03,10,280,20,114,42,0,8,2
03,10,140,20,142,56,0,0,10
03,10,190,30,150,74,0,3,18
03,10,60,70,110,59,0,7,-2
03,10,220,80,77,27,0,8,10
03,10,160,40,70,57,0,8,8
03,10,210,50,65,28,0,0,13
03,10,240,40,82,43,0,8,2
03,10,100,50,59,53,0,8,4
03,10,330,60,74,40,0,8,6
03,10,230,40,84,40,0,0,13
03,10,200,70,89,65,1,8,-1
03,10,260,40,91,44,0,4,-6
03,10,230,50,112,106,9,8,3
03,10,240,40,109,92,-1,8,11
03,10,250,60,94,8,0,1,0
03,10,260,70,93,34,0,8,-7
03,10,160,40,90,43,0,5,13
03,10,210,70,108,56,0,8,-1
03,10,290,20,106,60,0,8,8
03,10,220,40,103,48,0,7,16
03,10,230,50,134,28,0,7,12
03,10,70,10,102,93,0,8,16
03,10,30,70,81,32,0,8,7
03,10,50,60,68,-6,0,0,15
03,10,80,90,64,-42,0,0,9
03,10,110,70,61,-85,0,0,17
03,10,110,40,80,-77,0,0,19
03,10,100,50,79,-86,0,0,14
03,10,70,70,89,-84,0,0,15
03,10,50,60,97,-14,0,0,17
03,10,30,80,111,-3,0,0,22
03,10,20,120,63,-48,0,5,-1
03,10,290,20,66,-13,0,8,4
03,10,50,50,71,-15,0,0,7
03,10,90,10,44,18,0,7,6
03,10,0,0,37,31,0,8,8
03,10,210,62,85,36,0,1,15
03,10,110,41,79,30,0,6,12
03,10,170,31,104,93,-1,8,6
03,10,120,31,109,92,0,7,31
03,10,110,41,113,80,-1,8,7
03,10,0,0,114,79,-1,8,18
03,10,260,26,105,97,-1,8,1
03,10,180,31,130,81,0,3,11
03,10,200,26,111,95,0,7,8
03,10,150,10,112,91,0,1,20
03,10,130,10,125,74,0,2,22
03,10,190,26,144,65,0,0,18
03,10,230,36,96,88,0,8,1
03,10,160,41,137,87,0,6,8
03,10,220,36,110,88,0,7,7
03,10,230,10,106,94,0,7,9
03,10,210,77,105,99,-1,8,5
03,10,250,62,122,92,0,7,7
03,10,250,51,112,69,0,8,1
03,10,330,21,77,50,0,6,16
03,10,50,21,70,36,0,4,12
03,10,10,46,89,29,0,3,11
03,10,50,93,85,-5,0,1,11
03,10,70,62,73,10,0,7,2
03,10,60,41,88,10,0,1,18
03,10,50,36,86,30,0,7,9
03,10,80,36,78,8,0,1,11
03,10,990,5,74,-21,0,2,3
03,10,250,21,90,66,0,7,10
03,10,180,46,114,51,0,0,20
03,10,250,77,64,23,0,5,5
03,10,220,67,73,43,0,8,17
03,10,200,36,100,91,0,8,8
03,10,110,41,93,57,0,7,25
03,10,260,57,84,57,0,7,8
03,10,180,46,104,37,0,4,14
03,10,250,21,103,70,0,2,13
03,10,270,5,85,66,0,7,4
03,10,200,67,93,45,0,1,15
03,10,240,77,58,23,0,6,-6
03,10,220,98,78,74,1,8,7
03,10,250,108,94,61,1,8,7
03,10,270,77,53,-9,0,5,5
03,10,280,15,28,12,1,8,10
03,10,310,31,59,0,0,6,8
03,10,230,36,88,84,0,8,5
03,10,330,10,92,72,0,8,13
03,10,290,26,89,51,0,6,10
03,10,240,62,110,79,0,8,-1
03,10,210,103,115,76,0,6,-54
03,10,240,82,92,91,15,8,-3
03,10,240,31,53,35,0,7,2
03,10,10,103,61,31,0,7,4
03,10,330,51,58,12,0,7,0
03,10,180,46,30,23,1,8,-2
03,10,360,31,58,48,0,8,10
03,10,290,72,47,12,-1,7,5
03,10,160,15,54,0,0,8,3
03,10,150,57,93,35,0,5,0
03,10,170,26,105,38,0,8,-12
03,10,60,67,7,-6,0,2,-2
03,10,70,87,40,-10,0,5,8
03,10,60,57,-12,-49,0,7,4
03,10,30,31,1,-34,0,7,4
03,10,230,21,19,1,-1,8,6
03,10,310,41,63,59,0,8,8
03,10,30,36,55,38,0,7,7
03,10,100,31,60,10,0,2,11
03,10,120,41,41,-23,0,0,11
03,10,230,41,75,37,0,7,22
03,10,160,5,107,46,0,4,12
03,10,210,31,119,49,0,0,23
03,10,150,26,117,42,0,1,20
03,10,170,41,123,50,0,2,19
03,10,240,21,149,57,0,0,13
03,10,240,72,141,81,0,2,12
03,10,240,87,111,74,0,7,7
03,10,260,77,108,66,0,8,0
03,10,270,46,84,22,0,2,11
03,10,230,31,90,19,0,4,13
03,10,240,41,131,40,0,7,4
03,10,200,51,124,79,0,8,5
03,10,270,77,87,11,0,2,8
03,10,290,46,82,20,0,5,-3
03,10,330,67,79,17,0,5,-1
03,10,10,51,68,17,0,2,4
03,10,90,21,61,-78,0,1,6
03,10,160,46,49,-46,0,1,1
03,10,210,15,63,-56,0,0,11
03,10,130,36,93,-43,0,2,14
03,10,200,10,120,77,0,7,27
03,10,230,51,81,69,0,8,3
03,10,180,72,53,49,10,8,4
03,10,200,57,61,41,0,7,14
03,10,230,36,71,41,0,5,13
03,10,170,57,90,19,0,7,19
03,10,270,57,77,43,0,7,4
03,10,250,67,84,83,-1,8,6
03,10,230,57,103,101,0,8,0
03,10,220,46,97,86,-1,8,5
03,10,300,57,93,39,0,4,4
03,10,200,21,81,10,0,3,11
03,10,260,57,76,31,0,6,8
03,10,250,113,105,81,1,8,3
03,10,240,103,101,72,0,6,-2
03,10,240,82,100,91,11,8,-1
03,10,250,77,66,30,-1,5,1
03,10,250,87,59,-6,0,5,7
03,10,220,51,40,36,-1,8,10
03,10,290,62,66,32,0,7,4
03,10,280,57,65,8,0,4,3
03,10,30,51,64,15,0,6,2
03,10,230,36,51,25,0,8,13
03,10,230,103,106,98,-1,8,2
03,10,280,57,104,32,0,6,4
03,10,240,108,112,91,0,8,1
03,10,340,77,60,32,1,7,-3
03,10,150,21,59,3,0,3,6
03,10,200,57,97,49,0,7,11
03,10,260,77,126,92,0,8,4
03,10,170,62,157,98,0,2,7
03,10,230,103,103,42,0,3,13
03,10,210,93,107,63,-1,6,0
03,10,230,87,39,18,1,7,-18
03,10,240,123,52,-17,0,2,9
03,10,240,21,19,9,0,7,16
03,10,190,77,8,7,10,8,5
03,10,260,87,56,17,-1,7,3
03,10,210,67,45,12,0,1,17
03,10,210,77,60,8,0,5,6
03,10,220,46,72,45,0,2,10
03,10,130,62,74,4,0,2,15
03,10,130,46,98,9,0,4,13
03,10,0,0,125,76,0,3,10
03,10,120,26,101,4,0,0,16
03,10,100,21,46,4,0,1,8
03,10,270,51,65,22,0,6,11
03,10,230,67,53,20,0,7,-6
03,10,220,87,91,80,-1,8,6
03,10,260,108,91,18,0,5,10
03,10,280,72,79,20,0,5,-1
03,10,300,36,43,25,17,7,-9
03,10,340,51,60,23,2,3,-17
03,10,220,36,72,-5,0,2,-1
03,10,270,36,102,16,0,1,14
03,10,240,46,114,46,0,3,6
03,10,290,51,79,50,-1,6,18
03,10,260,62,94,72,0,8,6
03,10,330,82,43,20,6,3,-16
03,10,240,113,38,-10,0,8,-10
03,10,340,72,51,-42,0,2,8
03,10,30,10,69,-10,0,4,3
03,10,220,62,54,54,9,8,6
03,10,290,41,42,27,-1,8,6
03,10,340,36,20,-9,0,4,19
03,10,30,21,16,15,0,7,5
03,10,240,36,7,7,0,7,8
03,10,300,31,33,26,-1,8,-2
03,10,310,36,54,42,0,7,2
03,10,70,67,39,1,0,5,3
03,10,110,57,40,-22,0,0,14
03,10,110,51,47,-28,0,0,16
03,10,90,51,32,-45,0,0,13
03,10,60,51,-16,-63,0,6,22
03,10,110,46,-13,-80,0,1,7
03,10,90,41,-12,-71,0,1,9
03,10,100,57,17,-54,0,2,10
03,10,80,41,29,-24,0,7,10
03,10,90,41,45,8,0,8,17
03,10,180,21,45,28,0,8,12
03,10,60,21,45,22,0,8,3
03,10,990,5,57,34,0,8,12
03,10,20,15,73,58,0,0,28
03,10,160,26,107,63,0,7,-14
03,10,180,26,75,71,-1,8,10
03,10,220,31,96,96,-1,8,8
03,10,20,31,72,72,0,8,1
03,10,100,41,96,50,0,7,7
03,10,20,72,58,30,0,8,-9
03,10,70,67,38,-117,0,1,11
03,10,280,51,54,-53,0,6,7
03,10,310,62,53,27,-1,6,-26
03,10,310,36,28,28,-1,5,24
03,10,290,21,27,23,1,7,12
03,10,230,50,106,64,0,2,15
03,10,240,90,116,86,0,8,7
03,10,280,20,88,34,0,6,7
03,10,90,30,91,74,-1,7,1
03,10,310,20,101,89,0,5,7
03,10,10,50,82,76,0,8,5
03,10,170,30,122,92,0,7,17
03,10,260,20,114,67,0,3,19
03,10,60,20,95,84,0,0,20
03,10,170,20,139,45,0,0,11
03,10,20,10,41,41,0,8,5
03,10,120,20,59,56,0,8,19
03,10,270,30,114,95,0,5,16
03,10,220,50,84,70,0,8,5
03,10,250,60,96,87,-1,8,3
03,10,260,50,122,106,-1,8,1
03,10,330,40,118,77,0,4,3
03,10,210,50,105,91,0,8,10
03,10,280,20,66,57,10,7,21
03,10,280,30,56,-7,0,7,2
03,10,300,60,60,30,-1,7,12
03,10,120,10,58,6,0,7,3
03,10,180,50,66,17,4,8,4
03,10,40,10,76,72,0,8,6
03,10,350,20,81,77,0,8,7
03,10,220,60,106,77,0,7,12
03,10,260,60,129,33,0,5,11
03,10,300,90,81,36,0,7,0
03,10,330,80,84,26,0,5,4
03,10,300,20,119,58,0,3,-1
03,10,220,40,119,44,0,1,10
03,10,220,90,40,2,0,7,7
03,10,250,70,90,59,0,7,9
03,10,210,80,82,79,22,8,8
03,10,220,130,153,88,0,8,0
03,10,260,120,79,24,0,5,-1
03,10,200,50,66,65,9,8,8
03,10,240,90,106,90,0,7,9
03,10,280,40,74,68,8,7,-1
03,10,290,10,37,9,-1,2,1
03,10,220,50,65,12,0,4,14
03,10,140,50,22,19,-1,8,10
03,10,350,60,66,21,0,6,-1
03,10,220,60,48,13,-1,8,-10
03,10,330,40,80,72,-1,7,8
03,10,300,40,91,69,0,7,9
03,10,260,20,91,88,0,8,7
03,10,270,40,93,64,0,8,18
03,10,280,40,104,73,0,7,12
03,10,350,40,94,42,0,3,2
03,10,300,40,83,59,0,8,5
03,10,360,30,67,24,0,7,6
03,10,270,20,57,53,-1,8,19
03,10,50,70,43,18,-1,8,0
03,10,150,40,57,-29,0,6,14
03,10,210,30,101,-39,0,6,4
03,10,190,60,101,-54,0,6,10
03,10,220,50,92,92,-1,8,6
03,10,170,30,129,95,0,7,9
03,10,120,10,142,96,0,7,28
03,10,190,30,187,95,0,7,12
03,10,250,30,136,108,0,8,14
03,10,220,140,98,87,4,8,4
03,10,230,80,106,106,5,8,6
03,10,230,90,99,55,0,6,0
03,10,180,60,81,47,0,7,5
03,10,210,40,64,45,0,7,7
03,10,230,60,45,30,-1,8,4
03,10,200,70,29,16,-1,8,8
03,10,200,60,38,32,6,8,7
03,10,990,10,55,55,5,8,-3
03,10,250,10,36,36,0,8,14
03,10,120,30,19,19,0,7,17
03,10,120,30,94,44,0,3,17
03,10,220,40,153,90,0,5,17
03,10,0,0,65,65,0,8,13
03,10,30,10,86,56,0,7,11
03,10,70,50,88,25,0,3,15
03,10,990,10,91,47,-1,7,4
03,10,260,30,109,41,0,7,1
03,10,310,50,84,49,0,7,8
03,10,280,40,75,43,-1,7,1
03,10,230,90,70,40,-1,8,-4
03,10,330,90,56,48,4,8,2
03,10,280,50,88,86,2,8,1
03,10,220,60,90,57,0,8,0
03,10,210,50,131,76,0,4,18
03,10,230,40,110,83,0,8,8
03,10,330,10,96,49,0,5,13
03,10,360,30,71,47,0,1,17
03,10,220,40,120,28,0,3,11
03,10,170,50,147,88,0,7,4
03,10,130,30,167,99,0,3,9
03,10,270,50,61,36,-1,7,14
03,10,230,70,51,24,0,6,7
03,10,300,70,55,39,57,8,-1
03,10,290,50,26,5,-1,3,8
03,10,240,40,24,12,0,7,13
03,10,220,80,67,15,0,7,19
03,10,230,70,90,79,-1,8,16
03,10,250,80,105,94,20,8,3
03,10,280,80,124,96,0,8,4
03,10,0,0,69,26,0,8,3
03,10,290,60,94,67,-1,7,2
03,10,320,10,83,38,0,7,7
03,10,220,50,98,57,0,7,-1
03,10,260,60,109,85,0,8,5
03,10,310,60,54,10,-1,6,14
03,10,290,40,85,68,-1,8,6
03,10,300,40,89,63,0,7,19
03,10,340,50,79,57,1,7,5
03,10,20,40,56,42,0,8,2
03,10,990,10,35,32,0,6,19
03,10,990,10,86,46,0,7,6
03,10,990,10,114,39,0,1,16
03,10,50,20,123,53,0,6,15
03,10,200,30,114,89,-1,8,9
03,10,220,60,107,76,0,6,-7
03,10,210,50,98,50,0,5,-3
03,10,40,50,63,39,-1,8,-2
03,10,10,50,49,17,-1,8,-4
03,10,40,70,55,40,0,8,5
03,10,40,60,66,45,0,8,3
03,10,240,30,70,46,0,8,8
03,10,250,20,31,18,-1,8,5
03,10,250,10,30,6,0,7,7
03,10,40,30,-2,-32,0,8,0
03,10,70,30,13,4,-1,8,5
03,10,80,20,24,-22,0,8,3
03,10,120,40,43,-3,0,1,13
03,10,160,50,79,69,0,7,31
03,10,120,40,83,70,-1,8,7
03,10,200,60,91,83,6,8,6
03,10,190,50,103,93,2,8,7
03,10,220,50,130,87,0,7,-14
03,10,280,60,91,48,0,5,-4
03,10,200,90,69,50,1,7,-7
03,10,260,70,72,36,0,7,6
03,10,200,20,89,59,0,3,7
03,10,50,40,90,67,0,8,3
03,10,60,40,61,39,0,8,1
03,10,200,20,50,46,0,8,14
03,10,310,60,37,9,0,7,15
03,10,120,50,34,-29,0,6,11
03,10,90,50,18,11,20,8,3
03,10,350,30,43,41,0,8,5
03,10,120,40,86,82,24,8,1
03,10,60,40,79,73,0,8,4
03,10,30,70,26,14,0,8,2
03,10,70,40,36,-13,0,7,5
03,10,130,60,54,-9,0,7,-4
03,10,170,80,119,62,0,7,-3
03,10,230,50,67,60,5,8,-3
03,10,250,40,92,52,0,7,5
03,10,200,60,116,51,0,7,16
03,10,260,30,47,38,1,8,9
03,10,990,10,30,-18,0,2,12
03,10,240,40,61,26,0,5,8
03,10,230,30,78,52,0,8,8
03,10,240,10,68,52,0,8,13
03,10,230,70,69,43,0,8,5
03,10,280,70,106,58,0,6,15
03,10,220,40,99,53,0,6,13
03,10,220,40,92,86,0,7,6
03,10,220,80,86,29,0,4,11
03,10,200,40,115,50,0,6,10
03,10,0,0,92,81,1,8,2
03,10,30,60,49,42,7,8,5
03,10,60,70,30,1,0,7,0
03,10,100,50,51,22,0,7,10
03,10,180,30,118,79,0,5,19
03,10,180,40,145,81,0,7,15
03,10,190,50,104,82,-1,7,15
03,10,260,70,102,61,0,7,1
03,10,280,50,124,101,-1,7,4
03,10,260,80,125,103,0,7,7
03,10,310,60,103,84,0,8,7
03,10,10,50,70,20,0,4,10
03,10,70,40,59,10,0,6,2
03,10,60,20,68,-20,0,6,5
03,10,990,10,70,-5,0,7,8
03,10,70,40,77,-23,0,1,5
03,10,110,40,94,-4,0,1,14
03,10,130,40,101,-6,0,1,15
03,10,990,10,96,37,0,7,29
03,10,180,40,129,54,0,,21
03,10,200,40,101,81,0,5,8
03,10,230,20,104,84,0,6,4
03,10,990,10,37,36,0,8,12
03,10,140,40,72,36,0,7,16
03,10,190,40,109,95,-1,7,8
03,10,330,60,64,56,12,8,5
03,10,190,50,68,47,0,7,14
03,10,250,90,87,32,0,4,16
03,10,240,80,108,60,0,5,2
03,10,240,80,123,68,0,7,11
03,10,220,50,106,99,9,8,0
03,10,310,50,88,47,0,5,6
03,10,50,30,48,27,0,4,17
03,10,50,50,71,-31,0,1,10
03,10,80,60,70,-21,0,0,15
03,10,120,30,84,-18,0,1,13
03,10,360,30,93,15,0,1,18
03,10,40,20,45,44,0,6,26
03,10,10,10,102,5,0,1,15
03,10,330,20,43,2,0,8,16
03,10,120,50,68,-3,0,2,12
03,10,100,40,84,-24,0,1,17
03,10,120,20,119,-53,0,0,19
03,10,210,50,168,8,0,0,25
03,10,340,10,128,64,0,6,15
03,10,60,40,148,50,0,1,14
03,10,10,20,144,49,0,1,21
03,10,70,50,164,59,0,4,18
03,10,220,30,167,91,0,5,18
03,10,10,30,91,62,0,5,25
03,10,20,50,96,28,0,6,1
03,10,30,30,14,-14,0,1,9
03,10,290,40,52,22,0,7,9
03,10,230,40,29,15,0,1,25
03,10,130,30,71,-2,0,6,11
03,10,110,40,57,-14,0,7,14
03,10,300,30,17,11,0,8,6
03,10,300,30,62,51,1,7,6
03,10,360,30,34,-3,0,0,13
03,10,20,80,24,-29,0,4,7
03,10,30,50,8,-4,-1,8,4
03,10,50,30,17,-1,0,5,18
03,10,120,50,36,-17,0,6,10
03,10,220,80,95,49,0,7,5
03,10,200,90,112,49,0,5,11
03,10,230,70,120,79,0,8,12
03,10,240,60,132,106,0,8,23
03,10,220,40,170,85,0,0,17
03,10,130,20,133,94,0,7,-9
03,10,210,100,119,62,0,7,8
03,10,240,100,118,101,-1,8,2
03,10,250,110,99,32,0,6,19
03,10,280,60,74,45,0,7,13
03,10,320,20,63,57,0,5,6
03,10,360,30,53,50,0,4,19
03,10,40,30,57,-4,0,2,0
03,10,20,50,54,-13,0,4,10
03,10,230,20,62,-20,0,1,8
03,10,220,30,86,-21,0,2,10
03,10,990,10,79,25,0,7,25
03,10,70,60,129,11,0,0,19
03,10,100,30,141,23,0,2,22
03,10,200,70,-29,-58,0,,13
03,10,190,60,-2,-34,0,,3
03,10,30,50,-11,-23,0,,1
03,10,220,30,-35,-48,0,,15
03,10,120,10,-2,-8,0,,3
03,10,10,60,-11,-57,0,,10
03,10,330,50,40,25,0,,8
03,10,290,50,57,33,0,,-1
03,10,310,60,62,35,0,,4
03,10,160,20,30,26,0,,23
03,10,250,100,59,27,0,,4
03,10,280,40,29,26,20,,3
03,10,240,50,58,13,0,,9
03,10,230,50,61,16,0,,10
03,10,220,80,102,19,0,,15
03,10,230,90,161,89,0,,4
03,10,250,90,131,87,0,,8
03,10,260,50,90,67,0,,3
03,10,330,20,102,84,0,,2
03,10,50,40,93,45,0,,12
03,10,110,60,120,-3,0,,13
03,10,130,50,142,36,0,,16
03,10,220,20,147,95,0,,13
03,10,130,40,159,97,0,,10
03,10,250,20,121,108,0,,8
03,10,30,20,133,96,0,,22
03,10,120,30,139,105,0,,11
03,10,220,30,127,111,0,,-3
03,10,70,20,104,92,0,,7
03,10,100,40,143,99,0,,11
03,10,60,20,103,72,0,,24
03,10,250,90,12,0,1,,3
03,10,230,70,19,-8,0,,9
03,10,990,10,11,-19,0,,1
03,10,210,60,10,5,0,,13
03,10,250,50,9,7,-1,,15
03,10,310,60,22,4,-1,,13
03,10,250,10,43,16,0,,13
03,10,170,50,37,31,0,,3
03,10,280,50,70,68,-1,,7
03,10,230,50,57,40,1,,1
03,10,20,80,6,0,-1,,-3
03,10,50,40,-17,-77,0,,12
03,10,100,30,-1,-84,0,,14
03,10,110,30,12,-60,0,,14
03,10,50,40,34,-40,0,,5
03,10,80,60,19,-28,0,,0
03,10,60,60,25,-12,0,,6
03,10,60,50,40,-14,0,,10
03,10,30,40,-11,-11,0,,14
03,10,40,20,45,9,0,,5
03,10,50,70,35,-44,0,,16
03,10,70,40,40,-50,0,,16
03,10,110,40,54,-52,0,,8
03,10,130,40,84,13,0,,-9
03,10,230,70,126,106,-1,,-4
03,10,240,80,152,124,0,,8
03,10,200,80,173,107,0,,8
03,10,230,90,114,45,0,,7
03,10,250,60,96,69,0,,5
03,10,230,90,133,103,0,,15
03,10,240,90,124,88,0,,8
03,10,250,70,91,54,2,7,-26
03,10,260,70,73,31,0,5,8
03,10,230,100,66,59,5,8,12
03,10,160,30,92,71,0,1,15
03,10,230,100,103,48,0,6,6
03,10,200,100,107,52,-1,8,2
03,10,190,40,83,76,7,8,11
03,10,290,20,91,70,0,7,16
03,10,210,50,76,64,2,8,-1
03,10,250,50,91,55,0,0,10
03,10,240,40,84,73,0,6,23
03,10,160,20,119,38,0,0,16
03,10,270,20,111,64,0,0,18
03,10,990,10,109,26,0,0,10
03,10,190,20,116,35,0,0,4
03,10,230,40,101,71,0,8,8
03,10,270,60,102,75,0,8,4
03,10,280,60,66,47,14,8,13
03,10,230,60,51,1,0,4,0
03,10,330,50,70,21,0,7,6
03,10,10,70,47,5,0,6,15
03,10,330,70,63,14,0,8,12
03,10,30,70,48,7,0,8,3
03,10,10,60,66,57,0,8,3
03,10,60,70,110,30,0,1,11
03,10,100,60,137,28,0,0,14
03,10,120,50,135,15,0,0,13
03,10,120,30,136,23,0,0,16
03,10,140,30,111,79,0,4,17
03,10,90,30,99,65,0,8,13
03,10,50,70,112,51,0,2,18
03,10,280,110,89,33,0,8,4
03,10,290,80,110,77,1,8,-1
03,10,280,70,79,7,0,6,-2
03,10,340,60,65,-3,0,3,5
03,10,320,50,41,10,0,1,9
03,10,230,60,71,42,0,8,3
03,10,230,60,94,45,0,6,4
03,10,210,60,72,58,0,4,17
03,10,200,60,86,62,-1,8,-5
03,10,170,110,74,11,0,8,6
03,10,240,90,88,26,0,8,4
03,10,250,120,82,-2,0,8,1
03,10,260,70,89,33,1,4,3
03,10,270,50,90,64,0,7,14
03,10,150,30,119,83,0,6,13
03,10,200,40,98,83,1,8,11
03,10,320,50,60,0,0,8,-2
03,10,330,60,63,0,0,7,8
03,10,350,60,55,-1,0,7,8
03,10,250,50,61,41,0,8,14
03,10,300,110,31,9,1,7,16
03,10,30,30,49,27,0,7,8
03,10,190,20,31,-40,0,0,10
03,10,300,50,45,9,0,7,8
03,10,290,60,44,0,0,6,-8
03,10,220,10,33,27,2,,7
03,10,80,30,54,45,-1,8,9
03,10,190,60,83,42,0,5,12
03,10,240,90,103,37,0,7,3
03,10,180,30,88,47,12,8,15
03,10,210,40,114,72,0,6,2
03,10,140,30,71,68,0,8,14
03,10,280,40,68,37,0,7,4
03,10,190,50,52,35,0,8,7
03,10,170,100,81,-1,0,7,-9
03,10,340,30,51,42,0,8,9
03,10,320,60,53,32,0,8,6
03,10,200,30,28,27,0,9,16
03,10,250,70,90,72,4,8,3
03,10,260,80,66,17,0,7,5
03,10,210,70,51,37,15,8,-1
03,10,320,50,68,35,-1,8,10
03,10,230,60,76,71,2,8,7
03,10,260,20,93,59,0,6,8
03,10,210,60,114,72,-1,7,14
03,10,300,60,104,53,0,8,9
03,10,330,10,83,57,0,8,6
03,10,10,30,107,70,0,5,14
03,10,120,20,52,37,0,7,11
03,10,50,50,72,26,0,8,13
03,10,100,30,73,-32,0,0,11
03,10,310,20,89,-38,0,0,9
03,10,320,70,91,27,0,6,16
03,10,270,90,94,44,0,7,3
03,10,330,70,68,22,0,7,-2
03,10,240,50,69,59,4,8,-13
03,10,210,50,72,49,1,8,-2
03,10,260,80,73,22,0,6,11
03,10,270,60,52,41,3,8,-2
03,10,330,60,75,25,0,5,5
03,10,250,20,78,0,0,0,10
03,10,310,10,115,8,0,2,4
03,10,260,50,54,23,0,7,12
03,10,240,30,46,16,0,7,19
03,10,80,30,43,4,0,1,6
03,10,20,50,33,-13,0,1,7
03,10,270,40,28,-10,0,4,12
03,10,30,60,9,-40,0,7,18
03,10,70,50,0,-79,0,0,11
03,10,220,10,-16,-46,-1,8,1
03,10,60,50,10,-57,0,0,13
03,10,30,80,30,-63,0,0,14
03,10,30,60,6,-28,0,8,6
03,10,260,30,41,6,0,8,14
03,10,300,30,62,30,-1,8,2
03,10,270,50,58,33,-1,8,13
03,10,240,60,87,43,0,4,10
03,10,330,40,52,28,0,8,2
03,10,220,60,112,22,0,0,17
03,10,180,40,147,20,0,1,22
03,10,220,90,148,76,0,8,11
03,10,210,60,141,122,0,8,6
03,10,300,40,86,80,4,8,0
03,10,200,40,104,47,0,1,10
03,10,150,10,115,60,0,4,10
03,10,150,50,152,57,0,2,18
03,10,190,50,187,79,0,0,1
03,10,240,40,108,69,-1,8,4
03,10,230,50,108,48,0,8,19
03,10,230,80,114,34,0,7,5
03,10,990,10,91,69,0,8,11
03,10,190,50,142,77,0,6,-14
03,10,190,100,88,7,0,7,10
03,10,20,60,46,25,0,8,5
03,10,60,60,30,-19,0,0,17
03,10,40,50,24,-25,0,0,14
03,10,30,20,30,-20,0,0,12
03,10,30,20,21,1,0,8,11
03,10,50,60,45,-13,0,1,4
03,10,110,50,47,-73,0,0,10
03,10,180,30,56,-72,0,0,20
03,10,240,70,77,37,0,8,2
03,10,230,100,79,41,0,8,3
03,10,260,50,87,30,0,7,5
03,10,130,40,104,35,0,1,2
03,10,190,40,112,72,0,8,13
03,10,0,0,119,104,0,8,8
03,10,90,40,119,85,0,1,18
03,10,50,70,89,58,0,8,2
03,10,340,40,60,43,0,8,5
03,10,220,40,67,47,0,8,1
03,10,50,60,73,12,0,0,13
03,10,150,10,89,-5,0,6,5
03,10,240,20,110,-9,0,0,12
03,10,990,10,132,3,0,0,10
03,10,20,30,121,70,0,0,-1
03,10,70,30,137,49,0,0,8
03,10,40,20,139,62,0,4,9
03,10,50,30,74,25,0,7,0
03,10,50,30,92,34,0,2,16
03,10,20,30,85,8,0,0,14
03,10,990,10,115,24,0,0,16
03,10,180,30,117,79,-1,8,34
03,10,190,70,117,108,8,8,7
03,10,70,10,78,75,0,8,3
03,10,90,30,91,74,0,8,4
03,10,190,30,109,78,0,8,5
03,10,150,20,95,66,0,5,13
03,10,170,80,38,11,0,8,0
03,10,150,40,69,25,0,8,5
03,10,190,60,49,18,0,8,7
03,10,290,40,69,34,0,7,8
03,10,210,50,103,39,0,6,11
03,10,250,40,91,83,1,8,2
03,10,330,30,115,74,0,0,12
03,10,280,20,73,70,0,8,24
03,10,50,20,83,48,0,8,6
03,10,20,20,76,31,0,8,4
03,10,120,10,103,55,0,0,26
03,10,250,30,77,74,0,8,8
03,10,210,30,109,50,0,2,10
03,10,240,70,86,53,0,8,9
03,10,330,30,86,20,0,1,10
03,10,210,30,102,40,0,0,16
03,10,130,10,130,51,0,0,11
03,10,80,40,152,77,0,0,23
03,10,100,20,157,83,0,0,16
03,10,50,30,164,83,0,0,11
03,10,20,20,79,74,0,0,34
03,10,30,40,139,69,0,0,12
03,10,20,20,153,44,0,1,15
03,10,340,10,155,81,0,0,7
03,10,310,40,113,68,0,8,5
03,10,310,60,89,67,0,8,-1
03,10,330,70,93,35,0,8,0
03,10,10,30,42,36,-1,8,4
03,10,50,20,27,-23,0,8,4
03,10,270,20,36,9,-1,8,8
03,10,110,40,56,-6,0,0,20
03,10,140,40,108,-1,0,0,25
03,10,110,10,111,6,0,8,14
03,10,990,10,111,22,0,8,15
03,10,80,30,129,93,0,3,5
03,10,250,80,71,67,17,8,-1
03,10,360,50,8,-3,-1,8,-1
03,10,50,70,-19,-53,-1,8,4
03,10,40,80,-26,-63,-1,8,3
03,10,250,20,-20,-74,0,8,10
03,10,20,50,15,-23,0,1,7
03,10,170,50,22,-34,0,7,-2
03,10,180,70,61,-17,0,8,7
03,10,170,40,70,35,0,8,17
03,10,180,50,81,9,0,1,18
03,10,190,30,44,34,1,8,2
03,10,40,50,1,1,17,8,0
03,10,990,10,35,-28,0,1,4
03,10,70,80,28,-20,0,2,12
03,10,80,70,1,-57,0,8,3
03,10,70,70,-10,-155,0,8,18
03,10,80,70,4,-96,0,1,15
03,10,70,90,10,-96,0,0,15
03,10,100,40,20,-85,0,0,11
03,10,70,40,20,-50,0,3,13
03,10,330,20,3,-21,0,8,5
03,10,50,40,26,-43,0,8,1
03,10,30,40,16,-29,0,7,19
03,10,160,40,70,28,0,8,9
03,10,210,60,74,32,0,0,15
03,10,160,40,53,44,1,8,14
03,10,220,20,91,46,0,1,13
03,10,240,20,76,40,0,8,20
03,10,200,20,108,27,0,6,16
03,10,210,60,112,27,0,8,14
03,10,140,50,127,69,0,0,17
03,10,170,40,154,21,0,0,21
03,10,140,20,153,19,0,0,19
03,10,40,50,103,65,0,4,6
03,10,90,30,118,53,0,0,17
03,10,990,10,144,51,0,0,21
03,10,340,10,96,45,0,0,25
03,10,320,80,100,33,0,6,6
03,10,270,60,117,72,0,8,4
03,10,260,50,116,68,0,8,0
03,10,230,50,91,67,0,8,7
03,10,230,70,123,73,0,1,21
03,10,190,70,164,36,0,0,26
03,10,210,80,98,87,6,8,-26
03,10,220,60,85,47,1,7,-4
03,10,220,50,68,39,-1,8,16
03,10,40,30,78,26,0,6,2
03,10,120,40,83,12,0,0,10
03,10,990,10,90,14,0,7,-30
03,10,100,30,100,25,0,1,13
03,10,80,40,132,38,0,0,15
03,10,100,30,154,47,0,0,21
03,10,100,20,188,49,0,1,13
03,10,110,30,179,57,0,4,14
03,10,240,100,97,45,0,8,11
03,10,240,70,76,16,0,1,2
03,10,200,70,40,24,10,7,8
03,10,270,70,59,18,0,8,9
03,10,260,30,79,36,0,7,0
03,10,240,40,69,36,0,8,11
03,10,200,60,90,22,0,6,25
03,10,210,60,130,21,0,0,18
03,10,170,20,88,73,0,8,4
03,10,330,40,113,59,0,1,4
03,10,160,20,30,27,0,8,17
03,10,120,30,84,15,0,0,17
03,10,110,30,69,8,0,0,9
03,10,20,40,37,12,0,8,8
03,10,60,60,62,34,0,8,10
03,10,90,40,68,20,0,5,24
03,10,80,30,125,38,0,2,21
03,10,320,40,114,67,0,2,6
03,10,350,10,58,47,0,8,9
03,10,350,20,36,34,0,9,4
03,10,300,50,80,43,0,8,-3
03,10,70,40,40,-6,0,8,-2
03,10,270,20,84,19,0,0,9
03,10,240,20,80,23,0,1,12
03,10,310,40,59,46,-1,8,3
03,10,170,50,54,31,0,8,15
03,10,280,70,82,28,0,8,11
03,10,190,70,92,55,-1,8,-5
03,10,240,80,97,81,4,8,6
03,10,280,70,66,28,15,7,9
03,10,280,130,107,28,0,8,0
03,10,180,50,25,-28,0,8,9
03,10,230,70,60,43,-1,7,14
03,10,350,20,51,29,0,8,5
03,10,120,40,21,15,25,8,9
03,10,330,10,32,20,0,8,10
03,10,310,10,28,22,0,8,6
03,10,310,10,26,11,0,8,9
03,10,220,30,37,25,0,8,12
03,10,130,60,52,-10,0,8,11
03,10,10,10,66,-4,0,7,9
03,10,70,40,71,26,0,1,16
03,10,100,20,54,3,0,0,24
03,10,80,50,59,-3,0,0,9
03,10,90,50,38,-23,0,1,19
03,10,20,40,52,20,0,5,18
03,10,70,60,74,-11,0,4,10
03,10,50,40,80,0,0,0,12
03,10,260,20,40,32,0,8,10
03,10,360,30,55,22,0,8,3
03,10,350,40,69,32,0,8,12
03,10,360,30,88,28,0,8,-1
03,10,340,40,107,54,0,6,7
03,10,350,50,84,50,-1,8,6
03,10,230,40,81,56,0,7,6
03,10,220,60,79,73,8,8,4
03,10,170,70,123,50,0,5,9
03,10,200,70,93,59,0,8,9
03,10,200,130,106,68,2,8,-3
03,10,230,100,97,45,0,8,11
03,10,250,70,99,35,0,4,6
03,10,20,40,95,58,0,8,6
03,10,240,60,76,39,0,8,3
03,10,250,100,73,9,0,8,9
03,10,150,60,80,26,0,8,10
03,10,180,50,122,68,0,8,5
03,10,190,70,90,43,0,3,5
03,10,250,40,68,52,1,8,7
03,10,270,40,75,58,0,8,4
03,10,180,60,61,51,16,8,7
03,10,250,60,114,104,1,8,1
03,10,250,20,71,34,0,1,24
03,10,160,20,108,28,0,8,9
03,10,110,40,111,12,0,8,22
03,10,350,30,107,32,0,8,20
03,10,220,50,125,51,0,8,10
03,10,990,10,124,61,0,8,9
03,10,220,20,139,49,0,5,10
03,10,290,40,92,40,0,8,9
03,10,260,70,112,98,-1,8,6
03,10,240,80,118,100,0,8,-4
03,10,210,70,106,96,5,8,4
03,10,250,80,101,40,0,6,5
03,10,140,50,101,7,0,0,17
03,10,90,60,111,29,0,0,13
03,10,50,70,103,38,0,7,5
03,10,50,60,123,18,0,8,16
03,10,40,40,88,46,0,8,16
03,10,120,40,153,7,0,1,4
03,10,250,30,176,30,0,0,8
03,10,220,70,132,88,-1,8,11
03,10,210,60,198,81,0,8,9
03,10,210,60,206,83,0,8,13
03,10,80,80,-38,-150,0,8,18
03,10,70,80,-42,-133,0,8,10
03,10,80,30,-8,-35,0,8,8
03,10,120,40,51,18,0,8,31
03,10,200,40,96,53,0,7,11
03,10,210,40,83,40,0,8,1
03,10,200,40,76,37,0,8,-8
03,10,200,70,65,36,-1,8,-2
03,10,210,50,75,42,0,8,10
03,10,190,50,139,90,0,8,4
03,10,180,40,123,108,-1,8,8
03,10,190,50,133,66,0,8,-1
03,10,310,50,55,47,4,8,2
03,10,150,20,94,46,0,3,3
03,10,110,60,91,18,0,8,2
03,10,80,20,75,67,-1,8,-2
03,10,60,90,-28,-59,2,8,3
03,10,70,80,-15,-95,0,8,3
03,10,80,60,-6,-111,0,8,22
03,10,10,80,60,-24,0,7,17
03,10,220,20,43,10,0,6,10
03,10,270,50,60,55,2,8,4
03,10,210,60,54,17,0,8,6
03,10,160,30,82,24,0,8,15
03,10,60,20,111,4,0,8,10
03,10,260,20,60,34,0,7,29
03,10,140,50,92,-23,0,8,8
03,10,200,30,85,61,0,8,-2
03,10,230,40,73,33,0,7,18
03,10,130,40,103,39,0,7,19
03,10,240,20,101,45,0,5,12
03,10,330,60,69,65,0,8,-8
03,10,180,40,93,56,0,8,14
03,10,210,80,106,98,5,8,6
03,10,270,60,57,41,18,8,15
03,10,240,70,70,38,0,7,13
03,10,180,80,126,38,0,8,0
03,10,230,100,98,53,0,8,12
03,10,270,50,84,33,0,5,7
03,10,210,80,100,72,0,8,9
03,10,240,100,117,91,6,8,-6
03,10,280,60,48,20,6,8,10
03,10,200,100,81,7,0,8,13
03,10,230,110,67,42,-1,8,3
03,10,220,100,73,61,17,8,5
03,10,260,100,122,97,0,8,6
03,10,230,100,112,77,0,8,-1
03,10,270,80,79,34,1,5,5
03,10,290,40,79,28,0,1,-20
03,10,250,30,90,36,0,5,5
03,10,220,40,107,71,0,8,9
03,10,250,30,122,81,0,1,17
03,10,150,20,100,77,0,2,33
03,10,270,20,101,74,0,8,5
03,10,20,20,94,-6,0,8,6
03,10,330,110,103,13,0,5,3
03,10,310,30,88,31,0,8,3
03,10,300,20,97,32,0,8,2
03,10,310,20,109,53,0,8,9
03,10,990,10,143,61,0,0,12
03,10,210,30,156,58,0,5,15
03,10,60,70,108,51,0,5,4
03,10,220,110,80,26,0,8,0
03,10,160,40,69,47,-1,8,12
03,10,220,70,67,31,0,0,8
03,10,230,50,79,43,0,8,16
03,10,100,40,63,49,0,8,2
03,10,330,50,63,37,0,8,8
03,10,230,50,80,38,0,0,6
03,10,210,80,99,53,0,8,-12
03,10,230,60,78,45,0,8,14
03,10,220,80,108,100,5,8,5
03,10,260,60,109,89,-1,8,4
03,10,260,80,91,-2,0,1,5
03,10,280,70,70,34,2,8,-12
03,10,170,30,94,35,0,8,9
03,10,200,70,112,64,0,8,0
03,10,990,10,118,74,0,8,5
03,10,220,60,105,29,0,5,10
03,10,220,70,141,46,0,1,16
03,10,50,10,115,75,0,1,17
03,10,40,70,85,41,0,8,4
03,10,60,70,61,-8,0,0,14
03,10,70,60,57,-54,0,0,13
03,10,110,60,54,-91,0,0,15
03,10,120,60,76,-90,0,1,13
03,10,120,40,79,-81,0,0,13
03,10,80,60,87,-74,0,0,12
03,10,50,50,96,-16,0,0,19
03,10,40,80,116,0,0,0,11
03,10,20,120,66,-37,0,7,-5
03,10,340,30,60,-31,0,8,5
03,10,70,50,67,-20,0,0,10
03,10,80,15,46,13,0,7,12
03,10,190,5,35,25,0,8,7
03,10,220,57,80,40,0,3,17
03,10,120,41,84,35,0,3,18
03,10,170,36,96,79,1,8,9
03,10,140,26,110,89,-1,7,17
03,10,140,31,114,81,-1,8,6
03,10,990,5,109,66,-1,8,11
03,10,270,21,107,86,0,8,-7
03,10,200,31,108,79,0,4,27
03,10,260,31,112,86,0,6,6
03,10,190,21,117,8,0,1,17
03,10,150,26,128,68,0,1,16
03,10,180,21,139,70,0,0,19
03,10,240,36,95,83,0,8,2
03,10,170,26,135,86,0,6,8
03,10,230,15,109,85,-1,8,1
03,10,260,21,103,81,0,7,8
03,10,220,82,105,91,-1,8,6
03,10,250,57,122,83,0,6,4
03,10,260,36,112,57,0,7,-1
03,10,340,21,79,41,0,7,16
03,10,80,21,73,22,0,4,9
03,10,20,31,85,27,0,1,18
03,10,70,77,84,-1,0,1,9
03,10,80,87,62,9,0,7,5
03,10,90,41,92,21,0,1,15
03,10,100,31,80,10,0,7,10
03,10,80,41,78,-4,0,1,7
03,10,990,5,74,-23,0,4,3
03,10,280,15,94,46,0,6,10
03,10,220,46,117,51,0,0,19
03,10,270,62,62,23,0,7,6
03,10,250,67,75,46,0,8,5
03,10,220,41,95,84,0,8,11
03,10,130,51,103,59,0,4,17
03,10,300,36,92,42,0,7,3
03,10,200,36,94,38,0,5,17
03,10,180,5,96,61,0,6,16
03,10,990,10,80,58,0,7,11
03,10,220,72,96,44,0,3,13
03,10,250,72,54,22,-1,7,4
03,10,250,103,82,73,10,8,5
03,10,260,103,92,59,-1,7,-11
03,10,280,62,43,10,0,6,-5
03,10,270,31,38,-10,-1,8,-1
03,10,330,31,60,-3,0,5,2
03,10,250,31,91,83,0,8,5
03,10,990,5,80,79,0,8,14
03,10,300,31,88,48,0,7,10
03,10,250,57,105,76,0,7,2
03,10,250,93,115,72,-1,6,-75
03,10,300,5,68,64,37,8,12
03,10,240,26,71,35,0,6,6
03,10,40,77,55,23,0,3,9
03,10,360,36,53,16,0,7,0
03,10,220,57,38,26,-1,8,-1
03,10,30,31,64,44,0,7,5
03,10,320,46,49,-3,-1,6,8
03,10,990,10,59,-15,0,7,0
03,10,180,41,92,38,0,3,2
03,10,150,57,105,40,0,8,5
03,10,50,77,7,-12,0,6,-6
03,10,70,118,34,-13,0,7,12
03,10,50,67,-11,-50,0,7,2
03,10,60,26,4,-28,0,7,11
03,10,240,26,17,-1,-1,7,7
03,10,300,31,66,60,0,8,10
03,10,340,26,56,44,0,6,7
03,10,110,41,61,18,0,2,9
03,10,120,57,41,-23,0,1,11
03,10,230,41,78,44,0,7,12
03,10,170,15,97,59,0,6,10
03,10,190,26,107,59,0,0,25
03,10,160,26,114,51,0,1,21
03,10,200,46,120,59,0,4,19
03,10,210,31,149,62,0,1,13
03,10,240,77,139,83,0,4,13
03,10,240,87,110,75,0,7,9
03,10,250,77,110,73,0,8,4
03,10,290,51,86,-4,0,2,9
03,10,210,36,90,36,0,4,10
03,10,220,36,127,42,0,6,4
03,10,200,57,130,83,0,7,-2
03,10,260,62,76,17,0,5,19
03,10,310,36,77,-5,0,5,0
03,10,340,77,66,1,0,6,12
03,10,350,26,73,10,0,5,6
03,10,120,26,60,-66,0,1,6
03,10,120,51,46,-49,0,1,11
03,10,110,31,60,-42,0,0,11
03,10,130,41,85,-43,0,4,20
03,10,220,26,111,74,-1,8,22
03,10,210,46,83,71,0,8,1
03,10,170,62,51,47,10,8,6
03,10,210,82,69,46,0,8,8
03,10,230,41,73,43,0,6,13
03,10,170,46,89,16,0,5,14
03,10,250,67,77,45,0,7,6
03,10,240,67,84,83,3,8,6
03,10,230,62,104,104,1,8,1
03,10,220,57,93,88,-1,8,5
03,10,280,62,90,28,0,5,7
03,10,200,26,74,19,0,6,17
03,10,260,46,87,29,0,5,5
03,10,250,113,106,77,-1,8,2
03,10,240,103,96,60,0,7,9
03,10,250,67,98,92,27,8,0
03,10,240,72,77,43,-1,6,-26
03,10,270,82,68,9,-1,5,2
03,10,230,62,36,30,-1,8,6
03,10,300,57,70,21,0,7,0
03,10,280,67,58,5,0,6,6
03,10,30,36,64,29,0,7,5
03,10,220,57,51,25,-1,8,9
03,10,220,108,104,99,-1,8,3
03,10,270,72,105,42,0,6,2
03,10,240,93,108,96,1,8,1
03,10,320,62,71,28,-1,6,-4
03,10,990,15,70,-19,0,5,-1
03,10,190,51,91,41,-1,8,11
03,10,260,72,127,93,-1,7,5
03,10,160,51,152,104,0,5,13
03,10,220,87,109,61,0,6,1
03,10,200,93,104,75,1,6,0
03,10,220,103,43,12,0,6,-1
03,10,230,144,53,-12,0,2,8
03,10,330,26,23,19,1,6,5
03,10,190,82,9,6,10,8,-1
03,10,260,72,59,24,-1,6,10
03,10,210,77,46,16,0,1,15
03,10,200,87,62,15,0,5,12
03,10,220,31,70,47,0,1,8
03,10,120,72,72,21,0,1,18
03,10,120,57,90,17,0,4,15
03,10,80,10,111,68,0,5,15
03,10,90,26,89,30,0,1,18
03,10,80,36,36,10,0,7,7
03,10,280,51,71,32,-1,5,-3
03,10,230,87,59,24,0,4,5
03,10,200,93,85,76,-1,8,11
03,10,260,103,90,23,0,5,7
03,10,300,72,47,26,1,5,24
03,10,280,77,56,12,0,5,3
03,10,300,31,58,30,16,4,-4
03,10,220,46,59,-4,0,5,9
03,10,230,41,96,22,0,0,9
03,10,280,41,104,48,0,6,15
03,10,290,72,87,41,0,7,8
03,10,260,57,86,75,1,7,14
03,10,320,57,50,15,4,6,-7
03,10,230,51,13,13,2,8,-12
03,10,340,62,48,-35,0,3,8
03,10,250,10,58,-9,0,6,7
03,10,220,67,55,54,7,8,5
03,10,300,31,39,33,1,7,3
03,10,320,41,26,-3,0,1,5
03,10,20,15,14,14,0,8,6
03,10,240,31,7,7,0,7,12
03,10,330,41,30,12,0,7,-1
03,10,330,21,51,47,-1,7,6
03,10,60,72,29,3,0,7,9
03,10,100,62,40,-16,0,0,14
03,10,110,67,52,-21,0,0,10
03,10,80,67,33,-35,0,0,13
03,10,90,82,6,-58,0,5,1
03,10,100,57,-8,-85,0,1,11
03,10,80,57,-11,-59,0,6,8
03,10,90,87,20,-49,0,2,12
03,10,90,62,33,-22,0,7,13
03,10,80,51,50,11,0,7,20
03,10,120,26,66,27,0,8,7
03,10,70,31,47,19,0,7,5
03,10,90,5,56,26,0,8,16
03,10,80,10,91,45,0,1,21
03,10,170,36,119,62,0,7,6
03,10,190,36,78,71,-1,8,1
03,10,170,26,93,90,0,8,3
03,10,350,26,71,71,0,7,2
03,10,80,67,89,49,0,6,25
03,10,40,62,49,26,0,8,-3
03,10,40,51,40,-100,0,1,10
03,10,260,62,55,-52,0,7,3
03,10,280,36,44,28,-1,7,-15
03,10,300,41,26,13,0,7,16
03,10,280,31,45,24,0,7,-16
03,10,230,50,98,65,0,1,16
03,10,250,90,118,93,0,7,5
03,10,280,20,88,28,0,5,7
03,10,90,50,88,69,0,7,16
03,10,240,30,105,97,0,7,2
03,10,10,30,82,76,0,7,9
03,10,190,30,114,79,0,7,10
03,10,220,10,114,69,0,2,19
03,10,80,40,90,87,0,4,19
03,10,140,20,130,59,0,0,20
03,10,20,20,44,44,0,8,6
03,10,120,30,54,53,0,7,30
03,10,250,40,103,87,0,7,18
03,10,230,60,86,67,0,8,-1
03,10,250,40,92,78,-1,8,2
03,10,250,50,112,106,-1,7,9
03,10,300,40,102,76,0,6,8
03,10,210,50,104,88,0,8,9
03,10,990,10,71,62,3,7,3
03,10,280,20,58,-7,0,6,-3
03,10,300,40,72,33,-1,6,2
03,10,990,10,53,3,0,5,8
03,10,170,50,59,22,3,8,-6
03,10,0,0,78,56,0,8,1
03,10,60,10,75,69,0,8,5
03,10,200,70,98,72,0,7,10
03,10,250,70,126,27,0,3,10
03,10,300,80,82,24,0,7,0
03,10,320,50,83,25,0,7,9
03,10,280,30,112,59,0,3,7
03,10,230,30,112,42,0,1,13
03,10,220,80,40,1,0,,3
03,10,250,90,91,55,0,5,1
03,10,200,90,82,77,35,8,9
03,10,220,150,153,87,0,7,0
03,10,260,90,72,27,2,6,-20
03,10,200,60,68,63,9,8,8
03,10,240,110,103,88,5,8,7
03,10,270,40,85,74,2,7,1
03,10,300,30,46,18,0,3,2
03,10,230,60,64,13,0,3,7
03,10,170,30,18,16,2,8,12
03,10,340,50,62,12,0,7,7
03,10,210,60,50,18,-1,8,-10
03,10,300,40,79,67,-1,,5
03,10,290,40,87,64,0,,5
03,10,270,20,92,83,0,7,5
03,10,270,40,97,68,0,7,18
03,10,270,50,107,79,0,5,3
03,10,990,10,86,36,0,4,6
03,10,300,50,84,59,0,7,2
03,10,10,40,68,16,0,,3
03,10,270,30,54,50,0,,23
03,10,50,70,36,15,-1,7,5
03,10,120,40,50,-29,0,6,16
03,10,160,40,74,-24,0,5,19
03,10,180,70,88,-31,0,6,21
03,10,220,60,95,95,0,8,4
03,10,140,40,124,94,0,,6
03,10,180,20,146,103,0,,19
03,10,190,40,186,100,0,7,17
03,10,240,40,134,110,0,8,12
03,10,220,130,94,89,10,8,4
03,10,210,60,102,102,18,8,5
03,10,230,100,91,58,0,6,4
03,10,180,70,74,48,0,7,1
03,10,200,30,76,58,0,6,1
03,10,230,70,48,34,0,7,-4
03,10,200,80,32,19,0,8,-1
03,10,190,60,34,31,4,8,5
03,10,70,40,50,50,-1,8,3
03,10,990,10,28,28,0,6,8
03,10,100,40,20,20,0,7,18
03,10,120,50,85,49,0,4,19
03,10,230,40,137,96,0,5,20
03,10,220,20,97,83,0,2,13
03,10,360,10,83,76,0,6,17
03,10,80,40,77,44,0,2,15
03,10,130,30,73,45,0,7,12
03,10,170,20,99,50,0,7,11
03,10,310,40,76,56,0,7,6
03,10,270,40,66,47,-1,7,10
03,10,210,80,70,47,-1,8,0
03,10,330,70,56,48,2,8,3
03,10,290,50,88,88,1,8,2
03,10,220,70,89,63,0,8,4
03,10,210,50,123,83,0,5,16
03,10,230,40,111,89,0,8,5
03,10,330,20,91,47,0,4,12
03,10,40,20,74,54,0,3,20
03,10,200,40,113,44,0,2,10
03,10,190,40,144,80,0,4,5
03,10,150,40,160,112,0,3,11
03,10,260,50,62,26,0,7,-15
03,10,220,80,48,19,0,7,10
03,10,280,60,59,52,19,8,-4
03,10,280,60,30,-12,0,,9
03,10,220,40,13,-20,2,,3
03,10,230,90,70,19,0,6,8
03,10,230,70,97,80,-1,8,10
03,10,250,80,106,97,47,8,2
03,10,270,80,125,95,-1,7,-2
03,10,260,20,72,-2,0,7,5
03,10,290,60,94,65,-1,,6
03,10,260,20,81,34,0,,8
03,10,220,50,90,49,0,7,7
03,10,250,50,108,90,0,8,6
03,10,300,40,57,8,-1,7,10
03,10,280,40,81,67,1,8,2
03,10,310,50,101,60,0,7,3
03,10,330,60,77,55,-1,,-3
03,10,40,30,50,26,0,,12
03,10,990,10,57,7,0,6,10
03,10,140,10,87,41,0,8,0
03,10,90,20,103,44,0,0,18
03,10,110,20,113,47,0,6,18
03,10,180,20,109,94,0,8,15
03,10,210,50,116,85,0,,0
03,10,220,60,84,30,0,,18
03,10,30,40,58,37,-1,8,-1
03,10,20,50,43,26,4,8,-5
03,10,40,60,54,40,0,8,6
03,10,30,50,67,42,0,8,0
03,10,170,20,67,50,0,8,7
03,10,250,30,25,17,4,8,5
03,10,990,10,5,2,4,8,2
03,10,30,30,-3,-29,0,,-1
03,10,50,50,18,2,0,,3
03,10,130,30,25,-21,0,8,3
03,10,120,50,41,3,0,1,16
03,10,150,40,69,59,0,8,23
03,10,110,50,80,67,-1,8,8
03,10,190,60,90,78,2,8,9
03,10,190,40,97,90,2,,11
03,10,200,60,125,95,0,,4
03,10,260,60,90,48,0,6,-4
03,10,200,90,68,44,2,8,6
03,10,260,60,69,34,0,6,16
03,10,260,20,85,51,0,5,11
03,10,30,30,82,59,0,8,8
03,10,60,50,57,34,0,,0
03,10,220,20,45,38,0,,3
03,10,310,60,39,-2,0,6,6
03,10,130,40,35,-20,0,7,9
03,10,80,80,7,-2,14,8,1
03,10,350,20,39,37,0,8,5
03,10,110,30,73,68,24,8,10
03,10,60,40,83,74,0,,8
03,10,30,60,24,13,0,,3
03,10,40,40,42,-7,0,7,7
03,10,120,60,46,-3,0,8,0
03,10,160,70,117,61,0,7,-1
03,10,240,40,78,58,-1,8,-10
03,10,250,50,89,60,0,4,8
03,10,190,60,110,54,0,,18
03,10,240,40,45,39,6,8,4
03,10,990,10,27,-16,0,,17
03,10,220,40,62,39,0,,11
03,10,240,30,81,58,0,7,8
03,10,230,20,67,54,0,8,11
03,10,230,90,66,44,0,8,7
03,10,290,100,116,45,0,5,-4
03,10,230,40,94,57,0,7,14
03,10,250,30,85,74,0,,11
03,10,220,80,81,26,0,,9
03,10,200,50,108,49,0,6,17
03,10,360,20,86,66,-1,8,3
03,10,30,50,54,45,4,8,0
03,10,80,90,29,15,0,6,4
03,10,90,90,50,26,0,8,6
03,10,170,40,123,85,0,,9
03,10,180,50,138,83,0,,13
03,10,180,40,101,89,7,8,24
03,10,280,70,94,57,0,7,5
03,10,270,70,120,96,0,7,1
03,10,260,60,123,103,0,6,7
03,10,300,50,104,82,-1,7,-1
03,10,20,40,80,17,0,,-2
03,10,50,20,59,18,0,,5
03,10,80,20,69,-8,0,6,2
03,10,990,10,67,-9,0,7,13
03,10,60,40,80,-8,0,1,10
03,10,100,30,89,12,0,0,11
03,10,120,60,104,3,0,1,17
03,10,200,20,100,40,0,,19
03,10,200,30,122,56,0,,19
03,10,200,50,98,81,0,,12
03,10,270,30,94,84,0,,9
03,10,330,20,60,38,0,8,8
03,10,120,40,68,37,0,6,20
03,10,210,50,118,98,0,8,7
03,10,320,50,63,53,9,8,6
03,10,190,50,76,53,0,5,15
03,10,250,80,90,41,0,,13
03,10,240,80,96,57,0,,24
03,10,240,70,122,64,0,7,10
03,10,200,50,106,99,11,8,2
03,10,290,50,96,56,0,6,1
03,10,20,30,41,23,0,4,22
03,10,60,40,70,-36,0,0,10
03,10,80,60,75,-12,0,,11
03,10,130,40,78,-14,0,,16
03,10,340,20,86,16,0,1,16
03,10,990,10,50,49,0,6,32
03,10,330,20,97,5,0,1,4
03,10,280,20,41,3,0,7,13
03,10,100,50,69,-1,0,1,9
03,10,90,40,83,-31,0,,12
03,10,130,30,112,-49,0,,15
03,10,200,40,155,7,0,0,31
03,10,40,10,135,64,0,5,23
03,10,70,40,142,60,0,1,13
03,10,320,10,144,56,0,0,18
03,10,90,50,163,70,0,2,16
03,10,220,30,166,95,0,,13
03,10,10,20,89,67,0,,30
03,10,340,40,85,24,0,7,8
03,10,350,20,11,-24,0,0,12
03,10,280,40,44,15,0,6,15
03,10,240,30,15,11,0,8,13
03,10,130,30,52,-9,0,6,15
03,10,110,50,61,-3,0,7,3
03,10,290,30,19,14,1,,5
03,10,270,20,60,44,0,,-9
03,10,10,30,37,-1,0,0,17
03,10,40,70,20,-28,0,6,3
03,10,40,40,8,-3,-1,8,7
03,10,80,30,27,10,0,6,6
03,10,140,60,46,-2,0,7,4
03,10,220,80,96,55,0,,0
03,10,210,80,111,52,0,,10
03,10,230,70,117,81,-1,7,10
03,10,230,70,123,104,0,8,11
03,10,210,40,159,90,0,0,21
03,10,70,30,127,98,0,7,0
03,10,210,100,114,62,0,7,11
03,10,240,120,117,100,0,,7
03,10,250,100,94,31,0,,15
03,10,270,60,74,51,-1,7,8
03,10,990,10,68,43,0,4,8
03,10,340,30,57,49,0,4,8
03,10,360,30,62,-10,0,3,7
03,10,10,50,61,5,0,5,-9
03,10,220,20,59,-12,0,,11
03,10,240,40,87,-11,0,,4
03,10,250,20,100,36,0,5,20
03,10,80,70,131,23,0,0,11
03,10,80,40,136,36,0,4,14
03,10,220,90,-24,-51,0,,6
03,10,200,70,3,-33,0,,2
03,10,30,40,-15,-18,0,,4
03,10,230,20,-40,-51,0,,23
03,10,100,20,-6,-7,1,,3
03,10,360,30,-14,-63,0,,9
03,10,300,30,36,27,1,,9
03,10,300,50,49,32,0,,7
03,10,320,40,58,41,1,,1
03,10,190,30,33,20,0,,5
03,10,260,90,60,31,0,,8
03,10,280,70,46,13,0,,3
03,10,230,60,54,25,0,,17
03,10,230,40,60,22,0,,11
03,10,230,80,108,30,0,,11
03,10,240,90,156,89,0,,4
03,10,240,100,129,93,0,,8
03,10,260,60,84,71,0,,8
03,10,300,10,95,93,3,,8
03,10,60,30,92,51,0,,8
03,10,120,60,116,23,0,,20
03,10,130,50,134,30,0,,20
03,10,240,30,142,92,0,,11
03,10,130,50,159,102,0,,12
03,10,240,40,125,107,0,,5
03,10,90,30,132,98,0,,14
03,10,100,30,132,107,0,,13
03,10,240,40,148,123,0,,0
03,10,70,30,102,92,-1,,8
03,10,90,40,117,103,5,,27
03,10,60,40,120,72,0,,11
03,10,260,60,-1,-5,6,,3
03,10,240,60,13,-20,0,,5
03,10,90,10,2,-15,0,,6
03,10,190,30,-1,-4,0,,27
03,10,240,50,18,10,1,,9
03,10,290,40,13,-14,-1,,24
03,10,240,20,45,8,0,,2
03,10,160,50,30,24,0,,5
03,10,290,40,72,70,1,,-1
03,10,240,70,57,30,-1,,0
03,10,30,60,1,-22,0,,-1
03,10,30,30,-12,-72,0,,7
03,10,120,30,-3,-79,0,,14
03,10,130,40,3,-63,0,,13
03,10,50,40,22,-34,0,,8
03,10,70,60,20,-22,0,,13
03,10,50,50,19,-15,0,,6
03,10,80,80,32,-17,0,,18
03,10,80,40,8,-5,0,,20
03,10,350,30,49,11,0,,2
03,10,60,60,50,-40,0,,1
03,10,50,20,43,-44,0,,6
03,10,120,50,56,-51,0,,12
03,10,120,70,83,5,0,,10
03,10,230,70,122,107,0,,3
03,10,250,90,160,129,0,,7
03,10,200,70,169,111,0,,11
03,10,230,100,114,52,0,,6
03,10,260,60,95,54,0,,11
03,10,230,100,133,106,0,,16
03,10,250,100,126,86,0,,1
03,10,260,70,83,40,1,,-22
03,10,270,30,69,40,-1,,9
03,10,210,70,58,50,7,,8
03,10,170,30,89,73,0,,18
03,10,240,100,101,58,0,,7
03,10,200,110,102,57,-1,,5
03,10,210,50,85,75,2,,1
03,10,250,40,80,71,0,,12
03,10,210,60,75,66,0,,0
03,10,250,50,90,57,0,,10
03,10,220,50,89,76,0,,17
03,10,190,30,119,48,0,,14
03,10,340,10,113,60,0,,16
03,10,280,20,110,31,0,,7
03,10,210,20,112,54,0,,10
03,10,230,40,97,77,0,,10
03,10,270,50,104,80,0,,6
03,10,270,60,77,58,8,,-2
03,10,240,70,53,16,-1,,-4
03,10,310,30,67,24,0,,11
03,10,350,40,69,39,-1,,8
03,10,330,60,66,23,0,,6
03,10,20,60,50,14,0,,2
03,10,30,40,71,59,0,,7
03,10,80,70,114,36,0,,12
03,10,80,80,133,49,0,,17
03,10,100,50,137,31,0,,14
03,10,130,40,139,26,0,,14
03,10,200,30,117,87,-1,,-8
03,10,90,40,109,81,0,,10
03,10,50,70,122,66,0,,10
03,10,280,100,90,33,0,8,1
03,10,300,90,111,18,-1,2,-1
03,10,270,90,73,10,0,7,-5
03,10,340,50,60,-5,0,4,-15
03,10,330,40,37,3,0,1,6
03,10,240,60,70,41,0,8,3
03,10,210,70,86,50,0,7,1
03,10,200,70,75,50,0,4,11
03,10,200,70,86,54,0,8,-4
03,10,170,90,69,12,0,8,3
03,10,240,100,83,36,0,8,-3
03,10,250,110,74,7,-1,8,2
03,10,260,90,79,23,-1,7,5
03,10,280,60,88,51,0,7,-1
03,10,170,30,100,73,0,8,19
03,10,190,30,91,80,7,8,7
03,10,320,30,51,10,-1,8,2
03,10,330,50,56,-8,0,3,-4
03,10,10,60,26,-2,1,7,2
03,10,290,50,58,27,0,8,14
03,10,300,50,36,17,1,7,-2
03,10,10,20,44,34,0,8,13
03,10,200,20,17,-50,0,0,17
03,10,320,40,36,10,1,7,3
03,10,290,50,-1,-16,6,7,35
03,10,230,20,25,17,-1,8,5
03,10,100,30,57,34,0,7,12
03,10,190,60,69,43,0,6,20
03,10,240,90,101,45,0,7,-4
03,10,220,40,93,45,12,8,-6
03,10,230,50,109,57,0,4,7
03,10,120,40,86,84,0,5,1
03,10,300,30,58,35,0,8,12
03,10,200,50,50,40,0,8,5
03,10,150,90,78,8,0,4,7
03,10,330,30,55,39,0,8,8
03,10,320,60,55,34,-1,8,-1
03,10,230,40,54,39,0,1,-6
03,10,300,50,70,49,4,8,14
03,10,260,60,63,20,0,7,5
03,10,210,70,55,41,12,8,-4
03,10,310,30,70,37,0,8,3
03,10,240,60,77,71,1,8,5
03,10,240,40,89,53,0,1,13
03,10,200,50,125,77,0,2,5
03,10,290,50,98,52,0,8,10
03,10,20,20,80,54,0,8,6
03,10,10,30,106,75,0,6,13
03,10,70,10,33,18,0,6,15
03,10,40,40,71,34,0,7,16
03,10,110,30,70,-18,0,0,10
03,10,290,10,89,-12,0,0,12
03,10,330,60,90,26,0,4,14
03,10,260,90,92,46,0,8,-1
03,10,330,70,68,9,0,7,18
03,10,230,60,58,48,1,7,3
03,10,220,70,72,55,1,8,-4
03,10,250,80,85,32,0,6,-9
03,10,200,40,57,46,14,8,-7
03,10,340,40,72,35,0,3,3
03,10,240,30,76,14,0,0,12
03,10,230,20,108,13,0,0,3
03,10,260,50,54,34,-1,3,7
03,10,230,30,40,19,0,7,12
03,10,70,10,11,10,0,9,30
03,10,30,50,28,-14,0,1,14
03,10,270,40,40,-6,0,0,10
03,10,40,60,12,-46,0,1,7
03,10,70,60,0,-61,0,1,12
03,10,220,30,-23,-29,1,8,8
03,10,70,30,12,-43,0,0,12
03,10,40,60,29,-47,0,0,14
03,10,40,40,3,-20,0,8,11
03,10,240,30,37,20,0,8,9
03,10,310,40,58,33,-1,7,7
03,10,270,50,63,43,0,8,12
03,10,230,60,81,49,0,6,17
03,10,310,20,43,29,0,8,14
03,10,230,70,110,27,0,1,17
03,10,190,50,141,45,0,2,22
03,10,220,70,144,76,0,8,11
03,10,220,70,139,123,0,8,5
03,10,290,30,84,76,1,8,0
03,10,210,50,99,54,0,2,10
03,10,200,30,109,52,0,8,5
03,10,130,40,146,69,0,3,18
03,10,170,60,181,74,0,3,5
03,10,250,40,104,70,2,8,-2
03,10,240,50,101,54,0,8,11
03,10,250,80,111,27,0,8,4
03,10,180,30,95,64,0,8,4
03,10,190,60,154,85,0,7,-13
03,10,200,90,93,9,0,7,2
03,10,30,40,36,21,0,5,1
03,10,60,60,29,-14,0,0,20
03,10,40,40,21,-25,0,0,17
03,10,60,30,26,-25,0,0,20
03,10,990,10,20,2,0,8,17
03,10,40,50,39,-15,0,1,17
03,10,120,60,47,-70,0,0,11
03,10,190,40,52,-77,0,0,17
03,10,240,90,76,37,0,8,-8
03,10,220,100,76,41,0,8,2
03,10,260,60,86,31,0,7,14
03,10,130,40,97,35,0,1,13
03,10,180,50,114,71,0,8,7
03,10,240,20,104,99,0,8,12
03,10,80,50,113,91,0,5,17
03,10,60,80,81,55,0,8,2
03,10,350,40,57,43,0,8,4
03,10,230,40,71,57,0,7,-1
03,10,70,40,67,32,0,2,10
03,10,210,20,87,-11,0,4,6
03,10,230,20,106,-27,0,0,14
03,10,340,20,126,7,0,0,9
03,10,40,20,80,70,0,7,33
03,10,50,20,126,48,0,0,15
03,10,90,10,132,63,0,1,9
03,10,990,10,75,36,-1,8,1
03,10,80,40,94,29,0,0,9
03,10,340,20,86,4,0,0,11
03,10,180,20,113,31,0,0,9
03,10,190,30,114,68,-1,7,19
03,10,190,50,112,105,18,8,6
03,10,70,10,73,70,0,8,4
03,10,80,40,91,72,0,8,3
03,10,190,40,101,75,0,8,9
03,10,180,20,91,78,0,6,14
03,10,160,60,40,10,0,8,8
03,10,150,50,83,26,0,3,-1
03,10,200,60,49,20,0,8,10
03,10,310,40,67,23,0,7,4
03,10,210,50,100,37,0,5,13
03,10,260,40,92,82,0,8,-2
03,10,310,30,100,66,0,8,24
03,10,310,30,71,68,0,8,16
03,10,30,10,82,43,0,8,2
03,10,60,10,70,29,0,8,4
03,10,990,10,94,54,0,0,20
03,10,270,20,73,72,0,7,10
03,10,210,40,108,56,-1,2,5
03,10,250,60,87,53,0,8,4
03,10,270,20,75,41,0,3,18
03,10,220,50,104,39,0,0,17
03,10,990,10,126,53,0,0,12
03,10,60,30,147,94,0,0,21
03,10,990,10,143,85,0,0,20
03,10,50,20,163,97,0,0,13
03,10,10,20,96,61,0,0,29
03,10,30,30,135,75,0,0,16
03,10,340,20,149,44,0,1,14
03,10,330,20,151,84,0,0,9
03,10,320,40,107,67,0,7,3
03,10,310,40,88,65,0,8,5
03,10,320,50,94,38,0,8,-10
03,10,20,40,44,12,0,8,0
03,10,340,20,26,-22,0,8,3
03,10,270,20,33,20,0,8,4
03,10,110,60,57,-3,0,0,16
03,10,130,40,94,4,0,0,30
03,10,70,20,96,26,0,8,34
03,10,90,30,90,32,0,8,14
03,10,80,40,103,82,0,4,14
03,10,240,60,75,72,13,8,-9
03,10,10,50,4,-8,-1,8,-2
03,10,50,70,-20,-60,-1,8,2
03,10,40,70,-26,-67,0,7,5
03,10,240,20,-14,-77,-1,8,8
03,10,40,40,20,-21,0,3,3
03,10,190,50,17,-38,0,7,9
03,10,170,70,61,-13,0,7,10
03,10,160,50,69,40,0,7,7
03,10,200,50,84,10,0,5,9
03,10,180,20,47,31,1,8,-2
03,10,50,40,-1,-3,6,8,-1
03,10,990,10,29,-35,0,6,-1
03,10,80,70,37,-6,0,8,2
03,10,80,120,-1,-63,0,8,9
03,10,80,110,-9,-171,0,8,9
03,10,80,100,6,-103,0,4,26
03,10,60,100,14,-98,0,0,20
03,10,70,60,22,-80,0,0,8
03,10,60,50,21,-48,0,2,2
03,10,340,20,2,-32,0,8,4
03,10,30,40,17,-32,0,5,18
03,10,40,30,27,-22,0,4,7
03,10,150,30,68,31,0,7,7
03,10,210,60,69,30,0,0,18
03,10,160,50,53,34,-1,8,1
03,10,200,20,77,38,0,1,13
03,10,990,10,56,53,0,7,41
03,10,170,40,101,9,0,0,14
03,10,200,50,106,36,0,3,9
03,10,140,40,123,69,0,0,14
03,10,170,50,156,4,0,0,13
03,10,170,10,149,28,0,0,20
03,10,40,50,90,62,0,8,11
03,10,70,30,115,65,0,0,20
03,10,990,10,140,62,0,0,15
03,10,360,10,55,46,0,4,40
03,10,300,60,100,31,0,7,7
03,10,260,60,111,73,0,8,6
03,10,250,40,117,75,0,8,9
03,10,220,60,88,70,0,8,20
03,10,240,80,119,71,0,8,20
03,10,190,60,153,51,0,0,23
03,10,350,10,76,71,28,8,-6
03,10,230,80,81,47,-1,8,8
03,10,220,60,70,37,0,8,3
03,10,350,20,73,26,0,2,7
03,10,110,30,87,16,0,0,2
03,10,360,30,73,27,0,6,6
03,10,70,70,96,30,0,7,20
03,10,90,40,125,48,0,0,21
03,10,90,40,148,63,0,0,18
03,10,100,20,168,68,0,1,20
03,10,90,40,167,79,0,7,15
03,10,240,90,95,49,3,8,8
03,10,240,80,75,13,0,1,1
03,10,210,70,43,28,2,8,1
03,10,260,60,58,20,0,8,5
03,10,290,30,77,20,0,6,0
03,10,240,40,65,36,0,8,10
03,10,210,60,88,25,0,8,23
03,10,200,50,115,18,0,0,22
03,10,990,10,87,73,0,8,7
03,10,330,30,104,58,0,3,2
03,10,990,10,18,18,0,9,13
03,10,100,40,90,28,0,0,12
03,10,100,50,62,10,0,0,12
03,10,40,40,41,11,0,8,9
03,10,60,60,59,35,0,8,-4
03,10,80,40,79,35,0,6,21
03,10,80,30,128,51,0,3,24
03,10,330,30,119,67,0,1,12
03,10,20,20,63,50,0,8,3
03,10,340,20,13,13,0,9,14
03,10,280,50,66,52,3,8,6
03,10,50,50,31,-11,0,8,4
03,10,230,30,77,18,0,0,12
03,10,220,40,81,24,0,0,7
03,10,310,30,58,48,-1,8,-1
03,10,190,60,63,32,0,8,4
03,10,280,70,82,19,0,8,3
03,10,180,60,100,44,-1,8,-12
03,10,250,80,96,76,3,8,0
03,10,280,70,79,23,1,5,-7
03,10,290,110,105,23,0,7,3
03,10,180,40,19,-29,0,8,11
03,10,240,50,57,33,-1,8,4
03,10,340,20,51,22,0,8,7
03,10,130,50,17,9,11,8,5
03,10,0,0,26,16,0,7,7
03,10,350,10,30,21,-1,8,14
03,10,330,20,26,3,0,8,9
03,10,230,50,57,18,0,3,21
03,10,130,70,47,-9,0,8,10
03,10,80,40,58,0,0,7,6
03,10,70,40,46,26,0,7,8
03,10,90,40,63,9,0,0,14
03,10,80,70,62,7,0,1,15
03,10,70,60,39,-20,0,0,18
03,10,30,40,54,31,0,8,-4
03,10,70,90,64,-7,0,4,17
03,10,60,30,85,1,0,0,12
03,10,290,10,41,34,0,8,9
03,10,10,20,57,22,0,8,5
03,10,10,20,77,32,-1,7,9
03,10,330,30,87,27,-1,8,4
03,10,320,30,91,51,1,7,23
03,10,350,50,85,40,0,8,-6
03,10,240,40,76,60,0,8,9
03,10,230,60,75,68,8,8,6
03,10,180,60,116,54,0,2,22
03,10,210,80,98,63,0,7,2
03,10,190,130,116,57,-1,8,-11
03,10,230,100,85,38,0,8,13
03,10,240,80,115,43,0,7,-9
03,10,40,30,98,48,0,8,5
03,10,250,50,75,38,0,8,0
03,10,260,100,76,12,0,,0
03,10,150,50,73,24,0,8,13
03,10,180,50,128,64,0,8,4
03,10,200,70,94,45,0,3,7
03,10,270,20,60,53,20,8,12
03,10,270,40,73,54,0,8,9
03,10,170,60,56,47,19,8,5
03,10,240,60,108,104,1,8,2
03,10,230,20,82,42,0,4,10
03,10,190,20,103,31,0,8,7
03,10,130,50,112,14,0,8,14
03,10,350,20,107,30,0,8,15
03,10,220,50,121,57,0,8,23
03,10,320,20,115,59,0,8,11
03,10,210,30,131,57,0,4,15
03,10,290,40,88,28,0,8,6
03,10,260,60,116,97,0,8,8
03,10,240,80,122,101,0,8,-1
03,10,220,90,101,91,3,8,8
03,10,260,70,103,46,-1,8,0
03,10,150,50,103,0,0,0,13
03,10,90,50,115,34,0,1,12
03,10,80,60,101,41,0,7,21
03,10,50,60,116,20,0,8,19
03,10,80,40,82,46,0,8,19
03,10,130,40,152,26,0,3,7
03,10,230,20,163,37,0,0,14
03,10,230,80,133,88,0,8,9
03,10,220,70,189,92,0,8,16
03,10,180,50,196,91,0,8,20
03,10,80,110,-35,-145,0,8,18
03,10,80,110,-36,-128,0,7,12
03,10,80,50,-21,-60,0,8,9
03,10,120,40,56,17,0,8,21
03,10,210,50,92,55,0,8,15
03,10,210,50,103,44,0,8,-5
03,10,190,40,92,41,0,3,-1
03,10,190,50,63,39,-1,8,6
03,10,220,50,70,36,0,8,6
03,10,200,60,137,94,0,8,4
03,10,150,40,120,101,1,8,12
03,10,200,60,131,77,0,7,14
03,10,310,40,55,48,3,8,0
03,10,110,20,68,50,0,4,22
03,10,110,80,97,22,0,8,6
03,10,70,50,56,48,0,8,-1
03,10,70,110,-26,-67,3,8,2
03,10,70,120,-21,-106,0,8,11
03,10,70,80,6,-110,0,1,12
03,10,20,70,60,-45,0,1,18
03,10,260,20,40,8,0,7,11
03,10,270,50,61,54,2,8,4
03,10,210,70,56,21,0,8,1
03,10,150,20,94,30,0,3,4
03,10,90,20,116,17,0,6,4
03,10,250,30,45,36,0,8,23
03,10,140,60,97,-21,0,8,0
03,10,210,40,86,65,0,8,-4
03,10,220,50,73,42,0,8,8
03,10,130,60,102,35,0,8,9
03,10,230,20,102,52,0,8,4
03,10,330,40,66,63,-1,8,-6
03,10,190,40,88,61,0,8,16
03,10,220,90,104,96,3,8,7
03,10,270,60,57,45,15,8,10
03,10,240,80,68,38,0,8,12
03,10,170,60,110,53,0,8,19
03,10,230,110,92,51,0,8,17
03,10,260,50,89,44,2,7,-2
03,10,230,100,98,67,0,8,9
03,10,170,30,75,71,6,8,45
03,10,270,70,63,13,0,8,3
03,10,200,90,80,14,0,8,9
03,10,220,120,68,46,-1,8,-1
03,10,220,100,72,61,10,8,3
03,10,260,90,123,99,0,8,7
03,10,230,100,109,85,0,8,1
03,10,250,70,84,49,-1,5,-4
03,10,280,40,73,23,0,7,-11
03,10,230,40,83,34,0,7,13
03,10,220,40,97,71,0,8,14
03,10,230,40,129,83,0,1,2
03,10,990,10,105,97,0,5,31
03,10,270,20,99,77,0,8,5
03,10,70,20,91,24,0,8,-3
03,10,320,80,79,12,-1,6,-17
03,10,300,30,84,30,0,8,-6
03,10,280,30,91,36,0,8,9
03,10,990,10,110,48,0,8,-2
03,10,90,20,134,69,0,0,14
03,10,230,30,144,66,0,2,23
03,10,50,60,99,57,0,7,-1
03,10,220,110,84,28,-1,8,1
03,10,160,30,69,47,3,8,10
03,10,230,60,65,31,0,1,13
03,10,250,60,73,35,0,7,18
03,10,100,40,57,48,0,8,10
03,10,340,40,62,33,0,8,6
03,10,240,40,79,35,0,1,14
03,10,210,80,96,51,0,8,-1
03,10,240,70,83,50,0,7,5
03,10,230,90,106,99,4,8,5
03,10,250,40,110,91,-1,8,8
03,10,250,80,89,-9,0,2,9
03,10,260,80,86,28,0,8,5
03,10,180,40,94,49,0,2,4
03,10,190,60,110,71,0,8,0
03,10,990,10,116,78,0,8,1
03,10,230,60,109,35,0,1,1
03,10,220,60,138,53,0,3,11
03,10,990,10,111,88,0,8,21
03,10,30,40,78,44,0,8,3
03,10,50,70,61,8,0,0,10
03,10,90,80,56,-48,0,0,13
03,10,110,70,59,-72,0,0,11
03,10,120,70,70,-80,0,4,11
03,10,100,40,75,-76,0,0,12
03,10,70,90,85,-62,0,0,15
03,10,60,50,101,-6,0,0,17
03,10,40,60,110,-5,0,0,6
03,10,30,80,61,-42,-1,7,5
03,10,250,20,69,-12,0,8,-3
03,10,50,30,62,-23,0,0,8
