03,23,80,21,36,24,0,6,0
03,23,220,51,67,53,0,7,-6
03,23,190,26,45,15,0,1,3
03,23,160,41,89,56,0,8,4
03,23,150,31,93,81,0,8,13
03,23,120,36,105,70,0,6,1
03,23,90,41,129,65,-1,7,-14
03,23,990,5,117,89,2,8,-4
03,23,230,46,97,68,0,7,-5
03,23,190,41,98,90,2,8,-2
03,23,180,31,81,67,0,6,-9
03,23,170,36,82,53,0,1,0
03,23,170,26,92,46,0,0,-3
03,23,240,46,127,108,0,7,-4
03,23,180,31,104,82,0,7,-9
03,23,130,46,128,64,0,8,-9
03,23,180,26,67,52,0,2,6
03,23,200,57,88,66,0,7,2
03,23,240,87,110,93,0,1,0
03,23,220,87,138,117,0,7,0
03,23,220,31,71,71,0,8,1
03,23,320,26,54,39,-1,7,-4
03,23,360,46,62,40,-1,6,-8
03,23,30,62,57,48,0,4,-3
03,23,50,82,50,20,0,8,2
03,23,80,31,34,5,0,1,-11
03,23,30,41,36,1,0,0,-7
03,23,90,31,31,-13,0,1,0
03,23,90,31,22,-9,0,0,-12
03,23,220,21,27,-2,0,6,8
03,23,210,26,85,70,0,8,-3
03,23,200,67,89,18,0,0,-3
03,23,240,67,46,20,0,3,-3
03,23,220,57,79,70,0,8,1
03,23,120,21,60,56,0,0,-1
03,23,200,41,91,86,7,8,-1
03,23,170,26,39,23,0,0,-7
03,23,170,26,74,23,0,7,-2
03,23,250,21,80,74,0,8,-1
03,23,130,26,49,42,0,0,10
03,23,270,62,39,38,5,8,-2
03,23,230,77,44,31,0,3,2
03,23,250,123,83,74,3,8,3
03,23,270,77,50,22,-1,6,1
03,23,250,77,53,36,-1,7,8
03,23,270,26,20,10,0,7,0
03,23,200,31,50,17,0,7,1
03,23,250,10,86,72,0,7,-3
03,23,210,31,62,50,0,3,11
03,23,200,41,83,58,0,6,-7
03,23,240,57,94,94,-1,8,1
03,23,240,72,64,30,0,5,-1
03,23,240,41,34,33,0,2,4
03,23,320,15,25,25,0,4,0
03,23,20,67,48,31,0,7,-3
03,23,200,46,37,17,0,7,0
03,23,150,10,34,33,1,8,1
03,23,310,57,26,14,-1,7,-8
03,23,280,36,24,12,1,7,-1
03,23,180,51,56,34,-1,8,0
03,23,120,72,90,32,0,6,-5
03,23,300,10,51,51,-1,8,0
03,23,40,57,9,-12,0,7,0
03,23,40,41,-5,-22,0,1,-5
03,23,50,31,-35,-52,0,0,-2
03,23,300,21,-6,-14,0,7,1
03,23,240,57,20,20,1,8,3
03,23,300,36,52,52,0,8,-2
03,23,50,21,42,30,0,7,-10
03,23,100,87,15,-19,0,0,-8
03,23,190,41,36,5,0,0,0
03,23,200,26,67,53,0,6,8
03,23,160,15,59,37,0,1,-6
03,23,170,26,60,32,0,0,-8
03,23,180,36,59,22,0,0,-3
03,23,190,26,97,45,0,6,1
03,23,200,36,74,45,0,0,5
03,23,250,67,93,76,0,8,-3
03,23,230,77,92,76,0,6,-5
03,23,330,46,86,64,-1,8,-12
03,23,210,15,27,-26,0,0,-5
03,23,180,15,46,-4,0,0,0
03,23,200,36,96,72,0,6,-11
03,23,240,82,103,75,0,8,-12
03,23,230,36,50,-2,0,2,-8
03,23,270,26,24,-10,0,0,-4
03,23,320,41,33,10,-1,7,-2
03,23,30,36,7,-71,0,0,-6
03,23,90,41,-5,-65,0,7,-7
03,23,90,26,-5,-57,0,0,-9
03,23,110,46,18,-67,0,0,-15
03,23,190,31,93,33,0,6,5
03,23,180,72,150,41,0,6,-2
03,23,220,31,38,32,0,6,-20
03,23,210,41,34,27,0,0,-6
03,23,270,51,52,21,0,3,-8
03,23,160,36,40,7,0,6,7
03,23,240,46,86,81,7,8,1
03,23,230,72,68,44,0,6,1
03,23,230,77,93,85,0,8,0
03,23,230,67,118,105,0,7,-6
03,23,210,41,88,73,0,8,0
03,23,130,21,25,-5,0,1,-2
03,23,240,15,73,30,0,6,-10
03,23,210,72,57,18,0,5,4
03,23,260,51,63,2,0,2,-3
03,23,240,93,97,76,0,8,2
03,23,240,46,49,38,0,6,2
03,23,250,87,41,26,26,2,-24
03,23,230,62,29,-3,0,3,2
03,23,230,123,82,73,8,8,-2
03,23,230,41,30,-2,0,6,-4
03,23,170,21,21,-8,0,7,-2
03,23,990,15,22,-14,0,0,-4
03,23,210,82,83,78,4,8,4
03,23,230,118,131,109,-1,8,1
03,23,230,51,86,67,0,6,2
03,23,260,26,60,54,1,8,-1
03,23,290,26,20,4,0,0,-4
03,23,120,26,33,4,0,7,-2
03,23,230,98,124,88,0,8,-9
03,23,230,51,106,92,0,5,-7
03,23,190,67,169,88,0,3,1
03,23,200,82,109,71,1,8,0
03,23,200,57,46,12,0,2,4
03,23,170,93,43,24,5,8,8
03,23,220,57,9,-13,0,3,-1
03,23,190,46,7,-30,0,2,3
03,23,260,77,26,20,8,7,-7
03,23,240,67,20,15,0,8,-12
03,23,180,118,52,0,0,7,3
03,23,200,57,36,11,0,7,0
03,23,140,26,4,-13,0,1,9
03,23,120,36,40,-11,0,4,1
03,23,180,36,78,17,0,1,-18
03,23,70,21,70,33,0,2,-5
03,23,60,31,34,-3,0,0,-13
03,23,230,57,56,39,0,8,-6
03,23,220,62,20,16,-1,7,1
03,23,200,77,59,28,0,6,4
03,23,240,118,62,16,0,4,1
03,23,220,51,67,52,3,8,-5
03,23,220,31,22,-8,0,2,3
03,23,270,46,40,7,-1,8,2
03,23,330,21,20,-16,0,1,-6
03,23,200,21,12,-17,0,1,11
03,23,200,51,64,2,0,0,0
03,23,230,82,80,63,0,6,-5
03,23,230,67,67,17,-1,8,1
03,23,240,98,82,60,0,8,1
03,23,290,31,-2,-26,0,2,-4
03,23,310,67,18,18,3,8,-14
03,23,320,26,9,-18,0,1,3
03,23,200,41,31,-8,0,6,1
03,23,250,31,83,83,0,9,4
03,23,40,36,-2,-23,0,2,-6
03,23,290,21,1,-5,-1,8,-1
03,23,360,26,-9,-29,0,0,-10
03,23,270,26,29,29,0,8,2
03,23,290,21,7,3,-1,8,-2
03,23,320,31,33,16,0,8,-4
03,23,80,57,17,-19,0,0,-6
03,23,110,41,24,-31,0,0,-14
03,23,90,62,17,-30,0,0,-5
03,23,60,41,-1,-50,0,0,-12
03,23,90,57,-32,-65,0,0,-3
03,23,90,72,-31,-89,0,0,-3
03,23,90,98,-16,-64,0,2,-6
03,23,60,36,14,-41,0,2,1
03,23,70,67,24,-19,0,3,-4
03,23,140,10,42,16,0,7,3
03,23,270,10,44,28,0,7,-1
03,23,990,5,46,37,0,8,-1
03,23,80,21,50,33,0,7,-8
03,23,210,36,83,49,-1,8,-3
03,23,230,41,75,68,0,7,-1
03,23,170,15,69,67,0,8,4
03,23,250,26,110,99,0,8,-4
03,23,70,57,47,41,0,3,0
03,23,990,15,85,53,0,7,-5
03,23,20,103,10,-47,0,7,-10
03,23,360,26,9,-89,0,0,-9
03,23,300,26,20,17,-1,7,-3
03,23,280,26,12,8,0,6,-2
03,23,290,31,-4,-28,0,3,-4
03,23,280,15,2,-3,-1,3,-3
03,23,230,90,115,79,0,7,1
03,23,220,50,83,73,0,8,0
03,23,90,40,65,55,4,8,-1
03,23,200,40,119,99,0,7,-3
03,23,210,40,55,43,0,1,5
03,23,150,30,76,67,0,8,-13
03,23,180,30,74,46,0,1,7
03,23,70,30,80,69,0,0,-7
03,23,110,30,93,22,0,0,-11
03,23,990,10,84,57,0,0,-21
03,23,60,50,42,41,0,4,-3
03,23,260,30,103,70,0,0,-9
03,23,240,70,91,66,0,8,-3
03,23,220,30,92,86,1,8,-3
03,23,240,30,104,101,4,7,1
03,23,250,60,95,79,0,7,-2
03,23,160,10,73,60,0,4,-13
03,23,230,50,69,56,0,7,1
03,23,350,50,36,9,0,7,-3
03,23,240,40,54,36,0,6,-2
03,23,340,30,28,13,0,5,6
03,23,140,20,28,-9,0,3,4
03,23,250,10,66,62,0,6,-1
03,23,260,10,66,45,0,7,-5
03,23,200,20,51,49,0,5,-16
03,23,240,80,102,92,1,8,1
03,23,240,110,124,86,0,8,2
03,23,250,40,40,0,0,0,-3
03,23,290,30,66,42,0,7,-2
03,23,990,10,63,31,0,0,-17
03,23,160,10,79,47,0,0,-9
03,23,210,60,43,40,2,7,10
03,23,200,60,77,58,-1,8,6
03,23,220,110,132,104,0,7,2
03,23,230,80,59,38,0,4,-5
03,23,220,70,65,22,2,8,-1
03,23,230,100,101,85,3,8,1
03,23,240,70,86,63,0,7,0
03,23,30,60,-6,-42,0,0,-4
03,23,210,20,5,-22,0,0,-11
03,23,170,70,53,-58,0,8,1
03,23,330,30,34,34,-1,8,2
03,23,200,20,8,-16,0,6,5
03,23,250,40,53,53,0,8,1
03,23,280,30,67,62,0,8,-3
03,23,310,30,79,77,0,8,-1
03,23,270,20,80,47,0,8,-1
03,23,230,20,88,74,0,8,-1
03,23,300,20,55,38,0,5,-10
03,23,310,20,33,0,0,2,-3
03,23,330,50,68,68,-1,8,-2
03,23,360,20,37,-8,0,1,-13
03,23,330,40,54,50,2,8,-1
03,23,40,40,-1,-44,0,0,-3
03,23,140,20,13,-36,0,4,-14
03,23,170,30,30,-59,0,3,-7
03,23,200,60,59,56,3,8,1
03,23,190,30,104,92,0,8,0
03,23,100,30,108,88,0,2,-15
03,23,130,30,134,87,0,6,-4
03,23,240,30,137,120,0,6,-1
03,23,90,20,117,101,0,1,-1
03,23,240,70,103,96,2,8,-3
03,23,220,120,121,97,1,8,-3
03,23,200,60,68,50,-1,7,-2
03,23,170,60,62,33,0,5,-8
03,23,240,50,38,31,-1,8,-1
03,23,210,70,33,11,0,7,-12
03,23,200,60,30,22,3,8,1
03,23,120,30,36,30,9,8,2
03,23,210,10,31,20,0,7,0
03,23,70,10,14,12,0,1,-10
03,23,90,40,41,11,0,1,-5
03,23,180,30,93,66,0,3,2
03,23,340,20,88,77,0,7,-1
03,23,30,40,83,49,0,5,-9
03,23,70,30,46,23,0,2,-1
03,23,60,20,60,25,0,7,-7
03,23,50,30,48,9,0,5,9
03,23,340,70,60,42,0,7,-2
03,23,300,20,46,14,0,3,1
03,23,240,40,66,43,0,7,-1
03,23,210,40,52,41,-1,8,4
03,23,230,40,40,14,0,7,0
03,23,220,60,86,78,0,7,-5
03,23,80,20,62,53,0,1,-3
03,23,190,50,112,83,0,7,-5
03,23,240,50,69,48,0,8,-3
03,23,350,60,69,41,0,7,-5
03,23,150,10,44,9,0,0,-11
03,23,170,40,80,25,0,5,-4
03,23,190,10,109,80,0,7,-12
03,23,100,30,107,56,0,1,-5
03,23,270,40,29,16,0,6,-7
03,23,220,120,64,37,1,8,3
03,23,300,60,36,28,-1,8,-9
03,23,260,30,2,-7,-1,7,3
03,23,220,50,46,12,0,7,0
03,23,220,70,72,15,0,8,2
03,23,230,80,79,73,6,8,-1
03,23,230,80,113,100,0,8,-1
03,23,270,30,89,73,-1,8,0
03,23,230,90,82,71,-1,8,0
03,23,270,20,63,44,-1,8,-1
03,23,200,30,64,36,0,7,-2
03,23,230,30,89,84,0,8,1
03,23,310,50,46,22,0,7,-9
03,23,260,50,56,25,-1,8,-1
03,23,280,30,73,61,0,8,-1
03,23,340,30,65,58,1,8,-3
03,23,340,20,43,42,-1,8,-10
03,23,290,10,20,14,0,5,-6
03,23,80,20,36,5,0,5,-3
03,23,70,20,46,33,0,2,-3
03,23,210,20,78,30,0,3,-14
03,23,130,20,93,50,0,8,0
03,23,200,40,85,74,0,2,6
03,23,180,40,69,57,3,8,-1
03,23,110,20,40,35,0,5,1
03,23,20,80,55,45,1,8,-5
03,23,50,30,25,23,2,8,2
03,23,30,50,62,55,-1,8,-1
03,23,300,20,53,50,0,8,-1
03,23,150,20,35,33,0,6,4
03,23,210,20,14,8,0,8,3
03,23,50,40,1,-8,0,8,0
03,23,50,40,-1,-19,0,8,0
03,23,330,30,17,9,0,8,-1
03,23,110,40,8,-23,0,0,0
03,23,100,40,36,3,0,7,-4
03,23,160,30,100,91,0,8,-2
03,23,210,50,90,69,0,6,3
03,23,200,50,94,82,0,7,0
03,23,230,70,110,92,-1,8,-1
03,23,210,100,137,108,-1,7,1
03,23,220,70,54,46,22,8,6
03,23,230,50,37,24,0,1,3
03,23,190,30,55,46,-1,8,0
03,23,160,20,80,76,1,8,5
03,23,60,50,76,61,0,8,-4
03,23,90,30,64,59,0,8,0
03,23,270,60,38,31,1,8,-7
03,23,990,10,6,-22,0,0,-18
03,23,80,40,34,-35,0,8,-5
03,23,200,30,78,71,0,7,4
03,23,170,20,65,54,0,8,1
03,23,230,50,104,89,0,7,1
03,23,40,50,53,49,23,8,-7
03,23,20,30,22,0,0,8,-3
03,23,80,30,25,2,0,7,2
03,23,110,40,32,6,0,8,2
03,23,160,50,67,42,0,6,5
03,23,210,20,31,23,0,1,-4
03,23,190,30,45,33,0,2,-1
03,23,210,40,80,59,0,2,9
03,23,50,40,10,-12,0,3,-8
03,23,230,30,9,-24,0,2,3
03,23,210,30,40,22,0,1,6
03,23,110,20,41,14,0,0,-12
03,23,240,30,69,18,0,8,-7
03,23,240,90,88,75,0,8,0
03,23,230,30,61,20,0,5,-18
03,23,200,50,69,29,0,7,-1
03,23,250,70,66,15,0,5,-7
03,23,200,60,76,-11,0,7,-4
03,23,180,20,96,38,0,8,-2
03,23,90,20,87,82,3,8,1
03,23,50,60,32,20,-1,8,-1
03,23,90,90,28,13,0,7,2
03,23,170,40,96,67,0,7,0
03,23,150,40,111,70,0,7,-1
03,23,200,40,97,70,0,3,8
03,23,220,90,91,63,4,3,0
03,23,200,40,77,68,3,8,7
03,23,230,70,110,106,17,8,9
03,23,240,50,95,76,0,3,-7
03,23,350,40,40,2,0,2,-9
03,23,30,30,42,1,0,0,-3
03,23,90,20,23,-22,0,3,-6
03,23,100,20,21,-16,0,7,-4
03,23,50,20,29,-29,0,3,-6
03,23,60,20,20,-23,0,0,-2
03,23,80,40,61,-26,0,0,-1
03,23,150,20,75,2,0,0,-16
03,23,170,30,74,19,0,5,-4
03,23,180,20,98,68,0,8,-2
03,23,160,50,85,76,17,8,-1
03,23,300,50,56,48,-1,8,-3
03,23,150,30,21,4,0,0,-5
03,23,190,40,78,66,1,8,5
03,23,140,20,97,63,0,8,1
03,23,200,30,28,25,0,0,-8
03,23,230,80,64,38,-1,8,-5
03,23,220,90,88,48,-1,8,1
03,23,200,60,90,41,0,0,-7
03,23,200,50,103,79,0,8,1
03,23,220,50,87,81,6,8,0
03,23,340,40,59,40,0,8,-1
03,23,80,30,29,-12,0,0,0
03,23,100,80,29,-19,0,0,-7
03,23,100,30,36,-4,0,0,-15
03,23,120,10,37,-4,0,0,0
03,23,50,30,34,10,0,8,-9
03,23,70,10,56,17,0,0,-14
03,23,50,20,35,18,0,0,-10
03,23,90,30,23,2,0,0,-6
03,23,60,30,28,-15,0,0,9
03,23,80,30,43,-77,0,0,0
03,23,180,30,75,-28,0,0,11
03,23,250,20,135,67,0,8,-7
03,23,70,10,81,58,0,3,-2
03,23,190,20,93,62,0,0,-7
03,23,60,20,98,19,0,0,-11
03,23,180,20,141,76,0,8,-6
03,23,220,20,125,105,0,8,-7
03,23,10,50,66,43,0,4,-1
03,23,70,10,56,12,0,2,-22
03,23,270,30,12,-25,0,8,-1
03,23,250,30,1,-18,0,4,-4
03,23,190,20,7,-34,0,5,8
03,23,90,30,47,-19,0,8,-4
03,23,70,40,11,5,2,8,-2
03,23,240,30,25,16,-1,8,2
03,23,10,30,41,28,0,8,-3
03,23,280,20,16,1,0,8,0
03,23,50,40,0,-21,0,8,-8
03,23,40,30,2,-2,-1,8,-1
03,23,110,30,-11,-26,0,4,4
03,23,180,50,71,54,-1,7,7
03,23,190,60,69,35,0,1,0
03,23,210,90,105,46,0,8,3
03,23,210,60,109,75,0,8,-7
03,23,200,20,104,68,0,3,-17
03,23,100,10,108,78,0,5,-18
03,23,230,60,106,73,0,8,-2
03,23,250,60,94,80,2,8,-2
03,23,250,170,115,74,16,8,-7
03,23,230,90,72,38,0,6,-3
03,23,250,30,54,32,-1,8,-6
03,23,360,40,47,17,0,7,-13
03,23,10,50,40,-3,0,5,-13
03,23,30,30,19,-12,0,4,-4
03,23,40,20,17,7,-1,5,-10
03,23,180,20,13,-41,0,3,-16
03,23,190,20,29,-26,0,0,-8
03,23,60,40,58,13,0,0,-3
03,23,110,50,74,5,0,0,6
03,23,160,20,117,53,0,8,-2
03,23,200,60,-26,-77,0,7,-4
03,23,110,10,-17,-36,-1,8,-3
03,23,20,60,-17,-38,0,8,-2
03,23,200,50,-23,-30,1,8,1
03,23,40,50,-22,-52,0,3,1
03,23,340,30,6,3,0,8,0
03,23,300,30,29,22,-1,8,2
03,23,310,50,39,31,-1,8,0
03,23,350,20,21,9,0,8,-4
03,23,230,40,34,1,0,8,-2
03,23,270,50,11,3,8,8,-1
03,23,240,50,27,8,0,8,2
03,23,230,40,31,-6,0,8,0
03,23,190,30,20,-7,0,0,-10
03,23,200,40,98,48,0,8,11
03,23,250,70,158,66,0,7,-11
03,23,230,60,95,76,0,4,-5
03,23,270,20,114,83,0,8,-3
03,23,50,30,100,93,0,8,-4
03,23,80,30,76,45,0,8,-7
03,23,80,30,85,2,0,5,-1
03,23,200,40,119,105,0,8,0
03,23,110,30,97,65,0,2,2
03,23,240,40,104,98,2,8,0
03,23,160,20,102,86,-1,8,1
03,23,160,30,107,85,0,5,-5
03,23,190,20,111,99,0,8,2
03,23,150,10,86,78,0,8,-7
03,23,100,40,112,89,-1,7,-4
03,23,60,10,100,95,3,8,-1
03,23,160,10,90,75,0,0,-10
03,23,220,70,-13,-35,0,7,-3
03,23,200,60,-10,-26,0,8,-1
03,23,290,10,-12,-19,0,8,-12
03,23,210,30,-22,-38,0,7,0
03,23,240,30,5,-16,-1,8,-1
03,23,270,30,2,-8,0,8,0
03,23,160,40,24,-24,0,8,-4
03,23,240,50,93,87,0,8,0
03,23,230,90,73,43,0,8,-4
03,23,230,30,36,27,8,8,1
03,23,360,50,-39,-73,0,0,-3
03,23,90,20,-41,-73,0,0,0
03,23,100,20,-18,-67,0,3,-8
03,23,100,30,8,-54,0,8,-5
03,23,40,40,-9,-30,0,6,4
03,23,50,30,-1,-23,0,8,1
03,23,60,50,9,-26,0,8,0
03,23,40,40,-11,-21,0,0,1
03,23,40,40,-11,-17,0,0,22
03,23,40,70,21,-9,0,8,-7
03,23,30,50,5,-50,0,6,-6
03,23,60,30,-3,-49,0,0,-4
03,23,90,30,26,-57,0,0,-6
03,23,200,50,103,84,0,8,0
03,23,200,60,116,109,11,8,7
03,23,130,40,142,121,-1,8,8
03,23,210,60,113,57,0,0,0
03,23,220,80,72,39,0,0,-5
03,23,180,50,88,49,0,1,4
03,23,220,60,106,94,3,8,3
03,23,200,50,99,78,1,8,-3
03,23,240,70,70,35,0,8,-4
03,23,170,50,69,23,-1,7,-12
03,23,190,40,48,35,0,2,0
03,23,160,40,114,26,0,4,2
03,23,190,70,84,29,0,3,3
03,23,200,100,77,56,2,8,-1
03,23,240,20,53,38,0,2,-1
03,23,180,30,56,27,0,0,-5
03,23,230,30,21,12,0,0,9
03,23,230,30,82,45,0,8,-4
03,23,170,30,68,40,0,0,10
03,23,200,40,70,31,0,0,5
03,23,350,20,69,28,0,6,-3
03,23,110,20,46,17,0,2,-10
03,23,240,10,52,22,0,0,-13
03,23,240,60,80,60,0,6,-3
03,23,240,100,88,42,0,8,1
03,23,220,70,38,7,0,8,-22
03,23,300,20,6,-13,0,0,-3
03,23,320,40,26,7,0,4,-7
03,23,270,20,23,1,0,8,1
03,23,340,70,49,-15,0,8,-6
03,23,330,20,47,11,0,8,-4
03,23,40,40,81,47,0,8,-2
03,23,60,60,74,31,0,0,-14
03,23,90,40,87,32,0,0,7
03,23,100,40,89,-1,0,0,-3
03,23,190,30,78,30,0,8,13
03,23,120,30,60,47,0,0,0
03,23,50,40,83,58,0,8,-2
03,23,50,60,119,40,0,8,-4
03,23,230,70,73,47,0,8,1
03,23,240,50,87,53,0,8,-7
03,23,210,30,30,18,-1,8,-8
03,23,340,40,2,-3,0,8,-3
03,23,200,50,4,-20,0,2,8
03,23,220,50,66,48,0,8,-3
03,23,220,30,47,30,0,1,-1
03,23,190,90,75,22,0,8,1
03,23,200,60,55,39,0,0,-1
03,23,200,120,75,47,-1,7,-8
03,23,240,90,110,69,0,8,-6
03,23,230,70,54,16,0,5,-2
03,23,190,50,66,58,9,8,-4
03,23,130,10,43,17,0,8,3
03,23,90,20,100,74,0,8,6
03,23,360,60,58,48,1,8,-1
03,23,300,30,26,0,0,4,-2
03,23,250,20,24,6,0,8,-1
03,23,280,30,31,5,0,8,-3
03,23,220,130,43,37,20,8,14
03,23,220,50,20,15,-1,8,-8
03,23,10,50,1,-41,-1,8,-3
03,23,190,30,10,-42,0,8,3
03,23,250,30,-1,-2,9,8,1
03,23,230,50,5,-32,0,8,9
03,23,150,20,38,38,-1,8,0
03,23,230,40,54,48,0,8,-2
03,23,230,90,79,45,0,8,-5
03,23,170,60,88,22,0,7,0
03,23,190,50,80,69,0,8,2
03,23,210,30,64,29,0,0,-1
03,23,210,50,91,77,-1,8,-1
03,23,200,30,15,3,0,0,3
03,23,160,50,58,-11,0,6,-2
03,23,180,20,47,43,2,8,-4
03,23,320,50,36,25,5,8,1
03,23,260,20,12,0,0,5,-4
03,23,210,80,74,34,0,8,-3
03,23,230,60,47,10,0,5,-1
03,23,230,60,47,18,0,8,1
03,23,300,30,48,25,0,8,0
03,23,190,40,46,9,0,8,0
03,23,280,20,83,80,1,8,0
03,23,170,20,81,40,0,8,1
03,23,270,30,85,65,-1,8,-3
03,23,320,40,81,46,0,8,-2
03,23,140,20,49,31,0,0,-13
03,23,60,40,46,5,0,0,-11
03,23,50,20,25,-19,0,8,18
03,23,50,30,25,-23,0,0,-6
03,23,90,20,20,-40,0,0,-7
03,23,240,20,37,-30,0,0,-7
03,23,240,50,77,29,0,8,2
03,23,240,40,33,17,0,7,0
03,23,220,50,23,4,0,8,-4
03,23,260,40,46,24,0,6,-1
03,23,280,40,65,49,11,8,-6
03,23,200,60,50,35,4,8,2
03,23,240,60,52,30,0,8,-1
03,23,330,10,24,-12,0,1,-5
03,23,360,10,39,-16,0,0,-9
03,23,30,30,31,-11,0,0,-4
03,23,210,10,2,-13,0,0,1
03,23,340,20,6,-23,0,0,-18
03,23,60,40,8,-31,0,7,-3
03,23,340,30,-10,-43,0,0,-8
03,23,260,50,12,5,4,8,-4
03,23,30,40,-36,-60,0,0,-5
03,23,60,40,-29,-84,0,0,-4
03,23,40,40,-31,-50,0,0,-8
03,23,40,60,-24,-73,0,0,-2
03,23,30,60,-19,-44,0,3,-5
03,23,210,30,-19,-33,0,8,11
03,23,240,20,28,-7,0,8,-1
03,23,240,40,39,2,0,8,-1
03,23,280,20,46,30,0,8,-1
03,23,280,40,54,42,5,8,1
03,23,170,30,45,20,0,8,-6
03,23,200,40,76,6,0,8,-7
03,23,200,80,125,10,0,8,0
03,23,200,10,132,81,-1,8,-11
03,23,200,90,134,108,0,4,5
03,23,210,30,73,66,0,7,0
03,23,200,40,80,48,0,8,-12
03,23,130,40,100,55,0,7,-11
03,23,160,40,134,62,0,8,3
03,23,210,50,111,92,30,8,1
03,23,210,60,82,52,0,2,5
03,23,230,60,91,54,0,8,-3
03,23,220,40,88,79,7,8,-1
03,23,160,80,127,77,-1,8,-7
03,23,190,60,44,26,0,0,5
03,23,230,100,42,5,0,8,-1
03,23,40,70,19,10,0,8,-3
03,23,40,50,-3,-33,0,0,-8
03,23,40,30,-10,-49,0,0,-1
03,23,40,20,-16,-32,0,0,3
03,23,40,50,11,-7,0,0,-11
03,23,70,40,-2,-39,0,0,-5
03,23,100,20,4,-109,0,0,-30
03,23,200,70,70,15,0,0,-2
03,23,230,50,51,29,0,2,-3
03,23,230,80,89,46,0,8,-3
03,23,180,30,54,21,0,0,0
03,23,190,60,96,54,1,8,-2
03,23,200,30,90,80,-1,8,1
03,23,50,30,62,49,0,0,1
03,23,60,50,97,61,0,0,-10
03,23,50,50,56,31,0,8,-3
03,23,290,20,42,41,-1,8,1
03,23,90,20,58,57,7,8,1
03,23,60,20,13,-23,0,0,-1
03,23,130,20,26,-27,0,0,-10
03,23,120,10,57,-14,0,0,-16
03,23,30,40,72,40,0,3,-16
03,23,60,30,71,37,0,0,-13
03,23,100,20,88,54,0,8,-25
03,23,50,40,87,40,0,7,-3
03,23,60,40,57,24,0,6,-4
03,23,20,20,58,-2,0,6,-5
03,23,90,30,45,4,0,0,-2
03,23,180,20,68,12,0,0,-7
03,23,210,60,107,69,0,8,-3
03,23,240,60,132,107,0,8,1
03,23,70,30,76,73,0,8,-1
03,23,150,30,100,78,0,8,-1
03,23,230,40,94,67,0,8,-2
03,23,160,50,87,57,-1,8,-3
03,23,170,40,41,3,0,8,1
03,23,200,30,23,5,0,0,-1
03,23,290,30,55,45,-1,8,-7
03,23,230,30,14,1,0,0,-4
03,23,240,30,81,48,0,8,-1
03,23,240,20,84,78,0,8,0
03,23,310,20,64,51,0,6,-6
03,23,360,10,90,70,0,8,3
03,23,70,20,72,37,0,8,-1
03,23,80,30,38,22,0,0,-7
03,23,230,30,104,35,0,0,-26
03,23,180,50,147,28,0,0,-32
03,23,190,50,95,65,0,8,0
03,23,300,20,42,32,0,7,-4
03,23,210,20,34,0,0,0,-3
03,23,50,10,70,30,0,8,-11
03,23,60,20,66,35,0,0,0
03,23,90,30,96,67,0,0,-3
03,23,20,10,97,60,0,0,-4
03,23,30,30,95,73,0,0,10
03,23,70,20,90,33,0,0,-30
03,23,30,10,86,46,0,0,-12
03,23,30,30,98,74,0,2,-10
03,23,300,10,86,31,0,0,-14
03,23,300,30,81,52,0,8,1
03,23,260,20,68,52,0,8,1
03,23,350,30,24,-6,0,0,-7
03,23,60,40,20,-22,0,8,-2
03,23,330,20,11,-27,0,8,-1
03,23,70,40,8,-17,0,1,-5
03,23,100,20,47,-28,0,0,12
03,23,170,10,87,-3,0,8,-4
03,23,90,20,85,-2,0,8,0
03,23,150,20,102,90,0,8,-5
03,23,150,30,111,97,1,8,-7
03,23,260,40,64,48,0,8,-9
03,23,30,50,-14,-31,0,8,-2
03,23,60,80,-34,-62,0,8,-3
03,23,30,40,-47,-86,0,8,-6
03,23,240,30,-35,-54,0,7,-8
03,23,200,20,-43,-69,0,0,-8
03,23,190,70,27,-37,0,8,1
03,23,160,60,55,-42,0,7,-3
03,23,190,70,39,11,0,7,6
03,23,180,30,30,-18,0,8,9
03,23,160,20,34,11,0,1,-12
03,23,200,10,7,-3,0,8,3
03,23,100,20,-15,-37,0,0,-4
03,23,80,90,8,-47,0,8,-7
03,23,70,60,-1,-65,0,8,-4
03,23,70,70,-5,-101,0,8,-1
03,23,80,70,-1,-91,0,8,-7
03,23,70,40,-12,-84,0,0,-2
03,23,80,40,9,-59,0,8,-7
03,23,10,30,-9,-20,2,8,-2
03,23,60,20,-7,-31,0,8,-8
03,23,360,30,-12,-24,0,1,1
03,23,60,40,-3,-33,0,8,1
03,23,230,40,48,34,0,8,-7
03,23,170,70,52,-6,0,8,1
03,23,140,30,45,7,0,0,-1
03,23,230,20,34,25,0,0,-15
03,23,180,20,25,1,0,0,-7
03,23,170,30,57,4,0,0,1
03,23,320,10,89,55,0,8,3
03,23,140,30,80,-1,0,0,-4
03,23,140,30,88,-18,0,0,-2
03,23,360,50,81,69,0,0,-6
03,23,50,40,65,49,0,0,-6
03,23,60,20,69,28,0,0,-11
03,23,20,50,84,48,0,0,-23
03,23,220,50,86,52,0,2,-4
03,23,230,60,92,49,0,8,2
03,23,200,30,66,51,0,0,1
03,23,200,20,93,64,0,8,2
03,23,250,60,90,68,2,8,1
03,23,220,60,94,55,0,1,-8
03,23,210,80,147,54,0,1,-1
03,23,160,20,59,26,0,8,10
03,23,190,40,38,24,0,0,0
03,23,210,30,30,20,0,8,-14
03,23,160,20,10,4,0,0,-4
03,23,40,20,14,-13,0,0,-11
03,23,60,20,17,-6,0,1,-14
03,23,110,10,63,39,0,8,3
03,23,110,40,100,28,0,7,-6
03,23,100,10,115,17,0,0,-15
03,23,140,20,130,46,0,8,-18
03,23,200,30,143,60,0,8,-9
03,23,220,110,83,46,-1,8,-20
03,23,230,50,29,-7,0,0,-1
03,23,260,60,39,7,1,8,-20
03,23,290,40,41,16,-1,8,-3
03,23,200,30,16,-4,0,0,0
03,23,200,40,29,6,0,0,3
03,23,200,60,68,-3,0,0,-4
03,23,300,30,76,55,0,1,5
03,23,210,30,65,58,0,8,-4
03,23,20,40,30,7,0,0,-15
03,23,90,20,19,3,0,0,4
03,23,110,20,37,-2,0,0,-8
03,23,70,50,49,-24,0,8,-7
03,23,50,50,31,19,0,8,2
03,23,70,30,39,19,0,2,-17
03,23,170,20,52,23,0,0,-11
03,23,110,10,79,35,0,0,-9
03,23,310,30,62,53,0,8,-2
03,23,40,20,59,40,0,8,0
03,23,290,20,39,23,0,8,0
03,23,10,60,48,42,-1,8,1
03,23,110,10,5,-8,0,0,-3
03,23,350,30,52,25,0,8,-3
03,23,350,50,60,32,-1,8,-3
03,23,270,20,46,39,0,8,-3
03,23,250,40,68,49,0,8,-6
03,23,180,20,46,12,0,7,-7
03,23,220,80,115,102,0,8,-1
03,23,240,50,85,55,-1,8,-7
03,23,210,100,75,48,-1,8,13
03,23,260,60,55,8,0,8,0
03,23,200,70,56,46,0,8,2
03,23,230,70,30,8,-1,8,-4
03,23,180,30,15,-1,0,8,1
03,23,70,20,-2,-4,0,8,4
03,23,190,30,2,-1,0,2,1
03,23,230,20,17,13,-1,8,0
03,23,200,30,-16,-20,0,0,-5
03,23,180,60,20,-7,0,8,-1
03,23,90,40,23,-17,0,8,-16
03,23,50,30,10,-11,0,8,-7
03,23,50,30,10,-3,0,0,-1
03,23,60,30,2,-17,0,0,-2
03,23,50,60,13,-16,0,0,-5
03,23,50,40,18,-23,0,8,-24
03,23,50,40,27,22,0,5,1
03,23,40,30,10,-24,0,0,-1
03,23,60,10,28,-4,0,0,-9
03,23,330,10,44,35,0,8,-1
03,23,340,20,46,13,0,8,-4
03,23,310,20,60,54,-1,8,-2
03,23,300,40,57,27,0,8,-3
03,23,330,30,59,50,0,8,-1
03,23,310,20,70,50,0,8,-2
03,23,230,60,69,46,0,8,0
03,23,260,10,48,34,0,7,-19
03,23,180,60,118,53,0,8,1
03,23,190,70,90,38,0,4,-7
03,23,220,70,56,40,12,8,-2
03,23,200,70,91,64,-1,8,2
03,23,180,10,65,57,2,8,-3
03,23,50,30,54,34,0,8,-2
03,23,250,70,85,63,1,8,-4
03,23,200,30,43,-2,0,8,-1
03,23,180,50,118,48,0,8,-2
03,23,240,40,67,39,-1,8,0
03,23,220,50,57,29,0,8,-5
03,23,260,20,45,38,-1,5,6
03,23,190,20,38,27,0,8,6
03,23,240,20,93,90,-1,8,-1
03,23,310,20,58,33,0,8,-5
03,23,140,20,58,11,0,8,-3
03,23,80,20,69,12,0,8,-6
03,23,140,20,77,4,0,8,-19
03,23,260,20,59,53,0,8,-6
03,23,300,20,95,81,0,8,-4
03,23,110,10,72,27,0,0,-14
03,23,210,30,83,48,0,1,-5
03,23,230,70,64,33,3,8,-8
03,23,250,40,104,102,7,8,0
03,23,240,60,99,67,0,8,5
03,23,220,90,106,64,-1,8,-4
03,23,180,20,40,-17,0,8,-6
03,23,120,30,55,25,0,8,-3
03,23,50,70,76,50,0,8,-8
03,23,60,40,71,26,0,8,-9
03,23,50,70,78,-10,0,0,-7
03,23,70,20,71,22,0,8,-10
03,23,160,30,100,2,0,0,-8
03,23,220,30,101,69,0,0,-2
03,23,200,30,116,77,0,8,4
03,23,140,30,144,72,0,8,-4
03,23,210,30,125,83,0,6,-5
03,23,70,90,-29,-126,0,7,2
03,23,80,40,-26,-35,4,8,2
03,23,140,20,24,7,1,8,-6
03,23,220,60,62,40,0,8,-1
03,23,140,20,45,10,0,8,-2
03,23,170,20,44,16,0,3,-4
03,23,240,60,45,28,0,7,-9
03,23,220,50,34,14,0,7,-9
03,23,190,30,91,85,1,8,1
03,23,150,20,106,92,0,8,-2
03,23,190,30,93,71,0,8,3
03,23,220,70,86,70,-1,8,-3
03,23,200,20,46,41,0,8,1
03,23,90,50,57,16,0,8,-5
03,23,120,20,61,52,0,8,4
03,23,50,60,11,1,0,8,-6
03,23,60,80,-28,-73,0,8,1
03,23,90,60,-13,-99,0,8,-1
03,23,20,40,-30,-103,0,0,3
03,23,360,40,0,-33,0,6,-3
03,23,200,30,17,-8,0,8,2
03,23,240,30,56,56,0,9,0
03,23,170,20,43,16,0,8,0
03,23,130,30,43,-2,0,0,2
03,23,360,40,71,33,0,8,-6
03,23,240,10,28,11,0,0,-7
03,23,240,30,83,80,1,8,4
03,23,250,40,38,24,-1,8,0
03,23,150,30,69,0,0,8,1
03,23,210,40,63,41,0,1,-6
03,23,190,30,58,46,0,8,0
03,23,230,30,57,44,0,8,0
03,23,210,80,88,56,0,8,-3
03,23,200,80,119,71,0,8,5
03,23,240,80,63,25,0,8,-1
03,23,180,40,77,51,-1,8,3
03,23,190,80,113,81,-1,8,-4
03,23,230,100,79,29,-1,8,-1
03,23,210,80,79,37,-1,8,3
03,23,240,50,84,50,0,8,-2
03,23,230,50,49,-2,0,8,-25
03,23,200,30,12,-5,0,8,4
03,23,250,60,47,16,-1,7,0
03,23,210,40,44,37,-1,8,10
03,23,240,40,73,33,0,8,-5
03,23,260,40,88,81,4,8,-5
03,23,220,100,108,57,0,8,-3
03,23,220,50,26,9,0,1,-1
03,23,270,10,16,-24,0,0,-11
03,23,170,20,40,7,0,0,-3
03,23,190,20,58,46,0,8,3
03,23,40,30,64,56,0,0,-3
03,23,230,10,87,44,0,8,-5
03,23,30,50,90,80,0,8,-3
03,23,200,30,22,-6,0,2,5
03,23,340,30,61,26,0,8,-2
03,23,990,10,51,21,0,8,-7
03,23,290,20,82,42,0,8,-2
03,23,60,30,52,29,0,0,-1
03,23,140,20,101,43,0,0,-13
03,23,0,0,102,46,0,0,-18
03,23,50,60,63,12,0,0,-7
03,23,210,50,46,33,0,8,-4
03,23,270,40,44,25,0,8,-6
03,23,200,30,28,22,-1,6,2
03,23,140,30,48,23,-1,8,-1
03,23,70,30,57,54,2,8,0
03,23,270,20,46,42,0,8,0
03,23,210,60,78,38,0,8,-1
03,23,220,50,68,48,0,8,-2
03,23,200,60,71,30,0,8,-3
03,23,240,70,122,112,1,8,-3
03,23,220,100,134,91,-1,8,-3
03,23,230,60,51,21,0,2,0
03,23,990,10,36,31,0,4,-3
03,23,180,50,76,38,0,8,4
03,23,160,20,82,28,0,0,-4
03,23,270,10,91,65,0,8,-3
03,23,190,30,68,24,0,6,0
03,23,190,30,89,59,0,0,-12
03,23,30,50,90,80,0,8,-6
03,23,40,90,38,32,6,8,0
03,23,80,70,28,-44,0,0,-3
03,23,90,60,30,-63,0,0,-8
03,23,110,30,22,-93,0,0,-2
03,23,120,40,27,-97,0,0,-3
03,23,90,40,46,-84,0,0,-15
03,23,40,40,25,-23,0,3,-4
03,23,40,50,66,14,0,1,0
03,23,360,70,45,1,0,8,-2
03,23,30,60,-1,-99,0,0,-4
03,23,360,30,49,24,0,8,-11
03,23,50,20,9,-49,0,0,-10
03,23,30,26,40,34,7,8,-2
03,23,200,31,52,42,0,6,2
03,23,190,15,22,3,0,2,3
03,23,140,51,75,45,0,7,2
03,23,120,36,90,76,0,7,0
03,23,110,41,100,60,0,3,8
03,23,120,41,112,61,0,7,-1
03,23,170,15,115,82,0,7,0
03,23,220,10,100,74,0,6,-8
03,23,190,36,104,92,1,8,-1
03,23,170,26,97,80,0,6,-5
03,23,90,5,59,52,0,1,-9
03,23,0,0,77,47,0,0,-13
03,23,220,15,105,88,-1,8,-2
03,23,170,21,85,74,0,8,-1
03,23,140,41,123,68,0,6,7
03,23,130,26,63,56,0,3,3
03,23,180,57,97,55,0,8,2
03,23,260,72,111,85,0,6,-3
03,23,220,72,141,111,0,8,-2
03,23,240,15,55,48,0,1,-1
03,23,0,0,11,4,0,1,-7
03,23,20,41,58,13,-1,8,-3
03,23,50,57,60,25,0,6,-10
03,23,60,98,62,-5,0,8,-4
03,23,80,67,55,-14,0,0,-6
03,23,20,36,62,19,0,7,0
03,23,10,21,27,12,0,2,-6
03,23,30,26,22,-33,0,0,-17
03,23,290,31,62,11,0,8,1
03,23,240,21,91,62,0,8,1
03,23,190,57,97,14,0,6,0
03,23,230,51,55,20,0,2,-3
03,23,240,21,86,78,0,8,-1
03,23,130,15,75,64,0,0,-13
03,23,180,41,89,80,13,8,1
03,23,180,31,45,19,0,1,-3
03,23,220,21,88,17,0,7,-1
03,23,320,21,72,60,0,8,0
03,23,190,26,40,30,0,0,-4
03,23,250,41,36,24,1,2,11
03,23,210,51,51,23,0,1,8
03,23,260,93,92,58,0,7,0
03,23,280,108,51,-5,0,1,-7
03,23,270,77,60,21,0,7,-3
03,23,290,26,31,-13,0,6,-7
03,23,200,21,79,38,-1,8,0
03,23,130,21,47,41,0,0,8
03,23,250,31,101,59,0,7,-11
03,23,210,41,92,34,0,7,-4
03,23,240,46,106,94,0,8,0
03,23,270,67,74,-1,0,4,-3
03,23,240,31,33,27,0,7,14
03,23,180,15,10,3,0,7,-4
03,23,10,67,48,22,0,8,1
03,23,200,57,42,19,2,8,1
03,23,340,26,49,45,6,7,2
03,23,310,87,35,0,-1,8,-12
03,23,280,26,28,12,0,7,-4
03,23,130,46,50,38,9,8,1
03,23,120,51,90,14,0,2,-5
03,23,40,15,50,46,0,8,-4
03,23,50,67,14,-15,0,7,-1
03,23,70,51,4,-31,0,2,-5
03,23,20,31,-32,-57,0,0,-7
03,23,200,10,3,-18,0,7,4
03,23,290,41,51,48,1,8,4
03,23,330,46,56,46,-1,8,-2
03,23,40,15,37,30,0,7,2
03,23,100,36,19,-26,0,0,-7
03,23,150,21,15,-16,0,0,-12
03,23,250,5,45,25,0,6,5
03,23,170,15,33,27,0,0,-15
03,23,170,15,64,25,0,0,0
03,23,150,10,54,15,0,1,-24
03,23,210,15,97,61,0,2,-9
03,23,220,21,86,36,0,0,-6
03,23,250,51,92,73,0,8,-3
03,23,230,57,91,65,0,4,2
03,23,290,31,66,51,-1,8,-13
03,23,220,21,15,-11,0,0,3
03,23,180,10,15,-3,0,0,-5
03,23,200,15,77,41,0,6,-5
03,23,270,36,88,64,-1,3,-13
03,23,240,21,42,19,0,1,-7
03,23,290,31,26,16,0,2,-5
03,23,320,31,46,16,1,7,-11
03,23,20,21,3,-53,0,0,-25
03,23,100,31,1,-53,0,0,-6
03,23,100,36,6,-54,0,0,-7
03,23,130,26,13,-60,0,0,-8
03,23,150,10,79,36,0,8,5
03,23,170,41,128,79,2,6,-2
03,23,210,26,48,48,0,7,-9
03,23,220,26,38,28,0,2,-1
03,23,280,57,49,17,0,0,0
03,23,170,31,37,13,0,3,3
03,23,290,46,76,56,0,8,-8
03,23,230,51,76,49,0,8,2
03,23,230,57,101,92,-1,8,-1
03,23,240,57,100,79,0,8,0
03,23,260,26,88,82,0,8,-3
03,23,190,5,-11,-14,0,0,0
03,23,270,5,46,11,0,7,2
03,23,200,62,58,17,0,5,11
03,23,270,57,64,15,0,0,-2
03,23,250,62,100,79,0,7,1
03,23,250,31,55,30,-1,3,-13
03,23,260,41,40,24,0,4,11
03,23,220,26,31,3,0,4,7
03,23,240,82,88,80,13,8,1
03,23,230,26,26,14,0,7,-3
03,23,200,21,25,1,0,7,0
03,23,0,0,-6,-19,0,0,-11
03,23,230,62,94,78,0,8,2
03,23,240,103,131,103,0,7,2
03,23,230,41,85,70,0,2,5
03,23,280,46,63,48,0,2,-5
03,23,290,21,14,1,0,1,-17
03,23,150,26,47,5,0,8,1
03,23,230,62,124,98,0,8,-1
03,23,240,41,108,91,0,7,-4
03,23,200,87,156,104,-1,5,6
03,23,170,57,91,79,6,8,5
03,23,230,57,46,29,8,6,2
03,23,160,77,39,29,6,8,5
03,23,250,31,6,2,11,8,-2
03,23,180,41,8,-11,0,6,7
03,23,220,36,29,23,0,1,5
03,23,210,26,9,8,20,6,2
03,23,180,118,61,12,0,8,-5
03,23,220,41,45,20,-1,6,-4
03,23,140,31,16,3,0,1,-1
03,23,120,46,52,2,0,1,-17
03,23,0,0,40,24,0,0,-10
03,23,10,21,50,43,0,0,-15
03,23,90,26,30,15,0,0,0
03,23,160,31,47,14,-1,8,-1
03,23,300,41,21,17,2,8,-4
03,23,190,62,62,35,0,7,12
03,23,230,103,74,13,0,5,5
03,23,230,51,71,46,0,7,-11
03,23,310,31,8,4,25,8,3
03,23,310,57,47,16,0,7,-6
03,23,280,10,-13,-30,0,1,-4
03,23,210,10,-4,-15,0,0,1
03,23,200,26,55,11,0,0,12
03,23,230,62,89,65,0,0,-2
03,23,250,26,66,32,2,8,-2
03,23,240,82,90,64,0,7,-8
03,23,290,36,-7,-23,0,0,8
03,23,350,51,8,8,-1,8,2
03,23,320,21,10,-8,0,1,-5
03,23,210,26,50,6,0,7,1
03,23,280,36,100,91,0,7,-4
03,23,360,26,-15,-22,0,2,1
03,23,230,15,3,3,3,8,-1
03,23,300,10,-29,-34,0,2,-2
03,23,280,21,41,40,-1,8,1
03,23,300,15,22,19,0,8,4
03,23,350,36,36,23,0,7,-3
03,23,80,62,20,-9,0,0,-2
03,23,120,41,28,-31,0,0,-5
03,23,90,31,-2,-39,0,0,2
03,23,60,31,-11,-62,0,0,-5
03,23,90,57,-33,-95,0,0,-3
03,23,90,62,-34,-81,0,0,-2
03,23,90,51,-26,-62,0,0,-1
03,23,90,41,4,-35,0,0,-1
03,23,70,41,20,-12,0,0,-11
03,23,80,41,48,15,0,8,-4
03,23,280,5,36,26,0,8,-5
03,23,40,15,43,28,0,8,-5
03,23,20,21,18,8,0,8,-3
03,23,200,15,76,36,-1,8,0
03,23,220,15,68,68,0,7,-3
03,23,150,15,66,66,-1,8,1
03,23,260,15,90,87,0,8,-2
03,23,60,31,41,35,0,0,5
03,23,40,26,56,34,0,7,-6
03,23,40,87,3,-51,0,2,-14
03,23,10,5,-22,-48,0,1,-5
03,23,290,51,14,11,0,5,-9
03,23,300,21,1,0,0,5,5
03,23,280,15,-17,-25,0,1,-4
03,23,350,15,-9,-15,0,2,-11
03,23,210,60,118,85,0,7,-3
03,23,250,20,75,63,0,8,1
03,23,120,20,65,38,-1,8,-3
03,23,180,20,92,86,0,6,-3
03,23,200,30,68,48,0,6,3
03,23,130,20,39,36,0,0,-4
03,23,200,20,81,56,0,7,5
03,23,30,10,63,56,0,0,-6
03,23,120,30,75,56,0,0,-11
03,23,290,10,45,45,0,9,-11
03,23,90,20,44,41,0,8,-4
03,23,270,30,77,68,0,0,-2
03,23,250,50,84,50,0,8,-4
03,23,240,20,93,82,0,7,-5
03,23,280,40,105,91,-1,8,-6
03,23,250,30,92,80,-1,8,9
03,23,120,30,60,54,0,4,-8
03,23,270,50,75,48,0,4,-4
03,23,350,40,40,12,-1,8,0
03,23,250,20,59,55,0,8,1
03,23,10,20,3,-7,0,0,-5
03,23,160,40,51,1,0,5,-1
03,23,990,10,60,60,0,8,0
03,23,0,0,57,57,-1,8,3
03,23,220,20,43,43,0,7,-2
03,23,260,60,114,108,-1,8,-2
03,23,250,100,112,89,0,8,1
03,23,280,30,49,24,0,1,-1
03,23,270,30,68,57,0,7,-4
03,23,220,10,16,16,0,0,2
03,23,0,0,37,33,0,0,-11
03,23,200,40,38,35,0,5,16
03,23,200,40,77,71,3,8,1
03,23,230,60,128,123,12,8,5
03,23,220,50,64,41,0,6,-3
03,23,230,60,56,44,17,8,6
03,23,250,70,100,91,7,8,2
03,23,270,60,85,68,1,7,-11
03,23,10,20,-17,-40,0,0,-4
03,23,230,10,-27,-35,0,1,14
03,23,190,110,63,-33,-1,8,0
03,23,350,70,51,28,-1,8,-1
03,23,220,10,14,1,0,6,2
03,23,280,30,63,60,0,7,-1
03,23,290,20,70,58,0,7,-7
03,23,280,30,81,78,0,8,0
03,23,250,20,80,56,0,8,-1
03,23,240,20,90,76,0,8,1
03,23,270,20,41,32,0,4,-14
03,23,270,20,31,18,0,4,-2
03,23,330,40,73,70,2,8,0
03,23,360,20,41,23,0,7,3
03,23,330,40,66,51,-1,8,0
03,23,60,30,-10,-49,0,0,-11
03,23,130,30,20,-25,0,6,-18
03,23,170,20,34,-30,0,7,-7
03,23,210,50,81,80,4,8,0
03,23,210,20,111,105,0,8,-4
03,23,130,10,113,97,0,7,-2
03,23,140,30,141,95,0,7,-2
03,23,270,20,126,103,0,8,-5
03,23,30,10,73,67,0,1,-2
03,23,260,40,94,93,4,8,1
03,23,220,120,126,96,-1,8,-12
03,23,180,50,58,36,0,6,-1
03,23,170,30,57,35,-1,7,-4
03,23,220,30,41,34,0,8,1
03,23,200,30,33,18,0,7,1
03,23,180,50,35,29,5,8,0
03,23,100,30,43,32,0,7,0
03,23,280,20,0,-1,0,2,-15
03,23,280,10,-6,-8,0,0,-11
03,23,120,40,48,10,0,6,-5
03,23,170,30,99,71,0,2,-8
03,23,290,40,67,66,0,1,2
03,23,340,10,11,6,0,3,-1
03,23,990,10,24,17,0,1,-5
03,23,90,30,71,35,-1,8,-1
03,23,70,10,33,21,0,6,5
03,23,320,30,48,35,0,5,-19
03,23,280,20,45,18,-1,3,-17
03,23,200,20,59,48,0,8,2
03,23,190,30,56,49,-1,8,-1
03,23,210,30,44,17,0,8,2
03,23,230,30,89,76,0,7,-4
03,23,100,10,26,23,0,2,5
03,23,180,50,107,82,-1,8,-7
03,23,220,30,75,63,0,8,-5
03,23,350,30,44,32,0,4,-10
03,23,150,20,28,1,0,0,3
03,23,190,60,117,36,0,8,-4
03,23,200,30,115,100,0,8,-6
03,23,110,30,119,65,0,0,-13
03,23,300,50,31,1,0,4,-8
03,23,230,90,71,60,14,8,9
03,23,260,30,24,18,0,7,0
03,23,990,10,-2,-2,3,4,-4
03,23,220,30,39,22,0,7,2
03,23,230,50,77,31,0,8,-1
03,23,250,60,94,91,9,8,2
03,23,260,70,117,105,2,8,0
03,23,300,40,86,72,0,8,-3
03,23,250,40,93,73,-1,8,-2
03,23,330,20,69,47,0,6,-17
03,23,230,20,69,46,0,7,-8
03,23,220,30,91,79,0,7,1
03,23,320,40,45,-1,0,1,-5
03,23,290,50,74,56,-1,8,-1
03,23,270,20,60,56,0,2,-4
03,23,310,30,70,55,-1,7,-1
03,23,20,40,60,57,-1,8,1
03,23,0,0,7,3,0,6,2
03,23,0,0,14,9,0,2,3
03,23,100,20,33,24,0,1,1
03,23,990,10,32,23,0,6,-1
03,23,90,30,81,45,0,7,6
03,23,180,30,81,76,0,7,7
03,23,310,30,74,53,0,8,-3
03,23,990,10,50,46,0,7,-1
03,23,20,50,31,11,0,3,-10
03,23,40,40,36,31,1,8,2
03,23,20,60,62,53,-1,8,1
03,23,280,10,59,49,0,8,-1
03,23,140,20,59,49,-1,8,-2
03,23,330,20,20,9,0,8,-8
03,23,50,50,6,-10,-1,8,-5
03,23,50,40,-7,-23,0,7,1
03,23,20,20,23,-9,0,8,-1
03,23,100,30,-12,-31,0,0,-1
03,23,120,60,45,2,0,8,-3
03,23,130,30,90,90,0,8,-4
03,23,190,40,72,64,0,4,3
03,23,200,40,87,77,0,7,6
03,23,240,40,105,96,1,8,3
03,23,210,80,141,113,1,8,-31
03,23,190,50,45,39,17,6,12
03,23,230,30,44,35,1,8,9
03,23,200,10,12,1,0,2,6
03,23,240,10,83,69,0,8,-6
03,23,70,80,71,31,0,8,-6
03,23,60,40,45,44,-1,8,-2
03,23,300,40,31,22,0,8,1
03,23,200,10,-33,-46,0,2,1
03,23,70,60,32,-27,0,8,-4
03,23,990,10,48,42,0,8,-3
03,23,140,20,53,43,0,8,2
03,23,200,10,77,73,0,8,-2
03,23,60,60,38,29,0,8,0
03,23,30,30,28,8,0,8,-2
03,23,100,50,27,4,0,8,0
03,23,130,60,41,4,0,7,-2
03,23,150,40,55,40,0,6,0
03,23,220,20,41,39,0,7,-7
03,23,160,10,16,10,0,1,18
03,23,210,50,113,83,0,8,-2
03,23,30,20,-2,-16,0,,-8
03,23,250,30,20,9,0,,-9
03,23,230,20,57,35,0,,-2
03,23,990,10,71,46,0,,-7
03,23,230,20,31,20,0,,4
03,23,240,70,106,85,0,,1
03,23,220,30,45,26,0,,1
03,23,220,40,85,50,0,,-2
03,23,270,80,64,2,0,,-6
03,23,190,60,68,21,0,,0
03,23,180,10,55,22,0,,-5
03,23,30,20,82,77,1,,-1
03,23,50,40,17,2,0,,-7
03,23,90,100,33,21,1,,2
03,23,150,40,86,71,0,,-4
03,23,120,40,97,61,0,,-6
03,23,160,30,93,88,0,,-5
03,23,230,90,107,57,0,,-5
03,23,200,40,91,67,-1,,-4
03,23,990,10,93,87,15,,0
03,23,250,30,93,79,0,,-6
03,23,340,20,34,10,0,,-21
03,23,40,30,20,0,0,,-12
03,23,990,10,18,-12,0,,2
03,23,150,10,15,-13,0,,-9
03,23,20,20,21,-8,0,,-19
03,23,60,30,27,-28,0,,-17
03,23,110,30,58,-16,0,,-10
03,23,170,10,31,-8,0,,-3
03,23,160,20,74,32,0,,0
03,23,990,10,79,68,0,,-6
03,23,140,40,89,83,-1,8,1
03,23,300,30,50,43,0,7,3
03,23,150,20,28,19,0,1,5
03,23,190,40,85,82,0,8,0
03,23,140,30,98,72,0,5,1
03,23,220,30,31,27,0,2,-2
03,23,210,60,47,37,-1,1,-1
03,23,250,70,90,60,-1,8,3
03,23,200,40,73,55,0,3,7
03,23,190,30,89,70,0,8,0
03,23,250,40,86,73,0,8,-3
03,23,30,50,53,30,0,8,-3
03,23,30,30,13,4,0,0,-8
03,23,100,70,38,-8,0,1,-11
03,23,90,40,32,8,0,0,-10
03,23,0,0,-1,-18,0,1,-1
03,23,50,30,15,5,0,1,-10
03,23,20,30,27,12,0,0,-4
03,23,10,10,34,22,0,8,12
03,23,130,20,24,6,0,7,4
03,23,100,30,36,-19,0,1,-18
03,23,120,30,51,-65,0,1,-19
03,23,190,10,34,-15,0,0,-3
03,23,290,20,78,33,0,6,12
03,23,30,20,69,48,0,7,9
03,23,20,10,54,12,0,1,-26
03,23,40,10,50,42,0,1,-16
03,23,100,20,124,50,0,5,-10
03,23,20,20,94,60,0,8,-6
03,23,350,30,57,47,0,0,-3
03,23,110,10,17,0,0,1,-6
03,23,270,20,16,-6,0,8,2
03,23,240,20,-4,-15,0,0,-5
03,23,140,20,11,-22,0,8,9
03,23,110,30,64,10,0,8,-2
03,23,80,30,24,15,3,8,-2
03,23,240,20,24,10,0,6,-3
03,23,20,50,9,-10,0,0,-9
03,23,360,30,30,1,0,7,4
03,23,40,40,3,-15,0,4,5
03,23,70,30,11,1,2,8,-3
03,23,120,30,4,-21,0,2,1
03,23,150,40,50,42,0,8,4
03,23,190,40,54,37,0,3,10
03,23,230,80,115,57,0,8,0
03,23,210,50,118,82,0,8,0
03,23,170,30,82,70,0,2,6
03,23,190,10,64,55,0,1,-1
03,23,240,50,92,69,3,8,2
03,23,250,50,86,66,0,7,-1
03,23,260,90,108,72,-1,8,-2
03,23,240,50,58,33,-1,4,8
03,23,220,20,41,33,0,8,-3
03,23,340,20,20,12,0,1,5
03,23,350,30,23,4,0,0,-7
03,23,30,30,8,-11,0,0,-6
03,23,30,10,-6,-12,0,2,-7
03,23,200,10,0,-12,0,0,-6
03,23,240,10,5,-8,0,0,0
03,23,20,20,44,22,0,0,-15
03,23,100,40,86,24,0,0,-3
03,23,130,30,129,54,0,8,-2
03,23,210,60,-10,-46,0,8,1
03,23,130,20,-14,-19,1,7,1
03,23,20,40,-58,-81,0,1,-2
03,23,160,20,-20,-25,4,8,0
03,23,40,60,-37,-67,0,2,-4
03,23,320,30,12,3,1,7,1
03,23,330,50,50,31,0,8,-2
03,23,320,40,52,35,-1,8,2
03,23,250,10,-20,-25,0,1,9
03,23,260,20,3,-4,0,0,5
03,23,250,30,13,3,0,5,5
03,23,280,70,39,15,-1,8,0
03,23,220,20,34,-11,0,8,0
03,23,200,20,13,-18,0,0,-1
03,23,200,40,109,65,0,8,3
03,23,240,50,133,97,1,8,5
03,23,240,30,91,75,0,1,-4
03,23,260,30,106,79,0,8,-4
03,23,80,30,101,88,0,8,-6
03,23,90,40,66,22,0,7,-7
03,23,130,50,105,6,0,3,-4
03,23,210,30,119,111,-1,8,-7
03,23,100,40,114,65,0,0,-6
03,23,220,20,104,99,-1,8,0
03,23,90,10,69,66,0,7,-15
03,23,50,30,90,77,0,6,-1
03,23,120,10,104,100,0,8,2
03,23,990,10,76,68,0,8,-1
03,23,70,30,107,98,-1,8,-6
03,23,220,20,100,95,-1,8,-1
03,23,70,20,86,27,0,1,-8
03,23,230,40,-5,-29,-1,1,-3
03,23,240,20,2,-13,-1,8,-4
03,23,0,0,-50,-53,0,9,2
03,23,260,20,-29,-39,0,0,8
03,23,260,30,12,3,-1,7,2
03,23,300,50,13,-5,0,5,-10
03,23,150,40,32,-12,0,8,-9
03,23,260,40,90,86,3,8,-2
03,23,240,50,76,58,-1,8,-5
03,23,260,10,45,41,0,8,0
03,23,360,20,-42,-69,0,0,-4
03,23,150,10,-41,-86,0,0,-15
03,23,110,30,-18,-52,0,0,-3
03,23,90,30,7,-43,0,4,4
03,23,50,40,-10,-36,0,0,-5
03,23,60,40,10,-16,0,8,-6
03,23,70,60,8,-24,0,8,1
03,23,60,50,-6,-17,0,6,2
03,23,80,40,39,20,0,8,0
03,23,50,40,5,-23,0,0,-7
03,23,20,30,-5,-32,0,0,-18
03,23,30,20,-20,-45,0,0,-15
03,23,120,40,41,-50,0,0,1
03,23,180,20,94,86,0,8,4
03,23,200,60,120,116,19,8,8
03,23,150,40,137,134,2,7,3
03,23,220,40,118,70,0,8,-4
03,23,230,50,79,35,0,1,6
03,23,180,60,81,54,0,1,6
03,23,240,50,123,99,1,8,-4
03,23,200,50,101,81,0,5,0
03,23,280,70,80,30,0,8,-21
03,23,140,40,59,14,-1,8,-6
03,23,210,30,60,43,3,8,-6
03,23,140,50,100,41,0,8,-4
03,23,180,70,88,36,0,8,2
03,23,200,70,85,74,1,8,1
03,23,260,30,69,57,0,8,-2
03,23,190,20,36,25,0,5,3
03,23,240,20,37,26,0,0,-6
03,23,220,20,51,37,0,0,-6
03,23,170,20,56,40,0,0,1
03,23,330,10,34,16,0,0,7
03,23,340,20,71,32,0,8,-35
03,23,0,0,28,14,0,0,-11
03,23,240,20,60,32,0,8,-8
03,23,250,60,88,62,0,8,-3
03,23,240,70,100,61,0,8,-3
03,23,250,40,34,-4,0,7,-25
03,23,240,10,-11,-17,0,1,-2
03,23,340,30,27,5,0,6,-1
03,23,320,40,48,18,0,8,5
03,23,350,70,45,-10,0,1,0
03,23,20,40,63,27,0,8,-19
03,23,30,30,72,50,0,7,25
03,23,70,40,78,35,0,1,-28
03,23,110,40,108,20,0,0,-8
03,23,90,30,78,11,0,0,5
03,23,70,10,67,33,0,7,-1
03,23,220,10,53,53,0,9,-20
03,23,40,30,90,71,0,8,0
03,23,50,50,100,55,0,0,0
03,23,250,70,87,46,0,8,-4
03,23,260,50,87,45,0,,-4
03,23,230,40,27,3,0,8,-11
03,23,320,20,-13,-28,0,0,-5
03,23,220,40,41,-11,0,8,2
03,23,220,30,80,62,0,8,-1
03,23,240,20,43,23,0,0,-6
03,23,200,60,78,31,0,7,7
03,23,200,50,51,41,0,0,-10
03,23,190,80,56,33,0,2,-1
03,23,260,80,102,55,0,1,-4
03,23,250,70,70,18,0,0,0
03,23,180,50,67,56,6,8,-1
03,23,180,10,34,22,0,4,-20
03,23,110,40,106,75,0,8,-3
03,23,20,60,60,40,0,8,-4
03,23,290,30,16,0,0,7,-13
03,23,250,20,27,6,0,6,1
03,23,260,30,25,5,0,4,-1
03,23,280,80,79,71,27,8,9
03,23,250,30,20,12,-1,8,3
03,23,10,40,0,-35,0,7,-2
03,23,0,0,6,0,1,8,0
03,23,270,20,0,-1,-1,7,5
03,23,200,30,1,-6,-1,8,15
03,23,90,20,36,29,-1,8,0
03,23,0,0,60,57,0,8,-4
03,23,240,60,80,51,0,6,-9
03,23,170,60,93,37,0,7,-7
03,23,260,10,81,70,4,8,-3
03,23,160,10,49,34,0,0,-7
03,23,260,40,78,66,0,8,-10
03,23,200,20,18,12,0,2,-10
03,23,170,60,63,8,0,4,-2
03,23,180,20,31,21,0,6,2
03,23,340,50,53,34,-1,8,-3
03,23,260,20,7,0,0,0,-1
03,23,210,50,81,52,0,8,-6
03,23,260,40,36,9,2,8,2
03,23,240,40,64,25,0,7,-2
03,23,300,40,36,26,0,3,0
03,23,200,30,46,18,0,7,5
03,23,280,30,82,75,-1,8,-4
03,23,190,30,84,43,0,8,-4
03,23,280,30,84,50,0,8,1
03,23,10,40,67,56,0,8,2
03,23,210,20,66,53,0,8,-9
03,23,50,20,22,-9,0,0,-20
03,23,990,10,36,-16,0,3,-5
03,23,50,30,45,10,0,0,-22
03,23,30,10,3,-22,0,0,-5
03,23,250,20,18,-4,0,0,-3
03,23,270,40,84,54,0,8,-8
03,23,270,50,44,15,0,2,-20
03,23,210,30,30,20,0,7,9
03,23,250,30,44,29,0,4,-1
03,23,230,30,74,61,0,8,-1
03,23,200,40,43,30,0,0,0
03,23,230,20,55,48,5,8,0
03,23,240,10,-9,-19,0,5,21
03,23,160,10,2,-11,0,0,-3
03,23,30,30,46,28,0,0,6
03,23,230,30,2,-3,0,2,-2
03,23,990,10,-26,-33,0,0,2
03,23,50,30,10,-11,0,7,-3
03,23,300,30,-24,-46,0,3,15
03,23,310,40,39,30,3,8,-1
03,23,50,40,-23,-58,0,0,-7
03,23,50,30,-39,-86,0,1,-2
03,23,50,30,-24,-42,0,0,-6
03,23,50,30,-18,-69,0,0,-8
03,23,40,60,-7,-22,0,1,-2
03,23,310,30,32,14,0,8,-4
03,23,290,20,38,23,0,8,-4
03,23,260,40,47,12,0,8,1
03,23,280,20,54,37,-1,8,-2
03,23,290,40,61,47,-1,8,-4
03,23,160,10,44,22,0,6,-21
03,23,220,20,66,14,0,5,-1
03,23,200,40,110,13,0,7,16
03,23,190,40,121,112,3,8,0
03,23,240,40,126,119,62,8,-4
03,23,230,10,27,20,0,6,-2
03,23,260,10,68,48,0,8,9
03,23,130,30,96,67,0,7,-1
03,23,140,30,121,72,0,6,-2
03,23,180,60,117,105,-1,7,-1
03,23,220,50,91,49,0,4,0
03,23,250,40,98,64,0,8,-7
03,23,210,30,87,68,-1,8,-5
03,23,140,40,111,91,5,8,0
03,23,180,60,50,34,0,1,-1
03,23,220,50,36,25,6,8,-1
03,23,60,70,20,2,0,8,-4
03,23,60,40,2,-28,0,0,-7
03,23,40,40,-8,-26,0,0,-3
03,23,10,30,-15,-17,0,6,7
03,23,30,30,-1,-17,0,2,17
03,23,60,10,-14,-39,0,0,-6
03,23,140,30,16,-90,0,0,-10
03,23,210,30,55,11,0,1,3
03,23,220,30,49,31,0,1,0
03,23,250,60,93,60,-1,8,-3
03,23,190,30,59,30,0,8,5
03,23,210,30,104,62,0,8,-6
03,23,170,10,94,89,1,8,-2
03,23,60,30,101,90,0,8,-1
03,23,80,50,99,77,0,0,-8
03,23,50,60,51,27,0,8,-2
03,23,310,40,47,39,-1,8,0
03,23,30,50,50,42,5,8,0
03,23,300,10,-7,-24,0,0,-10
03,23,990,10,-3,-32,0,0,-7
03,23,0,0,27,-5,0,0,-7
03,23,10,20,60,42,0,0,-17
03,23,40,20,63,27,0,0,-22
03,23,30,10,79,66,0,0,-7
03,23,20,30,53,23,0,4,-9
03,23,90,20,46,20,0,8,3
03,23,30,30,58,14,0,8,-3
03,23,0,0,22,7,0,0,-15
03,23,0,0,41,15,0,0,-14
03,23,210,40,101,93,0,8,0
03,23,250,60,125,102,0,8,-1
03,23,120,10,75,72,0,8,0
03,23,120,20,90,78,0,8,0
03,23,190,30,76,63,0,7,-7
03,23,130,30,85,80,4,8,0
03,23,120,20,33,21,0,8,2
03,23,160,20,0,-3,0,0,2
03,23,300,40,49,34,0,7,-5
03,23,230,20,30,24,0,8,9
03,23,230,30,84,58,0,8,-2
03,23,280,20,84,80,0,8,0
03,23,270,10,53,45,0,6,-3
03,23,30,30,77,70,0,8,2
03,23,30,30,74,45,0,8,-3
03,23,100,10,11,5,0,0,8
03,23,180,20,81,39,0,0,10
03,23,290,50,81,64,0,8,4
03,23,180,30,91,70,0,8,-4
03,23,350,30,60,36,0,8,-6
03,23,210,20,26,6,0,0,-5
03,23,0,0,29,17,0,6,15
03,23,30,20,57,32,0,0,8
03,23,50,20,92,69,0,0,-19
03,23,360,10,85,73,0,0,0
03,23,20,40,78,65,0,0,-6
03,23,30,30,63,48,0,0,-15
03,23,20,30,60,25,0,0,0
03,23,20,20,77,55,0,0,-11
03,23,350,10,61,23,0,0,-1
03,23,280,40,79,58,0,8,-11
03,23,240,20,76,60,0,8,-12
03,23,340,20,20,-3,0,2,-7
03,23,40,30,23,-13,0,8,1
03,23,20,20,23,-20,0,8,-1
03,23,100,40,35,-9,0,7,-15
03,23,130,30,44,-19,0,0,-5
03,23,160,10,71,5,0,0,-13
03,23,70,20,91,5,0,8,-2
03,23,100,30,87,59,0,8,0
03,23,70,20,92,86,5,8,-2
03,23,270,40,34,23,-1,8,-1
03,23,50,60,-10,-47,0,8,-2
03,23,50,80,-27,-55,1,8,0
03,23,350,10,-66,-97,0,0,-18
03,23,250,20,-39,-40,0,0,9
03,23,190,10,-54,-73,0,0,-8
03,23,180,70,32,-19,0,8,3
03,23,170,80,63,-31,0,7,-16
03,23,130,30,45,37,5,8,7
03,23,100,10,14,-11,0,8,14
03,23,90,30,17,14,0,8,-4
03,23,340,30,7,-31,0,8,-2
03,23,90,40,-5,-28,0,1,-9
03,23,80,90,5,-57,0,8,-3
03,23,80,100,-13,-103,0,8,-3
03,23,90,90,-4,-123,0,8,-3
03,23,80,70,-4,-97,0,8,-7
03,23,90,60,-9,-86,0,0,-7
03,23,70,30,-1,-79,0,2,-4
03,23,10,30,-11,-51,0,8,-8
03,23,350,10,-13,-42,0,8,-3
03,23,360,40,-4,-31,0,,-2
03,23,50,30,9,-34,0,8,-10
03,23,250,40,53,43,2,8,0
03,23,140,50,50,-3,0,8,-11
03,23,110,40,42,12,0,1,-4
03,23,230,10,9,9,0,5,-17
03,23,280,10,3,-5,0,0,-1
03,23,180,20,50,7,0,1,-2
03,23,320,10,58,52,0,1,-22
03,23,120,30,86,37,0,0,-8
03,23,990,10,43,22,0,0,-22
03,23,20,60,80,73,0,8,-2
03,23,40,30,60,41,0,0,0
03,23,0,0,46,43,0,0,-10
03,23,20,20,47,24,0,0,-16
03,23,270,40,88,54,0,0,-5
03,23,270,60,111,65,0,8,-4
03,23,260,30,86,59,0,4,0
03,23,220,20,78,43,0,8,2
03,23,270,70,106,66,-1,8,0
03,23,220,30,96,53,0,5,-2
03,23,210,20,106,67,0,7,-3
03,23,180,40,44,10,0,2,-1
03,23,210,20,40,10,0,2,-2
03,23,200,10,41,30,0,8,-3
03,23,190,10,0,-16,0,0,-7
03,23,20,30,20,-6,0,0,0
03,23,60,20,29,9,0,8,-9
03,23,100,10,74,21,0,5,-8
03,23,100,40,88,45,0,0,-14
03,23,80,10,80,26,0,0,-4
03,23,90,10,133,54,0,8,-5
03,23,210,10,139,64,0,4,-17
03,23,250,60,74,50,38,4,-2
03,23,240,40,40,4,0,1,-5
03,23,240,30,31,8,0,0,-1
03,23,310,30,45,28,-1,6,-14
03,23,220,20,45,12,0,8,2
03,23,210,40,49,23,0,0,-1
03,23,200,30,64,3,0,0,4
03,23,280,30,87,76,0,8,0
03,23,200,30,82,64,-1,8,5
03,23,30,10,16,13,0,1,-18
03,23,110,30,22,-6,0,3,14
03,23,110,40,55,11,0,0,-22
03,23,60,40,35,-10,0,8,-2
03,23,70,50,48,27,0,8,-2
03,23,70,40,58,25,0,8,-3
03,23,180,10,18,6,0,0,-13
03,23,320,10,54,34,0,8,-14
03,23,350,40,61,50,0,8,-2
03,23,990,10,29,26,0,8,-17
03,23,270,30,45,29,0,8,-7
03,23,20,60,56,29,0,8,-4
03,23,0,0,-12,-16,0,0,-12
03,23,180,10,-9,-17,0,0,0
03,23,360,20,65,61,4,8,-4
03,23,290,30,51,27,0,8,-2
03,23,270,40,66,31,-1,7,-2
03,23,180,10,-6,-10,0,0,0
03,23,240,60,112,91,-1,8,0
03,23,260,50,86,50,0,8,-9
03,23,180,40,60,57,33,8,23
03,23,280,80,59,3,0,6,-2
03,23,210,50,82,75,0,8,3
03,23,270,60,36,18,1,8,-10
03,23,180,20,-1,-19,0,8,10
03,23,0,0,-26,-26,0,1,-17
03,23,200,10,19,5,0,8,-5
03,23,230,30,20,9,-1,7,-5
03,23,990,10,-23,-27,0,6,12
03,23,170,40,29,12,0,8,4
03,23,120,30,37,-16,0,8,-10
03,23,40,30,18,-4,0,7,-7
03,23,60,20,8,-2,0,0,-9
03,23,50,30,-6,-26,0,0,2
03,23,50,40,19,-8,0,0,-10
03,23,20,30,7,-18,0,8,0
03,23,60,40,53,37,0,7,-18
03,23,20,30,12,-23,0,0,-10
03,23,360,20,26,16,0,0,-4
03,23,10,20,57,25,0,8,-8
03,23,10,40,60,16,0,8,-2
03,23,320,30,68,48,0,7,-14
03,23,280,20,46,38,0,7,-4
03,23,330,20,57,46,0,1,4
03,23,290,30,73,59,0,8,-2
03,23,220,50,74,55,-1,8,0
03,23,200,10,3,2,0,7,-15
03,23,160,70,120,58,0,8,2
03,23,170,60,83,46,0,1,2
03,23,220,50,68,41,4,7,0
03,23,260,20,80,61,14,8,11
03,23,210,20,60,54,0,8,8
03,23,10,40,61,29,0,8,-11
03,23,240,20,60,59,1,8,5
03,23,200,40,42,8,0,8,-12
03,23,170,40,97,57,0,8,-2
03,23,200,30,65,55,0,8,0
03,23,190,50,44,34,0,0,9
03,23,260,20,47,44,0,6,-12
03,23,200,20,14,12,0,1,-4
03,23,220,20,49,48,0,8,6
03,23,330,40,63,35,0,8,0
03,23,140,20,53,14,0,7,-12
03,23,110,20,72,23,0,8,-16
03,23,0,0,30,2,0,8,-3
03,23,230,20,43,37,0,8,-16
03,23,220,30,86,76,0,8,-2
03,23,240,10,33,26,0,0,-6
03,23,260,30,95,66,0,6,-21
03,23,220,70,73,56,9,8,0
03,23,240,30,98,97,3,8,2
03,23,240,50,113,86,0,8,1
03,23,220,60,96,89,8,8,4
03,23,200,20,35,-6,0,8,-13
03,23,100,30,49,21,0,8,2
03,23,60,50,69,40,0,0,-5
03,23,40,40,64,15,0,8,-14
03,23,50,50,72,11,0,1,-8
03,23,50,20,53,39,0,8,-7
03,23,0,0,56,7,0,0,-15
03,23,220,20,102,73,0,1,7
03,23,180,20,108,73,0,8,-4
03,23,150,30,144,79,0,8,-9
03,23,50,10,97,96,0,8,-14
03,23,80,90,-39,-135,0,6,-3
03,23,90,50,-29,-40,6,8,2
03,23,110,20,-4,-29,0,8,-2
03,23,210,60,56,43,0,8,-4
03,23,110,30,58,25,0,5,-4
03,23,140,20,49,42,0,8,1
03,23,220,30,45,31,1,6,-5
03,23,220,30,41,11,0,0,-6
03,23,150,30,81,77,7,8,0
03,23,150,10,79,77,0,8,-2
03,23,150,30,94,77,0,7,6
03,23,210,40,87,81,17,8,-1
03,23,230,10,48,39,0,8,-7
03,23,110,50,61,19,0,5,1
03,23,120,30,66,60,4,8,1
03,23,70,70,8,-17,0,8,-3
03,23,80,90,-18,-81,0,8,1
03,23,70,60,-17,-113,0,8,-3
03,23,360,30,-28,-81,0,0,-9
03,23,340,30,15,6,0,6,3
03,23,210,20,27,-5,0,8,11
03,23,220,20,61,55,-1,8,0
03,23,170,40,61,31,0,8,0
03,23,10,20,25,16,0,0,4
03,23,350,30,43,27,0,0,-15
03,23,220,20,12,0,0,6,3
03,23,260,30,71,67,0,8,0
03,23,260,30,41,22,0,8,0
03,23,160,40,78,27,-1,8,-11
03,23,180,40,57,49,0,3,-7
03,23,190,10,30,29,0,7,10
03,23,180,10,21,19,0,8,17
03,23,210,60,100,66,0,8,5
03,23,210,80,131,81,0,8,0
03,23,230,60,69,30,0,6,3
03,23,180,40,77,62,1,8,0
03,23,180,70,113,88,0,8,-2
03,23,240,70,75,61,25,8,1
03,23,200,60,73,58,5,8,3
03,23,230,30,79,30,0,8,2
03,23,260,70,56,-6,-1,8,-15
03,23,180,20,18,6,0,7,4
03,23,230,60,51,28,0,7,-1
03,23,260,40,72,44,0,8,2
03,23,260,40,84,40,0,7,-7
03,23,270,40,98,59,0,8,-5
03,23,220,60,113,67,0,8,0
03,23,220,40,34,12,0,1,-1
03,23,990,10,-2,-20,0,6,-7
03,23,200,20,55,31,0,0,-12
03,23,190,20,96,88,0,8,0
03,23,20,20,50,47,0,2,-6
03,23,300,50,76,73,0,8,6
03,23,10,40,52,35,0,8,-7
03,23,220,20,31,10,0,1,18
03,23,340,30,71,27,0,8,1
03,23,290,20,62,47,0,8,-3
03,23,0,0,81,46,0,8,-4
03,23,40,10,39,37,0,0,-14
03,23,20,10,66,52,0,6,3
03,23,10,20,68,52,0,0,4
03,23,50,50,53,-2,0,0,-8
03,23,210,30,46,19,0,2,-2
03,23,240,30,37,22,0,8,-11
03,23,200,30,35,27,-1,8,9
03,23,140,30,56,37,1,8,-5
03,23,30,50,57,50,14,8,-2
03,23,340,30,64,20,0,8,-20
03,23,200,50,85,47,0,8,-2
03,23,200,40,73,59,0,8,-3
03,23,210,50,70,52,4,8,-5
03,23,250,60,117,110,11,8,-5
03,23,220,70,126,109,4,8,7
03,23,230,70,68,24,0,1,0
03,23,160,10,20,17,0,8,4
03,23,180,50,77,62,0,8,-1
03,23,170,10,86,66,0,8,-6
03,23,220,20,64,46,0,7,-3
03,23,200,30,75,15,0,8,-21
03,23,270,20,87,61,0,6,-16
03,23,40,40,84,63,0,8,-2
03,23,40,50,54,32,0,8,-1
03,23,70,70,34,-32,0,0,-6
03,23,110,50,37,-58,0,0,-4
03,23,130,40,43,-89,0,5,-10
03,23,130,30,40,-89,0,3,-9
03,23,70,50,63,-61,0,8,-12
03,23,30,40,33,-26,0,0,-6
03,23,10,40,72,24,0,0,-14
03,23,360,60,47,-21,-1,2,-1
03,23,10,40,0,-59,0,0,-5
03,23,360,20,23,13,0,0,-9
03,23,10,30,7,-27,0,0,-10
03,23,20,26,35,26,-1,8,0
03,23,200,21,53,46,0,7,-15
03,23,0,0,26,19,0,2,-2
03,23,130,31,67,45,0,8,2
03,23,120,26,90,78,-1,8,-1
03,23,120,41,111,66,0,6,-1
03,23,100,36,116,67,0,6,-3
03,23,140,15,96,87,0,7,0
03,23,220,21,92,76,0,7,-7
03,23,180,31,92,86,1,8,3
03,23,150,15,86,80,0,7,-1
03,23,80,15,98,67,0,0,-2
03,23,130,5,79,54,0,0,-6
03,23,0,0,105,93,0,8,-3
03,23,160,15,88,82,0,7,-1
03,23,140,46,129,78,0,6,-4
03,23,150,10,55,49,0,1,0
03,23,180,57,90,71,0,8,5
03,23,250,77,110,94,0,4,1
03,23,210,67,135,122,0,8,1
03,23,250,10,50,44,0,3,11
03,23,300,5,12,3,0,1,-12
03,23,10,46,60,30,-1,7,-4
03,23,30,51,61,33,0,0,-11
03,23,50,93,58,13,0,8,0
03,23,70,41,55,1,0,0,-5
03,23,50,26,71,16,0,7,-11
03,23,20,5,15,-14,0,6,-4
03,23,20,21,11,-23,0,0,10
03,23,290,21,55,27,0,8,3
03,23,210,21,87,72,0,8,-2
03,23,190,51,90,21,0,1,-1
03,23,230,62,48,25,0,6,-2
03,23,220,36,83,80,0,8,0
03,23,110,21,68,61,0,0,-1
03,23,190,36,88,79,17,8,-1
03,23,160,26,37,22,0,1,-2
03,23,130,21,53,33,0,7,0
03,23,310,21,78,74,0,8,-1
03,23,230,21,31,27,0,0,-4
03,23,260,41,40,30,2,5,-3
03,23,210,62,47,29,0,4,3
03,23,250,98,91,72,0,8,-2
03,23,270,93,54,13,0,4,-5
03,23,280,72,61,29,0,7,-1
03,23,290,21,24,-7,0,5,-3
03,23,190,26,67,31,0,8,1
03,23,120,5,41,40,0,1,-2
03,23,210,36,86,66,0,8,12
03,23,190,36,83,49,0,6,6
03,23,220,46,103,98,-1,8,0
03,23,260,67,76,8,0,4,-14
03,23,240,36,28,25,0,1,8
03,23,290,5,15,11,0,6,-5
03,23,350,51,48,27,0,7,0
03,23,190,46,43,17,-1,8,-5
03,23,0,0,46,42,0,8,-1
03,23,280,36,23,13,1,8,-2
03,23,250,26,24,15,0,7,3
03,23,120,46,52,40,-1,8,-4
03,23,110,67,90,23,0,7,-6
03,23,240,5,52,48,1,8,-4
03,23,50,67,16,-5,0,6,0
03,23,60,57,6,-19,0,2,-4
03,23,30,31,-41,-62,0,0,0
03,23,280,21,5,-14,0,7,-3
03,23,280,36,43,42,2,8,6
03,23,330,41,56,47,0,8,-2
03,23,50,26,41,28,0,7,-1
03,23,110,46,24,-27,0,0,-8
03,23,150,31,3,-16,0,0,-11
03,23,200,10,49,28,0,7,3
03,23,160,10,46,39,0,2,-4
03,23,150,15,34,11,0,0,8
03,23,150,21,54,11,0,0,-14
03,23,160,15,103,63,0,7,-11
03,23,200,26,63,33,0,0,3
03,23,250,62,96,70,0,8,-3
03,23,240,57,89,62,0,1,-2
03,23,300,21,72,57,-1,8,-4
03,23,220,15,-1,-22,0,0,-3
03,23,180,10,20,2,0,0,-5
03,23,180,5,51,31,0,2,2
03,23,270,46,98,90,0,8,-11
03,23,250,21,34,8,0,1,-18
03,23,280,26,22,16,0,1,-10
03,23,320,31,27,15,0,4,12
03,23,40,31,-6,-58,0,0,-5
03,23,90,21,7,-45,0,0,-9
03,23,90,26,10,-50,0,0,-2
03,23,130,36,20,-52,0,0,-7
03,23,170,21,84,1,0,8,-9
03,23,170,41,143,66,0,7,1
03,23,220,31,47,46,0,6,-13
03,23,230,41,41,35,0,1,-11
03,23,280,41,54,22,0,0,-6
03,23,160,26,32,11,0,4,2
03,23,310,41,84,65,-1,8,-6
03,23,230,67,73,50,0,8,0
03,23,230,67,100,91,-1,8,-1
03,23,230,62,99,73,0,4,-3
03,23,270,41,90,81,0,8,-2
03,23,190,10,4,1,0,0,-1
03,23,220,31,56,21,0,7,-14
03,23,200,46,51,18,0,2,15
03,23,280,51,63,12,0,0,1
03,23,240,77,95,78,0,3,3
03,23,270,51,64,46,-1,7,-13
03,23,280,57,38,18,1,4,15
03,23,220,46,28,-3,0,3,7
03,23,240,108,84,80,9,8,3
03,23,230,31,27,14,0,6,-7
03,23,190,10,26,-2,0,6,-8
03,23,0,0,2,-6,0,1,-7
03,23,230,72,87,78,-1,8,8
03,23,240,118,137,112,0,7,1
03,23,230,51,85,70,0,2,3
03,23,280,36,60,53,0,3,-3
03,23,300,15,15,5,0,1,-7
03,23,140,41,51,12,0,7,-2
03,23,230,93,126,96,0,8,-4
03,23,230,26,99,90,0,7,4
03,23,180,62,163,102,0,6,8
03,23,160,51,98,74,2,8,-2
03,23,210,62,58,21,-1,7,-2
03,23,150,87,43,23,9,8,1
03,23,230,57,19,-17,0,5,-3
03,23,180,36,2,-22,0,1,4
03,23,220,51,20,14,0,1,9
03,23,250,36,4,3,13,8,1
03,23,170,108,60,-1,0,6,0
03,23,200,41,32,13,0,6,2
03,23,140,31,20,1,0,1,-3
03,23,120,51,65,-7,0,6,-6
03,23,150,10,42,24,0,1,-7
03,23,40,26,66,44,0,0,-10
03,23,80,26,44,11,0,1,-11
03,23,160,36,43,8,0,8,1
03,23,260,41,29,16,2,8,-6
03,23,200,62,61,29,0,7,2
03,23,240,108,70,7,0,1,4
03,23,240,67,72,42,0,8,-12
03,23,280,62,27,14,-1,8,-13
03,23,290,46,50,22,-1,7,-18
03,23,280,10,-7,-17,0,1,-9
03,23,140,5,-2,-19,0,1,3
03,23,190,41,71,3,0,0,-14
03,23,240,67,82,65,0,0,-4
03,23,250,41,64,23,1,8,-7
03,23,240,93,88,62,0,8,-1
03,23,270,41,0,-16,0,0,-5
03,23,350,51,6,6,0,8,3
03,23,340,46,27,3,1,5,-15
03,23,200,36,47,-9,0,8,0
03,23,270,31,95,90,-1,8,-2
03,23,350,15,-18,-26,0,2,-5
03,23,220,5,0,-1,1,8,2
03,23,310,15,-26,-31,0,0,-4
03,23,280,26,38,38,0,8,0
03,23,270,10,14,13,1,7,2
03,23,310,46,35,29,-1,8,-4
03,23,70,57,24,-9,0,0,-5
03,23,110,36,33,-37,0,0,-5
03,23,90,31,24,-35,0,0,-1
03,23,80,36,0,-58,0,0,-12
03,23,80,46,-30,-90,0,1,-4
03,23,80,41,-30,-81,0,0,-3
03,23,80,41,-16,-62,0,0,-2
03,23,90,36,23,-34,0,4,-8
03,23,80,31,20,-12,0,2,-8
03,23,40,21,38,15,0,8,-1
03,23,320,10,47,34,0,8,-5
03,23,20,21,44,29,0,8,-2
03,23,350,10,9,5,0,5,-4
03,23,180,15,82,35,0,8,-14
03,23,230,26,63,62,0,8,10
03,23,0,0,63,63,-1,8,0
03,23,260,21,91,91,0,7,1
03,23,60,46,49,42,0,0,-2
03,23,60,26,71,37,0,7,-9
03,23,30,62,5,-49,0,6,-8
03,23,20,10,-6,-60,0,1,-24
03,23,250,26,3,2,0,1,-1
03,23,290,15,-4,-5,0,0,-5
03,23,280,21,-11,-25,0,1,-6
03,23,300,10,-27,-27,0,3,10
03,23,200,50,117,86,0,6,-6
03,23,240,30,79,73,0,7,-3
03,23,130,10,67,40,-1,8,0
03,23,150,10,97,92,0,6,-16
03,23,190,30,50,40,0,1,11
03,23,140,10,51,47,0,1,0
03,23,150,20,63,49,0,1,-8
03,23,60,20,83,68,0,0,0
03,23,90,20,91,64,0,0,-20
03,23,310,10,50,46,0,0,-11
03,23,80,20,47,43,0,8,-3
03,23,280,20,78,64,0,0,-8
03,23,260,30,87,56,0,7,-4
03,23,230,30,91,83,0,7,2
03,23,270,30,107,95,0,8,-2
03,23,260,50,99,77,-1,8,0
03,23,100,20,70,53,0,2,-7
03,23,250,40,65,51,0,6,1
03,23,360,40,37,8,0,8,-1
03,23,240,40,57,48,0,7,0
03,23,10,20,3,-10,0,1,-6
03,23,140,40,46,-2,0,7,1
03,23,270,10,64,61,0,8,1
03,23,0,0,54,50,0,7,0
03,23,220,10,39,36,0,4,-10
03,23,240,60,111,106,-1,8,3
03,23,250,100,127,90,0,8,-20
03,23,280,40,42,7,0,0,-3
03,23,280,30,70,50,0,7,-2
03,23,240,20,18,9,0,0,0
03,23,0,0,43,30,0,0,-7
03,23,190,40,30,30,1,7,11
03,23,210,60,74,70,1,8,2
03,23,230,80,127,124,4,8,7
03,23,220,50,57,40,0,4,0
03,23,240,70,50,40,15,8,5
03,23,240,110,98,90,4,8,1
03,23,250,70,88,64,0,7,-6
03,23,20,30,-22,-42,0,0,1
03,23,250,10,-28,-36,0,0,9
03,23,180,50,57,-31,0,8,-3
03,23,320,60,44,40,1,8,2
03,23,240,20,-4,-10,0,5,7
03,23,270,40,56,56,0,8,-1
03,23,290,30,70,58,0,7,-14
03,23,300,20,76,76,3,8,0
03,23,260,20,79,55,0,8,-2
03,23,270,20,89,75,0,8,-2
03,23,260,20,32,26,0,2,-4
03,23,260,20,16,6,0,1,-3
03,23,330,40,69,68,-1,8,-1
03,23,350,10,28,16,0,6,8
03,23,310,40,54,50,1,8,-2
03,23,60,40,9,-47,0,0,-8
03,23,130,10,-2,-24,0,4,8
03,23,160,40,40,-44,0,7,-10
03,23,200,60,71,71,2,8,2
03,23,190,20,105,100,0,8,-1
03,23,140,20,97,86,0,6,9
03,23,140,30,148,94,0,7,1
03,23,0,0,111,103,0,7,11
03,23,0,0,77,77,0,2,-10
03,23,250,40,97,97,15,8,2
03,23,220,120,125,93,-1,8,-8
03,23,180,40,63,45,0,7,5
03,23,150,20,51,38,0,7,3
03,23,230,40,39,36,0,8,1
03,23,200,30,30,23,0,7,2
03,23,190,60,36,31,-1,8,-1
03,23,100,30,45,34,-1,8,0
03,23,220,20,12,12,0,1,-2
03,23,990,10,-14,-14,0,4,5
03,23,120,30,48,14,0,6,-3
03,23,140,30,80,62,0,1,-2
03,23,310,20,52,52,0,1,-10
03,23,0,0,35,33,0,0,-11
03,23,30,10,23,9,0,1,-9
03,23,80,20,75,25,0,8,-4
03,23,0,0,34,17,0,0,1
03,23,330,40,60,47,0,6,-13
03,23,300,40,53,19,0,7,-10
03,23,220,30,55,46,0,8,3
03,23,210,40,57,52,-1,7,-1
03,23,210,40,39,17,0,8,4
03,23,220,40,79,77,0,4,1
03,23,90,30,62,35,0,0,-5
03,23,180,40,109,87,0,8,-3
03,23,220,40,71,61,0,8,0
03,23,350,20,41,26,0,2,1
03,23,150,20,33,25,0,0,-6
03,23,190,40,88,33,0,4,-7
03,23,200,20,124,102,0,8,-6
03,23,110,30,129,66,0,0,-10
03,23,280,40,29,1,0,2,-1
03,23,230,130,72,51,2,8,4
03,23,260,20,23,14,-1,7,-6
03,23,280,40,1,-2,2,4,0
03,23,220,40,29,13,0,7,10
03,23,220,70,77,18,0,8,-1
03,23,240,70,90,84,3,8,4
03,23,260,80,124,107,1,8,-3
03,23,300,30,90,68,0,7,-4
03,23,240,50,93,71,0,8,-3
03,23,300,30,67,51,-1,8,-1
03,23,210,40,77,43,0,7,-15
03,23,240,40,91,81,0,8,0
03,23,300,40,40,8,0,3,1
03,23,270,50,65,50,0,8,7
03,23,280,30,63,54,0,2,-6
03,23,320,40,70,53,-1,7,-2
03,23,20,30,57,50,0,8,1
03,23,990,10,12,6,0,3,-7
03,23,270,10,53,40,0,7,-15
03,23,80,20,52,25,0,0,-3
03,23,240,10,44,31,0,6,-8
03,23,90,20,104,52,0,7,-1
03,23,170,30,79,74,0,6,12
03,23,190,40,81,56,0,7,-4
03,23,140,20,52,37,0,7,-9
03,23,30,70,40,18,0,7,-9
03,23,40,50,37,29,-1,8,2
03,23,30,60,65,48,-1,8,0
03,23,240,10,56,44,0,8,-1
03,23,0,0,58,49,0,8,3
03,23,300,20,22,15,0,8,-2
03,23,40,60,8,-10,0,8,-5
03,23,60,50,-4,-23,0,7,-1
03,23,10,40,21,-1,0,8,-3
03,23,100,30,4,-22,0,1,4
03,23,120,40,44,-7,0,5,1
03,23,140,30,94,94,0,7,-1
03,23,180,30,74,60,0,2,3
03,23,200,50,93,79,0,7,-1
03,23,230,50,104,94,1,8,2
03,23,200,80,141,111,0,7,-17
03,23,210,50,43,36,37,8,10
03,23,220,50,36,29,0,6,6
03,23,150,10,27,25,0,3,-1
03,23,190,10,79,70,-1,8,0
03,23,60,60,73,36,0,8,-3
03,23,60,30,56,49,0,8,-8
03,23,280,50,30,24,2,8,2
03,23,240,10,-31,-40,0,1,1
03,23,70,60,33,-30,0,8,-5
03,23,990,10,52,45,0,8,-1
03,23,130,20,53,41,0,8,3
03,23,280,10,78,69,0,7,-4
03,23,50,60,41,30,0,8,-2
03,23,20,30,25,-1,0,8,-3
03,23,90,40,29,3,0,8,0
03,23,130,70,36,-5,0,5,0
03,23,150,40,56,36,0,2,3
03,23,220,20,35,34,0,4,-12
03,23,150,20,28,23,0,0,-8
03,23,210,50,112,78,-1,8,-1
03,23,40,30,-6,-24,0,,-2
03,23,270,30,16,3,0,,-18
03,23,230,40,54,31,0,,-2
03,23,0,0,25,19,0,,13
03,23,210,30,29,18,0,,-2
03,23,230,80,100,85,0,,4
03,23,230,30,31,10,0,,7
03,23,210,30,71,43,0,,3
03,23,260,80,60,4,0,,-5
03,23,180,50,70,14,0,,0
03,23,140,10,54,15,0,,7
03,23,990,10,81,77,0,,-1
03,23,40,50,23,5,0,,2
03,23,80,70,34,19,0,,1
03,23,130,30,85,65,0,,2
03,23,120,30,98,65,0,,-1
03,23,160,30,100,91,0,,-12
03,23,230,110,104,59,0,,-1
03,23,190,40,88,61,0,,-2
03,23,130,10,86,80,11,,3
03,23,260,40,94,82,0,,-3
03,23,310,30,28,9,0,,-7
03,23,30,30,16,-5,0,,-8
03,23,70,30,30,-14,0,,-8
03,23,0,0,9,-5,0,,-6
03,23,360,20,11,-14,0,,-6
03,23,70,30,38,-21,0,0,-8
03,23,100,30,74,-10,0,,-5
03,23,130,20,34,4,0,,10
03,23,170,30,73,38,0,,-9
03,23,190,20,87,72,0,,-4
03,23,130,40,89,85,10,,0
03,23,300,30,58,49,0,,-1
03,23,130,20,24,17,0,,-6
03,23,180,40,81,76,-1,,-1
03,23,130,30,107,66,0,,-3
03,23,190,20,17,14,0,,7
03,23,190,50,53,42,4,,-4
03,23,230,90,84,62,1,,7
03,23,200,40,77,40,0,,10
03,23,180,30,95,73,0,,0
03,23,240,60,88,80,0,,-3
03,23,10,50,56,30,0,,-5
03,23,50,30,30,0,0,,13
03,23,80,50,38,-9,0,,-6
03,23,80,30,47,14,0,,-7
03,23,0,0,6,-6,0,,-6
03,23,30,30,4,-7,0,,-1
03,23,10,20,17,5,0,,0
03,23,990,10,11,2,0,,12
03,23,120,30,32,1,0,,-5
03,23,80,30,49,-18,0,,-6
03,23,130,20,44,-74,0,,7
03,23,140,10,31,-4,0,,-12
03,23,320,10,105,39,0,,-1
03,23,360,10,63,46,0,,23
03,23,290,10,54,16,0,,-16
03,23,990,10,39,25,0,,-6
03,23,990,10,120,52,0,,2
03,23,990,10,106,76,0,,-5
03,23,330,30,49,37,0,,-9
03,23,140,20,19,1,0,,17
03,23,270,30,13,-14,0,,4
03,23,240,30,-5,-18,0,,-4
03,23,120,10,1,-25,0,,10
03,23,110,30,68,1,0,,-7
03,23,130,30,22,13,5,,-4
03,23,230,20,19,9,0,,-11
03,23,10,50,21,2,0,,-14
03,23,300,10,-2,-11,0,,8
03,23,40,40,2,-19,0,,3
03,23,60,30,9,-1,0,,-1
03,23,120,20,9,-19,0,,-7
03,23,140,40,49,42,0,,4
03,23,170,40,50,25,0,,-4
03,23,210,90,112,54,0,,1
03,23,200,50,115,80,0,,-4
03,23,160,30,77,73,0,,-2
03,23,230,10,64,55,0,,-12
03,23,240,60,101,56,0,,-10
03,23,260,60,91,72,0,,-1
03,23,260,100,101,87,24,,5
03,23,230,70,52,34,7,,1
03,23,180,10,42,33,0,,2
03,23,330,10,12,5,0,,-6
03,23,360,40,22,-2,0,,-15
03,23,20,40,5,-16,0,,-8
03,23,0,0,-11,-16,0,,-5
03,23,210,20,6,-26,0,,-7
03,23,210,10,6,-13,0,,-8
03,23,50,30,37,10,0,,-4
03,23,70,40,102,20,0,,-7
03,23,120,20,134,42,0,,-9
03,23,210,50,-14,-57,0,,-1
03,23,130,20,-14,-19,1,,0
03,23,10,40,-35,-59,0,,-28
03,23,160,30,-20,-27,3,,0
03,23,40,70,-33,-65,0,,-4
03,23,320,30,12,3,0,,-3
03,23,310,40,43,28,0,,-2
03,23,310,40,51,31,0,,-1
03,23,290,10,-13,-18,0,,14
03,23,210,30,2,-7,0,,-5
03,23,260,50,12,1,0,,2
03,23,260,40,31,16,1,,5
03,23,220,30,24,-11,0,,5
03,23,160,10,12,-6,0,,-12
03,23,200,50,112,64,0,,-1
03,23,250,50,143,82,0,,-15
03,23,230,40,88,72,0,,-10
03,23,270,20,114,88,0,,-3
03,23,70,30,95,82,0,,-4
03,23,80,30,77,16,0,,-7
03,23,120,40,107,0,0,,-1
03,23,190,40,116,109,0,,-9
03,23,90,40,123,64,0,,-5
03,23,240,20,105,100,6,,0
03,23,70,20,99,93,0,,1
03,23,50,20,82,65,0,,2
03,23,150,10,115,107,0,,-2
03,23,340,10,85,76,0,,-1
03,23,70,30,114,98,0,,-2
03,23,240,20,106,100,4,,-2
03,23,90,20,95,28,0,,-21
03,23,230,50,-6,-40,0,,-1
03,23,200,40,-8,-19,0,,-6
03,23,0,0,-35,-35,0,,-4
03,23,260,20,-23,-39,0,,-5
03,23,260,40,11,5,0,,-5
03,23,270,30,4,-6,0,,-3
03,23,150,40,29,-29,0,,-2
03,23,270,30,94,90,9,,-1
03,23,230,60,72,60,1,,1
03,23,180,10,39,37,0,,3
03,23,350,40,-35,-66,0,,-4
03,23,80,20,-27,-86,0,,0
03,23,110,30,-7,-51,0,,-6
03,23,90,30,21,-43,0,,-4
03,23,60,40,-3,-32,0,,-9
03,23,60,40,6,-20,0,,3
03,23,70,50,8,-24,0,,1
03,23,60,50,-6,-15,0,,2
03,23,50,40,37,16,0,,-2
03,23,40,40,8,-21,0,,1
03,23,20,30,-7,-39,0,,-13
03,23,30,30,-30,-56,0,,7
03,23,110,40,43,-55,0,,-1
03,23,160,30,94,90,8,,-2
03,23,200,50,118,113,17,,6
03,23,140,30,137,131,4,,-1
03,23,190,30,101,69,0,,-4
03,23,220,80,79,33,0,,-1
03,23,170,40,84,52,0,,-1
03,23,220,70,115,103,0,,-3
03,23,180,40,97,78,0,,0
03,23,270,60,81,27,0,8,-21
03,23,140,40,62,15,0,8,-9
03,23,200,30,48,38,0,1,3
03,23,140,50,105,41,0,6,-3
03,23,190,60,87,33,0,5,5
03,23,190,70,81,71,1,8,-2
03,23,260,30,63,60,0,7,4
03,23,180,10,41,35,0,4,-8
03,23,240,30,15,14,0,2,8
03,23,210,20,39,29,0,0,12
03,23,140,20,69,50,0,0,-10
03,23,340,20,42,21,0,0,-12
03,23,340,10,50,23,0,7,-8
03,23,0,0,29,21,0,0,-12
03,23,230,20,16,8,0,0,27
03,23,240,60,83,65,0,6,2
03,23,230,90,95,57,0,8,-4
03,23,230,80,13,6,6,7,4
03,23,260,10,-12,-16,0,1,6
03,23,320,30,29,17,-1,7,-6
03,23,300,30,38,17,0,8,5
03,23,330,60,38,-4,0,0,1
03,23,10,40,60,24,0,7,-10
03,23,40,40,87,49,0,8,10
03,23,50,30,75,32,0,1,4
03,23,100,30,113,20,0,0,-8
03,23,90,30,107,8,0,0,-4
03,23,260,10,55,33,0,0,-5
03,23,140,10,58,54,0,0,4
03,23,30,50,99,59,0,8,1
03,23,50,60,121,39,0,8,-12
03,23,240,80,80,43,0,8,1
03,23,230,40,86,44,0,8,1
03,23,290,20,38,-7,0,7,-6
03,23,320,20,-6,-16,-1,0,-2
03,23,220,40,26,0,0,8,7
03,23,210,30,75,62,0,8,-1
03,23,220,20,16,15,0,2,3
03,23,190,60,80,20,0,7,1
03,23,190,50,54,46,0,4,-6
03,23,190,60,54,37,-1,5,9
03,23,260,110,109,60,0,7,-13
03,23,250,100,70,12,0,7,-2
03,23,180,40,68,52,4,8,-3
03,23,160,10,33,23,0,7,-18
03,23,100,30,106,72,0,7,1
03,23,360,70,61,45,0,8,-2
03,23,290,20,19,-3,0,2,-1
03,23,260,20,33,8,0,8,-15
03,23,280,20,31,10,0,8,-4
03,23,260,80,71,65,37,8,10
03,23,220,40,16,11,5,8,4
03,23,360,50,-6,-47,0,1,-8
03,23,280,10,13,-5,0,7,-5
03,23,250,30,-3,-8,2,6,-1
03,23,180,10,0,-7,-1,7,3
03,23,110,10,36,26,0,8,-1
03,23,340,10,59,52,0,8,-2
03,23,240,80,78,55,0,2,-2
03,23,150,60,85,30,0,2,-2
03,23,190,40,86,77,-1,8,1
03,23,200,20,39,29,0,0,8
03,23,260,30,87,72,0,8,-3
03,23,240,20,11,6,0,0,-2
03,23,160,60,63,3,0,0,-6
03,23,210,10,44,34,0,8,-4
03,23,320,50,47,31,-1,8,1
03,23,270,30,9,-2,0,0,-7
03,23,200,50,75,46,0,8,1
03,23,260,20,35,12,0,5,-1
03,23,220,40,44,20,0,8,10
03,23,300,30,44,27,0,6,-3
03,23,190,30,54,15,0,8,3
03,23,280,40,83,75,-1,8,-6
03,23,170,20,79,43,0,8,3
03,23,260,30,81,57,0,8,1
03,23,300,20,70,52,0,8,-2
03,23,200,10,43,38,0,4,-3
03,23,40,20,24,-6,0,0,-15
03,23,150,10,20,-10,0,7,4
03,23,40,40,31,-6,0,0,-6
03,23,60,10,-3,-34,0,0,-9
03,23,260,30,0,-29,0,0,0
03,23,270,40,86,48,-1,8,-2
03,23,260,50,38,16,0,1,-12
03,23,210,40,18,5,0,2,14
03,23,260,40,54,36,0,8,0
03,23,230,40,72,63,0,8,-5
03,23,190,40,46,28,0,3,3
03,23,230,40,53,40,-1,8,0
03,23,260,10,6,-12,0,8,-8
03,23,230,10,9,-1,0,0,-6
03,23,30,40,51,31,0,0,-2
03,23,190,20,-9,-17,0,0,-6
03,23,260,20,-23,-33,0,0,1
03,23,50,40,18,-15,0,5,-11
03,23,290,20,-18,-49,0,1,6
03,23,300,50,34,23,12,8,2
03,23,40,40,-21,-60,0,0,-6
03,23,50,20,-38,-97,0,0,-11
03,23,50,40,-17,-44,0,0,-5
03,23,50,40,-12,-66,0,0,-1
03,23,30,50,-14,-35,0,1,-2
03,23,300,20,25,8,-1,8,1
03,23,280,20,33,10,0,8,-3
03,23,250,50,46,5,0,8,0
03,23,280,20,55,30,0,8,-1
03,23,270,40,59,49,1,8,0
03,23,160,40,45,22,0,7,-7
03,23,200,20,58,12,0,8,-10
03,23,190,40,118,5,0,8,-2
03,23,160,30,120,107,3,8,3
03,23,250,20,120,108,46,8,5
03,23,990,10,43,37,0,8,8
03,23,200,20,80,44,0,5,2
03,23,130,20,98,62,0,5,-3
03,23,130,20,121,62,0,7,-5
03,23,180,60,118,100,2,6,-1
03,23,210,60,84,47,0,0,5
03,23,230,40,96,54,-1,8,-5
03,23,210,30,85,71,4,8,-2
03,23,150,40,116,85,-1,8,1
03,23,180,40,48,33,0,1,-1
03,23,220,80,43,20,5,8,-8
03,23,40,50,19,1,0,8,-1
03,23,40,40,1,-31,0,0,-2
03,23,40,40,2,-32,0,0,0
03,23,350,30,-9,-28,0,0,-5
03,23,10,20,-3,-20,0,5,25
03,23,40,30,-18,-58,0,0,2
03,23,110,20,23,-99,0,0,-10
03,23,190,40,64,16,0,4,-13
03,23,220,40,41,28,0,1,1
03,23,250,80,97,57,0,8,-3
03,23,190,20,53,20,0,6,-7
03,23,180,30,97,66,-1,8,-2
03,23,160,20,97,93,9,8,0
03,23,60,30,107,89,0,8,-7
03,23,60,40,102,75,0,0,-9
03,23,40,60,53,27,0,8,-2
03,23,290,30,48,39,-1,8,0
03,23,30,60,52,41,8,8,-2
03,23,230,10,-7,-19,0,0,-5
03,23,200,10,0,-28,0,0,-6
03,23,330,10,19,-8,0,0,-7
03,23,10,20,70,35,0,0,-15
03,23,30,30,58,33,0,0,5
03,23,350,10,68,52,0,2,-8
03,23,10,20,60,30,0,4,-8
03,23,90,30,58,14,0,7,2
03,23,340,10,56,12,0,8,-4
03,23,240,10,16,2,0,0,-12
03,23,210,10,33,12,0,0,-5
03,23,190,40,101,88,0,7,-1
03,23,240,60,129,104,0,7,-3
03,23,30,20,73,73,0,9,1
03,23,110,20,94,80,0,8,1
03,23,210,20,89,67,0,7,-14
03,23,130,40,86,80,5,8,-2
03,23,130,30,42,14,0,8,2
03,23,200,20,12,1,0,0,0
03,23,290,40,50,38,0,2,-4
03,23,240,20,8,4,0,6,10
03,23,220,30,79,54,0,8,0
03,23,260,20,87,83,0,8,-1
03,23,250,10,56,49,0,7,-12
03,23,30,30,91,71,0,8,-3
03,23,20,20,79,46,0,8,-5
03,23,70,10,20,10,0,0,-3
03,23,210,10,57,49,0,0,19
03,23,310,30,74,65,0,6,8
03,23,150,30,86,74,0,8,0
03,23,330,20,58,39,0,8,-1
03,23,220,20,7,-10,0,0,0
03,23,0,0,71,49,-1,8,-14
03,23,40,30,61,27,0,0,4
03,23,60,30,123,84,0,0,-10
03,23,330,10,73,61,0,0,-12
03,23,10,30,88,67,0,0,-8
03,23,20,20,81,46,0,0,-29
03,23,30,40,61,34,0,0,1
03,23,360,20,81,57,0,0,1
03,23,320,10,53,9,0,0,0
03,23,280,50,88,57,0,8,-5
03,23,230,30,74,63,0,8,-17
03,23,310,20,16,-4,0,0,-8
03,23,10,30,27,-12,0,8,-3
03,23,340,30,24,-10,0,8,-2
03,23,100,20,36,-6,0,8,-9
03,23,130,30,52,-14,0,0,-11
03,23,990,10,64,5,0,8,-21
03,23,70,30,106,9,0,8,-7
03,23,110,20,96,74,-1,8,0
03,23,70,20,103,101,5,8,2
03,23,260,50,40,26,0,8,-1
03,23,50,60,-9,-40,0,8,-2
03,23,50,70,-25,-47,-1,8,-1
03,23,330,10,-78,-105,0,0,-14
03,23,260,20,-46,-46,0,0,-4
03,23,230,10,-56,-65,0,0,0
03,23,180,50,33,-20,0,8,3
03,23,150,40,61,-37,-1,8,-10
03,23,140,40,48,38,2,8,2
03,23,150,20,40,6,0,1,-15
03,23,70,30,26,23,0,6,-6
03,23,310,20,4,-4,0,8,-1
03,23,80,30,1,-22,0,0,-5
03,23,80,80,4,-52,0,8,-2
03,23,70,80,-12,-92,0,8,-4
03,23,70,60,-4,-114,0,7,-4
03,23,70,60,-4,-91,0,3,-6
03,23,80,40,-5,-78,0,0,-5
03,23,80,40,6,-66,0,2,-6
03,23,350,20,-10,-12,2,8,-2
03,23,350,10,-11,-39,0,8,-2
03,23,350,30,0,-14,0,8,3
03,23,50,30,-5,-34,0,7,-26
03,23,230,50,56,40,-1,8,-5
03,23,120,40,38,-1,0,1,1
03,23,140,20,45,7,0,1,-7
03,23,240,10,18,15,0,0,-9
03,23,220,10,-3,-8,0,0,2
03,23,150,30,37,-4,0,0,-2
03,23,350,10,91,73,0,8,-15
03,23,120,30,98,31,0,0,-10
03,23,0,0,39,16,0,0,-19
03,23,10,60,77,68,0,8,-5
03,23,60,40,86,57,0,0,-7
03,23,10,10,35,20,0,0,-5
03,23,320,10,46,25,0,0,-13
03,23,260,40,87,39,0,0,-2
03,23,250,70,98,52,0,7,13
03,23,240,30,59,38,0,0,15
03,23,190,20,74,40,0,8,-2
03,23,260,60,98,73,6,8,5
03,23,210,40,96,72,0,4,-8
03,23,200,40,130,52,0,7,2
03,23,160,30,32,14,0,1,5
03,23,180,40,33,13,0,1,-4
03,23,230,20,37,29,1,8,-2
03,23,0,0,6,1,0,0,-8
03,23,20,30,11,-10,0,0,-3
03,23,50,30,22,-1,0,4,-7
03,23,90,30,104,22,0,7,-7
03,23,90,40,101,41,0,0,-8
03,23,60,10,88,29,0,0,-24
03,23,90,20,147,50,0,8,-28
03,23,90,20,143,57,0,8,-10
03,23,220,90,83,56,1,8,-9
03,23,220,50,25,-4,0,3,0
03,23,240,40,21,7,0,0,0
03,23,310,30,42,25,-1,0,-9
03,23,210,30,24,4,0,8,12
03,23,170,30,21,4,0,0,-1
03,23,180,30,64,-5,0,0,-9
03,23,260,20,82,67,0,8,1
03,23,210,30,68,53,0,8,7
03,23,340,10,18,8,0,0,-16
03,23,70,20,12,-4,0,2,6
03,23,90,30,57,10,0,0,-8
03,23,40,50,42,-25,0,8,-12
03,23,50,50,45,26,0,8,-1
03,23,60,40,56,25,0,8,-1
03,23,0,0,14,9,0,0,-8
03,23,0,0,48,31,0,3,-12
03,23,320,40,61,47,0,8,1
03,23,0,0,48,43,0,7,-29
03,23,230,30,43,34,0,8,1
03,23,10,60,57,32,0,8,-2
03,23,0,0,-20,-24,0,0,-5
03,23,230,10,7,1,0,8,-5
03,23,20,20,59,54,6,8,-3
03,23,260,20,52,40,0,8,-1
03,23,250,40,64,40,0,8,-5
03,23,170,20,-8,-12,0,0,2
03,23,230,90,114,100,11,8,-4
03,23,250,60,82,47,0,8,-2
03,23,170,40,57,54,28,8,21
03,23,290,90,60,-4,0,4,-2
03,23,200,60,71,66,0,8,6
03,23,240,70,33,23,12,8,-11
03,23,160,30,-4,-17,0,8,2
03,23,990,10,-19,-20,0,9,-6
03,23,220,10,-4,-10,0,7,11
03,23,230,20,14,10,0,6,2
03,23,220,20,-24,-27,0,2,-5
03,23,180,40,25,6,0,8,0
03,23,110,30,41,-19,0,8,-7
03,23,60,40,38,1,0,7,0
03,23,10,20,1,-7,0,0,-8
03,23,40,30,-3,-27,0,0,11
03,23,50,40,18,-11,0,0,-1
03,23,10,30,4,-26,0,8,-8
03,23,50,50,47,35,0,0,-18
03,23,60,40,32,-18,0,0,-6
03,23,10,30,27,12,0,0,-6
03,23,350,30,51,35,-1,8,0
03,23,360,40,58,14,0,8,0
03,23,300,20,63,56,0,8,-3
03,23,310,20,49,32,0,1,-32
03,23,330,20,48,42,0,1,12
03,23,300,10,70,58,0,8,0
03,23,220,50,75,47,0,8,0
03,23,200,10,10,8,0,7,-10
03,23,170,60,120,55,0,8,-1
03,23,180,60,88,45,0,0,1
03,23,230,80,65,51,7,8,-1
03,23,180,50,95,54,-1,8,-2
03,23,180,20,71,42,-1,8,-5
03,23,20,40,71,35,0,8,-7
03,23,240,50,67,64,-1,8,4
03,23,210,40,36,8,0,8,2
03,23,170,40,106,59,0,8,-7
03,23,190,20,64,58,-1,8,3
03,23,190,40,50,39,0,1,-2
03,23,260,20,47,40,0,8,5
03,23,180,20,13,10,0,1,8
03,23,230,20,47,47,0,5,3
03,23,320,20,51,34,0,6,1
03,23,130,20,63,10,0,8,1
03,23,100,30,89,13,0,8,-10
03,23,20,10,35,-5,0,8,-6
03,23,250,20,31,26,0,8,-2
03,23,220,30,90,74,0,8,-12
03,23,990,10,30,23,0,1,-8
03,23,240,20,69,47,0,6,3
03,23,220,80,64,49,15,8,2
03,23,230,30,95,93,6,8,6
03,23,230,60,100,88,1,8,-1
03,23,210,60,95,84,1,8,2
03,23,190,20,23,-23,0,8,-1
03,23,90,10,34,12,0,8,18
03,23,60,60,71,39,0,1,-6
03,23,50,40,70,13,0,8,-1
03,23,50,60,81,11,0,1,-9
03,23,60,30,74,32,0,8,-18
03,23,990,10,45,8,0,0,-3
03,23,220,30,84,59,0,0,-5
03,23,190,20,123,77,0,8,-14
03,23,140,20,143,77,0,8,-6
03,23,10,10,102,93,0,7,-16
03,23,70,80,-36,-139,0,8,-5
03,23,100,40,-27,-40,6,8,2
03,23,110,30,0,-22,0,8,4
03,23,210,60,52,41,-1,7,8
03,23,110,30,67,22,0,8,-10
03,23,140,10,0,-3,0,3,14
03,23,230,50,49,40,-1,8,-11
03,23,220,50,28,4,0,0,-2
03,23,150,30,79,75,6,8,3
03,23,160,20,79,76,0,8,-9
03,23,150,30,82,69,0,2,8
03,23,210,60,88,78,2,8,1
03,23,220,30,47,40,0,8,2
03,23,100,50,64,19,0,8,-4
03,23,130,30,70,61,1,8,0
03,23,60,70,8,-20,0,8,-3
03,23,70,70,-18,-86,0,8,1
03,23,60,50,-17,-114,0,8,-1
03,23,10,30,-36,-102,0,0,-2
03,23,350,20,-8,-31,0,1,-9
03,23,210,40,23,-10,0,8,11
03,23,230,20,61,57,-1,8,1
03,23,170,30,59,25,0,8,-1
03,23,20,20,13,-3,0,7,0
03,23,350,30,47,15,0,0,-11
03,23,220,20,9,4,0,1,1
03,23,250,30,75,70,0,8,-5
03,23,260,30,39,22,-1,8,2
03,23,140,30,71,16,-1,8,0
03,23,180,30,60,50,0,2,-10
03,23,200,10,35,32,0,1,-1
03,23,210,20,52,36,0,8,1
03,23,200,60,94,63,0,8,3
03,23,200,90,129,79,0,8,-2
03,23,230,80,59,34,0,7,3
03,23,180,40,78,49,-1,8,-2
03,23,180,50,112,78,0,8,0
03,23,230,110,73,53,4,8,-1
03,23,200,50,76,50,1,8,-2
03,23,220,40,72,25,0,8,-1
03,23,230,60,50,11,-1,8,-14
03,23,230,30,13,-5,0,2,-2
03,23,240,70,43,24,0,4,1
03,23,240,60,58,39,0,8,5
03,23,250,40,78,35,0,8,-1
03,23,260,50,99,63,-1,8,-7
03,23,220,100,114,64,0,8,-4
03,23,220,50,27,6,0,0,1
03,23,230,10,-11,-27,0,0,-3
03,23,190,10,31,13,0,0,-5
03,23,180,10,78,71,0,8,-12
03,23,30,20,51,49,0,8,-2
03,23,320,40,68,66,0,9,4
03,23,10,40,61,37,0,8,-4
03,23,220,30,14,-3,0,0,16
03,23,320,20,69,26,0,8,-1
03,23,320,10,63,40,0,8,-23
03,23,290,10,85,44,0,8,-2
03,23,30,10,36,34,0,0,-9
03,23,110,10,78,46,0,0,19
03,23,10,20,69,44,0,5,19
03,23,50,60,57,-10,0,0,-13
03,23,200,40,46,16,0,3,-1
03,23,260,30,41,27,0,8,-9
03,23,190,30,24,16,0,6,10
03,23,170,30,55,32,-1,8,-4
03,23,40,50,58,49,1,8,-2
03,23,330,30,59,31,0,8,-6
03,23,200,50,82,40,0,8,0
03,23,210,40,69,57,0,8,2
03,23,210,80,71,43,1,8,-6
03,23,240,80,118,110,9,8,-3
03,23,220,100,127,103,1,8,6
03,23,230,80,58,21,0,0,3
03,23,180,10,28,22,0,1,1
03,23,180,40,78,56,4,8,3
03,23,160,20,96,62,0,8,-17
03,23,280,20,80,49,0,8,-9
03,23,200,40,74,12,0,8,-13
03,23,200,10,66,49,0,0,-11
03,23,40,50,85,69,0,8,0
03,23,60,50,51,29,-1,8,1
03,23,70,50,35,-36,0,0,-4
03,23,100,40,42,-74,0,0,-5
03,23,130,40,45,-96,0,0,-11
03,23,90,10,45,-93,0,3,-9
03,23,70,50,64,-63,0,8,-9
03,23,50,40,54,-28,0,0,-16
03,23,30,40,71,12,0,0,-5
03,23,360,40,42,-12,0,1,-8
03,23,10,40,-2,-80,0,0,-10
03,23,360,30,20,9,0,0,-5
03,23,360,20,12,-24,0,0,-16
03,23,40,5,30,14,0,3,-2
03,23,220,21,54,45,0,7,-13
03,23,240,5,31,19,0,1,-11
03,23,140,26,66,43,0,8,0
03,23,120,21,82,71,-1,7,0
03,23,110,31,100,58,0,3,-1
03,23,110,36,109,66,0,7,-2
03,23,130,10,90,76,0,7,-6
03,23,230,21,78,64,0,7,1
03,23,190,36,100,86,-1,8,-2
03,23,180,21,80,69,0,6,1
03,23,80,5,69,58,0,0,1
03,23,0,0,55,42,0,0,0
03,23,990,5,105,93,17,8,-6
03,23,160,10,91,82,0,6,-14
03,23,140,31,119,84,0,7,6
03,23,120,5,38,34,0,2,-3
03,23,200,41,88,68,0,8,2
03,23,260,62,114,86,0,5,-3
03,23,210,67,133,114,0,7,1
03,23,260,10,68,54,0,2,-10
03,23,280,5,11,4,0,0,-2
03,23,100,21,55,16,-1,7,-2
03,23,50,36,58,19,0,1,-9
03,23,70,82,56,12,0,8,-1
03,23,80,41,45,-15,0,0,0
03,23,50,10,65,12,0,7,-1
03,23,10,5,12,-17,0,6,-1
03,23,50,15,23,-22,0,0,-9
03,23,290,10,62,15,0,8,-2
03,23,230,15,92,65,0,8,-6
03,23,210,46,84,18,0,1,16
03,23,240,46,47,16,0,2,-3
03,23,250,31,85,77,0,8,-2
03,23,130,10,76,67,0,2,-4
03,23,230,51,93,77,10,8,-5
03,23,170,15,38,20,0,2,0
03,23,180,15,52,32,0,6,-3
03,23,290,15,72,66,0,7,-1
03,23,210,15,39,35,0,0,-10
03,23,290,26,43,33,1,7,-1
03,23,230,62,49,26,0,2,-1
03,23,270,93,92,63,0,8,0
03,23,280,46,46,16,0,4,1
03,23,270,41,39,24,0,8,16
03,23,320,36,38,-22,0,7,-3
03,23,190,31,62,27,0,8,3
03,23,130,21,65,61,0,6,-3
03,23,240,31,83,61,0,7,14
03,23,200,36,77,45,0,5,0
03,23,250,46,105,94,0,8,0
03,23,270,72,74,10,0,3,-3
03,23,260,36,33,21,0,0,-5
03,23,50,15,29,23,0,6,-4
03,23,10,51,49,24,0,7,1
03,23,200,51,43,17,-1,8,-1
03,23,990,5,42,35,0,8,-5
03,23,320,31,24,6,1,7,-5
03,23,300,15,22,3,0,4,-6
03,23,120,36,46,31,0,8,1
03,23,120,57,82,29,0,3,-3
03,23,310,10,47,41,9,8,0
03,23,50,72,16,-10,0,5,-1
03,23,60,67,0,-25,0,3,-3
03,23,40,26,-26,-57,0,0,-1
03,23,310,5,11,-16,0,7,-11
03,23,280,31,49,49,0,8,3
03,23,320,51,54,50,0,8,-3
03,23,50,15,37,25,0,7,-15
03,23,90,41,6,-19,0,1,-5
03,23,150,21,14,-17,0,0,-3
03,23,260,5,63,38,0,7,-7
03,23,170,10,43,34,0,0,9
03,23,150,10,40,19,0,0,-7
03,23,190,21,71,24,0,1,-10
03,23,350,10,114,67,0,8,-24
03,23,210,26,68,39,0,0,1
03,23,250,51,93,66,0,8,-1
03,23,240,62,88,62,0,2,-3
03,23,280,21,70,50,-1,8,-10
03,23,230,26,11,-11,0,1,-7
03,23,0,0,16,6,0,0,6
03,23,200,15,65,43,0,2,-1
03,23,270,51,97,89,0,8,-5
03,23,250,26,43,18,0,2,-16
03,23,280,26,26,11,0,0,-8
03,23,290,21,31,19,3,5,3
03,23,40,26,1,-45,0,0,-15
03,23,70,21,-18,-48,0,0,-12
03,23,70,31,-23,-56,0,0,2
03,23,100,26,-4,-58,0,0,-10
03,23,160,21,90,-20,0,7,-2
03,23,160,36,143,74,0,7,-3
03,23,230,31,56,53,-1,8,-5
03,23,220,41,30,21,0,3,-8
03,23,280,51,55,22,0,2,-1
03,23,160,31,49,14,0,3,-4
03,23,290,31,81,61,-1,8,-7
03,23,230,67,72,50,0,7,0
03,23,230,57,101,93,0,8,-2
03,23,240,57,99,78,0,7,-1
03,23,270,36,91,82,0,8,-3
03,23,200,5,15,8,0,0,-13
03,23,210,21,46,13,0,7,-7
03,23,190,51,53,12,0,5,6
03,23,260,57,63,10,0,0,-5
03,23,240,77,97,78,0,7,4
03,23,270,46,59,45,0,4,-8
03,23,250,62,22,21,10,2,18
03,23,230,46,22,7,0,1,-1
03,23,230,113,85,79,5,8,2
03,23,230,36,14,5,0,5,1
03,23,210,10,25,6,0,7,-4
03,23,350,10,-9,-25,0,0,3
03,23,230,72,81,80,1,8,7
03,23,240,123,137,109,0,7,0
03,23,230,41,80,60,0,6,7
03,23,280,36,63,46,0,7,-9
03,23,270,21,16,4,0,0,-1
03,23,120,31,48,7,0,7,3
03,23,210,77,120,96,0,8,2
03,23,240,26,74,67,0,5,0
03,23,180,62,160,101,0,6,5
03,23,180,41,102,71,2,8,-1
03,23,220,57,50,13,0,0,-3
03,23,140,67,34,22,10,8,15
03,23,250,41,23,-11,0,7,-17
03,23,160,31,7,-9,0,0,2
03,23,220,46,23,22,0,5,4
03,23,230,41,7,4,7,8,3
03,23,170,82,57,1,0,7,2
03,23,190,41,33,20,0,6,4
03,23,120,21,19,1,0,2,-4
03,23,110,46,56,-4,0,4,-5
03,23,110,10,55,20,0,1,-11
03,23,60,26,56,29,0,0,-13
03,23,60,36,31,19,0,0,-9
03,23,140,21,29,0,0,8,8
03,23,180,21,16,15,8,8,8
03,23,190,67,60,30,0,6,7
03,23,240,123,66,7,0,1,-12
03,23,240,46,67,39,0,7,-2
03,23,270,51,37,13,0,6,-11
03,23,290,51,44,23,0,5,-7
03,23,290,15,13,-11,0,2,-3
03,23,210,5,14,5,0,0,-11
03,23,200,15,54,6,0,0,-5
03,23,230,67,85,70,0,2,-7
03,23,220,72,62,25,-1,8,-6
03,23,240,93,89,65,-1,8,-2
03,23,280,31,2,-14,0,1,-5
03,23,360,31,8,8,0,8,1
03,23,330,31,21,-3,0,4,-3
03,23,200,36,46,-2,0,8,2
03,23,270,36,97,92,-1,8,0
03,23,340,21,-16,-26,0,1,-5
03,23,270,5,3,2,1,8,-1
03,23,350,5,-35,-40,0,0,-4
03,23,270,26,39,39,-1,8,1
03,23,250,21,12,11,-1,8,2
03,23,330,41,36,24,-1,8,-5
03,23,80,77,18,-9,0,0,-3
03,23,90,36,11,-25,0,0,-3
03,23,90,46,9,-25,0,0,-9
03,23,70,57,-15,-61,0,0,-9
03,23,80,67,-39,-85,0,0,-5
03,23,80,62,-35,-74,0,0,-6
03,23,80,41,-30,-63,0,0,-5
03,23,80,57,1,-33,0,1,-1
03,23,70,51,11,-11,0,1,-15
03,23,70,41,36,12,0,7,-1
03,23,290,5,43,31,0,8,0
03,23,30,10,41,23,0,8,-3
03,23,340,21,29,20,0,3,-17
03,23,80,21,55,28,0,8,5
03,23,220,26,72,69,0,7,-2
03,23,140,10,63,63,0,8,2
03,23,250,21,93,93,0,8,0
03,23,60,36,36,33,0,0,3
03,23,50,26,65,37,0,7,-5
03,23,20,62,0,-52,0,3,-11
03,23,360,10,-24,-67,0,0,-8
03,23,260,21,9,5,0,0,-2
03,23,280,21,2,-2,0,1,-3
03,23,300,21,-10,-27,0,1,-4
03,23,350,15,-5,-12,0,6,-6
03,23,200,70,121,84,0,7,-13
03,23,250,30,77,63,0,7,-7
03,23,190,30,73,26,0,8,-5
03,23,150,10,82,76,0,6,-2
03,23,220,40,55,42,0,0,3
03,23,110,10,40,36,0,0,-27
03,23,180,10,83,49,0,5,-7
03,23,60,20,67,57,0,0,-5
03,23,70,20,57,42,0,0,-12
03,23,310,10,42,32,0,0,3
03,23,80,50,46,40,0,8,-2
03,23,270,30,86,71,0,3,-2
03,23,250,50,89,51,0,8,-5
03,23,240,30,89,80,0,7,2
03,23,280,40,103,91,-1,8,-5
03,23,240,50,95,76,-1,8,0
03,23,100,30,45,36,0,3,-4
03,23,240,50,63,49,7,6,6
03,23,350,30,35,-1,0,8,-2
03,23,250,30,57,50,2,7,1
03,23,360,10,-1,-11,0,0,-15
03,23,140,20,46,-2,0,7,0
03,23,290,10,65,62,0,8,-2
03,23,0,0,58,58,0,7,0
03,23,240,10,47,47,0,6,-11
03,23,250,70,112,107,-1,8,3
03,23,250,110,126,91,0,8,-11
03,23,290,40,50,9,0,0,2
03,23,280,30,71,51,0,7,-3
03,23,260,10,39,24,0,0,3
03,23,0,0,34,25,0,0,1
03,23,190,40,26,25,-1,,11
03,23,220,60,76,72,1,,0
03,23,230,110,129,123,3,,4
03,23,220,60,54,37,0,,4
03,23,230,120,53,35,9,,-1
03,23,240,100,101,94,10,8,-2
03,23,240,60,84,63,0,7,-4
03,23,350,20,-12,-38,0,0,-7
03,23,250,20,-12,-17,0,0,12
03,23,170,50,53,-25,0,8,2
03,23,320,40,46,39,1,8,-3
03,23,220,20,-12,-15,0,3,-1
03,23,260,40,65,60,0,,-2
03,23,280,30,67,58,0,,1
03,23,270,20,81,80,1,,-1
03,23,260,30,84,48,0,,-1
03,23,240,40,91,80,0,,-3
03,23,280,20,41,37,0,,-6
03,23,270,30,33,19,0,,-10
03,23,340,40,69,66,-1,,-4
03,23,350,20,32,17,0,,1
03,23,320,40,58,46,0,,-2
03,23,50,40,1,-45,0,,-11
03,23,110,10,-8,-31,0,,8
03,23,150,30,34,-46,0,,5
03,23,190,70,71,68,-1,,1
03,23,190,30,106,103,0,,1
03,23,70,20,90,81,0,,-15
03,23,120,30,143,89,0,,-3
03,23,990,10,115,109,0,,-10
03,23,990,10,65,65,0,,-10
03,23,260,40,94,91,0,,-2
03,23,220,120,126,99,0,,-10
03,23,180,40,64,46,0,,-2
03,23,90,10,39,28,0,,-21
03,23,230,40,43,41,0,7,-1
03,23,200,50,35,27,0,8,0
03,23,180,50,33,30,4,8,1
03,23,100,40,44,38,0,8,-1
03,23,220,30,14,14,0,3,10
03,23,300,10,18,18,0,7,-11
03,23,100,40,28,12,0,6,2
03,23,130,30,94,73,0,3,-6
03,23,270,20,65,65,0,1,-17
03,23,340,10,45,39,0,3,-9
03,23,990,10,16,9,0,0,8
03,23,80,30,61,37,0,7,-2
03,23,990,10,26,19,0,2,0
03,23,330,40,59,43,0,4,-7
03,23,300,20,48,23,0,7,-9
03,23,220,30,57,51,0,8,2
03,23,190,30,52,49,0,7,-1
03,23,220,40,40,21,0,8,2
03,23,230,50,87,87,0,7,-2
03,23,70,20,37,35,0,0,-8
03,23,190,40,112,90,-1,8,0
03,23,220,50,77,70,0,8,-4
03,23,350,20,45,37,0,2,0
03,23,150,20,17,13,0,0,17
03,23,170,30,82,23,0,1,0
03,23,990,10,117,99,0,8,-4
03,23,100,20,93,67,0,0,-1
03,23,290,40,28,12,1,,-8
03,23,230,130,68,56,4,,4
03,23,240,30,26,20,0,,1
03,23,260,40,-4,-8,0,,3
03,23,220,30,26,19,0,,10
03,23,230,60,75,31,0,,-2
03,23,240,60,91,87,5,,3
03,23,260,90,120,107,2,,0
03,23,300,30,86,70,0,,-4
03,23,240,50,92,79,0,,-5
03,23,280,20,69,54,0,,-2
03,23,200,30,70,48,0,,-20
03,23,240,40,89,81,0,7,1
03,23,300,60,45,0,-1,6,-9
03,23,280,50,75,55,0,,-1
03,23,280,40,64,57,0,,-6
03,23,300,30,67,63,-1,,0
03,23,360,20,56,53,0,,-2
03,23,990,10,15,12,0,,-15
03,23,320,10,50,42,0,,-26
03,23,70,20,28,25,0,,-14
03,23,300,20,43,34,0,,-8
03,23,70,30,72,43,0,,4
03,23,180,30,72,70,0,,8
03,23,170,40,81,72,14,,-3
03,23,0,0,49,38,9,,-3
03,23,10,30,31,18,0,,-8
03,23,40,40,39,37,0,,3
03,23,20,50,62,52,0,,-1
03,23,310,10,54,50,0,,1
03,23,150,10,56,44,-1,,0
03,23,990,10,22,17,0,,-3
03,23,40,50,2,-14,0,,-4
03,23,50,40,-8,-23,0,,0
03,23,20,30,18,-6,0,,-3
03,23,80,30,-21,-35,0,,12
03,23,120,50,33,-8,0,,1
03,23,120,30,80,71,0,,-14
03,23,220,60,82,67,0,,-5
03,23,190,40,91,78,0,,1
03,23,230,60,105,93,1,,-3
03,23,200,80,137,113,-1,,1
03,23,230,110,46,35,22,,0
03,23,230,60,34,26,0,,8
03,23,990,10,-3,-9,0,,-2
03,23,210,10,78,58,0,,-2
03,23,60,70,67,25,0,,-8
03,23,50,40,37,34,0,,-1
03,23,280,50,29,23,5,,-2
03,23,230,20,-23,-40,0,,2
03,23,70,70,23,-29,0,,-4
03,23,270,30,46,41,0,,-2
03,23,150,20,49,37,0,,0
03,23,280,30,75,66,0,,-3
03,23,50,60,38,25,0,,-2
03,23,40,40,23,-7,0,,0
03,23,90,40,24,0,0,,0
03,23,120,60,29,-11,0,,1
03,23,140,40,53,34,0,,1
03,23,210,20,31,28,0,,-12
03,23,190,20,30,27,0,,-4
03,23,210,50,113,78,0,,-2
03,23,30,20,-2,-21,0,,-7
03,23,250,20,2,-8,-1,,4
03,23,220,30,54,37,0,,1
03,23,0,0,19,17,0,,13
03,23,220,30,32,20,0,,-14
03,23,230,80,100,86,0,,4
03,23,270,30,59,29,0,,-34
03,23,210,40,67,38,0,,11
03,23,270,90,60,7,0,,-2
03,23,180,50,66,14,0,,0
03,23,160,10,46,9,0,,5
03,23,360,20,80,78,0,,-1
03,23,30,30,20,4,0,,-10
03,23,80,90,29,20,0,,-4
03,23,120,40,72,58,0,,6
03,23,120,30,90,62,0,,-3
03,23,150,30,102,96,1,,-6
03,23,220,110,100,65,0,,1
03,23,200,50,87,59,0,,-4
03,23,160,20,88,84,17,,-2
03,23,260,50,92,79,0,,-5
03,23,290,20,21,3,0,,-4
03,23,20,20,31,9,0,,-8
03,23,990,10,-15,-32,0,,3
03,23,990,10,10,-16,0,,-11
03,23,360,20,22,-13,0,,-25
03,23,50,30,11,-26,0,,-6
03,23,100,20,35,-19,0,,-11
03,23,990,10,30,12,0,,-7
03,23,990,10,61,24,0,,-5
03,23,220,20,88,77,0,,0
03,23,140,50,89,77,-1,,-3
03,23,320,30,61,46,0,,-1
03,23,150,30,39,27,0,,-24
03,23,180,30,77,71,3,,3
03,23,120,30,95,65,0,,4
03,23,230,30,14,11,0,,-3
03,23,180,40,56,41,5,,-3
03,23,230,90,82,61,-1,,1
03,23,200,30,59,34,0,,14
03,23,200,40,96,72,0,,-4
03,23,240,60,89,77,0,,-5
03,23,30,30,51,26,0,,-1
03,23,60,30,10,-19,0,,4
03,23,70,40,16,-17,0,,-16
03,23,80,30,12,-4,0,,-11
03,23,990,10,-4,-20,0,,0
03,23,360,20,15,4,0,,-19
03,23,10,20,42,10,0,,-16
03,23,350,20,42,15,0,,-3
03,23,110,20,10,-9,0,,1
03,23,60,30,18,-23,0,,-7
03,23,90,20,7,-59,0,,-2
03,23,0,0,20,-37,0,,-8
03,23,990,10,92,33,0,,-2
03,23,10,10,81,50,0,,-10
03,23,350,20,54,-6,0,,-5
03,23,340,10,39,31,0,,-6
03,23,80,30,94,35,0,,-5
03,23,310,20,98,77,0,,-12
03,23,340,20,53,41,0,,-6
03,23,110,10,15,-2,0,,-8
03,23,280,30,21,-4,0,,3
03,23,250,20,-7,-24,0,,-10
03,23,80,10,-13,-24,0,,-2
03,23,90,40,37,1,0,,2
03,23,130,50,22,-3,0,,-16
03,23,230,30,4,-9,0,,1
03,23,10,30,14,-11,0,,-15
03,23,330,20,20,5,0,,3
03,23,40,40,7,-14,0,,0
03,23,50,20,6,3,0,,0
03,23,100,20,19,0,0,,-25
03,23,150,40,50,40,0,,5
03,23,180,30,58,29,0,,-2
03,23,210,80,110,54,0,,-1
03,23,210,60,116,81,0,,-5
03,23,170,20,96,82,0,,-20
03,23,200,10,71,66,0,,-10
03,23,230,70,95,60,0,,-5
03,23,250,60,89,62,0,,-7
03,23,250,120,106,66,3,,1
03,23,240,60,58,40,2,,4
03,23,240,30,46,37,7,,-11
03,23,360,20,27,19,0,,-4
03,23,350,30,17,-2,0,,-10
03,23,30,30,16,-9,0,,-7
03,23,0,0,-16,-17,0,,-3
03,23,230,20,-14,-37,0,,2
03,23,230,10,9,-4,0,,-7
03,23,40,20,43,5,0,,1
03,23,80,40,79,26,0,,-21
03,23,100,30,108,51,0,,-9
03,23,210,60,-9,-54,0,,0
03,23,60,10,-17,-18,1,,3
03,23,360,20,-46,-69,0,,-19
03,23,160,30,-20,-22,4,,0
03,23,40,60,-37,-68,0,,-4
03,23,290,20,11,6,0,,0
03,23,290,30,39,30,0,,1
03,23,330,50,54,26,0,,-5
03,23,0,0,-13,-16,0,,-8
03,23,230,30,-12,-21,0,,14
03,23,260,50,13,3,0,,3
03,23,280,60,37,21,-1,,-1
03,23,220,30,18,-4,0,,6
03,23,210,20,18,-12,0,,-2
03,23,220,70,113,68,0,,-7
03,23,250,60,149,90,0,,-21
03,23,240,60,102,81,0,,-13
03,23,260,40,111,79,0,,-2
03,23,80,40,81,77,0,,-6
03,23,70,40,46,12,0,,2
03,23,110,40,94,8,0,,2
03,23,190,30,115,114,0,,3
03,23,80,30,84,57,0,,2
03,23,260,30,106,103,11,,-1
03,23,110,10,94,90,0,,-8
03,23,70,30,79,71,-1,,-5
03,23,110,10,101,97,0,,2
03,23,320,10,88,78,0,,0
03,23,80,40,98,93,0,,-7
03,23,90,40,112,105,3,,-2
03,23,60,20,71,31,0,,-2
03,23,240,70,-5,-43,0,,-10
03,23,280,30,-3,-14,0,,-4
03,23,260,10,-50,-54,0,,25
03,23,240,30,-26,-39,0,,3
03,23,250,40,4,-7,0,,2
03,23,350,20,10,0,0,,-6
03,23,150,30,22,-28,0,,2
03,23,270,20,80,80,7,,3
03,23,230,60,73,61,1,,-1
03,23,80,10,34,28,0,,0
03,23,360,30,-40,-68,0,,-4
03,23,60,10,-56,-80,0,,4
03,23,100,40,-21,-56,0,,-12
03,23,80,40,-6,-40,0,,-13
03,23,50,40,-7,-35,0,,-2
03,23,60,50,8,-19,0,,-1
03,23,70,60,7,-22,0,,-15
03,23,60,50,-5,-17,0,,-1
03,23,70,30,37,20,0,,2
03,23,50,30,4,-29,0,,-5
03,23,30,20,0,-43,0,,-8
03,23,30,20,-17,-47,0,,1
03,23,100,40,14,-50,0,,6
03,23,150,20,85,78,2,,4
03,23,190,40,113,107,10,,5
03,23,140,30,136,133,13,,-2
03,23,200,40,101,65,0,,-1
03,23,220,70,77,29,0,,-4
03,23,170,40,80,53,-1,,0
03,23,220,70,116,102,0,,-3
03,23,200,50,100,76,0,,1
03,23,280,60,58,43,2,,4
03,23,110,30,43,7,0,,4
03,23,200,20,35,30,0,,-1
03,23,140,60,107,48,0,,-4
03,23,170,50,73,34,0,,9
03,23,190,70,80,69,3,,-1
03,23,230,30,65,61,0,,5
03,23,200,20,44,36,0,,4
03,23,250,20,11,7,0,,-1
03,23,210,30,32,22,0,,6
03,23,160,20,66,55,0,,-15
03,23,10,10,45,23,0,,-4
03,23,330,10,51,19,0,,-7
03,23,30,10,25,21,0,,-6
03,23,260,20,32,25,0,,3
03,23,240,60,81,70,0,,3
03,23,230,100,97,64,0,,-4
03,23,210,60,25,12,9,,-7
03,23,290,20,-3,-11,0,,2
03,23,320,40,29,13,0,,-5
03,23,290,30,40,18,0,,7
03,23,350,60,56,-5,0,,0
03,23,20,40,58,22,0,,-7
03,23,50,60,103,46,0,,-6
03,23,60,50,68,33,0,,-2
03,23,80,30,68,19,0,,-6
03,23,80,40,76,25,0,,-6
03,23,360,10,49,19,0,,-10
03,23,120,10,62,58,0,,-16
03,23,30,30,90,67,0,,-7
03,23,30,40,99,46,0,,-1
03,23,240,70,72,37,0,8,2
03,23,240,40,79,43,0,8,2
03,23,220,20,17,-12,0,8,13
03,23,320,20,-7,-18,0,0,-4
03,23,220,50,25,-3,0,8,6
03,23,230,40,69,58,0,8,0
03,23,210,20,10,7,0,9,3
03,23,200,70,77,17,0,8,-4
03,23,200,60,55,42,0,7,-6
03,23,170,60,48,29,1,5,9
03,23,260,110,105,53,0,8,-11
03,23,250,80,60,11,0,6,1
03,23,200,40,70,44,1,8,-8
03,23,0,0,15,2,0,2,-11
03,23,90,40,83,64,0,7,3
03,23,360,50,55,38,0,8,-4
03,23,290,30,16,-2,0,7,-2
03,23,270,20,21,3,0,7,6
03,23,270,30,24,4,-1,6,-2
03,23,250,70,66,57,33,8,-32
03,23,230,30,17,7,-1,7,-2
03,23,350,30,-11,-49,0,1,-4
03,23,280,20,10,-8,0,7,-14
03,23,260,30,-7,-13,2,8,3
03,23,230,40,2,-6,2,8,-2
03,23,90,20,28,18,0,8,0
03,23,70,10,49,42,0,8,2
03,23,230,70,76,56,-1,8,-7
03,23,150,50,77,23,0,6,1
03,23,190,40,79,70,-1,8,2
03,23,60,10,36,28,0,0,0
03,23,240,30,89,75,0,7,-7
03,23,210,20,2,-1,0,0,-1
03,23,170,60,65,6,0,8,-10
03,23,190,20,54,42,-1,8,-10
03,23,320,50,45,31,2,8,1
03,23,280,30,14,3,0,0,-3
03,23,200,60,75,49,0,8,1
03,23,250,60,34,2,0,1,-7
03,23,230,30,41,15,-1,7,7
03,23,290,30,46,31,0,8,-5
03,23,190,30,55,15,0,8,2
03,23,270,40,80,71,-1,7,-7
03,23,140,10,58,41,0,8,16
03,23,270,30,82,55,-1,8,-2
03,23,340,30,73,50,0,8,0
03,23,210,20,48,37,0,8,3
03,23,10,20,14,-13,0,0,8
03,23,0,0,13,-30,0,7,-1
03,23,30,30,33,-2,0,0,-10
03,23,360,10,-6,-39,0,0,-7
03,23,260,20,9,-31,0,0,4
03,23,260,40,84,48,-1,8,0
03,23,280,70,44,20,6,8,-14
03,23,220,30,15,0,0,7,12
03,23,260,40,58,33,0,8,-1
03,23,240,40,72,59,-1,8,-3
03,23,200,50,42,24,0,2,0
03,23,240,40,50,39,-1,8,1
03,23,280,10,24,3,0,5,-8
03,23,270,10,0,-11,0,0,3
03,23,30,30,63,37,0,0,-4
03,23,250,20,-15,-21,0,0,4
03,23,260,20,-9,-19,0,0,9
03,23,50,30,7,-11,0,0,-7
03,23,290,20,-17,-41,0,1,4
03,23,300,40,35,27,2,8,-17
03,23,40,40,-23,-56,0,0,-3
03,23,20,10,-29,-103,0,0,-6
03,23,40,30,-25,-46,0,0,-2
03,23,30,30,-12,-66,0,0,1
03,23,40,50,-15,-29,0,3,-4
03,23,260,20,23,16,-1,8,5
03,23,280,20,36,17,0,8,-4
03,23,260,40,46,13,0,8,-1
03,23,280,30,48,34,0,8,-2
03,23,290,40,59,52,19,8,-2
03,23,190,30,45,22,0,8,4
03,23,220,30,53,16,0,6,-6
03,23,200,50,113,-1,0,5,6
03,23,190,20,121,104,4,8,-1
03,23,230,60,122,105,31,8,-6
03,23,0,0,30,25,0,3,-6
03,23,250,20,74,38,0,3,-5
03,23,110,20,88,56,0,7,-5
03,23,130,30,126,65,0,8,-11
03,23,210,60,120,100,15,8,-3
03,23,210,50,85,48,0,1,-8
03,23,230,40,92,49,0,8,1
03,23,220,10,74,65,-1,7,8
03,23,120,50,112,81,0,7,3
03,23,200,50,50,29,0,0,0
03,23,210,90,45,18,-1,8,-10
03,23,40,50,15,1,0,0,-1
03,23,50,50,3,-27,0,0,-5
03,23,60,40,-4,-29,0,0,1
03,23,360,30,-9,-23,0,0,-7
03,23,20,20,16,-5,0,8,7
03,23,20,10,-18,-52,0,0,-7
03,23,120,30,12,-95,0,0,-19
03,23,200,50,57,12,0,5,-24
03,23,220,40,31,24,0,1,14
03,23,240,80,88,68,-1,8,2
03,23,180,30,51,19,0,0,-17
03,23,190,40,100,69,-1,8,-6
03,23,180,10,94,91,5,8,1
03,23,60,30,95,86,0,8,-20
03,23,60,50,85,69,0,0,-1
03,23,50,60,47,25,0,8,-2
03,23,290,40,47,41,0,8,-1
03,23,40,50,48,37,8,8,-1
03,23,360,10,-10,-20,0,0,-9
03,23,70,10,2,-21,0,0,-13
03,23,0,0,15,-17,0,0,-4
03,23,360,20,69,44,0,0,-14
03,23,20,20,64,40,0,0,-20
03,23,20,10,57,52,0,0,-2
03,23,20,20,69,13,0,7,-23
03,23,70,20,28,13,0,8,-2
03,23,340,30,27,-18,0,0,-11
03,23,0,0,1,-9,0,0,-5
03,23,90,10,36,15,0,0,-10
03,23,190,30,96,89,0,8,3
03,23,250,60,125,102,0,8,-3
03,23,60,10,77,73,0,8,1
03,23,70,30,69,63,0,8,7
03,23,220,20,80,59,0,8,-19
03,23,120,50,83,72,2,8,-2
03,23,120,30,47,9,0,8,-1
03,23,230,10,21,9,0,0,-3
03,23,290,50,51,36,-1,4,-4
03,23,240,20,8,1,0,6,13
03,23,230,30,77,52,0,8,-1
03,23,280,10,84,78,0,8,-1
03,23,270,30,63,49,0,7,-5
03,23,360,30,84,69,0,8,-6
03,23,360,20,71,42,0,8,-3
03,23,70,20,15,12,0,0,5
03,23,0,0,44,36,0,0,-8
03,23,310,30,71,61,0,0,3
03,23,180,30,79,69,0,7,5
03,23,340,20,56,34,0,8,-8
03,23,220,20,19,5,0,0,-6
03,23,250,10,52,31,0,8,-3
03,23,30,20,83,42,0,0,-9
03,23,50,30,104,72,0,0,-14
03,23,10,20,66,42,0,0,-6
03,23,10,20,91,61,0,0,-13
03,23,20,20,82,34,0,0,-9
03,23,360,10,63,39,0,0,-12
03,23,350,20,87,72,0,0,-8
03,23,330,10,71,31,0,0,-28
03,23,280,50,86,62,0,8,0
03,23,240,30,70,64,0,8,-15
03,23,310,10,16,-2,0,0,-12
03,23,10,20,24,-12,0,8,0
03,23,330,20,23,-12,0,8,-7
03,23,90,30,33,-3,0,8,-18
03,23,130,30,47,-20,0,0,-13
03,23,90,20,59,10,0,1,-9
03,23,70,40,80,19,0,8,-13
03,23,80,30,79,63,-1,8,2
03,23,70,40,77,74,7,8,-2
03,23,260,40,37,28,1,8,-1
03,23,50,60,-14,-46,0,8,-3
03,23,50,80,-28,-47,-1,8,0
03,23,10,20,-48,-90,0,0,-22
03,23,270,20,-36,-41,0,0,18
03,23,230,10,-57,-69,0,0,2
03,23,160,40,24,-16,0,8,4
03,23,150,60,58,-34,0,8,1
03,23,130,40,42,36,1,8,6
03,23,120,20,20,-3,0,1,-12
03,23,90,40,13,6,0,5,0
03,23,300,10,4,0,0,8,-2
03,23,60,30,-21,-30,0,0,2
03,23,80,110,-2,-50,0,8,0
03,23,80,90,-20,-111,0,8,-3
03,23,80,100,-10,-114,0,7,-3
03,23,70,70,-16,-84,0,4,-7
03,23,80,50,-24,-75,0,0,-3
03,23,70,50,-15,-70,0,0,-5
03,23,360,20,-9,-28,-1,7,-9
03,23,350,10,-21,-36,0,8,2
03,23,20,20,3,-17,-1,8,-6
03,23,10,20,-12,-30,0,7,-3
03,23,190,30,52,40,0,8,1
03,23,130,40,38,-3,0,8,0
03,23,110,20,29,2,0,0,-26
03,23,240,10,35,19,0,2,-9
03,23,0,0,2,-1,0,0,0
03,23,160,10,24,4,0,0,8
03,23,350,20,94,71,0,8,-17
03,23,120,30,95,27,0,0,-7
03,23,160,20,85,1,0,0,-58
03,23,360,30,66,57,0,8,5
03,23,50,30,65,49,0,0,8
03,23,40,10,34,24,0,0,-6
03,23,350,20,35,16,0,0,0
03,23,260,60,92,40,0,2,-4
03,23,260,60,101,53,0,8,8
03,23,230,30,80,56,0,8,12
03,23,210,20,54,28,0,8,14
03,23,260,70,95,72,2,8,4
03,23,220,50,91,70,0,0,-5
03,23,240,20,115,53,0,8,9
03,23,170,30,40,20,0,1,4
03,23,190,40,35,12,0,1,8
03,23,240,20,7,3,0,1,-8
03,23,60,10,4,-2,0,0,-13
03,23,10,30,35,11,0,0,-14
03,23,60,20,17,-3,0,3,31
03,23,70,50,83,25,0,7,-5
03,23,80,30,65,40,0,0,-16
03,23,80,10,82,33,0,0,-10
03,23,60,20,109,52,0,2,-7
03,23,40,20,131,55,0,7,-14
03,23,280,60,70,51,10,8,-3
03,23,230,50,16,-12,0,0,1
03,23,240,40,29,5,0,0,-11
03,23,290,20,40,26,0,0,-8
03,23,230,30,25,9,0,8,7
03,23,190,30,37,13,0,0,-5
03,23,180,30,61,2,0,0,-8
03,23,260,30,86,69,0,8,-1
03,23,220,30,68,58,0,8,6
03,23,350,10,9,5,0,0,-13
03,23,50,10,-9,-17,0,0,8
03,23,90,30,34,10,0,0,-16
03,23,50,40,31,-14,0,0,-9
03,23,60,30,38,25,0,8,6
03,23,60,50,53,29,0,8,-3
03,23,80,10,16,13,0,0,-9
03,23,10,10,58,38,0,3,-11
03,23,320,30,60,47,0,8,-3
03,23,0,0,3,3,0,8,-11
03,23,230,30,37,32,0,7,6
03,23,10,40,55,36,0,8,0
03,23,360,10,-23,-27,0,0,4
03,23,230,10,16,10,0,1,-10
03,23,360,10,56,46,6,8,-1
03,23,280,20,54,41,0,7,-1
03,23,240,40,55,41,0,4,8
03,23,230,20,9,1,0,0,5
03,23,230,80,113,100,1,8,-2
03,23,260,60,77,39,0,8,-20
03,23,180,50,52,46,19,8,8
03,23,280,60,59,-9,0,3,-4
03,23,210,70,67,60,0,8,3
03,23,230,60,24,16,7,8,10
03,23,180,20,-9,-24,0,8,13
03,23,270,10,-23,-24,0,8,-9
03,23,990,10,-21,-24,0,0,-7
03,23,240,20,16,9,0,7,-4
03,23,220,20,-18,-24,0,0,2
03,23,180,50,27,9,0,8,-5
03,23,90,30,18,-27,0,8,-6
03,23,50,30,28,-3,0,5,-14
03,23,360,20,4,-8,0,0,-15
03,23,60,30,-10,-31,0,0,9
03,23,70,40,5,-13,0,0,2
03,23,30,20,32,-3,0,8,-7
03,23,40,40,43,27,0,0,-9
03,23,50,40,24,-21,0,0,-7
03,23,350,20,32,10,0,0,-4
03,23,280,10,51,30,0,8,2
03,23,350,20,57,16,0,8,0
03,23,300,20,63,51,0,8,-1
03,23,270,20,45,34,0,5,3
03,23,330,30,71,54,0,8,-2
03,23,330,10,64,47,0,8,-2
03,23,230,50,72,52,0,8,0
03,23,990,10,19,16,0,7,-1
03,23,150,40,104,55,0,8,-1
03,23,180,50,83,44,0,1,0
03,23,220,40,65,39,1,7,-2
03,23,180,50,88,49,-1,8,1
03,23,180,10,64,38,0,8,-4
03,23,30,40,70,28,0,8,-9
03,23,210,20,60,56,2,,5
03,23,210,30,32,5,0,8,2
03,23,140,40,86,45,0,8,1
03,23,260,30,65,54,10,8,-2
03,23,190,30,44,35,0,2,4
03,23,240,20,44,32,0,8,10
03,23,200,20,13,10,0,1,-3
03,23,240,20,29,27,0,0,2
03,23,330,30,67,31,0,8,-3
03,23,110,20,45,7,0,8,2
03,23,100,40,65,17,0,8,1
03,23,70,30,45,8,0,8,-4
03,23,280,20,54,40,0,8,-22
03,23,230,40,69,63,0,5,-2
03,23,0,0,30,16,0,0,-7
03,23,240,20,80,52,0,3,7
03,23,220,90,65,46,5,8,-1
03,23,240,30,97,93,2,8,-1
03,23,220,70,99,91,1,8,1
03,23,220,90,100,81,1,8,-3
03,23,190,30,32,-21,0,8,-9
03,23,40,10,27,16,0,8,-2
03,23,60,60,63,38,0,0,-4
03,23,40,30,69,11,0,7,-8
03,23,40,40,68,19,0,0,-6
03,23,60,30,45,22,0,8,-4
03,23,0,0,49,7,0,0,-7
03,23,240,40,94,68,0,0,-18
03,23,200,20,109,82,0,8,0
03,23,150,30,142,79,0,8,-2
03,23,330,10,99,96,0,7,-9
03,23,80,100,-46,-136,0,8,-4
03,23,100,50,-26,-44,-1,8,-5
03,23,100,30,-16,-36,0,8,9
03,23,220,70,60,41,0,8,-1
03,23,80,20,34,5,0,8,-10
03,23,70,10,-7,-10,0,9,-7
03,23,240,50,47,37,2,7,-3
03,23,230,60,33,5,0,0,-8
03,23,140,30,76,71,4,8,3
03,23,140,10,81,78,0,1,3
03,23,150,30,94,72,0,7,-8
03,23,200,50,88,80,9,8,2
03,23,260,20,50,40,0,8,-3
03,23,90,50,41,11,0,8,-3
03,23,110,30,69,55,-1,8,-2
03,23,70,80,3,-25,0,8,-3
03,23,80,100,-17,-89,0,8,-2
03,23,60,60,-18,-115,0,8,-7
03,23,340,20,-31,-93,0,0,-1
03,23,340,20,-6,-17,0,0,6
03,23,220,40,25,1,0,8,10
03,23,240,40,60,55,-1,8,-1
03,23,160,30,55,31,0,8,-8
03,23,50,20,35,3,0,0,-9
03,23,350,20,41,22,0,0,-6
03,23,240,20,18,10,0,0,-6
03,23,200,10,65,64,0,9,2
03,23,260,50,39,28,11,8,-3
03,23,110,30,61,23,0,8,-4
03,23,180,30,67,53,0,7,-7
03,23,170,10,51,46,-1,7,-19
03,23,230,30,53,38,0,8,-16
03,23,210,60,93,64,0,8,3
03,23,200,90,128,82,0,8,-2
03,23,230,90,71,38,0,8,-13
03,23,180,40,74,43,-1,8,0
03,23,170,40,110,82,0,8,0
03,23,230,100,70,56,9,8,2
03,23,200,50,70,52,1,8,2
03,23,230,50,62,31,0,8,2
03,23,250,60,45,11,2,8,-4
03,23,220,30,1,-10,0,7,13
03,23,240,90,50,32,0,8,-2
03,23,240,50,63,50,14,8,3
03,23,250,40,73,35,0,7,3
03,23,250,40,87,79,0,8,3
03,23,210,100,114,66,0,8,-1
03,23,230,60,29,11,0,1,-1
03,23,260,20,5,-4,0,0,-5
03,23,210,10,46,23,0,5,-8
03,23,210,10,92,86,0,8,-2
03,23,30,20,66,63,0,8,-17
03,23,300,30,61,60,0,9,8
03,23,30,20,58,33,0,8,-9
03,23,230,40,12,-4,0,0,14
03,23,290,10,51,27,0,7,-2
03,23,280,10,67,45,0,8,-4
03,23,270,20,87,47,0,8,-2
03,23,20,10,33,30,0,0,-3
03,23,0,0,60,46,0,0,-5
03,23,10,20,97,68,0,2,-21
03,23,50,50,40,-14,0,0,-5
03,23,220,40,31,9,0,4,14
03,23,280,30,50,31,0,8,-12
03,23,190,30,25,17,0,0,-3
03,23,170,20,52,31,0,8,0
03,23,40,50,56,48,3,8,-2
03,23,310,20,55,18,0,8,-7
03,23,200,60,83,42,0,8,-6
03,23,220,70,77,61,0,8,-4
03,23,210,70,76,38,0,8,-8
03,23,250,70,121,110,4,8,-6
03,23,220,110,126,108,1,8,6
03,23,230,80,60,23,0,1,-2
03,23,180,10,29,26,0,3,-6
03,23,180,50,77,50,1,8,1
03,23,170,20,82,65,0,8,0
03,23,270,30,80,47,0,8,-13
03,23,210,30,52,9,0,4,-6
03,23,240,10,100,63,0,6,-27
03,23,30,30,83,66,0,8,-3
03,23,40,50,53,31,0,8,-2
03,23,70,60,19,-34,0,0,-8
03,23,90,40,22,-60,0,0,-15
03,23,110,30,28,-92,0,0,-4
03,23,80,10,-6,-68,0,1,1
03,23,60,50,46,-54,0,8,-17
03,23,40,40,51,-30,0,0,-5
03,23,30,30,86,13,0,0,-6
03,23,350,40,38,-23,0,1,-9
03,23,360,30,-8,-80,0,0,0
03,23,360,10,22,16,0,0,-7
03,23,350,20,15,-26,0,0,-8
