03,21,40,41,44,23,0,5,-12
03,21,200,46,63,51,0,6,3
03,21,180,26,53,18,0,1,-11
03,21,110,41,73,51,0,7,5
03,21,90,36,94,85,0,7,0
03,21,110,51,119,68,0,3,-12
03,21,100,67,127,76,0,7,0
03,21,190,15,116,81,0,8,-2
03,21,230,41,102,62,0,7,-3
03,21,230,67,114,79,-1,8,-13
03,21,170,21,75,64,0,0,4
03,21,90,31,105,79,0,1,-14
03,21,120,21,109,57,0,0,-17
03,21,230,46,132,107,0,7,-5
03,21,150,26,98,90,0,8,-1
03,21,130,51,107,72,0,4,23
03,21,140,31,67,52,0,3,3
03,21,190,41,90,76,0,7,1
03,21,250,87,120,106,0,7,-2
03,21,210,72,134,125,0,8,3
03,21,210,26,64,61,16,8,1
03,21,990,10,58,55,0,6,-1
03,21,20,46,73,43,0,7,-6
03,21,30,51,68,53,0,7,-6
03,21,50,93,51,19,0,8,-1
03,21,90,51,54,-2,0,4,-21
03,21,60,36,56,12,0,0,-10
03,21,50,36,45,-17,0,1,-4
03,21,50,36,38,-12,0,0,-13
03,21,190,21,42,-16,0,2,-8
03,21,230,26,93,64,0,8,-10
03,21,200,57,95,12,0,0,-10
03,21,230,62,49,12,0,2,-3
03,21,230,62,81,67,0,8,-1
03,21,80,26,79,73,0,0,-1
03,21,230,82,110,69,-1,8,-16
03,21,180,31,46,28,0,0,-2
03,21,200,31,82,33,0,8,2
03,21,290,21,86,67,0,8,-3
03,21,110,21,61,47,0,0,-13
03,21,230,103,78,59,2,8,-28
03,21,220,57,44,28,0,2,3
03,21,240,113,85,84,19,8,4
03,21,280,82,45,39,8,8,0
03,21,250,62,50,32,0,7,3
03,21,270,26,20,16,0,6,-1
03,21,170,31,42,17,0,5,5
03,21,330,21,93,73,0,7,-6
03,21,210,31,90,63,0,2,6
03,21,210,36,70,48,0,3,-8
03,21,250,57,93,93,-1,8,2
03,21,250,82,78,21,-1,7,-9
03,21,270,36,39,35,0,1,-6
03,21,280,21,31,31,0,6,-3
03,21,20,77,47,34,0,7,2
03,21,210,36,35,17,0,8,2
03,21,120,15,38,37,2,8,-3
03,21,300,51,39,23,0,7,-8
03,21,290,36,27,6,0,5,-2
03,21,160,51,55,35,0,8,-1
03,21,130,77,91,31,0,5,0
03,21,210,10,52,51,2,8,-1
03,21,40,57,5,-11,0,7,3
03,21,50,62,9,-18,0,7,-5
03,21,40,41,-28,-48,0,0,-2
03,21,300,21,0,-14,0,7,-5
03,21,240,62,17,17,3,8,1
03,21,320,26,55,51,0,8,-3
03,21,50,21,48,41,0,7,-2
03,21,100,67,24,-25,0,0,-4
03,21,160,31,26,-3,0,0,9
03,21,220,10,80,53,0,7,-1
03,21,160,10,68,48,0,3,0
03,21,150,21,78,38,0,0,-9
03,21,140,41,70,31,0,0,-9
03,21,170,21,106,43,0,4,-1
03,21,200,31,97,51,0,0,-20
03,21,250,62,99,85,0,8,-2
03,21,240,67,100,76,0,6,-3
03,21,240,67,98,67,0,8,-1
03,21,360,21,52,-28,0,0,-7
03,21,210,15,75,-14,0,0,-4
03,21,200,31,91,64,0,7,17
03,21,230,82,114,91,0,8,-3
03,21,250,36,63,-9,0,7,-9
03,21,280,26,33,-13,0,0,-6
03,21,330,51,40,10,0,7,-16
03,21,20,36,29,-60,0,0,-7
03,21,90,41,6,-67,0,6,-4
03,21,80,46,10,-57,0,0,-7
03,21,90,36,30,-75,0,0,-14
03,21,160,26,91,15,0,7,14
03,21,170,51,146,51,0,6,4
03,21,260,62,42,33,2,7,3
03,21,230,41,50,35,0,3,-2
03,21,280,46,59,34,0,3,-5
03,21,160,36,52,10,0,7,-12
03,21,230,51,106,44,-1,8,-21
03,21,220,46,62,49,-1,8,8
03,21,240,77,93,84,0,8,0
03,21,220,72,118,104,0,7,0
03,21,270,41,91,67,0,7,0
03,21,990,10,48,-10,0,2,1
03,21,220,26,76,35,0,7,1
03,21,220,57,62,15,0,4,2
03,21,280,93,75,6,0,4,-6
03,21,240,98,99,72,0,8,-1
03,21,270,46,67,62,0,7,-15
03,21,250,82,57,25,1,6,-18
03,21,230,62,32,-15,0,1,-6
03,21,230,98,78,72,7,8,2
03,21,250,36,39,-9,0,7,-5
03,21,190,10,25,-4,0,7,7
03,21,40,31,35,-1,0,0,-7
03,21,220,67,80,68,1,8,0
03,21,220,134,123,107,-1,8,4
03,21,240,62,89,62,0,3,-5
03,21,310,77,71,66,9,7,-9
03,21,330,41,29,7,0,1,-1
03,21,120,26,43,12,0,7,0
03,21,200,67,117,87,0,8,3
03,21,230,62,112,92,0,6,-1
03,21,170,57,160,97,0,3,2
03,21,190,87,117,41,0,8,-4
03,21,220,62,56,17,0,0,-9
03,21,180,72,48,5,0,8,-3
03,21,210,51,8,-22,0,1,-1
03,21,170,26,-1,-30,0,1,-1
03,21,220,57,32,25,0,8,6
03,21,240,62,23,9,1,7,-1
03,21,180,103,54,-9,0,6,-1
03,21,190,46,27,12,0,6,9
03,21,170,31,30,3,0,1,-14
03,21,90,26,51,-8,0,5,0
03,21,180,26,83,21,0,3,-14
03,21,60,21,87,45,0,2,-5
03,21,90,36,51,6,0,0,4
03,21,170,31,42,13,0,7,14
03,21,210,57,24,19,1,7,-9
03,21,200,62,46,23,0,6,8
03,21,250,98,67,31,5,5,4
03,21,230,57,76,44,0,8,-5
03,21,310,21,34,-4,0,4,-4
03,21,280,51,40,-1,0,7,-2
03,21,340,46,45,-11,0,4,-18
03,21,200,15,39,-10,0,0,-5
03,21,200,36,54,-1,0,0,14
03,21,230,51,93,66,0,6,-8
03,21,200,41,50,15,0,5,11
03,21,230,87,79,60,0,8,2
03,21,320,51,11,-44,0,1,-7
03,21,210,67,3,2,29,8,14
03,21,340,62,26,-22,0,1,-10
03,21,190,31,23,-14,0,3,0
03,21,220,36,70,70,1,8,9
03,21,20,67,15,-14,0,5,-8
03,21,300,21,14,-19,0,7,-2
03,21,340,26,5,-34,0,2,-7
03,21,250,31,23,23,4,8,3
03,21,330,31,14,-1,0,8,-4
03,21,300,21,37,30,0,8,-2
03,21,80,72,26,-12,0,2,-4
03,21,100,41,33,-22,0,0,-9
03,21,100,51,29,-28,0,0,-6
03,21,50,46,16,-56,0,0,-16
03,21,70,62,-23,-68,0,0,-3
03,21,70,57,-26,-71,0,0,0
03,21,90,77,-8,-60,0,3,-4
03,21,80,36,33,-40,0,6,-8
03,21,60,41,32,-18,0,6,-8
03,21,220,21,53,16,0,7,-9
03,21,260,15,46,29,0,7,-1
03,21,330,15,51,36,0,8,-1
03,21,40,21,60,36,0,7,-9
03,21,100,21,77,36,0,6,11
03,21,250,36,85,66,0,7,-9
03,21,220,31,82,69,-1,8,-12
03,21,200,21,105,95,0,8,6
03,21,50,36,53,47,0,5,-5
03,21,110,26,96,52,0,7,-7
03,21,30,62,21,-5,0,8,6
03,21,40,26,16,-97,0,0,-10
03,21,230,57,23,15,8,8,2
03,21,280,26,18,13,0,7,-3
03,21,300,31,8,-38,0,1,-7
03,21,990,15,13,4,-1,7,-4
03,21,210,50,112,88,0,7,3
03,21,250,30,90,80,3,8,-3
03,21,90,20,68,54,7,8,-3
03,21,200,40,116,98,0,7,-1
03,21,230,40,68,47,0,6,-4
03,21,100,20,79,74,0,8,-13
03,21,170,20,75,50,0,2,9
03,21,40,30,94,66,0,0,-5
03,21,110,50,107,28,0,0,-20
03,21,330,30,107,46,0,0,-20
03,21,50,40,51,46,0,0,-6
03,21,230,40,119,70,0,0,-7
03,21,250,70,98,71,0,7,-4
03,21,230,30,92,83,0,6,0
03,21,240,40,108,99,0,8,-1
03,21,260,40,98,79,0,8,-3
03,21,0,0,91,65,0,4,-17
03,21,240,50,67,53,3,7,2
03,21,340,50,45,26,-1,7,-4
03,21,250,30,57,47,-1,8,-2
03,21,310,20,32,0,0,0,-7
03,21,100,30,45,0,0,2,-5
03,21,260,20,68,64,0,8,-2
03,21,300,10,69,47,0,7,-3
03,21,200,20,56,50,0,5,10
03,21,230,100,122,71,0,8,-16
03,21,230,100,118,77,0,7,3
03,21,270,30,48,3,0,1,-7
03,21,290,30,65,32,0,7,-5
03,21,330,30,78,32,0,5,-9
03,21,240,10,95,53,0,0,-16
03,21,220,50,29,27,10,8,1
03,21,210,70,76,62,4,8,0
03,21,220,120,126,113,9,8,5
03,21,250,40,72,54,0,7,1
03,21,220,60,62,22,0,8,3
03,21,230,110,97,93,15,8,3
03,21,230,90,94,61,-1,7,-6
03,21,30,80,10,-33,0,0,-9
03,21,290,10,24,-20,0,0,0
03,21,180,60,52,-47,0,8,2
03,21,300,10,35,32,2,8,-2
03,21,290,20,20,-11,0,4,-1
03,21,260,30,50,50,1,8,1
03,21,300,40,68,60,-1,7,-2
03,21,310,40,88,75,0,8,-3
03,21,300,20,86,46,0,8,-3
03,21,240,20,91,74,0,8,-2
03,21,290,30,70,43,0,6,-8
03,21,320,20,43,-1,0,1,-6
03,21,320,50,70,70,-1,8,0
03,21,60,20,44,-13,0,3,0
03,21,340,30,58,49,-1,8,-4
03,21,60,40,10,-40,0,0,-6
03,21,120,20,18,-31,0,2,3
03,21,170,30,41,-58,0,3,1
03,21,200,70,68,35,-1,8,-3
03,21,220,40,107,96,0,8,-3
03,21,130,20,118,89,0,6,-12
03,21,140,30,156,90,0,6,-16
03,21,230,20,150,126,0,7,-8
03,21,100,20,128,103,0,0,-10
03,21,240,80,104,96,0,8,-1
03,21,210,100,123,100,0,7,0
03,21,200,60,72,53,0,7,1
03,21,170,40,56,32,0,7,4
03,21,240,40,37,34,-1,8,3
03,21,220,60,34,12,0,7,-2
03,21,200,60,28,21,1,8,2
03,21,140,40,42,22,0,8,-3
03,21,200,30,29,16,0,4,2
03,21,330,20,23,16,0,1,-4
03,21,90,40,52,9,0,5,-5
03,21,140,30,99,69,0,6,-7
03,21,990,10,102,75,0,2,0
03,21,350,30,99,71,0,7,-9
03,21,50,30,60,30,0,5,-3
03,21,40,30,81,29,0,7,-6
03,21,30,20,76,22,0,7,-17
03,21,320,70,63,62,5,7,-2
03,21,300,40,58,15,0,7,-3
03,21,240,50,76,31,0,8,-9
03,21,210,60,49,40,-1,7,-1
03,21,270,30,42,10,0,7,1
03,21,230,50,90,86,0,7,-1
03,21,90,30,70,56,0,2,-4
03,21,190,60,111,86,0,8,3
03,21,260,60,83,69,0,8,-7
03,21,350,60,84,38,0,6,-4
03,21,110,20,60,16,0,0,-13
03,21,180,20,86,20,0,1,-9
03,21,160,10,109,78,0,5,-1
03,21,120,30,105,61,0,1,16
03,21,270,40,33,22,1,5,-4
03,21,220,130,62,27,1,8,-2
03,21,210,50,26,21,0,7,2
03,21,270,30,4,3,0,6,-2
03,21,230,40,51,20,-1,7,-10
03,21,240,80,76,12,0,7,-1
03,21,230,70,82,63,7,8,-2
03,21,240,90,110,101,1,8,1
03,21,300,50,96,73,0,8,-4
03,21,240,80,92,65,0,8,-7
03,21,290,20,62,38,0,7,1
03,21,180,20,58,31,0,7,10
03,21,250,30,89,85,0,8,0
03,21,280,30,49,25,0,5,-1
03,21,250,50,57,4,-1,8,-2
03,21,270,30,77,63,0,7,-3
03,21,340,50,72,50,0,8,-1
03,21,300,30,43,35,-1,8,-1
03,21,60,20,26,13,0,5,-5
03,21,100,10,45,14,0,4,-5
03,21,50,30,66,43,0,2,-7
03,21,220,20,96,17,0,3,-15
03,21,120,30,100,45,0,7,-7
03,21,210,40,94,88,0,8,-10
03,21,180,40,72,61,5,8,0
03,21,130,20,44,39,0,7,-3
03,21,30,50,58,49,7,8,2
03,21,40,50,25,21,1,8,-2
03,21,30,50,61,52,0,8,-1
03,21,290,20,56,52,0,8,-2
03,21,150,10,42,35,0,8,-11
03,21,220,40,19,7,0,7,1
03,21,50,40,4,-8,0,6,-5
03,21,60,50,2,-26,0,8,-5
03,21,350,40,21,15,0,8,-1
03,21,120,20,5,-28,0,2,2
03,21,100,40,41,5,0,4,-3
03,21,160,30,91,80,0,8,2
03,21,230,70,99,72,0,8,-4
03,21,200,40,95,80,0,7,0
03,21,230,70,110,92,0,8,2
03,21,200,80,131,118,2,7,-1
03,21,190,50,65,32,0,3,-2
03,21,260,40,39,27,0,1,-2
03,21,210,40,60,47,-1,8,-1
03,21,180,20,81,76,5,8,1
03,21,60,50,80,64,0,8,-2
03,21,60,10,59,54,0,8,1
03,21,230,80,86,73,7,8,-37
03,21,350,40,15,-23,0,1,-11
03,21,80,60,35,-33,0,8,0
03,21,230,50,91,77,0,5,-13
03,21,230,10,61,46,0,8,1
03,21,250,30,100,82,0,7,2
03,21,40,50,63,54,6,8,-4
03,21,20,50,22,2,0,8,-1
03,21,70,30,12,-9,0,7,9
03,21,100,50,38,6,0,7,-5
03,21,180,60,61,36,0,2,3
03,21,190,20,44,35,0,3,-11
03,21,200,30,62,49,0,7,-10
03,21,200,30,93,66,0,2,-5
03,21,30,40,26,-7,0,5,-9
03,21,260,30,14,-30,0,0,4
03,21,230,30,48,16,0,8,-17
03,21,130,20,55,24,0,0,-14
03,21,260,20,70,28,0,7,-5
03,21,230,100,82,73,2,8,3
03,21,280,20,75,16,0,3,-10
03,21,190,30,63,26,0,6,2
03,21,250,100,77,15,0,6,-4
03,21,200,60,77,-7,0,5,1
03,21,180,20,83,19,0,6,6
03,21,20,20,91,84,2,8,-2
03,21,50,50,34,27,17,8,0
03,21,90,110,23,11,0,8,3
03,21,160,30,96,69,-1,8,1
03,21,130,30,109,75,0,7,1
03,21,200,20,111,75,0,7,-20
03,21,220,70,101,73,0,3,9
03,21,200,50,83,60,-1,8,-8
03,21,210,20,87,79,12,8,0
03,21,250,40,101,83,0,7,1
03,21,350,50,57,8,0,5,-5
03,21,360,40,55,-6,0,4,7
03,21,80,30,35,-21,0,2,-7
03,21,70,10,41,-21,0,3,-17
03,21,50,20,36,-27,0,2,-5
03,21,40,30,41,-23,0,0,-8
03,21,120,30,73,-31,0,0,-3
03,21,160,20,88,9,0,0,-9
03,21,180,20,94,24,0,8,-10
03,21,140,20,101,73,-1,8,-4
03,21,130,50,85,77,34,8,-1
03,21,310,60,57,51,17,8,-1
03,21,150,20,31,17,0,5,-3
03,21,200,70,81,62,-1,8,2
03,21,130,40,99,59,0,8,-4
03,21,220,20,38,22,0,0,-11
03,21,190,70,73,38,-1,7,3
03,21,220,90,85,49,-1,8,-1
03,21,210,60,104,47,0,3,-3
03,21,210,50,98,71,0,8,2
03,21,280,60,93,86,20,8,-4
03,21,350,40,60,38,0,8,-1
03,21,40,30,33,-13,0,0,-7
03,21,70,40,45,2,0,0,-6
03,21,80,40,48,9,0,0,2
03,21,70,20,55,-1,0,0,-5
03,21,50,30,39,10,0,8,-1
03,21,40,40,63,19,0,0,-7
03,21,330,20,58,24,0,0,-12
03,21,120,10,33,7,0,0,-9
03,21,80,30,45,-11,0,0,-1
03,21,120,40,58,-60,0,0,-4
03,21,140,20,99,-34,0,0,-19
03,21,260,10,146,63,0,8,-3
03,21,50,20,96,66,0,3,-5
03,21,20,20,114,54,0,1,-20
03,21,50,20,113,14,0,0,-6
03,21,200,30,152,73,0,8,-6
03,21,200,20,121,107,-1,8,5
03,21,350,60,89,41,0,1,-12
03,21,70,20,75,12,0,1,-7
03,21,300,20,12,-37,0,8,-2
03,21,270,30,10,-17,0,2,-6
03,21,170,20,12,-22,0,7,3
03,21,160,20,61,-10,0,7,-9
03,21,70,30,13,6,4,8,0
03,21,240,30,21,14,0,5,2
03,21,240,10,38,26,0,8,-3
03,21,340,40,19,0,0,2,-2
03,21,50,40,7,-17,0,8,-7
03,21,50,30,5,-2,-1,8,-1
03,21,110,30,-2,-21,0,4,-3
03,21,170,40,61,45,-1,8,5
03,21,200,30,58,24,0,7,11
03,21,210,90,105,43,-1,8,-1
03,21,210,70,112,72,0,6,0
03,21,170,20,105,73,0,4,-13
03,21,360,30,131,85,0,3,-16
03,21,250,60,115,68,0,7,-6
03,21,220,120,106,95,1,8,-9
03,21,230,150,133,94,-1,8,-3
03,21,230,90,78,34,0,8,-3
03,21,220,20,54,25,0,8,-7
03,21,10,20,42,11,0,5,3
03,21,350,50,51,25,0,8,1
03,21,40,30,37,-3,0,8,-15
03,21,350,10,23,9,-1,8,1
03,21,140,20,31,-36,0,3,-8
03,21,160,10,54,-26,0,0,-9
03,21,60,30,68,14,0,0,-2
03,21,100,40,108,-1,0,0,-10
03,21,170,20,134,47,0,8,-7
03,21,200,60,-16,-104,0,8,-2
03,21,230,40,6,-72,0,7,-15
03,21,20,50,-12,-31,0,8,-1
03,21,180,40,-24,-32,2,8,2
03,21,40,40,-9,-20,-1,7,-6
03,21,330,30,1,-3,3,8,3
03,21,300,30,30,19,-1,8,-1
03,21,280,50,36,27,2,8,1
03,21,330,30,31,15,0,5,-11
03,21,230,20,27,-8,0,7,-6
03,21,250,90,55,28,2,8,-46
03,21,270,50,28,11,2,8,0
03,21,230,40,38,-7,0,8,-10
03,21,230,30,57,6,0,7,-22
03,21,210,50,86,37,0,8,12
03,21,200,70,159,69,0,5,7
03,21,230,70,106,79,0,6,-6
03,21,260,30,123,84,0,8,-4
03,21,30,20,103,96,0,8,1
03,21,80,40,84,40,0,8,-4
03,21,90,40,100,-3,0,4,-9
03,21,200,40,116,105,0,8,1
03,21,80,30,118,68,0,1,-10
03,21,270,40,108,101,2,8,-2
03,21,100,20,108,88,0,8,-5
03,21,80,20,107,82,0,0,0
03,21,160,20,117,105,0,8,-3
03,21,320,10,93,82,0,4,-16
03,21,120,20,119,93,0,8,-1
03,21,0,0,102,95,3,8,-1
03,21,120,10,100,77,0,1,-7
03,21,220,60,-10,-52,0,3,-4
03,21,200,50,-8,-27,0,8,-2
03,21,280,10,-9,-23,0,2,-11
03,21,270,20,-2,-32,0,1,-14
03,21,230,40,5,-6,1,8,2
03,21,250,40,1,-11,0,7,1
03,21,170,40,22,-41,0,8,1
03,21,230,70,92,81,1,8,1
03,21,220,80,77,53,-1,8,-1
03,21,220,20,33,26,6,8,3
03,21,350,50,-32,-71,0,0,-4
03,21,60,20,-36,-73,0,0,-8
03,21,110,40,-6,-63,0,0,-6
03,21,100,30,15,-39,0,8,3
03,21,40,40,2,-28,0,0,-2
03,21,50,40,5,-29,0,6,-5
03,21,50,50,13,-25,0,8,-1
03,21,50,40,-2,-17,0,0,-3
03,21,40,40,-4,-17,0,0,1
03,21,80,20,33,8,0,8,-1
03,21,20,50,25,-46,0,7,-11
03,21,50,40,3,-52,0,0,-4
03,21,100,60,49,-59,0,0,-11
03,21,180,40,107,80,0,8,-6
03,21,200,60,116,95,-1,8,-3
03,21,190,50,147,124,-1,8,-2
03,21,240,40,118,67,-1,7,-12
03,21,220,70,76,45,0,3,-1
03,21,190,50,94,51,0,8,-1
03,21,240,90,108,101,78,8,0
03,21,220,50,104,79,0,8,0
03,21,230,70,72,28,0,8,-2
03,21,150,30,63,9,0,8,4
03,21,210,40,38,24,0,2,28
03,21,140,50,116,22,0,8,-7
03,21,190,60,80,26,0,2,3
03,21,200,100,81,58,-1,8,-3
03,21,270,20,66,36,0,4,-4
03,21,200,30,59,30,0,0,3
03,21,270,20,42,31,0,0,-5
03,21,240,30,85,37,0,8,0
03,21,90,30,91,50,0,0,-33
03,21,160,30,97,31,0,0,-10
03,21,350,40,83,45,0,0,-10
03,21,10,10,62,19,0,0,-8
03,21,310,20,77,21,0,0,-6
03,21,220,60,82,59,0,7,-2
03,21,240,80,105,65,0,8,-6
03,21,230,80,33,-2,0,4,-5
03,21,320,20,18,0,0,0,-6
03,21,340,60,41,11,0,8,-4
03,21,340,40,24,2,0,8,-2
03,21,340,60,56,-2,0,8,-5
03,21,30,30,40,14,0,8,3
03,21,40,40,81,57,0,8,0
03,21,50,40,51,17,0,0,22
03,21,90,40,108,29,0,0,-7
03,21,100,40,100,5,0,0,-8
03,21,170,20,92,25,0,1,-13
03,21,170,10,67,50,0,0,-8
03,21,50,30,79,56,0,8,-9
03,21,60,60,123,46,0,8,-4
03,21,240,60,78,42,0,8,-8
03,21,250,30,96,59,0,8,-5
03,21,220,40,41,-6,0,8,-9
03,21,330,60,8,-2,-1,8,-3
03,21,210,40,-5,-30,0,6,4
03,21,220,50,69,46,0,8,-1
03,21,230,30,67,37,0,8,-6
03,21,200,80,69,19,0,8,5
03,21,210,70,60,46,0,1,-3
03,21,190,120,76,34,0,8,-3
03,21,240,100,112,100,24,8,5
03,21,240,70,58,5,0,0,-1
03,21,230,60,79,49,0,8,-10
03,21,180,10,51,-4,0,8,-8
03,21,110,40,103,71,0,8,-3
03,21,340,60,67,64,2,8,-6
03,21,320,40,37,-3,0,8,-4
03,21,280,20,27,0,0,8,-4
03,21,300,20,23,-2,0,7,6
03,21,230,120,43,33,15,8,-5
03,21,240,40,22,15,0,8,-3
03,21,10,70,8,-19,0,8,-10
03,21,180,40,12,-46,0,8,-1
03,21,240,30,-3,-7,0,7,4
03,21,230,40,-1,-30,0,1,0
03,21,120,20,35,35,-1,8,2
03,21,220,30,55,52,-1,8,-1
03,21,210,90,73,59,2,8,4
03,21,150,30,90,24,0,6,-8
03,21,190,50,83,78,12,8,0
03,21,120,10,85,33,0,4,-11
03,21,210,60,98,72,-1,8,-5
03,21,250,10,44,16,0,0,-10
03,21,180,60,61,-1,0,1,-1
03,21,180,30,52,41,1,8,-2
03,21,330,50,39,22,2,8,-1
03,21,280,20,24,-1,0,1,-4
03,21,210,70,74,37,0,8,0
03,21,240,90,60,7,0,6,-11
03,21,230,60,53,16,0,7,-2
03,21,310,40,53,34,0,8,-1
03,21,190,30,36,-2,0,6,5
03,21,250,40,81,78,4,8,1
03,21,160,20,86,39,0,8,1
03,21,250,20,84,74,0,8,2
03,21,330,30,84,42,0,8,-1
03,21,150,20,47,30,0,0,1
03,21,40,30,36,8,0,0,12
03,21,90,20,42,-18,0,0,-7
03,21,40,30,22,-21,0,0,9
03,21,40,20,30,-39,0,0,-8
03,21,300,30,64,-21,0,0,-12
03,21,250,30,80,25,0,8,-1
03,21,270,40,38,18,0,2,-6
03,21,250,20,19,-16,0,1,-5
03,21,280,30,52,26,0,8,1
03,21,220,100,83,66,-1,8,2
03,21,200,50,52,34,1,8,-4
03,21,240,60,57,35,-1,8,-4
03,21,320,40,39,-7,0,1,-7
03,21,360,20,58,-14,0,0,-13
03,21,40,40,62,1,0,0,-22
03,21,300,10,24,-1,0,0,-14
03,21,330,20,11,-32,0,0,-2
03,21,60,50,22,-24,0,8,-6
03,21,340,30,4,-32,0,0,-7
03,21,250,50,11,5,3,8,1
03,21,40,40,-31,-68,0,0,2
03,21,60,50,-19,-82,0,0,-3
03,21,40,50,-22,-34,0,0,-5
03,21,50,40,-14,-69,0,0,-2
03,21,30,70,-4,-42,0,0,-7
03,21,230,10,-8,-26,0,8,0
03,21,210,30,24,-9,0,8,-8
03,21,250,30,42,2,0,8,-2
03,21,260,30,44,28,0,8,3
03,21,290,30,57,44,5,8,-2
03,21,140,20,50,28,0,8,-3
03,21,190,30,83,10,0,4,-6
03,21,190,50,131,15,0,8,-5
03,21,190,60,151,76,-1,8,-9
03,21,200,80,135,112,-1,8,3
03,21,220,30,75,67,0,7,-1
03,21,200,30,69,35,0,1,5
03,21,130,40,103,65,0,0,5
03,21,160,30,137,62,0,8,-4
03,21,210,120,121,97,4,8,1
03,21,210,70,85,56,2,8,-1
03,21,230,50,93,57,0,8,1
03,21,220,60,91,75,-1,8,-1
03,21,130,40,112,83,0,8,14
03,21,200,70,45,30,-1,3,-3
03,21,210,80,42,11,0,6,2
03,21,30,60,25,16,0,7,-4
03,21,50,60,16,-32,0,0,-17
03,21,60,40,16,-40,0,0,-17
03,21,30,40,14,-9,0,0,-15
03,21,50,30,33,1,0,8,-6
03,21,50,30,5,-44,0,0,-3
03,21,90,40,11,-94,0,0,1
03,21,200,70,74,-4,0,0,-3
03,21,210,30,51,36,0,8,5
03,21,230,100,86,45,0,8,3
03,21,190,30,59,19,0,4,1
03,21,230,50,102,59,1,8,-6
03,21,190,30,95,81,3,8,-3
03,21,70,30,102,82,0,8,-25
03,21,60,50,108,60,0,0,-4
03,21,40,40,58,34,0,8,-1
03,21,280,30,44,43,0,8,0
03,21,160,10,64,58,12,8,-3
03,21,50,10,35,-10,0,0,-10
03,21,90,10,47,-30,0,0,-16
03,21,100,20,62,-17,0,0,-2
03,21,20,20,88,40,0,0,3
03,21,40,40,79,51,0,0,-2
03,21,80,30,99,55,0,0,-6
03,21,10,30,100,46,0,6,-15
03,21,60,40,60,27,0,6,-2
03,21,40,30,60,7,0,0,-7
03,21,70,30,56,9,0,0,-8
03,21,100,10,91,7,0,0,-6
03,21,230,80,110,77,-1,8,-8
03,21,230,90,135,113,0,8,-2
03,21,60,30,85,82,0,8,-5
03,21,90,10,97,80,0,8,-1
03,21,230,30,100,65,0,8,-3
03,21,140,40,86,66,2,8,2
03,21,180,60,38,3,0,8,1
03,21,160,20,41,17,0,1,-6
03,21,230,60,42,35,2,8,10
03,21,250,10,26,4,0,0,2
03,21,230,40,87,46,0,8,-3
03,21,260,10,82,75,0,8,1
03,21,310,20,80,52,0,6,-9
03,21,180,20,91,71,0,8,2
03,21,80,20,73,37,0,8,-1
03,21,70,30,49,28,0,0,-5
03,21,170,40,130,37,0,0,-17
03,21,190,40,139,41,0,0,5
03,21,210,50,92,65,0,8,0
03,21,290,10,53,40,0,3,-6
03,21,320,10,49,5,0,0,-3
03,21,260,10,78,28,0,1,-8
03,21,40,30,80,38,0,0,-8
03,21,60,40,112,72,0,0,-7
03,21,30,20,124,69,0,0,-15
03,21,20,40,132,81,0,0,-26
03,21,40,40,91,27,0,0,9
03,21,40,40,108,54,0,5,-21
03,21,10,30,117,75,0,0,-3
03,21,320,20,102,43,0,0,-6
03,21,300,40,85,51,0,8,-2
03,21,290,30,72,56,-1,8,-2
03,21,340,30,40,-9,0,8,-8
03,21,50,30,23,-19,0,8,0
03,21,20,10,15,-24,0,8,-1
03,21,80,50,32,-7,0,8,-7
03,21,100,30,39,-22,0,0,4
03,21,170,40,105,-21,0,2,-4
03,21,80,20,93,9,0,8,-5
03,21,170,30,101,92,4,8,-1
03,21,140,20,116,95,-1,8,-5
03,21,250,50,68,56,0,8,-3
03,21,30,60,-11,-31,0,8,-1
03,21,60,90,-34,-59,-1,8,0
03,21,30,50,-38,-85,0,8,-1
03,21,230,30,-21,-60,0,7,2
03,21,0,0,-35,-78,0,0,-9
03,21,190,70,19,-30,0,8,3
03,21,170,80,60,-57,0,6,-4
03,21,170,40,49,19,-1,8,-7
03,21,170,30,48,-16,0,1,-5
03,21,170,30,31,13,0,7,4
03,21,280,10,4,-4,0,8,1
03,21,130,20,-9,-39,0,0,-4
03,21,70,90,17,-35,0,8,-5
03,21,80,70,7,-53,0,8,-4
03,21,70,80,3,-103,0,6,-5
03,21,60,60,-5,-73,0,8,3
03,21,60,50,-5,-76,0,0,-7
03,21,50,30,14,-60,0,8,0
03,21,330,10,10,-15,1,8,-7
03,21,0,0,-3,-45,0,8,-7
03,21,360,30,-6,-29,0,0,-3
03,21,50,30,-7,-32,0,8,6
03,21,220,40,50,38,0,8,1
03,21,170,50,43,-7,0,7,1
03,21,120,30,50,9,0,0,-6
03,21,220,30,42,28,0,0,-4
03,21,160,10,46,10,0,0,-16
03,21,170,30,75,2,0,0,-13
03,21,270,10,91,33,0,5,-1
03,21,120,30,96,24,0,0,-9
03,21,140,50,136,-22,0,0,-21
03,21,360,50,109,59,0,0,-19
03,21,50,50,82,54,0,0,-6
03,21,60,20,79,28,0,0,2
03,21,20,30,91,35,0,0,-7
03,21,210,50,83,47,0,5,0
03,21,220,60,85,49,0,8,3
03,21,220,40,65,41,0,4,7
03,21,200,10,92,50,0,8,-2
03,21,240,70,89,61,-1,8,2
03,21,220,60,103,57,0,1,-3
03,21,200,60,150,45,0,0,-5
03,21,160,40,59,20,0,8,2
03,21,230,90,43,26,-1,8,-3
03,21,240,30,38,13,0,7,-18
03,21,140,10,36,8,0,6,-8
03,21,80,20,41,-4,0,0,-19
03,21,50,30,26,2,0,0,6
03,21,190,30,77,37,0,8,-4
03,21,90,30,116,28,0,0,-11
03,21,110,40,130,25,0,0,-11
03,21,110,20,149,42,0,8,-20
03,21,130,30,161,29,0,8,-2
03,21,210,70,86,37,0,8,1
03,21,240,50,35,-8,0,0,0
03,21,200,30,19,11,1,4,-1
03,21,280,40,45,14,0,8,-5
03,21,270,10,44,3,0,0,-22
03,21,190,30,34,7,0,0,-9
03,21,190,40,83,1,0,0,-2
03,21,300,40,95,32,0,0,-13
03,21,170,10,64,61,0,8,3
03,21,10,30,55,19,0,0,-6
03,21,70,30,36,3,0,0,-23
03,21,80,20,48,6,0,0,-10
03,21,60,30,51,-24,0,8,-2
03,21,60,60,30,19,0,8,0
03,21,50,40,49,23,0,8,-2
03,21,140,20,68,22,0,0,-16
03,21,360,20,111,41,0,8,-24
03,21,340,40,64,46,0,8,-1
03,21,30,20,60,45,0,8,1
03,21,360,10,39,21,0,8,-11
03,21,360,70,58,40,-1,8,-5
03,21,50,20,9,-13,0,0,7
03,21,310,30,53,21,0,8,0
03,21,350,40,70,24,-1,8,-9
03,21,290,20,52,45,1,8,-2
03,21,230,60,64,54,0,8,2
03,21,270,10,48,-2,0,1,-10
03,21,210,70,108,101,6,8,4
03,21,280,80,92,54,0,7,-4
03,21,220,70,73,27,-1,8,-8
03,21,270,70,44,14,4,4,3
03,21,200,80,48,39,0,8,6
03,21,230,70,33,7,-1,8,-5
03,21,190,20,14,-4,0,1,2
03,21,990,10,25,22,0,8,-18
03,21,200,30,13,9,0,8,-4
03,21,240,30,17,10,0,8,-4
03,21,200,20,2,-6,0,0,-11
03,21,180,60,23,-2,0,8,-1
03,21,90,40,35,-16,0,8,-4
03,21,60,40,35,0,0,8,-14
03,21,50,50,48,11,0,8,-23
03,21,50,30,9,-12,0,7,-3
03,21,50,50,28,2,0,0,-8
03,21,50,30,20,-30,0,8,-9
03,21,30,40,33,26,0,2,-6
03,21,30,40,26,-20,0,0,-11
03,21,360,20,41,-5,0,0,-3
03,21,990,10,39,30,0,8,7
03,21,310,20,50,10,0,8,-2
03,21,320,30,68,42,0,8,-3
03,21,260,40,71,35,-1,8,-7
03,21,350,30,72,50,0,8,-3
03,21,320,20,74,37,0,8,-1
03,21,230,40,71,46,-1,8,0
03,21,290,30,67,43,0,8,-16
03,21,170,80,119,53,0,8,1
03,21,180,60,89,40,0,2,-1
03,21,220,70,76,31,-1,8,-9
03,21,190,50,94,43,0,8,-2
03,21,280,10,71,57,3,8,-3
03,21,60,30,55,36,0,8,-1
03,21,220,60,80,64,-1,8,8
03,21,230,40,54,3,0,8,-5
03,21,170,40,113,49,0,8,5
03,21,190,30,75,63,-1,8,-9
03,21,220,60,60,37,0,8,-1
03,21,280,30,50,38,0,8,-2
03,21,180,20,32,18,0,1,-12
03,21,260,20,98,94,0,8,-2
03,21,300,30,73,31,0,0,-14
03,21,80,20,57,24,0,8,5
03,21,90,20,74,16,0,8,-9
03,21,130,20,90,6,0,8,-17
03,21,310,20,75,51,0,8,-9
03,21,240,20,101,73,0,8,0
03,21,20,20,92,29,0,0,-13
03,21,190,30,98,59,0,8,0
03,21,240,70,78,4,0,8,-9
03,21,240,50,105,103,2,8,-1
03,21,240,70,109,63,0,8,-3
03,21,220,70,108,59,0,8,0
03,21,180,20,45,-18,0,8,0
03,21,100,30,65,22,0,8,-10
03,21,60,60,91,45,0,0,-9
03,21,40,40,79,31,0,3,2
03,21,50,70,93,-23,0,0,-7
03,21,60,30,80,24,0,8,-5
03,21,150,20,118,-3,0,0,-7
03,21,250,40,141,72,0,8,-25
03,21,220,30,127,77,0,8,0
03,21,130,30,149,72,0,8,-6
03,21,210,50,142,85,0,6,-3
03,21,80,80,-25,-126,0,8,-1
03,21,80,50,-29,-42,1,8,2
03,21,90,20,4,-12,0,8,20
03,21,220,60,69,52,1,8,-4
03,21,110,30,62,18,0,8,-8
03,21,200,20,53,24,0,1,-16
03,21,250,50,47,39,7,8,1
03,21,220,50,40,20,0,0,-5
03,21,160,20,79,74,4,8,4
03,21,190,40,123,102,0,8,-7
03,21,180,40,103,76,0,8,2
03,21,220,60,88,71,-1,8,-1
03,21,230,20,45,40,0,8,-1
03,21,100,50,69,21,0,8,-9
03,21,120,40,67,54,3,8,-6
03,21,60,60,23,10,0,8,-7
03,21,60,60,-25,-67,0,8,0
03,21,90,70,-9,-94,0,8,-2
03,21,30,60,-17,-99,0,0,-14
03,21,350,40,15,-61,0,7,-8
03,21,210,30,14,-13,0,8,-4
03,21,250,20,58,52,0,8,-1
03,21,170,30,49,24,0,8,-2
03,21,70,30,51,14,0,0,-3
03,21,360,30,81,31,0,8,-5
03,21,290,20,44,15,0,0,-6
03,21,230,40,75,72,1,8,5
03,21,280,50,36,23,1,8,1
03,21,160,30,73,0,0,8,-8
03,21,180,40,72,52,-1,8,0
03,21,200,20,67,60,-1,8,-4
03,21,210,20,55,40,0,8,2
03,21,230,50,94,76,0,8,-3
03,21,210,110,118,79,0,8,4
03,21,230,70,59,38,3,8,5
03,21,190,50,68,39,0,8,7
03,21,190,60,110,75,-1,8,3
03,21,220,100,72,26,0,1,4
03,21,200,60,76,36,0,8,-5
03,21,240,50,91,56,0,8,-5
03,21,250,70,54,5,0,1,-2
03,21,210,30,19,2,0,7,-1
03,21,270,80,47,30,3,8,0
03,21,270,40,50,33,14,8,-5
03,21,250,40,78,37,0,8,-1
03,21,290,40,102,99,64,8,-7
03,21,210,100,101,59,0,8,3
03,21,230,50,31,9,4,8,-2
03,21,290,20,35,-23,0,0,-6
03,21,190,20,59,15,0,6,-10
03,21,170,10,87,55,0,8,-7
03,21,10,20,90,55,0,8,-20
03,21,250,20,113,40,0,8,-10
03,21,40,50,92,78,0,8,-2
03,21,300,10,53,0,0,0,-8
03,21,350,40,63,20,0,7,-3
03,21,330,10,70,30,0,8,-10
03,21,240,10,81,39,0,8,-1
03,21,110,20,82,42,0,0,-23
03,21,130,30,110,55,0,0,-2
03,21,340,20,131,47,0,0,-25
03,21,50,60,75,33,0,0,-5
03,21,220,40,46,40,-1,8,2
03,21,290,60,58,51,7,8,-8
03,21,190,50,32,14,0,8,1
03,21,210,40,56,22,-1,8,-6
03,21,60,40,58,55,5,8,-1
03,21,280,30,49,44,0,8,-2
03,21,210,60,80,30,0,8,-1
03,21,200,40,67,57,0,8,2
03,21,220,60,73,29,0,8,1
03,21,240,70,125,98,0,8,0
03,21,220,100,131,102,0,8,2
03,21,240,70,55,18,0,1,-2
03,21,990,10,51,33,0,8,-5
03,21,190,50,68,34,0,3,5
03,21,160,30,101,41,0,2,-12
03,21,300,20,99,71,0,8,-6
03,21,210,30,77,22,0,8,-3
03,21,190,20,97,62,0,4,0
03,21,30,40,107,90,0,8,-7
03,21,40,80,44,37,6,8,-4
03,21,70,50,41,-35,0,0,-6
03,21,90,70,47,-57,0,0,-11
03,21,90,30,32,-89,0,0,-3
03,21,100,40,43,-92,0,0,-4
03,21,60,40,51,-64,0,8,-10
03,21,60,30,49,-20,0,0,-26
03,21,40,40,71,13,0,0,-3
03,21,360,70,61,5,0,4,-12
03,21,30,100,22,-89,0,7,-14
03,21,340,30,55,19,0,8,-3
03,21,50,30,17,-51,0,0,-7
03,21,50,31,46,37,5,8,-1
03,21,200,31,59,49,0,8,-3
03,21,260,21,53,11,0,4,-20
03,21,130,51,74,42,0,6,0
03,21,120,31,96,82,0,7,-4
03,21,110,41,110,66,0,5,-7
03,21,110,41,110,64,0,6,5
03,21,130,26,115,82,0,7,-4
03,21,210,15,101,79,0,8,-1
03,21,180,51,105,89,1,8,-1
03,21,180,26,104,80,0,7,-1
03,21,110,5,79,62,0,1,-13
03,21,130,10,80,51,0,0,-9
03,21,280,15,109,85,1,8,-2
03,21,140,15,95,87,0,8,0
03,21,140,41,127,76,0,2,0
03,21,120,26,65,53,0,1,-13
03,21,180,46,95,68,0,8,1
03,21,250,67,118,90,0,8,-5
03,21,210,57,135,124,0,8,2
03,21,280,26,73,53,0,6,-9
03,21,0,0,35,20,0,1,-15
03,21,10,31,64,5,0,7,-3
03,21,20,36,61,29,0,3,-3
03,21,70,93,66,-15,0,8,-2
03,21,70,72,67,-5,0,0,-6
03,21,30,26,58,8,0,2,-5
03,21,20,15,42,7,0,1,-11
03,21,70,21,26,-37,0,0,1
03,21,270,15,61,4,0,7,-3
03,21,220,21,91,57,0,7,-1
03,21,190,57,100,14,0,1,-3
03,21,220,36,53,5,0,2,2
03,21,230,36,86,78,0,8,1
03,21,140,21,103,81,0,8,-8
03,21,220,77,108,45,-1,8,-16
03,21,140,26,46,20,0,4,7
03,21,200,21,84,16,0,6,9
03,21,340,31,77,62,0,8,-5
03,21,160,31,50,30,0,0,-4
03,21,300,77,47,34,27,8,-7
03,21,220,51,62,13,0,5,-6
03,21,260,87,91,69,2,8,0
03,21,280,103,60,13,-1,8,-2
03,21,250,62,56,34,0,7,8
03,21,300,26,24,-23,0,7,12
03,21,200,21,77,15,0,8,1
03,21,140,10,52,39,0,0,8
03,21,190,31,81,49,0,3,12
03,21,190,31,77,18,0,7,9
03,21,250,41,104,93,-1,8,2
03,21,260,77,81,3,0,4,-6
03,21,260,36,41,25,0,1,-5
03,21,300,21,30,15,0,4,-6
03,21,20,72,52,22,0,4,-3
03,21,200,46,46,6,0,7,-1
03,21,340,15,45,41,0,2,3
03,21,330,51,33,13,-1,7,-2
03,21,290,26,19,4,-1,6,5
03,21,130,41,54,41,1,8,1
03,21,120,51,88,12,0,6,4
03,21,0,0,55,49,0,8,-4
03,21,50,57,16,-16,0,7,0
03,21,70,62,10,-29,0,8,-2
03,21,20,31,-25,-56,0,0,-7
03,21,270,10,8,-22,0,8,-1
03,21,260,31,43,40,1,8,3
03,21,330,31,61,44,0,7,-2
03,21,10,15,49,37,0,7,-2
03,21,100,21,18,-35,0,1,0
03,21,130,31,23,-22,0,0,-9
03,21,250,15,78,35,0,7,-13
03,21,190,5,47,32,0,1,-15
03,21,170,10,79,30,0,0,-24
03,21,190,15,89,18,0,1,-35
03,21,180,5,102,62,0,7,2
03,21,210,21,92,44,0,0,-4
03,21,260,41,92,65,0,8,2
03,21,240,51,98,63,0,2,-5
03,21,300,46,87,63,-1,8,-14
03,21,220,21,27,-1,0,1,-6
03,21,190,10,21,-2,0,0,-1
03,21,230,5,53,27,0,8,25
03,21,270,51,99,94,0,8,-1
03,21,250,36,62,21,0,3,-10
03,21,280,36,35,12,0,1,-5
03,21,340,46,50,11,0,7,-2
03,21,50,26,15,-54,0,0,-5
03,21,100,31,14,-59,0,1,-8
03,21,100,51,22,-52,0,0,-9
03,21,110,36,36,-64,0,0,-9
03,21,990,5,91,24,0,7,-2
03,21,140,51,143,76,0,8,14
03,21,230,21,52,51,0,5,-8
03,21,250,31,41,32,0,3,0
03,21,300,62,58,28,0,1,-3
03,21,180,46,54,19,0,7,-8
03,21,250,41,97,85,3,8,-11
03,21,230,46,80,51,0,8,-2
03,21,230,46,105,91,0,8,-3
03,21,240,57,102,80,0,8,0
03,21,230,31,87,79,0,8,1
03,21,200,5,16,7,0,0,-13
03,21,220,15,54,10,0,7,6
03,21,210,46,59,16,0,3,1
03,21,290,87,66,13,0,0,0
03,21,250,62,102,76,0,7,-2
03,21,290,57,69,60,0,6,-9
03,21,250,46,59,25,-1,6,-33
03,21,230,31,35,0,0,1,-7
03,21,240,72,85,77,15,8,0
03,21,230,21,30,12,0,3,-3
03,21,250,21,37,4,0,7,-9
03,21,20,26,13,-18,0,2,-11
03,21,220,62,82,71,1,8,4
03,21,240,113,130,105,-1,8,1
03,21,240,36,92,66,0,6,-3
03,21,290,36,66,52,-1,6,-4
03,21,280,21,27,4,0,3,-15
03,21,140,41,53,3,0,7,1
03,21,220,62,127,88,0,8,-9
03,21,230,31,104,82,0,5,-4
03,21,160,57,156,97,0,1,3
03,21,190,67,99,66,-1,8,-9
03,21,220,46,60,8,0,0,-4
03,21,140,57,37,13,0,8,7
03,21,220,41,28,-12,0,6,-1
03,21,160,26,2,-5,0,1,1
03,21,220,26,33,30,19,7,-5
03,21,220,31,21,15,-1,7,0
03,21,170,103,59,9,0,4,3
03,21,190,46,33,21,0,4,-1
03,21,140,31,31,13,0,7,-5
03,21,130,51,67,0,0,1,-6
03,21,120,5,79,41,0,3,-30
03,21,360,31,69,51,0,0,-11
03,21,40,26,35,14,0,0,-9
03,21,170,26,51,12,0,8,-3
03,21,160,21,21,18,5,7,7
03,21,190,67,61,31,0,7,-4
03,21,250,72,68,19,0,1,1
03,21,220,41,65,38,0,5,8
03,21,250,26,31,0,0,7,-6
03,21,300,57,50,24,-1,7,3
03,21,320,21,19,-21,0,1,-13
03,21,200,15,17,-2,0,0,-16
03,21,200,26,67,12,0,0,-15
03,21,220,41,93,71,0,2,2
03,21,200,31,49,24,0,4,15
03,21,240,72,92,68,0,8,-3
03,21,310,46,8,-6,-1,7,-4
03,21,50,31,4,4,10,8,1
03,21,320,36,31,-2,0,2,-5
03,21,190,26,33,-5,0,5,7
03,21,270,26,95,92,-1,8,1
03,21,360,36,0,-14,0,0,-7
03,21,260,5,12,5,2,8,-5
03,21,350,21,2,-15,0,3,-14
03,21,280,26,38,38,-1,8,3
03,21,300,10,21,17,0,8,4
03,21,310,31,31,24,0,6,4
03,21,80,72,32,-6,0,6,-8
03,21,120,46,44,-31,0,0,-10
03,21,100,31,21,-30,0,0,-8
03,21,70,41,13,-54,0,0,-10
03,21,80,67,-19,-86,0,0,-10
03,21,90,67,-25,-84,0,0,-7
03,21,80,46,-24,-64,0,0,-1
03,21,90,57,20,-35,0,0,-8
03,21,50,26,12,-24,0,2,12
03,21,80,26,54,21,0,8,1
03,21,280,15,51,33,0,8,-11
03,21,40,10,42,27,0,8,4
03,21,10,21,39,26,0,8,-10
03,21,100,26,84,35,0,8,0
03,21,230,26,73,73,3,7,-8
03,21,120,10,59,59,-1,8,-2
03,21,280,10,82,82,0,8,8
03,21,60,26,51,36,0,2,-12
03,21,60,26,71,37,0,5,-13
03,21,20,103,24,-19,0,7,-6
03,21,20,21,-9,-66,0,1,-4
03,21,300,21,12,5,-1,1,1
03,21,320,31,15,6,0,1,-10
03,21,320,31,11,-18,0,0,-15
03,21,360,21,0,-19,0,3,3
03,21,210,60,123,86,0,8,-1
03,21,250,20,78,67,0,6,-3
03,21,170,20,74,36,-1,8,-2
03,21,170,20,99,90,0,7,-8
03,21,220,20,71,46,0,3,-10
03,21,140,10,36,27,0,0,-2
03,21,150,10,96,58,0,7,-4
03,21,50,20,75,68,0,0,-5
03,21,80,20,81,61,0,0,-7
03,21,290,20,51,48,0,9,-6
03,21,60,20,44,37,0,0,-15
03,21,270,40,95,71,0,0,-12
03,21,250,50,90,57,0,7,-4
03,21,240,20,95,86,0,7,-2
03,21,280,40,107,93,0,8,-1
03,21,240,30,87,73,0,3,3
03,21,0,0,63,46,0,6,-13
03,21,240,30,67,55,-1,7,4
03,21,340,60,47,17,0,8,-4
03,21,240,20,60,51,1,8,1
03,21,350,20,31,13,0,1,-16
03,21,160,30,47,1,0,5,3
03,21,990,10,63,63,0,8,0
03,21,0,0,50,50,0,7,7
03,21,210,10,52,52,0,6,-5
03,21,240,60,108,106,4,8,4
03,21,240,70,123,86,0,7,2
03,21,300,40,44,9,0,1,5
03,21,300,40,71,54,0,7,-2
03,21,280,10,50,33,0,0,-19
03,21,200,10,54,36,0,0,-9
03,21,190,40,20,20,-1,7,10
03,21,220,50,75,66,4,8,1
03,21,230,60,129,126,37,8,1
03,21,210,30,54,34,0,2,2
03,21,230,50,76,31,0,8,-13
03,21,250,60,102,96,21,8,-1
03,21,260,60,88,62,-1,6,-2
03,21,30,50,0,-35,0,1,-13
03,21,270,10,-12,-34,0,0,-9
03,21,190,70,60,-28,0,8,-4
03,21,340,60,45,44,3,8,3
03,21,280,20,16,1,0,6,4
03,21,250,20,61,58,-1,7,0
03,21,300,40,73,62,0,7,1
03,21,300,30,84,75,0,8,-3
03,21,260,20,84,57,0,8,-2
03,21,240,20,92,78,0,8,-1
03,21,300,20,51,38,0,7,2
03,21,300,30,26,8,0,2,6
03,21,330,40,74,70,2,8,1
03,21,20,20,35,7,0,4,-4
03,21,330,40,69,51,0,8,-2
03,21,70,30,7,-49,0,0,1
03,21,160,10,21,-20,0,6,1
03,21,240,20,58,-35,0,7,-18
03,21,200,60,80,79,4,8,1
03,21,200,30,114,108,0,8,0
03,21,120,20,126,105,0,7,-8
03,21,120,20,144,98,0,7,-1
03,21,290,30,129,113,0,7,1
03,21,20,20,97,83,0,1,-12
03,21,260,50,94,94,3,8,-2
03,21,220,110,129,106,0,7,1
03,21,190,50,61,33,0,4,-4
03,21,160,30,55,31,0,6,1
03,21,240,20,43,36,0,8,0
03,21,220,20,34,20,0,8,0
03,21,190,60,34,26,4,8,1
03,21,100,30,41,32,-1,7,1
03,21,220,20,18,16,0,4,-5
03,21,290,20,24,10,0,6,-18
03,21,100,40,57,10,0,5,-4
03,21,140,10,109,82,0,6,-7
03,21,250,10,71,69,0,3,-2
03,21,320,10,35,22,0,3,-11
03,21,990,10,37,26,0,1,-14
03,21,40,20,74,34,-1,8,3
03,21,80,10,52,29,0,4,-4
03,21,340,50,67,45,0,7,-4
03,21,320,40,60,7,0,7,-5
03,21,240,20,63,47,0,8,-2
03,21,210,40,56,45,0,7,0
03,21,260,20,43,11,0,8,-5
03,21,230,20,92,80,0,7,0
03,21,80,10,36,30,0,0,-3
03,21,170,40,112,78,-1,8,-4
03,21,220,30,84,70,-1,7,-6
03,21,360,20,53,24,0,4,-2
03,21,170,10,32,14,0,0,-12
03,21,180,50,112,32,0,7,7
03,21,200,20,125,101,0,8,-1
03,21,90,40,123,75,0,0,3
03,21,300,60,40,8,0,1,-9
03,21,220,90,63,51,8,8,5
03,21,340,40,27,16,4,8,-4
03,21,290,30,3,2,-1,5,-7
03,21,210,20,25,13,0,6,8
03,21,230,60,78,29,0,8,-1
03,21,240,50,89,84,9,8,3
03,21,260,70,120,104,-1,8,-2
03,21,300,40,95,67,0,8,-6
03,21,250,40,94,79,-1,8,0
03,21,310,30,67,48,-1,3,-2
03,21,210,20,85,44,0,7,-6
03,21,230,20,89,80,0,8,3
03,21,300,40,43,27,3,7,4
03,21,260,40,67,39,-1,8,3
03,21,280,40,74,65,0,8,-7
03,21,330,50,77,53,0,8,-2
03,21,350,50,57,51,1,8,2
03,21,990,10,29,18,0,5,-1
03,21,310,20,46,39,0,4,-15
03,21,100,20,48,29,0,2,-13
03,21,270,10,64,46,0,7,-20
03,21,70,30,96,57,0,7,-9
03,21,180,20,68,65,0,4,0
03,21,130,10,62,54,0,7,12
03,21,990,10,46,42,0,8,3
03,21,20,60,49,28,0,7,-8
03,21,50,50,38,25,-1,8,0
03,21,50,50,68,48,-1,8,-5
03,21,270,10,63,44,0,8,-5
03,21,160,20,60,50,-1,8,-1
03,21,350,20,21,10,0,8,-1
03,21,70,60,15,-3,0,8,-6
03,21,60,30,-7,-36,0,8,1
03,21,10,20,25,3,0,8,-1
03,21,110,20,-6,-33,0,0,-5
03,21,110,50,49,-3,0,7,-1
03,21,140,20,86,86,0,7,-3
03,21,220,40,92,73,0,7,-8
03,21,200,40,94,78,0,7,-10
03,21,240,40,111,93,-1,8,-7
03,21,200,80,133,123,2,8,6
03,21,160,40,61,23,0,3,-14
03,21,230,30,31,21,0,0,1
03,21,180,10,10,4,0,3,2
03,21,990,10,81,64,-1,8,-5
03,21,70,70,75,39,0,8,-2
03,21,40,30,50,46,-1,8,-2
03,21,320,50,28,22,11,8,2
03,21,0,0,-11,-41,0,4,-11
03,21,80,50,39,-31,0,8,-3
03,21,270,30,52,47,0,8,-1
03,21,140,20,51,37,0,8,1
03,21,270,20,80,72,0,8,-1
03,21,70,60,43,32,0,8,-3
03,21,40,40,29,4,0,8,-1
03,21,90,40,30,3,0,8,-1
03,21,120,60,44,5,0,7,-3
03,21,170,60,66,46,0,2,-7
03,21,240,10,38,34,0,2,-8
03,21,190,30,36,28,0,1,-4
03,21,220,50,117,82,0,8,-2
03,21,20,30,2,-21,0,,-3
03,21,260,20,27,6,0,,-5
03,21,220,20,53,36,0,,1
03,21,990,10,62,44,0,,4
03,21,210,30,36,19,0,,-2
03,21,240,60,100,82,0,,4
03,21,250,20,63,36,0,,-8
03,21,230,20,78,39,0,,-1
03,21,280,100,65,-1,4,,-1
03,21,200,40,65,22,0,,6
03,21,190,10,61,17,0,5,1
03,21,50,20,85,79,2,,-1
03,21,60,50,36,11,0,6,-15
03,21,100,90,34,20,0,,-1
03,21,120,30,80,62,0,,1
03,21,110,20,113,68,0,,-10
03,21,170,20,96,90,0,,-20
03,21,220,70,103,61,0,,4
03,21,210,30,94,50,0,,-1
03,21,180,20,94,86,6,,-3
03,21,230,30,90,77,0,3,0
03,21,340,30,45,12,0,,0
03,21,20,30,39,12,0,,-14
03,21,40,20,21,-16,0,,-10
03,21,0,0,28,-7,0,7,-9
03,21,20,20,31,-2,0,0,-6
03,21,60,30,40,-37,0,,-5
03,21,80,40,60,-15,0,,6
03,21,190,20,56,10,0,,-2
03,21,130,20,91,33,0,,-17
03,21,330,10,89,74,0,,-13
03,21,140,40,91,84,-1,8,-1
03,21,310,40,59,49,0,7,-3
03,21,170,20,51,41,0,5,-1
03,21,190,40,81,76,2,8,1
03,21,130,20,116,83,0,8,-2
03,21,220,20,29,24,0,0,1
03,21,260,60,56,41,5,8,-2
03,21,230,60,80,65,5,8,7
03,21,210,20,72,45,0,1,-3
03,21,200,30,90,55,0,8,-9
03,21,250,40,89,79,1,7,-2
03,21,10,50,57,30,0,8,-4
03,21,40,40,31,15,0,0,-11
03,21,80,50,53,-4,0,1,-5
03,21,80,40,53,10,0,1,-10
03,21,360,10,26,-10,0,0,-19
03,21,40,30,19,5,0,0,-11
03,21,10,20,37,9,0,0,-7
03,21,350,20,33,16,0,1,-15
03,21,100,10,12,1,0,1,-6
03,21,70,40,52,-14,0,1,-13
03,21,100,20,63,-49,0,1,-6
03,21,170,10,48,-9,0,2,-5
03,21,290,30,112,39,0,8,-19
03,21,20,10,80,47,0,1,-10
03,21,20,30,79,12,0,0,-11
03,21,10,20,63,42,0,0,-18
03,21,70,30,140,55,0,1,-17
03,21,310,20,88,72,0,4,8
03,21,350,40,63,51,0,0,-8
03,21,0,0,40,8,0,0,-14
03,21,280,20,21,-13,0,8,-4
03,21,250,20,1,-14,0,0,-2
03,21,170,20,21,-16,0,8,5
03,21,110,30,73,12,0,8,-17
03,21,100,30,33,14,4,8,-7
03,21,270,20,29,13,0,8,-2
03,21,20,40,28,8,0,1,-12
03,21,320,30,30,5,0,2,-1
03,21,50,40,9,-22,0,3,-13
03,21,50,40,15,5,0,8,0
03,21,100,20,13,-16,0,8,-7
03,21,140,40,44,36,-1,8,0
03,21,190,70,73,47,1,7,-15
03,21,210,80,112,54,-1,8,3
03,21,210,40,126,83,0,8,-9
03,21,170,20,99,91,0,1,-12
03,21,180,10,83,66,0,1,-18
03,21,230,50,97,69,0,0,3
03,21,270,50,96,77,0,8,-6
03,21,250,100,121,79,-1,8,-7
03,21,250,40,63,47,32,8,-1
03,21,160,20,50,38,5,8,-13
03,21,360,20,18,7,0,0,-2
03,21,360,30,35,15,0,0,-9
03,21,30,30,13,-13,0,1,3
03,21,330,20,10,1,-1,7,-2
03,21,290,10,41,4,0,2,-29
03,21,190,20,26,0,0,1,-20
03,21,50,20,49,18,0,1,-2
03,21,80,40,94,18,0,0,1
03,21,110,40,141,50,0,8,-2
03,21,210,70,-10,-45,-1,8,0
03,21,120,20,-11,-16,1,8,0
03,21,20,50,-35,-58,0,7,-8
03,21,180,40,-19,-24,3,8,0
03,21,50,60,-23,-58,0,3,-9
03,21,330,50,28,6,-1,7,-11
03,21,320,50,47,31,-1,8,4
03,21,330,60,55,36,-1,8,0
03,21,320,20,20,4,0,6,-23
03,21,240,20,13,0,0,2,-6
03,21,270,40,17,12,8,6,-4
03,21,280,50,38,14,0,8,0
03,21,220,20,29,-7,0,8,1
03,21,220,20,35,-13,0,8,-14
03,21,230,40,113,62,0,8,-2
03,21,270,50,152,76,0,8,-6
03,21,250,40,104,80,0,0,-10
03,21,260,30,111,77,0,8,-3
03,21,40,20,106,97,0,8,2
03,21,100,40,79,32,0,4,-7
03,21,120,50,121,10,0,1,-8
03,21,190,30,105,101,0,3,7
03,21,90,30,113,66,0,0,1
03,21,250,20,107,100,6,8,-2
03,21,40,10,89,84,0,8,-11
03,21,30,40,96,76,0,2,-12
03,21,130,10,108,102,0,8,-1
03,21,360,20,78,68,0,8,-1
03,21,110,20,103,91,2,8,3
03,21,160,20,113,107,1,8,-5
03,21,90,30,105,49,0,5,-12
03,21,220,40,0,-21,0,3,-2
03,21,210,40,-1,-15,0,7,-2
03,21,300,10,-41,-47,0,7,-3
03,21,220,20,-8,-33,-1,5,-5
03,21,270,40,12,1,-1,4,-1
03,21,290,40,9,-6,0,3,-2
03,21,160,40,36,-13,0,8,-2
03,21,270,40,93,88,16,8,-3
03,21,220,40,82,66,0,8,-5
03,21,200,20,41,37,-1,8,3
03,21,30,50,-26,-62,-1,5,-8
03,21,100,20,-31,-81,0,0,0
03,21,110,30,-6,-55,0,0,-5
03,21,80,30,25,-41,0,8,-6
03,21,60,50,6,-28,0,0,-8
03,21,50,40,13,-30,0,8,-3
03,21,70,60,11,-38,0,8,-2
03,21,60,40,-5,-19,0,0,-4
03,21,50,40,43,20,0,8,-2
03,21,40,70,22,-14,0,0,-10
03,21,20,40,5,-30,0,0,-4
03,21,40,30,-9,-41,0,0,-12
03,21,110,40,46,-45,0,0,-3
03,21,120,40,93,78,0,8,-1
03,21,190,60,119,103,-1,8,-3
03,21,200,40,142,135,7,8,-1
03,21,240,40,117,69,0,0,-6
03,21,220,50,86,30,0,0,-4
03,21,180,30,77,60,0,5,8
03,21,220,40,120,102,0,8,5
03,21,220,30,109,75,0,0,-25
03,21,280,60,87,29,-1,8,-10
03,21,130,30,48,0,0,8,8
03,21,210,30,55,39,0,5,-5
03,21,140,50,109,49,0,8,-4
03,21,180,50,76,26,0,8,8
03,21,200,60,87,75,5,8,-1
03,21,250,20,69,55,-1,8,-4
03,21,210,20,45,32,0,1,4
03,21,260,30,45,26,0,2,-6
03,21,250,20,63,39,0,2,-16
03,21,170,20,80,55,0,0,-17
03,21,350,10,72,25,0,0,-33
03,21,350,20,77,36,0,8,-13
03,21,350,10,35,12,0,0,3
03,21,240,10,30,15,0,0,-3
03,21,220,20,68,48,0,5,13
03,21,240,70,104,67,0,7,-3
03,21,240,30,28,-6,1,7,9
03,21,340,20,14,-1,0,1,-25
03,21,340,50,35,9,0,0,-3
03,21,310,20,36,19,0,8,0
03,21,350,70,49,-2,0,0,-6
03,21,20,20,54,20,0,8,10
03,21,30,40,94,63,0,8,-18
03,21,20,30,32,7,0,0,5
03,21,90,50,111,20,0,0,-9
03,21,80,20,69,11,0,0,9
03,21,250,20,95,40,0,6,-24
03,21,150,20,85,76,8,8,-24
03,21,40,30,69,54,0,0,9
03,21,40,50,121,57,0,8,-7
03,21,240,60,83,47,0,6,0
03,21,250,30,82,42,0,,4
03,21,210,40,37,0,0,8,1
03,21,340,40,9,-1,-1,3,-2
03,21,230,30,35,1,0,8,4
03,21,220,30,79,63,0,8,1
03,21,200,30,41,36,0,8,-2
03,21,200,70,87,30,0,8,-1
03,21,210,50,61,52,-1,4,-7
03,21,190,130,78,38,0,7,-13
03,21,250,80,119,88,0,8,-6
03,21,250,60,70,8,0,0,-2
03,21,230,50,84,38,-1,8,-14
03,21,990,10,25,6,0,2,8
03,21,80,30,98,77,0,7,2
03,21,20,60,66,50,-1,8,-3
03,21,280,20,21,7,0,7,6
03,21,320,30,32,12,-1,7,-4
03,21,310,60,36,12,0,7,0
03,21,240,80,62,53,33,8,10
03,21,300,30,20,10,14,8,6
03,21,20,50,2,-42,0,3,6
03,21,250,10,9,0,1,8,-2
03,21,280,30,5,4,1,8,-2
03,21,990,10,3,-8,5,7,0
03,21,110,10,38,31,0,8,0
03,21,310,10,55,50,-1,8,3
03,21,210,50,81,69,-1,7,5
03,21,170,60,94,35,0,6,-2
03,21,190,60,91,80,-1,7,-2
03,21,0,0,51,28,0,0,-5
03,21,260,40,97,76,0,7,-15
03,21,220,20,15,6,0,0,3
03,21,170,70,73,10,0,8,-7
03,21,210,20,52,27,0,8,-11
03,21,340,60,51,22,0,8,1
03,21,280,30,16,0,0,0,-3
03,21,210,60,77,58,0,2,4
03,21,260,70,41,25,8,7,-6
03,21,250,50,72,18,-1,7,-6
03,21,310,40,55,38,0,7,-1
03,21,200,20,40,7,0,1,3
03,21,280,30,86,80,0,8,-6
03,21,150,30,82,38,0,8,4
03,21,280,30,86,57,0,8,-2
03,21,330,20,63,48,0,0,-11
03,21,190,20,63,49,0,3,-12
03,21,30,20,48,27,0,0,-9
03,21,40,10,38,-35,0,8,1
03,21,30,20,51,7,0,0,-17
03,21,10,10,14,-32,0,0,-4
03,21,220,10,4,-23,0,0,6
03,21,250,30,85,45,0,8,1
03,21,280,60,49,20,0,1,-6
03,21,250,20,34,14,0,4,-9
03,21,280,40,62,39,0,8,-6
03,21,260,40,79,65,5,8,-6
03,21,210,50,52,28,0,1,-11
03,21,240,30,55,45,1,8,1
03,21,250,20,3,-20,0,1,0
03,21,290,10,25,0,0,0,-15
03,21,30,20,64,34,0,0,-1
03,21,240,20,7,0,0,0,-11
03,21,280,20,-24,-36,0,0,4
03,21,50,30,19,-12,0,7,-5
03,21,350,30,-3,-41,0,0,-16
03,21,290,80,43,35,10,8,0
03,21,50,40,-16,-59,0,0,-4
03,21,40,30,-30,-85,0,1,1
03,21,50,20,-23,-43,0,0,-4
03,21,40,30,-18,-60,0,0,11
03,21,30,60,-7,-22,0,7,-1
03,21,330,20,37,7,0,8,-7
03,21,300,20,31,12,0,8,7
03,21,250,40,48,10,0,8,-1
03,21,300,40,57,38,0,8,-4
03,21,280,40,61,54,12,8,-1
03,21,170,20,38,19,0,4,11
03,21,210,20,82,15,0,0,-17
03,21,190,40,112,13,0,1,-4
03,21,210,50,142,101,-1,8,-17
03,21,210,60,140,124,2,8,-15
03,21,220,10,52,37,0,6,-23
03,21,200,40,104,51,0,7,-28
03,21,120,20,103,68,0,1,0
03,21,130,20,114,67,0,7,9
03,21,210,70,134,99,1,7,-16
03,21,190,50,96,51,0,5,-2
03,21,250,20,98,49,-1,8,3
03,21,220,20,87,56,0,7,2
03,21,130,40,120,86,0,8,-4
03,21,200,60,55,41,-1,3,1
03,21,220,50,47,29,1,8,-3
03,21,50,60,23,8,0,8,0
03,21,40,50,9,-25,0,0,-5
03,21,40,40,5,-24,0,0,-3
03,21,20,40,-4,-19,0,0,-9
03,21,30,30,10,-11,0,0,-8
03,21,20,30,-6,-30,0,0,-23
03,21,130,30,38,-95,0,0,-12
03,21,200,30,40,-6,0,0,24
03,21,220,20,54,25,0,2,-1
03,21,250,70,98,64,0,8,-1
03,21,200,20,58,15,0,1,-9
03,21,210,60,119,50,0,7,-8
03,21,170,20,98,88,-1,8,-3
03,21,70,30,110,90,0,8,-7
03,21,80,60,115,82,0,0,-9
03,21,50,50,56,31,0,8,-3
03,21,310,40,49,40,-1,8,-1
03,21,30,50,55,48,5,8,-2
03,21,0,0,8,-23,0,0,-8
03,21,0,0,12,-32,0,0,-8
03,21,360,10,34,-10,0,0,0
03,21,10,30,82,52,0,0,-14
03,21,30,30,77,46,0,0,-9
03,21,30,10,90,60,0,8,-16
03,21,30,40,81,34,0,7,-18
03,21,60,20,51,24,0,8,-8
03,21,30,30,56,13,0,7,6
03,21,0,0,35,3,0,1,-16
03,21,0,0,55,8,0,0,-14
03,21,200,40,102,96,3,8,-1
03,21,250,60,129,106,0,8,-2
03,21,60,20,76,73,0,8,-1
03,21,110,20,88,73,0,8,0
03,21,200,30,94,67,0,8,-11
03,21,140,30,87,83,2,8,-1
03,21,120,30,28,21,-1,8,0
03,21,220,10,14,6,0,1,-8
03,21,300,60,61,48,0,7,-5
03,21,250,20,34,22,0,0,-7
03,21,230,30,85,55,0,8,0
03,21,240,20,85,80,0,8,0
03,21,290,30,56,45,0,1,-5
03,21,10,40,78,65,0,7,-2
03,21,30,20,77,54,0,8,0
03,21,70,10,30,21,0,0,-8
03,21,160,20,79,36,0,0,11
03,21,310,30,59,53,0,1,16
03,21,200,20,88,66,0,8,-5
03,21,10,40,62,39,0,8,0
03,21,260,10,15,-2,0,0,0
03,21,290,10,55,33,0,2,-5
03,21,40,20,79,40,0,0,-6
03,21,50,30,122,82,0,0,-19
03,21,20,30,90,72,0,0,-15
03,21,10,30,93,74,0,0,-7
03,21,20,30,88,62,0,0,-13
03,21,20,40,86,45,0,0,-5
03,21,20,20,96,64,0,0,4
03,21,250,10,79,6,0,0,-22
03,21,300,40,86,56,0,8,-5
03,21,350,30,79,59,0,8,-2
03,21,340,30,37,-1,0,5,-2
03,21,20,40,25,-13,0,8,-1
03,21,360,30,25,-17,0,8,-1
03,21,110,20,33,-11,0,8,1
03,21,130,40,59,-19,0,0,-10
03,21,140,30,87,10,0,0,-12
03,21,40,20,83,14,0,8,6
03,21,90,40,97,58,-1,8,-7
03,21,90,40,97,81,1,8,-3
03,21,260,40,39,20,0,8,-5
03,21,50,60,-6,-47,0,8,-2
03,21,50,70,-27,-48,1,8,0
03,21,10,20,-56,-103,0,0,5
03,21,240,10,-39,-40,0,2,-9
03,21,270,10,-43,-79,0,0,-4
03,21,190,60,33,-18,0,8,-1
03,21,140,40,44,-50,0,7,11
03,21,140,40,48,37,7,8,0
03,21,100,10,14,-3,0,0,23
03,21,130,10,22,16,0,2,-18
03,21,350,30,8,-21,0,8,0
03,21,80,40,-1,-36,0,0,0
03,21,90,90,12,-51,0,6,-2
03,21,80,90,-6,-92,0,8,-3
03,21,80,90,2,-129,0,8,-3
03,21,80,90,8,-101,0,8,-3
03,21,80,60,5,-93,0,0,-9
03,21,60,40,8,-83,0,0,-1
03,21,20,30,-7,-47,-1,8,-4
03,21,0,0,-17,-53,0,8,5
03,21,10,30,3,-32,0,,-7
03,21,50,20,10,-39,0,8,-1
03,21,210,30,58,44,0,8,-3
03,21,160,60,54,-4,0,8,-1
03,21,110,30,48,15,0,3,7
03,21,250,20,43,33,0,0,-32
03,21,990,10,17,1,0,0,-10
03,21,180,20,49,9,0,0,8
03,21,270,10,96,76,0,8,-7
03,21,140,30,107,48,0,0,-9
03,21,180,10,70,30,0,0,-17
03,21,10,50,85,76,0,8,-3
03,21,50,40,77,47,0,0,0
03,21,30,10,58,49,0,0,-13
03,21,30,30,71,45,0,0,-13
03,21,240,40,83,44,0,8,0
03,21,240,30,99,52,0,8,6
03,21,220,30,85,54,0,0,-3
03,21,190,10,52,26,0,1,23
03,21,260,50,96,79,3,8,5
03,21,240,30,110,46,0,5,-4
03,21,270,20,119,67,0,4,-15
03,21,180,30,42,10,0,0,-1
03,21,190,30,24,4,0,4,25
03,21,200,10,30,15,0,8,5
03,21,340,10,18,-9,0,0,-5
03,21,30,30,34,-13,0,0,0
03,21,40,20,28,14,0,8,-4
03,21,90,40,98,21,0,5,-11
03,21,90,60,123,44,0,7,-20
03,21,90,20,125,30,0,0,-24
03,21,90,10,140,49,0,0,6
03,21,110,20,159,65,0,7,-7
03,21,190,70,78,35,0,8,-2
03,21,250,30,36,-10,0,0,2
03,21,250,30,41,13,0,3,-6
03,21,310,50,49,26,-1,7,0
03,21,200,20,13,-2,0,5,17
03,21,200,40,54,23,0,0,1
03,21,210,40,85,4,0,0,-2
03,21,280,50,85,66,0,8,-1
03,21,200,30,83,59,0,8,2
03,21,10,30,43,26,0,0,-8
03,21,90,20,16,-24,0,0,5
03,21,100,40,59,14,0,0,3
03,21,70,40,55,-23,0,8,-14
03,21,60,50,44,30,-1,8,1
03,21,80,50,61,24,0,8,-3
03,21,0,0,32,17,0,0,-7
03,21,70,10,68,39,0,8,-7
03,21,350,50,59,49,0,8,1
03,21,140,10,30,27,0,7,18
03,21,230,20,41,36,0,8,4
03,21,20,80,63,29,-1,8,-6
03,21,110,10,-3,-18,0,0,-5
03,21,990,10,18,5,0,1,-16
03,21,310,10,69,60,-1,8,-6
03,21,300,50,55,40,0,8,-3
03,21,240,30,64,57,0,8,3
03,21,0,0,9,6,0,0,-3
03,21,240,60,114,105,1,8,-2
03,21,270,50,81,41,0,8,4
03,21,220,60,67,30,1,8,-12
03,21,280,70,61,17,0,1,4
03,21,210,60,71,65,0,8,6
03,21,260,50,33,22,7,8,1
03,21,190,20,7,-12,0,4,-3
03,21,200,10,-19,-20,0,1,-2
03,21,250,10,23,3,-1,7,-6
03,21,270,40,28,13,-1,8,-3
03,21,230,10,-14,-19,0,0,-10
03,21,170,50,33,14,0,8,-6
03,21,110,30,38,-13,0,8,2
03,21,60,30,43,7,0,7,-4
03,21,70,30,31,16,0,0,-14
03,21,80,30,18,-12,0,0,-8
03,21,50,40,30,-9,0,0,-9
03,21,40,30,33,-11,0,8,-10
03,21,50,30,58,42,0,7,4
03,21,60,40,42,-17,0,0,-1
03,21,10,30,37,14,0,0,-10
03,21,330,30,58,38,0,8,-1
03,21,20,50,60,13,0,8,-1
03,21,340,40,72,64,0,8,-2
03,21,310,30,63,40,0,8,-29
03,21,330,30,75,51,0,8,-4
03,21,310,30,78,55,0,8,-3
03,21,210,30,73,60,-1,8,3
03,21,260,20,42,39,0,2,-34
03,21,160,70,127,62,0,8,-4
03,21,180,60,80,45,0,1,1
03,21,230,50,87,34,0,7,-12
03,21,150,40,79,33,0,8,12
03,21,0,0,63,59,0,8,-3
03,21,20,50,76,46,0,8,-6
03,21,110,10,59,58,3,8,-1
03,21,210,30,59,10,0,8,-9
03,21,170,50,100,49,0,8,0
03,21,250,30,67,59,17,8,-4
03,21,190,50,57,46,0,8,-6
03,21,270,10,51,47,0,6,-2
03,21,250,10,22,20,0,8,3
03,21,250,20,73,69,0,7,-9
03,21,320,40,61,35,0,0,2
03,21,120,20,46,12,0,4,9
03,21,90,10,62,29,0,8,-2
03,21,40,10,54,15,0,5,7
03,21,250,10,25,22,0,8,24
03,21,240,20,91,77,0,8,0
03,21,190,20,52,27,0,4,-13
03,21,280,30,80,52,0,0,1
03,21,230,50,76,35,-1,8,-7
03,21,250,20,98,97,11,8,-1
03,21,240,60,113,83,0,8,0
03,21,220,50,97,90,6,8,-1
03,21,180,20,27,-13,0,8,7
03,21,100,30,65,24,0,8,-3
03,21,50,60,86,42,0,1,-10
03,21,50,50,90,20,0,8,-16
03,21,40,50,82,-8,0,8,-5
03,21,30,30,62,38,0,8,-17
03,21,40,20,64,10,0,0,1
03,21,240,30,113,80,0,2,-3
03,21,210,20,130,79,0,8,-14
03,21,130,30,152,85,0,8,-6
03,21,300,20,126,103,0,8,-12
03,21,80,90,-29,-134,0,8,-4
03,21,100,60,-27,-39,3,8,-1
03,21,100,40,-9,-44,0,8,3
03,21,190,70,67,56,3,8,-8
03,21,110,30,62,30,0,8,-10
03,21,150,20,28,25,0,7,12
03,21,250,40,49,40,4,8,0
03,21,230,40,53,10,0,0,-5
03,21,130,40,74,69,5,8,3
03,21,180,30,103,98,0,8,-14
03,21,140,20,101,79,0,8,-5
03,21,200,40,89,83,3,8,-1
03,21,220,10,51,41,0,8,-3
03,21,100,60,67,22,0,7,-7
03,21,120,40,70,57,5,8,-2
03,21,70,70,13,-3,7,8,-2
03,21,80,100,-20,-82,0,8,1
03,21,70,70,-12,-110,0,8,-1
03,21,20,30,-26,-112,0,0,2
03,21,340,30,15,-14,0,1,0
03,21,210,20,17,-4,0,8,-7
03,21,240,20,61,57,-1,8,1
03,21,170,30,63,34,0,8,0
03,21,10,30,43,19,0,0,-10
03,21,350,30,72,38,0,8,-15
03,21,250,20,36,22,0,0,-5
03,21,220,10,69,66,0,8,3
03,21,270,50,42,25,0,8,-1
03,21,170,30,81,19,-1,8,-8
03,21,140,30,70,60,4,8,-3
03,21,200,30,57,50,-1,8,-11
03,21,240,20,46,34,0,8,-5
03,21,220,50,97,65,0,8,-1
03,21,200,80,128,86,0,8,0
03,21,240,70,76,39,0,8,-2
03,21,180,50,72,45,0,8,5
03,21,180,60,108,88,0,8,2
03,21,230,70,80,52,4,8,-1
03,21,230,50,72,51,6,8,-3
03,21,260,50,93,17,0,8,-14
03,21,250,40,46,9,-1,7,2
03,21,230,20,17,0,0,8,9
03,21,250,50,48,36,1,7,3
03,21,290,50,59,48,7,8,-1
03,21,260,30,86,36,0,6,1
03,21,260,40,100,89,0,8,0
03,21,230,50,115,70,-1,8,-1
03,21,220,30,37,13,0,0,1
03,21,290,10,-7,-30,0,0,3
03,21,190,20,45,22,0,8,6
03,21,0,0,98,89,0,8,-4
03,21,350,10,63,60,0,3,-11
03,21,290,50,70,69,0,9,-1
03,21,20,40,54,24,0,8,4
03,21,230,20,47,19,0,1,-21
03,21,340,40,74,34,0,8,0
03,21,300,30,70,46,0,8,-2
03,21,300,20,87,40,0,8,-3
03,21,0,0,51,50,0,0,-12
03,21,0,0,85,60,0,0,-21
03,21,40,10,92,63,0,1,-2
03,21,50,50,72,8,0,0,-9
03,21,230,20,58,18,0,8,-2
03,21,300,50,52,35,0,8,-6
03,21,210,20,31,21,0,1,-13
03,21,170,40,55,38,0,8,0
03,21,70,50,58,49,13,8,-3
03,21,300,30,63,39,-1,8,0
03,21,210,50,90,48,0,8,-1
03,21,200,30,82,68,0,8,-9
03,21,210,50,80,37,0,8,-1
03,21,240,80,130,104,-1,8,-6
03,21,210,60,118,111,4,8,5
03,21,240,70,69,24,0,1,-4
03,21,210,20,48,36,0,4,-19
03,21,170,70,83,53,-1,8,-6
03,21,0,0,83,62,0,8,-3
03,21,260,20,72,48,0,8,-1
03,21,210,20,76,17,0,8,-8
03,21,200,10,113,71,0,8,-6
03,21,30,50,89,71,0,8,-4
03,21,50,50,56,34,-1,8,-1
03,21,70,70,45,-28,0,0,-8
03,21,90,70,47,-46,0,0,-12
03,21,120,50,56,-96,0,0,-6
03,21,110,30,53,-87,0,3,-8
03,21,70,50,70,-66,0,7,-5
03,21,40,40,53,-29,0,0,-9
03,21,360,30,84,23,0,0,-4
03,21,20,50,55,12,0,3,1
03,21,10,50,9,-77,0,0,-3
03,21,350,30,45,27,0,3,-9
03,21,10,30,19,-24,0,0,0
03,21,30,15,40,30,1,8,-3
03,21,200,21,60,51,0,8,-4
03,21,160,10,45,27,0,2,-16
03,21,120,31,72,43,0,5,-5
03,21,120,31,92,81,0,7,2
03,21,110,36,108,73,0,2,7
03,21,110,41,110,71,0,5,6
03,21,150,10,112,91,0,7,-6
03,21,220,26,96,80,0,8,-9
03,21,200,51,101,82,-1,8,-1
03,21,170,10,77,71,0,5,4
03,21,100,10,101,66,0,0,-2
03,21,130,5,84,59,0,0,2
03,21,190,10,107,88,-1,8,0
03,21,160,26,93,84,0,7,-3
03,21,140,36,126,87,0,0,1
03,21,130,10,71,64,0,0,-5
03,21,180,41,86,77,0,7,3
03,21,240,77,121,98,0,8,-5
03,21,210,41,130,124,0,7,5
03,21,260,5,72,61,0,6,-7
03,21,320,10,27,12,0,1,-19
03,21,20,41,61,12,-1,8,0
03,21,30,36,56,39,0,5,15
03,21,50,103,62,5,0,8,-2
03,21,50,51,66,5,0,0,-8
03,21,30,31,52,10,0,1,17
03,21,80,5,54,-27,0,0,-32
03,21,50,21,49,-24,0,0,-4
03,21,0,0,40,12,0,7,3
03,21,250,10,89,72,0,7,-3
03,21,180,41,91,22,0,1,-1
03,21,220,46,46,9,0,7,4
03,21,230,41,84,81,0,8,0
03,21,100,10,99,80,0,0,-10
03,21,210,72,115,52,-1,8,-20
03,21,130,31,40,27,0,1,3
03,21,210,10,71,37,0,6,-2
03,21,260,10,79,76,0,8,1
03,21,990,5,40,36,0,0,-4
03,21,280,87,50,35,17,8,-7
03,21,200,46,53,25,-1,7,-1
03,21,290,93,88,79,10,8,2
03,21,260,77,52,31,-1,7,4
03,21,250,57,51,39,0,7,8
03,21,280,21,27,-16,0,4,-4
03,21,170,26,62,27,0,7,0
03,21,0,0,57,56,0,0,-6
03,21,190,21,78,61,0,1,-14
03,21,170,15,72,40,0,5,1
03,21,240,51,103,98,0,8,1
03,21,260,77,79,11,0,2,-1
03,21,250,36,37,31,0,1,-4
03,21,300,15,21,12,0,3,6
03,21,360,72,53,32,0,7,-2
03,21,190,31,39,16,0,7,3
03,21,0,0,46,42,0,8,1
03,21,310,51,38,12,0,7,-7
03,21,280,46,31,10,0,5,-7
03,21,110,36,54,42,-1,8,-2
03,21,110,57,86,20,0,5,5
03,21,20,26,53,47,4,8,0
03,21,60,67,17,-5,0,6,-1
03,21,70,57,13,-19,0,4,-5
03,21,50,26,-26,-57,0,0,-15
03,21,300,15,9,-17,0,8,-2
03,21,260,41,34,31,2,8,4
03,21,320,36,60,48,0,8,-2
03,21,40,15,32,23,0,7,-1
03,21,90,31,33,-28,0,1,-6
03,21,140,36,23,-15,0,0,-15
03,21,210,15,67,31,0,7,-5
03,21,160,21,64,42,0,1,-24
03,21,160,21,72,29,0,0,-18
03,21,160,15,76,21,0,1,2
03,21,140,5,97,62,0,6,1
03,21,220,15,81,39,0,0,-14
03,21,270,51,99,62,0,8,0
03,21,240,57,99,66,0,2,-5
03,21,300,41,90,71,-1,8,-14
03,21,260,10,16,-20,0,0,-7
03,21,160,10,28,5,0,1,-4
03,21,0,0,65,31,0,5,-21
03,21,280,36,102,100,5,7,-1
03,21,250,31,37,2,0,1,-4
03,21,260,26,20,5,0,1,0
03,21,330,41,40,22,0,4,-1
03,21,50,36,21,-62,0,0,-22
03,21,90,26,24,-50,0,1,-6
03,21,90,36,26,-53,0,1,-7
03,21,90,26,38,-59,0,0,-4
03,21,150,31,102,-15,0,7,-9
03,21,140,51,149,72,0,7,-1
03,21,260,26,58,55,0,8,-3
03,21,240,36,32,26,0,0,7
03,21,280,41,57,34,0,0,0
03,21,170,36,51,18,0,6,-11
03,21,260,46,98,89,15,8,0
03,21,230,57,72,52,0,7,2
03,21,230,62,102,91,0,8,-1
03,21,240,51,102,80,0,5,-4
03,21,240,51,93,81,-1,8,-1
03,21,990,5,22,7,0,0,-19
03,21,240,10,56,26,0,7,-5
03,21,210,51,57,14,0,3,0
03,21,290,67,68,11,0,0,-2
03,21,240,72,101,77,0,8,-3
03,21,280,41,70,63,0,7,-2
03,21,240,67,55,28,0,1,-12
03,21,240,31,25,2,0,1,1
03,21,230,93,83,77,11,8,-1
03,21,260,21,36,15,0,7,-15
03,21,200,15,26,3,0,7,-1
03,21,30,21,21,-6,0,1,-1
03,21,220,67,81,75,2,8,2
03,21,240,108,127,119,5,8,5
03,21,240,36,85,51,0,5,-3
03,21,300,41,68,54,1,7,-3
03,21,280,21,31,10,0,0,-10
03,21,130,46,58,4,0,7,-7
03,21,210,62,122,90,-1,8,1
03,21,210,36,102,83,0,6,-5
03,21,150,46,143,101,0,2,10
03,21,180,67,119,42,-1,8,-20
03,21,230,57,53,12,0,0,4
03,21,130,51,32,13,0,8,11
03,21,220,46,15,-19,0,3,4
03,21,160,31,-9,-15,0,0,5
03,21,250,51,36,30,3,8,-10
03,21,240,41,18,12,7,5,-1
03,21,180,93,55,-3,0,6,5
03,21,200,46,33,15,0,6,-7
03,21,170,31,30,7,0,3,-7
03,21,120,51,74,-8,0,7,-5
03,21,130,10,83,25,0,2,-21
03,21,10,15,69,54,0,0,1
03,21,70,31,60,15,0,1,-12
03,21,140,31,44,0,0,8,-1
03,21,300,26,27,15,1,7,-13
03,21,200,62,56,28,0,7,1
03,21,260,108,68,15,0,1,0
03,21,220,41,53,28,0,1,18
03,21,240,21,4,-18,0,1,7
03,21,280,41,42,19,-1,7,5
03,21,320,15,14,-13,0,1,-17
03,21,0,0,23,-1,0,0,-14
03,21,200,26,72,2,0,0,-2
03,21,220,51,85,65,0,2,4
03,21,200,31,49,16,0,4,3
03,21,240,82,88,62,0,8,-5
03,21,320,46,4,-12,1,5,0
03,21,50,26,4,4,11,8,1
03,21,340,36,29,-7,0,2,5
03,21,170,31,20,-11,0,3,23
03,21,270,36,94,91,0,8,0
03,21,360,31,-3,-19,0,1,-6
03,21,290,21,18,-13,0,8,-11
03,21,340,21,-2,-13,0,3,-11
03,21,270,26,36,36,0,8,-1
03,21,220,5,12,8,-1,8,1
03,21,330,36,34,21,0,7,-1
03,21,70,46,33,-7,0,1,-4
03,21,110,51,46,-34,0,0,-6
03,21,100,26,39,-29,0,0,-9
03,21,70,51,19,-59,0,0,-12
03,21,80,62,-19,-93,0,1,-6
03,21,80,57,-21,-84,0,0,-4
03,21,80,41,-16,-63,0,0,0
03,21,80,36,26,-37,0,0,-2
03,21,70,41,34,-17,0,1,-8
03,21,70,31,60,17,0,8,-16
03,21,270,10,52,34,0,8,-2
03,21,30,15,44,28,0,8,0
03,21,340,10,24,14,0,5,1
03,21,80,31,103,31,0,7,-7
03,21,200,15,69,66,2,8,-5
03,21,0,0,69,66,0,8,-4
03,21,200,21,97,96,-1,8,-6
03,21,40,21,33,24,0,1,12
03,21,60,36,81,41,0,7,-3
03,21,30,72,31,-16,0,8,-12
03,21,20,31,0,-41,0,2,-11
03,21,270,21,23,20,-1,5,-8
03,21,310,21,14,7,0,3,-13
03,21,310,31,3,-24,0,1,-7
03,21,280,10,-21,-22,0,3,2
03,21,200,60,121,84,0,6,-2
03,21,220,30,71,67,0,7,5
03,21,180,20,72,33,-1,8,-5
03,21,160,30,95,89,0,7,0
03,21,230,30,62,45,0,1,-5
03,21,110,20,67,60,0,1,-4
03,21,140,10,88,64,0,2,-14
03,21,40,30,86,75,0,0,3
03,21,80,20,102,69,0,0,-3
03,21,300,20,77,65,0,0,-22
03,21,80,30,49,43,0,8,-2
03,21,270,40,103,72,0,0,-13
03,21,240,50,94,63,0,7,-4
03,21,250,30,95,84,0,7,-3
03,21,270,30,109,97,0,8,-3
03,21,250,40,93,74,0,7,0
03,21,90,20,87,60,0,2,-9
03,21,250,40,61,54,0,7,7
03,21,360,50,44,16,-1,8,-3
03,21,250,40,59,42,0,7,-1
03,21,350,30,26,11,0,2,-5
03,21,150,20,42,-4,0,5,-1
03,21,270,10,66,60,0,8,-1
03,21,210,10,66,59,0,8,-8
03,21,270,20,54,47,0,2,-8
03,21,240,70,104,99,5,8,2
03,21,240,100,122,79,0,8,3
03,21,300,40,55,1,0,1,-10
03,21,300,30,74,44,0,7,0
03,21,270,10,48,28,0,1,-24
03,21,0,0,60,38,0,0,-11
03,21,190,40,19,19,0,5,9
03,21,210,40,70,69,9,8,3
03,21,230,90,127,124,10,8,1
03,21,200,40,48,35,0,3,-1
03,21,220,60,66,27,0,7,1
03,21,240,90,97,96,17,8,1
03,21,250,80,93,59,0,5,-4
03,21,20,50,2,-41,0,1,-11
03,21,260,10,4,-15,0,0,-11
03,21,180,60,62,-37,0,8,-2
03,21,330,30,37,37,6,8,3
03,21,280,10,16,1,0,7,-22
03,21,270,30,56,56,0,7,-1
03,21,290,30,70,63,0,8,2
03,21,300,30,79,79,-1,8,-2
03,21,270,30,84,55,0,8,-2
03,21,230,20,88,76,0,8,1
03,21,290,20,57,34,0,7,-13
03,21,310,20,36,15,0,1,-9
03,21,320,50,70,69,1,8,-1
03,21,10,30,31,12,0,2,-14
03,21,330,50,64,49,0,8,-3
03,21,50,30,6,-50,0,0,-1
03,21,110,10,-5,-29,0,5,12
03,21,140,40,59,-43,0,7,-21
03,21,200,50,67,64,2,8,1
03,21,190,30,106,101,0,7,0
03,21,120,30,122,96,0,6,-26
03,21,120,30,163,93,0,7,-3
03,21,270,10,121,116,0,7,5
03,21,30,10,99,83,0,0,-16
03,21,270,50,98,94,1,8,-2
03,21,210,100,128,105,0,8,1
03,21,190,50,71,47,0,7,-8
03,21,150,20,42,29,0,4,5
03,21,240,30,43,41,-1,8,0
03,21,210,40,36,24,-1,7,-15
03,21,180,50,33,29,4,8,1
03,21,120,40,45,35,-1,7,2
03,21,230,30,15,15,0,2,1
03,21,990,10,8,5,0,1,-13
03,21,110,40,65,18,0,2,-9
03,21,150,30,105,81,0,7,-3
03,21,0,0,78,69,0,3,-17
03,21,340,20,56,37,0,1,-14
03,21,60,20,54,29,0,0,-27
03,21,70,30,83,28,0,8,-2
03,21,90,10,80,19,0,2,-37
03,21,330,50,67,50,0,8,-2
03,21,320,40,60,20,0,7,-4
03,21,230,30,62,46,0,8,-2
03,21,210,40,54,52,0,7,0
03,21,270,40,46,15,0,7,-6
03,21,220,40,89,88,0,7,-3
03,21,80,20,64,37,0,0,-2
03,21,180,50,121,79,-1,8,-13
03,21,230,50,85,78,0,8,-11
03,21,350,40,60,31,0,3,-5
03,21,140,10,51,32,0,1,-23
03,21,170,30,81,33,0,3,5
03,21,990,10,129,100,0,8,-6
03,21,90,30,136,76,0,0,-6
03,21,300,50,40,7,0,1,-5
03,21,220,120,66,45,5,8,2
03,21,330,70,41,21,-1,7,-16
03,21,290,40,1,-3,5,7,-2
03,21,210,30,19,6,0,5,5
03,21,240,70,81,11,0,8,-2
03,21,240,70,87,78,4,8,1
03,21,260,80,122,106,1,8,3
03,21,310,40,91,73,-1,8,0
03,21,250,60,96,76,0,8,-2
03,21,300,30,70,45,0,7,-1
03,21,200,30,85,45,0,7,-4
03,21,230,40,89,79,0,8,-1
03,21,280,30,47,27,2,7,-1
03,21,260,60,65,28,-1,8,-6
03,21,270,30,74,63,0,8,-2
03,21,340,50,77,53,-1,8,-6
03,21,340,30,53,46,4,8,3
03,21,240,10,27,18,0,6,-7
03,21,340,10,46,36,0,7,12
03,21,60,20,57,30,0,2,-6
03,21,240,10,76,40,0,5,-30
03,21,70,30,113,52,0,7,-7
03,21,170,30,62,54,0,2,4
03,21,180,40,91,57,0,8,-6
03,21,130,30,62,40,0,7,-5
03,21,20,70,55,32,2,8,-6
03,21,50,60,37,22,-1,8,-2
03,21,40,60,70,45,-1,8,-6
03,21,990,10,58,47,0,8,0
03,21,0,0,61,48,0,8,-1
03,21,340,20,23,16,0,8,-1
03,21,60,50,15,-5,0,8,-2
03,21,60,40,-3,-29,0,7,0
03,21,360,30,24,1,0,8,-1
03,21,90,20,10,-29,0,1,-5
03,21,110,50,50,-11,0,3,-4
03,21,990,10,80,79,0,7,-9
03,21,230,50,95,75,0,7,-9
03,21,200,40,92,81,0,6,1
03,21,240,70,112,92,0,8,-8
03,21,190,60,131,121,1,8,3
03,21,170,50,57,26,0,1,10
03,21,240,40,28,17,0,1,-6
03,21,190,30,37,26,0,1,-10
03,21,220,30,82,66,-1,7,-1
03,21,60,70,78,42,0,8,-3
03,21,30,20,55,47,0,8,0
03,21,320,50,42,40,33,8,-13
03,21,990,10,-2,-37,0,5,-13
03,21,80,50,39,-31,0,8,-2
03,21,280,40,60,52,0,8,-5
03,21,190,20,49,37,0,8,2
03,21,260,40,85,69,0,7,-18
03,21,60,70,45,29,0,8,-2
03,21,30,40,25,-1,0,8,1
03,21,70,40,29,2,0,8,0
03,21,120,60,44,-2,0,7,-6
03,21,180,50,63,35,0,3,-7
03,21,210,10,28,26,0,6,11
03,21,230,20,46,32,0,1,-9
03,21,210,50,113,74,0,7,-1
03,21,30,30,1,-20,0,4,-6
03,21,280,30,26,3,-1,,-12
03,21,220,30,38,18,0,,15
03,21,0,0,21,12,0,0,-8
03,21,230,20,51,27,0,7,-23
03,21,230,80,94,82,0,8,3
03,21,280,10,54,21,0,2,-17
03,21,190,40,75,36,0,3,-2
03,21,270,110,62,17,6,,-1
03,21,190,40,81,17,0,,-6
03,21,160,20,53,-1,0,4,0
03,21,30,20,82,76,-1,8,-1
03,21,40,50,33,9,0,6,-8
03,21,100,60,33,20,-1,8,1
03,21,130,40,89,66,0,7,-9
03,21,100,30,122,59,0,,-14
03,21,160,30,95,84,0,,4
03,21,220,90,99,69,0,3,-2
03,21,220,50,91,42,0,7,0
03,21,200,20,94,83,3,8,-8
03,21,250,40,93,83,0,3,-4
03,21,360,30,47,16,0,3,-7
03,21,20,30,35,8,0,,1
03,21,50,30,35,-11,0,,-6
03,21,0,0,21,-1,0,6,-8
03,21,30,20,25,-6,0,1,0
03,21,40,30,28,-29,0,0,1
03,21,80,40,92,-15,0,0,-9
03,21,150,10,51,4,0,,-20
03,21,150,30,95,43,0,,-15
03,21,180,30,95,76,0,,-2
03,21,130,40,91,84,7,,-2
03,21,320,50,61,51,0,,-1
03,21,150,30,40,26,0,4,-4
03,21,180,40,80,71,1,8,0
03,21,140,30,116,74,0,7,-6
03,21,200,20,28,24,0,2,-9
03,21,170,60,73,42,1,8,-11
03,21,230,80,81,59,1,,-1
03,21,200,20,78,39,0,,-13
03,21,190,30,99,74,0,7,-5
03,21,230,60,91,83,8,8,-3
03,21,340,40,63,33,0,7,-4
03,21,20,30,29,-15,0,0,-13
03,21,80,50,58,-6,0,1,-10
03,21,60,40,57,11,0,,-7
03,21,990,10,26,-14,0,,-13
03,21,30,20,26,4,0,3,-6
03,21,0,0,23,8,0,1,-5
03,21,20,30,26,9,0,1,-5
03,21,100,20,44,10,0,3,-10
03,21,70,50,62,-16,0,,-8
03,21,100,20,80,-67,0,,-19
03,21,0,0,48,-8,0,,-9
03,21,300,20,121,36,0,7,-5
03,21,350,10,69,43,0,3,-9
03,21,20,20,89,13,0,,-28
03,21,320,10,70,26,0,2,-15
03,21,70,40,150,55,0,6,-13
03,21,270,10,124,84,0,,-11
03,21,330,30,62,35,0,,-6
03,21,150,20,41,11,0,,-6
03,21,280,20,14,-20,0,7,-8
03,21,260,30,2,-14,0,,-11
03,21,150,20,-4,-25,0,7,7
03,21,90,30,77,6,0,8,-9
03,21,190,10,37,23,12,8,-6
03,21,240,20,11,0,0,,8
03,21,350,30,27,16,0,,-2
03,21,310,20,7,-6,0,3,0
03,21,40,40,12,-22,0,6,-9
03,21,50,30,12,-1,-1,8,-1
03,21,110,20,25,-16,0,7,-6
03,21,130,50,39,32,-1,8,6
03,21,170,30,53,31,0,,13
03,21,200,80,106,54,1,,5
03,21,210,40,122,79,0,7,-4
03,21,180,10,82,75,0,4,-11
03,21,330,20,98,73,0,4,-20
03,21,230,70,102,68,0,2,-4
03,21,260,60,102,89,5,3,-6
03,21,250,150,127,79,0,,-12
03,21,280,70,66,45,6,,8
03,21,280,20,44,32,-1,8,3
03,21,320,20,26,14,0,4,-5
03,21,10,50,45,10,0,7,-14
03,21,10,20,12,-23,0,1,-17
03,21,0,0,23,14,0,7,-17
03,21,990,10,6,-17,0,,1
03,21,230,10,26,-6,0,,-10
03,21,30,30,44,15,0,,1
03,21,70,30,117,16,0,,-8
03,21,90,30,143,47,0,,-4
03,21,210,60,-6,-62,0,,-2
03,21,110,10,-12,-18,4,,0
03,21,20,50,-21,-44,0,,-6
03,21,160,50,-20,-28,4,,0
03,21,40,60,-27,-61,0,,-3
03,21,330,50,14,5,0,,0
03,21,310,40,40,28,0,,-1
03,21,300,50,49,37,0,,2
03,21,270,10,1,-7,0,,-5
03,21,220,20,6,-6,0,,-8
03,21,270,40,12,5,11,,3
03,21,280,60,34,15,0,,-3
03,21,210,30,21,-18,0,,2
03,21,200,20,26,-9,0,,-1
03,21,210,50,109,61,0,,0
03,21,210,70,167,74,0,,-14
03,21,240,50,109,81,0,,-14
03,21,270,20,118,87,0,,-2
03,21,60,30,110,97,0,,-10
03,21,90,30,88,29,0,,-5
03,21,110,40,120,11,0,,-8
03,21,180,20,112,108,0,,6
03,21,80,30,132,69,0,,-2
03,21,260,30,107,100,6,,-1
03,21,360,10,103,95,0,,-5
03,21,30,30,90,68,0,,2
03,21,110,10,125,110,0,,-6
03,21,290,20,89,80,0,,-2
03,21,10,30,113,100,0,,-1
03,21,110,10,116,109,4,,-5
03,21,60,30,99,45,0,,2
03,21,220,50,-4,-41,0,,1
03,21,190,40,-8,-15,0,,-2
03,21,300,10,-27,-28,0,,-16
03,21,230,30,-13,-31,0,,-7
03,21,260,30,9,1,2,,-4
03,21,260,40,14,0,-1,,-6
03,21,150,30,32,-27,0,,-2
03,21,240,40,95,94,6,,0
03,21,210,50,79,69,0,,-3
03,21,170,20,36,33,4,,2
03,21,10,70,-26,-67,0,,-5
03,21,80,20,-21,-90,0,,-1
03,21,90,30,-2,-51,0,,-1
03,21,80,30,24,-46,0,,-1
03,21,50,60,6,-29,0,,-7
03,21,50,50,12,-28,0,,-2
03,21,50,50,10,-35,0,,-1
03,21,50,40,-3,-16,0,,-4
03,21,60,50,39,18,0,,-1
03,21,40,70,30,-12,0,,-12
03,21,20,40,7,-42,0,,-5
03,21,40,30,-10,-49,0,,0
03,21,110,40,59,-57,0,,-9
03,21,130,20,97,82,0,,-7
03,21,180,40,117,97,0,,-2
03,21,190,30,142,133,3,,-3
03,21,220,50,103,66,0,,0
03,21,220,70,89,27,0,,-11
03,21,170,30,83,62,0,,2
03,21,220,60,117,105,8,,-4
03,21,200,40,107,69,0,,0
03,21,250,80,83,30,0,8,-14
03,21,130,30,58,-7,0,7,0
03,21,210,30,42,32,0,0,6
03,21,130,60,113,45,0,7,-6
03,21,170,50,72,23,0,0,11
03,21,200,70,85,74,9,8,-3
03,21,240,30,55,51,0,2,-1
03,21,220,20,45,32,0,0,-7
03,21,220,20,13,5,0,0,10
03,21,220,20,50,36,0,2,-11
03,21,0,0,57,49,0,0,13
03,21,10,20,72,30,0,0,8
03,21,350,20,78,28,0,7,-17
03,21,230,10,45,29,0,0,-11
03,21,210,10,39,28,0,0,-11
03,21,230,30,73,68,0,3,7
03,21,240,90,104,69,0,3,-1
03,21,230,50,23,1,24,3,5
03,21,270,10,11,-10,0,0,-21
03,21,340,50,35,13,0,1,-7
03,21,300,30,32,8,0,8,0
03,21,340,70,60,-9,0,8,-14
03,21,10,20,52,14,0,8,2
03,21,50,40,100,53,0,8,-9
03,21,50,40,63,23,0,0,24
03,21,90,40,131,12,0,0,-13
03,21,100,10,107,3,0,0,5
03,21,0,0,76,30,0,0,-22
03,21,170,30,88,69,0,3,-17
03,21,40,50,98,63,0,7,3
03,21,50,60,132,38,0,7,-7
03,21,240,80,85,41,0,7,-12
03,21,250,40,91,37,0,8,-2
03,21,240,40,39,-7,0,8,-10
03,21,320,30,2,-3,-1,1,4
03,21,230,30,-1,-25,0,3,21
03,21,210,40,76,64,0,8,-2
03,21,210,20,37,36,0,5,-2
03,21,190,60,84,16,0,8,-2
03,21,200,50,59,53,0,4,-1
03,21,180,110,67,42,2,7,-7
03,21,250,110,121,86,0,8,-13
03,21,240,70,66,2,0,0,-7
03,21,220,50,81,47,0,8,-4
03,21,180,10,40,20,0,8,-9
03,21,80,30,109,78,0,6,-2
03,21,10,70,64,48,-1,8,-1
03,21,280,20,27,3,0,6,2
03,21,260,20,16,-2,0,1,17
03,21,300,30,41,8,0,8,-7
03,21,230,110,53,44,31,8,7
03,21,230,40,26,20,0,8,-4
03,21,20,60,5,-34,0,8,-5
03,21,250,30,23,-18,0,5,-6
03,21,260,30,0,-9,-1,5,3
03,21,220,20,1,-7,1,7,-1
03,21,130,20,38,28,0,8,-1
03,21,60,20,62,53,0,8,-1
03,21,210,60,77,64,2,7,7
03,21,160,60,96,30,0,4,-3
03,21,180,40,89,81,2,8,-2
03,21,150,10,64,43,0,0,-18
03,21,230,40,99,74,0,8,-2
03,21,240,20,13,4,0,0,-13
03,21,170,60,77,6,0,8,-9
03,21,190,30,57,45,0,8,-8
03,21,320,60,48,24,0,8,-3
03,21,280,30,26,-2,0,5,-11
03,21,200,50,75,48,0,8,1
03,21,270,60,34,17,11,7,7
03,21,250,50,64,19,2,8,-5
03,21,310,40,55,36,0,8,-7
03,21,200,20,30,7,0,8,20
03,21,280,40,90,83,0,8,-1
03,21,290,10,70,44,0,7,-6
03,21,250,30,84,69,0,8,-1
03,21,310,20,78,52,0,6,-3
03,21,120,10,49,44,0,3,-8
03,21,40,40,37,2,0,0,-15
03,21,140,10,21,-31,0,7,7
03,21,40,30,37,-8,0,0,9
03,21,0,0,17,-25,0,0,-19
03,21,290,20,41,-24,0,0,-28
03,21,250,50,83,42,0,8,-1
03,21,260,40,38,16,0,2,-3
03,21,240,30,14,-9,0,7,8
03,21,280,30,56,37,2,8,0
03,21,270,60,86,76,17,8,-11
03,21,200,50,53,24,0,0,-4
03,21,240,40,58,44,-1,8,-3
03,21,280,20,29,-4,0,1,-14
03,21,0,0,22,-2,0,0,-3
03,21,30,30,61,10,0,0,-7
03,21,270,10,7,-16,0,0,-18
03,21,290,20,-3,-23,0,0,-19
03,21,50,30,28,-16,0,8,-18
03,21,340,30,-1,-48,0,0,-17
03,21,260,50,24,19,10,8,16
03,21,40,40,-14,-58,0,1,-2
03,21,50,40,-14,-91,0,0,-2
03,21,50,40,-10,-32,0,0,-3
03,21,60,40,1,-67,0,0,-12
03,21,20,70,-6,-29,0,0,-4
03,21,310,20,29,-2,0,8,0
03,21,300,20,27,0,0,8,5
03,21,260,40,47,9,0,8,0
03,21,300,30,59,36,0,8,-1
03,21,270,40,61,47,10,8,0
03,21,160,30,43,15,0,1,5
03,21,190,30,81,16,0,7,-11
03,21,180,30,117,6,0,7,2
03,21,180,30,138,91,-1,8,-14
03,21,210,70,146,113,1,8,-4
03,21,310,10,56,38,0,7,-15
03,21,190,20,98,47,0,8,0
03,21,110,30,115,67,0,7,-8
03,21,130,20,131,70,0,7,-8
03,21,170,20,138,86,-1,8,-22
03,21,180,40,95,54,0,8,0
03,21,230,30,89,51,0,8,7
03,21,190,30,85,67,0,8,5
03,21,130,50,119,77,0,7,-3
03,21,200,50,55,38,1,6,-2
03,21,220,80,49,19,2,8,-1
03,21,40,70,27,9,0,8,0
03,21,50,50,18,-33,0,0,-7
03,21,50,40,17,-27,0,0,-5
03,21,20,40,3,-30,0,0,-11
03,21,30,40,14,-13,0,0,0
03,21,50,30,1,-49,0,0,1
03,21,120,30,44,-108,0,0,-10
03,21,200,30,63,0,0,0,4
03,21,220,30,46,27,0,4,-3
03,21,240,90,98,59,0,8,1
03,21,180,30,57,15,0,5,9
03,21,190,50,115,52,-1,7,-9
03,21,160,20,96,91,3,8,1
03,21,70,30,115,93,0,8,-2
03,21,70,60,122,78,0,0,-9
03,21,40,60,57,28,0,8,-2
03,21,280,40,52,42,0,8,-3
03,21,30,40,66,63,8,8,-9
03,21,0,0,16,-20,0,0,-12
03,21,230,10,16,-17,0,0,-6
03,21,0,0,35,-5,0,0,-6
03,21,20,20,82,49,0,5,-3
03,21,20,10,77,52,0,0,-6
03,21,80,10,95,58,0,3,-20
03,21,10,30,94,60,0,7,-20
03,21,80,30,65,20,0,7,-7
03,21,330,10,46,0,0,1,2
03,21,0,0,38,7,0,0,-11
03,21,0,0,58,24,0,0,-18
03,21,190,40,102,95,2,8,1
03,21,240,70,133,108,0,7,-3
03,21,10,20,74,71,0,8,-1
03,21,110,10,91,79,0,8,2
03,21,230,20,97,72,-1,8,-3
03,21,140,40,89,81,2,8,-2
03,21,140,40,36,14,-1,8,4
03,21,190,20,50,29,0,8,-15
03,21,290,40,61,54,-1,8,1
03,21,240,20,25,19,0,0,-13
03,21,220,40,85,52,0,8,-2
03,21,260,30,88,83,0,8,-2
03,21,300,20,77,56,0,7,-14
03,21,10,30,102,78,0,8,-6
03,21,30,20,81,49,0,8,1
03,21,60,20,40,19,0,0,-16
03,21,150,20,84,56,0,0,2
03,21,320,10,69,63,0,0,12
03,21,180,30,90,74,0,8,-5
03,21,350,20,54,38,0,7,6
03,21,270,10,33,3,0,0,-17
03,21,0,0,74,42,0,7,-3
03,21,40,20,75,30,0,0,-1
03,21,60,40,133,80,0,0,-3
03,21,10,10,103,63,0,0,-16
03,21,360,30,99,74,0,7,-9
03,21,20,10,95,29,0,0,-30
03,21,20,40,92,57,0,0,-10
03,21,10,20,97,66,0,0,-9
03,21,290,20,90,9,0,0,-12
03,21,300,40,86,53,0,8,3
03,21,310,30,73,61,-1,8,1
03,21,350,50,49,4,0,7,-21
03,21,20,40,29,-9,0,8,-3
03,21,280,10,25,-12,0,8,1
03,21,100,20,44,-4,0,8,-1
03,21,130,30,65,-19,0,0,-7
03,21,140,20,83,4,0,2,-8
03,21,50,30,106,13,0,8,2
03,21,70,30,96,68,2,8,-3
03,21,70,20,102,90,3,8,1
03,21,260,70,48,33,0,8,-6
03,21,50,60,-6,-35,0,8,-3
03,21,50,70,-25,-38,2,8,1
03,21,20,30,-67,-109,0,1,-1
03,21,280,20,-10,-12,0,8,-27
03,21,0,0,-44,-67,0,0,-6
03,21,180,50,34,-22,0,8,-1
03,21,140,50,52,-49,0,8,3
03,21,130,40,47,38,4,8,-1
03,21,160,20,61,10,0,7,-3
03,21,60,30,42,37,0,8,-11
03,21,310,10,7,3,0,8,-2
03,21,80,30,11,-27,0,3,-6
03,21,80,80,13,-47,0,7,-3
03,21,80,90,-4,-81,0,8,-4
03,21,70,70,3,-120,0,7,-4
03,21,70,70,9,-97,0,8,-6
03,21,70,50,5,-83,0,0,-4
03,21,50,40,9,-69,0,1,5
03,21,20,40,-5,-11,1,8,-3
03,21,0,0,-14,-44,0,8,1
03,21,10,40,2,-16,-1,5,-17
03,21,50,30,14,-30,0,8,-7
03,21,200,30,55,39,0,8,-3
03,21,150,40,47,-6,0,8,-5
03,21,100,20,53,10,0,0,0
03,21,240,10,42,34,0,3,-12
03,21,0,0,13,5,0,0,-10
03,21,160,20,31,-3,0,1,22
03,21,290,20,103,75,0,8,-5
03,21,140,30,103,47,0,0,-3
03,21,140,20,73,23,0,0,16
03,21,360,50,85,74,0,0,-7
03,21,50,30,87,60,0,0,5
03,21,30,10,60,34,0,0,-16
03,21,10,30,75,40,0,0,-16
03,21,250,30,84,51,0,0,-1
03,21,230,60,94,50,0,7,3
03,21,210,30,60,40,0,0,-3
03,21,210,10,65,36,0,1,-4
03,21,250,60,93,76,25,8,1
03,21,220,50,107,79,0,1,-6
03,21,200,50,151,55,0,3,-9
03,21,170,30,31,11,0,0,4
03,21,200,30,39,9,0,0,-10
03,21,210,30,27,16,0,1,-6
03,21,150,20,40,12,0,0,-23
03,21,30,40,26,-17,0,1,3
03,21,30,20,23,9,0,3,18
03,21,80,40,109,19,0,7,-4
03,21,70,40,119,41,0,1,-11
03,21,80,20,143,26,0,0,-22
03,21,80,20,157,39,0,3,-9
03,21,40,20,149,66,0,7,-11
03,21,180,50,77,32,-1,8,9
03,21,240,50,34,-13,0,0,-4
03,21,250,40,37,12,-1,7,-12
03,21,290,30,43,19,0,5,0
03,21,210,20,5,-10,0,0,8
03,21,200,30,40,12,0,0,-1
03,21,200,40,85,-6,0,0,-8
03,21,280,20,76,58,0,4,5
03,21,170,30,65,52,0,7,7
03,21,360,30,43,13,0,0,-19
03,21,10,10,23,-2,0,2,-19
03,21,80,40,77,14,0,0,-9
03,21,70,40,58,-26,0,8,-2
03,21,60,40,42,27,-1,8,1
03,21,70,40,60,24,0,8,-1
03,21,0,0,29,11,0,0,-9
03,21,340,10,67,37,0,8,-5
03,21,320,40,68,53,0,8,-4
03,21,0,0,39,31,0,6,10
03,21,210,20,34,31,0,7,4
03,21,10,60,62,34,0,8,-4
03,21,990,10,-4,-15,0,0,-10
03,21,290,10,39,16,0,1,-24
03,21,90,10,73,36,3,8,-11
03,21,280,20,56,46,0,8,-3
03,21,240,50,61,55,0,4,-3
03,21,210,10,13,3,0,0,-13
03,21,220,90,115,105,-1,8,-2
03,21,270,60,79,44,0,5,0
03,21,230,90,68,25,-1,8,-12
03,21,270,60,52,12,0,0,3
03,21,200,60,61,55,1,8,6
03,21,230,70,29,20,3,8,0
03,21,200,20,-14,-27,0,0,12
03,21,0,0,-10,-11,0,7,-7
03,21,160,10,-4,-7,0,8,-6
03,21,250,30,15,9,0,6,2
03,21,240,10,-11,-13,0,0,-5
03,21,180,50,35,15,0,8,-4
03,21,100,40,52,-14,0,8,-7
03,21,40,30,35,2,0,4,-7
03,21,60,40,32,10,0,0,-7
03,21,60,30,29,-13,0,0,-20
03,21,50,60,34,-6,0,0,-10
03,21,360,20,29,-19,0,8,-12
03,21,40,30,32,26,0,0,13
03,21,50,40,37,-18,0,0,-1
03,21,360,20,38,8,0,0,-6
03,21,350,30,57,30,0,8,0
03,21,10,40,59,13,0,8,-1
03,21,320,30,73,62,0,8,-4
03,21,300,30,66,32,0,8,-3
03,21,320,20,64,52,0,7,-9
03,21,320,20,77,59,0,8,-2
03,21,230,40,73,59,1,8,2
03,21,280,20,41,30,0,1,-18
03,21,160,60,121,62,0,8,-2
03,21,180,40,83,44,0,4,3
03,21,210,50,69,47,-1,8,10
03,21,160,30,79,43,0,8,8
03,21,140,10,71,33,0,8,0
03,21,20,50,84,32,0,8,-6
03,21,120,20,61,60,2,8,2
03,21,210,50,45,9,0,8,-5
03,21,140,30,91,46,0,8,4
03,21,220,40,79,75,4,8,-14
03,21,200,40,51,42,0,6,4
03,21,260,30,46,35,0,7,10
03,21,260,10,30,23,0,3,-27
03,21,260,20,76,71,0,7,-18
03,21,330,40,63,35,0,3,-9
03,21,120,20,70,12,0,8,-11
03,21,80,20,85,26,0,8,1
03,21,40,20,45,4,0,8,5
03,21,280,20,52,33,0,8,-14
03,21,270,20,95,75,0,8,0
03,21,220,10,49,33,0,1,-6
03,21,200,20,79,48,0,6,20
03,21,230,70,84,9,0,8,-16
03,21,280,20,99,94,5,8,-2
03,21,230,70,112,78,0,8,-10
03,21,220,70,100,83,-1,8,-2
03,21,160,20,21,-19,0,8,4
03,21,110,20,71,23,0,8,-7
03,21,50,60,89,42,0,0,-9
03,21,50,60,91,21,0,3,-6
03,21,40,60,90,-4,0,1,-9
03,21,50,40,75,35,0,8,-4
03,21,0,0,59,4,0,0,-10
03,21,240,30,119,86,0,8,-16
03,21,210,20,125,80,0,8,-4
03,21,140,30,159,82,0,8,-8
03,21,320,30,132,101,0,8,-21
03,21,70,80,-26,-140,0,8,-4
03,21,100,50,-28,-44,2,8,0
03,21,100,30,-4,-34,0,8,1
03,21,180,60,65,55,4,8,-5
03,21,100,20,73,30,0,8,-1
03,21,120,20,4,0,0,0,9
03,21,260,60,48,37,2,8,-2
03,21,230,60,43,7,0,0,-5
03,21,130,30,75,68,7,8,2
03,21,170,30,114,99,0,8,-16
03,21,140,20,104,78,0,1,-3
03,21,200,40,88,82,3,8,1
03,21,230,30,48,39,0,8,-3
03,21,90,40,70,21,0,8,-5
03,21,120,30,70,58,4,8,0
03,21,70,70,13,-11,1,8,-1
03,21,70,80,-20,-87,0,8,1
03,21,70,60,-11,-114,0,8,-2
03,21,20,30,-30,-123,0,0,11
03,21,350,40,19,-34,0,2,-11
03,21,240,20,8,-17,0,8,2
03,21,220,30,64,55,0,8,-2
03,21,160,30,63,28,0,8,-1
03,21,40,20,34,6,0,0,-2
03,21,360,40,74,34,0,8,-7
03,21,260,20,31,19,0,1,-26
03,21,180,20,67,64,0,8,4
03,21,270,50,42,27,0,8,-1
03,21,130,30,80,2,0,8,-8
03,21,130,20,71,60,9,8,-2
03,21,350,10,69,55,0,8,-12
03,21,250,30,58,38,0,8,-2
03,21,220,70,93,62,0,8,-9
03,21,200,80,125,84,0,8,3
03,21,230,80,61,44,-1,8,5
03,21,180,40,65,35,0,8,12
03,21,190,60,112,85,0,7,3
03,21,220,120,82,39,-1,8,-7
03,21,270,60,69,48,3,8,-1
03,21,240,40,77,27,0,8,4
03,21,230,50,29,12,0,4,12
03,21,230,30,15,-8,0,8,-2
03,21,260,60,47,33,3,8,-1
03,21,260,70,64,28,0,7,-4
03,21,250,40,79,36,0,7,0
03,21,280,50,101,84,-1,8,0
03,21,200,80,114,63,0,8,3
03,21,240,70,40,9,0,2,-4
03,21,270,10,2,-23,0,0,-6
03,21,210,10,40,21,0,8,-3
03,21,300,10,102,83,0,8,-4
03,21,350,10,77,64,0,7,-16
03,21,300,20,101,58,0,8,-18
03,21,10,40,81,46,0,8,-9
03,21,250,20,36,3,0,2,-8
03,21,300,20,63,27,0,8,2
03,21,290,20,73,37,0,8,-3
03,21,340,30,95,38,0,8,-5
03,21,10,10,52,43,0,6,-10
03,21,70,10,84,48,0,0,-7
03,21,10,10,90,52,0,1,5
03,21,50,50,78,9,0,0,-10
03,21,220,40,57,20,0,8,-16
03,21,290,30,58,46,-1,8,-7
03,21,190,20,29,19,0,3,-6
03,21,170,30,53,32,0,8,-1
03,21,50,60,57,46,27,8,0
03,21,290,20,56,40,0,8,1
03,21,200,50,88,39,0,8,-1
03,21,200,50,74,63,0,8,1
03,21,220,50,75,36,0,8,3
03,21,240,100,127,102,-1,8,0
03,21,220,70,120,114,12,8,9
03,21,240,90,71,22,0,8,-8
03,21,210,20,43,35,0,7,-7
03,21,180,50,85,42,0,8,-2
03,21,160,20,100,60,0,7,-2
03,21,300,10,85,47,-1,8,-5
03,21,210,20,78,2,0,2,-4
03,21,190,20,86,56,0,6,-10
03,21,30,50,91,72,0,8,-3
03,21,50,60,52,33,2,8,1
03,21,60,70,46,-31,0,0,-8
03,21,80,40,52,-50,0,0,-4
03,21,120,30,54,-90,0,0,0
03,21,130,20,57,-92,0,0,-5
03,21,70,60,77,-68,0,8,-6
03,21,50,50,69,-32,0,0,-9
03,21,30,50,101,12,0,0,-10
03,21,10,70,56,4,0,1,-6
03,21,10,50,12,-80,0,0,-12
03,21,340,20,37,24,0,5,-4
03,21,360,20,24,-49,0,0,-7
03,21,30,10,40,24,1,8,-4
03,21,180,10,58,44,-1,8,-8
03,21,210,5,27,11,0,2,-3
03,21,140,41,73,44,0,6,-5
03,21,120,15,78,67,0,6,7
03,21,120,26,111,65,0,6,8
03,21,120,15,94,67,0,2,16
03,21,110,10,96,82,0,7,0
03,21,220,15,81,72,0,6,1
03,21,210,31,116,61,0,8,-12
03,21,180,15,74,59,0,1,-4
03,21,80,5,80,60,0,1,-8
03,21,120,5,75,55,0,0,-10
03,21,230,5,108,91,0,7,10
03,21,150,10,96,84,0,8,-7
03,21,130,26,116,85,0,0,-3
03,21,70,5,61,57,0,3,-14
03,21,210,36,89,74,0,8,-1
03,21,250,72,118,94,-1,8,-3
03,21,220,57,128,119,-1,6,2
03,21,280,10,81,57,0,6,-4
03,21,330,5,30,14,0,0,-13
03,21,10,21,63,6,0,7,-4
03,21,40,31,80,33,0,6,-10
03,21,70,87,61,6,0,8,-3
03,21,80,57,60,1,0,0,-7
03,21,40,5,55,5,0,6,8
03,21,60,5,22,-29,0,2,-9
03,21,50,10,28,-23,0,0,-1
03,21,300,10,55,7,0,6,5
03,21,250,15,95,62,0,8,-1
03,21,210,41,94,23,0,0,-7
03,21,230,41,43,15,0,0,5
03,21,260,46,84,76,0,8,1
03,21,160,21,105,86,0,8,-12
03,21,230,51,121,50,0,8,-16
03,21,180,15,39,23,0,2,-6
03,21,150,10,74,35,0,7,-8
03,21,300,15,82,71,0,8,-10
03,21,180,10,45,41,0,0,-4
03,21,240,82,79,57,5,8,-35
03,21,230,51,50,24,0,3,2
03,21,260,82,92,72,6,8,2
03,21,270,51,53,25,0,8,-20
03,21,250,41,44,23,0,7,-11
03,21,300,15,36,-6,0,6,-3
03,21,160,15,61,27,0,7,1
03,21,0,0,68,64,0,7,3
03,21,210,15,59,53,0,3,12
03,21,220,15,72,50,0,7,7
03,21,260,46,105,94,0,8,0
03,21,270,62,78,16,0,5,-2
03,21,280,26,43,23,0,4,-6
03,21,290,10,14,10,0,2,10
03,21,10,62,52,26,0,7,-3
03,21,210,31,33,9,0,7,9
03,21,10,10,40,33,0,8,3
03,21,330,31,32,13,2,7,0
03,21,290,21,34,8,-1,6,-8
03,21,110,36,49,26,-1,8,-2
03,21,120,51,86,26,0,4,-5
03,21,320,10,53,47,5,8,-3
03,21,50,62,19,-8,0,5,-2
03,21,60,67,7,-23,0,4,-1
03,21,50,36,-15,-55,0,0,-8
03,21,290,10,9,-13,0,7,1
03,21,260,41,38,38,-1,8,5
03,21,320,36,60,51,0,8,-2
03,21,20,21,44,29,0,3,-4
03,21,90,46,18,-20,0,1,-6
03,21,130,26,23,-22,0,0,-2
03,21,250,15,61,34,0,7,2
03,21,140,5,52,35,0,0,-6
03,21,170,10,69,28,0,0,-22
03,21,150,31,91,22,0,1,-14
03,21,0,0,105,66,0,7,-6
03,21,230,21,79,38,0,0,-12
03,21,260,46,93,67,0,8,-1
03,21,230,46,94,67,0,3,-1
03,21,310,46,88,69,-1,8,-11
03,21,220,26,20,-12,0,0,-1
03,21,0,0,36,12,0,1,-6
03,21,310,5,82,39,0,4,-24
03,21,280,51,104,98,2,8,-4
03,21,250,41,56,12,0,1,-5
03,21,280,21,32,11,0,0,-1
03,21,330,41,40,15,0,5,-3
03,21,350,21,24,-69,0,0,-14
03,21,100,10,-9,-53,0,2,-12
03,21,80,36,-7,-24,0,0,-8
03,21,80,31,-5,-57,0,0,-1
03,21,120,26,72,-17,0,7,18
03,21,130,31,142,75,0,7,5
03,21,260,21,62,58,-1,8,1
03,21,240,41,34,28,0,0,7
03,21,280,41,59,27,0,2,0
03,21,170,41,59,16,0,7,-9
03,21,250,51,98,87,11,8,-2
03,21,220,62,73,48,0,6,0
03,21,220,57,100,89,0,8,1
03,21,250,72,107,83,0,8,-4
03,21,240,51,92,83,-1,8,-1
03,21,200,10,19,6,0,0,-5
03,21,280,10,54,13,0,7,-4
03,21,200,57,51,7,0,2,2
03,21,290,77,72,4,0,1,-6
03,21,240,82,104,78,0,8,-4
03,21,270,36,64,58,0,6,-4
03,21,230,67,42,29,-1,7,-29
03,21,240,41,30,7,0,2,-15
03,21,220,93,83,80,9,8,-1
03,21,250,26,32,4,0,5,-15
03,21,200,21,26,5,0,7,-4
03,21,360,10,13,-13,0,1,-11
03,21,220,77,79,75,0,8,1
03,21,240,113,130,114,-1,8,4
03,21,230,41,88,44,0,6,-7
03,21,290,41,68,53,-1,7,-5
03,21,290,15,25,6,0,0,-4
03,21,120,36,48,2,0,7,0
03,21,200,67,117,94,0,8,1
03,21,210,31,92,83,0,5,-14
03,21,160,46,151,101,0,3,-3
03,21,180,67,118,33,0,8,-6
03,21,230,67,53,5,0,0,-3
03,21,140,46,32,13,0,7,8
03,21,220,57,22,-14,0,5,2
03,21,180,26,7,-12,0,3,-3
03,21,210,51,24,23,6,8,1
03,21,250,46,23,17,10,8,-1
03,21,160,72,53,-3,0,7,5
03,21,180,41,22,18,0,5,7
03,21,160,21,32,11,0,1,-5
03,21,120,51,66,-4,0,4,-5
03,21,90,10,57,22,0,2,0
03,21,20,21,63,38,0,0,4
03,21,30,21,47,14,0,0,-17
03,21,110,26,27,-7,0,8,0
03,21,210,26,34,18,3,8,-26
03,21,190,62,57,30,0,7,2
03,21,250,87,67,20,0,3,-5
03,21,220,36,52,35,0,4,7
03,21,240,21,10,-6,0,3,0
03,21,280,46,52,22,0,8,-2
03,21,300,15,20,-14,0,3,-7
03,21,0,0,16,-2,0,0,-3
03,21,190,26,59,-2,0,0,-8
03,21,220,51,83,68,0,5,2
03,21,220,21,42,22,0,7,7
03,21,240,87,90,66,-1,8,-1
03,21,290,36,7,-20,0,3,-3
03,21,90,46,5,5,12,8,0
03,21,340,21,27,-16,0,1,-3
03,21,170,21,28,-6,0,1,12
03,21,260,31,94,93,0,8,1
03,21,350,21,-4,-24,0,1,-7
03,21,290,15,15,-6,-1,8,-11
03,21,360,21,-8,-18,0,1,-8
03,21,280,26,37,37,-1,8,1
03,21,260,21,11,5,-1,8,-2
03,21,300,26,40,19,0,7,-5
03,21,70,62,19,-7,0,1,6
03,21,80,36,13,-21,0,0,8
03,21,80,31,-2,-37,0,0,7
03,21,60,51,-2,-60,0,0,-7
03,21,80,57,-28,-99,0,0,-6
03,21,80,57,-30,-81,0,0,-3
03,21,80,51,-24,-62,0,0,-4
03,21,80,51,8,-35,0,0,-3
03,21,70,57,20,-16,0,2,-3
03,21,70,51,44,14,0,8,-5
03,21,0,0,51,33,0,8,-2
03,21,50,15,45,24,0,8,-2
03,21,330,15,37,25,0,3,-1
03,21,80,31,51,23,0,7,15
03,21,120,15,54,53,0,0,17
03,21,190,21,78,78,-1,8,-6
03,21,240,21,94,94,-1,8,1
03,21,50,21,39,32,0,2,6
03,21,60,36,68,36,0,7,-6
03,21,30,72,23,-26,0,6,-13
03,21,10,15,4,-67,0,0,-9
03,21,290,26,23,16,-1,7,-7
03,21,320,15,22,12,0,3,-14
03,21,290,15,-1,-36,0,0,-8
03,21,360,15,-8,-27,0,3,-8
03,21,200,60,120,81,0,7,1
03,21,250,30,74,63,0,7,0
03,21,190,30,81,26,0,8,-7
03,21,220,20,80,72,0,6,-3
03,21,250,40,84,67,0,8,-34
03,21,90,10,43,36,0,1,-1
03,21,150,20,91,51,0,5,-11
03,21,30,20,76,65,0,0,-2
03,21,70,20,75,58,0,0,-16
03,21,290,20,85,66,0,0,-24
03,21,70,40,47,40,0,8,0
03,21,270,40,103,66,0,0,-11
03,21,250,50,95,59,0,7,-2
03,21,260,30,97,83,0,7,-2
03,21,270,40,106,97,0,8,-1
03,21,260,40,98,74,0,8,3
03,21,70,30,47,34,0,5,-7
03,21,260,50,64,52,0,6,-1
03,21,360,40,39,2,0,8,-3
03,21,250,30,56,49,-1,7,3
03,21,360,30,29,10,0,0,-10
03,21,140,20,52,-10,0,6,-1
03,21,290,10,67,61,0,7,-7
03,21,0,0,66,62,0,8,-4
03,21,250,20,67,60,0,5,-15
03,21,230,70,104,102,6,8,3
03,21,240,100,121,80,0,7,2
03,21,300,40,61,9,0,1,-6
03,21,300,30,73,48,0,7,-2
03,21,300,10,63,40,0,0,-10
03,21,0,0,53,33,0,0,-6
03,21,190,40,18,18,0,,0
03,21,240,60,71,62,8,,3
03,21,230,90,126,124,16,,4
03,21,210,40,43,34,0,,2
03,21,220,70,59,20,0,,7
03,21,240,90,103,97,20,8,-3
03,21,250,50,82,67,6,5,2
03,21,20,40,5,-46,0,0,-9
03,21,270,20,-7,-21,0,1,5
03,21,180,70,62,-46,0,7,-5
03,21,320,20,39,38,3,8,1
03,21,300,20,19,-2,0,7,-16
03,21,270,40,59,56,1,,5
03,21,300,40,72,63,-1,,-2
03,21,300,20,87,85,0,,-4
03,21,250,40,85,62,0,,-1
03,21,260,20,92,82,0,,-3
03,21,280,20,55,42,0,,-15
03,21,290,20,37,17,0,,-6
03,21,320,30,73,71,1,,-1
03,21,350,20,40,11,0,,-5
03,21,340,30,57,50,17,,2
03,21,40,30,9,-46,0,,-7
03,21,100,10,0,-32,0,,-8
03,21,130,20,51,-54,0,,-7
03,21,190,70,70,62,-1,,0
03,21,190,30,106,102,0,,0
03,21,100,30,109,89,0,,0
03,21,110,30,147,92,0,,2
03,21,300,20,127,118,0,,4
03,21,990,10,81,77,0,,-7
03,21,270,50,98,93,1,,-3
03,21,200,100,123,109,0,,4
03,21,190,60,70,50,0,,-5
03,21,140,20,46,28,0,,-1
03,21,240,20,43,38,5,7,-3
03,21,220,40,36,29,-1,8,-6
03,21,170,50,32,27,2,8,1
03,21,100,40,43,39,2,8,0
03,21,220,30,28,27,0,4,1
03,21,290,10,8,8,0,1,5
03,21,90,40,41,23,0,6,-6
03,21,130,20,101,80,0,4,-1
03,21,290,20,94,83,0,2,-15
03,21,340,20,67,48,0,2,-10
03,21,20,10,36,27,0,0,-3
03,21,70,30,70,40,0,7,-11
03,21,0,0,42,27,0,4,-3
03,21,340,40,66,54,0,8,-2
03,21,310,30,58,22,0,7,-3
03,21,220,30,61,54,0,8,-2
03,21,200,40,54,51,-1,8,-8
03,21,270,30,47,15,0,8,-4
03,21,240,30,85,85,0,7,0
03,21,990,10,35,30,0,0,2
03,21,170,50,121,81,0,7,-11
03,21,240,40,86,82,1,8,-3
03,21,350,40,66,43,0,3,-11
03,21,140,10,33,19,0,1,-13
03,21,160,30,87,21,0,4,-1
03,21,270,10,130,96,0,8,-6
03,21,70,30,103,77,0,0,1
03,21,290,40,39,17,0,,-4
03,21,210,120,61,49,12,,4
03,21,330,50,31,22,6,,-3
03,21,280,40,-2,-6,-1,,-1
03,21,220,30,12,6,0,6,10
03,21,240,80,77,26,0,,-1
03,21,230,70,84,77,7,,5
03,21,260,90,122,108,3,,1
03,21,280,40,90,73,0,,-1
03,21,260,60,95,86,-1,,-1
03,21,280,30,74,50,0,,-5
03,21,190,30,78,53,0,,-2
03,21,240,30,90,82,0,8,-2
03,21,300,30,50,17,-1,6,-4
03,21,260,60,64,42,1,,4
03,21,290,40,75,65,0,,-4
03,21,320,40,72,57,-1,,-3
03,21,320,10,52,49,2,,2
03,21,0,0,18,14,0,,12
03,21,300,20,76,55,0,,-4
03,21,990,10,33,28,0,,-1
03,21,330,10,72,50,0,,-27
03,21,60,40,94,58,0,,-4
03,21,210,20,68,64,0,,1
03,21,300,10,71,63,0,,18
03,21,160,20,56,39,0,,-1
03,21,10,50,51,31,0,,-11
03,21,50,50,36,28,0,,0
03,21,30,50,66,53,0,,-3
03,21,310,10,58,50,0,,-2
03,21,150,10,53,39,0,,4
03,21,990,10,19,15,1,,1
03,21,60,50,9,-5,0,,-4
03,21,50,40,-7,-25,0,,0
03,21,10,20,20,-1,0,,0
03,21,90,30,-3,-22,0,0,-4
03,21,90,50,31,-15,0,6,1
03,21,90,20,72,68,0,,9
03,21,230,60,97,75,-1,,-3
03,21,190,40,94,83,0,,-5
03,21,230,50,111,99,0,,-3
03,21,180,60,129,121,4,,3
03,21,170,40,59,23,0,0,0
03,21,230,40,23,12,0,1,0
03,21,180,10,17,7,0,,-7
03,21,150,20,77,48,0,,5
03,21,60,70,71,34,0,,-2
03,21,40,30,44,39,0,,-3
03,21,330,30,47,44,26,,-8
03,21,310,10,-13,-43,0,1,-10
03,21,80,70,29,-31,0,8,-2
03,21,240,10,36,34,0,,10
03,21,220,40,46,31,0,,2
03,21,260,50,85,69,0,,-6
03,21,50,70,39,27,0,,0
03,21,30,30,24,-4,0,,-1
03,21,80,50,25,0,0,,-1
03,21,120,70,35,-11,0,,-4
03,21,180,60,68,37,0,,-9
03,21,190,10,35,32,0,,9
03,21,200,20,32,27,0,,0
03,21,210,50,117,75,0,,0
03,21,20,20,15,-16,0,,-11
03,21,270,30,29,2,0,,-5
03,21,230,40,51,33,0,,3
03,21,0,0,18,12,0,0,-8
03,21,240,20,57,33,0,7,-19
03,21,230,80,93,82,0,,4
03,21,260,30,59,24,0,,-22
03,21,190,40,72,34,0,,6
03,21,260,90,60,14,5,,2
03,21,200,70,83,19,0,,-7
03,21,140,10,46,1,0,5,-6
03,21,30,20,80,77,1,8,0
03,21,40,40,34,14,0,,-11
03,21,90,100,30,18,8,,0
03,21,100,30,64,51,0,,6
03,21,80,20,85,61,0,,-11
03,21,160,20,98,91,0,,2
03,21,210,70,99,75,0,,-2
03,21,200,20,80,61,0,7,7
03,21,190,30,90,80,10,,-2
03,21,250,40,94,82,0,,-3
03,21,990,10,37,7,0,,-11
03,21,20,30,46,5,0,,-4
03,21,30,20,5,-24,0,,-3
03,21,70,20,19,-7,0,7,6
03,21,10,20,18,-31,0,1,-17
03,21,40,40,33,-20,0,,-16
03,21,60,30,54,-14,0,,-3
03,21,100,10,44,9,0,,-12
03,21,150,20,87,30,0,,-9
03,21,220,10,85,73,0,,3
03,21,150,40,91,73,1,,-3
03,21,320,40,60,52,0,,0
03,21,150,10,34,22,0,,-8
03,21,200,60,88,59,0,,-10
03,21,130,30,118,74,0,,-9
03,21,240,30,26,19,0,,-9
03,21,170,60,70,43,3,,5
03,21,220,100,79,60,4,,-2
03,21,240,30,59,25,0,,-8
03,21,200,40,99,73,0,7,-1
03,21,250,50,92,83,1,8,-2
03,21,360,30,65,39,0,,-8
03,21,40,30,37,-3,0,,0
03,21,80,50,40,-6,0,,-13
03,21,70,40,25,-1,0,,-2
03,21,0,0,13,-3,0,,-9
03,21,360,10,19,0,0,5,1
03,21,990,10,21,-1,0,3,-7
03,21,340,20,41,19,0,,2
03,21,90,20,5,-5,0,,7
03,21,70,30,23,-25,0,,-3
03,21,100,30,37,-49,0,,-22
03,21,90,10,40,-26,0,,-9
03,21,260,30,123,29,0,7,-12
03,21,0,0,67,44,0,1,3
03,21,360,20,79,11,0,,1
03,21,340,20,43,9,0,,8
03,21,60,40,124,42,0,,-7
03,21,280,20,119,90,0,,-4
03,21,360,30,70,46,0,,-10
03,21,0,0,39,-4,0,,-12
03,21,270,30,15,-15,0,,3
03,21,270,30,19,-8,0,,-3
03,21,120,10,-13,-24,0,,10
03,21,80,40,47,4,0,,-16
03,21,190,30,42,-6,0,,-12
03,21,260,20,5,-21,0,,-1
03,21,360,30,32,14,0,,-7
03,21,320,20,22,3,0,,-4
03,21,40,40,11,-15,0,,3
03,21,60,30,11,4,0,,-3
03,21,90,20,16,-3,0,,2
03,21,130,40,39,32,1,,5
03,21,180,30,67,36,0,,0
03,21,200,100,107,52,0,,3
03,21,210,50,120,80,0,7,-2
03,21,170,10,95,86,0,6,-11
03,21,320,10,105,75,0,,-30
03,21,240,70,100,67,0,,-5
03,21,260,60,102,85,4,,-10
03,21,250,130,123,84,2,,-1
03,21,260,130,54,40,10,,3
03,21,240,20,30,17,0,4,20
03,21,350,20,37,19,0,4,-4
03,21,360,20,34,3,0,,-12
03,21,10,20,26,-13,0,,-3
03,21,330,10,6,-3,0,,-14
03,21,250,10,1,-25,0,,-4
03,21,210,10,30,-4,0,,-10
03,21,50,20,57,19,0,,-6
03,21,70,40,90,25,0,,-3
03,21,80,30,90,47,0,,16
03,21,210,80,-5,-55,0,,-1
03,21,100,10,-13,-14,0,,-2
03,21,40,50,-24,-50,0,,-7
03,21,170,40,-17,-23,1,,-1
03,21,50,60,-26,-58,0,,-5
03,21,350,30,15,11,0,,-1
03,21,310,30,39,31,2,,3
03,21,310,40,50,37,0,,2
03,21,330,10,10,-2,0,,-16
03,21,230,20,3,-7,0,,-1
03,21,260,50,13,8,1,,4
03,21,290,60,41,22,3,,-10
03,21,230,30,6,-16,0,,10
03,21,230,20,32,-13,0,,-8
03,21,220,60,109,63,0,,0
03,21,210,80,168,79,0,,-13
03,21,250,70,119,86,0,,-9
03,21,270,40,113,80,0,,0
03,21,70,50,91,87,0,,-5
03,21,80,40,64,18,0,,-16
03,21,100,40,94,24,0,,3
03,21,200,20,116,114,0,,-4
03,21,70,20,104,68,0,,-14
03,21,270,40,111,106,6,,-4
03,21,360,10,100,91,0,,-2
03,21,30,30,95,71,0,,13
03,21,90,10,119,112,0,,-9
03,21,280,20,93,81,0,,-4
03,21,70,30,102,93,0,,-1
03,21,110,30,114,111,1,,-2
03,21,60,30,86,29,0,,-14
03,21,230,60,0,-27,0,,-3
03,21,210,40,-10,-21,0,,3
03,21,280,10,-25,-30,0,,-22
03,21,250,30,-9,-28,0,,-6
03,21,260,30,16,1,0,,-5
03,21,300,30,17,-2,0,,-7
03,21,150,30,26,-27,0,,-1
03,21,60,10,66,65,23,,0
03,21,190,30,72,68,4,,4
03,21,200,30,33,25,0,,1
03,21,360,40,-33,-67,0,,-3
03,21,90,10,-40,-72,0,,-11
03,21,90,40,-13,-58,0,,-4
03,21,70,30,-1,-42,0,,1
03,21,70,60,-4,-36,0,,-3
03,21,50,50,11,-24,0,,-2
03,21,60,70,6,-28,0,,0
03,21,70,40,-13,-24,0,,9
03,21,30,30,37,18,0,,-1
03,21,30,30,16,-19,0,,-6
03,21,20,30,15,-49,0,,-8
03,21,30,20,-8,-53,0,,-22
03,21,90,50,32,-44,0,,-18
03,21,110,30,77,67,0,,8
03,21,190,50,122,84,0,,-5
03,21,200,50,143,132,1,,-4
03,21,210,50,105,73,0,,-4
03,21,230,80,86,23,0,,-9
03,21,150,20,73,63,0,,6
03,21,220,70,120,102,0,,0
03,21,220,50,100,67,0,,-5
03,21,270,80,81,37,-1,,-12
03,21,120,30,30,-2,0,,11
03,21,220,30,35,29,0,,2
03,21,130,60,109,57,0,,-1
03,21,180,40,72,27,0,,2
03,21,200,70,83,74,16,,-1
03,21,250,30,67,57,-1,,-5
03,21,230,30,40,30,0,,-2
03,21,250,20,21,15,0,,6
03,21,220,30,39,29,0,,-3
03,21,160,20,55,46,0,,1
03,21,40,10,73,30,0,,-15
03,21,340,20,69,20,0,,-8
03,21,230,10,37,28,0,,-13
03,21,270,10,50,33,0,,-10
03,21,230,30,60,53,0,,7
03,21,230,90,108,77,0,,-4
03,21,240,50,19,-4,-1,,2
03,21,340,10,14,-2,0,,-10
03,21,330,20,30,10,0,,3
03,21,300,20,29,8,0,,5
03,21,350,60,58,0,0,,-2
03,21,350,20,59,19,0,,12
03,21,40,40,96,47,0,,-4
03,21,60,40,78,37,0,,-5
03,21,70,40,76,15,0,,-2
03,21,70,40,76,14,0,,-2
03,21,360,10,63,17,0,,-12
03,21,120,20,85,79,0,,-2
03,21,60,60,96,64,0,,0
03,21,40,50,121,42,0,,-6
03,21,250,70,80,35,0,8,-7
03,21,240,30,48,24,0,6,28
03,21,240,40,33,-13,0,8,-1
03,21,330,20,-2,-11,0,3,2
03,21,240,40,12,-17,0,7,5
03,21,230,40,69,60,0,8,1
03,21,240,30,57,48,0,8,-18
03,21,190,60,78,13,0,8,0
03,21,200,40,55,45,-1,6,-4
03,21,190,100,72,32,-1,8,-13
03,21,250,80,107,87,4,8,4
03,21,250,70,69,-2,0,1,-12
03,21,210,40,72,39,0,8,6
03,21,0,0,43,16,0,8,-16
03,21,80,30,70,55,0,1,0
03,21,10,50,57,39,-1,8,0
03,21,290,20,25,0,0,7,-11
03,21,290,20,25,3,0,3,0
03,21,300,30,30,0,0,7,-4
03,21,220,120,46,35,29,8,7
03,21,230,30,-1,-12,0,7,12
03,21,10,50,4,-39,-1,7,-10
03,21,210,20,15,-25,0,7,4
03,21,270,30,-10,-15,-1,4,1
03,21,250,40,5,-8,1,8,-1
03,21,120,20,30,18,0,8,0
03,21,50,20,52,44,-1,8,-1
03,21,200,70,69,55,4,8,5
03,21,160,50,86,27,0,6,-3
03,21,190,50,81,73,8,8,0
03,21,110,10,57,42,0,0,-19
03,21,230,30,91,79,1,8,-2
03,21,230,20,7,-2,0,0,4
03,21,160,50,61,4,0,7,-1
03,21,180,30,55,38,0,8,3
03,21,330,40,45,29,2,8,0
03,21,280,30,21,2,0,0,-5
03,21,200,50,74,47,0,8,-1
03,21,250,70,29,16,28,8,5
03,21,260,40,67,18,0,8,-5
03,21,300,40,55,30,0,8,-7
03,21,200,20,33,5,0,7,11
03,21,270,40,85,78,0,8,-4
03,21,120,20,48,32,0,7,3
03,21,250,30,85,69,-1,8,-3
03,21,320,20,79,55,0,8,-3
03,21,190,20,53,46,0,6,4
03,21,20,20,49,2,0,0,-30
03,21,0,0,1,-35,0,4,8
03,21,30,30,46,-1,0,0,-7
03,21,10,10,5,-36,0,0,-5
03,21,300,20,39,-21,0,0,-18
03,21,240,40,75,50,0,8,6
03,21,270,50,42,7,0,1,-3
03,21,230,20,-3,-24,0,0,-3
03,21,280,40,57,35,-1,8,0
03,21,300,40,76,62,16,8,-6
03,21,210,50,47,21,0,3,0
03,21,220,50,54,44,1,8,0
03,21,310,10,50,11,0,7,-9
03,21,0,0,16,-4,0,0,-7
03,21,20,20,71,32,0,0,-5
03,21,260,20,6,-10,0,0,-8
03,21,270,20,7,-10,0,0,1
03,21,30,20,20,-6,0,8,-4
03,21,320,10,-8,-48,0,0,-5
03,21,270,50,29,25,8,8,12
03,21,40,40,-17,-53,0,0,-3
03,21,40,30,-18,-103,0,0,-8
03,21,50,40,-14,-38,0,0,-5
03,21,40,30,-8,-62,0,0,-5
03,21,30,50,-8,-26,0,1,-3
03,21,320,20,32,10,-1,8,-7
03,21,280,20,38,6,0,8,-1
03,21,270,50,47,18,0,8,0
03,21,290,40,57,38,0,8,-4
03,21,280,50,57,48,9,8,0
03,21,170,20,38,18,0,8,0
03,21,200,30,62,14,0,3,1
03,21,180,30,118,11,0,5,1
03,21,180,30,137,86,0,8,-6
03,21,240,40,131,121,40,8,9
03,21,250,10,41,26,0,1,-8
03,21,190,30,86,42,0,7,6
03,21,110,30,95,62,0,2,-7
03,21,130,20,119,61,0,8,2
03,21,170,20,133,77,0,7,-13
03,21,190,30,88,52,0,1,6
03,21,240,50,96,43,0,8,-3
03,21,200,10,71,64,0,7,-3
03,21,120,40,108,80,0,7,3
03,21,220,60,57,35,4,8,-4
03,21,220,80,51,18,0,7,0
03,21,40,70,23,9,0,8,-9
03,21,50,50,11,-30,0,0,-5
03,21,40,40,10,-25,0,0,-11
03,21,360,20,-6,-28,0,0,1
03,21,20,20,18,-14,0,0,-8
03,21,40,20,5,-48,0,0,-12
03,21,110,20,15,-84,0,0,-8
03,21,200,30,38,-9,0,0,14
03,21,220,40,52,28,0,8,-18
03,21,240,90,97,60,0,8,-1
03,21,160,10,42,6,0,8,-2
03,21,180,40,112,51,-1,7,-6
03,21,160,10,95,91,1,8,0
03,21,80,20,99,92,0,8,3
03,21,70,60,100,81,0,0,-11
03,21,50,60,51,27,0,8,-2
03,21,290,40,52,47,0,8,-2
03,21,30,40,55,51,14,8,-4
03,21,0,0,2,-26,0,0,-9
03,21,0,0,17,-24,0,0,-10
03,21,0,0,37,-14,0,0,-13
03,21,360,20,84,25,0,0,-6
03,21,360,20,72,52,0,0,-7
03,21,40,10,76,65,0,1,-7
03,21,360,30,90,39,0,8,-10
03,21,60,30,44,21,0,8,-8
03,21,10,20,51,-8,0,0,-23
03,21,220,10,23,2,0,0,-12
03,21,70,10,49,23,0,0,-8
03,21,200,40,100,94,7,8,0
03,21,240,60,127,106,0,7,2
03,21,40,10,77,73,0,8,0
03,21,60,20,72,61,0,8,-8
03,21,230,30,96,65,0,8,0
03,21,130,40,87,79,5,8,-2
03,21,120,20,41,13,0,8,7
03,21,0,0,42,20,0,8,-16
03,21,280,30,53,47,1,8,5
03,21,200,20,6,-9,0,0,-3
03,21,240,40,85,49,0,8,-4
03,21,270,20,88,80,0,8,-4
03,21,290,20,74,54,0,3,-6
03,21,10,20,95,65,0,8,-5
03,21,360,10,76,44,0,8,-2
03,21,30,10,10,3,0,0,3
03,21,140,10,65,42,0,0,0
03,21,0,0,55,44,0,0,-5
03,21,200,40,89,70,0,8,-7
03,21,320,10,44,32,0,7,11
03,21,280,10,26,-4,0,0,8
03,21,260,10,72,37,0,8,-12
03,21,40,20,79,35,0,0,-8
03,21,50,30,121,77,0,0,-18
03,21,360,20,80,47,0,0,11
03,21,360,20,105,73,0,0,-6
03,21,360,20,102,51,0,0,-6
03,21,340,10,93,56,0,0,-11
03,21,350,10,99,75,0,0,-5
03,21,300,20,94,13,0,0,-14
03,21,290,40,84,58,0,8,1
03,21,300,30,75,58,0,8,-3
03,21,310,10,29,-4,0,0,-8
03,21,20,30,29,-13,0,8,-2
03,21,340,10,28,-11,0,8,-3
03,21,90,30,41,0,0,8,-20
03,21,130,50,68,-17,0,0,-10
03,21,130,30,93,9,0,8,-29
03,21,60,40,88,14,0,8,-3
03,21,70,40,83,57,2,8,-3
03,21,70,40,88,73,1,8,-5
03,21,260,60,46,30,0,8,-5
03,21,40,60,-10,-38,0,8,-2
03,21,40,60,-25,-42,-1,8,-2
03,21,20,20,-43,-94,0,0,0
03,21,290,20,-14,-27,0,1,-14
03,21,0,0,-38,-61,0,0,-11
03,21,170,40,26,-16,0,7,-1
03,21,150,60,51,-48,0,8,3
03,21,120,50,44,36,2,8,-1
03,21,80,30,20,-6,0,1,5
03,21,80,40,24,14,0,8,-5
03,21,300,20,5,1,0,8,-1
03,21,70,20,-11,-23,0,0,-10
03,21,80,100,5,-42,0,8,-5
03,21,80,120,-13,-97,0,8,-5
03,21,80,100,-6,-116,0,7,-1
03,21,70,90,0,-88,0,8,-9
03,21,70,50,-10,-78,0,0,0
03,21,60,50,-6,-71,0,0,-6
03,21,10,20,-3,-27,1,8,-7
03,21,0,0,-39,-50,0,4,13
03,21,20,30,0,-19,-1,6,-3
03,21,50,30,11,-26,0,8,-22
03,21,190,30,52,37,0,8,1
03,21,150,40,43,1,0,8,-5
03,21,100,20,28,4,0,0,-11
03,21,230,10,55,22,0,8,-2
03,21,0,0,20,17,0,0,-11
03,21,170,20,55,5,0,0,-18
03,21,260,20,96,72,0,8,3
03,21,130,40,104,39,0,0,-3
03,21,130,10,68,28,0,0,-13
03,21,350,30,82,71,0,0,-6
03,21,60,50,85,57,0,0,-14
03,21,30,10,50,27,0,0,-12
03,21,360,30,82,24,0,0,-17
03,21,240,50,83,43,0,6,-3
03,21,240,70,95,48,0,8,4
03,21,220,40,57,40,0,1,10
03,21,230,20,67,30,0,6,-5
03,21,250,50,84,72,13,8,8
03,21,230,40,83,59,0,1,13
03,21,200,60,150,55,0,3,-12
03,21,170,30,45,15,0,2,-3
03,21,180,30,40,8,0,1,-17
03,21,240,10,12,8,0,0,-2
03,21,230,10,12,-1,0,0,-10
03,21,30,30,44,1,0,0,-8
03,21,40,20,27,5,0,0,-6
03,21,80,60,94,25,0,8,-5
03,21,60,40,85,47,0,0,-8
03,21,50,20,80,23,0,0,22
03,21,70,20,113,62,0,8,4
03,21,70,30,133,64,0,8,3
03,21,190,50,74,31,0,8,-1
03,21,250,50,37,-12,0,1,-9
03,21,230,40,27,12,0,4,5
03,21,290,30,49,29,-1,6,-3
03,21,250,20,21,1,0,7,-13
03,21,200,30,41,14,0,0,-1
03,21,180,30,74,8,0,0,-6
03,21,280,30,80,58,0,4,4
03,21,180,30,74,62,0,6,-1
03,21,360,20,42,17,0,0,-19
03,21,80,20,2,-15,0,0,-6
03,21,80,40,47,15,0,0,-7
03,21,60,50,29,-25,0,7,-1
03,21,40,40,42,30,0,8,0
03,21,70,50,57,25,0,8,-3
03,21,210,10,33,17,0,0,-14
03,21,20,10,87,49,0,8,-14
03,21,320,30,66,50,0,8,-3
03,21,0,0,38,35,0,8,-13
03,21,220,40,40,34,0,8,0
03,21,10,40,56,38,0,8,-2
03,21,340,10,-6,-15,0,0,-8
03,21,280,10,29,8,0,1,-19
03,21,130,20,81,22,-1,8,-19
03,21,290,30,58,43,0,8,-3
03,21,240,50,59,53,0,7,4
03,21,240,10,27,11,0,0,-7
03,21,220,80,118,100,0,8,-7
03,21,270,70,79,46,0,5,-3
03,21,240,70,65,16,-1,8,-8
03,21,270,60,54,5,0,1,10
03,21,200,70,56,49,-1,8,6
03,21,220,80,33,19,2,8,-3
03,21,210,20,4,-15,0,2,-4
03,21,230,10,-2,-3,0,9,-19
03,21,0,0,-14,-17,0,0,-7
03,21,260,20,16,7,0,3,-8
03,21,240,20,-8,-15,0,0,-6
03,21,180,50,35,14,0,8,-1
03,21,100,40,31,-19,0,8,-6
03,21,30,20,34,-2,0,8,-1
03,21,50,30,7,-5,0,0,-8
03,21,50,20,-6,-27,0,0,10
03,21,50,30,18,-13,0,0,6
03,21,40,30,43,-15,0,8,-4
03,21,40,30,52,39,0,7,-1
03,21,60,40,29,-19,0,0,-1
03,21,340,30,42,12,0,0,-4
03,21,330,20,55,34,0,8,-2
03,21,350,10,57,21,0,8,1
03,21,350,30,71,61,1,8,-12
03,21,300,30,62,35,0,8,-8
03,21,330,20,68,44,0,4,-9
03,21,310,10,74,44,0,8,-10
03,21,230,40,70,55,1,8,-2
03,21,270,20,46,36,0,1,-5
03,21,150,60,110,57,0,8,-6
03,21,170,40,83,53,0,8,-5
03,21,230,50,78,34,0,6,-1
03,21,160,30,70,44,0,7,3
03,21,0,0,70,28,-1,8,-4
03,21,30,50,80,36,0,8,-4
03,21,140,20,58,53,1,,1
03,21,230,50,43,12,0,8,-13
03,21,140,40,90,39,0,8,2
03,21,200,20,76,71,25,8,-2
03,21,190,30,49,39,0,8,-5
03,21,270,10,54,33,0,8,-1
03,21,260,20,35,26,0,7,-18
03,21,280,20,71,57,0,2,-17
03,21,300,30,71,42,0,8,-1
03,21,120,10,52,16,0,8,-21
03,21,80,30,58,21,0,8,-4
03,21,60,20,70,17,0,8,-15
03,21,280,20,59,43,0,8,-4
03,21,260,40,95,74,0,8,-4
03,21,0,0,51,22,0,0,-5
03,21,210,20,97,45,0,4,2
03,21,240,70,85,1,0,8,-18
03,21,250,30,101,96,7,8,-2
03,21,240,80,114,79,0,8,-10
03,21,230,90,98,85,0,8,0
03,21,170,20,25,-18,0,8,1
03,21,90,20,51,13,0,8,-10
03,21,50,70,80,42,0,1,-11
03,21,50,50,83,14,0,7,-8
03,21,40,40,78,4,0,8,-1
03,21,40,30,74,31,0,8,-8
03,21,10,10,56,9,0,0,-7
03,21,250,30,124,86,-1,7,-21
03,21,220,30,130,87,0,8,-7
03,21,110,20,133,78,0,8,10
03,21,350,10,121,107,0,8,-14
03,21,80,120,-38,-135,0,8,-4
03,21,100,50,-17,-94,-1,8,-9
03,21,90,40,-24,-51,0,8,4
03,21,150,60,65,51,6,8,2
03,21,80,20,44,18,0,8,-2
03,21,60,10,6,3,0,7,-8
03,21,250,60,49,40,3,8,-2
03,21,230,50,39,11,0,0,-1
03,21,110,30,71,63,9,8,1
03,21,180,40,120,106,0,8,-14
03,21,140,30,107,78,0,4,-2
03,21,190,40,90,78,-1,8,-2
03,21,250,30,49,39,-1,8,1
03,21,90,50,56,17,0,8,-9
03,21,110,40,71,57,8,8,-1
03,21,60,80,7,-15,0,8,-2
03,21,70,110,-19,-90,0,8,1
03,21,70,80,-15,-115,0,8,-4
03,21,30,20,-13,-126,0,0,-7
03,21,340,30,10,-22,0,0,-7
03,21,230,30,6,-17,0,8,2
03,21,240,10,40,35,0,8,13
03,21,160,30,62,29,0,8,-4
03,21,30,10,31,2,0,0,-11
03,21,360,20,63,36,0,8,-7
03,21,260,20,41,21,0,4,-3
03,21,140,20,63,60,1,8,0
03,21,280,50,38,25,-1,8,3
03,21,110,30,54,26,0,8,3
03,21,190,30,76,63,20,8,-5
03,21,340,10,63,59,0,8,1
03,21,250,10,53,30,0,8,1
03,21,220,70,89,65,0,8,-3
03,21,200,90,123,86,0,8,1
03,21,230,70,60,41,3,8,4
03,21,180,40,60,33,0,8,7
03,21,190,60,115,84,0,8,0
03,21,220,120,82,36,0,8,-8
03,21,220,70,74,40,1,8,-11
03,21,250,50,82,24,0,8,-20
03,21,230,50,22,10,0,5,9
03,21,240,20,22,-5,0,7,-14
03,21,260,70,46,33,7,8,3
03,21,260,60,63,31,0,1,-1
03,21,270,60,85,38,-1,8,-3
03,21,260,30,80,56,0,8,3
03,21,210,90,113,64,0,8,0
03,21,230,60,33,7,0,2,7
03,21,270,20,23,-8,0,0,-7
03,21,210,20,42,15,0,8,16
03,21,290,10,106,85,0,8,-5
03,21,340,20,68,62,0,7,2
03,21,300,20,107,62,0,8,-19
03,21,10,20,72,47,0,8,-8
03,21,270,20,45,5,0,0,-22
03,21,330,10,54,28,0,3,1
03,21,300,20,73,39,0,8,-5
03,21,310,20,96,40,0,8,-6
03,21,350,10,49,47,0,1,-4
03,21,60,20,88,60,0,0,-6
03,21,350,10,104,70,0,5,-29
03,21,50,60,65,2,0,0,-12
03,21,230,30,52,24,0,8,8
03,21,290,40,59,46,-1,8,-5
03,21,190,30,38,23,-1,8,-7
03,21,160,20,47,33,0,8,5
03,21,80,40,59,54,23,8,-1
03,21,280,20,46,24,0,5,1
03,21,210,60,87,37,0,8,-1
03,21,210,50,82,70,4,8,-5
03,21,210,60,76,38,0,8,-2
03,21,240,100,131,102,-1,8,-3
03,21,220,70,117,111,12,8,6
03,21,240,70,71,28,0,8,-1
03,21,170,10,47,44,-1,8,-6
03,21,180,50,85,42,0,7,-3
03,21,100,10,75,58,0,8,4
03,21,260,20,84,56,-1,8,-1
03,21,220,30,59,5,0,4,-2
03,21,230,20,118,71,0,5,-11
03,21,40,30,85,71,0,8,-1
03,21,60,40,50,34,1,8,0
03,21,60,70,29,-27,0,0,-6
03,21,80,50,31,-49,0,0,-8
03,21,100,30,31,-88,0,0,6
03,21,90,10,19,-69,0,0,-22
03,21,60,70,65,-64,0,8,-8
03,21,50,50,62,-30,0,0,-7
03,21,40,40,107,8,0,0,-10
03,21,360,40,54,3,0,2,-5
03,21,350,20,4,-81,0,0,-7
03,21,340,20,42,25,0,6,-13
03,21,330,20,21,-36,0,0,-6
