04,1,220,26,79,65,0,6,0
04,1,230,77,97,57,0,7,-6
04,1,200,57,89,53,0,7,-6
04,1,190,36,37,30,0,0,-4
04,1,200,57,68,51,0,7,-3
04,1,200,41,44,28,0,0,-1
04,1,220,93,74,49,2,8,-3
04,1,240,72,78,64,0,7,-16
04,1,230,36,93,76,0,7,-1
04,1,190,21,65,35,0,0,0
04,1,130,26,83,47,0,1,-16
04,1,140,31,83,15,0,0,-13
04,1,110,41,119,34,0,0,-10
04,1,360,51,104,73,0,5,-7
04,1,50,31,88,32,0,0,-2
04,1,20,46,82,63,0,0,-24
04,1,310,41,18,3,-1,5,-5
04,1,320,15,10,-12,0,3,-3
04,1,280,26,28,28,4,8,1
04,1,40,21,-11,-22,0,2,5
04,1,230,15,-8,-24,0,0,-6
04,1,220,77,43,1,0,8,4
04,1,250,31,26,26,0,6,-1
04,1,240,21,24,21,0,3,-20
04,1,120,31,17,11,0,0,1
04,1,70,31,35,22,0,0,-12
04,1,80,31,49,7,0,2,-7
04,1,20,10,49,34,0,0,-10
04,1,250,21,33,20,0,0,-16
04,1,130,31,63,59,-1,8,-2
04,1,170,10,48,48,-1,8,1
04,1,190,46,46,23,0,2,-3
04,1,210,41,55,42,-1,8,-3
04,1,360,31,36,27,0,6,-4
04,1,310,10,7,-2,0,0,-1
04,1,220,26,53,33,0,4,-9
04,1,160,26,51,26,0,7,3
04,1,990,15,71,14,0,0,-3
04,1,50,26,53,1,0,0,-6
04,1,90,31,61,20,0,0,2
04,1,50,21,72,36,0,5,-8
04,1,210,26,78,40,0,3,-13
04,1,250,46,76,72,-1,8,-6
04,1,240,72,67,50,0,6,-5
04,1,200,87,95,66,-1,8,-5
04,1,270,57,27,18,1,7,0
04,1,250,31,16,4,0,2,4
04,1,210,41,64,64,5,8,0
04,1,240,57,109,106,0,7,0
04,1,300,21,29,10,0,0,-4
04,1,110,36,45,12,0,0,-2
04,1,210,31,91,58,0,6,-5
04,1,220,15,85,76,0,7,3
04,1,200,36,93,84,0,5,-5
04,1,180,41,125,90,0,0,-2
04,1,190,31,118,107,-1,8,-1
04,1,260,57,113,104,20,8,-18
04,1,990,10,95,76,-1,8,-10
04,1,280,36,69,69,12,8,0
04,1,210,26,46,46,0,3,-4
04,1,200,41,141,30,0,4,-5
04,1,200,67,57,20,0,6,2
04,1,220,21,43,18,0,7,-2
04,1,160,36,51,7,0,8,-9
04,1,200,41,23,0,0,1,-3
04,1,240,87,69,33,0,7,-11
04,1,250,67,72,43,0,7,0
04,1,310,21,56,39,0,7,-1
04,1,110,41,48,-8,0,6,-14
04,1,200,31,96,63,-1,8,-6
04,1,100,51,78,35,0,4,-14
04,1,210,26,73,62,0,7,-3
04,1,10,15,50,38,0,4,1
04,1,190,26,70,58,0,7,-1
04,1,990,5,48,42,0,0,5
04,1,990,10,64,60,0,0,-10
04,1,210,51,82,51,0,6,3
04,1,250,62,106,95,0,8,0
04,1,240,82,92,72,-1,8,-2
04,1,160,21,70,52,0,2,-11
04,1,180,26,124,67,0,4,7
04,1,90,31,114,98,0,2,-14
04,1,190,46,99,80,0,1,-4
04,1,160,41,145,66,0,1,3
04,1,70,21,128,73,0,0,-4
04,1,40,46,125,95,0,2,-8
04,1,60,21,123,38,0,0,-13
04,1,30,51,132,106,0,2,-4
04,1,70,41,154,61,0,2,-6
04,1,100,31,153,71,0,0,-3
04,1,200,118,114,85,4,8,2
04,1,230,98,58,27,0,6,-5
04,1,240,41,29,20,0,5,-2
04,1,200,98,63,1,0,8,-7
04,1,200,41,14,7,3,4,10
04,1,200,57,35,26,0,6,-4
04,1,200,36,13,7,0,0,2
04,1,210,36,48,39,-1,8,0
04,1,190,103,53,37,7,8,-3
04,1,190,31,12,3,0,5,-5
04,1,340,51,52,42,-1,8,6
04,1,350,51,68,55,0,7,-9
04,1,320,62,67,46,0,8,-6
04,1,320,57,43,-3,0,8,-3
04,1,210,31,32,23,0,7,0
04,1,60,31,69,28,0,8,1
04,1,30,82,70,59,0,6,-2
04,1,360,67,43,15,0,8,-4
04,1,20,26,26,8,0,0,-7
04,1,40,26,35,11,0,0,4
04,1,990,10,88,38,0,7,-7
04,1,120,26,58,33,0,3,13
04,1,150,36,104,63,0,0,-5
04,1,130,21,111,84,0,7,0
04,1,220,21,96,96,0,7,0
04,1,180,31,56,35,0,4,6
04,1,200,41,120,107,0,8,1
04,1,230,41,141,134,0,8,-1
04,1,200,15,108,105,0,2,-12
04,1,220,15,141,109,0,2,-11
04,1,240,41,88,88,0,8,2
04,1,230,46,97,97,0,8,-2
04,1,230,72,115,101,0,0,-7
04,1,260,57,88,82,0,8,-4
04,1,990,10,52,20,0,2,-14
04,1,240,51,92,71,0,6,-4
04,1,230,41,90,89,0,4,0
04,1,310,41,45,21,0,4,1
04,1,310,21,35,6,0,7,-3
04,1,230,26,53,36,3,8,-3
04,1,310,21,63,63,0,8,-5
04,1,210,21,65,55,0,7,11
04,1,10,62,68,51,0,6,-5
04,1,20,57,63,56,0,5,-4
04,1,210,15,48,46,0,4,-5
04,1,290,31,56,51,-1,8,0
04,1,240,62,63,52,0,8,0
04,1,220,93,79,75,2,8,-1
04,1,30,15,46,31,0,7,-1
04,1,240,36,23,22,0,3,-8
04,1,120,26,6,3,0,0,-9
04,1,80,36,89,64,-1,8,-4
04,1,170,21,55,32,0,2,11
04,1,360,57,106,100,0,5,-3
04,1,220,31,97,96,0,4,2
04,1,10,36,116,111,0,7,-10
04,1,340,36,103,99,0,3,-3
04,1,350,41,58,14,0,8,-1
04,1,60,31,49,29,0,5,-6
04,1,210,10,111,111,2,8,-1
04,1,320,15,-8,-10,0,2,-6
04,1,20,31,-16,-44,0,0,-4
04,1,30,41,-10,-34,0,1,2
04,1,20,51,9,-24,0,0,2
04,1,40,41,35,4,0,3,-2
04,1,100,41,57,32,0,8,-4
04,1,190,31,62,43,0,1,-2
04,1,280,31,65,45,0,5,-2
04,1,200,15,46,36,0,1,-4
04,1,0,0,81,61,0,6,-8
04,1,250,41,99,73,-1,8,-9
04,1,50,57,35,23,0,8,-7
04,1,50,36,14,-45,0,4,-2
04,1,80,36,30,-5,0,5,-3
04,1,990,5,41,-15,0,1,-11
04,1,170,21,58,-9,0,1,-2
04,1,110,41,80,-27,0,2,-2
04,1,240,46,103,53,0,7,-10
04,1,190,31,100,53,0,3,-9
04,1,170,26,116,58,0,6,-10
04,1,140,31,132,10,0,3,-6
04,1,180,41,164,50,0,3,-5
04,1,180,62,188,60,0,1,-6
04,1,240,36,103,55,0,7,-8
04,1,220,41,66,47,0,1,-10
04,1,200,21,64,37,0,0,-14
04,1,20,26,103,83,0,1,-10
04,1,10,31,115,84,0,0,-5
04,1,340,41,71,56,0,7,-3
04,1,990,10,47,7,0,0,-9
04,1,130,10,65,45,0,0,-7
04,1,40,20,68,39,0,0,-7
04,1,130,20,55,35,0,3,-6
04,1,280,30,47,18,0,3,1
04,1,210,50,47,-14,0,8,4
04,1,330,90,86,64,0,8,-24
04,1,40,30,4,-24,0,0,-3
04,1,110,30,25,-38,0,0,-3
04,1,130,20,44,-26,0,1,3
04,1,350,20,83,1,0,0,-23
04,1,230,30,83,25,0,2,-11
04,1,290,30,25,1,0,3,-3
04,1,330,20,40,12,0,7,-1
04,1,250,20,73,35,0,7,0
04,1,330,40,47,7,0,7,-1
04,1,320,20,17,-10,0,2,-7
04,1,0,0,30,21,0,0,1
04,1,30,30,40,7,0,1,-10
04,1,350,40,43,24,0,7,2
04,1,10,50,23,6,0,6,4
04,1,30,20,6,-51,0,0,-4
04,1,990,10,33,-15,0,5,-4
04,1,20,30,33,-7,0,2,-14
04,1,190,20,34,-21,0,0,-3
04,1,200,40,58,18,0,5,5
04,1,250,30,85,81,6,8,-2
04,1,110,20,103,98,1,8,-3
04,1,210,40,104,97,0,8,2
04,1,230,80,104,95,13,8,-2
04,1,310,40,84,80,-1,8,-1
04,1,100,10,105,92,0,5,-5
04,1,190,30,102,97,0,4,-1
04,1,190,60,111,84,0,7,-8
04,1,190,60,77,65,7,8,0
04,1,200,80,93,63,0,6,-4
04,1,200,40,77,58,0,5,2
04,1,190,30,57,43,0,1,-6
04,1,250,60,68,67,-1,8,1
04,1,140,30,39,37,0,2,12
04,1,180,40,53,40,0,4,-10
04,1,200,40,54,47,0,7,-3
04,1,280,30,44,41,0,7,-11
04,1,230,30,12,-8,0,1,-9
04,1,190,50,8,-1,0,5,-4
04,1,150,50,48,1,0,8,2
04,1,210,70,29,22,7,7,3
04,1,110,30,55,12,0,8,-5
04,1,130,10,49,39,0,7,0
04,1,220,30,54,48,0,8,2
04,1,170,40,72,30,0,8,5
04,1,220,50,71,57,0,5,-11
04,1,130,30,93,69,0,7,-4
04,1,120,40,104,64,0,1,-9
04,1,210,70,115,103,-1,8,-1
04,1,200,50,121,109,0,7,-1
04,1,270,20,105,98,-1,8,-3
04,1,990,10,92,91,-1,8,-2
04,1,260,30,82,82,-1,8,0
04,1,990,10,61,57,0,2,-4
04,1,40,30,99,94,0,6,-2
04,1,110,50,104,59,0,0,-7
04,1,100,50,103,47,0,1,2
04,1,190,20,96,74,0,7,6
04,1,240,50,115,107,0,8,-6
04,1,210,20,82,76,0,7,9
04,1,220,50,130,118,0,7,-7
04,1,230,70,101,78,0,8,0
04,1,260,30,72,64,0,7,0
04,1,180,20,41,35,0,0,0
04,1,200,40,94,88,0,3,1
04,1,250,50,96,94,6,8,-3
04,1,210,80,64,24,0,0,1
04,1,230,50,71,64,7,8,-5
04,1,210,90,31,11,0,7,1
04,1,290,20,11,10,7,8,3
04,1,170,30,15,-7,0,1,-8
04,1,990,10,7,-1,0,1,2
04,1,350,30,45,38,-1,8,-3
04,1,250,20,49,32,-1,8,-2
04,1,160,20,21,9,0,1,-1
04,1,180,50,110,98,3,8,4
04,1,200,60,102,83,0,3,-1
04,1,190,30,69,58,0,1,4
04,1,170,40,101,80,0,5,-8
04,1,170,20,70,63,0,4,6
04,1,70,40,121,90,0,7,0
04,1,60,40,117,91,0,2,-11
04,1,20,40,108,88,0,4,3
04,1,40,40,90,70,0,0,-8
04,1,40,30,68,40,0,1,2
04,1,170,30,43,38,0,7,-1
04,1,200,40,65,53,-1,8,-1
04,1,110,40,84,28,0,7,-4
04,1,220,50,113,73,0,7,-18
04,1,260,20,70,58,0,8,-8
04,1,30,50,12,-30,0,5,-5
04,1,80,20,24,2,0,1,-5
04,1,50,20,48,-8,0,0,-13
04,1,70,30,81,16,0,8,-5
04,1,50,40,51,30,0,2,-7
04,1,20,20,37,-3,0,1,-10
04,1,140,40,63,42,0,8,3
04,1,200,50,57,20,0,7,-5
04,1,230,50,51,29,0,3,0
04,1,70,40,69,60,17,8,-1
04,1,230,100,64,34,-1,8,-2
04,1,110,20,91,64,-1,8,2
04,1,190,50,88,59,0,7,-10
04,1,130,30,75,46,0,8,-10
04,1,190,40,90,68,0,3,-3
04,1,140,30,125,73,0,7,2
04,1,100,20,98,62,0,4,2
04,1,990,10,129,126,25,8,1
04,1,280,20,90,89,4,8,1
04,1,170,20,77,59,0,2,-7
04,1,120,40,109,77,0,1,7
04,1,230,20,140,112,0,8,-2
04,1,230,40,128,121,0,4,-2
04,1,240,60,139,124,0,8,-2
04,1,80,10,114,110,0,8,0
04,1,200,40,91,67,0,4,-3
04,1,170,20,83,64,0,1,-3
04,1,200,50,142,73,0,2,14
04,1,170,40,109,60,0,8,-2
04,1,230,60,54,33,0,3,-3
04,1,210,90,92,73,0,8,5
04,1,240,120,91,75,5,8,-7
04,1,130,10,67,55,0,7,-5
04,1,200,30,48,19,0,8,11
04,1,230,60,105,97,-1,8,-3
04,1,260,20,70,66,0,8,0
04,1,330,20,35,25,0,2,-1
04,1,300,20,5,-20,0,1,-3
04,1,350,20,-9,-45,0,0,-3
04,1,220,60,45,43,14,8,8
04,1,270,30,52,32,0,7,-1
04,1,280,40,47,34,0,8,-1
04,1,210,60,50,23,0,8,-5
04,1,240,40,17,3,0,1,-3
04,1,220,50,16,6,0,7,-3
04,1,80,20,7,0,0,0,-6
04,1,350,20,28,11,0,1,1
04,1,130,20,66,23,0,8,1
04,1,160,20,40,6,0,2,-1
04,1,180,30,97,93,3,8,-2
04,1,220,60,78,54,0,5,1
04,1,190,30,81,51,0,5,2
04,1,200,50,87,81,5,8,1
04,1,240,30,88,75,2,8,-3
04,1,160,10,112,104,0,7,1
04,1,210,10,93,68,0,8,3
04,1,160,30,89,24,0,3,-7
04,1,100,60,109,24,0,2,-9
04,1,90,60,107,23,0,0,-12
04,1,100,60,90,10,0,1,-14
04,1,80,70,47,-47,0,0,-8
04,1,70,30,28,-25,0,0,-5
04,1,70,20,35,-30,0,0,-14
04,1,70,20,27,-48,0,0,-2
04,1,60,40,48,-34,0,1,-6
04,1,50,40,36,-19,0,1,-5
04,1,20,40,55,20,0,6,-11
04,1,10,70,66,40,0,8,-4
04,1,290,20,31,9,0,3,-6
04,1,240,30,37,22,0,3,-7
04,1,250,40,53,48,15,8,0
04,1,310,30,71,68,1,8,0
04,1,180,30,80,46,0,7,-1
04,1,990,10,53,43,0,5,4
04,1,220,30,47,43,0,2,-10
04,1,990,10,53,34,0,1,-20
04,1,150,10,83,47,0,1,-3
04,1,230,30,122,74,0,7,2
04,1,990,10,120,91,0,6,-2
04,1,210,20,124,114,0,3,-4
04,1,250,20,79,65,0,0,-24
04,1,240,70,71,40,0,3,-3
04,1,210,60,83,46,-1,8,-5
04,1,240,100,86,60,7,7,-5
04,1,230,80,77,34,0,5,-4
04,1,180,40,39,6,0,0,0
04,1,260,50,62,51,0,8,-3
04,1,300,30,21,11,0,7,-2
04,1,320,20,7,-12,0,0,-2
04,1,320,30,68,59,0,6,-4
04,1,10,60,43,-5,0,7,-8
04,1,30,50,3,-46,0,0,-9
04,1,50,30,-11,-77,0,1,-5
04,1,70,20,-11,-70,0,0,-10
04,1,10,20,17,-52,0,8,-8
04,1,190,40,-19,-28,0,0,-3
04,1,120,20,16,-31,0,0,1
04,1,100,20,71,21,0,0,-14
04,1,80,50,99,30,0,5,-11
04,1,90,60,114,-6,0,0,-25
04,1,90,40,139,46,0,0,-7
04,1,80,50,121,12,0,0,-1
04,1,60,30,111,11,0,0,-16
04,1,50,40,50,-8,0,1,-4
04,1,60,30,36,22,0,0,-8
04,1,70,10,77,53,0,0,-2
04,1,270,30,115,101,1,8,-3
04,1,20,20,100,60,0,0,-18
04,1,30,20,91,81,0,0,-8
04,1,170,20,129,66,0,0,-10
04,1,210,30,144,137,24,8,-2
04,1,230,80,116,99,-1,8,-5
04,1,190,40,116,97,0,7,-4
04,1,210,80,157,135,0,8,-5
04,1,140,20,110,83,0,3,7
04,1,140,30,98,48,0,8,3
04,1,110,60,117,37,0,0,-8
04,1,180,30,106,67,-1,8,2
04,1,190,70,118,74,-1,8,-4
04,1,200,50,78,46,0,8,3
04,1,220,70,48,36,-1,8,0
04,1,250,40,35,27,0,8,2
04,1,270,30,38,30,0,8,1
04,1,340,20,41,36,0,8,4
04,1,340,10,39,30,0,4,-12
04,1,30,40,41,11,0,8,-14
04,1,60,20,25,6,0,0,-8
04,1,80,30,79,44,0,8,-16
04,1,20,10,48,39,0,0,-8
04,1,150,30,50,10,0,0,0
04,1,170,20,86,36,0,0,-12
04,1,130,20,96,30,0,0,-21
04,1,170,30,87,64,0,8,5
04,1,180,40,63,22,0,6,3
04,1,170,20,54,36,0,8,-7
04,1,170,30,92,66,0,8,2
04,1,270,30,115,91,0,8,-5
04,1,320,20,99,94,5,8,-2
04,1,30,30,72,43,0,3,-5
04,1,50,20,83,61,0,0,-4
04,1,100,20,97,60,0,8,-17
04,1,100,30,109,58,0,0,-6
04,1,130,40,128,79,0,8,6
04,1,160,40,116,89,0,8,-4
04,1,20,30,130,118,2,8,-5
04,1,100,20,75,61,0,3,-7
04,1,110,40,76,-8,0,0,-12
04,1,170,30,97,19,0,4,-6
04,1,180,30,99,29,0,5,-8
04,1,300,40,83,69,5,8,-3
04,1,190,30,52,24,0,2,1
04,1,210,60,108,87,-1,8,-7
04,1,200,50,67,43,0,7,-9
04,1,340,80,31,11,-1,8,0
04,1,250,40,53,38,1,8,-1
04,1,340,10,42,28,0,0,-7
04,1,350,10,57,40,0,0,2
04,1,150,20,77,44,0,0,-7
04,1,180,40,111,70,0,8,-3
04,1,120,20,87,56,0,1,3
04,1,330,30,69,61,24,8,3
04,1,280,30,73,72,0,9,1
04,1,230,30,87,86,0,9,-1
04,1,190,10,81,70,0,8,2
04,1,100,10,59,54,0,8,-2
04,1,60,30,35,-12,0,0,-13
04,1,990,10,47,4,0,0,-11
04,1,120,20,54,9,0,0,1
04,1,100,20,80,49,0,6,-2
04,1,80,20,120,103,0,8,1
04,1,260,30,99,95,10,8,-2
04,1,220,70,110,88,0,7,-3
04,1,200,30,73,53,0,4,-3
04,1,200,30,125,101,1,8,-3
04,1,140,10,137,131,0,8,-3
04,1,200,60,92,71,0,4,2
04,1,190,40,74,32,0,6,10
04,1,220,80,85,36,0,8,0
04,1,240,30,57,33,0,8,-1
04,1,30,30,5,-17,0,8,-7
04,1,210,30,-10,-33,0,0,-5
04,1,200,40,27,-22,0,0,-7
04,1,200,40,47,14,0,7,1
04,1,220,50,39,11,0,0,-2
04,1,30,40,43,7,0,8,0
04,1,350,20,27,-5,0,8,-10
04,1,220,80,49,28,5,8,-1
04,1,220,70,72,33,0,8,-1
04,1,240,50,99,82,0,8,-2
04,1,70,20,67,60,0,1,-3
04,1,190,70,110,93,4,8,-7
04,1,220,50,91,68,0,7,2
04,1,210,50,70,39,0,8,-8
04,1,200,30,60,30,0,5,-6
04,1,200,30,69,37,0,0,-7
04,1,140,20,103,48,0,8,-21
04,1,20,20,92,73,0,6,4
04,1,240,20,75,33,0,8,0
04,1,120,20,103,46,0,8,-7
04,1,140,20,112,57,0,4,-2
04,1,270,10,121,92,0,8,-1
04,1,270,20,87,81,0,8,1
04,1,360,30,81,48,0,1,-8
04,1,310,30,39,4,0,8,1
04,1,250,20,46,13,0,8,-3
04,1,50,60,105,36,0,8,-11
04,1,90,20,75,10,0,0,2
04,1,20,60,76,21,0,0,-6
04,1,20,70,43,0,0,0,-7
04,1,340,20,32,-21,0,0,-8
04,1,200,10,52,41,0,0,0
04,1,20,60,89,31,0,8,-9
04,1,30,30,36,18,0,0,4
04,1,210,40,55,29,0,0,7
04,1,210,30,68,48,0,8,7
04,1,210,20,69,50,0,2,-4
04,1,60,30,84,62,0,0,-2
04,1,90,10,115,87,0,5,4
04,1,80,50,150,87,0,0,-9
04,1,110,50,168,79,0,0,-2
04,1,130,30,131,48,0,4,13
04,1,320,20,120,91,0,0,-6
04,1,310,20,60,42,0,0,-8
04,1,200,30,42,17,0,0,-3
04,1,350,10,63,40,0,0,-7
04,1,50,30,36,-2,0,0,-8
04,1,50,20,53,6,0,0,0
04,1,170,20,99,30,0,3,-13
04,1,240,10,140,94,0,3,-9
04,1,130,20,159,104,0,8,-13
04,1,90,20,138,91,0,0,-10
04,1,120,20,138,67,0,0,-16
04,1,40,30,140,85,0,0,-15
04,1,50,20,129,90,0,0,-10
04,1,70,60,117,33,0,3,-6
04,1,180,20,56,25,0,0,0
04,1,220,40,77,62,0,8,-1
04,1,300,30,53,43,0,1,-1
04,1,220,10,24,19,0,0,2
04,1,220,50,94,79,0,8,1
04,1,310,30,36,32,0,7,0
04,1,50,30,3,-10,0,3,1
04,1,180,30,7,-5,0,0,-4
04,1,160,10,35,-1,0,8,-2
04,1,280,10,27,17,0,0,-9
04,1,70,20,45,22,0,8,-4
04,1,220,50,56,28,0,0,-5
04,1,170,30,68,56,6,8,-8
04,1,190,20,75,60,-1,8,-4
04,1,290,10,42,38,0,7,-5
04,1,20,20,17,-1,0,0,-13
04,1,60,20,1,-14,0,0,-3
04,1,60,60,39,5,0,0,-1
04,1,40,50,61,31,0,8,-5
04,1,100,30,68,62,0,8,-4
04,1,70,60,84,58,0,0,-3
04,1,60,50,97,57,0,0,-7
04,1,130,30,98,53,0,7,-5
04,1,230,20,103,99,0,8,-2
04,1,230,50,84,67,0,0,-3
04,1,160,20,89,68,0,8,1
04,1,170,40,118,56,0,2,4
04,1,200,50,167,56,0,8,-12
04,1,200,40,88,71,0,8,-1
04,1,160,60,119,65,0,8,-7
04,1,30,30,26,-11,0,0,-10
04,1,30,30,56,25,0,0,4
04,1,40,20,80,47,0,0,2
04,1,240,30,127,108,0,8,-5
04,1,220,20,92,64,0,8,-1
04,1,80,20,66,49,0,0,3
04,1,170,40,133,64,0,0,-3
04,1,180,40,88,73,0,0,0
04,1,200,30,108,101,0,8,0
04,1,130,30,134,85,0,8,-1
04,1,210,20,139,83,0,8,5
04,1,160,10,112,78,0,0,-11
04,1,200,30,93,92,0,8,4
04,1,10,20,97,85,0,0,-10
04,1,70,30,124,83,0,2,-8
04,1,220,50,113,86,0,6,17
04,1,250,30,103,99,2,8,1
04,1,0,0,94,92,0,9,0
04,1,50,40,74,63,0,0,3
04,1,0,0,75,60,0,0,-2
04,1,20,40,85,58,0,0,-1
04,1,300,10,67,39,0,0,-12
04,1,320,10,50,30,0,0,-4
04,1,140,20,60,36,0,1,3
04,1,100,20,92,38,0,0,1
04,1,110,20,118,103,2,8,-3
04,1,140,50,114,105,7,8,-5
04,1,150,50,112,47,0,8,3
04,1,100,10,51,34,0,0,-9
04,1,200,20,66,58,0,0,2
04,1,230,70,35,2,0,7,-7
04,1,180,40,31,-17,0,8,3
04,1,210,40,56,49,20,8,0
04,1,180,40,82,47,0,8,1
04,1,210,40,41,25,0,0,-5
04,1,170,30,52,5,0,0,-3
04,1,110,30,72,25,0,0,0
04,1,330,20,108,80,2,8,-4
04,1,30,10,40,17,0,0,-11
04,1,350,20,63,43,0,0,-9
04,1,40,40,29,8,0,0,-13
04,1,20,40,38,23,0,0,-1
04,1,30,40,72,44,0,6,1
04,1,20,50,65,30,0,6,-6
04,1,30,40,38,7,0,0,5
04,1,10,50,56,17,0,8,-9
04,1,50,30,14,-13,0,0,4
04,1,110,10,49,-2,0,0,8
04,1,330,20,69,30,0,0,-5
04,1,170,30,35,15,0,0,0
04,1,200,30,27,1,0,7,3
04,1,990,10,7,-20,0,0,-5
04,1,20,40,23,-11,0,0,-9
04,1,60,20,52,-6,0,0,-1
04,1,140,10,101,8,0,0,-13
04,1,240,30,98,82,0,1,-4
04,1,200,20,70,59,0,0,-1
04,1,140,20,102,62,0,5,-19
04,1,180,30,157,72,0,8,0
04,1,230,50,159,118,-1,0,-2
04,1,240,60,131,105,0,8,-3
04,1,180,40,103,83,0,0,-8
04,1,290,30,139,99,0,8,-3
04,1,210,40,84,74,-1,7,-2
04,1,220,50,60,2,0,0,4
04,1,220,60,114,75,0,8,7
04,1,210,50,139,117,0,0,-7
04,1,270,20,92,66,0,6,0
04,1,300,10,66,35,0,0,-2
04,1,50,30,69,24,0,0,1
04,1,210,10,98,55,0,0,-12
04,1,290,40,85,70,2,8,-1
04,1,240,20,23,1,0,0,2
04,1,180,10,57,20,0,8,1
04,1,100,20,64,5,0,0,-8
04,1,210,20,36,-6,0,0,3
04,1,180,10,76,22,0,2,-5
04,1,100,20,64,4,0,0,12
04,1,170,20,127,7,0,6,-3
04,1,170,30,125,28,0,0,-21
04,1,180,20,105,33,0,1,-1
04,1,120,30,149,50,0,7,-5
04,1,90,20,112,72,0,0,2
04,1,180,10,114,78,0,0,3
04,1,90,30,145,51,0,0,-5
04,1,60,20,95,34,0,0,2
04,1,10,40,100,49,0,0,-10
04,1,300,20,92,87,0,8,1
04,1,40,20,82,73,0,0,-11
04,1,50,50,119,87,0,0,-3
04,1,360,20,10,-8,0,0,-10
04,1,260,10,24,2,0,0,-15
04,1,120,20,63,30,0,1,-8
04,1,190,20,88,49,-1,8,-1
04,1,50,40,67,47,0,8,-2
04,1,30,30,53,24,0,8,-3
04,1,240,30,32,1,4,8,-2
04,1,320,30,19,-19,0,8,1
04,1,200,80,53,48,10,8,3
04,1,200,80,92,78,-1,8,4
04,1,230,40,71,58,-1,8,-8
04,1,200,30,53,43,-1,3,-6
04,1,220,30,36,33,0,4,-3
04,1,130,20,53,42,0,1,-10
04,1,10,40,47,28,0,1,-5
04,1,350,40,19,-6,0,0,-8
04,1,230,20,2,-20,0,1,-5
04,1,190,60,44,30,0,4,4
04,1,160,50,78,43,0,8,-1
04,1,180,40,70,42,0,8,-4
04,1,190,50,67,36,0,8,-3
04,1,220,60,58,38,0,6,3
04,1,200,50,49,34,0,0,2
04,1,170,30,73,49,-1,8,-2
04,1,230,40,73,60,0,8,1
04,1,190,100,108,60,-1,7,0
04,1,190,60,99,77,4,7,2
04,1,50,50,96,93,15,8,0
04,1,50,30,121,114,0,1,3
04,1,170,30,115,60,0,0,-8
04,1,50,30,-14,-40,0,6,-20
04,1,50,30,-28,-69,0,0,1
04,1,50,40,-17,-60,0,0,-5
04,1,70,60,1,-57,0,8,-7
04,1,70,60,9,-33,0,0,-7
04,1,30,20,21,-7,0,8,1
04,1,350,20,25,-23,0,8,-9
04,1,60,20,15,-49,0,8,3
04,1,190,30,27,1,0,0,2
04,1,200,40,64,49,0,8,-2
04,1,110,40,73,64,13,8,7
04,1,230,20,88,78,0,8,-4
04,1,240,60,84,61,-1,8,0
04,1,200,80,116,87,0,8,3
04,1,180,50,164,78,0,0,-1
04,1,170,20,100,93,0,7,-6
04,1,220,50,142,101,0,8,-1
04,1,190,70,188,83,0,4,-6
04,1,240,50,82,34,0,7,-7
04,1,20,80,57,33,0,8,-3
04,1,20,40,56,-2,0,8,-12
04,1,260,10,59,1,0,1,-4
04,1,230,50,94,36,0,8,0
04,1,180,20,79,60,0,0,1
04,1,210,20,121,99,0,1,-11
04,1,160,30,139,100,0,2,4
04,1,330,30,54,48,0,8,-4
04,1,350,20,33,12,0,0,-8
04,1,210,50,70,38,0,3,-6
04,1,130,10,52,12,0,8,-4
04,1,210,40,129,62,0,8,-13
04,1,100,10,94,64,0,0,-3
04,1,170,20,126,71,0,8,-4
04,1,180,20,140,75,0,8,-1
04,1,320,20,116,87,0,8,-3
04,1,190,30,85,51,0,0,0
04,1,200,40,142,111,0,8,-5
04,1,210,70,138,116,0,8,-26
04,1,230,30,45,35,0,0,-7
04,1,200,30,52,39,0,0,-6
04,1,60,20,81,61,0,1,-4
04,1,20,20,60,47,0,0,-5
04,1,260,20,83,38,0,0,-5
04,1,230,50,76,42,0,8,-1
04,1,300,20,29,14,0,5,0
04,1,30,30,12,-7,0,6,-6
04,1,180,30,66,-6,0,0,-5
04,1,300,20,77,69,-1,8,-1
04,1,10,30,53,34,0,8,-13
04,1,40,50,100,77,0,0,-2
04,1,90,40,121,58,0,0,-10
04,1,200,20,104,96,0,8,-4
04,1,240,20,84,78,0,1,4
04,1,120,20,107,84,0,0,-15
04,1,80,50,122,103,0,1,-6
04,1,210,40,114,94,0,8,-8
04,1,230,40,105,86,0,8,-3
04,1,150,10,92,61,0,7,7
04,1,990,10,115,96,0,8,-2
04,1,340,10,108,105,0,8,-3
04,1,270,50,54,1,1,8,-4
04,1,240,60,56,41,2,8,0
04,1,210,20,4,-8,0,5,1
04,1,330,20,58,28,0,8,2
04,1,360,30,14,-6,0,0,5
04,1,360,20,26,-3,0,1,-8
04,1,160,10,16,12,0,0,-8
04,1,220,10,53,28,0,8,-9
04,1,100,30,68,40,0,0,-10
04,1,190,10,75,48,0,0,-11
04,1,190,50,131,21,0,2,-9
04,1,170,30,44,30,0,0,3
04,1,270,40,107,35,0,2,-6
04,1,200,20,60,30,0,4,-2
04,1,190,40,113,73,0,0,-10
04,1,40,50,96,53,0,0,-24
04,1,40,70,79,9,0,8,-4
04,1,40,40,40,8,0,0,-11
04,1,40,40,39,9,0,0,-5
04,1,50,20,53,13,0,0,-15
04,1,350,20,80,40,0,0,-5
04,1,30,50,57,44,0,0,-9
04,1,60,40,59,43,0,0,-20
04,1,160,10,78,43,0,0,-14
04,1,260,30,131,94,0,8,-12
04,1,190,40,114,108,6,8,-2
04,1,360,40,102,99,10,8,-11
04,1,360,40,42,9,0,3,-8
04,1,180,30,28,-13,0,2,0
04,1,230,40,83,56,-1,7,-6
04,1,30,10,53,34,-1,8,4
04,1,170,10,84,38,0,8,-3
04,1,130,40,128,86,0,8,4
04,1,160,40,141,102,0,1,-8
04,1,210,10,102,94,10,8,-1
04,1,220,50,66,51,0,6,-2
04,1,230,70,61,32,0,0,-4
04,1,200,30,44,25,0,7,10
04,1,210,30,28,12,0,0,4
04,1,220,20,80,31,0,8,2
04,1,90,40,98,45,0,0,-23
04,1,170,30,104,69,0,0,-7
04,1,190,30,56,53,0,0,6
04,1,190,20,66,63,0,1,-7
04,1,180,30,93,84,23,8,-2
04,1,210,70,100,68,0,1,2
04,1,250,20,49,36,0,8,-3
04,1,200,20,8,2,0,0,6
04,1,230,20,61,20,0,5,3
04,1,50,20,23,3,0,0,-2
04,1,50,30,39,9,0,0,-8
04,1,30,50,95,32,0,6,-6
04,1,20,40,74,25,-1,8,-12
04,1,240,30,24,-3,0,8,-1
04,1,240,30,9,2,0,0,-1
04,1,230,30,24,16,0,8,-13
04,1,240,70,26,11,2,8,5
04,1,220,30,22,12,1,6,-15
04,1,190,60,43,8,0,8,4
04,1,260,10,61,57,11,8,-6
04,1,180,20,119,84,0,8,3
04,1,200,30,66,57,0,0,6
04,1,0,0,65,60,0,0,0
04,1,180,10,53,38,0,0,-1
04,1,50,20,67,48,0,1,6
04,1,300,20,37,28,0,0,0
04,1,190,20,33,17,0,2,-6
04,1,210,10,86,66,0,5,-18
04,1,80,10,66,40,0,0,-5
04,1,200,50,118,56,0,0,3
04,1,310,20,42,26,0,4,-3
04,1,210,30,55,35,0,2,5
04,1,240,40,89,61,0,8,-5
04,1,220,20,34,12,0,2,-13
04,1,210,40,84,43,0,7,-6
04,1,230,30,49,15,0,8,-16
04,1,170,20,60,46,4,8,3
04,1,300,20,19,-3,0,7,-6
04,1,20,50,29,-20,0,7,-3
04,1,170,10,-10,-44,0,3,0
04,1,200,30,23,-17,0,6,5
04,1,240,30,99,67,0,8,-2
04,1,290,20,29,4,0,5,4
04,1,160,20,15,-5,0,2,-2
04,1,300,60,64,47,-1,8,-7
04,1,200,30,-4,-22,0,0,10
04,1,300,10,26,12,0,8,-1
04,1,190,30,13,2,0,0,8
04,1,210,20,25,8,0,4,-11
04,1,100,50,60,-2,0,0,0
04,1,210,30,59,48,-1,8,-1
04,1,150,20,35,17,0,8,-1
04,1,190,60,97,83,6,8,-4
04,1,200,50,89,64,0,8,-9
04,1,220,60,96,69,-1,8,-2
04,1,100,30,31,1,0,8,1
04,1,100,30,69,16,0,8,7
04,1,190,20,125,59,0,3,2
04,1,990,10,122,76,0,4,-10
04,1,200,40,137,97,0,8,-5
04,1,200,30,99,82,0,8,-5
04,1,60,30,79,77,0,8,-20
04,1,160,20,75,69,0,5,-5
04,1,200,30,82,73,0,8,6
04,1,180,20,114,109,4,8,-3
04,1,220,20,113,88,-1,8,-4
04,1,80,10,78,63,0,0,-6
04,1,180,20,114,72,0,0,-13
04,1,80,20,145,71,0,6,-4
04,1,190,30,154,86,0,0,0
04,1,300,10,144,102,0,8,-11
04,1,60,30,144,108,0,0,-5
04,1,210,30,151,136,0,8,4
04,1,220,60,85,50,0,8,0
04,1,230,50,149,84,0,8,-7
04,1,230,60,84,45,0,8,3
04,1,190,30,50,12,0,8,0
04,1,220,30,114,53,0,8,9
04,1,180,10,73,49,0,0,-2
04,1,340,30,117,110,5,8,-3
04,1,50,70,46,1,0,0,-10
04,1,160,20,91,34,0,0,-3
04,1,220,40,63,40,0,8,-5
04,1,210,20,31,15,0,8,4
04,1,100,20,31,17,0,1,-12
04,1,60,40,70,57,0,8,-2
04,1,320,10,88,71,0,8,2
04,1,220,30,93,87,0,2,9
04,1,230,20,94,91,0,8,0
04,1,40,50,73,27,0,8,-11
04,1,30,60,30,-21,0,0,-7
04,1,40,40,10,-35,0,4,27
04,1,40,40,7,-22,0,0,-2
04,1,30,40,15,-1,0,8,0
04,1,70,30,21,-4,0,0,-7
04,1,90,50,93,12,0,1,-4
04,1,110,20,107,81,0,8,-4
04,1,40,40,96,73,0,8,14
04,1,80,40,122,34,0,0,3
04,1,100,40,134,11,0,0,-11
04,1,50,40,115,25,0,0,-26
04,1,80,30,133,36,0,0,-5
04,1,80,60,132,15,0,5,-7
04,1,180,30,144,77,0,7,6
04,1,160,30,95,64,0,0,0
04,1,210,50,97,68,0,8,-2
04,1,190,40,89,55,0,6,-3
04,1,210,50,79,39,0,8,0
04,1,0,0,45,39,0,0,-5
04,1,30,40,97,63,0,8,-1
04,1,30,20,-1,-43,0,0,-7
04,1,360,10,13,-4,0,0,-10
04,1,230,40,69,35,0,8,-1
04,1,150,20,39,-16,0,8,-11
04,1,120,30,64,-4,0,0,6
04,1,170,40,127,7,0,0,1
04,1,280,10,121,87,0,8,-11
04,1,120,10,119,75,0,1,1
04,1,990,10,107,57,0,0,3
04,1,40,40,82,56,0,5,-5
04,1,60,40,84,16,0,8,-10
04,1,190,30,102,69,0,0,0
04,1,70,10,107,71,0,8,3
04,1,10,20,21,-33,0,4,20
04,1,90,20,24,-16,0,1,-8
04,1,150,10,72,18,0,8,-9
04,1,50,30,88,45,0,0,-2
04,1,30,40,98,46,0,1,-15
04,1,280,30,98,87,0,8,-5
04,1,50,60,80,8,0,0,-7
04,1,60,40,85,-20,0,0,2
04,1,50,50,95,11,0,0,-26
04,1,70,10,79,18,0,0,5
04,1,200,30,94,53,0,8,-5
04,1,360,40,67,54,0,8,1
04,1,360,20,52,39,0,0,-7
04,1,60,10,71,27,0,6,-6
04,1,50,20,98,53,0,1,-8
04,1,230,40,119,98,0,8,0
04,1,180,40,92,82,2,8,1
04,1,220,21,92,63,-1,8,0
04,1,230,67,87,58,-1,8,-4
04,1,220,57,103,47,-1,8,-8
04,1,190,36,40,27,0,0,-1
04,1,180,51,70,53,-1,8,-3
04,1,220,31,61,38,0,7,3
04,1,200,82,71,51,2,8,2
04,1,260,36,76,40,0,8,-1
04,1,240,26,80,68,0,5,-5
04,1,190,5,42,36,0,2,-7
04,1,130,41,91,29,0,2,-13
04,1,130,36,80,3,0,1,-11
04,1,90,10,80,12,0,0,-5
04,1,360,62,104,65,0,5,-11
04,1,20,31,95,33,0,0,-20
04,1,10,41,57,11,0,1,5
04,1,320,46,27,11,1,2,9
04,1,270,5,-15,-25,0,1,12
04,1,280,21,15,12,0,3,6
04,1,20,15,-16,-51,0,2,-3
04,1,0,0,-41,-53,0,0,-2
04,1,200,51,46,33,10,8,-1
04,1,290,41,35,23,6,7,-5
04,1,260,5,-6,-9,0,0,-3
04,1,90,21,7,-2,0,0,-4
04,1,60,36,46,11,0,1,-21
04,1,20,31,48,13,0,0,-15
04,1,10,31,39,24,0,0,-5
04,1,250,15,27,18,0,0,-4
04,1,100,26,65,42,-1,8,1
04,1,990,15,42,38,0,8,-3
04,1,190,41,41,13,0,0,3
04,1,250,15,50,49,0,8,0
04,1,360,21,43,13,0,7,0
04,1,260,15,-5,-6,0,1,-4
04,1,210,21,57,40,0,7,-4
04,1,160,36,71,20,0,7,-6
04,1,120,31,66,17,0,1,-10
04,1,70,26,39,2,0,0,3
04,1,40,15,37,22,0,0,0
04,1,20,15,60,37,0,5,-13
04,1,200,10,37,34,0,3,6
04,1,260,41,70,50,0,1,-20
04,1,240,46,70,43,0,2,-3
04,1,200,57,82,68,5,8,-14
04,1,300,67,30,17,2,7,0
04,1,240,26,18,3,0,1,-8
04,1,230,31,73,72,1,8,2
04,1,280,62,121,93,0,8,-1
04,1,270,21,15,11,0,0,-9
04,1,130,26,33,-2,0,2,3
04,1,290,26,95,53,0,7,-5
04,1,210,21,81,54,0,8,0
04,1,210,31,94,58,0,7,2
04,1,200,36,124,83,0,3,4
04,1,170,31,90,89,0,3,5
04,1,250,46,99,70,0,4,-9
04,1,210,31,82,60,5,8,-5
04,1,300,46,71,57,0,7,-4
04,1,220,26,55,45,0,6,-8
04,1,270,5,84,57,0,6,-4
04,1,190,41,58,33,0,7,-1
04,1,270,5,1,-2,0,6,-7
04,1,130,36,49,24,0,8,-3
04,1,210,26,10,-3,0,0,0
04,1,220,51,67,52,0,0,-2
04,1,290,93,78,54,-1,7,-5
04,1,310,10,29,28,0,1,-15
04,1,100,31,42,9,0,2,-18
04,1,240,46,100,78,0,4,-18
04,1,80,36,67,57,0,2,-3
04,1,990,5,64,63,0,6,-5
04,1,30,10,50,46,0,6,-2
04,1,990,10,74,60,0,7,-5
04,1,10,31,68,64,0,5,-1
04,1,280,10,47,47,0,0,-14
04,1,230,36,98,76,0,8,-1
04,1,240,41,108,108,6,8,0
04,1,250,51,101,101,13,8,0
04,1,150,15,78,78,0,6,-3
04,1,180,41,133,90,0,2,4
04,1,120,5,67,64,0,1,11
04,1,170,46,99,98,0,4,-3
04,1,130,26,116,79,0,1,11
04,1,20,15,103,94,0,1,3
04,1,20,51,109,100,0,4,-6
04,1,10,31,103,92,0,1,1
04,1,20,46,117,104,0,0,-6
04,1,60,21,133,82,0,0,-5
04,1,50,10,118,88,0,0,-3
04,1,180,93,94,80,7,8,12
04,1,240,41,42,32,18,8,9
04,1,310,21,26,14,4,5,-4
04,1,190,103,58,30,3,8,-8
04,1,220,36,31,12,1,4,0
04,1,200,26,31,25,0,3,-9
04,1,150,10,-6,-7,0,1,-3
04,1,180,21,50,47,2,8,-7
04,1,190,113,55,45,10,8,1
04,1,60,10,-31,-31,0,1,1
04,1,340,67,63,51,0,8,3
04,1,360,46,56,44,0,0,1
04,1,340,51,75,45,0,7,-2
04,1,330,62,52,11,-1,3,-1
04,1,270,21,49,42,-1,8,-2
04,1,30,41,61,44,0,7,-2
04,1,10,57,53,46,0,7,1
04,1,350,26,24,5,0,1,6
04,1,10,10,7,-4,0,0,-6
04,1,0,0,8,5,0,5,-9
04,1,0,0,63,40,0,7,-3
04,1,160,10,32,17,0,0,-15
04,1,140,31,86,57,0,0,-5
04,1,140,26,87,67,0,3,1
04,1,260,21,101,99,0,5,-4
04,1,170,36,64,32,0,2,6
04,1,200,26,108,105,0,6,7
04,1,230,21,141,130,0,8,-1
04,1,200,10,83,83,0,3,-9
04,1,190,5,114,98,0,5,-4
04,1,280,31,98,90,0,6,-1
04,1,250,31,93,87,0,4,2
04,1,250,41,79,67,0,1,1
04,1,270,31,88,85,0,8,0
04,1,70,5,19,10,0,7,-3
04,1,250,36,91,71,0,7,-1
04,1,210,21,79,78,0,4,14
04,1,330,36,53,-3,0,4,1
04,1,330,31,43,3,0,6,-15
04,1,240,26,54,34,1,8,-1
04,1,280,10,54,54,0,8,3
04,1,290,10,86,72,0,7,3
04,1,10,51,76,47,0,7,-2
04,1,10,46,66,54,0,7,-1
04,1,210,10,38,38,0,8,-14
04,1,320,31,63,54,0,7,3
04,1,240,36,67,57,-1,7,6
04,1,220,51,85,82,4,8,3
04,1,0,0,7,3,0,5,0
04,1,240,15,8,2,0,1,0
04,1,160,5,-13,-16,0,0,0
04,1,40,31,80,63,0,8,4
04,1,160,5,44,43,0,0,-10
04,1,350,31,95,89,1,8,-6
04,1,40,41,140,96,0,0,-6
04,1,30,21,120,92,0,6,7
04,1,350,36,88,84,0,2,7
04,1,350,21,63,16,0,7,-2
04,1,60,10,33,7,0,1,-8
04,1,30,31,96,79,-1,8,-5
04,1,360,10,-20,-20,0,1,-15
04,1,340,21,-18,-40,0,0,-3
04,1,20,26,-24,-29,0,0,-2
04,1,20,41,-5,-21,0,0,-4
04,1,50,41,16,-33,0,0,-3
04,1,90,31,24,8,0,3,1
04,1,310,10,36,20,0,4,-21
04,1,260,10,55,42,0,8,0
04,1,990,5,-1,-4,0,0,2
04,1,990,10,85,60,0,8,1
04,1,320,15,78,71,3,8,-2
04,1,70,67,34,13,0,8,-4
04,1,60,46,13,-47,0,8,-4
04,1,80,21,25,-11,0,0,-20
04,1,90,15,12,-22,0,0,-2
04,1,180,10,29,-22,0,2,23
04,1,130,31,71,-18,0,0,-12
04,1,240,21,75,51,0,0,-10
04,1,150,21,82,50,0,7,14
04,1,100,5,96,60,0,4,-19
04,1,180,36,124,20,0,3,-4
04,1,180,36,155,51,0,1,-12
04,1,140,36,160,50,0,1,27
04,1,230,21,86,50,0,5,-22
04,1,220,21,61,49,0,1,0
04,1,220,26,48,35,0,0,9
04,1,70,10,64,64,0,0,6
04,1,10,41,105,88,0,7,-3
04,1,330,21,42,29,0,1,-4
04,1,290,15,25,10,0,6,-11
04,1,190,10,18,17,0,0,-1
04,1,0,0,15,14,0,0,-6
04,1,190,30,69,44,0,4,-9
04,1,300,40,50,24,-1,4,0
04,1,210,50,57,-6,-1,8,7
04,1,350,80,57,25,0,7,-9
04,1,60,10,-7,-20,0,0,-8
04,1,70,20,23,-34,0,0,-15
04,1,120,20,51,-20,0,6,-4
04,1,320,10,22,1,0,0,-12
04,1,230,20,48,39,0,2,2
04,1,300,30,43,23,0,4,2
04,1,350,20,32,19,0,1,-23
04,1,270,10,71,33,0,8,-6
04,1,350,40,57,11,0,8,-2
04,1,320,10,27,9,0,6,16
04,1,360,20,29,29,0,0,-6
04,1,10,30,32,22,0,0,-6
04,1,360,30,59,42,0,8,0
04,1,20,50,28,-5,0,3,-8
04,1,20,20,-30,-52,0,0,13
04,1,320,20,56,39,-1,8,-2
04,1,0,0,-17,-18,0,5,-8
04,1,200,20,36,-12,0,1,2
04,1,220,20,70,11,0,6,-7
04,1,60,20,92,92,-1,7,-11
04,1,120,30,105,105,-1,8,-1
04,1,200,30,92,91,0,7,-7
04,1,260,60,109,107,15,8,-2
04,1,320,40,88,84,0,8,-2
04,1,60,10,67,64,0,1,3
04,1,190,20,94,94,0,5,0
04,1,170,50,109,100,0,8,0
04,1,200,70,93,60,-1,8,-5
04,1,200,60,99,75,-1,7,-8
04,1,190,40,66,59,0,2,1
04,1,200,20,46,40,0,1,-13
04,1,280,30,77,74,0,7,-7
04,1,130,30,55,51,0,7,-1
04,1,190,40,50,45,0,2,-12
04,1,220,20,48,46,0,7,-10
04,1,290,30,33,26,0,5,-4
04,1,230,30,16,-1,0,1,-6
04,1,220,10,6,-11,-1,7,0
04,1,130,40,40,17,0,8,0
04,1,200,50,21,15,4,8,1
04,1,110,30,57,28,0,8,-1
04,1,990,10,77,71,-1,8,-3
04,1,250,20,64,58,0,7,-3
04,1,160,40,83,45,-1,8,2
04,1,200,30,73,55,0,3,-6
04,1,100,20,102,74,0,7,-4
04,1,120,30,111,66,0,0,-9
04,1,230,40,111,95,7,6,-2
04,1,220,30,129,113,0,4,-1
04,1,210,20,96,93,2,8,-6
04,1,130,30,87,81,0,7,-4
04,1,250,20,84,84,-1,8,-1
04,1,990,10,56,55,0,2,-15
04,1,30,30,81,77,0,2,-2
04,1,120,30,97,55,0,0,-2
04,1,120,30,98,36,0,0,-5
04,1,990,10,91,76,0,6,1
04,1,280,40,112,109,0,8,-2
04,1,170,20,81,81,0,9,5
04,1,230,20,113,107,0,3,-1
04,1,240,50,104,83,0,8,1
04,1,280,30,82,68,0,7,1
04,1,190,10,13,11,0,2,13
04,1,240,20,104,90,0,7,1
04,1,270,30,95,86,0,7,-6
04,1,210,50,69,37,0,7,1
04,1,250,30,65,60,0,6,10
04,1,250,40,20,13,1,7,-1
04,1,270,20,17,8,0,7,-4
04,1,180,30,18,8,0,1,-7
04,1,0,0,-3,-8,0,1,-2
04,1,10,30,49,27,0,7,-12
04,1,0,0,-9,-14,0,2,-2
04,1,130,30,14,4,0,1,-1
04,1,160,60,107,99,5,8,3
04,1,190,50,92,82,7,8,4
04,1,180,30,63,56,0,2,-6
04,1,130,30,92,78,0,2,-9
04,1,180,30,74,66,0,1,-8
04,1,80,30,126,85,0,7,-4
04,1,50,40,113,93,0,2,-3
04,1,10,30,86,61,0,1,-3
04,1,30,70,72,58,0,8,3
04,1,40,20,49,34,0,1,-5
04,1,110,10,55,49,0,8,-1
04,1,140,30,62,51,2,8,0
04,1,110,40,84,39,0,5,2
04,1,180,40,95,87,0,6,0
04,1,20,90,46,34,1,8,-5
04,1,20,30,-6,-34,0,1,-11
04,1,30,30,9,2,0,0,-6
04,1,990,10,5,-9,0,2,-3
04,1,60,20,74,20,0,7,-10
04,1,50,50,47,-5,0,1,-5
04,1,990,10,-2,-24,0,0,-6
04,1,150,60,69,41,-1,8,-6
04,1,180,30,34,28,-1,7,12
04,1,200,30,50,40,-1,7,0
04,1,40,30,64,44,-1,8,2
04,1,220,70,68,42,0,8,-9
04,1,150,30,100,65,0,7,-3
04,1,190,50,65,47,0,1,-3
04,1,120,30,65,40,0,2,-3
04,1,170,40,90,77,0,3,-1
04,1,260,30,141,78,0,7,-31
04,1,120,30,114,62,0,8,-6
04,1,310,20,122,120,17,8,-10
04,1,240,30,88,85,0,6,-7
04,1,150,10,65,55,0,3,-5
04,1,120,40,123,84,0,5,-7
04,1,140,20,123,118,1,7,2
04,1,990,10,109,104,0,5,5
04,1,210,10,113,103,0,3,1
04,1,0,0,113,100,0,8,-1
04,1,210,50,110,83,0,7,0
04,1,90,10,57,57,0,5,1
04,1,270,80,136,93,-1,6,-17
04,1,170,50,105,72,0,8,-1
04,1,240,40,57,32,0,0,-2
04,1,240,70,103,88,2,8,-3
04,1,250,60,102,71,-1,8,-6
04,1,310,40,54,49,0,7,9
04,1,180,40,43,25,0,5,-9
04,1,250,40,105,90,0,7,-6
04,1,300,30,75,66,0,8,-2
04,1,350,40,54,27,0,7,-18
04,1,310,30,-4,-23,0,2,5
04,1,340,10,-24,-56,0,1,10
04,1,280,70,89,82,1,8,0
04,1,280,40,56,39,-1,8,-1
04,1,350,40,54,34,0,7,-5
04,1,210,50,53,29,-1,8,-1
04,1,240,30,12,4,0,5,1
04,1,250,20,23,11,0,2,-2
04,1,30,30,9,5,0,6,-6
04,1,360,20,20,8,0,1,-3
04,1,90,10,47,5,0,7,-4
04,1,990,10,65,28,0,8,-2
04,1,180,30,85,81,0,7,1
04,1,200,60,84,66,-1,4,-3
04,1,220,40,84,64,1,7,-3
04,1,190,30,96,92,0,8,1
04,1,190,40,83,61,0,6,1
04,1,140,20,120,104,0,8,-12
04,1,190,20,66,59,0,,0
04,1,140,20,86,58,0,,-9
04,1,110,40,119,26,0,,-4
04,1,90,50,104,29,0,,-4
04,1,80,40,73,2,0,,-10
04,1,80,70,48,-36,0,,-6
04,1,40,30,-1,-26,0,,-8
04,1,20,30,23,8,0,,-6
04,1,20,30,22,-15,0,,1
04,1,50,50,39,-9,0,,1
04,1,40,40,30,-22,0,,4
04,1,30,20,33,9,0,,-10
04,1,360,30,49,30,0,,-7
04,1,990,10,-13,-17,0,,-7
04,1,250,20,48,33,0,,4
04,1,280,30,65,57,5,,1
04,1,300,20,74,69,0,,0
04,1,150,20,63,51,0,,9
04,1,200,10,43,33,0,,-12
04,1,280,10,15,9,0,,-6
04,1,0,0,22,18,0,,-7
04,1,0,0,44,37,0,,8
04,1,270,30,122,85,0,,-4
04,1,250,20,111,92,0,,-3
04,1,260,10,88,85,0,,0
04,1,210,10,23,18,0,,1
04,1,280,70,80,39,0,,-5
04,1,210,40,79,59,0,,-2
04,1,240,70,83,40,0,,-3
04,1,230,50,85,59,0,,2
04,1,210,10,2,-4,0,1,-5
04,1,290,60,67,41,-1,8,-4
04,1,310,40,40,3,0,5,3
04,1,290,10,-18,-26,0,0,16
04,1,340,60,69,48,0,7,-3
04,1,20,30,49,28,0,8,0
04,1,20,30,-9,-43,0,0,-3
04,1,30,30,-33,-72,0,1,-10
04,1,40,20,-20,-59,0,1,2
04,1,40,10,7,1,-1,7,2
04,1,220,20,3,-11,0,3,5
04,1,80,10,-14,-30,0,1,1
04,1,100,20,39,-17,0,4,15
04,1,110,40,115,7,0,1,-8
04,1,110,40,122,11,0,2,-2
04,1,120,30,139,52,0,1,-5
04,1,80,30,117,15,0,0,-19
04,1,30,40,88,25,0,0,-3
04,1,50,50,54,-5,0,0,-2
04,1,50,40,60,38,0,2,3
04,1,140,20,102,56,0,4,-26
04,1,220,20,103,75,0,8,-1
04,1,30,20,56,47,0,0,-5
04,1,20,10,60,55,0,0,-11
04,1,130,10,103,99,0,1,11
04,1,210,30,139,133,-1,7,-5
04,1,260,30,103,90,-1,7,1
04,1,190,40,111,99,-1,8,-1
04,1,200,40,144,124,0,5,2
04,1,160,20,93,80,0,2,2
04,1,140,30,116,52,0,8,-10
04,1,120,40,133,47,0,8,-9
04,1,170,20,103,84,-1,8,-1
04,1,190,70,115,89,4,8,7
04,1,240,60,81,48,2,8,-12
04,1,270,30,64,34,0,7,-5
04,1,290,20,47,38,16,8,-5
04,1,300,40,43,26,0,5,-9
04,1,30,30,42,24,0,8,-21
04,1,250,10,-2,-10,0,0,-8
04,1,20,30,49,13,0,8,-6
04,1,20,20,16,3,0,0,-16
04,1,10,20,73,54,0,8,-3
04,1,10,10,35,27,0,0,-16
04,1,140,30,66,26,0,0,-9
04,1,160,20,61,27,0,0,6
04,1,120,30,106,41,0,4,-2
04,1,180,40,82,68,0,8,0
04,1,170,50,61,29,0,0,-9
04,1,120,20,17,6,0,1,4
04,1,170,30,100,71,0,8,-3
04,1,110,20,118,109,7,8,-6
04,1,340,20,84,49,0,6,-31
04,1,20,10,62,39,0,3,-23
04,1,40,10,56,44,0,0,-12
04,1,30,10,77,51,0,0,-8
04,1,80,20,104,60,0,3,-11
04,1,90,40,136,86,0,4,-17
04,1,150,40,122,99,0,8,0
04,1,310,20,121,107,-1,8,3
04,1,90,10,67,30,0,7,2
04,1,130,30,69,0,0,0,-6
04,1,150,30,89,26,0,3,5
04,1,170,20,89,35,0,0,-4
04,1,220,20,77,68,4,7,-6
04,1,200,30,48,20,0,0,-9
04,1,240,50,87,47,0,0,-8
04,1,210,40,70,37,0,8,-4
04,1,340,70,38,-1,0,7,-2
04,1,250,30,59,51,2,8,1
04,1,230,10,53,45,0,8,7
04,1,0,0,39,28,0,0,-7
04,1,200,10,86,42,0,8,-1
04,1,170,30,101,96,2,7,3
04,1,990,10,78,70,0,7,1
04,1,160,10,63,46,0,7,2
04,1,330,30,78,75,0,8,1
04,1,210,20,79,75,0,8,2
04,1,0,0,68,59,0,8,1
04,1,270,10,46,42,0,5,0
04,1,30,20,16,-5,0,0,-10
04,1,40,10,20,2,0,0,-2
04,1,60,20,48,9,0,0,-4
04,1,0,0,103,65,0,8,-1
04,1,60,10,99,81,0,7,9
04,1,280,20,99,92,0,8,2
04,1,180,20,103,97,-1,8,0
04,1,210,30,68,37,0,0,1
04,1,190,30,123,117,18,8,2
04,1,80,10,114,109,0,8,0
04,1,200,50,97,82,0,4,2
04,1,200,40,63,38,0,1,3
04,1,240,70,93,59,0,8,-19
04,1,240,20,43,27,-1,3,-3
04,1,20,20,28,12,0,8,-1
04,1,240,20,-2,-12,0,0,-1
04,1,210,20,27,-13,0,1,5
04,1,210,50,66,38,0,7,-4
04,1,240,30,41,21,0,1,-6
04,1,330,20,-11,-19,0,0,22
04,1,0,0,-18,-25,0,0,-6
04,1,220,50,50,39,2,8,4
04,1,220,50,79,49,0,7,1
04,1,260,40,93,83,0,8,-1
04,1,80,10,19,16,0,9,0
04,1,210,30,117,107,-1,7,-6
04,1,220,20,101,86,-1,8,-1
04,1,240,20,73,46,0,8,-7
04,1,200,30,65,45,0,8,1
04,1,210,20,86,48,0,7,-22
04,1,0,0,100,61,0,8,-3
04,1,340,30,94,82,0,5,-10
04,1,250,20,61,43,0,8,8
04,1,40,20,92,84,-1,8,-2
04,1,130,10,93,69,0,0,3
04,1,210,20,118,111,-1,8,-1
04,1,340,20,80,65,0,0,-4
04,1,360,40,61,51,0,4,6
04,1,320,30,17,-1,0,0,3
04,1,200,10,38,16,12,8,-2
04,1,50,50,91,47,0,0,-3
04,1,40,40,60,13,0,0,7
04,1,20,50,56,29,0,0,-6
04,1,20,40,33,17,0,0,-7
04,1,300,10,10,2,0,0,-2
04,1,270,10,19,16,0,0,3
04,1,20,40,77,59,0,8,-3
04,1,320,10,8,7,0,0,-7
04,1,240,20,65,12,0,1,-1
04,1,230,20,85,61,0,6,8
04,1,220,10,112,86,0,8,-1
04,1,30,30,56,48,0,0,2
04,1,30,20,101,85,0,0,-7
04,1,50,20,101,87,0,0,7
04,1,100,20,113,96,0,0,0
04,1,0,0,117,68,0,0,-5
04,1,360,50,106,101,0,8,1
04,1,300,20,47,41,0,7,-3
04,1,220,10,36,30,0,1,-16
04,1,360,20,75,65,0,1,1
04,1,40,20,19,2,0,0,8
04,1,40,10,41,11,0,0,-12
04,1,210,20,82,38,0,0,6
04,1,240,10,130,102,0,8,-1
04,1,120,10,123,99,0,0,2
04,1,360,30,140,108,0,0,-13
04,1,50,10,128,127,0,0,-2
04,1,20,40,135,102,0,0,-7
04,1,40,30,125,103,0,0,-9
04,1,80,60,116,4,0,1,-6
04,1,200,20,35,24,0,0,8
04,1,260,40,92,49,0,8,-3
04,1,290,40,52,36,0,1,4
04,1,240,10,47,31,0,8,-7
04,1,210,10,90,89,-1,8,1
04,1,280,20,28,18,0,5,5
04,1,30,20,-8,-26,0,4,-4
04,1,190,30,-1,-17,0,0,-5
04,1,20,10,3,-6,0,1,1
04,1,340,20,8,-4,0,0,3
04,1,60,20,14,-3,0,0,7
04,1,210,40,54,28,0,0,-17
04,1,210,20,51,25,0,5,-15
04,1,330,20,46,41,0,8,1
04,1,230,10,19,17,0,7,-4
04,1,310,10,-14,-20,0,0,-5
04,1,40,30,4,-9,0,0,0
04,1,80,40,51,22,0,0,-5
04,1,70,60,64,32,0,8,-3
04,1,110,40,85,75,0,8,-3
04,1,80,50,91,56,0,1,-5
04,1,60,40,103,46,0,6,-28
04,1,130,20,115,59,0,8,-14
04,1,270,20,97,95,-1,8,-1
04,1,240,30,79,71,0,1,-4
04,1,180,30,100,78,0,8,1
04,1,140,30,119,74,0,8,-11
04,1,210,20,128,91,0,7,17
04,1,150,20,90,86,2,8,2
04,1,150,50,105,83,-1,7,2
04,1,40,30,40,26,0,0,2
04,1,50,40,77,63,0,0,-14
04,1,40,20,59,38,0,0,9
04,1,260,20,76,75,0,8,1
04,1,0,0,96,80,0,8,1
04,1,100,20,56,39,0,0,-5
04,1,150,10,74,60,0,0,19
04,1,180,40,83,71,0,0,-2
04,1,190,20,41,40,0,9,-19
04,1,130,40,122,92,0,7,5
04,1,150,30,150,77,0,6,11
04,1,30,30,117,89,0,8,10
04,1,250,20,78,71,0,1,-1
04,1,40,10,71,60,0,7,-2
04,1,40,20,97,86,0,0,-10
04,1,50,30,120,94,0,8,-1
04,1,280,20,115,114,44,8,0
04,1,30,40,94,72,-1,8,-7
04,1,40,30,85,69,0,8,-7
04,1,290,10,53,50,0,0,-2
04,1,20,30,76,57,0,0,7
04,1,230,10,41,36,0,0,11
04,1,310,10,32,25,0,0,-11
04,1,100,10,46,32,0,0,12
04,1,130,10,80,49,0,0,-22
04,1,250,10,114,100,-1,8,-6
04,1,340,10,100,94,13,8,-1
04,1,140,30,87,48,0,3,-1
04,1,30,10,51,50,0,1,-19
04,1,0,0,60,53,0,0,-13
04,1,230,60,34,20,4,8,-3
04,1,180,30,21,-22,0,5,-4
04,1,170,30,66,50,0,7,-7
04,1,150,30,74,58,-1,8,-1
04,1,220,20,35,22,0,0,-3
04,1,190,30,68,31,0,8,-3
04,1,130,30,91,29,0,0,-8
04,1,270,10,103,94,1,8,-6
04,1,260,10,23,16,0,0,-5
04,1,360,30,58,57,0,8,3
04,1,20,30,19,1,0,0,-7
04,1,20,30,30,19,0,0,-4
04,1,20,30,57,37,0,0,-4
04,1,10,40,47,33,0,0,-7
04,1,20,30,49,25,0,0,-18
04,1,20,30,42,31,0,4,-6
04,1,20,20,17,2,0,0,-6
04,1,30,10,40,21,0,0,0
04,1,360,20,56,46,0,0,-16
04,1,160,30,47,14,0,1,-17
04,1,270,20,41,11,0,2,-12
04,1,220,10,-18,-36,0,2,12
04,1,30,10,18,2,0,0,-3
04,1,60,10,45,10,0,0,-11
04,1,40,20,62,8,0,0,-5
04,1,230,20,88,73,0,1,6
04,1,240,20,54,48,0,6,16
04,1,0,0,79,58,0,8,-1
04,1,180,20,133,68,0,3,-3
04,1,250,30,116,109,-1,8,2
04,1,260,40,121,100,0,8,-3
04,1,180,40,108,97,0,0,1
04,1,270,20,110,103,13,8,-1
04,1,250,30,93,69,0,8,2
04,1,210,40,70,22,0,4,-3
04,1,250,50,117,98,0,8,-3
04,1,220,20,149,121,0,0,-8
04,1,300,20,95,76,0,8,-5
04,1,300,20,38,28,0,0,9
04,1,60,30,72,18,0,0,-21
04,1,100,10,63,45,0,1,-14
04,1,290,50,94,73,0,7,-11
04,1,250,30,38,21,0,0,5
04,1,260,10,35,17,0,8,12
04,1,100,20,86,56,0,8,0
04,1,0,0,54,19,0,8,0
04,1,0,0,92,60,0,8,3
04,1,40,20,73,43,0,1,-17
04,1,130,30,107,27,0,0,-7
04,1,90,10,93,61,0,0,-3
04,1,30,10,96,47,0,0,-2
04,1,80,10,109,74,0,2,-7
04,1,90,20,152,69,0,6,-6
04,1,310,10,123,67,0,6,-5
04,1,10,10,125,49,0,0,-17
04,1,340,10,98,70,0,0,0
04,1,20,50,88,29,0,0,7
04,1,10,40,113,98,0,8,0
04,1,280,10,78,74,0,2,-18
04,1,60,40,127,92,0,0,-6
04,1,330,10,-5,-20,0,0,-18
04,1,230,20,12,3,0,0,0
04,1,140,10,62,37,0,7,1
04,1,240,30,87,57,1,7,-18
04,1,50,40,67,47,0,8,-3
04,1,10,20,19,0,0,1,-21
04,1,320,20,60,56,2,8,-1
04,1,300,20,34,-1,0,8,-12
04,1,210,40,69,64,17,8,3
04,1,200,80,98,89,2,8,-1
04,1,210,30,62,58,0,2,-4
04,1,230,10,36,33,0,2,-10
04,1,0,0,15,9,0,0,-9
04,1,0,0,16,13,0,6,-7
04,1,350,40,46,33,0,2,-3
04,1,340,40,33,2,0,1,-2
04,1,190,20,-18,-30,0,0,-9
04,1,190,50,43,35,0,1,2
04,1,200,40,77,63,2,8,-6
04,1,190,30,42,19,0,0,-6
04,1,160,30,63,51,0,8,1
04,1,210,40,61,53,-1,8,-1
04,1,190,40,65,50,3,8,2
04,1,130,30,74,65,-1,8,-3
04,1,220,30,76,63,0,8,-2
04,1,180,70,112,70,0,8,-8
04,1,190,60,98,77,-1,7,4
04,1,50,20,111,82,-1,8,-3
04,1,20,70,95,85,0,8,0
04,1,0,0,73,60,0,0,-12
04,1,30,20,-23,-45,0,0,-20
04,1,40,40,-13,-60,0,0,-14
04,1,50,50,-3,-62,0,1,-5
04,1,70,50,22,-60,0,8,0
04,1,60,60,28,-30,0,8,-3
04,1,20,30,30,-16,0,8,1
04,1,0,0,-16,-50,0,0,-20
04,1,50,30,23,-54,0,6,-13
04,1,110,30,29,8,0,0,4
04,1,210,20,53,50,0,8,8
04,1,100,50,65,60,4,8,4
04,1,240,10,54,49,0,8,2
04,1,250,40,86,66,0,8,2
04,1,190,60,116,99,0,8,1
04,1,230,10,141,76,0,0,-14
04,1,170,10,65,61,0,0,11
04,1,240,20,109,105,8,8,1
04,1,210,40,169,92,0,4,-32
04,1,240,40,78,41,0,0,-6
04,1,10,40,33,14,0,0,-11
04,1,30,40,25,-3,0,0,-1
04,1,140,10,2,-17,0,0,-11
04,1,230,40,100,42,0,8,1
04,1,220,10,48,40,0,0,4
04,1,230,20,107,84,0,8,-5
04,1,220,10,91,75,0,0,8
04,1,310,20,35,31,0,8,0
04,1,330,20,24,4,0,8,-19
04,1,200,40,43,17,0,0,0
04,1,220,20,55,-1,0,8,-16
04,1,180,20,126,63,0,2,-26
04,1,30,10,79,74,0,0,-6
04,1,60,10,111,81,0,6,-15
04,1,200,20,131,93,0,8,11
04,1,260,20,102,82,-1,7,0
04,1,180,20,68,50,0,0,7
04,1,200,30,136,127,0,6,-6
04,1,250,70,130,105,4,8,-24
04,1,230,20,53,43,0,0,-7
04,1,220,20,87,65,0,8,2
04,1,10,30,106,80,0,8,-5
04,1,330,10,61,59,0,0,-15
04,1,230,20,77,63,0,7,4
04,1,250,40,86,62,0,8,5
04,1,290,20,38,14,0,0,-2
04,1,0,0,20,5,0,0,-17
04,1,180,30,60,2,0,0,3
04,1,310,30,64,52,0,1,-8
04,1,350,30,66,40,0,7,-2
04,1,40,30,99,67,0,0,-7
04,1,90,40,114,67,0,0,-9
04,1,190,10,107,103,0,8,1
04,1,100,10,57,53,0,0,-1
04,1,50,10,85,82,0,6,-11
04,1,70,30,131,112,-1,8,-17
04,1,200,20,116,105,0,3,0
04,1,160,10,107,89,-1,8,-1
04,1,150,10,91,87,0,0,-10
04,1,0,0,109,104,0,8,-3
04,1,310,10,108,103,0,8,2
04,1,280,110,55,-5,0,7,-3
04,1,250,30,60,52,12,8,2
04,1,220,20,-3,-7,0,8,9
04,1,20,20,63,33,0,8,1
04,1,350,20,16,-1,0,1,-3
04,1,280,10,-10,-16,0,8,6
04,1,200,20,32,28,0,0,-20
04,1,0,0,26,22,0,7,-4
04,1,10,10,34,31,0,0,2
04,1,0,0,50,47,0,0,-11
04,1,190,30,106,45,0,0,4
04,1,200,30,48,30,0,6,-6
04,1,310,50,84,48,0,8,-14
04,1,210,30,72,38,0,3,0
04,1,210,20,95,71,0,0,0
04,1,20,20,65,59,0,4,0
04,1,40,30,54,6,0,3,-9
04,1,30,30,30,11,0,0,-6
04,1,20,30,30,22,0,0,1
04,1,20,20,45,14,0,3,-9
04,1,10,20,56,36,0,1,-5
04,1,20,30,41,36,0,0,-2
04,1,40,20,31,27,0,0,-4
04,1,180,10,39,32,0,0,-9
04,1,210,20,114,78,0,7,-6
04,1,210,20,114,109,15,8,1
04,1,20,40,84,66,0,8,-7
04,1,0,0,7,-12,0,0,-16
04,1,180,20,23,-16,0,0,-10
04,1,200,30,63,57,0,1,5
04,1,360,30,38,24,0,0,-16
04,1,210,20,90,39,0,8,-8
04,1,150,40,133,94,1,8,9
04,1,140,20,132,117,-1,8,1
04,1,990,10,98,76,-1,8,-1
04,1,230,30,85,68,-1,8,-9
04,1,220,30,59,31,0,0,-5
04,1,210,20,59,48,0,8,2
04,1,210,10,17,12,0,0,7
04,1,250,40,80,67,3,8,-10
04,1,110,50,105,43,0,0,-8
04,1,160,30,110,72,0,3,-22
04,1,110,10,36,26,0,0,-14
04,1,220,10,36,35,0,0,-11
04,1,190,20,94,87,14,8,0
04,1,200,70,103,82,-1,8,0
04,1,280,20,49,32,-1,8,1
04,1,240,10,-1,-6,0,0,4
04,1,240,30,85,53,0,8,-1
04,1,10,10,26,7,0,0,-16
04,1,50,40,54,25,0,0,-1
04,1,40,50,81,23,0,7,-8
04,1,30,40,64,28,-1,8,-2
04,1,330,20,33,15,-1,7,0
04,1,240,20,12,0,0,0,6
04,1,220,30,16,-6,0,2,6
04,1,250,50,42,27,4,8,-1
04,1,260,10,23,15,0,1,-14
04,1,190,50,51,-2,0,8,-4
04,1,200,20,57,46,0,5,4
04,1,140,10,83,82,0,3,8
04,1,990,10,83,83,0,9,-14
04,1,10,30,78,78,0,9,-1
04,1,0,0,45,44,0,4,0
04,1,310,10,60,53,0,2,7
04,1,280,20,27,18,0,8,2
04,1,240,30,46,32,0,8,7
04,1,360,20,85,60,0,8,-7
04,1,90,10,30,27,0,0,-6
04,1,250,20,132,42,0,2,-21
04,1,240,20,41,30,0,8,-2
04,1,220,30,76,41,0,8,-5
04,1,260,20,90,84,7,6,-11
04,1,220,20,35,25,0,7,15
04,1,220,30,97,48,-1,8,2
04,1,250,20,67,37,0,8,-10
04,1,140,30,62,60,11,8,4
04,1,280,20,21,5,0,5,-27
04,1,20,30,5,-29,0,0,-8
04,1,0,0,-16,-36,0,6,-7
04,1,220,20,73,15,0,8,3
04,1,290,20,98,82,-1,8,0
04,1,290,10,43,14,0,8,-8
04,1,190,30,32,6,0,7,5
04,1,220,30,64,49,-1,8,2
04,1,240,20,21,3,-1,7,-2
04,1,280,10,-5,-13,0,0,-3
04,1,200,30,47,17,0,8,6
04,1,240,10,10,2,0,0,-11
04,1,110,40,66,-4,0,0,0
04,1,150,20,53,48,26,8,-1
04,1,150,10,13,9,0,8,15
04,1,200,40,99,87,-1,8,-1
04,1,190,30,78,64,0,2,-4
04,1,210,50,99,69,-1,8,-2
04,1,120,20,21,0,0,8,0
04,1,110,30,86,15,0,8,-2
04,1,270,30,99,74,0,2,26
04,1,330,20,113,92,0,8,4
04,1,170,50,134,108,0,8,-1
04,1,350,10,114,111,0,8,-3
04,1,30,30,72,71,0,0,24
04,1,120,10,57,56,0,2,-18
04,1,230,10,82,79,0,8,4
04,1,130,30,109,104,-1,8,0
04,1,190,10,114,102,1,8,-11
04,1,160,10,48,40,0,0,-3
04,1,170,10,85,68,0,0,-6
04,1,110,30,156,92,0,7,-9
04,1,170,10,123,96,0,0,-10
04,1,290,10,88,80,0,2,0
04,1,80,10,134,78,0,0,-16
04,1,240,30,141,93,0,8,-11
04,1,210,40,89,56,0,8,0
04,1,240,60,136,107,-1,8,1
04,1,230,40,91,68,1,7,-3
04,1,190,30,52,26,0,8,2
04,1,190,30,107,84,0,8,11
04,1,0,0,55,52,0,8,-12
04,1,30,50,93,89,83,8,1
04,1,50,40,34,-11,0,0,-6
04,1,130,40,73,22,0,1,-2
04,1,200,20,50,32,0,8,-11
04,1,160,10,20,17,0,7,-6
04,1,110,20,14,11,0,0,3
04,1,60,40,81,61,0,8,-1
04,1,350,10,104,88,0,8,0
04,1,30,20,129,78,-1,8,-15
04,1,320,20,91,89,0,8,3
04,1,50,50,63,13,0,8,-7
04,1,20,40,12,-21,0,0,-6
04,1,90,30,31,-24,0,8,-4
04,1,10,30,-5,-29,0,0,-3
04,1,30,30,-16,-25,0,0,0
04,1,70,30,34,6,0,0,-8
04,1,90,50,88,5,0,0,-12
04,1,130,30,100,76,0,8,0
04,1,70,20,86,71,0,0,-6
04,1,60,30,122,30,0,0,-16
04,1,30,30,106,39,0,0,-1
04,1,20,40,94,30,0,0,-11
04,1,40,20,107,33,0,0,-17
04,1,90,50,135,5,0,3,-13
04,1,150,20,139,86,0,8,-5
04,1,130,30,92,81,0,0,-4
04,1,190,30,88,74,0,8,-4
04,1,180,30,89,68,0,8,15
04,1,200,30,70,58,3,8,4
04,1,270,10,32,29,0,0,-9
04,1,10,40,103,79,0,8,-1
04,1,30,10,-10,-34,0,0,-8
04,1,260,20,0,-12,0,0,-14
04,1,240,30,73,54,0,5,0
04,1,130,10,-17,-34,0,8,10
04,1,120,30,65,-10,0,0,-8
04,1,130,30,108,9,0,0,-7
04,1,200,10,61,54,0,0,-8
04,1,60,10,93,60,0,8,-6
04,1,350,20,101,80,0,0,-10
04,1,40,30,79,59,0,8,-4
04,1,60,10,76,1,0,8,-3
04,1,210,10,61,36,0,0,-9
04,1,360,50,107,84,0,7,-8
04,1,340,30,57,-25,0,8,0
04,1,40,10,10,-4,0,2,-4
04,1,0,0,77,25,0,8,-26
04,1,40,40,100,61,0,1,-7
04,1,40,40,84,45,1,8,-3
04,1,220,20,98,88,0,8,3
04,1,60,60,98,-12,0,0,-8
04,1,70,60,108,-9,0,0,-6
04,1,50,50,109,18,0,0,-13
04,1,70,20,105,24,0,0,-14
04,1,0,0,73,50,0,8,-10
04,1,20,50,84,50,0,8,2
04,1,20,20,45,29,0,0,-11
04,1,0,0,42,39,0,1,-4
04,1,30,30,88,76,0,8,-3
04,1,220,30,104,92,0,4,1
04,1,190,50,97,78,0,8,-3
04,1,210,21,89,74,-1,8,1
04,1,230,82,86,61,-1,8,-3
04,1,200,51,95,53,0,5,5
04,1,180,36,36,30,0,1,0
04,1,200,51,70,56,2,8,-2
04,1,180,31,39,29,0,1,5
04,1,190,72,65,53,10,8,6
04,1,230,51,70,55,0,5,-6
04,1,250,21,76,69,0,1,-14
04,1,140,5,40,31,0,0,0
04,1,120,26,100,37,0,0,-6
04,1,130,26,88,-2,0,1,-5
04,1,60,5,81,21,0,1,-1
04,1,360,57,104,64,0,8,-11
04,1,20,31,74,17,0,0,10
04,1,10,26,50,20,0,1,-2
04,1,320,36,27,15,0,5,-6
04,1,310,26,19,6,-1,7,-7
04,1,270,15,25,19,0,5,-17
04,1,990,5,-20,-36,0,1,-8
04,1,0,0,-38,-53,0,0,-6
04,1,230,77,50,6,-1,8,-12
04,1,290,15,28,22,0,6,2
04,1,0,0,0,-6,0,0,1
04,1,80,21,32,20,0,0,-13
04,1,60,26,52,13,0,0,-3
04,1,50,15,51,25,0,0,-7
04,1,350,10,21,14,0,0,-8
04,1,0,0,8,-1,0,0,-3
04,1,100,5,65,42,0,8,-3
04,1,0,0,43,42,0,8,2
04,1,180,36,46,25,0,0,-7
04,1,210,21,48,45,2,8,-1
04,1,330,31,48,27,0,7,-1
04,1,280,15,-6,-9,0,4,-1
04,1,200,31,58,43,-1,8,1
04,1,140,31,60,26,0,7,-2
04,1,100,26,54,10,0,0,15
04,1,30,15,59,-8,0,0,-15
04,1,20,21,35,22,0,0,3
04,1,330,5,58,30,0,5,-6
04,1,250,5,38,31,0,0,-6
04,1,230,41,77,71,0,7,-14
04,1,210,57,69,51,0,3,-10
04,1,180,62,90,73,5,7,-4
04,1,270,67,35,22,2,7,2
04,1,270,26,22,13,0,2,-3
04,1,180,26,72,69,2,8,1
04,1,240,51,123,99,0,8,-1
04,1,280,21,21,8,0,0,2
04,1,110,36,51,1,0,0,-3
04,1,270,10,65,43,0,2,-5
04,1,190,5,82,53,0,7,-3
04,1,180,26,92,68,0,8,-11
04,1,150,36,113,87,0,1,13
04,1,150,26,101,98,0,2,3
04,1,230,46,108,82,0,2,-15
04,1,190,36,87,53,-1,8,-11
04,1,290,41,76,65,1,8,-8
04,1,200,15,27,24,0,1,-2
04,1,180,36,138,57,0,6,-32
04,1,180,36,51,26,0,6,9
04,1,330,5,40,17,0,6,-5
04,1,140,31,47,26,0,7,-3
04,1,200,31,22,10,0,0,-6
04,1,230,72,65,51,0,1,-8
04,1,290,82,82,58,0,7,-7
04,1,340,15,59,55,0,7,-5
04,1,100,26,55,18,0,5,-12
04,1,200,26,104,83,0,8,-15
04,1,80,31,72,66,0,4,2
04,1,0,0,61,61,0,2,-1
04,1,340,10,44,44,0,2,-15
04,1,50,10,62,62,0,5,-1
04,1,30,21,75,74,0,7,-4
04,1,310,26,54,54,0,8,3
04,1,220,46,94,70,0,7,-1
04,1,240,57,108,106,0,8,0
04,1,240,62,97,97,9,8,1
04,1,160,31,57,57,0,1,9
04,1,160,36,108,80,0,2,-13
04,1,0,0,77,74,0,1,-9
04,1,180,41,97,96,0,3,-4
04,1,140,46,133,71,0,1,1
04,1,50,10,124,91,0,0,-7
04,1,30,41,115,107,0,3,-5
04,1,50,36,113,82,0,1,-8
04,1,30,36,127,113,0,1,-9
04,1,70,31,166,78,0,1,-6
04,1,90,21,152,91,0,0,-11
04,1,190,57,96,84,9,8,13
04,1,270,57,38,32,26,8,2
04,1,230,31,16,13,0,2,8
04,1,200,72,60,21,-1,8,-7
04,1,210,41,23,10,0,1,4
04,1,210,41,39,29,-1,8,-6
04,1,170,15,8,8,0,0,-3
04,1,210,15,53,52,3,8,-1
04,1,190,87,56,46,12,8,0
04,1,0,0,-17,-17,0,2,0
04,1,340,51,65,56,0,8,6
04,1,360,41,61,49,0,0,-2
04,1,330,57,70,47,0,4,-1
04,1,320,72,50,6,0,3,0
04,1,240,26,50,46,0,8,-1
04,1,40,41,70,45,0,8,1
04,1,20,62,59,49,0,8,-3
04,1,360,51,40,20,0,7,-3
04,1,20,15,17,4,0,0,-7
04,1,80,15,51,18,0,8,-4
04,1,0,0,65,50,0,7,0
04,1,140,21,43,28,0,0,-4
04,1,140,21,88,61,0,0,-12
04,1,0,0,90,78,0,4,11
04,1,280,10,101,99,0,7,-7
04,1,170,31,44,25,0,4,-6
04,1,190,31,122,111,0,8,-7
04,1,240,41,145,132,0,8,-4
04,1,160,15,91,91,0,1,-2
04,1,170,5,111,111,0,6,-3
04,1,270,36,95,90,0,8,0
04,1,260,41,91,83,0,2,12
04,1,260,41,87,63,0,0,-11
04,1,260,36,88,84,0,8,1
04,1,30,15,33,13,0,3,-13
04,1,240,36,90,66,0,7,1
04,1,240,31,85,84,0,3,2
04,1,310,41,50,15,0,5,-1
04,1,330,26,44,9,0,7,-15
04,1,230,21,51,39,2,8,1
04,1,320,15,60,57,0,8,0
04,1,190,10,75,69,0,5,8
04,1,360,41,72,45,0,6,0
04,1,20,62,60,46,0,6,2
04,1,230,5,43,42,0,7,13
04,1,310,31,58,49,0,5,3
04,1,230,51,63,53,-1,7,6
04,1,220,67,83,80,1,8,1
04,1,0,0,23,19,0,6,-4
04,1,230,21,12,5,0,2,-10
04,1,150,5,5,2,0,0,-7
04,1,90,36,97,59,-1,8,-1
04,1,120,5,40,33,0,0,16
04,1,340,26,100,89,0,7,-6
04,1,40,41,142,96,0,1,-5
04,1,60,26,137,87,0,7,-7
04,1,350,41,94,85,0,1,-4
04,1,30,21,64,23,0,7,1
04,1,70,21,43,12,0,6,-13
04,1,30,15,112,82,-1,8,-7
04,1,330,10,-25,-25,0,2,0
04,1,330,10,-31,-48,0,1,-8
04,1,30,31,-18,-29,0,0,-1
04,1,10,36,-2,-19,0,0,8
04,1,60,51,35,-27,0,1,-8
04,1,80,21,49,23,0,7,4
04,1,280,5,28,18,0,2,-14
04,1,250,15,57,43,0,8,-2
04,1,150,5,4,3,0,0,7
04,1,0,0,81,62,0,7,2
04,1,290,21,89,85,3,8,-3
04,1,70,51,32,9,0,8,-3
04,1,60,46,13,-47,0,7,-3
04,1,80,21,44,-4,0,0,-35
04,1,60,10,30,-25,0,0,-20
04,1,150,15,28,-10,0,1,14
04,1,130,26,81,-20,0,0,-4
04,1,240,41,83,54,0,1,-14
04,1,190,26,90,48,0,0,-7
04,1,80,15,113,66,0,4,-9
04,1,160,31,113,7,0,5,-22
04,1,170,26,143,54,0,3,0
04,1,180,72,189,54,0,2,-3
04,1,220,31,85,56,0,5,-14
04,1,220,26,49,45,0,1,3
04,1,220,21,41,31,0,0,0
04,1,50,10,73,69,0,0,-2
04,1,360,21,116,85,0,7,-5
04,1,330,31,55,46,0,5,-17
04,1,0,0,15,0,0,3,-7
04,1,190,10,32,25,0,0,-10
04,1,240,10,22,13,0,0,-12
04,1,160,20,57,43,0,7,-6
04,1,280,40,48,22,-1,5,1
04,1,200,60,56,-18,0,8,0
04,1,330,80,66,39,0,7,-10
04,1,50,20,2,-19,0,0,0
04,1,60,20,17,-40,0,0,15
04,1,120,10,62,-19,0,6,-5
04,1,300,10,43,6,0,0,-28
04,1,240,30,35,15,0,3,8
04,1,300,30,36,10,0,1,2
04,1,350,20,24,12,0,1,-14
04,1,290,20,71,32,0,8,-4
04,1,330,50,57,-1,0,5,-3
04,1,300,20,26,7,0,5,7
04,1,340,10,23,14,0,0,-12
04,1,350,10,24,-5,0,1,-1
04,1,340,20,50,32,0,7,3
04,1,10,50,23,-6,0,1,-9
04,1,10,10,4,-46,0,0,-18
04,1,300,10,49,21,-1,8,-1
04,1,990,10,-13,-24,0,5,-3
04,1,190,20,23,-18,0,1,-9
04,1,230,40,59,7,0,4,-7
04,1,60,30,93,92,5,8,-4
04,1,110,30,106,104,4,8,1
04,1,200,30,98,97,0,8,-11
04,1,240,90,107,102,10,8,1
04,1,320,40,86,83,0,8,0
04,1,20,10,62,62,0,2,-4
04,1,200,10,94,94,0,7,-4
04,1,170,50,109,90,0,8,3
04,1,190,70,90,59,0,8,-3
04,1,190,50,95,69,0,7,-8
04,1,180,40,69,57,0,1,2
04,1,180,20,60,56,0,5,-27
04,1,290,30,71,70,0,8,1
04,1,120,20,50,49,0,6,-1
04,1,160,30,40,39,0,7,-2
04,1,190,10,34,34,0,7,-1
04,1,280,20,22,19,0,2,-6
04,1,210,40,-1,-8,0,1,2
04,1,210,20,-19,-30,0,5,14
04,1,140,40,41,15,0,7,-1
04,1,200,40,25,21,11,8,0
04,1,110,40,58,22,0,8,0
04,1,180,20,58,58,-1,7,-6
04,1,230,30,64,58,-1,8,-3
04,1,150,40,73,38,0,5,-1
04,1,210,40,65,49,0,2,-7
04,1,110,30,108,76,0,7,-6
04,1,110,40,127,66,0,0,-18
04,1,190,40,114,102,0,6,-2
04,1,200,50,131,109,0,7,-3
04,1,190,30,100,98,9,8,-6
04,1,120,10,86,86,0,8,0
04,1,240,20,82,82,1,8,-2
04,1,990,10,48,48,0,1,-5
04,1,30,40,91,87,0,3,2
04,1,110,30,112,58,0,0,-3
04,1,110,40,120,49,0,0,-6
04,1,150,20,90,89,0,7,3
04,1,270,30,121,121,4,8,-6
04,1,200,10,80,80,0,9,-3
04,1,220,40,126,121,0,7,-12
04,1,240,50,100,83,0,7,4
04,1,280,30,79,71,0,7,0
04,1,220,20,21,21,0,1,13
04,1,270,30,114,103,0,7,-7
04,1,280,40,101,96,0,8,-7
04,1,200,60,65,30,0,1,1
04,1,240,40,72,67,0,7,2
04,1,240,40,21,18,0,8,-1
04,1,280,20,27,23,0,7,-5
04,1,180,30,16,6,0,0,1
04,1,50,20,-8,-10,0,0,5
04,1,360,10,43,27,0,7,0
04,1,0,0,25,20,0,6,-16
04,1,140,20,19,15,0,0,-2
04,1,140,60,103,100,12,8,2
04,1,190,40,95,88,1,6,2
04,1,190,30,75,65,0,1,-11
04,1,150,30,100,84,0,5,-10
04,1,170,20,73,67,0,5,-15
04,1,90,30,130,87,0,7,-2
04,1,50,50,120,97,0,0,-4
04,1,10,30,96,75,0,2,-15
04,1,20,60,74,65,0,8,-1
04,1,40,30,59,41,0,0,-10
04,1,120,10,56,47,0,6,-13
04,1,150,30,64,46,-1,8,-2
04,1,110,30,89,36,0,6,-6
04,1,190,50,106,71,0,7,3
04,1,10,70,52,39,-1,8,-3
04,1,10,30,-16,-46,0,1,-3
04,1,30,20,15,1,0,0,7
04,1,360,10,6,-18,0,1,-8
04,1,50,40,81,19,0,8,-3
04,1,40,50,46,0,0,1,-3
04,1,340,10,5,-16,0,0,-10
04,1,140,40,66,44,-1,8,0
04,1,190,40,62,28,-1,8,-13
04,1,220,50,52,39,0,8,1
04,1,60,30,76,57,-1,8,3
04,1,220,90,71,35,0,8,-5
04,1,140,30,105,59,0,7,-10
04,1,180,50,76,49,0,4,1
04,1,130,20,70,41,0,5,-1
04,1,180,30,84,67,0,3,-6
04,1,150,30,140,61,0,7,-10
04,1,110,20,125,60,0,3,-1
04,1,300,20,126,120,18,8,-1
04,1,260,20,86,78,0,6,-1
04,1,150,20,71,57,0,1,-3
04,1,120,30,129,80,0,1,-6
04,1,190,20,130,118,-1,8,-5
04,1,290,20,121,113,0,3,-8
04,1,250,30,131,113,0,8,-8
04,1,990,10,117,105,0,8,-9
04,1,200,50,113,78,-1,8,-5
04,1,0,0,63,59,0,2,0
04,1,210,70,150,83,0,3,-23
04,1,160,50,103,67,0,7,4
04,1,230,60,47,23,0,1,0
04,1,230,80,100,82,-1,8,-3
04,1,260,70,96,78,34,8,-8
04,1,80,20,63,50,5,3,-11
04,1,180,40,57,25,0,7,-4
04,1,230,50,102,93,0,8,1
04,1,310,30,75,69,-1,8,0
04,1,330,40,61,31,0,7,-22
04,1,290,10,-7,-29,0,1,-9
04,1,320,10,-22,-53,0,0,-11
04,1,240,50,69,67,11,8,17
04,1,270,40,55,36,-1,7,-3
04,1,330,40,53,39,0,7,-5
04,1,210,70,53,19,0,8,0
04,1,240,30,3,-5,0,2,5
04,1,220,30,20,14,6,7,-8
04,1,20,20,-3,-6,0,4,3
04,1,290,10,8,-6,0,0,-3
04,1,100,20,64,2,0,6,-5
04,1,150,20,56,23,0,7,2
04,1,170,30,88,82,0,6,0
04,1,200,50,82,58,0,3,5
04,1,190,30,76,60,0,5,9
04,1,190,30,97,90,0,8,1
04,1,190,30,94,77,0,3,-3
04,1,140,30,117,107,0,8,-15
04,1,170,20,77,65,0,,1
04,1,140,30,83,49,0,,0
04,1,100,40,130,23,0,,-12
04,1,70,40,114,25,0,,-6
04,1,60,40,76,5,0,,-3
04,1,70,50,49,-38,0,,-10
04,1,40,40,11,-28,0,,9
04,1,50,30,26,-16,0,,12
04,1,20,30,23,-23,0,,-4
04,1,50,50,53,-23,0,,-12
04,1,60,50,49,-23,0,,-6
04,1,10,30,33,13,0,,-14
04,1,350,40,49,32,0,,3
04,1,230,10,5,-4,0,,-18
04,1,260,30,49,33,0,,5
04,1,280,40,63,61,9,,-1
04,1,310,10,77,77,-1,,-1
04,1,140,30,62,58,0,,2
04,1,990,10,56,56,1,,-3
04,1,300,10,29,29,0,,-13
04,1,0,0,31,29,0,,-4
04,1,0,0,53,47,0,,-3
04,1,250,30,116,68,0,,1
04,1,990,10,108,92,0,,-4
04,1,240,20,73,73,0,,13
04,1,170,10,36,36,0,,-13
04,1,260,60,74,37,0,,-3
04,1,210,60,79,58,0,,-2
04,1,250,80,87,41,0,,-10
04,1,220,70,79,56,0,,1
04,1,210,10,20,-7,0,,-16
04,1,280,40,64,43,0,,-2
04,1,310,40,29,0,0,,-3
04,1,330,10,-2,-15,0,,-5
04,1,330,50,70,56,0,,-7
04,1,10,50,43,7,0,,-3
04,1,30,40,-13,-47,0,,-8
04,1,40,20,-26,-80,0,,-2
04,1,90,30,13,-85,0,,-17
04,1,10,40,9,-16,0,,-5
04,1,210,20,-6,-19,0,,-5
04,1,100,20,12,-32,0,,4
04,1,50,20,51,-25,0,,-14
04,1,100,40,117,-1,0,,-7
04,1,90,30,125,11,0,,-2
04,1,110,30,158,49,0,,-16
04,1,80,40,136,11,0,,-6
04,1,50,50,122,16,0,,-22
04,1,60,60,60,-6,0,,-4
04,1,60,50,60,38,0,,3
04,1,200,30,87,48,0,,-23
04,1,290,20,91,84,0,,2
04,1,320,20,44,28,0,,-2
04,1,990,10,57,52,0,,-10
04,1,90,20,114,83,0,,-10
04,1,190,30,143,133,4,,-5
04,1,230,70,115,106,2,,-9
04,1,180,40,111,98,0,,-2
04,1,200,50,149,129,0,,2
04,1,150,30,91,77,0,,5
04,1,140,20,111,52,0,,-12
04,1,100,40,126,41,0,,-3
04,1,140,20,103,77,0,,1
04,1,190,80,127,79,0,,-1
04,1,220,70,90,42,0,,-16
04,1,250,70,59,41,1,,-7
04,1,260,30,47,35,0,,-5
04,1,350,20,51,39,0,,-2
04,1,20,60,44,32,0,,-13
04,1,200,10,-4,-13,0,,2
04,1,30,30,47,3,0,,-3
04,1,40,30,24,11,0,,-9
04,1,40,10,45,37,0,,2
04,1,30,20,45,37,0,,-22
04,1,120,20,54,23,0,,-6
04,1,150,20,54,42,0,,3
04,1,110,10,112,44,0,,-6
04,1,180,30,84,72,0,,-1
04,1,170,50,62,29,0,,2
04,1,150,20,31,16,0,,-18
04,1,160,30,96,68,0,,0
04,1,100,20,116,100,3,,-5
04,1,320,20,82,71,0,,-18
04,1,0,0,44,27,0,,-4
04,1,30,10,69,49,0,,16
04,1,80,20,109,48,0,,-12
04,1,70,20,121,61,0,,-6
04,1,100,30,142,75,0,,-10
04,1,150,50,123,102,0,,2
04,1,350,20,126,117,1,,-1
04,1,70,10,57,26,0,,9
04,1,110,20,83,-2,0,,-6
04,1,130,20,90,20,0,,0
04,1,160,20,75,36,0,,-9
04,1,260,30,79,70,9,,-4
04,1,170,30,39,18,0,,2
04,1,230,70,95,68,0,,-11
04,1,210,50,58,30,0,,4
04,1,340,50,35,8,-1,,-2
04,1,250,40,57,48,4,,2
04,1,260,10,24,19,0,,14
04,1,340,10,35,27,0,,3
04,1,170,10,58,44,0,,2
04,1,160,30,101,96,7,,0
04,1,10,20,90,74,0,,0
04,1,70,10,72,56,0,,-6
04,1,310,40,79,77,0,,0
04,1,220,30,84,80,0,,1
04,1,300,10,76,63,0,,0
04,1,260,10,52,48,0,,-11
04,1,60,30,48,-4,0,,-11
04,1,360,10,22,9,0,,-5
04,1,50,20,56,8,0,,-7
04,1,100,10,102,71,0,,9
04,1,80,30,130,107,0,,-3
04,1,300,20,106,98,0,,-2
04,1,180,10,102,96,18,,-1
04,1,200,20,59,39,0,,-2
04,1,200,30,126,116,18,,-2
04,1,120,10,100,97,0,,2
04,1,180,40,97,81,0,,-1
04,1,190,50,64,34,0,,2
04,1,230,80,91,54,0,,2
04,1,240,30,45,29,13,,-21
04,1,330,10,2,-5,0,,-1
04,1,250,20,-12,-19,0,,5
04,1,220,40,29,-18,0,,-5
04,1,200,50,68,35,0,,-8
04,1,240,50,34,16,0,,-12
04,1,310,10,5,-4,0,,-4
04,1,280,20,-10,-15,0,,0
04,1,210,70,48,37,12,,3
04,1,220,70,78,42,0,,-1
04,1,250,50,94,86,0,,1
04,1,150,10,19,19,0,,0
04,1,180,40,117,105,0,,-6
04,1,210,30,100,82,0,,-4
04,1,220,40,66,40,0,,-9
04,1,210,30,47,30,0,,16
04,1,210,30,77,58,0,,-12
04,1,120,10,99,61,0,,-5
04,1,340,20,99,87,0,,-2
04,1,270,10,58,51,0,,1
04,1,20,20,88,79,0,,2
04,1,90,20,125,77,0,,-5
04,1,200,10,112,95,0,,0
04,1,320,20,77,72,0,,4
04,1,350,20,58,45,0,,3
04,1,300,30,32,11,0,,-6
04,1,220,20,34,28,0,,3
04,1,50,60,104,37,0,0,-5
04,1,50,40,83,5,0,0,6
04,1,360,50,63,12,0,0,-8
04,1,10,50,33,12,0,0,-4
04,1,340,20,23,8,0,0,-11
04,1,220,10,28,24,0,1,-9
04,1,10,30,74,45,0,8,2
04,1,280,10,22,12,0,0,-6
04,1,220,30,49,21,0,2,9
04,1,230,20,84,57,0,8,-7
04,1,220,10,109,70,0,8,-1
04,1,50,30,75,53,0,0,12
04,1,50,20,97,71,0,0,-8
04,1,40,20,113,83,0,0,-6
04,1,120,10,143,83,0,0,7
04,1,0,0,103,66,0,0,-1
04,1,360,50,109,85,0,0,-12
04,1,300,20,55,43,0,0,-5
04,1,250,10,37,21,0,1,-4
04,1,340,10,51,25,0,1,-1
04,1,30,20,37,6,0,0,-16
04,1,50,10,42,5,0,0,3
04,1,160,20,75,39,0,0,18
04,1,990,10,123,76,0,8,-2
04,1,120,10,151,101,0,0,-17
04,1,320,20,130,107,0,0,-13
04,1,20,20,148,116,0,0,-32
04,1,20,30,141,97,0,0,-5
04,1,40,30,131,95,0,0,5
04,1,70,50,119,10,0,3,-8
04,1,160,10,62,47,0,0,-27
04,1,260,40,84,62,0,8,-1
04,1,290,30,50,39,0,3,4
04,1,260,10,29,21,0,8,7
04,1,990,10,90,89,13,8,-5
04,1,280,20,24,16,0,2,-9
04,1,30,30,-10,-31,0,1,-1
04,1,190,20,-4,-15,0,0,-1
04,1,50,10,11,-14,0,2,3
04,1,330,10,8,-6,0,1,-9
04,1,20,20,26,6,0,4,0
04,1,210,40,53,25,0,0,1
04,1,170,40,71,28,0,8,-6
04,1,20,10,64,44,0,8,-3
04,1,290,20,34,22,0,4,-14
04,1,240,10,-10,-17,0,0,-7
04,1,40,30,0,-16,0,0,0
04,1,70,50,54,18,0,0,-5
04,1,70,60,64,30,0,8,-4
04,1,90,30,82,69,0,8,-4
04,1,70,40,90,54,0,0,-4
04,1,60,50,110,41,0,2,-10
04,1,130,20,107,55,0,0,-7
04,1,990,10,97,97,0,8,0
04,1,230,40,77,62,0,0,-8
04,1,140,10,93,81,0,8,2
04,1,140,30,119,72,0,0,-11
04,1,160,40,147,65,0,8,-8
04,1,170,30,90,79,3,8,-1
04,1,130,40,110,78,-1,7,-1
04,1,30,40,43,27,0,0,5
04,1,50,40,83,61,0,0,-4
04,1,50,10,84,55,0,0,-18
04,1,260,20,86,80,0,8,-4
04,1,300,10,99,82,-1,8,-7
04,1,80,20,89,68,0,0,-5
04,1,140,30,93,66,0,0,0
04,1,170,40,84,72,0,0,-2
04,1,150,10,63,63,0,7,11
04,1,130,40,132,93,0,8,-4
04,1,190,60,171,81,32,8,-33
04,1,350,50,142,102,0,8,-20
04,1,250,10,86,82,0,8,-3
04,1,310,10,78,72,0,1,-8
04,1,60,30,134,100,0,0,-3
04,1,50,30,139,91,0,7,-20
04,1,300,30,112,110,16,8,1
04,1,290,20,97,95,0,8,-4
04,1,50,40,106,63,0,8,-3
04,1,0,0,56,53,0,0,-4
04,1,30,30,84,62,0,0,2
04,1,240,10,45,38,0,0,8
04,1,250,10,39,35,0,0,-5
04,1,350,10,54,46,0,0,-5
04,1,80,30,125,51,0,4,-56
04,1,150,20,120,108,-1,8,0
04,1,350,10,112,108,2,8,3
04,1,120,30,105,49,0,8,1
04,1,110,10,44,39,0,1,3
04,1,50,20,54,48,0,0,-7
04,1,230,80,32,16,1,8,-2
04,1,170,40,23,-19,0,7,3
04,1,170,30,68,48,0,8,-6
04,1,150,40,74,54,-1,8,2
04,1,220,30,30,15,0,0,-1
04,1,180,30,65,19,0,8,0
04,1,130,30,100,23,0,0,-8
04,1,310,20,107,91,1,8,-1
04,1,230,10,18,7,0,0,-3
04,1,330,20,45,35,0,5,-5
04,1,360,20,22,-1,0,0,-4
04,1,10,30,25,10,0,0,5
04,1,30,50,69,27,0,1,-5
04,1,10,40,49,34,0,2,-5
04,1,30,30,44,12,0,0,9
04,1,10,60,54,33,0,7,1
04,1,20,20,38,4,0,0,-29
04,1,350,10,42,1,0,0,-18
04,1,350,30,65,43,0,1,-12
04,1,130,10,26,9,0,0,12
04,1,250,20,42,11,0,7,-2
04,1,230,20,-22,-40,0,0,0
04,1,10,20,26,-10,0,0,-4
04,1,30,30,55,2,0,0,-21
04,1,50,20,91,10,0,0,-25
04,1,230,20,78,70,0,0,0
04,1,240,20,58,51,0,1,1
04,1,0,0,80,61,0,7,1
04,1,170,20,133,73,0,8,14
04,1,270,40,118,109,-1,8,-5
04,1,250,70,126,101,0,8,-1
04,1,170,30,109,98,0,1,-8
04,1,280,20,128,98,1,8,-13
04,1,230,20,75,51,0,7,11
04,1,200,40,72,16,0,2,-4
04,1,240,50,117,85,0,8,-1
04,1,210,40,144,121,0,0,-18
04,1,290,20,81,64,0,2,2
04,1,310,10,48,36,0,0,-7
04,1,60,40,81,10,0,0,-7
04,1,0,0,68,52,0,0,-10
04,1,270,30,89,77,1,8,-2
04,1,250,30,28,15,0,0,9
04,1,230,10,27,15,0,0,-4
04,1,80,10,93,47,0,8,-13
04,1,0,0,29,11,0,1,-2
04,1,990,10,74,37,0,8,-8
04,1,40,10,83,23,0,0,-17
04,1,140,20,104,29,0,0,-10
04,1,20,10,98,48,0,0,-14
04,1,340,10,91,51,0,0,9
04,1,110,10,114,79,0,7,-1
04,1,60,20,116,72,0,6,27
04,1,340,10,106,72,0,0,7
04,1,50,20,120,47,0,0,-17
04,1,350,10,86,44,0,0,1
04,1,360,50,91,35,0,0,-5
04,1,330,10,105,94,-1,8,0
04,1,350,10,79,71,0,0,-13
04,1,50,50,134,87,0,0,1
04,1,320,10,-5,-15,0,0,-14
04,1,240,20,-2,-11,0,0,-1
04,1,100,10,49,34,0,8,1
04,1,360,10,86,39,0,8,-9
04,1,40,50,67,52,0,8,-5
04,1,10,10,19,0,0,8,-12
04,1,330,20,45,38,4,8,4
04,1,310,20,26,-6,0,8,4
04,1,210,40,63,58,14,8,4
04,1,190,60,98,87,3,8,0
04,1,210,30,66,62,0,8,-11
04,1,180,20,54,48,0,8,-2
04,1,260,10,21,18,0,4,-7
04,1,0,0,38,35,0,8,8
04,1,10,40,54,32,0,8,0
04,1,320,30,16,-1,0,3,8
04,1,230,10,-16,-26,0,0,-4
04,1,180,40,41,33,0,1,7
04,1,160,60,87,51,-1,8,-12
04,1,160,30,68,41,0,8,-12
04,1,170,30,67,48,0,7,-1
04,1,200,30,59,51,5,7,2
04,1,180,40,56,45,0,2,0
04,1,150,30,73,60,-1,8,1
04,1,220,40,76,65,0,8,-2
04,1,180,70,119,69,0,8,-5
04,1,180,60,107,80,-1,8,-1
04,1,80,20,118,86,2,8,-8
04,1,10,60,103,92,0,7,1
04,1,160,10,75,64,0,0,-9
04,1,40,30,-43,-51,0,0,1
04,1,40,40,-12,-61,0,0,-3
04,1,40,50,-7,-55,0,2,1
04,1,80,50,25,-62,0,8,-3
04,1,50,50,20,-22,0,8,0
04,1,30,30,30,-4,0,8,-2
04,1,300,10,-16,-40,0,0,-8
04,1,40,30,23,-47,0,5,-11
04,1,130,30,36,25,0,1,-2
04,1,220,30,68,61,0,8,4
04,1,100,40,73,69,8,8,0
04,1,240,20,56,53,0,8,1
04,1,250,50,89,68,0,7,3
04,1,180,40,116,98,-1,8,5
04,1,160,40,144,83,0,1,-14
04,1,120,20,62,59,0,0,8
04,1,210,20,112,109,5,8,0
04,1,190,60,175,95,0,4,-9
04,1,240,50,78,44,0,0,-10
04,1,360,40,34,21,0,0,-6
04,1,20,40,26,0,0,0,-8
04,1,280,20,30,0,0,0,-19
04,1,220,60,100,38,0,8,-1
04,1,160,10,57,54,0,0,-3
04,1,210,20,94,85,0,2,-1
04,1,150,10,115,107,0,0,2
04,1,320,30,47,42,0,7,-3
04,1,330,20,20,3,0,8,-15
04,1,200,40,58,28,0,0,-16
04,1,210,10,23,8,0,8,1
04,1,220,20,91,61,0,4,-2
04,1,80,20,94,72,0,0,12
04,1,130,10,102,79,0,8,-7
04,1,190,20,133,91,0,8,-1
04,1,240,10,104,84,0,8,-3
04,1,210,20,76,50,0,0,-3
04,1,180,30,143,134,-1,8,-4
04,1,220,70,135,115,0,7,-13
04,1,230,30,34,29,0,0,8
04,1,240,20,83,59,0,8,2
04,1,360,20,103,83,0,8,0
04,1,330,10,59,56,0,0,-12
04,1,250,30,61,39,0,0,12
04,1,240,50,77,44,0,5,7
04,1,310,30,38,16,0,0,-4
04,1,0,0,4,-6,0,0,-10
04,1,170,20,58,2,0,0,-18
04,1,310,20,74,66,0,1,-1
04,1,310,20,44,31,0,8,3
04,1,50,30,112,76,0,0,-11
04,1,80,40,137,63,0,0,-10
04,1,160,10,99,86,0,8,-7
04,1,990,10,68,64,0,2,-4
04,1,350,10,77,74,0,0,-2
04,1,30,20,106,100,0,4,-5
04,1,170,30,111,101,0,5,-10
04,1,220,20,113,78,0,8,-5
04,1,0,0,94,88,0,6,-14
04,1,0,0,108,92,0,8,3
04,1,320,10,110,107,0,8,2
04,1,270,70,57,-3,0,8,-1
04,1,250,70,60,46,4,8,0
04,1,220,20,2,-8,0,7,3
04,1,30,20,63,21,0,8,-1
04,1,340,20,14,-12,0,1,-16
04,1,270,10,2,-8,0,1,0
04,1,0,0,12,9,0,0,-9
04,1,250,10,25,20,0,3,-3
04,1,30,20,19,13,0,0,7
04,1,0,0,47,38,0,0,-1
04,1,180,30,119,29,0,5,1
04,1,180,30,48,29,0,3,-6
04,1,310,50,91,50,0,8,-13
04,1,190,20,76,37,0,8,-2
04,1,210,20,96,65,0,0,-3
04,1,10,10,75,62,0,0,-16
04,1,40,40,58,6,0,3,-14
04,1,30,40,24,0,0,0,-10
04,1,20,30,35,18,0,0,-11
04,1,30,20,58,12,0,0,-3
04,1,10,30,50,27,0,0,-1
04,1,20,20,37,25,0,0,-2
04,1,30,30,36,26,0,0,-9
04,1,220,10,37,32,0,0,-6
04,1,210,20,116,84,0,8,1
04,1,190,30,122,111,6,8,-3
04,1,360,50,85,73,1,8,-6
04,1,260,10,8,-7,0,0,-13
04,1,180,10,23,-31,0,7,2
04,1,210,40,76,63,-1,8,-10
04,1,360,30,44,21,0,1,-6
04,1,170,20,86,42,0,8,-3
04,1,130,20,128,92,-1,8,2
04,1,160,20,140,119,1,8,-5
04,1,250,10,95,76,-1,8,4
04,1,220,40,72,61,0,6,-1
04,1,220,60,58,34,0,0,-4
04,1,190,20,44,35,0,8,5
04,1,160,10,27,24,0,0,-2
04,1,240,30,90,65,-1,8,-6
04,1,90,50,112,39,0,0,-5
04,1,140,20,111,89,-1,8,-15
04,1,0,0,39,35,0,0,6
04,1,260,10,36,31,0,0,2
04,1,220,40,95,85,15,8,-4
04,1,200,50,101,81,0,8,4
04,1,280,20,48,31,0,8,-9
04,1,240,10,12,9,0,0,-10
04,1,230,40,82,44,0,8,0
04,1,10,10,17,7,0,0,-8
04,1,50,40,62,21,0,0,-5
04,1,30,50,81,26,0,7,0
04,1,20,50,71,7,-1,8,-9
04,1,250,30,10,-3,-1,3,5
04,1,250,30,9,-4,0,4,1
04,1,240,20,9,-6,-1,7,5
04,1,230,70,34,22,7,7,4
04,1,320,20,32,19,-1,7,-16
04,1,170,40,45,4,0,8,2
04,1,190,30,66,37,0,8,-6
04,1,80,10,74,71,0,8,31
04,1,190,20,78,77,0,0,-9
04,1,20,30,72,72,0,9,-1
04,1,140,10,43,42,0,1,-5
04,1,310,10,68,53,0,1,-14
04,1,280,20,35,27,0,3,5
04,1,240,20,21,13,0,7,28
04,1,320,10,83,58,0,8,-1
04,1,0,0,32,28,0,0,-5
04,1,210,30,99,51,0,3,14
04,1,260,20,40,27,0,6,-5
04,1,220,40,57,32,0,8,6
04,1,260,30,89,82,13,8,-9
04,1,220,20,29,18,0,1,0
04,1,230,50,94,44,0,8,-3
04,1,250,30,61,24,0,3,0
04,1,150,30,59,49,6,8,-1
04,1,260,20,14,-4,0,7,-1
04,1,10,30,13,-31,0,0,-18
04,1,0,0,-28,-49,0,1,3
04,1,210,20,62,-3,0,8,4
04,1,260,30,103,75,-1,8,-2
04,1,320,20,42,14,0,7,1
04,1,170,10,13,0,0,0,-9
04,1,230,30,63,54,1,7,1
04,1,210,20,6,-16,0,0,-5
04,1,0,0,4,-3,0,0,-7
04,1,200,30,39,6,0,8,4
04,1,220,10,0,-11,0,0,-7
04,1,100,40,75,-7,0,0,-8
04,1,290,10,37,34,-1,8,14
04,1,130,10,22,18,0,8,4
04,1,190,50,104,89,-1,8,-6
04,1,190,30,89,63,0,1,-6
04,1,210,60,99,69,-1,8,1
04,1,130,10,23,4,0,8,12
04,1,120,20,92,12,0,8,-3
04,1,170,10,90,72,0,8,-7
04,1,340,20,111,98,0,8,2
04,1,180,40,142,110,0,8,-6
04,1,20,20,112,109,0,8,2
04,1,50,30,92,89,0,0,-3
04,1,990,10,47,44,0,3,2
04,1,300,10,70,67,0,7,9
04,1,100,10,110,106,2,8,0
04,1,250,10,120,103,-1,8,-10
04,1,0,0,51,47,0,0,-9
04,1,150,10,86,73,0,0,-7
04,1,110,20,147,87,0,8,9
04,1,180,10,135,88,0,0,-7
04,1,310,10,116,100,0,8,-14
04,1,70,30,147,81,0,0,0
04,1,210,40,134,117,0,8,-9
04,1,210,50,87,54,0,8,-2
04,1,230,60,142,101,0,8,-1
04,1,230,60,96,57,-1,8,-1
04,1,190,20,47,19,0,8,4
04,1,210,30,115,78,0,8,4
04,1,260,10,56,52,0,4,-7
04,1,350,30,100,96,33,8,-1
04,1,50,60,37,-21,0,0,-6
04,1,140,20,74,21,0,4,-5
04,1,230,50,58,37,0,8,-5
04,1,130,20,30,22,0,8,1
04,1,110,20,50,26,0,4,-5
04,1,70,30,80,59,0,8,-1
04,1,340,10,96,81,0,8,5
04,1,80,20,119,58,0,0,-42
04,1,330,10,100,92,0,8,8
04,1,40,60,64,9,0,8,-7
04,1,20,40,8,-25,0,0,-7
04,1,40,40,54,-42,0,8,3
04,1,20,30,-13,-35,0,0,-7
04,1,20,30,-1,-13,0,5,-11
04,1,70,30,49,12,0,0,-33
04,1,80,40,99,2,0,5,-6
04,1,130,20,108,75,0,8,-6
04,1,70,20,127,64,0,4,-31
04,1,60,30,122,30,0,0,-33
04,1,30,20,95,39,0,0,-13
04,1,40,30,108,16,0,7,-6
04,1,340,10,79,31,0,0,-14
04,1,80,30,139,7,0,0,-9
04,1,160,40,149,85,0,8,-19
04,1,140,30,93,79,0,0,-1
04,1,180,20,96,76,0,8,-1
04,1,190,30,87,52,0,7,7
04,1,280,30,84,42,0,8,-7
04,1,240,10,32,30,0,0,-10
04,1,20,40,104,67,0,8,-1
04,1,10,20,5,-30,0,0,-20
04,1,200,10,5,-4,0,8,7
04,1,250,40,76,48,0,8,-1
04,1,90,10,-12,-36,0,5,4
04,1,120,20,72,-8,0,0,-5
04,1,140,30,108,2,0,0,-5
04,1,240,10,90,81,0,2,-15
04,1,80,20,108,65,0,8,-10
04,1,330,10,97,85,0,0,-16
04,1,40,40,100,63,0,8,-22
04,1,80,30,96,-10,0,8,-6
04,1,230,10,69,33,0,0,-12
04,1,10,50,112,83,0,8,-11
04,1,310,10,51,-9,0,8,2
04,1,0,0,7,-9,0,1,-7
04,1,0,0,64,26,0,5,-18
04,1,50,50,111,58,0,0,-14
04,1,20,30,90,34,0,7,-9
04,1,230,30,100,81,0,8,-11
04,1,60,50,100,-17,0,0,-11
04,1,60,60,109,-13,0,0,-8
04,1,60,50,123,8,0,0,-31
04,1,40,20,90,22,0,0,-10
04,1,260,10,69,41,0,8,3
04,1,360,40,84,50,0,8,1
04,1,20,20,48,31,0,0,-3
04,1,230,10,42,32,0,0,-6
04,1,30,30,86,63,0,8,8
04,1,220,50,103,93,0,7,-2
04,1,180,40,92,76,1,8,0
04,1,240,21,87,67,0,8,0
04,1,240,57,84,59,-1,8,-3
04,1,200,26,84,40,0,6,3
04,1,200,21,34,25,0,1,0
04,1,180,41,69,47,1,5,-6
04,1,210,26,34,18,0,1,14
04,1,230,62,70,47,3,8,-3
04,1,250,31,70,56,0,7,-2
04,1,270,10,81,72,0,3,-9
04,1,0,0,41,25,0,3,-2
04,1,140,31,89,37,0,2,7
04,1,120,15,58,-5,0,0,6
04,1,70,21,90,32,0,0,-14
04,1,360,31,97,66,0,7,-5
04,1,10,26,89,27,0,0,-29
04,1,360,15,50,13,0,0,7
04,1,330,15,14,10,8,8,5
04,1,300,10,3,-5,0,1,9
04,1,320,10,34,22,-1,8,-7
04,1,350,26,-15,-28,0,1,0
04,1,330,5,-40,-50,0,0,-3
04,1,230,67,54,10,-1,8,-13
04,1,280,21,21,15,1,6,1
04,1,290,26,21,12,0,0,0
04,1,90,31,16,9,0,0,-4
04,1,70,31,50,9,0,1,-1
04,1,40,21,44,19,0,0,-7
04,1,360,10,30,18,0,0,-5
04,1,250,15,24,18,0,0,0
04,1,80,21,53,30,0,8,2
04,1,290,5,46,40,7,8,1
04,1,190,10,25,7,0,1,-2
04,1,220,10,50,44,0,8,2
04,1,360,15,48,27,0,7,-3
04,1,300,15,12,6,0,0,-3
04,1,230,26,53,41,0,8,2
04,1,140,26,61,27,0,7,-3
04,1,90,15,44,9,0,0,4
04,1,60,31,64,11,0,0,-28
04,1,40,10,42,24,0,0,-9
04,1,10,15,47,26,0,5,3
04,1,990,5,37,33,0,2,-4
04,1,250,36,76,67,0,7,-4
04,1,250,57,77,52,0,7,-4
04,1,200,77,92,70,2,8,0
04,1,290,46,37,16,0,6,-3
04,1,280,15,30,12,0,6,0
04,1,210,26,70,67,0,8,-1
04,1,280,46,122,98,0,8,-3
04,1,270,21,24,12,0,0,-4
04,1,110,21,33,2,0,0,-3
04,1,280,10,92,48,0,7,-8
04,1,230,10,78,56,0,7,0
04,1,180,21,87,68,0,7,1
04,1,160,36,116,88,0,1,6
04,1,200,21,92,87,0,3,0
04,1,260,77,110,69,0,4,-9
04,1,210,31,95,51,0,8,-8
04,1,300,46,77,66,-1,8,-2
04,1,210,15,33,27,0,2,-2
04,1,160,36,132,61,0,7,-12
04,1,210,67,66,38,0,4,-10
04,1,320,5,41,31,0,8,0
04,1,110,21,30,26,0,7,-1
04,1,200,26,19,4,0,0,-3
04,1,230,62,62,48,0,2,-4
04,1,280,72,77,53,0,5,-5
04,1,100,15,59,45,0,7,-1
04,1,80,26,28,12,0,3,-7
04,1,170,31,106,52,0,8,-4
04,1,70,36,53,44,0,2,-5
04,1,40,10,65,65,0,7,1
04,1,360,21,47,43,0,1,-4
04,1,100,10,68,68,0,8,-1
04,1,10,15,73,69,0,8,0
04,1,330,15,54,51,0,0,-6
04,1,220,51,96,70,0,8,-3
04,1,240,57,107,104,0,8,0
04,1,250,67,102,100,3,8,1
04,1,140,21,82,82,0,4,-1
04,1,170,31,131,86,0,2,-8
04,1,0,0,82,74,0,1,-8
04,1,170,31,102,99,0,1,-3
04,1,130,26,126,73,0,2,9
04,1,50,21,118,83,0,3,6
04,1,30,36,124,110,0,2,-8
04,1,30,15,108,86,0,0,1
04,1,30,36,114,109,0,0,10
04,1,60,36,130,81,0,1,5
04,1,70,26,138,90,0,1,-7
04,1,170,51,96,87,9,8,3
04,1,260,41,41,31,9,8,-4
04,1,240,31,17,17,0,2,-16
04,1,180,82,58,24,2,8,-3
04,1,230,41,21,9,127,2,6
04,1,210,51,41,34,1,6,-1
04,1,190,10,8,8,0,0,-2
04,1,190,10,57,57,6,8,-2
04,1,180,87,58,46,12,8,-2
04,1,200,15,-23,-23,0,0,1
04,1,350,51,67,58,0,8,5
04,1,340,31,58,48,0,1,-5
04,1,330,36,65,53,0,2,4
04,1,330,41,51,12,0,5,3
04,1,260,26,52,48,0,8,0
04,1,40,41,70,41,0,8,1
04,1,10,46,56,49,0,2,-2
04,1,350,41,33,20,0,7,-4
04,1,350,21,20,7,0,0,-13
04,1,50,15,28,22,0,3,0
04,1,0,0,60,37,0,7,0
04,1,160,5,22,22,0,0,-5
04,1,110,10,78,54,0,1,-12
04,1,130,21,90,71,0,4,5
04,1,260,21,101,99,0,7,-1
04,1,170,31,58,23,0,5,4
04,1,190,31,121,105,-1,8,-4
04,1,240,31,144,128,0,8,-3
04,1,140,5,93,92,0,3,-6
04,1,190,5,106,95,0,6,7
04,1,270,36,96,90,0,8,-1
04,1,270,26,100,86,0,1,-13
04,1,240,57,87,67,0,0,-5
04,1,270,36,88,82,0,8,0
04,1,10,5,10,-1,0,7,-1
04,1,240,36,88,68,0,6,3
04,1,230,26,72,69,0,2,11
04,1,310,36,50,-2,0,0,0
04,1,320,26,36,12,0,7,-3
04,1,220,36,51,42,3,8,-2
04,1,340,21,63,54,0,8,-3
04,1,230,21,84,76,0,7,2
04,1,360,41,70,45,0,3,-10
04,1,10,26,58,51,0,5,0
04,1,240,10,54,53,0,7,-11
04,1,310,26,61,54,-1,7,-1
04,1,250,46,66,54,-1,8,1
04,1,220,77,83,82,2,8,0
04,1,310,5,9,2,0,3,-13
04,1,230,26,16,12,0,2,-15
04,1,0,0,0,0,0,0,-5
04,1,80,67,92,65,0,6,0
04,1,160,5,52,52,0,0,-3
04,1,340,21,97,91,0,7,-9
04,1,40,51,147,97,0,0,-1
04,1,40,21,133,90,0,7,-10
04,1,340,26,87,83,0,1,-4
04,1,20,10,58,10,0,7,-5
04,1,40,15,35,19,0,5,-11
04,1,20,21,98,69,-1,8,-9
04,1,360,15,-27,-34,0,1,3
04,1,350,10,-47,-54,0,0,-2
04,1,20,15,-16,-30,0,0,-3
04,1,20,26,9,-21,0,0,6
04,1,50,41,35,-24,0,0,-10
04,1,80,31,43,20,0,8,4
04,1,60,15,39,26,0,3,-11
04,1,250,10,39,36,0,2,1
04,1,70,10,3,2,0,0,-3
04,1,990,5,73,62,0,8,-2
04,1,360,15,86,75,1,8,-3
04,1,60,57,27,4,0,7,-18
04,1,70,46,1,-43,0,4,-4
04,1,60,10,7,-14,0,0,-4
04,1,70,10,4,-28,0,0,-4
04,1,160,5,30,-10,0,0,-12
04,1,100,26,58,-25,0,0,-21
04,1,250,21,102,62,0,7,-19
04,1,210,10,84,48,0,4,7
04,1,90,10,97,66,0,5,-12
04,1,170,31,145,0,0,7,-8
04,1,170,21,153,49,0,4,-11
04,1,160,31,178,51,0,1,14
04,1,240,10,87,54,0,5,-6
04,1,240,21,65,61,0,0,-20
04,1,230,21,46,36,0,0,-21
04,1,10,15,60,57,0,0,0
04,1,10,15,115,96,0,7,1
04,1,330,10,36,30,0,2,-16
04,1,0,0,16,7,0,5,-15
04,1,230,10,27,24,0,0,-11
04,1,0,0,21,20,0,0,-10
04,1,210,20,53,35,0,6,14
04,1,270,30,51,26,0,6,0
04,1,200,50,48,-4,0,8,10
04,1,340,50,56,21,0,7,-5
04,1,360,10,-21,-29,0,0,0
04,1,70,20,8,-33,0,0,-12
04,1,100,10,41,-9,0,5,-10
04,1,320,10,40,9,0,0,-23
04,1,260,20,55,40,0,1,-3
04,1,290,30,40,20,0,3,2
04,1,310,10,18,14,0,1,-11
04,1,270,10,72,40,0,8,-2
04,1,350,60,46,20,-1,8,-3
04,1,310,10,27,6,0,6,8
04,1,20,20,19,3,0,0,-10
04,1,330,20,24,0,0,1,-1
04,1,350,30,57,37,0,8,-1
04,1,360,30,20,-4,0,2,-12
04,1,20,20,-9,-51,0,0,-10
04,1,310,10,49,23,-1,8,2
04,1,0,0,-13,-26,0,5,-9
04,1,210,20,26,-14,0,0,-9
04,1,230,20,56,6,0,6,-3
04,1,70,30,89,87,2,8,-4
04,1,110,30,107,102,-1,8,0
04,1,220,30,94,89,0,7,-5
04,1,250,70,108,99,18,8,2
04,1,320,40,85,84,-1,8,-1
04,1,30,20,63,63,0,,-2
04,1,230,30,107,104,0,,-15
04,1,150,30,104,92,0,,3
04,1,200,80,90,58,-1,8,-2
04,1,190,60,98,71,0,5,3
04,1,180,30,65,55,0,2,4
04,1,180,20,68,59,0,7,-6
04,1,280,40,77,74,0,8,-4
04,1,100,20,27,27,0,7,0
04,1,160,30,56,52,0,7,-9
04,1,210,20,47,47,0,7,-1
04,1,270,20,25,18,0,0,4
04,1,220,40,3,-8,0,1,5
04,1,240,30,-1,-16,0,2,-16
04,1,130,40,38,14,0,7,2
04,1,190,40,30,21,6,8,-7
04,1,100,40,44,21,0,8,4
04,1,200,10,70,67,-1,,-8
04,1,210,30,73,69,-1,,-2
04,1,160,30,71,35,0,,-4
04,1,220,30,51,46,0,,-5
04,1,100,20,99,73,0,,-5
04,1,90,40,92,66,0,,-6
04,1,190,50,121,105,0,,-7
04,1,200,50,133,107,0,,-4
04,1,240,30,103,97,11,,-7
04,1,990,10,84,82,0,,-5
04,1,250,30,86,85,0,,0
04,1,120,10,61,61,0,,-6
04,1,20,30,102,96,0,,0
04,1,80,20,79,55,0,0,-7
04,1,90,30,82,50,0,0,5
04,1,210,20,72,63,0,3,7
04,1,250,30,121,121,0,8,-3
04,1,990,10,34,34,0,4,18
04,1,230,50,122,122,0,6,-14
04,1,240,50,102,88,0,8,2
04,1,280,30,80,71,0,8,-1
04,1,220,20,31,31,0,0,-1
04,1,270,30,116,102,0,8,-5
04,1,270,30,93,92,0,6,-1
04,1,200,60,62,35,0,1,2
04,1,240,40,73,70,1,8,-2
04,1,240,70,26,19,0,8,0
04,1,300,20,23,17,0,5,-5
04,1,190,20,10,8,0,1,2
04,1,0,0,-9,-9,0,0,-4
04,1,310,10,36,24,0,7,3
04,1,310,10,-6,-7,0,3,-2
04,1,140,10,12,10,0,1,4
04,1,140,60,96,92,5,8,2
04,1,200,50,96,88,-1,6,1
04,1,170,20,65,61,0,1,-7
04,1,140,20,112,93,-1,8,-9
04,1,160,20,76,70,0,3,-8
04,1,80,30,113,90,0,6,-8
04,1,50,50,114,97,0,,-6
04,1,360,20,100,79,0,,4
04,1,20,30,76,67,0,,-3
04,1,990,10,48,34,0,,-5
04,1,110,10,54,44,0,,-22
04,1,140,30,56,46,0,,1
04,1,100,40,73,44,0,,-6
04,1,200,60,112,80,0,,-8
04,1,20,60,49,45,1,,1
04,1,350,20,-7,-38,0,,-5
04,1,990,10,15,2,0,,-10
04,1,360,10,-3,-21,0,,0
04,1,50,30,73,25,0,,-4
04,1,40,60,44,-9,0,,-5
04,1,10,20,-3,-25,0,,-21
04,1,100,50,62,47,-1,,2
04,1,180,40,55,27,0,,4
04,1,230,40,50,41,0,,1
04,1,90,20,67,57,1,,3
04,1,210,110,71,42,0,,-1
04,1,140,40,102,58,0,,-1
04,1,190,50,78,53,0,,-5
04,1,130,20,89,58,0,7,-6
04,1,180,30,94,79,0,5,-10
04,1,150,30,139,65,0,,-4
04,1,100,20,97,62,0,,-16
04,1,10,30,130,128,37,,-3
04,1,270,20,88,81,0,,-3
04,1,130,20,68,56,0,,-1
04,1,120,30,118,78,0,,-17
04,1,110,20,127,118,6,,2
04,1,990,10,106,96,0,,17
04,1,270,30,133,118,0,,-1
04,1,0,0,106,103,0,,4
04,1,210,40,110,78,-1,,1
04,1,70,20,74,72,0,,-10
04,1,200,50,138,75,0,,1
04,1,170,40,105,68,0,,-1
04,1,240,50,46,23,0,,-4
04,1,220,90,94,80,1,,3
04,1,230,40,109,99,-1,,-13
04,1,10,20,23,20,0,,21
04,1,160,30,58,28,0,,-6
04,1,200,30,94,87,0,,5
04,1,290,30,79,71,0,,-3
04,1,330,20,42,18,0,,-12
04,1,290,20,4,-20,0,,-8
04,1,340,20,-18,-57,0,,-4
04,1,220,60,60,57,6,,18
04,1,270,40,55,33,-1,,-1
04,1,320,30,53,40,0,,-3
04,1,220,60,52,22,-1,,0
04,1,250,40,18,5,-1,,-5
04,1,230,40,13,3,0,,2
04,1,10,20,12,7,0,,-4
04,1,330,20,18,7,0,,-4
04,1,60,20,13,-1,0,,-9
04,1,150,20,71,16,0,,3
04,1,180,40,95,87,0,,-3
04,1,200,60,82,58,0,,-2
04,1,200,40,75,55,0,,9
04,1,200,40,94,85,0,,2
04,1,180,30,89,61,0,,-2
04,1,990,10,110,103,4,,-4
04,1,190,10,71,61,0,,-20
04,1,130,20,59,34,0,,-3
04,1,100,50,106,41,0,,-1
04,1,80,40,71,28,0,,0
04,1,70,30,36,-11,0,,-4
04,1,60,60,29,-34,0,,-5
04,1,30,20,14,-16,0,,-6
04,1,20,20,33,-23,0,,-15
04,1,360,20,24,-19,0,,-4
04,1,40,50,45,-26,0,,-7
04,1,50,50,39,-24,0,,-1
04,1,360,20,39,15,0,,-8
04,1,340,40,50,33,0,,6
04,1,290,20,18,8,0,,-28
04,1,250,40,57,47,1,,2
04,1,300,20,69,67,14,,3
04,1,990,10,77,76,4,,-1
04,1,120,10,37,36,0,,8
04,1,230,10,35,35,0,,7
04,1,330,20,40,36,0,,-14
04,1,0,0,17,15,0,,-2
04,1,80,10,46,40,0,,-5
04,1,270,30,131,71,0,,-7
04,1,250,20,109,95,0,,-1
04,1,280,10,84,79,0,,-2
04,1,270,10,42,38,0,,-2
04,1,250,50,66,44,2,,7
04,1,190,40,75,57,0,,0
04,1,240,90,88,43,0,,-12
04,1,220,70,77,59,0,,2
04,1,160,10,9,-7,0,,-12
04,1,280,30,60,48,0,,3
04,1,300,20,26,6,0,,-2
04,1,290,20,7,-10,0,,-6
04,1,330,50,65,35,0,,-6
04,1,10,20,32,-10,0,,-9
04,1,360,20,-16,-53,0,,2
04,1,20,20,-25,-80,0,,-4
04,1,70,20,-18,-83,0,,-13
04,1,40,20,2,-6,-1,,-4
04,1,240,10,2,-18,0,,-17
04,1,80,20,4,-33,0,,-12
04,1,70,20,20,-21,0,,13
04,1,80,40,77,0,0,,0
04,1,90,30,97,12,0,,-28
04,1,90,30,105,38,0,,-1
04,1,80,40,103,6,0,,-20
04,1,60,40,97,14,0,,2
04,1,50,50,53,-1,0,,9
04,1,30,30,50,30,0,,-11
04,1,80,20,78,52,0,,-14
04,1,300,30,107,87,0,,-2
04,1,320,20,71,46,0,,-9
04,1,350,10,54,49,0,,-9
04,1,80,10,115,76,0,,-12
04,1,200,30,145,130,10,,-2
04,1,240,40,110,102,5,,1
04,1,190,30,110,98,0,,-1
04,1,200,50,152,127,0,,1
04,1,140,10,79,71,0,,4
04,1,100,20,94,54,0,,-5
04,1,90,40,91,48,0,,-13
04,1,130,10,104,79,0,,3
04,1,190,60,122,78,0,,1
04,1,200,50,83,40,0,,-3
04,1,250,50,49,36,2,,1
04,1,250,40,50,39,-1,,-4
04,1,320,40,43,31,5,,-6
04,1,360,20,28,21,0,,-12
04,1,210,10,6,4,0,,-6
04,1,10,10,46,1,0,,-2
04,1,20,20,29,17,0,,-15
04,1,340,10,19,14,0,,14
04,1,30,20,42,37,0,,-6
04,1,110,20,39,27,0,,-15
04,1,100,10,55,43,0,,-4
04,1,100,20,89,42,0,,-9
04,1,180,30,88,75,0,,-2
04,1,180,60,72,31,0,,-5
04,1,150,10,27,15,0,,-7
04,1,160,20,87,62,0,,-2
04,1,270,30,119,93,0,,-13
04,1,330,10,86,69,0,,-16
04,1,320,10,48,40,0,,-9
04,1,40,20,54,46,0,,-3
04,1,50,20,91,53,0,,-12
04,1,80,30,79,60,0,,3
04,1,80,40,121,88,0,,-11
04,1,140,40,124,107,0,,-3
04,1,360,20,124,116,0,,-5
04,1,80,30,54,21,0,,-17
04,1,90,20,50,0,0,,-9
04,1,100,20,61,13,0,,-12
04,1,210,10,71,41,0,,-19
04,1,270,40,82,76,3,,-5
04,1,170,20,44,16,0,,6
04,1,210,40,85,74,0,,1
04,1,210,40,60,37,0,,0
04,1,330,50,28,12,0,,-8
04,1,260,40,57,52,2,,1
04,1,190,20,36,34,0,,13
04,1,360,10,40,34,0,,-8
04,1,220,20,69,53,0,,8
04,1,160,20,98,97,4,,1
04,1,360,20,72,52,0,,15
04,1,280,20,70,68,1,,2
04,1,310,30,85,85,0,,-5
04,1,250,40,86,80,0,,1
04,1,290,20,77,77,0,,-6
04,1,270,20,73,69,0,,-1
04,1,60,30,25,-11,0,,-5
04,1,50,10,20,14,0,,-14
04,1,40,20,45,9,0,,-10
04,1,110,10,53,47,0,,-7
04,1,80,30,120,109,0,,-4
04,1,70,20,97,63,0,,-11
04,1,270,20,104,102,13,,-3
04,1,210,20,56,46,0,,-19
04,1,210,20,121,109,11,,0
04,1,0,0,110,110,0,,-14
04,1,190,40,95,77,0,,0
04,1,200,50,61,33,0,,-1
04,1,230,80,89,53,0,,3
04,1,220,20,32,29,0,,-8
04,1,350,10,-3,-13,0,,-13
04,1,230,20,-6,-20,0,,-17
04,1,230,40,20,-29,0,,7
04,1,200,60,69,37,0,,-3
04,1,240,50,35,16,0,,-9
04,1,340,10,7,-3,0,,4
04,1,290,20,8,-8,0,,-18
04,1,220,80,48,35,12,,2
04,1,220,60,77,40,0,,-1
04,1,250,50,89,73,0,,1
04,1,170,10,10,6,0,,-6
04,1,180,40,119,111,0,,-3
04,1,210,30,99,90,2,,-2
04,1,220,40,54,35,0,,13
04,1,210,20,44,27,0,,-2
04,1,230,30,81,61,0,,-21
04,1,70,10,104,61,0,,-5
04,1,330,30,101,95,-1,,-8
04,1,290,10,57,49,0,,-5
04,1,350,10,88,79,0,,-3
04,1,90,20,87,57,0,,21
04,1,230,10,107,94,0,,2
04,1,350,30,85,66,0,,0
04,1,360,40,57,46,0,,7
04,1,290,20,50,13,0,,-7
04,1,250,20,42,32,0,,-2
04,1,50,60,97,39,0,,-2
04,1,40,30,79,7,0,,-3
04,1,10,40,63,15,0,,-15
04,1,10,30,38,5,0,0,-4
04,1,360,20,30,13,0,0,-30
04,1,240,10,37,34,0,0,9
04,1,360,20,74,48,0,8,-4
04,1,310,10,16,11,0,0,-4
04,1,240,40,60,20,0,7,-6
04,1,220,40,60,48,0,3,17
04,1,250,20,111,75,0,8,-3
04,1,50,20,69,53,0,0,-6
04,1,70,30,92,76,0,0,10
04,1,70,30,115,90,0,0,-6
04,1,80,20,115,67,0,0,-4
04,1,50,10,104,69,0,0,-2
04,1,360,30,101,82,0,0,-10
04,1,290,20,55,45,0,2,-3
04,1,270,20,46,33,0,4,-11
04,1,10,20,84,69,0,8,-15
04,1,40,20,16,-1,0,0,2
04,1,60,20,48,4,0,0,-1
04,1,210,10,78,46,0,0,6
04,1,170,10,123,65,0,6,-15
04,1,90,20,128,104,0,0,-4
04,1,360,20,142,122,0,4,-12
04,1,20,20,122,99,0,0,-15
04,1,20,30,144,106,0,0,-9
04,1,50,40,148,104,0,0,-3
04,1,70,50,96,4,0,0,-13
04,1,130,10,30,24,0,0,-2
04,1,230,40,69,49,0,7,12
04,1,290,30,52,31,0,8,4
04,1,350,10,47,20,0,8,-3
04,1,230,20,76,75,0,8,-4
04,1,280,20,15,7,0,1,-1
04,1,350,20,-18,-37,0,1,12
04,1,180,20,0,-21,0,0,-12
04,1,50,10,3,-11,0,8,-11
04,1,0,0,2,-24,0,1,-13
04,1,50,20,15,2,0,0,-4
04,1,220,40,47,17,0,0,-2
04,1,170,30,56,24,0,8,1
04,1,70,30,47,37,0,7,1
04,1,290,20,19,5,0,0,-2
04,1,240,10,-17,-26,0,0,-7
04,1,30,20,7,-10,0,0,-7
04,1,60,30,32,11,0,0,-11
04,1,60,60,49,24,0,7,-1
04,1,90,40,78,64,0,8,-2
04,1,70,50,67,40,0,3,-10
04,1,50,40,94,35,0,2,-4
04,1,90,10,104,67,0,8,-3
04,1,250,30,98,93,0,8,-9
04,1,240,40,62,50,0,0,-1
04,1,180,10,71,63,0,8,4
04,1,110,30,90,60,0,0,7
04,1,150,30,144,49,0,8,-5
04,1,160,20,78,67,-1,8,0
04,1,130,40,101,72,-1,7,3
04,1,20,20,57,33,0,0,-5
04,1,40,40,80,59,0,0,-3
04,1,70,30,65,42,0,0,12
04,1,240,40,96,80,0,7,-7
04,1,240,10,91,83,0,8,-1
04,1,70,20,64,55,0,0,-9
04,1,140,10,106,67,0,1,-23
04,1,180,30,81,71,0,0,-4
04,1,180,10,40,37,0,9,-6
04,1,110,30,115,91,0,8,-7
04,1,140,10,124,109,-1,8,14
04,1,360,40,134,114,12,8,-6
04,1,280,20,88,81,0,4,-1
04,1,320,10,81,75,-1,5,-6
04,1,60,20,117,100,0,1,-12
04,1,30,20,110,78,0,0,-28
04,1,320,30,113,107,7,8,2
04,1,50,50,101,56,0,8,-20
04,1,30,20,91,58,0,7,-6
04,1,360,10,56,52,0,0,-14
04,1,360,20,89,61,0,0,-7
04,1,280,20,56,50,0,0,-1
04,1,300,20,59,44,0,7,5
04,1,30,20,48,42,0,0,5
04,1,70,20,78,53,0,3,1
04,1,100,20,115,107,1,8,-2
04,1,140,20,122,117,-1,8,-5
04,1,110,30,101,54,0,8,2
04,1,50,20,35,32,0,2,9
04,1,360,10,35,30,0,0,6
04,1,220,80,34,19,4,8,-3
04,1,190,30,32,-24,0,6,-6
04,1,170,30,67,42,0,7,1
04,1,140,30,69,52,0,6,5
04,1,240,40,38,22,0,2,-2
04,1,180,30,75,18,0,8,-13
04,1,100,20,59,13,0,0,12
04,1,310,20,110,90,4,8,-5
04,1,270,10,31,22,0,0,-18
04,1,350,20,55,45,0,3,-7
04,1,350,10,18,-2,0,0,-3
04,1,20,30,37,19,0,0,-2
04,1,40,30,68,23,0,0,-6
04,1,30,30,45,31,0,3,1
04,1,40,30,66,18,0,0,-11
04,1,360,40,51,28,0,8,2
04,1,10,10,5,-13,0,0,-4
04,1,360,10,32,2,0,0,3
04,1,360,30,53,37,0,0,-8
04,1,990,10,19,-3,0,0,5
04,1,280,20,54,14,0,6,2
04,1,280,10,-1,-20,0,2,-4
04,1,10,20,24,-9,0,0,-29
04,1,20,20,45,4,0,0,-31
04,1,60,20,66,6,0,0,0
04,1,250,30,103,87,0,0,-10
04,1,240,20,52,43,0,0,2
04,1,90,10,77,60,0,7,-4
04,1,220,20,147,68,0,8,-3
04,1,240,30,115,109,3,3,1
04,1,250,50,122,100,0,7,1
04,1,160,20,109,97,0,0,-7
04,1,280,30,129,98,0,8,-14
04,1,240,30,70,48,0,6,8
04,1,210,50,68,21,0,0,-3
04,1,240,60,114,83,0,8,-1
04,1,230,30,126,110,0,0,-13
04,1,280,20,67,60,0,0,-2
04,1,310,10,60,53,0,0,-5
04,1,40,20,47,3,0,0,-3
04,1,10,10,63,52,0,0,-4
04,1,280,40,89,79,6,8,-3
04,1,240,20,17,7,0,0,6
04,1,0,0,17,8,0,0,-6
04,1,40,10,52,39,0,1,-10
04,1,360,10,26,12,0,2,-7
04,1,0,0,43,34,0,1,12
04,1,70,10,58,25,0,0,-9
04,1,100,20,86,22,0,0,-16
04,1,40,10,79,42,0,0,1
04,1,60,20,87,56,0,0,13
04,1,100,20,128,65,0,5,-11
04,1,360,20,113,64,0,0,2
04,1,20,10,110,86,0,0,-7
04,1,50,20,103,36,0,0,-5
04,1,10,20,99,42,0,0,-22
04,1,350,30,83,36,0,0,-5
04,1,350,20,106,92,-1,7,0
04,1,60,30,101,88,0,1,-2
04,1,50,60,129,73,0,0,-11
04,1,310,10,-4,-10,0,0,2
04,1,230,30,-3,-8,0,1,20
04,1,990,10,56,36,0,8,-5
04,1,330,20,76,36,0,3,8
04,1,50,50,59,45,-1,8,-3
04,1,360,20,33,11,0,7,-20
04,1,250,20,54,48,-1,8,3
04,1,300,20,21,-11,0,7,2
04,1,210,60,62,57,16,8,1
04,1,190,70,98,87,5,8,0
04,1,230,30,67,64,0,8,-7
04,1,200,20,58,51,-1,8,-12
04,1,240,10,39,35,0,4,10
04,1,200,10,31,28,0,8,6
04,1,10,30,52,31,0,7,-3
04,1,320,20,14,-5,0,0,1
04,1,210,10,-11,-20,0,0,-5
04,1,190,40,39,29,0,1,-2
04,1,150,50,84,53,-1,8,1
04,1,220,10,74,40,0,7,-1
04,1,160,20,64,45,0,5,5
04,1,220,50,60,52,3,7,-1
04,1,190,40,55,47,0,7,3
04,1,130,30,74,56,-1,7,-1
04,1,240,40,73,60,0,5,1
04,1,170,50,116,73,0,8,-1
04,1,190,60,108,78,0,8,-4
04,1,50,30,114,84,-1,8,-7
04,1,10,50,105,92,0,8,2
04,1,130,10,77,64,0,2,-2
04,1,40,30,-15,-35,0,2,-2
04,1,40,40,-6,-58,0,0,-11
04,1,50,50,-2,-57,0,2,0
04,1,80,60,23,-55,0,8,-4
04,1,50,40,14,-27,0,3,6
04,1,20,20,32,-6,0,8,-2
04,1,360,10,-28,-46,0,0,-12
04,1,40,30,21,-49,0,8,-5
04,1,130,30,35,25,0,1,-10
04,1,200,30,63,57,0,8,-2
04,1,90,30,60,57,8,8,7
04,1,270,40,53,48,0,8,3
04,1,260,40,75,56,0,4,5
04,1,190,50,115,95,0,8,5
04,1,150,20,138,87,0,0,-19
04,1,120,10,54,54,0,5,3
04,1,220,30,109,106,13,8,2
04,1,190,50,170,95,0,4,-12
04,1,240,50,82,45,0,1,-21
04,1,360,30,29,19,0,0,-6
04,1,20,30,31,1,0,0,-8
04,1,280,20,39,5,0,0,-26
04,1,230,70,99,36,0,8,-1
04,1,200,10,63,60,0,0,10
04,1,250,30,98,88,0,8,-4
04,1,180,20,110,104,0,0,-9
04,1,320,20,48,39,0,7,-3
04,1,340,10,13,3,0,4,-8
04,1,200,30,34,11,0,0,17
04,1,230,10,34,9,0,5,-6
04,1,80,10,105,51,0,6,-6
04,1,80,10,76,70,0,0,-9
04,1,60,10,99,81,0,5,-8
04,1,200,10,132,83,0,8,-5
04,1,240,10,105,89,0,7,1
04,1,210,20,79,54,0,0,-11
04,1,190,30,147,125,0,8,-7
04,1,200,50,127,114,0,5,1
04,1,230,40,27,23,0,0,-2
04,1,240,30,91,62,0,8,-2
04,1,360,20,105,86,0,8,-4
04,1,340,20,56,52,0,0,-6
04,1,240,20,56,37,0,1,19
04,1,240,50,83,45,0,7,2
04,1,290,20,40,12,-1,6,-5
04,1,340,10,-5,-9,0,0,1
04,1,160,20,62,0,0,0,-16
04,1,280,20,72,61,0,1,-7
04,1,320,10,57,40,0,8,4
04,1,50,50,114,77,0,0,-3
04,1,90,30,109,67,0,0,-10
04,1,130,20,105,87,-1,8,-5
04,1,0,0,74,71,0,0,-19
04,1,20,10,74,71,0,0,2
04,1,60,20,125,105,0,8,-8
04,1,200,20,122,104,0,6,-10
04,1,260,20,116,90,-1,8,-2
04,1,70,10,91,88,0,7,-6
04,1,0,0,120,109,0,8,4
04,1,310,10,121,113,-1,8,0
04,1,270,70,57,-8,0,8,-2
04,1,260,60,59,48,5,8,-2
04,1,250,20,41,16,0,8,-2
04,1,30,20,65,21,0,8,-5
04,1,340,20,11,-9,0,0,-4
04,1,280,10,6,-7,0,7,22
04,1,0,0,0,-3,0,1,-1
04,1,280,10,17,14,0,8,28
04,1,50,20,58,48,0,0,-9
04,1,0,0,59,56,0,0,-10
04,1,190,30,113,35,0,2,3
04,1,200,30,41,27,0,0,-4
04,1,310,40,84,45,0,8,-13
04,1,210,20,68,30,0,8,-8
04,1,210,20,92,66,0,0,-10
04,1,350,20,71,63,0,0,-6
04,1,30,20,54,7,0,1,-4
04,1,350,20,25,5,0,0,3
04,1,10,20,37,20,0,0,-8
04,1,30,20,58,18,0,0,5
04,1,340,20,58,33,0,0,-11
04,1,350,20,39,35,0,0,-2
04,1,10,20,21,18,0,0,-11
04,1,0,0,37,34,0,0,-5
04,1,220,30,116,88,0,8,-6
04,1,200,30,118,109,1,8,0
04,1,350,40,81,73,2,8,-7
04,1,0,0,1,-10,0,0,-7
04,1,190,20,31,-22,0,0,-10
04,1,220,50,79,67,1,8,-4
04,1,360,20,45,21,0,1,-10
04,1,160,20,77,35,0,8,-5
04,1,130,30,127,87,-1,7,3
04,1,150,30,143,110,1,8,-9
04,1,50,10,90,60,0,8,17
04,1,230,50,76,64,0,7,1
04,1,220,60,58,35,0,0,-3
04,1,200,20,54,39,0,8,-1
04,1,220,10,17,14,0,4,-3
04,1,290,10,87,36,0,8,-8
04,1,80,30,70,37,0,0,-2
04,1,110,30,107,92,-1,8,-3
04,1,990,10,39,37,0,6,-2
04,1,160,10,41,38,0,6,-6
04,1,230,50,103,77,-1,8,-9
04,1,180,60,97,79,0,7,6
04,1,280,20,56,38,0,8,-3
04,1,280,20,11,-1,0,0,2
04,1,240,50,83,53,0,8,-1
04,1,340,10,3,-2,0,0,-1
04,1,40,30,51,22,0,0,-4
04,1,30,20,69,23,0,8,-4
04,1,40,30,66,14,0,8,-4
04,1,280,30,23,7,-1,8,-4
04,1,250,20,12,-1,0,6,-14
04,1,250,40,15,-8,0,0,-3
04,1,240,70,40,29,2,8,-2
04,1,270,30,34,17,0,7,-4
04,1,180,40,50,11,0,8,-1
04,1,190,30,68,41,-1,7,-3
04,1,100,10,93,89,0,8,-6
04,1,200,10,71,69,0,4,-16
04,1,350,20,78,74,0,8,-8
04,1,50,10,33,31,0,0,-3
04,1,340,20,78,68,0,1,-4
04,1,270,20,44,31,0,3,5
04,1,230,10,25,15,0,7,23
04,1,360,10,89,68,0,8,-6
04,1,60,10,36,34,0,0,-8
04,1,220,30,94,50,0,3,9
04,1,280,20,46,33,0,8,-17
04,1,230,40,55,31,0,8,7
04,1,240,30,87,79,5,7,-2
04,1,240,30,20,13,0,6,9
04,1,230,60,98,49,0,8,-2
04,1,240,20,50,21,0,,-2
04,1,110,20,52,38,2,,-6
04,1,270,20,21,7,0,,6
04,1,10,30,10,-35,0,0,-1
04,1,0,0,-23,-33,0,4,-5
04,1,220,20,66,21,-1,8,2
04,1,280,20,95,87,4,8,-24
04,1,280,30,49,17,0,8,-6
04,1,220,20,22,7,0,7,-9
04,1,220,30,62,51,1,7,2
04,1,230,30,0,-22,0,1,0
04,1,310,10,14,-3,0,0,-1
04,1,210,30,39,8,0,8,6
04,1,240,20,36,18,0,8,-7
04,1,90,30,45,-4,0,0,1
04,1,0,0,31,28,0,6,4
04,1,140,10,14,13,0,8,-3
04,1,200,50,101,86,-1,8,-1
04,1,210,40,90,67,-1,1,-3
04,1,210,60,96,71,0,8,0
04,1,70,10,2,-6,0,8,15
04,1,100,30,78,9,0,8,-2
04,1,90,10,94,73,0,7,-8
04,1,340,30,119,105,0,2,-9
04,1,170,30,136,104,0,8,0
04,1,50,10,116,112,0,8,-3
04,1,40,30,97,90,0,0,-13
04,1,0,0,53,51,0,8,-2
04,1,340,10,91,79,0,7,-1
04,1,350,10,102,98,2,8,-4
04,1,230,40,120,100,0,8,2
04,1,0,0,47,44,0,0,-5
04,1,0,0,79,69,0,0,-3
04,1,100,30,132,79,0,8,-4
04,1,210,30,139,80,0,0,1
04,1,320,20,121,104,0,8,-11
04,1,60,30,112,74,0,1,-8
04,1,240,40,146,97,0,8,1
04,1,210,60,91,56,0,8,-3
04,1,220,70,141,103,-1,8,-1
04,1,240,50,88,63,-1,8,0
04,1,190,20,51,34,0,8,-5
04,1,190,30,115,70,0,8,-5
04,1,350,10,69,67,0,8,-17
04,1,270,30,104,101,58,8,3
04,1,50,50,27,-21,0,0,-5
04,1,90,20,37,7,0,0,7
04,1,220,50,66,45,0,8,-8
04,1,130,10,23,17,0,8,-4
04,1,100,20,31,20,0,8,-4
04,1,70,30,77,64,0,8,-1
04,1,50,20,110,89,0,8,6
04,1,140,10,87,50,0,1,-11
04,1,30,20,99,75,0,7,-9
04,1,50,60,59,4,0,6,-8
04,1,10,30,22,-21,0,0,-4
04,1,30,10,43,-28,0,8,6
04,1,10,20,4,-18,0,1,0
04,1,20,30,4,-10,0,0,-2
04,1,50,20,43,20,0,8,-8
04,1,70,40,52,4,0,0,-8
04,1,110,10,82,64,0,8,11
04,1,60,30,99,61,0,7,10
04,1,40,20,108,28,0,0,-15
04,1,60,20,103,43,0,0,-20
04,1,30,30,121,19,0,3,-28
04,1,70,30,95,35,0,0,-10
04,1,70,50,107,27,0,0,-10
04,1,150,20,147,88,0,8,-5
04,1,150,30,91,79,0,0,-10
04,1,190,20,102,85,0,8,-2
04,1,210,20,72,47,0,2,9
04,1,240,40,87,46,0,8,-13
04,1,60,10,31,27,0,0,-6
04,1,350,30,102,73,0,8,-2
04,1,20,10,-9,-46,0,0,-12
04,1,280,20,6,-7,0,8,13
04,1,250,30,78,52,0,8,-5
04,1,0,0,-14,-27,0,4,1
04,1,100,20,45,-14,0,0,0
04,1,140,30,110,9,0,0,-6
04,1,260,20,103,72,0,0,-24
04,1,60,20,96,55,0,8,-12
04,1,360,20,115,88,0,0,-5
04,1,50,30,82,54,0,8,-5
04,1,80,30,60,-8,0,8,-17
04,1,0,0,68,16,0,0,-5
04,1,360,50,109,68,0,3,-13
04,1,350,10,50,-16,0,8,3
04,1,10,10,6,-9,0,8,-2
04,1,80,10,59,25,0,1,-5
04,1,50,50,92,47,0,1,-10
04,1,40,30,77,31,0,0,-8
04,1,220,30,79,74,0,6,11
04,1,60,60,80,-17,0,0,-6
04,1,70,70,96,-13,0,0,-9
04,1,70,60,105,13,0,0,-11
04,1,60,20,94,27,0,0,-22
04,1,340,20,99,58,0,8,-18
04,1,20,40,81,43,0,8,-1
04,1,360,20,46,34,0,0,-4
04,1,0,0,42,37,0,1,-3
04,1,10,20,94,73,0,8,-6
04,1,230,50,113,103,0,7,-9
04,1,200,40,95,85,3,8,-3
