04,13,240,98,150,63,0,3,5
04,13,220,98,160,53,0,2,4
04,13,200,57,107,76,0,7,6
04,13,190,103,124,8,0,3,4
04,13,220,82,105,16,0,5,8
04,13,210,82,127,63,0,4,2
04,13,240,118,99,61,-1,7,17
04,13,260,57,99,85,-1,7,21
04,13,270,31,142,50,0,5,-1
04,13,110,36,173,56,0,4,4
04,13,140,57,208,60,0,6,-7
04,13,80,26,210,41,0,1,4
04,13,60,57,193,39,0,0,1
04,13,70,41,187,81,0,0,3
04,13,70,46,191,33,0,1,3
04,13,330,67,91,15,0,6,-1
04,13,350,46,84,37,0,6,-50
04,13,340,36,59,-8,0,7,-7
04,13,60,51,63,28,6,7,3
04,13,10,51,58,-41,0,3,2
04,13,250,41,76,-51,0,4,5
04,13,250,31,66,32,-1,7,-11
04,13,290,46,63,35,-1,7,3
04,13,210,21,100,9,-1,5,-28
04,13,100,72,124,-11,0,4,9
04,13,70,46,132,30,0,3,5
04,13,40,41,132,27,0,4,8
04,13,360,36,114,14,0,3,1
04,13,230,36,100,33,0,7,4
04,13,90,87,85,82,6,8,-2
04,13,250,62,100,37,0,7,5
04,13,200,77,80,44,0,7,4
04,13,340,31,71,46,0,7,22
04,13,340,21,75,0,0,7,-1
04,13,270,21,90,2,0,5,-3
04,13,250,62,99,25,0,7,1
04,13,210,41,136,31,0,6,8
04,13,80,57,141,27,0,7,5
04,13,70,67,142,5,0,1,3
04,13,70,46,144,38,0,0,3
04,13,990,10,167,37,0,7,0
04,13,250,77,147,58,0,7,-13
04,13,230,118,72,42,-1,7,-4
04,13,220,87,125,32,0,6,12
04,13,230,108,62,52,7,8,3
04,13,330,67,54,2,1,8,6
04,13,230,51,61,41,2,8,2
04,13,250,46,116,116,-1,8,5
04,13,300,62,116,55,0,7,6
04,13,130,21,104,25,0,4,5
04,13,990,15,154,15,0,7,14
04,13,250,41,131,90,0,8,7
04,13,230,67,108,84,-1,7,-4
04,13,210,103,165,106,0,7,-4
04,13,260,41,146,119,-1,8,-6
04,13,250,51,170,101,0,8,8
04,13,230,57,123,76,-1,4,13
04,13,210,36,110,105,19,8,7
04,13,320,57,123,48,0,5,-4
04,13,230,77,133,57,0,3,9
04,13,220,82,111,95,8,7,-2
04,13,310,26,85,16,0,6,7
04,13,990,10,118,6,0,3,-1
04,13,270,41,55,38,7,8,3
04,13,190,103,88,36,1,8,-2
04,13,240,98,92,50,4,8,-11
04,13,290,41,85,38,0,8,-4
04,13,70,31,97,3,0,7,7
04,13,110,67,143,12,0,7,5
04,13,220,21,138,24,0,1,14
04,13,990,15,128,64,0,7,0
04,13,990,15,126,48,0,7,5
04,13,30,51,97,73,2,7,12
04,13,200,31,151,64,0,5,-14
04,13,340,51,123,74,0,5,5
04,13,230,36,86,71,0,7,12
04,13,250,82,117,68,0,8,-7
04,13,240,98,133,90,-1,8,-16
04,13,260,51,121,82,0,8,1
04,13,220,62,208,94,0,2,9
04,13,210,41,230,79,0,6,-3
04,13,230,62,192,99,0,7,1
04,13,180,51,182,93,0,6,4
04,13,220,62,227,91,0,2,2
04,13,280,21,177,86,0,7,7
04,13,210,62,213,44,0,4,3
04,13,50,77,235,109,0,2,7
04,13,80,98,263,16,0,1,3
04,13,100,82,248,56,0,1,2
04,13,90,82,248,70,0,1,4
04,13,240,118,87,56,13,7,-19
04,13,260,72,55,8,1,7,0
04,13,220,72,59,30,2,7,-6
04,13,220,98,122,95,0,5,-22
04,13,210,93,74,23,0,6,6
04,13,240,57,79,39,0,3,9
04,13,190,36,88,0,0,7,-7
04,13,250,82,86,34,-1,5,-15
04,13,200,57,72,25,0,7,-46
04,13,90,41,81,-3,0,5,-1
04,13,30,67,92,54,0,8,0
04,13,360,31,72,55,-1,8,5
04,13,340,108,120,34,0,6,-7
04,13,280,46,76,-3,0,6,-1
04,13,220,36,91,34,0,3,5
04,13,60,67,140,24,0,6,0
04,13,20,108,109,18,0,6,-14
04,13,40,31,92,-8,0,3,7
04,13,990,15,104,10,0,1,9
04,13,260,36,132,32,0,5,1
04,13,220,77,140,62,0,7,0
04,13,80,21,175,65,0,5,3
04,13,200,87,212,53,0,4,-11
04,13,250,57,167,81,-1,7,7
04,13,280,41,121,81,0,7,-7
04,13,220,57,134,101,-1,7,2
04,13,230,36,150,139,-1,8,8
04,13,240,36,182,124,0,3,12
04,13,200,26,222,130,0,2,4
04,13,280,51,213,126,0,7,0
04,13,260,57,115,112,-1,8,-3
04,13,240,93,163,110,0,0,5
04,13,260,77,134,92,0,1,5
04,13,260,36,129,74,0,7,2
04,13,250,21,133,44,0,6,8
04,13,260,41,116,95,0,7,-5
04,13,260,87,143,108,0,8,-13
04,13,330,67,97,-6,0,5,-15
04,13,290,31,74,-9,0,7,2
04,13,240,36,73,73,1,8,6
04,13,220,26,113,79,0,7,14
04,13,350,72,137,69,0,4,-2
04,13,50,62,115,22,0,5,1
04,13,30,31,115,39,0,4,2
04,13,260,41,88,84,1,8,7
04,13,300,62,89,19,0,6,4
04,13,250,57,84,79,-1,8,0
04,13,280,77,96,75,1,7,-20
04,13,10,31,69,27,0,8,1
04,13,240,51,91,6,0,3,-7
04,13,70,57,109,26,0,8,4
04,13,230,87,133,96,0,7,-4
04,13,20,72,158,69,0,7,3
04,13,40,36,143,126,0,6,30
04,13,20,41,210,123,0,2,10
04,13,30,57,180,118,0,4,6
04,13,320,36,92,90,-1,8,3
04,13,30,36,93,25,0,3,6
04,13,30,21,164,108,0,7,2
04,13,240,31,115,115,2,8,-2
04,13,40,57,41,-52,0,2,0
04,13,30,26,41,-65,0,5,8
04,13,30,77,57,-42,0,6,12
04,13,60,82,70,0,0,6,3
04,13,80,62,93,22,0,7,15
04,13,990,10,139,47,0,2,6
04,13,240,51,141,52,0,0,2
04,13,270,26,86,37,0,8,6
04,13,990,15,152,63,0,3,-6
04,13,990,15,160,67,0,6,-5
04,13,290,36,103,78,0,8,0
04,13,90,36,56,-7,0,5,12
04,13,50,62,92,-12,0,3,9
04,13,80,26,114,1,0,2,5
04,13,990,15,150,-14,0,1,3
04,13,180,36,170,-4,0,1,8
04,13,990,10,200,-50,0,7,-9
04,13,230,67,160,62,0,3,4
04,13,160,41,199,68,0,6,5
04,13,170,72,235,4,0,7,-4
04,13,200,57,237,30,0,1,9
04,13,190,93,235,34,0,7,6
04,13,200,67,160,101,0,7,11
04,13,250,72,154,51,0,5,-10
04,13,240,36,150,40,0,4,-11
04,13,340,31,164,51,0,2,17
04,13,60,36,199,74,0,3,4
04,13,220,10,159,97,0,6,-1
04,13,990,15,109,29,0,7,5
04,13,240,26,143,10,0,5,5
04,13,220,30,166,74,0,0,6
04,13,340,20,148,18,0,2,5
04,13,280,60,107,57,-1,7,-1
04,13,300,80,78,-23,0,6,8
04,13,250,80,89,84,11,8,1
04,13,360,40,83,-18,0,5,-1
04,13,60,50,92,-32,0,1,-1
04,13,80,50,129,-17,0,3,8
04,13,990,10,166,-9,0,7,0
04,13,350,20,160,43,0,7,3
04,13,320,70,90,43,-1,8,2
04,13,310,60,84,9,0,7,-4
04,13,330,30,104,-14,0,3,10
04,13,270,50,115,57,0,7,9
04,13,350,40,85,12,0,6,3
04,13,360,30,79,-6,0,6,8
04,13,50,50,116,-14,0,4,2
04,13,350,40,108,13,0,6,8
04,13,340,40,81,-14,0,7,-3
04,13,50,70,75,-76,0,3,7
04,13,50,20,98,-62,0,1,1
04,13,350,40,79,-16,0,7,7
04,13,270,30,117,-8,0,2,1
04,13,240,90,153,-7,0,4,4
04,13,990,10,155,46,0,8,4
04,13,990,10,134,91,0,7,-4
04,13,230,50,118,109,3,8,7
04,13,230,100,127,114,-1,8,12
04,13,260,70,107,76,-1,8,-4
04,13,330,40,143,73,0,7,-1
04,13,250,60,159,108,0,7,-2
04,13,240,60,161,86,0,5,-2
04,13,230,60,106,93,16,8,-1
04,13,210,120,125,78,0,6,7
04,13,200,40,79,71,14,8,6
04,13,220,40,121,70,4,6,-24
04,13,70,50,75,66,14,8,-2
04,13,230,60,98,66,0,6,2
04,13,200,40,113,53,0,7,5
04,13,140,20,102,63,-1,8,-15
04,13,280,50,73,48,-1,7,-1
04,13,270,40,85,-1,0,7,-12
04,13,260,60,51,11,0,7,-21
04,13,240,70,69,2,0,7,11
04,13,180,70,97,53,0,8,0
04,13,210,70,96,27,0,6,-10
04,13,70,50,94,58,-1,8,2
04,13,310,20,103,50,0,7,2
04,13,230,40,109,42,0,6,-2
04,13,220,80,112,86,0,8,-2
04,13,250,40,141,55,0,7,4
04,13,110,30,202,84,0,5,8
04,13,250,50,216,105,0,1,0
04,13,230,80,125,91,0,7,13
04,13,200,60,143,116,1,8,5
04,13,290,20,102,97,8,8,6
04,13,30,30,100,86,11,8,-7
04,13,210,20,139,72,0,7,-8
04,13,60,50,164,78,0,3,0
04,13,340,40,142,112,0,7,14
04,13,120,70,190,48,0,3,3
04,13,990,10,211,89,0,3,-6
04,13,200,40,133,115,4,8,0
04,13,260,50,131,86,0,7,6
04,13,210,40,129,126,18,8,-1
04,13,250,90,178,124,4,7,-12
04,13,310,70,88,66,7,7,17
04,13,350,50,105,63,0,5,6
04,13,240,40,152,87,0,3,7
04,13,240,70,139,95,0,6,4
04,13,260,60,97,39,0,7,3
04,13,220,40,105,81,2,4,12
04,13,290,80,71,25,7,7,2
04,13,40,40,40,19,-1,8,-9
04,13,180,30,65,39,3,6,0
04,13,230,20,64,24,5,4,-13
04,13,270,40,95,12,-1,5,15
04,13,280,40,93,-4,0,6,6
04,13,360,40,74,35,-1,6,-1
04,13,160,60,126,28,0,7,10
04,13,230,80,159,68,0,4,1
04,13,230,60,117,100,3,7,17
04,13,180,50,150,75,0,6,13
04,13,220,60,124,80,0,7,3
04,13,60,20,154,76,0,4,6
04,13,70,60,192,95,0,6,10
04,13,40,60,148,101,0,7,11
04,13,50,50,168,104,0,2,12
04,13,40,40,121,79,0,2,24
04,13,360,20,193,77,0,0,6
04,13,260,30,64,53,5,8,-2
04,13,160,50,135,56,0,7,-3
04,13,190,50,139,90,-1,7,10
04,13,210,50,162,63,0,6,-11
04,13,20,70,60,-12,0,8,1
04,13,40,50,87,-18,0,0,5
04,13,70,30,113,9,0,2,5
04,13,100,20,123,10,0,7,1
04,13,90,100,143,18,0,7,2
04,13,30,50,116,14,0,1,6
04,13,250,30,121,29,0,4,5
04,13,220,110,91,5,0,6,12
04,13,220,100,84,48,1,7,-7
04,13,250,50,103,37,0,4,21
04,13,190,70,131,48,0,7,-12
04,13,210,20,135,12,0,3,9
04,13,200,70,124,47,0,7,7
04,13,190,50,132,58,0,7,4
04,13,240,50,147,72,0,7,18
04,13,200,40,177,77,0,6,15
04,13,240,50,181,87,0,7,8
04,13,220,40,200,117,0,7,18
04,13,250,20,139,122,0,8,-1
04,13,220,30,155,87,0,5,4
04,13,190,50,193,79,0,6,5
04,13,220,70,230,119,0,5,-10
04,13,60,50,202,137,0,8,2
04,13,350,40,230,142,0,4,-9
04,13,240,40,114,109,16,8,4
04,13,360,40,168,131,0,7,7
04,13,230,20,164,90,0,2,7
04,13,180,50,217,54,0,6,-1
04,13,240,60,128,64,-1,7,2
04,13,230,80,94,66,0,8,17
04,13,220,80,107,19,0,7,-2
04,13,230,100,126,80,0,8,9
04,13,240,70,111,29,0,5,8
04,13,260,40,101,44,-1,7,-14
04,13,190,60,100,78,-1,8,-4
04,13,240,30,69,55,23,8,21
04,13,360,30,105,74,0,7,-12
04,13,300,40,83,9,0,7,1
04,13,350,60,52,-22,0,7,12
04,13,230,50,47,-47,0,8,3
04,13,290,70,91,56,-1,7,7
04,13,330,20,99,61,5,6,-15
04,13,290,30,77,3,0,7,-1
04,13,320,60,81,-2,0,5,-19
04,13,290,70,40,14,1,7,11
04,13,240,30,65,23,0,5,-2
04,13,10,60,85,4,0,4,6
04,13,120,20,113,4,0,2,0
04,13,10,20,125,20,0,7,5
04,13,170,60,134,36,0,7,-9
04,13,220,80,134,75,0,6,8
04,13,240,90,127,63,0,5,-5
04,13,240,30,103,87,-1,8,9
04,13,240,90,125,68,0,7,15
04,13,170,60,142,86,-1,6,19
04,13,70,30,187,108,0,5,4
04,13,220,30,168,69,0,2,8
04,13,150,40,203,25,0,3,2
04,13,100,100,185,40,0,1,8
04,13,80,80,179,41,0,5,7
04,13,80,60,149,0,0,0,6
04,13,50,60,90,-36,0,0,9
04,13,60,50,117,-29,0,0,7
04,13,40,50,121,-35,0,0,3
04,13,10,60,108,-36,0,6,6
04,13,30,80,109,-17,0,1,3
04,13,50,50,101,12,0,7,6
04,13,30,80,123,23,0,4,4
04,13,360,50,99,26,0,7,-6
04,13,310,50,74,21,-1,6,30
04,13,240,40,63,48,-1,8,1
04,13,320,30,78,68,-1,8,2
04,13,60,10,98,68,1,8,11
04,13,270,60,107,77,-1,8,-16
04,13,220,30,116,36,0,7,-15
04,13,340,20,124,52,0,6,8
04,13,100,20,159,64,0,3,8
04,13,230,40,175,79,0,7,18
04,13,300,40,174,98,0,7,5
04,13,250,40,189,136,0,7,2
04,13,250,30,150,109,0,7,9
04,13,230,70,91,68,5,8,-2
04,13,260,100,133,37,0,5,-27
04,13,210,90,104,77,-1,7,20
04,13,220,110,113,63,0,5,5
04,13,210,100,121,58,0,7,18
04,13,240,80,155,5,0,3,-6
04,13,310,40,53,36,4,7,5
04,13,320,50,68,24,-1,7,5
04,13,190,30,108,35,0,8,-10
04,13,350,80,114,36,0,2,3
04,13,320,50,75,-10,0,7,3
04,13,30,40,53,-105,0,3,-1
04,13,20,50,59,-111,0,0,2
04,13,30,60,63,-58,0,5,-6
04,13,10,20,28,-17,-1,8,22
04,13,170,20,78,-43,0,1,13
04,13,130,20,139,-12,0,3,2
04,13,80,50,171,41,0,1,10
04,13,90,100,203,25,0,0,10
04,13,80,70,234,53,0,0,8
04,13,90,90,226,30,0,0,6
04,13,70,70,213,-16,0,1,9
04,13,50,70,159,1,0,5,9
04,13,60,60,73,30,0,8,5
04,13,80,40,145,63,0,8,14
04,13,990,10,220,56,0,0,1
04,13,330,30,165,60,0,7,-1
04,13,340,40,171,33,0,0,6
04,13,190,20,216,59,0,1,1
04,13,200,30,224,85,0,8,-6
04,13,150,40,154,142,8,8,-5
04,13,230,80,142,86,0,7,-10
04,13,190,80,214,108,0,4,14
04,13,250,80,172,83,0,4,7
04,13,230,70,148,135,4,8,-15
04,13,80,40,192,78,0,3,-6
04,13,220,40,172,59,0,8,-2
04,13,200,80,111,80,-1,8,12
04,13,230,120,83,56,4,7,40
04,13,240,100,104,34,0,7,-29
04,13,240,60,72,48,-1,7,-1
04,13,290,50,84,44,-1,8,-29
04,13,290,30,61,31,1,7,1
04,13,350,40,73,23,0,8,6
04,13,260,40,78,45,0,8,-8
04,13,50,30,71,-5,0,7,8
04,13,50,40,124,30,0,0,-2
04,13,10,30,101,58,0,8,6
04,13,80,10,143,26,0,5,4
04,13,220,20,170,17,0,2,-2
04,13,90,30,193,61,0,4,5
04,13,250,50,193,69,0,1,1
04,13,180,80,118,41,-1,7,-7
04,13,210,60,109,18,0,4,8
04,13,230,50,138,32,0,5,9
04,13,160,40,155,106,0,5,1
04,13,310,40,172,134,0,8,-5
04,13,350,60,155,50,0,3,6
04,13,340,50,149,65,0,4,-2
04,13,70,40,161,67,0,1,6
04,13,50,40,176,61,0,0,5
04,13,70,60,196,87,0,8,-1
04,13,200,40,195,92,0,7,-38
04,13,220,30,159,97,0,6,7
04,13,90,40,205,134,0,3,1
04,13,80,30,162,39,0,0,5
04,13,100,30,159,35,0,0,9
04,13,210,50,199,70,0,0,0
04,13,220,80,192,67,0,5,-9
04,13,230,60,117,24,0,2,2
04,13,210,80,135,31,0,7,4
04,13,240,110,101,36,1,7,19
04,13,300,70,73,20,-1,8,7
04,13,340,60,71,-39,0,7,5
04,13,240,50,94,56,0,8,-2
04,13,220,20,116,54,0,8,7
04,13,990,10,141,63,0,7,-2
04,13,240,70,148,67,0,7,2
04,13,210,50,162,60,0,5,2
04,13,160,80,134,72,-1,8,-7
04,13,350,50,76,66,0,8,1
04,13,250,30,106,98,0,8,-1
04,13,220,60,148,81,0,7,4
04,13,320,20,87,73,12,8,-1
04,13,360,50,82,73,2,8,13
04,13,80,60,121,-2,0,0,0
04,13,70,30,144,-10,0,0,8
04,13,100,30,164,30,0,5,4
04,13,90,40,181,94,0,4,-3
04,13,50,30,145,111,0,8,-2
04,13,230,70,151,87,1,5,7
04,13,230,90,141,47,0,5,-48
04,13,190,40,183,75,0,7,-4
04,13,270,30,156,134,-1,8,11
04,13,210,20,201,122,0,5,7
04,13,230,60,98,80,82,8,17
04,13,260,70,128,43,0,2,8
04,13,280,30,98,37,0,8,5
04,13,260,40,84,2,0,5,-7
04,13,330,40,76,-31,0,5,-38
04,13,230,50,97,-19,0,1,0
04,13,250,50,107,21,0,8,1
04,13,230,80,106,17,-1,8,-3
04,13,250,40,107,-7,0,6,-10
04,13,330,60,84,6,0,7,9
04,13,240,50,83,-28,0,8,1
04,13,300,40,100,40,-1,8,9
04,13,230,80,122,86,1,8,9
04,13,260,50,131,46,0,8,-7
04,13,100,50,137,85,0,8,4
04,13,250,50,123,81,0,7,9
04,13,240,40,122,71,0,8,9
04,13,240,70,138,44,0,4,-4
04,13,230,50,135,58,0,3,4
04,13,210,40,156,49,0,7,1
04,13,250,30,180,53,0,1,1
04,13,330,30,88,44,0,8,2
04,13,220,30,144,42,0,2,8
04,13,50,40,183,56,0,6,2
04,13,230,50,218,111,0,0,3
04,13,270,20,161,112,0,8,4
04,13,10,30,147,53,0,8,11
04,13,350,50,144,21,0,4,-5
04,13,290,20,82,10,-1,6,2
04,13,360,20,89,24,-1,8,0
04,13,70,70,172,28,0,0,-2
04,13,50,60,181,44,0,0,-3
04,13,350,50,75,48,0,8,9
04,13,40,80,108,-11,0,0,8
04,13,320,20,130,50,0,0,5
04,13,240,30,170,70,0,0,9
04,13,30,50,104,29,0,8,5
04,13,310,20,148,37,0,0,6
04,13,270,50,160,46,0,6,-6
04,13,300,30,156,82,0,8,2
04,13,50,30,156,66,0,8,5
04,13,60,40,209,99,0,0,4
04,13,70,60,230,120,0,0,9
04,13,60,50,251,127,0,0,4
04,13,100,40,268,65,0,0,1
04,13,70,30,263,54,0,0,1
04,13,340,40,167,72,0,7,-1
04,13,330,20,129,8,0,7,4
04,13,230,40,164,37,0,3,8
04,13,10,40,130,16,0,0,4
04,13,40,30,138,22,0,0,7
04,13,990,10,211,70,0,0,5
04,13,240,50,238,87,0,2,1
04,13,180,20,234,89,0,7,0
04,13,80,20,271,90,0,2,-13
04,13,70,60,257,88,0,0,2
04,13,90,40,258,59,0,0,5
04,13,50,30,265,74,0,0,3
04,13,50,60,222,111,0,0,7
04,13,70,60,203,8,0,0,8
04,13,210,100,120,54,0,8,-9
04,13,270,40,95,49,0,8,0
04,13,340,50,83,41,0,8,8
04,13,210,40,94,51,0,8,10
04,13,290,30,76,69,7,8,-2
04,13,330,20,68,-34,0,2,0
04,13,990,10,76,-11,0,6,-6
04,13,990,10,79,-10,0,4,16
04,13,40,50,98,10,0,4,0
04,13,10,30,102,-11,0,6,9
04,13,310,30,117,-11,0,7,8
04,13,250,50,104,45,0,8,11
04,13,240,30,117,62,2,4,-1
04,13,60,20,71,53,2,8,5
04,13,20,20,83,25,0,6,-35
04,13,50,20,84,-12,0,2,1
04,13,80,60,102,-19,0,1,5
04,13,90,60,111,24,0,8,19
04,13,90,40,106,62,0,8,-6
04,13,80,60,162,86,0,6,6
04,13,40,70,164,83,0,2,3
04,13,80,60,146,70,0,8,-3
04,13,200,20,182,61,0,1,6
04,13,220,50,170,44,0,1,-3
04,13,240,50,142,61,0,7,2
04,13,200,20,189,69,0,0,-1
04,13,150,50,214,50,0,0,8
04,13,210,30,101,93,7,8,1
04,13,180,80,149,56,0,2,-10
04,13,210,90,132,57,0,8,-1
04,13,40,90,149,21,0,0,2
04,13,60,60,173,79,0,0,6
04,13,990,10,210,101,0,0,2
04,13,250,30,149,92,0,2,0
04,13,120,20,141,73,0,1,-2
04,13,80,40,191,73,0,7,3
04,13,250,20,115,99,1,8,2
04,13,210,80,121,65,-1,8,-4
04,13,200,50,173,118,0,8,-2
04,13,180,30,230,86,0,8,10
04,13,250,20,196,89,0,8,10
04,13,990,10,176,121,0,6,1
04,13,220,30,150,106,0,7,15
04,13,60,40,194,131,0,0,5
04,13,70,50,225,114,0,4,-15
04,13,230,50,163,100,0,7,-3
04,13,300,30,102,99,28,8,-3
04,13,30,50,136,71,0,5,-5
04,13,40,20,158,72,0,8,5
04,13,350,50,182,100,0,3,-2
04,13,340,40,188,71,0,0,3
04,13,320,30,144,48,0,5,6
04,13,70,30,120,43,0,2,16
04,13,90,70,173,42,0,0,2
04,13,190,60,152,94,-1,8,10
04,13,230,40,182,98,0,7,-9
04,13,220,100,147,52,0,1,-2
04,13,240,30,93,63,-1,8,11
04,13,10,30,161,80,0,2,3
04,13,990,10,171,69,0,0,4
04,13,270,60,76,9,0,4,-6
04,13,170,80,111,9,0,6,0
04,13,200,80,108,71,9,8,-1
04,13,260,40,77,56,10,8,8
04,13,230,70,103,26,0,6,-2
04,13,160,30,166,22,0,0,7
04,13,990,10,161,71,-1,8,11
04,13,350,40,87,83,6,8,5
04,13,990,10,137,60,0,8,1
04,13,350,40,103,40,0,6,9
04,13,50,60,78,25,0,8,-1
04,13,40,60,133,56,0,6,-3
04,13,40,80,156,55,0,0,-1
04,13,40,50,137,62,0,4,-8
04,13,50,50,146,57,0,0,4
04,13,30,40,93,22,0,8,4
04,13,50,30,141,23,0,0,5
04,13,100,20,185,7,0,0,5
04,13,270,20,75,44,0,8,16
04,13,300,60,129,55,0,6,3
04,13,990,10,90,-11,0,8,8
04,13,60,20,101,1,0,0,9
04,13,50,40,144,-12,0,0,10
04,13,40,40,186,30,0,0,9
04,13,240,30,234,50,0,6,2
04,13,290,40,160,78,0,8,13
04,13,340,20,168,85,0,8,8
04,13,140,40,213,69,0,0,9
04,13,220,60,249,98,0,0,-1
04,13,240,80,159,68,0,6,1
04,13,250,40,159,116,0,8,6
04,13,160,60,229,93,0,2,4
04,13,270,10,116,102,4,8,5
04,13,240,50,139,56,0,5,-13
04,13,230,90,134,53,0,8,4
04,13,230,60,198,112,0,0,5
04,13,280,50,196,52,0,0,2
04,13,280,20,165,81,0,6,10
04,13,70,30,147,37,0,0,12
04,13,40,50,187,61,0,0,2
04,13,250,40,221,86,0,0,5
04,13,280,30,91,54,4,3,19
04,13,320,40,120,-15,0,8,-1
04,13,340,20,120,16,0,8,-2
04,13,60,50,149,10,0,1,1
04,13,300,20,144,7,0,8,9
04,13,70,40,160,0,0,7,1
04,13,80,60,190,34,0,0,6
04,13,170,30,227,46,0,0,5
04,13,140,20,227,39,0,0,0
04,13,240,30,233,69,0,8,13
04,13,180,80,184,82,1,8,-8
04,13,60,60,246,82,0,6,-18
04,13,60,40,236,86,0,0,2
04,13,50,40,224,46,0,0,3
04,13,50,60,209,71,0,4,2
04,13,340,30,98,88,1,8,4
04,13,60,30,162,96,0,4,-7
04,13,80,50,215,95,0,2,-3
04,13,50,70,203,90,0,1,7
04,13,300,30,94,-15,0,4,7
04,13,110,20,117,34,0,8,5
04,13,990,10,153,44,0,1,4
04,13,310,10,86,65,0,8,3
04,13,60,50,72,33,0,8,0
04,13,340,30,101,2,0,0,10
04,13,10,50,65,12,0,8,2
04,13,230,30,78,-7,0,7,12
04,13,220,70,101,84,2,8,-1
04,13,200,60,115,85,-1,8,-3
04,13,280,20,109,37,0,6,-6
04,13,270,30,109,46,-1,7,-12
04,13,990,10,105,49,0,8,7
04,13,70,30,85,45,1,8,9
04,13,10,70,73,20,0,8,4
04,13,340,60,87,6,0,1,5
04,13,210,90,114,-14,0,8,-9
04,13,200,90,109,40,1,5,18
04,13,190,60,114,30,0,8,11
04,13,220,70,125,34,0,8,13
04,13,210,50,76,46,3,8,15
04,13,240,40,110,39,-1,7,-11
04,13,190,60,112,34,0,8,6
04,13,260,30,92,63,2,8,10
04,13,180,80,119,54,-1,8,-14
04,13,200,110,144,64,0,8,-11
04,13,230,50,149,63,0,8,-1
04,13,60,30,202,141,0,7,-3
04,13,220,90,179,86,-1,8,10
04,13,40,40,204,87,0,8,-3
04,13,70,60,58,-58,0,0,11
04,13,50,80,69,-61,0,0,0
04,13,70,70,45,-39,0,7,-3
04,13,70,60,59,-25,0,2,3
04,13,40,60,26,-15,0,8,7
04,13,20,40,36,4,0,8,9
04,13,140,20,92,-56,0,0,5
04,13,90,60,91,-35,0,8,-5
04,13,130,40,77,54,7,8,-3
04,13,240,50,84,63,-1,8,1
04,13,230,120,132,63,0,7,-6
04,13,210,110,121,72,1,8,15
04,13,230,80,145,26,0,2,-3
04,13,170,50,212,90,0,5,10
04,13,200,20,146,109,1,8,13
04,13,230,70,182,33,0,8,4
04,13,210,60,215,93,0,6,8
04,13,240,100,158,27,0,0,1
04,13,230,50,112,28,0,8,1
04,13,40,60,111,4,0,0,5
04,13,140,10,119,23,0,8,5
04,13,240,40,143,-18,0,0,5
04,13,230,70,129,88,0,8,1
04,13,230,50,204,91,0,0,11
04,13,250,40,238,100,0,0,2
04,13,340,50,112,104,3,8,-23
04,13,360,60,92,-4,0,7,-1
04,13,310,20,109,-13,0,8,0
04,13,250,60,130,41,0,8,-2
04,13,20,50,140,13,0,8,5
04,13,220,30,196,71,0,0,4
04,13,200,40,201,75,0,3,9
04,13,230,60,190,80,-1,7,0
04,13,300,10,154,105,0,8,0
04,13,210,40,144,87,0,3,6
04,13,210,70,173,102,-1,8,2
04,13,180,50,216,110,0,2,0
04,13,270,60,110,18,-1,7,0
04,13,270,50,129,31,0,6,8
04,13,230,20,170,82,0,5,-6
04,13,20,40,140,60,0,8,3
04,13,290,20,151,36,0,1,-8
04,13,270,40,126,45,0,8,7
04,13,320,70,129,18,0,6,-11
04,13,340,40,91,13,0,8,6
04,13,80,40,140,10,0,0,0
04,13,240,50,171,17,0,0,4
04,13,340,50,117,-1,0,5,6
04,13,50,60,146,45,0,0,9
04,13,110,60,202,75,0,5,-6
04,13,90,70,165,83,0,8,-12
04,13,200,20,168,73,0,7,5
04,13,250,20,190,77,0,0,7
04,13,60,20,205,93,0,2,-1
04,13,100,60,222,113,0,7,9
04,13,230,30,167,75,0,8,2
04,13,170,30,169,49,0,8,-3
04,13,300,10,163,77,0,8,-6
04,13,280,20,143,99,0,8,6
04,13,300,20,160,109,0,8,11
04,13,280,70,83,-10,-1,8,3
04,13,310,80,78,-6,0,4,5
04,13,210,30,94,-19,0,8,-1
04,13,10,70,69,1,0,7,5
04,13,50,40,90,-25,0,8,2
04,13,360,10,81,31,0,8,13
04,13,280,30,121,13,0,7,-2
04,13,80,40,93,60,0,7,9
04,13,200,30,179,24,0,1,4
04,13,220,10,214,15,0,1,4
04,13,240,60,125,70,0,8,6
04,13,240,60,144,-19,0,2,8
04,13,300,20,122,8,0,2,2
04,13,250,60,208,82,0,0,3
04,13,270,40,230,69,0,0,5
04,13,40,40,170,83,0,0,7
04,13,10,70,127,34,0,1,-3
04,13,60,60,130,-9,0,1,4
04,13,50,40,144,16,0,0,1
04,13,50,50,188,27,0,0,-1
04,13,330,20,191,33,0,0,7
04,13,360,30,143,47,0,1,6
04,13,330,20,151,49,0,0,6
04,13,240,60,205,65,0,0,8
04,13,240,40,142,108,2,8,-7
04,13,310,20,134,113,15,8,13
04,13,30,60,101,28,0,8,5
04,13,290,60,110,16,-1,3,5
04,13,220,50,136,25,0,7,-1
04,13,200,40,100,70,2,8,-15
04,13,110,60,115,26,0,4,-4
04,13,80,30,132,66,0,8,2
04,13,220,40,178,107,0,8,18
04,13,210,70,157,66,0,4,-3
04,13,250,40,123,83,-1,8,-13
04,13,230,90,128,41,0,7,3
04,13,240,70,97,15,-1,6,14
04,13,150,20,104,38,0,7,-4
04,13,160,20,146,10,0,6,0
04,13,50,50,141,76,0,0,15
04,13,160,60,200,40,0,3,-12
04,13,300,30,174,37,0,5,-8
04,13,50,10,121,72,0,8,0
04,13,180,20,153,27,0,5,14
04,13,230,90,138,54,0,4,9
04,13,230,50,103,65,-1,8,6
04,13,340,50,67,13,5,8,21
04,13,260,40,122,8,0,2,-7
04,13,300,30,135,34,0,8,-5
04,13,60,50,132,23,0,0,5
04,13,60,50,186,26,0,6,-4
04,13,30,50,145,50,0,8,-5
04,13,340,50,78,8,0,8,-5
04,13,230,30,50,23,8,7,3
04,13,210,70,55,37,2,8,-1
04,13,280,60,22,9,13,8,14
04,13,250,50,67,39,-1,7,1
04,13,210,50,110,17,0,8,-29
04,13,300,20,79,50,-1,8,-3
04,13,90,20,89,51,-1,8,1
04,13,250,40,136,96,0,8,-12
04,13,260,30,155,56,0,6,-5
04,13,50,20,119,87,0,4,9
04,13,10,20,146,58,0,8,4
04,13,280,10,114,78,0,6,15
04,13,320,20,94,43,0,8,-2
04,13,300,30,131,65,0,8,1
04,13,320,30,141,62,0,0,9
04,13,290,20,208,54,0,0,8
04,13,330,30,126,61,0,7,5
04,13,250,40,140,56,0,4,-11
04,13,250,60,132,61,0,8,6
04,13,260,50,116,29,0,5,5
04,13,270,30,114,33,0,8,-4
04,13,280,40,103,55,-1,8,6
04,13,270,60,108,21,0,8,-5
04,13,330,50,105,30,0,3,-10
04,13,340,60,84,-5,0,7,16
04,13,60,40,77,-37,0,7,-10
04,13,990,10,101,-35,0,8,8
04,13,230,50,142,71,0,8,-6
04,13,320,50,105,10,0,7,-5
04,13,320,40,99,-5,0,8,0
04,13,270,50,144,21,0,8,-5
04,13,320,50,92,8,-1,3,-37
04,13,330,30,93,-29,0,6,13
04,13,250,30,101,7,-1,7,-36
04,13,240,40,108,29,-1,6,-11
04,13,90,20,113,23,0,8,8
04,13,110,80,193,11,0,8,-2
04,13,280,50,75,37,0,8,-11
04,13,180,60,137,31,-1,8,-12
04,13,200,70,132,82,-1,8,18
04,13,210,80,133,86,-1,8,-6
04,13,310,60,80,22,0,8,-2
04,13,110,60,161,-9,0,5,9
04,13,170,50,217,66,0,8,4
04,13,100,20,226,59,0,4,6
04,13,40,40,158,100,0,8,8
04,13,60,40,179,90,0,8,-1
04,13,990,10,114,91,-1,8,5
04,13,60,40,158,113,0,8,9
04,13,240,30,143,91,0,8,2
04,13,290,30,173,92,0,7,9
04,13,220,40,171,96,0,8,3
04,13,260,30,172,81,0,8,0
04,13,210,40,201,85,0,2,6
04,13,70,30,239,82,0,0,3
04,13,100,50,277,103,0,2,-2
04,13,230,40,267,124,0,8,0
04,13,50,30,227,111,0,0,2
04,13,200,30,248,150,0,8,11
04,13,260,50,174,77,0,5,3
04,13,240,60,143,78,0,8,5
04,13,260,50,151,65,0,4,-9
04,13,290,30,106,52,5,8,30
04,13,180,40,175,38,0,4,6
04,13,240,50,159,56,0,8,0
04,13,30,60,169,122,0,2,10
04,13,210,120,103,49,-1,8,8
04,13,70,50,148,45,0,0,6
04,13,190,60,124,85,-1,8,20
04,13,180,40,92,19,0,8,-1
04,13,60,20,89,29,0,8,1
04,13,60,50,108,51,0,8,2
04,13,70,20,149,55,0,8,1
04,13,70,60,186,68,0,0,6
04,13,230,30,135,98,0,7,-7
04,13,40,40,141,84,0,8,3
04,13,50,70,126,16,0,6,1
04,13,40,60,108,-8,0,2,4
04,13,40,60,66,-29,0,8,-4
04,13,70,30,55,-13,-1,8,-31
04,13,70,50,96,-8,0,4,8
04,13,80,70,152,58,0,0,7
04,13,190,70,189,68,0,8,-6
04,13,180,20,146,92,0,8,3
04,13,80,70,207,42,0,0,3
04,13,80,60,230,45,0,0,4
04,13,110,40,241,34,0,0,-4
04,13,80,40,230,13,0,0,4
04,13,80,70,244,32,0,8,-5
04,13,80,80,195,62,0,8,5
04,13,210,80,239,74,0,7,-13
04,13,210,80,174,65,0,8,-16
04,13,230,50,159,59,0,7,5
04,13,230,60,117,57,1,2,-1
04,13,210,40,104,53,0,3,13
04,13,360,40,158,40,0,8,3
04,13,20,30,151,60,0,1,10
04,13,330,20,93,-37,0,0,4
04,13,280,40,88,-7,0,8,5
04,13,270,60,96,-5,0,8,6
04,13,170,30,137,11,0,1,6
04,13,150,50,201,-6,0,0,2
04,13,200,60,219,36,0,0,4
04,13,50,40,190,100,0,0,5
04,13,230,30,237,40,0,0,-6
04,13,10,40,211,80,0,0,-2
04,13,60,60,200,76,0,0,4
04,13,10,20,214,68,0,8,8
04,13,230,30,226,76,0,1,4
04,13,20,70,100,-5,0,2,4
04,13,360,40,86,-7,0,8,10
04,13,70,30,163,4,0,3,8
04,13,200,30,224,33,0,6,12
04,13,30,50,196,74,0,0,12
04,13,70,20,155,106,-1,8,4
04,13,60,30,125,99,0,8,19
04,13,70,90,192,-21,0,0,4
04,13,60,80,206,-18,0,0,5
04,13,60,80,217,16,0,0,12
04,13,70,30,232,46,0,0,-8
04,13,290,40,195,67,0,6,-1
04,13,350,40,132,36,0,0,9
04,13,60,20,171,32,0,0,9
04,13,260,40,209,62,0,3,6
04,13,210,40,146,136,19,8,-9
04,13,260,40,148,75,0,8,17
04,13,210,50,144,52,0,8,-40
04,13,240,72,152,67,0,4,8
04,13,220,77,127,72,0,6,12
04,13,270,51,125,21,0,6,-7
04,13,180,123,125,6,0,7,-6
04,13,210,82,91,33,-1,8,14
04,13,220,72,129,19,0,6,7
04,13,250,77,119,51,2,5,3
04,13,270,67,121,48,0,7,5
04,13,280,41,155,30,0,2,-5
04,13,160,51,177,28,0,3,5
04,13,180,67,215,54,0,5,2
04,13,120,46,214,36,0,2,7
04,13,30,51,206,54,0,1,8
04,13,30,62,188,66,0,0,12
04,13,50,36,200,45,0,1,-1
04,13,340,93,84,16,0,7,-5
04,13,360,67,85,23,0,3,6
04,13,290,62,50,24,1,7,7
04,13,50,72,75,-31,0,6,-1
04,13,30,41,80,-51,0,4,-6
04,13,270,51,74,-40,0,6,1
04,13,300,93,85,14,1,6,-13
04,13,320,77,83,12,-1,7,-17
04,13,140,36,120,-2,0,5,3
04,13,110,62,137,-15,0,3,-4
04,13,60,67,140,-1,0,2,7
04,13,40,31,138,1,0,4,-3
04,13,340,36,108,-9,0,5,10
04,13,310,46,124,-5,0,5,1
04,13,70,77,82,53,9,8,3
04,13,250,41,99,5,0,7,10
04,13,190,51,84,38,0,6,6
04,13,360,41,80,31,0,5,1
04,13,340,41,82,-8,0,6,6
04,13,300,62,87,-11,0,7,-6
04,13,260,51,96,2,0,7,7
04,13,170,62,129,22,0,7,1
04,13,70,51,148,20,0,7,6
04,13,60,41,145,18,0,0,7
04,13,70,46,154,32,0,6,-1
04,13,90,15,166,30,0,7,13
04,13,250,46,117,72,0,8,11
04,13,270,98,69,30,3,7,29
04,13,210,77,114,22,0,7,11
04,13,310,82,75,53,1,8,-12
04,13,360,77,67,-24,0,6,3
04,13,250,51,69,46,-1,8,-3
04,13,270,62,136,98,0,8,6
04,13,300,82,110,10,0,1,3
04,13,90,21,117,8,0,6,-2
04,13,190,46,146,1,0,7,15
04,13,290,62,137,26,0,7,0
04,13,250,46,128,81,0,7,-19
04,13,230,82,151,74,0,7,0
04,13,220,41,141,74,0,6,8
04,13,200,72,140,126,8,7,-3
04,13,240,77,139,45,0,3,-2
04,13,190,31,105,79,3,8,2
04,13,330,36,83,61,13,7,32
04,13,220,51,125,35,0,7,0
04,13,200,36,113,100,3,8,-5
04,13,260,36,93,12,0,5,11
04,13,0,0,119,-3,0,2,1
04,13,290,67,60,42,-1,8,0
04,13,170,113,79,60,7,8,-2
04,13,260,72,100,56,1,7,13
04,13,300,41,81,54,0,8,1
04,13,50,31,104,30,0,7,5
04,13,120,67,126,19,0,8,7
04,13,990,15,121,26,0,2,10
04,13,160,26,126,85,0,8,-2
04,13,20,36,118,63,0,7,10
04,13,340,21,120,50,0,8,5
04,13,330,21,131,69,1,7,-2
04,13,10,10,129,84,0,5,4
04,13,230,31,142,56,0,2,10
04,13,240,26,111,105,2,8,-4
04,13,240,77,121,112,2,8,0
04,13,280,51,132,104,-1,7,1
04,13,190,57,210,93,0,2,13
04,13,250,46,198,102,0,6,-10
04,13,220,36,182,122,0,7,7
04,13,160,67,180,96,0,6,3
04,13,170,41,206,92,0,6,11
04,13,210,21,187,92,0,7,0
04,13,230,41,201,78,0,4,1
04,13,60,87,236,92,0,2,4
04,13,60,123,267,32,0,3,0
04,13,70,62,262,46,0,0,5
04,13,120,62,266,66,0,2,6
04,13,250,93,114,53,0,7,-7
04,13,280,67,75,7,1,6,-8
04,13,240,51,80,25,-1,5,7
04,13,260,57,118,54,0,5,-45
04,13,210,62,64,36,-1,7,-7
04,13,300,57,99,23,0,5,-20
04,13,170,46,99,25,0,8,2
04,13,230,41,76,61,3,7,8
04,13,250,10,21,15,19,8,4
04,13,100,21,80,-5,0,6,18
04,13,20,87,128,52,0,3,10
04,13,20,72,116,57,0,6,-6
04,13,340,87,112,51,0,6,2
04,13,320,51,78,12,-1,5,-4
04,13,140,41,78,37,0,8,1
04,13,40,82,144,23,0,3,-2
04,13,10,98,75,39,0,7,10
04,13,20,41,101,4,0,4,-4
04,13,300,21,79,9,0,7,7
04,13,180,10,130,42,0,7,5
04,13,260,41,132,51,-1,7,-1
04,13,180,46,181,53,0,5,-3
04,13,190,82,217,64,0,7,-8
04,13,190,31,188,93,0,7,-25
04,13,290,62,131,78,0,5,6
04,13,220,36,132,119,-1,8,10
04,13,220,26,147,139,-1,8,9
04,13,260,41,174,125,0,5,3
04,13,250,36,214,109,0,4,7
04,13,320,46,200,130,0,5,-6
04,13,280,62,134,116,0,8,2
04,13,250,77,169,103,0,0,6
04,13,260,62,108,73,0,8,4
04,13,340,51,122,56,0,4,3
04,13,220,31,136,50,0,7,17
04,13,240,31,111,102,-1,8,13
04,13,300,87,124,98,0,8,4
04,13,330,82,81,-4,0,4,8
04,13,300,51,85,10,0,7,4
04,13,280,36,99,87,-1,8,4
04,13,250,31,140,90,0,2,11
04,13,10,77,123,55,0,2,13
04,13,20,57,117,60,0,7,1
04,13,30,46,110,69,0,8,3
04,13,300,57,101,72,0,7,-3
04,13,320,41,74,50,3,7,9
04,13,260,51,84,72,1,8,-10
04,13,280,57,79,65,8,8,8
04,13,350,57,72,23,-1,7,-11
04,13,300,26,67,30,3,6,3
04,13,50,51,113,21,0,8,8
04,13,210,36,141,99,0,8,-7
04,13,30,57,160,53,0,7,0
04,13,60,36,209,141,0,6,18
04,13,60,62,211,117,0,1,3
04,13,20,62,193,108,0,5,6
04,13,350,41,92,72,0,8,7
04,13,20,31,99,25,0,6,7
04,13,990,10,155,78,0,7,1
04,13,310,21,106,95,0,8,8
04,13,40,41,59,-48,0,2,3
04,13,40,31,53,-28,-1,5,3
04,13,60,72,66,-39,0,2,7
04,13,60,82,98,-61,0,7,13
04,13,70,67,110,15,0,6,13
04,13,210,31,126,35,0,4,9
04,13,290,46,110,49,0,8,-9
04,13,280,26,98,38,0,8,5
04,13,240,21,124,65,0,8,5
04,13,990,15,155,60,0,7,0
04,13,20,26,95,84,0,8,0
04,13,80,67,70,-78,0,6,8
04,13,40,57,96,-6,0,4,10
04,13,100,21,126,-13,0,2,3
04,13,200,26,164,-12,0,3,2
04,13,140,41,185,-3,0,5,4
04,13,200,31,200,-12,0,7,-5
04,13,230,57,165,49,0,7,7
04,13,240,36,197,71,0,6,5
04,13,160,51,252,69,0,7,-5
04,13,200,77,235,-1,0,2,2
04,13,160,67,234,62,0,7,13
04,13,210,62,174,91,-1,7,8
04,13,360,10,146,67,-1,7,-24
04,13,300,57,148,61,0,6,10
04,13,250,36,171,85,0,3,-1
04,13,990,10,199,79,0,3,-4
04,13,360,41,150,52,0,7,-3
04,13,340,31,111,8,0,7,12
04,13,230,31,136,6,0,7,5
04,13,280,40,168,9,0,0,-1
04,13,350,20,141,57,0,7,0
04,13,300,90,109,59,0,7,-8
04,13,310,90,61,2,-1,7,26
04,13,270,60,94,93,11,8,4
04,13,20,50,99,-12,0,3,-1
04,13,250,30,98,-53,0,4,4
04,13,90,40,133,-48,0,4,11
04,13,270,20,173,-9,0,8,6
04,13,240,20,163,56,0,8,6
04,13,350,100,94,-2,-1,7,-9
04,13,320,70,103,3,0,6,-8
04,13,330,20,118,12,0,7,-7
04,13,300,80,118,94,-1,7,-16
04,13,350,50,93,0,0,6,5
04,13,330,30,72,38,-1,8,4
04,13,60,50,123,-2,0,1,4
04,13,320,20,81,56,-1,8,4
04,13,360,60,75,-20,0,6,-5
04,13,50,70,76,-54,0,5,15
04,13,260,30,109,-36,0,3,-2
04,13,330,40,94,-19,0,7,1
04,13,200,30,116,-22,0,3,8
04,13,260,70,158,19,0,7,0
04,13,100,10,152,62,0,8,3
04,13,150,30,128,89,-1,8,-3
04,13,290,50,146,104,0,7,11
04,13,230,50,141,123,-1,8,7
04,13,280,90,98,97,7,8,1
04,13,320,40,158,101,0,5,2
04,13,0,0,125,112,-1,8,3
04,13,240,20,137,99,0,7,8
04,13,210,80,131,71,0,7,-10
04,13,200,100,120,75,-1,7,5
04,13,200,70,118,69,0,7,3
04,13,190,60,127,65,-1,7,7
04,13,60,40,104,60,0,8,-4
04,13,340,20,96,72,2,6,-8
04,13,150,40,125,64,0,7,0
04,13,130,20,105,65,0,8,-1
04,13,260,40,105,49,0,6,-20
04,13,290,90,65,17,-1,6,22
04,13,270,70,51,32,3,8,12
04,13,220,70,57,12,-1,7,23
04,13,160,60,85,73,1,8,5
04,13,270,30,90,33,2,7,-6
04,13,90,40,114,43,0,7,-5
04,13,160,30,123,27,0,6,1
04,13,220,30,120,40,0,6,0
04,13,200,30,114,103,3,7,-14
04,13,990,10,143,59,0,7,5
04,13,100,30,212,94,0,7,2
04,13,260,40,210,124,0,7,1
04,13,260,40,139,103,0,7,5
04,13,200,60,139,131,1,8,4
04,13,250,20,132,74,0,8,4
04,13,40,30,135,75,-1,8,-19
04,13,150,20,138,61,-1,7,3
04,13,50,40,169,85,0,5,-5
04,13,350,20,136,105,0,8,4
04,13,130,80,189,44,0,1,6
04,13,130,40,207,71,0,0,4
04,13,180,40,125,115,9,8,0
04,13,290,40,139,88,0,6,3
04,13,220,30,136,129,3,8,5
04,13,250,60,142,104,-1,8,-13
04,13,300,80,108,68,-1,7,3
04,13,330,40,101,55,0,7,1
04,13,230,30,137,104,0,7,5
04,13,230,40,130,97,0,8,-1
04,13,270,60,111,41,0,5,-7
04,13,250,50,105,48,-1,7,8
04,13,270,80,88,-1,0,5,10
04,13,110,40,71,1,0,7,-10
04,13,160,20,79,8,5,7,0
04,13,200,30,82,13,-1,7,3
04,13,100,40,109,29,-1,4,-45
04,13,290,40,96,12,0,7,-2
04,13,110,20,95,25,0,7,-6
04,13,160,90,126,25,0,8,6
04,13,210,60,161,69,0,5,12
04,13,210,60,142,107,6,7,-42
04,13,150,40,162,59,0,7,-5
04,13,170,70,112,91,-1,8,11
04,13,130,40,161,61,0,6,1
04,13,100,60,213,106,0,6,-4
04,13,40,80,162,93,0,6,11
04,13,60,60,193,83,0,1,-2
04,13,40,40,160,60,0,6,13
04,13,20,40,183,35,0,0,4
04,13,230,30,84,28,-1,8,19
04,13,170,30,144,58,0,7,2
04,13,170,70,171,59,0,7,-21
04,13,230,50,155,65,0,4,3
04,13,20,80,72,-12,0,7,4
04,13,70,60,103,-2,0,1,3
04,13,350,20,124,18,0,1,-1
04,13,270,10,132,3,0,7,-2
04,13,80,80,151,27,0,6,-1
04,13,20,70,113,-20,0,1,-4
04,13,220,50,123,2,0,7,-1
04,13,190,90,76,13,-1,8,-20
04,13,220,70,79,27,0,7,5
04,13,270,40,103,46,0,6,8
04,13,170,100,128,42,0,5,10
04,13,170,30,118,9,0,3,18
04,13,200,70,144,47,0,6,-18
04,13,190,60,146,58,0,6,-5
04,13,220,40,164,85,0,6,-5
04,13,200,50,160,94,0,8,17
04,13,220,60,169,63,0,7,5
04,13,210,50,173,132,-1,7,-1
04,13,330,30,124,101,0,8,-4
04,13,250,20,155,57,0,7,0
04,13,160,60,208,90,0,6,-7
04,13,210,40,211,115,0,7,-8
04,13,30,40,185,121,0,7,-2
04,13,320,50,220,146,0,2,2
04,13,250,30,121,101,0,8,1
04,13,40,30,158,122,0,6,-3
04,13,220,30,162,103,0,7,4
04,13,160,70,223,58,0,2,3
04,13,240,50,148,52,0,3,1
04,13,230,60,112,66,0,7,-5
04,13,210,70,106,16,0,8,-1
04,13,230,50,127,85,-1,7,-4
04,13,220,70,129,31,0,7,-21
04,13,310,70,85,48,0,7,5
04,13,170,50,97,79,-1,8,1
04,13,260,40,121,78,0,5,-8
04,13,20,70,109,62,0,7,7
04,13,300,50,76,35,-1,7,1
04,13,350,60,60,-15,0,6,30
04,13,230,30,55,-57,0,8,-4
04,13,320,70,94,68,9,7,1
04,13,330,50,63,51,33,8,25
04,13,280,60,77,10,0,7,12
04,13,320,70,63,-10,-1,4,26
04,13,270,70,57,37,2,5,11
04,13,20,20,96,23,0,7,-29
04,13,30,50,94,18,0,3,12
04,13,200,10,109,-16,0,7,3
04,13,990,10,128,-2,0,7,2
04,13,160,90,143,19,-1,8,-16
04,13,230,60,155,70,0,4,-7
04,13,270,60,128,61,0,6,17
04,13,200,40,125,85,0,8,-4
04,13,260,70,131,66,0,7,11
04,13,200,50,156,64,0,3,2
04,13,20,30,149,105,0,7,13
04,13,170,30,169,69,0,,4
04,13,160,50,211,29,0,6,4
04,13,120,70,195,48,0,2,6
04,13,70,60,182,49,0,5,6
04,13,70,70,152,-18,0,0,2
04,13,80,100,103,-46,0,,3
04,13,60,50,123,-26,0,,9
04,13,80,60,135,-24,0,0,2
04,13,350,50,113,35,0,7,1
04,13,50,90,118,-6,0,5,0
04,13,70,50,127,13,0,4,-8
04,13,10,80,127,35,0,6,11
04,13,350,60,92,20,0,,2
04,13,300,70,107,38,0,,-12
04,13,300,50,75,47,0,8,0
04,13,330,40,99,71,-1,8,1
04,13,320,30,113,52,0,7,1
04,13,230,20,100,87,4,7,13
04,13,10,50,114,64,1,,-9
04,13,360,30,128,52,0,,3
04,13,50,20,172,47,0,,3
04,13,250,40,198,35,0,3,5
04,13,290,60,185,92,0,7,-2
04,13,280,30,213,130,0,5,-2
04,13,250,50,143,105,0,7,7
04,13,210,50,91,74,6,8,7
04,13,260,80,118,23,0,,-26
04,13,220,70,118,89,2,,18
04,13,250,90,134,40,0,3,-1
04,13,200,80,128,70,0,,-2
04,13,230,70,136,27,0,3,-5
04,13,330,100,93,32,2,4,-8
04,13,350,80,77,7,0,8,-5
04,13,230,40,87,43,0,8,7
04,13,330,70,117,53,0,7,-11
04,13,30,50,89,-18,0,5,5
04,13,50,60,63,-111,0,0,4
04,13,20,60,70,-85,0,1,-9
04,13,60,50,63,-76,0,6,-5
04,13,30,40,48,-32,0,8,4
04,13,230,40,94,-1,0,1,0
04,13,110,20,144,-17,0,0,7
04,13,130,50,177,24,0,2,8
04,13,110,70,212,27,0,0,6
04,13,130,50,241,28,0,0,3
04,13,100,60,244,35,0,0,1
04,13,70,60,223,9,0,2,1
04,13,80,80,182,15,0,1,-1
04,13,70,80,88,30,0,8,2
04,13,120,40,168,37,0,6,-1
04,13,160,40,228,63,0,0,6
04,13,20,40,170,37,0,3,-5
04,13,20,40,171,44,0,2,7
04,13,100,30,224,55,0,2,-3
04,13,200,50,219,95,-1,7,-21
04,13,990,10,143,132,26,8,-24
04,13,240,70,124,98,3,7,6
04,13,190,90,220,117,0,3,12
04,13,250,50,170,82,0,5,13
04,13,280,60,140,117,-1,8,-13
04,13,150,60,207,62,0,5,-10
04,13,150,50,168,63,0,7,-14
04,13,200,80,105,90,2,8,17
04,13,270,60,123,49,0,7,4
04,13,260,80,105,39,0,3,-4
04,13,300,70,88,36,0,8,-9
04,13,320,70,70,47,3,7,16
04,13,20,70,62,34,9,7,14
04,13,360,40,84,27,0,8,-1
04,13,20,50,75,64,0,8,5
04,13,40,40,84,25,0,8,1
04,13,30,40,120,37,0,1,10
04,13,30,40,120,67,0,8,0
04,13,90,20,138,51,0,6,15
04,13,180,60,175,29,0,3,7
04,13,140,30,204,51,0,5,-9
04,13,250,50,195,67,0,7,4
04,13,170,100,115,64,-1,8,-5
04,13,210,50,95,27,0,8,14
04,13,180,40,144,46,0,7,7
04,13,170,70,173,114,0,1,3
04,13,300,30,178,114,0,6,8
04,13,360,50,163,17,0,2,2
04,13,310,20,133,59,-1,8,6
04,13,60,50,183,46,0,3,-3
04,13,130,40,199,50,0,0,-1
04,13,100,50,208,75,0,7,3
04,13,90,40,195,114,0,7,-26
04,13,200,60,167,88,0,7,6
04,13,40,50,223,134,0,8,6
04,13,110,40,177,67,0,1,-2
04,13,120,50,164,11,0,1,4
04,13,200,30,206,77,0,0,5
04,13,220,60,180,75,0,7,6
04,13,290,60,129,9,0,0,-2
04,13,210,80,130,45,0,8,5
04,13,260,60,87,53,2,7,-22
04,13,300,60,87,47,1,7,-1
04,13,300,70,49,9,-1,8,-8
04,13,290,60,102,58,0,8,2
04,13,330,30,162,69,0,7,3
04,13,300,30,151,50,0,8,4
04,13,200,50,119,107,7,8,-3
04,13,170,70,155,65,0,7,9
04,13,170,100,165,75,0,4,-25
04,13,350,70,80,68,4,8,3
04,13,270,40,148,117,0,8,-21
04,13,190,60,134,108,-1,8,-11
04,13,20,20,100,81,7,8,-7
04,13,40,40,89,74,1,8,23
04,13,70,50,138,14,0,0,0
04,13,80,20,160,18,0,0,0
04,13,100,40,190,19,0,0,2
04,13,60,50,190,88,0,7,-5
04,13,70,40,169,94,0,7,5
04,13,220,40,161,86,0,4,-13
04,13,270,60,138,50,1,7,10
04,13,200,50,176,80,0,8,2
04,13,260,20,162,119,0,8,-4
04,13,990,10,201,134,0,7,3
04,13,250,60,138,81,0,7,8
04,13,260,70,126,54,0,7,6
04,13,300,50,118,42,0,7,-16
04,13,360,40,71,15,-1,7,2
04,13,10,70,72,-23,0,6,6
04,13,260,60,105,-13,0,8,3
04,13,250,40,110,16,0,3,-1
04,13,270,40,68,53,9,8,3
04,13,280,50,110,-5,0,4,-15
04,13,340,50,103,11,0,6,-7
04,13,230,40,94,-20,0,8,-1
04,13,290,80,108,47,0,6,-10
04,13,260,70,132,86,0,7,-6
04,13,280,70,119,51,0,7,-4
04,13,100,50,117,85,0,8,9
04,13,280,60,138,97,0,7,4
04,13,270,40,135,41,0,7,-7
04,13,280,60,133,68,0,6,9
04,13,230,50,146,67,0,7,0
04,13,190,50,163,68,0,7,0
04,13,40,30,185,57,0,7,-2
04,13,300,30,96,54,0,8,-1
04,13,270,20,147,66,0,8,7
04,13,100,40,181,88,0,4,-1
04,13,280,60,207,109,0,0,-32
04,13,280,50,162,89,0,4,-3
04,13,330,50,163,61,0,4,-11
04,13,320,70,112,52,0,5,-6
04,13,340,70,111,21,-1,5,-46
04,13,120,20,75,42,0,8,5
04,13,90,80,176,18,0,0,-1
04,13,70,40,183,35,0,0,6
04,13,10,70,94,30,0,8,-9
04,13,50,70,115,-2,0,0,8
04,13,340,30,143,78,0,0,1
04,13,280,40,177,70,0,0,-4
04,13,20,40,111,42,0,8,21
04,13,270,30,152,59,0,2,3
04,13,290,60,159,59,0,6,-6
04,13,300,50,161,90,0,8,-8
04,13,360,30,159,75,0,8,1
04,13,70,40,205,97,0,0,2
04,13,70,50,237,106,0,2,6
04,13,80,40,261,103,0,0,4
04,13,110,30,284,43,0,0,6
04,13,20,30,274,44,0,0,0
04,13,340,50,147,32,0,7,-7
04,13,990,10,153,11,0,3,-10
04,13,250,50,171,45,0,0,-1
04,13,20,40,131,23,0,4,6
04,13,90,40,141,2,0,1,8
04,13,270,30,206,19,0,0,1
04,13,280,50,238,75,0,8,-9
04,13,990,10,232,87,0,6,-5
04,13,150,20,271,92,0,4,-2
04,13,100,40,279,92,0,2,2
04,13,100,70,270,72,0,0,0
04,13,50,40,270,78,0,0,3
04,13,70,60,229,74,0,0,2
04,13,90,90,204,-18,0,0,4
04,13,230,60,93,68,1,8,-6
04,13,310,70,102,60,0,8,-3
04,13,350,60,99,46,0,8,4
04,13,250,30,118,69,0,8,4
04,13,320,50,106,54,0,4,-1
04,13,30,20,80,-29,0,7,-8
04,13,180,50,60,4,-1,7,2
04,13,70,20,86,-39,0,5,20
04,13,60,20,108,-17,0,2,5
04,13,130,20,121,-15,0,0,3
04,13,300,40,124,0,0,7,4
04,13,240,60,128,25,0,6,-6
04,13,240,30,114,44,0,7,8
04,13,340,40,102,57,-1,8,17
04,13,350,60,100,-2,0,3,9
04,13,50,50,101,-13,0,2,4
04,13,80,40,104,-13,0,2,3
04,13,90,80,123,18,0,6,3
04,13,100,60,130,60,0,7,-5
04,13,100,50,168,81,0,2,9
04,13,70,70,175,66,0,2,3
04,13,80,60,178,77,0,1,-10
04,13,180,30,186,71,0,7,-31
04,13,220,50,165,62,0,7,-1
04,13,290,50,146,72,0,8,0
04,13,220,30,196,66,0,2,6
04,13,160,50,216,78,0,6,-2
04,13,240,30,127,66,0,8,-1
04,13,180,70,136,51,0,8,-11
04,13,180,80,133,64,0,8,-2
04,13,60,70,152,55,0,2,1
04,13,90,80,179,68,0,0,6
04,13,130,20,212,89,0,0,6
04,13,230,40,123,74,0,8,1
04,13,10,30,145,69,0,8,11
04,13,140,40,202,90,0,2,-7
04,13,270,40,124,66,0,8,-4
04,13,200,70,100,89,8,8,2
04,13,190,60,160,112,0,8,-3
04,13,180,80,241,72,0,0,-12
04,13,220,40,209,69,0,7,-9
04,13,360,20,176,121,0,7,3
04,13,340,30,187,103,0,0,0
04,13,30,50,185,66,0,3,15
04,13,90,50,239,86,0,0,7
04,13,250,30,185,93,0,7,-12
04,13,250,30,129,112,0,8,5
04,13,50,60,171,43,0,0,3
04,13,120,30,153,83,0,8,7
04,13,10,40,182,81,0,4,4
04,13,330,40,183,66,0,1,6
04,13,340,60,159,7,0,1,-3
04,13,60,30,140,50,0,1,0
04,13,130,70,179,24,0,0,4
04,13,210,90,173,61,0,7,-15
04,13,280,20,147,123,0,8,9
04,13,210,70,153,77,0,1,9
04,13,210,30,103,80,2,8,6
04,13,40,20,169,62,0,8,-7
04,13,20,30,182,54,0,0,16
04,13,250,80,87,-8,0,4,1
04,13,190,100,129,5,0,4,-8
04,13,180,70,103,80,7,5,17
04,13,280,60,89,59,5,7,-3
04,13,240,40,103,24,0,8,6
04,13,170,50,161,16,0,0,11
04,13,170,40,183,58,0,7,4
04,13,10,70,115,65,0,8,13
04,13,320,50,152,55,0,7,-2
04,13,10,50,128,45,0,5,7
04,13,40,70,101,29,0,8,-8
04,13,40,80,146,32,0,5,7
04,13,30,70,166,23,0,2,-6
04,13,60,50,137,28,0,3,20
04,13,30,70,154,2,0,0,0
04,13,30,40,121,33,0,7,-2
04,13,100,30,147,1,0,0,5
04,13,360,30,180,13,0,0,6
04,13,90,30,130,22,0,1,3
04,13,290,90,123,-35,0,0,-3
04,13,320,50,109,-12,0,7,-13
04,13,40,20,99,7,0,8,7
04,13,90,30,140,-17,0,0,8
04,13,100,30,193,-30,0,0,7
04,13,230,30,232,21,0,8,4
04,13,270,40,147,91,-1,8,9
04,13,300,40,189,53,0,4,-1
04,13,180,30,224,52,0,2,11
04,13,220,50,259,43,0,1,-7
04,13,270,50,123,86,0,6,8
04,13,240,40,160,123,0,8,1
04,13,180,80,231,109,0,2,2
04,13,250,30,142,101,0,5,7
04,13,270,50,138,52,0,3,5
04,13,240,70,125,31,0,8,-8
04,13,280,50,206,77,0,0,8
04,13,330,70,170,95,0,6,-21
04,13,300,50,169,85,0,1,4
04,13,10,30,151,46,0,0,8
04,13,50,40,187,36,0,0,11
04,13,260,50,218,93,0,0,-18
04,13,310,90,115,26,0,5,-7
04,13,300,70,129,4,0,2,-6
04,13,990,10,113,48,0,8,6
04,13,130,20,145,9,0,8,4
04,13,250,10,159,4,0,7,1
04,13,50,20,168,34,0,4,13
04,13,110,40,191,12,0,0,2
04,13,140,30,236,41,0,0,4
04,13,990,10,242,44,0,0,-2
04,13,220,40,254,45,0,3,-8
04,13,110,50,267,41,0,4,1
04,13,60,40,266,70,0,0,0
04,13,70,30,261,56,0,0,5
04,13,80,50,236,32,0,0,2
04,13,70,40,217,61,0,2,-3
04,13,360,60,151,78,0,7,-3
04,13,80,40,156,106,0,7,12
04,13,60,70,225,105,0,0,1
04,13,80,80,212,83,0,0,4
04,13,280,50,99,8,0,4,5
04,13,190,20,128,47,0,8,4
04,13,990,10,153,27,0,1,-8
04,13,60,20,106,82,-1,8,-7
04,13,70,50,89,31,0,8,4
04,13,340,30,101,-31,0,0,2
04,13,350,60,68,-20,-1,8,-1
04,13,200,40,89,2,0,8,6
04,13,230,30,100,86,6,8,4
04,13,210,30,99,67,-1,8,-2
04,13,250,40,103,49,-1,7,-22
04,13,230,30,119,43,0,4,-6
04,13,270,40,68,51,10,8,8
04,13,360,50,116,29,0,1,-2
04,13,350,70,91,7,0,8,-1
04,13,360,50,94,-19,0,4,-11
04,13,200,100,102,-25,0,7,-13
04,13,190,80,112,29,-1,8,9
04,13,190,60,110,37,0,8,16
04,13,210,60,125,60,0,4,-2
04,13,260,50,111,31,0,3,-31
04,13,210,50,108,59,-1,5,-14
04,13,180,80,119,24,0,6,8
04,13,250,20,118,55,-1,8,7
04,13,160,70,104,75,4,8,-4
04,13,210,100,147,64,-1,8,-17
04,13,220,40,142,68,0,8,2
04,13,20,60,148,122,0,8,1
04,13,990,10,178,126,-1,7,-4
04,13,130,30,216,67,0,5,8
04,13,60,70,70,-70,0,0,8
04,13,70,80,83,-96,0,0,5
04,13,70,70,57,-55,0,8,6
04,13,80,60,50,-36,0,8,2
04,13,50,60,50,-21,0,8,8
04,13,40,50,77,-38,0,6,6
04,13,20,20,91,-50,0,0,4
04,13,90,70,98,-47,0,7,2
04,13,120,30,89,59,-1,8,-9
04,13,280,60,77,47,0,8,3
04,13,230,50,107,69,0,8,14
04,13,200,90,128,71,-1,8,-13
04,13,220,50,149,35,0,6,2
04,13,160,60,205,96,0,4,7
04,13,220,30,148,115,0,8,10
04,13,240,60,169,72,0,7,-6
04,13,190,70,206,95,0,1,8
04,13,250,80,158,24,0,5,-4
04,13,300,40,109,63,-1,8,0
04,13,40,70,117,-10,0,0,2
04,13,30,20,124,1,0,7,12
04,13,240,40,141,25,0,1,7
04,13,270,40,143,85,0,7,4
04,13,240,60,206,96,0,2,2
04,13,220,50,227,112,0,1,9
04,13,360,60,73,57,13,8,-1
04,13,10,70,106,-9,0,4,6
04,13,240,30,119,5,0,2,8
04,13,240,40,93,58,2,8,18
04,13,10,60,137,22,0,5,6
04,13,290,20,199,94,0,0,2
04,13,990,10,214,80,0,5,-1
04,13,220,40,220,66,0,0,-5
04,13,300,30,146,101,0,8,-1
04,13,260,30,168,94,0,7,-5
04,13,210,60,180,118,0,8,-2
04,13,180,70,209,114,0,7,9
04,13,270,80,98,21,0,5,-7
04,13,280,60,137,48,0,4,-2
04,13,220,30,163,73,0,8,-4
04,13,10,40,147,47,0,8,-2
04,13,280,50,145,46,0,6,0
04,13,280,70,140,42,0,6,-14
04,13,300,110,127,28,0,5,-2
04,13,10,60,99,16,0,8,2
04,13,120,40,140,-3,0,0,9
04,13,230,50,171,7,0,2,7
04,13,320,60,120,10,0,6,-10
04,13,70,60,150,33,0,0,10
04,13,100,70,205,83,0,4,3
04,13,30,70,143,98,0,8,-4
04,13,210,40,173,69,0,8,5
04,13,200,20,197,80,0,6,0
04,13,20,40,194,105,0,1,7
04,13,90,70,243,118,0,2,0
04,13,180,50,177,78,0,7,10
04,13,170,30,177,48,0,7,-4
04,13,150,20,167,88,0,8,-1
04,13,250,20,138,114,-1,8,-3
04,13,300,40,157,114,0,6,-3
04,13,290,110,87,-2,0,8,4
04,13,340,80,84,-18,0,5,2
04,13,190,30,94,-11,0,8,-3
04,13,30,60,79,8,0,6,12
04,13,50,20,103,-2,0,2,7
04,13,990,10,97,49,0,8,6
04,13,270,30,129,39,0,7,-7
04,13,70,30,122,75,0,2,5
04,13,260,20,178,46,0,0,2
04,13,170,30,198,52,0,1,13
04,13,240,70,134,61,0,8,-3
04,13,230,50,146,16,0,0,4
04,13,270,30,123,16,0,4,0
04,13,270,50,206,69,0,0,6
04,13,290,70,238,75,0,0,-5
04,13,50,50,158,43,0,0,3
04,13,30,50,126,42,0,6,1
04,13,90,60,141,8,0,2,7
04,13,80,20,134,29,0,6,2
04,13,20,50,177,39,0,0,5
04,13,20,40,184,62,0,0,1
04,13,360,70,130,56,0,7,-3
04,13,10,40,134,63,0,0,2
04,13,280,50,207,52,0,3,6
04,13,270,40,123,111,14,8,20
04,13,300,40,146,105,0,7,0
04,13,30,60,125,13,0,3,2
04,13,280,70,110,-8,0,3,-8
04,13,220,70,138,19,0,8,7
04,13,250,40,129,19,0,3,8
04,13,100,30,118,12,0,5,2
04,13,150,30,129,53,0,8,0
04,13,190,50,205,66,0,2,1
04,13,220,60,151,64,0,4,2
04,13,270,40,127,68,-1,8,1
04,13,220,70,111,46,-1,8,3
04,13,260,60,82,25,3,8,1
04,13,240,20,118,45,0,8,5
04,13,170,50,142,15,0,7,9
04,13,80,50,132,57,0,7,7
04,13,110,70,197,68,0,1,-1
04,13,190,40,171,52,0,2,-4
04,13,180,30,143,71,0,7,4
04,13,170,50,163,51,0,1,-1
04,13,260,30,125,97,-1,8,2
04,13,280,70,103,35,0,6,0
04,13,310,40,100,15,0,6,4
04,13,250,60,119,7,0,7,19
04,13,320,50,124,28,0,7,11
04,13,90,40,134,22,0,0,7
04,13,60,40,176,33,0,1,6
04,13,30,40,130,45,0,8,-4
04,13,350,80,93,-16,0,6,9
04,13,330,70,61,-2,-1,7,13
04,13,210,70,71,45,-1,8,11
04,13,290,120,86,7,0,3,-21
04,13,280,90,86,31,-1,6,-7
04,13,180,20,53,32,21,7,27
04,13,220,40,87,54,2,8,15
04,13,360,40,119,28,0,7,-7
04,13,220,20,145,94,0,8,1
04,13,300,40,155,72,0,1,7
04,13,130,20,125,79,0,3,14
04,13,330,40,155,44,0,7,-3
04,13,290,70,132,48,0,7,-13
04,13,330,40,105,30,0,8,4
04,13,290,40,134,67,0,8,1
04,13,70,20,141,42,0,0,4
04,13,180,30,212,36,0,0,10
04,13,320,50,128,34,0,6,3
04,13,300,70,144,40,0,8,1
04,13,270,80,119,55,0,8,-6
04,13,260,50,126,41,0,7,-10
04,13,240,40,112,42,0,8,0
04,13,290,100,120,10,0,7,-1
04,13,290,90,100,18,0,8,2
04,13,360,50,102,6,0,6,15
04,13,110,40,91,21,0,8,-6
04,13,40,50,85,-29,0,6,-4
04,13,340,20,115,-24,0,7,5
04,13,290,80,166,84,0,8,-24
04,13,340,70,79,44,-1,7,30
04,13,300,40,93,19,-1,8,-6
04,13,250,60,147,52,0,8,-8
04,13,300,70,101,-22,0,3,-13
04,13,340,50,112,8,0,5,-23
04,13,100,10,97,38,0,8,17
04,13,290,60,118,32,0,5,1
04,13,30,20,121,18,0,8,5
04,13,110,80,192,10,0,8,-5
04,13,300,40,66,43,0,8,4
04,13,170,60,114,39,-1,8,19
04,13,190,90,174,84,0,8,-7
04,13,180,70,147,96,0,8,-7
04,13,300,70,79,28,-1,7,9
04,13,110,70,139,10,0,2,12
04,13,180,70,211,83,0,7,10
04,13,170,30,229,92,0,8,-1
04,13,50,60,183,86,0,8,-4
04,13,120,30,187,89,0,8,9
04,13,60,20,121,115,1,8,1
04,13,80,20,123,104,-1,8,13
04,13,260,30,149,98,0,8,-1
04,13,990,10,160,82,0,6,10
04,13,210,30,165,104,-1,8,9
04,13,270,40,148,76,0,8,8
04,13,200,50,193,67,0,8,8
04,13,150,30,237,71,0,1,8
04,13,120,50,283,77,0,8,2
04,13,290,50,259,124,0,3,3
04,13,10,40,220,114,0,8,4
04,13,210,50,266,118,0,3,3
04,13,250,50,154,64,0,7,8
04,13,200,50,141,97,0,8,11
04,13,280,70,145,57,0,6,-3
04,13,250,70,147,36,0,6,-7
04,13,160,30,161,29,0,7,1
04,13,220,40,145,77,0,8,-1
04,13,30,60,120,101,0,8,1
04,13,190,80,132,73,-1,8,-14
04,13,100,30,144,17,0,0,11
04,13,180,60,133,93,0,8,27
04,13,190,30,97,36,0,2,-9
04,13,130,30,101,36,0,8,3
04,13,70,40,135,18,0,8,-3
04,13,60,20,139,60,0,7,6
04,13,90,70,212,62,0,3,3
04,13,300,10,183,94,0,0,14
04,13,50,60,138,56,0,8,7
04,13,50,60,120,0,0,0,5
04,13,50,50,109,-20,0,3,6
04,13,50,60,77,-36,0,8,10
04,13,10,50,81,-51,0,6,-8
04,13,70,60,99,-20,0,3,7
04,13,100,70,156,48,0,3,10
04,13,100,70,196,13,0,8,1
04,13,110,30,135,106,0,8,2
04,13,80,70,219,43,0,0,0
04,13,80,50,242,41,0,0,1
04,13,40,20,251,29,0,0,-7
04,13,60,40,243,46,0,0,5
04,13,90,90,253,-2,0,3,3
04,13,90,70,200,56,0,1,9
04,13,170,80,240,74,0,7,-4
04,13,190,80,139,111,10,8,-4
04,13,250,40,165,64,0,8,-4
04,13,260,70,119,58,10,5,0
04,13,250,30,106,67,0,8,10
04,13,350,30,150,56,0,7,10
04,13,10,40,127,90,0,8,4
04,13,330,30,105,-17,0,1,-9
04,13,250,40,109,22,0,7,-4
04,13,290,80,97,-7,0,7,8
04,13,170,30,142,-7,0,1,11
04,13,120,60,205,13,0,0,8
04,13,200,60,229,43,0,0,-5
04,13,90,40,196,44,0,0,10
04,13,150,20,239,47,0,7,8
04,13,20,60,206,54,0,0,-2
04,13,50,40,195,61,0,8,3
04,13,90,30,211,21,0,8,7
04,13,240,40,239,51,0,2,-4
04,13,20,70,106,-21,0,1,-1
04,13,20,30,91,-3,0,8,3
04,13,150,20,168,-3,0,5,5
04,13,120,20,231,9,0,7,6
04,13,50,50,184,53,0,0,4
04,13,330,30,140,93,2,8,-3
04,13,70,60,180,48,0,0,7
04,13,70,90,186,-11,0,0,1
04,13,70,110,194,-11,0,0,7
04,13,60,80,211,0,0,0,6
04,13,150,30,230,-9,0,0,3
04,13,10,40,193,35,0,7,0
04,13,30,30,133,30,0,1,5
04,13,340,30,168,40,0,0,-2
04,13,250,30,216,15,0,1,6
04,13,40,20,125,109,17,8,-1
04,13,230,40,147,77,0,8,14
04,13,220,60,153,28,0,7,18
04,13,220,87,145,80,0,7,10
04,13,220,87,151,86,0,3,9
04,13,270,51,117,51,-1,7,19
04,13,180,103,121,14,0,5,4
04,13,210,67,95,30,-1,8,-21
04,13,230,72,131,37,0,4,3
04,13,220,72,108,75,3,4,-7
04,13,260,62,124,75,0,7,4
04,13,320,21,152,40,0,2,3
04,13,140,36,175,54,0,4,5
04,13,140,51,205,78,0,7,9
04,13,100,41,211,59,0,3,4
04,13,40,46,204,64,0,1,4
04,13,80,41,195,52,0,3,3
04,13,20,46,197,50,0,1,0
04,13,330,67,90,21,0,7,-4
04,13,330,103,75,20,-1,7,-26
04,13,990,15,64,15,-1,7,-24
04,13,40,77,73,-16,0,7,-3
04,13,30,26,69,-39,0,4,5
04,13,240,41,75,-36,0,6,4
04,13,290,57,71,12,-1,7,1
04,13,310,51,50,30,19,6,10
04,13,40,10,100,19,0,4,-2
04,13,110,51,130,1,0,2,0
04,13,50,57,134,26,0,2,2
04,13,330,10,138,21,0,4,-4
04,13,30,15,116,15,0,5,-4
04,13,990,15,107,15,0,7,7
04,13,80,41,82,63,4,8,-2
04,13,240,31,99,30,-1,7,6
04,13,170,46,79,45,0,7,11
04,13,290,46,65,43,4,6,23
04,13,280,41,78,10,0,7,5
04,13,280,46,93,-17,0,3,-2
04,13,200,72,98,17,0,7,8
04,13,160,62,136,28,0,6,-1
04,13,50,36,150,25,0,6,5
04,13,40,41,148,17,0,0,3
04,13,90,36,156,31,0,2,2
04,13,990,5,171,41,0,4,9
04,13,250,67,140,71,0,5,-11
04,13,210,77,77,47,5,7,-8
04,13,190,72,114,27,0,7,13
04,13,210,72,68,56,-1,7,-1
04,13,300,77,63,-13,-1,7,-1
04,13,220,51,72,52,-1,8,-6
04,13,260,57,133,105,0,8,5
04,13,300,51,121,23,0,2,1
04,13,990,10,116,4,0,5,5
04,13,130,36,144,23,0,7,13
04,13,280,41,148,53,0,7,-7
04,13,190,41,117,93,-1,7,8
04,13,190,62,158,81,0,7,-6
04,13,210,62,146,88,0,7,-3
04,13,170,51,130,116,13,8,3
04,13,200,77,143,64,-1,3,1
04,13,190,26,107,91,5,7,0
04,13,320,57,92,46,-1,6,3
04,13,210,67,133,34,0,7,2
04,13,230,41,113,107,3,8,0
04,13,310,46,95,39,0,7,1
04,13,190,15,121,2,0,1,3
04,13,260,41,68,61,5,8,-7
04,13,180,93,83,64,6,8,-3
04,13,250,62,85,74,10,8,19
04,13,300,31,82,57,0,8,-5
04,13,360,26,103,38,0,4,-2
04,13,120,72,130,23,0,8,1
04,13,80,15,118,61,0,2,12
04,13,120,21,110,91,0,7,7
04,13,100,26,127,78,0,7,9
04,13,990,5,127,65,0,6,-1
04,13,120,15,127,74,0,6,-20
04,13,320,36,131,95,-1,7,9
04,13,290,21,134,80,0,2,15
04,13,240,41,115,99,-1,8,-3
04,13,230,108,134,104,-1,8,-13
04,13,290,41,130,107,0,8,2
04,13,200,62,209,95,0,2,9
04,13,220,46,219,127,0,5,-7
04,13,230,57,194,104,0,7,-4
04,13,170,62,174,103,0,7,8
04,13,200,36,223,88,0,3,1
04,13,250,15,196,89,0,6,-3
04,13,270,26,204,77,0,3,8
04,13,60,82,242,90,0,3,1
04,13,80,93,270,21,0,1,0
04,13,120,67,261,14,0,1,6
04,13,130,62,268,33,0,1,4
04,13,240,103,100,71,53,6,-11
04,13,240,51,62,37,0,6,-1
04,13,250,51,76,38,-1,6,4
04,13,250,41,107,78,0,6,-16
04,13,210,82,67,26,0,7,-10
04,13,220,46,77,20,-1,5,17
04,13,990,10,90,19,0,7,5
04,13,230,72,78,54,0,7,1
04,13,250,21,43,33,6,8,-11
04,13,10,31,83,3,0,4,0
04,13,50,72,127,61,0,7,-1
04,13,20,57,101,68,-1,8,1
04,13,340,108,123,27,0,6,-10
04,13,330,21,81,6,-1,3,9
04,13,150,41,76,44,0,8,4
04,13,40,77,141,30,0,3,4
04,13,20,93,85,41,0,7,-8
04,13,30,36,98,-4,0,2,3
04,13,300,21,100,3,0,5,0
04,13,240,15,140,40,0,6,-1
04,13,220,62,144,52,0,7,-5
04,13,220,36,183,52,0,5,1
04,13,190,93,221,37,0,6,-6
04,13,230,77,153,88,-1,7,0
04,13,290,51,131,84,0,7,1
04,13,220,51,139,112,0,8,6
04,13,250,36,155,139,0,8,3
04,13,230,46,181,123,0,6,5
04,13,220,31,220,105,0,3,5
04,13,320,67,196,142,0,6,1
04,13,260,46,123,110,-1,8,5
04,13,250,93,172,96,0,0,5
04,13,200,51,122,77,0,5,8
04,13,330,57,132,61,0,5,3
04,13,990,10,143,54,0,6,10
04,13,280,41,126,89,0,8,-3
04,13,300,87,125,93,-1,8,0
04,13,320,77,86,-12,0,5,8
04,13,310,31,87,-6,0,7,5
04,13,270,36,94,89,-1,8,4
04,13,280,26,137,83,0,5,6
04,13,340,62,126,60,0,5,17
04,13,50,67,126,53,0,5,-2
04,13,50,21,97,68,0,7,13
04,13,310,62,113,70,0,7,-6
04,13,310,62,92,19,-1,7,1
04,13,270,62,88,73,-1,8,-8
04,13,300,57,74,59,4,8,4
04,13,330,46,78,1,0,7,8
04,13,210,36,89,16,0,3,20
04,13,60,51,116,21,0,7,5
04,13,220,51,150,98,0,7,-18
04,13,30,57,171,51,0,7,-19
04,13,40,36,210,124,0,7,18
04,13,50,51,220,125,0,4,-5
04,13,50,51,195,94,0,5,-2
04,13,330,46,97,73,0,8,-6
04,13,70,36,108,21,0,3,-1
04,13,990,5,158,70,0,6,3
04,13,340,31,107,102,3,8,3
04,13,60,31,51,-61,0,2,-2
04,13,30,26,46,-41,0,4,6
04,13,60,57,77,-29,0,3,-5
04,13,70,77,91,-44,0,6,4
04,13,40,57,113,21,0,3,11
04,13,160,26,137,26,0,3,16
04,13,270,21,133,50,0,6,-9
04,13,260,15,91,49,0,8,5
04,13,990,10,142,56,0,7,5
04,13,990,10,164,60,0,7,-5
04,13,350,15,92,89,-1,8,4
04,13,60,67,72,-68,0,6,-1
04,13,90,51,90,-6,0,3,9
04,13,100,31,120,-12,0,1,10
04,13,250,21,162,-14,0,4,1
04,13,150,36,185,2,0,5,5
04,13,290,21,200,-1,0,7,5
04,13,210,51,166,49,0,6,7
04,13,200,57,204,52,0,6,5
04,13,190,46,255,29,0,7,0
04,13,200,67,240,-3,0,2,9
04,13,160,72,241,50,0,7,7
04,13,190,72,179,99,-1,7,0
04,13,250,62,165,58,0,5,-8
04,13,240,46,146,37,0,4,7
04,13,250,31,182,85,0,5,-8
04,13,30,15,192,79,0,6,5
04,13,340,46,161,60,0,4,1
04,13,350,26,109,22,0,7,8
04,13,340,21,152,2,0,6,1
04,13,280,30,168,31,0,0,3
04,13,10,20,148,48,0,5,7
04,13,290,60,114,55,0,7,-8
04,13,310,80,83,-38,-1,5,8
04,13,260,80,95,87,8,8,1
04,13,340,50,96,-9,0,4,-4
04,13,100,20,93,-69,0,2,7
04,13,110,40,134,-47,0,4,7
04,13,270,20,170,-16,0,7,5
04,13,300,20,163,56,0,6,7
04,13,350,100,93,31,-1,7,-12
04,13,350,70,93,5,0,5,-5
04,13,310,30,114,11,0,3,-2
04,13,320,50,129,71,-1,8,-27
04,13,350,60,101,2,0,6,0
04,13,320,30,86,34,0,5,11
04,13,20,60,132,-19,0,1,-2
04,13,340,30,83,49,0,8,1
04,13,350,40,88,-8,0,7,-12
04,13,80,30,86,-84,0,3,2
04,13,280,30,106,-71,0,1,8
04,13,30,40,94,-19,0,7,0
04,13,250,20,117,-25,0,3,11
04,13,250,70,167,20,0,6,-10
04,13,990,10,154,48,0,8,2
04,13,150,20,136,89,0,7,3
04,13,270,20,130,117,0,8,13
04,13,220,60,130,122,-1,8,7
04,13,280,70,100,95,6,8,2
04,13,340,40,147,80,0,6,1
04,13,300,20,132,111,-1,8,7
04,13,240,30,144,106,0,5,14
04,13,210,100,126,66,-1,8,-3
04,13,200,100,129,74,-1,7,7
04,13,200,40,107,68,0,7,-10
04,13,220,30,123,70,1,5,0
04,13,50,50,97,62,-1,7,-8
04,13,320,30,90,68,14,7,15
04,13,140,20,119,64,0,7,3
04,13,140,20,98,69,-1,6,9
04,13,230,50,92,54,-1,6,-5
04,13,250,50,79,-6,-1,7,5
04,13,310,60,32,23,16,7,4
04,13,210,70,79,4,0,7,-1
04,13,170,60,92,65,-1,8,-5
04,13,230,60,106,23,0,7,-40
04,13,80,40,116,39,-1,7,2
04,13,180,20,118,31,0,7,16
04,13,210,40,118,43,0,7,4
04,13,210,50,109,100,2,8,22
04,13,190,20,148,56,0,7,0
04,13,130,30,211,82,0,6,-1
04,13,240,60,230,118,0,5,-11
04,13,230,60,142,104,0,7,12
04,13,190,60,142,127,1,8,-4
04,13,220,20,119,73,0,8,6
04,13,40,20,125,73,-1,8,-17
04,13,180,30,145,57,0,7,0
04,13,80,40,170,70,0,3,-5
04,13,40,20,132,108,0,8,6
04,13,120,70,186,37,0,1,5
04,13,130,30,203,63,0,0,3
04,13,180,30,125,118,14,8,1
04,13,320,50,138,89,0,6,-3
04,13,210,50,134,133,11,8,3
04,13,240,100,163,114,0,7,-26
04,13,300,70,114,73,0,7,-1
04,13,340,40,106,63,0,7,5
04,13,240,50,149,100,0,8,-3
04,13,230,60,132,99,0,7,0
04,13,270,80,109,46,0,6,10
04,13,240,70,101,60,-1,7,5
04,13,280,80,81,17,1,5,10
04,13,360,30,63,10,-1,7,4
04,13,190,50,80,-5,0,6,-6
04,13,220,50,105,41,0,6,-8
04,13,310,20,113,9,0,7,-1
04,13,320,40,92,4,0,7,-3
04,13,30,30,89,39,1,6,13
04,13,140,80,133,32,0,7,4
04,13,210,80,174,73,0,5,-5
04,13,200,70,128,95,0,7,11
04,13,160,40,164,59,0,7,-4
04,13,190,40,126,89,0,7,7
04,13,140,30,159,71,0,7,1
04,13,80,60,207,83,0,6,4
04,13,50,80,163,102,0,6,10
04,13,30,60,182,99,0,2,-3
04,13,40,60,158,59,0,6,9
04,13,40,30,190,37,0,0,9
04,13,240,30,72,42,-1,8,12
04,13,150,50,143,49,0,7,6
04,13,150,60,156,67,-1,8,-2
04,13,230,40,160,59,0,6,-1
04,13,10,70,69,-21,0,7,3
04,13,40,50,104,4,0,3,-4
04,13,60,20,121,-3,0,1,8
04,13,280,10,135,7,0,7,-5
04,13,60,80,147,15,0,7,9
04,13,60,50,115,-8,0,1,-4
04,13,220,60,123,-1,0,7,-6
04,13,210,90,89,7,0,7,7
04,13,220,110,79,51,5,7,-3
04,13,240,50,124,44,0,5,-12
04,13,190,90,133,46,0,7,-18
04,13,150,40,127,2,0,2,10
04,13,200,90,141,47,0,6,4
04,13,170,70,138,54,0,6,10
04,13,210,50,162,82,0,6,0
04,13,200,40,178,93,0,7,6
04,13,230,50,179,74,0,7,5
04,13,230,50,198,117,0,7,-6
04,13,310,30,131,109,0,8,-2
04,13,270,10,163,76,0,7,-3
04,13,200,50,206,72,0,3,-1
04,13,210,70,229,118,0,4,-2
04,13,30,40,198,130,0,7,-1
04,13,10,50,227,132,0,1,0
04,13,250,40,130,102,0,8,-6
04,13,40,20,161,117,0,8,0
04,13,240,50,178,93,0,6,-6
04,13,160,70,224,42,0,2,6
04,13,250,40,139,58,0,7,-2
04,13,240,80,104,69,0,7,10
04,13,220,80,115,21,0,7,-6
04,13,220,80,128,84,0,7,3
04,13,200,60,130,35,0,5,-7
04,13,300,80,94,56,-1,7,-3
04,13,160,50,100,71,-1,8,-3
04,13,270,40,99,61,-1,6,29
04,13,10,50,94,69,-1,7,5
04,13,320,70,86,22,-1,7,1
04,13,340,60,78,-20,0,6,6
04,13,270,40,55,-67,0,8,3
04,13,300,60,80,60,4,7,13
04,13,320,60,82,55,1,7,12
04,13,290,40,73,8,0,7,8
04,13,340,90,33,16,5,6,34
04,13,280,80,74,21,0,5,-1
04,13,90,10,62,12,-1,5,18
04,13,360,40,100,3,0,4,13
04,13,90,20,108,-11,0,6,2
04,13,330,20,125,-8,0,7,1
04,13,160,70,152,25,0,7,-15
04,13,250,30,130,86,3,6,7
04,13,280,50,136,71,1,5,-18
04,13,230,40,119,77,0,7,1
04,13,280,60,116,82,6,7,22
04,13,170,70,169,80,0,5,2
04,13,60,30,179,108,0,6,18
04,13,180,30,175,76,0,3,3
04,13,120,40,214,48,0,4,-6
04,13,90,70,194,48,0,1,10
04,13,70,50,178,35,0,6,6
04,13,70,70,149,-45,0,0,5
04,13,70,80,94,-51,0,0,10
04,13,80,30,126,-41,0,0,2
04,13,60,50,131,-27,0,0,3
04,13,20,40,118,-16,0,6,-1
04,13,60,100,110,-18,0,5,3
04,13,50,60,117,7,0,5,7
04,13,10,60,142,46,0,5,-10
04,13,360,70,98,26,0,7,1
04,13,280,30,113,3,0,6,-4
04,13,280,30,73,52,0,7,0
04,13,320,40,93,76,-1,7,4
04,13,990,10,110,72,0,8,-1
04,13,210,40,103,94,4,8,-14
04,13,990,10,131,27,0,3,-13
04,13,260,30,124,57,0,7,1
04,13,180,20,170,36,0,4,9
04,13,240,30,200,48,0,5,6
04,13,310,50,180,98,0,6,10
04,13,340,20,200,128,0,5,10
04,13,260,50,129,104,0,8,14
04,13,220,60,98,80,9,7,-1
04,13,260,100,127,41,0,6,-22
04,13,200,80,128,85,0,6,2
04,13,250,110,140,64,-1,3,-7
04,13,200,90,126,67,0,8,4
04,13,220,100,151,26,0,7,-10
04,13,330,80,82,36,-1,5,7
04,13,340,40,65,40,2,5,0
04,13,250,40,90,10,0,7,5
04,13,330,80,122,40,0,3,-4
04,13,360,50,80,-35,0,2,7
04,13,50,50,60,-120,0,1,5
04,13,30,40,70,-92,0,1,-3
04,13,30,60,55,-76,0,6,3
04,13,40,30,56,-44,0,4,9
04,13,230,30,99,-16,0,5,3
04,13,200,30,142,-25,0,4,11
04,13,110,50,181,20,0,2,0
04,13,110,60,210,3,0,5,2
04,13,120,60,234,36,0,1,15
04,13,80,60,237,13,0,1,11
04,13,60,70,223,-7,0,0,-1
04,13,70,90,178,3,0,1,-1
04,13,60,70,88,28,0,7,3
04,13,130,60,153,43,0,,7
04,13,80,20,229,55,0,2,9
04,13,350,50,179,35,0,1,2
04,13,360,40,174,42,0,0,7
04,13,170,30,221,43,0,7,11
04,13,190,60,226,74,-1,8,-22
04,13,990,10,147,141,23,8,0
04,13,240,90,152,75,0,7,10
04,13,180,70,216,105,0,5,24
04,13,240,70,184,83,0,5,-5
04,13,270,30,136,126,7,8,-3
04,13,110,50,193,55,0,4,5
04,13,150,50,185,57,0,7,-3
04,13,190,70,112,84,-1,8,19
04,13,240,60,102,59,6,5,24
04,13,240,80,104,40,0,4,-2
04,13,270,80,94,40,1,6,2
04,13,300,40,73,57,3,6,5
04,13,20,60,69,34,-1,7,-11
04,13,330,40,78,36,0,7,5
04,13,10,20,74,70,2,8,0
04,13,10,30,89,9,0,,1
04,13,10,40,123,26,0,4,6
04,13,20,40,129,70,0,6,-9
04,13,320,20,147,52,0,3,-2
04,13,160,50,185,28,0,2,2
04,13,180,40,205,20,0,3,1
04,13,230,50,212,65,0,4,-8
04,13,170,100,126,40,-1,8,1
04,13,190,70,112,25,0,5,7
04,13,220,40,142,26,0,3,15
04,13,170,50,169,107,0,7,9
04,13,340,30,168,106,0,7,6
04,13,350,40,178,28,0,3,-4
04,13,350,40,159,56,0,4,1
04,13,70,60,179,45,0,6,0
04,13,140,30,195,34,0,5,3
04,13,120,40,218,68,0,4,2
04,13,80,30,216,102,0,5,-53
04,13,180,70,180,90,0,7,-5
04,13,150,40,229,124,0,3,8
04,13,110,40,169,64,0,,1
04,13,110,40,160,5,0,,8
04,13,190,40,212,53,0,,3
04,13,250,70,165,83,0,,14
04,13,270,50,135,28,0,,-8
04,13,230,90,140,47,0,,0
04,13,240,90,116,59,0,,-7
04,13,290,50,86,29,0,,-17
04,13,310,50,77,-13,0,,-26
04,13,250,50,111,87,6,,-14
04,13,330,30,157,56,0,,6
04,13,230,10,153,42,0,,-3
04,13,190,60,138,82,0,,-20
04,13,190,60,162,68,0,,9
04,13,190,80,155,76,0,,-5
04,13,350,60,86,74,0,,3
04,13,260,40,149,116,0,,6
04,13,210,70,152,91,0,,-4
04,13,280,20,89,69,18,,-2
04,13,20,30,101,83,0,,19
04,13,50,50,133,16,0,,5
04,13,100,20,152,-9,0,,7
04,13,90,30,185,5,0,,-2
04,13,70,40,186,91,0,,-4
04,13,70,50,169,99,0,,-5
04,13,240,40,167,89,0,,-2
04,13,280,60,144,53,0,,9
04,13,200,50,177,70,0,,4
04,13,230,20,160,139,0,,3
04,13,990,10,196,129,0,,8
04,13,240,80,97,75,23,,41
04,13,270,70,117,45,0,,23
04,13,290,50,116,23,0,,-6
04,13,290,60,81,6,-1,,-10
04,13,360,60,74,-22,0,,4
04,13,250,60,107,-19,0,,1
04,13,240,70,118,34,0,,1
04,13,250,70,64,48,11,,6
04,13,270,40,105,18,0,,3
04,13,10,60,89,0,0,,18
04,13,230,70,99,-22,0,,0
04,13,280,60,108,42,0,,4
04,13,260,100,136,62,0,,-5
04,13,290,60,128,51,0,,-6
04,13,90,50,128,79,0,,5
04,13,260,70,141,83,0,,5
04,13,290,60,142,33,0,,-7
04,13,240,50,133,52,0,,9
04,13,240,50,149,56,0,,6
04,13,210,50,163,32,0,,2
04,13,990,10,200,67,0,,-9
04,13,300,20,93,50,0,,2
04,13,220,20,149,37,0,,2
04,13,140,30,188,57,0,,-3
04,13,230,40,237,79,0,,-19
04,13,270,40,175,104,0,,-5
04,13,360,50,164,47,0,,-5
04,13,330,70,131,47,0,,-10
04,13,30,60,49,26,2,,9
04,13,190,30,82,42,0,,1
04,13,70,70,172,-1,0,0,5
04,13,60,40,179,26,0,0,1
04,13,10,80,86,26,-1,8,-4
04,13,40,80,112,-3,0,0,1
04,13,340,30,133,59,0,0,9
04,13,260,50,176,74,0,0,3
04,13,350,50,114,32,0,8,5
04,13,230,20,152,43,0,0,5
04,13,290,70,152,43,0,2,6
04,13,290,40,156,88,0,8,-1
04,13,330,20,159,74,0,8,0
04,13,80,40,204,87,0,0,4
04,13,70,60,234,98,0,0,2
04,13,80,40,264,113,0,0,-2
04,13,140,40,279,61,0,0,1
04,13,10,20,275,84,0,0,1
04,13,340,70,150,44,0,7,-4
04,13,340,30,134,11,0,5,6
04,13,260,60,169,49,0,0,4
04,13,360,30,123,16,0,3,6
04,13,50,20,132,12,0,0,8
04,13,220,30,208,40,0,0,4
04,13,240,60,237,85,0,2,-4
04,13,990,10,235,95,0,5,-4
04,13,160,30,273,92,0,7,13
04,13,90,50,271,99,0,0,1
04,13,90,40,266,71,0,0,3
04,13,60,40,268,73,0,0,1
04,13,40,70,216,85,0,0,4
04,13,70,60,198,3,0,0,1
04,13,220,90,100,70,1,8,-14
04,13,280,40,99,65,-1,8,0
04,13,350,50,98,45,0,8,0
04,13,230,30,109,56,0,8,7
04,13,290,50,101,57,0,5,-12
04,13,350,30,80,-23,0,6,-8
04,13,280,50,45,0,0,6,13
04,13,140,30,83,-12,0,4,12
04,13,80,40,103,-42,0,6,6
04,13,990,10,117,-31,0,4,5
04,13,290,30,121,0,0,4,8
04,13,230,80,132,14,0,4,-1
04,13,150,20,111,45,-1,8,19
04,13,360,60,100,45,0,6,11
04,13,350,30,85,26,-1,7,-7
04,13,20,50,97,-12,0,8,-3
04,13,50,60,98,-8,0,5,14
04,13,90,70,124,6,0,7,1
04,13,110,30,123,60,0,8,3
04,13,100,40,168,79,0,2,2
04,13,70,80,172,70,0,2,5
04,13,60,70,166,69,0,4,-4
04,13,130,20,192,73,0,7,7
04,13,220,60,180,51,0,2,-4
04,13,260,50,143,69,0,6,7
04,13,230,20,193,59,0,1,9
04,13,170,50,221,54,0,7,3
04,13,230,40,127,102,-1,8,-10
04,13,180,70,147,52,0,7,-10
04,13,180,80,140,56,0,7,-1
04,13,70,80,150,40,0,0,5
04,13,50,60,182,74,0,0,5
04,13,130,10,222,91,0,0,8
04,13,230,40,141,80,0,7,1
04,13,60,20,152,68,0,3,10
04,13,140,40,199,81,0,3,-6
04,13,260,40,124,84,-1,8,2
04,13,210,90,102,87,3,8,1
04,13,190,60,159,109,0,8,-1
04,13,130,60,239,83,0,1,-6
04,13,230,20,199,74,0,8,10
04,13,310,20,184,121,0,7,0
04,13,310,20,188,95,0,0,7
04,13,40,40,198,83,0,0,9
04,13,70,40,241,94,0,0,5
04,13,260,30,187,93,0,7,-3
04,13,250,40,135,118,0,7,-2
04,13,50,60,166,55,0,3,3
04,13,110,30,150,69,0,7,4
04,13,30,50,185,83,0,6,5
04,13,10,20,190,40,0,0,5
04,13,330,50,147,19,0,1,10
04,13,20,30,139,52,0,4,10
04,13,120,60,177,39,0,0,4
04,13,180,80,165,70,0,7,-2
04,13,230,30,177,108,0,8,6
04,13,210,90,150,69,0,7,-4
04,13,230,40,102,85,4,8,6
04,13,80,30,157,61,0,7,3
04,13,300,20,187,34,0,0,2
04,13,240,70,86,12,-1,6,5
04,13,170,80,122,0,0,3,0
04,13,190,70,108,63,0,6,7
04,13,250,70,94,60,-1,8,3
04,13,220,50,110,8,0,7,2
04,13,150,40,163,21,0,0,4
04,13,190,20,190,57,0,7,-4
04,13,330,50,110,77,0,8,1
04,13,320,40,160,47,0,6,-4
04,13,10,60,118,22,0,5,11
04,13,50,60,93,25,0,8,2
04,13,50,80,138,33,0,4,-3
04,13,30,80,164,17,0,0,1
04,13,60,60,147,25,0,3,-2
04,13,40,50,154,-3,0,0,1
04,13,360,50,111,11,0,7,8
04,13,130,20,151,-26,0,0,5
04,13,330,30,199,5,0,0,1
04,13,60,30,129,23,0,6,11
04,13,270,70,130,-9,0,1,1
04,13,330,50,100,-22,0,8,10
04,13,50,20,101,-8,0,6,6
04,13,20,30,141,-22,0,0,7
04,13,110,30,191,-27,0,2,12
04,13,240,40,243,11,0,7,-10
04,13,280,50,159,85,0,7,8
04,13,320,30,180,65,0,7,16
04,13,210,40,227,55,0,3,5
04,13,230,60,270,48,0,7,-10
04,13,280,40,119,102,6,6,16
04,13,220,60,162,129,-1,8,3
04,13,170,70,236,108,0,0,5
04,13,250,40,129,101,-1,8,17
04,13,260,50,148,63,0,5,-9
04,13,220,90,133,35,0,8,-2
04,13,280,50,208,109,0,0,5
04,13,280,60,189,111,0,3,-25
04,13,290,40,180,89,0,1,-2
04,13,10,40,156,45,0,1,10
04,13,50,40,185,46,0,0,7
04,13,260,50,228,91,0,0,-4
04,13,310,70,115,29,0,3,-6
04,13,290,50,131,-5,0,3,10
04,13,290,20,115,26,0,8,5
04,13,110,30,147,21,0,8,7
04,13,40,20,156,8,0,4,9
04,13,160,20,171,5,0,1,4
04,13,100,40,194,31,0,0,6
04,13,990,10,233,59,0,0,10
04,13,100,20,235,26,0,0,8
04,13,190,50,257,65,0,4,-6
04,13,120,50,266,53,0,3,0
04,13,50,40,261,82,0,0,5
04,13,60,50,260,46,0,0,3
04,13,50,40,235,33,0,0,1
04,13,30,60,218,58,0,0,-3
04,13,330,50,137,91,-1,8,8
04,13,70,40,167,109,0,5,6
04,13,70,70,223,109,0,6,4
04,13,80,80,207,87,0,0,8
04,13,310,40,90,2,0,7,17
04,13,210,20,127,37,0,8,9
04,13,340,20,143,23,0,8,14
04,13,20,20,101,83,-1,7,2
04,13,50,50,81,32,0,8,7
04,13,260,30,101,-9,0,0,11
04,13,340,60,71,-16,0,7,-2
04,13,220,40,91,-10,0,6,5
04,13,210,60,112,85,-1,8,-7
04,13,220,40,99,74,-1,8,-6
04,13,180,60,130,38,0,1,-11
04,13,260,30,105,56,-1,8,-8
04,13,350,30,96,55,6,8,21
04,13,10,40,121,38,0,7,-10
04,13,360,80,93,14,0,8,-2
04,13,330,40,96,-30,0,2,-1
04,13,200,80,103,-25,0,7,1
04,13,200,90,118,46,11,5,9
04,13,200,70,126,34,0,7,10
04,13,190,60,98,75,2,7,24
04,13,250,50,110,35,-1,8,-10
04,13,220,80,108,37,-1,6,-14
04,13,180,70,123,22,0,7,0
04,13,150,20,118,43,0,8,14
04,13,170,50,112,72,2,8,-7
04,13,190,110,151,60,0,7,1
04,13,230,70,155,64,0,7,5
04,13,10,40,191,138,0,7,-5
04,13,260,10,188,122,-1,8,-8
04,13,100,40,222,49,0,7,1
04,13,60,60,64,-74,0,1,7
04,13,60,90,79,-77,0,0,3
04,13,70,70,60,-54,0,7,3
04,13,60,60,55,-28,0,1,-2
04,13,60,60,41,-17,0,8,4
04,13,60,40,69,-18,0,8,13
04,13,990,10,100,-42,0,1,2
04,13,80,50,100,-48,0,7,-1
04,13,120,30,77,61,1,8,8
04,13,260,60,98,51,0,7,3
04,13,240,80,120,72,0,8,8
04,13,220,50,122,82,1,6,-13
04,13,240,70,144,34,0,3,0
04,13,150,60,204,88,0,8,11
04,13,220,30,153,114,-1,7,6
04,13,240,80,186,54,0,7,-4
04,13,200,70,212,82,0,3,13
04,13,240,120,167,13,0,2,-3
04,13,260,60,93,58,-1,8,17
04,13,40,70,109,4,0,0,4
04,13,280,20,138,4,0,8,-3
04,13,220,30,153,-5,0,0,-3
04,13,210,50,146,89,-1,8,4
04,13,240,50,210,88,0,0,7
04,13,240,60,240,110,0,1,2
04,13,360,70,82,70,5,8,-5
04,13,20,60,106,0,0,7,6
04,13,990,10,106,-17,0,8,14
04,13,290,40,105,62,-1,8,-6
04,13,360,40,151,30,0,3,3
04,13,270,20,206,76,0,7,5
04,13,120,20,210,67,0,5,7
04,13,220,40,232,69,0,4,-20
04,13,300,20,151,100,0,8,3
04,13,210,30,166,81,0,4,5
04,13,220,70,185,109,0,8,2
04,13,180,50,213,102,0,7,9
04,13,270,80,110,29,3,8,-33
04,13,280,50,135,49,0,7,8
04,13,270,20,160,63,0,7,7
04,13,30,30,152,49,0,8,-4
04,13,270,30,150,46,0,6,-3
04,13,280,60,135,43,0,7,5
04,13,320,90,117,29,0,5,-3
04,13,360,60,106,20,0,8,2
04,13,110,30,146,5,0,0,2
04,13,210,60,179,12,0,0,5
04,13,350,60,122,12,0,7,-1
04,13,60,50,156,38,0,0,7
04,13,100,60,210,78,0,4,3
04,13,80,50,162,84,0,8,-11
04,13,200,40,186,72,0,5,0
04,13,200,20,198,77,0,4,14
04,13,350,30,209,102,0,5,8
04,13,110,50,236,111,0,7,3
04,13,170,40,173,77,0,8,4
04,13,80,30,169,67,0,7,7
04,13,100,20,170,77,0,8,4
04,13,250,40,142,130,7,8,-9
04,13,290,30,163,115,0,6,5
04,13,290,80,87,-1,0,6,2
04,13,300,70,80,-22,0,7,-3
04,13,180,20,102,-8,0,8,0
04,13,10,60,88,0,0,5,4
04,13,40,30,98,-16,0,6,6
04,13,990,10,92,40,0,8,8
04,13,250,20,128,32,0,5,0
04,13,50,30,120,60,0,7,4
04,13,120,20,187,50,0,1,3
04,13,110,20,204,24,0,2,15
04,13,220,80,142,73,0,8,-1
04,13,230,80,150,-16,0,0,11
04,13,260,30,125,14,0,4,10
04,13,240,80,217,58,0,0,3
04,13,270,60,241,71,0,0,-1
04,13,50,40,162,47,0,0,4
04,13,40,50,126,26,0,4,8
04,13,40,60,136,-1,0,6,11
04,13,20,30,137,23,0,6,8
04,13,20,60,183,5,0,0,7
04,13,10,40,197,46,0,0,3
04,13,340,50,141,47,0,4,5
04,13,310,20,151,56,0,1,1
04,13,250,50,220,53,0,1,-4
04,13,220,40,144,115,-1,8,-6
04,13,260,40,154,96,-1,8,-7
04,13,360,60,133,-3,0,6,1
04,13,280,70,114,-18,0,2,-3
04,13,200,60,136,8,0,8,12
04,13,270,40,140,29,0,3,-7
04,13,120,20,129,21,0,3,5
04,13,130,30,132,47,0,5,4
04,13,210,60,203,68,0,3,1
04,13,210,70,163,61,0,4,-7
04,13,280,30,124,86,-1,8,1
04,13,230,90,113,48,0,8,-2
04,13,250,60,99,11,0,7,2
04,13,280,20,110,32,-1,7,15
04,13,170,50,156,20,0,5,-3
04,13,110,40,131,50,0,1,5
04,13,100,70,197,55,0,4,6
04,13,240,30,169,47,0,5,2
04,13,150,30,130,58,0,8,7
04,13,190,20,168,47,0,3,1
04,13,230,90,160,74,0,4,-8
04,13,290,60,107,49,0,7,2
04,13,270,40,89,47,-1,3,17
04,13,250,60,119,6,0,7,0
04,13,330,40,133,27,0,4,-3
04,13,30,20,136,24,0,0,9
04,13,40,40,186,17,0,1,-1
04,13,10,50,131,43,0,8,3
04,13,350,70,77,10,2,7,1
04,13,310,60,77,20,2,3,-2
04,13,210,80,68,42,2,8,3
04,13,270,90,81,23,-1,7,-17
04,13,300,60,66,31,1,8,13
04,13,260,50,52,27,8,8,18
04,13,220,80,97,48,-1,8,4
04,13,340,40,116,15,0,8,2
04,13,220,30,138,100,0,8,0
04,13,250,30,167,75,0,4,-10
04,13,360,20,132,75,0,1,9
04,13,310,30,155,52,0,7,15
04,13,330,50,131,41,0,6,4
04,13,310,30,100,39,0,8,1
04,13,320,30,132,64,0,8,2
04,13,330,20,132,46,0,2,15
04,13,180,20,215,59,0,0,12
04,13,310,50,140,32,0,4,0
04,13,260,60,132,36,0,7,2
04,13,270,70,128,60,0,8,-9
04,13,270,60,123,38,0,6,-2
04,13,250,50,114,36,0,8,-3
04,13,270,90,124,13,0,6,-7
04,13,280,70,118,34,0,5,-17
04,13,350,70,112,13,0,4,-10
04,13,350,30,92,12,0,2,19
04,13,30,50,95,-40,0,5,-2
04,13,170,30,114,-45,0,8,13
04,13,280,50,139,70,0,8,7
04,13,350,60,97,30,-1,8,7
04,13,310,40,94,10,0,8,-1
04,13,250,60,147,34,0,7,3
04,13,330,50,94,14,2,3,13
04,13,360,60,100,2,-1,4,-12
04,13,990,10,70,33,4,8,17
04,13,310,20,104,41,-1,8,8
04,13,990,10,122,14,0,8,13
04,13,110,70,188,11,0,8,-4
04,13,300,30,62,39,0,8,-1
04,13,170,50,126,24,0,8,9
04,13,200,80,174,86,0,3,0
04,13,190,60,140,88,0,8,-12
04,13,310,70,78,8,0,6,3
04,13,140,60,145,-4,0,7,8
04,13,170,60,217,73,0,6,7
04,13,100,20,235,68,0,8,7
04,13,30,70,178,91,0,8,-2
04,13,80,20,192,82,0,8,2
04,13,340,10,120,114,1,8,7
04,13,50,40,139,106,-1,8,5
04,13,250,30,149,95,0,8,3
04,13,230,20,168,81,0,7,7
04,13,210,50,175,99,0,8,-2
04,13,270,30,149,66,0,8,4
04,13,200,50,205,60,0,7,2
04,13,150,20,243,63,0,3,7
04,13,110,40,280,78,0,7,7
04,13,240,50,275,114,0,7,1
04,13,20,30,226,102,0,2,4
04,13,190,50,263,125,0,4,12
04,13,250,60,171,69,0,5,-8
04,13,220,60,142,90,0,8,13
04,13,260,70,152,69,0,6,-14
04,13,260,70,146,50,0,6,10
04,13,160,20,168,34,0,8,-2
04,13,220,40,141,77,-1,8,11
04,13,30,50,129,107,0,8,15
04,13,200,80,125,68,-1,8,-4
04,13,90,30,142,26,0,0,8
04,13,180,50,132,91,0,8,21
04,13,130,40,103,26,0,8,-1
04,13,130,30,92,23,0,8,9
04,13,80,40,125,18,0,7,1
04,13,110,30,147,40,0,8,5
04,13,70,50,211,51,0,7,1
04,13,990,10,187,88,0,0,9
04,13,60,60,140,56,0,8,16
04,13,40,70,123,4,0,0,4
04,13,30,50,113,-27,0,1,0
04,13,30,60,80,-38,0,8,-7
04,13,360,50,76,-55,0,6,-6
04,13,50,60,106,-17,0,1,3
04,13,100,50,155,47,0,2,12
04,13,110,40,194,25,0,8,4
04,13,200,30,130,103,-1,8,20
04,13,70,60,217,46,0,0,3
04,13,70,40,244,36,0,0,-1
04,13,60,30,247,17,0,0,3
04,13,100,20,240,22,0,0,5
04,13,130,60,250,-13,0,8,10
04,13,80,60,204,60,0,8,3
04,13,180,70,260,75,0,8,-23
04,13,190,80,140,111,5,8,0
04,13,250,40,164,65,0,7,0
04,13,270,40,122,53,-1,7,-31
04,13,210,40,109,63,0,2,13
04,13,360,50,157,49,0,7,5
04,13,360,40,129,84,0,8,3
04,13,340,30,98,-47,0,0,3
04,13,260,60,98,2,0,8,7
04,13,290,60,101,-8,0,7,3
04,13,170,40,140,-12,0,1,5
04,13,120,60,200,2,0,0,7
04,13,220,70,234,33,0,0,-3
04,13,50,40,192,58,0,0,7
04,13,990,10,245,44,0,1,-2
04,13,360,40,208,54,0,0,5
04,13,50,40,192,52,0,8,6
04,13,90,20,210,20,0,3,16
04,13,210,40,243,51,0,7,-16
04,13,360,70,107,-23,0,1,5
04,13,350,30,90,0,0,8,11
04,13,150,20,163,4,0,1,7
04,13,990,10,231,-14,0,7,6
04,13,50,60,185,53,0,1,6
04,13,340,20,144,81,-1,8,4
04,13,40,60,182,57,0,1,3
04,13,70,80,186,-15,0,0,0
04,13,60,90,191,-7,0,0,7
04,13,60,70,210,-1,0,0,6
04,13,100,20,226,10,0,8,2
04,13,340,40,193,29,0,6,3
04,13,350,30,137,21,0,1,7
04,13,990,10,166,33,0,0,7
04,13,220,50,220,20,0,2,-4
04,13,180,10,139,104,6,8,-6
04,13,230,50,157,69,0,8,5
04,13,200,70,159,28,0,7,-4
04,13,250,62,147,77,0,7,10
04,13,230,67,144,84,0,6,13
04,13,240,51,120,45,-1,6,7
04,13,180,98,131,21,0,5,-1
04,13,210,67,108,24,0,7,-23
04,13,210,51,138,41,0,6,2
04,13,250,62,98,69,3,3,7
04,13,250,51,121,59,0,7,9
04,13,270,36,144,26,0,3,4
04,13,160,36,175,48,0,6,7
04,13,160,57,205,78,0,7,3
04,13,120,51,204,60,0,3,16
04,13,70,46,207,70,0,1,-2
04,13,90,51,203,63,0,3,1
04,13,50,15,198,55,0,1,2
04,13,350,57,80,25,0,7,1
04,13,300,10,54,26,20,7,-12
04,13,280,15,64,11,0,7,-11
04,13,70,67,66,-36,0,6,6
04,13,360,15,65,-46,0,5,5
04,13,230,62,85,-24,0,6,-5
04,13,280,46,87,23,1,6,0
04,13,300,26,57,45,18,7,20
04,13,80,41,90,52,0,2,16
04,13,110,62,121,17,0,3,-7
04,13,80,51,139,25,0,3,-4
04,13,360,21,137,20,0,6,7
04,13,320,26,112,15,0,6,-4
04,13,330,21,98,19,-1,7,10
04,13,90,72,102,35,-1,8,-7
04,13,250,21,93,35,0,7,0
04,13,190,51,84,40,0,6,0
04,13,350,31,89,29,0,6,-1
04,13,260,15,74,10,-1,7,4
04,13,320,31,96,-9,0,4,-6
04,13,230,62,98,22,0,7,5
04,13,180,51,144,38,0,4,-2
04,13,80,72,157,32,0,2,0
04,13,60,36,146,28,0,0,5
04,13,70,41,155,39,0,5,0
04,13,990,15,172,38,0,7,2
04,13,250,57,152,72,0,7,-19
04,13,230,87,79,54,1,7,-10
04,13,240,77,119,39,0,5,5
04,13,220,93,72,49,-1,8,-4
04,13,340,67,60,-7,0,7,1
04,13,240,51,60,46,6,8,2
04,13,270,46,130,98,0,8,9
04,13,330,51,114,22,0,2,6
04,13,990,10,118,25,0,4,-5
04,13,130,41,142,21,0,7,5
04,13,290,41,144,44,0,7,-4
04,13,240,41,106,85,-1,8,19
04,13,220,77,158,85,0,7,2
04,13,250,46,134,87,0,7,13
04,13,200,62,138,115,7,8,3
04,13,230,72,130,61,-1,6,11
04,13,210,36,101,82,8,8,7
04,13,270,41,87,56,4,7,13
04,13,210,77,140,43,0,5,0
04,13,240,51,147,99,-1,7,-27
04,13,300,26,91,35,0,7,5
04,13,100,10,115,15,0,3,2
04,13,250,41,70,56,4,8,-4
04,13,180,93,84,57,4,8,-3
04,13,250,72,86,74,9,8,8
04,13,280,31,86,54,0,8,2
04,13,60,15,101,27,0,7,-1
04,13,100,82,130,31,0,7,3
04,13,210,21,118,45,0,1,7
04,13,120,36,105,93,6,8,4
04,13,60,46,109,88,11,7,-9
04,13,110,15,116,69,0,7,11
04,13,320,21,118,73,-1,7,0
04,13,340,31,130,89,0,6,3
04,13,230,31,128,85,0,1,11
04,13,230,62,104,101,-1,8,5
04,13,240,82,132,102,-1,8,-12
04,13,260,51,114,101,-1,8,12
04,13,170,57,202,114,0,4,10
04,13,240,57,203,98,-1,7,2
04,13,210,67,196,114,0,7,-5
04,13,150,62,186,102,0,7,-1
04,13,150,41,215,91,0,3,6
04,13,240,46,204,90,0,7,-1
04,13,230,46,203,70,0,4,9
04,13,40,72,234,83,0,2,10
04,13,80,118,265,43,0,1,-2
04,13,80,77,258,59,0,0,4
04,13,120,57,250,72,0,2,4
04,13,240,103,105,53,1,7,-10
04,13,250,72,75,26,0,6,2
04,13,250,36,87,33,0,5,-11
04,13,240,51,102,69,-1,6,10
04,13,200,77,62,34,0,6,10
04,13,300,36,50,33,9,7,-6
04,13,160,36,87,7,0,8,1
04,13,220,67,78,58,0,8,-3
04,13,250,31,40,34,18,8,-3
04,13,100,26,88,17,0,6,-1
04,13,50,67,125,65,0,7,1
04,13,20,21,94,73,-1,7,5
04,13,340,98,107,40,0,7,-4
04,13,320,46,79,6,-1,6,9
04,13,160,31,76,44,0,8,2
04,13,60,72,142,48,0,2,-3
04,13,20,67,83,41,0,8,-4
04,13,360,31,102,-6,0,4,-4
04,13,340,15,86,13,0,7,0
04,13,990,15,139,34,0,6,2
04,13,220,72,140,54,0,7,-2
04,13,160,31,170,71,0,5,5
04,13,170,82,221,37,0,6,-5
04,13,150,46,177,91,-1,7,-10
04,13,270,46,131,84,0,7,7
04,13,200,57,136,108,-1,8,4
04,13,230,36,150,133,0,8,-3
04,13,240,36,157,125,0,8,20
04,13,230,31,216,113,0,3,2
04,13,290,51,199,136,0,4,-11
04,13,270,41,125,111,-1,7,3
04,13,240,77,175,101,0,0,7
04,13,270,46,105,74,0,8,9
04,13,350,36,125,63,0,3,1
04,13,210,31,131,53,0,6,4
04,13,240,62,134,98,0,5,-4
04,13,290,77,122,96,-1,8,-1
04,13,340,51,82,2,0,7,-14
04,13,300,36,80,5,0,7,8
04,13,260,31,90,87,1,8,3
04,13,220,26,131,88,0,5,8
04,13,330,46,138,71,0,5,-10
04,13,40,51,123,40,0,7,1
04,13,10,26,97,73,-1,8,10
04,13,280,36,100,79,0,8,-13
04,13,310,41,94,34,1,6,-10
04,13,270,62,90,64,-1,8,-7
04,13,290,41,73,64,27,8,2
04,13,990,15,91,-5,0,7,-4
04,13,220,46,92,32,0,4,-1
04,13,70,51,117,32,0,8,5
04,13,230,36,153,101,0,7,1
04,13,40,51,165,101,0,7,-4
04,13,70,51,231,147,0,7,17
04,13,50,67,213,124,0,2,0
04,13,60,46,198,105,0,5,-1
04,13,340,41,98,79,0,8,-6
04,13,70,36,93,31,0,7,5
04,13,70,26,146,72,0,7,5
04,13,340,21,110,102,2,8,3
04,13,60,41,58,-35,0,4,-5
04,13,80,26,52,-41,1,4,3
04,13,40,62,71,-37,0,4,13
04,13,60,98,98,-42,0,5,8
04,13,80,72,121,17,0,5,7
04,13,160,26,129,33,0,6,3
04,13,250,41,152,49,0,7,-6
04,13,990,15,81,32,0,8,7
04,13,990,10,133,57,0,8,9
04,13,80,26,150,66,0,7,0
04,13,310,10,98,89,2,8,-2
04,13,60,57,68,-59,0,7,7
04,13,90,46,100,-2,0,5,5
04,13,80,41,119,-9,0,2,8
04,13,170,21,156,-23,0,5,6
04,13,180,21,189,-21,0,5,2
04,13,990,15,197,-32,0,7,4
04,13,220,67,172,58,0,7,4
04,13,180,51,210,50,0,7,2
04,13,160,62,249,35,0,6,10
04,13,190,62,249,-3,0,3,4
04,13,180,57,235,49,0,8,8
04,13,200,87,197,87,0,6,-9
04,13,220,41,166,52,-1,5,-7
04,13,280,41,150,44,0,6,10
04,13,280,41,183,83,0,5,-3
04,13,110,21,197,78,0,3,-7
04,13,340,36,181,60,0,6,-23
04,13,350,21,106,14,0,7,10
04,13,990,15,144,-8,0,7,8
04,13,240,30,168,13,0,0,4
04,13,50,20,141,44,0,7,4
04,13,290,70,113,56,0,7,-9
04,13,300,60,86,-12,0,6,-8
04,13,260,80,93,88,5,8,1
04,13,340,50,91,-19,0,4,6
04,13,100,30,94,-49,0,1,2
04,13,130,40,131,-50,0,4,4
04,13,990,10,169,1,0,7,1
04,13,310,20,158,57,0,7,3
04,13,340,100,76,-1,-1,7,3
04,13,320,60,91,0,0,6,-5
04,13,320,30,100,11,0,4,9
04,13,300,50,119,76,-1,8,-7
04,13,330,60,103,12,0,6,-6
04,13,360,30,98,26,0,4,2
04,13,10,50,127,-23,0,1,4
04,13,320,20,78,47,0,8,1
04,13,340,50,71,-21,0,7,4
04,13,50,50,86,-75,0,3,2
04,13,990,10,105,-68,0,2,8
04,13,330,30,93,-26,0,7,-1
04,13,220,30,126,-24,0,1,2
04,13,260,80,151,9,0,6,4
04,13,80,20,114,65,0,8,27
04,13,130,20,135,73,0,7,7
04,13,990,10,133,107,0,8,-8
04,13,220,70,126,115,1,8,9
04,13,280,60,99,91,6,8,-1
04,13,300,30,138,82,0,6,11
04,13,300,30,135,107,-1,8,-6
04,13,210,50,135,114,0,7,12
04,13,200,90,137,74,0,8,-10
04,13,200,130,125,74,-1,5,13
04,13,190,60,108,66,0,7,-7
04,13,200,80,130,62,2,5,-10
04,13,50,40,103,67,0,7,-2
04,13,260,40,82,61,2,8,3
04,13,110,30,110,72,0,6,6
04,13,130,20,98,62,-1,7,-1
04,13,220,60,113,61,0,6,-26
04,13,290,40,86,-2,0,7,2
04,13,240,60,48,34,-1,7,-7
04,13,210,90,83,2,-1,7,-8
04,13,150,50,84,73,3,8,5
04,13,230,90,76,20,-1,7,10
04,13,100,50,120,38,0,7,0
04,13,50,30,121,59,0,,3
04,13,200,40,108,57,0,,9
04,13,190,60,116,95,-1,8,2
04,13,270,20,147,54,0,6,7
04,13,120,40,203,89,0,6,2
04,13,160,40,222,100,0,6,10
04,13,230,60,121,112,-1,7,18
04,13,200,50,142,129,1,,3
04,13,190,20,117,75,0,,0
04,13,50,30,123,78,-1,8,-13
04,13,210,30,151,62,0,6,5
04,13,70,60,164,79,0,3,7
04,13,330,10,147,111,0,,6
04,13,110,80,189,50,0,1,2
04,13,140,50,207,59,0,0,2
04,13,220,30,129,112,5,8,-2
04,13,280,50,118,98,0,6,2
04,13,200,40,133,133,34,8,3
04,13,250,70,163,135,0,8,-20
04,13,290,60,110,82,0,7,3
04,13,350,40,105,66,0,7,0
04,13,240,50,151,109,0,8,-6
04,13,230,60,129,100,0,7,5
04,13,260,80,109,49,0,6,5
04,13,270,60,120,63,0,5,-12
04,13,290,60,87,48,-1,6,8
04,13,30,30,71,13,0,7,-4
04,13,210,70,83,-1,-1,5,-10
04,13,130,40,83,26,0,7,7
04,13,10,40,87,30,0,5,17
04,13,280,30,94,4,0,7,11
04,13,90,20,106,13,0,6,-3
04,13,150,80,134,44,0,6,4
04,13,230,60,160,81,0,5,15
04,13,190,70,128,93,-1,7,2
04,13,140,50,159,77,0,6,1
04,13,190,50,136,88,0,7,-2
04,13,100,20,155,89,0,5,4
04,13,60,70,206,112,0,6,2
04,13,50,70,167,114,0,6,11
04,13,20,50,184,88,0,2,6
04,13,40,50,164,66,0,5,0
04,13,360,20,188,56,0,,7
04,13,240,30,82,38,0,,-2
04,13,180,30,138,55,0,,5
04,13,150,50,160,63,0,7,-9
04,13,230,60,157,55,0,5,6
04,13,10,60,73,-18,0,7,-2
04,13,50,50,100,5,0,1,5
04,13,310,20,121,-24,0,1,3
04,13,30,20,127,-15,0,,8
04,13,50,80,141,32,0,,14
04,13,40,50,105,-12,0,1,4
04,13,200,30,119,-1,0,7,4
04,13,200,90,88,7,-1,6,1
04,13,210,90,71,52,4,7,15
04,13,280,40,90,39,-1,6,26
04,13,170,60,129,52,0,,7
04,13,180,20,124,18,0,,6
04,13,200,70,138,53,0,6,5
04,13,190,60,142,60,0,6,9
04,13,210,50,172,92,0,6,5
04,13,200,40,170,89,0,7,1
04,13,220,70,181,83,0,5,3
04,13,210,60,204,127,0,,4
04,13,300,20,129,110,0,,2
04,13,210,30,159,97,0,,-8
04,13,160,60,198,89,0,3,4
04,13,200,50,230,122,0,3,1
04,13,40,40,205,142,0,7,-1
04,13,340,20,229,160,0,2,3
04,13,280,20,126,116,0,,1
04,13,360,10,145,124,0,,-1
04,13,260,40,166,101,0,,2
04,13,160,60,216,72,0,2,7
04,13,230,60,135,58,0,5,14
04,13,220,90,95,70,1,8,12
04,13,220,90,116,19,0,,-7
04,13,220,80,131,85,-1,7,-11
04,13,210,70,121,34,0,,-22
04,13,290,60,103,53,0,,-6
04,13,160,50,98,63,0,8,4
04,13,280,30,108,66,4,4,0
04,13,10,20,92,71,2,8,8
04,13,300,50,80,16,-1,6,-14
04,13,330,60,70,-55,0,6,-13
04,13,260,40,54,-67,0,,6
04,13,320,60,83,60,1,,12
04,13,300,40,94,44,0,,-2
04,13,280,50,76,11,0,7,11
04,13,320,60,71,-12,1,5,9
04,13,280,60,51,13,1,6,-10
04,13,140,20,75,-6,0,6,-3
04,13,360,40,106,1,0,,2
04,13,110,20,109,-16,-1,,10
04,13,310,10,123,2,0,7,3
04,13,140,60,156,18,0,7,-7
04,13,200,70,143,87,0,6,-4
04,13,280,90,136,64,6,4,8
04,13,220,40,130,79,0,6,-7
04,13,240,70,120,78,1,,5
04,13,200,60,154,72,0,,8
04,13,90,20,177,104,0,,13
04,13,190,30,171,69,0,,5
04,13,140,60,207,29,0,6,2
04,13,80,90,195,45,0,2,6
04,13,80,60,176,46,0,5,11
04,13,80,100,144,-25,0,0,5
04,13,70,80,99,-35,0,,3
04,13,100,60,123,-31,0,,1
04,13,70,60,129,-15,0,0,6
04,13,30,40,122,-12,0,7,-12
04,13,60,80,110,-9,0,4,-6
04,13,60,60,117,10,0,4,6
04,13,40,70,137,32,0,2,-6
04,13,340,50,96,31,0,,0
04,13,270,30,109,12,0,,5
04,13,290,40,73,54,-1,8,-1
04,13,320,30,94,74,-1,8,-1
04,13,240,20,100,89,-1,,-6
04,13,220,50,108,92,2,8,4
04,13,360,20,124,49,0,4,10
04,13,320,20,124,66,0,,-5
04,13,190,20,166,55,0,,7
04,13,220,30,195,71,0,5,3
04,13,300,60,179,102,0,7,4
04,13,320,40,204,116,0,6,4
04,13,250,50,132,109,0,7,10
04,13,240,80,92,71,4,8,3
04,13,270,80,106,29,0,5,15
04,13,220,100,122,88,0,,-7
04,13,240,100,121,56,-1,4,20
04,13,200,80,123,70,0,,3
04,13,220,110,158,20,0,7,-16
04,13,310,70,94,46,8,4,-1
04,13,330,50,75,-1,0,6,-7
04,13,240,40,86,19,0,,10
04,13,330,70,101,39,0,,-4
04,13,350,30,91,-12,0,,4
04,13,40,40,63,-117,0,1,12
04,13,30,40,67,-95,0,4,-1
04,13,20,30,55,-71,0,6,5
04,13,10,40,61,-37,0,7,7
04,13,240,40,98,6,0,4,1
04,13,190,20,137,-34,0,,11
04,13,110,60,179,16,0,,3
04,13,120,70,209,-4,0,5,8
04,13,100,50,238,46,0,1,14
04,13,80,70,247,9,0,1,-8
04,13,70,90,217,-8,0,0,5
04,13,60,90,179,10,0,,-6
04,13,60,70,90,33,0,,6
04,13,130,50,159,15,0,,6
04,13,130,20,231,58,0,,11
04,13,310,30,177,41,0,1,-5
04,13,10,40,174,74,0,,4
04,13,170,30,217,34,0,6,8
04,13,180,40,232,76,0,7,-24
04,13,140,20,148,140,8,,0
04,13,240,90,158,86,0,,-9
04,13,170,70,211,112,0,5,9
04,13,250,50,165,73,0,6,23
04,13,260,50,143,134,9,,-9
04,13,140,40,194,56,0,3,6
04,13,190,40,180,67,0,7,-4
04,13,210,90,118,77,0,,-4
04,13,250,80,128,61,1,,-9
04,13,250,100,110,43,0,2,10
04,13,280,50,80,54,1,6,8
04,13,300,50,76,48,-1,7,0
04,13,290,40,58,36,2,7,19
04,13,360,20,82,39,0,7,5
04,13,360,30,75,67,-1,,-5
04,13,330,40,86,23,0,,8
04,13,350,30,125,50,0,,-1
04,13,10,30,117,59,0,7,-2
04,13,330,20,141,57,0,4,-1
04,13,150,60,178,19,0,2,6
04,13,110,40,199,35,0,1,4
04,13,200,70,207,50,0,,4
04,13,160,90,133,34,0,,-10
04,13,210,60,100,28,0,7,10
04,13,190,20,141,33,0,2,10
04,13,180,50,169,107,0,7,8
04,13,350,30,166,108,0,7,7
04,13,360,50,165,27,0,2,4
04,13,330,30,155,58,0,,11
04,13,60,30,170,64,0,,6
04,13,50,40,195,59,0,7,4
04,13,90,40,213,74,0,6,-6
04,13,110,40,205,113,0,7,-9
04,13,190,70,170,83,0,,14
04,13,120,40,234,125,0,,9
04,13,110,40,167,41,0,,0
04,13,120,50,176,1,0,,4
04,13,190,30,211,76,0,,-8
04,13,220,80,190,73,0,,-3
04,13,260,50,120,13,0,,8
04,13,220,90,135,42,0,,5
04,13,240,130,110,36,-1,,-13
04,13,300,50,91,32,0,,1
04,13,310,50,71,-12,0,,-24
04,13,270,40,89,80,2,,16
04,13,280,20,149,69,0,,1
04,13,190,20,151,53,0,,-2
04,13,200,60,140,90,0,,-7
04,13,180,50,167,75,0,,0
04,13,130,60,167,95,-1,,-24
04,13,360,50,91,80,0,,7
04,13,990,10,128,105,0,,5
04,13,210,60,155,88,0,,1
04,13,270,50,89,80,33,,-7
04,13,60,30,123,73,0,,-2
04,13,80,30,127,-3,0,,10
04,13,10,20,150,20,0,,6
04,13,150,20,186,16,0,,0
04,13,110,50,185,97,0,,-8
04,13,80,50,163,96,0,,6
04,13,250,30,160,102,0,,-1
04,13,250,70,148,39,4,,-12
04,13,180,50,176,88,0,,8
04,13,250,30,172,130,0,,1
04,13,230,20,185,141,0,,9
04,13,240,70,125,97,0,,11
04,13,280,60,117,74,0,,6
04,13,310,50,95,11,0,,11
04,13,300,50,55,16,2,,12
04,13,340,50,82,-45,0,,5
04,13,250,80,106,-38,0,,3
04,13,250,50,103,30,0,,9
04,13,240,50,68,56,11,,0
04,13,230,60,91,19,0,,17
04,13,340,40,94,-20,0,,14
04,13,210,50,104,-7,0,,-10
04,13,280,70,120,47,0,,-15
04,13,260,90,137,65,0,,-1
04,13,270,50,121,38,0,,-1
04,13,90,50,125,78,0,,1
04,13,260,80,154,66,0,,-8
04,13,290,50,134,12,0,,0
04,13,250,60,130,61,0,,-6
04,13,240,50,144,62,0,,7
04,13,210,40,164,53,0,,-2
04,13,350,20,195,66,0,,-8
04,13,320,20,91,51,0,,5
04,13,290,20,144,45,0,,2
04,13,70,40,184,84,0,,-4
04,13,260,30,235,83,0,,-16
04,13,330,30,152,114,0,,9
04,13,340,40,158,53,0,,-3
04,13,300,50,128,51,0,,0
04,13,310,40,58,37,9,,24
04,13,80,10,91,14,0,,10
04,13,70,90,169,10,0,,3
04,13,40,40,183,53,0,,-2
04,13,340,50,86,24,0,8,0
04,13,40,60,111,-15,0,0,6
04,13,330,30,144,75,0,1,7
04,13,260,30,175,79,0,0,0
04,13,360,30,105,46,0,8,10
04,13,240,40,159,63,0,1,-3
04,13,300,40,150,68,0,8,9
04,13,280,40,149,99,0,8,-2
04,13,320,20,162,80,0,8,0
04,13,70,50,197,97,0,0,7
04,13,50,50,214,124,0,0,18
04,13,90,50,256,124,0,0,7
04,13,70,50,277,59,0,0,-1
04,13,80,20,281,56,0,0,-3
04,13,350,40,149,64,0,4,-5
04,13,290,30,125,30,0,7,7
04,13,250,70,170,40,0,0,5
04,13,360,30,129,24,0,4,-6
04,13,80,40,132,18,0,0,8
04,13,240,30,207,34,0,0,7
04,13,260,70,239,77,0,2,-4
04,13,310,20,225,106,0,7,-1
04,13,190,40,272,86,0,7,0
04,13,80,50,272,85,0,0,1
04,13,90,40,268,79,0,0,2
04,13,60,40,268,73,0,0,-1
04,13,70,70,214,71,0,0,7
04,13,80,90,191,-11,0,0,5
04,13,240,100,94,65,2,8,-9
04,13,280,40,94,68,-1,8,-2
04,13,340,50,104,51,0,7,-9
04,13,250,40,104,62,0,8,4
04,13,10,20,68,50,7,8,4
04,13,330,30,61,-18,0,7,11
04,13,270,40,76,-6,0,7,-10
04,13,240,20,80,-20,0,2,10
04,13,70,20,108,-7,0,8,-7
04,13,60,20,114,-5,0,3,3
04,13,280,50,102,8,0,4,13
04,13,240,60,127,32,0,7,4
04,13,250,20,105,53,0,7,5
04,13,350,50,93,48,0,6,7
04,13,300,50,69,16,0,7,18
04,13,30,20,80,-8,0,8,3
04,13,70,50,95,-3,0,2,6
04,13,80,80,121,35,0,3,-1
04,13,90,60,125,54,0,7,-2
04,13,80,60,156,90,0,2,4
04,13,70,80,165,69,0,0,3
04,13,70,60,150,73,0,8,3
04,13,180,40,187,89,0,6,-1
04,13,220,60,168,67,0,3,8
04,13,280,40,147,69,0,3,4
04,13,160,20,186,78,0,6,12
04,13,170,50,213,65,0,5,6
04,13,990,10,118,96,4,8,-1
04,13,180,60,131,51,0,7,12
04,13,210,100,135,65,0,7,-1
04,13,50,70,146,53,0,2,7
04,13,60,80,181,79,0,0,4
04,13,130,20,219,107,0,0,3
04,13,250,40,131,82,0,8,4
04,13,90,20,146,91,0,1,4
04,13,120,50,198,93,0,2,-9
04,13,240,40,122,87,-1,8,2
04,13,200,80,111,78,1,8,-7
04,13,190,40,169,105,0,8,-8
04,13,130,70,235,99,0,0,2
04,13,310,10,188,103,1,8,18
04,13,360,10,178,131,0,7,0
04,13,280,30,183,117,0,0,7
04,13,20,30,199,113,0,0,6
04,13,90,70,233,105,0,0,5
04,13,250,30,185,110,0,7,-9
04,13,20,30,149,94,0,7,5
04,13,40,50,167,63,0,0,9
04,13,80,50,151,85,0,8,6
04,13,20,40,189,108,0,4,3
04,13,10,30,192,61,0,0,4
04,13,310,70,152,13,0,1,-4
04,13,990,10,138,48,0,1,6
04,13,100,60,179,58,0,1,3
04,13,190,80,178,79,0,7,-15
04,13,170,30,186,100,0,8,1
04,13,210,80,148,67,0,8,-5
04,13,230,50,97,81,2,8,12
04,13,140,20,162,63,0,7,2
04,13,70,30,187,49,0,1,2
04,13,260,70,72,-4,3,4,17
04,13,160,80,129,-10,0,1,-7
04,13,180,70,102,61,0,7,9
04,13,240,60,97,54,0,8,10
04,13,240,60,114,4,0,7,-3
04,13,160,50,154,22,0,0,9
04,13,190,20,189,65,0,7,-4
04,13,350,40,110,81,0,8,2
04,13,320,40,152,52,0,7,-6
04,13,350,40,133,37,0,4,-4
04,13,50,70,85,15,-1,8,-3
04,13,50,80,147,40,0,1,-4
04,13,40,70,164,24,0,0,-6
04,13,60,60,135,25,0,6,13
04,13,40,50,147,-2,0,0,3
04,13,20,30,108,18,0,6,13
04,13,990,10,147,1,0,0,5
04,13,220,20,196,4,0,0,-5
04,13,40,30,130,5,0,1,8
04,13,290,70,129,-18,0,0,7
04,13,300,50,100,-34,0,7,-12
04,13,10,10,107,1,0,4,0
04,13,80,30,140,-5,0,0,11
04,13,80,40,188,-27,0,0,5
04,13,170,40,245,15,0,5,-7
04,13,280,50,160,84,0,8,2
04,13,290,30,196,64,0,1,-7
04,13,190,30,221,56,0,4,8
04,13,220,50,268,77,0,4,-8
04,13,270,60,106,89,1,8,21
04,13,220,80,155,122,0,8,7
04,13,150,70,221,106,0,1,11
04,13,200,30,130,105,-1,7,7
04,13,280,50,126,49,0,7,11
04,13,220,80,130,38,0,8,-2
04,13,260,50,200,108,0,0,11
04,13,290,50,168,102,0,8,-14
04,13,300,40,169,81,0,1,7
04,13,30,20,157,46,0,0,7
04,13,60,40,175,50,0,0,9
04,13,250,40,225,67,0,0,3
04,13,300,70,105,0,0,2,2
04,13,300,50,131,-15,0,1,-1
04,13,240,20,121,22,0,8,2
04,13,140,20,143,-8,0,7,2
04,13,280,20,155,-7,0,8,0
04,13,130,30,176,6,0,6,-9
04,13,180,40,190,19,0,0,1
04,13,160,30,235,43,0,1,7
04,13,160,20,237,26,0,0,0
04,13,200,40,249,37,0,1,4
04,13,120,50,256,48,0,5,8
04,13,70,40,261,76,0,5,-3
04,13,80,50,251,51,0,0,9
04,13,70,30,232,37,0,0,2
04,13,60,50,219,46,0,0,-1
04,13,330,30,145,97,-1,8,10
04,13,70,40,165,110,0,6,0
04,13,70,70,217,121,0,0,5
04,13,70,90,205,83,0,0,0
04,13,280,40,99,7,0,4,-3
04,13,200,30,125,44,0,7,-3
04,13,90,20,143,23,0,8,8
04,13,20,30,86,74,1,8,5
04,13,70,50,80,30,0,8,8
04,13,260,40,100,-2,0,0,6
04,13,330,50,69,-19,0,8,-4
04,13,210,30,87,-26,0,6,2
04,13,220,70,110,83,1,8,-7
04,13,230,30,85,75,2,8,16
04,13,310,40,94,41,2,7,20
04,13,140,40,116,56,0,7,-30
04,13,170,30,111,44,0,1,11
04,13,30,40,112,38,0,6,12
04,13,360,50,85,21,0,8,6
04,13,330,50,91,-18,0,4,5
04,13,200,100,106,-33,0,7,-2
04,13,220,80,96,63,1,7,25
04,13,200,60,129,36,0,7,4
04,13,220,70,77,62,65,8,33
04,13,260,50,121,36,-1,6,-12
04,13,990,10,75,47,25,8,17
04,13,180,50,126,35,0,7,-5
04,13,200,30,116,44,0,8,5
04,13,160,50,118,72,-1,8,-6
04,13,200,110,144,66,0,7,10
04,13,220,60,154,74,0,7,4
04,13,10,30,180,134,-1,7,-1
04,13,310,20,188,121,0,7,6
04,13,80,30,223,81,0,7,-6
04,13,70,60,67,-76,0,0,9
04,13,60,100,86,-88,0,0,-4
04,13,80,90,63,-55,0,7,6
04,13,70,80,46,-29,0,7,5
04,13,40,50,43,-15,0,8,6
04,13,50,60,87,-61,0,8,0
04,13,990,10,96,-33,0,1,-1
04,13,100,70,95,-49,0,7,5
04,13,140,40,80,59,1,8,1
04,13,260,60,115,47,0,3,-17
04,13,230,70,107,75,0,8,12
04,13,210,50,128,91,5,7,-6
04,13,250,60,145,64,0,4,5
04,13,160,50,196,92,0,8,17
04,13,240,40,142,116,6,8,24
04,13,230,100,184,43,0,7,-10
04,13,210,70,211,105,0,0,5
04,13,240,120,165,25,0,5,-9
04,13,230,50,101,46,-1,8,4
04,13,50,50,113,14,0,0,2
04,13,300,10,132,12,0,8,2
04,13,210,30,154,10,0,0,-2
04,13,280,50,138,94,0,7,6
04,13,240,60,208,93,0,0,10
04,13,180,30,212,120,0,7,17
04,13,340,60,80,73,18,8,-5
04,13,350,40,98,8,0,7,11
04,13,240,20,111,-8,0,8,3
04,13,270,50,84,53,-1,8,15
04,13,10,40,146,21,0,2,-8
04,13,270,20,196,86,0,8,9
04,13,130,20,211,83,0,4,1
04,13,170,50,224,63,0,1,3
04,13,300,20,154,105,0,8,-1
04,13,220,20,161,93,0,3,7
04,13,210,60,177,114,0,8,4
04,13,180,40,210,108,0,7,13
04,13,260,90,114,48,0,6,-14
04,13,280,60,136,41,0,7,7
04,13,230,30,162,80,0,8,-8
04,13,50,20,152,56,0,7,-5
04,13,300,40,142,33,0,7,4
04,13,270,60,127,38,0,8,18
04,13,310,80,121,22,0,1,-6
04,13,330,30,97,20,0,7,10
04,13,140,40,139,-2,0,0,6
04,13,200,80,174,6,0,0,12
04,13,320,50,119,27,0,4,-4
04,13,80,70,159,46,0,1,4
04,13,90,100,207,83,0,5,-1
04,13,80,50,135,87,0,8,-5
04,13,190,30,183,74,0,6,10
04,13,990,10,201,90,0,8,-3
04,13,360,20,214,106,0,7,-74
04,13,100,50,232,111,0,2,8
04,13,140,30,175,69,0,7,3
04,13,90,20,145,91,0,3,12
04,13,70,30,172,93,0,7,-3
04,13,270,20,140,114,4,8,11
04,13,230,20,163,122,0,8,11
04,13,280,90,77,-1,0,7,5
04,13,320,70,91,-9,0,6,-9
04,13,160,20,90,-2,0,7,5
04,13,30,60,88,-4,0,5,4
04,13,10,30,92,5,0,8,21
04,13,50,20,93,53,0,8,14
04,13,260,40,121,33,0,5,3
04,13,100,20,120,59,0,7,8
04,13,230,30,177,59,0,1,11
04,13,180,20,207,52,0,4,3
04,13,240,80,144,80,-1,7,-10
04,13,230,70,147,15,0,0,7
04,13,290,30,116,19,0,3,11
04,13,250,70,202,53,0,0,9
04,13,270,60,233,54,0,0,3
04,13,60,40,151,37,0,1,-5
04,13,40,40,125,32,0,7,-1
04,13,40,60,130,5,0,5,16
04,13,990,10,147,42,0,2,-3
04,13,40,50,178,21,0,0,4
04,13,330,30,190,50,0,1,3
04,13,350,40,139,49,0,3,7
04,13,330,20,137,75,0,1,9
04,13,230,50,207,34,0,8,9
04,13,210,60,156,96,0,8,-17
04,13,260,40,165,97,0,8,-24
04,13,10,50,128,9,0,3,0
04,13,280,70,111,3,0,3,-8
04,13,190,70,135,9,0,8,2
04,13,300,40,130,54,0,3,-2
04,13,110,30,126,29,0,2,9
04,13,120,20,130,52,0,5,9
04,13,200,40,196,89,0,3,5
04,13,220,70,152,65,0,3,14
04,13,270,40,126,84,-1,8,-4
04,13,230,90,109,59,-1,8,0
04,13,240,80,107,26,0,8,-5
04,13,240,40,112,36,0,7,14
04,13,160,60,147,17,0,2,2
04,13,70,40,132,65,0,3,13
04,13,100,90,193,64,0,0,2
04,13,200,50,173,55,0,4,7
04,13,160,20,134,81,0,7,3
04,13,210,20,157,39,0,8,-1
04,13,280,50,114,86,-1,8,20
04,13,290,60,116,56,-1,7,-7
04,13,300,40,106,21,0,3,-42
04,13,250,70,119,5,0,8,-2
04,13,340,40,126,35,0,8,1
04,13,60,20,134,26,0,0,5
04,13,60,50,169,53,0,0,7
04,13,30,30,132,43,0,8,0
04,13,330,60,84,-1,0,7,10
04,13,340,40,41,21,12,5,38
04,13,220,90,68,41,8,8,1
04,13,280,70,77,27,-1,5,-28
04,13,290,40,70,39,4,7,8
04,13,310,30,59,21,-1,8,11
04,13,210,70,99,42,-1,8,-2
04,13,350,30,118,38,0,8,-3
04,13,230,30,142,101,0,8,0
04,13,300,30,153,77,0,5,17
04,13,60,20,119,67,0,0,11
04,13,20,20,155,55,0,5,9
04,13,280,60,126,35,0,7,-4
04,13,350,20,95,53,0,8,3
04,13,270,30,133,67,0,8,5
04,13,110,20,137,47,0,4,6
04,13,190,20,206,43,0,0,9
04,13,300,50,143,31,0,5,-13
04,13,260,50,132,40,0,8,8
04,13,270,60,120,56,0,8,0
04,13,280,50,123,31,0,5,0
04,13,270,30,110,38,0,8,-1
04,13,290,60,119,33,0,,-3
04,13,310,50,100,34,0,,-4
04,13,330,60,111,-17,0,,-10
04,13,20,30,101,5,-1,4,3
04,13,110,30,79,-58,0,6,5
04,13,280,30,115,-38,0,8,7
04,13,270,50,140,74,0,8,6
04,13,320,40,109,16,0,6,-3
04,13,320,30,92,24,0,8,7
04,13,260,60,145,27,0,,5
04,13,320,50,99,9,0,5,2
04,13,270,40,104,10,0,1,-10
04,13,280,50,88,0,0,8,19
04,13,290,40,103,31,0,8,5
04,13,990,10,125,3,0,6,-1
04,13,110,90,189,2,0,8,-5
04,13,320,20,55,44,0,8,3
04,13,160,60,121,33,0,8,-3
04,13,180,70,169,80,0,4,1
04,13,190,40,130,97,3,8,6
04,13,310,60,79,6,0,6,4
04,13,120,80,139,-20,0,7,8
04,13,160,70,209,70,0,8,13
04,13,150,20,227,69,0,8,6
04,13,40,40,176,101,0,8,0
04,13,120,20,187,86,0,8,-1
04,13,80,20,144,112,0,8,1
04,13,70,40,147,107,0,8,3
04,13,260,30,151,101,0,8,3
04,13,180,20,160,84,0,7,1
04,13,210,40,174,102,0,8,5
04,13,250,30,165,78,0,5,-9
04,13,180,40,200,66,0,6,3
04,13,130,20,236,78,0,3,7
04,13,120,50,278,78,0,8,1
04,13,270,30,275,114,0,7,-8
04,13,40,30,221,105,0,5,0
04,13,200,60,259,118,0,0,7
04,13,250,60,172,74,0,3,-14
04,13,240,60,136,88,0,8,5
04,13,270,60,144,45,0,6,7
04,13,270,70,134,21,0,3,1
04,13,170,30,156,31,0,8,8
04,13,220,70,155,74,0,8,-9
04,13,30,50,141,114,0,8,10
04,13,180,70,136,88,1,8,-17
04,13,80,50,139,26,0,0,2
04,13,170,40,123,93,-1,8,22
04,13,140,40,92,45,0,8,6
04,13,100,20,93,31,0,8,-4
04,13,80,40,112,48,0,7,-5
04,13,110,60,148,58,0,6,10
04,13,70,80,206,66,0,8,-3
04,13,40,20,203,77,0,5,-12
04,13,60,60,147,56,0,8,0
04,13,40,70,118,11,0,0,2
04,13,60,50,98,-21,0,5,12
04,13,70,60,69,-20,0,8,-2
04,13,30,40,70,-44,0,8,2
04,13,80,60,111,-10,0,1,-1
04,13,80,60,158,58,0,3,11
04,13,90,60,187,34,0,8,6
04,13,140,20,132,106,0,8,13
04,13,80,60,214,49,0,0,5
04,13,80,60,237,38,0,0,4
04,13,20,30,246,30,0,0,-2
04,13,60,30,235,29,0,0,7
04,13,120,70,256,4,0,5,2
04,13,90,70,201,64,0,8,3
04,13,160,70,246,68,0,6,6
04,13,150,60,175,85,0,8,-13
04,13,220,40,162,76,0,7,10
04,13,260,50,87,64,26,8,33
04,13,990,10,109,56,0,8,9
04,13,330,20,166,54,0,6,-10
04,13,360,30,121,86,0,8,1
04,13,330,20,99,-20,0,0,-8
04,13,260,40,103,13,0,8,-2
04,13,290,40,96,5,0,8,3
04,13,150,50,139,-25,0,0,4
04,13,130,60,192,-1,0,0,5
04,13,180,50,232,40,0,0,0
04,13,70,40,189,65,0,7,-1
04,13,990,10,245,55,0,1,0
04,13,40,40,200,56,0,0,1
04,13,40,30,181,50,0,7,6
04,13,50,20,201,34,0,5,1
04,13,220,40,232,32,0,1,5
04,13,20,60,104,-27,0,1,2
04,13,350,30,95,-4,0,8,-2
04,13,990,10,157,0,0,0,8
04,13,990,10,219,15,0,3,5
04,13,50,50,171,52,0,0,5
04,13,300,10,136,104,5,8,9
04,13,60,70,173,15,0,0,6
04,13,80,100,176,-29,0,0,10
04,13,70,110,192,9,0,0,2
04,13,70,90,205,6,0,0,8
04,13,110,40,221,7,0,1,10
04,13,340,50,193,41,0,8,-6
04,13,60,20,137,21,0,5,16
04,13,290,30,168,44,0,0,-2
04,13,250,50,213,30,0,5,2
04,13,0,0,137,107,10,8,-3
04,13,230,70,151,72,0,8,7
04,13,220,70,160,30,0,7,-2
