04,17,240,82,144,79,0,8,-8
04,17,230,93,160,34,0,1,-19
04,17,250,41,90,64,-1,5,-7
04,17,190,108,114,-1,-1,8,-24
04,17,240,72,105,28,0,7,-8
04,17,220,57,112,35,0,7,-5
04,17,250,93,113,43,0,2,-6
04,17,260,67,125,54,0,6,-7
04,17,250,15,142,37,0,7,-7
04,17,90,46,171,66,0,1,-14
04,17,150,51,188,42,0,5,-21
04,17,90,82,198,35,0,0,-15
04,17,20,62,191,33,0,0,-20
04,17,50,46,183,22,0,1,-16
04,17,50,36,180,31,0,1,-10
04,17,360,113,46,15,-1,7,-2
04,17,350,46,60,26,0,6,-8
04,17,290,26,43,39,4,7,-7
04,17,30,77,57,-50,0,5,-9
04,17,360,51,60,-62,0,3,-18
04,17,240,57,80,-18,0,2,-12
04,17,270,57,62,30,2,5,-3
04,17,300,36,56,34,0,7,-2
04,17,60,26,71,35,0,3,-4
04,17,80,51,104,15,0,4,-21
04,17,40,51,125,-4,0,1,-7
04,17,360,41,131,2,0,1,-9
04,17,340,51,111,-1,0,2,-12
04,17,260,31,106,19,0,5,-2
04,17,60,82,76,76,14,8,-2
04,17,260,46,97,3,0,4,-9
04,17,170,57,82,42,0,6,0
04,17,360,41,81,39,0,2,-6
04,17,10,26,74,10,0,6,-4
04,17,320,36,82,2,0,7,-7
04,17,220,41,104,27,0,6,-5
04,17,150,26,128,37,0,3,-15
04,17,50,57,141,20,0,1,-14
04,17,50,46,138,18,0,0,-16
04,17,80,31,142,45,0,7,-10
04,17,360,10,167,34,0,2,-8
04,17,240,62,126,83,0,6,-5
04,17,250,67,77,53,4,6,3
04,17,190,77,138,1,0,7,-5
04,17,290,57,50,35,1,8,-3
04,17,340,46,61,-11,0,5,-9
04,17,230,57,65,61,7,8,-2
04,17,240,46,128,112,0,8,-1
04,17,310,62,114,19,0,2,-13
04,17,70,31,109,17,0,1,-8
04,17,270,31,176,39,0,1,-9
04,17,260,31,127,63,0,7,-4
04,17,220,57,125,84,0,6,-8
04,17,220,57,155,92,0,7,-2
04,17,270,26,120,117,-1,8,3
04,17,310,36,149,115,-1,8,-17
04,17,240,113,110,69,-1,6,5
04,17,230,87,112,61,-1,7,-10
04,17,350,51,105,57,0,5,-6
04,17,230,67,136,42,0,7,-14
04,17,180,51,103,57,0,6,-4
04,17,330,31,91,13,0,6,-10
04,17,990,10,110,-5,0,3,-19
04,17,300,51,70,19,0,6,-2
04,17,190,93,71,48,2,8,1
04,17,250,67,76,56,21,3,6
04,17,320,26,82,40,0,7,-7
04,17,70,41,97,9,0,5,-15
04,17,150,41,135,15,0,8,-9
04,17,60,41,136,22,0,3,-17
04,17,90,51,110,75,0,7,-9
04,17,70,72,109,59,0,6,-13
04,17,70,36,125,82,0,6,-16
04,17,280,31,92,65,2,6,-3
04,17,330,41,99,62,0,6,-3
04,17,220,31,124,71,0,1,-16
04,17,230,57,102,93,3,8,0
04,17,250,118,123,88,0,8,-7
04,17,250,41,128,81,0,8,-4
04,17,220,31,207,73,0,4,-9
04,17,240,67,214,57,0,6,-29
04,17,210,77,136,95,-1,8,-5
04,17,160,41,192,97,0,6,-15
04,17,990,10,215,81,0,7,-19
04,17,20,26,191,96,0,3,-14
04,17,190,26,199,-1,0,6,0
04,17,40,82,229,103,0,0,-9
04,17,80,72,250,36,0,0,-17
04,17,80,51,245,53,0,2,-12
04,17,100,57,241,40,0,1,-12
04,17,230,108,80,38,-1,7,-12
04,17,250,51,58,18,0,7,-24
04,17,230,67,83,7,0,6,-15
04,17,260,123,55,17,0,7,-16
04,17,230,62,41,30,2,7,4
04,17,200,21,62,44,0,7,-1
04,17,220,46,87,4,0,8,-11
04,17,240,67,79,26,0,4,-11
04,17,250,46,28,24,-1,8,0
04,17,60,41,79,-5,0,2,-8
04,17,990,10,84,55,0,8,1
04,17,350,31,86,64,0,8,0
04,17,350,87,81,35,0,7,-9
04,17,250,26,76,13,0,1,-10
04,17,60,26,94,27,0,5,-5
04,17,40,82,128,49,0,7,-13
04,17,30,72,72,10,0,6,0
04,17,360,57,100,-15,0,2,-8
04,17,350,36,106,9,0,0,-8
04,17,300,36,122,16,0,7,-6
04,17,270,41,140,41,0,5,-5
04,17,990,15,180,55,0,2,-8
04,17,230,62,174,87,0,7,-10
04,17,210,36,144,111,3,6,-12
04,17,290,36,125,58,0,5,-1
04,17,190,41,138,102,0,7,-3
04,17,220,57,158,133,0,6,-3
04,17,290,36,190,116,0,5,-5
04,17,280,21,225,102,0,4,-6
04,17,340,67,187,116,0,3,-17
04,17,260,46,118,118,1,8,2
04,17,240,72,156,99,0,0,-12
04,17,240,67,137,98,0,2,-9
04,17,10,41,125,64,0,6,-10
04,17,230,21,136,55,0,7,-2
04,17,220,36,107,105,-1,7,2
04,17,320,51,117,80,0,7,-9
04,17,350,67,70,11,0,5,-5
04,17,270,31,83,12,0,7,-8
04,17,240,26,86,86,4,8,0
04,17,200,26,123,90,0,3,-15
04,17,20,93,112,36,0,7,-8
04,17,30,51,115,41,0,6,-2
04,17,350,46,112,62,0,3,-6
04,17,340,77,84,70,-1,8,-13
04,17,290,51,71,46,2,7,-19
04,17,240,98,89,76,3,8,-21
04,17,260,21,75,61,-1,8,-4
04,17,10,46,62,18,0,8,-8
04,17,180,51,65,37,3,7,-12
04,17,50,41,110,29,-1,8,-13
04,17,200,26,116,77,0,8,0
04,17,20,87,153,104,0,8,-8
04,17,990,15,203,145,0,1,-12
04,17,60,21,148,116,11,7,-13
04,17,40,62,181,85,0,6,-15
04,17,350,57,86,82,-1,8,0
04,17,60,31,98,30,0,5,-9
04,17,100,36,152,106,0,7,-10
04,17,330,21,110,110,3,8,2
04,17,40,67,35,-54,0,1,-8
04,17,360,46,38,-41,0,6,-2
04,17,30,67,69,-46,0,1,-10
04,17,70,67,66,0,0,7,-4
04,17,50,36,108,31,0,3,-8
04,17,20,31,139,54,0,2,-5
04,17,290,46,114,48,0,3,-11
04,17,990,15,100,47,0,7,-2
04,17,30,21,135,63,0,6,-13
04,17,140,26,134,71,0,8,-5
04,17,340,21,96,85,0,8,-2
04,17,50,46,66,-68,0,5,-6
04,17,60,51,98,-3,0,6,-6
04,17,50,41,119,-11,0,1,-11
04,17,990,15,155,-37,0,5,-8
04,17,160,26,177,5,0,4,-18
04,17,270,36,176,13,0,8,-12
04,17,230,57,168,48,0,4,-9
04,17,220,31,204,58,0,7,-4
04,17,180,62,226,-6,0,7,-15
04,17,200,51,235,44,0,2,-18
04,17,140,62,236,64,0,2,-10
04,17,200,62,166,85,0,3,-1
04,17,220,46,121,61,-1,4,2
04,17,270,36,144,31,0,6,-7
04,17,350,36,168,69,0,7,-5
04,17,20,46,200,80,0,3,-18
04,17,340,62,155,63,0,5,-10
04,17,340,36,110,13,0,5,-4
04,17,280,26,144,-8,0,6,-1
04,17,330,20,166,49,0,0,-11
04,17,10,20,146,31,0,0,-7
04,17,280,40,77,64,4,8,-3
04,17,310,50,69,-31,0,2,-7
04,17,250,80,96,88,8,8,-1
04,17,10,50,81,-14,0,6,-4
04,17,70,50,94,-31,0,1,-11
04,17,80,60,128,-21,0,3,-14
04,17,990,10,163,-13,0,7,-9
04,17,360,30,157,45,0,7,-11
04,17,350,80,74,-28,0,3,-7
04,17,340,50,82,0,0,6,-6
04,17,360,30,111,3,0,3,-8
04,17,330,70,98,67,-1,8,-5
04,17,340,60,87,-11,0,5,-12
04,17,340,30,84,5,0,4,-8
04,17,30,30,118,-9,0,2,-10
04,17,350,60,89,39,0,5,-8
04,17,10,60,67,-28,0,7,-6
04,17,50,60,75,-70,0,1,-7
04,17,40,30,103,-64,0,1,-5
04,17,360,50,89,-21,0,7,-4
04,17,260,30,122,-36,0,2,-7
04,17,240,70,158,2,0,5,-7
04,17,70,50,147,39,0,8,-10
04,17,130,20,120,103,0,8,-4
04,17,300,40,121,105,1,8,-6
04,17,240,90,148,94,0,6,-11
04,17,290,60,102,80,-1,8,-3
04,17,10,40,142,86,0,6,-1
04,17,210,10,142,104,0,7,0
04,17,200,70,110,93,1,8,-3
04,17,190,70,112,80,-1,8,-6
04,17,210,90,129,73,-1,7,-13
04,17,200,60,108,66,0,2,-8
04,17,190,60,107,61,0,6,-14
04,17,350,80,68,68,27,8,-9
04,17,350,50,77,52,0,6,-8
04,17,180,20,92,67,-1,7,-8
04,17,290,30,76,51,0,8,-4
04,17,270,40,72,48,0,7,5
04,17,270,40,64,11,0,6,-7
04,17,220,50,38,18,0,7,-3
04,17,210,20,59,18,-1,7,-11
04,17,200,60,97,59,0,7,-19
04,17,180,30,82,7,-1,7,-1
04,17,170,40,84,63,6,8,-11
04,17,240,50,99,65,0,7,-9
04,17,190,40,112,24,0,6,-19
04,17,180,40,99,86,3,7,-4
04,17,200,20,120,75,-1,8,0
04,17,80,50,195,93,0,1,-12
04,17,270,50,199,122,0,6,-22
04,17,230,80,139,71,0,7,-3
04,17,210,80,143,121,-1,8,0
04,17,990,10,108,91,0,8,-3
04,17,310,30,86,84,7,8,-1
04,17,200,30,107,91,-1,7,6
04,17,50,40,154,77,0,4,-3
04,17,350,50,156,106,0,2,-8
04,17,100,70,170,46,0,3,-18
04,17,260,80,173,108,0,4,-20
04,17,190,30,126,112,-1,8,-2
04,17,310,30,139,78,0,7,-8
04,17,200,50,137,130,0,8,-3
04,17,250,90,143,102,0,3,-7
04,17,300,60,99,63,0,7,-7
04,17,360,40,112,51,0,6,-9
04,17,260,30,152,86,0,5,-7
04,17,280,50,128,93,0,7,-7
04,17,270,60,105,33,0,7,-6
04,17,230,60,105,52,0,5,-12
04,17,230,60,83,-1,0,7,-42
04,17,50,40,13,11,9,8,-8
04,17,210,60,63,18,0,7,-2
04,17,260,20,91,27,0,3,-11
04,17,20,20,92,13,-1,7,-15
04,17,280,20,93,-11,0,4,-11
04,17,360,20,94,28,0,5,-7
04,17,160,60,132,56,0,7,-5
04,17,190,60,150,81,0,2,-25
04,17,310,20,139,73,0,6,-16
04,17,200,40,144,78,0,7,-8
04,17,200,40,122,84,0,7,-6
04,17,70,50,160,76,0,5,-9
04,17,170,20,166,105,1,7,-4
04,17,40,50,159,88,0,3,-5
04,17,40,50,166,92,0,2,-2
04,17,50,50,162,43,0,2,-9
04,17,360,20,199,59,0,0,-12
04,17,240,30,77,28,0,6,-8
04,17,100,50,134,62,0,7,-13
04,17,160,40,141,86,-1,8,-8
04,17,300,20,102,70,2,8,0
04,17,20,70,58,-16,0,7,-3
04,17,40,40,93,-11,0,0,-11
04,17,50,30,116,-15,0,0,-16
04,17,50,40,116,15,0,7,-11
04,17,90,70,137,11,0,4,-10
04,17,30,40,112,5,0,1,-13
04,17,210,70,110,-7,0,8,-7
04,17,200,60,90,1,-1,5,-29
04,17,250,50,52,38,-1,7,-1
04,17,190,40,112,49,0,7,-14
04,17,190,90,102,51,0,5,-4
04,17,170,60,131,50,0,8,-11
04,17,200,70,129,63,1,3,-8
04,17,170,20,139,57,0,7,-11
04,17,190,40,143,75,0,7,-5
04,17,170,20,178,78,0,7,-12
04,17,250,50,188,42,0,7,-13
04,17,260,40,166,138,2,8,-7
04,17,310,10,122,117,-1,8,-1
04,17,290,20,157,64,0,2,2
04,17,160,30,198,81,0,6,-16
04,17,250,60,173,121,0,7,-3
04,17,30,30,210,151,0,7,-1
04,17,100,20,213,141,0,7,-1
04,17,990,10,120,107,0,8,0
04,17,20,40,165,128,0,1,-8
04,17,0,0,172,90,0,7,-28
04,17,170,50,200,71,0,1,-20
04,17,180,40,127,73,0,5,-11
04,17,290,100,88,31,-1,7,-19
04,17,200,80,73,35,3,8,-10
04,17,210,70,121,86,-1,8,-7
04,17,170,50,106,38,0,6,-14
04,17,300,50,89,20,0,7,-8
04,17,190,20,102,97,-1,8,0
04,17,260,30,90,68,8,7,-5
04,17,330,30,92,73,0,7,-1
04,17,330,60,71,25,-1,6,-8
04,17,360,70,53,-20,0,6,-22
04,17,250,60,42,-45,0,8,-29
04,17,300,70,91,38,0,7,-8
04,17,310,50,76,57,6,7,-5
04,17,260,40,71,5,0,7,-4
04,17,300,50,56,16,0,7,-4
04,17,250,50,50,8,-1,7,-3
04,17,110,20,68,0,0,6,-18
04,17,340,60,85,6,-1,4,-3
04,17,120,40,101,5,0,6,-4
04,17,340,20,119,4,0,8,-3
04,17,190,40,143,72,0,8,-9
04,17,190,40,96,77,11,5,11
04,17,230,60,142,60,0,2,-11
04,17,200,30,108,92,1,8,-5
04,17,240,70,140,58,0,4,-8
04,17,190,30,159,74,0,8,-8
04,17,50,20,187,128,-1,8,-5
04,17,70,20,168,66,0,2,-23
04,17,120,40,183,30,0,4,-27
04,17,90,70,186,36,0,1,-19
04,17,70,50,169,16,0,7,-10
04,17,80,70,144,-48,0,0,-18
04,17,50,60,93,-31,0,0,-9
04,17,50,40,118,-25,0,0,-11
04,17,50,50,116,-43,0,0,-11
04,17,20,50,102,-48,0,8,-5
04,17,50,70,104,-19,0,2,-13
04,17,60,30,99,12,0,5,-7
04,17,20,70,125,20,0,4,-8
04,17,350,60,85,15,0,8,-4
04,17,290,50,83,27,-1,7,-7
04,17,260,30,66,42,0,8,-5
04,17,290,30,83,71,0,8,-3
04,17,80,20,104,59,0,7,-5
04,17,320,50,90,55,-1,7,-10
04,17,300,20,87,62,2,7,-5
04,17,330,30,128,50,0,3,-9
04,17,30,30,163,58,0,3,-18
04,17,230,30,182,66,0,7,-11
04,17,320,40,173,92,0,7,-9
04,17,300,20,199,113,0,5,-6
04,17,290,40,142,93,0,6,-4
04,17,210,90,85,70,3,8,8
04,17,250,40,95,53,0,7,0
04,17,200,60,121,83,1,6,1
04,17,240,100,110,59,3,7,4
04,17,200,50,157,77,0,6,-3
04,17,230,120,93,68,13,8,-2
04,17,320,60,64,27,0,7,-11
04,17,340,50,72,-11,-1,7,-14
04,17,260,30,92,22,0,8,-5
04,17,350,80,91,42,0,8,-11
04,17,10,70,73,-38,0,0,-6
04,17,60,40,53,-109,0,0,-14
04,17,40,40,57,-92,0,8,-8
04,17,40,40,54,-72,0,7,-16
04,17,210,10,36,-12,-1,7,-11
04,17,10,10,90,-46,0,5,-9
04,17,200,20,135,-5,0,7,-7
04,17,90,60,175,13,0,0,-16
04,17,90,60,194,-9,0,0,-13
04,17,100,60,232,41,0,0,-18
04,17,50,60,222,39,0,0,-19
04,17,50,50,205,4,0,0,-18
04,17,40,60,148,4,0,0,-11
04,17,60,60,82,43,0,8,-1
04,17,90,50,161,77,0,6,-8
04,17,200,40,182,67,0,8,-24
04,17,340,40,165,48,0,7,-6
04,17,30,30,172,78,0,0,-6
04,17,110,30,210,66,0,4,-19
04,17,70,30,184,120,-1,8,-7
04,17,230,70,125,112,-1,8,-1
04,17,210,70,126,103,-1,6,-1
04,17,210,60,214,119,0,7,-5
04,17,260,30,177,81,0,1,-6
04,17,210,50,135,110,0,5,-7
04,17,120,30,175,53,0,1,-20
04,17,220,50,145,61,-1,8,-12
04,17,210,60,122,82,-1,6,-2
04,17,250,80,118,11,0,8,-13
04,17,230,90,90,44,0,8,-6
04,17,280,20,77,27,-1,2,-16
04,17,290,40,70,36,-1,6,2
04,17,240,20,58,35,-1,7,-14
04,17,360,30,75,36,0,8,-1
04,17,20,50,63,46,5,8,-1
04,17,60,30,82,10,0,4,-7
04,17,20,60,116,42,0,8,-12
04,17,30,40,109,53,0,8,-3
04,17,80,40,138,31,0,0,-13
04,17,170,30,164,42,0,5,-11
04,17,90,60,187,39,0,0,-20
04,17,240,70,168,55,0,7,-12
04,17,170,80,104,59,-1,8,1
04,17,200,60,87,31,3,8,-17
04,17,190,50,121,57,0,0,-9
04,17,190,40,161,94,0,4,-7
04,17,340,40,156,115,-1,8,-9
04,17,340,50,155,32,0,0,-12
04,17,20,40,150,46,0,1,-4
04,17,70,40,159,60,0,2,-12
04,17,70,50,174,54,0,1,-13
04,17,100,50,191,87,0,3,-13
04,17,240,30,130,107,5,7,-3
04,17,120,10,160,107,-1,8,-1
04,17,170,50,156,132,2,8,-19
04,17,80,50,148,4,0,0,-16
04,17,80,20,172,-5,0,0,-20
04,17,250,30,188,79,0,8,-8
04,17,210,60,172,67,0,8,-14
04,17,240,50,116,23,0,3,-9
04,17,200,60,122,79,0,8,-5
04,17,230,90,111,32,-1,1,-11
04,17,300,60,74,25,0,4,-9
04,17,270,50,44,21,-1,8,3
04,17,310,40,98,48,0,7,-7
04,17,70,20,130,64,0,8,-19
04,17,0,0,143,57,0,8,-7
04,17,230,70,131,83,-1,8,-11
04,17,230,20,156,52,0,7,-31
04,17,230,70,114,54,0,7,-15
04,17,310,40,86,76,0,8,-2
04,17,230,40,103,94,0,8,-5
04,17,230,40,134,94,-1,8,-15
04,17,10,10,84,63,-1,7,-3
04,17,40,40,112,55,0,7,-8
04,17,70,30,119,-1,0,0,-13
04,17,50,40,143,18,0,0,-16
04,17,190,40,126,52,0,7,-9
04,17,70,40,169,88,0,7,-34
04,17,240,40,119,113,12,8,1
04,17,200,50,138,80,-1,7,-7
04,17,240,80,109,45,2,7,-2
04,17,200,40,166,55,0,7,-7
04,17,330,20,152,137,-1,8,-1
04,17,60,20,197,138,0,8,-10
04,17,250,50,134,19,0,2,-16
04,17,250,60,123,12,0,3,-13
04,17,240,60,89,54,0,8,-26
04,17,10,50,57,9,0,4,-8
04,17,10,60,70,-42,0,2,-12
04,17,230,50,97,-29,0,2,-7
04,17,240,50,106,18,0,8,-7
04,17,220,70,80,48,1,8,3
04,17,290,20,96,-10,0,6,-7
04,17,340,40,86,-26,0,0,-8
04,17,220,70,83,-7,0,8,-1
04,17,310,40,99,22,0,8,-6
04,17,240,60,106,88,1,8,2
04,17,290,30,93,48,-1,8,-4
04,17,180,30,147,86,-1,8,-4
04,17,240,30,127,98,20,8,-10
04,17,280,30,124,39,0,8,-10
04,17,240,50,125,52,0,8,-6
04,17,240,40,138,47,0,2,-3
04,17,990,10,155,37,0,2,-8
04,17,330,20,183,61,0,7,-10
04,17,340,30,90,43,0,8,-4
04,17,360,20,152,50,0,6,-15
04,17,50,40,176,79,0,2,-24
04,17,310,50,193,114,0,7,-13
04,17,280,20,166,93,0,8,-10
04,17,350,40,146,59,0,8,-5
04,17,320,80,100,16,0,4,-12
04,17,310,30,72,18,-1,8,-2
04,17,50,20,77,29,0,8,0
04,17,50,60,150,5,0,0,-19
04,17,40,40,150,30,0,1,1
04,17,340,50,76,22,0,4,-2
04,17,50,60,103,-24,0,0,-22
04,17,10,30,135,63,0,0,-12
04,17,330,20,163,66,0,0,-10
04,17,30,40,99,31,0,6,-12
04,17,230,20,152,35,0,1,-16
04,17,290,30,151,39,0,0,-15
04,17,340,30,148,81,0,8,-7
04,17,60,40,157,68,0,0,-16
04,17,50,60,200,103,0,3,-23
04,17,50,40,222,116,0,8,-31
04,17,60,40,252,110,0,0,-31
04,17,60,40,249,58,0,0,-22
04,17,50,20,244,68,0,0,-12
04,17,350,50,143,29,0,0,-15
04,17,10,20,132,-2,0,8,-12
04,17,300,30,169,21,0,0,-15
04,17,350,40,122,9,0,2,-7
04,17,60,40,141,0,0,0,-19
04,17,270,20,207,38,0,0,-10
04,17,310,20,220,90,0,8,-11
04,17,80,30,231,100,0,2,-16
04,17,100,50,251,112,0,1,-16
04,17,60,30,250,99,0,0,-12
04,17,70,40,250,79,0,0,-27
04,17,20,40,246,58,0,0,-11
04,17,50,70,209,72,0,0,-15
04,17,50,70,191,18,0,0,-12
04,17,240,50,107,81,-1,8,-3
04,17,290,40,96,51,0,8,-6
04,17,340,50,91,33,0,8,-4
04,17,240,30,107,51,0,8,-1
04,17,50,30,58,48,7,8,-8
04,17,40,30,63,-34,0,8,-7
04,17,180,50,55,20,-1,3,-14
04,17,60,40,83,-10,0,8,-8
04,17,50,30,90,7,0,8,-12
04,17,70,30,98,-13,0,0,-16
04,17,250,40,118,3,0,1,-6
04,17,240,60,124,4,0,0,-10
04,17,180,40,104,54,-1,8,-11
04,17,200,30,57,51,26,8,3
04,17,210,10,76,37,0,7,-11
04,17,50,50,85,-23,0,8,-21
04,17,60,50,105,-7,0,1,-9
04,17,50,80,123,34,0,0,-10
04,17,100,40,94,85,2,8,-1
04,17,80,50,159,69,0,6,-13
04,17,40,50,155,73,0,8,-8
04,17,70,30,133,75,0,8,-1
04,17,260,40,136,89,-1,8,-6
04,17,210,70,161,57,0,8,-6
04,17,270,20,147,57,0,8,-10
04,17,100,20,186,67,0,0,-14
04,17,150,40,215,45,0,8,-15
04,17,190,40,115,63,0,7,-6
04,17,170,60,123,74,-1,8,-4
04,17,220,90,135,57,0,7,-4
04,17,50,80,140,25,0,0,-19
04,17,50,50,173,78,0,0,-27
04,17,260,30,203,97,0,0,-9
04,17,290,30,147,86,0,2,-21
04,17,70,20,137,73,0,0,-17
04,17,160,40,189,76,0,7,-13
04,17,240,30,107,89,-1,8,-7
04,17,190,60,104,85,5,8,-2
04,17,160,40,172,103,0,1,-7
04,17,150,20,217,70,-1,8,-13
04,17,350,30,199,70,0,0,-14
04,17,340,20,179,128,0,8,-9
04,17,320,10,177,103,0,8,-25
04,17,60,50,193,110,0,0,-13
04,17,80,30,202,91,1,8,-20
04,17,240,40,138,99,0,8,-16
04,17,270,30,96,92,-1,8,0
04,17,40,50,107,83,2,8,-11
04,17,70,30,157,89,0,0,-14
04,17,30,40,176,80,0,4,-13
04,17,350,30,186,57,0,0,-12
04,17,350,50,142,17,0,3,-14
04,17,100,40,131,42,0,1,-8
04,17,100,70,171,38,0,0,-12
04,17,220,50,145,88,-1,8,-7
04,17,250,20,161,100,0,8,-6
04,17,180,50,134,40,0,3,-6
04,17,180,30,123,52,0,1,-21
04,17,200,30,130,77,0,7,-10
04,17,70,40,166,65,0,8,-9
04,17,230,50,74,11,2,7,-9
04,17,160,70,100,19,0,6,-11
04,17,180,70,102,46,-1,8,-11
04,17,280,40,79,55,5,8,-2
04,17,240,40,102,20,0,8,-10
04,17,150,30,176,38,0,0,-31
04,17,320,20,164,80,0,8,-12
04,17,340,30,100,80,0,8,1
04,17,350,30,138,56,0,8,-9
04,17,350,40,114,36,0,5,-10
04,17,30,60,77,26,0,6,-12
04,17,60,60,105,47,-1,7,-1
04,17,30,60,142,34,0,6,-8
04,17,60,60,130,14,0,2,-28
04,17,30,60,137,16,0,0,-15
04,17,30,50,102,19,0,4,-7
04,17,60,40,144,5,0,0,-21
04,17,330,20,190,4,0,1,-19
04,17,290,20,117,48,0,2,-9
04,17,310,50,114,-11,0,1,-15
04,17,350,40,97,-10,0,8,-15
04,17,40,40,110,4,0,0,-20
04,17,50,40,147,2,0,0,-22
04,17,60,40,188,0,0,0,-26
04,17,270,20,212,39,0,6,-25
04,17,280,40,150,80,0,8,-8
04,17,350,10,177,78,0,2,-7
04,17,160,30,219,59,0,0,-6
04,17,220,50,236,84,0,8,-13
04,17,270,50,146,43,0,8,-6
04,17,250,30,150,117,0,8,-7
04,17,210,40,217,85,0,3,-15
04,17,240,20,116,98,-1,8,-7
04,17,250,50,122,40,-1,7,-5
04,17,230,80,90,53,5,8,-4
04,17,220,40,203,124,0,0,-21
04,17,320,40,162,98,0,3,-12
04,17,330,40,172,83,0,6,-15
04,17,40,40,155,27,0,0,-24
04,17,50,40,175,59,0,0,-34
04,17,280,40,200,85,0,3,-22
04,17,300,40,96,-5,0,2,-13
04,17,340,40,116,-12,0,8,-8
04,17,350,20,110,19,0,8,-7
04,17,70,30,136,-1,0,0,-30
04,17,290,20,146,-2,0,8,-11
04,17,80,30,152,-5,0,1,-6
04,17,110,20,193,5,0,0,-20
04,17,80,40,217,52,0,0,-19
04,17,50,40,209,50,0,0,-17
04,17,270,20,232,25,0,8,-15
04,17,20,20,199,145,0,7,-2
04,17,40,20,238,112,0,8,-30
04,17,30,50,224,72,0,0,-18
04,17,50,50,211,18,0,0,-19
04,17,30,60,194,57,0,0,-9
04,17,270,20,115,107,0,8,3
04,17,50,40,158,102,0,8,-8
04,17,70,70,189,75,0,5,-26
04,17,60,90,190,79,0,4,-10
04,17,300,20,96,-3,0,0,-15
04,17,60,30,117,41,0,8,-10
04,17,360,30,141,41,0,4,-6
04,17,60,30,94,70,0,8,-17
04,17,50,40,67,28,0,8,0
04,17,330,40,100,-13,0,3,-15
04,17,360,50,58,-23,0,8,-10
04,17,230,60,85,-3,0,8,-4
04,17,220,90,96,80,5,8,-5
04,17,290,30,82,76,13,8,-4
04,17,270,30,79,53,-1,7,5
04,17,330,50,86,35,0,8,-16
04,17,40,20,109,37,0,6,-25
04,17,290,20,81,65,0,5,3
04,17,350,50,74,14,0,8,-4
04,17,340,40,87,-44,0,2,-12
04,17,220,80,77,18,-1,8,-17
04,17,170,80,115,25,0,8,-28
04,17,230,40,127,35,-1,6,-18
04,17,300,30,94,57,6,7,-6
04,17,190,40,82,39,0,8,-38
04,17,200,50,65,54,14,8,13
04,17,170,40,103,36,1,8,-1
04,17,250,30,108,49,0,6,-17
04,17,180,60,98,78,10,8,4
04,17,190,90,128,53,0,7,-23
04,17,300,10,143,64,0,8,-8
04,17,350,40,185,150,0,8,-12
04,17,220,60,193,74,0,0,-12
04,17,40,60,200,89,0,7,-11
04,17,50,70,56,-57,0,0,-12
04,17,40,80,62,-73,0,0,-14
04,17,80,40,45,-44,0,7,-6
04,17,50,60,56,-26,0,8,-10
04,17,50,50,28,-15,0,8,0
04,17,30,50,66,-47,0,8,-14
04,17,40,40,88,-57,0,0,-14
04,17,210,30,80,-10,0,8,-11
04,17,170,30,95,49,0,6,-8
04,17,230,30,84,54,0,7,-4
04,17,230,50,128,66,-1,8,-8
04,17,220,70,113,73,-1,7,-5
04,17,220,60,136,33,0,8,-3
04,17,170,60,223,91,0,0,-9
04,17,240,30,159,104,0,8,-4
04,17,240,60,168,71,0,8,-12
04,17,220,50,220,84,0,1,-11
04,17,240,80,146,1,0,1,-6
04,17,310,40,106,44,0,8,-9
04,17,40,60,110,-6,0,0,-11
04,17,170,40,121,34,0,8,-3
04,17,250,40,142,-21,0,0,-12
04,17,230,40,145,80,0,2,-2
04,17,260,30,208,92,0,0,-11
04,17,260,20,237,86,0,1,-12
04,17,350,40,65,62,10,8,-2
04,17,30,60,91,-6,0,6,-3
04,17,190,20,102,8,0,8,-2
04,17,290,30,116,36,0,7,-1
04,17,60,40,131,12,0,8,-9
04,17,220,10,195,71,0,0,-15
04,17,160,20,199,90,0,1,-10
04,17,210,30,183,75,0,8,-11
04,17,350,20,142,104,0,8,-5
04,17,240,30,153,78,0,0,-13
04,17,230,50,170,108,0,8,-5
04,17,180,50,199,91,0,8,-11
04,17,240,40,96,37,-1,7,-8
04,17,270,40,131,33,0,0,-11
04,17,60,30,160,72,0,8,-16
04,17,50,40,133,45,0,0,-24
04,17,300,30,136,42,0,6,-10
04,17,290,40,130,31,0,8,-13
04,17,320,60,94,18,0,6,-8
04,17,350,40,102,0,0,6,-18
04,17,80,40,139,-6,0,0,-12
04,17,250,40,162,-8,0,8,-7
04,17,340,60,108,24,0,8,-3
04,17,50,70,156,59,0,0,-9
04,17,120,40,184,63,0,8,-6
04,17,90,40,147,61,-1,8,-13
04,17,310,20,115,100,49,8,11
04,17,990,10,193,70,0,1,-12
04,17,170,50,165,100,-1,8,-28
04,17,220,60,216,90,0,8,-16
04,17,240,20,155,77,0,8,-1
04,17,210,40,159,51,0,1,-10
04,17,280,10,151,95,0,8,-4
04,17,350,20,147,92,0,8,-8
04,17,290,30,169,101,0,0,-5
04,17,290,80,84,-15,0,7,-5
04,17,340,60,70,-18,0,7,-8
04,17,160,20,79,19,-1,8,-4
04,17,30,70,74,-32,0,1,-19
04,17,10,30,97,-36,0,6,-17
04,17,60,20,91,40,0,5,-17
04,17,320,20,119,18,0,6,-8
04,17,50,40,103,57,0,0,-11
04,17,300,20,180,39,0,0,-13
04,17,60,40,197,66,0,4,-20
04,17,250,50,114,78,2,8,-33
04,17,240,60,157,43,0,0,-10
04,17,240,30,124,19,0,4,-7
04,17,240,60,203,87,0,0,-12
04,17,300,30,229,64,0,0,-13
04,17,30,60,149,51,0,8,-17
04,17,40,70,119,6,0,5,-13
04,17,50,50,128,-6,0,0,-11
04,17,40,60,146,7,0,0,-17
04,17,30,60,172,27,0,0,-16
04,17,360,50,188,22,0,0,-15
04,17,340,40,146,48,0,7,-12
04,17,50,20,158,36,0,0,-16
04,17,240,40,204,64,0,8,-9
04,17,240,40,161,102,0,8,-9
04,17,280,10,140,114,1,8,-3
04,17,50,40,109,21,0,6,-9
04,17,270,30,107,-30,0,7,-4
04,17,210,50,129,29,0,7,-8
04,17,180,30,85,63,-1,8,7
04,17,90,20,108,27,0,7,-18
04,17,80,40,136,82,0,8,2
04,17,170,30,184,102,0,7,-8
04,17,190,40,153,50,0,3,-13
04,17,240,40,128,71,0,6,-12
04,17,220,100,115,67,-1,8,-16
04,17,990,10,86,34,-1,2,-17
04,17,180,10,105,30,0,8,-9
04,17,160,30,131,13,0,5,-5
04,17,90,60,160,32,0,0,-14
04,17,180,60,183,32,0,8,-7
04,17,200,20,100,91,25,8,-7
04,17,270,10,115,73,0,8,-5
04,17,150,30,123,66,2,8,-11
04,17,230,70,149,31,0,1,-30
04,17,290,50,84,62,7,8,-10
04,17,350,40,73,30,-1,4,-7
04,17,270,50,114,14,0,8,-10
04,17,350,30,123,34,0,8,-14
04,17,60,60,136,9,0,0,-12
04,17,40,40,168,49,0,1,-17
04,17,30,50,121,44,0,8,-8
04,17,350,50,77,-5,-1,6,-17
04,17,330,10,49,22,-1,8,-3
04,17,240,50,58,51,16,8,-2
04,17,230,60,42,11,-1,2,-11
04,17,240,40,58,27,0,8,6
04,17,250,20,69,38,-1,7,-3
04,17,180,30,73,65,20,8,-1
04,17,0,0,79,60,1,8,-4
04,17,270,20,100,86,5,8,0
04,17,330,40,149,53,0,4,-11
04,17,10,20,135,58,0,0,-11
04,17,340,30,146,47,0,0,-18
04,17,330,60,107,37,0,8,-12
04,17,340,30,95,34,0,8,-5
04,17,330,20,123,65,0,8,-5
04,17,360,20,142,56,0,0,-18
04,17,270,10,218,51,0,0,-12
04,17,330,60,115,25,0,4,-10
04,17,240,40,130,40,0,4,-10
04,17,290,60,125,60,0,8,-16
04,17,300,30,122,24,0,6,-10
04,17,280,20,109,47,0,8,-4
04,17,290,50,103,33,0,6,-10
04,17,290,50,99,-9,0,0,-15
04,17,320,50,91,-9,-1,8,-15
04,17,40,40,83,0,-1,5,-1
04,17,50,50,66,-51,0,5,-5
04,17,990,10,112,-37,0,8,-16
04,17,290,40,128,66,0,8,-7
04,17,340,60,92,5,0,8,-6
04,17,350,40,89,16,0,8,-6
04,17,260,30,136,18,0,8,-7
04,17,260,20,77,5,0,7,1
04,17,310,50,70,10,0,4,-1
04,17,310,20,74,19,-1,7,-9
04,17,270,30,105,35,0,8,-4
04,17,50,40,122,11,0,0,-10
04,17,130,60,182,-16,0,8,-6
04,17,310,30,63,35,-1,8,-2
04,17,180,60,128,54,-1,8,-10
04,17,180,70,134,80,0,8,-9
04,17,200,90,135,67,0,3,-10
04,17,320,50,77,2,0,7,-9
04,17,150,40,159,12,0,8,-25
04,17,160,40,210,64,0,0,-16
04,17,40,40,197,88,0,8,-2
04,17,50,40,165,111,0,8,-13
04,17,20,20,163,94,0,8,-18
04,17,40,40,118,95,0,8,-10
04,17,320,20,156,122,0,8,-13
04,17,290,10,139,94,0,8,-5
04,17,70,30,162,108,0,8,-7
04,17,210,30,162,99,0,8,-16
04,17,280,20,159,62,0,2,-8
04,17,270,30,205,76,0,8,-9
04,17,70,50,239,96,0,5,-19
04,17,100,40,260,84,0,0,-19
04,17,280,30,257,108,0,0,-18
04,17,50,40,217,108,0,0,-14
04,17,240,60,241,92,0,8,-11
04,17,270,50,159,56,0,8,-8
04,17,250,40,155,98,0,8,-2
04,17,270,40,138,37,0,6,-9
04,17,220,40,122,32,0,8,-1
04,17,200,20,181,28,0,5,-9
04,17,220,40,153,51,0,8,-2
04,17,20,30,181,136,0,8,-9
04,17,200,110,88,29,0,8,-18
04,17,60,40,147,43,0,0,-28
04,17,240,40,94,70,11,8,-5
04,17,180,40,64,41,1,8,0
04,17,100,30,84,27,0,8,-6
04,17,70,40,89,48,0,8,-4
04,17,80,70,155,67,0,8,-20
04,17,90,30,187,51,0,7,-15
04,17,260,30,122,93,0,8,-6
04,17,50,50,139,62,0,8,-7
04,17,40,70,111,3,0,0,-19
04,17,50,50,100,-17,0,6,-17
04,17,50,50,49,-22,0,8,-4
04,17,10,50,60,-34,0,8,-17
04,17,50,50,95,-8,0,0,-13
04,17,100,60,163,39,0,0,-12
04,17,190,60,142,73,0,8,-8
04,17,320,20,142,93,0,1,-1
04,17,100,50,206,27,0,0,-13
04,17,80,60,225,-5,0,0,-17
04,17,60,40,224,25,0,0,-34
04,17,60,40,220,33,0,0,-34
04,17,90,60,233,17,0,1,-13
04,17,90,60,195,75,0,8,-14
04,17,200,100,130,95,-1,8,-19
04,17,170,40,120,87,7,8,-6
04,17,260,10,158,48,0,8,-1
04,17,280,60,90,40,0,8,9
04,17,290,10,121,45,0,8,-17
04,17,350,50,148,46,0,8,-5
04,17,340,60,144,72,0,1,-18
04,17,60,20,93,-49,0,0,-13
04,17,270,40,85,13,0,8,-2
04,17,290,50,93,-17,0,2,-14
04,17,100,30,135,-11,0,0,-19
04,17,140,30,198,8,0,0,-19
04,17,250,50,204,23,0,0,-23
04,17,60,40,188,90,0,3,-18
04,17,330,30,222,41,0,1,-18
04,17,30,50,189,66,0,0,-17
04,17,50,60,184,44,0,8,-21
04,17,70,20,213,80,0,1,-27
04,17,350,50,198,61,0,1,-24
04,17,10,80,89,-40,0,0,-10
04,17,30,30,94,-15,0,0,-19
04,17,40,40,158,27,0,8,-20
04,17,250,30,229,49,0,5,-36
04,17,50,60,189,65,0,0,-15
04,17,260,30,162,108,0,8,-16
04,17,40,40,155,87,0,8,-6
04,17,80,90,186,-32,0,0,-12
04,17,90,60,202,-20,0,0,-16
04,17,50,70,209,11,0,0,-17
04,17,40,40,199,48,0,8,3
04,17,300,40,187,37,0,4,-18
04,17,30,20,146,18,0,0,-13
04,17,340,30,175,29,0,0,-19
04,17,240,20,209,69,0,8,-9
04,17,240,30,163,112,0,8,-6
04,17,200,60,156,71,0,8,-5
04,17,200,60,112,81,-1,8,-4
04,17,240,72,116,50,0,8,-8
04,17,240,57,150,-3,0,7,-16
04,17,240,31,103,36,0,7,-14
04,17,180,67,83,45,1,8,0
04,17,210,72,103,24,-1,6,-15
04,17,210,57,115,3,0,8,-5
04,17,240,72,115,28,0,7,-6
04,17,260,57,134,46,0,7,-6
04,17,240,26,151,26,0,4,-12
04,17,130,36,173,36,0,3,-30
04,17,180,46,213,35,0,1,-27
04,17,110,51,209,17,0,1,-23
04,17,360,51,196,37,0,2,-19
04,17,50,51,186,20,0,1,-20
04,17,10,72,173,53,0,1,-18
04,17,360,87,58,-13,-1,4,-8
04,17,40,51,60,17,3,6,3
04,17,260,36,56,26,-1,8,-15
04,17,30,67,65,-68,0,6,-10
04,17,30,62,67,-59,0,3,-7
04,17,210,41,79,-42,0,6,-3
04,17,310,77,66,7,-1,5,-15
04,17,330,41,71,37,3,6,-4
04,17,270,10,91,-8,6,5,-16
04,17,90,72,121,-11,0,5,-37
04,17,60,46,137,-7,0,2,-10
04,17,10,51,123,4,0,1,-10
04,17,340,51,105,-15,0,3,-13
04,17,320,26,109,-15,0,7,-8
04,17,50,57,80,48,2,8,2
04,17,290,51,95,-15,0,6,-23
04,17,280,26,64,54,11,7,-3
04,17,350,41,75,14,0,7,-9
04,17,350,46,72,-12,0,2,-11
04,17,280,46,71,28,-1,7,-1
04,17,230,51,100,1,0,6,-10
04,17,230,26,123,25,0,5,-8
04,17,70,67,141,7,0,2,-22
04,17,40,46,139,15,0,0,-18
04,17,40,46,145,24,0,7,-25
04,17,10,26,159,27,0,7,-13
04,17,260,46,106,92,24,8,0
04,17,290,82,75,56,8,3,0
04,17,190,41,128,5,0,7,-2
04,17,300,72,49,19,1,7,4
04,17,340,67,64,-32,0,3,-7
04,17,250,41,70,69,4,8,0
04,17,280,62,139,97,-1,8,-12
04,17,320,72,100,-8,0,1,-13
04,17,10,36,125,6,0,3,-15
04,17,260,36,162,19,0,0,-15
04,17,300,36,125,54,0,6,-6
04,17,280,51,134,35,0,6,-10
04,17,210,41,154,67,0,7,-3
04,17,220,36,135,88,-1,8,-6
04,17,200,62,132,123,19,8,0
04,17,250,87,131,24,0,6,-10
04,17,260,15,91,77,6,8,-2
04,17,310,51,99,45,0,3,-3
04,17,210,51,124,34,0,7,-2
04,17,170,31,108,84,0,7,-3
04,17,320,26,91,27,0,7,-11
04,17,100,21,109,6,0,2,-21
04,17,280,46,84,24,0,6,-8
04,17,190,87,80,76,8,8,5
04,17,250,72,94,54,0,5,3
04,17,300,36,83,54,0,8,-4
04,17,110,36,100,1,0,7,-11
04,17,130,57,131,15,0,8,-8
04,17,40,36,123,35,0,6,-14
04,17,110,36,113,66,0,7,-3
04,17,10,51,93,66,2,7,-2
04,17,40,36,125,37,0,5,-13
04,17,990,10,103,84,3,7,-13
04,17,360,51,126,77,0,2,-9
04,17,250,26,142,53,0,7,-16
04,17,260,31,106,106,2,8,2
04,17,260,67,107,102,14,8,-1
04,17,260,36,132,85,0,8,-7
04,17,200,31,222,72,0,1,-16
04,17,330,41,162,98,-1,7,-11
04,17,200,51,141,128,-1,8,-14
04,17,170,46,192,94,0,6,-10
04,17,340,41,186,112,0,8,-12
04,17,990,15,187,87,0,3,-8
04,17,200,31,208,35,0,2,-8
04,17,50,93,230,79,0,1,-25
04,17,60,87,250,62,0,0,-12
04,17,120,36,254,45,0,1,-16
04,17,90,51,254,66,0,2,-21
04,17,230,72,84,55,1,6,-11
04,17,300,5,59,14,0,7,-12
04,17,210,57,85,-8,0,6,-12
04,17,300,134,34,24,1,8,1
04,17,240,36,47,34,2,6,-4
04,17,300,51,77,13,0,1,-19
04,17,250,31,71,53,-1,8,-4
04,17,220,51,88,30,0,5,-6
04,17,250,26,50,30,6,7,-10
04,17,50,51,77,-3,0,5,-7
04,17,360,72,119,55,0,4,-13
04,17,350,62,104,48,0,7,-5
04,17,360,77,83,23,0,7,-8
04,17,310,41,79,9,-1,3,-17
04,17,40,31,88,46,0,4,-13
04,17,40,82,125,35,0,5,-14
04,17,10,93,66,3,0,7,-8
04,17,360,36,98,-1,0,1,-13
04,17,360,10,86,15,0,3,-15
04,17,280,36,115,38,0,7,-9
04,17,300,41,118,33,0,4,-9
04,17,210,31,179,45,0,2,-3
04,17,260,15,173,90,0,8,-7
04,17,360,21,147,109,0,8,-9
04,17,300,57,127,17,0,4,-17
04,17,180,31,135,130,-1,8,-2
04,17,220,21,160,137,0,8,-4
04,17,290,31,185,131,0,4,-14
04,17,290,26,214,103,0,6,-28
04,17,350,72,152,75,0,1,-19
04,17,270,41,133,114,0,7,-4
04,17,250,51,162,92,0,0,-15
04,17,270,31,123,82,0,3,-12
04,17,360,41,100,24,0,7,-8
04,17,280,21,138,71,0,7,-10
04,17,290,41,122,96,0,7,-5
04,17,340,62,113,62,0,6,-13
04,17,350,72,69,4,-1,7,-14
04,17,310,46,76,19,0,7,-5
04,17,290,41,106,89,0,7,-6
04,17,300,41,153,78,0,5,-19
04,17,360,87,103,27,0,3,-11
04,17,20,62,118,69,0,2,-14
04,17,20,21,117,64,0,7,-16
04,17,320,46,95,62,0,7,-16
04,17,310,51,83,52,0,7,-8
04,17,260,46,76,69,17,8,2
04,17,300,46,87,23,0,4,-17
04,17,350,62,53,20,-1,7,-9
04,17,240,26,72,13,0,4,-7
04,17,60,62,110,26,-1,8,-12
04,17,180,31,128,89,0,8,-3
04,17,20,62,133,107,0,8,-7
04,17,70,62,232,109,0,6,-31
04,17,50,62,205,109,0,4,-11
04,17,360,31,145,95,25,7,3
04,17,20,51,94,44,0,7,-9
04,17,70,41,100,19,0,5,-11
04,17,20,41,143,78,0,8,-7
04,17,10,26,136,91,0,4,-13
04,17,10,51,52,-52,0,2,-16
04,17,30,31,36,-26,0,2,-7
04,17,50,62,72,-51,0,1,-18
04,17,70,46,99,-21,0,1,-19
04,17,80,67,117,27,0,2,-13
04,17,20,31,131,40,0,1,-28
04,17,280,41,92,46,0,7,-14
04,17,250,15,114,48,0,5,-19
04,17,990,5,142,66,0,8,-8
04,17,0,0,140,64,0,7,-6
04,17,20,36,97,86,-1,8,-5
04,17,70,57,65,-64,0,7,-7
04,17,80,41,105,-3,0,7,-11
04,17,60,21,126,-17,0,2,-20
04,17,200,15,165,-41,0,2,-10
04,17,170,36,181,-39,0,1,-17
04,17,280,51,147,68,0,8,-9
04,17,230,46,165,42,0,7,-8
04,17,260,21,194,58,0,7,-8
04,17,190,57,237,-6,0,7,-19
04,17,180,57,243,30,0,1,-12
04,17,160,51,249,35,0,3,-9
04,17,240,72,148,87,-1,6,-5
04,17,270,26,133,64,0,7,-22
04,17,290,46,141,44,0,1,-15
04,17,320,31,169,83,0,2,-11
04,17,10,26,191,87,0,3,-14
04,17,340,62,137,53,0,1,-17
04,17,310,26,119,13,0,5,-25
04,17,990,10,139,5,0,7,-11
04,17,340,40,145,50,0,0,-26
04,17,10,20,131,55,0,0,-19
04,17,300,70,96,15,0,7,-8
04,17,310,70,66,-33,0,3,-13
04,17,280,60,106,90,-1,8,5
04,17,20,60,90,-1,0,4,-21
04,17,70,30,100,-40,0,1,-17
04,17,100,50,135,-37,0,6,-23
04,17,300,30,155,1,0,7,-16
04,17,290,30,158,48,0,7,-21
04,17,350,80,77,-5,0,4,-10
04,17,340,50,78,21,-1,6,-10
04,17,340,60,98,35,0,7,-12
04,17,320,30,88,69,-1,7,1
04,17,340,70,84,-4,0,6,-8
04,17,330,40,72,50,0,5,-8
04,17,360,60,122,-6,0,3,-14
04,17,340,30,84,50,0,7,1
04,17,10,60,64,-10,0,7,1
04,17,30,50,80,-61,0,3,-11
04,17,310,40,91,-34,0,3,-12
04,17,360,50,84,-20,0,6,-11
04,17,260,30,125,-18,0,3,-16
04,17,270,60,152,21,0,7,-16
04,17,40,50,129,80,-1,8,-7
04,17,140,40,126,107,-1,8,-3
04,17,310,30,140,113,0,7,-5
04,17,240,70,141,101,-1,7,-6
04,17,290,50,106,94,-1,8,-5
04,17,340,20,144,104,0,3,-24
04,17,120,10,130,114,0,7,-4
04,17,190,20,144,88,-1,8,-26
04,17,190,80,128,83,0,7,-5
04,17,200,90,127,80,0,6,-22
04,17,190,50,116,79,-1,5,0
04,17,210,30,99,68,1,5,2
04,17,360,30,77,66,41,8,-3
04,17,200,30,85,70,4,7,-3
04,17,130,40,109,62,1,7,-18
04,17,120,30,91,65,0,7,-9
04,17,290,60,92,47,-1,6,-13
04,17,300,90,60,-5,0,4,-3
04,17,250,50,44,8,0,7,6
04,17,190,60,73,10,0,7,-19
04,17,210,30,73,68,18,7,-10
04,17,210,30,75,25,0,7,-6
04,17,20,40,95,66,-1,8,-7
04,17,250,40,116,56,0,7,-12
04,17,180,40,118,34,0,7,-6
04,17,990,10,123,88,0,7,-7
04,17,160,30,145,50,0,7,-8
04,17,100,40,205,78,0,1,-15
04,17,290,10,181,128,2,6,-16
04,17,220,40,143,80,0,7,-3
04,17,220,30,141,133,5,7,1
04,17,340,20,136,65,0,8,-7
04,17,310,20,95,89,13,8,-2
04,17,220,40,107,86,5,7,9
04,17,80,50,165,76,0,3,-16
04,17,330,30,147,115,0,5,-6
04,17,120,70,183,35,0,5,-18
04,17,270,50,146,89,0,3,-11
04,17,190,40,122,119,12,8,-1
04,17,310,40,129,89,0,3,-13
04,17,200,40,151,140,0,7,-3
04,17,250,60,141,98,0,4,-12
04,17,310,50,101,62,0,7,-9
04,17,320,20,102,59,0,7,-7
04,17,260,30,141,110,0,7,-3
04,17,250,40,119,90,0,8,-4
04,17,260,50,107,35,0,5,-11
04,17,240,50,84,58,2,7,-11
04,17,260,40,28,18,19,8,-6
04,17,130,30,46,11,0,7,-2
04,17,120,20,53,24,1,7,-17
04,17,180,20,93,5,0,4,-12
04,17,360,50,78,32,0,3,-10
04,17,330,30,84,7,0,3,-12
04,17,990,10,83,20,0,6,-2
04,17,150,70,137,55,0,7,-1
04,17,180,50,147,77,0,7,-42
04,17,200,30,112,85,0,6,11
04,17,130,30,157,62,0,6,-10
04,17,190,60,122,90,0,7,-6
04,17,90,40,161,75,0,5,-14
04,17,50,60,193,108,0,3,-12
04,17,20,40,165,116,-1,6,-8
04,17,360,80,163,105,0,1,-13
04,17,40,50,163,47,0,7,-19
04,17,360,30,188,21,0,1,-23
04,17,170,20,92,33,0,6,-12
04,17,110,50,138,56,0,7,-12
04,17,150,30,143,89,0,7,-4
04,17,250,40,135,61,0,2,-27
04,17,10,80,57,-31,0,7,-7
04,17,40,60,103,20,0,1,-21
04,17,20,40,114,7,0,1,-20
04,17,30,40,111,18,0,7,-16
04,17,60,70,136,31,0,1,-20
04,17,40,40,101,-24,0,0,-22
04,17,220,40,101,-6,0,7,-9
04,17,190,80,67,23,0,6,-18
04,17,220,30,47,41,29,8,9
04,17,310,30,99,39,0,7,-8
04,17,180,70,104,55,1,7,-3
04,17,90,30,134,14,0,7,-5
04,17,190,70,124,74,-1,1,-6
04,17,170,50,151,54,0,6,-10
04,17,200,60,149,80,0,7,-6
04,17,170,50,173,103,-1,7,-9
04,17,220,50,173,46,0,7,-13
04,17,170,30,143,129,4,7,-1
04,17,300,30,116,103,-1,8,-12
04,17,990,10,160,56,0,5,-13
04,17,170,30,194,93,0,5,-11
04,17,300,10,150,120,1,7,-4
04,17,350,40,166,129,0,8,-9
04,17,310,60,200,132,0,7,-25
04,17,250,10,129,100,0,8,1
04,17,20,40,151,121,0,7,-9
04,17,200,20,161,96,0,7,-30
04,17,170,50,210,68,0,2,-26
04,17,200,30,134,72,0,5,-17
04,17,280,70,72,35,0,5,-3
04,17,190,90,66,51,10,8,0
04,17,210,40,121,93,2,8,1
04,17,360,40,95,49,0,6,-12
04,17,290,70,79,20,0,7,-9
04,17,200,30,110,99,0,7,-2
04,17,300,70,106,67,0,5,-15
04,17,10,70,106,42,0,2,-15
04,17,350,60,63,12,-1,5,-13
04,17,360,80,58,-37,0,3,-9
04,17,200,60,15,8,7,8,-9
04,17,310,70,83,48,0,7,-4
04,17,360,50,71,50,6,7,5
04,17,260,50,73,6,0,7,-5
04,17,300,80,63,-1,0,3,-14
04,17,280,70,64,11,0,5,-18
04,17,50,50,43,26,4,7,-5
04,17,340,50,100,13,0,2,-11
04,17,130,20,107,-2,0,7,-8
04,17,260,20,125,-3,0,7,-1
04,17,180,60,134,75,-1,6,-1
04,17,190,40,108,81,38,7,1
04,17,250,50,144,49,0,4,-12
04,17,180,30,115,95,1,7,-3
04,17,240,50,145,53,0,2,-13
04,17,190,50,159,40,0,7,-10
04,17,20,40,151,121,1,7,-19
04,17,160,20,168,73,0,,-24
04,17,110,40,187,36,0,,-16
04,17,80,50,191,47,0,,-15
04,17,60,50,165,39,0,,-11
04,17,70,90,135,-19,0,,-14
04,17,70,70,98,-40,0,,-13
04,17,50,60,119,-11,0,,-16
04,17,60,60,125,-17,0,,-14
04,17,10,50,92,22,0,,-11
04,17,70,100,96,-13,0,,-6
04,17,70,50,117,11,0,,-17
04,17,10,80,107,36,0,,-12
04,17,330,60,99,-8,0,,-22
04,17,300,10,70,51,3,,5
04,17,280,40,71,50,0,,-1
04,17,340,40,84,71,0,,1
04,17,80,20,115,57,0,,-19
04,17,300,40,115,41,0,,-10
04,17,310,40,117,36,0,,-12
04,17,30,40,121,65,0,,-16
04,17,990,10,172,45,0,,-16
04,17,250,20,188,65,0,,-9
04,17,310,40,165,94,0,,-14
04,17,270,40,176,122,0,,-12
04,17,290,70,133,84,0,,-7
04,17,200,70,89,76,-1,,7
04,17,260,20,103,51,0,,4
04,17,220,60,146,73,0,,-10
04,17,260,70,118,53,0,,2
04,17,190,70,145,81,0,,0
04,17,220,60,81,67,25,8,2
04,17,330,70,55,22,1,5,5
04,17,10,70,67,-14,0,3,-4
04,17,290,50,95,67,0,8,-4
04,17,350,70,84,37,0,8,-6
04,17,20,80,78,-50,0,0,-24
04,17,60,50,63,-91,0,5,-15
04,17,20,50,58,-57,0,2,-4
04,17,30,50,53,-46,0,8,-11
04,17,310,50,56,-11,0,7,-16
04,17,240,20,89,-9,0,8,-9
04,17,0,0,143,-10,0,1,-36
04,17,110,40,175,16,0,1,-10
04,17,110,50,204,-6,0,2,-11
04,17,120,50,243,20,0,1,-20
04,17,80,60,229,15,0,1,-15
04,17,70,70,212,-6,0,1,-14
04,17,60,80,164,9,0,2,-14
04,17,70,50,102,40,0,8,0
04,17,120,40,160,50,0,7,-6
04,17,290,80,178,107,0,3,-33
04,17,10,50,160,37,0,1,-18
04,17,20,40,163,57,0,1,-16
04,17,180,30,210,69,0,4,-11
04,17,150,20,191,113,0,7,-7
04,17,240,30,119,107,0,8,8
04,17,240,40,144,87,0,4,-6
04,17,230,40,194,133,1,8,-8
04,17,230,30,177,75,0,3,-20
04,17,270,50,114,96,6,8,-6
04,17,120,50,188,50,0,1,-18
04,17,300,30,128,96,0,8,-5
04,17,210,30,139,69,0,8,-10
04,17,240,50,117,20,0,5,-9
04,17,250,60,87,52,5,6,0
04,17,310,50,78,27,0,8,-8
04,17,310,50,65,40,2,7,4
04,17,10,40,61,35,1,7,-10
04,17,350,40,81,33,0,8,-5
04,17,20,50,73,9,0,8,-7
04,17,360,30,81,24,0,8,-3
04,17,10,40,124,59,0,1,-21
04,17,360,30,117,69,0,8,-7
04,17,90,20,134,61,0,1,-12
04,17,210,20,173,26,0,7,-9
04,17,110,20,187,58,0,1,-16
04,17,270,50,145,62,0,7,-21
04,17,160,70,100,73,1,8,7
04,17,220,30,95,36,-1,0,-11
04,17,990,10,155,16,0,7,-19
04,17,190,60,174,94,0,6,-19
04,17,350,40,142,79,0,8,-6
04,17,350,50,152,24,0,0,-14
04,17,340,20,148,71,0,0,-9
04,17,70,40,172,50,0,7,-15
04,17,110,40,190,40,0,0,-8
04,17,100,40,203,87,0,3,-6
04,17,10,10,146,119,0,8,-11
04,17,200,20,164,87,0,8,-11
04,17,270,40,194,107,0,7,-8
04,17,110,30,162,27,0,0,-21
04,17,130,30,159,29,0,0,-12
04,17,230,20,187,77,0,6,-28
04,17,250,30,147,102,-1,8,-10
04,17,310,40,111,15,0,2,-20
04,17,240,20,101,83,7,8,-1
04,17,240,60,112,36,0,6,-13
04,17,320,70,59,32,1,7,-5
04,17,310,50,64,36,-1,8,3
04,17,350,50,106,43,0,2,-12
04,17,310,50,148,56,0,1,-14
04,17,300,30,135,45,0,1,-11
04,17,200,50,122,110,2,8,-4
04,17,190,70,150,65,0,8,-9
04,17,250,40,88,58,0,8,-9
04,17,340,50,86,70,0,8,-1
04,17,270,30,91,81,0,8,-8
04,17,270,30,129,90,-1,5,-7
04,17,340,30,84,69,4,8,-1
04,17,50,40,122,49,0,1,-23
04,17,50,30,130,-7,0,0,-16
04,17,110,30,154,25,0,0,-22
04,17,210,60,157,48,0,7,-12
04,17,90,50,179,87,0,4,-14
04,17,70,30,166,90,0,7,-7
04,17,190,40,137,101,-1,6,-5
04,17,280,70,139,50,0,1,-11
04,17,190,50,169,68,0,8,-9
04,17,280,30,163,116,0,7,-5
04,17,130,20,196,137,0,7,-2
04,17,280,50,122,49,0,0,-15
04,17,240,70,123,38,0,6,-10
04,17,290,60,92,54,0,7,-6
04,17,350,40,76,4,0,6,-22
04,17,340,60,70,-26,0,0,-12
04,17,270,30,103,-47,0,5,-12
04,17,280,50,70,47,12,8,-1
04,17,210,30,82,55,0,7,0
04,17,300,50,81,10,0,0,-10
04,17,350,60,76,18,0,2,-14
04,17,250,70,67,11,-1,8,7
04,17,290,50,97,34,0,8,-3
04,17,240,50,120,93,0,8,-6
04,17,280,30,116,48,0,3,-11
04,17,100,30,119,95,1,8,-4
04,17,290,40,115,81,0,8,-3
04,17,300,70,126,36,0,0,-11
04,17,290,50,126,39,0,5,-5
04,17,260,40,147,67,0,7,-12
04,17,210,30,157,48,0,7,-13
04,17,360,50,168,66,0,2,-15
04,17,300,40,86,58,0,8,-2
04,17,330,30,133,62,0,8,-11
04,17,140,20,188,68,0,6,-10
04,17,300,50,148,94,0,8,-12
04,17,300,50,137,90,0,1,-15
04,17,360,60,147,66,0,8,-5
04,17,340,60,92,44,0,8,-7
04,17,320,60,95,27,0,7,-16
04,17,210,20,94,19,0,0,-4
04,17,70,80,159,-5,0,0,-14
04,17,30,40,159,31,0,0,-12
04,17,350,80,94,39,0,4,-11
04,17,30,60,112,0,0,0,-20
04,17,20,30,138,79,0,0,-18
04,17,300,50,153,89,0,0,-25
04,17,10,50,126,45,0,5,-18
04,17,290,50,139,48,0,0,-23
04,17,300,60,138,60,0,0,-19
04,17,290,50,144,60,0,7,-9
04,17,30,40,151,75,0,0,-16
04,17,70,50,200,96,0,0,-17
04,17,70,40,227,118,0,4,-27
04,17,80,40,252,108,0,0,-40
04,17,80,40,269,54,0,0,-31
04,17,350,50,215,114,0,0,-30
04,17,350,60,130,47,0,6,-19
04,17,310,20,136,24,0,7,-9
04,17,310,50,151,51,0,0,-9
04,17,10,60,118,3,0,0,-17
04,17,90,40,144,-4,0,0,-19
04,17,300,30,205,31,0,0,-20
04,17,310,20,200,24,0,8,-18
04,17,60,40,215,107,0,8,-9
04,17,360,40,252,139,0,0,-24
04,17,10,70,246,151,0,0,-27
04,17,50,60,257,61,0,0,-17
04,17,20,50,253,108,0,0,-23
04,17,60,70,209,28,0,0,-16
04,17,80,70,196,-48,0,0,-12
04,17,260,50,127,79,0,4,-7
04,17,310,50,97,61,0,8,-12
04,17,350,50,91,46,0,7,-12
04,17,220,20,111,85,2,8,-12
04,17,340,60,72,42,6,8,-8
04,17,10,40,67,-24,0,0,-18
04,17,240,50,70,-23,0,4,-10
04,17,120,30,93,-34,0,7,-14
04,17,20,30,103,-25,0,2,-17
04,17,50,30,109,-14,0,6,-29
04,17,230,40,121,9,0,4,-9
04,17,220,50,115,36,-1,1,-22
04,17,320,30,93,46,-1,5,2
04,17,20,50,102,48,0,8,-17
04,17,360,50,86,-16,0,1,-12
04,17,40,40,91,-18,0,7,-19
04,17,80,60,107,-13,0,0,-10
04,17,70,80,116,28,0,1,-12
04,17,90,30,105,88,2,8,-6
04,17,80,50,161,70,0,8,-6
04,17,70,70,166,65,0,3,-7
04,17,100,50,157,73,0,8,-5
04,17,310,20,112,104,25,8,-3
04,17,280,50,132,87,0,8,-34
04,17,300,40,134,76,0,6,-9
04,17,200,20,197,79,0,0,-12
04,17,150,40,225,63,0,4,-19
04,17,180,40,129,82,0,8,-15
04,17,130,30,117,100,0,4,3
04,17,200,70,144,66,0,7,-4
04,17,60,80,142,56,0,1,-10
04,17,80,60,173,68,0,0,-12
04,17,290,50,177,102,0,0,-33
04,17,240,20,123,79,0,2,-11
04,17,40,40,142,66,0,2,-25
04,17,130,20,187,88,0,7,-10
04,17,210,20,120,80,-1,8,-4
04,17,210,60,116,92,-1,8,-8
04,17,170,40,165,105,0,3,-7
04,17,190,60,230,64,0,6,-17
04,17,280,10,196,85,0,8,-16
04,17,340,20,171,121,0,4,-14
04,17,310,40,168,90,0,0,-23
04,17,30,50,191,91,0,4,-27
04,17,160,50,204,70,0,7,-34
04,17,290,40,150,95,0,8,-9
04,17,240,30,128,113,0,0,-8
04,17,70,60,172,26,0,1,-9
04,17,80,10,162,68,0,1,-17
04,17,30,30,184,83,0,3,-14
04,17,330,50,174,53,0,2,-23
04,17,360,60,132,23,0,0,-16
04,17,110,30,151,45,0,0,-12
04,17,140,40,184,42,0,0,-12
04,17,220,30,156,65,0,7,-7
04,17,270,20,156,110,0,7,-5
04,17,180,60,151,60,0,2,-11
04,17,150,20,117,73,0,3,-8
04,17,30,30,161,61,0,5,-14
04,17,30,40,184,36,0,5,-14
04,17,250,30,86,-42,0,0,-22
04,17,170,60,112,24,0,8,-30
04,17,210,40,71,60,58,8,-1
04,17,290,70,81,53,0,7,-7
04,17,200,50,110,35,0,8,-9
04,17,120,40,167,20,0,0,-18
04,17,40,20,164,99,-1,8,0
04,17,330,50,121,26,0,0,-13
04,17,350,50,134,56,0,0,-17
04,17,10,70,107,17,0,0,-14
04,17,50,50,85,31,0,8,-7
04,17,50,70,136,12,0,5,-17
04,17,360,80,126,23,0,0,-18
04,17,60,50,140,1,0,7,-26
04,17,20,70,137,21,0,0,-21
04,17,20,60,113,15,0,2,-16
04,17,20,30,148,4,0,0,-20
04,17,350,50,155,11,0,0,-17
04,17,30,40,128,30,0,8,-16
04,17,310,70,97,15,0,4,-10
04,17,340,60,90,-14,0,2,-19
04,17,20,30,106,8,0,2,-12
04,17,360,40,145,-16,0,0,-14
04,17,60,40,198,-12,0,2,-17
04,17,280,80,158,56,0,8,-20
04,17,300,60,144,74,0,4,-4
04,17,330,40,180,48,0,1,-18
04,17,200,30,224,51,0,3,-16
04,17,220,20,244,81,0,8,-28
04,17,240,30,144,63,0,7,-2
04,17,210,50,159,117,0,7,-13
04,17,220,20,223,83,0,3,-52
04,17,290,40,126,44,0,7,-14
04,17,280,50,109,22,0,7,-8
04,17,230,50,97,49,-1,8,-4
04,17,240,20,209,113,0,0,-14
04,17,350,50,143,96,0,8,-16
04,17,310,50,151,33,0,4,-24
04,17,30,40,158,21,0,0,-23
04,17,60,30,183,53,0,0,-23
04,17,290,60,176,58,0,1,-12
04,17,310,70,93,16,0,2,-9
04,17,340,30,112,-4,0,7,-8
04,17,20,20,119,41,0,8,-9
04,17,120,10,145,-2,0,7,-7
04,17,60,10,156,24,0,8,-23
04,17,90,30,163,29,0,8,-17
04,17,120,30,193,26,0,0,-13
04,17,20,40,229,51,0,2,-19
04,17,40,30,225,48,0,0,-19
04,17,220,20,240,59,0,1,-9
04,17,200,10,205,78,0,8,-12
04,17,50,40,252,48,0,0,-17
04,17,50,30,237,59,0,0,-21
04,17,40,50,227,33,0,0,-13
04,17,350,70,197,97,0,1,-13
04,17,330,50,144,88,0,7,-12
04,17,70,30,169,119,0,1,-7
04,17,70,70,211,89,0,1,-29
04,17,70,90,201,63,0,0,-11
04,17,300,50,78,6,0,3,-20
04,17,280,20,122,39,0,6,-12
04,17,20,40,128,25,0,8,-12
04,17,40,30,96,73,-1,7,-3
04,17,50,40,86,21,0,7,-1
04,17,290,60,81,-83,0,5,-12
04,17,350,60,60,-14,0,7,-8
04,17,200,50,98,21,0,8,-1
04,17,210,50,95,83,4,8,-4
04,17,160,20,86,76,6,8,-2
04,17,120,30,70,57,5,8,1
04,17,340,20,100,33,0,8,-17
04,17,990,10,106,44,0,7,-23
04,17,360,60,104,23,0,1,-14
04,17,10,70,80,4,0,8,-5
04,17,350,50,76,-22,0,0,-9
04,17,190,70,58,44,15,8,-3
04,17,190,50,80,60,14,8,3
04,17,200,40,118,43,-1,1,-19
04,17,210,20,89,63,0,5,-3
04,17,280,20,71,54,3,8,-9
04,17,220,40,105,42,0,7,-6
04,17,180,50,96,47,1,8,-6
04,17,250,40,111,56,0,7,-5
04,17,170,80,102,85,3,8,5
04,17,240,30,97,81,22,8,10
04,17,310,10,135,84,0,6,-7
04,17,10,40,129,113,0,7,-9
04,17,210,60,196,77,0,1,-11
04,17,70,50,213,90,0,7,-12
04,17,70,70,60,-87,0,0,-13
04,17,70,80,70,-96,0,0,-11
04,17,90,70,56,-62,0,1,-8
04,17,70,60,49,-36,0,1,-7
04,17,80,30,61,-27,0,8,-5
04,17,30,50,75,-44,0,8,-5
04,17,30,40,84,-47,0,0,-24
04,17,110,30,95,-47,0,8,-9
04,17,130,40,86,54,0,7,-10
04,17,240,30,75,26,0,4,-11
04,17,270,60,93,58,0,5,-20
04,17,250,40,115,48,0,8,-1
04,17,210,40,140,36,-1,8,-19
04,17,180,70,232,92,0,1,-13
04,17,260,20,165,100,0,3,-11
04,17,210,30,140,105,-1,8,0
04,17,200,30,211,94,0,8,-29
04,17,240,70,137,21,0,6,-8
04,17,330,60,111,44,0,6,-17
04,17,50,50,119,-7,0,0,-12
04,17,300,50,132,29,0,0,-26
04,17,230,40,148,23,0,2,-13
04,17,290,40,150,83,0,3,-12
04,17,260,40,199,105,0,6,-16
04,17,230,30,233,97,0,2,-26
04,17,310,30,67,48,-1,8,1
04,17,10,70,102,-9,0,7,-15
04,17,200,40,127,-38,0,1,-8
04,17,280,50,117,2,0,0,-7
04,17,20,70,130,16,0,1,-11
04,17,10,40,182,91,0,0,-12
04,17,170,30,205,71,0,1,-31
04,17,250,10,194,85,0,5,-19
04,17,300,30,134,100,0,8,-6
04,17,270,10,167,64,0,0,-15
04,17,210,30,172,122,0,8,-3
04,17,190,60,207,110,0,7,-24
04,17,310,100,76,27,0,6,1
04,17,280,50,130,41,0,0,-11
04,17,330,30,149,84,0,6,-18
04,17,360,50,132,73,0,1,-6
04,17,270,40,140,38,0,7,-7
04,17,280,60,109,31,0,2,-9
04,17,320,60,97,26,0,1,-21
04,17,350,60,100,2,0,2,-15
04,17,130,40,148,-21,0,0,-14
04,17,290,50,157,36,0,8,-17
04,17,10,70,98,31,-1,5,-5
04,17,50,70,160,49,0,0,-11
04,17,120,30,200,64,0,7,-27
04,17,90,40,144,91,-1,8,-7
04,17,0,0,164,97,-1,7,-7
04,17,300,20,186,77,0,1,-10
04,17,40,50,179,105,0,1,-9
04,17,140,20,199,129,-1,7,-34
04,17,200,30,167,78,0,7,-13
04,17,170,20,169,61,0,6,0
04,17,90,20,170,85,0,8,-12
04,17,290,20,134,116,-1,4,-3
04,17,300,50,132,97,0,1,-13
04,17,280,80,89,2,0,8,-2
04,17,300,60,69,9,-1,7,-13
04,17,150,30,79,30,-1,8,-2
04,17,360,70,77,7,0,3,-16
04,17,20,40,97,-4,0,0,-13
04,17,150,20,111,41,0,1,-11
04,17,300,50,118,30,0,0,-15
04,17,110,30,125,58,0,3,-10
04,17,10,30,165,76,0,0,-17
04,17,150,20,207,16,0,4,-20
04,17,310,50,91,27,0,1,-14
04,17,220,60,160,57,0,7,-6
04,17,290,20,125,3,0,4,-20
04,17,270,50,204,53,0,0,-27
04,17,300,50,219,65,0,0,-15
04,17,60,50,137,4,0,2,-9
04,17,10,70,118,23,0,6,-18
04,17,50,60,136,26,0,2,-19
04,17,10,50,138,35,0,0,-11
04,17,10,50,165,48,0,0,-15
04,17,20,60,156,32,0,0,-21
04,17,20,60,117,55,0,0,-13
04,17,30,30,140,51,0,0,-8
04,17,330,30,198,67,0,6,-20
04,17,250,40,154,106,-1,0,-1
04,17,350,50,117,98,-1,8,-6
04,17,10,60,117,4,0,0,-15
04,17,280,50,103,-39,0,0,-4
04,17,210,60,139,22,0,7,-5
04,17,290,70,129,-16,0,1,-13
04,17,130,20,117,24,0,7,-15
04,17,110,30,132,64,0,8,-4
04,17,150,30,185,102,0,7,-26
04,17,190,50,148,58,0,2,-12
04,17,280,40,130,71,0,2,-16
04,17,250,80,109,61,5,7,-7
04,17,230,30,73,43,2,8,-2
04,17,300,30,107,53,0,6,-21
04,17,170,60,145,8,0,3,-15
04,17,70,50,150,65,0,0,-6
04,17,180,40,187,59,0,8,-16
04,17,270,50,146,0,0,7,-33
04,17,330,70,109,63,11,8,-18
04,17,170,30,159,25,0,2,-24
04,17,330,40,108,84,-1,6,-8
04,17,270,40,87,25,-1,6,-8
04,17,40,30,98,21,0,8,-11
04,17,280,70,110,21,0,7,-5
04,17,360,60,117,28,0,1,-14
04,17,40,60,136,28,0,0,-10
04,17,30,40,160,39,0,7,-10
04,17,10,50,110,45,0,8,-8
04,17,330,80,79,-12,0,5,-14
04,17,310,40,57,13,1,3,-8
04,17,300,40,51,28,15,8,1
04,17,280,60,51,13,1,7,-8
04,17,300,80,69,21,0,6,-17
04,17,270,40,90,-5,0,4,-10
04,17,210,60,99,44,0,8,-3
04,17,360,60,93,28,0,2,-3
04,17,120,20,111,104,13,8,-4
04,17,300,50,147,67,0,0,-17
04,17,990,10,147,57,0,0,-26
04,17,300,40,142,68,0,1,-19
04,17,320,60,102,33,0,8,-10
04,17,360,40,108,28,0,4,-15
04,17,300,30,126,73,0,8,-7
04,17,20,30,145,56,0,0,-23
04,17,200,30,217,49,0,0,-26
04,17,320,50,117,30,0,8,-21
04,17,270,40,128,37,0,8,-16
04,17,260,50,103,58,-1,8,0
04,17,290,50,104,27,0,2,-12
04,17,280,30,117,38,0,8,-9
04,17,300,80,109,22,0,3,-13
04,17,310,60,98,11,0,8,-7
04,17,330,60,86,-3,0,6,-10
04,17,290,30,63,35,20,8,11
04,17,360,40,78,-35,0,4,-7
04,17,280,30,117,-32,0,0,-15
04,17,270,40,122,75,0,8,-4
04,17,340,60,91,7,0,8,-8
04,17,10,30,95,20,0,8,3
04,17,260,30,129,61,-1,8,-5
04,17,310,70,74,-10,0,3,-1
04,17,30,50,72,29,-1,8,3
04,17,290,60,98,-11,0,7,-10
04,17,290,60,104,16,0,1,-11
04,17,90,40,125,20,0,8,-6
04,17,110,70,184,9,0,8,-9
04,17,280,50,65,31,0,7,-9
04,17,150,40,127,58,-1,8,-12
04,17,170,50,152,88,-1,8,-9
04,17,210,30,118,73,0,6,-17
04,17,280,50,76,7,0,6,-19
04,17,120,60,148,6,0,8,-12
04,17,200,30,212,85,0,1,-28
04,17,10,40,215,116,0,8,-18
04,17,360,50,149,109,0,8,-9
04,17,100,20,172,97,-1,8,-5
04,17,70,20,138,120,0,3,-7
04,17,40,30,140,104,0,8,-6
04,17,320,40,127,100,0,8,-9
04,17,20,30,155,95,0,8,-13
04,17,210,20,169,100,0,8,-16
04,17,330,30,148,81,0,7,-18
04,17,210,30,200,65,0,6,-11
04,17,100,30,242,74,0,0,-25
04,17,130,40,276,71,0,0,-23
04,17,300,50,236,64,0,8,-24
04,17,50,30,221,96,0,4,-26
04,17,270,30,202,162,2,4,-10
04,17,280,40,142,78,0,8,-9
04,17,210,40,152,92,0,8,-4
04,17,270,40,130,49,0,7,-4
04,17,270,60,136,13,0,5,-18
04,17,40,20,154,56,0,8,-15
04,17,230,20,148,82,0,8,-6
04,17,10,60,126,109,0,8,-2
04,17,190,80,92,31,0,8,-26
04,17,90,30,144,24,0,0,-34
04,17,200,40,91,80,18,8,-1
04,17,160,30,85,35,0,8,-8
04,17,130,40,97,22,0,8,-11
04,17,60,50,113,43,0,8,-8
04,17,80,40,152,62,0,6,-15
04,17,80,50,192,59,0,4,-28
04,17,990,10,123,103,20,8,10
04,17,50,60,136,29,0,7,-11
04,17,50,70,107,-29,0,0,-16
04,17,20,40,104,-20,0,6,-10
04,17,40,40,67,-23,0,8,-13
04,17,20,60,52,-12,0,8,-16
04,17,50,60,104,-18,0,2,-10
04,17,100,70,166,43,0,0,-14
04,17,180,50,175,65,0,8,-17
04,17,110,20,142,96,0,8,-10
04,17,70,60,214,35,0,0,-14
04,17,40,50,230,37,0,0,-26
04,17,50,30,232,35,0,0,-28
04,17,60,30,233,40,0,0,-22
04,17,110,60,248,6,0,0,-23
04,17,90,60,212,68,0,8,-13
04,17,200,70,188,93,-1,8,-57
04,17,180,50,139,100,0,8,-6
04,17,210,20,167,56,0,7,-10
04,17,260,60,110,38,1,7,-7
04,17,130,10,108,64,0,7,-9
04,17,10,60,147,75,0,7,-10
04,17,360,30,122,82,0,8,-3
04,17,350,40,85,0,0,8,-14
04,17,240,40,95,13,0,8,-2
04,17,280,50,90,-24,0,1,-12
04,17,130,30,147,-3,0,0,-18
04,17,130,40,209,-7,0,0,-20
04,17,270,60,156,81,0,8,-19
04,17,90,40,190,64,0,8,-14
04,17,310,10,239,32,0,0,-23
04,17,20,60,193,64,0,2,-20
04,17,50,50,186,51,0,8,-16
04,17,10,30,213,18,0,1,-37
04,17,0,0,212,56,0,8,-16
04,17,350,80,87,-32,0,1,-14
04,17,20,20,88,-2,0,1,-6
04,17,60,30,168,19,0,8,-10
04,17,20,40,199,46,0,8,-9
04,17,50,50,179,46,0,0,-13
04,17,270,30,131,94,0,8,-3
04,17,60,60,178,3,0,0,-14
04,17,70,100,181,-6,0,0,-13
04,17,80,90,190,5,0,0,-10
04,17,70,70,212,1,0,0,-11
04,17,80,20,228,0,0,8,-22
04,17,340,60,170,30,0,4,-18
04,17,20,40,139,35,0,0,-10
04,17,10,30,165,13,0,0,-10
04,17,310,40,192,20,0,8,-3
04,17,230,30,137,118,0,8,0
04,17,200,20,150,89,-1,8,-9
04,17,200,70,148,34,0,5,-9
04,17,240,93,131,65,0,8,-14
04,17,230,72,159,40,0,1,-25
04,17,200,10,82,70,1,7,-2
04,17,190,87,92,16,-1,8,-12
04,17,220,72,98,42,0,6,-7
04,17,210,57,118,20,0,8,-8
04,17,230,98,115,47,0,6,-9
04,17,260,41,120,50,0,7,-3
04,17,0,0,146,34,0,5,-12
04,17,120,31,171,51,0,2,-19
04,17,140,46,205,61,0,1,-25
04,17,120,51,205,45,0,1,-15
04,17,340,36,196,70,0,1,-26
04,17,50,57,188,34,0,1,-10
04,17,20,51,185,39,0,0,-29
04,17,340,67,52,2,-1,5,2
04,17,360,5,45,33,4,5,16
04,17,250,41,52,37,0,7,-2
04,17,30,62,64,-56,0,7,-9
04,17,50,51,60,-42,-1,5,-18
04,17,240,21,76,-27,-1,5,-6
04,17,290,51,70,31,3,5,-10
04,17,360,36,54,29,-1,6,6
04,17,130,51,83,28,-1,1,-9
04,17,100,21,77,45,4,7,14
04,17,40,46,128,5,0,2,-4
04,17,350,41,127,17,0,2,-16
04,17,340,46,108,5,0,1,-14
04,17,300,5,110,13,0,7,-12
04,17,70,36,75,68,7,8,-1
04,17,260,41,100,-20,0,5,-19
04,17,140,36,92,40,0,6,-19
04,17,310,46,78,19,0,6,-6
04,17,310,67,79,-6,0,2,-15
04,17,270,36,78,14,0,7,-6
04,17,190,41,101,7,0,8,-12
04,17,150,21,132,24,0,3,-9
04,17,40,67,146,8,0,3,-9
04,17,30,31,143,16,0,0,-9
04,17,30,31,147,29,0,5,-9
04,17,0,0,170,33,0,6,-35
04,17,240,41,129,86,0,7,-16
04,17,280,77,62,47,7,7,12
04,17,170,41,128,9,0,8,-4
04,17,280,72,54,26,1,8,4
04,17,320,67,59,-13,-1,4,-5
04,17,210,46,66,63,7,8,0
04,17,260,46,141,105,-1,8,-3
04,17,310,57,109,3,0,1,-19
04,17,10,26,123,4,0,5,-7
04,17,210,36,162,33,0,1,-14
04,17,270,26,128,52,0,7,-5
04,17,220,41,129,74,0,5,-11
04,17,200,46,153,76,0,6,-4
04,17,200,46,142,100,-1,7,-19
04,17,190,36,130,121,13,8,-1
04,17,220,87,136,28,0,3,-12
04,17,260,46,106,75,-1,8,-8
04,17,290,31,107,63,0,6,-2
04,17,200,72,123,33,0,7,-3
04,17,190,41,122,73,0,6,-15
04,17,340,36,95,19,0,6,-15
04,17,130,15,118,0,0,4,-24
04,17,280,41,76,35,0,6,-7
04,17,180,72,76,70,7,8,5
04,17,260,98,101,61,0,7,-16
04,17,300,26,84,53,0,8,-3
04,17,100,21,100,16,0,7,-4
04,17,120,57,136,22,0,8,-4
04,17,30,41,123,48,0,7,-18
04,17,100,41,116,83,0,7,-8
04,17,90,15,103,89,0,7,-11
04,17,310,10,113,72,0,8,-11
04,17,30,10,103,75,0,7,-6
04,17,340,21,111,76,0,4,3
04,17,250,31,139,53,0,4,-21
04,17,250,41,108,108,3,8,-1
04,17,270,62,113,107,12,8,-7
04,17,260,31,129,95,0,8,-8
04,17,200,36,215,81,0,2,-27
04,17,340,26,172,108,-1,7,-14
04,17,210,41,138,127,3,8,-8
04,17,140,57,191,99,0,6,-3
04,17,160,21,199,109,0,7,3
04,17,20,31,188,87,0,3,-11
04,17,210,31,210,46,0,5,-10
04,17,40,87,233,90,0,1,-13
04,17,70,82,258,25,0,0,-17
04,17,120,36,258,31,0,1,-9
04,17,90,31,261,34,0,1,-20
04,17,220,87,83,59,26,7,-16
04,17,250,36,59,18,0,6,-6
04,17,210,51,86,17,0,5,-10
04,17,280,134,42,21,-1,7,-6
04,17,260,41,41,34,22,8,-2
04,17,280,36,80,29,0,5,-2
04,17,220,46,82,35,0,8,-6
04,17,220,51,90,38,0,7,-11
04,17,260,31,30,26,-1,8,3
04,17,50,62,86,3,0,2,-11
04,17,50,46,117,64,0,8,-7
04,17,350,57,108,67,0,7,-6
04,17,350,98,80,25,0,7,-4
04,17,290,46,83,15,0,5,-16
04,17,20,21,93,33,0,3,-11
04,17,40,93,128,37,0,6,-12
04,17,10,87,71,18,0,6,-9
04,17,360,46,96,0,0,5,-5
04,17,360,31,94,23,0,2,-7
04,17,270,31,122,12,0,7,-5
04,17,320,41,133,45,0,7,-19
04,17,230,21,189,50,0,4,-9
04,17,250,46,181,89,0,7,-12
04,17,50,15,142,119,0,7,-10
04,17,270,51,124,44,0,3,-5
04,17,190,36,141,114,-1,7,1
04,17,220,26,162,139,0,8,-2
04,17,250,26,188,123,0,4,-7
04,17,310,21,224,115,0,4,-15
04,17,340,72,168,97,0,3,-18
04,17,280,41,132,113,0,7,-3
04,17,240,67,165,92,0,0,-17
04,17,270,41,127,80,0,1,-16
04,17,330,46,114,32,0,7,-15
04,17,280,10,139,55,0,8,-9
04,17,280,36,125,91,0,7,-5
04,17,320,82,114,63,0,6,-12
04,17,340,82,71,-21,0,5,-6
04,17,300,41,83,10,0,7,-7
04,17,290,31,99,82,-1,8,-2
04,17,330,26,144,67,0,7,-7
04,17,10,82,115,28,0,4,-11
04,17,20,51,123,59,0,5,-5
04,17,10,31,108,64,0,8,-2
04,17,340,31,89,63,-1,8,-2
04,17,290,41,77,53,0,6,-16
04,17,270,57,75,66,19,8,-2
04,17,320,41,80,27,0,6,-6
04,17,350,41,62,23,-1,7,-10
04,17,280,21,76,33,-1,7,-5
04,17,90,46,110,21,-1,8,-7
04,17,210,26,128,81,-1,7,-10
04,17,40,67,148,90,0,7,-10
04,17,50,72,232,116,0,5,-13
04,17,50,57,204,102,0,6,-15
04,17,310,41,157,109,0,6,-2
04,17,20,62,94,42,0,7,-6
04,17,50,31,101,15,0,5,-8
04,17,0,0,161,78,0,8,-7
04,17,340,15,124,96,0,8,1
04,17,60,51,40,-42,0,3,-7
04,17,40,15,48,-35,0,2,-12
04,17,50,62,72,-45,0,1,-15
04,17,100,36,88,-5,0,1,-8
04,17,70,51,114,22,0,3,-14
04,17,0,0,154,22,0,3,-17
04,17,300,36,104,50,0,7,-14
04,17,280,10,108,46,0,8,-8
04,17,320,15,137,66,0,7,-11
04,17,10,21,132,79,-1,8,-1
04,17,10,31,95,87,0,8,-3
04,17,50,62,62,-70,0,6,-5
04,17,80,46,104,-4,0,6,-7
04,17,70,41,124,-5,0,1,-13
04,17,170,15,162,-18,0,4,-21
04,17,150,41,179,-29,0,1,-12
04,17,260,51,175,45,0,7,-25
04,17,220,57,166,43,0,6,-19
04,17,230,41,199,55,0,6,-16
04,17,200,21,228,6,0,7,-13
04,17,210,57,244,13,0,1,-23
04,17,150,87,250,42,0,5,-11
04,17,220,67,178,60,0,7,-22
04,17,200,31,115,78,-1,6,-12
04,17,280,26,143,46,0,4,-5
04,17,350,41,168,85,0,7,-7
04,17,30,26,193,80,0,3,-18
04,17,340,51,146,51,0,2,-14
04,17,30,26,110,-14,0,4,-6
04,17,990,5,141,4,0,7,-7
04,17,320,30,158,29,0,0,-23
04,17,10,20,137,51,0,0,-18
04,17,310,50,93,39,-1,6,-1
04,17,310,50,77,-29,0,2,-18
04,17,270,60,98,92,3,8,4
04,17,10,60,87,-17,0,2,-17
04,17,80,30,101,-46,0,1,-12
04,17,90,40,137,-59,0,5,-9
04,17,330,20,166,11,0,6,-16
04,17,320,30,156,52,0,7,-12
04,17,350,80,73,-19,0,3,-2
04,17,330,60,84,11,0,5,-12
04,17,340,30,113,18,0,4,-15
04,17,320,50,91,65,0,8,-2
04,17,330,70,87,-9,0,3,-17
04,17,340,40,85,41,0,6,-10
04,17,60,40,128,-15,0,3,-6
04,17,340,30,91,47,0,6,-4
04,17,350,50,69,-15,-1,6,-7
04,17,50,40,86,-75,0,3,-13
04,17,350,20,97,-23,0,3,-14
04,17,330,40,88,-19,0,7,-7
04,17,300,30,122,-24,0,3,-8
04,17,280,50,155,27,0,5,-13
04,17,50,70,139,60,-1,8,-8
04,17,140,30,124,101,-1,8,-2
04,17,300,30,131,110,0,7,-3
04,17,240,90,139,97,-1,7,-6
04,17,300,50,97,89,2,8,-1
04,17,30,40,146,98,0,3,-12
04,17,990,10,126,120,26,8,-7
04,17,180,10,148,81,0,7,-38
04,17,190,80,125,82,0,8,-4
04,17,200,90,122,79,-1,7,-19
04,17,180,50,116,75,0,6,-5
04,17,250,60,71,49,18,7,4
04,17,60,10,73,67,6,8,1
04,17,160,30,81,61,-1,7,-6
04,17,180,20,107,72,2,7,-11
04,17,110,10,81,72,3,8,-5
04,17,290,40,93,43,0,6,-19
04,17,280,50,73,12,-1,4,-15
04,17,280,50,51,10,-1,6,-14
04,17,180,50,73,18,0,7,-27
04,17,180,60,82,53,-1,8,-17
04,17,190,40,64,27,2,7,8
04,17,80,40,96,59,2,8,-12
04,17,220,30,119,32,0,7,-13
04,17,190,30,119,34,0,6,-9
04,17,230,20,109,95,3,7,-6
04,17,130,20,148,62,0,7,-15
04,17,100,40,205,78,0,1,-7
04,17,220,30,192,138,7,6,-23
04,17,220,60,146,79,0,7,-7
04,17,190,50,141,128,-1,7,2
04,17,990,10,128,86,0,8,-8
04,17,300,30,90,86,17,8,0
04,17,990,10,139,63,0,6,-17
04,17,70,60,165,80,0,2,-15
04,17,340,30,154,106,0,4,-9
04,17,120,60,186,32,0,6,-10
04,17,270,70,155,99,0,4,-16
04,17,180,40,127,119,-1,8,-3
04,17,320,40,134,90,0,1,-14
04,17,200,30,145,142,-1,7,-3
04,17,240,60,139,107,0,6,-4
04,17,300,50,107,66,0,6,-6
04,17,320,40,101,60,0,6,-7
04,17,260,20,144,110,0,8,-4
04,17,230,50,124,100,0,8,-7
04,17,280,50,103,40,0,2,-7
04,17,230,50,84,66,2,7,-1
04,17,200,40,83,6,0,7,-59
04,17,120,40,36,13,0,7,2
04,17,170,50,69,22,-1,6,-8
04,17,80,20,84,33,0,3,-10
04,17,340,40,90,24,0,4,-8
04,17,320,40,96,3,0,5,-21
04,17,200,20,87,30,-1,7,-4
04,17,150,70,141,54,0,7,-5
04,17,210,70,160,70,0,7,-46
04,17,990,10,101,85,8,6,3
04,17,160,30,155,68,0,6,-10
04,17,190,40,126,87,0,8,-4
04,17,80,40,161,61,0,3,-5
04,17,60,80,197,103,0,5,-14
04,17,50,40,167,98,0,2,-14
04,17,40,50,173,85,0,2,-5
04,17,40,70,161,41,0,6,-15
04,17,20,20,195,13,0,1,-16
04,17,180,30,82,29,0,6,-16
04,17,110,50,140,41,0,7,-9
04,17,170,40,144,81,0,7,-5
04,17,240,50,152,69,0,2,-34
04,17,10,80,62,-23,0,7,-8
04,17,60,60,103,2,0,1,-15
04,17,40,50,117,9,0,1,-25
04,17,30,40,116,2,0,7,-8
04,17,50,90,135,32,0,4,-15
04,17,30,50,103,-23,0,1,-20
04,17,240,50,108,-11,0,8,-14
04,17,210,40,69,21,0,6,-8
04,17,220,70,61,38,-1,8,1
04,17,330,20,107,40,0,5,-14
04,17,180,80,115,48,0,7,-7
04,17,90,30,140,2,0,7,-2
04,17,220,60,132,83,1,4,-19
04,17,170,50,144,47,0,7,-9
04,17,210,40,151,74,0,7,-4
04,17,180,20,175,107,-1,7,-9
04,17,220,50,176,46,0,7,-19
04,17,220,10,158,143,9,8,-11
04,17,290,20,120,102,-1,8,-7
04,17,300,20,164,69,0,3,-3
04,17,160,30,203,85,0,4,-19
04,17,310,30,158,124,0,7,-6
04,17,360,40,194,143,0,8,-11
04,17,320,50,208,136,0,7,-16
04,17,260,10,129,103,0,8,0
04,17,20,30,155,125,0,6,-8
04,17,290,10,161,91,0,7,-21
04,17,170,60,209,55,0,2,-34
04,17,220,30,133,69,0,5,-16
04,17,270,70,80,33,0,5,-14
04,17,200,80,69,48,17,8,-4
04,17,200,60,131,78,0,7,-5
04,17,200,30,105,36,1,6,-3
04,17,280,60,83,16,0,6,-8
04,17,170,20,103,96,-1,7,0
04,17,350,10,89,72,35,7,7
04,17,360,60,103,34,0,5,-11
04,17,330,80,70,11,-1,7,-16
04,17,360,80,61,-34,0,4,-11
04,17,210,50,11,2,3,8,-5
04,17,310,60,84,51,-1,7,-4
04,17,320,50,76,52,0,7,-1
04,17,250,50,73,17,0,7,-5
04,17,300,50,60,3,0,5,-3
04,17,290,30,41,10,6,6,8
04,17,330,30,44,24,-1,7,-10
04,17,20,60,106,9,0,5,-22
04,17,0,0,112,-8,0,6,-9
04,17,290,20,123,3,0,7,-4
04,17,190,60,150,73,0,7,-20
04,17,250,50,112,76,3,7,7
04,17,230,60,136,47,0,5,-11
04,17,200,40,114,87,0,7,-11
04,17,240,80,146,40,0,2,-11
04,17,190,30,161,61,0,7,-13
04,17,120,20,189,103,0,7,-3
04,17,160,30,172,66,0,5,-15
04,17,120,50,194,16,0,4,-14
04,17,100,50,199,20,0,1,-17
04,17,60,60,168,33,0,7,-12
04,17,70,70,140,-31,0,0,-16
04,17,50,90,96,-30,0,0,-8
04,17,60,50,123,-24,0,0,-10
04,17,40,70,124,-23,0,0,-9
04,17,340,50,103,29,0,6,-8
04,17,60,90,100,-17,0,1,-10
04,17,50,50,119,11,0,6,-7
04,17,350,80,116,51,0,6,-12
04,17,330,60,91,12,0,7,-2
04,17,300,50,89,43,0,5,-16
04,17,270,30,70,45,-1,8,-5
04,17,310,40,87,75,0,8,-2
04,17,990,10,115,52,0,6,-6
04,17,180,20,90,82,-1,7,-4
04,17,50,40,94,66,1,5,6
04,17,340,10,126,58,0,7,-16
04,17,0,0,174,32,0,4,-14
04,17,250,20,186,70,0,7,-21
04,17,310,50,167,93,0,5,-11
04,17,290,40,198,130,0,4,-19
04,17,280,50,140,90,0,4,-12
04,17,200,70,85,74,-1,8,11
04,17,300,30,102,45,0,5,-23
04,17,200,60,141,93,0,4,-15
04,17,230,70,97,72,0,7,6
04,17,210,70,153,78,0,7,-3
04,17,230,70,80,68,22,8,0
04,17,320,80,69,10,0,3,-8
04,17,350,70,68,-24,-1,2,-11
04,17,270,40,96,52,0,6,-3
04,17,360,80,85,36,0,5,-3
04,17,20,80,84,-49,0,1,-22
04,17,30,50,61,-100,0,2,-9
04,17,20,50,58,-56,0,6,-16
04,17,30,50,53,-51,0,7,-6
04,17,320,30,61,-45,0,3,-13
04,17,240,20,93,-33,0,6,-16
04,17,990,10,142,-22,0,5,-8
04,17,110,60,181,0,0,3,-8
04,17,110,60,209,-12,0,6,-11
04,17,120,40,245,22,0,1,-12
04,17,60,70,231,-7,0,1,-11
04,17,60,70,214,-10,0,0,-13
04,17,50,80,163,2,0,1,-14
04,17,60,60,99,35,0,7,-2
04,17,120,40,160,44,0,,-5
04,17,270,30,228,47,0,2,-50
04,17,330,60,167,34,0,3,-13
04,17,340,40,174,63,0,0,-11
04,17,100,20,217,55,0,7,-10
04,17,120,20,195,101,0,8,-12
04,17,250,50,121,109,0,8,6
04,17,220,70,144,84,0,4,-11
04,17,210,50,198,130,1,8,-21
04,17,210,50,182,75,0,4,-20
04,17,200,30,125,113,0,7,-18
04,17,110,50,196,29,0,1,-11
04,17,290,30,146,84,-1,7,-11
04,17,210,70,143,68,0,5,-15
04,17,240,70,118,28,0,7,-12
04,17,240,100,73,54,7,7,0
04,17,280,30,68,36,6,6,0
04,17,310,50,68,26,-1,5,-8
04,17,330,50,64,34,-1,8,-11
04,17,330,40,86,42,0,7,-5
04,17,350,50,78,28,0,,-10
04,17,20,40,89,17,0,,-8
04,17,20,50,120,50,0,4,1
04,17,20,30,120,61,0,7,-7
04,17,70,30,149,26,0,4,-10
04,17,220,40,165,34,0,5,-1
04,17,140,40,196,25,0,6,-10
04,17,220,70,183,60,0,7,-34
04,17,150,80,102,76,1,8,3
04,17,240,40,117,11,0,4,-15
04,17,990,10,154,4,0,2,-6
04,17,180,50,176,93,0,7,-8
04,17,320,40,143,108,1,7,-12
04,17,340,50,159,15,0,2,-15
04,17,360,30,158,49,0,1,-11
04,17,60,40,171,42,0,6,-5
04,17,100,30,195,36,0,5,-12
04,17,130,40,211,68,0,7,-13
04,17,280,30,153,123,-1,7,-16
04,17,120,20,170,92,0,7,-4
04,17,250,60,205,139,1,7,-45
04,17,110,40,164,-5,0,,-14
04,17,140,40,168,12,0,,-14
04,17,200,60,193,85,0,,-34
04,17,210,40,165,80,0,,-27
04,17,280,20,121,19,0,,-12
04,17,220,50,107,81,2,,-6
04,17,240,80,113,46,0,,-12
04,17,300,50,71,35,0,,-11
04,17,260,40,53,40,2,,1
04,17,300,50,108,52,0,,-13
04,17,330,40,153,54,0,,-16
04,17,300,30,143,58,0,,-13
04,17,200,60,131,100,0,,-3
04,17,210,50,153,49,0,,-3
04,17,240,60,104,54,0,,-8
04,17,330,40,89,74,0,,-2
04,17,290,30,121,105,0,,-18
04,17,250,40,127,103,0,,-11
04,17,310,20,84,74,6,,0
04,17,50,50,119,37,0,,-6
04,17,80,30,132,-7,0,,-11
04,17,70,30,156,4,0,,-10
04,17,210,60,158,41,0,,-19
04,17,80,50,180,85,0,,-6
04,17,40,40,163,95,0,,-7
04,17,190,30,132,95,0,,-1
04,17,280,60,139,54,0,,-9
04,17,200,50,173,62,0,,-6
04,17,250,30,161,131,0,,-3
04,17,110,20,196,133,0,,-5
04,17,280,60,125,51,0,,-15
04,17,240,80,124,34,0,,-14
04,17,310,40,95,46,-1,,-7
04,17,340,60,70,2,0,,-13
04,17,350,40,70,-32,0,,-4
04,17,240,30,103,-14,0,,-13
04,17,210,60,105,32,0,,-18
04,17,220,30,69,56,-1,,-6
04,17,310,50,90,2,0,,-10
04,17,330,60,86,13,0,,-28
04,17,230,90,86,-3,0,,-13
04,17,290,60,105,26,0,,-11
04,17,230,80,115,94,-1,,-4
04,17,260,40,115,45,0,,-14
04,17,110,30,131,88,-1,,-7
04,17,280,50,136,76,0,,-19
04,17,290,50,130,29,0,,-11
04,17,290,50,134,41,0,,-17
04,17,230,60,144,54,0,,-10
04,17,220,30,159,43,0,,-10
04,17,350,40,180,52,0,,-13
04,17,330,30,93,58,0,,-4
04,17,10,20,155,66,0,,-19
04,17,100,20,191,48,0,,-10
04,17,330,60,163,103,0,,-9
04,17,260,40,162,67,0,,-18
04,17,350,50,146,64,0,,-4
04,17,320,60,95,39,0,,-1
04,17,330,20,63,44,19,,3
04,17,210,30,86,30,0,,-9
04,17,70,70,166,-30,0,0,-15
04,17,30,60,165,14,0,0,-34
04,17,350,60,97,37,0,8,-7
04,17,40,50,109,-5,0,1,-17
04,17,320,30,141,79,0,1,-16
04,17,310,40,162,79,0,0,-15
04,17,10,40,118,33,0,8,-9
04,17,290,30,148,48,0,0,-17
04,17,280,50,142,45,0,1,-10
04,17,300,40,146,62,0,8,-7
04,17,30,20,159,79,0,0,-23
04,17,70,40,206,92,0,0,-15
04,17,70,50,234,111,0,0,-25
04,17,40,60,261,118,0,0,-22
04,17,100,20,271,48,0,0,-14
04,17,340,50,246,129,0,0,-26
04,17,340,60,137,46,0,1,-20
04,17,350,10,135,21,0,8,-11
04,17,290,40,158,26,0,0,-16
04,17,360,50,119,-3,0,0,-10
04,17,50,40,140,6,0,0,-12
04,17,290,30,208,35,0,0,-18
04,17,300,30,208,71,0,8,-13
04,17,70,40,225,103,0,8,-6
04,17,110,30,261,111,0,8,-8
04,17,60,50,265,98,0,0,-11
04,17,50,50,260,80,0,0,-27
04,17,30,40,258,92,0,0,-19
04,17,60,80,207,47,0,0,-16
04,17,80,60,195,-5,0,0,-9
04,17,220,60,110,87,0,6,-5
04,17,300,60,100,53,0,7,-9
04,17,360,40,93,44,0,3,-5
04,17,230,30,117,70,-1,8,-15
04,17,10,50,80,29,0,8,-28
04,17,40,40,69,-30,0,7,-13
04,17,990,10,75,14,-1,7,-17
04,17,20,20,82,-29,0,5,-15
04,17,70,50,102,-22,0,1,-18
04,17,40,30,113,-16,0,0,-8
04,17,240,70,126,-4,0,3,-10
04,17,280,30,123,33,0,6,-21
04,17,310,20,125,14,0,6,-28
04,17,330,30,100,35,-1,8,-6
04,17,350,60,92,-14,0,0,-12
04,17,30,40,81,-12,0,8,-5
04,17,60,60,110,-16,0,1,-8
04,17,70,80,116,30,0,8,-10
04,17,110,40,103,83,3,8,-6
04,17,90,50,163,63,0,1,-3
04,17,60,70,171,58,0,6,-9
04,17,100,40,154,64,0,7,-6
04,17,260,30,129,105,-1,8,-12
04,17,240,60,163,55,-1,7,-38
04,17,280,40,149,65,0,7,-15
04,17,240,20,188,77,0,2,7
04,17,150,40,225,49,0,4,-20
04,17,190,40,127,84,0,0,-11
04,17,160,50,131,85,-1,6,-7
04,17,190,70,146,64,0,7,-7
04,17,50,80,146,50,0,0,-11
04,17,60,70,176,64,0,0,-13
04,17,260,30,209,94,0,0,-25
04,17,280,30,130,76,0,5,-7
04,17,90,30,149,58,0,6,-5
04,17,140,40,194,83,0,6,-10
04,17,230,20,112,85,1,8,-7
04,17,200,70,109,92,-1,8,-6
04,17,140,40,177,104,0,1,-11
04,17,130,30,228,71,0,5,-18
04,17,320,20,204,68,0,2,-14
04,17,290,30,176,129,0,3,-11
04,17,330,40,178,83,0,5,-18
04,17,50,50,201,105,0,0,-9
04,17,160,10,222,70,0,8,-28
04,17,260,30,155,107,-1,8,-7
04,17,260,40,129,112,0,8,-7
04,17,100,50,158,70,0,8,-29
04,17,20,40,162,75,0,0,-14
04,17,10,40,185,78,0,1,-13
04,17,330,60,180,62,0,0,-19
04,17,340,70,139,23,0,0,-16
04,17,110,30,148,42,0,0,-10
04,17,150,60,183,38,0,0,-11
04,17,200,50,158,67,0,8,-8
04,17,280,20,167,108,0,8,-10
04,17,180,50,142,48,0,4,-2
04,17,180,10,121,64,0,4,-7
04,17,10,20,164,45,0,8,-13
04,17,20,40,186,32,0,5,-10
04,17,280,40,84,-38,0,0,-36
04,17,150,50,109,19,-1,7,-11
04,17,170,30,88,65,4,8,-19
04,17,280,50,83,55,0,8,-5
04,17,190,40,109,20,0,8,-7
04,17,120,50,172,18,0,0,-10
04,17,310,30,174,66,0,8,-13
04,17,360,40,127,15,0,0,-19
04,17,350,60,139,41,0,0,-15
04,17,360,60,111,25,0,0,-14
04,17,50,70,82,24,0,8,-10
04,17,70,80,141,3,0,8,-16
04,17,360,70,138,45,0,7,-16
04,17,30,50,136,-2,0,3,-13
04,17,10,60,149,-7,0,0,-23
04,17,360,50,119,19,0,7,-16
04,17,10,20,161,-22,0,0,-14
04,17,340,50,171,23,0,0,-20
04,17,350,30,139,1,0,1,-15
04,17,310,60,107,3,0,7,-10
04,17,320,60,89,-15,0,1,-12
04,17,350,20,113,-4,0,0,-12
04,17,30,30,153,-11,0,0,-18
04,17,50,40,200,-29,0,0,-11
04,17,300,60,185,69,0,8,-26
04,17,300,50,148,68,0,0,-3
04,17,320,40,183,45,0,0,-10
04,17,220,40,228,48,0,1,-18
04,17,230,40,246,70,0,8,-18
04,17,250,40,135,76,0,7,1
04,17,220,50,157,121,0,8,-12
04,17,210,50,224,82,0,4,-23
04,17,280,40,134,54,0,7,-10
04,17,290,40,118,50,0,8,-9
04,17,210,60,91,62,1,8,-3
04,17,280,30,211,120,0,0,-14
04,17,330,60,146,94,0,7,-14
04,17,300,50,165,54,0,5,-20
04,17,20,40,167,46,0,0,-27
04,17,70,40,183,58,0,0,-13
04,17,300,60,184,65,0,1,-16
04,17,320,60,93,18,0,5,-9
04,17,320,40,115,-5,0,8,-10
04,17,30,30,120,36,0,8,-13
04,17,50,20,138,16,0,3,-8
04,17,10,10,157,14,0,6,-24
04,17,50,40,166,18,0,3,-10
04,17,100,40,196,24,0,0,-8
04,17,90,30,235,65,0,1,-20
04,17,120,20,233,28,0,0,-14
04,17,220,30,236,68,0,0,-25
04,17,220,20,228,74,0,8,-23
04,17,60,60,254,71,0,0,-14
04,17,50,50,244,52,0,0,-9
04,17,40,50,229,34,0,0,-16
04,17,20,50,210,61,0,5,-13
04,17,330,40,136,103,1,6,-4
04,17,70,50,174,93,0,2,-6
04,17,60,80,221,102,0,1,-83
04,17,70,90,200,72,0,0,-11
04,17,310,40,89,4,0,2,-19
04,17,0,0,138,24,0,3,-20
04,17,350,30,138,24,0,8,-15
04,17,50,50,95,78,-1,5,-2
04,17,70,40,87,20,0,8,-5
04,17,290,50,97,-25,0,5,-14
04,17,360,50,61,-22,0,8,-5
04,17,210,60,95,9,0,8,-5
04,17,220,60,97,87,4,8,-6
04,17,270,10,83,74,14,8,-3
04,17,210,30,84,53,-1,8,-15
04,17,140,20,86,56,1,5,-20
04,17,320,10,91,47,-1,2,-3
04,17,20,50,116,24,0,7,-14
04,17,350,70,80,2,0,8,-1
04,17,330,50,84,-22,0,4,-11
04,17,200,50,65,46,7,8,-10
04,17,170,60,107,48,-1,7,-23
04,17,270,40,120,43,0,4,-9
04,17,220,30,96,68,2,3,-10
04,17,160,20,91,51,0,8,-37
04,17,200,40,95,51,-1,1,-6
04,17,190,30,107,38,-1,8,-5
04,17,280,30,111,57,0,5,-4
04,17,170,70,101,85,15,8,-2
04,17,210,70,118,82,1,7,-21
04,17,240,30,154,55,0,8,-8
04,17,340,50,158,133,0,7,-13
04,17,210,60,199,75,0,1,-14
04,17,40,50,211,103,0,8,-5
04,17,60,70,62,-80,0,5,-10
04,17,60,70,70,-83,0,0,-9
04,17,70,60,55,-53,0,7,-9
04,17,50,60,53,-34,0,3,-6
04,17,70,40,52,-13,0,8,-2
04,17,30,50,73,-40,0,8,-6
04,17,360,40,94,-51,0,0,-34
04,17,80,30,92,-39,0,7,-1
04,17,130,20,88,64,0,8,-5
04,17,300,30,85,41,0,2,-14
04,17,250,40,123,79,0,4,-27
04,17,240,70,118,59,0,4,-8
04,17,210,40,143,36,0,8,-10
04,17,170,70,233,89,0,0,-12
04,17,230,30,164,104,0,6,-12
04,17,250,50,132,114,-1,8,2
04,17,190,40,219,79,0,4,-20
04,17,240,80,152,15,0,6,-17
04,17,20,30,101,72,11,8,-12
04,17,50,60,113,2,0,0,-8
04,17,200,10,134,5,0,8,-3
04,17,240,50,143,3,0,3,-13
04,17,290,20,167,72,0,5,-15
04,17,240,40,212,99,0,0,-20
04,17,240,40,236,102,0,1,-23
04,17,320,20,70,61,-1,8,-3
04,17,10,60,94,23,-1,8,-6
04,17,200,20,129,-17,0,8,-10
04,17,270,50,126,-9,0,1,-14
04,17,360,70,136,27,0,8,2
04,17,350,20,192,90,0,1,-32
04,17,140,30,204,71,0,2,-23
04,17,200,30,194,84,0,6,-17
04,17,300,30,140,101,0,8,-7
04,17,220,20,163,80,0,1,-24
04,17,220,50,175,119,0,8,-4
04,17,180,50,207,104,0,7,-8
04,17,270,60,101,33,0,1,-30
04,17,270,50,134,28,0,0,-15
04,17,330,20,155,76,0,7,-19
04,17,340,30,145,55,0,6,-23
04,17,280,30,138,55,0,7,-4
04,17,290,40,119,32,0,0,-15
04,17,340,100,84,27,-1,7,-13
04,17,350,50,101,4,0,3,-13
04,17,110,40,147,-19,0,0,-10
04,17,250,40,164,14,0,8,-7
04,17,350,70,110,20,0,0,-19
04,17,50,80,164,50,0,0,-7
04,17,110,30,202,52,0,5,-8
04,17,100,40,148,73,-1,8,-11
04,17,230,20,174,77,0,8,-29
04,17,0,0,192,65,0,0,-9
04,17,330,20,155,133,24,8,-5
04,17,90,30,186,128,12,8,-8
04,17,180,30,172,63,0,8,-13
04,17,210,30,167,57,0,7,7
04,17,60,30,173,81,0,8,-3
04,17,290,10,138,120,0,8,-5
04,17,310,40,159,110,0,1,-16
04,17,280,60,85,-3,0,8,-2
04,17,320,60,69,3,0,7,-5
04,17,170,30,84,14,-1,8,-4
04,17,360,60,75,-4,0,7,-6
04,17,330,30,107,-22,0,7,-21
04,17,110,10,115,27,0,4,-11
04,17,300,30,125,37,0,2,-18
04,17,80,20,127,46,0,5,-6
04,17,280,20,181,44,0,0,-14
04,17,170,10,207,15,0,4,-19
04,17,310,60,94,46,1,6,-14
04,17,220,80,154,40,0,3,-6
04,17,290,30,128,2,0,4,-13
04,17,280,60,211,64,0,0,-19
04,17,310,40,227,71,0,0,-18
04,17,40,60,137,11,0,2,-10
04,17,360,70,126,6,0,6,-17
04,17,50,60,139,-6,0,0,-5
04,17,40,50,146,16,0,0,-10
04,17,20,50,185,23,0,0,-21
04,17,360,60,169,29,0,0,-21
04,17,360,50,135,53,0,3,-15
04,17,30,30,149,47,0,0,-14
04,17,250,40,209,59,0,8,-10
04,17,230,50,161,94,0,6,-4
04,17,310,30,138,103,-1,8,-7
04,17,360,70,113,21,0,7,-4
04,17,280,50,108,-25,0,2,-11
04,17,200,60,141,19,0,8,-7
04,17,300,40,126,9,0,1,1
04,17,150,30,119,17,0,7,-16
04,17,100,30,137,65,0,8,-3
04,17,150,40,196,101,0,8,-14
04,17,180,40,162,54,0,1,-17
04,17,230,30,108,79,18,3,2
04,17,220,90,109,77,3,8,-7
04,17,230,50,66,35,4,8,1
04,17,310,40,91,53,1,8,-4
04,17,160,40,146,2,0,7,-9
04,17,70,50,169,40,0,7,-15
04,17,130,50,200,36,0,7,-11
04,17,190,60,108,74,8,8,-7
04,17,990,10,148,48,0,6,-26
04,17,180,20,160,28,0,5,-19
04,17,260,50,141,63,0,8,-29
04,17,270,50,83,31,-1,7,-5
04,17,320,10,85,26,-1,3,1
04,17,270,50,114,24,0,7,-7
04,17,330,60,128,30,0,0,-15
04,17,50,60,138,20,0,0,-8
04,17,50,50,170,35,0,5,-25
04,17,360,50,123,42,0,8,-8
04,17,330,70,66,-1,-1,4,-3
04,17,310,50,52,12,1,8,9
04,17,290,40,54,41,18,8,-9
04,17,280,80,57,10,0,6,-9
04,17,280,40,71,21,0,4,-6
04,17,270,30,86,18,0,3,-9
04,17,190,60,94,44,0,8,-5
04,17,10,60,108,24,0,8,-8
04,17,240,20,103,89,10,8,-1
04,17,340,50,152,70,0,0,-18
04,17,340,10,147,64,0,0,-21
04,17,340,20,144,57,0,0,-13
04,17,320,60,102,34,0,8,-8
04,17,330,30,108,30,0,7,-13
04,17,310,20,129,64,0,8,-5
04,17,30,10,147,43,0,0,-31
04,17,200,30,222,36,0,0,-35
04,17,340,50,111,30,0,8,-14
04,17,260,50,132,43,0,8,-14
04,17,270,50,98,57,-1,8,4
04,17,300,50,116,25,0,7,-15
04,17,260,10,110,38,0,8,-13
04,17,290,70,109,12,0,4,-14
04,17,310,50,95,10,0,7,-8
04,17,320,80,89,-26,0,2,-13
04,17,340,40,94,16,0,2,-12
04,17,40,30,76,-55,0,2,-4
04,17,290,30,122,-39,0,0,-13
04,17,280,40,126,74,0,8,-7
04,17,320,60,94,-1,0,7,-8
04,17,310,30,98,5,0,8,-6
04,17,260,50,132,57,0,7,-9
04,17,310,60,85,-7,0,1,-14
04,17,330,50,89,-16,0,4,-16
04,17,280,50,99,-1,0,1,-8
04,17,300,60,111,22,0,8,-9
04,17,40,40,122,7,0,7,1
04,17,120,60,184,0,0,8,-6
04,17,290,30,65,40,-1,8,-5
04,17,150,50,121,64,1,8,-9
04,17,180,50,157,79,0,8,-14
04,17,220,20,106,87,8,7,-12
04,17,320,40,81,-1,0,7,-11
04,17,120,70,152,-6,0,8,-13
04,17,160,40,220,61,0,1,-22
04,17,990,10,230,83,0,8,-28
04,17,50,50,172,95,0,8,-11
04,17,240,10,172,98,-1,8,-13
04,17,70,20,132,117,-1,7,-4
04,17,50,30,147,108,0,8,-1
04,17,250,30,141,87,0,8,-8
04,17,360,30,164,88,0,8,-15
04,17,190,20,171,99,0,8,-10
04,17,290,30,156,74,0,2,-17
04,17,220,20,204,81,0,5,-18
04,17,110,30,248,63,0,1,-13
04,17,120,50,276,69,0,0,-12
04,17,320,40,245,101,0,8,-16
04,17,50,40,225,87,0,6,-15
04,17,290,40,216,130,0,6,-12
04,17,280,30,158,72,0,8,-12
04,17,230,60,154,83,0,8,-8
04,17,260,50,139,48,0,7,-14
04,17,280,40,126,35,0,7,-16
04,17,90,10,163,42,0,7,-7
04,17,270,20,153,69,0,8,-10
04,17,360,40,150,118,0,8,-10
04,17,190,50,81,40,1,8,-15
04,17,80,30,147,13,0,0,-11
04,17,190,40,93,74,8,8,-4
04,17,180,40,83,28,-1,8,-5
04,17,110,40,94,37,0,8,-8
04,17,60,50,107,44,0,8,-7
04,17,70,50,160,70,0,8,-9
04,17,90,50,197,54,0,5,-13
04,17,990,10,131,96,26,8,-6
04,17,40,60,137,39,0,8,-10
04,17,20,80,107,-11,0,0,-15
04,17,30,60,95,-28,0,1,-4
04,17,80,50,64,-27,0,8,-9
04,17,350,50,59,-17,0,1,-9
04,17,60,70,105,-25,0,3,-9
04,17,80,50,169,37,0,0,-9
04,17,190,50,172,60,0,8,-16
04,17,120,10,153,89,0,5,-5
04,17,70,50,220,29,0,0,-12
04,17,100,30,241,4,0,0,-15
04,17,40,50,239,15,0,0,-12
04,17,60,40,235,16,0,0,-14
04,17,70,70,246,31,0,8,-15
04,17,130,50,211,66,0,8,-9
04,17,200,70,163,111,4,8,-36
04,17,190,40,142,102,0,8,-7
04,17,210,30,169,50,0,6,-21
04,17,260,60,112,40,0,8,-7
04,17,290,20,109,55,0,3,-9
04,17,10,60,155,66,0,8,-10
04,17,20,50,127,73,0,8,-4
04,17,320,30,91,-14,0,1,-21
04,17,270,50,95,7,0,8,-9
04,17,310,50,90,-38,0,1,-12
04,17,120,30,142,-20,0,0,-12
04,17,120,60,199,-6,0,0,-12
04,17,290,40,180,62,0,8,-25
04,17,80,30,192,64,0,7,-9
04,17,30,10,237,32,0,3,-18
04,17,40,40,200,55,0,0,-21
04,17,40,60,181,48,0,8,-18
04,17,360,20,214,26,0,2,-35
04,17,70,20,173,95,2,8,-13
04,17,10,70,94,-35,0,0,-15
04,17,990,10,107,-8,0,7,-18
04,17,80,20,171,6,0,7,-6
04,17,20,30,212,36,0,8,-19
04,17,40,60,181,46,0,0,-10
04,17,280,30,149,100,0,8,-12
04,17,60,60,178,5,0,0,-13
04,17,70,90,181,-4,0,0,-10
04,17,70,80,195,1,0,0,-11
04,17,60,60,216,-19,0,0,-10
04,17,70,20,230,-19,0,8,-12
04,17,350,50,181,20,0,5,-18
04,17,360,30,150,27,0,0,-10
04,17,340,30,172,19,0,0,-11
04,17,280,30,212,21,0,6,-22
04,17,240,30,145,123,0,8,-7
04,17,180,40,156,75,0,8,-18
04,17,160,50,139,62,0,6,-42
04,17,260,57,139,67,0,8,-17
04,17,240,77,159,34,0,1,-15
04,17,240,26,87,62,3,7,-4
04,17,210,67,110,1,0,8,-22
04,17,220,57,109,39,0,5,-9
04,17,280,41,121,26,0,7,-11
04,17,250,72,115,35,0,5,-5
04,17,270,46,119,46,0,7,-3
04,17,320,15,147,32,0,3,-11
04,17,130,51,168,45,0,3,-23
04,17,150,51,196,53,0,1,-17
04,17,120,51,206,58,0,1,-21
04,17,50,21,198,69,0,0,-19
04,17,60,51,191,33,0,1,-13
04,17,20,21,187,52,0,1,-26
04,17,350,57,64,-12,0,4,-13
04,17,10,41,78,-2,-1,6,-14
04,17,240,15,49,31,1,7,-1
04,17,50,62,61,-49,0,5,-11
04,17,60,41,45,-26,-1,4,-1
04,17,210,51,71,-11,0,3,-13
04,17,290,51,66,25,-1,6,-16
04,17,300,41,65,37,0,4,-6
04,17,100,36,89,23,0,4,-9
04,17,190,46,97,26,-1,5,-22
04,17,80,36,134,11,0,2,-13
04,17,360,26,122,24,0,1,-14
04,17,310,31,111,5,0,1,-14
04,17,330,15,107,18,0,4,-11
04,17,70,51,93,41,-1,8,-8
04,17,300,31,97,16,0,6,-12
04,17,150,41,92,44,0,4,-14
04,17,340,26,77,26,-1,7,-10
04,17,330,31,85,12,0,5,-21
04,17,290,36,80,14,0,7,-7
04,17,220,51,103,17,0,7,-13
04,17,110,36,137,32,0,4,-14
04,17,70,51,145,21,0,1,-10
04,17,50,36,144,29,0,0,-11
04,17,50,26,149,40,0,7,-13
04,17,340,26,164,38,0,6,-8
04,17,270,36,128,79,-1,7,-12
04,17,280,51,78,53,-1,6,-1
04,17,190,57,133,22,0,8,-12
04,17,290,51,51,26,-1,8,-1
04,17,350,36,64,-15,0,4,-11
04,17,230,41,65,61,13,8,2
04,17,280,41,138,102,-1,8,-6
04,17,320,51,103,9,0,1,-11
04,17,990,10,120,11,0,2,-7
04,17,170,15,158,33,0,1,0
04,17,300,21,131,53,0,5,-7
04,17,250,26,122,87,0,5,-1
04,17,230,51,157,77,0,7,0
04,17,250,31,142,90,-1,7,-6
04,17,210,57,136,120,3,8,-5
04,17,250,72,138,41,0,3,-9
04,17,190,26,112,93,2,7,-21
04,17,230,41,97,73,0,6,10
04,17,220,87,132,38,0,7,-11
04,17,180,31,117,98,0,7,-10
04,17,320,26,97,32,0,7,-12
04,17,80,46,103,33,0,0,-18
04,17,280,46,82,39,0,6,-10
04,17,180,82,75,64,7,8,-1
04,17,260,93,99,55,3,4,-8
04,17,280,15,85,53,0,8,-10
04,17,80,31,94,32,0,7,-5
04,17,120,57,131,29,0,8,-9
04,17,40,15,125,29,0,6,-9
04,17,110,41,105,81,0,7,-7
04,17,60,26,100,86,0,7,-1
04,17,70,41,111,68,0,7,-23
04,17,240,26,115,74,0,7,-10
04,17,100,31,132,79,0,3,-9
04,17,240,46,142,50,0,3,-20
04,17,260,26,107,105,3,8,-1
04,17,250,93,113,104,8,8,-7
04,17,270,26,128,100,0,8,-6
04,17,180,36,208,94,0,1,-11
04,17,310,31,171,112,-1,7,-14
04,17,230,67,140,122,2,7,0
04,17,140,31,188,101,0,7,-9
04,17,130,10,211,97,0,8,-32
04,17,340,26,201,94,0,6,-5
04,17,180,21,209,45,0,5,-30
04,17,40,67,232,103,0,1,-15
04,17,60,93,243,83,0,0,-14
04,17,110,36,249,52,0,1,-18
04,17,70,51,239,79,0,1,-20
04,17,240,62,76,61,8,7,-5
04,17,240,51,61,24,0,7,-6
04,17,200,46,78,31,0,6,-10
04,17,230,118,59,39,-1,7,-33
04,17,240,46,62,30,0,7,-15
04,17,300,15,82,29,0,4,-13
04,17,150,26,88,17,0,8,-9
04,17,210,41,82,50,0,6,-4
04,17,260,21,22,22,9,7,5
04,17,50,57,78,23,0,5,-6
04,17,30,46,113,70,0,8,-5
04,17,360,41,106,75,0,7,-6
04,17,330,82,75,34,0,8,-3
04,17,280,41,82,11,0,2,-17
04,17,60,31,87,29,0,6,-6
04,17,40,62,123,48,0,6,-11
04,17,10,67,70,9,0,6,-5
04,17,350,51,98,15,0,5,-10
04,17,340,21,87,23,0,3,-9
04,17,240,41,127,28,0,7,-8
04,17,280,31,125,42,0,4,-15
04,17,200,10,178,67,0,4,-9
04,17,190,31,177,101,-1,7,-23
04,17,360,15,139,111,-1,7,-9
04,17,270,46,133,28,0,3,-14
04,17,190,46,142,110,0,8,-1
04,17,200,26,157,137,0,7,-3
04,17,250,31,178,120,0,6,-5
04,17,280,21,216,92,0,5,-15
04,17,350,51,161,91,0,3,-20
04,17,270,31,132,116,0,7,-1
04,17,240,82,171,85,0,0,-17
04,17,260,41,118,75,0,1,-11
04,17,350,31,110,33,0,7,-23
04,17,250,15,135,59,0,7,-10
04,17,270,41,128,96,0,7,-6
04,17,320,72,114,59,0,7,-12
04,17,330,72,64,1,0,7,-7
04,17,310,31,79,17,0,7,-4
04,17,290,31,96,80,-1,8,-1
04,17,270,31,145,73,0,5,-7
04,17,360,62,105,51,0,6,-7
04,17,20,41,126,46,0,6,-6
04,17,330,21,110,69,0,7,-4
04,17,320,21,90,68,-1,8,-5
04,17,290,46,83,45,0,7,-10
04,17,270,62,76,67,12,8,-3
04,17,300,41,83,23,0,6,-8
04,17,350,36,46,28,-1,7,-2
04,17,300,36,81,19,0,4,-11
04,17,50,46,116,26,0,8,-13
04,17,210,15,139,95,0,7,-9
04,17,40,51,146,96,0,8,-9
04,17,60,77,224,109,0,4,-13
04,17,50,67,202,109,0,4,-14
04,17,330,26,176,100,0,6,0
04,17,360,51,95,37,0,5,-17
04,17,70,41,88,22,0,3,-5
04,17,30,31,144,79,0,7,-6
04,17,340,15,122,96,0,8,3
04,17,60,51,35,-47,0,1,-22
04,17,360,31,43,-42,0,3,-13
04,17,40,46,74,-40,0,1,-13
04,17,90,57,102,-28,0,2,-23
04,17,70,72,104,30,0,3,-21
04,17,70,41,134,35,0,5,-20
04,17,290,31,104,43,0,6,-12
04,17,320,15,99,30,0,7,-10
04,17,260,10,134,58,0,7,-13
04,17,50,31,132,72,0,7,-8
04,17,310,15,95,94,-1,8,-10
04,17,60,51,58,-52,0,7,-12
04,17,60,62,103,-2,0,7,-16
04,17,50,26,120,-8,0,1,-26
04,17,230,21,162,-18,0,5,-10
04,17,130,36,178,-14,0,3,-23
04,17,300,41,178,44,0,7,-13
04,17,220,51,163,47,0,6,-12
04,17,210,36,199,52,0,7,-23
04,17,200,26,221,12,0,7,-18
04,17,200,51,248,10,0,1,-23
04,17,150,41,255,29,0,4,-12
04,17,240,67,195,63,0,5,-20
04,17,220,51,130,61,0,7,-14
04,17,290,36,149,34,0,4,-11
04,17,310,26,170,84,0,6,-5
04,17,40,15,192,79,0,3,-13
04,17,10,41,149,40,0,3,-18
04,17,10,26,116,-5,0,4,-10
04,17,250,5,142,-6,0,6,-8
04,17,310,30,156,34,0,0,-19
04,17,10,20,132,46,0,0,-14
04,17,300,60,92,-7,0,7,-7
04,17,300,60,73,-22,0,6,-15
04,17,270,70,99,96,6,8,6
04,17,340,50,81,-6,0,3,-14
04,17,60,40,93,-29,0,1,-24
04,17,90,40,132,-31,0,6,-26
04,17,320,20,164,1,0,7,-12
04,17,290,40,155,54,0,6,-13
04,17,340,80,74,-5,0,4,-7
04,17,340,60,74,-1,0,4,-1
04,17,320,30,105,24,0,7,-12
04,17,300,40,92,63,0,8,1
04,17,330,70,80,-15,0,3,-14
04,17,330,20,90,32,0,7,-1
04,17,50,30,127,8,0,3,-12
04,17,330,30,93,43,0,7,-1
04,17,340,50,67,-10,0,6,-1
04,17,40,50,83,-74,0,3,-17
04,17,320,30,96,-33,0,4,-14
04,17,340,30,89,-24,0,6,-16
04,17,260,30,122,-20,0,1,-13
04,17,260,50,156,21,0,6,-12
04,17,50,40,131,65,0,8,-4
04,17,140,30,136,84,-1,8,-12
04,17,230,30,138,108,0,8,-8
04,17,230,90,143,99,0,7,-8
04,17,280,50,94,88,2,8,1
04,17,340,30,136,91,0,7,-6
04,17,20,10,127,110,0,,-7
04,17,990,10,148,95,0,7,-14
04,17,190,60,124,82,0,8,-2
04,17,190,70,129,84,-1,7,-15
04,17,190,80,113,63,0,5,-12
04,17,180,40,107,63,0,5,-19
04,17,40,40,73,64,16,8,-3
04,17,130,40,69,62,31,6,1
04,17,140,40,115,50,0,6,-31
04,17,120,30,85,65,-1,8,-3
04,17,250,50,93,43,0,7,-8
04,17,280,50,63,-1,0,4,-6
04,17,270,50,50,19,0,6,-11
04,17,170,50,72,15,0,6,-7
04,17,120,40,90,80,0,7,-16
04,17,180,40,85,20,0,6,-16
04,17,120,30,105,55,-1,,-21
04,17,20,20,114,53,0,,-12
04,17,170,30,118,46,0,,-16
04,17,160,20,106,89,0,,-11
04,17,140,20,143,56,0,,-10
04,17,120,40,200,72,0,,-17
04,17,250,40,193,114,0,,-16
04,17,220,70,144,73,0,,-5
04,17,200,80,147,124,0,,-4
04,17,200,20,122,84,0,,-4
04,17,290,20,91,86,25,,0
04,17,100,30,143,74,0,,-13
04,17,60,70,153,97,0,,-13
04,17,10,30,153,113,0,,-4
04,17,120,40,171,47,0,4,-19
04,17,120,20,197,52,0,1,-51
04,17,140,30,126,120,8,8,-2
04,17,350,30,119,96,0,5,-11
04,17,200,40,143,142,-1,8,-4
04,17,240,70,137,114,0,5,-4
04,17,300,50,107,69,0,6,-8
04,17,300,30,103,61,0,5,-12
04,17,250,30,141,116,0,8,-3
04,17,230,50,124,104,0,8,-3
04,17,280,60,104,34,0,3,-9
04,17,220,50,98,74,0,5,-9
04,17,210,30,79,13,0,7,-46
04,17,80,50,55,-1,0,8,-3
04,17,360,30,39,28,3,8,-4
04,17,270,20,78,27,-1,7,-16
04,17,350,30,91,26,-1,7,-19
04,17,340,40,84,26,0,3,-8
04,17,220,50,88,29,0,6,-8
04,17,140,70,141,45,0,7,-5
04,17,200,70,164,73,0,4,-15
04,17,260,60,102,81,-1,7,-1
04,17,120,30,164,76,0,7,-11
04,17,190,60,128,89,0,6,-4
04,17,60,40,159,91,0,2,-12
04,17,60,70,185,119,0,,-19
04,17,20,40,158,101,-1,5,-19
04,17,30,50,179,90,0,,-12
04,17,40,40,155,40,0,,-11
04,17,340,20,193,32,0,,-22
04,17,220,20,80,33,0,,-12
04,17,110,50,133,66,0,,-18
04,17,140,50,139,90,0,,-7
04,17,240,50,159,56,1,7,-42
04,17,20,50,58,-24,0,,-7
04,17,30,50,102,11,0,,-13
04,17,360,30,119,-17,0,,-17
04,17,50,20,114,8,0,,-19
04,17,40,80,122,47,0,,-16
04,17,40,40,98,-22,0,,-16
04,17,220,60,115,0,0,7,-15
04,17,200,40,77,28,0,,-5
04,17,210,70,61,40,0,,-2
04,17,300,20,107,35,0,,-12
04,17,180,100,115,56,-1,,-8
04,17,80,40,129,23,0,,-12
04,17,180,50,124,70,0,,-8
04,17,160,40,140,55,0,7,-3
04,17,220,50,156,81,0,6,-16
04,17,190,30,176,102,0,,-5
04,17,250,30,170,57,0,,-18
04,17,180,20,155,144,33,,-3
04,17,280,20,126,109,0,,-10
04,17,80,20,150,79,0,,-20
04,17,160,40,200,92,0,,-13
04,17,290,30,157,121,0,,-9
04,17,360,30,197,149,0,,-9
04,17,310,20,216,150,0,,-22
04,17,280,10,127,109,0,,-1
04,17,20,20,148,127,0,,-7
04,17,360,20,154,109,0,,-15
04,17,160,40,206,63,0,1,-24
04,17,190,30,133,63,0,6,-12
04,17,260,90,79,34,0,,-9
04,17,210,80,71,50,10,,-5
04,17,200,50,129,80,0,,-7
04,17,240,30,101,34,-1,,-20
04,17,300,50,83,19,0,,-7
04,17,100,30,92,86,2,8,3
04,17,300,40,106,71,0,7,-10
04,17,350,40,110,22,0,,-13
04,17,330,70,64,-32,0,,-8
04,17,350,60,54,-60,0,,-6
04,17,220,60,11,0,3,,-7
04,17,300,50,80,55,-1,,-3
04,17,350,50,86,33,0,,-10
04,17,260,40,73,8,0,7,-4
04,17,300,40,56,2,4,,0
04,17,290,40,33,3,5,,22
04,17,360,30,53,20,0,,-2
04,17,40,40,104,16,0,,-12
04,17,100,20,114,-9,0,,-15
04,17,300,20,120,-2,0,,-6
04,17,170,40,142,65,0,,-3
04,17,190,60,132,60,0,,-30
04,17,240,60,135,49,0,,-7
04,17,190,40,112,78,0,,-1
04,17,250,60,141,56,0,,-11
04,17,150,30,156,79,0,,-10
04,17,90,30,190,110,0,,-7
04,17,130,20,166,72,0,,-26
04,17,120,50,188,20,0,,-30
04,17,80,80,183,35,0,,-18
04,17,70,60,154,40,0,,-31
04,17,70,90,127,-4,0,,-24
04,17,70,70,93,-33,0,,-16
04,17,40,60,118,-11,0,,-19
04,17,60,50,118,-13,0,,-16
04,17,360,40,101,25,0,,-12
04,17,70,90,94,-14,0,,-9
04,17,50,30,119,29,0,,-36
04,17,10,50,119,42,0,,-11
04,17,360,40,93,8,0,,-6
04,17,300,30,86,48,0,,-4
04,17,280,40,67,51,3,,-2
04,17,360,30,82,69,0,,0
04,17,990,10,104,78,0,,-13
04,17,990,10,95,86,3,,-4
04,17,0,0,116,54,0,,-17
04,17,340,30,120,55,0,,-10
04,17,90,20,165,61,0,,-26
04,17,240,20,183,71,0,,-9
04,17,320,40,160,93,0,,-11
04,17,340,30,196,125,0,,-20
04,17,300,50,137,97,0,,-15
04,17,190,60,79,72,4,,13
04,17,260,40,86,50,1,,2
04,17,200,80,129,95,-1,,-8
04,17,260,70,109,71,8,,-9
04,17,190,50,146,83,0,,-1
04,17,240,90,78,61,21,8,1
04,17,330,50,65,19,0,,-23
04,17,360,60,70,-25,0,,-8
04,17,270,40,95,56,0,,-2
04,17,340,60,80,29,0,,-4
04,17,10,60,74,-78,0,,-22
04,17,50,50,59,-102,0,3,-17
04,17,40,30,55,-62,0,7,-2
04,17,360,30,54,-49,0,,-12
04,17,340,30,57,-39,0,,-4
04,17,220,30,92,-27,0,,-12
04,17,60,20,140,-22,0,,-26
04,17,80,50,178,4,0,,-25
04,17,90,80,197,7,0,6,-19
04,17,120,50,248,27,0,1,-20
04,17,60,70,223,32,0,,-24
04,17,70,80,209,-2,0,,-22
04,17,40,70,156,-4,0,,-14
04,17,70,40,101,36,0,,-3
04,17,110,40,160,29,0,,-11
04,17,250,20,214,61,0,,-18
04,17,350,20,158,48,0,2,-3
04,17,340,40,170,85,0,,-15
04,17,990,10,216,53,0,,-29
04,17,110,30,193,98,0,,-15
04,17,260,50,123,115,-1,,-5
04,17,230,80,141,92,0,,-7
04,17,220,80,217,105,0,8,-46
04,17,240,50,170,67,0,,-8
04,17,220,50,125,105,0,,-7
04,17,120,50,191,32,0,,-24
04,17,190,40,154,72,0,,-11
04,17,200,40,133,86,0,,0
04,17,250,40,115,45,1,,-12
04,17,230,50,81,57,31,4,-4
04,17,280,50,79,17,0,6,-5
04,17,320,40,71,42,2,,-7
04,17,340,30,55,41,2,,-3
04,17,350,30,89,42,0,,-7
04,17,10,50,77,12,0,,-9
04,17,360,30,85,25,0,,-5
04,17,70,50,114,63,0,,-9
04,17,40,30,121,51,0,7,-9
04,17,70,20,147,45,0,,-27
04,17,210,30,175,38,0,,-21
04,17,100,30,186,39,0,,-25
04,17,280,20,185,75,0,,-13
04,17,140,60,100,81,2,,4
04,17,200,30,124,12,0,3,-31
04,17,260,20,152,17,0,1,-7
04,17,180,50,176,97,0,,-11
04,17,310,30,161,87,0,,-19
04,17,360,50,152,30,0,,-12
04,17,340,20,159,65,0,,-7
04,17,70,40,167,53,0,,-9
04,17,70,50,185,61,0,2,-17
04,17,60,50,202,87,0,7,-8
04,17,110,20,159,124,0,,-20
04,17,130,20,172,93,0,,-8
04,17,60,30,208,135,1,,-41
04,17,110,30,153,13,0,,-15
04,17,140,30,167,12,0,,-14
04,17,130,10,183,83,0,,-24
04,17,200,30,151,100,-1,,-21
04,17,270,40,118,8,0,,-13
04,17,240,50,109,77,1,,-9
04,17,300,30,89,54,1,,7
04,17,290,50,83,35,0,,-19
04,17,260,40,49,42,8,,5
04,17,290,50,111,54,0,,-11
04,17,340,30,153,64,0,,-17
04,17,300,20,142,59,0,,-12
04,17,200,50,128,109,0,,-3
04,17,210,40,160,69,0,,-13
04,17,250,60,112,59,0,,-14
04,17,330,40,93,82,0,,-1
04,17,70,10,132,107,0,,-6
04,17,250,30,120,111,6,,2
04,17,290,40,85,76,3,,-7
04,17,60,50,123,23,0,,-13
04,17,90,20,127,9,0,,-23
04,17,70,40,143,37,0,,-23
04,17,70,30,168,53,0,,-23
04,17,70,60,170,89,0,,-13
04,17,80,40,154,87,0,,-9
04,17,230,70,138,93,-1,,-4
04,17,280,60,136,55,-1,,-7
04,17,200,40,173,82,0,,-9
04,17,290,10,161,130,0,,-4
04,17,990,10,190,143,0,,-13
04,17,280,60,120,39,0,,-10
04,17,250,70,125,34,0,,-12
04,17,310,30,93,26,0,,-15
04,17,330,50,73,-19,0,,-16
04,17,360,40,68,-32,0,,-15
04,17,260,40,102,-34,0,,-15
04,17,260,20,99,36,-1,,-9
04,17,220,50,75,55,0,,-16
04,17,310,40,93,-9,0,,-12
04,17,350,60,81,8,0,,-17
04,17,230,90,84,2,0,,-9
04,17,290,40,96,24,0,,-2
04,17,230,80,111,101,3,,-3
04,17,290,40,117,29,0,,-10
04,17,80,40,121,79,0,,-5
04,17,280,50,128,62,0,,-7
04,17,290,50,128,25,0,,-11
04,17,290,50,129,36,0,,-11
04,17,230,50,140,61,0,,-7
04,17,210,20,155,48,0,,-12
04,17,330,30,176,57,0,,-18
04,17,300,20,94,57,0,,-4
04,17,350,20,147,65,0,,-18
04,17,80,30,183,70,0,,-18
04,17,290,40,168,93,0,,-15
04,17,300,40,155,81,0,,-9
04,17,350,40,142,56,0,,-4
04,17,330,50,81,54,-1,,6
04,17,300,60,74,25,0,,-7
04,17,210,10,95,1,0,,-1
04,17,60,70,151,18,0,,-18
04,17,30,40,165,15,0,,-24
04,17,10,50,99,26,-1,1,-12
04,17,50,50,107,-16,0,0,-20
04,17,310,30,144,83,0,0,-16
04,17,350,40,157,90,0,4,-16
04,17,30,30,113,42,0,8,-1
04,17,300,30,143,51,0,0,-19
04,17,280,50,140,59,0,8,-10
04,17,300,30,144,75,0,8,-6
04,17,30,20,150,80,0,4,-9
04,17,70,40,193,104,0,0,-27
04,17,60,40,205,121,0,0,-30
04,17,60,50,247,120,0,0,-15
04,17,80,20,255,112,0,0,-15
04,17,360,50,242,112,0,0,-39
04,17,360,40,136,40,0,5,-15
04,17,350,10,125,18,0,1,-6
04,17,310,50,157,51,0,0,-20
04,17,20,30,118,13,0,2,-22
04,17,60,30,136,6,0,0,-27
04,17,260,20,210,10,0,2,-26
04,17,300,30,206,39,0,8,-15
04,17,40,20,210,107,0,8,-14
04,17,90,20,249,130,0,8,-9
04,17,70,40,258,99,0,0,-26
04,17,50,40,251,65,0,0,-19
04,17,30,40,251,83,0,0,-14
04,17,60,80,191,37,0,0,-16
04,17,60,70,187,-27,0,0,-15
04,17,230,50,98,82,0,8,-13
04,17,290,50,90,56,-1,7,-6
04,17,340,50,84,37,0,7,-10
04,17,240,30,105,74,-1,8,-12
04,17,130,30,44,27,30,8,6
04,17,350,30,63,-40,0,5,-16
04,17,260,30,54,-2,0,3,-8
04,17,90,10,84,-33,0,0,-13
04,17,70,30,96,-15,0,1,-24
04,17,80,40,105,-6,0,6,-26
04,17,240,40,116,1,0,0,-30
04,17,290,30,100,39,0,5,-13
04,17,0,0,130,17,0,2,-27
04,17,340,40,92,23,0,8,-9
04,17,350,40,76,-3,0,8,-8
04,17,20,30,77,-7,0,7,-10
04,17,80,70,98,-8,0,0,-15
04,17,60,90,104,34,0,2,-12
04,17,90,40,101,68,1,8,-9
04,17,70,60,148,77,0,0,-21
04,17,70,80,157,66,0,1,-16
04,17,110,40,153,72,0,6,-15
04,17,280,60,128,102,7,8,-11
04,17,190,50,154,60,0,7,-38
04,17,290,30,137,67,0,2,-9
04,17,180,20,182,73,0,0,-4
04,17,130,50,207,54,0,6,-14
04,17,180,40,115,86,0,4,-8
04,17,150,40,116,78,-1,7,1
04,17,190,70,138,59,0,8,-6
04,17,50,70,140,56,0,0,-15
04,17,70,60,165,73,0,0,-16
04,17,150,10,209,96,0,0,-27
04,17,320,20,125,80,0,7,-13
04,17,60,20,140,52,0,0,-20
04,17,120,40,186,85,0,1,-18
04,17,260,20,118,70,-1,8,-14
04,17,200,50,113,87,0,8,-11
04,17,140,30,171,111,0,1,-16
04,17,110,20,223,98,-1,6,-5
04,17,340,20,189,103,0,1,-15
04,17,310,10,177,131,0,6,-14
04,17,300,30,170,111,0,7,-15
04,17,50,40,192,117,0,0,-18
04,17,50,50,211,99,0,2,-8
04,17,340,20,163,106,0,8,-11
04,17,0,0,157,91,0,7,-8
04,17,90,40,162,68,0,8,-24
04,17,120,20,159,79,0,5,-19
04,17,40,30,186,72,0,0,-16
04,17,330,40,178,60,0,0,-19
04,17,350,50,131,32,0,1,-15
04,17,90,30,140,53,0,0,-12
04,17,100,30,181,70,0,4,-2
04,17,200,50,159,90,0,7,-8
04,17,270,20,174,109,0,5,-13
04,17,170,60,140,49,0,4,-5
04,17,220,30,115,62,0,3,-3
04,17,50,40,152,62,0,2,-15
04,17,80,50,171,64,0,8,-23
04,17,260,70,79,-38,0,1,-15
04,17,170,50,110,11,-1,8,-3
04,17,160,30,82,60,4,8,-4
04,17,270,60,84,55,-1,8,-4
04,17,210,40,107,21,0,8,-11
04,17,110,50,163,25,0,2,-23
04,17,320,20,173,50,-1,8,-12
04,17,350,30,121,-11,0,0,-17
04,17,360,30,138,52,0,7,-19
04,17,50,50,105,21,0,6,-14
04,17,50,60,77,30,0,8,-12
04,17,50,70,135,10,0,3,-11
04,17,40,40,132,22,0,0,-8
04,17,30,30,134,-7,0,3,-14
04,17,30,50,144,-2,0,0,-20
04,17,30,40,107,-7,0,1,-7
04,17,80,20,156,-35,0,0,-17
04,17,330,40,170,25,0,0,-20
04,17,20,20,127,8,0,4,-12
04,17,300,50,95,-6,0,3,-8
04,17,300,40,87,-29,0,0,-14
04,17,30,20,112,-14,0,0,-9
04,17,40,20,144,-5,0,0,-14
04,17,60,40,186,-11,0,0,-21
04,17,280,60,196,56,0,6,-24
04,17,290,50,153,67,0,1,-10
04,17,290,30,182,47,0,1,-19
04,17,180,30,219,56,0,1,-12
04,17,290,20,238,71,0,8,-17
04,17,240,40,137,69,0,4,-8
04,17,220,50,153,115,0,7,-13
04,17,210,40,219,90,0,0,-44
04,17,260,40,138,87,0,7,-8
04,17,300,30,114,45,0,7,-8
04,17,220,80,95,51,0,8,-5
04,17,260,50,206,101,0,0,-18
04,17,310,50,142,91,0,8,-14
04,17,310,40,148,34,0,5,-21
04,17,60,40,156,44,0,0,-34
04,17,60,30,167,60,0,0,-31
04,17,280,60,174,46,0,2,-14
04,17,290,50,88,16,0,4,-8
04,17,300,30,112,-1,0,5,-10
04,17,10,20,117,18,0,8,-11
04,17,110,30,137,2,0,8,-13
04,17,10,20,149,7,0,7,-13
04,17,60,30,160,24,0,8,-15
04,17,120,40,189,20,0,0,-21
04,17,90,30,219,61,0,0,-22
04,17,110,30,223,19,0,0,-23
04,17,180,20,229,52,0,3,-39
04,17,280,10,222,63,0,4,-31
04,17,30,30,244,60,0,0,-17
04,17,50,40,233,51,0,0,-31
04,17,40,30,220,39,0,0,-17
04,17,30,40,202,65,0,0,-20
04,17,330,40,139,97,0,7,1
04,17,40,40,163,112,0,1,-3
04,17,60,90,212,98,0,1,-27
04,17,60,110,190,64,0,0,-11
04,17,300,40,84,5,0,0,-17
04,17,0,0,129,44,0,7,-23
04,17,10,20,133,29,0,7,-16
04,17,30,20,87,81,13,8,-4
04,17,50,50,81,26,0,8,-8
04,17,310,40,90,-35,0,1,-11
04,17,10,30,58,-30,0,8,-2
04,17,220,50,92,14,0,8,-3
04,17,220,60,96,86,3,8,-4
04,17,990,10,85,79,10,8,-4
04,17,990,10,85,57,-1,8,-4
04,17,180,20,83,61,-1,7,-6
04,17,340,30,94,49,-1,3,-10
04,17,20,20,103,35,0,6,-3
04,17,20,50,79,5,0,8,-3
04,17,340,40,85,-8,0,1,-14
04,17,200,70,69,38,2,8,-8
04,17,170,30,106,35,-1,5,-17
04,17,210,50,134,5,0,3,-17
04,17,230,30,90,54,-1,8,-8
04,17,130,20,91,55,-1,8,-14
04,17,170,30,92,52,-1,8,-10
04,17,140,50,121,26,0,8,-17
04,17,250,30,118,51,1,2,-10
04,17,180,60,102,82,7,8,-5
04,17,200,50,124,89,3,5,-22
04,17,270,20,151,64,0,6,-12
04,17,340,40,162,132,0,7,-21
04,17,200,30,194,108,0,5,-9
04,17,50,40,204,112,0,6,-2
04,17,70,60,56,-71,0,0,-13
04,17,60,90,66,-82,0,0,-20
04,17,70,80,49,-56,0,0,-14
04,17,50,50,52,-26,0,7,-3
04,17,70,40,53,-14,0,8,-6
04,17,360,30,75,-44,0,8,-7
04,17,360,30,87,-56,0,0,-16
04,17,90,50,95,-47,0,7,-17
04,17,130,20,78,65,-1,8,1
04,17,260,40,87,33,0,3,-13
04,17,250,40,120,75,0,6,-22
04,17,230,80,123,76,0,7,-9
04,17,210,40,141,28,0,8,-8
04,17,140,60,216,105,0,0,-7
04,17,220,10,158,110,0,7,-12
04,17,260,50,146,100,-1,8,-13
04,17,190,30,210,94,0,5,-6
04,17,250,80,146,11,0,6,-11
04,17,150,10,79,64,17,8,1
04,17,50,60,108,-5,0,0,-12
04,17,240,20,127,14,0,8,-4
04,17,250,40,138,1,0,1,-10
04,17,300,30,152,77,0,3,-9
04,17,240,60,206,98,0,0,-17
04,17,260,40,235,105,0,6,-21
04,17,340,20,71,58,-1,8,-1
04,17,360,30,95,18,-1,8,-3
04,17,200,40,119,-14,0,8,-1
04,17,240,40,111,35,0,5,-2
04,17,40,60,133,19,0,2,-5
04,17,320,20,187,83,0,0,-32
04,17,60,30,193,105,0,7,-16
04,17,220,40,184,93,0,8,-12
04,17,310,30,138,103,0,8,-8
04,17,260,30,154,79,0,2,-10
04,17,220,50,174,116,0,8,-3
04,17,170,50,203,106,0,8,-8
04,17,270,70,99,24,-1,7,-32
04,17,270,40,134,42,0,1,-16
04,17,340,20,148,85,0,6,-16
04,17,30,20,142,53,0,0,-14
04,17,280,30,136,49,0,8,-3
04,17,290,50,113,30,0,1,-12
04,17,320,40,88,35,-1,7,-15
04,17,350,40,96,0,0,1,-15
04,17,120,40,144,-14,0,0,-19
04,17,260,40,163,7,0,8,-9
04,17,340,50,102,31,0,0,-17
04,17,60,70,159,59,0,2,-12
04,17,80,60,198,77,0,7,-14
04,17,90,20,131,103,1,8,0
04,17,240,20,174,74,0,7,-14
04,17,230,30,200,77,0,0,-25
04,17,20,30,161,119,0,8,-3
04,17,130,10,220,99,0,7,-29
04,17,140,20,170,77,0,8,-7
04,17,80,50,147,96,0,7,-13
04,17,40,20,159,90,0,8,-3
04,17,260,20,141,122,0,8,-3
04,17,280,40,158,111,0,2,-14
04,17,280,60,83,4,0,7,-3
04,17,280,40,62,16,0,8,-7
04,17,120,20,91,0,0,8,-5
04,17,10,60,73,-6,0,8,-9
04,17,10,20,103,-8,0,8,-9
04,17,100,10,111,39,0,7,-19
04,17,310,30,120,39,0,4,-12
04,17,100,20,130,61,0,1,-13
04,17,160,10,179,54,0,0,-23
04,17,130,20,200,28,0,4,-26
04,17,300,40,88,58,1,8,-10
04,17,220,90,151,38,0,8,-6
04,17,310,30,121,10,0,4,-12
04,17,280,60,203,63,0,0,-25
04,17,300,40,220,62,0,0,-16
04,17,30,50,130,16,0,0,-15
04,17,10,40,123,4,0,4,-18
04,17,50,40,137,4,0,0,-16
04,17,60,40,141,32,0,0,-14
04,17,40,40,175,39,0,0,-14
04,17,350,40,159,35,0,0,-25
04,17,330,40,128,54,0,7,-12
04,17,320,10,155,37,0,0,-2
04,17,340,30,203,65,0,8,-16
04,17,260,20,149,121,0,7,-7
04,17,350,20,137,108,0,8,-12
04,17,340,50,108,16,0,8,-1
04,17,280,50,104,-17,0,4,-11
04,17,210,40,136,20,0,8,-2
04,17,290,50,131,13,0,0,-9
04,17,140,20,121,15,0,8,-11
04,17,90,30,131,67,0,8,-15
04,17,160,20,189,99,0,1,-12
04,17,190,40,147,57,0,1,-6
04,17,260,40,127,69,0,8,-13
04,17,210,80,111,75,-1,8,-8
04,17,230,60,71,41,4,7,-9
04,17,220,10,107,31,0,7,-21
04,17,160,40,139,20,0,5,-6
04,17,80,60,154,58,0,0,-27
04,17,80,60,177,71,0,5,-12
04,17,210,40,149,58,-1,8,-48
04,17,180,20,138,64,0,7,-39
04,17,130,20,162,10,0,0,-16
04,17,300,30,126,87,0,7,-22
04,17,270,50,90,25,0,7,-6
04,17,340,30,95,25,0,1,-23
04,17,290,50,110,8,0,8,-5
04,17,360,40,118,36,0,2,-17
04,17,70,50,132,29,0,0,-13
04,17,30,40,162,36,0,7,-17
04,17,50,40,122,24,0,8,-8
04,17,340,60,70,0,-1,3,-12
04,17,310,50,71,-20,0,1,-15
04,17,290,30,57,34,7,8,-6
04,17,280,50,62,17,1,8,-15
04,17,280,70,69,23,-1,7,-15
04,17,230,40,78,33,-1,7,-15
04,17,200,60,96,45,-1,8,-7
04,17,350,40,103,32,0,8,-7
04,17,220,20,120,106,1,8,-17
04,17,330,30,152,60,0,0,-14
04,17,30,10,140,59,0,0,-25
04,17,340,20,149,41,0,1,-16
04,17,310,30,102,35,0,7,-4
04,17,310,10,103,38,0,8,-10
04,17,290,20,130,71,0,8,-6
04,17,40,20,139,44,0,0,-13
04,17,220,30,214,62,0,0,-22
04,17,320,40,114,28,0,6,-15
04,17,280,40,131,38,0,8,-15
04,17,260,60,98,56,-1,8,1
04,17,300,40,110,34,0,5,-11
04,17,240,20,104,43,0,8,-9
04,17,310,50,103,14,0,,-10
04,17,290,60,94,11,0,,-12
04,17,340,60,85,-2,-1,,-10
04,17,40,40,87,10,0,5,-4
04,17,30,20,76,-44,0,6,-9
04,17,300,20,116,-34,0,3,-10
04,17,300,40,125,61,0,8,-8
04,17,330,40,90,9,0,7,-6
04,17,330,20,97,15,0,8,-10
04,17,290,30,117,63,-1,8,2
04,17,280,60,79,-16,0,4,-18
04,17,340,40,84,-3,0,1,2
04,17,270,30,95,-1,0,7,-2
04,17,300,50,108,18,0,7,-7
04,17,50,20,134,12,0,7,-19
04,17,120,80,179,2,0,8,-5
04,17,280,30,67,33,-1,8,-10
04,17,140,40,125,60,-1,8,-10
04,17,190,50,156,78,-1,8,-7
04,17,250,20,102,79,2,8,-7
04,17,280,50,79,-12,0,5,-10
04,17,120,60,140,-4,0,8,-9
04,17,200,30,214,78,0,3,-26
04,17,10,10,225,57,0,8,-21
04,17,40,30,166,101,0,8,-9
04,17,210,20,175,116,-1,8,-4
04,17,90,20,140,115,0,4,-11
04,17,30,20,150,106,0,4,-3
04,17,280,20,139,95,0,8,-7
04,17,40,20,151,89,0,8,-9
04,17,200,30,166,97,0,8,-8
04,17,300,30,150,76,0,1,-9
04,17,240,40,197,74,0,8,-25
04,17,100,30,239,88,0,2,-36
04,17,130,50,271,42,0,1,-18
04,17,300,30,247,97,0,8,-15
04,17,60,40,213,83,0,8,-20
04,17,270,30,201,157,19,7,-1
04,17,300,30,152,61,0,8,-15
04,17,220,60,148,84,0,8,-2
04,17,250,40,133,41,0,7,-8
04,17,280,40,132,27,0,1,-10
04,17,90,40,165,37,0,5,-12
04,17,280,20,152,70,0,8,-9
04,17,10,30,154,121,0,7,-8
04,17,190,50,88,51,-1,8,-10
04,17,90,30,133,24,0,0,-20
04,17,260,40,90,75,8,8,-2
04,17,140,30,92,28,0,8,-6
04,17,120,40,84,28,0,8,-9
04,17,70,40,97,50,0,8,-8
04,17,80,60,146,86,0,8,-20
04,17,80,60,193,57,0,8,-34
04,17,190,30,157,63,0,8,-11
04,17,60,70,129,37,0,8,-9
04,17,40,60,100,-21,0,0,-14
04,17,50,50,98,-27,0,7,-13
04,17,70,40,54,-24,0,8,-5
04,17,10,50,43,-3,-1,8,-7
04,17,60,60,94,-14,0,2,-15
04,17,70,70,161,23,0,0,-18
04,17,160,40,183,58,0,8,-18
04,17,110,20,154,90,0,8,-1
04,17,70,80,209,45,0,8,-12
04,17,60,50,227,47,0,0,-27
04,17,50,50,231,31,0,0,-20
04,17,60,30,225,37,0,0,-35
04,17,70,70,229,46,0,8,-18
04,17,70,60,198,80,0,8,-10
04,17,210,80,215,75,0,8,-72
04,17,190,30,139,106,-1,8,-10
04,17,250,20,159,57,0,7,-14
04,17,250,70,106,34,0,8,-5
04,17,990,10,132,55,0,2,-12
04,17,330,40,146,48,0,8,-13
04,17,350,30,119,78,0,8,-8
04,17,350,20,84,-9,0,2,-17
04,17,260,40,93,19,0,8,-8
04,17,290,40,88,-23,0,1,-14
04,17,110,50,135,-30,0,0,-21
04,17,130,60,191,-13,0,0,-21
04,17,290,50,182,66,0,1,-22
04,17,70,50,175,67,0,6,-31
04,17,10,20,228,48,0,0,-18
04,17,40,40,191,59,0,2,-16
04,17,50,40,169,31,0,8,-16
04,17,40,20,190,34,0,1,-5
04,17,170,60,159,93,-1,8,-7
04,17,360,60,91,-43,0,0,-15
04,17,990,10,93,-14,0,7,-4
04,17,90,20,166,14,0,6,-33
04,17,360,30,207,39,0,8,-20
04,17,40,40,171,42,0,4,-16
04,17,270,20,147,89,0,8,-5
04,17,60,70,166,5,0,0,-17
04,17,70,110,171,-1,0,0,-15
04,17,70,100,182,14,0,0,-12
04,17,60,70,204,18,0,0,-20
04,17,70,20,227,7,0,8,-18
04,17,340,40,172,-2,0,1,-22
04,17,70,30,142,30,0,5,-1
04,17,10,30,166,11,0,0,0
04,17,320,30,207,14,0,3,-21
04,17,220,30,140,125,-1,8,0
04,17,190,60,153,79,-1,8,-2
04,17,160,70,139,61,0,1,-14
