04,14,240,93,155,75,0,3,0
04,14,210,98,164,44,0,2,1
04,14,200,62,113,72,0,7,-27
04,14,200,98,128,5,0,6,-9
04,14,250,82,113,23,0,7,-2
04,14,230,72,129,48,0,4,-4
04,14,240,118,116,46,-1,3,-4
04,14,250,51,120,87,0,6,12
04,14,990,15,141,36,0,5,3
04,14,100,26,177,59,0,2,4
04,14,170,51,201,38,0,5,-3
04,14,90,51,214,49,0,0,2
04,14,70,41,194,40,0,0,6
04,14,100,31,190,44,0,4,-4
04,14,40,46,194,23,0,1,0
04,14,340,77,90,7,0,7,-9
04,14,40,62,34,25,4,7,16
04,14,230,26,52,20,0,7,12
04,14,40,72,66,1,0,7,-2
04,14,360,51,60,-44,0,4,12
04,14,230,51,81,-20,0,4,-4
04,14,240,36,55,35,2,6,22
04,14,300,57,66,39,2,7,-11
04,14,320,51,72,27,-1,6,6
04,14,110,67,133,7,0,5,-12
04,14,50,57,137,10,0,4,1
04,14,30,26,140,6,0,4,-8
04,14,320,26,115,9,0,4,2
04,14,230,31,104,32,0,7,1
04,14,80,93,83,82,2,8,-2
04,14,260,46,105,31,0,5,0
04,14,200,57,84,44,0,6,-9
04,14,360,26,93,43,0,7,0
04,14,990,10,74,4,0,7,7
04,14,300,21,87,-11,0,4,10
04,14,230,46,100,24,0,7,5
04,14,150,36,144,32,0,4,1
04,14,70,57,146,12,0,6,5
04,14,60,57,145,11,0,0,2
04,14,70,46,147,35,0,2,3
04,14,10,21,167,34,0,4,3
04,14,250,82,134,80,0,7,-5
04,14,250,98,68,53,11,8,-6
04,14,220,82,137,29,0,7,0
04,14,250,87,65,53,1,8,-2
04,14,340,57,60,-7,0,8,-4
04,14,240,62,63,46,2,8,4
04,14,250,46,121,112,0,8,6
04,14,310,57,122,54,0,6,-3
04,14,360,26,109,17,0,4,1
04,14,990,15,168,13,0,7,5
04,14,270,36,138,64,0,7,-2
04,14,240,57,104,90,2,7,7
04,14,240,72,161,88,0,7,-7
04,14,300,31,140,120,-1,8,-13
04,14,230,72,178,102,0,7,-1
04,14,240,82,136,55,0,4,4
04,14,200,62,117,111,7,7,0
04,14,290,46,119,32,0,6,-3
04,14,220,72,142,53,0,4,-2
04,14,210,41,109,88,6,7,5
04,14,360,21,92,19,0,8,1
04,14,310,21,117,5,0,3,5
04,14,260,46,58,44,6,8,-1
04,14,190,87,86,44,1,8,-9
04,14,240,98,81,56,17,3,16
04,14,330,36,81,41,0,8,4
04,14,50,31,104,2,0,5,3
04,14,140,46,148,17,0,8,1
04,14,990,5,152,-5,0,0,3
04,14,990,15,128,59,0,7,-6
04,14,990,10,131,43,0,6,-7
04,14,10,31,109,76,-1,4,21
04,14,360,41,137,58,0,6,-31
04,14,350,51,128,66,0,4,4
04,14,240,36,98,72,0,7,18
04,14,250,108,110,77,0,7,-12
04,14,240,113,117,104,12,8,3
04,14,250,46,122,83,0,8,11
04,14,220,51,217,64,0,1,4
04,14,230,57,227,73,0,6,1
04,14,200,57,193,92,0,7,-16
04,14,150,51,186,91,0,6,10
04,14,220,36,229,78,0,3,-7
04,14,990,5,184,81,0,7,3
04,14,200,46,216,38,0,4,3
04,14,50,77,242,108,0,1,-2
04,14,90,103,266,25,0,1,-4
04,14,90,62,250,47,0,0,3
04,14,90,87,252,38,0,1,-3
04,14,260,129,68,47,13,7,1
04,14,270,51,55,15,0,7,8
04,14,990,15,53,29,4,7,26
04,14,260,72,100,85,21,8,-8
04,14,220,87,80,14,0,7,-43
04,14,240,51,88,29,0,4,-18
04,14,990,10,81,4,-1,7,8
04,14,250,87,71,35,-1,6,13
04,14,250,72,26,22,7,7,-10
04,14,90,51,80,0,0,5,6
04,14,60,36,92,54,0,8,6
04,14,20,51,77,59,0,8,6
04,14,350,103,113,18,0,7,-9
04,14,320,57,75,4,0,6,4
04,14,220,21,96,26,0,3,3
04,14,40,72,140,31,0,5,1
04,14,10,108,95,33,0,6,-10
04,14,30,46,99,-24,0,2,8
04,14,990,15,113,6,0,1,7
04,14,230,21,133,17,0,5,-4
04,14,210,62,140,62,0,7,3
04,14,990,15,178,61,0,3,13
04,14,200,72,201,71,0,6,-12
04,14,250,36,174,111,1,7,-35
04,14,280,36,114,79,-1,7,-1
04,14,210,46,136,105,-1,7,-1
04,14,220,57,158,138,0,7,13
04,14,230,57,194,125,0,3,0
04,14,200,21,226,123,0,3,1
04,14,270,62,213,131,0,4,-8
04,14,250,67,112,111,1,8,4
04,14,240,93,168,109,0,0,2
04,14,260,67,139,95,0,5,-1
04,14,340,31,131,73,0,7,-5
04,14,230,26,141,61,0,5,0
04,14,280,36,111,95,0,8,1
04,14,290,87,130,106,-1,8,-11
04,14,320,82,82,-5,0,7,8
04,14,300,36,76,0,0,7,3
04,14,240,36,79,79,0,8,7
04,14,990,15,127,83,0,5,7
04,14,350,82,135,40,0,3,-6
04,14,50,57,116,29,0,5,5
04,14,360,41,117,38,0,6,-6
04,14,250,31,95,84,-1,8,-3
04,14,300,62,93,28,0,7,-11
04,14,230,62,84,83,2,8,6
04,14,300,77,76,63,7,7,-3
04,14,340,41,70,29,0,7,-4
04,14,240,36,84,6,0,6,9
04,14,60,67,113,36,0,8,1
04,14,240,67,129,89,0,7,-5
04,14,30,77,161,98,0,7,-6
04,14,20,31,173,137,0,5,11
04,14,20,41,220,113,0,4,-68
04,14,40,67,186,97,0,6,-1
04,14,300,26,95,88,-1,8,1
04,14,70,31,99,26,0,3,2
04,14,990,15,166,105,0,7,5
04,14,290,31,113,113,1,8,-2
04,14,50,46,41,-48,0,2,13
04,14,360,41,49,-80,0,5,-1
04,14,50,77,69,-40,0,6,-6
04,14,60,82,73,1,0,7,0
04,14,70,62,108,28,0,7,2
04,14,70,26,145,45,0,3,2
04,14,240,51,143,56,0,0,-2
04,14,990,15,92,40,0,8,5
04,14,30,26,146,60,0,6,1
04,14,990,15,155,59,0,7,-8
04,14,280,31,103,78,0,8,-11
04,14,60,46,68,-15,0,6,8
04,14,60,57,101,-3,0,4,1
04,14,80,36,119,-9,0,2,6
04,14,140,26,153,2,0,2,2
04,14,160,31,178,-2,0,4,3
04,14,260,31,191,-5,0,7,-1
04,14,230,57,164,53,0,5,3
04,14,230,46,204,60,0,7,0
04,14,220,72,231,13,0,7,9
04,14,200,67,246,30,0,1,1
04,14,180,51,241,42,0,7,-5
04,14,200,87,171,93,0,7,-2
04,14,210,57,144,57,0,7,-19
04,14,300,46,139,43,0,6,3
04,14,990,15,181,68,0,5,-7
04,14,50,41,203,84,0,2,1
04,14,20,36,158,72,0,7,11
04,14,990,15,114,28,0,6,3
04,14,250,26,148,4,0,5,6
04,14,230,30,172,59,0,0,4
04,14,300,20,153,23,0,2,-2
04,14,280,70,106,36,0,7,6
04,14,300,70,86,-52,0,4,-6
04,14,230,90,90,85,4,8,2
04,14,40,30,82,-26,0,4,4
04,14,70,40,91,-37,0,6,5
04,14,100,60,137,-13,0,3,-3
04,14,990,10,166,-20,0,7,-2
04,14,340,30,163,37,0,7,6
04,14,330,90,92,23,-1,7,-17
04,14,340,60,80,5,0,7,3
04,14,20,20,114,-9,0,3,1
04,14,260,50,124,65,0,6,-9
04,14,350,60,88,7,0,6,6
04,14,330,30,87,-12,0,5,11
04,14,40,60,118,-14,0,4,6
04,14,350,50,116,18,0,2,-9
04,14,340,50,78,-24,0,5,3
04,14,60,60,82,-74,0,1,-5
04,14,340,30,99,-71,0,1,4
04,14,360,30,86,-12,0,7,6
04,14,230,40,118,-24,0,2,3
04,14,250,90,157,-8,0,4,3
04,14,10,20,159,34,0,8,-1
04,14,90,20,130,99,-1,8,-15
04,14,240,30,125,104,-1,8,8
04,14,220,100,139,112,1,8,2
04,14,280,50,103,90,5,8,-2
04,14,300,40,142,69,0,6,4
04,14,260,50,157,107,0,7,-4
04,14,230,60,159,79,0,6,-2
04,14,200,30,105,100,20,8,-8
04,14,200,120,132,79,0,3,7
04,14,200,70,85,67,3,8,11
04,14,230,100,97,55,1,7,10
04,14,50,40,73,69,22,8,-1
04,14,230,60,100,64,0,6,-1
04,14,190,30,118,48,0,7,0
04,14,140,30,87,66,2,8,-4
04,14,250,50,72,50,7,7,17
04,14,300,60,73,9,0,7,5
04,14,290,50,30,17,2,7,5
04,14,220,80,80,-2,0,7,-2
04,14,170,60,97,57,0,7,0
04,14,210,40,86,16,-1,7,-25
04,14,60,40,96,51,-1,8,-4
04,14,230,30,105,36,0,7,6
04,14,250,50,107,39,0,7,6
04,14,210,60,110,90,-1,8,5
04,14,990,10,145,65,0,7,10
04,14,990,10,210,84,0,4,-4
04,14,250,60,216,104,0,3,-1
04,14,240,90,138,87,0,7,3
04,14,210,90,148,119,0,7,-3
04,14,290,20,108,102,1,8,0
04,14,10,30,93,82,15,8,-7
04,14,140,20,131,65,0,6,11
04,14,60,60,164,75,0,2,9
04,14,340,40,156,116,0,3,2
04,14,110,70,193,54,0,5,-8
04,14,990,10,205,57,0,3,0
04,14,200,40,133,116,2,8,-2
04,14,270,50,137,88,0,7,7
04,14,220,50,128,126,30,8,4
04,14,260,90,166,119,0,7,-27
04,14,290,70,105,71,1,7,-3
04,14,350,50,111,60,0,7,3
04,14,230,40,159,91,0,3,2
04,14,230,70,143,96,0,5,2
04,14,280,60,100,35,-1,7,19
04,14,230,80,117,77,0,7,-6
04,14,280,50,73,13,4,7,17
04,14,110,40,31,14,6,8,-5
04,14,200,40,65,18,-1,7,3
04,14,180,30,51,40,7,4,37
04,14,310,20,110,2,-1,5,-5
04,14,290,30,99,-8,0,5,-5
04,14,990,10,73,37,7,7,16
04,14,150,80,136,42,0,7,7
04,14,230,80,160,63,0,4,-9
04,14,220,80,134,88,-1,7,5
04,14,200,40,163,61,0,6,-3
04,14,220,60,127,81,0,7,-4
04,14,70,30,160,81,0,6,9
04,14,80,60,202,84,0,6,4
04,14,40,60,159,95,0,6,0
04,14,60,50,180,105,0,2,4
04,14,50,50,145,65,0,1,13
04,14,330,20,199,90,0,0,1
04,14,250,40,62,49,1,7,7
04,14,150,50,132,51,0,7,12
04,14,190,50,149,90,-1,7,-12
04,14,160,50,151,59,0,6,0
04,14,20,70,61,-14,0,8,9
04,14,70,50,92,-20,0,0,4
04,14,40,30,118,-1,0,1,0
04,14,990,10,124,8,0,7,8
04,14,100,80,145,19,0,7,2
04,14,40,50,122,12,0,2,-3
04,14,220,40,126,36,0,7,0
04,14,210,100,103,0,0,4,-15
04,14,230,60,77,52,7,7,18
04,14,230,40,124,59,0,5,0
04,14,180,80,119,40,-1,7,-9
04,14,160,20,144,29,0,6,7
04,14,200,70,131,37,0,7,10
04,14,200,40,136,59,0,7,7
04,14,200,60,165,81,0,7,-15
04,14,190,40,192,81,0,7,-8
04,14,240,60,189,66,0,7,5
04,14,190,40,218,121,0,7,-19
04,14,290,20,138,120,0,8,-12
04,14,220,20,159,79,0,5,-3
04,14,200,50,198,81,0,6,4
04,14,240,70,220,116,0,7,-12
04,14,50,30,204,143,0,8,3
04,14,20,40,221,127,0,6,3
04,14,270,20,118,111,1,8,0
04,14,360,40,175,141,0,7,0
04,14,270,20,171,91,0,3,2
04,14,150,50,216,62,0,3,1
04,14,230,50,130,83,-1,5,-4
04,14,230,100,111,54,0,7,7
04,14,230,90,105,9,0,8,-5
04,14,230,90,135,82,0,7,-2
04,14,240,40,119,36,0,5,2
04,14,270,50,87,58,-1,8,18
04,14,190,40,96,87,-1,8,2
04,14,210,30,90,65,5,8,-14
04,14,340,60,93,79,0,8,-5
04,14,330,60,84,5,0,7,-4
04,14,330,50,64,-31,0,6,5
04,14,250,50,50,-42,0,8,-1
04,14,280,70,98,51,-1,6,-18
04,14,290,40,84,43,-1,8,1
04,14,300,30,76,11,0,7,-2
04,14,330,50,62,14,-1,5,12
04,14,230,60,51,27,3,7,16
04,14,310,20,63,3,0,6,5
04,14,20,60,91,2,0,4,8
04,14,190,20,113,-18,0,4,7
04,14,50,20,130,0,0,7,-5
04,14,180,70,125,65,-1,8,14
04,14,210,80,142,69,0,6,-8
04,14,240,90,122,66,0,5,14
04,14,250,30,112,88,-1,8,1
04,14,240,80,140,82,0,3,5
04,14,200,40,161,93,0,6,2
04,14,90,20,191,117,0,6,0
04,14,990,10,176,65,0,4,4
04,14,170,30,205,18,0,4,-3
04,14,100,90,193,46,0,1,3
04,14,80,70,186,42,0,5,-2
04,14,70,60,155,-17,0,0,-1
04,14,50,70,99,-28,0,0,0
04,14,50,50,124,-15,0,0,-2
04,14,40,60,124,-47,0,0,2
04,14,360,40,114,-40,0,6,-5
04,14,60,60,112,-11,0,1,-3
04,14,70,40,107,10,0,7,5
04,14,20,60,127,25,0,5,0
04,14,360,70,93,15,0,7,-1
04,14,220,20,104,8,-1,6,-2
04,14,250,30,64,48,-1,8,2
04,14,300,40,80,69,-1,8,1
04,14,220,20,109,58,0,8,9
04,14,250,50,91,74,3,8,2
04,14,220,40,101,45,-1,7,-8
04,14,350,40,132,66,0,7,-3
04,14,990,10,167,60,0,1,-3
04,14,220,40,193,84,0,5,0
04,14,310,50,179,90,0,7,3
04,14,990,10,191,128,0,6,3
04,14,260,40,159,106,0,7,-5
04,14,230,100,89,69,5,8,-2
04,14,300,60,106,24,-1,7,3
04,14,210,90,124,83,0,6,5
04,14,220,120,118,70,0,6,-38
04,14,200,80,139,68,0,3,13
04,14,240,100,149,27,0,5,-9
04,14,280,50,58,39,4,7,19
04,14,330,60,73,18,-1,5,5
04,14,270,30,98,19,-1,8,1
04,14,340,60,117,44,0,4,-3
04,14,350,50,78,-6,0,5,3
04,14,30,40,52,-109,0,6,9
04,14,30,40,61,-129,0,0,3
04,14,40,50,57,-83,0,3,4
04,14,310,30,50,-34,-1,7,-13
04,14,190,30,91,-35,0,5,2
04,14,240,10,141,-13,0,6,2
04,14,70,50,181,31,0,1,3
04,14,80,80,213,11,0,0,-6
04,14,80,70,242,51,0,0,1
04,14,70,80,232,30,0,0,4
04,14,70,70,222,-13,0,0,-3
04,14,60,70,168,4,0,3,-3
04,14,50,60,78,34,0,8,9
04,14,100,50,159,64,0,6,-2
04,14,290,30,221,60,0,0,-6
04,14,340,30,164,51,0,7,5
04,14,340,50,177,50,0,0,-1
04,14,110,30,217,54,0,4,4
04,14,250,30,218,91,-1,8,-24
04,14,150,40,149,139,12,8,-26
04,14,250,50,132,97,1,7,-13
04,14,200,80,228,110,0,1,1
04,14,250,70,179,86,0,5,3
04,14,270,40,133,125,2,8,-8
04,14,80,60,186,58,0,5,9
04,14,200,60,170,67,0,8,-10
04,14,200,70,123,80,-1,8,11
04,14,240,100,123,50,-1,7,7
04,14,260,80,75,49,6,8,5
04,14,300,20,71,38,-1,8,5
04,14,300,30,55,41,24,6,12
04,14,340,30,62,38,2,8,0
04,14,350,30,79,18,0,8,-2
04,14,290,30,70,58,0,8,-3
04,14,80,30,79,1,0,6,7
04,14,10,50,122,34,0,7,-1
04,14,10,40,107,63,0,8,3
04,14,50,40,147,21,0,1,0
04,14,200,30,168,36,0,2,2
04,14,100,50,198,56,0,3,2
04,14,240,50,194,72,0,7,-4
04,14,170,70,111,61,1,8,-8
04,14,190,50,117,7,0,6,-7
04,14,240,40,147,40,0,4,-12
04,14,180,40,156,105,0,8,7
04,14,350,30,167,137,-1,8,-2
04,14,360,40,161,39,0,1,3
04,14,10,50,147,59,0,8,3
04,14,70,40,167,59,0,1,-1
04,14,50,50,181,50,0,5,1
04,14,80,60,195,79,0,2,1
04,14,200,80,157,103,-1,7,3
04,14,160,20,166,99,0,4,3
04,14,210,10,206,140,0,6,-7
04,14,70,40,167,40,0,0,-3
04,14,80,30,168,32,0,0,7
04,14,230,50,199,75,0,0,-2
04,14,230,80,183,56,0,4,-11
04,14,230,50,119,24,0,7,10
04,14,200,70,139,49,0,7,4
04,14,240,110,120,23,-1,4,-18
04,14,260,20,80,29,0,8,7
04,14,310,60,76,-28,0,7,-5
04,14,250,40,92,64,-1,8,15
04,14,990,10,123,54,0,8,5
04,14,70,20,139,65,0,7,9
04,14,220,70,150,67,-1,8,-12
04,14,190,50,164,49,0,4,-3
04,14,230,100,127,61,-1,5,-2
04,14,340,50,77,69,0,8,5
04,14,270,30,105,97,0,8,0
04,14,230,70,152,83,0,8,-6
04,14,350,20,86,75,8,8,-2
04,14,340,30,95,75,0,8,14
04,14,60,40,121,-6,0,0,4
04,14,90,30,152,18,0,0,-1
04,14,170,20,168,42,0,4,-24
04,14,100,50,178,90,0,7,-2
04,14,80,20,143,109,0,8,-8
04,14,210,50,158,88,0,5,-8
04,14,300,90,93,47,8,8,31
04,14,220,40,179,79,0,8,-5
04,14,230,20,167,137,-1,8,-7
04,14,990,10,208,134,0,2,1
04,14,230,50,115,88,3,7,18
04,14,240,70,136,41,0,6,-2
04,14,260,50,103,55,0,8,-1
04,14,250,30,77,-17,0,5,8
04,14,330,60,38,7,-1,8,20
04,14,240,40,97,-9,0,7,5
04,14,240,40,108,16,0,8,4
04,14,230,80,103,36,-1,8,-20
04,14,240,40,97,-27,0,6,3
04,14,360,40,93,-9,0,2,8
04,14,230,60,84,-18,0,8,0
04,14,300,50,109,25,0,7,-2
04,14,250,60,131,69,0,8,-17
04,14,280,40,124,47,0,8,-18
04,14,100,50,141,93,0,8,10
04,14,260,30,132,86,0,8,11
04,14,290,40,131,51,-1,2,-1
04,14,240,70,134,46,0,8,-3
04,14,230,40,139,57,0,8,7
04,14,220,40,157,41,0,8,-1
04,14,250,30,181,67,0,2,3
04,14,330,20,90,42,0,8,1
04,14,220,20,152,38,0,2,5
04,14,80,30,185,62,0,8,-6
04,14,230,50,221,103,0,0,-1
04,14,280,30,165,101,0,8,2
04,14,20,30,158,49,0,3,-6
04,14,340,60,139,14,0,6,-8
04,14,330,60,84,25,-1,4,3
04,14,350,20,89,19,-1,8,-18
04,14,70,70,170,11,0,0,3
04,14,40,50,178,48,0,2,-16
04,14,350,60,84,37,0,8,-8
04,14,40,80,116,-11,0,6,-5
04,14,10,40,135,41,0,0,3
04,14,260,20,179,65,0,1,-1
04,14,30,50,109,30,0,8,0
04,14,70,20,154,25,0,0,2
04,14,260,40,154,48,0,7,1
04,14,310,20,158,74,0,8,-2
04,14,60,30,161,67,0,5,5
04,14,80,40,213,98,0,0,5
04,14,70,60,239,112,0,0,0
04,14,70,60,255,111,0,0,-4
04,14,50,40,269,58,0,0,-2
04,14,110,30,264,50,0,0,-3
04,14,340,50,166,66,0,4,-9
04,14,320,30,133,7,0,4,0
04,14,260,40,172,38,0,0,-1
04,14,10,40,134,24,0,2,3
04,14,20,40,145,23,0,0,5
04,14,270,20,216,46,0,0,1
04,14,260,50,239,95,0,7,-11
04,14,280,20,234,92,0,8,4
04,14,60,50,258,111,0,7,-6
04,14,60,60,259,91,0,0,-1
04,14,60,50,263,68,0,0,-2
04,14,60,30,268,85,0,0,-2
04,14,40,60,229,104,0,0,0
04,14,80,70,211,11,0,0,0
04,14,230,100,111,51,-1,8,-12
04,14,280,50,95,49,0,8,3
04,14,340,40,91,45,0,8,5
04,14,220,40,104,55,0,8,3
04,14,280,20,74,64,8,8,11
04,14,80,30,68,-29,0,6,-2
04,14,260,50,70,-2,-1,2,11
04,14,70,30,95,0,0,6,2
04,14,60,40,98,4,0,7,-3
04,14,50,40,111,-11,0,6,-2
04,14,290,40,125,-4,0,2,1
04,14,240,70,115,38,0,7,13
04,14,200,20,116,53,0,6,3
04,14,990,10,76,65,7,7,11
04,14,340,50,48,33,8,8,17
04,14,60,30,85,-17,0,3,3
04,14,90,60,107,-12,0,1,4
04,14,70,80,130,23,0,8,3
04,14,90,40,100,76,1,8,-3
04,14,90,70,168,79,0,6,-3
04,14,50,60,167,77,0,8,-1
04,14,70,50,143,73,0,8,-4
04,14,990,10,188,80,0,5,-29
04,14,240,50,167,51,0,6,4
04,14,260,40,144,58,0,6,2
04,14,250,20,188,54,0,0,10
04,14,170,60,222,54,0,0,1
04,14,230,40,102,79,6,8,2
04,14,170,70,139,59,0,3,-14
04,14,190,90,131,51,0,8,1
04,14,40,90,151,29,0,0,0
04,14,50,70,179,77,0,0,6
04,14,50,20,212,101,0,0,3
04,14,260,20,149,86,0,7,8
04,14,80,20,139,71,0,8,2
04,14,170,30,194,60,0,7,2
04,14,240,20,117,101,1,8,3
04,14,220,100,117,68,-1,8,-3
04,14,190,20,171,107,0,6,10
04,14,200,60,240,76,0,1,2
04,14,320,20,206,69,0,2,5
04,14,280,10,177,121,0,7,2
04,14,210,20,165,105,0,7,2
04,14,60,50,199,130,0,0,2
04,14,50,60,210,80,-1,8,-28
04,14,250,30,160,77,0,7,-2
04,14,270,30,99,95,14,8,-2
04,14,60,50,131,77,-1,7,-21
04,14,50,20,163,86,0,4,4
04,14,30,40,180,95,0,8,-1
04,14,310,40,191,59,0,0,2
04,14,340,50,150,35,0,6,4
04,14,50,40,136,52,0,1,-2
04,14,100,80,175,28,0,0,4
04,14,200,90,162,95,-1,7,-4
04,14,240,40,173,106,0,8,4
04,14,210,70,145,51,0,7,-3
04,14,200,40,104,67,-1,8,5
04,14,20,20,164,60,0,1,-3
04,14,80,30,175,56,0,2,3
04,14,210,80,70,16,0,5,-7
04,14,180,70,111,12,0,8,-4
04,14,190,80,107,56,0,8,4
04,14,230,50,85,61,50,7,3
04,14,230,60,101,22,0,4,-4
04,14,180,40,173,12,0,0,6
04,14,90,20,172,79,0,8,13
04,14,340,30,92,88,2,8,7
04,14,240,20,138,60,0,6,8
04,14,20,40,112,28,0,6,12
04,14,50,50,77,23,-1,8,5
04,14,50,80,130,49,0,5,2
04,14,30,80,155,56,0,0,-1
04,14,30,40,129,47,0,7,7
04,14,50,60,150,49,0,0,-9
04,14,360,50,97,22,0,8,9
04,14,50,30,146,19,0,0,7
04,14,990,10,190,19,0,0,1
04,14,250,10,91,45,0,3,17
04,14,280,70,132,34,0,5,-1
04,14,290,30,98,-10,0,8,5
04,14,50,30,110,5,0,0,2
04,14,50,40,154,3,0,0,1
04,14,40,40,195,26,0,0,-3
04,14,230,30,236,40,0,8,1
04,14,260,40,173,84,0,5,-13
04,14,280,10,176,93,0,1,5
04,14,210,30,222,63,0,2,5
04,14,240,50,248,84,0,8,-3
04,14,240,80,160,73,0,8,-6
04,14,270,40,165,120,0,8,-4
04,14,180,50,233,103,0,8,2
04,14,250,10,121,100,-1,8,1
04,14,250,50,126,48,0,7,8
04,14,230,90,138,36,0,8,-20
04,14,230,50,203,114,0,0,5
04,14,290,50,198,79,0,2,2
04,14,300,30,175,88,0,1,3
04,14,30,30,159,28,0,0,5
04,14,50,40,189,54,0,0,3
04,14,260,50,226,82,0,4,-12
04,14,330,70,110,-7,1,4,-7
04,14,290,40,119,-7,0,7,5
04,14,350,20,118,13,0,8,-3
04,14,50,30,150,13,0,4,0
04,14,20,20,153,1,0,1,-3
04,14,100,50,161,-2,0,2,3
04,14,90,50,196,23,0,0,7
04,14,120,20,232,51,0,0,-5
04,14,60,30,227,37,0,0,-4
04,14,240,30,246,37,0,4,2
04,14,280,30,176,96,16,8,13
04,14,70,30,228,79,0,7,-9
04,14,50,50,238,86,0,0,3
04,14,60,40,227,40,0,0,1
04,14,50,60,211,63,0,6,-9
04,14,330,30,102,92,-1,8,4
04,14,70,50,155,90,0,3,15
04,14,60,70,212,106,0,8,-17
04,14,50,80,210,86,0,2,-6
04,14,320,20,101,-4,0,1,2
04,14,20,20,122,37,0,1,5
04,14,220,20,157,20,0,2,2
04,14,330,20,89,62,0,8,13
04,14,50,60,72,33,0,8,-3
04,14,330,20,111,-1,0,2,3
04,14,360,60,67,0,0,8,-4
04,14,240,40,90,0,0,7,2
04,14,210,80,100,86,1,8,4
04,14,190,60,112,79,0,8,7
04,14,200,60,103,35,-1,8,-2
04,14,990,10,97,48,2,8,-12
04,14,990,10,112,42,0,8,5
04,14,50,20,94,46,2,7,-19
04,14,10,50,77,29,0,8,-3
04,14,330,60,92,-26,0,0,1
04,14,220,80,105,-31,0,7,-1
04,14,180,70,127,39,0,6,-8
04,14,180,40,125,35,0,2,-5
04,14,240,60,138,45,0,6,-18
04,14,210,60,91,44,0,7,-5
04,14,240,70,99,36,-1,7,4
04,14,200,40,118,20,0,7,3
04,14,300,20,102,62,1,7,14
04,14,180,80,105,66,3,8,0
04,14,200,120,133,58,0,8,2
04,14,230,40,148,62,0,8,0
04,14,90,30,199,149,0,7,1
04,14,230,50,189,107,-1,8,-2
04,14,40,50,201,77,0,8,-7
04,14,80,60,69,-47,0,0,-4
04,14,60,70,69,-57,0,0,4
04,14,70,70,42,-43,0,7,0
04,14,60,70,62,-26,0,4,3
04,14,60,60,33,-13,0,8,-1
04,14,50,40,45,2,0,8,5
04,14,100,30,97,-60,0,0,-2
04,14,100,50,86,-32,0,8,1
04,14,210,60,74,54,5,8,8
04,14,260,40,85,58,-1,8,0
04,14,230,80,126,63,0,8,1
04,14,220,110,136,68,0,7,-37
04,14,240,60,142,26,0,4,-2
04,14,170,50,222,100,0,0,12
04,14,340,10,159,103,-1,8,-1
04,14,240,70,186,19,0,8,-4
04,14,220,70,223,98,0,1,2
04,14,240,90,159,20,0,1,-2
04,14,270,40,113,29,0,8,-5
04,14,40,60,116,-11,0,0,-4
04,14,100,10,124,30,0,8,2
04,14,250,40,148,-17,0,0,-1
04,14,250,40,130,85,0,8,8
04,14,250,60,215,81,0,0,0
04,14,250,50,240,96,0,0,1
04,14,340,70,89,83,3,8,-10
04,14,360,60,91,1,0,7,0
04,14,990,10,109,-10,0,8,-3
04,14,240,70,128,29,0,8,-20
04,14,60,40,145,17,0,6,-4
04,14,240,30,200,84,0,1,1
04,14,220,20,210,86,0,1,1
04,14,250,30,190,91,-1,8,2
04,14,310,20,154,104,0,8,-1
04,14,240,40,150,80,0,3,9
04,14,230,80,175,99,0,8,0
04,14,190,60,216,112,0,6,-9
04,14,270,80,110,6,0,8,-3
04,14,260,50,137,32,0,6,-3
04,14,200,20,164,61,0,4,14
04,14,360,50,143,60,0,8,-5
04,14,290,30,143,32,0,6,0
04,14,270,40,133,42,0,7,12
04,14,310,70,118,20,0,7,7
04,14,340,40,97,1,0,8,3
04,14,80,50,140,-6,0,0,6
04,14,250,50,175,8,0,0,0
04,14,340,70,123,-6,0,1,-7
04,14,40,70,155,41,0,0,0
04,14,100,70,196,71,0,8,-2
04,14,110,50,153,70,0,8,-5
04,14,280,20,173,74,0,6,2
04,14,280,30,197,86,0,0,3
04,14,60,20,204,97,0,6,-1
04,14,100,50,231,109,0,8,-5
04,14,180,20,169,78,0,8,0
04,14,160,30,166,38,0,8,-2
04,14,260,10,157,87,0,8,-4
04,14,260,30,149,102,-1,8,3
04,14,300,20,171,108,0,3,-1
04,14,280,80,86,-16,0,7,0
04,14,310,70,83,-19,0,7,3
04,14,210,40,93,-9,0,8,-3
04,14,10,70,74,1,0,7,2
04,14,350,30,92,-15,0,3,10
04,14,350,20,94,39,0,7,-7
04,14,240,40,119,5,0,7,4
04,14,60,40,102,63,0,1,6
04,14,300,30,183,45,0,1,4
04,14,190,20,218,31,0,1,1
04,14,240,80,131,62,0,8,0
04,14,240,60,152,16,0,1,5
04,14,200,30,124,22,0,4,6
04,14,250,70,211,77,0,0,2
04,14,270,40,235,71,0,0,1
04,14,60,50,177,83,0,4,-5
04,14,10,60,124,36,0,4,0
04,14,60,60,134,-2,0,1,-1
04,14,60,50,145,16,0,0,5
04,14,30,40,187,23,0,0,-2
04,14,10,40,198,47,0,0,7
04,14,340,40,149,51,0,2,2
04,14,320,20,157,40,0,0,4
04,14,250,40,213,63,0,0,-1
04,14,250,50,135,101,-1,8,21
04,14,290,30,147,121,-1,8,4
04,14,40,60,106,22,0,7,0
04,14,270,50,115,-20,0,8,-5
04,14,220,60,135,23,0,8,-5
04,14,190,40,85,67,8,7,17
04,14,110,40,111,28,0,6,-3
04,14,70,50,134,73,0,8,4
04,14,210,50,196,112,0,1,-9
04,14,220,60,154,67,0,2,-5
04,14,240,20,110,92,15,8,5
04,14,230,90,131,45,0,8,-5
04,14,240,50,111,12,0,4,-26
04,14,80,20,100,36,-1,8,-9
04,14,140,30,146,1,0,7,6
04,14,60,50,156,74,0,0,15
04,14,190,70,188,39,0,8,6
04,14,280,30,166,47,0,8,-35
04,14,0,0,121,69,0,8,1
04,14,220,20,167,47,0,4,-10
04,14,240,60,147,52,0,7,11
04,14,240,50,109,58,-1,8,2
04,14,360,40,88,30,-1,8,-7
04,14,260,50,115,-2,0,1,4
04,14,300,30,130,21,0,3,5
04,14,50,60,137,14,0,0,2
04,14,40,60,182,27,0,7,-8
04,14,30,50,140,48,0,8,-2
04,14,340,70,73,1,0,8,0
04,14,240,40,53,19,0,6,22
04,14,210,70,54,44,23,8,7
04,14,220,60,36,23,5,5,0
04,14,250,60,68,34,-1,7,-19
04,14,300,40,81,23,1,5,-6
04,14,280,40,76,51,2,8,-4
04,14,20,20,90,44,0,8,-11
04,14,260,30,124,99,-1,8,-4
04,14,290,20,150,61,0,0,2
04,14,50,20,128,76,0,0,10
04,14,330,20,150,45,0,7,0
04,14,310,50,129,38,0,6,-1
04,14,10,30,92,41,0,8,2
04,14,310,30,132,62,0,8,-1
04,14,990,10,150,71,0,0,-2
04,14,280,20,216,50,0,0,6
04,14,300,50,131,34,0,8,-2
04,14,270,40,129,38,0,8,1
04,14,240,60,138,64,0,8,8
04,14,270,40,121,27,0,8,2
04,14,280,30,110,35,0,8,-1
04,14,290,60,109,47,0,7,1
04,14,280,60,103,3,0,8,-1
04,14,360,60,95,1,0,8,-2
04,14,330,40,100,2,0,1,-36
04,14,40,60,67,-46,0,4,2
04,14,270,20,109,-19,0,8,3
04,14,270,40,136,68,0,8,-6
04,14,330,60,100,13,0,8,-9
04,14,340,30,99,5,0,8,1
04,14,250,50,139,17,0,7,2
04,14,320,20,55,10,1,8,12
04,14,320,20,106,-36,0,6,-21
04,14,320,60,65,12,-1,8,11
04,14,270,30,97,37,-1,8,11
04,14,10,20,121,23,0,8,-4
04,14,120,80,191,3,0,8,-1
04,14,300,50,64,38,0,8,-2
04,14,160,40,125,45,-1,8,4
04,14,200,70,150,83,3,8,3
04,14,190,80,127,86,-1,8,11
04,14,300,60,78,13,0,8,1
04,14,130,50,170,-4,0,8,2
04,14,160,50,221,63,0,0,4
04,14,60,20,232,75,0,8,-4
04,14,50,40,166,103,0,8,3
04,14,50,30,178,81,0,8,-12
04,14,20,10,119,95,0,8,10
04,14,10,30,167,120,0,3,-3
04,14,270,30,145,92,0,8,1
04,14,990,10,182,102,0,8,-2
04,14,220,40,174,87,0,8,-7
04,14,260,40,172,77,0,1,5
04,14,220,30,207,85,0,1,0
04,14,60,50,242,61,0,0,4
04,14,90,60,275,101,0,3,-2
04,14,220,40,267,130,0,8,1
04,14,50,30,229,120,0,1,1
04,14,230,60,259,118,0,8,4
04,14,250,50,177,69,0,8,-2
04,14,250,50,148,83,0,8,6
04,14,280,60,142,52,0,8,8
04,14,280,40,136,50,-1,7,-9
04,14,180,30,181,25,0,2,5
04,14,240,50,159,52,0,8,0
04,14,30,40,179,126,0,6,-3
04,14,200,100,111,44,-1,8,-5
04,14,60,60,154,54,0,0,2
04,14,200,80,144,87,0,6,0
04,14,160,40,91,22,0,8,-2
04,14,80,20,90,34,0,8,4
04,14,50,50,110,51,0,5,-8
04,14,50,40,150,61,0,8,8
04,14,90,50,192,61,0,0,0
04,14,210,40,128,93,0,4,7
04,14,60,30,144,83,0,8,1
04,14,40,70,127,-1,0,7,-1
04,14,60,60,112,-19,0,0,-4
04,14,60,50,62,-24,0,8,-1
04,14,60,60,24,-6,2,8,32
04,14,60,60,104,-12,0,2,2
04,14,90,70,159,56,0,0,6
04,14,180,70,183,64,0,8,-21
04,14,170,10,149,92,0,8,-2
04,14,80,70,210,33,0,0,2
04,14,80,60,234,37,0,0,-1
04,14,40,50,237,30,0,0,0
04,14,70,50,234,16,0,0,0
04,14,90,70,239,14,0,8,-1
04,14,100,80,200,69,0,6,-7
04,14,180,80,226,66,0,7,-12
04,14,210,40,158,65,-1,8,-6
04,14,240,50,164,45,0,7,-13
04,14,250,80,116,45,0,7,0
04,14,190,30,117,57,0,8,7
04,14,360,40,161,53,0,7,-9
04,14,40,40,161,65,0,0,2
04,14,20,30,97,-48,0,0,4
04,14,260,40,93,-4,0,6,0
04,14,280,40,102,5,0,7,-2
04,14,70,20,143,12,0,7,-1
04,14,160,50,203,8,0,0,3
04,14,230,60,223,30,0,0,-3
04,14,50,40,195,99,0,0,2
04,14,990,10,231,13,0,1,6
04,14,360,50,209,77,0,0,-2
04,14,50,60,204,70,0,0,-5
04,14,990,10,222,71,0,5,4
04,14,230,50,230,56,0,6,-6
04,14,10,70,104,-8,0,0,1
04,14,10,30,96,-9,0,7,0
04,14,30,30,171,14,0,8,4
04,14,250,30,236,41,0,8,2
04,14,50,50,208,70,0,0,-4
04,14,240,30,159,121,0,8,0
04,14,70,30,144,97,0,8,13
04,14,80,100,196,-39,0,0,4
04,14,70,90,211,-29,0,0,1
04,14,70,70,229,-5,0,0,-4
04,14,360,20,224,40,0,8,7
04,14,290,30,194,76,0,8,6
04,14,360,40,141,37,0,0,3
04,14,10,30,180,39,0,0,4
04,14,250,40,215,65,0,2,-3
04,14,230,40,137,125,12,8,18
04,14,230,40,165,89,0,7,8
04,14,200,60,104,64,3,8,-8
04,14,230,77,160,67,0,7,-12
04,14,220,67,139,67,0,2,16
04,14,280,62,118,23,0,6,-15
04,14,190,113,119,1,0,7,-9
04,14,200,77,105,35,0,7,5
04,14,220,72,136,16,0,6,-6
04,14,250,62,122,39,0,6,0
04,14,250,67,126,51,0,7,4
04,14,300,31,150,25,0,3,-2
04,14,180,46,182,33,0,2,2
04,14,180,67,217,43,0,4,3
04,14,110,51,221,37,0,3,1
04,14,20,51,214,49,0,1,-3
04,14,30,67,200,53,0,3,2
04,14,20,51,199,44,0,2,-3
04,14,360,98,79,-11,0,6,-9
04,14,340,72,91,22,0,5,-24
04,14,310,51,57,32,2,7,-12
04,14,40,67,74,-43,0,5,1
04,14,20,46,74,-60,0,4,11
04,14,190,57,75,-39,0,6,12
04,14,340,36,72,38,6,5,-2
04,14,20,51,66,34,-1,7,12
04,14,160,26,123,-27,0,6,-9
04,14,100,62,133,-18,0,3,-3
04,14,70,62,147,2,0,2,-1
04,14,360,36,135,-2,0,4,3
04,14,330,46,118,-7,0,5,4
04,14,270,41,125,-14,0,6,-5
04,14,60,72,85,60,13,8,-2
04,14,250,46,109,-5,0,7,-4
04,14,160,31,90,38,0,6,0
04,14,350,41,81,21,0,5,0
04,14,340,57,88,-2,0,6,-2
04,14,290,51,81,-11,0,8,-3
04,14,230,41,103,3,0,7,-1
04,14,170,57,130,25,0,7,0
04,14,80,62,154,26,0,6,1
04,14,80,36,152,21,0,0,-2
04,14,50,41,153,28,0,7,2
04,14,80,15,179,34,0,7,-14
04,14,270,62,128,79,0,7,3
04,14,260,98,98,46,3,5,-26
04,14,210,82,125,18,0,7,1
04,14,310,87,63,41,-1,8,-9
04,14,360,77,70,-27,0,6,3
04,14,240,41,66,56,-1,8,0
04,14,280,72,142,96,0,8,1
04,14,300,77,113,13,0,1,0
04,14,60,31,115,0,0,5,8
04,14,220,36,161,18,0,5,2
04,14,290,51,137,38,0,7,-8
04,14,280,36,109,80,1,7,20
04,14,220,67,151,61,0,7,0
04,14,210,46,149,65,0,6,-2
04,14,200,82,137,114,-1,8,-2
04,14,240,62,137,40,0,3,3
04,14,140,41,107,86,0,8,9
04,14,290,87,115,60,0,6,-10
04,14,200,77,125,32,0,7,0
04,14,210,46,108,92,1,8,-5
04,14,260,36,104,7,0,6,0
04,14,220,26,120,8,0,2,-4
04,14,280,46,60,46,-1,8,20
04,14,180,113,77,65,14,8,-1
04,14,260,93,113,60,0,7,-1
04,14,300,31,82,57,-1,8,2
04,14,100,26,109,22,0,7,-2
04,14,120,67,133,19,0,8,1
04,14,100,26,131,37,0,2,4
04,14,110,26,124,75,0,7,-3
04,14,70,31,128,66,0,6,-2
04,14,60,21,125,50,0,4,1
04,14,30,15,129,69,0,7,6
04,14,350,31,133,84,-1,5,3
04,14,280,36,152,49,0,2,2
04,14,240,51,107,104,-1,8,0
04,14,240,62,121,116,10,8,0
04,14,260,51,133,99,0,7,4
04,14,220,46,223,88,0,2,1
04,14,280,57,188,116,0,6,-6
04,14,210,46,189,112,0,7,-6
04,14,160,57,183,94,0,6,11
04,14,190,62,217,82,0,6,-3
04,14,190,5,187,81,0,7,-4
04,14,220,41,202,76,0,2,7
04,14,50,82,240,88,0,1,0
04,14,60,113,267,39,0,1,-1
04,14,90,62,267,45,0,1,-4
04,14,90,57,272,49,0,1,-3
04,14,250,87,107,46,0,7,-11
04,14,250,41,67,12,0,7,-9
04,14,240,41,87,18,0,5,-2
04,14,270,46,73,61,17,8,11
04,14,220,67,57,30,1,7,5
04,14,310,31,79,20,-1,6,3
04,14,170,36,101,25,0,8,2
04,14,230,46,84,55,0,7,-4
04,14,280,51,25,18,6,8,-2
04,14,100,36,98,-1,0,5,-14
04,14,10,82,138,52,0,3,0
04,14,10,67,110,62,-1,7,-9
04,14,350,93,114,44,0,6,-23
04,14,360,10,74,19,6,4,-21
04,14,150,31,79,39,0,8,6
04,14,50,77,142,21,0,3,0
04,14,10,98,85,14,0,6,-5
04,14,20,41,97,-5,0,6,6
04,14,990,15,86,15,0,7,0
04,14,230,31,135,18,0,7,-7
04,14,290,62,131,55,0,6,6
04,14,200,36,178,47,0,5,8
04,14,210,67,209,61,0,7,-22
04,14,150,21,163,123,18,8,-16
04,14,290,57,137,72,0,5,-3
04,14,200,51,142,121,1,8,-5
04,14,230,26,156,138,-1,8,6
04,14,250,31,177,124,0,6,7
04,14,270,31,221,93,0,4,-1
04,14,300,57,194,117,0,4,-19
04,14,280,57,136,117,0,8,1
04,14,250,72,175,104,0,0,5
04,14,260,57,112,73,0,7,11
04,14,360,46,125,47,0,4,-1
04,14,230,36,153,58,0,7,-8
04,14,240,41,124,96,-1,7,2
04,14,320,82,128,89,0,7,5
04,14,330,82,89,-1,0,4,-2
04,14,290,41,89,13,0,6,-1
04,14,290,51,103,87,0,8,5
04,14,270,36,151,81,0,4,3
04,14,360,82,136,50,0,1,-8
04,14,30,51,118,57,0,7,9
04,14,20,41,113,66,0,8,1
04,14,330,62,98,67,0,8,-3
04,14,310,57,83,58,4,7,5
04,14,260,51,74,68,5,8,3
04,14,320,62,87,56,1,7,-2
04,14,30,41,61,12,0,7,4
04,14,310,51,70,33,-1,6,1
04,14,80,62,121,11,0,7,-2
04,14,190,46,134,87,0,7,7
04,14,20,57,160,59,0,7,-22
04,14,60,41,227,129,0,6,11
04,14,60,62,214,120,0,1,3
04,14,10,62,199,111,0,5,-27
04,14,10,31,99,73,0,7,8
04,14,40,31,106,34,0,4,-2
04,14,990,10,156,76,0,7,1
04,14,320,21,114,98,0,8,5
04,14,10,46,62,-45,0,2,-3
04,14,20,46,56,-43,0,5,-3
04,14,50,62,73,-44,0,1,5
04,14,80,82,111,-41,0,4,-5
04,14,80,67,123,19,0,3,7
04,14,990,15,135,33,0,4,8
04,14,280,41,101,43,0,8,3
04,14,280,26,103,47,0,8,3
04,14,290,15,129,67,0,8,8
04,14,110,15,155,54,0,7,-3
04,14,20,26,95,86,-1,8,6
04,14,80,62,78,-71,0,7,-6
04,14,90,62,106,-2,0,5,9
04,14,990,15,129,-14,0,3,5
04,14,250,41,166,-25,0,3,3
04,14,170,41,189,-27,0,5,-1
04,14,250,36,195,19,0,7,-11
04,14,230,57,172,49,0,6,-3
04,14,230,36,202,65,0,6,-2
04,14,200,62,247,50,0,7,5
04,14,190,62,237,14,0,2,11
04,14,180,62,247,50,0,7,10
04,14,210,72,182,82,0,7,-3
04,14,300,36,122,60,11,7,-8
04,14,300,51,158,57,0,5,1
04,14,290,46,170,82,0,5,1
04,14,320,10,195,88,0,4,4
04,14,360,41,147,44,0,7,1
04,14,270,26,123,-9,0,6,2
04,14,250,31,141,4,0,7,-1
04,14,250,40,167,16,0,0,2
04,14,20,20,141,49,0,6,5
04,14,300,70,101,68,-1,8,1
04,14,310,80,87,-11,-1,5,-15
04,14,270,50,98,90,5,8,10
04,14,10,40,98,-1,0,3,9
04,14,80,40,102,-46,0,6,3
04,14,80,50,144,-34,0,4,3
04,14,280,20,179,-13,0,7,0
04,14,290,20,169,58,0,8,1
04,14,350,90,85,-21,0,7,-2
04,14,340,70,95,7,-1,5,-2
04,14,340,30,111,11,0,7,13
04,14,300,50,102,83,-1,7,-1
04,14,350,60,98,3,0,6,1
04,14,320,30,76,44,-1,8,0
04,14,40,50,127,-27,0,1,6
04,14,10,30,85,47,0,8,0
04,14,350,70,70,-12,0,7,-1
04,14,40,60,91,-52,0,4,7
04,14,320,30,107,-57,0,3,-1
04,14,350,30,95,-4,0,7,-5
04,14,270,20,124,-15,0,1,4
04,14,260,70,158,15,0,7,0
04,14,80,30,155,78,0,8,-10
04,14,140,20,125,97,-1,8,9
04,14,310,60,157,111,0,6,0
04,14,230,40,148,121,-1,7,10
04,14,290,70,99,96,5,8,8
04,14,290,40,160,101,0,4,-4
04,14,270,20,128,117,0,8,4
04,14,200,20,145,95,0,6,7
04,14,190,70,121,74,0,8,3
04,14,230,50,125,84,2,7,5
04,14,200,80,121,62,0,6,3
04,14,230,60,134,51,-1,5,-18
04,14,40,40,100,60,-1,8,-5
04,14,250,20,88,57,-1,7,13
04,14,140,40,125,66,0,7,4
04,14,160,30,104,58,0,8,-2
04,14,240,30,85,68,2,7,12
04,14,310,80,87,20,-1,5,-4
04,14,280,80,63,29,0,7,10
04,14,220,60,80,4,-1,7,5
04,14,160,50,90,80,5,8,3
04,14,200,50,84,16,0,7,7
04,14,90,40,109,45,-1,8,0
04,14,150,20,124,37,0,6,4
04,14,200,40,120,34,0,7,1
04,14,210,70,100,80,-1,7,19
04,14,990,10,148,45,0,7,4
04,14,100,30,214,76,0,5,1
04,14,210,30,211,117,0,7,-12
04,14,250,50,144,90,0,7,6
04,14,200,60,143,135,1,7,5
04,14,210,30,136,69,0,8,5
04,14,70,30,116,75,3,8,-19
04,14,110,20,141,62,0,7,-2
04,14,50,60,164,80,0,6,12
04,14,360,20,140,107,0,8,7
04,14,110,80,195,42,0,4,1
04,14,150,30,211,73,0,1,-2
04,14,150,30,125,117,7,8,1
04,14,290,40,142,92,0,5,-1
04,14,210,30,141,135,2,8,4
04,14,240,50,129,113,5,8,11
04,14,310,70,111,66,-1,6,-3
04,14,350,40,102,65,0,7,-3
04,14,230,40,142,101,0,7,-1
04,14,230,40,129,95,0,8,1
04,14,280,70,104,42,0,4,10
04,14,260,60,113,44,0,7,8
04,14,260,60,98,10,0,6,0
04,14,50,60,61,-7,0,7,6
04,14,180,60,79,8,0,7,-12
04,14,990,10,85,-4,-1,6,15
04,14,220,60,64,22,11,6,17
04,14,280,40,94,-1,0,4,2
04,14,990,10,89,18,0,6,-19
04,14,150,70,132,34,0,7,9
04,14,210,60,173,64,0,3,-13
04,14,190,50,100,83,12,7,41
04,14,170,50,157,59,0,7,11
04,14,170,70,123,86,-1,8,8
04,14,110,40,162,71,0,6,11
04,14,70,60,209,93,0,5,-4
04,14,60,70,173,96,-1,5,6
04,14,40,60,191,76,0,2,-1
04,14,50,50,173,41,0,6,-3
04,14,30,30,187,38,0,0,4
04,14,220,20,103,32,0,6,-9
04,14,170,60,146,55,0,7,-2
04,14,160,70,150,71,0,8,0
04,14,210,70,158,60,0,4,3
04,14,20,70,76,-9,0,7,-7
04,14,80,50,106,6,0,1,7
04,14,330,30,123,-11,0,1,-1
04,14,360,10,130,-26,0,7,6
04,14,70,80,150,22,0,5,2
04,14,20,50,109,-41,0,1,4
04,14,220,30,122,4,0,7,-13
04,14,230,50,56,38,6,7,-19
04,14,230,70,84,31,0,7,-8
04,14,280,50,111,40,0,4,-1
04,14,200,100,138,50,-1,4,-19
04,14,150,40,136,15,0,3,-1
04,14,200,80,126,45,-1,7,0
04,14,170,60,141,61,0,7,2
04,14,220,50,159,70,0,6,7
04,14,180,50,177,98,0,7,0
04,14,200,60,174,65,0,7,-1
04,14,220,50,172,131,-1,8,-1
04,14,300,30,120,108,2,8,3
04,14,990,10,155,63,0,7,1
04,14,190,60,201,85,0,7,-1
04,14,240,50,203,119,0,7,-46
04,14,20,40,183,128,0,7,1
04,14,360,50,222,139,0,6,-4
04,14,260,20,122,97,0,8,4
04,14,20,30,155,117,0,8,1
04,14,220,40,166,99,0,7,2
04,14,170,70,226,62,0,2,-3
04,14,240,50,149,50,0,5,-7
04,14,230,60,107,71,38,4,-22
04,14,210,80,105,24,0,8,-1
04,14,230,40,123,96,2,7,5
04,14,280,30,108,43,0,6,10
04,14,310,60,90,42,0,7,-1
04,14,180,30,98,91,-1,8,4
04,14,280,60,113,57,3,6,-13
04,14,10,70,116,61,0,5,-3
04,14,310,70,77,36,-1,7,0
04,14,340,50,90,-50,0,5,-13
04,14,250,40,51,-46,0,8,-21
04,14,310,80,95,58,0,6,2
04,14,330,60,88,61,-1,8,-15
04,14,280,50,89,16,0,7,-10
04,14,320,80,89,14,-1,4,-22
04,14,280,50,68,29,-1,6,-15
04,14,120,20,67,11,-1,7,-11
04,14,20,40,106,10,0,3,-1
04,14,130,20,112,-4,0,7,0
04,14,280,10,130,-8,0,7,-5
04,14,170,70,127,56,-1,8,-5
04,14,220,50,148,53,0,5,11
04,14,270,60,145,63,0,4,-1
04,14,220,40,121,78,0,8,1
04,14,240,70,142,70,-1,6,-2
04,14,150,60,158,52,0,4,-4
04,14,10,50,162,107,0,6,12
04,14,200,30,173,73,0,,7
04,14,120,50,215,39,0,6,-3
04,14,100,90,201,51,0,1,3
04,14,90,70,188,39,0,5,5
04,14,70,80,154,-15,0,0,-2
04,14,60,80,106,-37,0,,3
04,14,80,50,132,-11,0,,1
04,14,70,60,137,-25,0,0,0
04,14,330,50,114,36,0,7,-5
04,14,60,80,118,-4,0,5,-9
04,14,60,50,119,7,0,5,2
04,14,10,70,138,35,0,5,-8
04,14,360,60,94,11,0,,3
04,14,290,50,95,29,0,,6
04,14,310,40,75,45,0,8,0
04,14,330,40,100,72,-1,8,-3
04,14,330,20,114,49,0,7,4
04,14,270,30,113,73,-1,8,10
04,14,280,40,105,54,2,6,20
04,14,990,10,131,45,0,,-1
04,14,130,20,175,50,0,,2
04,14,260,30,203,47,0,3,-6
04,14,280,70,183,88,0,7,-2
04,14,260,40,211,125,0,4,-5
04,14,280,60,150,99,0,7,5
04,14,210,80,98,72,-1,8,-14
04,14,290,100,92,36,0,,0
04,14,220,70,136,94,2,,2
04,14,250,90,133,40,0,5,-5
04,14,200,100,126,69,0,,5
04,14,230,60,131,38,0,5,-28
04,14,320,100,85,29,0,6,-6
04,14,10,80,72,1,0,7,1
04,14,250,40,94,46,0,8,1
04,14,340,70,106,49,0,7,-9
04,14,20,60,94,-10,0,6,2
04,14,60,60,67,-107,0,0,2
04,14,30,60,61,-62,0,5,4
04,14,40,30,58,-76,0,7,6
04,14,30,30,52,-30,0,7,6
04,14,220,30,94,-12,0,8,-3
04,14,990,10,151,-5,0,4,-1
04,14,120,70,185,23,0,2,2
04,14,100,80,218,4,0,1,-2
04,14,140,50,244,26,0,1,3
04,14,80,70,245,25,0,1,-6
04,14,70,80,224,-9,0,1,0
04,14,50,90,181,11,0,1,-2
04,14,70,70,90,34,0,8,6
04,14,130,50,167,50,0,7,4
04,14,160,30,234,71,0,2,-3
04,14,10,50,165,48,0,3,-2
04,14,30,40,178,53,0,1,-7
04,14,100,30,221,52,0,6,-2
04,14,170,40,198,108,-1,8,-11
04,14,300,50,119,115,92,8,-3
04,14,250,40,130,103,1,7,4
04,14,190,80,232,107,0,3,-4
04,14,230,50,183,71,0,4,1
04,14,280,50,127,96,1,8,0
04,14,140,50,197,60,0,7,-5
04,14,170,30,154,86,1,8,0
04,14,200,60,122,102,1,7,12
04,14,270,70,127,40,0,3,-1
04,14,270,60,101,34,0,5,3
04,14,300,90,79,24,0,6,3
04,14,320,60,86,48,1,4,11
04,14,310,50,76,47,12,7,-1
04,14,360,40,83,31,0,8,3
04,14,10,70,80,44,0,8,3
04,14,30,20,85,21,0,8,-4
04,14,20,40,130,46,0,0,1
04,14,350,30,120,69,0,8,-2
04,14,100,20,153,42,0,4,1
04,14,220,50,182,36,0,2,1
04,14,120,40,195,38,0,5,-1
04,14,280,40,199,79,0,1,-9
04,14,180,90,110,70,1,8,-9
04,14,220,50,109,26,0,5,4
04,14,210,40,151,31,0,6,2
04,14,170,60,176,110,0,5,7
04,14,300,50,186,106,0,7,-11
04,14,20,70,165,30,0,3,2
04,14,300,30,139,55,-1,8,8
04,14,70,40,180,39,0,1,2
04,14,140,40,198,25,0,0,8
04,14,90,50,211,79,0,3,1
04,14,120,50,169,126,1,8,-23
04,14,190,60,173,94,0,6,-7
04,14,90,30,229,124,0,4,3
04,14,110,40,175,67,0,0,-1
04,14,130,40,168,15,0,0,-1
04,14,220,30,211,80,0,4,3
04,14,220,50,186,77,0,8,-9
04,14,270,50,127,8,0,4,-1
04,14,220,70,135,46,0,8,-10
04,14,260,70,65,52,30,8,19
04,14,300,70,86,46,0,7,6
04,14,280,50,41,30,7,8,2
04,14,290,70,104,60,0,8,0
04,14,350,30,165,62,0,6,0
04,14,280,30,155,50,0,7,-6
04,14,200,50,116,108,10,8,5
04,14,200,70,164,59,0,6,0
04,14,210,100,140,71,0,7,-39
04,14,360,50,83,69,0,8,1
04,14,270,50,127,103,0,7,-4
04,14,230,40,123,112,17,8,8
04,14,360,20,93,74,14,8,-4
04,14,30,30,112,84,0,6,1
04,14,60,30,138,-5,0,0,1
04,14,130,30,160,-4,0,0,6
04,14,100,30,192,9,0,0,-5
04,14,80,60,185,79,0,6,3
04,14,80,50,174,90,0,7,0
04,14,200,40,148,94,-1,8,11
04,14,300,80,148,55,-1,4,-5
04,14,180,50,178,74,0,8,1
04,14,260,30,158,125,0,8,2
04,14,190,20,204,135,0,2,-1
04,14,270,90,146,44,0,3,-7
04,14,260,70,132,40,0,4,-10
04,14,280,50,102,42,0,8,6
04,14,300,50,73,32,2,7,-3
04,14,350,50,78,-21,0,6,-2
04,14,270,70,108,-21,0,5,5
04,14,230,40,109,28,0,7,-14
04,14,250,30,71,51,5,8,13
04,14,300,60,95,19,0,2,5
04,14,10,60,96,0,0,5,8
04,14,230,60,93,-8,0,8,1
04,14,290,70,98,38,0,6,1
04,14,260,70,126,92,0,8,-5
04,14,290,70,115,53,0,5,2
04,14,110,40,126,91,0,8,9
04,14,280,70,142,95,0,8,-6
04,14,260,60,128,39,0,8,3
04,14,280,60,142,46,0,7,-9
04,14,230,40,146,66,-1,8,8
04,14,200,50,163,51,0,6,5
04,14,350,30,183,50,0,5,2
04,14,330,40,95,51,0,8,-7
04,14,280,20,154,68,0,8,1
04,14,100,40,180,80,0,7,12
04,14,300,60,175,114,0,0,-1
04,14,280,40,159,87,0,5,-4
04,14,10,40,152,67,0,8,4
04,14,340,80,106,26,0,3,-8
04,14,80,40,65,34,-1,7,4
04,14,190,30,80,42,-1,2,11
04,14,70,80,175,8,0,0,-2
04,14,100,40,189,26,0,2,-7
04,14,10,70,85,27,0,8,9
04,14,40,60,123,10,0,0,-1
04,14,10,20,144,64,0,1,5
04,14,280,40,173,79,0,0,-3
04,14,30,40,132,40,0,3,-11
04,14,270,20,155,49,0,0,1
04,14,290,60,153,51,0,2,0
04,14,290,50,153,87,0,8,-2
04,14,40,40,160,78,0,8,-6
04,14,70,50,207,102,0,0,-5
04,14,70,60,243,100,0,0,-3
04,14,90,30,265,103,0,0,3
04,14,110,20,290,41,0,0,-3
04,14,20,40,274,44,0,0,-3
04,14,340,50,140,20,0,7,6
04,14,10,20,143,22,0,7,-5
04,14,260,60,170,40,0,0,1
04,14,20,50,137,20,0,3,1
04,14,60,40,149,8,0,0,5
04,14,290,20,207,16,0,0,6
04,14,280,50,229,77,0,8,-1
04,14,10,10,227,96,0,7,-1
04,14,990,10,269,89,0,8,-7
04,14,110,40,281,83,0,1,-1
04,14,100,50,270,58,0,0,2
04,14,90,40,273,68,0,0,-3
04,14,80,60,231,63,0,0,-2
04,14,80,70,208,-14,0,0,-1
04,14,230,40,87,78,13,8,21
04,14,300,70,99,60,0,8,2
04,14,340,50,103,48,0,7,-1
04,14,250,30,122,71,0,8,-1
04,14,310,40,105,39,0,5,-27
04,14,350,30,72,-26,0,7,8
04,14,180,30,62,18,-1,6,-4
04,14,200,20,106,-33,0,6,-10
04,14,30,30,113,-8,0,4,0
04,14,40,30,124,0,0,6,0
04,14,260,30,128,-7,0,6,-1
04,14,280,40,122,50,2,6,-32
04,14,210,20,122,50,0,3,9
04,14,350,40,119,44,-1,7,-32
04,14,310,60,109,-3,0,4,-4
04,14,30,50,105,-7,0,8,-4
04,14,80,60,107,-16,0,2,4
04,14,80,70,126,28,0,8,1
04,14,100,50,125,58,0,7,-8
04,14,110,50,177,84,0,5,6
04,14,70,70,178,72,0,0,-1
04,14,70,60,168,70,0,4,2
04,14,270,30,155,106,0,7,-3
04,14,220,40,164,65,0,6,-28
04,14,290,50,146,72,0,7,4
04,14,220,30,202,67,0,1,1
04,14,170,60,214,68,0,5,7
04,14,260,20,126,69,0,8,7
04,14,190,50,125,94,2,7,-21
04,14,170,80,131,61,0,8,8
04,14,50,80,153,55,0,1,-3
04,14,70,60,185,77,0,0,1
04,14,140,20,218,92,0,0,4
04,14,260,40,124,77,0,7,-4
04,14,100,20,156,41,0,1,2
04,14,120,40,195,77,0,6,-7
04,14,250,20,120,74,-1,8,2
04,14,210,80,102,88,-1,8,8
04,14,190,50,157,111,0,8,14
04,14,140,50,229,94,0,7,12
04,14,200,40,200,86,-1,7,5
04,14,340,20,179,117,0,6,4
04,14,330,30,187,91,0,0,-5
04,14,50,40,200,71,0,0,4
04,14,100,50,246,76,0,0,-8
04,14,300,50,173,101,0,8,-7
04,14,240,30,134,115,0,8,-1
04,14,40,50,174,40,0,0,5
04,14,140,40,160,75,0,6,-2
04,14,20,40,186,85,0,7,4
04,14,360,40,189,66,0,0,-1
04,14,310,60,156,8,0,1,-6
04,14,50,30,140,54,0,2,11
04,14,130,60,183,29,0,0,5
04,14,230,70,158,60,0,8,-1
04,14,250,20,156,110,0,7,6
04,14,210,70,162,75,0,3,-8
04,14,200,20,109,80,-1,8,-13
04,14,20,30,162,66,0,8,-1
04,14,200,20,198,59,0,1,-8
04,14,260,80,88,-12,0,7,-4
04,14,190,90,121,2,0,7,-3
04,14,180,60,120,65,0,5,-11
04,14,290,80,86,58,-1,8,-5
04,14,240,50,109,30,0,8,3
04,14,170,50,172,19,0,0,3
04,14,240,10,187,54,0,8,-10
04,14,360,50,128,57,0,4,2
04,14,360,60,150,64,0,7,6
04,14,20,60,135,41,0,4,-15
04,14,60,70,93,26,0,8,-7
04,14,60,80,153,16,0,5,-5
04,14,20,80,160,25,0,0,-9
04,14,60,40,157,21,0,5,-2
04,14,30,60,154,-2,0,0,6
04,14,30,60,119,28,0,8,2
04,14,30,30,152,6,0,0,2
04,14,350,40,186,15,0,0,-8
04,14,10,30,133,11,0,0,7
04,14,300,100,120,1,0,0,-4
04,14,310,40,96,-22,0,6,0
04,14,40,30,106,0,0,8,7
04,14,100,20,148,-13,0,0,5
04,14,160,30,200,-42,0,2,2
04,14,260,30,236,10,0,8,-6
04,14,280,40,156,80,-1,8,14
04,14,300,30,188,41,0,0,2
04,14,210,30,235,45,0,2,2
04,14,240,40,252,45,0,7,-2
04,14,270,40,131,84,0,7,8
04,14,230,50,161,117,0,8,3
04,14,190,60,233,106,0,2,5
04,14,280,40,149,91,0,4,-7
04,14,260,50,143,42,0,4,-11
04,14,250,70,117,35,0,8,-12
04,14,280,50,214,96,0,4,-2
04,14,360,80,149,95,0,8,11
04,14,280,50,173,73,0,0,-5
04,14,10,40,159,63,0,0,7
04,14,30,40,198,55,0,0,-1
04,14,270,50,200,51,0,1,-9
04,14,300,100,108,15,0,7,-11
04,14,300,60,123,8,0,5,-1
04,14,990,10,119,35,0,8,3
04,14,100,10,149,-1,0,8,2
04,14,50,20,160,6,0,5,4
04,14,70,30,181,22,0,3,-8
04,14,110,30,193,8,0,0,6
04,14,80,20,240,30,0,0,5
04,14,990,10,240,31,0,0,3
04,14,210,30,246,31,0,2,-3
04,14,110,60,268,44,0,7,-45
04,14,50,40,266,54,0,0,-1
04,14,60,30,266,57,0,0,-6
04,14,50,40,238,36,0,0,-1
04,14,60,50,214,53,0,3,5
04,14,340,60,148,79,0,7,4
04,14,70,40,168,102,0,6,6
04,14,70,80,226,102,0,2,3
04,14,70,90,216,84,0,0,-6
04,14,320,50,104,6,0,7,-7
04,14,230,20,132,34,0,8,-2
04,14,340,20,145,15,0,7,-5
04,14,50,30,99,80,0,7,-4
04,14,80,50,93,30,0,8,-4
04,14,320,40,103,-32,0,0,0
04,14,340,60,67,-26,0,7,5
04,14,210,40,95,8,0,7,3
04,14,230,40,104,88,5,8,-9
04,14,190,30,97,70,1,8,-6
04,14,270,50,81,48,4,8,7
04,14,300,70,113,45,0,7,-6
04,14,990,10,76,57,21,8,18
04,14,360,50,114,25,0,4,7
04,14,10,70,90,-6,0,8,-4
04,14,350,60,83,-6,0,7,7
04,14,210,70,89,2,-1,7,-9
04,14,180,90,121,28,-1,6,-16
04,14,180,80,126,35,0,6,-1
04,14,210,50,123,49,0,7,-53
04,14,250,60,80,26,3,7,16
04,14,210,80,94,39,-1,7,19
04,14,170,60,127,38,0,7,-4
04,14,290,30,125,45,2,7,-8
04,14,170,70,100,76,7,8,9
04,14,210,90,130,71,1,8,0
04,14,210,50,144,73,0,8,-13
04,14,360,40,149,126,0,7,-8
04,14,200,40,174,132,-1,8,12
04,14,60,30,224,60,0,7,-2
04,14,70,70,78,-71,0,0,-1
04,14,70,80,88,-92,0,0,-8
04,14,70,80,63,-60,0,4,6
04,14,60,60,52,-30,0,8,-1
04,14,50,60,58,-17,0,8,1
04,14,50,60,83,-54,0,2,2
04,14,340,20,95,-50,0,2,1
04,14,110,60,100,-55,0,7,1
04,14,150,40,80,55,2,8,1
04,14,270,40,80,43,0,7,0
04,14,240,70,121,69,0,8,-2
04,14,220,40,115,88,22,7,16
04,14,220,50,151,29,0,6,-2
04,14,150,70,212,85,0,8,8
04,14,280,20,158,113,0,6,4
04,14,220,50,163,83,0,7,-7
04,14,200,60,214,81,0,0,0
04,14,240,90,154,20,0,2,-8
04,14,310,50,109,54,0,8,1
04,14,40,70,119,-18,0,0,9
04,14,260,20,136,2,0,8,10
04,14,220,40,148,18,0,2,2
04,14,270,40,147,85,0,8,18
04,14,250,40,208,105,0,6,4
04,14,250,40,236,97,0,3,2
04,14,350,50,72,55,4,8,2
04,14,10,60,112,-2,0,2,-3
04,14,250,20,127,-6,0,5,0
04,14,250,40,111,48,0,7,0
04,14,10,60,143,33,0,2,-3
04,14,290,20,201,88,0,1,-2
04,14,990,10,213,78,0,2,-3
04,14,220,40,215,71,0,3,-5
04,14,280,30,145,99,0,8,-3
04,14,250,30,163,79,0,2,12
04,14,220,50,178,114,0,8,3
04,14,190,70,218,107,0,5,-4
04,14,290,70,91,37,-1,6,23
04,14,280,60,135,49,0,2,7
04,14,220,10,159,70,0,8,2
04,14,10,40,145,52,0,8,10
04,14,280,40,145,47,0,7,-4
04,14,280,70,126,34,0,5,1
04,14,310,110,125,23,0,4,-27
04,14,360,50,101,9,0,8,3
04,14,120,30,149,2,0,0,3
04,14,240,50,178,-3,0,7,-6
04,14,340,70,110,46,-1,8,7
04,14,60,60,160,37,0,0,3
04,14,120,60,208,83,0,8,-2
04,14,50,50,139,96,0,8,11
04,14,190,40,178,68,0,5,0
04,14,990,10,197,72,0,7,0
04,14,360,40,201,112,0,1,-3
04,14,130,50,243,98,0,0,-10
04,14,200,50,187,76,0,6,-3
04,14,150,30,173,35,0,7,-1
04,14,90,10,166,87,0,8,5
04,14,270,20,135,123,-1,8,-6
04,14,300,40,154,108,0,7,-3
04,14,280,100,91,11,0,7,9
04,14,330,60,86,-7,0,5,-4
04,14,170,30,91,2,0,8,0
04,14,10,60,91,9,0,4,-14
04,14,60,10,110,-6,0,2,0
04,14,990,10,103,51,0,8,8
04,14,310,30,122,39,0,6,2
04,14,80,30,127,68,0,2,2
04,14,250,40,180,50,0,0,3
04,14,990,10,211,26,0,1,0
04,14,240,50,131,72,-1,8,-20
04,14,230,60,150,26,0,0,12
04,14,310,30,123,8,0,4,6
04,14,250,60,212,72,0,0,2
04,14,280,60,233,73,0,0,4
04,14,60,40,161,33,0,0,-5
04,14,30,70,127,27,0,4,10
04,14,60,70,148,8,0,1,-2
04,14,50,20,136,20,0,5,8
04,14,40,60,182,44,0,0,2
04,14,360,60,185,18,0,0,-13
04,14,10,70,127,58,0,7,5
04,14,30,30,136,60,0,0,4
04,14,240,40,213,56,0,3,6
04,14,240,20,143,127,5,8,12
04,14,290,30,146,103,0,8,-6
04,14,40,70,127,3,0,4,-5
04,14,280,90,102,-18,0,4,-3
04,14,220,60,145,8,0,7,-9
04,14,270,50,137,16,-1,7,-1
04,14,110,30,120,19,0,7,2
04,14,170,20,129,58,0,8,4
04,14,200,40,206,77,0,3,-9
04,14,190,60,153,67,0,3,9
04,14,250,50,128,69,0,8,1
04,14,210,90,114,57,-1,8,-1
04,14,200,60,83,38,-1,8,-5
04,14,240,30,123,20,0,3,-7
04,14,180,60,151,8,0,6,5
04,14,120,40,139,55,0,1,8
04,14,100,70,196,63,0,3,-1
04,14,210,30,167,39,0,4,-2
04,14,170,30,147,55,0,7,7
04,14,150,40,162,41,0,5,4
04,14,290,50,127,90,0,7,5
04,14,280,70,103,32,0,6,-9
04,14,280,30,104,29,-1,5,-21
04,14,270,70,138,10,0,3,-12
04,14,340,50,135,28,0,7,-12
04,14,70,40,141,21,0,0,-1
04,14,50,50,182,53,0,3,-4
04,14,20,50,126,48,0,8,-4
04,14,340,80,102,-28,0,6,-16
04,14,320,80,74,-6,3,4,15
04,14,230,40,82,60,7,8,-11
04,14,300,90,65,27,7,7,16
04,14,310,90,79,27,0,6,7
04,14,210,50,80,35,-1,5,-16
04,14,210,70,102,46,-1,8,-19
04,14,10,50,112,27,0,8,2
04,14,250,20,146,85,0,8,-26
04,14,290,50,162,70,0,2,-2
04,14,990,10,139,78,0,0,8
04,14,350,40,152,57,0,7,-4
04,14,320,70,119,38,0,7,-11
04,14,360,40,109,27,0,7,-1
04,14,290,40,135,77,0,8,-4
04,14,350,20,145,39,0,0,6
04,14,210,20,222,60,0,0,1
04,14,330,50,131,26,0,7,-12
04,14,290,70,145,48,0,3,-3
04,14,270,70,113,57,0,8,-12
04,14,290,70,116,40,0,7,4
04,14,250,30,112,37,0,8,1
04,14,300,90,119,29,0,8,-3
04,14,290,70,102,14,0,7,11
04,14,330,60,117,5,0,4,-11
04,14,360,60,85,20,-1,8,12
04,14,30,50,81,-36,0,7,13
04,14,230,20,120,-36,0,3,5
04,14,290,70,142,71,0,8,-11
04,14,330,60,109,15,1,8,-5
04,14,340,40,87,18,-1,8,20
04,14,270,60,139,41,0,8,-9
04,14,300,80,88,-20,0,6,-1
04,14,280,40,89,8,-1,6,14
04,14,300,50,114,5,0,7,-20
04,14,300,60,119,22,0,8,-7
04,14,120,20,126,23,0,8,0
04,14,100,90,187,16,0,8,2
04,14,310,40,70,43,0,8,-2
04,14,150,50,133,55,-1,8,3
04,14,180,70,167,82,0,7,-6
04,14,180,50,140,97,6,8,-35
04,14,290,70,88,23,0,4,-9
04,14,120,70,151,13,0,2,2
04,14,190,60,221,87,0,4,1
04,14,230,20,228,92,0,8,4
04,14,10,40,179,104,0,8,-18
04,14,100,30,196,75,0,8,1
04,14,90,20,122,118,0,8,6
04,14,20,40,136,107,-1,8,3
04,14,240,30,148,92,0,8,0
04,14,990,10,170,84,0,7,-3
04,14,190,50,174,102,-1,8,3
04,14,260,30,156,76,0,7,-3
04,14,180,60,201,74,0,6,5
04,14,130,30,245,72,0,0,5
04,14,140,50,285,86,0,7,3
04,14,290,60,262,127,0,1,-5
04,14,20,40,224,103,0,8,6
04,14,200,60,269,121,0,1,-12
04,14,280,60,162,73,0,7,3
04,14,210,50,152,94,0,8,1
04,14,280,80,142,43,0,6,1
04,14,270,80,140,12,0,5,-12
04,14,90,30,162,41,0,8,-7
04,14,240,30,144,88,-1,8,7
04,14,30,60,121,99,0,8,3
04,14,200,80,118,58,0,8,-4
04,14,90,40,155,26,0,0,2
04,14,190,70,160,88,0,2,10
04,14,210,40,88,32,-1,8,-11
04,14,120,40,104,16,0,7,-2
04,14,80,50,132,7,0,8,4
04,14,130,20,145,47,0,8,7
04,14,70,60,215,57,0,6,-4
04,14,990,10,197,82,0,1,-13
04,14,60,50,145,53,0,8,2
04,14,50,70,125,-10,0,0,-3
04,14,30,50,115,-14,0,1,-13
04,14,60,50,87,-26,0,8,-9
04,14,10,40,73,-41,0,8,-14
04,14,70,60,106,-24,0,4,5
04,14,120,60,166,46,0,1,3
04,14,120,50,197,29,0,8,-5
04,14,90,40,137,101,0,8,14
04,14,110,60,219,47,0,0,2
04,14,70,50,243,38,0,0,-2
04,14,20,60,244,32,0,0,-3
04,14,70,40,248,33,0,0,0
04,14,110,70,256,0,0,1,1
04,14,90,70,209,66,0,8,5
04,14,190,90,236,73,0,8,-5
04,14,180,60,135,116,12,8,-1
04,14,240,40,161,59,0,8,12
04,14,240,60,119,45,0,7,0
04,14,240,30,116,64,0,5,6
04,14,360,30,160,55,0,5,0
04,14,360,40,131,86,0,8,-3
04,14,350,30,96,-11,0,1,1
04,14,260,50,105,8,0,8,-4
04,14,300,60,105,-6,0,7,-3
04,14,190,30,153,-2,0,1,3
04,14,120,60,213,5,0,0,5
04,14,210,60,224,28,0,1,-1
04,14,70,50,206,57,0,2,-4
04,14,990,10,247,40,0,2,0
04,14,40,40,204,59,0,0,6
04,14,50,50,198,55,0,7,0
04,14,80,20,218,9,0,1,1
04,14,260,40,235,62,0,2,-6
04,14,10,70,105,-19,0,1,1
04,14,350,40,94,-1,0,8,7
04,14,180,20,173,2,0,6,1
04,14,190,20,237,0,0,8,-7
04,14,50,50,188,52,0,1,7
04,14,250,30,137,97,0,8,4
04,14,60,70,187,20,0,0,4
04,14,70,100,187,-36,0,0,6
04,14,70,100,201,-6,0,0,3
04,14,70,90,217,-5,0,0,5
04,14,90,30,233,1,0,7,0
04,14,320,50,193,17,0,8,-1
04,14,330,30,138,32,0,1,3
04,14,340,30,166,31,0,0,8
04,14,250,30,222,25,0,1,-2
04,14,80,20,124,112,5,8,0
04,14,210,40,161,82,0,7,9
04,14,180,70,171,33,0,4,-4
04,14,230,93,155,83,0,7,4
04,14,210,77,160,72,0,1,5
04,14,210,57,136,42,0,5,-18
04,14,190,98,125,12,0,6,-5
04,14,220,57,74,57,4,7,30
04,14,210,67,134,29,0,3,1
04,14,250,67,101,75,3,4,24
04,14,260,72,128,64,0,7,2
04,14,280,36,155,39,0,2,-9
04,14,140,31,180,56,0,3,0
04,14,150,51,214,69,0,7,1
04,14,100,57,215,50,0,1,1
04,14,50,46,208,64,0,1,-2
04,14,40,57,198,47,0,3,-4
04,14,60,21,197,50,0,1,0
04,14,330,82,86,15,0,7,-15
04,14,50,41,49,36,12,7,-5
04,14,290,57,40,19,2,7,-2
04,14,30,51,70,-32,0,7,3
04,14,10,36,74,-43,0,4,1
04,14,220,57,79,-24,-1,6,5
04,14,300,77,72,25,1,5,0
04,14,330,62,60,50,2,8,6
04,14,120,31,98,29,-1,3,9
04,14,90,57,130,4,0,2,-2
04,14,50,51,136,19,0,2,2
04,14,30,15,134,14,0,3,3
04,14,320,31,112,9,0,5,7
04,14,320,21,114,14,0,7,-1
04,14,70,36,80,69,11,8,-1
04,14,220,51,105,26,-1,7,8
04,14,170,36,90,50,0,6,4
04,14,310,41,88,40,-1,4,2
04,14,300,31,83,8,0,6,4
04,14,270,31,91,-19,0,7,-5
04,14,200,57,106,14,0,6,2
04,14,160,51,135,21,0,6,4
04,14,50,51,155,20,0,5,-2
04,14,20,51,151,23,0,0,-4
04,14,40,36,158,33,0,1,0
04,14,240,15,180,46,0,4,-5
04,14,230,72,129,71,0,7,0
04,14,210,51,69,49,19,6,18
04,14,180,72,127,23,0,7,3
04,14,290,98,67,50,-1,7,-7
04,14,320,82,62,-24,-1,6,11
04,14,220,46,66,51,4,8,1
04,14,250,41,138,106,0,8,0
04,14,290,57,122,21,0,1,2
04,14,340,10,121,5,0,5,4
04,14,160,31,157,32,0,6,7
04,14,250,46,141,33,0,7,-1
04,14,210,41,125,91,0,7,-15
04,14,200,72,152,87,0,7,4
04,14,210,62,143,83,0,7,4
04,14,190,62,133,117,6,8,-4
04,14,210,87,144,52,-1,3,-1
04,14,140,36,107,96,4,8,5
04,14,270,36,95,51,1,7,-17
04,14,200,51,135,30,0,7,-1
04,14,210,41,113,97,3,7,2
04,14,330,41,96,36,0,7,7
04,14,240,21,124,-8,0,2,1
04,14,290,51,61,51,4,8,0
04,14,180,103,80,66,11,8,-3
04,14,240,77,104,82,2,7,5
04,14,320,41,77,55,-1,8,0
04,14,60,36,101,27,0,7,4
04,14,130,77,131,26,0,8,6
04,14,50,10,130,52,0,1,7
04,14,120,26,117,93,0,7,1
04,14,80,10,136,72,0,7,-15
04,14,20,26,126,71,0,6,-14
04,14,320,41,107,81,-1,7,9
04,14,330,26,140,86,0,4,-7
04,14,300,26,149,77,0,2,-5
04,14,230,72,112,96,0,8,-6
04,14,240,93,121,115,2,8,4
04,14,270,41,132,107,0,8,5
04,14,200,51,218,106,0,1,1
04,14,240,41,212,121,-1,6,-5
04,14,210,72,190,100,0,7,-3
04,14,170,57,182,93,0,6,7
04,14,210,51,224,92,0,5,-8
04,14,120,10,193,86,0,7,-2
04,14,230,51,212,71,0,2,6
04,14,40,87,243,83,0,3,0
04,14,70,103,270,28,0,1,-1
04,14,110,51,267,26,0,1,0
04,14,140,57,272,30,0,1,1
04,14,240,118,89,62,3,6,-10
04,14,270,31,61,29,-1,6,13
04,14,230,57,80,33,0,6,-2
04,14,280,77,91,65,1,7,-1
04,14,250,62,57,40,-1,7,11
04,14,210,41,94,48,-1,5,-22
04,14,160,41,95,19,0,7,2
04,14,230,51,79,64,2,7,6
04,14,310,57,32,26,2,8,-12
04,14,60,31,83,-2,0,5,8
04,14,60,62,126,64,0,6,1
04,14,10,51,102,78,-1,8,5
04,14,330,113,113,26,0,7,-9
04,14,270,62,90,19,0,3,-4
04,14,160,26,80,38,0,8,7
04,14,40,87,145,27,0,3,-3
04,14,10,98,77,36,0,7,9
04,14,350,46,101,2,0,3,-2
04,14,30,21,100,9,0,5,0
04,14,210,21,139,25,0,6,0
04,14,270,46,139,50,0,7,-1
04,14,200,31,184,49,0,4,2
04,14,190,67,215,62,0,7,-9
04,14,120,41,153,101,-1,7,-31
04,14,300,36,132,79,0,7,2
04,14,200,41,145,115,-1,8,-2
04,14,220,31,158,138,-1,8,3
04,14,280,31,186,124,0,6,1
04,14,280,21,225,106,0,2,5
04,14,310,51,197,125,0,4,-3
04,14,270,46,128,112,0,8,1
04,14,250,93,177,98,0,0,2
04,14,280,46,130,79,0,4,5
04,14,340,51,135,64,0,5,1
04,14,250,31,153,63,0,6,-4
04,14,260,57,123,91,0,7,4
04,14,300,72,125,90,0,8,-2
04,14,310,87,94,8,0,6,-11
04,14,310,41,92,-7,0,7,-1
04,14,260,31,98,90,-1,8,-1
04,14,290,26,143,83,0,4,7
04,14,360,67,143,54,0,4,-21
04,14,40,51,124,39,0,7,2
04,14,50,21,110,69,0,7,0
04,14,320,72,107,66,-1,7,-14
04,14,310,57,93,37,-1,7,-4
04,14,260,51,80,76,5,8,-4
04,14,280,51,78,64,-1,8,1
04,14,350,10,86,-18,0,7,-12
04,14,170,46,109,-18,0,3,-3
04,14,60,62,121,26,0,8,-3
04,14,230,46,132,96,0,7,10
04,14,30,57,152,80,-1,8,-12
04,14,40,31,228,136,0,7,21
04,14,30,67,215,115,0,3,1
04,14,50,51,193,98,0,5,-17
04,14,340,46,91,75,-1,8,4
04,14,80,41,107,18,0,2,-1
04,14,990,5,161,76,0,7,0
04,14,320,26,110,101,-1,8,4
04,14,30,51,49,-63,0,2,8
04,14,40,36,52,-36,-1,4,3
04,14,30,62,72,-39,0,2,5
04,14,80,62,95,-28,0,6,-5
04,14,50,62,124,23,0,4,3
04,14,150,36,153,28,0,3,3
04,14,290,46,124,51,0,7,-13
04,14,270,21,96,48,0,8,8
04,14,300,10,147,60,0,7,0
04,14,110,21,159,55,0,7,0
04,14,360,26,96,93,-1,8,6
04,14,50,62,71,-59,0,5,7
04,14,70,41,99,-3,0,4,8
04,14,110,21,130,-6,0,2,0
04,14,180,26,163,-17,0,3,3
04,14,200,36,190,-9,0,5,-2
04,14,180,36,205,-32,0,7,-7
04,14,220,46,173,46,0,5,-4
04,14,190,46,209,57,0,6,2
04,14,200,62,255,2,0,7,-11
04,14,190,62,249,4,0,2,5
04,14,190,57,248,45,0,6,10
04,14,220,82,179,87,0,5,18
04,14,260,41,157,50,0,4,-13
04,14,230,51,153,44,0,5,1
04,14,300,41,174,83,0,5,-7
04,14,350,21,197,81,0,7,5
04,14,330,57,162,55,0,5,-2
04,14,300,21,117,19,0,3,2
04,14,990,15,153,3,0,6,-3
04,14,280,40,171,44,0,0,4
04,14,60,10,155,45,0,5,-8
04,14,290,80,106,54,-1,7,-16
04,14,310,70,91,-22,0,4,-20
04,14,270,80,96,87,16,8,3
04,14,360,50,92,-18,0,4,-8
04,14,40,20,100,-51,0,2,5
04,14,100,30,141,-41,0,4,-2
04,14,310,20,175,-27,0,7,3
04,14,300,30,170,56,0,7,1
04,14,340,80,81,-9,0,6,1
04,14,350,80,88,5,-1,7,-3
04,14,330,20,112,-3,0,4,6
04,14,330,60,102,86,3,8,2
04,14,340,70,101,-1,0,6,-3
04,14,310,40,97,34,0,3,-12
04,14,40,40,130,-33,0,1,5
04,14,330,30,84,52,0,8,0
04,14,360,50,76,-14,0,7,-5
04,14,20,60,88,-82,0,3,6
04,14,360,30,114,-60,0,2,-2
04,14,330,50,94,-13,0,7,5
04,14,240,30,128,-15,0,2,-1
04,14,240,80,157,14,0,7,3
04,14,10,20,156,49,0,8,-2
04,14,120,20,139,89,0,7,-2
04,14,300,30,143,116,0,7,-1
04,14,230,90,137,121,2,8,10
04,14,290,80,102,97,10,8,-1
04,14,350,30,148,81,0,6,1
04,14,240,20,139,114,0,8,-2
04,14,220,40,158,95,0,3,-2
04,14,200,60,123,84,1,7,1
04,14,210,110,136,87,0,5,-24
04,14,200,30,97,86,9,6,14
04,14,200,60,123,61,-1,6,-7
04,14,50,40,89,70,7,8,-6
04,14,990,10,105,44,-1,7,-19
04,14,180,20,122,56,-1,6,-4
04,14,150,30,107,59,0,8,-15
04,14,180,40,87,60,-1,7,19
04,14,300,60,84,28,-1,6,-1
04,14,320,70,36,29,5,7,20
04,14,220,60,78,5,-1,7,5
04,14,170,50,87,68,1,8,2
04,14,250,60,66,42,4,7,21
04,14,90,30,118,45,-1,7,-4
04,14,250,20,134,40,0,7,-5
04,14,190,30,122,49,0,6,-5
04,14,190,50,131,97,-1,6,-28
04,14,200,20,148,59,0,7,4
04,14,120,30,210,85,0,4,1
04,14,230,50,219,118,0,6,-6
04,14,230,90,154,100,0,6,1
04,14,180,60,138,130,1,8,10
04,14,160,20,125,75,0,8,4
04,14,20,20,108,76,13,8,-6
04,14,210,20,145,59,0,7,2
04,14,50,60,165,78,0,5,4
04,14,350,20,138,113,0,7,15
04,14,110,60,191,42,0,4,1
04,14,170,40,206,62,0,0,6
04,14,170,40,126,119,13,8,10
04,14,330,40,135,93,0,6,4
04,14,210,40,137,136,17,8,3
04,14,260,80,137,111,1,8,-3
04,14,310,70,113,66,0,7,-1
04,14,300,40,111,71,0,7,-1
04,14,260,40,146,107,0,8,4
04,14,230,60,132,99,0,7,-1
04,14,260,90,119,46,0,4,-3
04,14,250,70,106,68,6,6,-14
04,14,280,80,91,3,1,5,6
04,14,350,30,67,8,-1,7,-13
04,14,180,40,74,9,0,6,-4
04,14,170,30,97,1,0,6,-8
04,14,300,30,112,19,0,6,-26
04,14,310,50,89,17,0,7,15
04,14,990,10,102,13,-1,7,-6
04,14,150,80,137,33,0,7,7
04,14,190,60,169,68,0,5,14
04,14,200,60,139,96,0,7,-44
04,14,160,50,160,57,0,7,5
04,14,190,50,133,89,0,7,0
04,14,110,30,160,62,0,5,3
04,14,70,70,211,94,0,6,3
04,14,60,70,173,104,0,4,-6
04,14,60,50,179,86,0,1,11
04,14,30,60,167,48,0,6,1
04,14,20,10,199,36,0,0,-2
04,14,200,20,84,36,1,8,4
04,14,160,50,149,50,0,7,-4
04,14,180,50,154,78,-1,8,-3
04,14,180,40,159,58,-1,5,15
04,14,20,70,72,-20,0,7,-2
04,14,60,60,100,-7,0,2,4
04,14,20,30,129,-8,0,1,-3
04,14,40,20,130,-18,0,7,5
04,14,70,60,156,17,0,6,-2
04,14,40,50,111,-27,0,1,4
04,14,210,60,117,-1,0,6,10
04,14,210,90,96,1,0,7,-1
04,14,210,90,76,44,0,7,-13
04,14,310,30,112,43,-1,5,0
04,14,190,90,115,50,1,7,12
04,14,140,40,137,7,0,3,6
04,14,190,90,145,49,0,6,-57
04,14,190,50,148,56,0,7,-2
04,14,220,60,162,78,0,5,-1
04,14,170,30,184,100,0,7,-1
04,14,240,60,184,68,0,6,1
04,14,250,50,192,121,0,7,-12
04,14,320,30,129,112,-1,8,0
04,14,270,10,160,70,0,6,-2
04,14,190,50,205,76,0,5,3
04,14,220,60,227,123,0,6,-25
04,14,20,40,197,134,0,7,-1
04,14,320,40,227,127,0,4,-3
04,14,260,20,124,102,-1,8,-3
04,14,60,20,161,118,0,8,-4
04,14,220,50,172,87,0,6,2
04,14,170,70,230,45,0,2,-4
04,14,220,50,137,57,0,7,2
04,14,240,100,114,63,-1,5,9
04,14,210,90,109,18,0,7,-4
04,14,230,50,131,95,-1,7,-1
04,14,220,70,123,19,0,5,4
04,14,300,50,91,48,0,7,1
04,14,170,40,97,83,1,8,2
04,14,280,50,128,76,-1,6,-29
04,14,360,50,99,67,0,7,5
04,14,310,80,87,19,-1,7,2
04,14,360,60,84,-33,0,5,-6
04,14,250,50,58,-66,0,8,-8
04,14,300,50,93,64,3,7,2
04,14,330,70,94,77,5,6,-13
04,14,260,50,81,13,0,7,1
04,14,330,70,67,30,4,5,3
04,14,280,60,73,14,0,6,-3
04,14,160,20,80,18,0,4,4
04,14,350,40,113,12,0,4,-5
04,14,90,10,110,-6,0,6,1
04,14,330,10,126,-7,0,8,2
04,14,160,60,137,48,-1,7,-13
04,14,210,70,137,58,-1,6,15
04,14,250,40,118,80,1,6,22
04,14,240,40,120,77,0,7,-1
04,14,270,70,138,79,0,6,7
04,14,200,60,171,51,0,6,-1
04,14,100,20,197,102,0,6,3
04,14,170,30,178,65,0,4,1
04,14,110,60,208,28,0,4,3
04,14,110,60,204,42,0,1,3
04,14,80,50,184,32,0,5,2
04,14,80,70,154,-31,0,0,-1
04,14,60,80,104,-36,0,0,2
04,14,60,50,128,-48,0,0,5
04,14,60,70,134,-36,0,0,1
04,14,340,50,117,-4,0,7,-5
04,14,60,90,113,-17,0,5,-5
04,14,80,40,124,12,0,5,2
04,14,10,80,132,31,0,4,0
04,14,350,60,99,19,0,7,-2
04,14,330,30,109,14,0,5,-6
04,14,290,30,73,48,0,7,-4
04,14,320,30,97,78,-1,8,-8
04,14,300,20,109,66,0,8,2
04,14,250,20,89,74,5,8,0
04,14,290,60,118,49,0,3,8
04,14,270,20,125,55,0,7,4
04,14,990,10,179,46,0,3,-1
04,14,240,30,206,48,0,5,1
04,14,290,40,190,92,0,5,-7
04,14,330,30,210,134,0,5,-6
04,14,260,40,143,105,0,7,7
04,14,220,100,97,73,0,7,-6
04,14,290,80,105,36,-1,7,-10
04,14,210,80,130,82,0,7,2
04,14,260,90,133,43,0,4,-1
04,14,200,90,130,66,0,8,11
04,14,230,110,141,31,0,8,-15
04,14,320,110,89,31,-1,5,-7
04,14,10,100,65,12,-1,6,4
04,14,260,50,95,31,0,7,4
04,14,340,80,118,37,0,4,-12
04,14,10,50,87,-34,0,2,14
04,14,360,40,65,-109,0,1,4
04,14,30,40,67,-95,0,2,-1
04,14,60,40,58,-75,0,7,1
04,14,340,50,65,-33,0,5,0
04,14,220,30,102,-19,0,6,-11
04,14,170,30,153,-16,0,4,2
04,14,110,40,181,22,0,3,5
04,14,110,70,212,-8,0,6,4
04,14,120,50,249,31,0,1,2
04,14,90,40,248,21,0,0,-3
04,14,100,60,222,-19,0,0,3
04,14,60,70,177,3,0,1,-3
04,14,60,50,91,31,0,7,2
04,14,120,30,160,56,0,,8
04,14,180,30,238,53,0,2,3
04,14,330,40,181,15,0,2,-8
04,14,350,30,181,56,0,0,1
04,14,150,20,232,45,0,7,-5
04,14,190,20,204,101,-1,8,-13
04,14,100,30,147,143,48,8,-28
04,14,240,100,162,91,-1,3,-19
04,14,210,80,240,109,0,6,3
04,14,250,60,179,71,0,5,6
04,14,270,40,133,112,4,8,-7
04,14,110,50,198,56,0,5,0
04,14,200,60,182,49,0,7,-13
04,14,210,60,131,89,-1,7,0
04,14,260,70,126,73,0,6,-1
04,14,260,50,102,47,2,4,-6
04,14,280,80,96,32,0,5,-8
04,14,300,60,78,50,-1,7,20
04,14,280,30,58,43,15,7,10
04,14,340,40,83,34,0,7,1
04,14,360,40,74,68,1,8,2
04,14,20,40,90,18,0,6,3
04,14,360,40,129,36,0,3,0
04,14,10,40,120,62,0,7,1
04,14,80,20,145,35,0,3,10
04,14,200,60,187,18,0,1,2
04,14,130,30,206,24,0,3,0
04,14,230,50,204,51,0,4,-8
04,14,160,90,127,39,-1,8,-21
04,14,190,60,119,17,0,4,1
04,14,260,20,157,30,0,3,-5
04,14,180,60,178,101,0,7,4
04,14,350,40,174,107,0,7,0
04,14,330,60,174,23,0,3,-2
04,14,330,40,160,49,0,2,2
04,14,40,60,179,39,0,6,-1
04,14,60,30,198,39,0,3,2
04,14,120,50,220,71,0,4,-8
04,14,70,40,163,108,15,6,-7
04,14,170,60,175,81,0,7,0
04,14,120,20,237,120,0,5,2
04,14,100,30,170,40,0,,4
04,14,130,50,168,-2,0,,1
04,14,210,50,215,71,0,,2
04,14,240,70,179,77,0,,-24
04,14,290,50,127,-1,0,,2
04,14,220,90,140,41,0,,-1
04,14,250,100,109,56,2,,2
04,14,270,40,69,42,10,,8
04,14,290,70,51,20,0,,-10
04,14,250,50,97,67,0,,4
04,14,350,30,163,66,0,,-7
04,14,280,20,150,42,0,,2
04,14,210,70,118,103,1,,5
04,14,200,70,171,53,0,,-1
04,14,200,100,150,57,0,,-25
04,14,350,70,89,74,0,,1
04,14,290,30,155,123,0,,-12
04,14,200,50,148,98,0,,-3
04,14,290,20,87,75,26,,-2
04,14,360,30,120,80,0,,-1
04,14,60,40,138,4,0,,-2
04,14,990,10,159,1,0,,-2
04,14,130,30,183,8,0,,1
04,14,70,40,182,91,0,,5
04,14,60,60,164,92,0,,2
04,14,200,40,165,95,0,,-2
04,14,280,50,153,67,0,,-53
04,14,190,60,181,66,0,,-1
04,14,230,30,163,137,0,,2
04,14,150,10,204,130,0,,-3
04,14,230,60,138,96,1,,6
04,14,250,90,140,43,0,,-13
04,14,280,50,110,27,0,,-1
04,14,280,50,71,9,0,,0
04,14,360,60,78,-34,0,,6
04,14,260,60,108,-17,0,,3
04,14,250,50,119,28,0,,-8
04,14,240,50,70,55,13,,0
04,14,300,30,108,19,0,,0
04,14,340,60,107,-10,0,,-9
04,14,230,50,99,-15,0,,-5
04,14,290,60,112,31,0,,-1
04,14,250,80,131,82,0,,-6
04,14,280,50,122,46,0,,-6
04,14,100,60,133,80,0,,5
04,14,280,50,146,88,0,,1
04,14,270,60,135,30,0,,-5
04,14,240,60,142,57,0,,-5
04,14,230,50,155,64,0,,-6
04,14,210,40,165,30,0,,-1
04,14,280,20,191,44,0,,0
04,14,330,30,95,46,0,,2
04,14,280,20,151,41,0,,3
04,14,90,20,185,53,0,,4
04,14,280,50,218,94,0,,-20
04,14,290,50,170,96,0,,0
04,14,360,70,159,51,0,,0
04,14,320,70,121,39,0,,-2
04,14,330,30,58,40,21,,9
04,14,190,30,83,21,0,,10
04,14,80,60,177,-10,0,0,-5
04,14,60,60,180,11,0,4,4
04,14,340,60,82,24,0,8,9
04,14,30,60,113,-15,0,0,2
04,14,360,40,142,63,0,0,6
04,14,280,50,179,61,0,0,1
04,14,30,50,119,34,0,8,5
04,14,270,40,157,41,0,0,2
04,14,270,50,158,54,0,4,-9
04,14,290,50,155,78,0,8,-2
04,14,360,30,159,77,0,8,3
04,14,60,50,208,91,0,0,4
04,14,40,60,236,113,0,0,4
04,14,50,40,262,115,0,0,10
04,14,100,50,280,62,0,0,1
04,14,320,30,276,75,0,0,-7
04,14,330,70,146,31,0,7,1
04,14,310,20,140,16,0,7,2
04,14,270,60,173,43,0,0,6
04,14,360,40,129,27,0,3,-5
04,14,40,50,140,13,0,1,3
04,14,250,30,212,25,0,0,4
04,14,260,50,233,90,0,7,1
04,14,290,20,231,91,0,7,4
04,14,180,20,286,88,0,6,-19
04,14,50,40,272,91,0,0,-1
04,14,80,30,269,69,0,0,2
04,14,20,50,269,79,0,0,-2
04,14,70,70,220,78,0,0,1
04,14,90,60,199,4,0,0,3
04,14,220,80,86,73,4,8,10
04,14,280,70,99,65,-1,8,5
04,14,330,60,98,40,0,8,3
04,14,240,30,116,64,0,8,4
04,14,10,50,89,57,0,8,4
04,14,20,20,72,-45,0,5,2
04,14,300,20,58,16,-1,5,8
04,14,170,20,95,-22,0,5,-3
04,14,40,20,109,-36,0,7,-3
04,14,20,30,122,-19,0,6,0
04,14,250,50,129,4,0,4,-5
04,14,230,80,131,15,0,6,3
04,14,220,20,130,38,0,4,-2
04,14,10,50,111,40,0,5,3
04,14,10,60,78,14,-1,7,17
04,14,40,30,94,-11,0,6,-4
04,14,90,50,112,-19,0,1,0
04,14,70,70,125,16,0,8,0
04,14,120,30,126,64,-1,8,-3
04,14,100,50,170,68,0,4,1
04,14,50,70,177,65,0,0,-1
04,14,60,50,162,72,0,8,-5
04,14,170,40,199,67,0,2,-27
04,14,230,50,176,65,0,8,-9
04,14,300,50,150,69,0,6,2
04,14,220,30,202,67,0,2,3
04,14,190,60,224,52,0,6,10
04,14,190,50,117,98,4,8,-1
04,14,190,60,137,53,0,8,-20
04,14,180,90,139,53,0,8,7
04,14,40,80,155,51,0,1,0
04,14,50,70,187,73,0,0,-6
04,14,160,20,230,89,0,0,-2
04,14,250,40,142,83,0,6,-6
04,14,990,10,162,51,0,2,-1
04,14,130,40,193,78,0,7,6
04,14,260,30,126,77,0,8,-3
04,14,200,80,103,89,2,8,6
04,14,210,50,158,111,0,8,17
04,14,130,70,233,79,0,1,6
04,14,240,20,209,78,0,2,4
04,14,300,30,184,128,0,7,5
04,14,340,20,195,84,0,0,-1
04,14,30,50,207,101,0,0,2
04,14,70,40,246,83,0,1,-3
04,14,270,20,184,90,0,7,-12
04,14,260,40,133,115,0,8,4
04,14,30,60,169,44,0,0,6
04,14,120,40,154,71,0,6,11
04,14,40,40,190,86,0,3,-9
04,14,340,30,195,51,0,0,4
04,14,330,50,157,19,0,5,1
04,14,60,30,149,52,0,3,3
04,14,120,60,181,39,0,0,7
04,14,190,60,163,83,0,7,-3
04,14,240,20,183,111,0,7,-5
04,14,180,80,146,55,0,7,-2
04,14,210,30,108,73,-1,8,-13
04,14,80,20,160,56,0,8,3
04,14,340,30,189,34,0,1,11
04,14,260,80,91,-3,-1,2,3
04,14,170,70,122,4,0,7,-10
04,14,190,70,115,56,0,5,-20
04,14,280,60,97,53,0,8,-15
04,14,220,60,112,19,0,8,3
04,14,140,40,167,16,0,0,6
04,14,170,20,186,63,0,8,-1
04,14,350,50,111,66,0,8,17
04,14,310,50,156,44,0,7,0
04,14,10,70,129,29,0,3,-4
04,14,40,70,95,20,-1,7,2
04,14,40,100,135,17,0,7,10
04,14,30,70,165,14,0,2,-5
04,14,40,60,145,10,0,6,0
04,14,40,60,155,-7,0,0,2
04,14,20,60,119,10,0,6,-3
04,14,10,20,156,-15,0,0,5
04,14,290,30,200,14,0,0,-6
04,14,10,30,140,18,0,3,1
04,14,280,80,131,-34,0,0,-5
04,14,330,60,110,-20,0,7,-8
04,14,990,10,107,-9,0,3,7
04,14,40,30,148,-22,0,0,4
04,14,120,20,203,-23,0,1,1
04,14,260,50,233,5,0,7,-1
04,14,270,60,167,79,0,3,-6
04,14,250,20,196,52,0,4,-3
04,14,230,30,232,40,0,3,3
04,14,240,60,260,43,0,8,-5
04,14,260,40,135,90,0,7,-3
04,14,220,60,165,130,0,8,-3
04,14,170,70,241,104,0,4,7
04,14,250,20,146,101,0,7,2
04,14,270,50,139,57,0,2,6
04,14,240,110,131,25,0,8,-16
04,14,270,50,213,109,0,2,5
04,14,340,60,164,102,0,8,-1
04,14,280,50,178,82,0,0,-1
04,14,60,20,166,57,0,0,4
04,14,60,40,192,45,0,0,7
04,14,270,60,224,91,0,2,-15
04,14,310,80,109,14,0,5,5
04,14,290,50,141,14,0,7,-11
04,14,310,20,120,28,0,8,4
04,14,80,20,154,3,0,8,0
04,14,990,10,165,17,0,7,-4
04,14,140,30,175,24,0,3,0
04,14,150,40,200,23,0,0,1
04,14,200,20,243,54,0,0,-7
04,14,140,20,243,45,0,0,-4
04,14,210,30,251,64,0,4,9
04,14,90,50,266,58,0,5,-20
04,14,50,40,266,85,0,0,-1
04,14,40,50,263,54,0,0,-5
04,14,50,50,236,23,0,0,4
04,14,50,60,215,53,0,5,6
04,14,330,40,145,94,-1,7,6
04,14,70,40,173,103,0,6,-11
04,14,50,90,227,109,0,2,3
04,14,50,90,215,87,0,0,-3
04,14,300,40,107,5,0,5,-1
04,14,990,10,136,36,0,7,6
04,14,270,10,157,25,0,8,-11
04,14,40,40,103,87,0,7,-6
04,14,50,60,88,24,0,8,2
04,14,280,30,112,-15,0,2,0
04,14,340,50,69,-37,0,7,5
04,14,240,40,96,-10,0,8,-1
04,14,210,70,105,88,3,8,-2
04,14,230,40,93,74,-1,8,-4
04,14,200,70,119,25,0,7,-23
04,14,40,30,97,27,-1,8,-16
04,14,990,10,117,25,0,1,-29
04,14,350,50,111,33,0,3,6
04,14,360,70,91,18,0,8,6
04,14,360,50,95,-46,0,4,1
04,14,180,90,104,-33,0,8,-6
04,14,170,90,127,32,0,6,-5
04,14,190,50,136,30,0,6,-1
04,14,210,70,122,74,-1,6,-27
04,14,190,40,100,47,-1,8,-44
04,14,200,70,94,37,-1,8,7
04,14,150,70,123,26,0,7,2
04,14,990,10,132,41,0,1,-2
04,14,170,70,105,76,6,8,4
04,14,190,90,152,62,0,7,-13
04,14,230,60,160,64,0,7,3
04,14,360,30,186,136,0,7,-11
04,14,220,60,180,113,-1,8,9
04,14,80,50,223,40,0,7,-6
04,14,60,60,71,-77,0,6,1
04,14,60,80,82,-82,0,0,-3
04,14,70,80,63,-54,0,5,3
04,14,50,60,53,-32,0,8,-1
04,14,50,50,45,-15,0,8,4
04,14,50,50,82,-56,0,4,6
04,14,350,20,102,-48,0,0,1
04,14,120,50,99,-49,0,7,3
04,14,120,20,85,66,4,8,1
04,14,280,60,101,50,0,4,-7
04,14,230,70,128,77,0,8,1
04,14,220,60,109,98,15,8,2
04,14,230,60,144,36,0,6,7
04,14,150,50,215,83,0,6,18
04,14,260,30,159,114,0,7,4
04,14,230,80,182,67,0,8,-12
04,14,200,60,225,82,0,4,-7
04,14,240,110,164,3,0,5,-3
04,14,230,50,110,64,1,8,-12
04,14,50,60,113,2,0,0,5
04,14,360,20,135,3,0,8,-1
04,14,240,30,150,6,0,0,10
04,14,280,40,150,82,0,7,16
04,14,260,60,217,90,0,2,-3
04,14,250,60,242,104,0,4,2
04,14,350,60,77,67,8,8,-2
04,14,360,60,112,-5,0,5,8
04,14,230,30,120,-11,0,7,7
04,14,260,50,99,38,0,8,21
04,14,30,50,154,20,0,4,-1
04,14,270,20,211,80,0,2,-2
04,14,80,20,217,70,0,7,-2
04,14,210,60,212,73,0,8,0
04,14,330,20,154,104,0,8,-3
04,14,230,40,171,80,0,5,13
04,14,210,70,187,110,0,8,-4
04,14,190,50,222,103,0,7,-4
04,14,290,80,77,32,4,7,25
04,14,260,60,143,52,0,7,-1
04,14,280,20,167,71,0,8,-2
04,14,10,50,148,45,0,8,-1
04,14,290,40,147,40,0,7,-4
04,14,270,60,140,37,0,4,-6
04,14,330,80,114,37,0,4,-11
04,14,330,60,108,13,0,7,-6
04,14,110,30,148,-9,0,0,5
04,14,230,70,184,-10,0,1,-10
04,14,330,70,121,31,0,7,7
04,14,50,60,163,37,0,0,3
04,14,110,50,213,64,0,6,3
04,14,80,50,151,84,0,8,-1
04,14,200,30,186,59,0,7,2
04,14,240,30,212,76,0,7,9
04,14,360,30,217,104,0,4,-3
04,14,120,40,239,88,0,1,-11
04,14,150,40,177,59,0,8,1
04,14,140,40,176,45,0,7,0
04,14,60,10,174,72,-1,8,0
04,14,250,40,133,119,6,8,-2
04,14,300,30,168,109,0,8,-5
04,14,280,100,89,-4,0,5,4
04,14,320,70,77,-25,0,2,7
04,14,110,20,102,-23,0,8,-2
04,14,10,70,92,-9,0,2,-5
04,14,360,20,104,-27,0,2,-4
04,14,990,10,100,47,0,8,2
04,14,290,20,128,32,0,2,3
04,14,60,30,124,50,0,7,4
04,14,280,20,190,48,0,2,4
04,14,200,20,219,18,0,0,11
04,14,230,80,141,62,-1,8,-18
04,14,230,70,161,6,0,0,5
04,14,340,20,135,25,0,4,0
04,14,270,70,220,63,0,0,6
04,14,280,50,240,73,0,3,0
04,14,40,40,166,38,0,0,0
04,14,360,50,134,27,0,7,8
04,14,50,50,147,-2,0,1,0
04,14,990,10,145,23,0,2,5
04,14,40,40,190,22,0,0,1
04,14,360,40,200,44,0,0,-2
04,14,350,60,146,49,0,3,-2
04,14,20,30,152,64,0,1,2
04,14,220,50,216,52,0,4,5
04,14,220,60,138,108,-1,8,14
04,14,230,30,147,101,-1,8,-6
04,14,10,40,134,3,0,7,-7
04,14,270,80,111,-26,0,3,6
04,14,210,70,148,10,0,8,1
04,14,280,40,133,25,0,4,7
04,14,140,30,134,9,0,5,-10
04,14,140,20,136,55,0,7,4
04,14,190,40,204,72,0,1,-7
04,14,190,60,156,57,0,5,10
04,14,250,40,125,86,-1,8,7
04,14,220,80,111,62,-1,8,5
04,14,240,70,101,26,1,6,-21
04,14,220,20,125,26,0,8,-7
04,14,170,40,153,2,0,6,-1
04,14,70,40,136,58,0,7,19
04,14,100,60,203,55,0,4,3
04,14,200,30,171,40,0,7,0
04,14,200,20,137,60,0,8,2
04,14,140,30,169,46,0,7,2
04,14,230,100,152,55,0,6,10
04,14,280,60,109,45,0,8,-10
04,14,260,30,106,32,0,1,-26
04,14,250,60,119,6,0,8,6
04,14,330,60,130,27,0,7,2
04,14,40,40,145,25,0,0,-3
04,14,40,50,185,48,0,2,0
04,14,30,40,134,43,0,8,-4
04,14,350,50,78,17,4,7,12
04,14,290,50,75,14,0,2,-13
04,14,220,70,71,45,-1,8,1
04,14,300,70,64,15,2,6,6
04,14,280,40,79,43,10,4,-4
04,14,210,50,70,34,-1,8,6
04,14,220,60,101,48,-1,8,-10
04,14,350,40,118,20,0,8,3
04,14,210,20,138,100,-1,8,-5
04,14,290,30,157,79,0,4,15
04,14,990,10,141,69,0,0,9
04,14,290,20,170,48,0,6,-14
04,14,310,60,135,43,0,7,-10
04,14,350,50,101,35,0,8,8
04,14,320,30,134,61,0,8,0
04,14,30,20,147,49,0,0,2
04,14,200,20,227,51,0,0,7
04,14,340,60,140,30,0,4,0
04,14,250,60,134,35,0,8,15
04,14,280,60,119,60,0,8,-11
04,14,300,50,121,30,0,5,15
04,14,260,30,111,35,0,8,2
04,14,280,70,117,1,0,6,0
04,14,280,70,101,23,0,5,13
04,14,330,60,102,-11,0,7,-5
04,14,360,40,111,13,0,4,-19
04,14,40,50,93,-39,0,6,-12
04,14,260,20,127,-37,0,7,-4
04,14,280,50,146,55,0,8,-3
04,14,320,50,104,23,-1,7,-1
04,14,360,40,93,34,-1,8,18
04,14,250,60,150,33,0,7,-2
04,14,310,60,107,-20,0,5,1
04,14,320,50,88,17,1,7,17
04,14,270,20,87,21,-1,7,-6
04,14,300,20,112,31,0,8,7
04,14,990,10,135,16,0,8,-11
04,14,110,70,184,3,0,8,5
04,14,300,30,61,38,0,8,2
04,14,160,50,135,41,-1,8,-1
04,14,190,80,174,78,0,8,0
04,14,190,60,128,91,3,8,7
04,14,300,60,81,21,-1,7,12
04,14,110,70,153,4,0,7,3
04,14,200,70,224,66,0,7,5
04,14,160,30,242,55,0,7,1
04,14,40,50,176,93,0,8,5
04,14,90,20,194,67,0,8,-16
04,14,120,10,127,119,-1,8,-2
04,14,30,40,144,102,0,8,10
04,14,220,30,152,100,0,8,-3
04,14,270,20,175,84,0,7,-6
04,14,230,50,173,96,0,8,7
04,14,260,20,153,72,0,8,5
04,14,200,40,207,70,0,8,11
04,14,90,30,250,73,0,3,3
04,14,140,50,287,78,0,7,2
04,14,280,40,276,101,0,5,-14
04,14,50,40,230,84,0,8,4
04,14,190,50,275,123,0,1,-14
04,14,280,50,163,71,0,8,7
04,14,210,60,155,89,0,7,6
04,14,260,50,138,60,0,8,0
04,14,250,80,156,37,0,6,-24
04,14,120,30,166,33,0,8,2
04,14,220,60,152,69,0,8,12
04,14,20,50,144,115,0,8,4
04,14,200,80,121,54,-1,8,-9
04,14,70,40,150,26,0,0,4
04,14,180,60,153,88,0,8,3
04,14,130,40,102,14,0,8,-15
04,14,130,20,101,20,0,8,0
04,14,60,40,126,25,0,8,-5
04,14,120,30,152,41,0,8,10
04,14,80,50,212,41,0,7,-8
04,14,160,20,196,89,0,2,0
04,14,50,50,156,61,0,8,-7
04,14,30,70,127,2,0,0,1
04,14,40,40,113,-29,0,1,-10
04,14,60,50,73,-27,0,8,6
04,14,50,30,70,-55,0,8,-7
04,14,40,60,109,-26,0,1,5
04,14,100,40,167,46,0,1,5
04,14,140,50,198,38,0,8,-4
04,14,990,10,150,97,-1,7,2
04,14,90,60,220,32,0,0,2
04,14,80,40,243,20,0,0,4
04,14,60,40,250,25,0,0,-2
04,14,40,40,245,25,0,0,2
04,14,120,50,260,8,0,6,0
04,14,80,40,207,59,0,8,5
04,14,180,80,237,65,0,7,13
04,14,210,50,140,109,1,8,-11
04,14,250,40,164,58,0,8,9
04,14,220,70,91,67,13,8,31
04,14,210,30,122,56,0,3,5
04,14,350,40,162,52,0,7,0
04,14,10,40,132,80,0,8,2
04,14,340,30,101,-43,0,0,4
04,14,250,60,105,17,0,8,-2
04,14,290,50,104,-6,0,7,2
04,14,110,30,145,-16,0,2,7
04,14,120,50,207,-3,0,0,0
04,14,210,60,231,19,0,0,3
04,14,90,20,199,62,0,0,4
04,14,340,20,243,39,0,1,-12
04,14,20,40,213,47,0,0,-4
04,14,30,50,198,51,0,8,0
04,14,990,10,226,12,0,1,-2
04,14,250,50,227,53,0,7,-22
04,14,10,60,112,-26,0,0,-4
04,14,350,20,101,8,0,8,-5
04,14,80,30,170,-4,0,2,4
04,14,230,30,237,-15,0,8,1
04,14,40,50,191,45,0,1,-2
04,14,270,30,148,84,-1,8,6
04,14,40,70,185,34,0,1,1
04,14,70,80,186,-46,0,0,2
04,14,60,80,198,-21,0,0,9
04,14,60,70,216,-13,0,0,6
04,14,80,30,228,-8,0,3,5
04,14,350,50,196,20,0,8,3
04,14,20,20,144,17,0,0,9
04,14,10,20,173,25,0,0,11
04,14,260,50,216,23,0,1,5
04,14,190,10,133,115,4,8,1
04,14,210,60,162,72,0,8,7
04,14,200,60,155,27,0,7,2
04,14,250,57,157,82,0,7,-1
04,14,240,57,157,77,0,5,5
04,14,240,51,127,51,2,6,4
04,14,190,82,130,14,0,5,-5
04,14,250,72,85,45,-1,8,13
04,14,240,62,140,38,0,6,-11
04,14,260,46,105,66,16,6,8
04,14,270,67,130,59,0,7,-2
04,14,300,21,148,30,0,3,6
04,14,150,41,182,47,0,6,-1
04,14,150,51,208,78,0,7,3
04,14,120,67,220,58,0,1,0
04,14,80,41,205,68,0,0,4
04,14,80,57,204,60,0,3,-5
04,14,40,36,200,60,0,1,-5
04,14,340,62,81,8,0,7,-13
04,14,30,10,42,22,33,6,16
04,14,300,36,53,12,5,8,5
04,14,70,57,72,-36,0,6,0
04,14,10,36,70,-41,0,4,-6
04,14,220,62,80,-23,-1,5,-4
04,14,290,67,87,11,0,5,-39
04,14,300,36,77,50,0,7,-29
04,14,110,31,106,29,0,1,16
04,14,90,57,114,29,-1,3,6
04,14,80,51,135,21,0,3,5
04,14,330,15,144,17,0,2,-12
04,14,300,26,108,8,0,6,2
04,14,310,26,108,16,0,7,5
04,14,90,57,95,41,3,8,1
04,14,290,41,93,39,-1,7,14
04,14,210,51,84,42,0,7,2
04,14,330,26,88,30,0,6,-2
04,14,310,26,78,5,-1,7,-1
04,14,290,31,90,-9,0,7,-6
04,14,220,57,103,24,0,7,3
04,14,190,46,142,31,0,5,0
04,14,70,62,157,28,0,1,0
04,14,60,46,151,33,0,0,-2
04,14,70,31,155,39,0,7,-3
04,14,990,10,174,40,0,7,-2
04,14,270,51,133,69,0,8,-4
04,14,250,67,69,49,15,7,8
04,14,200,82,124,36,0,6,11
04,14,300,41,68,53,-1,8,-6
04,14,350,72,61,-13,0,7,9
04,14,230,46,62,52,6,8,1
04,14,280,41,139,101,0,8,2
04,14,310,51,120,22,0,2,0
04,14,990,15,113,13,0,4,13
04,14,170,41,147,19,0,7,3
04,14,270,31,140,46,0,7,0
04,14,210,36,125,93,0,7,0
04,14,230,77,160,85,0,7,5
04,14,260,46,147,80,0,6,4
04,14,210,62,141,120,3,8,-3
04,14,250,72,141,55,-1,6,4
04,14,160,21,108,89,2,8,9
04,14,260,31,100,69,4,7,-2
04,14,200,62,140,43,0,5,2
04,14,240,41,120,109,4,8,-10
04,14,260,26,96,31,0,7,1
04,14,100,5,117,5,0,4,0
04,14,270,41,66,54,6,8,0
04,14,180,82,81,64,8,8,-3
04,14,240,72,94,67,1,8,16
04,14,280,36,88,55,0,7,-2
04,14,90,26,100,21,0,7,5
04,14,110,77,133,25,0,8,2
04,14,210,26,125,47,0,1,7
04,14,120,36,109,90,0,8,5
04,14,40,46,100,76,0,7,2
04,14,80,15,127,70,0,7,6
04,14,310,5,118,85,7,7,8
04,14,340,57,133,86,-1,7,-15
04,14,230,26,139,65,0,1,6
04,14,230,46,109,104,-1,8,-3
04,14,240,82,120,112,9,8,0
04,14,280,31,126,108,0,8,6
04,14,170,41,212,110,0,3,2
04,14,230,67,205,103,-1,7,5
04,14,220,51,191,99,0,7,-6
04,14,180,46,185,96,0,6,2
04,14,140,41,221,99,0,5,-5
04,14,260,21,203,77,0,7,-3
04,14,180,51,212,71,0,3,0
04,14,50,87,244,88,0,1,-2
04,14,60,113,263,58,0,0,-6
04,14,70,62,262,52,0,2,1
04,14,90,57,254,108,0,3,4
04,14,230,93,95,64,1,7,-10
04,14,240,67,77,28,0,6,-6
04,14,270,41,76,38,1,7,11
04,14,270,57,112,59,0,6,-39
04,14,210,77,72,25,0,6,-14
04,14,320,21,44,34,26,7,36
04,14,170,31,88,10,-1,8,9
04,14,230,51,75,58,2,7,5
04,14,290,21,37,31,4,8,-5
04,14,80,41,87,18,0,5,7
04,14,40,67,126,62,0,7,-4
04,14,10,31,99,73,-1,7,4
04,14,340,87,103,45,0,7,-12
04,14,310,31,88,-10,-1,4,-6
04,14,150,26,78,33,0,7,11
04,14,60,82,139,48,0,3,-5
04,14,20,67,79,28,0,8,7
04,14,30,41,98,-16,0,4,13
04,14,310,21,86,13,0,6,5
04,14,190,31,141,30,0,6,-8
04,14,270,46,138,52,-1,7,-2
04,14,160,46,175,61,0,3,11
04,14,170,87,216,38,0,6,-30
04,14,270,21,167,87,-1,7,-27
04,14,280,51,138,69,0,7,-4
04,14,210,57,140,110,-1,8,3
04,14,240,26,147,136,-1,8,3
04,14,250,31,177,122,0,5,3
04,14,250,31,218,97,0,5,5
04,14,330,51,188,130,0,4,-7
04,14,260,41,128,112,0,8,4
04,14,250,77,182,106,0,0,0
04,14,260,51,114,77,0,7,9
04,14,350,31,126,53,0,4,-11
04,14,240,31,135,59,0,7,2
04,14,260,41,130,94,0,7,-3
04,14,300,62,121,89,-1,8,3
04,14,350,67,68,15,0,7,15
04,14,310,41,88,12,0,7,-7
04,14,280,21,93,88,1,8,5
04,14,210,21,139,87,0,6,11
04,14,360,62,128,40,0,6,-6
04,14,20,41,124,46,0,6,5
04,14,20,26,107,74,0,7,3
04,14,300,36,87,79,1,8,3
04,14,300,57,84,40,1,6,10
04,14,260,62,83,75,2,8,-8
04,14,300,46,75,53,1,7,9
04,14,330,15,87,14,0,7,-28
04,14,180,41,91,6,0,4,12
04,14,60,51,122,26,0,8,-1
04,14,240,46,154,106,0,7,-11
04,14,30,51,161,102,0,7,-10
04,14,60,67,248,137,0,6,-5
04,14,60,82,213,116,0,2,-1
04,14,50,57,197,99,0,7,-19
04,14,340,36,92,76,0,8,6
04,14,60,26,98,22,0,6,10
04,14,50,10,151,67,0,7,9
04,14,340,26,113,100,0,8,5
04,14,50,36,53,-45,0,4,-2
04,14,40,36,55,-41,-1,3,3
04,14,40,67,84,-31,0,3,-7
04,14,70,82,106,-35,0,4,-7
04,14,80,82,128,24,0,4,-2
04,14,160,26,132,24,0,7,9
04,14,300,41,146,51,0,7,-17
04,14,290,21,88,28,0,8,5
04,14,350,5,142,61,0,7,3
04,14,50,26,150,60,0,3,1
04,14,320,15,96,88,6,8,0
04,14,80,57,75,-52,0,7,-8
04,14,70,36,105,0,0,6,10
04,14,80,41,127,-2,0,2,-1
04,14,50,21,162,-33,0,4,4
04,14,130,31,191,-25,0,5,-1
04,14,250,21,201,-35,0,7,-5
04,14,240,67,176,45,0,7,-5
04,14,210,46,212,43,0,7,3
04,14,180,46,259,19,0,7,-8
04,14,200,87,253,-7,0,3,1
04,14,190,46,243,46,0,8,19
04,14,200,82,188,90,0,6,-6
04,14,250,41,159,62,0,6,-1
04,14,240,51,160,44,0,3,-10
04,14,270,31,180,83,0,6,-7
04,14,320,5,190,81,0,4,4
04,14,360,51,158,45,0,7,0
04,14,210,21,116,10,0,7,2
04,14,200,31,152,-9,0,7,-6
04,14,290,30,172,24,0,0,-1
04,14,350,20,145,58,0,5,-2
04,14,280,60,104,43,-1,7,-9
04,14,300,70,78,-25,0,6,9
04,14,270,80,94,89,15,8,0
04,14,320,50,97,-19,0,5,-2
04,14,100,20,96,-59,0,1,4
04,14,100,40,135,-37,0,4,7
04,14,360,20,170,-2,0,7,4
04,14,320,40,161,71,0,7,3
04,14,340,90,79,-13,0,4,7
04,14,360,70,86,1,0,6,7
04,14,340,20,109,12,0,5,2
04,14,310,40,112,89,2,8,-5
04,14,330,60,97,-8,0,6,-3
04,14,300,20,100,19,0,4,-6
04,14,30,50,131,-24,0,1,2
04,14,310,20,79,48,0,8,12
04,14,360,50,75,-22,0,7,-6
04,14,40,50,88,-62,0,3,-8
04,14,300,30,113,-52,0,2,-5
04,14,330,40,92,-27,0,7,-3
04,14,230,30,128,-30,0,1,1
04,14,250,80,155,9,0,6,3
04,14,60,20,141,72,0,7,-1
04,14,90,20,142,76,0,7,-2
04,14,270,30,125,107,-1,8,11
04,14,220,80,135,121,-1,8,11
04,14,280,60,98,90,13,8,0
04,14,320,30,149,84,0,6,-6
04,14,320,20,129,106,-1,8,-2
04,14,220,30,147,112,0,4,4
04,14,190,80,127,80,-1,8,-3
04,14,200,120,138,74,0,5,-8
04,14,190,60,101,76,1,7,8
04,14,220,40,120,58,0,7,-11
04,14,60,60,101,65,-1,8,-7
04,14,230,20,85,66,7,7,20
04,14,130,40,116,67,-1,7,5
04,14,130,30,97,62,-1,8,-3
04,14,230,70,87,51,2,6,-11
04,14,290,60,88,7,0,6,-12
04,14,260,40,41,32,-1,8,18
04,14,220,90,75,1,-1,8,-14
04,14,150,40,89,75,2,8,-1
04,14,170,50,86,22,-1,7,-5
04,14,110,40,120,39,-1,7,-4
04,14,20,30,124,57,-1,,3
04,14,210,20,117,53,0,,1
04,14,200,40,118,107,1,6,14
04,14,190,10,154,49,0,5,-2
04,14,140,40,205,71,0,5,1
04,14,210,50,232,121,0,7,-9
04,14,230,50,139,107,0,7,10
04,14,200,70,145,131,-1,,-1
04,14,160,20,117,84,0,,4
04,14,50,30,110,91,12,8,-6
04,14,240,20,156,61,0,6,-8
04,14,60,40,171,74,0,4,-2
04,14,340,30,153,118,0,,11
04,14,110,90,191,43,0,1,3
04,14,130,40,209,51,0,0,1
04,14,180,30,127,114,10,8,-2
04,14,300,40,120,94,0,7,3
04,14,220,50,136,136,12,8,3
04,14,260,70,143,113,-1,8,-16
04,14,290,60,113,74,0,7,1
04,14,350,30,105,63,0,6,2
04,14,270,50,145,110,0,8,-3
04,14,240,50,134,106,0,7,-3
04,14,260,70,114,55,0,5,5
04,14,230,80,108,65,0,6,1
04,14,260,80,95,16,0,4,-8
04,14,50,30,67,10,0,7,-5
04,14,180,60,73,2,0,7,-17
04,14,270,30,90,34,-1,3,13
04,14,350,30,104,19,0,5,6
04,14,260,50,105,7,0,5,-12
04,14,990,10,103,-17,0,6,7
04,14,140,80,138,47,0,7,9
04,14,200,70,175,79,0,4,-4
04,14,200,70,130,97,0,7,-18
04,14,150,40,160,79,0,7,4
04,14,200,50,134,90,0,7,2
04,14,80,20,159,89,0,5,12
04,14,60,70,208,100,0,7,-3
04,14,60,80,178,110,0,6,-2
04,14,70,50,190,104,0,1,0
04,14,70,50,164,57,0,5,2
04,14,10,30,195,68,0,,1
04,14,240,30,80,39,-1,,1
04,14,150,40,143,51,0,,5
04,14,160,60,151,80,-1,8,-2
04,14,240,50,163,41,0,7,-7
04,14,20,50,71,-20,0,7,-5
04,14,40,50,105,7,0,1,3
04,14,360,20,124,-47,0,1,1
04,14,350,10,135,3,0,,-7
04,14,70,80,155,33,0,,1
04,14,30,40,109,-10,0,1,-2
04,14,200,50,123,1,0,7,2
04,14,200,80,89,13,0,7,4
04,14,220,120,86,52,0,7,-8
04,14,250,40,116,47,1,5,-1
04,14,180,70,136,41,-1,,-25
04,14,170,40,130,12,0,,5
04,14,190,90,143,44,0,,-8
04,14,180,50,151,63,0,6,-6
04,14,210,60,177,78,0,6,-16
04,14,200,40,171,98,0,,7
04,14,220,70,184,73,0,,-1
04,14,220,50,208,128,0,,-23
04,14,290,20,131,110,0,,4
04,14,240,30,151,72,0,,-1
04,14,160,60,202,84,0,4,2
04,14,220,60,231,132,0,3,-14
04,14,40,40,204,147,0,,-1
04,14,350,20,232,151,0,,2
04,14,270,20,127,114,0,,0
04,14,350,20,144,125,0,,7
04,14,260,40,168,94,0,,3
04,14,160,50,223,69,0,2,-2
04,14,220,70,149,51,0,5,-8
04,14,230,90,107,64,0,7,-7
04,14,210,90,109,22,0,,-5
04,14,220,80,120,89,1,7,4
04,14,280,30,99,30,-1,,14
04,14,300,60,97,41,0,,-4
04,14,160,50,102,69,0,8,-6
04,14,310,40,108,65,-1,5,-20
04,14,340,20,100,68,0,8,5
04,14,320,50,66,31,2,6,15
04,14,340,70,57,-22,-1,6,10
04,14,230,60,60,-59,0,,-9
04,14,310,60,95,46,-1,,-2
04,14,310,40,92,54,0,,0
04,14,250,50,87,11,0,7,-9
04,14,300,60,80,6,0,3,-4
04,14,250,80,41,13,1,8,16
04,14,110,30,72,12,0,,-11
04,14,20,40,108,-10,0,,6
04,14,70,30,119,-12,0,,-9
04,14,350,20,126,2,0,8,-4
04,14,170,80,149,18,0,8,-18
04,14,180,50,139,100,5,4,10
04,14,260,70,144,67,0,,-8
04,14,220,50,123,78,0,7,0
04,14,250,80,125,67,-1,,19
04,14,160,60,162,73,0,,1
04,14,100,30,190,105,0,,1
04,14,220,30,176,65,0,,0
04,14,140,50,209,28,0,5,-3
04,14,90,80,201,47,0,2,-1
04,14,80,60,187,41,0,5,-13
04,14,70,100,149,-39,0,0,-4
04,14,60,80,102,-29,0,,1
04,14,80,40,124,-30,0,,6
04,14,70,70,135,-14,0,1,-3
04,14,340,40,110,8,0,7,-1
04,14,70,110,104,-16,0,4,-1
04,14,70,50,123,16,0,4,-5
04,14,40,60,131,27,0,2,-2
04,14,340,60,96,29,0,,1
04,14,290,40,114,21,0,,-33
04,14,290,40,72,53,-1,8,0
04,14,330,30,93,76,-1,8,1
04,14,290,30,94,76,-1,,-1
04,14,210,40,112,95,1,8,-20
04,14,350,10,134,26,0,,-20
04,14,290,20,119,63,0,,-3
04,14,130,20,173,58,0,,-1
04,14,270,40,198,40,0,4,1
04,14,290,50,183,103,0,7,-5
04,14,300,40,208,130,0,4,-1
04,14,260,60,142,107,0,7,12
04,14,220,70,95,72,-1,8,3
04,14,260,70,121,43,0,,-13
04,14,210,90,115,89,1,,14
04,14,240,100,141,58,0,4,-7
04,14,210,100,126,66,0,,11
04,14,230,110,142,29,0,7,-8
04,14,320,80,93,30,-1,4,-36
04,14,330,40,68,15,-1,6,13
04,14,230,50,96,30,0,,3
04,14,360,70,97,35,0,,-10
04,14,360,50,95,-29,0,,-3
04,14,60,40,75,-95,0,2,-11
04,14,30,50,66,-79,0,5,0
04,14,50,50,60,-74,0,6,0
04,14,40,20,68,-46,0,7,-12
04,14,210,40,99,-7,0,4,-6
04,14,80,20,148,-20,0,,0
04,14,130,50,182,13,0,,5
04,14,120,80,217,-13,0,6,3
04,14,130,60,252,30,0,1,5
04,14,70,80,239,20,0,1,8
04,14,80,80,222,-21,0,0,2
04,14,60,90,173,10,0,,2
04,14,70,80,96,36,0,,9
04,14,130,50,165,28,0,,5
04,14,210,20,242,52,0,,-4
04,14,360,40,172,33,0,3,-4
04,14,340,30,178,68,0,,3
04,14,140,20,225,39,0,6,2
04,14,210,70,208,86,0,,-5
04,14,130,30,148,142,17,,0
04,14,240,80,149,101,1,,-11
04,14,170,60,220,113,0,5,16
04,14,240,70,188,80,0,5,-3
04,14,270,60,134,120,8,,-5
04,14,120,60,200,45,0,3,-5
04,14,180,30,176,66,0,,-7
04,14,200,90,114,87,0,,17
04,14,230,70,119,64,0,,9
04,14,250,80,120,41,0,2,-7
04,14,270,70,88,36,-1,5,0
04,14,320,40,76,47,-1,7,-5
04,14,280,40,77,35,1,7,-24
04,14,340,20,87,37,0,,2
04,14,20,40,70,48,0,,17
04,14,10,20,94,14,0,,-2
04,14,360,30,124,50,0,,4
04,14,360,20,115,64,0,7,7
04,14,10,10,140,46,0,3,6
04,14,160,50,184,38,0,3,-6
04,14,160,40,203,27,0,1,-2
04,14,220,70,211,63,0,,-10
04,14,170,80,123,54,-1,,-8
04,14,200,60,110,17,0,5,3
04,14,180,20,151,36,0,2,2
04,14,190,50,177,107,0,8,7
04,14,340,30,173,110,0,7,-2
04,14,330,40,169,26,0,2,-1
04,14,320,20,166,68,0,,-7
04,14,80,40,176,57,0,,1
04,14,80,40,199,59,0,6,-6
04,14,90,40,207,90,0,6,7
04,14,100,50,196,103,0,7,-52
04,14,180,50,184,87,0,,-11
04,14,100,40,243,126,0,,-4
04,14,130,30,167,40,0,,3
04,14,140,60,180,-1,0,,1
04,14,140,40,203,67,0,,1
04,14,240,60,187,93,0,,-18
04,14,260,40,128,20,0,,-5
04,14,210,80,140,48,0,,-3
04,14,260,80,97,45,0,,7
04,14,300,40,92,31,0,,10
04,14,300,40,47,20,1,,-7
04,14,290,50,105,66,0,,-3
04,14,340,30,150,75,0,,10
04,14,230,30,149,54,0,,3
04,14,210,50,133,98,1,,-14
04,14,170,50,167,66,0,,1
04,14,160,40,143,99,1,,2
04,14,360,50,98,83,0,,1
04,14,90,20,133,109,0,,0
04,14,210,60,156,97,0,,-2
04,14,260,50,82,73,18,,3
04,14,40,50,121,73,0,,-6
04,14,80,40,137,5,0,,-3
04,14,200,20,156,19,0,,3
04,14,70,30,186,16,0,,0
04,14,90,50,177,94,0,,11
04,14,70,60,169,102,0,,1
04,14,220,30,159,96,0,,5
04,14,280,60,136,34,1,,15
04,14,190,60,184,82,0,,0
04,14,250,30,173,129,0,,-5
04,14,990,10,194,142,0,,-5
04,14,210,90,136,92,0,,11
04,14,250,90,123,38,0,,7
04,14,290,50,106,13,0,,1
04,14,320,50,67,3,-1,,6
04,14,340,50,87,-30,0,,-15
04,14,250,70,109,-30,0,,-4
04,14,250,50,112,21,0,,1
04,14,240,60,68,55,9,,1
04,14,270,60,108,3,0,,2
04,14,340,40,108,-10,0,,-5
04,14,220,60,94,-21,0,,-2
04,14,290,50,105,46,0,,2
04,14,260,70,136,65,0,,-9
04,14,290,50,120,41,0,,-1
04,14,80,60,126,78,0,,3
04,14,260,80,146,89,0,,0
04,14,280,70,134,12,0,,-4
04,14,270,30,124,70,0,,16
04,14,230,60,151,64,0,,-7
04,14,220,40,162,46,0,,1
04,14,320,20,187,51,0,,4
04,14,280,20,96,53,0,,-1
04,14,270,20,146,47,0,,7
04,14,80,50,180,66,0,,4
04,14,280,40,219,88,0,,-26
04,14,300,30,161,113,0,,1
04,14,360,50,155,49,0,,-3
04,14,310,50,128,44,0,,-7
04,14,270,30,82,45,3,,13
04,14,990,10,101,2,0,,2
04,14,80,70,172,10,0,,-4
04,14,40,50,181,19,0,,-2
04,14,350,50,86,29,0,7,7
04,14,30,50,117,-8,0,0,2
04,14,340,20,151,79,0,1,-1
04,14,260,50,175,57,0,0,-3
04,14,350,30,115,44,0,8,10
04,14,240,40,156,53,0,0,1
04,14,290,50,159,69,0,5,-2
04,14,270,40,147,87,0,8,2
04,14,330,30,162,87,0,7,-2
04,14,70,50,204,107,0,0,-2
04,14,70,60,232,121,0,0,2
04,14,80,40,263,122,0,0,5
04,14,90,50,276,56,0,0,2
04,14,350,20,278,54,0,0,-5
04,14,340,50,144,38,0,7,-3
04,14,990,10,132,27,0,8,-1
04,14,260,60,175,41,0,0,-1
04,14,10,50,123,10,0,3,2
04,14,90,30,140,19,0,0,5
04,14,310,20,214,39,0,0,4
04,14,280,50,235,83,0,7,-10
04,14,20,20,224,117,0,6,7
04,14,190,20,272,97,0,8,8
04,14,80,60,273,94,0,0,-3
04,14,60,50,270,76,0,0,-6
04,14,70,40,267,66,0,0,-2
04,14,60,80,221,62,0,0,-6
04,14,70,80,196,-14,0,0,4
04,14,230,70,85,71,6,8,0
04,14,290,50,92,70,7,8,4
04,14,340,50,95,37,0,8,-5
04,14,260,40,108,61,0,8,0
04,14,30,30,72,49,1,6,2
04,14,350,30,72,-33,0,8,4
04,14,240,60,66,-16,0,4,-3
04,14,140,20,90,-25,0,7,4
04,14,30,30,101,-21,0,6,1
04,14,990,10,117,-26,0,2,-5
04,14,310,40,115,10,0,3,0
04,14,220,70,131,26,0,6,-12
04,14,210,20,110,51,0,7,9
04,14,360,50,100,42,0,8,7
04,14,310,30,87,14,-1,7,0
04,14,20,20,83,-9,0,7,-2
04,14,70,60,101,-5,0,1,6
04,14,70,80,120,34,0,4,-6
04,14,100,60,123,55,0,7,-4
04,14,80,60,160,86,0,2,2
04,14,70,80,168,71,0,1,-5
04,14,70,70,153,67,0,7,4
04,14,140,40,186,77,0,6,8
04,14,240,60,176,66,0,7,-11
04,14,270,50,151,70,0,4,-3
04,14,210,20,198,82,0,3,-10
04,14,150,50,219,78,0,7,-3
04,14,210,20,117,87,2,8,-8
04,14,160,60,143,57,0,7,-16
04,14,190,70,134,57,0,7,-1
04,14,50,80,153,58,0,0,2
04,14,70,80,185,80,0,0,-2
04,14,210,20,222,100,0,0,4
04,14,250,40,135,83,0,6,0
04,14,70,30,150,53,0,1,0
04,14,140,40,189,90,0,4,3
04,14,260,40,124,75,0,8,1
04,14,200,70,104,86,5,8,2
04,14,200,50,161,110,0,8,4
04,14,130,60,237,93,0,0,3
04,14,320,10,206,99,0,7,8
04,14,350,20,178,129,0,7,3
04,14,300,20,190,119,0,1,0
04,14,50,40,205,98,0,0,-1
04,14,70,60,238,107,0,0,-12
04,14,270,40,176,111,0,8,-4
04,14,10,30,154,96,0,6,-3
04,14,40,50,176,41,0,0,0
04,14,110,30,157,86,0,3,4
04,14,10,50,192,94,0,4,-1
04,14,320,30,196,62,0,2,-2
04,14,360,50,148,8,0,2,-4
04,14,80,20,144,49,0,1,5
04,14,90,50,182,67,0,1,6
04,14,190,80,163,83,0,7,1
04,14,230,40,187,102,0,8,6
04,14,190,70,143,67,0,7,8
04,14,230,50,109,86,1,7,5
04,14,310,20,164,53,0,4,-5
04,14,40,20,189,35,0,0,3
04,14,260,100,89,-18,0,7,1
04,14,160,70,122,-10,0,7,-4
04,14,180,70,111,65,0,7,-5
04,14,250,70,107,50,1,8,-28
04,14,230,50,111,12,0,7,-2
04,14,130,40,163,30,0,0,4
04,14,160,20,185,72,0,8,-7
04,14,340,40,112,61,0,8,9
04,14,350,50,146,51,0,5,-3
04,14,340,50,129,32,0,2,-9
04,14,50,60,82,20,-1,8,2
04,14,60,80,143,28,0,6,-5
04,14,40,60,158,12,0,1,-1
04,14,50,50,148,13,0,2,-9
04,14,40,50,150,-2,0,0,4
04,14,10,40,121,19,0,6,4
04,14,120,20,152,-26,0,0,9
04,14,340,30,191,11,0,0,-2
04,14,40,30,138,3,0,0,0
04,14,290,50,136,-10,0,1,-17
04,14,320,40,88,-2,0,8,10
04,14,360,20,107,-7,0,4,6
04,14,10,20,151,1,0,0,-3
04,14,80,40,193,-11,0,0,8
04,14,210,40,238,23,0,7,-2
04,14,280,50,162,82,0,6,8
04,14,320,40,189,47,0,5,5
04,14,160,30,229,52,0,4,0
04,14,220,50,260,54,0,7,-6
04,14,270,60,127,89,0,7,1
04,14,230,70,162,127,0,8,3
04,14,170,50,232,89,0,2,7
04,14,250,40,137,104,0,8,7
04,14,280,60,137,35,0,5,1
04,14,230,90,128,36,0,7,-11
04,14,270,60,211,110,0,0,3
04,14,330,40,154,96,0,8,3
04,14,270,40,176,84,0,1,-7
04,14,40,20,164,37,0,0,7
04,14,50,40,184,48,0,0,1
04,14,260,50,228,80,0,0,-18
04,14,310,60,107,4,0,4,0
04,14,310,40,130,-12,0,2,-1
04,14,310,20,123,16,0,6,6
04,14,60,30,145,12,0,7,-6
04,14,50,20,155,7,0,7,4
04,14,60,40,167,27,0,7,3
04,14,120,50,191,13,0,0,5
04,14,230,20,242,55,0,0,-5
04,14,120,20,237,37,0,0,0
04,14,240,30,253,28,0,0,-2
04,14,110,40,264,54,0,4,-2
04,14,70,40,258,73,0,0,2
04,14,40,40,260,68,0,0,-10
04,14,90,50,234,40,0,0,-3
04,14,30,50,218,54,0,0,-3
04,14,330,40,155,97,0,5,-4
04,14,50,50,165,115,-1,7,4
04,14,50,80,222,108,0,0,0
04,14,60,100,205,85,0,0,-3
04,14,280,50,96,3,0,7,-2
04,14,230,30,122,39,0,8,3
04,14,990,10,151,30,0,8,-5
04,14,30,30,91,79,4,8,1
04,14,50,50,88,32,0,8,3
04,14,290,30,106,-9,0,0,0
04,14,340,40,65,-10,0,8,3
04,14,250,50,89,-10,0,5,5
04,14,210,70,103,87,3,8,0
04,14,220,30,101,79,0,8,-11
04,14,40,20,114,55,0,2,10
04,14,170,40,86,48,8,7,1
04,14,190,30,122,42,0,2,-15
04,14,360,30,124,51,0,6,-20
04,14,350,50,91,15,0,8,1
04,14,340,50,96,-34,0,4,-6
04,14,190,90,104,-34,0,7,-1
04,14,200,80,121,26,-1,3,9
04,14,200,60,133,27,0,5,12
04,14,200,40,110,87,5,7,7
04,14,210,30,109,47,-1,7,-19
04,14,130,10,92,48,50,7,-10
04,14,160,60,121,34,0,8,2
04,14,210,20,121,43,0,7,17
04,14,170,60,112,80,2,8,-5
04,14,190,90,154,70,0,8,-5
04,14,230,60,158,74,0,5,3
04,14,360,20,179,134,0,7,-6
04,14,250,40,194,116,0,7,-5
04,14,80,40,217,98,0,8,-10
04,14,70,70,76,-77,0,0,-5
04,14,60,100,82,-91,0,0,-3
04,14,80,80,69,-51,0,8,-6
04,14,80,80,51,-32,0,8,8
04,14,40,60,49,-15,0,8,8
04,14,30,50,87,-57,0,6,-6
04,14,50,20,95,-41,0,0,0
04,14,90,60,100,-44,0,7,-2
04,14,90,40,81,59,-1,8,-8
04,14,270,50,98,48,-1,7,4
04,14,240,80,119,74,0,8,5
04,14,210,80,122,81,-1,7,-6
04,14,220,60,150,39,0,3,1
04,14,150,60,213,92,0,7,0
04,14,230,40,166,126,-1,7,-9
04,14,240,80,174,61,0,8,-2
04,14,210,70,216,96,0,0,0
04,14,240,110,156,11,0,4,-5
04,14,990,10,105,59,16,7,-7
04,14,40,60,115,12,0,0,1
04,14,280,20,134,17,0,8,-1
04,14,200,30,152,9,0,0,2
04,14,270,40,144,89,0,7,11
04,14,250,60,218,102,0,4,-5
04,14,200,30,229,113,0,5,9
04,14,350,50,75,63,1,8,-1
04,14,360,40,109,3,0,5,-2
04,14,220,30,114,-6,0,8,3
04,14,230,50,99,52,-1,8,4
04,14,20,40,138,22,0,5,1
04,14,250,20,205,93,0,2,-3
04,14,70,20,212,83,0,3,-8
04,14,220,50,227,71,0,1,-18
04,14,280,20,153,101,0,8,-1
04,14,220,30,168,92,0,3,7
04,14,200,70,181,112,0,8,1
04,14,180,60,223,98,0,1,-6
04,14,260,80,100,29,-1,5,-17
04,14,260,60,143,52,0,5,-2
04,14,290,30,154,68,0,8,1
04,14,20,20,147,53,0,8,-2
04,14,260,50,146,41,0,7,-3
04,14,280,50,145,48,0,7,-18
04,14,290,70,115,25,0,1,-2
04,14,350,50,107,10,0,7,-7
04,14,110,30,145,-8,0,0,6
04,14,230,70,186,3,0,7,-18
04,14,350,50,115,28,-1,2,11
04,14,60,80,163,45,0,0,4
04,14,80,90,206,83,0,7,1
04,14,110,40,130,83,0,8,-8
04,14,340,20,193,67,0,6,-6
04,14,0,0,198,78,0,8,6
04,14,100,80,140,119,47,8,24
04,14,100,50,240,103,0,4,-9
04,14,190,30,178,75,0,8,-4
04,14,70,20,157,87,0,1,-1
04,14,40,30,169,82,0,8,5
04,14,240,40,151,123,-1,8,-11
04,14,260,30,174,125,0,7,3
04,14,280,80,82,-8,-1,6,8
04,14,310,60,82,-20,0,4,-6
04,14,120,20,95,6,0,7,1
04,14,50,60,92,-9,0,5,-10
04,14,990,10,113,2,0,5,-14
04,14,990,10,107,48,0,7,11
04,14,300,40,124,38,0,4,5
04,14,80,20,128,61,0,8,1
04,14,990,10,188,61,0,1,1
04,14,150,20,210,33,0,0,3
04,14,230,80,134,69,0,8,-8
04,14,220,80,154,3,0,0,1
04,14,290,20,127,7,0,3,0
04,14,260,70,211,70,0,0,3
04,14,270,50,236,57,0,0,-5
04,14,30,50,146,2,0,7,-2
04,14,360,40,124,23,0,6,1
04,14,70,60,146,12,0,3,-2
04,14,130,20,144,33,0,0,3
04,14,40,50,182,15,0,0,1
04,14,340,40,193,21,0,1,-12
04,14,350,50,146,61,0,1,0
04,14,30,20,146,70,0,0,2
04,14,250,60,216,57,0,2,3
04,14,230,50,139,114,7,8,-1
04,14,990,10,141,109,6,8,0
04,14,360,50,128,5,0,5,-5
04,14,290,70,103,-14,0,3,9
04,14,210,70,137,18,0,8,5
04,14,260,50,128,32,0,6,2
04,14,100,30,135,27,0,6,-10
04,14,160,30,139,58,0,6,-4
04,14,190,30,201,83,0,5,7
04,14,210,60,166,68,0,3,-6
04,14,260,40,122,79,1,8,9
04,14,220,60,109,60,2,8,1
04,14,220,100,102,33,0,8,-17
04,14,230,30,126,32,0,5,-6
04,14,180,50,149,4,0,6,-2
04,14,70,50,145,69,0,2,9
04,14,80,70,195,68,0,1,-2
04,14,200,40,180,42,0,5,-6
04,14,240,20,137,69,0,7,-1
04,14,180,30,156,49,0,7,7
04,14,260,40,134,96,0,7,13
04,14,260,60,109,46,0,8,-5
04,14,360,20,64,37,4,7,37
04,14,240,80,117,10,0,8,6
04,14,340,40,127,28,0,8,-3
04,14,60,30,139,36,0,0,0
04,14,50,40,176,46,0,0,-3
04,14,20,40,132,39,0,8,-1
04,14,330,40,94,-10,0,6,-6
04,14,320,50,79,2,0,5,5
04,14,210,70,69,41,0,8,-25
04,14,280,60,49,20,6,7,23
04,14,280,50,78,26,-1,7,14
04,14,260,40,70,42,5,6,-15
04,14,220,80,97,42,-1,8,4
04,14,360,40,115,23,0,8,-2
04,14,220,30,142,97,0,8,-13
04,14,270,40,170,64,0,3,2
04,14,80,20,130,68,0,0,15
04,14,260,20,164,55,0,4,-3
04,14,300,50,122,38,0,8,-7
04,14,310,20,98,42,0,8,4
04,14,270,30,138,66,0,8,-2
04,14,990,10,143,44,0,0,3
04,14,190,30,215,40,0,0,7
04,14,330,40,130,18,0,5,2
04,14,290,40,140,36,0,5,8
04,14,270,80,120,55,0,8,-9
04,14,290,40,123,34,0,4,-1
04,14,260,40,109,33,0,8,0
04,14,310,50,116,34,0,,-5
04,14,300,40,96,37,-1,,13
04,14,330,50,101,0,0,,-8
04,14,10,30,104,4,-1,6,-4
04,14,70,50,84,-48,0,6,-4
04,14,990,10,122,-45,0,7,-1
04,14,270,60,146,76,0,8,-11
04,14,330,60,106,10,0,6,1
04,14,330,40,99,15,0,8,8
04,14,260,60,150,44,0,,-14
04,14,310,50,101,2,0,3,-4
04,14,350,40,94,5,0,8,-3
04,14,230,40,107,11,0,6,-7
04,14,290,40,108,26,0,8,5
04,14,20,20,124,6,0,8,5
04,14,120,90,184,13,0,8,4
04,14,290,30,58,46,0,8,3
04,14,170,40,118,39,-1,8,8
04,14,190,80,170,84,0,8,-2
04,14,190,60,136,90,0,8,5
04,14,300,50,83,23,-1,5,2
04,14,130,80,147,-15,0,7,4
04,14,180,50,222,74,0,8,1
04,14,990,10,233,66,0,7,5
04,14,40,40,176,105,0,8,-2
04,14,80,20,186,99,0,8,1
04,14,110,10,145,109,-1,7,1
04,14,30,40,150,105,0,8,-1
04,14,270,30,154,95,0,8,-6
04,14,210,20,161,81,0,8,6
04,14,210,30,179,104,0,8,-2
04,14,260,40,156,67,0,8,3
04,14,200,50,203,71,0,8,4
04,14,110,30,243,91,0,6,3
04,14,120,60,279,70,0,8,4
04,14,260,30,267,111,0,6,-1
04,14,30,30,221,95,0,8,4
04,14,200,50,266,127,0,4,2
04,14,270,50,158,58,0,8,2
04,14,210,50,141,91,0,8,10
04,14,270,60,151,56,0,5,-14
04,14,270,70,135,25,0,4,6
04,14,140,30,164,45,0,7,-2
04,14,210,50,146,69,0,8,11
04,14,40,50,151,114,0,7,1
04,14,190,100,119,64,4,8,-5
04,14,100,40,141,16,0,0,1
04,14,180,60,145,94,0,8,6
04,14,160,40,98,24,0,8,0
04,14,100,40,89,36,0,8,-1
04,14,70,50,107,47,0,8,0
04,14,110,40,158,68,0,7,-3
04,14,80,70,203,56,0,8,1
04,14,80,20,191,67,0,7,-3
04,14,40,60,147,51,0,8,-3
04,14,40,60,120,7,0,0,-8
04,14,40,40,110,-17,0,4,5
04,14,30,40,67,-16,0,8,-5
04,14,70,30,72,-19,0,6,-17
04,14,50,70,110,-14,0,2,0
04,14,80,60,169,51,0,5,0
04,14,90,50,193,26,0,8,2
04,14,130,30,145,99,0,8,8
04,14,70,70,219,49,0,0,1
04,14,90,40,241,37,0,0,1
04,14,50,50,244,17,0,0,0
04,14,40,30,242,29,0,0,-4
04,14,80,80,258,17,0,6,-4
04,14,80,70,204,63,0,8,5
04,14,160,60,252,69,0,7,-9
04,14,210,60,162,88,0,8,-12
04,14,250,40,172,66,0,8,-9
04,14,260,50,120,68,-1,7,5
04,14,250,20,118,62,0,8,6
04,14,350,40,156,50,0,7,1
04,14,350,40,122,81,0,8,4
04,14,330,30,91,-17,0,1,3
04,14,250,50,101,15,0,8,-3
04,14,270,50,99,0,0,8,-7
04,14,130,40,143,-24,0,0,2
04,14,130,80,197,4,0,0,1
04,14,210,80,232,29,0,0,-1
04,14,60,50,188,54,0,1,6
04,14,210,20,245,47,0,4,-3
04,14,40,40,201,56,0,0,2
04,14,30,40,187,59,0,4,-4
04,14,60,30,202,15,0,8,4
04,14,230,50,237,46,0,1,-13
04,14,10,50,106,-27,0,1,0
04,14,10,30,93,4,0,8,0
04,14,90,20,165,10,0,0,7
04,14,200,20,224,13,0,7,-1
04,14,40,40,176,58,0,0,5
04,14,270,10,145,110,5,8,12
04,14,70,70,179,9,0,0,0
04,14,70,120,186,-10,0,0,1
04,14,70,110,194,12,0,0,-3
04,14,70,70,213,9,0,0,2
04,14,140,20,231,18,0,1,0
04,14,350,60,187,-14,0,6,-3
04,14,990,10,153,38,0,1,-3
04,14,10,30,166,32,0,0,8
04,14,270,50,215,27,0,0,6
04,14,30,10,134,109,9,8,-4
04,14,230,70,158,68,0,8,4
04,14,190,70,158,30,0,8,-3
