04,24,230,82,101,66,0,8,-4
04,24,200,62,90,54,0,6,-1
04,24,190,31,42,35,0,0,-5
04,24,200,62,70,48,0,7,-2
04,24,200,41,45,25,0,0,-1
04,24,220,87,97,34,0,8,-23
04,24,240,72,75,55,-1,7,3
04,24,250,46,97,75,0,8,-4
04,24,180,15,75,41,0,0,-10
04,24,130,36,86,50,0,1,-3
04,24,140,36,80,12,0,1,3
04,24,100,31,118,33,0,0,1
04,24,360,46,110,69,0,0,-6
04,24,70,41,104,37,0,0,-16
04,24,20,67,96,63,0,0,-14
04,24,290,36,23,-11,0,5,-5
04,24,330,31,11,-20,0,6,-1
04,24,280,26,30,30,-1,8,-2
04,24,30,31,1,-21,0,2,-12
04,24,990,5,-8,-25,0,0,0
04,24,210,57,35,-3,0,8,8
04,24,270,31,25,22,0,5,1
04,24,250,15,30,24,0,3,-6
04,24,120,36,22,16,0,0,-5
04,24,80,31,33,21,0,0,2
04,24,40,31,34,-1,0,2,15
04,24,60,15,59,37,0,0,-10
04,24,220,21,40,20,0,0,-7
04,24,190,26,69,49,-1,8,-6
04,24,360,46,65,64,4,8,2
04,24,200,46,49,24,0,2,-3
04,24,210,36,54,39,-1,8,1
04,24,350,26,37,27,0,7,-1
04,24,340,26,17,5,0,0,-10
04,24,240,36,58,33,0,8,-5
04,24,170,26,53,30,0,7,-2
04,24,110,31,77,20,0,0,-6
04,24,80,36,56,6,0,0,-3
04,24,90,31,66,21,0,0,-5
04,24,50,21,79,36,0,5,-7
04,24,210,31,81,47,0,3,-3
04,24,250,36,77,73,0,8,-1
04,24,230,72,64,49,0,6,3
04,24,190,77,96,65,-1,8,-1
04,24,260,51,25,15,0,7,2
04,24,260,26,17,1,0,2,-1
04,24,220,41,65,65,3,8,-1
04,24,240,57,112,109,0,7,-3
04,24,320,21,35,12,0,0,-6
04,24,110,31,48,15,0,0,-3
04,24,190,21,98,46,0,2,-7
04,24,190,15,89,77,0,7,-4
04,24,200,41,95,84,0,4,-2
04,24,170,26,117,86,0,0,8
04,24,200,31,110,104,0,8,8
04,24,230,87,134,123,1,8,-21
04,24,160,26,90,73,-1,8,5
04,24,270,62,71,71,7,8,-2
04,24,210,21,45,42,0,2,1
04,24,210,77,90,66,2,8,1
04,24,230,72,62,19,0,7,-5
04,24,250,5,49,12,0,7,-6
04,24,150,41,46,6,0,7,5
04,24,190,31,30,4,0,1,-7
04,24,240,82,69,32,0,6,0
04,24,240,67,69,44,0,1,3
04,24,320,15,59,42,0,8,-3
04,24,110,46,53,-3,0,6,-5
04,24,190,36,98,48,0,8,-2
04,24,100,41,75,30,0,4,3
04,24,210,26,77,63,0,7,-4
04,24,240,15,60,45,0,6,-10
04,24,200,21,65,48,0,7,5
04,24,190,15,56,52,0,0,-8
04,24,330,26,66,62,0,4,-2
04,24,220,46,88,54,0,7,-6
04,24,230,67,104,96,-1,8,2
04,24,240,87,93,76,-1,8,-1
04,24,160,15,77,57,0,3,-7
04,24,180,26,134,72,0,5,-10
04,24,40,36,112,96,0,2,2
04,24,190,46,101,85,0,1,-2
04,24,160,41,134,56,0,1,11
04,24,70,41,149,77,0,0,-21
04,24,30,51,136,84,0,2,-11
04,24,70,21,129,27,0,0,-6
04,24,60,41,154,112,0,2,-22
04,24,70,41,159,66,0,1,-5
04,24,100,31,159,74,0,1,-6
04,24,210,21,147,95,0,1,-1
04,24,240,93,59,27,0,7,-1
04,24,230,41,27,18,0,6,2
04,24,200,77,64,-1,0,8,-1
04,24,240,98,31,3,-1,7,-17
04,24,200,41,32,23,2,5,3
04,24,190,26,13,7,0,0,0
04,24,200,36,50,40,-1,8,-2
04,24,190,103,58,38,3,8,-5
04,24,170,21,5,0,0,5,7
04,24,340,46,53,33,-1,8,-1
04,24,350,41,70,57,0,5,-2
04,24,310,51,70,48,0,8,-3
04,24,320,62,48,0,0,8,-5
04,24,220,31,31,21,0,7,1
04,24,40,41,71,31,0,8,-2
04,24,20,67,81,45,0,4,-11
04,24,10,62,45,10,0,8,-2
04,24,10,41,33,12,0,0,-7
04,24,30,26,41,14,0,2,-6
04,24,130,21,84,46,0,7,4
04,24,110,26,72,42,0,6,-14
04,24,150,31,102,60,0,0,2
04,24,160,15,123,80,0,6,-12
04,24,210,15,91,90,0,4,5
04,24,190,31,54,34,0,4,2
04,24,210,51,121,104,0,8,-1
04,24,230,46,142,134,0,8,-1
04,24,180,21,117,108,0,2,-9
04,24,170,21,130,102,0,2,11
04,24,340,31,71,54,0,1,-7
04,24,240,46,103,102,0,8,-6
04,24,220,77,119,101,0,0,-4
04,24,260,36,94,88,0,2,-6
04,24,50,21,56,19,0,1,-4
04,24,250,51,99,70,0,6,-7
04,24,230,36,80,80,0,0,10
04,24,330,51,47,21,0,1,-2
04,24,340,31,39,12,0,8,-4
04,24,220,31,59,28,-1,8,-6
04,24,330,31,67,67,0,7,-4
04,24,220,26,81,61,0,7,-16
04,24,30,72,72,53,0,7,-4
04,24,20,46,68,54,0,1,-5
04,24,210,15,60,53,0,4,-12
04,24,300,31,56,49,-1,8,0
04,24,240,46,63,48,0,7,0
04,24,230,87,78,75,0,8,1
04,24,40,15,47,36,0,7,-1
04,24,220,26,22,21,0,6,1
04,24,160,15,9,4,0,0,-3
04,24,60,46,90,66,-1,8,-1
04,24,170,26,68,43,0,2,-13
04,24,360,57,112,97,0,8,-6
04,24,220,21,105,105,1,4,-8
04,24,30,31,116,116,0,7,0
04,24,350,41,110,100,0,3,-7
04,24,10,26,63,33,0,8,-5
04,24,60,31,55,31,0,7,-6
04,24,220,10,114,114,0,8,-3
04,24,220,10,103,102,0,7,-1
04,24,40,26,-20,-50,0,0,4
04,24,40,36,-11,-39,0,0,1
04,24,30,51,13,-27,0,0,-4
04,24,30,36,46,9,0,7,-11
04,24,90,46,60,32,0,8,-3
04,24,180,26,68,39,0,4,-6
04,24,290,31,71,48,0,6,-6
04,24,150,15,50,35,0,3,-4
04,24,130,21,77,57,0,7,4
04,24,250,36,108,70,-1,8,-9
04,24,40,62,44,36,-1,8,-9
04,24,60,46,18,-47,0,4,-4
04,24,80,46,39,-4,0,5,-9
04,24,80,36,50,-15,0,1,-9
04,24,170,21,66,-8,0,1,-8
04,24,130,41,80,-24,0,3,0
04,24,240,41,111,59,0,7,-8
04,24,180,31,107,52,0,3,-7
04,24,170,26,123,59,0,6,-7
04,24,170,36,140,4,0,5,-8
04,24,190,41,175,48,0,1,-11
04,24,170,51,186,52,0,2,2
04,24,240,46,111,57,0,6,-8
04,24,210,36,71,52,0,1,-5
04,24,210,10,70,35,0,0,-6
04,24,10,26,111,84,0,2,-8
04,24,360,36,125,82,0,3,-10
04,24,340,41,79,55,0,6,-8
04,24,990,10,47,5,0,0,0
04,24,60,15,101,17,0,6,-3
04,24,10,20,76,41,0,0,-8
04,24,110,20,70,38,0,3,-15
04,24,270,40,51,27,0,6,-4
04,24,200,40,43,-7,0,8,4
04,24,300,50,103,88,-1,8,-17
04,24,50,30,14,-18,0,0,-10
04,24,90,30,33,-20,0,0,-8
04,24,130,20,53,-28,0,0,-9
04,24,20,20,85,-3,0,0,-2
04,24,250,30,90,19,0,3,-7
04,24,300,30,30,2,0,2,-5
04,24,330,30,42,8,0,6,-2
04,24,250,10,75,36,0,7,-2
04,24,330,40,50,25,0,5,-3
04,24,10,20,23,-11,0,4,-6
04,24,360,20,39,29,0,0,-9
04,24,20,50,59,13,0,1,-19
04,24,360,40,52,26,0,3,-9
04,24,10,40,26,2,0,3,-3
04,24,90,20,20,-56,0,0,-14
04,24,340,20,35,-19,0,6,-2
04,24,20,30,43,0,0,4,-10
04,24,170,30,45,-22,0,3,-11
04,24,190,40,56,16,0,4,2
04,24,260,20,86,81,3,8,-1
04,24,90,30,104,97,-1,8,-1
04,24,240,30,106,94,0,8,-2
04,24,240,90,109,91,2,8,-5
04,24,310,60,91,79,0,8,-7
04,24,0,0,92,84,0,6,3
04,24,210,40,98,95,0,4,4
04,24,190,60,110,85,0,7,1
04,24,190,60,79,64,2,8,-2
04,24,200,70,92,67,0,4,1
04,24,200,50,81,65,1,6,-4
04,24,180,40,65,47,0,1,-8
04,24,250,50,63,61,8,8,5
04,24,130,30,46,41,0,1,-7
04,24,170,30,46,35,0,6,7
04,24,200,30,59,51,0,7,-5
04,24,280,30,49,45,0,7,-5
04,24,200,30,9,0,0,5,3
04,24,210,40,6,0,0,5,2
04,24,150,50,40,6,0,8,8
04,24,190,80,41,12,-1,7,-12
04,24,100,30,54,16,0,8,1
04,24,130,10,46,39,0,7,3
04,24,220,40,60,48,0,8,-6
04,24,160,30,70,35,0,8,2
04,24,230,60,81,61,0,7,-10
04,24,990,10,98,73,0,7,-5
04,24,120,50,109,66,0,1,-5
04,24,200,50,115,103,2,7,0
04,24,220,70,126,104,0,8,-5
04,24,270,40,120,105,1,8,-15
04,24,130,20,94,91,0,8,-2
04,24,260,20,82,82,-1,8,0
04,24,990,10,73,64,0,3,-12
04,24,40,30,102,94,0,2,-3
04,24,330,20,99,97,0,0,4
04,24,90,50,106,47,0,1,-3
04,24,180,20,102,82,0,7,-6
04,24,240,50,119,107,0,7,-4
04,24,190,20,88,79,0,7,-6
04,24,210,40,135,121,0,8,-5
04,24,240,70,103,76,0,8,-2
04,24,250,30,73,64,0,7,-1
04,24,160,20,41,35,0,0,0
04,24,200,30,111,101,0,8,-17
04,24,240,50,100,98,4,8,-4
04,24,210,70,64,27,0,0,0
04,24,240,40,68,62,10,8,3
04,24,220,70,29,15,0,6,2
04,24,320,30,13,13,14,8,-2
04,24,170,40,19,-5,0,0,-4
04,24,0,0,24,11,0,1,-17
04,24,340,20,43,36,0,6,2
04,24,250,30,49,28,0,7,0
04,24,170,30,24,10,0,1,-3
04,24,170,70,107,93,4,8,3
04,24,210,60,107,87,0,3,-5
04,24,200,40,74,62,0,1,-5
04,24,140,20,105,86,0,5,-4
04,24,210,40,78,69,0,3,-8
04,24,80,40,123,90,0,7,-2
04,24,70,50,127,93,0,2,-10
04,24,20,40,114,90,0,1,-6
04,24,30,40,104,73,0,0,-14
04,24,50,20,81,41,0,0,-13
04,24,40,10,107,25,0,0,-9
04,24,190,30,63,50,0,8,2
04,24,100,50,87,26,0,7,-3
04,24,200,50,111,76,0,7,2
04,24,260,20,65,53,0,8,5
04,24,20,50,11,-35,0,1,1
04,24,990,10,32,5,0,1,-8
04,24,50,20,50,-8,0,0,-2
04,24,90,40,81,23,0,8,0
04,24,60,50,58,31,0,2,-7
04,24,20,30,41,-4,0,1,-4
04,24,130,50,60,44,-1,8,3
04,24,200,50,57,19,0,7,0
04,24,230,60,54,31,0,3,-3
04,24,70,30,75,67,4,8,-6
04,24,220,100,67,36,-1,8,-3
04,24,110,20,86,59,0,7,5
04,24,190,50,85,60,0,7,3
04,24,130,30,81,49,0,8,-6
04,24,200,40,96,75,0,3,-6
04,24,130,30,126,72,-1,8,-1
04,24,100,30,114,61,0,2,-16
04,24,90,30,130,127,57,8,-1
04,24,280,30,92,90,5,8,-2
04,24,150,20,92,66,0,1,-15
04,24,110,20,118,75,0,2,-9
04,24,990,10,144,126,0,8,-4
04,24,230,30,135,127,0,4,-7
04,24,240,50,144,120,0,8,-5
04,24,990,10,113,108,0,8,1
04,24,40,20,123,121,0,8,1
04,24,180,20,92,71,0,1,-9
04,24,190,60,159,67,0,1,-17
04,24,180,50,102,61,0,7,7
04,24,230,60,55,32,0,5,-1
04,24,210,90,82,64,1,8,10
04,24,220,50,108,100,11,7,-17
04,24,990,10,69,52,0,7,-2
04,24,190,30,59,23,0,8,-11
04,24,210,40,99,94,0,8,6
04,24,270,20,71,66,0,8,-1
04,24,350,40,47,32,0,1,-12
04,24,310,20,10,-17,0,1,-5
04,24,30,40,0,-53,0,0,-9
04,24,210,70,30,28,8,8,15
04,24,280,40,51,31,0,7,1
04,24,290,30,46,35,0,8,1
04,24,230,60,52,22,0,6,-2
04,24,250,40,15,-1,0,3,2
04,24,230,50,16,5,0,2,0
04,24,60,30,14,5,0,0,-7
04,24,10,40,43,15,0,0,-15
04,24,80,30,71,14,0,7,-5
04,24,160,20,54,17,0,3,-14
04,24,240,30,99,91,2,8,-2
04,24,210,70,81,58,0,6,-3
04,24,180,30,82,56,0,5,-1
04,24,210,30,91,86,22,8,-4
04,24,210,40,86,73,5,8,2
04,24,170,20,110,106,0,7,2
04,24,20,60,134,114,0,4,-5
04,24,150,40,95,34,0,0,-6
04,24,100,50,112,24,0,2,-3
04,24,80,50,110,24,0,0,-3
04,24,100,50,98,16,0,3,-8
04,24,90,80,54,-44,0,0,-7
04,24,80,30,31,-24,0,0,-3
04,24,70,40,45,-25,0,0,-10
04,24,70,20,38,-46,0,0,-11
04,24,50,40,53,-33,0,0,-5
04,24,50,40,39,-21,0,1,-3
04,24,20,30,54,16,0,5,1
04,24,360,70,71,44,0,8,-5
04,24,280,20,39,11,0,3,-8
04,24,270,30,51,31,0,7,-14
04,24,240,30,51,45,14,8,2
04,24,330,20,72,68,1,8,-1
04,24,170,30,68,45,0,6,12
04,24,990,10,63,44,-1,6,-10
04,24,200,20,46,40,0,6,1
04,24,0,0,66,49,0,1,-13
04,24,130,20,92,51,0,1,-9
04,24,200,30,104,64,0,7,18
04,24,990,10,120,89,0,6,0
04,24,220,20,113,103,0,2,11
04,24,270,20,84,67,0,1,-5
04,24,240,70,72,40,0,7,-1
04,24,210,60,79,42,0,7,4
04,24,220,90,101,71,1,7,-15
04,24,230,80,81,37,0,7,-4
04,24,210,80,147,70,0,6,-10
04,24,250,40,57,44,1,8,5
04,24,290,30,21,11,0,1,0
04,24,330,30,11,-12,0,0,-4
04,24,330,30,69,60,-1,7,-1
04,24,360,70,48,24,-1,8,-5
04,24,30,50,10,-50,0,0,-7
04,24,80,30,-8,-79,0,0,-3
04,24,70,20,-5,-68,0,1,-6
04,24,30,30,16,-55,0,8,1
04,24,200,30,-11,-19,0,0,-8
04,24,120,10,30,-28,0,7,-14
04,24,120,20,75,23,0,5,-4
04,24,90,50,107,31,0,7,-8
04,24,60,20,107,-9,0,0,7
04,24,70,30,145,42,0,0,-6
04,24,80,40,129,8,0,0,-8
04,24,60,30,120,10,0,0,-9
04,24,70,50,61,-8,0,0,-11
04,24,50,30,37,22,0,0,-1
04,24,230,30,98,60,0,0,-21
04,24,310,30,120,113,1,8,-5
04,24,40,30,103,58,0,4,-3
04,24,70,10,95,81,0,0,-4
04,24,190,20,138,68,0,1,-9
04,24,230,50,156,136,15,8,-12
04,24,210,60,115,98,-1,8,1
04,24,200,50,115,97,0,8,1
04,24,200,60,154,138,0,8,3
04,24,160,20,107,80,0,7,3
04,24,210,80,100,73,0,7,1
04,24,100,70,126,39,0,0,-9
04,24,180,40,115,72,-1,8,-9
04,24,190,80,119,73,-1,7,-1
04,24,210,60,92,32,0,8,-14
04,24,220,50,45,34,5,7,3
04,24,250,40,38,28,0,8,-3
04,24,260,30,36,29,0,8,2
04,24,320,10,40,32,0,7,1
04,24,340,20,45,31,0,2,-6
04,24,20,40,48,13,0,8,-7
04,24,60,20,28,7,0,0,-3
04,24,50,50,83,43,0,8,-4
04,24,60,10,49,38,0,1,-1
04,24,150,30,54,16,0,0,-4
04,24,160,10,96,39,0,0,-10
04,24,110,30,95,36,0,6,1
04,24,210,50,88,60,0,8,-1
04,24,180,60,69,26,0,6,-6
04,24,160,20,43,26,0,7,11
04,24,190,40,98,69,0,8,-6
04,24,150,30,104,85,0,6,11
04,24,210,20,100,92,6,8,-1
04,24,10,30,85,46,0,1,-13
04,24,10,40,97,67,0,0,-14
04,24,80,30,103,59,0,8,-6
04,24,50,10,110,63,0,0,-1
04,24,150,50,147,75,0,8,-19
04,24,160,20,109,94,0,8,7
04,24,360,30,126,114,0,8,4
04,24,180,30,123,118,0,8,-14
04,24,110,40,73,-3,0,0,3
04,24,160,30,91,24,0,2,6
04,24,160,30,89,35,0,8,10
04,24,310,40,92,77,1,8,-9
04,24,210,20,58,22,0,7,-6
04,24,200,50,107,92,-1,8,1
04,24,220,50,71,33,0,7,-4
04,24,340,60,36,14,0,8,-5
04,24,250,40,55,32,-1,8,-2
04,24,40,10,43,26,0,1,-1
04,24,320,10,63,41,0,0,-6
04,24,990,10,83,42,0,5,-6
04,24,180,40,114,73,0,7,-3
04,24,110,10,94,69,0,0,-7
04,24,300,20,76,60,2,8,-7
04,24,300,30,76,74,0,9,-3
04,24,220,20,88,87,0,9,-1
04,24,230,20,91,72,0,8,-10
04,24,90,20,59,54,0,8,0
04,24,60,30,40,-12,0,0,-5
04,24,130,20,44,-1,0,0,3
04,24,100,30,75,16,0,0,-21
04,24,150,20,89,53,0,5,-9
04,24,90,20,120,103,0,8,0
04,24,240,50,101,96,13,8,-2
04,24,190,40,113,96,0,8,-3
04,24,190,30,79,58,0,7,-6
04,24,200,40,140,80,0,7,-15
04,24,160,20,136,130,0,8,1
04,24,70,30,141,117,0,0,-4
04,24,200,50,67,28,0,2,7
04,24,220,80,87,32,0,8,-2
04,24,230,40,57,31,0,8,0
04,24,40,40,11,-19,0,3,-6
04,24,240,10,4,-27,0,0,-14
04,24,220,40,40,-22,0,0,-13
04,24,220,40,59,21,0,8,-12
04,24,220,50,47,17,0,0,-8
04,24,30,50,51,5,0,7,-8
04,24,340,30,30,-8,0,0,-3
04,24,200,90,49,26,1,8,0
04,24,220,50,71,33,0,8,1
04,24,250,50,99,83,1,8,0
04,24,60,10,71,65,0,8,-4
04,24,200,70,118,96,8,8,-8
04,24,230,40,95,73,0,8,-4
04,24,220,40,67,36,0,8,3
04,24,190,30,59,27,0,3,1
04,24,200,30,72,39,0,0,-3
04,24,110,20,105,51,0,8,-2
04,24,350,40,106,75,-1,8,-14
04,24,330,10,78,36,0,8,-3
04,24,100,30,98,46,0,8,5
04,24,100,30,105,57,0,0,7
04,24,290,10,126,95,0,8,-5
04,24,270,10,78,70,0,5,9
04,24,360,40,96,57,0,7,-15
04,24,330,40,47,6,0,8,-8
04,24,260,20,49,15,0,8,-3
04,24,180,30,27,7,0,8,1
04,24,80,40,89,10,0,0,-14
04,24,20,60,92,26,0,5,-16
04,24,20,80,52,1,0,6,-9
04,24,350,10,33,-25,0,0,-1
04,24,280,10,63,49,0,0,-11
04,24,20,50,89,39,0,8,0
04,24,20,30,49,25,0,0,-13
04,24,210,20,58,23,0,0,-3
04,24,220,30,59,30,0,0,9
04,24,200,10,71,44,0,0,-2
04,24,70,30,91,65,0,0,-7
04,24,80,30,115,77,0,3,0
04,24,80,50,158,89,0,0,-8
04,24,110,50,169,81,0,0,-1
04,24,140,10,143,54,0,0,-12
04,24,320,10,126,89,0,1,-6
04,24,330,20,66,40,0,0,-6
04,24,210,30,50,16,0,1,-8
04,24,10,20,80,46,0,0,-17
04,24,50,30,40,-1,0,0,-4
04,24,70,30,69,6,0,3,-16
04,24,160,30,98,32,0,0,1
04,24,280,10,155,93,0,8,-15
04,24,180,10,175,106,0,8,-16
04,24,50,10,156,95,0,0,-18
04,24,190,10,146,73,0,0,-8
04,24,30,30,148,84,0,0,-8
04,24,40,30,146,96,0,0,-17
04,24,50,50,118,39,0,7,-1
04,24,80,30,107,11,0,0,-5
04,24,230,40,81,63,0,8,-4
04,24,300,30,58,46,0,8,-5
04,24,340,20,38,26,0,0,-14
04,24,200,40,88,73,-1,8,6
04,24,320,30,42,39,-1,8,-6
04,24,50,30,13,-10,0,8,-10
04,24,190,30,9,-6,0,0,-2
04,24,130,20,33,2,0,4,2
04,24,250,20,38,23,0,0,-11
04,24,70,30,42,18,0,8,3
04,24,230,40,63,23,0,0,-7
04,24,230,40,68,52,12,8,0
04,24,170,20,76,56,0,7,-1
04,24,310,20,50,46,0,8,-8
04,24,10,20,28,0,0,0,-11
04,24,50,20,9,-11,0,0,-8
04,24,60,50,44,4,0,0,-5
04,24,60,60,66,30,0,8,-5
04,24,100,30,71,68,0,8,-3
04,24,70,60,91,64,0,0,-7
04,24,70,40,99,63,0,8,-2
04,24,140,30,105,57,0,8,-7
04,24,240,20,105,102,0,8,-2
04,24,230,50,88,70,0,0,-4
04,24,120,10,93,65,0,8,-4
04,24,170,30,123,65,0,0,-5
04,24,180,50,168,48,0,8,-1
04,24,190,40,81,66,0,6,7
04,24,160,40,111,69,0,8,8
04,24,180,40,74,47,0,0,0
04,24,50,50,83,35,0,0,-27
04,24,70,20,93,60,0,0,-13
04,24,220,30,123,115,-1,8,4
04,24,240,20,94,62,0,8,-2
04,24,80,30,78,59,0,0,-12
04,24,160,30,138,67,0,5,-5
04,24,180,40,92,74,0,8,-4
04,24,210,40,108,101,-1,8,0
04,24,120,40,134,89,0,8,0
04,24,200,30,149,84,0,8,-10
04,24,290,10,132,78,0,0,-20
04,24,250,20,109,100,0,8,-16
04,24,360,20,104,83,0,0,-7
04,24,80,40,142,87,0,6,-18
04,24,150,10,107,84,0,4,6
04,24,220,40,103,99,10,8,0
04,24,250,10,95,93,0,9,-1
04,24,70,40,77,62,0,0,-3
04,24,100,10,83,64,0,0,-8
04,24,10,20,99,60,0,0,-14
04,24,290,10,82,52,0,0,-15
04,24,350,20,60,31,0,0,-10
04,24,120,10,76,45,0,0,-16
04,24,110,30,104,42,0,0,-12
04,24,90,20,116,106,1,8,2
04,24,150,30,113,108,-1,8,1
04,24,150,40,115,45,0,8,-3
04,24,140,20,66,38,0,0,-15
04,24,180,20,77,67,0,1,-11
04,24,360,20,107,73,0,0,-15
04,24,190,50,32,-14,0,0,-1
04,24,200,60,61,48,17,8,-5
04,24,170,40,75,43,0,8,7
04,24,240,40,55,32,0,4,-14
04,24,190,40,57,7,0,0,-5
04,24,100,20,92,29,0,0,-20
04,24,300,10,111,75,-1,8,-3
04,24,360,20,40,15,0,0,0
04,24,360,20,70,46,0,0,-7
04,24,30,40,26,1,0,0,3
04,24,30,40,43,25,0,8,-5
04,24,30,40,88,55,-1,8,-16
04,24,10,40,74,33,0,8,-9
04,24,40,40,54,19,0,8,-16
04,24,10,40,63,12,0,3,-7
04,24,50,30,33,-2,0,0,-19
04,24,10,10,66,-4,0,0,-17
04,24,350,20,81,26,0,0,-12
04,24,190,20,45,29,0,0,-10
04,24,210,30,24,-2,0,8,3
04,24,30,10,12,-21,0,0,-5
04,24,20,20,32,-16,0,0,-9
04,24,50,20,52,-4,0,0,0
04,24,130,20,116,14,0,0,-15
04,24,230,30,110,103,0,6,-12
04,24,250,10,83,68,0,1,-13
04,24,110,20,117,64,0,1,-15
04,24,170,30,159,70,0,8,-2
04,24,250,70,190,117,-1,8,-31
04,24,240,20,101,47,0,8,-14
04,24,180,50,106,86,0,2,-3
04,24,330,10,128,92,0,2,11
04,24,240,40,91,83,5,8,-7
04,24,220,50,60,6,0,0,0
04,24,210,60,108,72,0,8,6
04,24,190,50,145,123,0,0,-6
04,24,270,20,96,69,0,3,-4
04,24,990,10,77,33,0,0,-11
04,24,80,30,82,25,0,0,-13
04,24,90,10,99,53,0,0,-1
04,24,310,50,91,66,1,8,-6
04,24,250,20,35,8,0,0,-12
04,24,160,10,70,33,-1,8,-13
04,24,80,20,65,7,0,6,-1
04,24,220,20,55,5,0,0,-19
04,24,250,10,93,26,0,7,-17
04,24,100,20,62,6,0,0,2
04,24,170,30,121,7,0,0,6
04,24,160,20,132,32,0,0,-7
04,24,140,30,118,31,0,3,-13
04,24,120,30,150,54,0,8,-1
04,24,100,10,117,79,0,0,-5
04,24,180,10,128,80,0,0,-14
04,24,70,40,139,46,0,0,6
04,24,60,30,109,38,0,0,-14
04,24,10,40,113,46,0,0,-13
04,24,340,20,96,89,0,2,-4
04,24,20,20,90,81,0,0,-8
04,24,60,50,132,88,0,0,-13
04,24,60,50,118,39,0,0,-9
04,24,250,10,23,1,0,0,1
04,24,120,20,69,33,0,0,-6
04,24,130,10,82,41,0,7,6
04,24,40,40,71,57,0,8,-4
04,24,30,40,56,26,0,8,-3
04,24,260,20,41,-6,-1,8,-9
04,24,320,30,25,-22,0,8,-6
04,24,200,80,53,45,3,8,0
04,24,200,80,91,80,3,8,1
04,24,230,40,74,66,-1,8,-3
04,24,180,30,63,53,1,7,-10
04,24,220,30,34,31,0,0,2
04,24,80,20,63,47,0,8,-10
04,24,360,40,53,27,0,4,-6
04,24,360,30,24,-5,0,0,-5
04,24,170,10,0,-21,0,0,2
04,24,210,60,45,29,0,8,-1
04,24,160,60,78,42,0,8,0
04,24,180,30,72,41,0,8,-2
04,24,190,50,68,37,0,6,-1
04,24,210,50,58,42,0,7,0
04,24,200,60,53,37,0,6,-4
04,24,160,40,76,51,-1,7,-3
04,24,230,40,76,65,-1,8,-3
04,24,160,90,107,83,5,7,1
04,24,200,70,102,76,2,8,-3
04,24,60,60,97,89,11,8,-1
04,24,60,40,134,119,0,8,-13
04,24,170,30,115,57,0,0,0
04,24,50,70,165,101,-1,8,-11
04,24,70,30,-13,-63,0,0,-15
04,24,50,40,-9,-59,0,0,-8
04,24,70,50,4,-54,0,8,-3
04,24,70,50,11,-30,0,0,-2
04,24,50,20,21,-7,0,8,0
04,24,340,20,18,-20,0,8,7
04,24,80,30,33,-50,0,8,-18
04,24,180,30,34,7,0,2,-7
04,24,210,50,64,45,0,8,0
04,24,110,40,72,62,6,8,1
04,24,240,30,90,78,0,8,-2
04,24,230,80,77,62,10,8,7
04,24,200,80,113,88,-1,8,3
04,24,180,40,169,78,0,0,-5
04,24,200,10,109,94,0,7,-9
04,24,220,50,143,95,0,8,-1
04,24,190,60,190,87,0,0,-2
04,24,240,60,92,35,0,8,-10
04,24,360,50,62,37,0,8,-5
04,24,30,40,56,-2,0,6,0
04,24,320,30,79,1,0,6,-20
04,24,230,40,94,36,0,8,0
04,24,180,20,85,62,0,0,-6
04,24,200,20,130,100,0,8,-9
04,24,170,20,134,98,0,7,5
04,24,320,30,56,50,-1,8,-2
04,24,20,50,48,14,0,1,-15
04,24,210,40,73,41,0,8,-3
04,24,130,10,60,3,0,8,-8
04,24,40,50,91,32,0,8,-4
04,24,100,20,119,70,0,0,-25
04,24,160,30,130,72,0,8,-4
04,24,150,20,139,77,0,8,1
04,24,340,10,119,93,0,8,-3
04,24,180,30,84,51,0,0,1
04,24,200,40,146,111,0,8,-4
04,24,200,50,132,116,0,1,6
04,24,240,30,60,42,0,0,-15
04,24,200,20,58,41,0,0,-6
04,24,340,10,90,67,0,1,-9
04,24,350,20,73,53,0,0,-13
04,24,260,30,92,43,0,5,-9
04,24,220,50,60,30,0,0,16
04,24,300,20,31,18,0,0,-2
04,24,30,30,21,0,0,2,-9
04,24,170,30,71,-4,0,0,-5
04,24,330,50,78,71,4,8,-1
04,24,340,30,55,33,0,8,-2
04,24,40,40,100,77,0,0,0
04,24,100,20,122,52,0,0,-1
04,24,210,30,105,98,0,8,-1
04,24,140,10,103,83,0,4,-19
04,24,130,30,120,91,0,5,-13
04,24,60,50,119,102,0,0,3
04,24,220,60,120,95,0,8,-6
04,24,220,30,107,96,1,8,-2
04,24,160,10,104,61,0,7,-12
04,24,20,10,125,87,-1,8,-10
04,24,0,0,111,106,1,7,-3
04,24,260,10,114,90,0,8,-10
04,24,240,70,56,37,2,8,0
04,24,240,20,7,-6,0,0,-3
04,24,150,10,62,23,0,8,-4
04,24,360,40,20,-4,0,7,-6
04,24,360,30,43,1,0,8,-17
04,24,140,10,30,22,0,0,-14
04,24,340,10,56,28,0,0,-3
04,24,80,30,69,45,0,0,-1
04,24,250,10,79,50,0,0,-4
04,24,190,50,134,12,0,7,-3
04,24,170,20,44,32,0,0,0
04,24,250,50,120,33,0,5,-13
04,24,180,20,68,32,0,0,-8
04,24,200,30,112,73,0,0,1
04,24,30,50,110,80,0,0,-14
04,24,40,50,85,15,0,8,-6
04,24,40,50,50,8,0,0,-10
04,24,40,40,48,9,0,0,-9
04,24,60,20,70,17,0,0,-17
04,24,20,30,94,37,0,0,-14
04,24,10,50,62,49,0,0,-5
04,24,60,40,69,48,0,0,-10
04,24,90,20,78,44,0,0,0
04,24,290,30,141,92,0,5,-10
04,24,190,30,114,107,1,8,0
04,24,360,40,108,105,17,8,-6
04,24,350,40,48,11,0,4,-6
04,24,170,30,38,-12,0,6,-10
04,24,250,20,91,50,0,8,-8
04,24,180,30,43,35,0,0,0
04,24,170,10,85,38,0,8,-1
04,24,120,30,122,90,-1,8,6
04,24,170,50,145,105,-1,8,-4
04,24,180,50,106,87,5,8,-4
04,24,220,30,62,46,0,0,4
04,24,220,70,60,33,0,3,1
04,24,190,30,50,25,0,8,-6
04,24,150,20,42,27,0,0,-14
04,24,190,20,90,19,0,8,-10
04,24,100,50,106,45,0,0,-8
04,24,180,20,117,77,-1,8,-13
04,24,190,20,69,65,0,4,-13
04,24,210,20,60,56,0,0,6
04,24,190,40,102,80,11,8,-9
04,24,200,70,103,69,0,0,-3
04,24,270,20,51,34,0,8,-2
04,24,230,20,18,10,0,0,-10
04,24,230,30,78,26,0,8,-17
04,24,40,30,28,6,0,0,-5
04,24,50,30,45,11,0,0,-6
04,24,40,40,97,30,0,5,-2
04,24,30,60,85,17,0,8,-11
04,24,230,20,8,-14,0,2,16
04,24,230,20,3,-3,0,0,6
04,24,240,40,24,13,1,7,0
04,24,240,70,30,8,-1,8,-4
04,24,220,30,31,16,-1,8,-9
04,24,190,40,40,6,0,8,3
04,24,180,20,61,57,19,8,0
04,24,360,40,50,33,0,8,-2
04,24,180,30,85,73,0,8,-19
04,24,360,10,79,65,0,0,-14
04,24,190,20,51,38,0,0,2
04,24,10,30,86,65,0,6,-19
04,24,310,30,47,34,0,0,-10
04,24,200,20,39,21,0,8,-6
04,24,270,10,99,71,0,8,-13
04,24,70,20,67,41,0,0,-1
04,24,190,40,121,54,0,0,-3
04,24,310,20,45,24,0,7,-3
04,24,220,20,65,41,0,8,-10
04,24,230,40,88,58,0,8,1
04,24,240,20,43,16,0,2,-9
04,24,230,40,84,47,0,8,0
04,24,200,30,32,10,0,6,17
04,24,180,20,58,50,10,8,2
04,24,300,20,16,-4,0,4,3
04,24,30,60,27,-16,0,0,2
04,24,90,10,7,-42,0,2,-17
04,24,200,20,27,-25,0,0,-4
04,24,250,30,101,67,0,8,-2
04,24,310,20,42,9,0,8,-13
04,24,160,10,21,2,0,7,-6
04,24,250,30,97,48,0,8,-33
04,24,210,20,18,-14,0,1,-22
04,24,330,20,28,9,0,2,-2
04,24,190,20,24,12,0,0,-11
04,24,240,10,33,10,0,7,-8
04,24,100,50,67,-2,0,0,-7
04,24,110,40,132,15,0,8,4
04,24,160,20,42,22,0,8,-7
04,24,200,60,96,82,1,8,1
04,24,210,60,98,69,0,0,-9
04,24,210,60,96,64,-1,8,0
04,24,110,20,26,-3,0,8,5
04,24,80,20,55,12,0,8,14
04,24,180,20,131,63,0,2,-6
04,24,320,20,136,80,0,8,-14
04,24,180,60,144,103,0,8,-7
04,24,230,40,105,74,0,8,-6
04,24,50,30,76,73,0,2,3
04,24,130,10,84,76,0,0,-9
04,24,180,20,92,84,0,8,-10
04,24,200,30,118,114,13,8,-4
04,24,170,20,118,84,0,8,-5
04,24,60,30,85,65,0,0,-7
04,24,180,20,122,70,0,1,-8
04,24,100,20,162,68,0,8,-17
04,24,180,30,166,87,0,0,-12
04,24,310,20,155,98,0,8,-11
04,24,70,20,151,108,0,1,-7
04,24,190,30,157,131,-1,8,-6
04,24,230,50,88,50,0,6,-3
04,24,210,50,148,83,0,8,1
04,24,230,40,83,36,0,6,1
04,24,190,30,52,13,0,8,-2
04,24,240,50,137,50,0,8,-23
04,24,170,20,80,47,0,0,-7
04,24,350,60,119,113,61,8,-2
04,24,230,90,52,40,7,8,-2
04,24,160,20,84,34,0,0,7
04,24,220,40,67,44,-1,8,-4
04,24,190,30,39,19,0,8,-8
04,24,140,10,32,19,0,6,-1
04,24,60,30,71,55,0,8,-1
04,24,280,20,96,67,0,8,-8
04,24,220,30,97,89,0,0,-4
04,24,220,20,97,94,-1,8,-3
04,24,40,60,83,34,0,8,-10
04,24,30,60,39,-21,0,0,-9
04,24,40,40,19,-37,0,0,-9
04,24,30,50,22,-19,0,8,-15
04,24,30,40,15,1,0,8,0
04,24,60,30,25,-5,0,1,-4
04,24,100,60,101,16,0,2,-8
04,24,120,20,105,82,0,8,2
04,24,80,30,102,71,0,0,-6
04,24,80,40,126,36,0,8,-4
04,24,100,20,121,29,0,0,13
04,24,60,50,133,29,0,0,-18
04,24,110,40,145,34,0,0,-12
04,24,90,70,142,11,0,0,-10
04,24,160,30,152,76,0,8,-8
04,24,150,40,97,67,0,0,-2
04,24,190,30,95,70,0,8,2
04,24,180,40,99,54,0,2,-10
04,24,210,50,83,39,0,8,-4
04,24,310,10,49,40,0,0,-4
04,24,10,50,101,65,0,8,-4
04,24,350,20,67,54,0,0,-3
04,24,350,30,26,-5,0,0,-13
04,24,220,40,65,28,0,6,4
04,24,150,20,43,-14,0,8,-4
04,24,100,30,69,-7,0,0,-5
04,24,160,40,131,6,0,0,-4
04,24,250,20,131,88,0,8,-10
04,24,120,20,127,82,0,6,-8
04,24,0,0,124,55,0,0,-17
04,24,40,30,90,58,0,0,-8
04,24,60,40,92,18,0,8,-8
04,24,200,20,111,68,0,0,-9
04,24,210,20,113,64,0,6,-6
04,24,10,30,25,-30,0,0,-4
04,24,80,20,28,-14,0,5,-4
04,24,100,10,81,15,0,5,-9
04,24,30,20,105,65,0,0,-17
04,24,40,30,103,52,0,7,-5
04,24,270,20,105,97,0,8,-7
04,24,60,50,94,5,0,0,-14
04,24,60,60,100,-22,0,4,-15
04,24,50,40,97,10,0,0,-2
04,24,90,50,122,9,0,0,-43
04,24,210,30,100,47,0,8,-6
04,24,350,50,73,49,0,0,-6
04,24,360,30,64,41,0,0,-12
04,24,990,10,79,29,0,0,-8
04,24,30,30,107,52,0,8,-9
04,24,220,40,118,101,0,8,1
04,24,200,40,95,86,2,8,-3
04,24,230,50,81,71,8,8,-1
04,24,230,62,88,57,-1,8,-1
04,24,190,51,104,34,0,7,-1
04,24,200,36,43,30,0,0,-3
04,24,180,57,69,51,-1,8,1
04,24,200,36,53,32,0,6,8
04,24,200,72,71,49,13,8,0
04,24,230,36,79,64,0,8,-3
04,24,260,21,95,74,0,5,-15
04,24,0,0,48,41,0,1,-6
04,24,130,36,96,27,0,2,-5
04,24,130,36,90,7,0,2,-10
04,24,120,26,92,6,0,0,-12
04,24,360,51,111,66,0,7,-7
04,24,20,26,94,36,0,0,1
04,24,10,46,67,-14,0,1,-10
04,24,340,41,36,5,-1,6,-9
04,24,250,10,2,-12,0,3,-17
04,24,270,26,22,19,0,5,-7
04,24,20,21,-6,-50,0,2,-10
04,24,0,0,-36,-51,0,0,-5
04,24,230,62,60,6,-1,8,-14
04,24,280,31,31,19,2,4,4
04,24,270,21,4,1,0,0,-10
04,24,50,10,20,7,0,0,-13
04,24,40,41,41,13,0,1,5
04,24,20,26,52,11,0,0,-4
04,24,10,36,46,26,0,0,-7
04,24,260,15,28,18,0,0,-1
04,24,140,21,69,33,-1,8,-4
04,24,20,62,65,28,0,8,-7
04,24,190,36,43,-7,0,1,-2
04,24,210,21,52,51,0,8,-2
04,24,360,31,47,17,0,7,-4
04,24,280,21,-3,-6,0,2,-2
04,24,220,26,57,47,-1,8,0
04,24,160,36,70,17,0,7,1
04,24,110,26,66,21,0,4,0
04,24,20,36,59,14,0,0,-20
04,24,30,21,44,26,0,0,-7
04,24,10,26,76,47,0,6,-16
04,24,170,10,40,36,0,0,-3
04,24,250,36,75,72,0,7,-5
04,24,250,46,81,52,0,7,-11
04,24,200,72,87,72,-1,7,-5
04,24,310,67,29,14,-1,7,1
04,24,300,26,25,6,-1,2,-7
04,24,210,36,72,72,-1,8,1
04,24,270,51,125,97,0,3,-4
04,24,260,21,10,4,0,0,5
04,24,130,26,41,3,0,2,-8
04,24,270,15,90,54,0,7,5
04,24,220,21,81,45,0,7,0
04,24,200,21,92,54,0,7,2
04,24,170,46,130,83,0,4,-6
04,24,200,31,91,90,0,3,-1
04,24,250,51,105,68,0,6,-6
04,24,210,36,96,40,-1,8,-14
04,24,300,41,76,62,0,8,-5
04,24,210,21,55,48,0,4,0
04,24,190,72,94,80,-1,8,4
04,24,190,57,59,37,0,7,-1
04,24,0,0,10,4,0,4,-9
04,24,130,31,54,28,0,8,-5
04,24,190,31,17,5,0,0,-7
04,24,230,51,72,53,0,1,-5
04,24,290,87,86,61,-1,7,-8
04,24,340,15,44,37,0,1,-15
04,24,90,31,39,11,0,5,3
04,24,180,31,103,65,0,8,-3
04,24,80,41,68,53,0,2,-1
04,24,990,5,76,73,0,7,-12
04,24,30,15,64,58,0,6,-14
04,24,30,26,79,65,-1,8,-5
04,24,20,31,76,72,0,6,-8
04,24,320,15,53,47,0,0,-6
04,24,220,31,99,72,0,7,-1
04,24,240,41,109,107,-1,8,-1
04,24,240,57,100,100,6,8,1
04,24,150,21,82,79,0,5,-4
04,24,180,36,138,93,0,5,-5
04,24,150,5,75,68,0,1,-8
04,24,170,46,100,99,0,6,-1
04,24,140,31,123,82,0,1,-7
04,24,30,21,111,102,0,3,-8
04,24,30,41,109,101,0,3,0
04,24,30,31,94,85,0,3,9
04,24,20,46,125,109,0,0,-8
04,24,60,36,169,81,0,1,-36
04,24,30,10,139,91,0,0,-21
04,24,40,5,135,96,0,0,-8
04,24,260,67,40,33,26,8,2
04,24,230,21,24,18,0,3,2
04,24,190,108,60,26,-1,8,-2
04,24,220,57,31,10,3,3,0
04,24,210,26,35,26,0,5,-4
04,24,200,15,-11,-15,0,1,5
04,24,200,15,52,48,4,8,-2
04,24,190,108,59,47,19,8,-4
04,24,180,10,-17,-17,0,1,-14
04,24,350,57,58,44,-1,6,5
04,24,350,41,57,43,0,0,-1
04,24,330,46,75,43,0,6,0
04,24,340,67,57,7,0,5,-5
04,24,290,31,49,42,-1,8,0
04,24,30,41,63,43,0,8,-2
04,24,30,72,61,49,0,7,-8
04,24,10,36,32,6,0,4,-8
04,24,360,15,14,-1,0,0,-7
04,24,120,5,9,3,0,6,-1
04,24,150,10,65,38,0,7,-2
04,24,170,5,18,5,0,0,14
04,24,130,26,89,56,0,0,-3
04,24,140,26,87,70,0,3,0
04,24,240,26,103,101,0,6,-2
04,24,170,41,67,39,0,4,-3
04,24,190,26,103,98,0,5,5
04,24,240,26,144,131,0,8,-3
04,24,200,10,77,77,0,3,6
04,24,170,10,120,96,0,3,-6
04,24,330,31,72,61,0,1,1
04,24,260,26,93,85,0,4,0
04,24,250,51,87,67,0,0,-8
04,24,260,31,86,85,0,8,2
04,24,20,10,26,14,0,7,-7
04,24,260,26,91,65,0,7,0
04,24,220,21,78,77,0,3,1
04,24,320,51,55,5,0,2,-2
04,24,340,31,46,9,0,7,-3
04,24,240,21,56,34,1,8,-2
04,24,0,0,41,41,0,6,13
04,24,240,15,90,73,0,7,-4
04,24,360,51,78,51,0,7,-2
04,24,30,46,67,57,0,7,-1
04,24,290,10,36,35,0,7,2
04,24,320,36,63,51,0,7,0
04,24,250,36,65,55,-1,8,2
04,24,230,57,87,79,-1,8,-2
04,24,0,0,20,14,0,3,-13
04,24,220,21,15,3,0,1,-7
04,24,210,5,-8,-11,0,0,-5
04,24,40,51,81,67,1,8,-1
04,24,150,5,45,38,0,0,-1
04,24,350,31,97,88,0,7,-2
04,24,40,46,142,98,0,0,-2
04,24,60,21,120,88,0,4,0
04,24,350,41,92,86,0,1,-4
04,24,350,21,67,14,0,7,-4
04,24,80,15,43,8,0,3,-10
04,24,30,26,103,79,-1,8,-7
04,24,280,10,47,47,0,1,10
04,24,340,15,-27,-47,0,0,9
04,24,20,26,-21,-28,0,0,-3
04,24,20,36,-1,-20,0,0,-4
04,24,40,31,2,-42,0,0,14
04,24,90,41,38,15,0,3,-14
04,24,350,21,45,25,0,1,-9
04,24,270,26,57,42,0,8,-2
04,24,190,5,2,-1,0,0,-3
04,24,200,15,97,64,0,8,-12
04,24,320,15,85,79,0,8,-7
04,24,70,62,39,23,0,8,-5
04,24,60,41,15,-46,0,7,-2
04,24,110,26,28,-15,0,0,-3
04,24,110,10,38,-22,0,0,-26
04,24,160,5,29,-26,0,1,0
04,24,130,31,78,-20,0,0,-7
04,24,240,21,88,57,0,1,-13
04,24,160,10,99,55,0,7,-17
04,24,110,15,96,67,0,6,0
04,24,170,26,134,23,0,5,-10
04,24,170,41,175,45,0,6,-20
04,24,140,26,168,45,0,4,-8
04,24,250,21,89,53,0,6,-3
04,24,220,15,69,57,0,1,-8
04,24,230,21,57,39,0,0,-9
04,24,40,10,71,70,0,0,-7
04,24,10,26,119,87,0,7,-14
04,24,330,31,52,37,0,1,-10
04,24,990,5,41,15,0,7,-16
04,24,30,10,67,16,0,6,-6
04,24,0,0,22,21,0,0,-7
04,24,180,20,69,42,0,4,0
04,24,280,50,55,30,3,5,-5
04,24,200,50,53,-1,0,8,4
04,24,340,80,70,43,0,7,-13
04,24,50,20,5,-14,0,0,-12
04,24,80,20,32,-31,0,1,-9
04,24,120,30,65,-14,0,7,-14
04,24,10,10,41,18,0,0,-19
04,24,270,20,53,40,0,2,-5
04,24,330,30,55,23,0,4,-12
04,24,340,20,38,18,-1,1,-6
04,24,250,30,73,39,0,8,-2
04,24,360,30,55,14,0,7,2
04,24,330,10,31,8,0,2,-4
04,24,350,10,38,34,0,1,-9
04,24,360,20,34,14,0,1,-2
04,24,320,20,46,36,0,7,13
04,24,20,60,35,-3,-1,7,-7
04,24,10,20,-12,-47,0,0,-18
04,24,310,20,57,16,-1,8,-1
04,24,0,0,-15,-19,0,5,-2
04,24,200,30,46,-14,0,2,-10
04,24,220,20,77,11,0,6,-7
04,24,60,30,95,95,6,8,-3
04,24,120,30,106,106,-1,8,-1
04,24,190,20,89,89,0,7,3
04,24,250,60,108,106,8,8,1
04,24,320,30,89,83,0,8,-1
04,24,0,0,47,47,0,2,-5
04,24,230,10,100,99,0,7,-6
04,24,170,40,108,100,0,8,1
04,24,200,60,98,63,0,8,-5
04,24,190,70,99,78,0,7,0
04,24,190,40,69,62,0,1,-3
04,24,200,20,51,45,0,1,-5
04,24,280,40,75,72,0,7,2
04,24,130,20,57,53,0,6,-2
04,24,180,30,46,39,0,2,4
04,24,210,10,44,42,0,7,4
04,24,300,20,36,27,0,5,-3
04,24,240,30,19,-1,0,1,-3
04,24,250,20,9,-11,0,7,-3
04,24,120,40,41,22,0,8,-1
04,24,180,40,31,26,0,7,-10
04,24,110,30,57,29,0,7,0
04,24,990,10,75,69,0,8,2
04,24,240,30,65,57,0,7,-1
04,24,150,40,83,44,0,7,0
04,24,220,30,82,58,0,6,-9
04,24,130,20,109,74,0,7,-7
04,24,130,30,124,75,0,0,-13
04,24,210,30,118,107,-1,7,-7
04,24,220,40,137,112,0,7,-8
04,24,220,20,98,93,7,8,-2
04,24,140,20,88,82,0,7,-1
04,24,250,20,85,85,-1,8,-1
04,24,990,10,43,41,0,2,13
04,24,30,30,91,85,0,3,-10
04,24,330,30,98,98,0,3,10
04,24,110,20,101,33,0,0,-3
04,24,220,30,98,74,0,5,-7
04,24,280,30,118,115,0,8,-6
04,24,150,20,82,81,0,9,-1
04,24,240,20,123,111,0,4,-10
04,24,240,50,106,83,0,8,-2
04,24,300,20,78,67,0,6,4
04,24,230,10,20,18,0,2,-7
04,24,250,20,114,98,0,7,-10
04,24,280,40,99,88,-1,8,-4
04,24,210,50,65,33,0,1,4
04,24,240,20,69,62,4,6,-4
04,24,240,40,22,14,0,8,-2
04,24,300,20,15,4,0,7,2
04,24,150,30,24,14,0,3,-6
04,24,40,20,-11,-18,0,0,8
04,24,10,30,52,33,0,7,-3
04,24,200,10,4,-2,0,4,-13
04,24,140,30,20,10,0,5,-6
04,24,160,60,105,95,5,8,2
04,24,180,40,88,77,0,4,4
04,24,180,30,66,55,0,1,-3
04,24,110,20,94,75,0,5,-2
04,24,180,30,80,70,0,1,-6
04,24,40,30,116,86,0,7,10
04,24,40,40,118,96,0,1,-5
04,24,20,40,93,63,0,1,-7
04,24,20,70,74,65,0,7,-2
04,24,20,30,59,35,0,1,-10
04,24,20,20,54,28,0,0,0
04,24,160,30,62,46,0,8,0
04,24,110,40,90,41,0,6,-6
04,24,160,20,88,84,0,7,7
04,24,20,90,52,34,-1,8,-6
04,24,20,30,-8,-36,0,1,2
04,24,20,30,9,-1,0,0,0
04,24,990,10,14,-7,0,3,-9
04,24,80,30,76,19,0,8,-2
04,24,40,50,46,6,0,1,1
04,24,990,10,8,-13,0,0,-10
04,24,140,50,73,26,0,8,-4
04,24,990,10,39,32,1,8,-5
04,24,210,20,49,38,0,8,1
04,24,50,30,64,41,0,8,0
04,24,220,70,71,48,1,8,-3
04,24,140,30,103,65,0,7,-3
04,24,190,50,67,48,0,1,-2
04,24,130,30,72,42,0,1,-7
04,24,190,30,84,68,0,4,6
04,24,130,30,138,72,0,7,3
04,24,120,10,107,65,0,8,7
04,24,0,0,127,125,3,8,-5
04,24,270,10,88,84,0,7,0
04,24,160,20,70,61,0,3,-5
04,24,130,40,124,83,0,3,-1
04,24,160,10,124,118,1,7,-1
04,24,310,10,116,110,0,5,-7
04,24,270,30,128,113,0,3,-15
04,24,30,10,113,100,0,8,0
04,24,350,20,121,112,0,7,-1
04,24,90,10,67,67,0,5,-10
04,24,190,70,151,86,0,5,-15
04,24,160,50,102,74,0,8,3
04,24,240,40,58,29,0,1,-1
04,24,220,60,95,83,-1,8,8
04,24,260,50,114,95,-1,8,-12
04,24,990,10,40,37,0,2,14
04,24,170,30,63,33,0,7,-20
04,24,220,30,95,85,0,7,10
04,24,310,30,77,64,0,8,-2
04,24,350,30,66,30,0,7,-12
04,24,290,20,-6,-23,0,1,2
04,24,350,20,-17,-64,0,1,-7
04,24,280,70,86,86,4,8,3
04,24,290,60,57,36,-1,7,-1
04,24,330,50,58,37,0,7,-4
04,24,210,40,54,22,-1,8,-1
04,24,240,20,11,2,0,2,1
04,24,220,30,25,18,-1,4,-2
04,24,30,30,16,11,0,5,-7
04,24,360,30,28,16,0,1,-8
04,24,110,30,58,9,0,6,-11
04,24,180,20,74,40,0,8,-9
04,24,200,30,90,86,0,7,-5
04,24,210,60,90,69,1,8,-6
04,24,210,30,82,45,0,5,2
04,24,200,30,95,91,0,8,1
04,24,190,30,72,48,0,5,11
04,24,190,30,121,105,0,8,-1
04,24,10,50,100,91,1,8,-7
04,24,990,10,65,50,0,,21
04,24,110,40,124,26,0,,-5
04,24,90,50,109,27,0,,-5
04,24,90,40,82,6,0,,-9
04,24,80,70,57,-34,0,,-9
04,24,40,30,9,-31,0,,-10
04,24,20,40,27,14,0,,-4
04,24,30,20,24,-18,0,,-2
04,24,40,50,40,4,0,,-1
04,24,50,40,35,-21,0,,-5
04,24,360,30,43,10,0,,-10
04,24,360,30,59,36,0,,-10
04,24,210,10,-1,-7,0,,-12
04,24,260,20,40,28,0,,8
04,24,280,40,65,55,3,,0
04,24,310,20,74,69,-1,,0
04,24,130,30,63,49,0,,0
04,24,990,10,37,29,0,,6
04,24,320,10,29,21,0,,-14
04,24,990,10,27,22,0,,-5
04,24,0,0,53,42,0,,-9
04,24,270,30,131,64,0,,-9
04,24,240,20,109,93,0,,2
04,24,270,20,87,81,0,,1
04,24,210,10,35,29,0,,-12
04,24,270,60,81,37,0,,-1
04,24,210,40,82,55,0,,-3
04,24,230,60,76,44,6,,7
04,24,230,50,83,58,0,,2
04,24,250,80,123,87,0,,-26
04,24,290,60,69,42,-1,8,-2
04,24,330,40,44,3,0,7,-4
04,24,290,20,-14,-26,0,1,-4
04,24,340,60,76,60,0,8,-7
04,24,360,40,55,42,1,8,-6
04,24,20,40,-9,-42,0,0,0
04,24,30,30,-24,-70,0,1,-9
04,24,40,30,-6,-49,0,5,-14
04,24,360,50,19,-12,0,4,-12
04,24,230,20,3,-12,0,4,0
04,24,80,10,-5,-26,0,3,-9
04,24,90,20,47,-14,0,4,-8
04,24,110,40,114,15,0,2,1
04,24,110,40,129,5,0,1,-7
04,24,130,30,151,54,0,2,-12
04,24,90,50,136,18,0,0,-19
04,24,30,30,91,18,0,0,-3
04,24,70,60,66,-6,0,1,-12
04,24,60,50,73,44,0,2,-13
04,24,120,20,116,54,0,3,-14
04,24,210,20,103,77,0,8,0
04,24,10,20,52,36,0,0,4
04,24,350,10,73,64,0,0,-13
04,24,350,10,120,114,0,7,-17
04,24,210,20,145,133,5,7,-6
04,24,270,40,104,93,6,8,-1
04,24,210,40,108,92,0,6,3
04,24,210,50,159,124,0,8,-15
04,24,990,10,91,84,0,4,2
04,24,210,50,97,81,0,8,4
04,24,120,50,137,49,0,8,-4
04,24,140,30,105,84,0,7,-2
04,24,200,80,123,86,1,8,-8
04,24,230,50,94,38,0,8,-13
04,24,260,50,67,46,0,7,-3
04,24,260,30,48,37,0,7,-1
04,24,300,30,52,35,-1,8,-9
04,24,30,50,46,30,0,8,-4
04,24,0,0,7,-3,0,0,-9
04,24,20,30,49,22,0,8,0
04,24,10,20,17,3,0,0,-1
04,24,70,20,75,55,0,8,-2
04,24,30,20,48,39,0,0,-13
04,24,130,30,70,28,0,0,-4
04,24,160,10,63,31,0,0,-2
04,24,110,20,117,43,0,6,-11
04,24,190,30,82,67,0,8,0
04,24,170,60,65,31,0,0,-4
04,24,120,20,16,4,0,0,1
04,24,190,30,91,65,0,8,9
04,24,170,10,123,106,9,8,-5
04,24,340,20,91,53,0,8,-7
04,24,360,20,73,45,0,7,-11
04,24,30,10,57,40,0,0,-1
04,24,80,10,87,49,0,8,-10
04,24,90,20,117,63,0,0,-13
04,24,80,40,148,92,0,8,-12
04,24,150,50,122,101,0,8,0
04,24,280,20,124,109,-1,7,-3
04,24,160,20,126,125,0,7,-10
04,24,130,30,77,3,0,0,-8
04,24,150,30,96,26,0,0,-7
04,24,170,20,65,36,0,0,24
04,24,250,20,81,72,8,8,-4
04,24,190,20,46,20,0,1,2
04,24,220,30,92,71,0,7,-5
04,24,220,40,74,38,0,8,-4
04,24,350,60,37,1,0,8,1
04,24,260,30,59,50,4,8,0
04,24,250,20,47,41,0,8,6
04,24,990,10,52,37,0,0,-13
04,24,180,10,84,51,0,8,2
04,24,190,30,102,97,5,8,-1
04,24,360,10,74,61,0,5,4
04,24,220,10,63,45,0,7,0
04,24,330,30,77,74,0,8,1
04,24,220,20,77,75,0,7,2
04,24,990,10,65,55,0,8,3
04,24,0,0,60,56,0,9,-14
04,24,40,20,23,-5,0,0,-7
04,24,30,10,23,2,0,0,-3
04,24,40,20,57,16,0,0,-9
04,24,180,10,107,62,0,7,-4
04,24,90,20,105,78,0,4,-6
04,24,250,20,99,91,0,8,0
04,24,150,20,105,98,9,8,-2
04,24,210,30,72,45,0,0,-4
04,24,190,20,121,111,21,8,2
04,24,150,10,117,111,0,8,-3
04,24,100,10,113,109,0,0,3
04,24,200,40,55,34,0,0,8
04,24,230,60,91,58,0,7,2
04,24,290,20,50,31,1,6,-7
04,24,10,40,23,9,0,4,5
04,24,240,20,7,-4,0,0,-9
04,24,220,30,49,-18,0,3,-22
04,24,210,40,70,44,0,8,-4
04,24,240,30,45,19,0,4,-4
04,24,290,10,-6,-15,0,3,-5
04,24,270,10,-7,-17,0,0,-11
04,24,210,50,49,36,19,8,1
04,24,220,40,79,46,0,8,0
04,24,260,30,93,82,0,8,0
04,24,130,10,22,18,0,9,-3
04,24,190,30,118,111,0,8,-1
04,24,200,20,100,90,-1,8,1
04,24,230,20,76,42,0,2,-3
04,24,220,20,61,37,0,0,4
04,24,220,20,93,56,0,8,-7
04,24,110,10,97,61,0,8,3
04,24,340,20,103,87,-1,7,-9
04,24,250,10,35,23,0,1,26
04,24,40,20,92,82,0,8,0
04,24,80,10,100,67,0,0,-7
04,24,200,20,118,111,11,8,0
04,24,320,20,72,58,0,0,8
04,24,350,30,66,45,0,0,-5
04,24,310,30,22,0,0,1,-5
04,24,240,30,51,31,-1,8,-13
04,24,170,30,37,27,0,2,5
04,24,50,30,73,9,0,0,-13
04,24,20,50,69,24,0,0,-13
04,24,30,50,38,20,0,0,-5
04,24,20,20,27,14,0,0,-17
04,24,270,10,35,33,0,0,-16
04,24,20,30,75,61,0,8,2
04,24,310,10,24,16,0,0,-16
04,24,230,30,70,14,0,1,-5
04,24,240,20,90,63,0,8,-5
04,24,250,20,118,84,0,8,-6
04,24,40,30,64,51,0,1,-8
04,24,50,20,109,89,0,0,-8
04,24,40,20,118,95,0,1,-17
04,24,50,10,128,107,0,0,-15
04,24,0,0,126,67,0,0,-9
04,24,360,60,112,104,0,7,-6
04,24,290,20,50,42,0,5,-3
04,24,270,10,48,33,0,1,-12
04,24,360,30,84,70,0,0,-9
04,24,40,30,23,0,0,0,-4
04,24,30,10,37,11,0,0,4
04,24,190,20,110,47,0,5,-28
04,24,220,10,134,100,0,8,-4
04,24,120,20,152,112,0,0,-29
04,24,360,30,146,107,0,0,-6
04,24,20,10,130,127,0,0,-2
04,24,20,40,148,106,0,0,-13
04,24,40,30,136,107,0,0,-11
04,24,80,60,128,5,0,8,-12
04,24,100,50,129,24,0,0,-6
04,24,250,30,88,55,0,8,4
04,24,300,40,43,31,0,0,9
04,24,280,10,49,25,0,8,-2
04,24,0,0,88,87,4,8,2
04,24,310,30,26,9,0,4,2
04,24,20,20,-4,-26,0,7,-4
04,24,190,20,5,-11,0,0,-6
04,24,30,20,19,1,0,4,-16
04,24,350,20,31,8,0,0,-23
04,24,100,10,33,-4,0,0,-19
04,24,210,40,60,28,0,0,-6
04,24,200,30,47,23,0,0,4
04,24,10,10,47,39,0,8,-1
04,24,250,10,12,7,0,1,7
04,24,0,0,-9,-19,0,0,-5
04,24,40,30,7,-11,0,0,-3
04,24,70,50,59,13,0,0,-8
04,24,70,60,66,33,0,8,-2
04,24,110,40,87,76,0,8,-2
04,24,80,40,92,57,0,6,-1
04,24,40,30,88,49,0,0,15
04,24,120,30,124,64,0,8,-9
04,24,260,20,99,96,0,8,-2
04,24,240,20,82,71,0,0,-3
04,24,190,20,98,78,0,8,2
04,24,130,30,120,74,0,8,-1
04,24,170,20,133,97,9,8,-5
04,24,190,20,93,87,6,8,-3
04,24,140,50,103,88,1,7,2
04,24,190,60,78,57,0,0,-3
04,24,50,50,87,68,0,0,-10
04,24,60,20,81,53,0,0,-22
04,24,250,20,77,71,0,8,-1
04,24,210,10,96,82,0,8,0
04,24,110,20,75,45,0,0,-19
04,24,140,10,83,65,0,0,-9
04,24,170,40,85,74,0,0,-2
04,24,210,20,60,58,0,0,-19
04,24,120,30,121,92,0,0,1
04,24,230,20,176,54,0,5,-26
04,24,40,30,138,90,0,6,-21
04,24,220,10,81,71,0,1,-3
04,24,20,20,74,59,0,1,-3
04,24,30,20,93,84,0,0,4
04,24,40,30,115,95,0,3,5
04,24,330,10,115,114,35,8,0
04,24,30,20,100,87,-1,8,-6
04,24,40,30,78,59,0,7,7
04,24,300,10,58,55,0,0,-5
04,24,20,30,85,62,0,0,-9
04,24,290,10,61,52,0,0,-20
04,24,360,20,56,45,0,0,-24
04,24,320,10,47,33,0,0,-1
04,24,110,20,68,41,0,0,12
04,24,160,10,119,94,-1,8,-5
04,24,60,10,103,96,1,8,-3
04,24,130,40,95,49,0,7,-8
04,24,120,20,52,44,0,0,-1
04,24,990,10,74,61,0,2,-14
04,24,60,10,102,76,0,0,-15
04,24,190,40,24,-17,0,6,-3
04,24,170,30,65,49,0,8,1
04,24,140,40,71,58,0,8,3
04,24,220,20,42,28,0,1,-7
04,24,180,20,68,37,0,8,0
04,24,130,30,96,30,0,0,-5
04,24,290,20,105,95,2,8,-2
04,24,0,0,23,12,0,0,0
04,24,360,20,56,49,0,4,2
04,24,30,20,27,6,0,0,-8
04,24,40,30,33,21,0,0,-3
04,24,20,40,70,48,0,0,-13
04,24,20,30,47,32,0,1,0
04,24,20,30,50,19,0,0,-1
04,24,10,30,48,34,0,6,-6
04,24,40,20,38,14,0,0,-21
04,24,30,20,49,25,0,0,-9
04,24,360,40,65,51,0,1,-9
04,24,60,20,30,12,0,0,17
04,24,270,20,57,20,0,8,-16
04,24,250,10,-8,-28,0,0,-10
04,24,30,20,21,-3,0,0,-3
04,24,30,20,38,3,0,0,7
04,24,50,10,76,6,0,0,-14
04,24,220,20,96,70,0,0,-8
04,24,200,10,54,45,0,1,0
04,24,0,0,85,59,0,5,-6
04,24,160,20,142,74,0,8,-9
04,24,290,20,122,108,8,8,-6
04,24,210,20,81,53,0,7,-1
04,24,180,40,113,102,0,1,-5
04,24,290,40,115,99,12,8,-5
04,24,250,30,94,60,0,7,-1
04,24,220,40,78,23,0,0,-8
04,24,250,50,118,89,0,8,-1
04,24,220,20,155,124,0,0,-6
04,24,280,20,90,72,0,8,5
04,24,290,10,48,33,0,0,-10
04,24,60,30,76,30,0,0,-4
04,24,60,10,71,48,0,0,-8
04,24,300,60,89,77,2,8,5
04,24,240,20,36,20,0,0,2
04,24,200,10,31,14,0,6,4
04,24,30,10,86,54,0,8,0
04,24,360,10,37,13,0,5,17
04,24,330,10,95,58,0,8,-3
04,24,40,10,88,57,0,6,-15
04,24,130,30,118,26,0,0,-11
04,24,70,10,105,64,0,0,-12
04,24,30,10,106,49,0,0,-10
04,24,0,0,143,79,0,3,-34
04,24,60,30,162,78,0,7,-10
04,24,310,20,141,65,0,1,-18
04,24,30,10,123,51,0,0,2
04,24,20,10,110,73,0,0,-12
04,24,20,50,96,33,0,1,-8
04,24,360,40,113,97,0,8,0
04,24,990,10,78,70,0,0,0
04,24,50,50,134,102,0,5,-7
04,24,70,60,129,15,0,0,-12
04,24,240,10,13,1,0,0,-1
04,24,90,10,66,39,0,8,-4
04,24,30,10,87,52,0,8,0
04,24,60,40,73,51,0,8,-6
04,24,360,20,26,9,0,4,-7
04,24,250,20,53,46,2,8,7
04,24,310,20,38,-5,0,8,-4
04,24,210,50,64,59,21,8,5
04,24,190,70,98,90,4,8,0
04,24,220,20,71,67,0,7,-9
04,24,210,20,55,50,0,8,-19
04,24,260,20,32,26,0,5,-17
04,24,340,10,18,15,0,0,-2
04,24,360,40,48,31,0,4,-2
04,24,350,30,30,1,0,0,3
04,24,220,10,-23,-36,0,0,5
04,24,190,50,44,35,0,1,-1
04,24,160,50,86,58,-1,8,-9
04,24,180,30,43,25,0,1,-1
04,24,180,30,58,52,0,7,5
04,24,190,40,59,52,17,8,2
04,24,200,50,70,51,0,7,-5
04,24,130,30,73,65,6,8,1
04,24,230,30,77,62,0,7,-1
04,24,180,80,116,69,0,8,-4
04,24,190,70,104,79,0,8,-6
04,24,50,30,117,79,-1,8,-6
04,24,20,60,98,88,0,8,-3
04,24,230,10,99,68,0,0,-26
04,24,50,20,156,96,0,8,-4
04,24,40,40,-5,-59,0,0,-8
04,24,60,50,4,-66,0,0,-7
04,24,70,50,20,-62,0,8,2
04,24,70,60,32,-29,0,8,-4
04,24,40,30,34,-17,0,8,-4
04,24,10,20,-12,-54,0,0,-4
04,24,70,40,33,-52,0,8,-10
04,24,130,20,31,-8,0,0,-2
04,24,200,20,52,49,0,8,1
04,24,110,40,61,51,11,8,4
04,24,260,20,54,47,0,8,0
04,24,270,30,83,58,0,8,3
04,24,180,60,111,99,-1,8,5
04,24,180,40,155,84,0,0,-14
04,24,130,10,59,55,0,0,6
04,24,220,30,108,104,6,8,1
04,24,180,50,155,90,0,0,14
04,24,240,40,84,40,0,0,-6
04,24,10,30,35,16,0,1,-2
04,24,20,40,29,-1,0,0,-4
04,24,210,10,10,-22,0,0,-8
04,24,220,40,100,33,0,8,0
04,24,210,10,57,49,0,0,-9
04,24,190,20,97,82,0,8,10
04,24,200,10,116,85,0,0,-25
04,24,310,10,41,36,0,8,-6
04,24,350,20,23,-2,0,0,1
04,24,210,30,50,19,0,1,-7
04,24,200,30,53,-2,0,8,2
04,24,40,40,59,25,0,0,-13
04,24,50,10,79,69,0,0,0
04,24,40,10,108,77,0,2,3
04,24,190,10,122,94,0,7,9
04,24,250,20,107,81,0,8,-5
04,24,990,10,62,46,0,0,6
04,24,190,30,140,127,0,7,-4
04,24,210,50,138,120,-1,8,-8
04,24,230,20,55,41,0,0,-2
04,24,230,20,86,59,0,8,1
04,24,10,20,109,84,0,8,-3
04,24,360,30,76,69,0,0,-15
04,24,230,20,69,52,0,0,8
04,24,250,40,82,50,0,3,4
04,24,300,30,33,13,0,3,5
04,24,30,20,44,16,0,1,-24
04,24,160,30,59,0,0,0,1
04,24,330,40,93,68,0,7,-29
04,24,350,40,62,37,0,5,4
04,24,50,40,106,65,0,0,-7
04,24,90,30,120,69,0,0,-6
04,24,90,20,104,101,0,8,3
04,24,100,10,60,56,0,0,-3
04,24,0,0,93,88,0,0,-8
04,24,70,30,128,111,0,1,3
04,24,220,10,129,112,0,7,-13
04,24,220,20,110,84,-1,8,-3
04,24,990,10,84,79,0,1,7
04,24,0,0,106,97,0,8,3
04,24,300,10,106,104,0,8,2
04,24,270,20,97,84,0,8,-2
04,24,250,50,64,50,5,8,-4
04,24,240,10,12,4,0,1,-15
04,24,30,20,57,35,0,8,6
04,24,350,30,31,6,0,7,-15
04,24,0,0,6,-5,0,0,-16
04,24,150,20,32,21,0,1,0
04,24,280,10,39,28,0,5,-13
04,24,0,0,35,32,0,0,-1
04,24,150,10,59,54,0,3,-9
04,24,180,20,115,49,0,7,-9
04,24,190,30,41,25,0,6,7
04,24,310,50,92,54,0,8,-8
04,24,200,20,59,37,0,8,13
04,24,220,20,96,71,0,0,-1
04,24,50,20,70,59,0,0,-5
04,24,50,30,68,9,0,8,-14
04,24,20,30,37,14,0,0,-7
04,24,30,30,37,25,0,0,-7
04,24,30,30,35,16,0,0,10
04,24,10,20,68,39,0,5,-12
04,24,20,30,51,43,0,8,-10
04,24,20,30,34,27,0,0,-3
04,24,0,0,43,37,0,0,-4
04,24,220,20,115,80,0,7,-1
04,24,220,10,114,97,3,8,0
04,24,10,50,87,70,-1,8,-3
04,24,40,10,13,-4,0,0,-6
04,24,200,20,37,-22,0,0,-14
04,24,220,30,77,66,-1,8,-14
04,24,990,10,29,19,0,0,14
04,24,180,10,85,35,0,8,5
04,24,130,40,129,90,-1,8,4
04,24,170,20,140,116,0,7,-8
04,24,0,0,89,77,0,8,9
04,24,230,30,89,64,0,8,-4
04,24,220,40,66,34,0,2,-7
04,24,230,20,58,47,0,7,1
04,24,190,10,16,7,0,4,1
04,24,220,20,88,71,2,8,-8
04,24,110,40,107,45,0,0,-2
04,24,130,30,112,87,0,7,-2
04,24,190,10,45,33,0,0,-9
04,24,230,10,39,39,0,0,-3
04,24,230,30,97,86,6,8,-3
04,24,190,60,100,81,-1,8,3
04,24,320,30,51,35,-1,8,-2
04,24,210,10,1,-10,0,0,-2
04,24,240,30,86,51,0,8,-1
04,24,10,10,27,10,0,0,-1
04,24,50,40,67,30,0,0,-13
04,24,40,50,91,34,0,8,-10
04,24,30,40,72,21,0,8,-8
04,24,290,30,27,3,0,5,6
04,24,270,20,12,1,0,4,0
04,24,20,10,11,0,-1,6,5
04,24,260,50,42,25,12,7,0
04,24,230,20,34,20,0,7,-11
04,24,190,40,53,2,0,8,-2
04,24,230,20,71,42,0,7,-14
04,24,330,30,39,21,0,0,-1
04,24,990,10,57,56,0,8,26
04,24,20,30,79,79,0,9,-1
04,24,140,10,51,45,0,0,-6
04,24,360,30,72,52,0,8,-12
04,24,280,30,27,20,0,3,0
04,24,190,10,15,5,0,8,31
04,24,360,10,88,60,0,8,-3
04,24,100,10,38,28,0,0,-8
04,24,210,20,122,44,0,8,10
04,24,250,20,34,26,0,8,7
04,24,230,30,84,41,0,8,-8
04,24,250,30,94,83,4,8,-4
04,24,220,20,29,19,0,0,6
04,24,220,40,101,46,0,8,-4
04,24,250,20,66,35,-1,8,1
04,24,140,30,59,53,15,8,3
04,24,290,20,7,-6,0,0,14
04,24,10,30,16,-22,0,0,-11
04,24,0,0,-15,-34,0,6,-1
04,24,210,20,70,9,0,8,3
04,24,270,20,107,73,-1,8,-9
04,24,280,20,44,13,-1,8,-1
04,24,190,20,18,-6,0,0,14
04,24,240,20,67,52,-1,8,-3
04,24,230,30,22,-1,0,2,-1
04,24,310,20,8,-10,0,0,-13
04,24,190,30,45,18,0,8,2
04,24,230,10,12,3,0,3,-2
04,24,110,40,72,-2,0,0,-6
04,24,120,50,150,20,-1,8,-6
04,24,990,10,14,8,0,8,-1
04,24,200,50,102,88,-1,8,-3
04,24,210,50,106,77,0,8,-28
04,24,200,60,99,68,0,8,0
04,24,130,20,8,-2,0,8,13
04,24,130,30,91,13,0,8,-5
04,24,0,0,95,74,0,5,4
04,24,350,30,117,95,0,8,-4
04,24,110,10,103,98,0,8,31
04,24,990,10,116,114,11,8,-2
04,24,60,20,88,85,0,0,-16
04,24,190,20,92,89,0,0,-35
04,24,0,0,74,71,0,8,8
04,24,130,30,114,105,7,8,-5
04,24,230,30,125,97,-1,8,-11
04,24,170,10,51,41,0,0,-3
04,24,180,10,84,62,0,0,1
04,24,110,40,174,93,0,8,-18
04,24,180,10,135,100,0,0,-12
04,24,320,20,103,94,0,7,-15
04,24,80,20,137,78,0,2,-3
04,24,250,30,152,93,0,7,-11
04,24,210,40,90,56,0,8,-1
04,24,230,40,141,102,0,8,-5
04,24,240,50,100,63,0,8,-9
04,24,200,20,56,29,0,8,-4
04,24,210,20,112,75,-1,8,-5
04,24,0,0,50,47,0,1,5
04,24,40,40,96,91,60,8,-3
04,24,250,70,60,46,21,8,0
04,24,120,30,77,22,0,0,-4
04,24,220,40,66,45,0,8,-16
04,24,160,20,26,18,0,0,-6
04,24,100,30,12,10,0,6,2
04,24,80,30,84,60,0,8,-3
04,24,10,20,101,89,0,8,3
04,24,990,10,130,68,-1,8,-1
04,24,310,20,97,93,0,8,-6
04,24,40,70,73,18,0,8,-10
04,24,30,40,16,-21,0,0,-4
04,24,40,20,23,-23,0,3,8
04,24,30,30,1,-27,0,0,-6
04,24,30,30,-16,-25,0,0,0
04,24,20,20,37,5,0,7,-3
04,24,90,50,92,7,0,0,-4
04,24,130,20,108,79,0,8,-8
04,24,60,10,87,79,0,1,-1
04,24,80,30,123,29,0,0,-1
04,24,80,20,120,39,0,0,-14
04,24,30,30,109,31,0,4,-15
04,24,30,20,124,30,0,0,-17
04,24,90,60,145,6,0,0,-10
04,24,140,20,148,82,0,8,-9
04,24,160,50,102,85,0,0,-10
04,24,210,30,94,75,0,6,-6
04,24,190,30,87,60,0,2,2
04,24,270,50,76,50,1,8,-6
04,24,0,0,31,28,0,0,1
04,24,360,40,104,80,0,8,-1
04,24,20,20,78,61,0,8,10
04,24,0,0,3,-8,0,0,-3
04,24,260,30,84,56,-1,8,-11
04,24,0,0,-14,-32,0,8,-3
04,24,110,30,75,-11,0,0,-10
04,24,140,40,120,9,0,0,-12
04,24,300,10,88,80,0,0,-27
04,24,80,30,114,65,0,8,-21
04,24,30,10,102,85,0,0,-1
04,24,20,30,84,57,0,7,-5
04,24,60,10,77,6,0,8,-1
04,24,190,10,72,39,0,0,-11
04,24,350,40,113,77,0,8,-6
04,24,340,40,59,-24,0,8,-2
04,24,30,10,12,-5,0,8,-2
04,24,100,10,71,22,0,2,6
04,24,40,40,104,61,0,0,-4
04,24,20,30,90,41,0,8,-6
04,24,240,20,96,85,0,8,2
04,24,80,50,108,-12,0,0,-10
04,24,70,70,116,-8,0,0,-8
04,24,70,40,120,17,0,0,-11
04,24,90,30,115,26,0,0,-10
04,24,270,10,92,52,0,8,-19
04,24,350,30,75,50,0,8,9
04,24,20,30,51,33,0,0,-6
04,24,0,0,52,47,0,0,-10
04,24,20,30,98,77,0,8,-10
04,24,210,40,113,104,0,7,-9
04,24,190,60,99,75,-1,8,-2
04,24,200,40,81,67,0,8,2
04,24,240,77,87,58,-1,8,-1
04,24,190,36,86,48,0,4,9
04,24,180,31,37,31,0,1,-1
04,24,190,57,68,48,-1,8,2
04,24,180,36,37,25,0,1,2
04,24,220,77,71,49,5,8,-6
04,24,230,31,65,56,0,3,5
04,24,250,31,93,87,0,7,-17
04,24,170,5,49,36,0,1,-9
04,24,130,31,105,31,0,1,-5
04,24,130,41,111,5,0,1,-23
04,24,90,10,100,26,0,1,-19
04,24,350,51,115,72,0,7,-11
04,24,40,21,105,19,0,0,-31
04,24,10,46,70,36,0,0,-20
04,24,310,36,25,9,-1,4,2
04,24,320,36,25,12,0,6,-6
04,24,270,15,25,19,-1,5,0
04,24,0,0,-6,-25,0,2,-14
04,24,0,0,-31,-48,0,0,-7
04,24,210,62,56,-7,0,7,-6
04,24,270,21,25,19,0,3,3
04,24,290,10,9,3,0,1,-9
04,24,80,15,32,19,0,0,0
04,24,40,31,52,27,0,0,0
04,24,40,21,59,31,0,0,-8
04,24,350,10,26,19,0,0,-5
04,24,0,0,12,0,0,0,-4
04,24,140,15,69,35,0,8,-4
04,24,20,57,65,38,0,8,-2
04,24,170,31,36,16,0,0,10
04,24,180,21,52,48,-1,8,-4
04,24,330,31,51,31,0,6,-3
04,24,0,0,6,3,0,1,-12
04,24,200,26,55,43,-1,8,3
04,24,130,26,58,23,0,7,2
04,24,110,31,71,10,0,0,-17
04,24,60,26,87,2,0,0,-28
04,24,30,10,44,26,0,0,-9
04,24,0,0,64,39,0,6,-6
04,24,180,5,49,37,0,1,-11
04,24,210,26,74,70,0,8,3
04,24,210,51,74,55,0,7,-5
04,24,170,62,99,70,-1,8,-9
04,24,260,41,30,21,1,7,5
04,24,240,21,13,4,0,2,9
04,24,190,31,72,71,1,8,0
04,24,250,51,127,104,0,8,-4
04,24,260,21,19,4,0,0,2
04,24,110,31,54,6,0,3,-3
04,24,290,15,70,50,0,4,-5
04,24,0,0,86,57,0,7,-4
04,24,170,26,88,73,0,7,4
04,24,130,36,116,88,0,1,-3
04,24,180,21,104,101,0,2,-3
04,24,240,77,116,79,0,5,-8
04,24,170,31,98,52,-1,8,-11
04,24,280,51,76,69,-1,8,0
04,24,170,5,44,41,0,2,-17
04,24,180,51,85,70,8,8,7
04,24,220,67,61,33,0,7,-10
04,24,0,0,36,20,0,7,4
04,24,140,41,58,31,0,7,-11
04,24,210,31,26,11,0,0,-4
04,24,230,62,71,57,0,6,-6
04,24,270,72,87,63,-1,7,-5
04,24,330,10,60,51,0,7,-1
04,24,100,26,58,21,0,5,-3
04,24,160,26,97,70,0,8,7
04,24,80,31,77,68,0,3,-5
04,24,130,5,72,72,0,5,-11
04,24,50,21,43,43,0,2,1
04,24,40,10,62,59,0,4,0
04,24,240,5,66,66,0,7,9
04,24,330,15,57,57,0,0,-3
04,24,220,51,98,69,0,8,-4
04,24,240,62,107,105,0,8,1
04,24,250,67,99,98,3,8,-2
04,24,150,21,84,84,0,2,-27
04,24,160,31,118,85,0,2,-10
04,24,140,10,76,65,0,1,1
04,24,170,31,86,86,0,2,11
04,24,150,41,120,75,0,1,13
04,24,70,21,141,87,0,1,-17
04,24,30,41,116,105,0,2,-1
04,24,40,26,105,65,0,1,8
04,24,40,46,140,122,0,1,-13
04,24,70,41,185,73,0,1,-19
04,24,70,21,160,94,0,0,-8
04,24,120,10,148,85,0,0,-15
04,24,270,72,44,37,15,7,-6
04,24,240,31,26,17,0,5,-10
04,24,200,93,63,22,1,8,-3
04,24,230,77,30,14,2,6,-7
04,24,210,41,37,28,-1,7,2
04,24,170,5,9,9,0,0,-1
04,24,0,0,55,54,10,8,-2
04,24,180,87,59,47,12,8,-3
04,24,170,5,-2,-2,0,1,-15
04,24,350,51,63,48,-1,8,2
04,24,360,51,68,53,0,0,-7
04,24,330,57,72,45,0,7,-2
04,24,330,72,50,6,0,1,0
04,24,280,26,51,45,0,8,-1
04,24,40,41,73,44,0,8,-3
04,24,20,67,65,55,0,8,-6
04,24,10,57,43,18,0,7,-3
04,24,20,21,21,8,0,0,-4
04,24,90,15,44,16,0,7,7
04,24,0,0,65,50,0,7,0
04,24,150,15,37,31,0,0,6
04,24,140,31,95,64,0,0,-7
04,24,990,5,90,68,0,2,0
04,24,210,26,94,94,0,7,7
04,24,160,26,39,29,0,6,5
04,24,180,31,124,110,0,8,-2
04,24,240,36,144,133,0,8,1
04,24,160,15,97,97,0,1,-6
04,24,160,10,108,108,0,3,3
04,24,330,26,68,59,0,0,-6
04,24,270,41,101,89,0,2,-10
04,24,260,36,96,61,0,0,-9
04,24,270,26,88,82,0,8,0
04,24,360,15,36,13,0,3,-3
04,24,240,21,89,63,0,7,1
04,24,260,26,76,75,0,2,9
04,24,300,26,48,20,0,4,2
04,24,330,21,43,10,0,7,1
04,24,240,26,55,35,2,8,-4
04,24,320,15,51,50,0,7,9
04,24,220,21,56,50,0,5,19
04,24,360,62,77,47,0,6,-5
04,24,20,51,65,55,0,7,-5
04,24,250,5,58,55,0,6,-15
04,24,320,36,60,50,0,7,-2
04,24,250,36,64,50,-1,8,-1
04,24,230,72,83,79,1,8,0
04,24,180,5,27,23,0,7,-4
04,24,230,21,22,9,0,4,-10
04,24,160,21,10,7,0,1,-5
04,24,70,36,95,57,-1,7,2
04,24,160,10,56,44,0,0,-16
04,24,350,31,101,85,0,7,-1
04,24,40,41,151,97,0,2,-9
04,24,90,26,152,91,0,7,-15
04,24,350,41,98,87,0,1,-4
04,24,350,31,70,11,0,7,-6
04,24,60,15,53,18,0,6,-10
04,24,20,15,113,87,0,8,-1
04,24,300,15,73,59,0,4,-12
04,24,340,10,-26,-49,0,0,-5
04,24,30,31,-14,-24,0,1,-4
04,24,20,36,-2,-23,0,0,0
04,24,40,41,19,-13,0,3,16
04,24,80,31,46,20,0,6,3
04,24,320,10,42,24,0,1,-14
04,24,260,15,57,42,0,8,0
04,24,160,5,13,12,0,0,-9
04,24,180,10,76,59,0,7,5
04,24,320,15,92,81,-1,8,-3
04,24,70,57,38,20,-1,8,-6
04,24,60,41,18,-47,0,6,-5
04,24,90,26,53,-3,0,0,-9
04,24,90,21,67,-22,0,0,-37
04,24,0,0,32,-13,0,1,-4
04,24,140,31,81,-17,0,0,0
04,24,250,26,97,70,0,5,-14
04,24,190,31,112,53,0,1,-22
04,24,50,15,108,73,0,6,5
04,24,150,31,132,9,0,6,-19
04,24,170,26,159,52,0,6,-16
04,24,130,36,183,52,0,3,6
04,24,220,36,94,56,0,5,-9
04,24,200,21,54,45,0,2,-5
04,24,220,10,39,24,0,0,2
04,24,10,10,74,67,0,0,-1
04,24,10,31,118,92,0,7,-2
04,24,350,36,61,46,0,4,-6
04,24,0,0,28,7,0,2,-13
04,24,100,21,116,10,0,7,-8
04,24,0,0,34,22,0,0,-12
04,24,160,20,43,31,0,2,14
04,24,250,30,20,8,0,1,28
04,24,200,40,48,-6,0,8,8
04,24,340,90,74,47,0,7,-8
04,24,40,30,4,-20,0,0,-2
04,24,90,20,49,-36,0,1,-32
04,24,120,20,71,-21,0,5,-9
04,24,320,10,47,10,0,0,-4
04,24,270,20,61,20,0,3,-26
04,24,300,30,37,6,0,1,-1
04,24,310,20,26,10,0,1,-2
04,24,260,20,71,37,-1,7,0
04,24,340,50,55,3,0,4,2
04,24,310,20,31,7,0,6,-5
04,24,320,10,30,18,0,0,-7
04,24,350,10,21,-19,0,1,3
04,24,330,20,44,31,0,7,6
04,24,10,40,24,3,0,3,-1
04,24,40,20,-1,-47,0,0,5
04,24,310,20,50,4,0,8,-1
04,24,0,0,-4,-18,0,3,-9
04,24,200,10,11,-18,0,0,12
04,24,210,40,65,4,0,4,-6
04,24,50,40,95,92,16,8,-2
04,24,120,30,108,102,-1,8,-2
04,24,230,20,88,87,0,8,10
04,24,240,80,107,102,11,8,0
04,24,330,40,85,81,0,8,1
04,24,50,10,68,68,0,1,-20
04,24,230,30,107,105,0,8,-13
04,24,180,40,109,95,0,8,0
04,24,190,70,92,59,0,8,-2
04,24,190,60,96,74,-1,4,-1
04,24,190,40,74,60,0,1,-5
04,24,170,20,46,45,0,4,14
04,24,280,40,67,66,-1,7,4
04,24,130,20,45,41,0,7,5
04,24,150,20,44,40,0,7,-4
04,24,210,10,34,34,0,7,0
04,24,270,20,28,25,0,2,-6
04,24,230,20,-6,-14,0,1,5
04,24,210,30,4,-15,0,5,-23
04,24,130,40,40,15,0,7,1
04,24,180,20,29,19,-1,8,-4
04,24,110,30,60,24,0,7,-2
04,24,990,10,59,59,0,8,-1
04,24,260,30,66,57,-1,8,-2
04,24,160,50,76,38,0,5,-3
04,24,220,40,66,52,0,1,-1
04,24,110,40,115,76,0,7,-7
04,24,110,20,124,67,0,0,3
04,24,180,40,113,104,0,5,1
04,24,210,50,136,107,0,7,-5
04,24,230,30,105,101,3,8,-5
04,24,140,10,81,79,0,8,5
04,24,250,20,82,82,3,8,0
04,24,990,10,55,54,0,1,-7
04,24,40,40,93,88,0,4,-2
04,24,350,40,109,109,0,6,0
04,24,110,30,129,44,0,0,-9
04,24,200,20,86,85,0,3,4
04,24,230,30,122,122,0,8,-1
04,24,190,10,79,79,0,9,1
04,24,210,40,131,129,0,6,-5
04,24,240,60,104,83,0,8,-4
04,24,280,30,74,67,0,4,5
04,24,210,10,31,31,0,1,-10
04,24,220,20,112,106,0,8,2
04,24,260,40,103,100,-1,8,-2
04,24,200,50,66,30,0,0,-1
04,24,230,50,72,68,1,8,0
04,24,230,50,23,20,-1,8,-2
04,24,300,20,23,18,0,7,4
04,24,160,40,18,11,0,1,-2
04,24,0,0,2,0,0,0,-10
04,24,360,20,47,34,0,7,-4
04,24,0,0,23,19,0,6,2
04,24,150,10,20,18,0,0,-1
04,24,150,60,103,97,3,8,0
04,24,180,50,95,88,1,6,0
04,24,190,40,79,71,0,1,-4
04,24,130,30,113,89,0,5,-13
04,24,180,20,85,72,0,1,-12
04,24,70,40,134,88,0,8,-4
04,24,60,50,129,101,0,1,-9
04,24,30,50,102,74,0,4,-6
04,24,20,50,75,68,0,2,-1
04,24,40,30,65,38,0,2,-6
04,24,20,20,78,46,0,1,-2
04,24,150,30,64,44,0,7,0
04,24,110,40,95,38,0,7,-6
04,24,170,60,113,84,0,7,-7
04,24,360,80,62,42,0,8,-10
04,24,20,40,-8,-44,0,1,-8
04,24,40,30,13,-5,0,0,2
04,24,0,0,20,-8,0,1,-14
04,24,40,40,76,19,0,8,5
04,24,50,50,55,10,0,1,-9
04,24,20,20,25,-20,0,0,-20
04,24,140,50,67,38,0,7,-1
04,24,160,40,48,24,0,5,14
04,24,210,40,53,37,0,8,-1
04,24,70,20,77,53,-1,8,-1
04,24,210,90,73,38,0,8,-2
04,24,140,40,105,58,0,7,0
04,24,190,50,78,50,0,4,-2
04,24,120,20,77,45,0,5,-7
04,24,180,30,93,73,0,1,-9
04,24,140,30,140,60,0,7,0
04,24,120,20,123,72,0,4,2
04,24,40,20,128,122,19,8,-2
04,24,260,20,91,81,0,6,-5
04,24,140,10,82,63,0,1,-11
04,24,120,20,133,80,0,1,-4
04,24,150,10,131,123,6,8,-1
04,24,990,10,120,110,0,3,1
04,24,260,30,143,117,0,8,-12
04,24,300,10,119,107,0,8,-2
04,24,10,10,116,111,0,8,2
04,24,30,10,74,70,0,3,-11
04,24,180,40,134,87,-1,3,16
04,24,160,50,103,72,0,7,0
04,24,230,60,48,24,0,1,-1
04,24,210,80,90,76,3,8,10
04,24,200,40,109,100,0,7,-13
04,24,40,30,69,54,0,5,-6
04,24,170,30,62,30,0,7,-5
04,24,200,40,97,85,0,8,5
04,24,310,30,78,72,-1,8,-3
04,24,330,30,64,32,0,7,-3
04,24,280,20,-1,-23,0,1,-6
04,24,340,10,-22,-61,0,0,0
04,24,220,60,55,53,8,8,14
04,24,270,40,55,35,-1,7,0
04,24,320,40,53,40,1,7,0
04,24,220,70,55,14,0,8,-2
04,24,240,30,-1,-13,0,1,4
04,24,210,40,20,12,0,6,0
04,24,30,30,3,-1,0,4,-6
04,24,360,20,17,-1,0,0,-9
04,24,90,20,64,-3,0,3,0
04,24,160,10,57,25,0,7,-1
04,24,190,40,96,88,0,6,-8
04,24,200,60,86,58,0,7,-4
04,24,200,30,73,51,0,3,3
04,24,180,20,92,87,0,7,5
04,24,190,30,86,64,0,2,8
04,24,130,30,118,108,0,8,-1
04,24,30,50,109,92,0,6,1
04,24,130,30,90,45,0,,-7
04,24,100,30,135,23,0,,-5
04,24,80,40,119,24,0,,-5
04,24,80,30,95,3,0,,-19
04,24,70,60,60,-41,0,,-11
04,24,40,30,10,-34,0,,1
04,24,40,30,23,-21,0,,3
04,24,40,20,25,-23,0,,-2
04,24,60,50,60,-20,0,,-7
04,24,50,50,47,-23,0,,2
04,24,20,30,29,2,0,,4
04,24,360,40,50,32,0,,-1
04,24,280,20,13,-2,0,,-8
04,24,250,30,50,37,0,,-1
04,24,280,30,64,61,6,,-1
04,24,320,20,77,77,-1,,0
04,24,130,20,59,57,0,,3
04,24,230,10,47,47,0,,9
04,24,300,10,40,39,0,,-11
04,24,10,10,40,36,0,,-9
04,24,0,0,56,46,0,,-3
04,24,260,20,127,74,0,,-11
04,24,260,20,108,94,0,,0
04,24,260,10,85,84,0,,-12
04,24,290,10,48,48,0,,-12
04,24,260,60,77,34,0,,-3
04,24,200,50,77,56,0,,2
04,24,250,90,92,56,1,,-5
04,24,220,50,72,57,0,,7
04,24,220,60,145,86,0,,-38
04,24,260,50,64,45,-1,,0
04,24,320,40,33,2,0,,-4
04,24,290,20,11,-11,0,,-13
04,24,310,40,76,62,0,,-6
04,24,10,60,47,29,1,,-4
04,24,10,30,-12,-51,0,,-1
04,24,40,30,-12,-74,0,,-14
04,24,110,40,24,-78,0,,-11
04,24,290,10,12,-48,0,,-3
04,24,230,20,-1,-23,0,,-5
04,24,990,10,-1,-28,0,,13
04,24,100,20,84,-15,0,,-33
04,24,90,40,122,7,0,,-5
04,24,100,20,124,9,0,,1
04,24,100,30,168,50,0,,-10
04,24,80,40,145,16,0,,-9
04,24,50,40,128,14,0,,-6
04,24,60,40,66,-10,0,,-6
04,24,60,40,70,42,0,,-10
04,24,100,20,126,55,0,,-39
04,24,240,20,95,83,0,,-4
04,24,330,10,56,34,0,,-12
04,24,340,10,61,51,0,,-4
04,24,80,20,145,81,0,,-31
04,24,230,50,151,130,5,,-8
04,24,210,30,108,102,7,,7
04,24,190,30,109,96,0,,2
04,24,190,40,149,132,-1,,0
04,24,140,20,83,73,0,,8
04,24,200,40,95,81,0,,6
04,24,110,50,135,43,0,,-9
04,24,150,30,104,79,0,,-1
04,24,190,60,124,78,0,,3
04,24,210,50,79,35,0,,11
04,24,230,50,56,44,-1,,3
04,24,260,30,44,35,0,,3
04,24,990,10,46,36,3,,5
04,24,360,40,44,36,0,,0
04,24,30,10,15,8,0,,-19
04,24,30,30,48,6,0,,-1
04,24,10,30,37,17,0,,-13
04,24,340,10,51,38,0,,-6
04,24,40,20,47,37,0,,-2
04,24,120,20,66,42,0,,-12
04,24,150,10,57,40,0,,-3
04,24,100,20,129,45,0,,-17
04,24,180,30,85,76,0,,-1
04,24,180,50,63,31,0,,-1
04,24,130,20,37,20,0,,-6
04,24,180,30,94,65,0,,2
04,24,220,20,117,93,0,,-1
04,24,310,40,86,74,0,,-4
04,24,320,10,53,28,0,,-9
04,24,10,10,64,53,0,,5
04,24,70,20,105,46,0,,4
04,24,80,30,130,60,0,,-9
04,24,80,40,152,77,0,,-10
04,24,140,40,122,103,0,,1
04,24,300,10,120,113,0,,6
04,24,210,30,123,120,0,,-2
04,24,120,20,86,1,0,,-3
04,24,130,20,93,19,0,,-3
04,24,190,10,90,35,0,,-15
04,24,270,20,82,71,-1,,-3
04,24,170,20,36,14,0,,3
04,24,190,50,89,75,0,,6
04,24,210,40,62,34,0,,-4
04,24,340,60,38,16,-1,,-3
04,24,260,30,55,45,2,,2
04,24,160,10,16,10,0,,8
04,24,240,10,47,37,0,,-12
04,24,220,20,46,34,0,,12
04,24,170,30,100,94,5,,1
04,24,310,20,98,72,0,,-8
04,24,310,10,71,55,0,,1
04,24,310,40,78,76,0,,1
04,24,200,20,82,79,0,,2
04,24,300,10,72,61,0,,4
04,24,320,10,59,55,0,,-7
04,24,40,30,18,-13,0,,30
04,24,360,10,28,10,0,,-6
04,24,70,30,89,12,0,,-33
04,24,0,0,97,67,0,,5
04,24,80,20,133,102,0,,-3
04,24,280,20,106,99,0,,0
04,24,320,20,106,99,13,,-4
04,24,210,20,54,42,0,,5
04,24,200,30,130,108,6,,-4
04,24,130,10,108,105,0,,-8
04,24,100,10,122,116,0,,-12
04,24,190,40,62,34,0,,2
04,24,230,80,88,51,0,,3
04,24,230,20,36,29,0,,9
04,24,20,20,5,-7,0,,-3
04,24,250,20,-10,-22,0,,-2
04,24,220,40,29,-24,0,,0
04,24,200,40,71,37,0,,-3
04,24,230,50,39,16,0,,-5
04,24,330,10,15,4,0,,-10
04,24,270,10,-4,-13,0,,-6
04,24,210,60,48,37,5,,0
04,24,210,50,75,41,0,,3
04,24,260,40,93,82,1,,1
04,24,150,10,23,23,0,,-4
04,24,180,50,123,111,0,,-6
04,24,220,30,104,87,0,,-4
04,24,220,40,66,34,0,,0
04,24,190,20,55,36,0,,-8
04,24,220,20,70,47,0,,7
04,24,120,10,110,55,0,,-11
04,24,10,30,109,88,0,,-10
04,24,0,0,52,45,0,,6
04,24,30,20,89,77,0,,-1
04,24,50,20,108,68,0,,17
04,24,200,10,114,93,0,,-2
04,24,310,20,79,75,0,,-2
04,24,360,30,71,51,0,,-13
04,24,300,20,32,6,0,,0
04,24,240,20,35,28,0,,-1
04,24,160,30,37,28,0,,-2
04,24,60,40,103,1,0,0,-20
04,24,20,50,72,15,0,0,-9
04,24,10,50,40,12,0,0,-7
04,24,360,30,32,14,0,0,-9
04,24,0,0,40,34,0,0,-12
04,24,10,40,83,43,0,7,-9
04,24,350,10,36,20,0,0,-14
04,24,230,30,50,22,0,0,-1
04,24,220,30,74,52,0,8,10
04,24,210,10,112,69,0,8,-3
04,24,40,30,71,49,0,0,4
04,24,30,10,112,79,0,0,-15
04,24,80,20,138,86,0,0,-25
04,24,90,10,171,77,0,0,-28
04,24,990,10,122,67,0,0,-19
04,24,350,40,119,82,0,0,-10
04,24,290,20,56,44,0,0,-1
04,24,0,0,48,27,0,7,-11
04,24,0,0,58,46,0,0,-7
04,24,40,20,30,1,0,0,7
04,24,20,20,51,9,0,0,-9
04,24,160,20,79,43,0,0,-4
04,24,220,10,137,75,0,8,-14
04,24,130,10,155,96,0,3,-4
04,24,360,20,135,109,0,0,-5
04,24,10,10,151,131,0,0,-3
04,24,40,50,155,101,0,0,-14
04,24,30,30,142,98,0,0,-11
04,24,70,50,128,9,0,8,-9
04,24,80,50,137,29,0,0,-9
04,24,250,40,80,57,0,1,4
04,24,280,30,51,44,0,0,-1
04,24,280,10,34,21,0,3,-5
04,24,990,10,91,88,15,8,-1
04,24,300,10,32,24,0,1,-8
04,24,40,20,1,-20,0,0,-11
04,24,170,20,3,-10,0,0,-7
04,24,20,20,26,-4,0,8,-15
04,24,330,10,21,-9,0,0,-13
04,24,80,20,47,9,0,0,-21
04,24,210,40,51,15,0,0,2
04,24,200,20,69,24,0,7,2
04,24,340,10,68,44,0,8,-4
04,24,300,20,40,25,0,2,-6
04,24,0,0,-2,-14,0,0,-8
04,24,40,40,8,-12,0,0,-8
04,24,70,50,59,8,0,0,-5
04,24,70,60,66,31,0,8,-2
04,24,100,30,86,71,0,8,-4
04,24,70,40,100,59,0,6,-10
04,24,60,40,117,47,0,0,-7
04,24,120,20,122,57,0,8,-15
04,24,270,10,92,92,0,7,5
04,24,230,40,82,69,0,0,-5
04,24,150,10,87,78,0,8,6
04,24,130,20,123,71,0,0,-4
04,24,140,30,155,61,0,8,-8
04,24,150,30,92,78,-1,8,-2
04,24,140,50,108,82,-1,7,2
04,24,170,40,81,49,0,1,-7
04,24,50,50,87,65,0,0,-4
04,24,20,20,79,45,0,0,5
04,24,260,30,97,79,0,7,-11
04,24,0,0,97,80,0,8,2
04,24,80,20,97,68,0,0,-8
04,24,140,20,100,71,0,1,-7
04,24,180,30,86,74,0,1,-2
04,24,180,20,49,48,0,5,14
04,24,120,30,134,94,0,5,-2
04,24,60,10,135,106,-1,8,36
04,24,360,30,137,99,0,7,5
04,24,270,20,98,88,0,7,-12
04,24,300,10,84,72,0,7,-6
04,24,40,20,113,88,0,0,21
04,24,40,40,133,86,0,0,6
04,24,290,30,110,109,49,8,2
04,24,220,10,100,97,0,6,-3
04,24,50,40,108,63,0,7,-2
04,24,230,10,56,51,0,0,0
04,24,30,40,84,64,0,0,0
04,24,290,10,56,45,0,0,-11
04,24,360,20,46,35,0,0,-7
04,24,20,10,54,46,0,0,0
04,24,90,20,122,50,0,4,3
04,24,120,10,120,106,-1,8,0
04,24,320,20,113,109,1,8,-1
04,24,130,30,106,48,0,7,-1
04,24,990,10,52,43,0,3,-8
04,24,0,0,61,51,0,0,-7
04,24,330,10,88,67,0,0,9
04,24,170,40,26,-22,0,0,-3
04,24,200,30,68,48,0,7,0
04,24,140,30,68,50,0,6,6
04,24,240,40,54,27,0,6,-24
04,24,170,40,66,18,0,1,-1
04,24,130,30,101,23,0,0,-1
04,24,330,30,112,89,2,8,-5
04,24,230,10,29,16,0,0,-11
04,24,330,20,48,36,0,0,-3
04,24,360,20,29,4,0,0,-7
04,24,20,40,33,15,0,0,-8
04,24,20,50,78,31,0,1,-9
04,24,360,40,55,36,0,4,-6
04,24,20,30,49,13,0,0,-5
04,24,360,50,55,32,0,0,-1
04,24,50,20,44,6,0,0,-6
04,24,300,10,37,-2,0,0,5
04,24,360,40,72,46,0,2,-7
04,24,190,20,32,13,0,0,-6
04,24,260,20,53,13,0,8,-11
04,24,270,10,-8,-32,0,0,-14
04,24,30,30,22,-9,0,0,4
04,24,10,20,47,-1,0,0,8
04,24,60,20,91,7,0,0,0
04,24,190,20,83,75,0,0,-5
04,24,200,10,60,50,0,0,-2
04,24,0,0,87,59,0,8,-7
04,24,180,10,130,72,0,8,3
04,24,280,20,124,108,62,7,-6
04,24,200,30,86,53,0,8,-6
04,24,170,20,115,100,0,1,-6
04,24,300,20,138,92,0,8,-10
04,24,230,20,84,58,0,6,-9
04,24,200,40,74,21,0,1,-2
04,24,230,60,116,81,0,8,1
04,24,210,20,128,111,0,0,16
04,24,280,20,77,61,0,3,4
04,24,240,10,59,37,0,0,-11
04,24,60,40,92,19,0,0,-11
04,24,350,10,79,56,0,0,-11
04,24,300,40,88,77,13,8,1
04,24,260,20,37,18,0,0,-9
04,24,260,10,40,18,0,1,-13
04,24,0,0,91,52,0,8,2
04,24,0,0,39,16,0,0,-10
04,24,20,10,68,37,0,1,6
04,24,80,30,108,26,0,2,-25
04,24,120,20,123,30,0,0,-19
04,24,30,10,126,46,0,0,-28
04,24,0,0,100,53,0,2,-9
04,24,0,0,120,77,0,0,-6
04,24,30,20,127,69,0,3,-11
04,24,250,20,115,77,0,0,-9
04,24,40,20,126,50,0,0,-6
04,24,320,10,91,43,0,0,-5
04,24,360,60,103,42,0,0,-12
04,24,320,20,100,88,0,8,5
04,24,20,30,95,74,0,0,-16
04,24,60,60,150,96,0,8,-16
04,24,60,60,130,23,0,0,-9
04,24,250,10,6,-5,0,0,-8
04,24,0,0,48,30,0,8,1
04,24,330,20,85,37,0,8,1
04,24,50,40,71,55,0,8,-4
04,24,10,10,25,4,0,7,-6
04,24,250,30,45,25,2,8,0
04,24,300,10,21,-11,0,7,5
04,24,200,60,62,55,8,8,1
04,24,190,70,98,89,4,8,0
04,24,210,30,74,70,0,7,-8
04,24,200,10,59,50,0,6,-5
04,24,260,20,23,22,0,0,-2
04,24,180,10,38,37,0,8,0
04,24,360,40,54,29,0,1,0
04,24,320,20,14,-10,0,0,2
04,24,230,10,-18,-29,0,0,2
04,24,190,40,42,31,0,0,-1
04,24,150,50,81,55,1,8,6
04,24,180,20,67,36,0,7,1
04,24,170,40,68,47,0,7,-1
04,24,210,40,59,52,-1,8,0
04,24,190,40,57,46,0,3,-1
04,24,130,40,77,62,1,8,-4
04,24,250,30,77,64,0,8,-1
04,24,170,70,116,72,0,7,3
04,24,180,50,103,80,-1,8,4
04,24,90,20,124,84,-1,8,-6
04,24,340,40,108,97,0,8,-5
04,24,190,10,81,67,0,1,-6
04,24,60,50,172,90,0,8,-7
04,24,30,50,-13,-62,0,0,1
04,24,50,50,5,-55,0,0,-12
04,24,70,40,25,-56,0,8,0
04,24,50,50,24,-21,0,7,-4
04,24,30,30,28,-5,0,8,2
04,24,360,20,0,-39,0,1,-16
04,24,50,40,36,-44,0,8,-13
04,24,110,20,41,25,0,0,-5
04,24,190,30,70,63,0,8,-2
04,24,110,30,72,67,9,8,1
04,24,280,20,54,51,0,8,2
04,24,260,50,92,70,0,8,-3
04,24,190,50,111,98,-1,8,5
04,24,170,40,155,88,0,0,-11
04,24,0,0,64,64,0,1,-2
04,24,220,20,113,109,1,8,-1
04,24,170,40,165,93,0,0,10
04,24,240,60,85,38,0,0,-7
04,24,360,40,41,25,0,3,-7
04,24,20,40,31,2,0,4,-5
04,24,280,20,31,10,0,0,-1
04,24,220,50,100,36,0,8,0
04,24,0,0,64,61,0,0,-7
04,24,270,10,111,93,0,8,-17
04,24,180,20,123,108,0,0,-8
04,24,310,30,49,45,0,8,-2
04,24,10,30,24,4,0,7,-4
04,24,190,20,53,19,0,1,5
04,24,170,10,23,4,0,8,0
04,24,30,50,69,32,0,7,-9
04,24,0,0,85,75,0,0,9
04,24,40,10,107,77,0,8,-5
04,24,200,10,134,87,0,7,-1
04,24,280,20,110,87,-1,7,-6
04,24,200,20,84,51,0,0,-8
04,24,200,30,150,129,-1,8,-7
04,24,200,50,134,119,0,8,1
04,24,230,30,37,30,0,0,-3
04,24,220,20,75,53,0,8,8
04,24,340,10,103,84,0,8,0
04,24,360,20,73,65,0,0,-14
04,24,250,20,70,38,0,0,-9
04,24,240,60,77,36,0,5,0
04,24,300,20,38,15,0,2,0
04,24,360,10,19,4,0,0,-15
04,24,170,20,63,1,0,0,-5
04,24,280,20,87,77,-1,8,-13
04,24,320,20,38,23,0,1,6
04,24,50,40,114,70,0,0,-2
04,24,90,30,141,67,0,0,-4
04,24,990,10,104,89,0,8,-5
04,24,20,10,78,70,0,1,-10
04,24,990,10,81,78,0,0,-4
04,24,30,30,119,107,0,2,-13
04,24,200,20,117,102,0,1,-6
04,24,250,10,107,75,0,7,6
04,24,160,10,90,83,0,3,4
04,24,250,10,105,90,0,7,3
04,24,0,0,103,100,0,7,7
04,24,270,10,100,90,0,8,-4
04,24,240,60,60,46,4,8,0
04,24,240,20,15,1,0,7,-13
04,24,360,20,63,22,0,8,0
04,24,340,20,32,-1,0,8,-18
04,24,320,10,7,-6,0,0,-5
04,24,180,10,21,19,0,0,-9
04,24,300,10,37,28,0,2,-12
04,24,20,10,38,31,0,0,-19
04,24,230,10,58,42,0,0,-11
04,24,180,30,125,32,0,2,-6
04,24,180,30,39,22,0,2,9
04,24,290,50,107,65,0,8,-16
04,24,170,20,43,13,0,7,33
04,24,200,10,94,64,0,0,2
04,24,10,30,70,52,0,0,5
04,24,50,40,76,9,0,8,-18
04,24,30,40,38,6,0,0,-14
04,24,10,30,47,26,0,0,-12
04,24,30,30,56,10,0,0,2
04,24,360,20,69,37,0,1,-19
04,24,20,40,55,39,0,0,-18
04,24,20,20,42,29,0,0,-6
04,24,0,0,43,31,0,0,-6
04,24,230,20,110,86,0,7,6
04,24,180,30,120,101,-1,8,2
04,24,360,40,89,78,2,8,-4
04,24,360,10,21,-9,0,1,-13
04,24,180,30,26,-30,0,0,-3
04,24,200,40,78,65,5,8,-2
04,24,200,10,17,5,0,0,-5
04,24,200,30,93,36,0,8,-7
04,24,130,30,126,89,-1,8,2
04,24,160,50,154,111,-1,8,-14
04,24,50,10,99,66,0,8,-4
04,24,230,50,81,64,0,8,-9
04,24,220,60,60,34,0,0,-2
04,24,190,20,36,28,0,0,8
04,24,0,0,21,18,0,1,6
04,24,270,20,95,49,0,8,-5
04,24,90,40,111,41,0,0,1
04,24,140,20,110,98,1,8,1
04,24,160,10,62,57,0,1,-23
04,24,200,10,45,42,0,1,-9
04,24,240,40,106,75,-1,8,-11
04,24,170,40,94,79,0,6,7
04,24,250,20,42,32,0,8,6
04,24,230,10,14,10,0,2,-2
04,24,230,30,76,45,0,8,6
04,24,10,10,26,11,0,0,-9
04,24,50,50,71,22,0,0,-9
04,24,40,60,96,33,0,8,-15
04,24,20,50,76,13,-1,8,-5
04,24,280,30,32,7,-1,7,-22
04,24,250,30,9,-5,0,0,0
04,24,270,30,19,-2,0,3,-10
04,24,240,60,35,23,5,7,-1
04,24,260,30,30,16,0,7,2
04,24,170,40,44,11,0,8,1
04,24,180,30,70,37,-1,7,-4
04,24,340,30,45,24,0,0,-5
04,24,200,10,91,85,0,7,-13
04,24,320,10,53,49,0,1,19
04,24,150,10,45,42,0,0,-2
04,24,330,20,88,58,0,1,-20
04,24,270,20,40,30,0,3,-5
04,24,240,20,29,20,0,3,-8
04,24,350,20,90,57,0,8,-7
04,24,0,0,38,30,0,0,-6
04,24,200,20,110,51,0,0,-11
04,24,250,10,39,25,0,7,1
04,24,210,30,66,31,0,8,-9
04,24,250,50,91,75,1,8,-2
04,24,220,20,31,19,0,0,-2
04,24,220,40,92,48,0,8,2
04,24,240,30,70,26,-1,8,-9
04,24,190,20,61,49,3,8,-2
04,24,270,20,20,-2,0,0,-6
04,24,10,30,6,-36,0,0,7
04,24,340,10,-17,-42,0,4,-11
04,24,210,10,50,-2,0,8,12
04,24,260,30,104,75,0,8,-1
04,24,280,20,48,14,0,8,-6
04,24,190,10,10,-3,0,0,3
04,24,250,20,64,53,7,8,-1
04,24,220,20,11,-12,0,2,-5
04,24,310,10,1,-11,0,0,3
04,24,200,20,14,-11,0,7,25
04,24,230,20,11,-4,0,2,-11
04,24,100,30,80,-6,0,0,-5
04,24,120,40,146,22,0,8,-5
04,24,140,10,17,13,0,8,5
04,24,200,50,102,88,1,8,2
04,24,230,60,109,70,0,8,-20
04,24,200,50,95,70,0,7,4
04,24,110,20,8,1,0,8,15
04,24,120,30,98,11,0,8,-6
04,24,0,0,97,73,0,6,-7
04,24,340,20,121,102,0,8,-10
04,24,160,30,135,103,0,8,7
04,24,210,30,115,110,-1,8,-3
04,24,50,20,87,84,0,0,5
04,24,210,10,44,41,0,2,3
04,24,0,0,73,70,0,7,-3
04,24,40,20,111,108,12,8,-1
04,24,220,40,125,98,0,8,-5
04,24,0,0,51,47,0,0,0
04,24,140,10,86,79,0,0,0
04,24,90,20,173,90,0,8,-26
04,24,170,10,143,89,0,0,-8
04,24,310,10,125,108,0,8,-9
04,24,50,20,121,76,0,2,26
04,24,200,30,149,126,15,8,-15
04,24,220,50,87,54,0,8,0
04,24,230,50,140,104,0,8,2
04,24,230,70,96,53,0,8,0
04,24,200,20,47,21,0,8,0
04,24,220,30,122,78,-1,8,-7
04,24,330,10,69,66,0,7,-13
04,24,20,50,102,99,72,8,-2
04,24,240,90,57,44,13,8,0
04,24,130,20,82,22,0,0,-8
04,24,200,50,67,44,0,8,-9
04,24,150,20,29,19,0,4,1
04,24,90,20,51,26,0,8,-1
04,24,70,20,82,57,0,8,-2
04,24,350,10,91,81,0,8,5
04,24,70,20,134,60,0,3,-15
04,24,0,0,99,92,0,8,1
04,24,40,50,70,13,0,8,-6
04,24,20,40,16,-26,0,0,-8
04,24,40,30,34,-40,0,3,20
04,24,30,40,-2,-32,0,0,-11
04,24,10,30,-4,-16,0,0,3
04,24,60,30,48,7,0,2,1
04,24,80,30,102,3,0,2,-3
04,24,130,20,109,73,0,8,-1
04,24,70,30,123,79,0,8,4
04,24,80,30,149,28,0,0,-27
04,24,20,20,104,36,0,0,-9
04,24,60,30,141,18,0,5,-33
04,24,340,10,95,34,0,0,-16
04,24,70,40,153,7,0,0,-14
04,24,150,30,148,84,0,8,1
04,24,140,40,96,82,0,0,-3
04,24,180,20,91,69,0,6,5
04,24,200,20,79,47,0,0,8
04,24,210,40,89,42,0,8,-5
04,24,0,0,37,34,0,0,-5
04,24,20,40,106,68,0,8,-2
04,24,230,10,44,42,0,0,-8
04,24,250,10,-3,-15,0,4,8
04,24,240,40,80,39,0,8,-4
04,24,110,10,9,-22,0,8,-21
04,24,110,20,81,-11,0,0,-9
04,24,140,30,120,1,0,0,-12
04,24,290,20,117,87,0,2,-27
04,24,60,10,93,60,0,8,15
04,24,330,10,101,83,0,0,-4
04,24,30,30,92,58,0,5,8
04,24,50,30,90,-1,0,8,6
04,24,290,10,83,37,0,2,-14
04,24,350,40,117,81,0,8,-5
04,24,350,30,56,-15,0,8,-5
04,24,0,0,10,-10,0,8,-3
04,24,80,20,92,24,0,3,-28
04,24,50,40,121,57,0,1,-10
04,24,40,40,98,29,0,0,-8
04,24,260,20,108,89,0,8,-8
04,24,70,50,109,-16,0,0,-9
04,24,70,60,117,-11,0,0,-8
04,24,70,50,130,9,0,0,-7
04,24,70,30,131,23,0,0,-41
04,24,0,0,85,43,0,8,-16
04,24,350,20,68,50,0,7,16
04,24,10,20,50,30,0,0,-2
04,24,230,10,49,28,0,0,-7
04,24,10,20,98,57,0,8,-12
04,24,210,40,110,105,0,4,-7
04,24,200,50,97,85,2,8,-5
04,24,200,50,79,64,0,8,0
04,24,240,62,85,56,-1,8,-1
04,24,200,36,91,41,0,3,-7
04,24,210,15,35,26,0,0,-1
04,24,190,46,72,47,-1,8,-3
04,24,200,21,38,20,0,0,-4
04,24,230,62,101,29,-1,8,-31
04,24,250,26,62,42,0,7,8
04,24,260,31,94,82,0,8,-13
04,24,240,15,55,30,0,3,-14
04,24,140,26,81,36,0,2,8
04,24,130,15,90,-3,0,0,-32
04,24,80,21,89,29,0,0,1
04,24,340,31,105,72,0,7,-8
04,24,50,15,103,22,0,0,-14
04,24,20,26,65,-2,0,0,-15
04,24,320,15,11,5,13,7,3
04,24,310,15,6,-7,0,1,-3
04,24,270,15,33,29,0,7,1
04,24,360,15,-11,-31,0,2,-4
04,24,350,5,-34,-48,0,0,-6
04,24,230,62,57,-6,0,8,-3
04,24,350,10,19,12,0,4,2
04,24,300,21,27,14,0,2,-6
04,24,90,21,21,14,0,0,-5
04,24,60,26,50,9,0,0,0
04,24,40,15,51,21,0,0,-7
04,24,360,15,36,23,0,0,-6
04,24,290,15,30,23,0,0,-6
04,24,80,15,48,25,0,8,5
04,24,40,57,66,29,0,8,-6
04,24,200,15,31,13,0,2,-6
04,24,230,15,47,41,0,7,3
04,24,340,15,48,30,0,7,0
04,24,290,10,8,1,0,0,4
04,24,230,26,53,38,0,8,0
04,24,130,21,53,28,0,6,8
04,24,100,15,51,12,0,0,-7
04,24,70,36,74,10,0,0,-10
04,24,10,15,55,28,0,0,-13
04,24,10,10,52,27,0,5,-5
04,24,990,5,51,41,0,2,-14
04,24,260,36,77,66,-1,6,-1
04,24,250,51,81,50,0,7,-4
04,24,180,46,91,69,-1,7,1
04,24,280,41,35,15,-1,6,2
04,24,270,15,27,8,0,6,3
04,24,230,26,69,66,1,8,1
04,24,260,46,120,102,2,8,2
04,24,290,15,29,14,0,0,-5
04,24,120,21,38,5,0,1,-5
04,24,280,10,76,47,0,7,16
04,24,240,15,84,55,0,7,-6
04,24,180,21,82,65,0,7,5
04,24,160,36,117,87,0,3,-1
04,24,230,15,96,91,0,3,-4
04,24,260,62,123,93,3,6,-13
04,24,200,36,101,47,0,8,-6
04,24,300,26,78,67,-1,8,-1
04,24,190,10,51,45,0,2,-18
04,24,190,62,91,71,10,8,1
04,24,200,41,72,57,0,3,-6
04,24,310,10,38,31,0,7,3
04,24,100,21,32,28,0,7,-2
04,24,200,31,22,7,0,0,-3
04,24,220,57,67,52,0,3,-5
04,24,270,62,81,64,1,6,-4
04,24,340,15,61,44,0,7,-2
04,24,90,26,36,18,0,3,-8
04,24,150,31,105,51,0,8,1
04,24,80,41,63,54,0,2,-10
04,24,100,15,71,70,0,7,-6
04,24,40,21,52,46,0,1,-5
04,24,100,5,76,73,0,8,-8
04,24,20,21,68,67,0,7,5
04,24,340,15,61,58,0,0,-7
04,24,220,36,95,69,0,8,1
04,24,240,51,108,105,0,8,-1
04,24,240,62,102,99,7,8,0
04,24,120,15,69,69,0,3,13
04,24,140,15,128,83,0,2,3
04,24,0,0,85,76,0,1,-3
04,24,160,21,89,88,0,2,13
04,24,140,31,134,72,0,2,-8
04,24,40,15,120,85,0,1,-2
04,24,10,21,121,105,0,2,3
04,24,360,21,101,68,0,0,7
04,24,20,31,134,113,0,0,-20
04,24,60,36,140,82,0,1,-10
04,24,60,21,151,92,0,1,-13
04,24,70,15,138,86,0,0,-1
04,24,260,67,43,33,17,8,-2
04,24,230,36,12,9,0,3,5
04,24,200,108,61,24,-1,7,-3
04,24,210,57,27,15,2,2,-6
04,24,200,26,29,26,0,6,12
04,24,160,5,7,7,0,0,1
04,24,0,0,54,54,2,8,3
04,24,180,82,63,49,6,8,-5
04,24,220,10,-3,-3,0,0,-20
04,24,340,46,62,52,0,7,5
04,24,340,36,66,51,0,2,-8
04,24,330,41,65,50,0,2,0
04,24,320,41,51,9,0,2,0
04,24,270,21,51,50,3,8,1
04,24,40,31,69,46,0,8,1
04,24,20,36,62,53,0,2,-6
04,24,350,41,39,19,0,6,-6
04,24,330,21,21,8,0,0,-1
04,24,100,5,24,15,0,3,4
04,24,0,0,64,46,0,7,-4
04,24,0,0,23,20,0,0,-1
04,24,130,21,93,66,0,1,-15
04,24,120,15,97,75,0,2,-7
04,24,210,10,95,92,0,6,6
04,24,160,21,46,18,0,6,12
04,24,200,36,122,108,-1,8,-1
04,24,240,31,144,130,0,8,0
04,24,0,0,109,107,0,4,-16
04,24,210,5,114,101,0,6,-8
04,24,300,15,61,47,0,1,6
04,24,260,31,102,91,0,1,-2
04,24,250,51,95,66,0,0,-8
04,24,250,46,93,85,0,8,-5
04,24,360,10,25,7,0,7,-15
04,24,250,21,80,55,0,5,8
04,24,250,26,89,83,0,8,-17
04,24,290,41,51,10,0,2,-1
04,24,300,31,38,14,0,7,-2
04,24,230,31,52,42,3,8,-1
04,24,330,31,65,56,0,7,-2
04,24,260,10,79,71,0,7,5
04,24,360,41,75,51,0,7,-5
04,24,20,26,60,53,0,5,-2
04,24,300,15,68,61,0,7,-14
04,24,300,21,61,51,0,7,0
04,24,250,41,66,52,-1,8,0
04,24,220,77,82,79,1,8,1
04,24,300,15,15,9,0,6,-6
04,24,250,21,37,27,0,7,-21
04,24,0,0,9,8,0,0,-9
04,24,60,62,92,63,0,5,0
04,24,130,5,59,56,0,0,-7
04,24,340,21,101,93,0,7,-4
04,24,40,41,153,97,0,0,-6
04,24,40,10,135,88,0,7,-2
04,24,360,31,96,90,0,1,-9
04,24,30,15,62,7,0,7,-4
04,24,40,10,36,16,0,5,-1
04,24,20,21,109,63,0,8,-11
04,24,320,5,90,78,0,7,-33
04,24,350,10,-49,-63,0,0,2
04,24,30,21,-14,-31,0,0,-2
04,24,20,31,10,-19,0,0,-1
04,24,50,41,40,-26,0,0,-5
04,24,70,31,36,20,0,6,7
04,24,50,21,54,34,0,3,-15
04,24,270,15,48,41,0,5,-9
04,24,0,0,8,5,0,2,-5
04,24,120,10,67,55,0,8,6
04,24,350,10,92,70,0,8,-6
04,24,70,51,32,16,0,7,-5
04,24,60,46,4,-44,0,4,-3
04,24,70,21,20,-6,0,0,-13
04,24,70,10,14,-25,0,0,-10
04,24,140,5,38,-15,0,0,-8
04,24,110,26,66,-25,0,0,-8
04,24,260,36,114,67,0,7,-12
04,24,990,15,96,50,0,3,-12
04,24,20,10,96,61,0,7,1
04,24,170,21,138,1,0,7,7
04,24,170,26,156,46,0,4,-3
04,24,150,31,182,51,0,2,-4
04,24,240,31,99,55,0,3,-12
04,24,220,21,67,60,0,3,-2
04,24,220,15,55,37,0,0,-9
04,24,10,15,82,73,0,0,-22
04,24,360,10,105,88,0,4,10
04,24,350,21,43,33,0,2,-7
04,24,350,10,17,4,0,5,-1
04,24,80,21,90,30,0,8,7
04,24,0,0,29,26,0,0,-8
04,24,180,10,58,41,0,7,-5
04,24,260,40,44,19,0,2,7
04,24,190,30,46,-2,0,8,2
04,24,320,50,67,39,0,6,-11
04,24,10,20,-11,-33,0,0,-10
04,24,40,20,17,-26,0,0,-9
04,24,100,10,46,-10,0,5,-5
04,24,320,10,60,12,0,0,-20
04,24,280,20,60,25,0,1,-5
04,24,290,20,43,20,0,4,-3
04,24,310,20,20,13,0,1,-2
04,24,270,10,73,37,0,8,-1
04,24,330,30,56,12,0,7,-10
04,24,320,10,25,4,0,1,2
04,24,10,20,33,23,0,1,-14
04,24,340,10,30,1,0,1,-6
04,24,310,10,52,36,0,7,5
04,24,30,30,32,-1,0,4,-12
04,24,30,20,5,-49,0,0,-14
04,24,330,20,54,10,-1,8,-5
04,24,0,0,2,-12,0,5,-15
04,24,200,20,31,-16,0,2,-5
04,24,230,30,54,0,0,6,2
04,24,50,30,92,89,8,8,-3
04,24,120,30,105,100,4,8,2
04,24,230,50,98,92,0,8,-4
04,24,250,70,109,101,10,8,-1
04,24,310,30,85,84,-1,8,0
04,24,310,10,57,57,0,0,-1
04,24,250,40,111,107,0,,-4
04,24,150,30,106,95,0,,-2
04,24,190,90,96,63,-1,8,-6
04,24,190,60,100,76,0,6,-2
04,24,190,40,71,59,0,3,-6
04,24,170,20,70,62,0,6,-2
04,24,270,40,74,71,1,8,3
04,24,110,20,32,32,0,4,-5
04,24,130,20,56,56,0,7,0
04,24,230,30,50,50,0,7,-3
04,24,280,20,34,24,0,0,-9
04,24,220,40,4,-5,0,1,-1
04,24,200,30,3,-8,0,2,-4
04,24,120,30,39,14,0,7,-1
04,24,200,50,31,14,0,5,-1
04,24,100,30,36,18,0,6,8
04,24,190,20,73,72,0,,-3
04,24,990,10,72,64,1,,1
04,24,160,30,72,36,0,,-1
04,24,220,20,71,65,0,,-20
04,24,100,30,102,73,0,,-3
04,24,90,30,89,59,0,,3
04,24,180,40,119,103,-1,,2
04,24,210,60,134,102,-1,,-1
04,24,250,30,108,95,2,,-5
04,24,100,10,77,75,0,,7
04,24,260,20,86,85,0,,0
04,24,80,10,63,61,0,,-2
04,24,20,20,95,90,0,,7
04,24,340,30,108,108,0,,2
04,24,90,30,73,36,0,0,9
04,24,230,20,86,72,0,3,-14
04,24,220,30,120,120,0,8,1
04,24,150,10,40,40,0,2,-6
04,24,210,40,126,126,0,3,-4
04,24,240,60,102,86,0,7,0
04,24,270,30,80,69,0,8,0
04,24,990,10,38,37,0,0,-7
04,24,270,30,117,100,0,7,-1
04,24,260,40,103,103,-1,8,-10
04,24,200,60,64,39,0,4,-2
04,24,240,40,72,68,4,8,1
04,24,240,70,28,21,0,8,-2
04,24,310,20,25,19,0,6,-2
04,24,190,30,20,16,0,1,-10
04,24,990,10,-7,-7,0,0,-2
04,24,350,10,46,30,0,7,-10
04,24,240,10,9,8,0,3,-15
04,24,990,10,11,9,0,1,1
04,24,140,60,95,87,5,8,1
04,24,190,50,95,86,2,6,1
04,24,200,30,70,63,0,1,-5
04,24,140,20,111,92,-1,7,1
04,24,150,20,85,77,0,7,-9
04,24,80,40,122,92,0,7,-9
04,24,40,40,118,97,0,,-4
04,24,20,30,109,83,0,,-9
04,24,20,40,74,68,0,,2
04,24,30,30,64,43,0,,-16
04,24,350,20,77,58,0,,-9
04,24,140,20,52,42,0,,4
04,24,90,40,74,47,0,,-1
04,24,150,20,105,90,0,,7
04,24,10,50,60,45,0,,-11
04,24,350,20,-4,-37,0,,-3
04,24,10,20,32,12,0,,-17
04,24,990,10,6,-18,0,,-9
04,24,70,40,73,26,0,,0
04,24,50,50,45,-1,0,,-1
04,24,10,20,17,-19,0,,-20
04,24,140,50,64,42,2,,-2
04,24,160,20,47,22,0,,8
04,24,230,40,48,39,0,,2
04,24,80,20,65,51,0,,2
04,24,200,80,75,46,0,,-4
04,24,150,30,100,59,0,,2
04,24,190,50,82,54,0,,-4
04,24,130,20,84,53,0,6,5
04,24,190,30,101,83,0,2,-7
04,24,150,20,143,64,0,,-4
04,24,100,10,108,62,0,,-11
04,24,40,30,131,129,56,,-1
04,24,280,30,93,86,0,,-5
04,24,140,10,84,72,0,,-16
04,24,120,30,120,79,0,,-2
04,24,120,10,123,117,0,,4
04,24,60,20,126,113,0,,-20
04,24,290,20,130,116,0,,3
04,24,300,10,103,99,0,,3
04,24,360,10,126,122,0,,-1
04,24,60,20,66,64,0,,8
04,24,170,40,140,76,-1,,-2
04,24,170,40,102,71,0,,3
04,24,240,60,47,25,0,,-1
04,24,210,90,84,74,19,,10
04,24,200,50,110,99,-1,,-1
04,24,340,20,40,36,0,,-17
04,24,190,30,55,25,0,,3
04,24,190,20,90,87,0,,4
04,24,280,20,79,71,0,,0
04,24,330,40,60,19,0,,-18
04,24,990,10,14,-17,0,,-10
04,24,340,20,-15,-53,0,,-3
04,24,220,60,44,41,7,,16
04,24,270,50,55,29,0,,0
04,24,290,30,54,43,-1,,-1
04,24,220,70,58,11,0,,-6
04,24,240,30,7,-3,0,,11
04,24,220,30,9,0,0,,4
04,24,30,20,8,3,0,,4
04,24,330,20,26,7,0,,-8
04,24,70,20,16,2,0,,-3
04,24,140,10,57,27,0,,14
04,24,190,40,97,88,0,,-2
04,24,200,70,90,59,0,,-8
04,24,200,40,74,48,0,,1
04,24,180,30,89,79,0,,5
04,24,180,30,81,42,0,,8
04,24,160,30,112,104,10,,-2
04,24,30,50,118,100,0,,-6
04,24,110,30,69,40,0,,-10
04,24,90,50,106,38,0,,0
04,24,70,40,74,31,0,,-3
04,24,60,30,48,-1,0,,-12
04,24,70,60,41,-31,0,,-12
04,24,30,30,20,-23,0,,-6
04,24,30,30,41,-17,0,,-8
04,24,30,20,28,-5,0,,-4
04,24,60,50,47,-25,0,,-2
04,24,50,50,46,-21,0,,-7
04,24,350,20,44,16,0,,-5
04,24,350,30,52,34,0,,-2
04,24,300,20,30,17,0,,-12
04,24,250,30,55,45,3,,2
04,24,290,30,65,62,13,,4
04,24,320,20,78,76,7,,-1
04,24,130,20,32,31,0,,5
04,24,990,10,21,20,0,,14
04,24,340,10,42,39,0,,-2
04,24,80,10,20,17,0,,-3
04,24,80,10,51,43,0,,-5
04,24,260,30,133,67,0,,-2
04,24,280,20,112,98,0,,-3
04,24,300,10,93,87,0,,-9
04,24,240,10,52,48,0,,-10
04,24,290,100,50,36,20,,16
04,24,200,50,76,59,0,,-1
04,24,260,90,94,57,-1,,-6
04,24,220,70,72,49,0,,5
04,24,200,40,137,86,0,,-23
04,24,270,40,57,44,7,,3
04,24,350,20,26,7,0,,0
04,24,290,20,4,-17,0,,3
04,24,320,30,72,58,0,,-7
04,24,360,40,47,-9,0,,-15
04,24,340,20,-8,-50,0,,-8
04,24,30,20,-12,-80,0,,-13
04,24,70,20,-8,-81,0,,-10
04,24,360,30,9,-14,0,,-7
04,24,230,20,14,-10,0,,-12
04,24,80,10,-5,-33,0,,9
04,24,990,10,24,-25,0,,-4
04,24,90,30,74,0,0,,3
04,24,100,40,116,11,0,,-19
04,24,90,20,122,44,0,,-17
04,24,80,40,115,7,0,,-12
04,24,40,50,129,15,0,,-32
04,24,50,60,58,-8,0,,-5
04,24,50,30,59,36,0,,-9
04,24,80,30,83,45,0,,-5
04,24,240,40,108,85,0,,-1
04,24,350,10,85,48,0,,-14
04,24,330,10,54,46,0,,0
04,24,50,20,130,80,0,,-15
04,24,240,70,160,123,0,,-15
04,24,200,40,108,100,0,,2
04,24,200,40,106,90,0,,4
04,24,200,40,154,129,0,,-2
04,24,80,10,87,78,0,,-8
04,24,210,50,94,76,0,,6
04,24,90,40,97,50,0,,-6
04,24,160,20,111,78,0,,-7
04,24,190,70,121,80,0,,1
04,24,210,50,76,34,0,,7
04,24,250,40,50,34,4,,-1
04,24,250,40,47,35,0,,3
04,24,280,30,46,36,0,,-3
04,24,10,30,47,36,0,,-19
04,24,300,10,12,8,0,,-6
04,24,360,30,49,0,0,,-3
04,24,350,20,39,20,0,,-10
04,24,360,20,32,25,0,,-13
04,24,20,20,46,39,0,,-4
04,24,90,20,37,23,0,,2
04,24,0,0,62,35,0,,-7
04,24,100,20,92,40,0,,-3
04,24,200,30,93,80,-1,,-5
04,24,190,60,70,32,0,,2
04,24,150,20,44,25,0,,-17
04,24,160,20,86,60,0,,1
04,24,140,10,99,79,0,,20
04,24,330,10,87,77,0,,-1
04,24,340,10,54,42,0,,-6
04,24,10,10,74,55,0,,-20
04,24,70,20,90,54,0,,1
04,24,70,20,98,63,0,,-19
04,24,80,40,127,92,0,,-6
04,24,220,60,123,107,1,,1
04,24,350,20,132,120,1,,-8
04,24,990,10,133,128,0,,-5
04,24,90,20,55,5,0,,-5
04,24,130,20,72,9,0,,-11
04,24,210,20,97,55,0,,-26
04,24,260,20,82,75,2,,0
04,24,180,10,42,16,0,,2
04,24,200,50,88,77,0,,-3
04,24,200,40,68,42,0,,-8
04,24,350,60,34,18,0,,-6
04,24,240,40,57,51,1,,0
04,24,250,20,36,33,0,,0
04,24,350,10,43,34,0,,-3
04,24,220,10,73,58,0,,-4
04,24,190,20,100,97,3,,-2
04,24,990,10,101,76,0,,-29
04,24,60,10,69,66,-1,,1
04,24,320,30,88,87,0,,-3
04,24,240,30,86,81,0,,0
04,24,300,10,65,65,0,,12
04,24,270,20,74,70,0,,-1
04,24,50,30,35,-14,0,,-10
04,24,10,10,22,11,0,,-2
04,24,70,20,52,4,0,,-7
04,24,80,10,58,47,0,,-5
04,24,90,30,124,107,0,,-4
04,24,70,30,101,61,0,,-4
04,24,240,20,109,106,17,,-5
04,24,210,20,58,40,0,,-2
04,24,200,40,144,88,0,,-23
04,24,140,10,111,109,0,,-1
04,24,50,20,114,114,0,,-1
04,24,200,30,61,30,0,,0
04,24,230,80,92,51,0,,-3
04,24,240,20,38,33,1,,-6
04,24,360,20,10,-4,0,,-13
04,24,270,20,16,-2,0,,-22
04,24,220,40,45,-18,0,,-25
04,24,190,40,66,45,0,,3
04,24,240,50,35,13,0,,0
04,24,340,20,11,-1,0,,-4
04,24,290,20,16,-6,0,,-8
04,24,210,60,48,35,5,,0
04,24,210,40,71,37,0,,6
04,24,260,40,96,80,0,,-7
04,24,0,0,21,17,0,,-11
04,24,170,30,118,112,-1,,1
04,24,190,20,98,82,0,,1
04,24,210,30,52,32,0,,2
04,24,210,20,55,31,0,,-11
04,24,240,30,80,59,0,,1
04,24,0,0,112,52,0,,-8
04,24,360,20,103,93,1,,-2
04,24,280,30,68,61,0,,-11
04,24,360,20,88,77,0,,0
04,24,80,30,94,63,0,,-7
04,24,220,20,109,95,0,,-2
04,24,340,20,89,72,0,,-4
04,24,350,30,66,42,0,,-9
04,24,320,30,49,10,0,,1
04,24,250,20,41,31,0,,1
04,24,170,20,32,19,0,,2
04,24,40,20,72,0,0,,7
04,24,10,40,80,8,0,,-17
04,24,20,30,44,10,0,0,-6
04,24,360,20,37,18,0,0,-7
04,24,250,10,42,34,0,0,-5
04,24,360,30,81,47,0,7,-7
04,24,350,10,22,15,0,0,-6
04,24,230,40,44,15,0,0,16
04,24,270,10,84,61,0,8,-24
04,24,240,20,110,74,0,8,1
04,24,30,20,64,52,0,0,5
04,24,80,30,100,75,0,0,-8
04,24,80,30,122,94,0,0,-7
04,24,90,20,130,68,0,0,-15
04,24,30,10,112,74,0,0,-8
04,24,350,30,114,81,0,0,-13
04,24,290,20,58,48,0,6,-3
04,24,250,10,43,26,0,5,3
04,24,300,10,68,53,0,7,16
04,24,40,10,26,2,0,0,-10
04,24,60,30,51,4,0,0,-3
04,24,220,10,72,46,0,0,6
04,24,0,0,139,54,0,8,-16
04,24,80,20,134,104,0,0,-6
04,24,350,10,137,121,0,0,5
04,24,10,20,140,110,0,0,-18
04,24,20,20,147,104,0,0,-3
04,24,40,30,155,105,0,0,-7
04,24,80,60,109,2,0,0,-13
04,24,70,40,83,26,0,0,4
04,24,250,40,72,42,0,7,-3
04,24,280,30,45,30,0,4,7
04,24,360,10,54,25,0,8,-7
04,24,210,10,70,69,0,8,6
04,24,280,20,21,11,0,0,-6
04,24,30,20,-3,-30,0,2,-15
04,24,190,20,2,-18,0,0,-2
04,24,40,10,0,-19,0,8,3
04,24,340,20,21,-20,0,0,-19
04,24,70,20,22,7,0,0,-7
04,24,220,30,34,8,0,0,13
04,24,210,10,56,27,0,8,0
04,24,50,20,49,38,0,8,-2
04,24,300,20,26,9,0,0,-7
04,24,350,10,-16,-30,0,0,-1
04,24,20,20,12,-8,0,0,-5
04,24,50,40,43,14,0,1,-11
04,24,70,60,49,24,0,0,0
04,24,100,40,78,65,0,8,0
04,24,70,50,78,49,0,5,-11
04,24,60,40,96,40,0,0,-2
04,24,110,10,110,63,0,8,-6
04,24,250,20,98,95,0,7,0
04,24,250,40,81,66,0,0,-19
04,24,0,0,66,58,0,8,5
04,24,100,20,82,49,0,0,8
04,24,150,40,151,45,0,8,-7
04,24,160,30,80,66,0,8,-2
04,24,140,40,101,75,-1,8,0
04,24,190,30,75,47,0,0,2
04,24,40,50,85,64,0,0,-5
04,24,60,30,78,44,0,0,-13
04,24,240,30,99,79,0,4,-3
04,24,240,10,86,73,0,7,5
04,24,60,20,65,55,0,0,-1
04,24,140,20,127,76,0,1,-21
04,24,180,30,82,72,0,4,-1
04,24,210,20,46,45,0,7,-6
04,24,100,20,94,76,0,0,21
04,24,360,20,128,117,5,8,-4
04,24,990,10,136,110,1,8,-2
04,24,280,20,97,89,0,3,-9
04,24,350,20,89,81,0,7,-8
04,24,50,20,116,93,0,1,1
04,24,10,20,131,80,0,0,-21
04,24,300,20,112,105,28,8,1
04,24,40,20,112,101,0,8,-11
04,24,50,40,98,56,0,7,-7
04,24,20,10,58,54,0,0,-2
04,24,10,20,98,64,0,0,-9
04,24,290,10,65,54,0,0,-9
04,24,300,10,52,35,0,1,7
04,24,40,10,47,41,0,0,1
04,24,60,10,107,62,0,0,-29
04,24,120,20,121,106,-1,8,-6
04,24,100,10,120,115,2,8,2
04,24,120,20,99,51,0,7,2
04,24,100,20,41,39,0,3,-6
04,24,0,0,51,45,0,0,-16
04,24,30,20,96,89,0,2,9
04,24,200,40,36,-28,0,0,-4
04,24,160,40,66,39,0,8,1
04,24,150,30,79,57,0,8,-10
04,24,240,40,47,29,0,1,-9
04,24,190,30,80,23,0,8,-5
04,24,100,20,76,15,0,0,-17
04,24,290,20,112,88,3,8,-2
04,24,290,20,42,24,0,0,-11
04,24,350,20,65,50,0,6,-10
04,24,10,10,31,1,0,0,-13
04,24,20,20,37,16,0,0,0
04,24,40,40,76,26,0,0,-8
04,24,360,20,44,24,0,1,1
04,24,40,40,71,21,0,0,-5
04,24,360,40,50,28,0,4,1
04,24,360,20,23,4,0,0,-18
04,24,10,10,34,-9,0,0,-2
04,24,350,20,60,40,0,0,-7
04,24,0,0,23,9,0,1,-4
04,24,270,10,53,10,0,8,1
04,24,270,20,9,-18,0,0,-10
04,24,10,20,32,-6,0,1,-8
04,24,10,20,49,-9,0,0,-4
04,24,60,20,79,5,0,0,-13
04,24,240,30,100,89,0,1,3
04,24,240,10,70,64,0,0,-18
04,24,0,0,80,56,0,6,-3
04,24,200,10,148,65,0,7,-1
04,24,230,40,127,112,14,8,-12
04,24,200,20,71,49,0,5,0
04,24,190,30,113,101,0,0,-4
04,24,280,20,132,95,0,8,-3
04,24,250,30,87,54,0,6,-17
04,24,200,40,70,26,0,1,-2
04,24,220,50,110,79,0,8,4
04,24,210,30,119,103,0,0,7
04,24,290,20,72,62,0,0,-5
04,24,310,10,56,47,0,0,4
04,24,50,30,62,9,0,0,-15
04,24,30,10,65,52,0,1,-2
04,24,300,40,90,83,18,8,-1
04,24,270,30,39,19,0,0,-22
04,24,0,0,29,10,0,1,-12
04,24,70,10,77,51,0,8,-25
04,24,0,0,35,17,0,0,-9
04,24,360,10,45,28,0,0,-2
04,24,80,30,72,21,0,0,-14
04,24,90,30,91,28,0,0,-5
04,24,60,20,95,50,0,0,-16
04,24,60,10,97,57,0,0,-10
04,24,60,10,133,65,0,8,-5
04,24,70,30,137,59,0,0,-24
04,24,20,10,107,75,0,0,3
04,24,30,20,122,36,0,0,-19
04,24,350,20,84,37,0,0,15
04,24,360,40,91,38,0,0,-8
04,24,360,20,111,92,1,8,-5
04,24,40,30,109,93,0,8,-8
04,24,50,60,140,82,0,0,-11
04,24,50,40,109,4,0,0,-12
04,24,240,20,2,-9,0,0,-5
04,24,330,10,52,31,0,8,4
04,24,10,10,71,35,0,4,5
04,24,50,40,62,49,-1,8,-3
04,24,10,20,39,13,0,7,-6
04,24,270,20,49,40,3,8,5
04,24,330,10,30,-15,-1,8,-9
04,24,200,70,61,56,2,8,1
04,24,190,60,95,86,4,8,3
04,24,210,30,75,72,-1,8,-8
04,24,200,20,64,53,2,8,-6
04,24,250,20,50,44,0,7,-11
04,24,0,0,18,17,0,5,13
04,24,360,30,51,30,0,7,1
04,24,350,20,20,-5,0,0,-6
04,24,200,10,-7,-19,0,0,-4
04,24,190,50,44,31,0,6,-5
04,24,150,60,86,53,-1,7,-2
04,24,210,10,81,45,0,8,-7
04,24,210,30,71,51,-1,7,-7
04,24,200,30,54,51,0,7,6
04,24,190,40,51,42,0,0,4
04,24,120,40,77,61,-1,8,-3
04,24,250,40,82,64,0,8,-9
04,24,170,80,117,71,0,8,-1
04,24,180,60,105,73,0,7,3
04,24,70,40,114,87,-1,8,0
04,24,30,30,111,96,0,8,-6
04,24,200,10,93,73,0,4,-16
04,24,60,70,157,90,0,7,-2
04,24,40,40,-2,-59,0,0,-4
04,24,50,60,1,-56,0,6,-3
04,24,80,60,24,-54,0,8,-1
04,24,60,60,19,-25,0,2,-5
04,24,30,20,33,-6,0,8,-1
04,24,360,10,-5,-46,0,0,-23
04,24,40,30,22,-48,0,6,-1
04,24,90,20,31,15,0,8,4
04,24,190,20,56,51,0,7,7
04,24,90,30,55,47,3,8,5
04,24,270,20,51,44,0,7,2
04,24,270,60,89,59,0,8,-14
04,24,190,50,113,94,-1,8,2
04,24,150,30,149,88,0,0,-11
04,24,30,10,55,55,0,9,-1
04,24,220,30,109,105,4,8,0
04,24,170,40,167,96,0,0,3
04,24,250,60,89,39,0,0,-7
04,24,350,30,36,22,0,0,-7
04,24,20,30,40,2,0,0,-9
04,24,260,10,45,6,0,1,-6
04,24,210,60,102,36,0,8,-3
04,24,60,10,56,53,0,0,7
04,24,240,10,100,77,0,4,-2
04,24,200,10,107,102,0,0,3
04,24,300,20,51,42,0,8,-3
04,24,340,20,19,3,0,1,-6
04,24,240,30,53,15,0,5,-19
04,24,240,10,30,6,0,6,4
04,24,40,40,62,32,0,5,-5
04,24,90,10,84,75,0,0,-8
04,24,60,10,93,78,0,3,6
04,24,200,20,134,82,0,7,-2
04,24,280,20,114,89,0,7,-9
04,24,180,10,84,62,0,0,-5
04,24,210,30,146,124,0,8,1
04,24,190,40,129,118,0,3,-2
04,24,240,30,31,24,0,0,-4
04,24,250,20,91,60,0,8,0
04,24,360,20,107,82,0,7,-2
04,24,350,20,68,60,0,0,-12
04,24,250,30,78,48,0,0,-22
04,24,240,60,75,35,0,2,8
04,24,270,20,39,10,0,6,1
04,24,0,0,9,0,0,0,-14
04,24,140,20,57,-1,0,0,5
04,24,290,20,85,72,0,4,-13
04,24,330,20,51,32,0,8,6
04,24,50,70,119,74,0,0,-5
04,24,70,30,103,64,0,0,6
04,24,120,20,108,91,0,8,-3
04,24,990,10,79,75,0,8,-5
04,24,20,10,77,74,0,0,-3
04,24,40,20,134,107,-1,8,-9
04,24,240,20,117,100,0,4,5
04,24,280,20,119,88,1,7,-3
04,24,60,20,87,84,0,6,4
04,24,320,10,124,112,0,8,-4
04,24,320,10,123,114,-1,8,-2
04,24,250,30,110,96,0,8,-4
04,24,260,60,59,47,5,8,0
04,24,270,20,47,11,0,8,-6
04,24,20,20,64,19,0,8,1
04,24,340,20,24,-4,0,0,-13
04,24,310,10,28,10,0,2,-22
04,24,0,0,13,10,0,0,-13
04,24,290,10,29,24,0,2,-12
04,24,80,30,57,44,0,0,1
04,24,250,10,67,62,0,0,-8
04,24,190,30,113,43,0,8,0
04,24,180,20,40,22,0,2,1
04,24,310,50,97,53,0,8,-13
04,24,170,10,39,13,0,0,29
04,24,220,10,75,62,0,0,17
04,24,340,20,75,64,0,1,-4
04,24,40,30,60,5,0,0,-6
04,24,360,20,40,9,0,0,-15
04,24,20,20,43,24,0,0,-6
04,24,50,20,68,18,0,0,-10
04,24,360,20,72,34,0,0,-14
04,24,340,10,39,35,0,0,0
04,24,360,20,47,38,0,0,-26
04,24,230,10,45,40,0,0,-8
04,24,230,20,108,87,0,4,8
04,24,180,30,114,99,0,8,4
04,24,350,30,85,79,4,8,-4
04,24,340,10,7,-13,0,0,-6
04,24,190,20,21,-27,0,0,10
04,24,220,40,79,68,6,8,0
04,24,230,20,39,23,0,0,5
04,24,150,20,67,28,0,8,10
04,24,140,30,129,84,0,8,-2
04,24,170,40,144,116,2,8,-1
04,24,360,10,85,60,0,8,5
04,24,230,40,68,57,0,2,8
04,24,220,50,57,38,0,1,1
04,24,220,20,46,30,0,7,8
04,24,180,10,36,33,0,0,-19
04,24,210,40,88,27,0,8,-1
04,24,90,30,81,42,0,0,-11
04,24,10,10,103,96,1,8,4
04,24,990,10,46,43,0,2,-7
04,24,0,0,46,45,0,2,-5
04,24,160,20,105,65,0,8,-2
04,24,160,40,93,79,0,7,4
04,24,270,10,55,38,0,8,1
04,24,260,10,20,14,0,7,-9
04,24,240,40,84,53,0,8,-1
04,24,330,10,18,14,0,0,-15
04,24,50,40,58,24,0,0,-7
04,24,40,40,84,22,0,8,-15
04,24,40,40,70,8,0,8,-4
04,24,270,30,30,7,0,7,-7
04,24,250,30,14,0,0,2,-2
04,24,260,40,21,-8,0,0,-6
04,24,240,60,36,25,11,7,4
04,24,250,20,25,17,2,7,9
04,24,180,40,43,23,0,8,7
04,24,180,30,72,51,-1,7,-4
04,24,350,30,45,24,0,3,-7
04,24,190,10,98,90,0,8,-27
04,24,350,20,77,76,0,8,1
04,24,60,10,39,39,0,0,-6
04,24,350,30,89,68,0,1,-11
04,24,280,30,51,36,0,3,-7
04,24,250,20,43,32,0,3,-18
04,24,340,10,92,64,0,8,-3
04,24,80,10,39,31,0,0,-3
04,24,220,20,116,50,0,0,-22
04,24,290,20,47,32,0,7,-1
04,24,210,30,48,17,0,8,7
04,24,250,30,90,79,9,8,-3
04,24,230,30,20,8,0,0,0
04,24,210,40,93,46,0,8,5
04,24,250,20,66,33,0,,-16
04,24,50,20,52,39,2,,0
04,24,990,10,20,10,0,,1
04,24,360,20,20,-33,0,0,-10
04,24,0,0,-13,-37,0,1,-10
04,24,230,20,57,18,0,8,9
04,24,270,20,101,82,-1,8,-6
04,24,270,20,41,12,0,5,8
04,24,230,20,19,7,0,7,3
04,24,270,10,62,50,3,8,0
04,24,210,20,4,-15,0,5,-4
04,24,320,10,16,1,0,0,-2
04,24,210,20,24,-11,0,5,15
04,24,250,20,32,13,0,8,4
04,24,100,30,53,0,0,0,-8
04,24,90,50,120,29,0,8,-1
04,24,140,10,-7,-8,0,8,21
04,24,210,60,103,85,-1,8,-2
04,24,240,40,102,82,-1,8,-12
04,24,210,50,92,71,0,5,4
04,24,90,10,7,1,0,8,-5
04,24,110,30,81,7,0,8,-3
04,24,90,10,105,77,0,6,-11
04,24,340,30,125,109,0,3,-6
04,24,160,30,132,102,0,8,4
04,24,0,0,112,110,-1,8,4
04,24,40,30,98,93,0,0,-1
04,24,220,10,82,80,0,0,-29
04,24,300,20,97,83,0,8,-6
04,24,320,20,108,101,7,8,-6
04,24,120,10,120,96,0,8,0
04,24,0,0,55,51,0,0,-8
04,24,0,0,80,67,0,0,-1
04,24,80,30,135,79,0,8,-3
04,24,200,10,157,77,0,0,-18
04,24,320,20,134,108,0,8,-13
04,24,70,30,122,75,0,3,-10
04,24,260,40,174,103,0,8,-28
04,24,220,50,90,57,0,8,1
04,24,230,50,139,103,0,8,2
04,24,230,60,93,50,0,7,-5
04,24,210,20,59,42,0,7,-8
04,24,180,30,121,56,0,8,-6
04,24,360,10,77,74,0,4,-8
04,24,340,20,103,97,128,8,1
04,24,230,110,56,42,9,8,1
04,24,100,30,45,7,0,2,-8
04,24,200,40,73,52,0,8,-7
04,24,180,20,36,26,0,8,-13
04,24,60,10,31,26,0,8,0
04,24,80,30,76,63,0,8,1
04,24,40,10,104,84,0,8,6
04,24,40,10,103,56,0,6,-16
04,24,40,30,114,82,0,7,-15
04,24,50,60,65,9,0,8,-6
04,24,20,30,28,-19,0,0,-6
04,24,30,20,41,-31,0,8,2
04,24,10,20,7,-20,0,0,-3
04,24,20,20,5,-9,0,6,-1
04,24,60,30,24,4,0,4,19
04,24,70,40,60,8,0,0,-8
04,24,110,20,95,66,0,8,-13
04,24,50,20,108,70,0,7,-9
04,24,50,30,122,29,0,0,-14
04,24,40,20,122,52,0,0,-19
04,24,50,30,125,17,0,7,-4
04,24,60,20,115,37,0,0,-20
04,24,70,50,127,15,0,0,-20
04,24,100,10,130,84,0,8,17
04,24,140,40,94,83,0,0,-3
04,24,180,20,99,88,0,8,3
04,24,180,30,95,57,0,0,-23
04,24,190,40,82,50,0,8,5
04,24,990,10,36,33,0,0,-5
04,24,350,20,103,73,0,8,-1
04,24,330,20,51,47,0,0,-9
04,24,270,10,1,-7,0,1,5
04,24,250,40,78,50,0,8,0
04,24,230,10,-1,-20,0,0,-13
04,24,90,20,48,-14,0,0,-3
04,24,140,30,116,7,0,0,-6
04,24,270,20,127,89,0,8,-24
04,24,60,20,94,55,0,8,2
04,24,350,20,126,94,0,0,-11
04,24,20,20,92,58,0,8,-10
04,24,80,20,72,-6,0,8,-12
04,24,0,0,76,16,0,1,-8
04,24,350,30,115,77,0,6,-6
04,24,350,10,53,-27,0,8,-3
04,24,20,10,16,-8,0,7,-10
04,24,60,20,72,23,0,3,-13
04,24,50,50,104,56,0,8,-12
04,24,30,30,84,34,0,0,-7
04,24,230,20,77,72,0,1,2
04,24,70,60,90,-15,0,0,-10
04,24,70,70,107,-10,0,0,-11
04,24,70,50,106,14,0,0,-1
04,24,60,20,106,26,0,0,-12
04,24,320,20,88,52,0,8,11
04,24,10,30,80,47,0,8,1
04,24,350,20,51,34,0,0,-5
04,24,0,0,50,40,0,0,-8
04,24,360,20,102,64,0,4,-8
04,24,120,10,109,106,14,8,4
04,24,200,50,99,83,-1,8,-4
04,24,210,70,84,67,0,8,-5
