05,8,30,72,54,39,0,7,12
05,8,310,46,67,49,0,8,5
05,8,320,57,61,24,0,6,2
05,8,260,41,49,46,-1,8,7
05,8,250,21,33,33,0,8,4
05,8,200,31,68,46,0,8,3
05,8,190,36,77,55,0,8,-2
05,8,320,10,100,88,0,2,5
05,8,40,41,93,47,0,1,19
05,8,40,31,106,67,0,0,15
05,8,340,41,116,61,0,2,12
05,8,310,36,95,78,0,8,11
05,8,190,41,116,75,0,4,24
05,8,320,51,109,109,2,8,3
05,8,320,46,82,40,0,6,13
05,8,310,36,68,46,0,6,7
05,8,330,31,71,33,-1,7,-1
05,8,990,5,80,60,0,7,14
05,8,240,36,99,64,0,3,11
05,8,220,51,128,112,0,6,20
05,8,240,62,136,118,0,7,15
05,8,280,36,157,128,0,4,10
05,8,350,41,105,42,0,2,15
05,8,350,36,87,37,0,6,9
05,8,240,31,105,77,0,6,10
05,8,310,26,103,81,0,7,4
05,8,50,21,102,76,0,7,4
05,8,40,36,118,102,0,7,7
05,8,40,36,143,103,0,2,9
05,8,990,5,176,112,0,0,13
05,8,320,21,111,111,0,9,0
05,8,200,82,97,94,28,8,1
05,8,230,31,85,66,0,7,11
05,8,350,41,77,57,-1,7,9
05,8,990,10,110,55,0,1,11
05,8,990,15,112,69,0,3,22
05,8,220,26,89,81,0,8,3
05,8,210,51,133,95,0,7,6
05,8,230,72,98,98,3,8,3
05,8,230,82,79,54,-1,7,-4
05,8,220,51,93,66,0,7,14
05,8,290,41,94,80,0,7,2
05,8,200,77,120,71,0,7,14
05,8,220,41,153,111,0,1,13
05,8,90,31,224,143,0,0,33
05,8,230,10,233,140,0,0,14
05,8,20,62,152,65,0,1,17
05,8,60,41,84,59,0,8,7
05,8,70,46,159,107,0,0,10
05,8,90,51,169,64,0,1,12
05,8,90,51,180,77,0,0,12
05,8,100,41,188,73,0,0,16
05,8,80,36,193,106,0,0,20
05,8,80,57,209,115,0,0,23
05,8,190,26,207,116,0,0,11
05,8,990,15,214,125,0,2,8
05,8,990,5,186,143,0,1,13
05,8,80,72,180,96,0,5,2
05,8,100,72,197,96,0,4,16
05,8,100,62,180,62,0,7,8
05,8,190,21,191,135,0,6,15
05,8,50,21,174,156,0,7,22
05,8,240,67,165,108,0,1,19
05,8,210,26,135,116,0,7,13
05,8,340,36,87,67,0,8,7
05,8,40,62,92,16,0,7,11
05,8,50,57,91,20,0,1,19
05,8,30,46,77,26,0,5,35
05,8,50,46,100,67,0,8,4
05,8,40,57,128,103,0,4,17
05,8,70,36,158,124,0,2,17
05,8,80,31,178,129,0,1,15
05,8,60,46,187,127,0,2,21
05,8,200,41,159,125,0,6,13
05,8,270,31,131,126,0,8,4
05,8,270,51,104,88,0,8,-2
05,8,290,57,92,80,5,8,-4
05,8,190,51,131,62,0,3,19
05,8,160,46,187,78,0,5,17
05,8,200,62,199,114,0,7,8
05,8,200,36,198,135,0,1,7
05,8,90,36,156,143,0,6,18
05,8,220,72,117,78,0,7,3
05,8,230,31,147,70,0,1,14
05,8,110,31,179,95,0,1,20
05,8,60,41,190,111,0,2,17
05,8,990,15,226,147,0,2,23
05,8,40,46,181,136,0,7,30
05,8,230,98,163,134,0,7,11
05,8,230,67,129,115,0,7,9
05,8,230,57,155,85,0,1,14
05,8,200,46,168,141,0,7,11
05,8,230,98,141,89,0,7,0
05,8,340,51,86,49,0,7,16
05,8,60,36,81,40,0,1,14
05,8,90,57,128,57,0,5,28
05,8,260,36,121,73,0,7,8
05,8,270,57,75,66,6,8,31
05,8,200,46,112,112,3,8,5
05,8,110,26,148,132,0,6,25
05,8,280,57,131,120,-1,8,-4
05,8,350,31,97,87,0,7,8
05,8,990,15,101,84,0,8,1
05,8,80,51,152,114,0,0,14
05,8,100,57,168,92,0,1,16
05,8,80,26,125,117,0,4,37
05,8,100,87,165,106,0,7,17
05,8,250,67,158,115,0,6,13
05,8,990,15,127,122,5,7,16
05,8,210,82,134,92,0,7,4
05,8,70,31,140,113,-1,7,19
05,8,310,46,104,74,0,8,6
05,8,80,26,142,106,0,6,8
05,8,180,41,160,125,0,7,2
05,8,210,93,141,102,0,7,12
05,8,240,36,134,108,0,8,13
05,8,70,36,144,136,0,2,15
05,8,250,51,126,126,1,8,-3
05,8,80,26,119,116,-1,8,5
05,8,300,36,92,56,0,7,5
05,8,990,15,107,87,0,7,9
05,8,350,41,93,56,0,7,7
05,8,20,41,103,42,0,3,0
05,8,230,21,125,56,0,1,13
05,8,990,10,111,99,0,7,15
05,8,70,36,153,100,0,1,16
05,8,100,21,161,86,0,1,18
05,8,990,5,188,71,0,5,7
05,8,990,5,195,108,0,2,26
05,8,210,26,170,138,0,0,21
05,8,230,31,168,124,0,0,29
05,8,270,46,139,109,0,7,6
05,8,260,51,101,76,0,7,11
05,8,230,41,92,59,0,7,13
05,8,40,21,88,59,0,7,7
05,8,40,46,89,51,0,3,16
05,8,360,93,95,44,0,6,9
05,8,280,36,71,22,0,7,-2
05,8,230,57,103,23,0,1,10
05,8,90,46,118,49,0,7,15
05,8,230,62,122,109,0,7,5
05,8,230,67,72,65,-1,8,10
05,8,200,36,89,75,0,4,9
05,8,190,41,111,86,0,3,13
05,8,80,36,100,80,0,6,2
05,8,990,10,119,63,0,1,22
05,8,110,21,171,99,0,6,15
05,8,200,31,210,128,0,3,16
05,8,990,15,173,143,0,7,15
05,8,280,36,149,130,0,4,19
05,8,110,26,160,140,0,6,19
05,8,190,41,211,147,0,2,20
05,8,280,41,155,141,0,7,4
05,8,330,31,142,121,0,6,15
05,8,350,26,148,135,0,8,12
05,8,170,31,145,51,0,6,8
05,8,990,15,110,106,5,8,9
05,8,210,57,104,77,0,6,6
05,8,280,31,49,39,2,8,11
05,8,990,15,66,19,0,5,-2
05,8,80,62,84,21,0,7,7
05,8,50,72,102,53,0,3,7
05,8,40,51,94,53,0,8,-1
05,8,30,51,65,41,0,7,21
05,8,40,41,56,34,0,8,5
05,8,70,26,72,56,0,8,6
05,8,40,36,82,77,-1,8,3
05,8,340,46,75,66,0,8,7
05,8,350,31,76,74,-1,8,5
05,8,20,62,78,39,0,8,3
05,8,60,57,62,22,0,8,6
05,8,220,77,142,96,0,7,15
05,8,70,21,117,115,3,8,10
05,8,250,57,131,80,0,7,-6
05,8,300,26,119,47,0,1,8
05,8,230,57,121,83,0,6,16
05,8,230,67,111,67,0,6,1
05,8,240,57,116,108,1,8,2
05,8,220,82,162,122,0,7,7
05,8,230,77,140,115,-1,8,7
05,8,210,67,122,95,0,6,11
05,8,230,77,115,107,2,8,-1
05,8,320,46,99,48,0,5,4
05,8,220,87,162,80,0,1,12
05,8,150,21,209,152,0,6,14
05,8,250,67,197,133,0,2,0
05,8,100,20,118,81,0,5,11
05,8,210,40,151,98,0,2,23
05,8,200,40,178,102,0,3,21
05,8,240,80,148,115,0,7,9
05,8,200,40,130,122,5,8,-3
05,8,250,30,102,96,39,8,2
05,8,210,30,56,24,0,5,14
05,8,200,80,70,24,0,5,15
05,8,220,60,89,75,4,7,13
05,8,210,50,110,83,-1,6,18
05,8,200,50,141,106,0,7,2
05,8,210,80,118,77,0,5,3
05,8,250,20,156,98,0,2,14
05,8,990,10,129,125,0,8,5
05,8,60,40,120,102,0,7,-3
05,8,990,10,191,149,0,4,16
05,8,200,30,208,158,0,2,19
05,8,200,50,157,151,3,8,3
05,8,190,30,177,137,0,1,11
05,8,200,30,159,132,0,7,15
05,8,220,60,118,105,6,8,8
05,8,240,70,96,76,-1,8,2
05,8,40,30,102,80,-1,7,2
05,8,20,50,93,39,0,3,14
05,8,90,40,128,57,0,1,13
05,8,990,10,128,70,0,7,24
05,8,340,50,124,75,0,7,1
05,8,20,30,114,42,0,6,3
05,8,990,10,135,94,0,4,21
05,8,60,50,123,83,0,4,18
05,8,80,70,132,45,0,1,14
05,8,350,30,104,104,-1,9,1
05,8,260,50,99,99,0,8,3
05,8,320,40,75,71,-1,8,7
05,8,40,30,87,42,0,6,-6
05,8,210,50,83,58,0,7,11
05,8,230,90,102,91,0,8,7
05,8,230,80,124,99,-1,8,-13
05,8,160,30,167,111,0,6,20
05,8,200,60,182,100,0,7,12
05,8,90,30,218,146,0,0,19
05,8,110,20,241,146,0,5,25
05,8,190,20,249,139,0,1,17
05,8,70,30,237,151,0,1,10
05,8,80,70,191,133,0,0,12
05,8,60,40,182,68,0,2,22
05,8,80,30,173,88,0,2,13
05,8,60,30,161,81,0,1,16
05,8,990,10,186,112,0,1,13
05,8,330,20,172,119,0,0,14
05,8,330,20,156,118,0,0,11
05,8,260,30,131,111,0,7,7
05,8,350,40,103,38,0,7,2
05,8,360,30,109,35,0,5,14
05,8,250,20,111,100,-1,8,-1
05,8,270,20,131,108,0,7,12
05,8,210,50,140,111,0,7,13
05,8,210,40,137,111,0,7,1
05,8,160,20,164,130,0,7,17
05,8,240,30,161,134,0,5,9
05,8,60,30,169,133,0,7,6
05,8,230,40,166,127,0,6,23
05,8,210,20,120,82,0,1,18
05,8,40,30,115,70,0,1,14
05,8,990,10,149,71,0,4,19
05,8,60,60,130,60,0,7,16
05,8,70,60,108,92,4,8,7
05,8,190,40,145,134,0,8,10
05,8,70,30,136,136,0,6,23
05,8,240,70,132,93,0,7,5
05,8,210,40,161,108,0,2,10
05,8,190,40,184,123,0,7,9
05,8,210,50,147,115,0,7,1
05,8,250,60,136,109,0,7,2
05,8,240,60,118,83,0,7,9
05,8,240,50,132,93,0,5,5
05,8,40,30,86,74,2,7,14
05,8,30,30,93,51,0,4,16
05,8,70,60,130,73,0,1,12
05,8,80,80,135,53,-1,7,11
05,8,80,30,166,99,0,1,18
05,8,200,60,152,128,0,6,5
05,8,270,30,134,102,0,5,16
05,8,330,20,115,81,-1,7,7
05,8,220,60,134,88,0,5,7
05,8,230,50,141,115,0,8,6
05,8,230,40,129,110,0,8,6
05,8,180,20,157,85,0,2,16
05,8,60,30,183,98,0,0,21
05,8,230,50,201,154,0,7,5
05,8,90,40,232,133,0,1,21
05,8,180,30,240,160,0,4,15
05,8,340,30,128,97,0,4,16
05,8,30,30,134,121,0,8,4
05,8,30,50,105,101,-1,8,1
05,8,340,20,100,100,-1,8,2
05,8,360,30,121,118,0,8,1
05,8,70,30,172,145,0,1,21
05,8,80,30,188,135,0,3,16
05,8,250,30,180,138,0,3,12
05,8,230,20,199,140,0,3,20
05,8,990,10,196,147,0,1,16
05,8,990,10,218,155,0,4,16
05,8,40,30,179,134,0,6,20
05,8,220,20,184,141,0,7,10
05,8,100,20,179,163,0,7,6
05,8,990,10,208,131,0,0,14
05,8,990,10,228,127,0,3,24
05,8,200,40,230,147,0,3,23
05,8,240,60,139,118,1,8,-1
05,8,200,50,106,89,0,7,6
05,8,220,80,112,82,0,7,1
05,8,260,40,99,84,0,7,3
05,8,160,20,116,82,-1,8,2
05,8,260,40,107,96,0,8,11
05,8,210,40,147,107,0,7,14
05,8,220,60,145,134,1,8,4
05,8,200,60,141,134,8,8,8
05,8,170,30,121,74,0,7,27
05,8,230,100,108,48,0,8,3
05,8,190,110,131,96,0,7,-7
05,8,240,90,104,57,0,7,7
05,8,210,20,116,59,0,8,21
05,8,320,20,121,89,0,2,11
05,8,30,60,142,121,0,7,9
05,8,40,50,126,97,0,7,23
05,8,320,30,164,142,0,2,18
05,8,330,30,87,83,1,8,2
05,8,20,80,69,35,0,7,15
05,8,30,40,83,43,0,6,16
05,8,40,80,127,60,0,5,-2
05,8,20,40,84,60,0,8,6
05,8,60,30,152,117,0,0,20
05,8,90,60,193,113,0,1,14
05,8,90,40,197,111,0,2,13
05,8,90,20,197,108,0,2,17
05,8,100,30,195,97,0,5,17
05,8,250,40,145,106,0,7,19
05,8,210,30,146,112,0,5,7
05,8,200,60,161,107,0,2,12
05,8,210,70,152,104,0,7,9
05,8,220,70,104,81,0,8,4
05,8,240,30,123,91,0,3,17
05,8,20,20,114,53,0,1,9
05,8,40,50,137,94,0,3,11
05,8,40,40,121,80,0,6,20
05,8,70,50,158,84,0,0,24
05,8,990,10,172,109,0,1,20
05,8,30,20,127,100,0,7,22
05,8,230,30,195,101,0,7,21
05,8,220,50,170,124,0,4,17
05,8,250,70,173,138,0,7,-2
05,8,250,50,186,122,0,7,9
05,8,200,20,178,97,0,5,14
05,8,250,50,154,104,0,6,15
05,8,220,110,124,60,0,5,6
05,8,170,40,114,81,0,7,7
05,8,310,30,88,62,0,7,9
05,8,350,60,75,66,6,8,5
05,8,300,40,56,50,21,8,6
05,8,200,30,96,62,0,7,10
05,8,70,30,121,72,0,1,18
05,8,30,50,134,107,0,6,14
05,8,20,20,123,120,0,9,4
05,8,220,50,155,145,0,8,2
05,8,250,30,142,112,0,8,-5
05,8,290,20,120,110,2,8,6
05,8,210,30,157,117,0,1,13
05,8,210,100,122,89,0,7,11
05,8,220,70,148,93,0,6,10
05,8,990,10,176,124,0,7,14
05,8,990,10,189,127,0,6,20
05,8,220,50,164,147,1,7,10
05,8,230,30,156,92,0,6,14
05,8,210,40,175,117,0,4,11
05,8,170,40,199,121,0,7,12
05,8,200,30,185,109,-1,8,-3
05,8,230,50,143,107,0,7,1
05,8,190,50,150,97,0,7,4
05,8,230,40,108,91,3,7,11
05,8,170,60,147,74,0,7,-1
05,8,200,50,140,86,0,4,4
05,8,220,40,152,93,0,1,13
05,8,230,80,135,64,0,3,11
05,8,230,60,142,68,0,6,13
05,8,240,50,153,96,0,3,4
05,8,230,60,120,95,4,8,6
05,8,170,60,158,90,0,7,15
05,8,240,100,116,74,0,6,8
05,8,160,50,168,72,0,0,16
05,8,210,20,200,133,0,1,12
05,8,310,20,103,94,-1,8,2
05,8,70,20,131,75,0,0,8
05,8,240,40,151,98,0,3,14
05,8,300,20,120,111,0,8,-1
05,8,230,50,102,69,0,6,16
05,8,200,30,135,81,0,0,21
05,8,240,60,118,72,0,8,12
05,8,240,50,98,70,0,7,11
05,8,240,60,97,66,0,6,8
05,8,250,20,88,70,-1,6,17
05,8,990,10,128,77,0,0,12
05,8,180,40,123,100,0,8,19
05,8,230,70,149,111,0,4,3
05,8,190,50,141,120,0,8,-7
05,8,230,90,111,74,0,8,6
05,8,240,60,110,93,-1,8,10
05,8,240,50,130,126,5,8,1
05,8,220,90,140,103,0,8,6
05,8,130,50,128,124,18,8,8
05,8,220,80,144,107,0,6,-9
05,8,990,10,146,105,0,0,15
05,8,30,30,174,124,0,0,15
05,8,80,20,194,145,0,0,11
05,8,60,30,192,132,0,0,13
05,8,20,10,225,156,0,0,8
05,8,230,20,194,176,0,7,8
05,8,210,40,150,133,0,8,-7
05,8,220,30,134,104,0,3,7
05,8,200,30,148,94,0,6,26
05,8,220,40,97,72,0,8,23
05,8,210,60,109,50,0,7,4
05,8,270,30,96,63,0,8,14
05,8,250,40,92,76,0,7,6
05,8,20,50,75,72,0,8,-5
05,8,250,10,105,73,0,8,11
05,8,200,10,123,94,0,8,9
05,8,240,40,100,98,0,9,1
05,8,330,40,98,55,0,8,11
05,8,330,40,98,63,0,8,1
05,8,990,10,118,92,0,5,10
05,8,210,20,128,93,0,8,20
05,8,350,20,143,105,0,5,14
05,8,990,10,180,104,0,0,2
05,8,330,10,175,112,0,0,14
05,8,210,30,181,119,0,0,9
05,8,170,20,184,109,0,0,11
05,8,60,20,94,81,8,8,5
05,8,360,50,90,22,0,7,13
05,8,10,70,102,29,0,7,2
05,8,990,10,115,50,0,0,8
05,8,990,10,125,70,0,6,24
05,8,40,30,120,40,0,0,14
05,8,50,40,128,63,0,0,14
05,8,70,20,139,59,0,0,9
05,8,130,40,188,60,0,0,13
05,8,170,40,214,73,0,5,10
05,8,240,60,117,105,0,8,4
05,8,150,20,213,141,0,0,22
05,8,120,50,193,140,0,8,-4
05,8,200,60,164,123,0,8,3
05,8,230,50,120,95,0,8,0
05,8,20,20,87,39,0,3,10
05,8,280,40,111,82,0,8,-2
05,8,230,70,98,90,27,8,6
05,8,240,50,86,52,0,3,0
05,8,280,40,89,36,0,6,12
05,8,320,50,83,25,0,7,7
05,8,290,20,75,47,0,8,18
05,8,80,60,97,39,0,0,12
05,8,80,70,109,44,0,7,4
05,8,60,40,120,80,0,7,9
05,8,240,60,76,51,0,8,2
05,8,250,20,119,81,0,0,23
05,8,30,30,70,27,0,8,5
05,8,30,20,80,18,0,1,5
05,8,190,60,128,37,0,8,18
05,8,180,50,168,113,-1,8,17
05,8,250,40,151,116,0,7,23
05,8,210,50,161,96,0,6,10
05,8,240,60,132,82,0,7,5
05,8,190,50,143,79,0,7,13
05,8,250,40,177,115,0,1,14
05,8,190,50,238,127,0,0,12
05,8,170,20,246,149,0,0,22
05,8,240,70,252,153,0,0,4
05,8,290,10,166,85,0,0,10
05,8,140,10,126,84,0,8,0
05,8,220,50,115,97,0,8,23
05,8,180,60,91,34,0,8,11
05,8,190,40,119,96,0,8,14
05,8,200,30,195,104,0,3,18
05,8,80,30,209,113,0,1,16
05,8,200,30,189,114,0,0,20
05,8,80,50,174,93,0,8,9
05,8,110,50,185,58,0,7,7
05,8,100,80,181,60,0,0,12
05,8,990,10,167,102,0,0,19
05,8,240,20,123,119,0,9,10
05,8,130,20,198,82,0,0,20
05,8,250,30,184,107,0,0,21
05,8,230,60,151,114,0,7,6
05,8,240,30,111,102,1,8,1
05,8,90,20,139,114,0,8,26
05,8,240,40,159,106,0,8,13
05,8,270,20,141,114,0,8,7
05,8,230,60,149,139,3,8,-3
05,8,220,120,118,92,-1,8,10
05,8,190,90,119,101,8,8,-3
05,8,230,70,133,81,0,8,-4
05,8,200,80,145,109,0,2,10
05,8,230,100,104,63,0,8,-13
05,8,220,70,121,67,0,8,4
05,8,220,60,96,90,4,8,6
05,8,210,40,128,121,5,8,2
05,8,240,60,141,129,0,8,4
05,8,280,50,147,108,0,8,-1
05,8,300,20,88,79,50,8,9
05,8,320,50,95,51,0,8,-17
05,8,290,20,96,89,-1,8,2
05,8,80,60,151,42,0,0,20
05,8,70,60,132,-14,0,0,20
05,8,60,50,156,47,0,0,18
05,8,30,20,154,75,0,2,14
05,8,360,40,118,79,0,5,16
05,8,220,30,94,82,0,8,14
05,8,230,80,134,122,0,8,4
05,8,230,70,117,82,0,8,11
05,8,250,30,107,95,1,8,-4
05,8,230,100,136,110,-1,8,2
05,8,230,120,128,71,-1,8,-8
05,8,220,100,131,97,-1,8,5
05,8,140,30,155,110,0,6,8
05,8,210,120,148,76,0,8,15
05,8,300,30,106,59,0,2,7
05,8,200,70,113,107,6,8,10
05,8,120,10,113,110,-1,8,-1
05,8,200,50,132,106,0,8,16
05,8,260,40,144,105,0,7,12
05,8,40,40,160,100,0,7,3
05,8,200,40,155,151,0,8,9
05,8,270,20,165,161,0,8,13
05,8,30,40,172,109,0,0,10
05,8,20,20,194,132,0,0,21
05,8,260,20,192,152,0,3,18
05,8,250,30,157,148,0,8,1
05,8,250,50,138,134,12,8,-7
05,8,240,40,123,87,-1,7,4
05,8,300,50,112,87,0,8,5
05,8,180,40,138,51,0,0,18
05,8,190,50,151,124,0,5,8
05,8,200,70,112,61,0,4,7
05,8,230,40,114,80,0,2,9
05,8,120,20,146,73,0,0,19
05,8,80,30,161,78,0,0,17
05,8,90,40,158,43,0,0,7
05,8,70,50,167,108,0,0,20
05,8,50,20,191,113,0,0,13
05,8,90,30,200,88,0,0,11
05,8,90,50,202,86,0,0,23
05,8,100,40,214,100,0,0,15
05,8,70,40,199,88,0,0,15
05,8,60,40,200,105,0,3,23
05,8,40,30,181,101,0,8,16
05,8,80,20,207,126,0,0,11
05,8,240,20,198,122,0,0,7
05,8,240,50,153,132,0,8,11
05,8,310,40,128,126,9,8,5
05,8,40,60,96,81,0,8,6
05,8,20,50,117,62,0,1,14
05,8,50,60,117,42,0,0,19
05,8,90,30,147,60,0,0,19
05,8,100,50,154,72,0,8,3
05,8,100,20,190,109,0,5,11
05,8,70,70,163,109,0,4,10
05,8,120,30,162,144,-1,8,16
05,8,60,50,174,162,0,8,16
05,8,990,10,184,161,0,5,8
05,8,120,30,198,163,0,8,12
05,8,210,60,147,139,10,8,5
05,8,270,20,165,154,0,8,3
05,8,290,10,158,128,0,8,16
05,8,990,10,144,113,0,3,19
05,8,250,40,125,88,0,0,15
05,8,240,40,127,93,0,8,12
05,8,350,20,97,42,0,0,9
05,8,230,50,90,85,3,8,8
05,8,230,70,112,76,-1,8,5
05,8,240,60,140,104,0,8,17
05,8,230,50,129,88,0,8,14
05,8,160,10,120,39,0,8,13
05,8,990,10,156,108,0,0,12
05,8,20,60,107,98,12,8,1
05,8,60,80,116,84,0,8,17
05,8,80,50,143,103,0,8,13
05,8,120,20,175,136,0,2,1
05,8,200,40,159,136,0,8,5
05,8,200,50,123,80,0,1,15
05,8,170,30,123,112,3,8,-1
05,8,200,80,144,81,0,4,5
05,8,200,30,167,99,-1,5,14
05,8,990,10,168,104,0,0,10
05,8,240,30,164,117,0,2,21
05,8,220,50,150,93,0,0,11
05,8,80,40,168,62,0,0,13
05,8,350,40,199,119,0,1,9
05,8,50,40,213,133,0,0,20
05,8,220,90,206,152,0,8,7
05,8,220,50,123,91,0,7,16
05,8,250,40,139,130,-1,8,7
05,8,40,50,152,75,0,0,10
05,8,60,50,160,70,0,0,15
05,8,50,40,176,120,0,5,13
05,8,230,60,134,59,0,0,12
05,8,990,10,103,87,9,8,9
05,8,300,30,70,52,0,8,2
05,8,30,50,70,46,0,8,3
05,8,50,70,71,20,0,1,7
05,8,30,50,70,29,0,8,17
05,8,330,30,50,36,1,8,5
05,8,200,20,77,64,0,8,10
05,8,60,30,111,61,0,7,19
05,8,20,40,80,33,0,8,10
05,8,30,50,65,32,-1,6,5
05,8,280,20,50,45,0,8,3
05,8,340,10,62,46,-1,8,1
05,8,350,20,71,66,1,8,1
05,8,350,40,94,44,0,0,9
05,8,210,30,114,74,0,8,14
05,8,290,30,95,87,3,8,9
05,8,250,20,85,71,0,8,13
05,8,340,50,110,55,0,8,5
05,8,340,40,135,60,0,0,16
05,8,350,20,146,97,0,0,16
05,8,340,30,120,89,0,1,14
05,8,30,20,138,103,0,0,27
05,8,240,50,213,143,0,0,10
05,8,50,50,161,115,0,2,10
05,8,50,50,86,71,41,8,2
05,8,270,10,103,75,0,8,6
05,8,270,30,132,87,0,8,19
05,8,200,50,162,66,0,4,14
05,8,240,60,136,111,0,8,-8
05,8,310,30,121,97,0,8,2
05,8,50,60,124,31,0,0,14
05,8,50,60,107,33,0,0,16
05,8,50,50,81,7,0,0,14
05,8,40,20,94,18,0,0,17
05,8,150,30,133,33,0,0,14
05,8,190,10,169,45,0,5,24
05,8,180,40,214,86,0,0,17
05,8,180,40,219,64,0,1,23
05,8,240,20,166,124,0,8,8
05,8,340,30,163,138,0,8,17
05,8,250,30,164,105,0,2,18
05,8,270,30,146,88,0,7,20
05,8,200,40,142,79,0,0,21
05,8,230,30,123,59,0,7,10
05,8,250,30,109,79,0,8,-3
05,8,240,70,135,85,-1,8,9
05,8,220,60,137,105,-1,8,2
05,8,200,40,130,86,0,8,24
05,8,320,10,152,107,0,8,12
05,8,260,20,170,120,0,2,16
05,8,10,20,162,67,0,0,20
05,8,200,60,190,131,0,7,19
05,8,200,50,144,70,0,0,25
05,8,270,40,134,49,0,4,13
05,8,220,20,153,26,0,0,24
05,8,240,80,213,58,0,0,-23
05,8,250,60,121,66,0,8,1
05,8,230,80,138,68,0,4,8
05,8,230,90,144,90,0,8,11
05,8,180,20,225,91,0,0,15
05,8,260,20,135,128,10,8,-2
05,8,220,50,151,110,0,8,15
05,8,360,40,146,100,0,8,7
05,8,220,60,111,99,0,8,4
05,8,240,40,152,85,0,5,-3
05,8,30,40,72,64,3,8,4
05,8,30,50,66,57,2,8,0
05,8,150,10,90,55,0,8,7
05,8,190,50,146,75,0,8,9
05,8,220,60,162,142,-1,8,7
05,8,190,70,203,146,0,8,5
05,8,230,50,186,158,1,8,-11
05,8,320,40,97,44,0,2,7
05,8,290,20,72,32,0,8,9
05,8,230,40,123,44,0,0,10
05,8,230,60,91,63,0,8,24
05,8,300,40,85,41,0,7,10
05,8,990,10,109,17,0,7,5
05,8,100,40,149,86,-1,2,20
05,8,210,20,164,108,0,4,15
05,8,290,10,179,142,0,8,5
05,8,300,20,148,145,0,8,20
05,8,230,30,140,135,0,8,8
05,8,230,40,137,132,0,8,6
05,8,10,20,219,171,0,4,11
05,8,70,60,196,93,0,0,10
05,8,90,50,196,73,0,0,14
05,8,70,40,205,100,0,2,13
05,8,260,20,201,150,0,0,18
05,8,250,30,186,108,0,0,16
05,8,220,20,157,119,0,8,9
05,8,210,40,190,144,0,8,11
05,8,60,50,113,49,0,0,15
05,8,60,20,136,100,0,8,12
05,8,70,40,141,92,0,0,8
05,8,260,30,121,64,0,0,20
05,8,230,40,136,77,0,0,12
05,8,990,10,151,65,0,0,24
05,8,240,10,160,96,0,5,28
05,8,190,60,165,137,0,1,16
05,8,240,40,124,90,0,8,10
05,8,220,80,118,68,0,8,12
05,8,190,60,127,86,0,8,8
05,8,250,50,88,44,1,8,1
05,8,240,70,109,94,0,8,2
05,8,230,70,102,52,0,8,6
05,8,200,50,124,101,1,8,-2
05,8,330,30,91,88,19,8,6
05,8,330,30,88,76,0,8,1
05,8,240,30,96,73,0,8,5
05,8,40,40,144,103,0,0,11
05,8,250,30,95,87,2,8,2
05,8,250,10,131,88,0,7,11
05,8,310,50,77,52,0,8,2
05,8,300,20,52,42,6,8,-3
05,8,200,40,78,41,0,2,10
05,8,330,30,95,58,0,2,13
05,8,300,30,75,72,1,8,4
05,8,220,40,121,76,0,8,13
05,8,140,30,178,69,0,0,14
05,8,250,40,94,71,-1,8,0
05,8,200,40,107,78,0,8,10
05,8,320,40,125,114,0,8,17
05,8,220,30,140,99,0,1,15
05,8,360,30,113,88,0,8,8
05,8,30,50,93,20,0,0,12
05,8,330,10,96,44,0,0,17
05,8,110,20,135,56,0,1,13
05,8,200,50,165,77,0,8,7
05,8,240,60,120,84,0,8,5
05,8,230,80,112,68,0,8,5
05,8,240,80,120,85,0,8,5
05,8,200,50,105,87,5,8,9
05,8,230,110,109,45,0,7,4
05,8,240,70,104,67,0,8,2
05,8,250,40,95,81,-1,8,24
05,8,270,20,101,64,0,6,15
05,8,10,40,87,38,0,8,10
05,8,50,40,127,75,0,0,7
05,8,350,20,133,90,0,0,15
05,8,50,20,165,100,0,0,13
05,8,220,20,200,105,0,0,17
05,8,150,40,212,108,0,8,8
05,8,260,20,173,121,-1,8,-1
05,8,220,40,177,100,0,2,14
05,8,230,40,156,106,0,8,7
05,8,210,70,148,89,0,7,2
05,8,220,30,159,85,0,0,15
05,8,80,40,170,113,0,7,-1
05,8,240,40,141,135,3,8,0
05,8,220,60,146,109,0,7,-3
05,8,240,30,148,114,0,4,13
05,8,90,40,136,82,0,8,12
05,8,100,20,159,84,0,0,7
05,8,60,40,74,41,0,7,16
05,8,100,10,96,52,0,1,20
05,8,150,40,145,111,0,7,10
05,8,220,50,142,109,0,8,5
05,8,180,60,188,139,0,8,27
05,8,210,90,128,59,0,0,11
05,8,240,50,121,74,0,7,3
05,8,200,20,148,69,0,4,13
05,8,240,70,154,100,0,7,13
05,8,220,30,139,85,0,7,8
05,8,180,40,201,101,0,4,11
05,8,270,20,175,119,0,1,14
05,8,190,30,143,73,0,0,9
05,8,70,50,112,48,0,0,9
05,8,360,50,110,74,0,8,8
05,8,210,60,111,72,0,8,5
05,8,210,30,134,97,0,1,8
05,8,210,50,133,68,0,8,17
05,8,230,90,99,52,0,8,12
05,8,230,50,105,52,0,6,4
05,8,220,20,120,71,0,0,15
05,8,220,30,148,77,0,7,15
05,8,230,20,140,95,0,8,22
05,8,990,10,144,86,0,6,6
05,8,250,30,123,114,0,8,7
05,8,340,30,122,54,0,7,10
05,8,990,10,135,34,0,4,7
05,8,240,80,151,83,0,8,8
05,8,210,60,127,66,0,7,8
05,8,240,50,131,65,0,6,4
05,8,200,70,161,72,0,8,4
05,8,20,60,69,41,0,7,14
05,8,220,10,108,55,0,2,17
05,8,310,30,100,82,-1,8,19
05,8,120,30,105,50,0,4,13
05,8,100,30,142,20,0,0,8
05,8,100,20,171,88,0,3,21
05,8,190,30,218,103,0,0,16
05,8,100,40,211,90,0,0,16
05,8,80,60,190,91,0,0,14
05,8,120,10,171,148,1,8,12
05,8,80,30,180,135,0,0,28
05,8,70,50,185,109,0,0,9
05,8,40,30,175,119,0,0,12
05,8,340,40,90,21,0,7,10
05,8,280,40,84,36,0,8,1
05,8,330,40,89,30,0,8,6
05,8,210,40,118,62,0,8,23
05,8,200,50,160,81,0,8,12
05,8,200,30,122,86,0,7,12
05,8,210,70,143,98,0,8,13
05,8,190,60,179,128,0,8,16
05,8,210,60,199,133,0,8,-20
05,8,250,40,96,89,18,8,3
05,8,320,40,103,74,0,8,7
05,8,270,10,102,76,-1,8,8
05,8,60,20,165,112,0,0,12
05,8,30,20,181,141,0,6,6
05,8,70,10,144,144,0,8,10
05,8,30,30,168,139,0,8,9
05,8,360,40,154,150,5,8,0
05,8,120,40,161,130,0,8,7
05,8,210,50,100,56,-1,8,4
05,8,230,10,81,64,-1,8,2
05,8,110,20,89,63,0,7,10
05,8,40,50,101,94,-1,8,3
05,8,70,30,78,71,0,8,4
05,8,70,60,125,85,0,0,21
05,8,300,20,119,99,0,4,10
05,8,270,20,80,47,0,8,7
05,8,30,20,93,19,0,1,8
05,8,990,10,113,31,0,0,23
05,8,90,20,149,88,0,6,28
05,8,210,50,168,131,0,5,2
05,8,240,50,174,123,0,1,7
05,8,200,40,176,116,0,4,0
05,8,220,30,149,67,0,4,16
05,8,210,40,203,126,0,3,16
05,8,180,30,245,102,0,4,13
05,8,270,20,157,146,3,8,-3
05,8,240,40,119,104,-1,8,3
05,8,230,50,119,76,0,7,-1
05,8,190,20,161,77,0,8,12
05,8,70,20,193,101,0,2,23
05,8,250,30,195,127,0,8,4
05,8,230,40,190,135,0,7,8
05,8,360,20,155,109,0,0,19
05,8,80,50,201,121,0,0,18
05,8,160,30,257,123,0,0,14
05,8,350,40,187,148,0,8,1
05,8,140,30,267,174,0,7,14
05,8,250,40,218,166,0,4,13
05,8,240,20,173,124,0,0,12
05,8,230,70,91,46,0,4,-4
05,8,190,50,116,40,0,0,13
05,8,350,30,115,51,0,0,10
05,8,30,20,127,52,0,0,19
05,8,50,40,149,65,0,0,13
05,8,80,20,183,92,0,0,15
05,8,50,30,193,96,0,0,17
05,8,70,20,208,102,0,0,22
05,8,210,30,186,127,0,0,25
05,8,250,40,110,79,0,8,8
05,8,80,30,134,86,0,0,16
05,8,140,20,195,123,0,8,10
05,8,280,30,129,117,2,8,1
05,8,350,30,121,118,1,8,8
05,8,330,20,163,125,0,0,27
05,8,360,30,177,120,0,1,7
05,8,360,40,116,59,0,5,13
05,8,330,30,96,45,0,8,21
05,8,350,20,106,48,0,8,-1
05,8,10,10,147,90,0,0,31
05,8,30,30,167,103,0,8,32
05,8,290,10,195,143,0,7,20
05,8,30,10,155,152,18,8,9
05,8,70,50,198,127,0,0,7
05,8,170,10,206,158,0,7,17
05,8,70,30,230,175,0,8,15
05,8,80,40,235,169,0,8,15
05,8,100,20,239,156,0,8,7
05,8,220,10,229,175,0,8,18
05,8,200,20,226,168,0,1,11
05,8,990,10,193,177,0,8,15
05,8,40,30,85,68,0,8,2
05,8,220,30,96,60,0,8,16
05,8,10,20,85,52,0,8,13
05,8,270,30,59,39,0,7,12
05,8,330,40,66,36,-1,8,17
05,8,230,30,68,27,0,8,4
05,8,190,20,94,42,0,8,12
05,8,150,40,102,58,-1,8,-2
05,8,170,50,131,79,0,8,-2
05,8,280,20,87,81,41,8,2
05,8,10,40,106,89,0,8,5
05,8,350,30,84,37,0,2,12
05,8,60,40,97,34,0,8,16
05,8,60,60,100,43,0,8,10
05,8,50,40,124,20,0,0,11
05,8,40,50,129,38,0,3,8
05,8,70,50,96,80,-1,8,4
05,8,990,10,123,106,0,8,15
05,8,330,20,171,129,0,8,9
05,8,270,30,131,110,0,8,2
05,8,280,60,102,97,0,8,3
05,8,310,20,126,69,0,2,21
05,8,200,30,174,80,0,8,22
05,8,230,30,191,91,0,5,14
05,8,990,10,144,91,0,8,15
05,8,220,50,169,103,0,8,8
05,8,250,20,144,113,0,8,17
05,8,210,40,133,93,0,8,-47
05,8,990,10,139,65,0,0,-1
05,8,210,50,145,117,0,8,9
05,8,240,50,184,112,0,7,8
05,8,220,70,106,60,0,8,4
05,8,240,60,101,61,0,8,-20
05,8,200,30,104,64,0,8,19
05,8,40,40,104,94,-1,8,3
05,8,50,70,91,42,0,8,8
05,8,90,40,124,17,0,0,15
05,8,180,20,142,40,0,8,23
05,8,990,10,163,65,0,2,17
05,8,80,30,167,89,0,8,21
05,8,180,10,151,113,-1,8,10
05,8,30,90,72,-7,0,8,16
05,8,90,20,88,21,0,8,3
05,8,990,10,109,10,0,0,-4
05,8,50,70,95,20,0,2,-3
05,8,40,50,99,21,0,0,12
05,8,210,20,131,38,0,0,17
05,8,230,20,129,55,0,1,22
05,8,240,30,151,86,0,6,24
05,8,240,30,155,72,0,8,17
05,8,330,30,161,115,0,8,24
05,8,990,10,204,117,0,8,15
05,8,200,50,210,138,0,8,11
05,8,220,80,127,73,-1,8,5
05,8,240,50,143,80,0,4,10
05,8,320,30,167,102,0,7,21
05,8,990,10,169,92,0,1,18
05,8,300,20,192,83,0,0,20
05,8,60,60,148,56,0,0,18
05,8,50,30,163,63,0,0,26
05,8,100,50,193,46,0,0,10
05,8,80,60,174,49,0,1,8
05,8,20,62,70,29,0,5,5
05,8,330,51,76,38,-1,8,3
05,8,330,67,75,11,0,5,-1
05,8,290,46,62,47,10,8,-2
05,8,360,5,76,59,0,6,14
05,8,180,21,75,56,0,8,6
05,8,130,10,84,67,0,8,6
05,8,60,26,92,48,0,7,24
05,8,30,51,95,35,0,0,16
05,8,20,31,100,54,0,4,17
05,8,280,36,110,33,0,4,15
05,8,360,41,106,47,0,5,16
05,8,220,41,127,34,0,8,10
05,8,350,62,104,75,-1,8,-1
05,8,310,62,104,30,0,7,0
05,8,320,62,87,18,0,6,5
05,8,360,41,90,12,0,7,2
05,8,40,26,105,24,0,3,-4
05,8,230,31,91,33,0,7,9
05,8,240,36,139,107,0,8,-3
05,8,260,36,137,114,0,8,9
05,8,300,51,152,89,0,7,-1
05,8,340,57,123,19,0,7,11
05,8,360,46,105,13,0,7,11
05,8,240,26,99,90,-1,7,23
05,8,330,36,110,94,-1,8,4
05,8,20,31,114,57,0,8,8
05,8,30,31,114,83,0,8,8
05,8,60,36,110,84,0,8,15
05,8,350,31,136,89,0,0,23
05,8,350,41,112,99,0,8,2
05,8,230,51,108,106,18,8,2
05,8,270,67,77,50,-1,7,15
05,8,350,46,97,37,0,4,-4
05,8,990,10,109,57,0,1,13
05,8,30,10,131,65,0,0,18
05,8,300,31,109,59,0,7,19
05,8,230,41,139,95,0,7,9
05,8,260,51,119,111,-1,8,7
05,8,240,51,76,62,2,8,6
05,8,240,41,102,46,0,7,0
05,8,260,41,108,86,0,7,17
05,8,210,62,113,68,-1,7,11
05,8,230,41,152,104,0,2,17
05,8,130,57,210,127,0,0,27
05,8,30,26,223,144,0,0,19
05,8,30,67,154,69,0,1,14
05,8,40,36,107,61,0,1,15
05,8,100,46,158,101,0,0,20
05,8,110,51,178,75,0,1,14
05,8,120,46,197,90,0,0,15
05,8,120,41,197,104,0,0,16
05,8,20,41,202,119,0,1,22
05,8,80,31,215,129,0,0,25
05,8,120,26,199,131,0,1,16
05,8,180,15,224,135,0,3,16
05,8,50,46,178,84,0,0,13
05,8,100,67,177,66,0,4,12
05,8,110,62,209,85,0,5,18
05,8,110,77,205,53,0,5,12
05,8,160,46,189,122,0,6,15
05,8,130,26,198,135,0,7,20
05,8,250,31,173,120,0,1,21
05,8,250,31,130,111,0,8,6
05,8,360,41,97,53,0,8,5
05,8,70,46,96,46,0,3,11
05,8,70,62,102,16,0,1,12
05,8,40,57,103,51,0,0,19
05,8,40,77,100,73,0,8,4
05,8,60,57,136,87,0,1,7
05,8,50,41,158,120,0,1,21
05,8,120,26,184,145,0,1,19
05,8,50,46,186,126,0,1,19
05,8,990,15,188,119,0,6,7
05,8,260,26,129,126,0,8,8
05,8,240,15,107,102,-1,8,0
05,8,250,36,86,61,1,8,0
05,8,190,31,121,68,0,3,18
05,8,160,57,177,93,0,6,20
05,8,220,31,186,139,0,8,-6
05,8,200,31,178,151,0,2,11
05,8,70,31,140,138,0,8,17
05,8,220,51,122,96,0,8,0
05,8,240,26,140,64,0,1,14
05,8,110,46,169,110,0,3,17
05,8,80,41,183,123,0,3,19
05,8,60,36,201,155,0,3,24
05,8,60,51,159,130,0,7,24
05,8,230,46,161,156,1,8,-1
05,8,270,36,122,117,2,8,11
05,8,240,31,140,110,0,1,13
05,8,200,57,182,143,0,6,2
05,8,240,67,147,86,0,6,12
05,8,350,46,92,34,0,3,-4
05,8,80,46,83,15,0,4,13
05,8,130,51,124,51,0,7,27
05,8,230,51,134,70,0,3,9
05,8,230,31,117,101,0,7,8
05,8,220,31,125,125,6,8,3
05,8,150,31,149,138,0,8,17
05,8,270,31,122,119,3,8,3
05,8,10,31,108,96,0,4,16
05,8,20,10,107,85,0,5,3
05,8,60,41,123,102,0,1,23
05,8,110,62,181,89,0,1,19
05,8,90,57,164,98,0,1,18
05,8,110,57,182,113,0,3,16
05,8,240,41,138,118,0,7,16
05,8,30,26,136,128,0,8,11
05,8,200,57,140,112,0,7,6
05,8,30,10,149,122,0,5,3
05,8,350,36,117,70,0,7,10
05,8,130,5,139,101,0,7,13
05,8,150,41,148,133,0,7,9
05,8,210,51,138,108,-1,7,6
05,8,260,26,132,113,0,7,9
05,8,60,31,128,109,0,7,7
05,8,320,41,122,120,5,8,6
05,8,60,31,120,106,0,8,3
05,8,310,31,98,35,0,8,6
05,8,50,10,119,96,0,7,7
05,8,350,46,101,43,0,5,5
05,8,20,36,121,50,0,3,5
05,8,260,26,133,59,0,3,15
05,8,990,5,97,85,0,7,29
05,8,130,26,160,112,0,3,18
05,8,130,26,173,84,0,1,22
05,8,140,10,193,89,0,2,26
05,8,990,5,204,111,0,2,24
05,8,30,15,183,111,0,1,20
05,8,990,10,181,130,0,3,16
05,8,290,67,153,83,0,4,-4
05,8,310,72,105,57,-1,7,-4
05,8,240,21,99,64,0,7,7
05,8,30,21,102,44,0,6,0
05,8,30,77,77,24,0,8,14
05,8,360,62,95,64,-1,6,18
05,8,310,46,96,5,0,4,6
05,8,230,31,110,60,0,7,17
05,8,90,31,118,43,0,6,18
05,8,150,31,112,112,5,7,12
05,8,340,31,82,73,-1,8,1
05,8,210,41,100,65,0,3,15
05,8,210,31,114,97,0,5,18
05,8,70,31,104,60,0,4,0
05,8,40,21,112,57,0,3,17
05,8,100,15,163,93,0,7,23
05,8,170,21,205,130,0,1,17
05,8,250,10,161,104,0,7,17
05,8,250,21,166,133,0,2,13
05,8,140,41,161,139,1,7,12
05,8,180,62,208,145,0,3,15
05,8,260,36,160,129,0,6,10
05,8,270,21,156,104,0,6,-9
05,8,340,31,134,131,0,8,13
05,8,120,31,147,35,0,8,12
05,8,990,5,112,103,-1,8,6
05,8,80,10,79,73,0,8,5
05,8,310,46,76,25,0,6,9
05,8,300,31,81,3,0,3,6
05,8,70,41,92,11,0,7,13
05,8,50,62,115,23,0,1,16
05,8,10,51,89,43,0,7,16
05,8,40,82,107,13,0,1,15
05,8,60,46,60,42,-1,8,4
05,8,50,31,87,31,0,8,7
05,8,30,36,79,73,-1,8,5
05,8,340,36,82,60,0,8,4
05,8,330,31,104,71,0,8,-3
05,8,30,62,89,51,-1,8,0
05,8,70,62,85,10,0,5,13
05,8,220,36,92,81,0,8,1
05,8,50,46,92,72,0,8,7
05,8,210,57,131,82,0,7,-1
05,8,270,41,118,52,0,1,15
05,8,990,10,133,62,0,7,12
05,8,230,41,111,85,0,7,1
05,8,240,46,128,107,0,8,0
05,8,220,51,154,123,0,7,10
05,8,270,26,125,117,0,8,3
05,8,230,36,138,104,0,3,18
05,8,270,36,117,115,4,8,10
05,8,330,46,112,44,0,6,1
05,8,240,62,168,111,0,4,8
05,8,190,21,200,156,0,7,23
05,8,260,51,170,121,0,4,7
05,8,140,10,130,111,0,3,11
05,8,220,20,162,114,0,2,23
05,8,70,30,168,123,0,4,20
05,8,240,40,153,121,0,8,16
05,8,210,30,143,123,0,8,4
05,8,360,40,63,59,-1,8,-2
05,8,230,40,66,25,0,4,7
05,8,190,90,73,32,0,7,5
05,8,220,60,99,66,0,7,9
05,8,200,50,123,82,0,4,1
05,8,210,50,139,103,0,8,1
05,8,220,40,118,88,-1,7,8
05,8,990,10,145,103,0,6,23
05,8,330,30,121,112,0,8,-5
05,8,70,40,111,111,0,7,16
05,8,120,30,193,150,0,7,17
05,8,200,20,214,176,0,4,24
05,8,220,20,180,165,0,8,-5
05,8,230,30,176,139,0,2,5
05,8,990,10,179,140,0,7,1
05,8,240,30,134,121,-1,7,23
05,8,300,40,123,110,0,7,-6
05,8,20,40,117,60,0,3,7
05,8,20,30,95,47,0,4,13
05,8,60,20,138,67,0,5,5
05,8,40,10,132,79,0,7,11
05,8,340,50,114,69,0,7,0
05,8,30,40,108,58,0,7,1
05,8,20,20,133,97,0,5,16
05,8,60,30,126,87,0,3,19
05,8,110,50,162,46,0,1,4
05,8,290,30,98,93,0,8,0
05,8,330,40,110,110,15,8,7
05,8,360,30,93,59,0,7,3
05,8,350,50,96,36,0,4,1
05,8,250,30,106,86,0,5,28
05,8,230,50,111,94,-1,8,8
05,8,230,50,136,87,0,8,2
05,8,180,40,169,109,0,5,18
05,8,190,50,188,120,0,7,17
05,8,90,20,210,149,0,2,22
05,8,130,20,244,153,0,7,16
05,8,990,10,249,169,0,1,24
05,8,100,50,236,155,0,2,20
05,8,100,60,191,118,0,1,17
05,8,70,50,197,84,0,3,12
05,8,50,40,166,92,0,1,21
05,8,60,30,170,85,0,1,21
05,8,990,10,206,129,0,3,13
05,8,20,40,166,101,0,1,18
05,8,20,40,140,108,0,6,9
05,8,990,10,131,97,0,8,-2
05,8,330,30,116,43,0,6,1
05,8,270,20,112,59,0,7,9
05,8,990,10,108,108,3,8,8
05,8,220,20,143,138,0,7,9
05,8,210,30,127,124,9,7,12
05,8,120,20,124,124,8,8,11
05,8,150,40,173,140,0,7,2
05,8,250,30,163,152,0,6,22
05,8,30,30,169,121,0,6,9
05,8,250,40,174,135,0,5,8
05,8,20,30,82,80,0,7,21
05,8,60,40,107,55,0,1,19
05,8,20,10,136,82,0,6,22
05,8,70,60,123,58,0,8,15
05,8,80,50,132,38,0,8,-3
05,8,120,20,131,126,0,8,9
05,8,110,40,132,131,0,7,24
05,8,250,40,130,104,0,7,21
05,8,220,40,152,109,0,4,14
05,8,200,20,164,111,-1,7,-16
05,8,220,30,146,121,1,7,-6
05,8,250,40,130,97,0,7,8
05,8,240,40,113,98,4,8,18
05,8,250,30,140,112,0,4,-7
05,8,40,50,111,47,0,1,10
05,8,50,20,110,49,0,6,5
05,8,70,60,127,71,0,3,17
05,8,80,60,127,49,0,7,14
05,8,110,30,169,104,0,5,19
05,8,190,50,152,135,0,6,17
05,8,260,20,155,116,0,1,19
05,8,250,20,121,99,0,7,1
05,8,220,50,140,103,0,6,14
05,8,220,30,133,110,-1,8,12
05,8,280,40,161,101,0,6,1
05,8,220,20,151,81,0,7,12
05,8,80,40,200,94,0,0,12
05,8,260,40,201,140,0,5,1
05,8,110,30,220,123,0,1,16
05,8,30,50,196,174,0,7,1
05,8,350,20,142,102,0,3,14
05,8,30,20,126,115,0,8,10
05,8,30,50,98,94,-1,8,2
05,8,360,40,106,103,-1,8,-1
05,8,40,40,114,104,-1,8,2
05,8,80,20,177,119,0,1,25
05,8,120,30,200,123,0,0,27
05,8,50,20,194,114,0,2,24
05,8,100,10,208,163,0,4,14
05,8,90,20,206,149,0,3,15
05,8,30,20,200,159,0,7,26
05,8,50,30,183,114,0,6,23
05,8,60,10,171,118,0,7,14
05,8,110,30,183,111,0,6,12
05,8,990,10,215,116,0,0,19
05,8,160,10,233,129,0,6,17
05,8,210,40,233,156,0,3,19
05,8,260,70,131,84,0,6,9
05,8,210,60,122,82,0,7,3
05,8,250,10,106,96,4,8,-27
05,8,310,40,121,76,0,3,11
05,8,150,20,105,97,9,8,5
05,8,290,20,127,97,0,6,8
05,8,200,30,152,111,0,7,9
05,8,260,30,139,133,1,8,3
05,8,260,40,137,125,41,7,-9
05,8,200,20,129,83,0,7,15
05,8,220,60,108,54,0,8,-18
05,8,200,100,122,90,-1,7,-7
05,8,240,40,112,93,-1,6,-2
05,8,210,20,121,82,0,7,17
05,8,70,10,139,83,0,1,11
05,8,30,90,114,100,-1,7,14
05,8,60,60,111,73,0,7,17
05,8,360,30,166,119,0,4,2
05,8,360,50,77,66,-1,8,0
05,8,30,90,88,40,0,2,14
05,8,40,60,87,42,0,7,20
05,8,60,60,126,60,0,3,17
05,8,30,50,110,67,0,1,15
05,8,50,40,156,116,0,0,23
05,8,100,50,188,111,0,1,26
05,8,70,30,212,115,0,1,17
05,8,60,30,189,120,0,2,20
05,8,130,20,195,104,0,5,19
05,8,280,30,151,122,0,7,5
05,8,220,40,141,109,0,2,8
05,8,180,70,149,114,0,7,15
05,8,200,70,157,111,0,7,4
05,8,260,40,108,94,-1,8,5
05,8,280,40,136,86,0,5,11
05,8,30,30,137,68,0,2,8
05,8,50,60,127,82,0,6,17
05,8,60,60,132,76,0,6,17
05,8,80,50,180,94,0,1,15
05,8,20,40,187,118,0,0,25
05,8,60,30,147,73,0,4,21
05,8,220,30,204,106,0,7,14
05,8,250,30,163,133,0,7,1
05,8,260,50,166,145,0,8,7
05,8,280,60,174,128,0,5,10
05,8,220,30,186,126,0,2,5
05,8,300,70,165,114,0,7,-11
05,8,210,80,126,78,0,3,-2
05,8,180,50,120,96,0,7,9
05,8,340,40,103,65,0,4,11
05,8,350,40,86,66,0,,0
05,8,330,50,80,67,2,,4
05,8,990,10,96,85,-1,7,16
05,8,80,20,123,88,0,1,15
05,8,40,70,120,107,0,7,11
05,8,40,40,130,127,0,,3
05,8,240,30,125,114,0,,4
05,8,290,20,123,118,-1,,10
05,8,350,20,107,99,3,,8
05,8,180,30,159,121,0,2,17
05,8,200,70,126,96,0,8,17
05,8,250,40,144,85,0,5,15
05,8,210,20,189,126,0,3,11
05,8,40,30,180,138,0,3,23
05,8,230,20,171,152,0,,11
05,8,210,30,136,95,0,,19
05,8,170,50,186,120,0,,12
05,8,160,50,197,110,0,7,14
05,8,220,40,163,150,1,8,-7
05,8,230,40,152,104,0,5,12
05,8,190,80,146,94,0,8,3
05,8,210,40,113,87,0,,26
05,8,170,70,132,84,0,,14
05,8,200,50,134,96,0,6,12
05,8,200,30,157,103,0,3,13
05,8,210,60,137,80,0,4,12
05,8,210,40,139,101,0,5,11
05,8,260,40,148,101,0,7,15
05,8,220,70,123,83,0,8,6
05,8,160,60,155,91,0,8,13
05,8,260,70,122,72,0,7,9
05,8,180,50,158,81,0,2,16
05,8,230,20,156,133,-1,7,-5
05,8,250,20,115,108,0,8,10
05,8,200,20,140,80,0,1,10
05,8,250,30,157,96,0,0,22
05,8,30,40,121,88,-1,4,8
05,8,230,30,121,89,0,1,22
05,8,200,50,164,73,0,0,6
05,8,240,40,116,87,0,7,3
05,8,260,50,115,66,0,2,-5
05,8,230,40,89,70,2,8,18
05,8,330,20,111,65,0,3,9
05,8,130,30,125,74,0,1,12
05,8,160,30,130,98,-1,8,19
05,8,240,50,149,102,0,8,-1
05,8,220,30,142,116,0,7,2
05,8,240,70,125,75,0,7,7
05,8,250,40,123,103,0,8,1
05,8,250,30,136,133,3,8,2
05,8,220,40,125,117,1,8,2
05,8,360,20,131,125,0,8,5
05,8,240,50,116,103,0,8,2
05,8,250,20,149,112,0,1,16
05,8,40,20,178,133,0,0,14
05,8,50,30,186,119,0,0,23
05,8,70,40,203,125,0,0,16
05,8,20,20,212,151,0,0,22
05,8,30,20,188,146,0,6,16
05,8,250,20,172,123,0,0,16
05,8,260,20,132,92,0,7,10
05,8,230,30,161,95,0,0,12
05,8,210,60,102,63,0,3,17
05,8,200,70,108,58,0,5,6
05,8,990,10,115,81,0,8,11
05,8,290,50,111,73,0,3,4
05,8,50,50,100,85,0,8,-4
05,8,330,20,131,95,0,8,16
05,8,990,10,133,97,0,4,4
05,8,310,50,103,93,0,8,5
05,8,340,40,109,59,0,7,5
05,8,340,50,102,63,0,8,7
05,8,990,10,119,74,0,8,6
05,8,230,30,155,104,0,4,19
05,8,20,20,137,105,0,8,24
05,8,220,10,185,105,0,0,6
05,8,300,20,178,112,0,0,11
05,8,250,30,183,106,0,0,15
05,8,310,20,174,107,0,8,1
05,8,30,60,124,73,0,8,12
05,8,20,50,98,21,0,4,5
05,8,20,70,116,29,0,3,8
05,8,280,30,129,72,0,2,12
05,8,230,10,111,86,0,8,28
05,8,10,30,120,50,0,7,3
05,8,20,20,136,76,0,8,2
05,8,70,20,143,79,0,0,17
05,8,170,40,190,60,0,0,17
05,8,210,40,191,76,0,8,11
05,8,250,30,139,125,0,8,9
05,8,130,40,199,150,0,0,29
05,8,280,50,149,135,6,8,3
05,8,310,70,130,130,8,,9
05,8,240,20,128,107,0,7,4
05,8,330,30,96,46,0,8,9
05,8,300,50,106,57,0,8,7
05,8,340,20,93,76,0,8,8
05,8,260,40,86,51,3,7,10
05,8,290,60,97,51,0,6,-10
05,8,300,50,86,33,0,7,4
05,8,10,50,105,45,0,5,-21
05,8,90,60,103,40,0,0,9
05,8,70,50,112,52,0,0,19
05,8,30,70,125,66,0,3,25
05,8,290,70,96,77,-1,8,10
05,8,230,10,89,87,0,8,32
05,8,30,30,84,22,0,7,4
05,8,350,20,95,7,0,2,7
05,8,180,60,132,48,0,8,8
05,8,160,50,153,133,-1,8,31
05,8,250,40,156,117,0,1,1
05,8,210,60,154,90,0,0,12
05,8,240,50,139,79,0,4,1
05,8,190,40,133,89,0,8,17
05,8,260,40,172,123,0,4,15
05,8,180,50,233,142,0,0,16
05,8,120,20,233,109,0,0,21
05,8,270,50,242,158,0,0,-3
05,8,200,10,167,96,0,0,8
05,8,170,10,125,95,0,8,-3
05,8,230,30,148,107,0,0,16
05,8,160,60,81,51,0,8,14
05,8,190,50,122,62,0,0,18
05,8,200,40,186,109,0,0,10
05,8,120,40,214,140,0,0,28
05,8,990,10,192,109,0,2,30
05,8,100,30,187,135,0,0,13
05,8,130,50,184,59,0,0,17
05,8,120,70,201,50,0,0,8
05,8,60,30,180,82,0,0,19
05,8,990,10,187,105,0,0,19
05,8,160,30,207,94,0,0,20
05,8,990,10,198,116,0,0,14
05,8,230,40,180,118,0,1,6
05,8,50,30,127,89,0,8,-2
05,8,120,30,142,96,0,8,20
05,8,280,40,137,108,0,8,11
05,8,270,20,146,126,0,8,3
05,8,270,60,160,121,0,8,-11
05,8,230,80,116,108,13,8,8
05,8,190,90,121,112,9,8,-2
05,8,230,40,129,104,0,8,4
05,8,190,90,158,95,-1,5,13
05,8,280,40,97,85,5,8,0
05,8,230,50,121,71,0,5,3
05,8,200,50,106,98,-1,8,5
05,8,210,30,124,118,12,8,7
05,8,240,40,148,135,0,8,-2
05,8,290,70,142,92,0,5,-3
05,8,300,40,133,89,0,8,3
05,8,300,50,80,59,2,8,3
05,8,330,50,112,67,0,8,0
05,8,100,70,162,40,0,0,19
05,8,90,50,150,-12,0,0,19
05,8,20,40,131,83,0,0,28
05,8,20,40,168,81,0,0,17
05,8,20,60,129,85,0,1,14
05,8,240,30,121,81,0,0,19
05,8,250,60,136,130,5,8,2
05,8,250,60,125,99,0,7,5
05,8,250,30,120,111,1,8,0
05,8,240,60,131,123,2,8,-1
05,8,220,70,119,112,4,8,3
05,8,220,60,125,115,8,8,8
05,8,130,30,160,126,0,8,1
05,8,220,90,154,85,0,8,6
05,8,270,30,126,90,0,2,3
05,8,270,40,125,119,2,8,19
05,8,100,30,94,89,0,8,4
05,8,200,50,156,131,0,4,24
05,8,250,40,140,93,0,4,13
05,8,70,20,163,98,0,4,6
05,8,30,20,163,153,0,8,3
05,8,310,20,173,160,0,8,9
05,8,50,30,165,107,0,0,5
05,8,60,20,197,128,0,0,13
05,8,990,10,185,151,0,8,16
05,8,30,60,146,121,0,8,3
05,8,240,40,135,129,0,8,20
05,8,240,10,133,111,0,7,7
05,8,300,50,112,102,-1,8,-3
05,8,210,50,139,49,0,0,16
05,8,300,10,144,119,0,8,16
05,8,200,60,102,66,0,8,7
05,8,210,20,118,88,0,5,13
05,8,120,30,154,81,0,0,11
05,8,130,30,156,73,0,0,25
05,8,120,30,169,63,0,0,13
05,8,110,40,185,104,0,0,15
05,8,100,20,188,105,0,0,30
05,8,110,30,197,96,0,0,18
05,8,130,40,211,83,0,0,22
05,8,130,30,214,97,0,0,29
05,8,110,40,210,95,0,0,15
05,8,60,30,197,89,0,0,20
05,8,70,30,211,94,0,0,25
05,8,20,20,193,125,0,7,11
05,8,80,20,194,118,0,5,13
05,8,260,40,138,131,0,8,3
05,8,20,40,114,108,3,8,2
05,8,40,50,129,54,0,2,4
05,8,40,40,116,31,0,2,0
05,8,70,50,118,43,0,0,5
05,8,80,30,135,65,0,0,12
05,8,120,10,154,79,0,2,25
05,8,100,20,174,89,0,8,22
05,8,70,40,176,104,0,5,14
05,8,100,40,156,137,0,8,8
05,8,50,50,132,123,1,8,7
05,8,990,10,185,143,0,0,4
05,8,130,30,216,165,0,4,16
05,8,290,10,158,148,2,8,1
05,8,250,20,150,142,0,8,1
05,8,300,40,155,110,0,2,18
05,8,40,20,144,104,0,0,23
05,8,240,30,119,103,0,8,23
05,8,230,30,125,68,0,7,-8
05,8,290,40,117,40,0,0,1
05,8,270,40,118,110,3,8,7
05,8,240,40,110,100,2,8,9
05,8,230,50,135,99,0,7,7
05,8,230,50,142,83,0,1,1
05,8,180,30,106,66,0,2,11
05,8,80,30,156,45,0,1,11
05,8,40,80,117,80,0,7,12
05,8,70,70,131,37,0,6,7
05,8,90,50,149,69,0,8,15
05,8,60,20,153,109,0,7,7
05,8,200,40,162,152,-1,8,-14
05,8,190,60,133,87,0,2,5
05,8,220,20,121,113,2,8,6
05,8,210,60,144,88,0,6,9
05,8,180,40,168,114,0,3,8
05,8,220,20,165,87,0,2,9
05,8,250,20,170,121,0,8,8
05,8,240,30,146,109,0,1,25
05,8,120,30,174,89,0,0,8
05,8,310,20,186,130,0,0,7
05,8,60,30,191,124,0,0,24
05,8,220,70,167,159,-1,8,28
05,8,240,40,143,94,0,7,-7
05,8,270,40,157,137,0,8,2
05,8,60,30,161,87,0,0,10
05,8,70,50,167,81,0,0,18
05,8,60,50,182,126,0,6,18
05,8,220,50,111,81,-1,8,7
05,8,90,30,92,88,23,8,0
05,8,350,60,70,50,0,8,-4
05,8,20,60,77,33,0,6,7
05,8,20,20,80,47,0,8,8
05,8,20,60,89,40,0,3,13
05,8,30,60,70,46,-1,8,3
05,8,200,20,81,74,0,8,7
05,8,30,20,102,81,0,7,8
05,8,30,40,90,23,0,6,3
05,8,40,40,68,40,0,8,12
05,8,340,40,63,48,0,8,4
05,8,10,30,66,59,0,8,4
05,8,20,20,87,50,0,7,13
05,8,180,10,100,37,0,6,18
05,8,250,40,141,53,0,7,8
05,8,290,50,120,88,0,7,18
05,8,300,30,119,69,0,7,11
05,8,350,60,129,39,0,1,16
05,8,360,30,154,42,0,0,14
05,8,10,50,163,100,0,5,8
05,8,10,30,127,82,0,1,31
05,8,30,30,166,124,0,0,17
05,8,250,50,217,106,0,0,9
05,8,60,40,157,96,0,3,11
05,8,70,50,99,37,0,8,-1
05,8,990,10,131,60,0,7,5
05,8,240,40,146,77,0,0,0
05,8,200,40,158,54,0,7,23
05,8,240,40,133,121,-1,8,5
05,8,310,50,127,93,0,8,8
05,8,60,50,123,13,0,0,21
05,8,60,70,111,18,0,0,15
05,8,50,60,83,-29,0,0,20
05,8,350,30,103,39,0,2,13
05,8,150,30,133,39,0,1,12
05,8,170,30,161,45,0,7,16
05,8,180,40,211,92,0,0,13
05,8,180,50,230,85,0,0,5
05,8,280,20,161,135,0,8,4
05,8,360,30,139,89,-1,8,3
05,8,250,20,170,84,0,0,11
05,8,260,30,144,108,0,8,4
05,8,190,30,153,80,0,0,17
05,8,310,60,131,71,0,7,6
05,8,330,30,105,75,-1,8,24
05,8,250,60,137,98,0,8,-10
05,8,260,40,134,115,0,8,0
05,8,200,40,129,103,0,8,23
05,8,360,40,110,104,0,8,6
05,8,200,20,167,102,0,8,13
05,8,160,10,168,91,0,0,14
05,8,260,40,174,133,0,6,9
05,8,190,50,153,87,0,0,15
05,8,300,80,151,39,0,3,-3
05,8,170,30,166,78,0,0,10
05,8,250,70,172,74,0,8,-16
05,8,270,30,115,103,1,8,10
05,8,220,50,137,77,0,6,9
05,8,230,50,151,105,0,8,2
05,8,150,40,211,118,0,5,20
05,8,320,60,125,117,-1,8,-1
05,8,120,30,133,116,0,8,12
05,8,10,30,118,110,0,8,-2
05,8,200,50,118,97,0,8,1
05,8,230,30,114,83,0,8,9
05,8,40,50,91,61,0,8,3
05,8,50,50,77,35,0,8,6
05,8,140,20,95,48,0,7,17
05,8,180,60,131,89,-1,7,3
05,8,220,30,153,134,0,8,9
05,8,200,70,183,145,-1,8,4
05,8,250,50,157,138,1,8,2
05,8,340,50,95,43,0,7,7
05,8,40,20,91,21,0,1,10
05,8,230,50,123,32,0,0,15
05,8,260,50,105,63,0,7,-18
05,8,320,60,92,25,0,5,7
05,8,200,30,115,16,0,4,9
05,8,120,40,131,67,0,8,25
05,8,200,40,154,108,0,2,25
05,8,30,30,143,129,0,7,7
05,8,350,40,172,164,0,6,18
05,8,330,40,195,158,0,0,20
05,8,240,20,154,139,0,8,25
05,8,50,20,223,179,0,1,16
05,8,80,50,200,97,0,0,14
05,8,60,30,211,99,0,0,12
05,8,80,20,220,106,0,0,18
05,8,340,20,209,128,0,0,8
05,8,30,40,175,110,0,3,5
05,8,170,20,165,94,0,0,16
05,8,270,40,179,129,0,8,8
05,8,70,40,103,40,0,0,25
05,8,20,40,85,58,1,8,11
05,8,80,20,137,76,0,0,16
05,8,260,40,131,62,0,0,18
05,8,200,30,127,80,0,0,21
05,8,990,10,164,79,0,0,23
05,8,50,30,178,106,0,7,30
05,8,180,40,170,123,0,0,29
05,8,250,50,127,56,0,2,14
05,8,220,70,122,72,0,8,6
05,8,220,30,115,72,0,8,-18
05,8,250,50,93,49,0,7,10
05,8,240,40,113,106,5,8,6
05,8,220,40,105,63,0,7,4
05,8,210,40,104,83,4,7,5
05,8,30,10,97,75,6,8,-1
05,8,320,30,92,81,0,8,4
05,8,230,30,94,78,0,8,5
05,8,70,50,137,92,0,0,6
05,8,240,20,107,103,-1,8,10
05,8,270,20,113,107,3,8,-1
05,8,320,60,91,53,0,8,10
05,8,300,20,62,37,-1,8,-19
05,8,190,70,89,47,0,6,-9
05,8,360,50,107,59,0,4,12
05,8,330,60,98,65,0,8,9
05,8,270,30,141,87,0,0,15
05,8,120,40,173,74,0,0,14
05,8,260,30,95,91,24,8,-1
05,8,110,30,111,108,0,8,4
05,8,330,40,168,132,0,3,8
05,8,190,10,118,99,0,7,27
05,8,20,70,110,69,0,7,6
05,8,50,40,101,46,0,7,22
05,8,990,10,105,29,0,1,-1
05,8,150,30,129,33,0,5,16
05,8,230,40,156,78,0,7,10
05,8,230,50,129,94,0,8,5
05,8,220,50,114,84,-1,8,13
05,8,240,50,128,90,0,8,5
05,8,190,60,100,93,20,8,8
05,8,230,70,102,64,-1,8,-6
05,8,220,40,103,92,9,8,13
05,8,280,30,102,96,8,8,-6
05,8,250,30,117,77,0,8,18
05,8,10,50,106,30,0,4,4
05,8,50,30,131,67,0,0,8
05,8,40,30,147,87,0,0,16
05,8,90,20,180,90,0,0,6
05,8,140,10,195,123,0,0,22
05,8,160,40,220,113,0,1,-2
05,8,210,20,171,142,0,7,12
05,8,190,60,172,109,0,2,18
05,8,220,30,158,108,0,0,11
05,8,200,50,145,103,0,8,9
05,8,230,30,151,99,0,1,18
05,8,50,30,177,116,0,7,19
05,8,290,20,157,153,14,8,3
05,8,220,20,142,119,0,8,1
05,8,90,40,125,120,0,8,7
05,8,70,40,132,87,0,4,10
05,8,50,20,151,85,0,1,16
05,8,40,30,92,38,0,3,6
05,8,80,20,104,31,0,1,12
05,8,140,40,152,100,0,7,2
05,8,220,40,146,111,0,7,11
05,8,190,80,185,148,-1,7,20
05,8,210,80,130,62,0,5,12
05,8,230,50,108,87,-1,7,9
05,8,140,20,148,66,0,7,16
05,8,240,60,141,93,0,7,1
05,8,150,30,129,91,0,1,7
05,8,180,40,187,110,0,2,17
05,8,280,50,149,100,0,8,10
05,8,250,10,142,87,0,0,12
05,8,70,20,107,39,0,8,12
05,8,20,60,112,53,0,4,1
05,8,220,40,107,92,1,8,2
05,8,290,30,139,64,0,4,17
05,8,220,50,115,58,0,8,5
05,8,220,70,106,57,-1,7,13
05,8,260,30,111,55,0,1,15
05,8,260,30,139,93,0,2,5
05,8,250,30,140,90,0,7,19
05,8,280,20,147,124,0,8,1
05,8,990,10,132,73,0,0,15
05,8,40,50,138,66,0,7,9
05,8,310,30,127,44,0,1,15
05,8,240,20,147,59,0,4,11
05,8,240,50,147,98,0,7,1
05,8,210,50,129,81,0,7,5
05,8,250,60,129,69,0,7,1
05,8,200,60,151,86,-1,8,11
05,8,10,50,84,38,0,6,11
05,8,200,30,124,19,0,3,17
05,8,320,60,115,54,0,3,-2
05,8,160,40,111,33,0,0,16
05,8,150,40,145,18,0,0,13
05,8,130,40,169,82,0,4,20
05,8,140,30,211,95,0,1,15
05,8,120,50,210,76,0,0,16
05,8,110,60,204,89,0,0,14
05,8,140,10,177,136,-1,8,-1
05,8,120,30,195,140,0,0,16
05,8,70,60,203,103,0,0,10
05,8,20,50,176,105,0,1,17
05,8,320,40,98,33,-1,7,6
05,8,300,60,96,20,0,4,13
05,8,280,30,84,56,4,8,20
05,8,240,40,142,79,0,4,11
05,8,180,50,153,82,0,8,5
05,8,270,20,127,92,0,7,7
05,8,210,40,131,113,-1,8,6
05,8,200,70,175,132,0,8,8
05,8,210,30,165,152,-1,8,-13
05,8,300,70,115,108,14,8,3
05,8,350,50,118,67,0,8,10
05,8,250,20,109,95,-1,8,8
05,8,40,20,123,112,0,6,22
05,8,50,30,154,125,0,7,12
05,8,10,20,172,142,0,2,16
05,8,30,50,187,147,0,8,-2
05,8,350,50,152,146,6,8,-1
05,8,70,50,170,139,0,8,7
05,8,170,40,116,68,-1,8,7
05,8,360,40,102,83,2,8,3
05,8,60,30,88,83,1,8,4
05,8,40,50,93,67,0,8,20
05,8,40,40,78,64,0,8,3
05,8,60,50,121,82,0,8,26
05,8,330,40,119,98,0,8,8
05,8,300,30,94,68,-1,8,6
05,8,20,30,104,10,0,0,8
05,8,40,20,102,31,0,0,16
05,8,100,40,150,64,0,2,30
05,8,190,50,160,141,-1,7,13
05,8,220,40,158,129,0,7,8
05,8,200,50,172,115,0,7,22
05,8,210,30,158,65,0,0,12
05,8,200,40,205,127,0,8,18
05,8,190,20,232,147,0,8,11
05,8,290,30,151,138,1,8,3
05,8,200,50,124,93,0,8,2
05,8,220,30,133,94,0,5,-23
05,8,990,10,167,86,0,8,11
05,8,130,30,196,96,0,8,16
05,8,250,40,191,118,0,8,14
05,8,270,40,175,138,0,8,11
05,8,50,20,161,116,0,1,24
05,8,90,60,216,129,0,0,7
05,8,150,50,253,131,0,0,14
05,8,230,20,195,149,0,4,19
05,8,90,50,209,157,0,8,27
05,8,250,40,198,163,0,8,1
05,8,250,30,187,135,0,0,17
05,8,250,50,81,39,0,8,7
05,8,180,60,123,47,0,0,10
05,8,320,40,125,36,0,0,11
05,8,40,20,134,68,0,0,18
05,8,50,40,158,67,0,0,20
05,8,70,30,187,81,0,0,15
05,8,110,30,195,98,0,0,21
05,8,120,20,208,115,0,0,24
05,8,230,20,200,122,0,0,16
05,8,220,40,121,96,0,8,22
05,8,110,30,138,73,0,0,11
05,8,130,20,168,101,0,8,20
05,8,270,60,141,109,0,8,2
05,8,360,50,126,117,0,8,15
05,8,80,30,213,99,0,0,12
05,8,10,60,178,135,-1,8,-17
05,8,350,50,115,55,0,8,13
05,8,350,30,109,51,0,8,15
05,8,310,20,104,73,0,8,3
05,8,70,20,160,95,0,0,23
05,8,90,30,203,76,0,5,14
05,8,40,40,212,131,0,8,8
05,8,50,40,169,143,0,8,2
05,8,40,20,156,119,6,8,7
05,8,140,10,206,169,0,0,9
05,8,90,20,235,167,0,8,9
05,8,80,40,239,150,0,7,19
05,8,30,20,239,177,0,1,13
05,8,20,30,230,182,0,1,19
05,8,990,10,226,173,0,6,17
05,8,210,60,202,167,0,8,-27
05,8,990,10,111,62,0,8,12
05,8,200,30,122,84,0,6,13
05,8,350,40,95,12,0,7,5
05,8,340,60,89,12,0,7,-3
05,8,330,70,73,18,0,8,15
05,8,200,20,58,44,5,8,6
05,8,170,20,98,40,0,8,16
05,8,130,40,114,51,0,8,-3
05,8,200,40,126,85,0,8,8
05,8,290,20,112,66,0,8,9
05,8,350,40,111,74,0,1,18
05,8,340,40,111,36,-1,3,20
05,8,80,30,110,35,0,0,8
05,8,70,50,111,41,0,7,13
05,8,70,30,144,20,0,0,6
05,8,60,50,136,21,0,0,8
05,8,80,40,123,70,0,8,1
05,8,990,10,154,96,0,5,16
05,8,330,30,139,129,-1,8,15
05,8,300,40,130,116,0,8,2
05,8,310,60,110,101,0,8,4
05,8,990,10,144,78,0,6,15
05,8,190,40,190,69,0,8,7
05,8,260,30,188,45,0,7,14
05,8,280,20,136,87,0,8,3
05,8,230,40,158,118,0,8,11
05,8,260,40,161,86,0,8,11
05,8,310,30,126,98,0,8,0
05,8,160,20,135,56,0,0,13
05,8,200,50,150,131,0,8,6
05,8,220,30,186,126,0,8,14
05,8,210,70,106,66,0,8,10
05,8,230,30,64,55,41,8,24
05,8,230,30,125,56,0,8,9
05,8,30,50,109,88,0,8,11
05,8,60,60,98,19,0,8,12
05,8,100,30,131,15,0,0,18
05,8,160,20,154,40,0,1,24
05,8,80,10,175,24,0,3,15
05,8,60,30,202,46,0,5,13
05,8,60,10,182,116,0,8,21
05,8,30,120,94,-21,0,4,16
05,8,270,20,92,0,0,3,4
05,8,300,30,124,18,0,1,3
05,8,40,70,97,-23,0,0,16
05,8,20,50,102,-1,0,0,12
05,8,240,30,149,32,0,1,9
05,8,270,40,153,55,0,0,14
05,8,250,40,159,94,0,7,20
05,8,230,20,183,110,0,2,32
05,8,30,30,177,108,0,7,19
05,8,110,30,206,112,0,8,16
05,8,190,50,220,141,0,8,21
05,8,240,50,150,87,0,8,4
05,8,240,40,139,85,0,8,-5
05,8,350,40,167,98,0,1,16
05,8,40,10,181,99,0,6,15
05,8,360,30,185,100,0,1,11
05,8,40,50,156,57,0,0,17
05,8,50,30,155,69,0,0,22
05,8,90,50,205,47,0,0,7
05,8,90,70,185,47,0,2,10
05,8,10,62,72,38,0,7,11
05,8,320,51,72,57,-1,8,9
05,8,320,62,74,31,0,7,7
05,8,300,46,68,56,2,7,5
05,8,990,5,63,56,0,7,15
05,8,190,21,82,58,0,7,5
05,8,170,21,84,64,0,8,6
05,8,50,15,89,67,-1,7,26
05,8,40,36,101,36,0,0,16
05,8,10,31,103,77,0,1,16
05,8,310,21,113,58,0,5,11
05,8,330,31,104,69,0,6,12
05,8,200,36,131,53,0,7,9
05,8,340,72,106,92,-1,8,-1
05,8,330,51,78,44,2,6,22
05,8,330,72,76,36,-1,7,17
05,8,310,36,83,38,0,7,4
05,8,360,15,101,47,0,2,2
05,8,230,26,106,49,0,4,3
05,8,230,46,146,125,0,2,13
05,8,270,41,139,123,0,8,7
05,8,290,36,159,115,0,3,-3
05,8,330,46,128,35,0,3,7
05,8,350,31,106,34,0,6,3
05,8,250,36,89,77,-1,8,9
05,8,300,21,103,97,-1,8,13
05,8,50,15,115,66,0,7,4
05,8,30,31,118,88,0,7,18
05,8,30,31,111,94,0,6,27
05,8,20,10,148,104,0,0,23
05,8,350,26,103,100,0,8,12
05,8,190,72,100,95,22,8,4
05,8,250,31,99,70,0,6,-4
05,8,330,51,93,47,0,5,11
05,8,120,5,115,52,0,2,11
05,8,0,0,127,61,0,0,20
05,8,330,26,105,61,0,5,16
05,8,210,46,131,97,-1,8,13
05,8,240,62,115,110,1,8,5
05,8,240,46,63,57,13,8,26
05,8,220,46,102,54,0,4,10
05,8,280,51,103,84,0,6,14
05,8,210,72,122,65,-1,8,9
05,8,240,41,153,105,0,3,15
05,8,130,46,205,114,0,0,29
05,8,140,5,232,139,0,0,21
05,8,30,57,152,60,0,1,20
05,8,20,36,102,64,0,2,19
05,8,110,31,160,107,0,0,19
05,8,110,41,178,78,0,1,17
05,8,130,46,189,91,0,1,17
05,8,120,36,196,106,0,0,13
05,8,70,31,210,122,0,0,17
05,8,80,31,217,131,0,0,15
05,8,110,26,192,149,0,0,21
05,8,160,21,196,144,0,3,26
05,8,60,46,177,86,0,0,17
05,8,80,51,167,76,0,3,11
05,8,120,72,205,94,0,3,18
05,8,120,72,197,64,0,1,25
05,8,170,31,189,133,0,3,17
05,8,70,26,202,141,0,4,8
05,8,250,21,179,117,0,1,16
05,8,270,26,133,117,0,8,12
05,8,360,46,100,65,0,7,1
05,8,60,51,94,42,0,3,12
05,8,60,51,104,27,0,1,10
05,8,50,51,104,39,0,0,20
05,8,50,62,99,72,0,8,7
05,8,50,62,135,94,0,2,19
05,8,80,31,164,122,0,3,20
05,8,90,26,183,138,0,1,15
05,8,70,41,184,117,0,1,15
05,8,60,5,177,108,0,6,11
05,8,280,31,135,133,0,8,1
05,8,240,15,109,106,-1,8,-2
05,8,280,36,90,71,-1,8,-6
05,8,210,46,125,78,0,2,17
05,8,150,57,175,89,0,6,14
05,8,220,41,206,138,0,7,2
05,8,200,26,186,147,0,3,15
05,8,70,21,145,145,6,8,17
05,8,210,62,127,102,0,7,-3
05,8,270,21,138,71,0,1,16
05,8,120,41,171,105,0,1,15
05,8,100,21,187,127,0,5,15
05,8,40,21,200,152,0,3,21
05,8,70,51,161,127,0,5,23
05,8,230,72,163,155,0,7,5
05,8,290,31,113,108,5,8,5
05,8,230,31,143,116,0,2,19
05,8,200,46,186,143,0,6,11
05,8,230,82,141,105,0,6,2
05,8,10,67,86,28,0,4,10
05,8,70,36,79,15,0,2,11
05,8,130,57,123,50,0,6,23
05,8,250,51,135,79,0,6,8
05,8,250,51,109,87,0,6,13
05,8,200,36,123,123,9,8,6
05,8,150,26,143,135,0,7,10
05,8,260,46,126,123,9,8,-1
05,8,360,31,110,82,0,6,3
05,8,70,21,101,79,0,7,5
05,8,70,31,111,97,0,3,29
05,8,120,62,177,88,0,0,19
05,8,90,41,163,97,0,1,12
05,8,110,41,183,109,0,2,14
05,8,250,62,147,122,0,6,15
05,8,70,15,138,127,1,7,12
05,8,210,51,142,100,0,7,2
05,8,30,15,145,122,0,7,11
05,8,360,36,117,72,0,7,10
05,8,60,5,154,110,0,2,8
05,8,160,41,155,132,0,7,10
05,8,210,62,141,114,0,8,7
05,8,250,36,129,115,0,7,15
05,8,40,21,132,111,0,6,15
05,8,320,46,130,130,-1,8,-6
05,8,60,26,121,100,-1,8,2
05,8,330,41,97,43,0,7,4
05,8,10,10,110,88,0,7,13
05,8,360,31,107,44,0,7,5
05,8,350,31,107,28,0,3,9
05,8,280,21,132,56,0,1,16
05,8,40,5,89,89,0,1,46
05,8,120,26,162,92,0,2,16
05,8,110,26,165,77,0,1,27
05,8,130,10,197,78,0,2,15
05,8,160,10,197,104,0,2,28
05,8,10,15,183,83,0,3,19
05,8,990,10,177,119,0,2,28
05,8,300,57,147,77,0,3,16
05,8,300,62,109,54,-1,7,6
05,8,240,41,99,55,0,7,15
05,8,990,10,98,33,0,7,9
05,8,40,67,82,27,0,8,13
05,8,360,82,109,44,0,5,6
05,8,310,46,92,6,0,4,-10
05,8,230,57,111,50,0,6,12
05,8,80,31,119,51,0,7,13
05,8,150,21,107,105,6,8,23
05,8,270,21,86,77,4,8,-4
05,8,210,36,99,64,0,5,16
05,8,230,36,117,87,0,5,16
05,8,60,26,95,45,0,5,6
05,8,990,15,114,51,0,5,20
05,8,140,10,170,92,0,7,18
05,8,180,26,209,134,0,2,13
05,8,320,15,166,129,0,7,7
05,8,230,21,158,135,0,3,17
05,8,140,51,169,132,0,7,0
05,8,170,41,212,151,0,1,16
05,8,270,46,158,133,0,7,8
05,8,990,10,153,109,0,5,15
05,8,320,26,147,137,0,7,10
05,8,120,26,149,34,0,7,12
05,8,60,21,115,102,-1,8,8
05,8,190,15,89,81,0,8,19
05,8,330,41,72,43,0,7,21
05,8,360,21,75,-5,0,4,8
05,8,60,31,95,14,0,7,13
05,8,60,67,110,26,0,1,16
05,8,30,57,105,46,0,7,8
05,8,40,72,100,3,0,1,19
05,8,40,41,60,43,-1,8,6
05,8,40,31,87,41,0,8,7
05,8,30,31,87,81,-1,8,3
05,8,330,31,75,74,-1,8,8
05,8,320,21,96,77,0,8,6
05,8,20,67,81,54,2,8,14
05,8,80,62,71,-1,0,5,14
05,8,220,57,105,93,0,8,6
05,8,60,41,93,84,-1,8,7
05,8,230,67,139,81,0,6,8
05,8,290,26,123,61,0,1,17
05,8,290,21,130,89,0,3,15
05,8,220,46,111,78,0,7,7
05,8,220,72,132,111,0,8,2
05,8,200,67,160,129,0,6,9
05,8,230,62,139,128,-1,8,-12
05,8,230,46,135,107,0,4,16
05,8,240,51,118,118,4,8,3
05,8,320,51,107,40,0,5,4
05,8,230,77,172,106,0,2,16
05,8,140,21,205,148,0,7,15
05,8,240,62,186,117,0,1,3
05,8,990,10,124,85,0,4,14
05,8,240,10,157,115,0,2,19
05,8,50,30,167,118,0,5,13
05,8,230,80,155,117,0,7,12
05,8,200,40,141,131,0,8,2
05,8,330,30,75,75,5,8,-3
05,8,220,40,69,37,0,3,1
05,8,200,80,80,31,0,7,10
05,8,220,60,96,72,0,6,9
05,8,210,60,116,79,0,5,17
05,8,210,70,146,104,0,7,-2
05,8,210,60,120,79,0,7,10
05,8,990,10,162,101,0,5,11
05,8,360,30,129,126,-1,8,-5
05,8,70,20,105,99,0,7,12
05,8,120,30,191,150,0,6,19
05,8,990,10,213,183,0,2,20
05,8,160,20,169,169,2,8,5
05,8,260,30,179,142,0,1,0
05,8,200,10,171,140,0,5,5
05,8,230,40,151,124,0,7,-11
05,8,260,40,111,111,1,8,12
05,8,30,30,116,63,0,4,10
05,8,50,40,107,33,0,4,-1
05,8,70,10,138,64,0,6,10
05,8,990,10,124,77,0,6,18
05,8,350,50,117,68,-1,7,-6
05,8,20,40,115,52,0,6,5
05,8,990,10,132,93,0,4,16
05,8,50,30,129,88,0,2,9
05,8,70,60,145,24,0,1,12
05,8,340,30,102,95,0,8,-4
05,8,300,40,106,106,0,8,10
05,8,340,50,99,62,0,7,5
05,8,350,50,92,41,0,6,9
05,8,230,40,94,72,-1,7,21
05,8,230,80,110,96,-1,8,9
05,8,230,70,130,98,0,7,2
05,8,160,40,170,107,0,4,19
05,8,200,50,191,105,0,7,11
05,8,100,20,217,148,0,1,21
05,8,130,20,238,135,0,5,27
05,8,230,20,255,161,0,1,30
05,8,80,30,239,169,0,1,19
05,8,90,60,191,105,0,0,16
05,8,100,40,191,55,0,1,19
05,8,50,40,172,86,0,1,16
05,8,60,30,173,74,0,1,24
05,8,70,10,207,97,0,2,9
05,8,10,30,174,98,0,1,16
05,8,360,20,128,100,0,5,16
05,8,280,20,134,85,0,7,-2
05,8,340,50,113,20,0,5,2
05,8,290,20,110,45,0,7,9
05,8,240,20,108,108,3,8,3
05,8,250,20,146,124,0,7,11
05,8,220,30,116,112,8,8,15
05,8,990,10,116,113,21,7,11
05,8,150,40,158,131,0,7,8
05,8,250,40,172,150,0,6,0
05,8,30,30,171,118,0,6,4
05,8,220,60,171,135,0,6,14
05,8,10,30,116,86,0,1,7
05,8,50,30,106,65,0,3,10
05,8,10,20,142,79,0,6,23
05,8,60,60,116,61,0,7,29
05,8,80,60,133,43,0,8,-2
05,8,130,20,132,130,0,8,4
05,8,120,30,120,120,0,8,6
05,8,240,60,134,111,0,7,13
05,8,210,40,154,112,0,1,14
05,8,200,40,182,118,0,7,2
05,8,220,40,146,123,-1,7,10
05,8,250,80,133,98,0,7,12
05,8,230,60,120,98,0,8,12
05,8,280,30,125,97,0,7,12
05,8,60,50,114,61,0,2,8
05,8,70,30,105,51,0,6,1
05,8,70,60,128,73,0,6,14
05,8,80,60,135,49,0,6,2
05,8,130,40,167,98,0,5,21
05,8,200,40,150,133,0,5,12
05,8,280,30,142,113,0,3,15
05,8,250,30,121,100,0,7,10
05,8,220,60,133,101,0,4,26
05,8,240,50,144,109,0,8,0
05,8,250,30,156,130,0,6,12
05,8,160,30,160,74,0,6,19
05,8,80,40,197,79,0,0,18
05,8,250,50,202,153,0,5,13
05,8,90,30,226,129,0,1,20
05,8,10,30,210,182,0,7,5
05,8,10,30,140,99,0,5,8
05,8,360,30,131,121,0,8,5
05,8,10,40,101,93,-1,8,6
05,8,360,30,110,98,0,8,5
05,8,10,40,113,99,-1,8,9
05,8,80,20,183,121,0,1,18
05,8,90,30,199,119,0,1,25
05,8,90,20,198,111,0,2,19
05,8,70,20,212,151,0,2,16
05,8,110,20,197,140,0,1,15
05,8,80,10,220,156,0,6,17
05,8,40,50,192,112,0,6,27
05,8,60,10,185,116,0,6,15
05,8,80,20,176,90,0,6,13
05,8,30,10,223,119,0,0,15
05,8,180,20,233,114,0,3,19
05,8,190,30,241,147,0,6,18
05,8,250,70,136,97,0,7,-1
05,8,210,60,117,77,0,6,5
05,8,220,60,118,86,0,7,9
05,8,280,10,102,89,6,7,14
05,8,150,20,102,89,9,8,6
05,8,300,30,122,98,0,7,10
05,8,190,30,150,106,0,7,21
05,8,280,30,134,126,7,8,8
05,8,210,60,149,139,-1,8,-3
05,8,200,30,128,76,0,7,14
05,8,220,90,115,52,0,7,2
05,8,180,90,125,102,1,7,9
05,8,240,50,102,72,-1,7,8
05,8,200,20,118,85,0,7,11
05,8,360,10,142,70,0,1,10
05,8,20,70,125,101,0,7,15
05,8,50,70,114,64,0,6,17
05,8,10,20,147,128,0,4,25
05,8,10,50,85,70,-1,8,-1
05,8,30,80,83,28,0,3,20
05,8,20,70,83,27,0,7,21
05,8,60,60,121,50,0,2,10
05,8,30,40,108,67,0,2,20
05,8,50,40,157,117,0,0,26
05,8,110,40,186,107,0,0,21
05,8,100,20,211,109,0,1,15
05,8,70,20,196,116,0,1,18
05,8,100,20,187,91,0,5,21
05,8,230,30,155,112,0,7,19
05,8,220,50,144,112,0,4,11
05,8,200,70,157,109,0,6,23
05,8,210,80,158,102,0,7,17
05,8,240,50,111,89,0,8,1
05,8,270,40,134,86,0,6,2
05,8,10,30,133,70,0,1,11
05,8,40,60,127,85,0,5,16
05,8,50,40,136,75,0,5,16
05,8,60,40,181,90,0,1,12
05,8,30,40,193,108,0,0,22
05,8,60,30,149,79,0,1,18
05,8,190,20,210,89,0,5,27
05,8,250,50,169,128,0,7,6
05,8,250,60,166,140,0,8,3
05,8,290,50,182,118,0,5,0
05,8,240,30,184,109,0,3,21
05,8,280,50,168,112,0,4,15
05,8,200,80,120,72,0,3,12
05,8,160,40,114,97,0,7,14
05,8,320,50,111,77,0,5,-1
05,8,350,50,86,63,-1,8,2
05,8,320,60,71,69,10,8,7
05,8,80,20,96,91,-1,8,11
05,8,70,20,127,82,0,1,13
05,8,40,50,129,112,0,7,0
05,8,20,40,140,140,0,8,8
05,8,220,40,133,129,0,8,0
05,8,260,20,136,127,0,8,-4
05,8,320,20,107,107,0,8,3
05,8,150,30,164,121,0,2,18
05,8,200,70,136,107,-1,7,6
05,8,230,70,145,89,0,5,15
05,8,160,30,191,119,0,3,12
05,8,20,30,181,133,0,3,23
05,8,210,30,166,156,0,8,14
05,8,240,30,146,92,0,,28
05,8,170,40,188,124,0,4,4
05,8,160,50,195,114,0,6,12
05,8,200,60,176,128,-1,8,-16
05,8,220,40,153,115,0,5,19
05,8,200,60,155,100,0,7,2
05,8,200,40,104,97,2,7,21
05,8,170,60,140,87,0,7,4
05,8,180,40,139,101,0,6,12
05,8,170,20,151,106,0,1,20
05,8,220,80,139,81,0,4,5
05,8,220,50,130,91,0,7,12
05,8,250,30,151,101,0,2,12
05,8,230,100,128,83,0,7,-1
05,8,150,60,152,92,0,6,21
05,8,250,110,123,69,0,4,10
05,8,170,50,160,75,0,3,22
05,8,990,10,180,127,-1,7,7
05,8,200,20,110,105,0,8,8
05,8,150,10,137,71,0,6,16
05,8,240,20,155,95,0,1,25
05,8,10,30,133,91,0,7,-5
05,8,220,40,121,84,0,3,15
05,8,200,30,163,81,0,1,11
05,8,240,70,121,87,0,5,9
05,8,240,60,104,69,0,5,13
05,8,230,70,98,61,0,5,3
05,8,270,10,118,82,0,6,-6
05,8,140,30,124,64,0,2,18
05,8,200,30,139,93,0,8,5
05,8,220,70,153,111,0,6,-2
05,8,210,50,149,115,0,7,3
05,8,230,70,124,78,0,6,2
05,8,240,60,125,108,0,7,-3
05,8,240,50,133,130,12,8,7
05,8,210,50,130,116,2,8,6
05,8,150,20,139,137,4,8,1
05,8,230,80,131,101,0,7,-10
05,8,990,10,154,111,0,1,11
05,8,50,30,175,114,0,2,15
05,8,60,20,193,127,0,1,12
05,8,30,30,198,121,0,0,14
05,8,360,20,219,153,0,2,23
05,8,30,10,204,156,0,0,9
05,8,230,30,166,126,0,5,6
05,8,250,40,129,84,0,7,11
05,8,200,20,165,94,0,2,21
05,8,200,40,102,51,0,6,16
05,8,190,60,106,56,0,4,7
05,8,230,20,107,70,0,6,14
05,8,290,50,106,57,0,7,6
05,8,60,50,88,71,0,8,-3
05,8,990,10,133,75,0,5,18
05,8,230,20,130,91,0,4,14
05,8,270,30,116,100,0,8,-3
05,8,340,40,105,52,0,6,11
05,8,330,50,97,62,-1,8,12
05,8,300,20,120,77,0,7,9
05,8,240,30,154,93,0,6,13
05,8,10,30,139,100,0,7,21
05,8,990,10,184,106,0,1,6
05,8,350,20,180,110,0,3,9
05,8,220,50,184,98,0,2,18
05,8,990,10,182,109,0,4,3
05,8,20,50,116,80,0,6,4
05,8,40,50,105,32,0,5,-7
05,8,340,50,124,52,0,3,-14
05,8,250,20,121,53,0,3,14
05,8,240,10,119,77,0,7,11
05,8,330,30,118,45,0,4,3
05,8,10,30,132,48,0,2,5
05,8,990,10,148,67,0,1,5
05,8,160,40,182,64,0,5,16
05,8,190,40,202,73,0,,12
05,8,230,40,144,124,0,,8
05,8,120,30,195,151,0,,30
05,8,260,70,162,140,0,,-5
05,8,160,40,152,150,-1,,-12
05,8,210,50,125,102,0,,9
05,8,330,40,94,52,0,,11
05,8,290,70,110,57,0,,9
05,8,180,20,100,86,-1,,-3
05,8,230,50,88,57,-1,,-22
05,8,260,50,93,46,0,,2
05,8,300,40,89,42,0,,11
05,8,340,40,98,51,0,,1
05,8,70,60,94,33,0,,17
05,8,50,50,104,51,0,,21
05,8,30,50,133,75,0,,12
05,8,280,50,80,69,9,,8
05,8,990,10,104,102,0,,15
05,8,10,40,83,1,0,,8
05,8,350,20,89,11,0,,12
05,8,190,50,133,37,0,,14
05,8,150,40,141,126,4,,37
05,8,230,50,163,123,0,,13
05,8,200,60,157,91,0,,14
05,8,250,60,139,78,0,,14
05,8,180,40,138,86,0,,13
05,8,240,50,165,126,0,,13
05,8,170,40,234,139,0,,19
05,8,130,20,235,111,0,,18
05,8,250,40,253,173,0,,4
05,8,360,20,167,93,0,,15
05,8,100,20,124,92,0,,1
05,8,210,40,145,112,0,,15
05,8,160,60,76,40,0,,24
05,8,200,40,122,91,0,,13
05,8,150,30,180,97,0,,23
05,8,110,30,216,115,0,,18
05,8,990,10,195,84,0,,21
05,8,120,40,178,84,0,,15
05,8,120,40,186,38,0,,18
05,8,110,50,200,50,0,,11
05,8,70,40,182,69,0,,20
05,8,90,20,182,96,0,,20
05,8,190,20,206,67,0,,19
05,8,230,20,184,109,0,,18
05,8,220,40,170,110,0,,15
05,8,70,30,123,95,0,,14
05,8,110,30,140,92,0,,16
05,8,270,50,150,100,0,,3
05,8,260,30,139,120,0,,15
05,8,260,80,165,116,0,,-1
05,8,230,100,118,105,11,,10
05,8,190,70,119,108,4,,4
05,8,220,80,133,91,0,,10
05,8,190,60,147,92,0,,18
05,8,290,50,95,86,10,,3
05,8,210,70,119,69,0,,7
05,8,190,50,103,94,-1,,6
05,8,210,40,126,115,5,,5
05,8,230,50,145,131,0,,0
05,8,280,60,146,92,0,,2
05,8,250,30,129,105,0,,6
05,8,300,60,100,46,0,,3
05,8,300,40,107,64,0,,-1
05,8,90,50,160,47,0,0,17
05,8,70,40,142,-3,0,0,15
05,8,40,40,146,67,0,0,22
05,8,40,40,166,73,0,0,34
05,8,350,60,128,79,0,3,12
05,8,240,20,116,79,0,6,27
05,8,240,80,136,123,3,8,1
05,8,240,80,128,89,0,7,4
05,8,240,40,117,99,-1,8,5
05,8,230,80,134,115,-1,8,3
05,8,220,120,120,97,-1,8,5
05,8,220,70,120,107,6,8,21
05,8,160,30,153,115,0,7,5
05,8,200,80,156,84,0,7,0
05,8,290,40,118,71,0,3,9
05,8,230,50,121,113,7,8,8
05,8,110,30,93,84,-1,8,1
05,8,180,30,138,111,0,8,29
05,8,240,50,148,98,0,1,-3
05,8,70,30,151,74,0,7,18
05,8,260,10,156,153,0,8,6
05,8,270,20,176,161,0,8,10
05,8,30,30,164,71,0,0,9
05,8,40,20,198,116,0,0,13
05,8,250,10,163,147,0,8,12
05,8,20,50,142,131,0,8,1
05,8,250,40,133,128,-1,8,14
05,8,250,20,133,101,0,7,3
05,8,290,50,117,91,0,8,-3
05,8,210,50,136,42,0,0,16
05,8,240,40,134,118,-1,8,14
05,8,190,70,104,61,0,8,14
05,8,210,20,120,76,0,6,22
05,8,120,30,149,69,0,0,16
05,8,110,30,159,69,0,0,20
05,8,110,30,163,42,0,0,14
05,8,100,30,182,104,0,0,16
05,8,110,20,189,95,0,0,22
05,8,120,30,196,85,0,0,21
05,8,130,30,206,87,0,0,21
05,8,130,30,212,92,0,0,23
05,8,120,40,206,78,0,0,18
05,8,70,30,201,83,0,0,19
05,8,60,30,213,88,0,0,20
05,8,90,20,205,114,0,8,16
05,8,20,20,187,128,0,8,14
05,8,240,50,149,139,0,8,8
05,8,360,40,118,113,3,8,2
05,8,70,60,122,57,0,7,5
05,8,30,40,120,34,0,0,2
05,8,60,50,117,43,0,0,13
05,8,90,20,133,65,0,0,23
05,8,110,20,163,76,0,6,14
05,8,100,20,184,94,0,8,9
05,8,60,40,169,106,0,8,8
05,8,100,50,158,137,-1,7,5
05,8,50,60,136,126,-1,8,8
05,8,100,20,189,149,0,7,9
05,8,130,20,208,166,0,4,14
05,8,330,40,152,144,9,8,2
05,8,250,10,155,149,-1,8,2
05,8,320,30,152,117,0,2,16
05,8,290,10,147,104,0,1,18
05,8,230,40,123,96,0,2,4
05,8,230,40,134,68,0,7,5
05,8,290,20,112,37,0,0,10
05,8,260,20,106,103,3,8,16
05,8,240,60,108,95,4,8,5
05,8,220,70,138,100,0,1,12
05,8,230,60,145,80,0,0,17
05,8,200,20,97,48,0,8,31
05,8,130,20,149,70,0,0,22
05,8,30,70,118,70,0,7,6
05,8,70,80,132,39,0,3,11
05,8,80,50,156,70,0,4,9
05,8,110,30,164,98,0,7,11
05,8,200,40,162,147,0,8,16
05,8,190,60,124,72,0,4,18
05,8,170,30,124,109,1,8,3
05,8,200,60,138,83,0,6,15
05,8,170,40,166,110,0,2,10
05,8,280,20,166,94,0,4,15
05,8,270,30,169,117,0,6,20
05,8,220,50,155,102,0,0,13
05,8,160,30,168,73,0,0,17
05,8,310,20,193,114,0,0,11
05,8,50,30,199,120,0,0,23
05,8,220,70,176,158,0,8,23
05,8,240,50,141,83,0,6,7
05,8,260,40,155,135,0,8,6
05,8,50,40,156,67,0,0,12
05,8,70,50,167,72,0,0,14
05,8,70,50,181,119,0,2,12
05,8,240,70,131,75,0,3,7
05,8,120,20,96,89,8,8,4
05,8,310,30,68,60,-1,8,8
05,8,10,80,84,23,0,5,5
05,8,50,50,80,32,0,8,2
05,8,20,60,93,31,0,6,14
05,8,10,50,66,43,2,8,2
05,8,210,20,78,66,0,8,7
05,8,60,20,116,75,0,2,8
05,8,20,50,88,16,0,7,11
05,8,20,50,67,33,0,8,8
05,8,340,50,61,43,0,8,8
05,8,320,20,73,57,-1,8,3
05,8,10,20,77,55,0,7,12
05,8,990,10,104,22,0,5,12
05,8,230,40,128,63,0,2,20
05,8,270,30,122,86,0,7,9
05,8,310,30,114,65,0,2,11
05,8,350,70,127,44,0,0,13
05,8,360,40,147,54,0,0,17
05,8,10,40,155,96,0,0,15
05,8,270,20,121,86,0,5,23
05,8,20,20,160,117,0,0,17
05,8,270,50,223,125,0,0,12
05,8,60,30,154,90,0,5,11
05,8,70,30,103,40,0,8,-8
05,8,990,10,122,75,0,7,13
05,8,220,40,142,77,0,0,20
05,8,210,40,163,55,0,2,14
05,8,230,50,137,123,0,8,-3
05,8,310,50,130,91,0,8,9
05,8,50,70,119,20,0,0,16
05,8,60,80,106,21,0,0,21
05,8,40,60,85,-12,0,0,11
05,8,10,30,104,36,0,0,15
05,8,150,20,127,43,0,0,16
05,8,160,30,164,52,0,2,18
05,8,170,40,212,103,0,0,14
05,8,160,40,225,84,0,4,26
05,8,990,10,176,139,0,8,10
05,8,340,60,168,140,0,6,-8
05,8,270,30,166,109,0,2,12
05,8,250,30,152,108,0,2,12
05,8,150,20,150,91,0,0,15
05,8,290,40,137,91,0,7,0
05,8,310,60,99,68,3,8,16
05,8,230,70,136,94,0,8,3
05,8,220,50,140,120,-1,7,-4
05,8,220,40,134,104,0,8,10
05,8,290,20,148,126,0,8,-19
05,8,260,20,165,114,0,1,14
05,8,990,10,168,94,0,0,16
05,8,200,30,164,143,0,6,19
05,8,210,40,155,92,0,0,12
05,8,270,70,141,52,0,3,10
05,8,180,30,161,76,0,0,12
05,8,240,70,190,69,0,8,-2
05,8,250,50,117,104,2,8,5
05,8,220,70,143,76,0,4,12
05,8,230,70,153,104,0,8,4
05,8,140,50,218,130,0,0,30
05,8,320,40,134,124,-1,8,-8
05,8,140,40,136,113,0,8,1
05,8,340,40,128,113,0,8,-4
05,8,180,40,130,105,0,8,-2
05,8,260,30,124,99,0,8,18
05,8,10,50,92,64,-1,8,2
05,8,40,40,68,40,1,8,5
05,8,990,10,98,48,0,8,12
05,8,170,40,142,87,-1,7,2
05,8,230,70,167,127,0,8,-1
05,8,170,60,187,151,-1,8,12
05,8,230,60,183,149,-1,8,-7
05,8,350,40,107,38,0,7,0
05,8,990,10,102,36,0,6,3
05,8,210,50,134,27,0,0,7
05,8,240,40,109,69,0,6,14
05,8,310,50,89,36,1,6,22
05,8,180,20,120,14,0,0,5
05,8,120,40,139,66,0,8,22
05,8,200,30,154,114,0,8,20
05,8,360,20,143,134,-1,8,10
05,8,350,30,175,160,0,8,16
05,8,310,20,204,165,0,0,16
05,8,210,20,155,137,0,8,18
05,8,50,20,221,176,0,0,5
05,8,60,40,199,92,0,0,17
05,8,80,30,210,80,0,0,13
05,8,60,20,221,103,0,0,13
05,8,320,30,202,152,0,0,23
05,8,360,30,188,118,0,0,2
05,8,320,20,163,88,0,1,17
05,8,230,50,176,126,0,8,18
05,8,50,40,102,40,0,0,22
05,8,20,30,100,74,-1,8,10
05,8,10,20,140,84,0,0,16
05,8,270,40,135,57,0,0,18
05,8,220,30,134,84,0,0,18
05,8,990,10,173,72,0,0,17
05,8,70,30,202,107,0,6,12
05,8,180,40,170,118,0,1,24
05,8,220,60,139,80,0,5,5
05,8,220,90,135,80,0,7,-1
05,8,200,30,122,89,-1,8,-12
05,8,250,50,90,50,-1,7,20
05,8,230,60,113,108,2,8,7
05,8,210,60,108,59,0,6,7
05,8,200,70,134,88,-1,7,-20
05,8,330,30,98,86,12,8,0
05,8,320,40,96,89,0,8,1
05,8,230,30,92,86,-1,8,7
05,8,30,50,139,92,0,0,12
05,8,240,30,108,97,0,8,8
05,8,240,20,122,105,-1,8,1
05,8,310,50,88,59,0,8,12
05,8,990,10,64,44,-1,8,7
05,8,190,50,78,33,0,2,9
05,8,340,30,111,68,0,1,6
05,8,310,50,94,77,0,8,13
05,8,250,40,141,70,0,0,16
05,8,130,40,174,72,0,0,15
05,8,260,30,94,90,11,8,2
05,8,130,20,102,98,0,8,7
05,8,310,50,151,128,0,3,24
05,8,260,10,119,100,0,7,17
05,8,10,50,117,82,0,6,1
05,8,40,40,101,52,0,6,1
05,8,50,20,102,16,0,0,9
05,8,130,30,123,36,0,2,22
05,8,220,50,165,79,0,8,10
05,8,230,70,124,92,0,8,11
05,8,230,70,118,77,0,8,11
05,8,230,70,132,96,0,8,15
05,8,180,40,99,92,19,8,6
05,8,230,100,111,62,-1,7,1
05,8,230,70,108,78,-1,8,4
05,8,270,30,113,90,0,8,8
05,8,260,30,124,74,0,7,5
05,8,350,40,105,61,0,7,4
05,8,360,30,131,58,0,0,14
05,8,20,30,151,94,0,0,12
05,8,90,20,180,99,0,0,11
05,8,150,20,202,109,0,0,21
05,8,160,50,224,107,0,7,4
05,8,210,20,181,138,0,8,8
05,8,200,60,186,102,0,0,12
05,8,220,50,162,110,0,8,10
05,8,200,60,156,100,0,8,6
05,8,160,30,168,109,0,1,13
05,8,60,40,185,104,0,7,11
05,8,260,20,153,150,13,8,3
05,8,220,40,144,118,0,8,-1
05,8,50,40,129,115,0,8,2
05,8,80,30,141,76,0,2,4
05,8,990,10,168,85,0,0,4
05,8,10,30,91,21,0,7,11
05,8,50,30,111,33,0,0,14
05,8,140,40,153,94,0,7,8
05,8,220,50,155,115,0,8,1
05,8,180,50,186,148,3,7,35
05,8,200,90,133,64,0,5,4
05,8,230,70,118,74,0,8,-4
05,8,120,20,157,60,0,7,12
05,8,250,100,156,90,0,6,3
05,8,190,20,134,82,0,3,5
05,8,180,40,188,109,0,2,26
05,8,260,40,168,86,0,7,-1
05,8,200,20,144,84,0,0,14
05,8,60,20,114,39,0,7,9
05,8,20,50,113,54,0,0,4
05,8,220,60,110,85,1,8,7
05,8,220,30,147,80,0,6,2
05,8,220,80,121,60,0,8,17
05,8,220,80,121,62,0,6,0
05,8,240,40,113,73,0,2,-4
05,8,250,30,135,79,0,6,14
05,8,220,30,153,79,0,8,22
05,8,990,10,168,120,0,8,2
05,8,990,10,142,66,0,0,18
05,8,40,50,126,92,0,8,14
05,8,300,40,128,53,0,8,10
05,8,230,20,143,55,0,8,12
05,8,230,70,142,94,0,8,12
05,8,210,60,135,70,0,8,5
05,8,250,60,129,66,0,5,8
05,8,190,60,153,77,0,8,17
05,8,20,50,78,32,0,8,11
05,8,230,20,126,47,0,8,18
05,8,310,50,106,58,0,4,13
05,8,140,20,122,22,0,0,14
05,8,130,40,142,10,0,0,14
05,8,120,40,169,83,0,4,12
05,8,110,30,211,94,0,0,21
05,8,110,50,210,70,0,0,20
05,8,110,50,201,87,0,0,18
05,8,140,30,180,117,0,8,0
05,8,130,20,201,134,0,7,21
05,8,60,70,202,93,0,0,13
05,8,360,40,184,108,0,1,7
05,8,320,60,93,8,0,7,13
05,8,280,50,91,23,0,7,25
05,8,310,30,98,36,0,8,12
05,8,230,50,136,73,0,8,21
05,8,170,40,144,81,0,8,5
05,8,260,30,125,93,0,5,13
05,8,210,50,128,118,6,8,8
05,8,200,50,173,134,0,8,15
05,8,230,60,175,145,0,8,8
05,8,280,50,112,106,30,8,6
05,8,340,50,112,62,0,8,8
05,8,230,40,116,84,0,8,4
05,8,50,20,162,106,0,0,16
05,8,30,30,162,126,0,8,5
05,8,10,20,184,139,0,1,19
05,8,20,40,175,139,0,8,9
05,8,360,60,153,147,17,8,0
05,8,90,50,159,135,0,8,5
05,8,180,40,114,76,-1,8,5
05,8,320,10,92,83,-1,8,8
05,8,90,20,93,76,-1,8,7
05,8,30,40,85,71,3,8,14
05,8,50,40,80,67,0,8,2
05,8,70,50,125,78,0,0,24
05,8,320,30,127,101,0,8,8
05,8,270,30,88,59,0,8,10
05,8,30,30,99,20,0,0,14
05,8,30,20,106,23,0,0,16
05,8,100,20,161,61,0,5,26
05,8,200,50,157,138,-1,8,14
05,8,210,40,172,131,0,4,8
05,8,210,50,178,116,0,7,3
05,8,230,40,155,60,0,1,16
05,8,210,50,221,124,0,8,22
05,8,170,40,235,128,0,8,26
05,8,270,10,160,149,5,8,0
05,8,220,70,133,96,0,8,-3
05,8,220,50,126,87,0,8,13
05,8,160,20,163,77,0,8,19
05,8,150,30,195,99,0,0,19
05,8,280,40,206,111,0,8,2
05,8,270,30,180,137,0,8,15
05,8,60,20,164,109,0,1,19
05,8,100,40,211,132,0,0,11
05,8,130,40,251,124,0,0,18
05,8,180,10,174,160,22,8,26
05,8,80,40,217,158,0,8,30
05,8,260,40,200,157,0,8,9
05,8,240,20,189,135,0,0,18
05,8,230,80,83,42,0,8,11
05,8,180,50,125,46,0,0,17
05,8,340,40,124,30,0,0,10
05,8,10,20,130,65,0,0,20
05,8,50,50,161,65,0,0,20
05,8,90,30,181,71,0,0,11
05,8,100,30,193,90,0,0,17
05,8,130,20,209,100,0,0,22
05,8,180,30,221,127,0,0,15
05,8,240,60,122,92,0,8,1
05,8,90,30,127,75,0,3,19
05,8,130,20,184,84,0,8,13
05,8,250,50,140,120,-1,8,-4
05,8,330,30,126,123,0,8,9
05,8,90,30,208,84,0,0,11
05,8,10,50,174,103,0,7,9
05,8,320,40,119,67,0,7,22
05,8,340,30,101,44,0,8,18
05,8,350,20,111,69,0,8,5
05,8,50,20,161,97,0,0,25
05,8,70,40,193,77,0,7,23
05,8,40,30,204,135,0,8,11
05,8,20,30,167,143,2,8,4
05,8,60,30,157,119,-1,8,6
05,8,200,10,203,158,0,0,20
05,8,90,30,232,169,0,8,16
05,8,80,40,234,149,0,6,21
05,8,160,10,238,164,0,8,7
05,8,360,30,242,185,0,8,15
05,8,990,10,231,161,0,0,14
05,8,210,50,189,165,3,8,-3
05,8,990,10,105,64,0,2,5
05,8,210,30,106,78,0,4,27
05,8,340,40,98,22,0,7,1
05,8,330,40,79,19,0,3,-4
05,8,330,50,76,26,0,8,7
05,8,250,30,71,28,0,8,-11
05,8,190,20,94,38,0,8,11
05,8,140,50,115,50,0,8,0
05,8,190,50,129,80,0,7,13
05,8,290,30,120,67,0,8,1
05,8,360,40,121,76,0,2,13
05,8,30,30,119,30,0,6,-9
05,8,40,40,102,24,0,1,13
05,8,60,50,99,35,0,8,10
05,8,40,40,131,17,0,0,11
05,8,70,50,128,12,0,0,4
05,8,80,40,115,64,0,8,2
05,8,990,10,151,111,0,4,19
05,8,340,30,165,128,0,8,16
05,8,280,40,126,108,0,8,6
05,8,310,50,113,104,0,8,2
05,8,240,20,139,75,0,6,17
05,8,200,40,190,57,0,8,19
05,8,260,30,193,65,0,2,15
05,8,990,10,152,84,0,8,-8
05,8,220,50,162,111,0,8,11
05,8,270,40,153,75,0,8,20
05,8,350,30,132,92,-1,8,-11
05,8,990,10,137,54,0,0,10
05,8,210,50,148,129,0,8,5
05,8,220,50,191,117,0,8,14
05,8,210,80,109,71,0,6,7
05,8,250,70,75,59,2,8,-2
05,8,230,40,119,60,0,8,16
05,8,30,40,112,82,-1,8,13
05,8,50,60,97,9,0,8,9
05,8,100,30,131,12,0,0,14
05,8,160,10,157,40,0,4,14
05,8,80,20,166,33,0,2,22
05,8,50,30,193,59,0,3,7
05,8,990,10,178,111,0,8,10
05,8,20,120,91,-14,0,4,6
05,8,300,10,89,-12,0,5,3
05,8,280,30,115,15,0,2,18
05,8,40,50,98,-14,0,2,17
05,8,40,40,97,2,0,0,12
05,8,240,50,140,35,0,3,19
05,8,280,30,151,53,0,0,11
05,8,250,30,164,84,0,8,15
05,8,250,20,171,85,0,7,25
05,8,60,30,181,107,0,3,14
05,8,80,30,201,107,0,8,15
05,8,170,40,216,136,0,8,30
05,8,250,60,146,71,0,8,15
05,8,270,60,142,77,0,8,2
05,8,330,40,175,106,0,4,14
05,8,990,10,176,87,0,1,13
05,8,10,20,170,124,0,1,22
05,8,60,50,151,52,0,0,14
05,8,30,30,152,69,0,0,25
05,8,90,30,200,44,0,0,7
05,8,60,50,177,47,0,6,7
05,8,20,51,73,24,0,3,11
05,8,330,46,78,54,-1,7,9
05,8,300,46,74,23,0,6,6
05,8,330,36,61,47,4,7,20
05,8,270,15,55,51,0,8,10
05,8,190,31,84,42,0,7,3
05,8,130,26,95,59,0,7,10
05,8,60,36,105,38,0,5,11
05,8,60,36,101,20,0,0,12
05,8,360,31,101,63,0,2,23
05,8,300,21,107,42,0,3,16
05,8,340,36,108,58,0,4,7
05,8,220,46,131,55,0,7,9
05,8,350,51,104,78,0,8,2
05,8,300,41,85,34,0,7,17
05,8,320,36,74,44,3,6,12
05,8,330,21,85,31,0,7,0
05,8,330,21,91,43,0,2,19
05,8,220,31,103,49,0,3,19
05,8,240,36,149,113,0,5,11
05,8,250,36,143,118,0,7,9
05,8,310,31,150,96,0,7,-6
05,8,360,51,120,33,0,5,2
05,8,360,31,102,33,0,6,7
05,8,250,41,84,65,-1,8,10
05,8,290,15,103,92,-1,8,2
05,8,360,15,107,63,0,8,10
05,8,350,15,112,79,0,8,11
05,8,40,31,104,83,0,7,26
05,8,60,15,154,100,0,0,17
05,8,340,21,102,94,0,8,9
05,8,200,62,104,96,28,8,4
05,8,250,31,98,63,0,6,11
05,8,340,31,88,46,0,4,13
05,8,80,5,113,60,0,3,7
05,8,990,5,129,60,0,0,14
05,8,270,31,107,65,0,5,20
05,8,230,41,135,99,-1,7,10
05,8,250,46,114,106,2,8,9
05,8,240,41,78,59,-1,8,3
05,8,250,31,97,57,0,3,13
05,8,280,41,107,81,0,7,6
05,8,210,67,121,70,0,7,12
05,8,250,36,152,108,0,2,13
05,8,120,51,212,129,0,0,25
05,8,990,10,237,149,0,0,18
05,8,40,51,159,63,0,0,13
05,8,360,31,107,63,0,3,15
05,8,70,31,154,112,0,0,25
05,8,110,46,179,90,0,1,17
05,8,120,41,199,109,0,0,13
05,8,130,31,201,113,0,0,9
05,8,70,41,216,132,0,0,10
05,8,80,46,220,146,0,1,24
05,8,110,41,202,143,0,0,15
05,8,130,15,211,145,0,2,18
05,8,60,46,184,97,0,1,19
05,8,80,62,159,109,0,7,16
05,8,110,67,205,120,0,4,19
05,8,100,62,202,100,0,2,21
05,8,170,36,204,131,0,4,15
05,8,100,36,199,149,0,2,13
05,8,220,26,166,120,0,5,26
05,8,250,31,137,119,0,8,8
05,8,100,26,99,70,0,7,15
05,8,50,57,91,49,0,3,16
05,8,60,46,98,35,0,0,17
05,8,40,51,105,42,0,0,20
05,8,50,62,101,73,0,8,4
05,8,40,57,133,94,0,6,5
05,8,70,41,170,115,0,2,20
05,8,80,36,183,142,0,2,12
05,8,50,57,185,118,0,1,13
05,8,60,21,178,104,0,5,11
05,8,270,26,145,142,-1,8,-2
05,8,260,21,117,86,0,8,5
05,8,290,41,99,73,0,8,-7
05,8,180,31,132,61,0,4,18
05,8,150,41,173,76,0,6,23
05,8,210,46,208,117,0,6,12
05,8,190,31,190,155,0,5,15
05,8,70,31,144,142,5,8,7
05,8,200,41,125,91,0,7,12
05,8,260,26,144,67,0,1,16
05,8,110,31,177,80,0,3,17
05,8,90,26,183,109,0,6,23
05,8,60,31,212,136,0,4,20
05,8,50,46,165,114,0,4,24
05,8,230,62,153,151,1,7,11
05,8,300,26,116,108,3,8,6
05,8,230,46,140,102,0,5,16
05,8,190,46,195,132,0,6,25
05,8,220,93,159,111,-1,8,-2
05,8,340,36,83,15,0,7,14
05,8,80,36,79,24,0,7,8
05,8,120,72,125,45,0,3,20
05,8,250,41,130,83,0,7,8
05,8,250,46,105,83,0,7,15
05,8,180,41,115,113,5,8,11
05,8,130,26,140,134,0,8,9
05,8,220,36,131,120,-1,8,-5
05,8,360,26,105,86,0,7,4
05,8,40,15,97,78,0,7,12
05,8,80,46,102,102,0,7,15
05,8,110,46,175,97,0,0,13
05,8,80,72,162,89,0,1,13
05,8,80,57,180,113,0,3,21
05,8,240,51,132,116,3,6,13
05,8,40,21,132,123,2,8,6
05,8,210,72,140,98,0,7,3
05,8,20,15,154,116,0,5,11
05,8,310,31,115,82,0,7,19
05,8,20,15,113,113,0,4,29
05,8,140,36,161,136,0,7,11
05,8,200,87,144,112,0,7,2
05,8,230,41,138,120,0,7,-2
05,8,60,21,130,111,0,7,14
05,8,330,31,130,128,1,8,-2
05,8,70,21,126,108,0,7,12
05,8,300,36,102,35,0,7,12
05,8,320,10,116,93,0,7,9
05,8,360,31,110,42,0,5,0
05,8,340,26,114,55,0,5,8
05,8,250,31,133,57,0,3,19
05,8,990,5,127,95,0,0,14
05,8,120,36,162,94,0,1,15
05,8,120,26,165,87,0,1,21
05,8,70,15,174,96,0,3,36
05,8,140,5,202,103,0,3,27
05,8,70,5,189,117,0,2,10
05,8,150,10,174,131,0,5,20
05,8,280,51,149,82,0,4,13
05,8,290,57,110,64,-1,6,0
05,8,250,51,107,70,0,6,1
05,8,350,21,99,27,0,7,10
05,8,40,57,80,33,0,7,17
05,8,360,67,106,47,0,4,6
05,8,320,46,92,21,0,4,-5
05,8,240,51,104,60,0,4,23
05,8,90,46,112,63,0,7,17
05,8,100,15,96,96,2,8,9
05,8,320,31,92,73,0,8,-5
05,8,210,41,95,62,0,4,23
05,8,210,31,117,98,0,5,21
05,8,50,26,114,69,0,4,-12
05,8,100,26,113,62,0,4,17
05,8,100,21,168,100,0,5,24
05,8,150,21,211,135,0,1,19
05,8,0,0,173,162,0,6,9
05,8,240,26,159,141,0,5,10
05,8,130,62,175,113,0,5,12
05,8,190,46,214,146,0,3,25
05,8,270,41,162,140,0,7,5
05,8,320,15,162,107,0,4,15
05,8,330,26,151,143,0,7,24
05,8,110,21,146,43,0,7,16
05,8,60,21,106,106,-1,8,5
05,8,160,15,88,88,2,7,6
05,8,330,41,78,37,0,7,7
05,8,270,26,73,14,0,3,1
05,8,90,36,95,21,0,6,6
05,8,40,62,109,27,0,1,22
05,8,30,51,111,50,0,6,8
05,8,30,77,102,3,0,1,13
05,8,60,41,60,38,-1,8,2
05,8,60,21,81,61,0,8,1
05,8,50,26,88,73,0,8,2
05,8,320,26,78,72,-1,8,9
05,8,300,26,93,76,-1,8,9
05,8,30,31,87,43,-1,7,8
05,8,60,62,69,-1,0,5,12
05,8,220,67,112,95,0,7,4
05,8,40,36,91,83,0,8,6
05,8,200,57,149,99,0,7,12
05,8,270,31,120,47,0,1,14
05,8,250,31,115,98,0,7,16
05,8,230,46,95,79,0,8,21
05,8,230,67,127,108,0,8,3
05,8,220,57,155,132,0,7,13
05,8,270,36,124,124,41,8,3
05,8,240,46,136,106,0,3,11
05,8,240,51,118,116,6,8,3
05,8,310,36,97,37,0,6,4
05,8,220,77,167,103,0,2,12
05,8,150,15,197,158,0,6,17
05,8,270,57,190,134,0,0,2
05,8,90,20,88,87,0,6,27
05,8,220,20,151,105,0,4,23
05,8,70,30,160,103,0,5,18
05,8,240,50,145,113,0,8,16
05,8,200,40,144,131,0,8,2
05,8,340,50,75,69,9,8,-5
05,8,230,50,69,26,0,1,10
05,8,190,70,76,25,0,6,18
05,8,210,60,108,80,0,7,1
05,8,210,70,121,78,0,3,12
05,8,210,80,147,97,0,7,2
05,8,210,70,124,77,0,6,14
05,8,220,20,149,93,0,2,24
05,8,350,30,129,123,5,8,0
05,8,70,30,96,93,0,7,25
05,8,80,30,184,141,0,5,22
05,8,140,20,202,166,0,5,13
05,8,200,40,182,158,0,8,0
05,8,220,40,178,143,0,2,7
05,8,990,10,171,146,0,5,6
05,8,230,30,135,117,0,7,18
05,8,280,30,110,105,1,8,7
05,8,50,30,120,56,0,2,6
05,8,60,40,107,30,0,1,9
05,8,100,20,135,54,0,5,15
05,8,360,10,123,70,0,7,13
05,8,340,40,110,69,0,7,1
05,8,360,40,112,51,0,6,3
05,8,990,10,129,86,0,6,12
05,8,70,40,123,80,0,3,14
05,8,100,50,148,39,0,3,8
05,8,330,30,103,103,0,,0
05,8,310,30,116,116,0,,0
05,8,340,50,98,60,0,,6
05,8,350,40,92,40,0,,9
05,8,230,60,91,72,0,,20
05,8,240,70,114,99,-1,8,1
05,8,230,70,129,98,0,7,8
05,8,190,30,169,105,0,4,17
05,8,200,50,189,106,0,,22
05,8,70,40,213,146,0,,23
05,8,90,30,237,147,0,4,29
05,8,990,10,234,152,0,1,30
05,8,80,40,225,156,0,1,17
05,8,90,70,180,92,0,0,16
05,8,90,40,179,80,0,3,17
05,8,50,40,162,85,0,1,21
05,8,70,40,177,75,0,1,11
05,8,70,10,210,120,0,2,12
05,8,340,30,167,103,0,2,19
05,8,350,20,122,98,0,5,25
05,8,300,20,131,90,0,7,4
05,8,320,40,113,43,-1,6,-12
05,8,290,30,110,53,-1,7,4
05,8,240,30,117,112,0,8,-3
05,8,250,30,134,120,0,7,19
05,8,230,40,122,114,1,8,5
05,8,200,40,133,118,-1,8,2
05,8,170,40,164,136,0,7,5
05,8,250,30,164,155,0,8,15
05,8,10,40,170,114,0,6,4
05,8,230,60,170,136,0,7,15
05,8,20,30,90,89,0,,16
05,8,70,40,99,64,0,,27
05,8,70,20,138,91,0,,18
05,8,80,60,131,69,0,7,10
05,8,80,80,134,46,-1,,7
05,8,120,40,122,120,0,8,3
05,8,130,20,118,118,0,8,7
05,8,250,60,132,113,0,,8
05,8,220,50,154,119,0,,13
05,8,190,30,177,122,0,7,2
05,8,220,60,143,126,-1,8,5
05,8,250,50,132,106,0,7,8
05,8,230,60,126,111,-1,7,8
05,8,240,40,131,108,0,6,11
05,8,60,50,113,62,0,3,17
05,8,70,20,99,61,0,3,19
05,8,60,70,129,83,0,4,14
05,8,80,100,144,51,0,5,22
05,8,110,40,168,94,0,5,21
05,8,200,30,159,145,0,4,16
05,8,290,30,139,112,0,6,11
05,8,260,30,120,93,0,,7
05,8,220,50,130,101,0,,18
05,8,240,50,136,119,0,,8
05,8,230,30,152,124,0,6,-1
05,8,210,30,158,85,0,6,16
05,8,70,40,194,98,0,0,17
05,8,250,40,205,155,0,3,7
05,8,110,30,224,145,0,,17
05,8,10,30,207,190,0,,-7
05,8,330,20,133,106,0,5,6
05,8,360,20,128,126,0,8,8
05,8,360,30,100,95,-1,8,7
05,8,350,20,104,99,0,8,7
05,8,10,20,115,107,0,8,12
05,8,70,30,180,124,0,,22
05,8,90,30,195,126,0,,22
05,8,80,30,193,124,0,,21
05,8,40,20,212,171,0,3,12
05,8,60,10,197,159,0,1,13
05,8,80,10,212,170,0,5,18
05,8,50,50,201,110,0,4,11
05,8,70,30,178,120,0,5,23
05,8,80,30,184,95,0,,16
05,8,990,10,206,116,0,,24
05,8,160,10,240,124,0,3,17
05,8,190,20,246,161,0,5,11
05,8,240,80,144,111,0,7,-6
05,8,200,60,115,81,-1,8,10
05,8,220,60,119,100,0,7,-3
05,8,270,40,116,90,0,,-7
05,8,180,20,115,97,-1,8,-6
05,8,310,20,118,107,0,8,8
05,8,220,40,151,119,0,7,15
05,8,260,30,139,134,-1,8,7
05,8,210,70,147,140,-1,8,-2
05,8,190,30,126,87,0,7,10
05,8,220,100,110,58,0,,8
05,8,160,60,121,104,2,,20
05,8,250,40,85,72,4,8,10
05,8,990,10,115,88,0,8,15
05,8,10,10,146,89,0,1,4
05,8,40,60,128,101,0,6,11
05,8,40,60,110,67,0,7,21
05,8,80,10,183,115,0,6,20
05,8,360,30,82,68,0,8,2
05,8,30,70,88,25,0,,13
05,8,40,60,92,37,0,,14
05,8,60,60,128,53,0,3,17
05,8,30,50,118,56,0,4,13
05,8,60,40,163,119,0,0,33
05,8,110,40,194,101,0,1,21
05,8,60,20,213,112,0,1,19
05,8,110,40,196,112,0,,17
05,8,110,40,185,90,0,,21
05,8,240,40,162,118,0,7,16
05,8,200,50,146,110,0,3,12
05,8,210,70,153,107,0,6,30
05,8,200,80,159,102,0,7,-5
05,8,230,50,106,90,2,8,7
05,8,280,50,133,86,0,,8
05,8,20,30,129,68,0,,13
05,8,60,60,131,70,0,4,12
05,8,50,60,131,62,0,6,21
05,8,80,50,177,75,0,1,16
05,8,40,40,196,104,0,,13
05,8,60,30,152,51,0,,21
05,8,210,20,196,97,0,,34
05,8,230,50,156,129,0,,16
05,8,240,50,167,140,0,8,-4
05,8,270,50,178,120,0,7,17
05,8,220,30,187,107,0,2,7
05,8,270,40,155,124,4,2,10
05,8,200,100,117,68,0,2,19
05,8,180,40,117,103,-1,7,8
05,8,320,40,104,66,0,4,10
05,8,350,40,83,69,2,,5
05,8,320,40,76,71,12,,10
05,8,170,20,107,90,0,7,-1
05,8,80,20,121,108,0,1,10
05,8,50,50,121,111,0,8,7
05,8,30,30,140,136,0,,9
05,8,240,40,146,140,0,8,4
05,8,990,10,131,126,0,,14
05,8,340,20,107,100,0,,2
05,8,160,40,158,119,0,3,21
05,8,190,80,119,102,1,7,14
05,8,240,60,146,96,0,6,16
05,8,160,30,186,136,0,4,13
05,8,40,40,185,134,0,6,14
05,8,240,30,149,143,1,,17
05,8,250,40,153,104,0,,10
05,8,170,40,187,126,0,,14
05,8,130,50,192,121,0,7,16
05,8,190,40,186,135,-1,8,-7
05,8,220,40,146,117,0,5,10
05,8,200,70,158,93,0,7,6
05,8,180,40,96,90,42,8,20
05,8,170,70,144,97,0,7,0
05,8,180,50,141,99,0,4,10
05,8,220,30,161,101,0,1,12
05,8,220,70,137,76,0,3,15
05,8,210,50,131,102,0,7,13
05,8,250,50,148,102,0,1,9
05,8,230,100,124,82,0,6,3
05,8,150,40,148,100,0,7,22
05,8,250,100,121,73,0,,9
05,8,160,40,153,83,0,,21
05,8,170,20,179,137,0,,12
05,8,180,20,111,98,-1,8,9
05,8,110,10,127,78,0,5,23
05,8,240,30,156,94,0,1,19
05,8,10,30,121,92,0,7,3
05,8,230,40,123,83,0,,19
05,8,190,30,167,77,0,,13
05,8,230,70,115,83,0,7,12
05,8,250,60,113,73,0,4,14
05,8,230,70,104,81,0,6,-2
05,8,330,20,104,64,0,5,-3
05,8,130,30,123,71,0,4,15
05,8,190,40,136,89,0,,3
05,8,230,80,154,116,0,,0
05,8,200,50,150,121,0,7,-3
05,8,230,90,121,77,0,7,-4
05,8,240,50,121,106,0,7,11
05,8,230,40,134,130,3,8,5
05,8,210,60,122,116,5,8,8
05,8,130,20,135,133,11,,6
05,8,210,80,149,115,0,,-20
05,8,220,20,146,108,0,0,14
05,8,70,30,178,130,0,4,15
05,8,60,40,190,129,0,0,13
05,8,60,40,198,128,0,,18
05,8,40,10,217,162,0,2,26
05,8,350,20,187,156,0,,11
05,8,260,30,150,132,0,,18
05,8,240,40,137,101,0,,13
05,8,210,30,154,91,0,2,19
05,8,220,40,101,54,0,6,12
05,8,190,60,112,67,0,,4
05,8,990,10,116,69,0,6,12
05,8,290,30,97,83,2,8,-1
05,8,70,50,80,76,0,,6
05,8,260,20,134,69,0,,14
05,8,270,20,134,97,0,3,12
05,8,310,30,102,91,0,8,0
05,8,320,40,104,56,0,7,12
05,8,310,30,104,75,0,7,3
05,8,300,10,118,71,0,7,9
05,8,240,30,153,106,0,5,14
05,8,10,30,141,104,0,3,25
05,8,990,10,183,104,0,1,11
05,8,990,10,172,114,0,6,16
05,8,230,50,181,102,0,5,14
05,8,300,20,171,107,0,,17
05,8,30,50,112,80,0,5,13
05,8,20,40,99,14,0,,23
05,8,10,50,105,38,0,,1
05,8,270,30,123,65,0,2,18
05,8,280,20,117,81,0,7,5
05,8,320,30,118,27,0,5,7
05,8,30,20,125,59,0,5,8
05,8,60,20,144,81,0,1,10
05,8,180,40,187,71,0,,13
05,8,180,30,209,80,0,,12
05,8,270,20,124,116,0,,14
05,8,110,50,192,160,0,,25
05,8,10,20,168,146,0,,-2
05,8,80,40,145,145,0,,0
05,8,230,40,122,101,0,,15
05,8,280,40,99,72,0,,2
05,8,280,60,114,67,0,,4
05,8,270,20,92,79,1,,-1
05,8,230,50,70,58,4,,23
05,8,320,40,60,53,27,,24
05,8,290,40,88,44,0,,6
05,8,320,30,87,58,0,,-6
05,8,80,60,101,48,0,,1
05,8,60,60,117,71,0,,14
05,8,30,60,131,65,0,,12
05,8,310,20,83,74,13,,14
05,8,210,20,96,92,0,,19
05,8,10,20,79,15,0,,16
05,8,340,30,87,8,0,,26
05,8,180,50,129,48,0,,15
05,8,150,40,139,127,3,,26
05,8,240,50,165,125,0,,1
05,8,230,60,165,114,0,,4
05,8,250,50,143,89,0,,12
05,8,180,30,133,86,0,,16
05,8,230,70,173,122,0,,13
05,8,160,40,234,140,0,,13
05,8,110,20,231,133,0,,22
05,8,240,50,253,163,0,,10
05,8,60,20,175,96,0,,10
05,8,80,30,120,100,0,,5
05,8,210,50,141,107,0,,17
05,8,170,50,74,30,0,,14
05,8,200,50,124,103,0,,16
05,8,160,40,182,99,0,,19
05,8,110,40,213,111,0,,17
05,8,120,40,189,94,0,,18
05,8,100,40,182,84,0,,20
05,8,120,70,189,46,0,,23
05,8,110,70,196,49,0,,20
05,8,60,40,189,86,0,,22
05,8,70,30,187,91,0,,22
05,8,990,10,205,84,0,,24
05,8,210,20,200,100,0,,21
05,8,230,60,178,108,0,,7
05,8,40,30,119,84,0,,18
05,8,130,40,152,91,0,,11
05,8,260,40,143,106,0,,5
05,8,230,40,143,123,0,,14
05,8,280,50,164,126,0,,2
05,8,220,100,122,108,2,,0
05,8,180,80,120,109,11,,-2
05,8,230,70,135,105,0,,-1
05,8,190,80,154,95,0,,9
05,8,270,40,96,86,8,,-1
05,8,220,80,117,63,0,,7
05,8,200,50,109,95,0,,1
05,8,210,50,126,110,-1,,2
05,8,240,40,144,134,0,,1
05,8,280,50,144,80,0,,3
05,8,280,30,130,90,0,,7
05,8,300,40,105,50,0,,-22
05,8,290,30,101,70,0,,22
05,8,90,50,162,54,0,0,19
05,8,80,40,145,-2,0,0,19
05,8,40,30,138,77,0,0,28
05,8,50,40,187,79,0,0,16
05,8,20,40,131,85,0,0,13
05,8,280,20,117,82,0,2,22
05,8,230,70,135,130,9,8,2
05,8,250,80,126,91,0,7,7
05,8,240,50,112,102,-1,8,9
05,8,230,90,134,121,-1,8,3
05,8,220,110,123,108,2,8,-5
05,8,210,80,120,106,9,8,16
05,8,130,30,161,122,0,6,2
05,8,210,100,157,87,0,7,-4
05,8,290,30,114,62,0,2,12
05,8,210,40,118,113,40,8,15
05,8,90,30,85,79,-1,8,7
05,8,190,30,133,111,0,8,29
05,8,250,50,146,108,0,2,12
05,8,40,30,165,101,0,0,10
05,8,280,20,166,151,0,8,-1
05,8,200,10,183,174,0,8,13
05,8,10,20,164,85,0,0,12
05,8,70,20,202,137,0,0,11
05,8,300,10,173,155,-1,7,10
05,8,360,40,137,127,0,8,2
05,8,240,30,135,130,2,8,1
05,8,250,20,136,105,-1,6,1
05,8,290,40,117,96,0,8,8
05,8,210,50,136,21,0,0,11
05,8,170,50,149,126,0,8,7
05,8,200,60,114,71,0,1,3
05,8,230,30,106,78,0,3,20
05,8,110,20,137,90,0,0,13
05,8,120,40,151,71,0,0,21
05,8,100,40,152,60,0,0,17
05,8,90,30,180,118,0,0,9
05,8,110,20,178,101,0,1,23
05,8,90,30,190,94,0,0,24
05,8,120,30,203,99,0,0,24
05,8,110,30,208,100,0,0,24
05,8,100,40,202,85,0,0,19
05,8,90,30,201,91,0,0,18
05,8,70,40,217,102,0,0,21
05,8,80,30,208,122,0,8,8
05,8,40,20,187,126,0,1,15
05,8,240,30,158,153,1,8,6
05,8,20,30,115,109,-1,8,2
05,8,50,40,116,48,0,5,4
05,8,30,30,126,38,0,4,-9
05,8,50,50,117,48,0,0,16
05,8,60,30,139,78,0,0,16
05,8,110,20,153,82,0,6,32
05,8,80,40,174,93,0,8,23
05,8,80,50,179,112,0,5,16
05,8,80,50,143,130,1,8,18
05,8,50,60,134,122,-1,8,-3
05,8,60,40,173,143,0,0,14
05,8,110,30,189,166,-1,5,22
05,8,330,20,155,142,6,8,6
05,8,280,20,166,161,0,8,-1
05,8,280,30,134,118,0,8,22
05,8,20,10,145,110,0,0,27
05,8,230,30,138,101,0,3,10
05,8,250,30,134,81,0,7,7
05,8,290,20,115,52,0,1,5
05,8,250,40,108,101,-1,8,7
05,8,250,60,107,94,-1,8,2
05,8,220,70,141,101,0,1,7
05,8,250,50,147,83,0,1,11
05,8,170,20,101,58,0,3,16
05,8,80,40,158,61,0,0,16
05,8,40,60,118,74,0,7,8
05,8,60,90,132,48,0,2,11
05,8,80,70,143,63,0,7,19
05,8,110,30,154,91,0,8,24
05,8,190,40,158,142,0,8,8
05,8,190,50,130,78,0,1,18
05,8,150,40,126,111,1,8,7
05,8,220,70,153,89,0,1,-5
05,8,150,40,171,104,0,3,8
05,8,270,20,169,91,0,2,4
05,8,250,20,169,114,0,5,12
05,8,240,40,151,101,0,0,11
05,8,150,30,175,86,0,0,9
05,8,300,30,197,117,0,1,7
05,8,80,40,192,121,0,0,22
05,8,210,80,188,152,0,8,7
05,8,250,60,150,80,0,4,4
05,8,280,50,167,123,0,7,1
05,8,30,40,157,61,0,0,17
05,8,70,40,170,81,0,0,16
05,8,70,70,190,122,0,1,17
05,8,230,60,127,84,0,6,-1
05,8,60,40,91,82,2,8,2
05,8,310,20,71,58,-1,8,7
05,8,20,60,80,22,0,4,19
05,8,40,30,77,36,0,8,0
05,8,30,50,96,28,0,3,22
05,8,360,30,61,45,2,8,7
05,8,190,20,76,66,-1,8,6
05,8,20,20,109,77,0,3,5
05,8,10,30,92,18,0,5,2
05,8,40,30,66,34,0,8,9
05,8,320,40,58,44,-1,8,4
05,8,350,20,76,52,0,8,4
05,8,20,20,84,64,0,8,6
05,8,310,20,104,21,0,2,9
05,8,250,30,127,69,0,8,26
05,8,280,40,129,81,0,7,13
05,8,340,20,107,68,0,1,13
05,8,330,50,123,48,0,1,17
05,8,340,40,144,53,0,0,22
05,8,20,30,159,102,0,0,11
05,8,330,30,137,92,0,2,22
05,8,20,20,145,125,0,7,27
05,8,250,60,214,108,0,0,16
05,8,60,30,153,92,0,6,9
05,8,60,50,100,39,0,8,0
05,8,990,10,120,72,0,1,23
05,8,210,40,143,81,0,0,21
05,8,230,40,155,50,0,1,20
05,8,240,60,147,125,0,8,4
05,8,290,30,131,84,0,7,-2
05,8,50,60,115,17,0,0,17
05,8,50,80,103,23,0,0,22
05,8,50,50,76,-28,0,0,21
05,8,10,30,102,36,0,1,18
05,8,120,20,128,42,0,0,16
05,8,120,20,162,44,0,0,25
05,8,150,40,211,77,0,0,16
05,8,120,50,221,45,0,0,14
05,8,210,20,191,98,0,7,-2
05,8,340,40,167,135,0,7,10
05,8,250,40,168,98,0,0,11
05,8,230,40,156,101,0,3,10
05,8,210,20,146,81,0,0,20
05,8,280,40,136,87,0,7,1
05,8,280,40,117,69,0,7,9
05,8,240,70,135,89,0,8,11
05,8,240,60,130,109,-1,8,2
05,8,230,40,140,104,0,8,6
05,8,330,20,138,118,0,8,-5
05,8,250,30,172,94,0,0,12
05,8,990,10,166,72,0,0,16
05,8,210,40,162,137,-1,7,22
05,8,210,40,155,85,0,0,18
05,8,270,60,147,42,0,3,3
05,8,190,30,161,75,0,0,16
05,8,220,80,194,56,0,8,0
05,8,270,60,125,96,1,8,6
05,8,210,80,139,66,0,1,24
05,8,230,70,151,101,0,8,23
05,8,150,40,219,127,0,0,21
05,8,290,40,135,124,4,8,-2
05,8,140,20,146,125,0,8,11
05,8,340,30,113,111,0,8,12
05,8,190,40,133,98,0,7,1
05,8,240,40,125,94,0,7,16
05,8,30,40,96,63,0,8,0
05,8,50,40,68,37,-1,8,4
05,8,110,20,87,43,0,6,19
05,8,190,50,144,80,0,7,1
05,8,230,60,172,132,0,7,-7
05,8,170,50,183,155,2,7,3
05,8,240,60,176,145,-1,8,0
05,8,340,20,103,57,0,8,3
05,8,80,10,87,23,0,3,10
05,8,210,60,128,29,0,0,14
05,8,290,30,81,59,2,8,14
05,8,300,60,91,37,0,7,3
05,8,190,20,114,28,0,0,9
05,8,140,50,143,65,-1,8,11
05,8,200,30,156,115,0,8,20
05,8,350,20,157,141,-1,7,16
05,8,340,40,182,159,0,1,16
05,8,10,20,209,170,0,0,18
05,8,260,20,180,145,0,0,25
05,8,50,30,216,179,0,0,13
05,8,80,50,193,105,0,0,16
05,8,60,30,193,99,0,0,17
05,8,70,20,215,112,0,0,13
05,8,340,30,202,155,0,0,14
05,8,10,20,145,109,0,1,25
05,8,990,10,157,98,0,2,13
05,8,250,30,177,132,0,6,0
05,8,70,60,102,40,0,0,25
05,8,10,20,102,58,-1,8,30
05,8,20,20,136,80,0,0,15
05,8,260,40,132,63,0,0,21
05,8,200,30,129,80,0,0,18
05,8,100,20,173,83,0,0,25
05,8,70,40,193,116,0,1,24
05,8,190,30,161,129,0,7,24
05,8,250,60,136,86,0,7,13
05,8,240,100,130,62,0,7,2
05,8,210,50,126,85,0,8,-2
05,8,260,50,89,54,0,5,19
05,8,230,70,113,109,5,8,7
05,8,220,70,108,61,0,8,10
05,8,200,60,135,98,-1,7,1
05,8,330,20,97,81,7,8,-1
05,8,290,30,94,91,-1,8,5
05,8,230,40,94,85,-1,8,4
05,8,30,40,131,85,0,0,12
05,8,260,30,109,103,1,8,9
05,8,190,10,127,104,0,7,3
05,8,310,40,83,59,0,8,5
05,8,350,20,63,44,1,8,-5
05,8,190,50,76,33,0,5,26
05,8,350,40,108,64,0,2,9
05,8,300,50,93,75,0,8,5
05,8,280,40,149,76,0,0,9
05,8,100,50,171,86,0,0,15
05,8,260,40,100,92,-1,8,1
05,8,120,40,109,91,0,8,5
05,8,350,40,175,137,0,7,5
05,8,220,20,104,91,0,8,13
05,8,340,30,102,73,0,8,5
05,8,50,60,108,54,0,7,5
05,8,20,20,96,13,0,7,5
05,8,100,30,119,43,0,8,8
05,8,210,50,161,76,0,8,7
05,8,230,70,136,99,0,8,5
05,8,220,70,109,85,0,8,11
05,8,230,80,125,95,-1,8,6
05,8,200,40,99,87,13,8,9
05,8,230,100,109,61,0,8,-3
05,8,230,70,110,87,-1,8,12
05,8,300,20,107,87,0,7,7
05,8,280,40,113,63,0,4,21
05,8,360,20,100,43,0,8,8
05,8,40,20,121,60,0,0,14
05,8,80,40,128,101,0,1,1
05,8,130,20,168,101,0,0,14
05,8,150,20,190,117,0,6,19
05,8,130,40,216,127,0,5,10
05,8,200,10,181,136,0,8,13
05,8,220,60,182,109,0,4,19
05,8,230,40,161,123,0,8,6
05,8,220,60,163,112,0,8,0
05,8,180,20,169,109,0,0,12
05,8,60,50,193,107,0,5,13
05,8,290,20,158,153,11,8,0
05,8,250,30,131,124,6,8,3
05,8,60,40,102,98,2,8,2
05,8,90,40,133,70,0,0,6
05,8,990,10,156,85,0,0,14
05,8,360,30,91,29,0,7,10
05,8,50,30,105,31,0,0,12
05,8,120,50,147,95,0,7,18
05,8,220,60,151,112,0,8,-1
05,8,180,70,199,158,-1,4,15
05,8,210,80,138,71,0,3,-1
05,8,230,90,117,78,0,8,6
05,8,80,10,143,95,0,7,17
05,8,240,90,157,94,0,6,-3
05,8,230,20,130,57,0,0,14
05,8,170,40,189,111,0,7,16
05,8,250,40,171,92,0,7,0
05,8,240,30,142,86,0,0,16
05,8,80,20,100,43,0,8,18
05,8,10,40,109,54,0,0,8
05,8,220,60,106,84,1,8,7
05,8,240,30,138,55,0,6,9
05,8,230,80,124,57,0,8,10
05,8,220,90,117,59,0,7,5
05,8,230,40,102,66,0,4,14
05,8,260,20,141,80,0,1,13
05,8,200,50,167,70,0,7,13
05,8,300,20,160,106,0,8,10
05,8,150,10,140,70,0,1,8
05,8,20,30,133,92,0,7,8
05,8,290,40,131,57,0,5,5
05,8,260,30,138,49,0,8,11
05,8,240,60,141,90,0,8,8
05,8,220,60,136,79,0,5,16
05,8,300,30,80,48,-1,8,8
05,8,180,50,152,80,0,8,11
05,8,10,30,72,33,0,8,4
05,8,230,20,130,51,0,7,15
05,8,300,40,109,61,0,4,3
05,8,130,20,116,35,0,0,15
05,8,140,50,140,14,0,1,13
05,8,120,50,168,87,0,4,12
05,8,110,30,212,97,0,0,18
05,8,110,60,208,72,0,0,15
05,8,100,60,195,93,0,0,14
05,8,110,40,194,110,0,7,8
05,8,120,30,199,134,0,0,16
05,8,80,70,205,110,0,0,12
05,8,10,40,178,93,0,6,14
05,8,330,40,101,13,0,7,7
05,8,290,50,88,19,0,7,20
05,8,320,20,99,28,0,7,6
05,8,230,50,125,76,0,8,22
05,8,200,60,150,78,0,8,8
05,8,240,30,124,103,0,8,11
05,8,210,50,125,118,1,8,8
05,8,200,60,175,141,0,8,17
05,8,230,60,176,143,0,8,4
05,8,290,30,123,118,19,8,1
05,8,320,30,114,73,0,8,8
05,8,220,30,111,92,-1,8,6
05,8,70,20,155,106,0,0,15
05,8,50,30,147,123,0,7,6
05,8,360,20,169,150,0,5,19
05,8,30,30,175,140,0,8,5
05,8,20,30,152,148,58,8,4
05,8,110,50,181,140,0,,-2
05,8,160,20,106,86,3,8,9
05,8,360,30,102,90,-1,8,2
05,8,100,30,90,78,0,8,8
05,8,50,60,102,61,0,7,8
05,8,40,40,78,65,0,8,6
05,8,70,50,124,85,0,0,18
05,8,330,30,128,101,0,8,13
05,8,300,20,85,66,-1,8,7
05,8,20,30,103,20,0,0,7
05,8,60,20,101,25,0,0,19
05,8,110,30,149,55,0,1,25
05,8,190,40,157,140,-1,8,8
05,8,240,50,165,128,0,5,15
05,8,210,40,173,113,0,7,12
05,8,230,40,153,61,0,2,19
05,8,210,40,203,126,0,8,20
05,8,160,40,236,137,0,8,16
05,8,260,20,157,146,12,8,7
05,8,230,70,146,97,0,8,-2
05,8,210,40,132,89,0,4,10
05,8,160,20,162,76,0,8,14
05,8,110,20,196,98,0,0,21
05,8,280,40,211,100,0,8,13
05,8,270,30,178,131,0,8,12
05,8,10,20,168,106,0,0,16
05,8,100,40,201,134,0,0,16
05,8,130,60,245,123,0,0,18
05,8,200,30,201,157,-1,8,8
05,8,60,50,222,163,0,8,17
05,8,260,50,211,164,0,7,-5
05,8,220,30,191,137,0,0,5
05,8,230,80,78,48,0,8,9
05,8,200,60,120,48,0,0,8
05,8,330,30,125,41,0,0,9
05,8,20,20,133,70,0,0,14
05,8,50,40,154,63,0,0,17
05,8,70,30,177,81,0,0,13
05,8,110,30,191,101,0,0,16
05,8,130,30,210,99,0,0,18
05,8,130,30,216,105,0,0,20
05,8,240,40,113,88,-1,8,12
05,8,100,30,134,87,0,2,9
05,8,140,20,191,103,0,8,7
05,8,260,20,140,128,1,8,1
05,8,30,30,143,131,0,8,13
05,8,80,50,203,93,0,0,15
05,8,360,40,177,109,0,8,7
05,8,360,50,120,54,0,6,21
05,8,310,30,105,48,0,8,8
05,8,310,20,104,79,0,8,3
05,8,60,20,171,98,0,0,16
05,8,80,40,192,85,0,8,23
05,8,50,30,201,136,0,8,14
05,8,20,30,165,148,-1,8,6
05,8,50,20,144,113,-1,8,27
05,8,990,10,215,160,0,1,10
05,8,90,30,238,169,0,8,10
05,8,70,40,225,139,0,8,26
05,8,90,30,229,167,0,6,13
05,8,50,20,240,180,0,8,11
05,8,170,20,225,176,0,0,13
05,8,230,40,229,177,0,8,-16
05,8,990,10,100,69,0,8,17
05,8,210,40,109,82,0,6,23
05,8,330,30,98,14,0,7,6
05,8,330,50,79,-1,0,1,-3
05,8,320,30,61,25,-1,8,3
05,8,240,40,79,36,0,8,-1
05,8,150,20,100,40,0,8,-1
05,8,130,30,107,51,0,8,12
05,8,200,50,131,83,0,8,5
05,8,270,40,115,61,0,7,8
05,8,360,40,115,71,0,6,17
05,8,340,30,102,32,0,8,5
05,8,50,40,102,35,0,2,17
05,8,40,40,105,40,0,8,10
05,8,80,50,132,-4,0,0,7
05,8,70,60,118,18,0,8,5
05,8,90,40,112,66,0,8,11
05,8,120,10,135,113,0,8,18
05,8,360,20,185,127,0,8,13
05,8,270,40,128,113,0,8,6
05,8,300,40,113,110,0,8,4
05,8,990,10,137,79,0,1,14
05,8,180,40,183,65,0,7,20
05,8,250,20,192,74,0,8,18
05,8,990,10,143,86,0,8,9
05,8,220,60,162,111,0,8,19
05,8,270,40,154,82,0,8,16
05,8,260,20,132,99,0,8,2
05,8,140,20,133,68,0,1,7
05,8,210,60,149,132,-1,8,6
05,8,230,40,192,126,0,6,16
05,8,220,80,109,75,0,7,4
05,8,240,100,96,50,0,8,-30
05,8,240,30,127,67,0,8,14
05,8,30,40,100,84,0,8,15
05,8,50,50,99,26,0,3,6
05,8,80,20,125,15,0,0,14
05,8,120,10,150,40,0,8,16
05,8,70,30,173,52,0,2,12
05,8,60,40,191,51,0,2,17
05,8,50,10,182,112,0,8,19
05,8,20,80,89,-11,0,4,2
05,8,270,30,86,-7,0,5,10
05,8,290,30,116,7,0,0,12
05,8,40,50,97,-9,0,1,10
05,8,40,40,96,-2,0,0,10
05,8,240,50,141,39,0,7,17
05,8,270,20,150,39,0,1,11
05,8,240,40,162,84,0,8,20
05,8,260,20,173,83,0,4,24
05,8,60,30,181,107,0,7,8
05,8,130,20,202,110,0,7,10
05,8,180,40,217,136,0,8,16
05,8,240,60,146,81,0,8,14
05,8,250,60,146,82,0,7,-6
05,8,310,20,164,112,0,3,13
05,8,990,10,161,95,0,5,16
05,8,340,20,173,132,0,1,22
05,8,40,40,157,66,0,0,11
05,8,50,20,153,80,0,0,17
05,8,90,40,195,53,0,0,14
05,8,70,80,171,30,0,7,17
