06,15,360,62,149,31,0,1,-1
06,15,990,15,176,45,0,7,-2
06,15,260,93,79,79,12,8,-4
06,15,290,57,128,15,0,7,-7
06,15,190,36,150,-3,0,6,5
06,15,220,46,133,114,-1,8,-8
06,15,990,15,141,133,20,7,0
06,15,260,41,151,97,0,7,-3
06,15,250,67,129,116,-1,7,20
06,15,250,87,128,122,10,7,21
06,15,250,67,160,85,0,7,3
06,15,220,108,205,88,0,7,-38
06,15,220,108,155,94,0,7,-24
06,15,240,67,164,79,0,7,-2
06,15,230,93,179,119,0,7,-10
06,15,320,26,129,103,-1,7,9
06,15,30,36,167,56,0,5,-23
06,15,200,41,114,108,2,7,23
06,15,220,57,111,88,2,8,10
06,15,70,26,118,113,2,8,-3
06,15,220,82,207,141,0,7,-9
06,15,200,51,178,129,0,7,0
06,15,230,57,198,128,0,7,-5
06,15,260,41,183,142,0,7,-9
06,15,240,82,217,179,0,6,3
06,15,250,77,185,106,0,4,2
06,15,240,62,105,105,8,8,1
06,15,320,57,139,95,0,7,1
06,15,290,36,155,80,0,7,2
06,15,250,57,190,141,0,8,-6
06,15,230,46,207,150,0,7,-26
06,15,70,51,199,171,5,7,2
06,15,990,15,213,108,0,3,-11
06,15,300,46,129,118,3,7,7
06,15,300,21,161,111,0,8,0
06,15,240,51,137,124,-1,8,0
06,15,260,21,201,113,0,4,-2
06,15,270,21,146,141,22,8,4
06,15,50,21,205,139,0,3,0
06,15,40,62,218,126,0,7,5
06,15,50,62,171,90,0,7,-2
06,15,50,51,179,100,-1,7,-4
06,15,40,41,215,118,0,5,6
06,15,270,26,242,137,0,4,0
06,15,110,21,254,97,0,2,2
06,15,40,67,197,139,0,7,5
06,15,20,67,205,100,0,1,7
06,15,340,36,125,88,0,8,5
06,15,70,41,158,54,0,6,-4
06,15,40,62,223,149,0,7,1
06,15,240,36,141,128,0,7,7
06,15,80,26,197,117,0,5,3
06,15,360,57,214,131,0,2,0
06,15,40,36,194,138,0,8,2
06,15,990,10,197,149,0,7,-2
06,15,40,26,221,121,0,3,5
06,15,990,15,254,93,0,1,-3
06,15,60,36,268,96,0,1,-4
06,15,100,21,281,112,0,1,-6
06,15,180,62,280,143,0,4,-7
06,15,990,5,214,123,0,6,-6
06,15,240,62,152,144,8,8,4
06,15,300,31,148,138,-1,8,-7
06,15,990,15,196,138,0,7,-5
06,15,50,31,254,157,0,2,-3
06,15,10,36,272,165,0,3,-3
06,15,350,21,255,113,0,2,-7
06,15,50,31,268,135,0,3,-1
06,15,80,41,303,103,0,0,0
06,15,170,36,287,138,0,5,-1
06,15,200,82,202,92,0,5,7
06,15,210,77,151,90,-1,7,-9
06,15,240,26,176,114,0,8,-4
06,15,190,26,128,117,5,7,2
06,15,10,26,185,73,0,3,8
06,15,220,72,152,125,0,7,-1
06,15,240,36,179,115,0,7,-18
06,15,230,77,222,133,0,7,-3
06,15,250,57,215,134,0,5,0
06,15,350,21,213,86,0,4,-2
06,15,340,46,195,76,0,4,1
06,15,30,51,211,97,0,6,2
06,15,280,41,175,92,0,6,-8
06,15,280,36,178,63,0,6,-4
06,15,300,26,203,35,0,7,-2
06,15,260,57,185,111,0,7,1
06,15,300,77,206,92,0,5,-4
06,15,70,21,183,77,0,7,5
06,15,80,62,254,75,0,1,4
06,15,40,51,278,60,0,0,-3
06,15,210,31,266,73,0,5,9
06,15,240,31,172,167,-1,8,7
06,15,250,87,112,96,28,7,37
06,15,210,87,122,92,2,8,-4
06,15,290,82,149,36,0,4,-12
06,15,220,62,137,121,2,8,-2
06,15,260,51,187,133,0,2,2
06,15,360,46,189,128,0,7,2
06,15,240,77,132,64,0,7,0
06,15,340,93,141,70,0,2,-12
06,15,30,46,137,69,0,6,3
06,15,40,46,182,97,0,7,3
06,15,40,46,183,96,0,3,4
06,15,330,51,218,116,0,1,7
06,15,260,46,193,104,0,4,1
06,15,330,51,159,113,-1,7,-4
06,15,990,15,177,133,0,6,10
06,15,250,93,240,106,0,7,-2
06,15,250,77,233,122,0,2,-1
06,15,280,41,208,148,0,7,-4
06,15,220,67,198,126,-1,8,3
06,15,270,72,207,122,0,3,0
06,15,990,10,213,84,0,1,2
06,15,80,82,279,144,0,1,0
06,15,250,46,229,176,0,7,9
06,15,330,41,252,179,0,7,-7
06,15,300,21,257,80,0,4,-2
06,15,70,21,295,179,0,1,2
06,15,300,57,245,144,0,4,-7
06,15,50,41,238,85,0,2,0
06,15,320,46,167,89,0,6,6
06,15,350,36,154,94,0,7,7
06,15,240,46,176,104,0,7,-20
06,15,220,41,171,123,0,7,-41
06,15,320,46,159,125,0,6,0
06,15,330,26,159,89,0,7,2
06,15,280,77,134,133,26,8,-12
06,15,290,57,148,53,0,5,-7
06,15,240,82,102,85,-1,8,-12
06,15,240,57,121,93,-1,7,-12
06,15,200,21,134,92,0,8,0
06,15,350,62,138,100,0,7,-6
06,15,350,46,154,112,0,7,6
06,15,260,46,140,109,0,7,0
06,15,220,67,116,104,1,8,-1
06,15,260,57,145,108,0,7,-10
06,15,240,98,144,109,0,8,-7
06,15,260,41,191,137,0,5,-3
06,15,240,36,218,137,0,1,1
06,15,240,26,251,171,0,6,8
06,15,320,72,203,153,0,6,1
06,15,350,77,165,63,0,3,-2
06,15,360,51,180,97,0,7,-8
06,15,60,36,182,111,0,5,8
06,15,30,51,241,142,0,4,-2
06,15,20,51,261,142,0,1,2
06,15,50,62,276,161,0,1,-2
06,15,50,62,280,153,0,1,-2
06,15,40,41,276,110,0,1,-1
06,15,180,21,291,123,0,0,1
06,15,240,77,170,69,0,5,1
06,15,50,31,188,76,0,6,-14
06,15,220,31,215,76,0,4,-8
06,15,310,26,231,94,0,1,3
06,15,80,67,279,98,0,0,-3
06,15,250,41,301,152,0,1,-5
06,15,220,36,340,141,0,2,-18
06,15,220,82,308,151,0,4,-80
06,15,260,46,193,138,0,3,5
06,15,200,31,276,131,0,2,3
06,15,230,41,276,180,0,1,3
06,15,310,62,206,105,0,5,-7
06,15,330,41,195,46,0,4,0
06,15,30,57,171,69,0,5,2
06,15,50,51,213,14,0,1,5
06,15,30,46,221,85,0,4,6
06,15,240,36,257,83,0,2,-1
06,15,330,51,212,92,0,7,4
06,15,280,57,150,73,0,7,3
06,15,260,31,98,88,9,8,2
06,15,280,41,151,19,0,7,-3
06,15,330,77,140,90,0,7,-7
06,15,320,46,148,80,0,7,-5
06,15,270,31,120,101,-1,8,4
06,15,310,26,156,90,0,8,-4
06,15,230,31,216,98,0,2,-3
06,15,990,15,177,146,0,8,-4
06,15,210,67,221,139,0,3,-7
06,15,260,51,137,73,-1,8,-25
06,15,240,87,147,119,-1,7,6
06,15,60,80,169,59,0,7,8
06,15,70,50,195,81,0,3,10
06,15,60,20,222,60,0,1,-2
06,15,990,10,239,33,0,1,2
06,15,80,70,246,92,0,5,-3
06,15,990,10,262,145,0,6,-10
06,15,230,50,222,161,-1,7,9
06,15,250,50,222,131,0,4,2
06,15,230,30,223,101,0,1,3
06,15,80,80,259,136,0,5,-2
06,15,990,10,213,189,-1,8,7
06,15,240,40,204,137,0,7,3
06,15,260,50,200,159,1,5,14
06,15,260,40,179,145,11,7,6
06,15,280,40,150,121,-1,8,18
06,15,50,40,188,82,0,6,-3
06,15,50,20,174,87,-1,7,-3
06,15,340,20,180,66,0,5,-7
06,15,110,20,195,103,0,7,3
06,15,230,80,175,85,0,7,2
06,15,250,70,158,112,-1,7,14
06,15,230,90,185,93,0,5,3
06,15,280,70,140,99,0,7,0
06,15,260,30,151,104,0,7,0
06,15,180,40,167,92,0,8,-36
06,15,180,30,156,132,3,7,8
06,15,170,20,147,120,8,5,9
06,15,200,60,204,96,0,3,3
06,15,250,20,165,159,60,8,-3
06,15,270,40,166,140,0,8,-7
06,15,250,20,198,94,0,5,0
06,15,210,80,216,167,0,7,-36
06,15,210,90,210,114,0,3,-7
06,15,240,20,197,113,0,4,0
06,15,60,60,205,165,0,5,7
06,15,100,40,270,219,0,6,11
06,15,250,50,158,144,11,8,1
06,15,220,80,186,106,0,6,-2
06,15,220,90,196,161,0,7,0
06,15,300,40,178,106,0,6,-5
06,15,250,30,161,121,8,6,8
06,15,320,60,130,73,1,7,4
06,15,190,30,181,64,0,5,-16
06,15,230,50,133,114,20,7,4
06,15,250,40,182,108,0,4,6
06,15,280,70,161,107,0,7,-7
06,15,280,40,125,116,7,8,10
06,15,250,50,182,119,-1,8,-2
06,15,260,20,232,170,0,4,-4
06,15,80,20,279,161,0,6,2
06,15,250,60,310,202,0,6,-14
06,15,270,50,196,120,0,4,-8
06,15,250,70,186,117,-1,8,-5
06,15,990,10,244,157,0,6,2
06,15,270,50,185,140,0,7,10
06,15,210,50,207,137,0,7,9
06,15,220,70,212,122,0,8,-5
06,15,240,80,184,109,0,7,6
06,15,250,60,183,114,0,7,-1
06,15,230,60,152,147,4,8,1
06,15,80,20,227,134,0,7,-21
06,15,210,90,236,99,0,7,-23
06,15,200,70,210,97,0,7,-12
06,15,210,80,167,113,0,7,-7
06,15,200,60,160,96,0,6,0
06,15,250,80,139,87,1,6,2
06,15,160,50,148,128,15,7,19
06,15,250,70,164,46,0,3,3
06,15,250,60,178,67,0,6,-4
06,15,340,50,184,98,0,5,7
06,15,250,40,127,103,0,8,1
06,15,60,20,183,88,0,4,5
06,15,110,50,204,122,0,6,0
06,15,60,20,221,118,-1,6,4
06,15,70,20,241,120,0,2,-8
06,15,990,10,246,116,0,3,-5
06,15,300,60,240,139,0,5,-17
06,15,360,30,165,68,0,6,14
06,15,990,10,220,80,0,2,-2
06,15,220,80,152,146,14,8,1
06,15,300,20,137,93,0,7,-29
06,15,300,40,161,76,0,6,-1
06,15,60,30,180,68,0,7,3
06,15,340,20,196,86,0,6,-5
06,15,60,40,208,81,0,0,0
06,15,40,30,246,109,0,5,0
06,15,220,40,195,157,2,8,-2
06,15,270,40,137,113,18,7,39
06,15,210,60,202,167,-1,6,-8
06,15,280,30,177,160,2,7,20
06,15,220,80,233,128,0,3,-7
06,15,270,40,250,167,0,1,-1
06,15,20,40,274,174,0,7,-41
06,15,280,20,215,143,0,5,4
06,15,350,60,125,120,35,8,-3
06,15,260,60,179,82,0,6,-12
06,15,300,50,167,62,0,5,-3
06,15,90,60,226,99,0,0,-1
06,15,200,80,295,139,0,1,-3
06,15,270,30,196,143,0,8,1
06,15,290,40,202,112,0,3,1
06,15,250,50,225,131,0,5,0
06,15,260,30,258,148,0,1,1
06,15,250,60,210,153,0,7,0
06,15,290,60,194,122,-1,3,0
06,15,320,40,180,51,0,4,3
06,15,990,10,211,43,0,1,0
06,15,70,20,296,118,0,0,-1
06,15,260,50,321,142,0,1,0
06,15,230,80,322,123,0,1,-4
06,15,290,70,230,162,0,7,-31
06,15,240,90,209,86,0,5,-3
06,15,230,60,174,110,0,7,5
06,15,300,50,119,99,-1,7,-2
06,15,250,40,152,113,1,7,5
06,15,330,40,161,46,0,5,0
06,15,340,30,179,55,0,6,-1
06,15,310,30,177,54,0,5,-7
06,15,290,40,153,79,0,7,-2
06,15,990,10,183,122,0,7,8
06,15,250,70,159,69,0,7,-11
06,15,290,70,121,111,10,8,-12
06,15,300,70,126,50,0,4,-11
06,15,260,40,136,72,0,8,2
06,15,230,60,217,70,0,7,-4
06,15,230,60,194,110,1,7,-3
06,15,260,60,159,91,0,7,-4
06,15,340,20,159,56,0,7,1
06,15,40,30,167,33,0,5,4
06,15,130,20,130,69,-1,6,15
06,15,280,50,165,45,0,4,3
06,15,240,40,179,79,0,7,1
06,15,320,40,192,102,0,8,-1
06,15,990,10,219,91,0,5,-1
06,15,220,80,206,110,0,8,-20
06,15,190,50,214,127,0,6,-69
06,15,270,30,149,139,5,8,-8
06,15,320,70,134,102,0,7,4
06,15,310,20,177,60,0,2,7
06,15,240,50,222,93,0,6,1
06,15,270,60,196,72,0,3,-8
06,15,290,60,175,98,0,7,-1
06,15,990,10,203,88,0,2,0
06,15,210,20,249,125,0,6,1
06,15,10,40,261,83,0,3,-2
06,15,50,20,305,148,0,3,1
06,15,260,60,203,163,-1,8,-7
06,15,240,60,225,108,0,2,0
06,15,240,30,246,151,0,6,-2
06,15,190,30,214,182,-1,7,16
06,15,50,40,204,52,0,0,1
06,15,80,70,236,65,0,7,3
06,15,240,40,226,131,0,8,-3
06,15,170,30,255,125,0,3,1
06,15,80,80,187,167,10,8,-11
06,15,260,20,210,111,0,6,0
06,15,240,50,164,109,0,8,-8
06,15,210,40,194,96,0,7,-4
06,15,220,40,207,86,0,7,-8
06,15,230,80,160,87,-1,7,-34
06,15,220,70,175,116,-1,7,-16
06,15,210,90,190,141,0,7,-35
06,15,250,70,176,139,-1,7,-16
06,15,180,40,250,152,0,3,2
06,15,250,50,202,120,0,7,-5
06,15,240,40,247,153,0,6,7
06,15,260,20,313,198,0,6,-4
06,15,240,80,326,182,0,4,-63
06,15,300,20,231,139,0,6,-5
06,15,260,40,182,158,0,8,3
06,15,260,50,214,129,0,5,3
06,15,250,60,249,158,0,6,-5
06,15,270,30,203,97,0,5,2
06,15,300,50,208,66,0,2,-6
06,15,330,30,221,92,0,2,2
06,15,250,50,237,113,0,1,-3
06,15,260,60,189,77,0,6,-11
06,15,300,70,154,77,0,7,-7
06,15,250,60,194,65,0,4,-4
06,15,250,70,187,98,0,7,-1
06,15,60,30,273,158,0,0,0
06,15,240,60,195,164,-1,8,-7
06,15,270,20,249,178,0,8,-15
06,15,210,90,273,185,0,5,-1
06,15,250,30,203,160,0,3,0
06,15,270,30,239,149,0,4,7
06,15,240,40,272,163,0,0,0
06,15,990,10,210,193,16,6,-11
06,15,270,20,211,99,0,0,-3
06,15,250,30,229,203,4,7,-11
06,15,270,40,233,139,0,1,1
06,15,350,20,251,140,0,7,12
06,15,340,30,238,78,0,0,1
06,15,50,30,215,140,0,3,-3
06,15,10,40,233,132,0,2,-2
06,15,60,30,237,93,0,0,-1
06,15,270,30,265,124,0,6,-10
06,15,240,50,222,163,-1,3,5
06,15,230,70,192,158,0,8,1
06,15,290,60,194,75,0,1,-5
06,15,250,30,211,97,0,4,-4
06,15,990,10,253,141,0,8,-7
06,15,260,100,245,152,0,1,-9
06,15,280,40,219,114,0,2,3
06,15,30,40,224,120,0,1,3
06,15,40,50,253,135,0,1,-2
06,15,240,40,251,154,0,3,-11
06,15,240,40,221,140,0,3,4
06,15,350,30,248,105,0,0,3
06,15,110,40,196,181,0,8,6
06,15,80,20,217,79,0,3,1
06,15,340,60,145,135,4,8,-8
06,15,320,40,183,112,0,4,1
06,15,240,40,157,135,0,8,5
06,15,10,40,163,98,0,8,1
06,15,990,10,196,105,0,0,9
06,15,240,40,253,125,0,0,6
06,15,250,40,296,115,0,0,0
06,15,290,50,285,174,0,0,-9
06,15,170,20,193,171,1,8,3
06,15,240,60,169,140,0,8,-6
06,15,290,70,177,89,-1,7,-22
06,15,350,40,159,97,0,7,8
06,15,240,30,214,128,0,7,5
06,15,300,60,242,157,0,7,-18
06,15,340,30,189,75,0,7,-5
06,15,260,80,196,105,0,7,-5
06,15,250,40,151,119,1,8,-5
06,15,320,20,145,68,13,0,0
06,15,200,30,142,87,-1,7,-5
06,15,230,60,173,89,0,6,-19
06,15,170,30,173,129,0,8,11
06,15,220,130,194,131,-1,4,-4
06,15,230,120,182,49,0,6,4
06,15,300,50,172,71,0,8,10
06,15,230,20,203,91,0,8,-1
06,15,260,80,245,139,0,1,-11
06,15,250,50,209,73,0,5,-2
06,15,260,40,205,98,0,7,4
06,15,200,30,236,118,0,8,3
06,15,990,10,192,45,0,0,-2
06,15,240,50,215,122,0,6,-7
06,15,210,70,249,112,0,8,-43
06,15,260,40,138,115,15,8,21
06,15,240,60,163,103,-1,8,-23
06,15,350,60,148,82,0,8,-2
06,15,330,50,132,27,0,7,4
06,15,40,40,156,41,0,3,5
06,15,40,30,180,37,0,7,3
06,15,990,10,192,63,0,8,0
06,15,290,40,135,45,0,8,-2
06,15,240,60,165,29,0,8,10
06,15,240,40,179,30,0,1,2
06,15,240,50,226,43,0,1,-6
06,15,230,70,258,85,0,8,-12
06,15,250,60,239,91,0,7,-7
06,15,250,40,225,167,0,8,-3
06,15,30,40,257,124,0,0,0
06,15,70,40,303,103,0,0,-1
06,15,80,30,329,129,0,0,2
06,15,320,50,280,138,0,1,-4
06,15,80,30,255,110,0,0,-1
06,15,70,30,307,137,0,0,0
06,15,230,20,327,147,0,0,-8
06,15,60,30,240,182,0,6,-3
06,15,30,30,235,139,0,1,0
06,15,70,30,272,114,0,0,0
06,15,40,60,270,100,0,0,-5
06,15,30,30,235,180,-1,8,-6
06,15,310,50,202,154,0,8,-5
06,15,300,30,97,75,2,7,17
06,15,20,10,150,76,0,7,-7
06,15,310,30,180,103,0,8,-1
06,15,330,50,177,72,0,3,-13
06,15,350,50,167,64,0,2,3
06,15,320,30,184,61,0,1,-1
06,15,990,10,195,73,0,7,-2
06,15,90,20,232,93,0,0,-6
06,15,40,50,252,99,0,0,-2
06,15,100,60,272,106,0,0,-3
06,15,100,60,289,142,0,0,-7
06,15,200,30,307,85,0,0,-4
06,15,240,30,311,137,0,2,-5
06,15,360,40,234,171,0,6,-8
06,15,300,30,161,140,0,8,-3
06,15,270,30,176,90,0,8,-1
06,15,10,20,228,124,0,0,0
06,15,990,10,287,155,0,0,-11
06,15,240,20,236,207,-1,8,-2
06,15,250,40,240,151,0,4,-16
06,15,230,60,186,120,0,8,1
06,15,230,60,163,89,0,8,2
06,15,260,20,208,86,0,7,-1
06,15,990,10,255,125,0,2,-1
06,15,350,20,221,185,4,8,-6
06,15,250,50,222,148,0,1,-9
06,15,300,20,174,129,0,8,7
06,15,80,30,211,119,0,4,-1
06,15,50,30,238,129,0,4,-6
06,15,990,10,269,138,0,1,-9
06,15,40,10,188,97,0,8,-7
06,15,40,60,216,132,0,7,-8
06,15,50,40,221,162,0,3,-4
06,15,30,40,230,143,0,5,-4
06,15,30,50,242,149,0,0,-11
06,15,30,60,239,152,0,6,-5
06,15,60,50,274,177,0,1,-5
06,15,230,50,224,161,-1,8,-37
06,15,280,30,209,171,0,6,7
06,15,90,20,216,171,0,6,9
06,15,990,10,259,169,0,6,-6
06,15,270,30,176,146,0,8,16
06,15,260,40,230,133,0,0,-5
06,15,180,40,175,157,178,8,22
06,15,240,50,202,134,0,7,5
06,15,200,60,171,143,8,7,-14
06,15,220,30,222,109,0,1,4
06,15,230,30,219,160,0,6,-16
06,15,70,50,262,178,0,0,1
06,15,270,30,233,157,0,2,1
06,15,80,20,171,143,-1,8,-1
06,15,210,50,184,135,-1,8,9
06,15,240,30,168,157,35,8,13
06,15,200,50,198,131,0,8,10
06,15,200,80,177,127,0,6,10
06,15,270,60,128,95,-1,8,7
06,15,240,60,167,74,0,8,-18
06,15,260,50,177,72,0,6,4
06,15,210,100,163,125,0,8,0
06,15,230,40,203,148,0,8,-3
06,15,180,20,233,134,0,8,10
06,15,70,50,274,167,0,7,-17
06,15,210,60,216,131,0,8,16
06,15,270,30,196,154,0,4,3
06,15,280,20,164,156,0,8,-4
06,15,240,50,168,149,0,8,-9
06,15,250,30,159,136,-1,8,-2
06,15,290,30,218,163,0,0,10
06,15,250,50,269,98,0,1,-3
06,15,290,50,242,144,0,1,-7
06,15,290,50,178,79,0,2,-1
06,15,360,50,110,97,12,8,-7
06,15,300,40,140,76,0,8,-11
06,15,290,30,134,87,0,8,-8
06,15,300,20,113,96,7,8,5
06,15,330,20,175,60,0,4,-1
06,15,280,20,205,62,0,0,7
06,15,230,60,223,102,0,2,-7
06,15,220,90,191,136,0,8,-13
06,15,260,30,188,88,0,8,-3
06,15,280,30,228,151,0,3,3
06,15,240,70,262,181,0,8,-16
06,15,270,20,215,84,0,1,2
06,15,40,40,237,133,0,0,0
06,15,250,60,221,146,0,6,7
06,15,240,50,220,110,0,1,-6
06,15,250,50,205,120,0,3,-6
06,15,240,50,212,152,0,7,9
06,15,250,60,209,125,0,2,-2
06,15,230,40,217,95,0,0,0
06,15,30,70,233,130,-1,5,-40
06,15,350,50,234,92,0,0,-3
06,15,330,50,172,51,0,3,-14
06,15,270,30,129,39,0,8,-3
06,15,190,20,141,49,0,8,0
06,15,70,60,105,85,-1,8,-3
06,15,240,40,140,116,1,8,12
06,15,170,30,186,75,0,8,-5
06,15,210,90,179,123,-1,8,-2
06,15,210,70,177,106,0,8,-2
06,15,270,20,131,120,10,8,9
06,15,300,40,192,81,0,4,-3
06,15,290,30,215,105,0,4,5
06,15,80,20,175,163,9,8,13
06,15,50,30,141,122,7,8,-2
06,15,310,40,176,110,0,8,16
06,15,170,30,232,108,0,0,-3
06,15,250,50,226,108,0,0,-5
06,15,310,50,174,76,0,2,9
06,15,320,40,153,76,0,8,2
06,15,340,50,173,66,0,7,-7
06,15,360,30,166,87,0,8,11
06,15,20,60,218,116,0,4,-5
06,15,70,80,244,82,0,0,-2
06,15,60,60,256,152,0,1,4
06,15,50,30,261,144,0,5,-4
06,15,290,20,210,174,2,8,-1
06,15,310,20,244,181,0,0,-3
06,15,990,10,265,155,0,4,-5
06,15,80,20,270,164,0,6,-7
06,15,310,20,160,105,0,8,-3
06,15,350,50,211,92,0,2,-5
06,15,50,50,227,100,0,0,-3
06,15,100,30,240,102,0,0,1
06,15,90,20,264,74,0,0,0
06,15,210,30,220,173,0,8,10
06,15,240,40,196,109,0,5,7
06,15,180,70,217,139,0,7,-8
06,15,90,30,191,161,0,6,5
06,15,80,20,218,171,0,8,-2
06,15,260,50,244,133,0,2,-6
06,15,190,40,161,132,0,8,7
06,15,330,10,174,78,0,8,-4
06,15,60,40,232,111,0,6,-5
06,15,10,60,186,71,0,0,-5
06,15,40,90,218,74,0,0,1
06,15,70,50,221,61,0,8,6
06,15,350,60,163,110,-1,8,-10
06,15,290,20,136,75,0,8,6
06,15,310,40,143,75,0,8,-5
06,15,10,50,197,72,0,6,-13
06,15,340,20,209,48,0,0,3
06,15,20,30,247,76,0,0,-3
06,15,270,20,272,110,0,1,-3
06,15,360,40,244,111,0,1,3
06,15,40,30,254,108,0,1,2
06,15,990,10,285,113,0,0,-2
06,15,310,30,289,119,0,1,1
06,15,210,50,263,124,0,5,-5
06,15,280,40,279,126,0,1,1
06,15,20,50,189,12,0,0,3
06,15,30,80,231,-1,0,0,-2
06,15,50,90,251,99,0,6,8
06,15,50,70,285,115,0,4,11
06,15,40,10,223,172,1,8,2
06,15,230,40,227,143,0,8,-2
06,15,70,30,215,136,0,1,-2
06,15,240,50,180,51,0,1,3
06,15,230,40,175,53,0,8,8
06,15,350,10,174,94,0,8,-37
06,15,240,50,166,70,0,7,0
06,15,200,20,181,55,0,8,1
06,15,210,50,200,136,0,8,6
06,15,310,30,209,119,0,7,7
06,15,250,50,230,141,0,2,3
06,15,200,30,191,144,2,1,-57
06,15,180,40,183,59,-1,7,-6
06,15,240,80,149,94,-1,8,6
06,15,240,70,147,93,0,8,14
06,15,160,10,154,142,6,8,5
06,15,240,60,209,154,0,8,1
06,15,230,80,162,112,0,8,15
06,15,260,60,179,71,0,7,-51
06,15,200,50,149,105,0,2,-23
06,15,210,50,143,136,1,8,11
06,15,30,30,237,172,0,0,0
06,15,990,10,315,152,0,0,1
06,15,100,40,335,208,0,0,-7
06,15,290,40,182,116,0,8,7
06,15,340,30,184,97,2,4,-18
06,15,340,30,177,109,0,8,-3
06,15,350,20,182,59,0,4,-1
06,15,340,30,106,103,2,8,-5
06,15,270,50,123,114,4,8,-41
06,15,230,30,155,37,0,4,0
06,15,240,60,182,108,0,5,-9
06,15,180,30,208,142,3,8,0
06,15,230,100,203,91,0,1,-15
06,15,240,90,169,66,0,1,-5
06,15,990,10,189,67,0,7,-5
06,15,250,30,145,128,1,8,9
06,15,330,40,178,129,0,7,-6
06,15,220,30,139,85,0,8,-7
06,15,20,20,176,60,0,3,11
06,15,220,80,194,127,0,8,-1
06,15,210,80,161,130,-1,8,-2
06,15,260,40,203,105,0,1,2
06,15,280,30,177,134,0,8,5
06,15,40,30,182,126,0,8,1
06,15,320,20,204,157,0,7,-1
06,15,110,40,231,173,0,8,1
06,15,230,70,191,96,0,8,-9
06,15,260,60,185,73,0,2,8
06,15,230,80,144,133,3,8,0
06,15,300,50,180,101,0,7,2
06,15,360,20,218,103,0,1,5
06,15,270,40,229,176,-1,7,2
06,15,170,40,295,181,0,7,0
06,15,200,60,204,172,-1,7,-1
06,15,240,40,243,133,0,2,-2
06,15,360,30,147,100,0,6,16
06,15,350,60,171,48,0,3,-10
06,15,350,40,151,57,0,6,9
06,15,50,40,178,88,0,3,6
06,15,50,30,231,77,0,1,-9
06,15,40,40,252,119,0,0,-3
06,15,70,50,254,108,0,0,-3
06,15,30,50,230,134,0,1,-3
06,15,10,40,176,102,0,8,-3
06,15,310,20,173,82,0,4,8
06,15,230,20,220,107,0,5,-16
06,15,210,80,211,147,0,8,-1
06,15,240,60,149,132,7,8,-18
06,15,180,20,173,84,0,7,2
06,15,250,70,187,52,0,1,2
06,15,260,20,185,97,-1,8,2
06,15,20,40,217,168,1,6,9
06,15,40,30,292,186,0,2,0
06,15,350,40,253,210,0,8,7
06,15,60,40,236,167,0,0,4
06,15,220,60,168,153,-1,8,12
06,15,210,100,182,110,0,8,-3
06,15,220,110,164,115,0,4,0
06,15,270,30,137,93,0,8,2
06,15,10,50,151,77,0,8,10
06,15,310,30,149,68,0,8,9
06,15,270,20,149,79,0,7,-5
06,15,230,50,158,120,-1,8,3
06,15,340,50,180,102,0,6,-1
06,15,230,50,204,131,0,8,0
06,15,290,30,185,54,0,7,-5
06,15,280,20,209,56,0,5,-5
06,15,200,20,210,89,0,5,3
06,15,170,70,180,122,-1,8,2
06,15,230,80,174,85,0,3,-8
06,15,30,40,248,121,0,0,-1
06,15,260,30,269,178,0,6,-1
06,15,60,40,266,185,0,8,0
06,15,40,20,289,158,0,0,0
06,15,310,60,242,180,0,7,3
06,15,330,30,223,119,0,6,1
06,15,30,30,217,110,0,2,0
06,15,360,40,212,113,0,8,-3
06,15,30,40,167,98,0,8,4
06,15,60,30,201,104,0,7,-13
06,15,350,40,162,121,0,8,-9
06,15,340,30,193,132,0,8,-2
06,15,40,30,200,112,0,5,6
06,15,310,40,187,105,0,8,-8
06,15,290,20,163,84,0,7,-4
06,15,310,20,196,103,0,6,0
06,15,350,30,203,81,0,8,-2
06,15,60,30,201,91,0,3,7
06,15,340,30,211,113,-1,7,7
06,15,40,50,185,55,0,8,7
06,15,990,10,212,70,0,5,5
06,15,990,10,217,129,0,7,0
06,15,160,30,159,144,4,8,-7
06,15,230,40,137,124,8,8,10
06,15,320,40,168,83,0,8,12
06,15,240,40,163,47,0,3,7
06,15,220,100,190,124,0,8,7
06,15,300,40,180,77,0,2,6
06,15,60,50,233,98,0,0,3
06,15,160,50,328,131,0,0,1
06,15,250,50,204,74,0,0,2
06,15,340,50,208,62,0,1,-5
06,15,20,70,174,42,0,3,-5
06,15,30,60,169,46,0,6,-13
06,15,70,40,219,62,0,,0
06,15,60,60,256,88,0,0,-4
06,15,120,30,240,195,22,6,-13
06,15,250,50,223,114,0,4,1
06,15,330,20,227,103,0,7,-4
06,15,10,40,197,77,0,3,-5
06,15,30,50,177,49,0,5,-17
06,15,250,50,211,96,0,7,6
06,15,300,60,184,80,0,1,-22
06,15,300,20,139,103,-1,8,-1
06,15,270,20,162,53,0,3,-5
06,15,240,50,216,99,0,2,-9
06,15,230,50,120,111,5,8,0
06,15,290,50,154,107,-1,7,8
06,15,190,30,207,112,0,1,-2
06,15,240,40,234,107,0,5,-1
06,15,230,40,257,145,0,8,-6
06,15,310,60,220,98,0,6,-6
06,15,180,10,246,116,0,7,6
06,15,280,30,248,125,0,2,-6
06,15,80,40,284,104,0,0,0
06,15,270,30,159,156,2,8,0
06,15,330,40,235,167,0,4,-36
06,15,360,30,186,165,1,8,-5
06,15,270,30,173,155,-1,7,11
06,15,40,30,261,176,0,1,-8
06,15,10,30,234,174,0,8,6
06,15,310,40,184,160,14,8,5
06,15,330,50,225,143,0,,-4
06,15,360,30,209,101,0,2,1
06,15,360,20,203,103,0,8,9
06,15,50,30,210,122,0,4,-30
06,15,150,20,180,148,0,7,-14
06,15,250,30,152,137,37,8,4
06,15,240,70,187,116,0,5,-7
06,15,250,20,167,116,0,7,-17
06,15,90,40,158,113,-1,8,-14
06,15,150,20,167,124,40,3,17
06,15,240,40,150,129,-1,7,-11
06,15,350,20,189,86,0,7,1
06,15,180,60,158,139,12,8,-3
06,15,200,50,201,157,0,8,0
06,15,180,30,242,174,0,8,5
06,15,220,30,321,228,0,5,-2
06,15,280,30,225,174,0,8,-9
06,15,250,20,153,140,2,8,5
06,15,200,20,175,130,2,4,1
06,15,220,50,177,156,-1,8,-4
06,15,210,40,203,110,0,8,1
06,15,230,50,205,109,0,5,-7
06,15,230,60,196,156,3,8,-1
06,15,40,10,251,107,0,6,7
06,15,280,40,270,120,0,3,0
06,15,270,30,239,136,0,8,-9
06,15,280,50,191,84,0,8,-3
06,15,210,50,228,64,0,7,-1
06,15,230,80,141,96,2,7,14
06,15,240,80,176,66,0,5,4
06,15,190,70,236,116,0,8,2
06,15,270,40,207,90,0,5,-11
06,15,220,40,247,108,0,0,5
06,15,240,50,267,129,0,8,0
06,15,250,60,190,91,0,8,-7
06,15,990,10,210,99,0,8,-6
06,15,40,30,256,106,0,0,-4
06,15,290,60,274,164,0,8,5
06,15,300,60,189,87,0,8,-1
06,15,340,30,227,134,0,8,-1
06,15,80,40,267,143,0,2,-1
06,15,120,30,315,111,0,0,4
06,15,330,40,313,138,0,2,-4
06,15,40,20,311,135,0,8,-2
06,15,270,70,337,170,0,8,-23
06,15,260,60,244,120,0,4,0
06,15,250,50,213,130,0,8,0
06,15,250,50,211,121,0,8,8
06,15,250,20,246,105,0,7,-8
06,15,70,60,216,162,0,8,4
06,15,240,40,204,160,0,6,14
06,15,270,40,212,117,0,8,9
06,15,220,50,214,104,0,8,-8
06,15,250,40,165,160,2,8,7
06,15,200,40,200,147,0,8,-11
06,15,30,40,230,152,0,2,10
06,15,30,40,241,155,0,1,1
06,15,40,30,194,145,0,8,4
06,15,60,30,273,140,0,0,0
06,15,280,30,238,164,0,8,-12
06,15,40,30,233,172,0,8,-10
06,15,240,30,244,183,0,0,8
06,15,10,20,243,168,0,6,6
06,15,40,60,210,111,0,8,-9
06,15,10,40,162,122,2,8,16
06,15,330,30,175,91,0,8,-3
06,15,230,30,174,141,4,8,-7
06,15,250,30,228,117,0,8,3
06,15,240,40,206,144,0,8,12
06,15,240,40,169,93,0,8,3
06,15,250,50,215,158,0,7,1
06,15,280,30,209,156,0,8,-4
06,15,250,40,270,141,0,0,1
06,15,310,60,156,32,0,8,-7
06,15,310,40,150,85,-1,8,-4
06,15,990,10,168,95,0,8,9
06,15,350,40,192,87,0,8,-6
06,15,340,30,220,104,0,1,3
06,15,20,40,220,118,0,0,4
06,15,60,60,258,106,0,7,-2
06,15,50,50,274,90,0,1,0
06,15,50,50,280,112,0,0,0
06,15,70,50,286,137,0,1,3
06,15,260,20,267,140,0,8,-3
06,15,220,70,300,119,0,1,1
06,15,260,30,204,149,0,8,2
06,15,80,60,245,172,-1,8,23
06,15,10,40,216,154,0,8,-1
06,15,220,30,178,90,0,8,-3
06,15,240,90,162,105,0,8,-9
06,15,220,100,185,76,-1,6,-45
06,15,60,40,193,87,0,8,0
06,15,360,30,184,146,0,8,-11
06,15,290,30,192,92,0,8,-1
06,15,240,50,191,106,0,5,-9
06,15,220,80,193,91,0,8,-4
06,15,290,20,255,126,0,7,-4
06,15,240,40,224,118,0,1,-3
06,15,250,40,210,119,0,8,-3
06,15,70,30,262,129,0,1,1
06,15,50,20,272,136,0,8,1
06,15,230,60,272,129,0,8,-69
06,15,230,40,198,137,0,8,2
06,15,290,30,202,89,0,8,-4
06,15,30,50,243,126,0,2,-6
06,15,120,40,292,151,0,6,-4
06,15,990,10,327,155,0,8,-2
06,15,240,40,332,195,0,8,0
06,15,340,40,279,190,0,0,-4
06,15,30,50,260,77,0,0,-9
06,15,40,40,260,105,0,0,-2
06,15,110,30,330,68,0,0,1
06,15,270,30,266,171,0,8,2
06,15,60,30,254,66,0,0,-1
06,15,990,10,285,52,0,8,-3
06,15,280,30,234,88,0,8,-4
06,15,260,30,131,118,6,8,-8
06,15,280,60,99,72,1,8,16
06,15,240,60,157,31,0,8,0
06,15,240,30,165,67,0,8,4
06,15,280,30,135,115,3,8,21
06,15,360,20,157,101,0,8,1
06,15,310,20,169,127,2,8,-3
06,15,40,60,199,114,0,1,-18
06,15,270,30,244,133,0,8,-11
06,15,40,30,262,146,0,8,-4
06,15,250,50,228,131,0,8,-3
06,15,260,20,238,117,0,8,-6
06,15,170,20,202,136,0,8,-21
06,15,40,20,199,158,1,8,-16
06,15,250,10,225,117,0,5,-39
06,15,270,40,222,123,0,7,-14
06,15,270,30,217,98,0,1,-7
06,15,240,50,241,116,0,8,-6
06,15,990,10,229,132,0,6,-1
06,15,40,40,253,117,0,0,3
06,15,60,50,285,114,0,8,-1
06,15,90,60,286,144,0,1,-1
06,15,200,20,297,157,0,5,-16
06,15,230,80,245,144,-1,8,-13
06,15,240,60,205,71,0,6,-3
06,15,250,60,198,76,0,6,-11
06,15,230,50,195,115,0,8,2
06,15,350,57,147,13,0,3,-9
06,15,990,15,167,-1,0,7,-11
06,15,320,72,88,48,-1,8,13
06,15,280,67,99,43,5,6,6
06,15,40,26,150,15,0,5,3
06,15,210,31,131,94,-1,8,-2
06,15,310,36,152,96,-1,8,6
06,15,270,26,145,58,0,7,-2
06,15,260,51,174,85,-1,7,2
06,15,260,62,170,68,0,6,-7
06,15,260,46,151,42,-1,8,7
06,15,210,67,135,119,23,8,7
06,15,240,93,163,59,-1,4,4
06,15,260,57,169,39,0,4,-2
06,15,200,57,137,123,8,8,7
06,15,340,36,144,60,0,6,0
06,15,330,36,161,35,0,7,4
06,15,230,46,115,91,4,7,15
06,15,230,51,117,87,9,8,3
06,15,990,10,142,82,-1,7,1
06,15,190,62,200,101,0,8,-5
06,15,270,41,197,93,0,7,2
06,15,270,31,163,78,-1,8,-6
06,15,300,31,170,101,0,8,-6
06,15,250,62,216,132,0,6,4
06,15,270,62,177,63,0,6,6
06,15,260,41,133,125,13,7,-1
06,15,300,62,144,41,0,6,5
06,15,290,51,170,74,0,5,-5
06,15,230,57,174,129,1,8,-4
06,15,220,41,207,146,1,7,3
06,15,360,46,180,160,2,8,-6
06,15,990,10,198,100,0,6,0
06,15,340,72,149,109,0,7,-3
06,15,60,21,178,86,0,7,8
06,15,200,31,169,142,-1,8,-1
06,15,280,26,181,100,0,8,2
06,15,330,51,197,125,3,6,-1
06,15,320,21,185,57,0,6,18
06,15,50,51,229,90,0,2,-1
06,15,50,51,187,52,0,3,6
06,15,50,62,201,78,0,2,2
06,15,20,36,232,113,0,5,4
06,15,250,26,242,94,0,6,0
06,15,990,15,267,104,0,4,-6
06,15,30,77,206,107,0,2,-4
06,15,20,67,203,101,0,1,1
06,15,340,57,143,93,0,7,9
06,15,90,51,163,62,0,4,9
06,15,50,98,249,107,0,1,-2
06,15,260,26,139,134,2,8,0
06,15,20,41,170,125,0,7,6
06,15,20,31,206,92,0,3,-1
06,15,20,46,198,108,0,2,-2
06,15,20,46,212,112,0,5,0
06,15,10,41,218,103,0,3,7
06,15,40,41,268,117,0,6,-3
06,15,140,31,281,79,0,2,0
06,15,190,57,289,106,0,1,0
06,15,200,62,291,152,0,5,-52
06,15,990,10,204,105,0,7,2
06,15,250,31,176,149,13,8,-29
06,15,20,57,172,133,0,7,-5
06,15,990,15,207,148,0,7,-2
06,15,30,46,237,160,0,7,-3
06,15,10,36,248,162,0,0,-4
06,15,300,41,250,148,0,3,-7
06,15,50,26,270,98,0,5,-4
06,15,110,41,302,91,0,0,0
06,15,220,21,283,162,0,7,5
06,15,180,98,215,112,0,5,-10
06,15,200,72,147,109,-1,7,0
06,15,310,41,167,128,-1,7,-5
06,15,190,41,132,129,6,8,-1
06,15,20,36,177,83,0,2,10
06,15,220,41,140,137,-1,8,-2
06,15,300,57,190,125,0,4,-3
06,15,250,62,192,149,0,8,6
06,15,280,62,197,112,0,5,-1
06,15,300,36,196,116,0,6,-2
06,15,10,26,186,91,0,7,0
06,15,20,31,189,119,0,7,-4
06,15,290,72,162,103,0,7,-4
06,15,300,67,174,80,0,3,-4
06,15,30,31,179,90,0,7,3
06,15,290,62,192,120,0,8,3
06,15,310,72,176,100,0,4,-2
06,15,40,21,178,92,0,7,11
06,15,90,67,255,97,0,1,-2
06,15,70,36,275,79,0,1,4
06,15,170,41,244,71,0,7,5
06,15,220,36,167,156,-1,8,-5
06,15,220,51,160,120,0,5,0
06,15,220,36,119,103,5,8,7
06,15,270,77,134,58,0,6,-4
06,15,220,31,132,130,3,8,7
06,15,230,41,152,123,0,8,3
06,15,330,67,108,103,35,8,-6
06,15,250,36,124,100,-1,8,-10
06,15,340,77,142,53,-1,3,0
06,15,10,46,157,84,0,7,-7
06,15,10,46,183,94,0,8,-2
06,15,30,41,188,114,0,3,-3
06,15,310,51,216,138,0,1,-3
06,15,300,93,174,112,0,1,-6
06,15,310,31,136,106,-1,8,-9
06,15,990,5,187,131,0,6,0
06,15,300,46,214,131,0,7,8
06,15,290,57,203,142,0,3,-5
06,15,270,36,181,138,-1,7,1
06,15,210,46,195,139,-1,8,-1
06,15,270,82,203,112,0,3,-4
06,15,60,26,206,62,0,3,0
06,15,110,72,281,108,0,1,-1
06,15,250,51,221,181,0,7,-3
06,15,280,36,229,162,0,6,0
06,15,990,15,250,118,0,7,5
06,15,70,21,288,150,0,2,1
06,15,290,77,224,115,0,6,-6
06,15,50,41,232,99,0,5,3
06,15,290,51,177,88,0,1,-4
06,15,270,36,170,71,0,7,-3
06,15,210,41,188,85,0,7,-3
06,15,210,36,147,131,-1,7,14
06,15,330,46,167,105,0,4,-1
06,15,250,15,148,94,0,7,-2
06,15,300,41,129,118,-1,8,6
06,15,270,72,132,72,0,6,-15
06,15,270,46,103,95,11,8,-1
06,15,260,26,114,106,21,7,0
06,15,300,15,140,90,0,7,4
06,15,350,46,132,102,6,7,2
06,15,350,36,162,96,0,6,5
06,15,270,51,119,87,0,8,-6
06,15,280,57,107,96,1,8,4
06,15,280,51,140,82,0,7,-4
06,15,240,51,140,120,-1,8,0
06,15,300,51,191,114,0,7,10
06,15,270,36,225,136,0,1,0
06,15,200,26,253,153,0,7,2
06,15,330,62,176,109,0,4,0
06,15,340,72,164,86,0,4,-5
06,15,10,62,178,111,0,8,-14
06,15,40,41,207,124,0,5,0
06,15,360,62,253,135,0,5,-6
06,15,10,41,267,163,0,1,6
06,15,70,72,284,135,0,2,-1
06,15,60,62,295,156,0,2,-5
06,15,10,51,276,99,0,1,-3
06,15,310,21,300,105,0,0,2
06,15,250,46,178,72,0,6,-4
06,15,290,41,189,50,0,7,2
06,15,280,31,197,71,0,3,12
06,15,990,15,228,121,0,1,-4
06,15,140,51,283,109,0,1,2
06,15,260,26,308,127,0,1,-8
06,15,240,26,311,138,0,6,-33
06,15,310,31,199,192,-1,7,-6
06,15,230,26,176,129,0,7,9
06,15,190,26,271,158,0,3,-6
06,15,220,36,263,150,0,1,-3
06,15,310,72,178,63,0,1,-6
06,15,310,46,195,79,0,1,-15
06,15,20,41,181,72,0,7,-3
06,15,20,46,211,62,0,6,2
06,15,330,36,218,93,0,6,1
06,15,310,36,257,68,0,3,-16
06,15,340,62,194,93,0,4,-19
06,15,310,67,149,79,0,8,-12
06,15,320,62,149,70,0,7,-11
06,15,310,67,138,57,0,7,-5
06,15,310,67,145,89,0,7,-6
06,15,310,57,129,86,0,7,-7
06,15,340,51,132,93,-1,8,1
06,15,240,15,156,95,0,8,-7
06,15,280,21,222,107,0,2,0
06,15,350,31,189,135,0,7,15
06,15,280,57,196,121,0,7,3
06,15,270,62,119,105,13,8,-3
06,15,250,46,161,127,-1,8,9
06,15,80,100,192,56,0,5,-8
06,15,80,70,212,81,0,4,3
06,15,340,40,227,11,0,1,-1
06,15,10,30,239,79,0,1,0
06,15,100,60,260,66,0,7,-8
06,15,160,40,275,138,0,6,-6
06,15,60,10,182,164,-1,7,19
06,15,310,20,192,155,9,7,-14
06,15,320,20,208,112,0,5,12
06,15,100,60,256,131,0,7,3
06,15,990,10,207,197,-1,8,9
06,15,210,30,207,146,0,7,-15
06,15,250,40,172,148,-1,7,5
06,15,270,50,186,141,0,6,4
06,15,300,30,155,92,0,7,-1
06,15,50,40,184,87,0,3,16
06,15,20,40,189,77,0,3,-7
06,15,990,10,192,79,0,4,0
06,15,110,20,209,107,0,8,-2
06,15,210,40,164,89,0,7,8
06,15,250,50,174,91,0,6,5
06,15,220,60,127,113,15,8,25
06,15,290,70,139,111,-1,8,1
06,15,320,80,150,70,0,3,-1
06,15,130,30,151,122,-1,8,-32
06,15,100,20,173,128,0,6,-7
06,15,160,20,169,144,2,6,8
06,15,200,50,172,148,2,5,17
06,15,10,50,169,161,5,8,-3
06,15,260,20,148,135,-1,8,-9
06,15,180,20,214,87,0,6,9
06,15,280,40,172,165,39,7,11
06,15,240,40,164,142,32,7,-20
06,15,310,30,176,124,0,7,0
06,15,70,60,161,151,-1,8,13
06,15,170,50,269,185,0,7,-46
06,15,250,30,184,125,0,7,1
06,15,210,40,185,106,0,6,-1
06,15,190,70,181,161,0,8,1
06,15,250,50,176,124,2,2,8
06,15,310,50,169,109,0,6,-5
06,15,320,80,138,84,-1,7,-10
06,15,170,60,169,64,0,6,6
06,15,240,50,152,126,-1,8,-15
06,15,160,40,181,145,-1,7,-16
06,15,270,60,151,134,4,7,-1
06,15,300,70,164,105,0,7,-3
06,15,240,30,153,137,6,8,-1
06,15,260,40,229,170,0,6,3
06,15,110,20,287,136,0,3,-17
06,15,250,40,285,184,0,7,-42
06,15,270,60,202,99,0,3,-5
06,15,240,50,153,131,-1,8,1
06,15,160,20,241,172,0,3,-4
06,15,250,40,189,134,0,6,12
06,15,300,40,210,136,0,7,6
06,15,240,30,184,131,-1,8,-13
06,15,230,40,180,141,0,6,2
06,15,280,40,178,121,0,8,-13
06,15,220,40,169,161,-1,6,8
06,15,20,20,220,123,0,5,0
06,15,210,70,239,159,0,7,-20
06,15,240,30,193,106,-1,8,-32
06,15,220,70,163,122,0,7,6
06,15,220,20,139,100,-1,7,5
06,15,250,50,142,99,0,6,-15
06,15,190,30,174,110,-1,3,6
06,15,250,70,165,46,0,2,2
06,15,270,40,177,74,0,2,2
06,15,290,60,177,82,0,7,-7
06,15,300,40,139,99,-1,7,6
06,15,160,20,177,87,0,3,5
06,15,20,30,209,135,0,3,3
06,15,340,50,234,144,0,4,-21
06,15,30,40,233,130,0,2,-3
06,15,20,20,247,125,0,2,-3
06,15,310,70,212,121,0,6,-28
06,15,350,40,181,80,0,6,4
06,15,250,30,228,61,0,5,4
06,15,320,30,137,126,4,7,16
06,15,990,10,129,104,4,6,18
06,15,270,20,150,103,0,7,5
06,15,20,30,179,81,-1,7,4
06,15,10,30,189,91,0,3,-3
06,15,10,50,203,73,0,0,0
06,15,90,10,248,105,0,7,0
06,15,180,80,204,144,0,7,11
06,15,230,60,179,95,0,5,3
06,15,200,90,204,155,0,7,0
06,15,290,50,201,144,0,6,-13
06,15,230,60,199,141,0,7,-2
06,15,270,20,227,145,0,1,-2
06,15,50,30,246,171,0,7,-54
06,15,260,40,206,125,0,3,-7
06,15,20,40,122,110,9,8,4
06,15,290,60,179,108,0,4,-11
06,15,280,60,162,57,0,2,4
06,15,120,60,223,77,0,1,-4
06,15,200,50,292,158,0,1,-4
06,15,280,40,205,132,0,6,-1
06,15,260,40,188,122,0,6,-12
06,15,260,40,210,139,0,6,2
06,15,260,40,235,157,0,3,-2
06,15,250,60,214,154,0,7,-11
06,15,330,60,190,71,0,2,1
06,15,10,40,186,56,0,3,-1
06,15,130,30,217,68,0,2,3
06,15,150,30,289,116,0,2,3
06,15,210,60,328,154,0,0,-2
06,15,190,60,336,134,0,2,-13
06,15,220,60,186,155,5,8,6
06,15,220,50,184,98,0,7,5
06,15,260,30,167,132,-1,7,1
06,15,240,30,130,119,7,8,2
06,15,320,50,158,90,0,7,-11
06,15,330,60,147,60,0,7,5
06,15,350,40,172,76,0,7,7
06,15,330,50,172,78,0,6,-12
06,15,270,30,139,100,0,7,-2
06,15,270,20,205,113,0,6,-11
06,15,250,40,146,86,0,8,-3
06,15,320,80,109,100,1,8,0
06,15,320,70,113,41,0,7,-1
06,15,290,60,146,81,0,7,0
06,15,250,40,209,77,0,7,3
06,15,280,50,190,119,0,7,-4
06,15,260,80,161,38,0,5,-12
06,15,300,60,153,41,0,5,3
06,15,40,20,164,35,0,6,-5
06,15,340,50,129,100,-1,7,11
06,15,300,80,158,48,0,6,4
06,15,280,40,170,68,0,6,8
06,15,320,20,202,81,0,5,-10
06,15,340,30,219,81,0,3,0
06,15,200,70,217,92,0,7,-3
06,15,200,50,195,135,3,7,-3
06,15,300,40,153,146,24,7,4
06,15,310,60,142,90,0,7,0
06,15,360,10,181,66,0,4,9
06,15,230,40,227,108,0,6,3
06,15,290,70,160,73,0,5,-10
06,15,310,60,173,87,0,5,-13
06,15,200,10,201,88,0,4,-2
06,15,180,20,248,126,0,6,1
06,15,20,50,254,90,0,5,4
06,15,110,40,300,132,0,3,3
06,15,260,50,200,153,0,8,1
06,15,260,40,233,132,0,5,-4
06,15,210,20,232,146,0,7,2
06,15,290,90,229,157,0,7,-5
06,15,70,40,204,50,0,,-1
06,15,120,50,242,64,0,,0
06,15,210,40,236,122,0,,-10
06,15,160,40,248,125,0,,-1
06,15,100,80,199,166,6,,1
06,15,230,20,181,118,0,,7
06,15,260,30,147,127,0,,0
06,15,210,30,211,94,0,,-12
06,15,270,30,198,121,0,,7
06,15,210,40,131,109,1,,23
06,15,280,70,160,101,0,,12
06,15,260,70,194,120,0,,-5
06,15,250,30,152,142,-1,,-1
06,15,180,40,239,161,0,,-2
06,15,240,40,204,119,0,,-6
06,15,250,30,221,167,0,,10
06,15,190,30,316,157,0,,1
06,15,300,110,214,166,0,,-14
06,15,310,40,214,139,0,,2
06,15,280,60,177,145,0,,-14
06,15,290,50,207,100,0,,-3
06,15,300,50,201,160,0,,1
06,15,280,50,195,98,0,,5
06,15,300,60,202,66,0,,-3
06,15,300,30,228,110,0,,-10
06,15,280,50,231,103,0,,-3
06,15,310,70,169,86,0,,-6
06,15,300,80,139,104,2,,9
06,15,280,40,172,103,0,,11
06,15,250,50,191,118,0,,-4
06,15,120,30,278,155,0,2,4
06,15,290,70,212,168,-1,6,-15
06,15,170,30,232,164,-1,5,-1
06,15,190,90,278,180,0,6,-19
06,15,300,40,207,110,0,3,1
06,15,200,30,249,131,0,1,-3
06,15,250,30,273,144,0,3,-4
06,15,250,40,192,176,21,8,0
06,15,990,10,213,95,0,4,-2
06,15,210,60,237,188,-1,7,-1
06,15,290,40,220,137,0,2,-2
06,15,350,70,241,166,0,3,-22
06,15,290,30,235,99,0,1,2
06,15,40,40,206,134,0,8,3
06,15,350,30,232,107,0,4,-3
06,15,20,30,245,110,0,1,-12
06,15,260,40,243,148,0,5,-5
06,15,290,60,220,117,0,7,5
06,15,230,40,200,164,0,,0
06,15,290,80,183,71,0,,3
06,15,300,40,207,91,0,,-2
06,15,150,40,242,134,0,,-3
06,15,280,70,216,156,0,8,-10
06,15,310,50,203,109,0,6,-8
06,15,50,30,223,106,0,1,7
06,15,70,60,252,92,0,6,-3
06,15,990,10,278,124,0,0,-17
06,15,300,40,224,120,0,5,-6
06,15,10,40,243,104,0,4,2
06,15,110,30,188,161,-1,8,-4
06,15,120,20,216,77,0,7,-4
06,15,350,40,144,123,-1,8,-2
06,15,320,50,189,119,0,3,-9
06,15,280,50,178,130,0,8,1
06,15,340,60,157,86,0,8,-5
06,15,990,10,209,100,0,5,6
06,15,240,20,260,141,0,0,-2
06,15,240,30,301,143,0,1,-2
06,15,280,20,274,179,0,0,-7
06,15,190,30,177,169,5,8,1
06,15,290,60,192,114,0,5,6
06,15,310,60,143,126,4,7,12
06,15,20,30,174,79,0,3,0
06,15,280,40,236,143,0,1,-8
06,15,330,70,185,140,0,8,0
06,15,280,40,205,79,0,4,0
06,15,290,90,180,84,0,8,-2
06,15,240,50,145,129,3,8,-2
06,15,320,60,145,65,0,7,3
06,15,280,40,154,59,0,8,7
06,15,220,20,151,109,-1,8,18
06,15,160,40,185,119,0,8,2
06,15,240,90,178,107,-1,7,0
06,15,240,60,159,102,5,6,-16
06,15,280,50,155,95,0,8,3
06,15,220,20,209,84,0,8,-7
06,15,280,50,225,158,0,5,-16
06,15,290,50,203,102,0,5,-10
06,15,290,60,195,121,0,5,2
06,15,210,50,239,111,0,7,6
06,15,200,30,191,55,0,1,-2
06,15,260,40,207,146,0,5,-6
06,15,200,60,254,130,0,8,-7
06,15,270,60,172,104,1,5,2
06,15,280,50,159,116,-1,8,-6
06,15,20,60,149,75,0,7,-14
06,15,10,70,133,48,0,8,7
06,15,30,50,170,54,0,1,4
06,15,10,30,184,59,0,2,-5
06,15,20,80,180,125,0,6,-14
06,15,320,60,155,35,0,7,-6
06,15,230,30,155,56,0,8,-10
06,15,270,40,174,62,0,5,-5
06,15,260,40,221,55,0,0,-7
06,15,240,50,222,96,-1,8,-26
06,15,250,50,226,88,0,8,-14
06,15,290,50,216,170,0,8,-3
06,15,60,30,264,117,0,0,0
06,15,100,40,316,81,0,0,0
06,15,210,30,344,97,0,0,-3
06,15,30,50,264,128,0,0,-6
06,15,290,20,263,128,0,2,-2
06,15,180,30,319,128,0,0,-1
06,15,300,20,335,157,0,4,-16
06,15,20,70,211,164,0,8,0
06,15,20,40,245,76,0,0,-7
06,15,50,40,260,122,0,0,-5
06,15,90,40,273,57,0,0,-4
06,15,40,40,251,174,0,8,-15
06,15,260,60,164,147,27,8,9
06,15,330,70,131,66,0,7,-1
06,15,360,20,170,74,0,7,4
06,15,300,70,196,128,0,3,-15
06,15,310,40,174,83,0,6,-5
06,15,340,50,147,67,0,6,-2
06,15,360,30,174,86,0,5,4
06,15,320,20,197,81,0,1,8
06,15,20,30,232,92,0,0,1
06,15,60,40,259,92,0,0,0
06,15,120,50,282,114,0,0,-3
06,15,130,40,305,93,0,0,-2
06,15,140,40,302,113,0,0,1
06,15,990,10,323,125,0,0,-10
06,15,10,30,167,158,39,8,-6
06,15,300,30,149,131,0,8,-9
06,15,320,40,179,89,0,8,-10
06,15,300,20,233,118,0,1,-4
06,15,230,40,284,121,0,0,4
06,15,280,40,228,146,0,7,5
06,15,270,40,224,129,0,4,3
06,15,210,80,185,142,0,7,14
06,15,260,50,173,84,0,8,4
06,15,50,10,197,96,0,8,3
06,15,990,10,242,122,0,3,5
06,15,350,50,179,165,27,8,-4
06,15,240,60,159,137,0,8,-4
06,15,320,30,179,118,0,8,-2
06,15,20,30,210,101,0,0,-2
06,15,20,30,232,115,0,1,0
06,15,30,30,266,142,0,2,2
06,15,260,10,183,156,-1,7,14
06,15,40,40,224,133,0,7,8
06,15,60,30,219,154,0,8,-3
06,15,40,50,222,117,0,5,8
06,15,40,60,232,138,0,1,1
06,15,10,50,232,154,0,5,-6
06,15,40,60,272,180,0,3,-3
06,15,310,70,243,167,0,7,-65
06,15,310,20,181,168,0,8,-2
06,15,350,20,220,172,0,6,-2
06,15,310,20,255,192,0,7,-13
06,15,280,30,202,160,0,4,-6
06,15,320,40,207,163,0,2,5
06,15,160,30,249,159,0,7,-30
06,15,220,50,209,131,0,7,5
06,15,230,20,150,142,6,7,18
06,15,300,20,197,134,0,7,9
06,15,230,30,217,159,0,6,3
06,15,110,50,257,164,0,1,0
06,15,290,30,224,145,0,6,0
06,15,170,20,170,163,6,8,-14
06,15,210,70,168,128,-1,8,-4
06,15,280,60,193,149,-1,8,-16
06,15,120,20,168,156,2,8,4
06,15,270,60,152,112,-1,7,7
06,15,290,100,131,84,0,8,-8
06,15,250,50,164,94,-1,7,-1
06,15,270,40,184,55,0,1,-12
06,15,220,60,148,140,4,8,16
06,15,230,30,192,140,0,8,7
06,15,200,40,224,147,0,6,0
06,15,50,50,281,166,0,5,-16
06,15,230,30,211,164,0,8,-7
06,15,310,40,196,148,0,7,-12
06,15,330,30,161,144,0,8,0
06,15,280,60,204,164,0,7,-20
06,15,230,30,164,138,0,8,0
06,15,320,40,242,172,0,2,-9
06,15,30,30,269,100,0,4,-8
06,15,310,60,228,141,0,6,-17
06,15,310,80,175,65,0,2,-8
06,15,320,40,112,105,9,8,2
06,15,300,60,152,61,0,8,-1
06,15,240,30,158,94,0,8,-5
06,15,230,30,141,102,-1,8,16
06,15,290,30,179,37,0,1,-16
06,15,290,20,193,57,0,8,-1
06,15,240,40,198,86,0,7,8
06,15,260,40,200,132,2,5,-3
06,15,280,40,180,87,0,7,14
06,15,220,20,215,132,0,8,8
06,15,250,70,244,163,0,3,-10
06,15,320,60,188,87,0,1,-1
06,15,50,30,228,102,0,1,-1
06,15,260,60,228,108,0,3,-11
06,15,240,40,213,96,0,4,2
06,15,270,50,213,83,0,2,2
06,15,270,50,234,152,0,6,-11
06,15,250,50,205,103,0,7,7
06,15,290,40,228,130,0,6,-13
06,15,10,50,241,133,-1,8,7
06,15,10,80,222,94,0,0,-3
06,15,350,80,148,66,0,8,3
06,15,310,60,129,40,0,8,2
06,15,360,30,143,40,0,8,6
06,15,90,60,159,37,0,8,-4
06,15,190,40,125,118,33,8,16
06,15,190,20,178,62,0,8,1
06,15,210,30,145,127,15,7,33
06,15,190,70,145,125,2,8,-5
06,15,290,40,140,125,11,8,3
06,15,290,60,182,59,0,1,-4
06,15,240,20,223,83,0,1,-1
06,15,250,20,202,174,0,8,-8
06,15,990,10,182,138,0,5,2
06,15,300,50,199,130,0,8,-17
06,15,190,50,226,118,0,8,8
06,15,300,50,199,100,0,8,-8
06,15,280,70,179,72,0,4,-15
06,15,310,20,145,92,0,8,11
06,15,330,70,175,42,0,1,0
06,15,40,50,185,97,0,8,6
06,15,50,50,225,96,0,4,-10
06,15,50,70,246,80,0,0,0
06,15,80,50,264,163,0,3,-3
06,15,20,60,256,166,0,4,6
06,15,290,40,250,171,0,6,-3
06,15,320,20,246,172,0,6,9
06,15,360,30,272,162,0,1,-7
06,15,10,40,274,171,0,0,1
06,15,330,30,171,81,0,8,-7
06,15,20,80,216,38,0,0,-4
06,15,10,50,231,70,0,0,-6
06,15,20,50,247,86,0,0,-5
06,15,320,30,267,87,0,0,-2
06,15,300,50,210,150,0,8,-35
06,15,300,40,180,120,0,8,5
06,15,270,40,182,153,2,8,0
06,15,130,20,181,162,3,8,-1
06,15,0,0,211,179,1,8,2
06,15,280,50,160,131,0,8,-7
06,15,350,70,180,88,0,4,-4
06,15,990,10,168,80,0,8,-4
06,15,30,60,230,85,0,1,-9
06,15,20,80,174,51,0,1,-1
06,15,70,60,230,68,0,0,2
06,15,50,60,241,68,0,3,2
06,15,330,60,148,112,0,8,-5
06,15,310,60,137,57,-1,7,-8
06,15,330,60,129,76,0,8,-1
06,15,340,50,188,66,0,6,-6
06,15,30,30,207,67,0,2,3
06,15,10,30,259,92,0,0,-6
06,15,310,50,262,124,0,3,-11
06,15,350,30,253,102,0,2,-5
06,15,40,30,259,105,0,2,-4
06,15,10,30,288,86,0,0,-6
06,15,280,50,292,118,0,0,-9
06,15,270,50,261,59,0,4,-6
06,15,300,50,259,131,0,1,0
06,15,20,50,197,36,0,0,3
06,15,40,60,241,68,0,0,1
06,15,70,80,260,117,0,0,6
06,15,50,70,291,129,0,1,2
06,15,360,30,228,168,0,7,-6
06,15,340,30,181,169,39,8,10
06,15,120,20,196,127,0,8,5
06,15,250,30,173,86,0,8,-1
06,15,280,40,191,57,0,7,-15
06,15,120,30,182,74,0,8,-52
06,15,290,60,150,77,0,6,7
06,15,190,30,179,36,0,7,-1
06,15,210,50,189,152,-1,8,11
06,15,310,40,213,97,0,0,1
06,15,260,40,233,129,0,6,-25
06,15,260,20,154,134,-1,8,14
06,15,220,60,143,119,6,7,-1
06,15,250,50,151,123,20,5,-18
06,15,280,60,167,127,-1,8,1
06,15,210,20,168,126,0,8,-2
06,15,260,40,203,129,0,8,1
06,15,260,60,126,99,50,8,30
06,15,250,50,171,113,0,5,-16
06,15,310,60,181,78,0,3,1
06,15,220,30,147,143,-1,8,9
06,15,190,10,231,167,0,2,8
06,15,170,40,316,145,0,0,0
06,15,140,40,331,199,0,1,3
06,15,300,70,186,118,0,3,10
06,15,310,60,189,94,-1,5,-3
06,15,330,40,155,109,0,8,0
06,15,60,30,170,50,0,3,-4
06,15,50,40,93,81,2,8,1
06,15,10,70,96,81,3,8,8
06,15,180,40,153,36,0,7,5
06,15,250,40,185,113,0,7,-1
06,15,170,30,188,152,5,8,-2
06,15,220,80,186,82,0,3,-2
06,15,240,50,161,59,0,8,-6
06,15,250,20,184,82,0,8,10
06,15,240,30,135,121,26,8,2
06,15,340,40,161,126,0,8,0
06,15,290,50,145,61,0,8,0
06,15,50,40,180,57,0,2,-2
06,15,220,30,172,139,0,8,-14
06,15,220,50,186,103,0,8,-2
06,15,220,30,197,110,0,6,0
06,15,290,60,174,121,0,8,2
06,15,990,10,197,102,0,5,-3
06,15,40,20,213,138,0,8,0
06,15,130,50,228,165,-1,8,-5
06,15,210,70,161,112,-1,8,11
06,15,250,40,179,89,0,7,9
06,15,250,70,156,129,1,8,2
06,15,270,50,158,102,0,8,6
06,15,290,40,224,109,0,1,-1
06,15,290,70,221,166,0,6,0
06,15,130,50,289,193,0,1,-5
06,15,240,50,202,110,0,8,9
06,15,200,60,231,117,0,1,13
06,15,330,60,130,86,0,8,-3
06,15,350,70,164,55,0,1,4
06,15,360,60,148,59,0,4,5
06,15,360,50,212,96,0,5,-5
06,15,60,30,232,77,0,2,0
06,15,30,30,261,108,0,0,-1
06,15,40,50,254,97,0,2,-5
06,15,20,60,221,111,0,0,-8
06,15,10,60,175,82,0,0,5
06,15,310,30,168,70,0,2,2
06,15,230,20,217,96,0,3,-6
06,15,200,50,225,144,0,8,-6
06,15,220,50,143,121,7,8,-3
06,15,200,30,191,80,0,5,-1
06,15,250,80,189,54,0,3,-1
06,15,290,20,188,69,-1,8,-11
06,15,60,50,242,142,-1,1,2
06,15,100,30,312,150,0,3,-2
06,15,30,60,258,168,0,8,-7
06,15,10,10,240,177,0,4,6
06,15,240,60,177,135,0,8,-10
06,15,200,70,164,132,0,8,-4
06,15,220,30,156,131,10,7,6
06,15,300,50,138,116,1,8,2
06,15,10,40,168,55,0,8,0
06,15,290,60,175,87,0,8,6
06,15,320,70,148,73,0,7,-6
06,15,240,30,161,122,0,8,2
06,15,350,50,172,86,0,7,-6
06,15,250,40,220,144,0,5,6
06,15,350,20,174,64,0,1,5
06,15,250,20,205,83,0,7,-10
06,15,160,20,206,98,0,2,-1
06,15,180,20,168,146,33,8,-19
06,15,240,40,170,87,-1,6,-2
06,15,990,10,235,84,0,0,2
06,15,990,10,274,154,0,3,7
06,15,30,40,253,159,0,0,0
06,15,150,20,268,190,0,0,-2
06,15,990,10,211,191,-1,8,0
06,15,300,60,213,107,0,0,-2
06,15,10,40,217,107,0,1,9
06,15,350,40,215,108,0,3,3
06,15,20,60,184,94,0,7,1
06,15,340,40,203,96,0,2,-5
06,15,350,60,170,106,0,8,0
06,15,350,60,194,123,0,7,2
06,15,360,40,195,128,0,7,14
06,15,300,40,148,129,-1,8,1
06,15,350,60,156,107,0,7,6
06,15,310,40,205,112,0,3,6
06,15,360,50,209,97,0,2,-2
06,15,20,20,215,109,0,1,2
06,15,290,30,225,116,0,5,-5
06,15,20,50,185,88,0,1,11
06,15,150,30,214,74,0,4,4
06,15,300,60,203,122,-1,8,-26
06,15,210,20,206,101,0,8,-11
06,15,300,60,191,79,0,3,-8
06,15,310,60,190,72,0,1,-1
06,15,210,40,153,44,0,5,12
06,15,220,80,178,127,0,8,2
06,15,280,40,172,98,0,7,0
06,15,110,40,225,92,0,0,1
06,15,190,70,328,137,0,0,-18
06,15,260,40,186,36,0,0,3
06,15,30,50,185,46,0,0,-2
06,15,30,80,180,67,0,2,-19
06,15,20,60,157,55,0,4,0
06,15,40,70,214,60,0,0,-1
06,15,60,50,245,74,0,0,3
06,15,110,30,290,127,0,4,-1
06,15,250,60,223,96,0,1,-16
06,15,310,40,213,127,0,4,-13
06,15,30,50,186,54,0,3,-1
06,15,10,40,166,54,0,7,-7
06,15,260,60,239,116,0,7,-11
06,15,310,70,150,67,0,5,7
06,15,310,70,144,89,0,8,-5
06,15,280,30,165,78,0,7,2
06,15,270,70,190,120,0,4,5
06,15,270,30,147,106,-1,8,-30
06,15,310,80,149,95,-1,8,-13
06,15,260,30,216,103,0,5,-11
06,15,290,40,234,120,0,3,-8
06,15,220,20,263,139,0,8,-6
06,15,300,80,215,100,0,0,-4
06,15,230,30,238,122,0,8,-3
06,15,280,50,233,123,0,3,-3
06,15,90,40,284,109,0,0,0
06,15,300,40,215,185,-1,7,9
06,15,350,60,157,141,0,8,-4
06,15,340,20,198,156,0,7,9
06,15,310,30,249,170,0,2,-6
06,15,20,40,249,173,-1,3,13
06,15,30,50,267,141,0,2,-4
06,15,30,50,270,116,0,2,-1
06,15,340,60,220,123,0,4,-17
06,15,10,50,209,112,0,2,-7
06,15,40,40,211,102,0,6,2
06,15,10,30,200,131,0,8,0
06,15,270,20,202,135,0,7,-40
06,15,290,80,179,139,0,8,-5
06,15,240,50,179,136,0,8,-26
06,15,220,40,169,122,0,7,4
06,15,150,20,192,106,0,8,-47
06,15,310,10,171,127,7,7,0
06,15,310,70,153,123,-1,8,-4
06,15,250,20,181,108,0,8,6
06,15,190,80,157,152,37,8,6
06,15,210,40,207,176,0,8,-26
06,15,170,40,256,185,0,6,-8
06,15,180,50,298,218,0,1,-8
06,15,260,30,231,121,0,2,-5
06,15,270,10,172,136,-1,8,9
06,15,290,50,181,126,-1,8,-13
06,15,300,30,163,150,30,8,1
06,15,190,60,227,126,0,8,-12
06,15,200,70,201,106,0,8,-7
06,15,200,50,178,168,-1,8,8
06,15,360,20,242,92,0,8,0
06,15,310,40,266,54,0,8,3
06,15,300,60,232,139,0,7,-23
06,15,280,70,194,53,0,8,-6
06,15,200,70,226,74,0,6,-6
06,15,220,90,163,93,1,5,2
06,15,260,90,180,69,0,4,-1
06,15,210,60,233,113,0,8,10
06,15,260,50,191,94,0,6,-31
06,15,220,40,239,106,0,1,13
06,15,220,50,263,125,0,8,4
06,15,280,60,180,83,0,8,8
06,15,290,40,208,89,0,8,5
06,15,110,40,251,95,0,0,0
06,15,290,90,263,112,0,7,-9
06,15,300,70,182,83,0,8,-5
06,15,320,40,238,138,0,8,3
06,15,90,20,284,139,0,5,-9
06,15,100,20,313,97,0,0,-2
06,15,10,50,293,145,0,7,-2
06,15,140,30,303,137,0,8,3
06,15,290,80,274,146,-1,8,-41
06,15,270,60,248,124,0,6,-8
06,15,230,30,181,150,0,8,-9
06,15,280,50,199,137,0,8,-4
06,15,340,30,217,64,0,0,-1
06,15,100,40,198,144,0,8,-5
06,15,210,40,182,167,2,8,15
06,15,220,40,217,101,0,8,-6
06,15,210,20,179,146,4,8,-14
06,15,270,40,162,154,2,8,-1
06,15,190,30,202,144,0,8,-20
06,15,30,20,245,141,0,5,8
06,15,10,40,235,156,0,2,6
06,15,360,30,214,129,0,2,5
06,15,40,20,286,115,0,0,-1
06,15,250,40,258,182,0,8,-8
06,15,10,50,220,154,0,7,4
06,15,340,50,258,164,0,6,-2
06,15,10,50,253,143,0,6,-8
06,15,40,60,244,115,0,8,-12
06,15,360,60,170,115,0,8,-23
06,15,330,30,185,67,0,7,-1
06,15,220,60,194,121,0,8,-18
06,15,350,20,246,99,0,7,-10
06,15,280,50,212,124,0,7,-13
06,15,260,40,144,128,2,8,10
06,15,250,50,193,133,0,8,-7
06,15,230,30,207,153,0,8,-2
06,15,260,50,266,151,0,0,-2
06,15,310,80,160,64,0,8,8
06,15,340,50,138,102,1,8,8
06,15,310,50,212,59,0,8,-5
06,15,340,50,196,108,0,8,-7
06,15,330,40,227,68,0,0,5
06,15,350,50,238,97,0,0,-2
06,15,60,40,274,126,0,1,-6
06,15,50,60,274,77,0,5,3
06,15,20,50,279,92,0,0,3
06,15,60,60,293,121,0,0,1
06,15,270,20,266,132,0,4,8
06,15,200,70,316,108,0,1,-2
06,15,280,30,190,121,0,8,2
06,15,100,70,261,140,0,8,-6
06,15,30,20,180,129,0,8,7
06,15,250,20,181,82,0,8,13
06,15,210,60,154,133,15,8,-5
06,15,220,80,179,80,0,4,-9
06,15,990,10,203,73,0,8,-18
06,15,110,30,218,126,0,8,-47
06,15,250,30,192,90,0,6,0
06,15,210,60,159,128,0,7,13
06,15,190,70,179,104,0,8,-14
06,15,230,40,236,129,0,1,-3
06,15,300,20,188,144,0,6,6
06,15,210,40,214,109,0,3,6
06,15,990,10,244,121,0,4,2
06,15,360,20,272,136,0,7,-1
06,15,190,30,257,163,0,5,-81
06,15,290,50,195,125,0,7,-12
06,15,300,50,203,95,0,4,-6
06,15,40,30,228,108,0,6,2
06,15,140,50,288,155,0,4,-2
06,15,160,30,320,170,0,4,-6
06,15,210,40,337,203,0,6,-5
06,15,360,50,241,178,0,1,2
06,15,10,60,230,137,0,0,-7
06,15,60,40,251,109,0,0,7
06,15,140,40,330,99,0,0,0
06,15,270,50,257,126,0,7,-20
06,15,90,30,256,51,0,8,-6
06,15,290,50,279,92,0,8,-18
06,15,330,40,222,80,0,8,-7
06,15,310,60,151,88,-1,8,-8
06,15,290,80,123,72,1,7,-1
06,15,220,80,154,26,0,8,-3
06,15,270,60,175,65,0,8,-21
06,15,360,50,167,96,0,8,1
06,15,20,40,171,83,0,7,-8
06,15,350,20,160,104,0,8,3
06,15,90,30,190,114,0,8,0
06,15,260,20,207,158,5,8,-6
06,15,70,20,251,141,0,4,12
06,15,320,40,205,130,0,8,-3
06,15,30,30,243,137,0,8,-7
06,15,70,60,209,154,0,8,-8
06,15,50,40,233,135,0,7,-29
06,15,150,40,234,114,0,8,-12
06,15,220,20,213,128,0,8,8
06,15,290,40,210,114,0,2,4
06,15,240,50,227,118,0,8,-5
06,15,260,30,225,97,0,0,2
06,15,50,20,274,126,0,5,-5
06,15,50,60,303,115,0,2,-2
06,15,100,50,297,138,0,2,-1
06,15,140,20,317,149,0,2,-15
06,15,210,70,214,166,1,7,11
06,15,240,40,205,86,0,7,13
06,15,240,60,190,67,0,8,-1
06,15,190,60,164,153,6,8,2
06,15,340,67,138,39,0,2,1
06,15,990,10,168,31,0,7,1
06,15,310,87,79,70,1,7,11
06,15,300,72,102,39,-1,7,4
06,15,180,26,147,35,0,7,7
06,15,200,26,134,100,0,8,-1
06,15,350,10,133,127,37,8,14
06,15,280,31,150,85,0,7,-3
06,15,200,57,176,141,0,4,4
06,15,240,77,178,99,0,5,-18
06,15,260,51,171,77,-1,8,-23
06,15,250,82,148,135,-1,8,-1
06,15,240,98,163,80,0,6,-1
06,15,270,57,157,80,-1,7,11
06,15,230,51,133,125,4,8,9
06,15,320,36,149,84,0,7,-10
06,15,0,0,172,61,0,5,-17
06,15,290,51,139,87,0,5,-13
06,15,220,57,114,103,-1,8,7
06,15,990,10,147,115,0,7,-3
06,15,210,57,196,133,0,8,0
06,15,220,62,210,113,0,5,1
06,15,230,36,176,105,0,8,-8
06,15,310,31,176,127,0,8,-6
06,15,230,82,217,171,0,7,-4
06,15,250,77,177,93,0,6,3
06,15,270,51,116,111,16,8,4
06,15,310,62,140,78,0,7,4
06,15,290,31,156,93,0,7,3
06,15,230,77,187,127,-1,8,-2
06,15,270,46,192,127,38,7,-20
06,15,50,41,178,161,20,8,-2
06,15,360,26,203,101,0,2,-1
06,15,320,57,134,113,-1,8,5
06,15,30,15,188,90,0,5,0
06,15,200,31,167,138,0,8,4
06,15,360,10,182,110,0,7,1
06,15,350,46,176,139,44,7,-24
06,15,70,15,203,115,0,7,-9
06,15,60,57,224,105,0,3,-1
06,15,70,67,188,82,0,5,-3
06,15,40,57,199,86,0,2,-3
06,15,50,36,225,103,0,5,-6
06,15,320,36,242,90,0,6,5
06,15,10,21,261,90,0,1,3
06,15,30,87,202,109,0,5,4
06,15,30,62,207,87,0,1,-1
06,15,330,31,132,89,0,7,13
06,15,60,57,167,50,0,5,5
06,15,50,103,244,96,0,1,-3
06,15,220,41,138,127,-1,8,-6
06,15,10,57,194,119,0,6,-6
06,15,350,51,216,98,0,4,0
06,15,20,41,202,103,0,7,3
06,15,350,21,230,101,0,2,-4
06,15,360,31,235,99,0,1,1
06,15,10,21,267,100,0,3,2
06,15,90,15,291,71,0,2,1
06,15,160,41,292,98,0,1,-1
06,15,200,26,284,143,0,2,-63
06,15,990,5,206,112,0,5,1
06,15,220,36,170,157,2,8,-8
06,15,10,41,153,132,0,7,2
06,15,350,10,201,140,0,7,4
06,15,360,41,241,171,0,6,-6
06,15,10,36,259,167,0,1,-4
06,15,330,21,257,129,0,2,-5
06,15,360,31,275,84,0,3,-2
06,15,150,41,304,49,0,1,0
06,15,200,26,290,140,0,6,-3
06,15,190,82,198,110,0,6,14
06,15,190,72,132,118,1,7,28
06,15,300,41,169,134,0,8,-1
06,15,180,31,131,126,2,8,-3
06,15,320,41,186,91,0,1,1
06,15,220,46,140,135,-1,8,-4
06,15,240,62,188,134,0,5,-12
06,15,250,46,195,158,0,7,8
06,15,290,57,201,140,0,4,0
06,15,320,46,205,117,0,5,-7
06,15,360,36,176,100,0,7,5
06,15,20,46,199,109,0,7,-5
06,15,300,67,169,91,0,7,-9
06,15,330,51,173,74,0,4,7
06,15,350,15,186,86,0,8,-6
06,15,280,31,184,128,0,8,8
06,15,290,77,192,105,0,4,-23
06,15,40,15,186,99,0,7,8
06,15,80,46,257,82,0,0,2
06,15,70,36,271,80,0,0,-2
06,15,180,51,254,45,0,7,8
06,15,220,41,171,158,-1,8,-2
06,15,190,41,141,121,2,6,16
06,15,220,46,121,95,2,7,-2
06,15,270,67,132,54,0,5,7
06,15,220,41,134,125,1,8,0
06,15,240,51,152,123,0,8,1
06,15,340,98,129,101,0,8,-28
06,15,250,51,106,89,5,8,6
06,15,320,72,149,79,0,4,-9
06,15,20,36,156,84,0,6,-12
06,15,20,31,194,104,0,7,-6
06,15,20,36,194,122,0,4,-4
06,15,300,46,222,119,0,1,-1
06,15,280,62,193,106,0,5,-13
06,15,320,36,133,107,-1,8,0
06,15,990,10,170,123,0,7,15
06,15,260,62,234,75,0,7,5
06,15,290,51,226,139,0,2,-5
06,15,270,31,187,144,0,8,-1
06,15,210,62,195,132,-1,8,4
06,15,300,62,205,122,0,4,-4
06,15,300,21,211,73,0,2,-3
06,15,110,51,279,106,0,2,0
06,15,220,62,240,180,0,7,-4
06,15,300,31,246,173,0,6,-7
06,15,270,21,256,94,0,6,3
06,15,50,21,295,177,0,2,1
06,15,290,57,232,122,0,3,-4
06,15,80,26,229,103,0,2,-3
06,15,320,46,179,98,0,3,-6
06,15,320,46,162,84,0,7,3
06,15,230,41,181,100,0,7,2
06,15,210,21,120,115,114,7,22
06,15,270,31,144,130,0,8,17
06,15,260,31,153,92,0,7,-1
06,15,310,46,122,114,16,8,3
06,15,270,72,139,70,0,4,-15
06,15,260,51,100,93,12,7,-1
06,15,230,41,117,106,2,7,3
06,15,80,10,122,111,7,7,14
06,15,320,21,136,120,0,7,-19
06,15,330,41,178,107,0,7,-10
06,15,290,57,142,92,0,7,-16
06,15,270,57,122,92,-1,7,-16
06,15,280,57,139,85,0,6,-2
06,15,240,57,141,123,-1,8,-4
06,15,300,36,193,130,0,6,-1
06,15,220,36,227,126,0,1,3
06,15,280,21,250,150,0,7,0
06,15,330,72,194,122,0,3,-18
06,15,340,72,170,76,0,5,-4
06,15,360,51,179,115,0,7,-2
06,15,90,10,198,118,0,6,0
06,15,340,57,259,137,0,4,1
06,15,10,41,272,149,0,0,5
06,15,60,72,283,138,0,2,-2
06,15,30,62,281,147,0,1,5
06,15,350,36,276,120,0,1,2
06,15,990,10,295,91,0,0,7
06,15,250,46,183,77,0,6,-10
06,15,20,10,193,71,0,6,-8
06,15,230,31,211,77,0,3,-10
06,15,200,31,234,108,0,1,-5
06,15,140,51,282,85,0,1,1
06,15,210,26,307,155,0,5,-10
06,15,230,21,307,167,0,5,-38
06,15,20,31,203,179,0,6,3
06,15,300,41,182,135,0,7,-1
06,15,990,15,270,144,0,3,8
06,15,240,41,274,157,0,1,-5
06,15,310,57,180,83,0,2,7
06,15,310,57,200,60,0,2,-9
06,15,360,36,184,84,0,6,-7
06,15,20,46,214,22,0,4,4
06,15,360,36,235,91,0,4,-9
06,15,260,21,263,92,0,5,-7
06,15,330,67,210,83,0,4,-8
06,15,290,57,151,79,0,7,-1
06,15,280,41,149,82,0,7,-3
06,15,310,51,152,49,0,7,-1
06,15,330,82,138,88,-1,7,7
06,15,310,62,134,87,0,8,2
06,15,340,31,120,114,1,7,9
06,15,990,10,150,98,0,8,-2
06,15,280,31,223,101,0,3,0
06,15,340,26,196,146,0,7,1
06,15,270,51,223,117,0,7,-6
06,15,260,62,122,108,2,8,0
06,15,230,62,168,129,-1,8,0
06,15,60,110,187,48,0,6,-3
06,15,80,70,209,64,0,4,-2
06,15,20,20,226,10,0,1,-3
06,15,280,20,244,71,0,1,2
06,15,140,60,262,68,0,7,-10
06,15,160,40,266,140,0,6,8
06,15,230,30,195,171,28,7,1
06,15,280,20,187,159,11,7,-8
06,15,240,20,223,95,0,2,-3
06,15,70,60,255,130,0,2,1
06,15,140,10,212,198,-1,8,3
06,15,230,40,206,136,0,7,7
06,15,290,40,197,147,-1,7,-4
06,15,280,60,190,145,0,6,-9
06,15,300,40,160,92,0,7,0
06,15,40,30,197,93,0,3,-6
06,15,10,20,180,86,0,3,-2
06,15,290,20,187,55,0,5,3
06,15,160,30,217,82,0,7,-8
06,15,210,50,164,84,0,7,11
06,15,240,30,144,119,-1,7,4
06,15,230,90,179,93,0,7,-53
06,15,280,80,137,103,0,7,-1
06,15,300,60,158,83,0,7,3
06,15,100,20,146,126,1,8,3
06,15,60,20,153,148,32,7,-6
06,15,150,30,183,130,0,4,-32
06,15,210,70,202,106,0,5,-1
06,15,340,30,173,167,-1,8,-9
06,15,280,20,148,130,0,8,1
06,15,190,20,210,101,0,6,7
06,15,280,50,164,150,16,8,13
06,15,200,80,197,107,0,7,-27
06,15,280,20,195,102,0,3,3
06,15,50,60,172,149,0,8,14
06,15,150,50,263,198,0,7,2
06,15,250,20,168,137,0,7,17
06,15,200,60,192,109,0,6,-6
06,15,190,50,182,156,-1,8,3
06,15,230,80,191,107,0,4,-5
06,15,240,40,153,127,8,6,-23
06,15,340,60,138,69,0,7,-1
06,15,160,60,177,59,0,7,-3
06,15,180,30,149,139,14,7,-9
06,15,990,10,145,127,27,7,20
06,15,280,60,150,118,-1,7,1
06,15,200,40,145,118,3,7,-6
06,15,250,40,163,132,2,8,-8
06,15,290,30,223,167,0,7,4
06,15,150,20,284,140,0,4,-1
06,15,260,40,309,203,0,5,-21
06,15,270,50,204,102,0,6,-10
06,15,240,40,167,122,1,8,-10
06,15,200,20,239,166,0,4,7
06,15,240,60,200,126,0,5,-3
06,15,250,50,224,128,0,7,-3
06,15,210,60,214,121,0,7,-24
06,15,240,50,151,134,8,7,0
06,15,230,30,169,130,0,8,-18
06,15,220,50,151,146,2,8,6
06,15,40,30,215,129,0,7,-4
06,15,210,80,238,157,0,7,-11
06,15,200,50,208,111,0,7,-48
06,15,220,90,164,124,-1,7,-9
06,15,280,20,137,109,3,7,-1
06,15,230,80,162,96,-1,6,-40
06,15,250,30,190,103,0,5,5
06,15,260,70,170,56,0,1,-3
06,15,240,60,182,88,0,5,-2
06,15,320,40,182,95,0,6,-6
06,15,990,10,126,109,4,8,5
06,15,100,20,178,82,0,6,4
06,15,360,30,211,136,0,7,-1
06,15,360,30,246,121,0,4,-33
06,15,350,30,240,105,0,1,0
06,15,360,30,247,121,0,3,-4
06,15,300,60,230,137,0,6,-21
06,15,350,50,178,68,0,6,-4
06,15,290,10,228,74,0,4,1
06,15,260,40,164,158,6,8,-25
06,15,250,30,111,92,15,7,27
06,15,250,20,130,106,-1,7,18
06,15,10,30,174,87,0,7,3
06,15,10,30,190,90,0,5,1
06,15,50,40,204,60,0,0,-1
06,15,170,20,252,92,0,6,1
06,15,200,60,221,139,0,7,-3
06,15,230,80,181,95,0,4,11
06,15,200,60,194,150,0,7,8
06,15,300,50,211,128,0,5,-8
06,15,240,50,203,136,0,7,16
06,15,230,30,237,146,0,1,3
06,15,50,40,267,181,0,7,-9
06,15,270,20,217,133,0,4,5
06,15,350,50,117,109,37,8,-2
06,15,290,30,177,99,0,6,-16
06,15,300,40,169,73,0,4,-1
06,15,120,40,228,86,0,1,-1
06,15,180,50,300,152,0,1,-1
06,15,320,40,208,141,0,7,-5
06,15,300,40,192,113,0,7,1
06,15,240,50,227,135,0,5,-6
06,15,290,40,248,151,0,2,-4
06,15,250,50,224,155,0,7,-8
06,15,330,60,200,87,0,3,-7
06,15,360,30,188,62,0,5,-3
06,15,100,20,212,33,0,1,8
06,15,110,20,294,103,0,1,1
06,15,210,40,328,165,0,1,0
06,15,210,100,329,102,0,1,-5
06,15,260,70,218,142,0,7,-27
06,15,240,70,189,85,0,7,17
06,15,250,40,172,133,-1,8,6
06,15,250,40,136,117,-1,8,-6
06,15,330,60,148,85,0,6,-6
06,15,320,70,165,59,0,5,-12
06,15,20,30,169,78,0,6,14
06,15,340,40,169,72,0,5,11
06,15,260,50,156,94,0,6,-9
06,15,330,30,192,105,0,6,8
06,15,260,60,150,76,0,8,-1
06,15,300,80,117,103,4,7,-11
06,15,310,90,115,45,0,7,0
06,15,270,50,150,68,0,7,-4
06,15,230,50,223,72,0,7,0
06,15,260,50,188,95,0,7,-6
06,15,280,60,152,70,0,7,3
06,15,280,50,162,40,0,7,-7
06,15,20,10,171,22,0,6,-9
06,15,320,70,135,77,-1,6,-7
06,15,300,60,164,49,0,6,2
06,15,300,40,172,84,0,7,7
06,15,270,30,183,86,0,7,12
06,15,160,20,226,72,0,2,-6
06,15,210,70,213,105,0,8,-1
06,15,200,50,200,113,1,6,6
06,15,300,40,153,134,1,7,-7
06,15,330,50,142,97,0,7,-1
06,15,350,20,186,74,0,2,0
06,15,240,40,230,93,0,7,5
06,15,300,70,171,67,0,4,-13
06,15,310,60,175,97,0,5,-10
06,15,60,10,201,95,0,3,2
06,15,190,20,249,128,0,6,3
06,15,50,40,259,88,0,3,-5
06,15,120,30,298,138,0,6,5
06,15,260,50,215,153,0,7,-12
06,15,250,60,242,110,0,3,-6
06,15,210,30,237,149,0,7,1
06,15,280,40,201,178,13,7,12
06,15,70,30,201,38,0,1,0
06,15,110,40,245,61,0,6,-6
06,15,180,30,237,142,-1,7,-19
06,15,160,30,245,114,0,3,6
06,15,110,30,207,164,1,7,-13
06,15,270,30,198,115,0,5,11
06,15,240,60,164,115,0,7,-15
06,15,200,40,210,88,0,6,-8
06,15,230,40,211,93,0,7,-3
06,15,200,50,130,117,40,7,-6
06,15,280,60,160,127,2,4,6
06,15,240,90,200,135,0,7,3
06,15,260,40,148,136,-1,8,3
06,15,170,40,239,164,0,5,3
06,15,230,50,206,121,0,6,5
06,15,220,60,233,158,0,4,12
06,15,250,20,319,183,0,1,2
06,15,290,90,251,174,0,5,-31
06,15,320,20,231,109,0,5,4
06,15,280,50,187,157,0,6,-1
06,15,290,50,212,120,0,2,-3
06,15,280,40,221,158,0,7,-4
06,15,320,40,207,103,0,7,-9
06,15,300,50,207,80,0,2,-10
06,15,280,20,222,87,0,6,2
06,15,250,50,236,111,0,1,-2
06,15,310,60,190,99,0,4,-11
06,15,290,80,154,92,-1,7,1
06,15,270,50,183,97,0,7,-13
06,15,250,50,183,110,0,7,7
06,15,90,30,282,148,0,3,1
06,15,230,70,211,177,1,7,-13
06,15,150,20,244,160,0,7,-2
06,15,160,50,276,203,0,4,6
06,15,280,30,215,107,0,4,-1
06,15,220,30,254,129,0,4,-8
06,15,230,50,276,135,0,3,-4
06,15,270,20,224,178,0,,-37
06,15,200,20,209,89,0,2,4
06,15,210,70,234,174,0,7,-3
06,15,260,30,229,135,0,4,8
06,15,230,20,266,141,0,6,-16
06,15,30,20,242,99,0,3,-4
06,15,20,40,220,132,0,7,-8
06,15,50,30,234,80,0,6,3
06,15,50,40,242,113,0,3,3
06,15,210,30,264,132,0,6,-35
06,15,300,60,225,131,0,5,-4
06,15,240,60,196,155,0,8,0
06,15,310,70,189,69,0,3,-8
06,15,300,30,206,88,0,7,7
06,15,160,30,244,125,-1,7,-3
06,15,270,70,227,153,0,4,-7
06,15,300,50,216,100,0,4,-1
06,15,60,40,226,112,0,5,3
06,15,50,50,252,105,0,4,-5
06,15,220,30,277,116,0,6,-7
06,15,260,30,242,124,0,7,-16
06,15,990,10,257,97,0,4,-2
06,15,100,30,186,146,0,7,1
06,15,60,40,215,75,0,6,-1
06,15,340,50,142,125,-1,8,-4
06,15,320,40,195,112,0,6,-11
06,15,270,40,178,139,0,7,2
06,15,340,60,163,89,0,7,-12
06,15,990,10,203,101,0,2,1
06,15,220,30,262,135,0,7,-2
06,15,240,40,299,156,0,5,4
06,15,240,40,276,171,0,6,3
06,15,200,20,185,171,4,8,-1
06,15,210,40,163,145,5,,24
06,15,310,60,151,116,1,,-7
06,15,330,30,175,82,0,,5
06,15,250,40,237,139,0,,-5
06,15,320,80,208,148,0,7,-27
06,15,320,40,197,86,0,5,-5
06,15,270,60,170,105,0,7,9
06,15,220,30,153,133,22,7,0
06,15,300,50,165,47,0,4,-2
06,15,290,40,168,58,0,8,-8
06,15,300,10,125,102,10,5,33
06,15,120,30,174,133,0,7,8
06,15,230,90,169,134,8,5,16
06,15,240,90,171,63,0,6,-41
06,15,280,50,163,98,0,7,-5
06,15,200,20,211,90,0,8,-4
06,15,290,60,224,157,0,4,-3
06,15,290,70,214,81,0,3,-14
06,15,280,60,221,106,0,6,-15
06,15,200,50,242,118,0,6,-8
06,15,200,20,197,63,0,,-7
06,15,240,50,196,136,0,,12
06,15,210,70,267,122,0,,-14
06,15,250,50,152,118,1,,-5
06,15,250,30,160,128,0,,-7
06,15,360,60,142,80,0,,0
06,15,350,50,141,44,0,,-9
06,15,360,40,173,62,0,,-1
06,15,10,40,185,65,0,,-3
06,15,340,50,186,104,0,,-11
06,15,330,60,145,42,0,,1
06,15,220,50,158,41,0,,-5
06,15,280,40,172,53,0,,-3
06,15,250,40,233,7,0,,-7
06,15,220,80,255,81,0,,-30
06,15,240,60,233,97,0,,-9
06,15,280,40,212,168,0,,3
06,15,50,40,257,112,0,,-2
06,15,110,40,304,72,0,,0
06,15,160,40,334,103,0,,3
06,15,350,50,266,129,0,,-9
06,15,40,30,259,128,0,,-1
06,15,150,20,312,142,0,,1
06,15,310,30,330,150,0,,-2
06,15,10,60,219,173,0,,-11
06,15,30,40,235,82,0,,-2
06,15,30,30,262,123,0,,-1
06,15,60,30,263,59,0,,2
06,15,20,40,241,187,0,,-8
06,15,140,10,178,154,10,,-4
06,15,320,60,117,56,0,,6
06,15,330,20,171,64,0,,6
06,15,280,40,187,123,0,,0
06,15,300,50,166,73,0,,0
06,15,360,60,152,53,0,,-1
06,15,350,30,185,72,0,,-3
06,15,220,20,203,67,0,,-6
06,15,50,40,234,80,0,,5
06,15,40,40,264,102,0,,-4
06,15,130,50,276,83,0,,0
06,15,130,40,299,96,0,,-7
06,15,150,40,305,95,0,,-5
06,15,230,30,322,109,0,,-2
06,15,320,40,209,157,0,,-15
06,15,290,30,147,129,0,,2
06,15,310,30,182,79,0,,-8
06,15,310,20,235,103,0,,2
06,15,210,30,290,107,0,,-6
06,15,280,40,250,143,0,,-4
06,15,260,50,227,123,0,,7
06,15,220,80,179,133,0,,12
06,15,260,50,169,83,0,,-3
06,15,990,10,204,87,0,,3
06,15,210,20,258,96,0,,0
06,15,340,40,206,174,1,,-22
06,15,250,70,175,137,0,,-7
06,15,260,10,173,106,0,,2
06,15,340,30,210,87,0,,1
06,15,360,30,234,106,0,,4
06,15,360,30,271,139,0,,1
06,15,90,30,217,87,0,8,3
06,15,20,40,235,105,0,1,0
06,15,30,30,223,140,0,5,-4
06,15,40,40,222,103,0,6,8
06,15,50,50,234,131,0,7,-2
06,15,30,50,232,131,0,1,2
06,15,40,50,276,172,0,2,-1
06,15,210,60,255,164,-1,8,-53
06,15,270,20,194,164,0,7,-3
06,15,30,20,218,165,0,7,3
06,15,330,30,251,179,0,6,5
06,15,210,30,178,146,0,8,13
06,15,270,40,231,132,0,6,-20
06,15,140,40,221,165,0,8,3
06,15,220,70,210,121,0,7,9
06,15,250,80,139,111,35,7,20
06,15,250,20,212,114,0,6,6
06,15,250,20,216,145,-1,7,5
06,15,110,30,260,129,0,0,2
06,15,280,30,238,125,0,7,-2
06,15,140,40,172,124,-1,8,0
06,15,210,80,197,119,0,7,-27
06,15,240,60,171,156,1,7,-3
06,15,990,10,178,139,-1,8,2
06,15,230,80,176,117,22,2,-49
06,15,280,80,135,75,0,8,-4
06,15,240,70,166,68,0,8,-10
06,15,280,50,185,41,0,3,-12
06,15,210,70,147,135,1,8,13
06,15,230,30,201,128,0,8,2
06,15,200,20,230,138,0,4,2
06,15,40,50,279,164,0,6,-7
06,15,270,30,216,170,0,3,0
06,15,310,30,203,155,0,8,0
06,15,300,30,163,156,0,8,9
06,15,50,20,237,158,0,7,-43
06,15,230,30,174,142,-1,8,-3
06,15,330,30,250,175,0,0,0
06,15,20,30,272,118,0,4,-11
06,15,330,60,224,144,0,5,-8
06,15,310,60,176,73,0,7,-11
06,15,330,20,118,101,9,8,0
06,15,340,50,139,74,0,7,14
06,15,210,40,137,113,0,7,-6
06,15,250,50,140,102,0,8,11
06,15,320,30,167,71,0,8,8
06,15,270,20,200,49,0,2,5
06,15,230,60,217,98,0,2,-12
06,15,210,70,181,156,-1,8,12
06,15,240,60,187,94,0,7,1
06,15,190,20,218,139,0,8,3
06,15,260,80,255,177,0,3,-9
06,15,310,40,198,92,0,2,-1
06,15,50,40,232,103,0,0,1
06,15,280,60,230,140,0,6,-2
06,15,230,40,220,91,0,3,-2
06,15,260,80,210,44,0,0,4
06,15,250,80,239,132,0,4,-4
06,15,230,60,210,109,0,7,10
06,15,320,20,218,125,0,8,3
06,15,40,30,249,102,0,6,-61
06,15,10,80,234,89,0,0,-8
06,15,330,70,157,52,0,7,-8
06,15,300,50,137,35,0,8,-9
06,15,990,10,143,27,0,8,-4
06,15,90,50,147,51,0,7,-8
06,15,210,40,125,116,41,8,26
06,15,260,10,181,60,0,5,7
06,15,230,40,158,139,13,7,18
06,15,200,50,145,118,1,8,7
06,15,290,40,131,119,17,8,11
06,15,300,60,183,52,0,2,-1
06,15,310,20,213,60,0,1,11
06,15,990,10,196,163,0,8,1
06,15,120,20,168,117,-1,7,4
06,15,320,40,178,112,0,8,9
06,15,170,40,230,106,0,5,6
06,15,290,50,213,93,0,7,-10
06,15,300,80,181,60,0,2,-6
06,15,310,40,142,65,-1,8,6
06,15,320,60,190,64,0,6,-27
06,15,360,30,182,78,0,8,1
06,15,30,50,228,87,0,5,-1
06,15,40,80,249,78,0,0,2
06,15,70,50,258,151,0,3,2
06,15,40,40,257,152,0,1,0
06,15,340,30,259,155,0,4,-1
06,15,260,20,239,171,0,2,11
06,15,330,30,271,142,0,2,1
06,15,10,30,281,144,0,1,-1
06,15,300,30,175,82,0,8,-2
06,15,350,50,219,87,0,1,-2
06,15,10,50,233,65,0,0,0
06,15,10,30,246,69,0,0,0
06,15,990,10,276,71,0,0,-4
06,15,290,20,234,150,0,8,-12
06,15,230,60,202,94,0,7,1
06,15,200,70,243,122,0,7,-13
06,15,140,20,190,156,-1,8,5
06,15,130,20,221,170,0,7,2
06,15,280,70,180,133,0,5,-10
06,15,340,80,190,91,0,4,-4
06,15,360,30,166,77,0,5,-1
06,15,40,60,230,85,0,1,-5
06,15,10,80,186,64,0,0,-1
06,15,70,80,231,41,0,0,1
06,15,70,60,241,64,0,5,7
06,15,320,60,164,116,-1,8,-11
06,15,330,90,149,50,0,7,-6
06,15,320,60,142,74,0,8,-9
06,15,350,40,198,60,0,4,-13
06,15,20,20,219,45,0,0,-2
06,15,30,30,268,77,0,0,-8
06,15,270,30,268,117,0,2,-1
06,15,360,30,252,115,0,2,-3
06,15,30,30,261,96,0,1,1
06,15,60,20,290,69,0,0,-1
06,15,290,30,304,109,0,1,-6
06,15,280,50,260,112,0,8,-5
06,15,330,50,278,138,0,4,-16
06,15,10,50,205,31,0,0,2
06,15,50,60,237,41,0,0,-4
06,15,50,70,260,120,0,0,3
06,15,50,70,297,134,0,2,-8
06,15,10,30,230,164,0,7,-2
06,15,210,30,207,169,-1,7,19
06,15,120,20,215,126,0,7,-5
06,15,280,30,177,84,0,7,-2
06,15,240,40,195,36,0,7,-7
06,15,140,30,186,77,-1,8,-55
06,15,220,30,153,115,23,8,0
06,15,200,20,190,52,0,8,-4
06,15,220,60,207,142,0,8,-11
06,15,290,30,216,105,0,7,0
06,15,240,50,242,137,0,6,-2
06,15,260,20,153,135,12,8,-2
06,15,210,50,161,108,3,8,-4
06,15,210,50,153,116,5,7,-1
06,15,280,60,167,117,-1,8,-6
06,15,190,10,168,131,0,8,1
06,15,240,50,219,141,0,7,1
06,15,230,80,180,104,0,6,-21
06,15,240,60,151,111,4,7,11
06,15,300,40,168,89,0,7,17
06,15,220,50,147,142,1,8,5
06,15,990,10,242,166,0,4,3
06,15,130,30,318,195,0,0,3
06,15,150,50,341,210,0,4,-1
06,15,330,70,195,125,0,7,3
06,15,310,50,187,106,1,8,-2
06,15,330,40,156,108,0,8,7
06,15,320,30,177,38,0,1,-2
06,15,20,40,92,84,-1,8,-1
06,15,350,70,82,74,4,8,12
06,15,220,40,165,41,0,5,-10
06,15,260,20,157,128,2,8,21
06,15,180,30,204,141,1,7,-5
06,15,250,60,194,93,0,3,-19
06,15,230,70,157,75,0,7,5
06,15,220,20,195,77,0,8,-1
06,15,240,60,146,115,-1,8,-7
06,15,350,40,178,128,0,6,-1
06,15,320,40,150,75,0,8,-7
06,15,360,20,181,44,0,0,0
06,15,280,20,173,143,-1,7,23
06,15,240,80,181,96,0,7,-3
06,15,210,50,199,101,0,5,3
06,15,280,40,178,126,0,8,-2
06,15,40,20,199,111,0,6,1
06,15,360,30,217,145,0,7,-1
06,15,130,40,229,161,-1,8,0
06,15,220,70,191,109,0,7,-30
06,15,240,50,190,90,0,8,-4
06,15,230,90,158,128,0,7,6
06,15,300,60,164,93,0,8,4
06,15,320,20,223,108,0,4,6
06,15,270,50,221,167,0,7,4
06,15,110,40,283,190,0,7,10
06,15,210,60,213,155,0,8,-6
06,15,210,50,246,108,0,8,1
06,15,320,70,148,91,0,5,-3
06,15,350,50,171,64,0,5,-13
06,15,350,60,155,61,0,2,2
06,15,60,40,206,82,0,1,10
06,15,20,20,232,74,0,6,3
06,15,40,40,266,105,0,6,1
06,15,50,40,261,93,0,2,3
06,15,10,50,241,116,0,0,-7
06,15,350,50,199,95,0,1,-3
06,15,300,20,177,73,0,0,4
06,15,240,30,221,98,0,7,4
06,15,200,50,234,152,0,7,-15
06,15,240,50,144,118,8,8,-8
06,15,200,30,185,79,0,5,5
06,15,240,90,187,47,0,5,10
06,15,260,20,191,77,-1,8,-6
06,15,80,50,241,148,-1,1,11
06,15,140,40,309,145,0,7,-1
06,15,360,40,258,177,0,8,-2
06,15,50,30,232,186,0,7,7
06,15,240,70,185,135,0,8,1
06,15,210,70,169,129,0,8,10
06,15,220,40,173,144,13,8,11
06,15,280,30,135,123,1,8,-5
06,15,360,40,169,63,0,8,0
06,15,240,30,166,83,0,8,-6
06,15,310,40,151,83,0,8,-2
06,15,240,40,164,126,0,8,-2
06,15,350,60,181,86,0,7,-2
06,15,240,50,221,136,0,6,-1
06,15,300,20,193,68,0,1,-8
06,15,220,20,212,72,0,8,-4
06,15,990,10,215,102,0,8,-5
06,15,180,40,179,131,1,8,-4
06,15,250,30,143,113,22,8,25
06,15,160,20,240,83,0,0,10
06,15,270,30,280,177,0,4,4
06,15,10,30,264,170,0,0,-1
06,15,240,20,278,187,0,1,3
06,15,260,10,220,194,3,8,14
06,15,310,40,213,111,0,3,6
06,15,40,40,224,105,0,3,6
06,15,310,40,221,117,0,4,-4
06,15,360,50,185,99,0,8,1
06,15,10,50,197,90,0,8,2
06,15,330,40,171,114,-1,8,-2
06,15,360,60,202,127,0,6,-2
06,15,360,40,192,127,0,7,17
06,15,310,40,154,126,-1,8,1
06,15,340,50,174,89,0,8,-8
06,15,260,30,207,110,0,7,7
06,15,350,50,203,92,0,6,5
06,15,30,30,214,92,0,6,-2
06,15,320,40,226,108,0,8,0
06,15,20,40,194,61,0,6,0
06,15,330,20,229,69,0,8,-10
06,15,290,40,224,104,0,8,-44
06,15,160,50,174,123,0,8,-15
06,15,240,40,181,129,1,8,14
06,15,360,30,177,93,0,7,11
06,15,210,40,177,45,0,4,-3
06,15,210,110,184,126,0,8,0
06,15,270,40,178,84,0,8,-5
06,15,90,50,228,90,0,0,6
06,15,180,40,333,142,0,1,-17
06,15,290,50,195,27,0,0,2
06,15,320,40,198,67,0,5,-3
06,15,10,70,168,50,0,6,6
06,15,30,60,154,45,0,5,11
06,15,40,50,222,51,0,0,1
06,15,110,40,252,65,0,0,5
06,15,90,30,300,129,0,1,-5
06,15,230,80,224,97,0,5,-2
06,15,320,30,234,103,0,3,-18
06,15,30,40,198,54,0,6,0
06,15,30,40,164,49,0,8,3
06,15,250,70,231,99,0,8,1
06,15,290,60,162,70,0,7,-11
06,15,290,40,145,90,0,8,-2
06,15,320,20,175,68,0,7,-9
06,15,270,70,207,113,0,5,-6
06,15,290,40,150,99,-1,7,5
06,15,300,70,156,98,0,8,-6
06,15,250,40,210,100,0,7,-1
06,15,290,30,247,86,0,1,1
06,15,220,30,266,130,0,7,8
06,15,300,70,229,77,0,0,-12
06,15,230,40,252,112,0,7,-7
06,15,260,30,254,105,0,2,-10
06,15,70,40,294,92,0,0,-4
06,15,240,30,186,180,10,7,16
06,15,330,70,185,154,0,8,-9
06,15,310,40,210,164,0,5,-1
06,15,290,30,232,166,-1,7,-47
06,15,30,40,279,135,0,1,-4
06,15,20,40,264,155,0,8,-2
06,15,10,50,273,159,0,2,-50
06,15,340,30,222,132,0,8,0
06,15,340,40,213,68,0,0,2
06,15,350,20,224,93,0,2,-3
06,15,10,30,213,129,0,8,1
06,15,90,30,195,147,-1,8,-41
06,15,210,50,156,144,25,8,-5
06,15,230,70,193,125,0,8,-30
06,15,990,10,183,143,0,6,3
06,15,160,60,157,118,-1,8,1
06,15,340,40,181,134,-1,7,-3
06,15,280,60,154,125,1,7,1
06,15,300,30,182,90,0,8,7
06,15,180,50,158,150,42,8,2
06,15,200,40,203,170,0,8,1
06,15,190,30,251,173,0,8,1
06,15,180,30,313,226,0,3,-1
06,15,290,40,234,150,0,7,-5
06,15,270,20,163,150,3,8,16
06,15,220,40,177,123,0,3,-10
06,15,260,60,179,152,-1,8,-18
06,15,190,50,220,109,0,8,-7
06,15,230,80,208,96,0,7,-3
06,15,210,70,189,151,0,8,-16
06,15,990,10,257,93,0,8,-10
06,15,270,50,279,80,0,8,-5
06,15,300,50,216,123,2,8,7
06,15,290,70,199,64,0,1,2
06,15,190,50,219,65,0,7,-6
06,15,210,70,140,102,7,7,24
06,15,260,100,185,63,0,4,8
06,15,200,70,237,119,0,8,3
06,15,280,50,196,106,0,3,-2
06,15,230,50,245,117,0,3,4
06,15,230,30,267,131,0,8,2
06,15,270,70,177,92,0,8,6
06,15,300,30,203,105,0,8,6
06,15,70,30,250,93,0,0,3
06,15,290,50,274,144,0,2,-13
06,15,310,50,179,93,0,8,3
06,15,310,30,231,145,0,8,6
06,15,70,40,270,139,0,2,7
06,15,170,30,313,102,0,0,0
06,15,30,50,308,146,0,6,-13
06,15,100,30,305,131,0,8,1
06,15,310,70,297,145,0,3,-19
06,15,250,70,252,118,0,7,-1
06,15,240,50,186,152,0,8,-11
06,15,240,40,205,131,0,8,2
06,15,320,30,235,73,0,0,-2
06,15,60,30,183,152,-1,8,4
06,15,230,60,200,165,-1,8,6
06,15,210,50,220,119,0,8,-6
06,15,230,50,224,117,0,8,-22
06,15,290,40,172,160,-1,8,-3
06,15,250,30,204,145,0,8,-4
06,15,10,20,244,146,0,7,-2
06,15,10,50,235,158,0,2,6
06,15,30,30,194,142,0,8,6
06,15,40,20,283,132,0,0,-3
06,15,250,40,270,184,0,8,-32
06,15,20,30,228,173,0,7,-10
06,15,340,30,261,171,0,7,-3
06,15,10,50,248,139,0,1,-7
06,15,60,60,227,109,0,8,-2
06,15,350,60,180,113,0,8,-14
06,15,30,20,179,91,0,8,-7
06,15,210,50,186,140,-1,8,-3
06,15,220,20,231,91,0,7,12
06,15,250,50,219,108,0,8,-3
06,15,240,60,182,99,0,8,-28
06,15,260,60,198,144,0,8,2
06,15,250,40,208,156,0,8,1
06,15,260,40,275,148,0,1,-3
06,15,320,60,147,66,0,8,14
06,15,310,70,148,85,0,8,-4
06,15,310,20,204,94,0,7,2
06,15,340,50,183,102,0,8,-1
06,15,320,40,227,96,0,0,4
06,15,10,30,237,99,0,7,4
06,15,80,40,267,132,0,6,2
06,15,60,50,276,93,0,3,-11
06,15,350,50,287,115,0,0,-3
06,15,60,60,286,109,0,0,2
06,15,200,20,264,130,0,7,3
06,15,190,80,313,106,0,1,-5
06,15,220,50,207,123,-1,8,-3
06,15,100,50,251,145,0,8,14
06,15,350,20,190,135,0,7,6
06,15,250,20,198,63,0,8,-2
06,15,230,100,176,123,-1,8,-15
06,15,220,90,169,99,1,7,3
06,15,350,30,193,79,0,8,-6
06,15,130,20,183,150,3,8,33
06,15,260,30,200,75,0,7,-5
06,15,220,70,170,124,-1,7,8
06,15,200,60,187,107,-1,8,-7
06,15,240,50,236,121,0,4,9
06,15,270,40,200,148,0,2,-7
06,15,200,40,210,120,0,5,4
06,15,130,10,252,105,0,2,11
06,15,990,10,278,124,0,8,4
06,15,200,40,262,145,0,8,-39
06,15,290,50,211,122,0,8,-13
06,15,280,30,207,80,0,7,-2
06,15,50,30,244,107,0,2,-13
06,15,110,50,296,145,0,6,-7
06,15,160,30,318,158,0,6,3
06,15,230,40,341,181,0,6,-5
06,15,10,50,252,173,0,0,2
06,15,360,40,245,116,0,0,-1
06,15,70,40,254,98,0,0,3
06,15,150,30,332,79,0,0,-1
06,15,280,60,262,133,0,8,-7
06,15,40,40,255,53,0,4,-8
06,15,260,30,288,56,0,8,-14
06,15,290,40,234,74,0,8,-6
06,15,300,30,130,105,1,8,8
06,15,290,60,104,80,6,8,6
06,15,220,110,162,20,0,6,9
06,15,280,50,176,64,0,8,-8
06,15,300,40,171,101,0,8,-13
06,15,350,50,161,83,0,8,0
06,15,320,30,165,110,0,8,13
06,15,70,30,187,107,0,8,5
06,15,260,30,241,147,0,8,-29
06,15,180,20,263,139,0,3,6
06,15,300,20,193,167,0,8,-6
06,15,270,10,245,130,0,8,-3
06,15,80,40,216,155,0,8,7
06,15,50,40,248,132,0,8,-4
06,15,990,10,229,110,0,8,4
06,15,270,30,218,118,0,7,12
06,15,300,50,221,117,0,4,1
06,15,240,70,241,124,0,8,-9
06,15,270,30,236,107,0,1,-4
06,15,20,20,267,121,0,0,3
06,15,60,50,300,119,0,3,-4
06,15,140,50,295,140,0,1,2
06,15,990,10,310,143,0,4,-2
06,15,240,80,196,173,2,8,34
06,15,230,70,207,86,0,7,14
06,15,230,80,193,70,0,8,1
06,15,200,50,168,144,2,8,-4
06,15,350,51,140,32,0,3,0
06,15,130,15,164,17,0,7,4
06,15,300,41,84,64,2,8,-1
06,15,310,46,122,39,0,6,-13
06,15,160,26,147,38,0,6,3
06,15,180,36,140,80,0,8,-2
06,15,290,15,150,123,-1,7,6
06,15,300,21,157,80,0,7,-3
06,15,230,41,165,119,-1,7,1
06,15,240,57,172,89,0,7,0
06,15,280,31,169,55,0,7,-8
06,15,240,51,151,124,1,8,-13
06,15,240,113,165,66,0,6,2
06,15,260,67,170,65,0,7,-2
06,15,240,36,140,126,-1,8,1
06,15,290,26,143,71,0,6,-1
06,15,10,10,172,73,0,,-4
06,15,280,51,134,80,0,,1
06,15,220,77,120,90,5,8,-4
06,15,990,5,126,108,7,8,6
06,15,210,51,198,118,0,6,-3
06,15,210,46,202,114,0,7,8
06,15,220,36,175,97,-1,8,-6
06,15,280,31,175,111,0,7,-6
06,15,240,46,214,164,0,6,6
06,15,240,67,180,86,0,5,-1
06,15,260,51,113,102,37,8,2
06,15,320,46,141,55,-1,7,-7
06,15,280,36,148,83,0,7,6
06,15,240,72,187,113,-1,8,-12
06,15,130,41,243,150,0,7,-53
06,15,60,21,193,169,59,8,-14
06,15,990,15,205,122,0,5,-5
06,15,310,36,137,124,2,8,-1
06,15,40,36,191,119,0,5,-1
06,15,160,15,189,142,0,8,-5
06,15,990,5,177,122,0,8,-1
06,15,10,26,211,133,-1,6,-59
06,15,70,36,206,128,0,6,4
06,15,40,46,225,116,0,2,0
06,15,60,57,195,88,0,7,-8
06,15,40,46,202,100,0,3,3
06,15,40,26,230,126,0,5,4
06,15,290,21,246,85,0,5,7
06,15,990,10,268,124,0,1,2
06,15,30,57,201,108,0,4,-1
06,15,40,46,202,103,0,2,3
06,15,340,26,137,85,-1,7,12
06,15,60,41,157,62,0,6,6
06,15,50,77,242,108,0,1,1
06,15,250,36,152,123,0,8,-3
06,15,40,31,174,123,0,5,2
06,15,30,31,205,100,0,3,1
06,15,40,51,192,113,0,7,0
06,15,20,15,229,119,0,6,-5
06,15,340,15,228,121,0,5,-1
06,15,990,15,268,109,0,2,-6
06,15,990,15,282,95,0,3,-9
06,15,150,36,285,124,0,1,-2
06,15,180,51,303,160,0,5,-17
06,15,260,15,214,90,0,6,-10
06,15,210,41,184,155,-1,8,-5
06,15,340,21,144,139,-1,8,8
06,15,90,31,224,132,0,3,-3
06,15,360,26,252,149,0,7,-5
06,15,40,21,262,143,0,1,-4
06,15,310,31,251,120,0,1,1
06,15,80,26,269,102,0,3,-7
06,15,100,51,300,100,0,1,-1
06,15,170,31,287,138,0,7,5
06,15,190,67,208,97,0,7,-1
06,15,190,62,141,109,-1,8,5
06,15,300,36,162,135,0,8,-16
06,15,160,26,130,122,3,8,-7
06,15,350,21,184,81,0,2,-1
06,15,230,62,143,140,1,8,-5
06,15,270,57,198,108,0,4,7
06,15,240,57,182,156,0,8,6
06,15,290,46,207,116,0,5,-12
06,15,290,41,203,92,0,6,-10
06,15,340,36,184,75,0,7,0
06,15,40,36,190,113,0,7,-1
06,15,290,31,162,114,0,7,0
06,15,290,57,176,59,0,5,-3
06,15,360,26,168,97,0,7,-7
06,15,230,26,173,130,0,8,9
06,15,290,62,187,95,0,4,-8
06,15,360,21,195,102,0,7,-9
06,15,80,57,247,90,0,0,1
06,15,90,31,266,71,0,1,0
06,15,160,36,255,40,0,7,0
06,15,210,31,169,161,1,7,0
06,15,240,51,141,127,38,7,12
06,15,200,57,129,95,-1,8,-12
06,15,250,67,126,62,0,7,16
06,15,210,36,131,123,7,8,1
06,15,230,51,154,127,0,8,0
06,15,340,31,153,128,0,8,-42
06,15,240,51,115,85,-1,8,1
06,15,330,62,153,68,0,5,-18
06,15,10,31,138,84,-1,7,0
06,15,40,31,192,97,0,7,-5
06,15,340,36,186,114,0,6,-2
06,15,290,41,222,127,0,1,1
06,15,270,51,189,97,0,7,-14
06,15,300,36,118,105,5,8,5
06,15,270,15,154,112,0,8,16
06,15,300,31,208,125,0,7,16
06,15,290,41,210,144,0,4,-5
06,15,300,10,171,147,-1,8,7
06,15,220,62,191,131,-1,8,3
06,15,270,72,205,117,0,3,-6
06,15,20,31,199,63,0,3,7
06,15,100,62,272,108,0,2,1
06,15,220,67,235,182,0,7,2
06,15,280,26,243,168,0,4,1
06,15,990,15,261,81,0,7,3
06,15,70,21,296,171,0,1,2
06,15,320,51,234,130,0,3,-4
06,15,50,31,214,120,0,4,6
06,15,320,46,177,98,0,3,-6
06,15,320,31,141,97,-1,7,19
06,15,240,41,194,87,0,7,0
06,15,190,57,142,122,3,7,5
06,15,250,21,149,136,0,7,3
06,15,260,21,159,89,0,7,0
06,15,290,31,122,116,7,8,7
06,15,260,62,138,71,0,4,-9
06,15,260,46,107,91,4,8,-6
06,15,240,57,121,105,21,6,10
06,15,200,15,129,110,1,8,3
06,15,350,36,137,99,-1,7,-5
06,15,350,31,165,97,0,7,-1
06,15,270,41,132,106,2,8,-3
06,15,260,51,117,99,-1,7,-6
06,15,270,31,131,97,0,7,7
06,15,220,62,139,126,5,8,0
06,15,280,36,190,116,0,6,0
06,15,270,46,223,125,0,3,-1
06,15,230,15,250,159,0,6,-1
06,15,310,51,199,129,0,5,-22
06,15,350,62,161,68,0,6,-8
06,15,340,36,176,114,0,8,-6
06,15,40,36,209,131,0,7,-3
06,15,330,46,256,153,0,2,-10
06,15,40,36,269,171,0,0,0
06,15,60,72,274,157,0,4,-2
06,15,60,67,282,158,0,1,-3
06,15,330,26,278,133,0,4,-10
06,15,990,5,294,105,0,0,0
06,15,240,51,178,74,0,6,-6
06,15,50,10,196,56,0,5,-12
06,15,210,21,213,75,0,3,-3
06,15,340,26,222,104,0,4,2
06,15,120,46,280,111,0,0,2
06,15,180,31,311,134,0,1,1
06,15,270,36,328,153,0,4,-21
06,15,330,15,197,194,32,7,17
06,15,260,41,178,135,0,7,-2
06,15,100,26,259,137,0,2,8
06,15,230,31,269,165,0,1,0
06,15,310,46,186,74,0,1,-5
06,15,300,46,191,52,0,3,-4
06,15,350,36,170,82,0,6,-8
06,15,40,41,209,57,0,5,-5
06,15,30,26,225,103,0,6,-1
06,15,290,36,258,104,0,3,-8
06,15,310,51,199,79,0,4,-6
06,15,290,51,161,78,0,7,-10
06,15,310,41,161,57,0,7,-11
06,15,290,51,143,51,0,7,-3
06,15,320,62,146,92,0,7,-7
06,15,310,36,139,87,0,7,-9
06,15,300,26,139,103,-1,7,3
06,15,310,10,153,99,0,6,3
06,15,240,31,227,105,0,2,-11
06,15,350,15,181,146,0,7,11
06,15,270,31,215,121,0,6,-4
06,15,260,72,128,105,2,8,-4
06,15,230,51,172,117,0,8,-10
06,15,60,110,187,69,0,6,7
06,15,70,70,199,73,0,5,6
06,15,70,30,223,29,0,1,1
06,15,330,30,246,44,0,2,0
06,15,120,70,265,65,0,6,-10
06,15,150,40,276,94,0,7,4
06,15,50,20,180,167,51,7,31
06,15,290,40,219,145,0,5,-8
06,15,300,20,218,106,0,4,-4
06,15,60,60,251,130,0,2,3
06,15,140,10,202,187,11,8,1
06,15,230,50,215,129,0,7,-5
06,15,990,10,222,155,-1,7,-15
06,15,280,40,189,142,0,7,-8
06,15,290,40,175,97,0,5,-12
06,15,10,30,196,77,0,3,-3
06,15,40,20,187,81,0,4,1
06,15,340,20,177,63,0,5,6
06,15,90,30,210,76,0,7,2
06,15,230,60,185,76,0,6,-16
06,15,240,40,157,105,24,6,9
06,15,220,90,190,92,0,5,-65
06,15,270,60,136,113,1,7,5
06,15,300,40,155,83,0,6,-8
06,15,250,30,137,110,-1,8,0
06,15,170,20,181,132,0,6,-27
06,15,160,30,177,136,0,6,-38
06,15,200,70,209,115,0,2,-10
06,15,340,30,171,156,0,8,-4
06,15,260,10,147,136,5,8,1
06,15,180,20,204,92,0,7,4
06,15,270,20,192,177,138,7,-27
06,15,200,60,200,117,0,7,-27
06,15,260,40,188,105,0,6,-1
06,15,50,80,169,153,-1,7,6
06,15,140,50,262,199,0,7,1
06,15,290,40,172,135,0,7,13
06,15,210,80,179,102,0,6,6
06,15,200,50,180,162,1,8,2
06,15,230,80,189,101,0,3,-3
06,15,280,20,175,107,0,7,-31
06,15,290,50,128,87,-1,6,-10
06,15,160,40,170,59,0,7,6
06,15,210,40,134,128,30,8,5
06,15,220,20,148,137,24,6,16
06,15,270,70,150,112,0,8,0
06,15,230,60,140,103,0,6,18
06,15,190,20,154,130,1,8,-7
06,15,290,30,222,171,0,7,-6
06,15,160,20,276,135,0,3,-1
06,15,250,30,303,201,0,5,-7
06,15,270,60,208,101,0,5,-6
06,15,240,40,146,135,4,8,5
06,15,140,20,221,166,0,6,6
06,15,250,60,192,142,0,6,1
06,15,170,30,200,146,0,7,13
06,15,210,60,211,116,0,7,-12
06,15,220,60,167,129,-1,7,-8
06,15,230,40,163,123,-1,8,0
06,15,220,70,155,147,-1,7,16
06,15,10,20,212,139,0,5,7
06,15,220,80,239,178,-1,,-12
06,15,200,50,213,117,0,,-18
06,15,210,70,158,136,-1,,10
06,15,280,50,117,96,-1,,25
06,15,230,90,153,104,-1,,6
06,15,230,50,161,121,-1,,15
06,15,260,70,168,64,0,,-3
06,15,230,60,186,95,0,,-9
06,15,310,30,178,89,0,,-5
06,15,270,30,147,117,-1,,0
06,15,310,10,174,87,0,,4
06,15,70,20,211,134,0,,-2
06,15,350,70,204,135,0,,-6
06,15,350,20,241,108,0,,-1
06,15,100,20,249,139,0,2,-3
06,15,300,60,216,134,0,,-11
06,15,340,30,188,80,0,,-1
06,15,230,20,225,43,0,,9
06,15,300,40,139,138,26,,2
06,15,350,30,106,95,0,,27
06,15,250,50,164,107,0,7,-26
06,15,350,30,165,92,0,,-4
06,15,350,30,198,95,0,,-7
06,15,50,40,201,89,0,,-1
06,15,70,30,241,94,0,,7
06,15,200,50,227,145,0,,11
06,15,220,90,188,91,0,,2
06,15,200,80,214,160,0,,-16
06,15,300,40,205,145,0,,10
06,15,230,60,214,143,0,,-8
06,15,280,10,229,151,0,,5
06,15,60,40,262,186,0,,-15
06,15,250,40,218,135,0,,1
06,15,350,40,123,117,13,,-10
06,15,280,40,176,99,0,6,0
06,15,300,40,170,84,0,5,-2
06,15,100,60,218,106,0,,2
06,15,180,50,294,171,0,,1
06,15,290,30,206,151,0,,-6
06,15,280,30,189,126,0,,1
06,15,220,50,223,146,0,,-3
06,15,300,30,237,175,0,1,-9
06,15,250,40,206,163,0,,6
06,15,310,60,187,93,0,4,-2
06,15,340,40,184,62,0,,-7
06,15,110,30,211,71,0,,1
06,15,120,20,285,120,0,,7
06,15,210,50,332,151,0,,-3
06,15,200,60,340,121,0,,-13
06,15,240,70,244,147,0,,-45
06,15,250,50,193,95,0,,-10
06,15,250,50,177,129,-1,,0
06,15,240,60,142,120,0,,-3
06,15,310,40,150,92,0,,-8
06,15,300,30,147,67,0,,6
06,15,360,40,180,92,0,5,4
06,15,340,40,167,74,0,,-2
06,15,280,60,175,83,0,,-21
06,15,290,20,196,107,0,5,3
06,15,260,50,152,79,0,,-6
06,15,300,60,118,103,7,,-13
06,15,300,60,113,46,0,,-1
06,15,270,30,150,83,0,,-3
06,15,240,30,213,77,0,,-8
06,15,250,40,203,92,0,,-18
06,15,250,50,161,82,0,,-8
06,15,270,50,169,49,0,,-15
06,15,350,20,164,39,0,,-1
06,15,340,10,168,41,0,,-56
06,15,280,50,166,48,0,,-11
06,15,300,20,168,86,0,,-3
06,15,290,20,193,79,0,,-1
06,15,360,10,203,78,0,,13
06,15,210,70,221,106,0,,-7
06,15,990,10,170,149,52,,29
06,15,270,20,166,150,4,,-15
06,15,320,40,145,95,0,,-3
06,15,300,10,176,63,0,,7
06,15,230,40,231,98,0,,-7
06,15,300,50,172,80,0,,-15
06,15,300,50,174,100,0,,-8
06,15,170,20,205,81,0,,4
06,15,990,10,247,118,0,,2
06,15,30,40,261,91,0,,-7
06,15,90,50,295,131,0,,2
06,15,270,60,227,154,0,,-12
06,15,250,50,244,117,0,,-5
06,15,210,40,238,143,0,,-7
06,15,290,50,204,151,2,,5
06,15,50,40,194,67,0,,2
06,15,120,50,236,65,0,,4
06,15,190,40,239,132,0,,-10
06,15,150,20,243,125,0,,2
06,15,110,30,218,160,0,,-18
06,15,100,10,215,122,0,,-18
06,15,230,50,182,121,0,,-15
06,15,990,10,224,78,0,,-14
06,15,210,50,219,87,0,,-14
06,15,200,30,129,114,6,,-7
06,15,250,30,143,129,26,,21
06,15,260,50,198,142,0,,0
06,15,250,70,159,137,0,,-2
06,15,170,30,231,157,0,,-1
06,15,230,50,210,119,0,,2
06,15,240,50,228,161,0,,-4
06,15,990,10,311,182,0,,4
06,15,290,70,264,192,0,,-48
06,15,340,20,234,126,0,4,-6
06,15,280,40,179,156,0,,11
06,15,280,40,207,146,0,,-1
06,15,290,50,221,149,0,,-8
06,15,290,40,200,101,0,,-8
06,15,290,40,190,75,0,,8
06,15,310,20,211,93,0,,7
06,15,260,30,233,101,0,,-8
06,15,300,50,177,71,0,,-16
06,15,280,80,153,105,0,,-22
06,15,260,30,182,92,0,,-12
06,15,240,60,180,105,0,,8
06,15,90,40,283,151,0,,-4
06,15,260,60,248,172,0,,-46
06,15,210,20,252,165,0,,-4
06,15,170,50,261,176,0,,13
06,15,250,50,207,119,0,,-5
06,15,230,30,244,111,0,4,2
06,15,240,50,277,139,0,,-5
06,15,150,20,214,194,0,,-3
06,15,220,20,202,98,0,,2
06,15,200,60,238,191,-1,,-1
06,15,240,40,219,134,0,,4
06,15,230,30,262,139,0,,-3
06,15,50,10,225,106,0,,9
06,15,50,40,208,131,0,,1
06,15,30,20,233,91,0,,2
06,15,30,20,231,119,0,,7
06,15,990,10,267,125,0,,-49
06,15,280,60,234,118,0,,-19
06,15,240,60,192,157,0,,-6
06,15,280,60,185,76,0,,-9
06,15,300,40,210,88,0,,-5
06,15,170,30,243,119,0,,0
06,15,280,90,223,159,0,,1
06,15,310,40,210,103,0,,-4
06,15,50,40,220,112,0,,-1
06,15,60,40,241,124,0,,-5
06,15,150,20,275,109,0,7,-2
06,15,320,30,225,136,0,,-3
06,15,990,10,243,109,0,,4
06,15,100,50,183,148,0,,1
06,15,80,30,216,79,0,,-1
06,15,350,50,134,121,8,,-2
06,15,290,30,190,129,0,,-6
06,15,280,50,185,127,0,,-15
06,15,350,40,149,101,0,,-5
06,15,260,20,203,103,0,,0
06,15,300,30,264,132,0,,-3
06,15,210,20,306,125,0,6,-2
06,15,240,30,266,148,0,,7
06,15,160,20,190,174,4,,-9
06,15,230,50,182,144,3,,9
06,15,300,50,170,99,0,,0
06,15,30,30,165,82,0,,8
06,15,260,40,238,132,0,,-2
06,15,300,60,202,144,0,,-26
06,15,280,40,203,84,0,4,-5
06,15,260,40,165,109,-1,8,11
06,15,240,40,155,128,1,7,-11
06,15,280,60,165,38,0,3,-5
06,15,290,40,177,82,0,,-15
06,15,210,40,128,106,2,,24
06,15,160,40,177,135,0,,-9
06,15,250,150,187,114,9,,-5
06,15,250,90,163,82,-1,5,-8
06,15,260,60,156,104,0,,-3
06,15,240,30,209,89,0,,-2
06,15,280,70,220,161,0,,-2
06,15,280,50,203,80,0,,-5
06,15,270,60,208,107,0,,-7
06,15,190,40,243,111,0,,0
06,15,160,20,184,64,0,,9
06,15,250,40,201,142,0,,-1
06,15,180,50,247,150,1,,10
06,15,240,50,163,111,-1,,-3
06,15,280,50,154,121,0,,4
06,15,350,50,135,63,0,,1
06,15,360,50,129,40,0,,6
06,15,50,30,165,67,0,,4
06,15,30,30,193,83,0,,-14
06,15,340,60,173,122,0,,-6
06,15,310,50,146,44,0,,-1
06,15,210,50,159,46,0,,-7
06,15,240,50,164,47,0,,0
06,15,190,30,228,13,0,,2
06,15,240,60,254,93,0,,-2
06,15,230,70,236,91,0,,-14
06,15,280,40,207,164,0,,2
06,15,60,30,259,113,0,,-3
06,15,100,40,304,90,0,,-6
06,15,120,20,333,116,0,,6
06,15,290,40,273,109,0,,-6
06,15,350,30,263,134,0,,-2
06,15,90,30,310,136,0,,-2
06,15,300,20,333,152,0,,-27
06,15,70,40,198,170,0,,7
06,15,60,20,239,74,0,,-1
06,15,330,20,261,110,0,,2
06,15,60,40,270,103,0,,-7
06,15,100,20,247,176,0,,-3
06,15,290,30,156,146,92,,13
06,15,350,60,122,37,0,,-1
06,15,360,10,174,72,0,,-1
06,15,270,50,188,121,0,,-1
06,15,340,40,164,62,0,,3
06,15,360,50,151,50,0,,-7
06,15,340,30,173,68,0,,11
06,15,280,30,197,85,0,,0
06,15,20,20,236,83,0,,-1
06,15,50,30,260,91,0,,1
06,15,150,40,281,96,0,,-2
06,15,110,60,290,89,0,,3
06,15,150,40,301,73,0,,1
06,15,990,10,317,130,0,,6
06,15,40,40,216,157,0,,-10
06,15,280,30,153,135,0,,-4
06,15,330,20,172,59,0,,3
06,15,280,20,237,95,0,,-3
06,15,180,40,291,122,0,,4
06,15,270,40,248,140,0,,1
06,15,270,40,237,131,0,,-1
06,15,220,70,179,133,0,,15
06,15,260,50,175,68,0,,4
06,15,210,10,198,88,0,,2
06,15,990,10,260,103,0,,-4
06,15,10,50,228,171,0,,-10
06,15,240,70,176,143,0,,-7
06,15,290,30,181,112,0,,-4
06,15,20,20,206,88,0,,11
06,15,50,20,240,110,0,,-1
06,15,340,20,273,130,0,,5
06,15,40,20,222,96,0,8,2
06,15,50,40,230,114,0,4,-13
06,15,30,30,220,149,0,6,-7
06,15,20,40,233,114,0,2,-13
06,15,30,40,232,151,0,6,1
06,15,40,30,236,154,0,2,-3
06,15,50,40,281,178,0,2,-4
06,15,110,20,289,156,0,4,-31
06,15,250,50,188,174,7,8,11
06,15,10,20,228,175,0,7,1
06,15,300,20,252,183,0,0,-7
06,15,260,30,179,154,0,8,-2
06,15,300,30,223,157,0,7,-14
06,15,170,50,226,181,0,5,-2
06,15,240,70,210,137,0,7,1
06,15,260,50,162,135,10,8,-17
06,15,250,50,214,127,0,4,-3
06,15,310,40,207,163,-1,8,2
06,15,90,40,255,159,0,0,0
06,15,350,20,221,161,0,6,2
06,15,150,30,165,134,-1,8,0
06,15,220,60,209,122,0,5,-32
06,15,230,50,161,153,29,8,6
06,15,0,0,183,141,-1,8,-5
06,15,220,50,158,140,14,7,8
06,15,270,80,124,98,3,8,-1
06,15,250,50,166,81,0,8,-8
06,15,280,40,177,60,0,1,3
06,15,210,70,156,134,-1,8,-2
06,15,240,50,192,133,0,8,3
06,15,200,30,232,157,0,4,0
06,15,50,50,292,172,0,0,-24
06,15,230,40,227,155,0,3,-14
06,15,270,20,189,164,-1,8,-2
06,15,290,20,198,169,0,8,-6
06,15,80,30,245,132,0,1,3
06,15,250,30,191,152,0,8,-2
06,15,350,20,250,158,0,5,1
06,15,30,30,266,127,0,1,-9
06,15,310,40,234,147,0,5,-10
06,15,300,40,175,71,0,3,-8
06,15,990,10,125,104,1,8,-10
06,15,300,40,143,74,0,8,1
06,15,240,40,148,91,0,7,2
06,15,240,30,116,100,4,8,2
06,15,270,40,182,66,0,2,-6
06,15,230,20,206,80,0,1,-3
06,15,240,60,205,95,0,2,1
06,15,200,70,194,157,0,7,-13
06,15,230,60,191,96,0,7,-10
06,15,210,30,216,134,0,8,6
06,15,250,60,255,184,0,4,-1
06,15,280,40,198,92,0,1,-5
06,15,80,30,227,90,0,2,-2
06,15,280,70,225,143,0,4,0
06,15,210,40,227,99,0,4,1
06,15,280,40,207,104,0,5,0
06,15,240,70,219,143,0,7,4
06,15,240,70,217,112,0,7,-8
06,15,280,20,220,125,0,8,7
06,15,50,80,235,128,0,6,-13
06,15,340,50,233,99,0,0,-9
06,15,360,50,152,64,0,8,-4
06,15,280,50,142,33,0,7,-14
06,15,990,10,140,49,0,8,1
06,15,110,50,142,60,0,8,-5
06,15,170,30,132,111,26,8,0
06,15,990,10,182,75,0,6,5
06,15,210,40,147,127,14,7,19
06,15,130,30,186,112,0,8,-42
06,15,250,40,138,116,4,8,8
06,15,300,40,174,52,0,4,8
06,15,270,20,225,99,0,2,-7
06,15,220,30,190,167,0,8,12
06,15,60,20,167,147,1,7,2
06,15,320,30,176,123,-1,8,11
06,15,160,40,226,116,0,7,11
06,15,290,40,207,111,0,8,-12
06,15,290,40,166,68,0,5,1
06,15,290,50,146,84,0,8,-2
06,15,360,10,136,107,5,8,8
06,15,990,10,185,92,0,6,3
06,15,40,50,227,115,0,2,-4
06,15,50,60,256,112,0,0,-7
06,15,80,60,260,169,0,1,2
06,15,30,30,252,163,0,3,2
06,15,50,40,217,169,-1,7,10
06,15,300,20,252,180,0,2,-9
06,15,350,30,275,153,0,1,1
06,15,340,30,280,170,0,1,-4
06,15,320,20,185,80,0,7,-8
06,15,350,50,212,96,0,6,3
06,15,50,50,228,85,0,0,-1
06,15,70,30,236,62,0,0,0
06,15,50,30,272,82,0,0,-4
06,15,300,20,224,132,-1,8,-3
06,15,270,30,193,116,0,8,-3
06,15,150,40,201,158,12,8,22
06,15,120,20,192,158,-1,8,4
06,15,130,10,223,173,-1,8,0
06,15,260,70,184,135,0,7,-14
06,15,330,50,183,93,0,7,-6
06,15,40,20,168,77,0,7,-3
06,15,30,40,231,83,0,4,-4
06,15,10,40,188,55,0,0,-5
06,15,40,80,226,60,0,0,7
06,15,50,70,238,71,0,1,-5
06,15,320,30,161,115,-1,8,-1
06,15,330,60,131,54,0,7,12
06,15,340,40,137,69,0,8,-7
06,15,20,20,181,59,0,4,12
06,15,50,20,214,40,0,0,5
06,15,10,20,261,65,0,0,1
06,15,270,30,275,109,0,2,-7
06,15,350,30,244,103,0,1,3
06,15,990,10,268,95,0,1,-5
06,15,40,20,287,92,0,0,2
06,15,260,40,306,87,0,0,-6
06,15,290,40,266,93,0,6,-7
06,15,320,30,279,135,0,4,-17
06,15,340,30,206,30,0,0,-3
06,15,50,60,232,44,0,0,1
06,15,50,80,266,114,0,0,-2
06,15,60,70,294,123,0,2,-5
06,15,990,10,222,160,0,5,-3
06,15,280,30,229,156,0,7,-43
06,15,100,30,206,128,0,1,0
06,15,250,40,183,87,0,7,-9
06,15,240,50,206,40,0,7,-12
06,15,110,40,169,102,0,7,-2
06,15,160,30,137,106,5,8,14
06,15,200,30,190,43,0,5,-5
06,15,210,50,207,140,0,8,-3
06,15,300,30,214,86,0,3,2
06,15,250,60,239,137,0,7,-2
06,15,250,50,146,131,20,8,5
06,15,140,30,187,84,0,7,-39
06,15,230,60,154,106,1,2,-11
06,15,270,80,142,113,-1,8,16
06,15,190,10,162,121,0,8,5
06,15,230,50,216,134,0,7,1
06,15,240,70,179,101,0,6,-63
06,15,260,40,155,114,2,8,-27
06,15,290,40,167,77,0,6,0
06,15,210,50,145,139,0,8,3
06,15,150,20,233,161,0,1,6
06,15,180,40,311,175,0,0,0
06,15,110,50,333,184,0,0,2
06,15,310,50,192,125,0,6,2
06,15,280,40,169,106,1,7,19
06,15,330,30,147,100,0,8,2
06,15,30,20,160,57,0,6,0
06,15,10,20,94,83,-1,8,-8
06,15,360,50,78,73,17,8,8
06,15,130,30,148,43,0,7,0
06,15,250,50,172,117,0,7,7
06,15,110,40,202,133,-1,8,-4
06,15,270,70,186,100,0,2,-27
06,15,240,80,142,75,-1,8,16
06,15,990,10,189,66,0,1,-5
06,15,60,40,175,120,-1,8,-36
06,15,300,20,156,142,22,8,12
06,15,310,30,143,63,0,8,3
06,15,50,20,171,39,0,3,1
06,15,260,40,157,140,5,8,14
06,15,220,60,176,124,0,7,2
06,15,240,50,195,103,0,7,-1
06,15,270,50,189,125,0,5,-13
06,15,50,30,192,114,0,6,-3
06,15,20,20,212,151,0,8,0
06,15,110,60,227,172,0,7,-2
06,15,230,70,175,118,1,5,-32
06,15,250,50,183,81,0,7,-3
06,15,220,100,155,128,0,7,3
06,15,280,60,167,96,0,6,-1
06,15,310,20,216,92,0,1,5
06,15,280,50,211,166,0,8,-4
06,15,120,30,273,193,0,7,10
06,15,220,60,215,162,0,8,-6
06,15,210,50,243,113,0,6,2
06,15,340,50,154,87,0,5,-2
06,15,360,40,180,69,0,4,-14
06,15,360,40,155,57,0,4,7
06,15,50,40,216,87,0,2,-3
06,15,350,30,235,79,0,0,0
06,15,70,30,260,101,0,3,-19
06,15,40,30,262,95,0,1,-11
06,15,40,50,232,107,0,0,-3
06,15,10,50,186,86,0,1,1
06,15,290,30,179,75,0,3,-3
06,15,270,20,211,80,0,5,1
06,15,200,60,217,135,0,7,11
06,15,260,70,149,116,9,8,-10
06,15,170,20,183,61,0,2,12
06,15,240,100,189,48,0,2,15
06,15,280,20,193,58,-1,8,-2
06,15,80,80,249,135,1,3,1
06,15,100,30,314,155,0,5,-8
06,15,360,40,267,184,0,8,-6
06,15,50,20,214,198,0,7,15
06,15,240,80,191,131,1,8,-4
06,15,220,90,180,127,-1,7,-1
06,15,250,70,126,109,17,8,41
06,15,250,20,137,124,10,8,1
06,15,330,30,168,65,0,8,-7
06,15,260,40,162,85,0,8,-4
06,15,300,40,147,78,0,7,-2
06,15,260,40,160,131,-1,8,-2
06,15,330,40,172,78,0,5,-4
06,15,240,60,218,141,0,7,4
06,15,330,20,178,60,0,7,11
06,15,990,10,204,78,0,6,6
06,15,0,0,208,84,0,8,3
06,15,150,50,178,122,0,7,4
06,15,230,70,164,94,0,8,13
06,15,990,10,236,85,0,0,-2
06,15,290,40,265,184,0,7,10
06,15,360,20,259,169,0,6,-2
06,15,310,20,263,204,0,0,5
06,15,300,20,205,190,14,8,20
06,15,290,30,221,100,0,3,-2
06,15,320,30,229,100,0,6,4
06,15,340,40,211,107,0,7,-4
06,15,360,40,180,91,0,8,12
06,15,10,40,195,98,0,7,1
06,15,350,30,169,114,0,8,0
06,15,340,40,198,138,0,5,-9
06,15,330,40,205,131,0,7,-4
06,15,280,30,145,128,1,8,5
06,15,320,40,161,92,0,8,-7
06,15,260,30,191,102,0,7,9
06,15,350,40,203,92,0,7,-9
06,15,70,20,211,100,0,4,-12
06,15,340,40,216,117,0,8,-8
06,15,10,30,181,70,0,0,18
06,15,360,20,208,74,0,6,9
06,15,320,30,217,132,0,7,-12
06,15,140,40,173,126,0,8,-6
06,15,180,20,164,139,47,7,12
06,15,310,40,178,83,0,5,4
06,15,260,30,170,35,0,4,-5
06,15,220,120,183,126,0,8,2
06,15,280,40,172,88,0,8,0
06,15,90,40,222,90,0,0,2
06,15,170,40,334,123,0,0,-12
06,15,310,30,196,34,0,0,0
06,15,320,40,196,56,0,1,-2
06,15,30,60,170,56,0,7,2
06,15,30,40,160,48,0,8,-5
06,15,40,60,218,53,0,0,1
06,15,70,50,254,69,0,0,-3
06,15,100,20,283,113,0,7,8
06,15,250,70,233,96,0,2,-5
06,15,330,30,225,112,0,7,-19
06,15,350,30,192,47,0,1,0
06,15,10,30,159,56,0,8,-3
06,15,230,60,226,96,0,8,13
06,15,290,50,159,62,0,8,-3
06,15,300,40,149,89,-1,8,-12
06,15,260,20,163,72,0,8,-7
06,15,250,80,196,121,0,7,-1
06,15,270,30,151,106,1,6,-22
06,15,310,50,148,90,0,8,-10
06,15,220,50,212,108,0,8,-8
06,15,270,30,246,83,0,4,-8
06,15,240,20,255,117,0,7,-4
06,15,310,50,218,76,0,3,-6
06,15,140,20,237,103,0,7,6
06,15,300,40,247,111,0,4,-5
06,15,90,30,278,104,0,0,4
06,15,250,20,234,188,-1,6,-20
06,15,330,50,196,161,0,8,-7
06,15,340,30,219,160,0,7,-1
06,15,350,30,257,172,0,7,6
06,15,40,40,273,141,0,0,-3
06,15,50,30,257,148,0,7,-6
06,15,30,50,267,138,0,3,-42
06,15,350,40,220,117,0,6,-10
06,15,330,30,211,60,0,4,-2
06,15,990,10,215,98,0,8,3
06,15,50,20,209,132,0,8,4
06,15,100,20,185,153,-1,8,-2
06,15,210,40,166,154,7,8,7
06,15,230,60,206,113,0,6,-17
06,15,220,20,134,126,112,8,31
06,15,130,30,196,114,0,8,-17
06,15,110,10,148,132,20,8,14
06,15,280,40,163,120,0,8,-14
06,15,270,20,182,91,0,6,0
06,15,180,50,154,146,41,8,1
06,15,160,20,200,182,1,8,5
06,15,160,30,249,175,0,8,0
06,15,200,30,307,214,0,3,0
06,15,280,30,221,173,0,7,4
06,15,270,30,149,142,31,8,8
06,15,230,50,177,117,0,6,-3
06,15,260,40,168,163,15,8,-13
06,15,180,40,212,120,0,8,14
06,15,220,60,199,100,0,7,7
06,15,210,60,190,148,0,8,-1
06,15,350,20,242,86,0,2,0
06,15,300,30,278,114,0,6,-11
06,15,280,30,213,139,0,8,5
06,15,270,60,197,69,0,2,-6
06,15,190,50,213,69,0,7,6
06,15,230,100,158,84,2,4,-17
06,15,260,80,176,63,-1,7,6
06,15,190,70,232,116,0,8,2
06,15,270,50,198,98,0,5,-5
06,15,220,50,238,104,0,1,8
06,15,230,30,250,141,-1,8,1
06,15,260,50,174,93,0,8,6
06,15,290,40,199,95,0,8,0
06,15,90,30,241,76,0,0,2
06,15,280,60,258,132,0,5,1
06,15,270,50,178,90,0,8,-6
06,15,300,30,227,146,0,8,-2
06,15,120,40,273,148,0,6,-2
06,15,150,20,308,120,0,0,-3
06,15,50,50,295,141,0,3,-21
06,15,80,30,291,141,0,8,0
06,15,300,60,289,132,0,3,-23
06,15,260,60,260,123,0,6,-7
06,15,240,70,187,144,0,8,-5
06,15,230,60,195,137,0,8,-2
06,15,320,30,219,69,0,0,0
06,15,70,30,185,150,4,8,-1
06,15,240,70,196,162,-1,8,3
06,15,220,40,222,122,0,8,-3
06,15,300,20,189,142,1,8,-12
06,15,270,40,179,165,0,8,-5
06,15,260,40,196,142,0,7,7
06,15,80,20,241,147,0,2,2
06,15,360,30,230,158,0,0,8
06,15,40,20,195,137,0,4,7
06,15,50,40,276,98,0,0,1
06,15,280,10,280,130,0,8,-39
06,15,10,30,211,171,0,7,0
06,15,20,20,260,166,0,6,-14
06,15,350,30,244,147,0,0,-7
06,15,60,50,225,124,0,8,6
06,15,360,40,175,110,0,8,-14
06,15,350,30,184,100,0,6,-14
06,15,190,50,179,138,-1,8,1
06,15,990,10,236,117,0,7,-11
06,15,240,40,224,107,0,8,-20
06,15,240,40,178,101,0,8,-25
06,15,240,50,200,152,-1,8,-1
06,15,240,40,210,154,0,8,-7
06,15,250,50,265,150,0,1,-7
06,15,290,50,156,68,0,6,4
06,15,300,50,157,85,0,8,-7
06,15,300,20,184,94,0,8,16
06,15,320,40,180,111,0,8,-8
06,15,330,30,223,106,0,0,0
06,15,40,30,238,97,0,3,6
06,15,50,50,255,127,0,8,12
06,15,60,50,275,98,0,3,2
06,15,40,50,288,86,0,0,0
06,15,90,60,283,58,0,0,-2
06,15,270,30,269,129,0,7,0
06,15,190,70,308,105,0,3,9
06,15,250,30,206,125,-1,8,2
06,15,90,60,256,142,0,8,14
06,15,310,20,203,137,0,8,3
06,15,230,40,196,68,0,8,-6
06,15,200,60,219,113,-1,8,-41
06,15,220,110,157,106,4,7,9
06,15,60,20,201,65,0,8,-9
06,15,140,20,222,135,0,8,-37
06,15,270,20,202,80,0,7,4
06,15,220,80,176,129,-1,7,2
06,15,210,50,176,129,1,8,-18
06,15,230,50,244,124,0,5,1
06,15,270,30,190,142,-1,7,12
06,15,240,50,220,125,0,4,-3
06,15,150,10,254,111,0,2,6
06,15,20,20,274,142,0,8,1
06,15,250,10,264,181,0,7,-8
06,15,270,30,196,132,1,8,17
06,15,310,30,205,100,0,7,-9
06,15,30,30,232,117,0,7,-2
06,15,100,60,292,143,0,5,2
06,15,140,50,317,159,0,8,2
06,15,210,60,358,168,0,8,-11
06,15,350,40,250,180,0,0,2
06,15,10,40,245,123,0,0,-7
06,15,60,40,251,112,0,0,5
06,15,100,30,333,86,0,0,-2
06,15,250,50,267,129,0,8,-7
06,15,50,40,251,24,0,8,-8
06,15,310,20,283,61,0,8,-5
06,15,310,30,233,92,0,8,-9
06,15,290,40,128,101,1,8,-1
06,15,280,60,110,74,1,8,13
06,15,230,110,158,21,0,7,7
06,15,260,30,178,65,0,8,-6
06,15,10,20,168,99,-1,8,13
06,15,360,30,173,90,0,8,-10
06,15,340,20,191,112,0,7,-5
06,15,100,20,199,109,0,7,8
06,15,140,30,265,112,0,8,-3
06,15,190,20,257,137,0,8,0
06,15,280,40,201,144,0,8,-3
06,15,330,20,236,141,0,8,-1
06,15,90,30,210,153,-1,8,2
06,15,50,50,242,150,0,7,-5
06,15,200,20,227,131,0,7,-3
06,15,250,60,233,109,0,7,-13
06,15,270,30,213,110,0,5,15
06,15,230,60,243,126,0,8,-7
06,15,290,20,233,98,0,5,-3
06,15,120,30,270,112,0,0,2
06,15,80,60,294,117,0,1,-3
06,15,90,50,299,140,0,1,5
06,15,110,20,305,129,0,0,0
06,15,220,70,237,169,-1,5,-15
06,15,240,60,203,88,0,8,9
06,15,240,90,193,62,0,7,-1
06,15,230,60,171,141,-1,8,0
