09,14,160,36,296,69,0,1,1
09,14,40,21,265,158,0,0,5
09,14,60,41,287,79,0,0,-2
09,14,50,26,282,74,0,1,-3
09,14,80,31,228,130,0,7,1
09,14,340,46,168,72,0,6,0
09,14,310,41,174,105,0,7,3
09,14,230,31,186,104,0,7,-1
09,14,990,15,220,95,0,2,4
09,14,260,36,244,92,0,6,1
09,14,40,36,201,123,0,7,-7
09,14,50,41,181,47,0,1,-3
09,14,320,26,220,41,0,1,-3
09,14,240,46,241,59,0,1,1
09,14,220,51,201,182,-1,7,-19
09,14,240,67,212,153,0,7,-5
09,14,250,62,194,112,0,5,-2
09,14,240,62,198,118,0,4,3
09,14,10,36,187,103,0,6,7
09,14,40,31,181,81,0,4,0
09,14,220,46,250,122,0,4,5
09,14,270,77,141,127,2,8,2
09,14,240,87,151,115,0,8,-5
09,14,220,103,210,144,0,5,3
09,14,190,57,174,171,10,8,0
09,14,260,46,162,135,0,8,0
09,14,240,57,122,99,-1,7,-3
09,14,160,46,144,102,0,7,-6
09,14,190,51,168,113,0,7,-1
09,14,230,41,113,105,6,6,18
09,14,240,87,156,93,0,6,-12
09,14,210,87,131,129,10,8,5
09,14,240,67,138,118,-1,7,14
09,14,270,72,135,73,0,4,-12
09,14,290,72,149,77,0,3,0
09,14,220,46,174,85,0,3,4
09,14,260,51,172,131,-1,7,-2
09,14,240,67,153,94,0,7,-19
09,14,230,46,183,99,0,2,-1
09,14,70,51,208,120,0,5,-7
09,14,220,51,219,150,-1,7,2
09,14,990,15,174,77,0,7,6
09,14,240,51,201,121,0,8,-9
09,14,250,67,159,104,0,5,1
09,14,230,93,185,131,0,1,-2
09,14,260,21,191,131,0,3,-7
09,14,80,67,211,145,0,2,1
09,14,200,36,195,165,0,7,7
09,14,260,46,168,139,0,8,-4
09,14,990,15,185,129,0,7,0
09,14,100,41,215,171,0,7,7
09,14,200,46,204,152,0,7,-12
09,14,210,72,168,111,0,5,5
09,14,190,72,183,104,0,7,-7
09,14,160,41,225,127,0,7,-4
09,14,90,41,248,137,0,1,-4
09,14,80,46,258,172,0,1,-4
09,14,230,46,213,140,0,2,-7
09,14,270,21,187,129,0,7,1
09,14,260,36,181,134,0,7,-5
09,14,990,15,166,109,0,7,-16
09,14,260,31,155,117,-1,8,-12
09,14,300,31,152,121,0,7,-10
09,14,330,36,168,80,-1,6,-17
09,14,30,41,172,52,0,4,-3
09,14,10,21,182,58,0,5,0
09,14,170,21,213,95,0,2,4
09,14,220,72,226,134,0,4,-1
09,14,200,72,154,148,32,8,-9
09,14,230,57,167,128,-1,7,-3
09,14,250,31,165,116,-1,7,-23
09,14,90,62,169,126,0,7,-5
09,14,100,46,133,128,-1,7,4
09,14,170,82,129,116,13,8,3
09,14,210,62,162,114,0,7,-18
09,14,230,93,121,108,13,7,2
09,14,300,26,144,94,-1,7,-5
09,14,90,46,144,70,0,6,2
09,14,990,15,195,125,0,0,4
09,14,170,31,252,158,0,6,-2
09,14,250,46,187,142,0,7,1
09,14,990,10,158,158,2,8,-5
09,14,20,51,141,123,0,8,2
09,14,20,67,140,122,0,8,-4
09,14,320,67,116,116,37,8,-4
09,14,250,67,110,101,6,7,1
09,14,230,108,131,82,0,6,-8
09,14,200,41,135,90,0,6,0
09,14,100,21,157,102,0,3,-1
09,14,170,46,162,103,0,7,-10
09,14,210,67,185,149,0,7,-6
09,14,240,21,148,142,1,7,20
09,14,260,31,180,118,0,8,3
09,14,220,72,212,160,0,7,-3
09,14,270,77,196,92,0,5,-14
09,14,990,15,166,124,-1,8,0
09,14,220,21,141,126,8,8,10
09,14,200,31,171,133,0,7,-2
09,14,220,98,145,110,-1,5,-13
09,14,250,103,124,90,6,7,13
09,14,210,77,170,105,0,7,7
09,14,230,103,201,138,0,7,-14
09,14,240,57,182,81,0,2,-1
09,14,300,26,139,136,19,8,-3
09,14,230,108,124,102,1,8,8
09,14,270,62,116,106,22,8,8
09,14,240,98,107,75,0,8,-9
09,14,270,31,129,113,4,6,5
09,14,220,41,141,110,0,7,-2
09,14,120,41,124,105,6,8,-2
09,14,90,51,152,102,0,6,-2
09,14,80,67,181,109,0,2,-6
09,14,80,72,206,132,0,4,6
09,14,250,46,200,138,-1,8,-28
09,14,190,36,209,148,0,6,-1
09,14,300,21,210,145,0,6,1
09,14,240,62,173,115,0,5,-6
09,14,260,36,164,109,0,7,-4
09,14,270,36,160,97,0,7,-2
09,14,990,15,184,106,0,1,0
09,14,330,67,196,74,0,4,13
09,14,250,57,186,122,-1,7,2
09,14,200,41,165,122,0,6,-32
09,14,260,67,162,102,-1,8,1
09,14,190,51,168,137,2,7,3
09,14,260,26,187,96,0,6,16
09,14,200,62,187,146,0,7,-4
09,14,260,93,163,156,36,8,8
09,14,250,72,172,137,-1,7,8
09,14,170,21,217,137,0,7,-8
09,14,240,98,185,133,0,4,1
09,14,190,36,192,119,0,8,-5
09,14,320,31,158,140,4,7,7
09,14,240,41,187,105,0,6,2
09,14,230,31,152,125,0,7,-10
09,14,160,26,180,140,-1,4,-1
09,14,130,21,189,130,0,6,4
09,14,80,62,194,118,0,7,5
09,14,40,87,212,92,0,7,-2
09,14,340,62,159,107,-1,7,-6
09,14,320,31,162,95,0,7,8
09,14,230,36,186,116,0,6,-9
09,14,240,26,168,129,0,7,3
09,14,220,118,188,91,0,4,-13
09,14,990,10,171,111,0,5,-10
09,14,220,98,133,130,8,8,3
09,14,250,72,146,113,-1,7,-10
09,14,260,87,132,24,0,4,-3
09,14,290,51,140,61,0,4,-9
09,14,250,62,135,60,0,6,2
09,14,360,30,139,115,3,6,6
09,14,20,30,175,97,0,4,6
09,14,40,60,198,109,0,1,0
09,14,20,60,188,129,0,4,-2
09,14,30,50,201,98,0,1,1
09,14,350,40,182,79,0,3,-1
09,14,30,50,162,42,0,1,1
09,14,360,30,158,77,0,7,2
09,14,10,20,178,91,0,4,3
09,14,280,30,156,95,0,7,-10
09,14,240,30,142,85,0,7,-6
09,14,330,40,146,105,-1,7,-3
09,14,310,70,146,87,0,7,-8
09,14,320,40,161,118,0,6,-5
09,14,360,30,154,90,0,7,5
09,14,60,40,158,72,0,1,2
09,14,90,60,160,52,0,3,-4
09,14,70,90,140,64,0,6,-10
09,14,70,70,160,95,0,7,6
09,14,100,50,152,90,0,7,1
09,14,40,50,113,85,0,7,3
09,14,40,40,103,90,0,8,0
09,14,310,20,116,96,0,7,4
09,14,230,30,118,104,0,7,0
09,14,240,30,172,104,0,3,0
09,14,210,60,188,116,0,4,-2
09,14,250,60,165,128,-1,7,-9
09,14,240,60,161,116,0,7,-3
09,14,210,80,168,136,0,8,-3
09,14,220,60,177,153,0,8,-1
09,14,270,30,236,157,0,3,-7
09,14,990,10,186,133,0,8,3
09,14,210,30,218,139,0,7,-4
09,14,220,70,233,149,0,5,5
09,14,250,30,187,131,0,7,2
09,14,230,50,201,119,0,3,-6
09,14,290,30,168,143,0,7,-2
09,14,260,70,191,132,0,4,3
09,14,310,70,181,96,0,5,-10
09,14,330,30,168,63,0,5,1
09,14,160,20,220,103,0,7,3
09,14,230,70,184,126,0,8,-1
09,14,260,70,157,59,0,5,-10
09,14,250,50,170,65,0,4,-12
09,14,220,40,185,82,0,6,3
09,14,200,40,230,97,0,3,2
09,14,270,30,227,91,0,6,0
09,14,280,50,244,148,0,3,-3
09,14,40,40,171,106,0,7,5
09,14,60,60,167,34,0,2,0
09,14,70,60,179,58,0,5,-2
09,14,50,50,205,69,0,1,-1
09,14,10,50,192,101,0,2,-1
09,14,60,40,155,105,0,7,3
09,14,70,60,212,103,0,1,-1
09,14,60,50,232,99,0,2,-3
09,14,30,40,127,126,0,8,1
09,14,990,10,144,128,0,5,12
09,14,290,30,190,110,0,6,3
09,14,280,20,180,141,0,7,0
09,14,100,60,168,123,-1,8,2
09,14,130,20,208,182,-1,8,-1
09,14,200,60,207,161,0,7,-3
09,14,210,20,198,141,0,7,-4
09,14,230,70,200,138,0,6,-9
09,14,230,40,180,148,0,7,4
09,14,210,40,193,145,0,8,-3
09,14,200,70,187,146,0,6,-1
09,14,200,80,183,169,0,7,17
09,14,220,100,205,127,0,5,10
09,14,240,60,186,106,0,7,5
09,14,190,20,113,103,2,7,10
09,14,210,60,108,79,0,8,1
09,14,250,90,119,105,3,8,-4
09,14,240,70,149,82,0,7,4
09,14,240,90,139,86,0,7,5
09,14,280,60,139,124,-1,7,3
09,14,200,20,173,111,0,7,-7
09,14,190,30,149,143,1,8,10
09,14,80,30,189,147,0,2,6
09,14,70,60,190,121,0,2,3
09,14,80,70,179,99,0,2,4
09,14,80,60,192,127,0,2,-1
09,14,100,40,215,150,0,1,1
09,14,90,20,228,136,0,1,-1
09,14,160,60,212,140,0,7,-5
09,14,120,30,168,147,1,7,11
09,14,990,10,170,142,-1,7,-15
09,14,190,20,181,136,0,6,7
09,14,170,40,178,144,0,7,-9
09,14,990,10,194,143,0,7,-3
09,14,50,40,229,126,0,4,6
09,14,80,70,249,100,0,4,-2
09,14,40,40,245,154,0,2,7
09,14,70,20,269,112,0,1,1
09,14,200,20,232,141,0,7,-26
09,14,260,40,247,146,0,6,-1
09,14,90,20,246,135,0,7,0
09,14,260,20,271,133,0,6,-4
09,14,50,20,275,163,0,2,7
09,14,160,40,301,103,0,1,-2
09,14,270,30,304,138,0,1,-2
09,14,320,50,262,202,14,3,4
09,14,50,30,253,184,0,1,2
09,14,290,30,187,172,7,8,-6
09,14,210,60,204,97,0,2,0
09,14,190,30,149,145,1,8,2
09,14,180,50,198,104,0,4,3
09,14,140,40,208,140,3,8,1
09,14,190,60,180,128,0,7,15
09,14,190,60,194,119,0,2,-6
09,14,180,50,202,156,0,7,-4
09,14,220,80,231,133,0,3,-3
09,14,220,60,235,129,0,7,-10
09,14,220,60,203,126,0,7,-2
09,14,230,90,178,110,0,7,1
09,14,220,100,180,123,0,7,-7
09,14,240,70,166,121,0,6,8
09,14,220,70,148,143,18,8,6
09,14,220,60,158,142,1,7,-5
09,14,210,80,187,141,0,6,-5
09,14,250,50,139,122,-1,7,16
09,14,300,40,162,94,0,6,-6
09,14,320,40,157,92,0,7,-2
09,14,240,50,182,93,0,3,-3
09,14,210,60,153,138,2,8,-4
09,14,260,40,165,108,0,7,-1
09,14,240,60,203,161,0,7,-5
09,14,210,30,223,157,0,4,1
09,14,30,20,233,155,0,4,4
09,14,70,30,256,164,0,1,-1
09,14,250,50,266,190,0,6,-21
09,14,210,40,191,143,0,5,3
09,14,240,40,214,141,0,3,-8
09,14,200,60,232,150,0,5,0
09,14,220,80,131,121,22,8,-2
09,14,270,40,143,137,0,8,5
09,14,170,40,197,125,0,4,-5
09,14,80,60,225,152,0,2,8
09,14,280,30,143,134,14,8,-2
09,14,250,40,186,99,0,7,6
09,14,180,30,207,144,0,3,-7
09,14,80,60,192,137,0,4,-4
09,14,90,40,210,138,0,6,4
09,14,230,30,195,110,0,4,-3
09,14,180,30,222,144,0,6,5
09,14,250,40,197,129,-1,4,2
09,14,190,40,178,140,-1,7,0
09,14,130,30,228,134,0,1,-1
09,14,250,40,161,129,0,8,-9
09,14,240,30,167,145,0,7,11
09,14,230,60,158,152,8,8,-1
09,14,240,80,167,148,-1,8,-4
09,14,290,30,158,112,-1,7,-8
09,14,290,40,176,90,0,7,-17
09,14,300,50,154,144,34,7,-9
09,14,230,50,160,131,0,8,9
09,14,300,70,150,76,0,6,-9
09,14,270,80,116,92,6,6,1
09,14,280,40,122,101,6,6,3
09,14,240,90,146,104,0,7,-12
09,14,230,40,164,123,0,7,3
09,14,240,70,150,92,0,6,6
09,14,290,50,145,85,-1,7,-7
09,14,220,70,151,114,0,6,-11
09,14,280,40,123,94,4,6,0
09,14,260,40,130,94,-1,7,-5
09,14,210,20,138,90,0,7,3
09,14,160,80,117,100,19,8,-2
09,14,250,60,148,112,0,7,-1
09,14,210,30,126,104,0,7,26
09,14,250,30,135,101,-1,5,-14
09,14,210,20,148,95,0,6,3
09,14,360,20,168,105,0,4,2
09,14,240,30,163,105,0,7,-1
09,14,180,40,165,117,0,7,-3
09,14,240,60,166,145,-1,7,9
09,14,180,20,203,123,0,4,-7
09,14,210,50,166,138,-1,8,0
09,14,230,50,200,111,0,4,-5
09,14,20,50,187,81,0,6,3
09,14,70,60,216,105,0,7,2
09,14,50,30,194,105,0,6,-3
09,14,290,30,197,151,-1,7,-1
09,14,240,30,215,137,0,4,1
09,14,230,70,199,132,0,7,1
09,14,200,60,216,132,0,7,-5
09,14,140,50,241,129,0,7,-3
09,14,160,40,220,151,0,7,8
09,14,990,10,184,119,0,7,-2
09,14,320,20,174,124,0,6,5
09,14,60,60,222,116,0,1,-4
09,14,30,40,216,103,0,1,-2
09,14,300,30,183,127,0,7,2
09,14,40,40,193,80,0,3,-8
09,14,350,40,170,94,0,7,3
09,14,990,10,173,83,0,6,-1
09,14,40,30,171,77,0,6,-2
09,14,50,40,182,91,0,6,-4
09,14,330,20,170,80,0,7,2
09,14,330,20,157,96,0,7,5
09,14,50,20,133,102,15,6,-15
09,14,30,80,146,47,0,7,-3
09,14,40,70,141,12,0,0,-3
09,14,210,40,109,106,-1,8,4
09,14,260,30,130,103,0,5,5
09,14,360,20,162,101,0,7,-6
09,14,990,10,169,79,0,1,0
09,14,60,40,182,97,0,2,-7
09,14,120,20,195,64,0,2,-1
09,14,330,60,146,95,0,8,14
09,14,60,30,172,81,0,8,7
09,14,90,30,198,59,0,1,2
09,14,50,40,216,73,0,0,3
09,14,50,10,252,89,0,5,-3
09,14,220,40,198,122,-1,8,-19
09,14,990,10,199,85,0,7,-4
09,14,10,10,185,83,0,5,7
09,14,290,30,204,82,0,6,1
09,14,210,90,149,127,2,8,-1
09,14,300,40,180,103,0,7,-4
09,14,270,20,172,129,-1,8,-5
09,14,40,40,186,86,0,4,2
09,14,70,50,208,92,0,0,0
09,14,20,20,231,108,0,0,-4
09,14,250,20,233,109,0,0,-2
09,14,140,20,252,93,0,0,-1
09,14,230,60,277,89,0,0,-2
09,14,210,50,298,90,0,0,-2
09,14,210,30,307,69,0,0,-1
09,14,250,50,287,107,0,0,2
09,14,240,80,261,113,0,1,-10
09,14,350,20,123,79,-1,8,-8
09,14,50,20,147,23,0,1,-8
09,14,80,80,186,58,0,5,-6
09,14,250,60,177,45,0,7,4
09,14,120,10,150,105,0,4,9
09,14,260,30,188,107,0,5,-51
09,14,260,30,147,84,0,7,-1
09,14,110,40,183,71,0,1,0
09,14,990,10,205,100,0,0,4
09,14,80,40,244,114,0,0,4
09,14,250,30,253,141,0,0,1
09,14,280,10,274,162,0,0,-4
09,14,40,50,264,148,0,0,1
09,14,70,50,267,137,0,0,-4
09,14,40,50,251,144,0,1,-1
09,14,60,50,220,82,0,0,0
09,14,80,80,236,80,0,0,0
09,14,210,70,263,153,0,2,3
09,14,240,50,219,145,0,7,-29
09,14,230,100,181,95,0,3,-3
09,14,210,100,207,115,0,7,-1
09,14,220,110,196,100,0,1,0
09,14,240,40,128,109,-1,8,16
09,14,270,20,165,52,0,0,0
09,14,210,40,205,82,0,0,-3
09,14,210,60,235,85,0,2,-1
09,14,250,50,181,85,0,4,-6
09,14,220,110,159,88,-1,8,0
09,14,250,100,165,69,0,7,-10
09,14,220,60,110,104,11,8,13
09,14,300,60,125,116,13,8,1
09,14,290,40,127,100,1,8,-6
09,14,280,50,137,66,0,7,-4
09,14,250,50,165,109,0,8,12
09,14,240,40,165,142,0,8,-2
09,14,240,60,176,133,0,8,-4
09,14,270,30,157,117,0,4,-4
09,14,90,40,159,119,0,8,-3
09,14,250,30,217,156,0,8,-3
09,14,280,20,243,121,0,0,2
09,14,80,50,252,150,0,1,-3
09,14,120,50,263,136,0,0,2
09,14,190,30,281,104,0,0,-1
09,14,200,30,260,164,0,5,-6
09,14,290,30,269,159,0,2,1
09,14,990,10,277,153,0,6,-10
09,14,200,50,208,179,-1,8,-8
09,14,990,10,258,163,0,4,-13
09,14,210,10,183,174,-1,8,1
09,14,10,40,191,138,0,8,-8
09,14,990,10,204,111,0,0,-2
09,14,250,60,176,153,-1,8,-2
09,14,230,60,177,156,5,8,4
09,14,360,60,144,63,0,4,0
09,14,10,40,148,38,0,3,4
09,14,50,30,160,45,0,0,2
09,14,60,40,177,45,0,0,-2
09,14,320,20,188,68,0,0,3
09,14,70,50,198,70,0,0,2
09,14,80,40,212,70,0,0,0
09,14,190,50,219,108,0,0,-2
09,14,990,10,196,94,0,0,-7
09,14,250,40,208,103,0,7,-10
09,14,230,60,175,107,0,8,1
09,14,230,70,192,107,0,8,-14
09,14,240,60,157,59,0,6,-4
09,14,280,50,146,56,0,5,-2
09,14,220,70,146,90,0,8,-8
09,14,190,50,229,142,0,8,-4
09,14,230,60,206,136,0,8,-3
09,14,230,110,230,198,-1,8,-5
09,14,250,50,215,156,0,7,5
09,14,270,30,237,181,0,2,-8
09,14,260,20,257,175,0,0,4
09,14,330,20,175,148,-1,8,7
09,14,60,30,182,93,0,7,4
09,14,80,60,207,101,0,0,5
09,14,50,20,236,140,0,0,-1
09,14,190,20,263,168,0,0,5
09,14,160,30,286,168,0,0,-4
09,14,180,20,279,168,0,0,-5
09,14,290,20,262,161,0,6,-17
09,14,40,50,247,146,0,2,-5
09,14,250,10,261,163,0,0,-8
09,14,280,20,200,163,0,8,-4
09,14,230,30,173,163,2,8,2
09,14,230,40,154,136,2,8,20
09,14,180,40,204,118,0,0,-1
09,14,150,60,263,151,0,2,-5
09,14,200,60,247,128,0,8,-11
09,14,40,20,234,170,0,7,3
09,14,240,20,229,160,0,8,1
09,14,220,60,173,134,0,8,10
09,14,250,40,193,146,0,3,-4
09,14,280,10,188,126,0,1,-1
09,14,210,50,220,135,0,8,-4
09,14,200,50,225,159,0,5,-13
09,14,190,50,218,113,0,4,-8
09,14,270,40,194,113,0,1,-6
09,14,250,50,186,128,0,8,-4
09,14,340,60,177,93,0,2,-4
09,14,290,20,135,101,-1,2,3
09,14,250,20,139,112,-1,8,-6
09,14,330,50,187,153,0,7,10
09,14,330,30,176,129,0,8,2
09,14,320,40,186,133,0,8,1
09,14,300,40,172,107,0,4,-7
09,14,290,30,152,138,19,8,12
09,14,320,40,180,109,0,6,-7
09,14,20,20,169,102,0,8,-1
09,14,60,40,175,115,0,8,-2
09,14,240,40,196,116,0,8,-2
09,14,200,20,175,80,0,0,11
09,14,220,80,219,125,0,4,-4
09,14,320,50,149,127,0,7,-5
09,14,270,20,116,93,10,7,10
09,14,230,70,151,75,0,7,-3
09,14,220,80,179,104,0,1,3
09,14,200,70,201,95,0,0,3
09,14,180,20,220,124,0,0,-2
09,14,220,30,220,155,0,6,9
09,14,210,80,163,133,3,8,-24
09,14,240,50,150,96,0,8,-7
09,14,340,50,107,82,0,8,-2
09,14,20,70,119,107,17,8,1
09,14,90,30,154,101,0,6,1
09,14,240,40,126,120,4,8,0
09,14,240,20,163,102,0,0,-1
09,14,250,40,191,121,0,8,-9
09,14,210,110,225,144,0,5,-8
09,14,190,80,141,99,-1,8,-1
09,14,220,80,182,92,0,6,0
09,14,120,50,175,151,1,8,5
09,14,220,90,182,95,0,8,3
09,14,220,90,169,137,5,8,1
09,14,250,50,188,107,0,1,8
09,14,170,50,245,120,0,0,-7
09,14,230,60,234,154,0,4,-11
09,14,170,40,254,155,0,4,-2
09,14,240,40,136,130,3,8,3
09,14,40,50,132,114,-1,8,6
09,14,60,50,163,77,0,0,-9
09,14,50,50,132,74,0,8,-1
09,14,50,30,148,88,0,8,-1
09,14,60,40,145,70,0,1,2
09,14,80,50,140,46,0,0,0
09,14,60,40,161,57,0,8,-7
09,14,60,40,165,69,0,1,-3
09,14,60,40,161,83,0,7,-4
09,14,50,50,146,92,0,8,-1
09,14,330,30,135,105,0,8,-9
09,14,40,30,149,116,0,8,-3
09,14,40,60,157,90,0,4,8
09,14,40,50,165,79,0,2,3
09,14,50,30,180,84,0,0,-4
09,14,260,20,181,85,0,0,1
09,14,240,30,117,87,-1,8,8
09,14,220,70,119,110,4,8,0
09,14,200,40,176,161,3,8,1
09,14,210,60,198,111,0,4,-6
09,14,230,80,169,108,0,7,-2
09,14,280,40,152,85,0,8,-31
09,14,260,60,163,90,0,4,19
09,14,240,50,183,89,0,4,1
09,14,200,40,241,125,0,0,5
09,14,210,50,288,117,0,0,-1
09,14,350,60,240,178,0,2,-25
09,14,30,60,149,140,4,8,5
09,14,30,70,177,94,0,8,9
09,14,30,50,194,117,0,8,-10
09,14,350,60,160,94,0,8,-2
09,14,360,60,144,112,2,8,-4
09,14,40,50,184,146,0,7,3
09,14,20,60,172,142,0,8,-4
09,14,20,60,188,101,0,0,-2
09,14,70,60,212,132,0,2,8
09,14,60,10,234,159,0,1,5
09,14,340,20,212,156,0,0,4
09,14,330,20,203,112,0,0,2
09,14,240,50,227,105,0,0,-3
09,14,200,50,182,142,0,8,-2
09,14,300,20,180,125,0,5,-3
09,14,990,10,170,85,0,0,7
09,14,30,40,189,89,0,0,6
09,14,990,10,200,94,0,0,0
09,14,230,30,170,118,0,8,-1
09,14,260,30,175,123,0,8,0
09,14,240,40,198,138,0,8,-13
09,14,50,20,171,89,0,6,0
09,14,50,40,168,113,-1,7,-2
09,14,20,30,172,105,0,2,2
09,14,80,40,184,95,0,2,-8
09,14,80,40,192,67,0,3,-1
09,14,120,80,197,62,0,1,8
09,14,60,30,174,144,0,8,-3
09,14,180,70,205,139,0,8,-12
09,14,130,20,172,128,-1,8,10
09,14,240,40,172,142,3,8,6
09,14,230,50,228,130,0,1,2
09,14,240,20,144,134,10,8,4
09,14,250,40,181,84,0,1,-6
09,14,230,90,177,124,0,8,3
09,14,250,70,156,66,0,7,4
09,14,250,40,158,92,0,8,-8
09,14,240,30,144,104,1,8,-8
09,14,250,30,152,66,0,7,-13
09,14,240,60,141,96,0,8,-5
09,14,240,70,192,83,0,0,0
09,14,120,20,210,110,0,5,-3
09,14,200,40,234,123,0,0,-1
09,14,230,40,236,117,0,7,-10
09,14,240,30,170,123,0,8,-5
09,14,310,60,122,60,-1,8,12
09,14,200,30,133,83,0,6,-10
09,14,270,20,115,92,2,8,-2
09,14,240,20,126,114,0,8,1
09,14,40,20,139,106,0,8,4
09,14,240,30,140,132,5,8,0
09,14,60,40,200,121,0,0,1
09,14,240,30,268,166,0,2,-4
09,14,170,20,280,163,0,4,0
09,14,260,30,204,171,0,7,8
09,14,240,90,177,81,0,8,-29
09,14,210,110,174,114,-1,8,3
09,14,230,90,148,102,-1,8,9
09,14,240,60,135,123,3,8,3
09,14,240,30,191,181,0,8,12
09,14,190,50,271,190,0,2,-2
09,14,210,60,187,131,-1,7,-8
09,14,210,110,179,149,0,8,11
09,14,260,40,175,112,-1,7,8
09,14,230,60,178,98,0,6,-9
09,14,340,20,180,96,0,8,-5
09,14,90,40,184,125,0,7,13
09,14,230,80,171,89,0,7,-2
09,14,220,80,138,81,0,8,-14
09,14,250,40,160,93,0,8,-3
09,14,230,60,155,114,0,8,3
09,14,230,60,175,101,0,8,-2
09,14,240,40,163,105,0,7,7
09,14,990,10,177,91,0,0,3
09,14,280,20,207,105,0,0,4
09,14,250,20,227,128,0,0,3
09,14,230,50,244,134,0,1,-8
09,14,990,10,224,148,0,2,1
09,14,50,40,251,157,0,0,-4
09,14,100,30,260,154,0,0,-4
09,14,210,20,259,136,0,0,-5
09,14,240,20,171,67,0,0,7
09,14,270,30,199,129,0,8,-4
09,14,340,20,187,144,0,8,4
09,14,320,20,233,121,0,0,1
09,14,360,50,193,95,0,1,-3
09,14,990,10,180,81,0,1,-3
09,14,240,50,228,99,0,0,5
09,14,210,10,254,94,0,0,-3
09,14,200,40,281,92,0,0,-2
09,14,240,50,253,131,0,1,-1
09,14,230,40,146,136,35,8,5
09,14,230,50,140,65,-1,3,3
09,14,330,20,149,109,0,8,0
09,14,230,90,144,122,0,8,2
09,14,230,50,169,98,0,4,10
09,14,230,40,211,124,0,2,-2
09,14,230,30,162,131,0,8,0
09,14,250,40,169,85,0,8,-3
09,14,260,40,153,50,0,7,-21
09,14,220,60,156,44,0,3,-1
09,14,330,20,168,62,0,8,-9
09,14,320,30,151,38,0,0,4
09,14,70,70,154,65,-1,8,4
09,14,230,140,162,113,9,8,-18
09,14,200,90,140,93,0,7,5
09,14,200,80,141,100,0,7,2
09,14,230,50,148,97,1,8,1
09,14,230,70,162,87,0,6,5
09,14,280,40,151,94,-1,7,-1
09,14,230,30,163,64,0,0,-2
09,14,300,40,177,90,0,7,-4
09,14,280,40,213,130,0,6,2
09,14,360,20,246,150,0,2,-2
09,14,100,30,277,153,0,0,0
09,14,170,30,314,140,0,0,5
09,14,260,10,255,167,-1,7,-1
09,14,260,20,180,130,-1,8,-8
09,14,50,30,181,101,0,6,-7
09,14,230,60,165,83,0,8,3
09,14,260,50,148,98,0,6,10
09,14,240,10,140,119,4,8,4
09,14,270,20,147,126,6,8,5
09,14,220,60,170,118,0,8,-10
09,14,260,50,156,132,-1,8,-4
09,14,240,50,152,91,0,8,1
09,14,270,40,160,48,0,7,-5
09,14,220,50,122,81,1,7,4
09,14,270,30,117,109,6,8,5
09,14,230,60,145,74,0,8,-6
09,14,270,40,161,109,0,8,-1
09,14,220,50,165,103,0,8,2
09,14,260,20,191,141,0,8,-5
09,14,320,20,187,114,0,7,3
09,14,40,20,203,124,0,0,-1
09,14,300,10,196,142,0,7,-8
09,14,350,20,167,92,0,0,3
09,14,60,50,173,99,0,0,-11
09,14,70,60,165,104,0,8,2
09,14,90,80,170,68,0,8,4
09,14,80,60,161,72,0,0,-3
09,14,290,20,186,108,0,8,1
09,14,30,40,204,119,0,3,-1
09,14,60,60,205,114,0,0,-2
09,14,80,40,210,145,0,2,5
09,14,180,10,225,153,0,8,1
09,14,260,20,214,167,0,6,1
09,14,240,20,214,138,0,1,-8
09,14,320,20,201,134,0,2,2
09,14,30,20,176,95,0,7,10
09,14,50,40,165,84,0,8,-3
09,14,30,60,196,105,0,2,-2
09,14,20,70,203,119,0,0,-1
09,14,40,40,196,122,0,5,-4
09,14,50,40,189,127,0,2,4
09,14,60,40,209,141,0,8,2
09,14,30,20,222,141,0,6,10
09,14,80,30,246,144,0,0,1
09,14,90,40,221,182,0,6,9
09,14,240,40,248,175,0,1,-12
09,14,290,40,241,171,0,7,-13
09,14,340,40,166,111,0,6,-4
09,14,320,40,152,86,0,7,5
09,14,170,10,160,65,0,1,2
09,14,220,40,129,116,6,8,-1
09,14,240,40,165,94,0,6,1
09,14,240,40,178,131,0,8,-3
09,14,70,20,201,113,0,7,-1
09,14,190,20,225,148,0,1,5
09,14,230,40,188,148,-1,8,-13
09,14,240,20,200,140,0,3,-1
09,14,310,30,183,131,0,8,-4
09,14,210,30,160,112,-1,8,8
09,14,250,40,172,94,0,7,-35
09,14,240,40,160,87,0,8,-14
09,14,280,50,127,111,13,8,2
09,14,300,40,142,79,0,8,9
09,14,300,30,159,122,0,8,-6
09,14,350,20,155,107,0,8,2
09,14,60,50,188,110,0,5,6
09,14,70,60,192,79,0,4,2
09,14,90,30,196,95,0,6,1
09,14,250,20,186,157,-1,8,0
09,14,150,50,203,148,0,8,0
09,14,210,80,163,128,24,8,11
09,14,210,110,165,61,0,7,7
09,14,150,40,182,168,16,8,2
09,14,230,90,160,126,-1,8,-25
09,14,220,70,173,103,0,8,9
09,14,290,20,159,121,0,8,-10
09,14,260,20,162,93,0,8,5
09,14,240,30,172,90,0,4,0
09,14,210,10,142,109,11,8,-32
09,14,260,40,130,121,17,8,-3
09,14,230,70,168,88,0,8,-3
09,14,310,30,168,70,0,5,-6
09,14,30,50,162,74,0,3,-4
09,14,40,70,164,69,0,0,-3
09,14,70,60,168,81,0,3,-6
09,14,70,70,170,55,0,0,-4
09,14,60,70,170,55,0,0,-2
09,14,280,30,220,157,0,8,1
09,14,240,30,226,131,0,8,1
09,14,250,40,234,142,0,1,0
09,14,250,70,200,127,0,8,-6
09,14,330,20,208,134,0,7,7
09,14,120,20,253,132,0,1,-2
09,14,80,40,261,125,0,0,2
09,14,250,40,276,144,0,1,-3
09,14,270,20,223,90,0,0,5
09,14,230,20,257,112,0,7,2
09,14,170,20,244,152,0,4,0
09,14,990,10,288,142,0,1,-2
09,14,190,50,323,130,0,1,-3
09,14,990,10,317,147,0,0,-7
09,14,260,30,265,149,0,4,-11
09,14,220,60,207,117,0,3,1
09,14,350,30,204,126,0,6,7
09,14,360,30,167,135,0,8,2
09,14,60,40,185,71,0,8,-3
09,14,60,30,178,98,0,8,-5
09,14,90,30,205,76,0,8,1
09,14,220,20,215,102,0,8,-11
09,14,230,30,206,123,0,4,-4
09,14,180,40,240,75,0,2,-2
09,14,230,60,252,122,0,5,-21
09,14,250,20,178,80,0,8,-4
09,14,270,20,213,85,0,0,6
09,14,230,60,221,118,0,6,0
09,14,220,80,202,115,0,8,1
09,14,240,40,180,93,0,2,-10
09,14,310,20,194,95,0,0,1
09,14,340,30,187,87,0,8,-1
09,14,230,20,198,90,0,8,9
09,14,210,50,188,111,0,8,-16
09,14,190,50,233,164,0,8,1
09,14,270,60,178,79,0,8,-15
09,14,230,60,168,106,0,8,-7
09,14,210,70,156,143,1,8,-11
09,14,210,40,142,122,-1,8,5
09,14,220,70,169,108,0,8,-5
09,14,220,100,165,88,-1,8,-4
09,14,240,60,169,100,0,7,2
09,14,240,60,134,120,12,8,23
09,14,250,70,116,87,-1,7,-14
09,14,230,50,139,95,-1,1,-23
09,14,240,40,144,76,0,6,15
09,14,240,30,161,67,0,8,4
09,14,290,60,116,87,0,8,3
09,14,280,20,145,101,0,7,9
09,14,250,30,159,86,0,8,2
09,14,180,20,180,86,0,8,11
09,14,280,40,167,122,-1,8,3
09,14,50,20,169,101,0,1,0
09,14,60,40,192,122,0,0,-2
09,14,40,50,191,111,0,0,-3
09,14,60,20,198,115,0,1,-4
09,14,80,10,206,110,0,8,0
09,14,230,30,210,148,0,8,-6
09,14,190,60,240,163,0,8,-8
09,14,230,20,124,114,8,8,12
09,14,50,40,210,58,0,0,-4
09,14,40,50,239,93,0,2,-2
09,14,10,30,206,152,0,8,-2
09,14,360,20,249,147,0,1,-4
09,14,310,30,259,170,0,6,-2
09,14,270,30,209,164,0,8,-24
09,14,270,40,173,65,0,3,3
09,14,230,40,191,83,0,8,-2
09,14,230,40,249,110,0,8,-17
09,14,240,40,220,119,0,8,5
09,14,240,70,263,111,0,6,1
09,14,350,60,176,151,0,8,-11
09,14,350,20,181,127,0,8,-1
09,14,290,40,201,67,0,6,-8
09,14,290,30,192,90,0,8,7
09,14,180,20,236,81,0,8,-6
09,14,190,30,259,62,0,8,6
09,14,240,70,290,117,0,0,-6
09,14,230,70,270,128,0,1,-2
09,14,190,80,251,121,0,4,6
09,14,240,70,164,54,0,1,2
09,14,250,30,126,100,4,8,-2
09,14,350,60,107,101,5,8,0
09,14,230,30,114,86,0,8,11
09,14,70,30,146,48,0,8,2
09,14,250,30,189,34,0,0,0
09,14,210,50,225,87,0,0,0
09,14,30,50,136,70,0,8,6
09,14,60,50,146,23,0,3,2
09,14,260,30,163,46,0,0,2
09,14,290,30,204,91,0,3,2
09,14,260,40,204,58,0,0,4
09,14,250,40,185,115,0,8,-9
09,14,250,40,211,116,-1,8,-11
09,14,310,50,153,99,0,8,-5
09,14,220,40,192,55,0,8,1
09,14,320,40,174,90,0,8,-9
09,14,300,10,154,87,0,8,4
09,14,220,30,173,62,0,8,1
09,14,290,20,209,71,0,7,-15
09,14,210,50,178,121,-1,8,4
09,14,250,50,225,130,0,1,4
09,14,10,30,200,153,-1,8,4
09,14,60,40,219,83,0,0,-3
09,14,240,40,238,97,0,8,4
09,14,310,30,196,137,0,8,-12
09,14,310,50,172,83,0,8,-3
09,14,10,30,171,45,0,1,-8
09,14,40,40,165,41,0,8,6
09,14,80,50,195,3,0,8,-5
09,14,70,60,255,42,0,0,-3
09,14,190,50,274,132,0,8,-5
09,14,260,50,163,126,0,8,11
09,14,160,40,175,120,1,8,-13
09,14,210,60,165,122,0,8,5
09,14,200,50,181,163,0,8,8
09,14,230,60,196,95,0,4,-2
09,14,230,70,166,119,-1,8,-14
09,14,210,100,164,134,0,8,7
09,14,250,40,169,100,0,8,2
09,14,340,30,176,86,0,8,-1
09,14,150,20,213,90,0,1,-2
09,14,210,60,197,119,0,8,0
09,14,240,20,186,173,0,8,5
09,14,260,50,195,88,0,7,-14
09,14,310,30,186,63,0,8,-2
09,14,250,20,211,87,0,4,-1
09,14,270,50,203,143,0,8,7
09,14,270,40,242,137,0,1,-8
09,14,60,30,202,82,0,0,-3
09,14,240,20,235,115,0,4,-3
09,14,280,40,208,99,0,0,2
09,14,160,20,246,121,0,4,7
09,14,90,20,309,137,0,7,5
09,14,190,20,332,89,0,3,6
09,14,10,60,273,157,0,0,-4
09,14,50,60,202,49,0,0,-3
09,14,90,60,244,106,0,0,-6
09,14,50,20,266,112,0,0,1
09,14,20,50,242,73,0,8,3
09,14,990,10,246,70,0,0,-1
09,14,990,10,257,75,0,0,-9
09,14,210,70,230,109,0,7,-8
09,14,200,70,180,59,0,8,6
09,14,210,60,133,80,-1,7,-22
09,14,300,30,134,82,0,8,8
09,14,40,40,128,91,0,8,6
09,14,190,40,105,98,9,8,0
09,14,250,40,183,100,0,4,2
09,14,190,30,191,139,0,8,-6
09,14,130,57,287,108,0,0,0
09,14,360,41,271,148,0,0,-7
09,14,90,31,289,91,0,0,-4
09,14,60,46,278,101,0,1,-3
09,14,360,41,224,126,0,3,-8
09,14,10,51,171,57,0,7,-3
09,14,350,36,176,98,0,7,-1
09,14,270,31,191,84,0,7,2
09,14,990,15,206,79,0,5,6
09,14,230,21,231,80,0,7,9
09,14,30,72,155,101,0,8,-8
09,14,40,36,181,28,0,2,5
09,14,110,31,214,45,0,1,5
09,14,260,26,240,72,0,2,3
09,14,230,36,194,162,-1,8,-12
09,14,230,36,185,125,-1,8,-15
09,14,270,67,184,84,0,3,1
09,14,250,46,195,108,0,5,5
09,14,290,36,190,68,0,3,-11
09,14,30,26,182,44,0,6,0
09,14,210,36,218,103,0,5,2
09,14,260,51,159,102,3,6,5
09,14,240,62,159,77,0,8,-17
09,14,230,67,201,108,0,8,-8
09,14,230,15,163,158,22,8,0
09,14,320,41,160,118,0,8,-1
09,14,210,41,120,102,8,7,5
09,14,130,62,145,85,0,6,-1
09,14,220,36,166,102,0,7,4
09,14,300,57,124,91,0,6,-6
09,14,190,36,99,78,3,6,46
09,14,200,93,135,121,-1,8,2
09,14,270,57,153,88,-1,7,-1
09,14,310,87,117,87,14,7,17
09,14,290,77,142,66,0,7,-3
09,14,200,51,175,61,0,4,-2
09,14,280,51,136,127,2,8,4
09,14,240,57,161,76,0,4,-5
09,14,250,36,183,88,0,3,-10
09,14,150,41,198,75,0,6,3
09,14,270,82,161,113,-1,7,-10
09,14,220,31,173,62,0,7,-2
09,14,250,41,185,82,0,8,-9
09,14,270,57,167,59,0,2,0
09,14,250,57,188,106,0,2,5
09,14,300,41,178,92,0,6,-1
09,14,100,67,198,108,0,1,1
09,14,210,36,186,158,0,7,9
09,14,190,57,163,138,-1,7,7
09,14,220,26,176,114,0,8,-1
09,14,110,41,203,128,0,7,1
09,14,170,31,198,148,-1,8,-5
09,14,220,72,163,93,0,8,-9
09,14,180,67,170,89,0,7,0
09,14,140,41,210,113,0,7,7
09,14,130,31,245,118,0,1,-2
09,14,100,36,262,126,0,2,-9
09,14,180,10,234,144,0,1,-3
09,14,300,31,203,110,0,1,0
09,14,230,41,177,117,0,7,-10
09,14,990,15,174,119,0,7,1
09,14,270,21,155,132,-1,8,5
09,14,320,62,143,105,5,7,7
09,14,320,51,135,101,-1,7,3
09,14,30,36,177,74,0,1,2
09,14,160,26,183,74,0,5,4
09,14,120,41,210,89,0,1,3
09,14,190,10,206,172,0,6,4
09,14,180,36,193,154,2,7,1
09,14,270,36,142,126,3,7,9
09,14,260,21,174,110,-1,7,4
09,14,100,57,179,112,0,6,-2
09,14,130,36,140,132,1,,0
09,14,110,41,135,127,20,8,-1
09,14,190,67,162,120,0,6,-3
09,14,260,36,133,125,4,8,5
09,14,80,36,123,102,-1,8,3
09,14,70,51,153,55,0,3,-1
09,14,100,31,187,110,0,4,-1
09,14,170,36,247,159,0,7,-1
09,14,240,41,188,123,0,7,-2
09,14,350,15,164,159,2,8,2
09,14,60,36,168,119,0,7,2
09,14,20,57,158,124,0,7,-7
09,14,320,51,125,117,7,8,-1
09,14,290,87,125,82,0,7,-3
09,14,220,62,114,103,0,8,0
09,14,180,67,135,109,0,7,-6
09,14,140,41,162,101,0,1,0
09,14,180,36,157,96,0,6,0
09,14,200,67,187,148,0,7,6
09,14,290,82,178,104,0,3,2
09,14,300,72,203,130,0,4,-5
09,14,290,46,180,163,-1,8,16
09,14,300,72,176,87,0,6,-8
09,14,130,31,168,82,-1,8,-14
09,14,140,51,145,142,16,7,13
09,14,160,62,185,131,0,7,-49
09,14,230,82,162,105,-1,5,1
09,14,220,93,164,91,0,4,5
09,14,200,82,157,132,-1,7,14
09,14,240,62,181,142,6,7,1
09,14,250,31,174,117,0,6,4
09,14,130,21,143,140,20,8,0
09,14,220,51,141,116,0,8,-8
09,14,300,87,132,98,1,7,-14
09,14,260,72,115,110,50,8,7
09,14,330,46,160,137,2,5,2
09,14,240,31,139,105,0,7,5
09,14,140,41,116,111,18,8,-1
09,14,60,51,180,120,0,1,-4
09,14,70,57,185,103,0,1,-4
09,14,70,57,199,131,0,6,-1
09,14,260,15,196,153,0,7,-9
09,14,990,10,208,158,0,7,8
09,14,340,10,161,155,0,8,6
09,14,280,67,152,106,0,7,-3
09,14,270,36,163,106,0,7,-5
09,14,240,26,157,119,0,8,-1
09,14,290,21,170,111,0,5,0
09,14,320,67,213,102,0,3,-10
09,14,270,36,195,123,0,7,-6
09,14,260,36,156,120,-1,6,5
09,14,250,51,172,126,0,7,6
09,14,250,26,167,120,-1,7,6
09,14,230,36,203,77,0,5,-3
09,14,150,57,193,156,0,7,-22
09,14,250,62,163,161,7,8,-2
09,14,240,82,203,101,0,2,0
09,14,170,36,201,142,0,8,10
09,14,240,67,166,129,-1,8,-1
09,14,210,31,185,120,-1,7,-1
09,14,30,36,194,122,0,7,1
09,14,240,41,187,110,0,4,4
09,14,200,21,148,121,3,8,8
09,14,110,31,193,121,-1,7,-9
09,14,140,41,203,142,0,6,-10
09,14,90,15,209,145,0,8,-8
09,14,50,82,225,113,0,5,-6
09,14,350,82,172,103,0,4,2
09,14,290,41,147,137,-1,7,7
09,14,270,26,169,142,-1,7,13
09,14,290,10,165,136,-1,8,-5
09,14,210,77,156,106,-1,7,-25
09,14,310,46,174,110,0,6,-5
09,14,220,57,146,146,3,8,3
09,14,270,93,156,108,3,5,-46
09,14,300,77,131,53,-1,4,-11
09,14,290,87,131,62,0,3,-3
09,14,230,31,142,104,0,7,-20
09,14,260,30,163,123,0,7,1
09,14,40,20,190,103,0,6,0
09,14,70,60,203,101,0,2,3
09,14,20,60,165,119,0,7,13
09,14,40,60,214,80,0,1,-7
09,14,350,40,195,85,0,2,-12
09,14,30,40,177,56,0,3,0
09,14,360,30,181,72,0,7,-3
09,14,90,20,201,108,0,3,-18
09,14,280,40,154,120,0,7,3
09,14,330,30,139,101,-1,7,4
09,14,320,60,134,100,6,6,-7
09,14,330,80,147,97,-1,6,-2
09,14,300,60,173,92,0,4,-6
09,14,330,30,166,102,0,7,0
09,14,60,60,178,70,0,1,-4
09,14,80,80,165,36,0,0,-1
09,14,90,90,145,58,0,7,3
09,14,90,90,150,89,0,7,-6
09,14,80,60,154,95,0,2,3
09,14,80,50,116,73,0,8,-1
09,14,50,50,96,88,4,8,-1
09,14,20,30,113,100,0,8,-2
09,14,990,10,144,84,0,7,12
09,14,220,30,188,96,0,2,-3
09,14,210,60,193,106,0,7,-6
09,14,280,50,169,107,0,6,0
09,14,260,60,175,92,0,7,-6
09,14,220,70,162,137,-1,8,6
09,14,240,30,170,139,0,8,-7
09,14,230,30,213,130,0,7,-6
09,14,990,10,212,129,0,7,2
09,14,160,30,224,129,0,2,-3
09,14,210,40,238,142,0,7,-9
09,14,280,20,195,123,0,8,-3
09,14,270,50,201,99,0,3,0
09,14,270,40,178,139,0,4,10
09,14,280,60,187,120,0,4,-9
09,14,320,70,171,105,0,5,4
09,14,320,30,174,83,0,6,3
09,14,130,40,181,112,0,7,8
09,14,210,60,184,115,0,7,3
09,14,280,70,154,53,0,3,-4
09,14,270,60,162,84,0,4,14
09,14,210,40,177,86,0,7,1
09,14,200,40,223,77,0,7,0
09,14,300,30,213,132,0,6,0
09,14,350,20,217,144,0,0,-1
09,14,70,50,189,88,0,6,-3
09,14,70,50,170,40,0,6,-8
09,14,80,50,180,52,0,5,-3
09,14,70,30,205,68,0,1,-3
09,14,30,50,184,92,0,3,-2
09,14,40,30,159,125,0,8,2
09,14,100,40,215,109,0,2,-2
09,14,60,40,231,109,0,1,-3
09,14,170,10,148,110,0,7,8
09,14,50,20,173,118,0,1,-1
09,14,270,10,182,129,0,7,0
09,14,150,10,163,163,2,8,0
09,14,110,50,173,126,-1,7,11
09,14,90,30,204,180,0,8,2
09,14,180,40,223,188,-1,7,-6
09,14,170,30,195,152,0,7,-1
09,14,220,40,203,151,0,6,-40
09,14,240,20,173,166,2,8,9
09,14,180,50,207,163,0,7,-15
09,14,200,80,196,144,0,7,-8
09,14,200,90,216,173,0,7,-58
09,14,220,60,211,137,0,3,-3
09,14,240,20,155,127,13,6,-1
09,14,290,40,149,84,0,6,-4
09,14,260,30,106,96,3,8,-8
09,14,270,80,119,110,16,8,-4
09,14,260,50,153,85,-1,7,-1
09,14,260,80,150,77,0,6,-14
09,14,320,60,141,117,-1,7,1
09,14,260,30,190,130,0,7,-15
09,14,990,10,194,176,0,7,5
09,14,60,30,194,155,0,5,3
09,14,70,40,201,130,0,1,-5
09,14,70,60,186,123,0,1,0
09,14,100,50,199,120,0,3,-1
09,14,140,40,211,139,0,1,1
09,14,140,40,232,132,0,3,-4
09,14,150,60,217,151,0,7,1
09,14,170,40,201,141,0,5,-17
09,14,290,30,190,145,0,7,-1
09,14,180,30,178,146,0,7,5
09,14,130,40,173,158,0,6,5
09,14,280,10,206,154,0,7,0
09,14,80,40,238,152,0,4,-3
09,14,60,50,254,124,0,4,-9
09,14,40,60,253,160,0,7,3
09,14,130,30,273,135,0,1,-2
09,14,240,30,255,148,0,6,-57
09,14,250,40,211,167,0,6,-3
09,14,210,20,240,157,0,5,8
09,14,310,40,239,174,0,7,-15
09,14,130,30,250,174,0,1,6
09,14,140,40,297,134,0,1,3
09,14,290,30,256,180,0,1,-3
09,14,350,60,211,161,0,4,-3
09,14,20,10,195,172,0,8,10
09,14,990,10,184,173,6,8,-1
09,14,200,70,207,85,0,1,1
09,14,230,20,185,119,0,7,1
09,14,160,50,197,108,0,3,7
09,14,150,40,231,138,0,8,-6
09,14,170,80,197,125,0,4,-13
09,14,180,70,179,142,1,7,-22
09,14,190,50,208,165,0,7,-3
09,14,210,70,225,130,0,4,-1
09,14,220,70,222,131,0,7,3
09,14,230,50,211,127,0,4,0
09,14,240,50,155,119,3,7,-5
09,14,200,70,166,146,0,8,2
09,14,260,60,188,111,0,7,-12
09,14,240,60,193,136,0,7,-3
09,14,240,40,174,143,2,6,-21
09,14,220,20,183,146,26,6,12
09,14,290,80,163,130,-1,7,-16
09,14,320,50,175,81,0,3,4
09,14,290,40,161,105,0,7,-10
09,14,240,40,188,129,0,7,-10
09,14,220,50,164,145,-1,8,-2
09,14,260,20,161,115,-1,7,3
09,14,220,30,190,177,-1,8,-2
09,14,260,20,206,177,0,7,5
09,14,330,20,233,163,0,6,13
09,14,120,40,251,153,0,2,3
09,14,270,40,199,166,-1,8,-7
09,14,300,50,194,149,0,7,0
09,14,250,20,208,128,0,2,-5
09,14,160,60,218,158,0,6,1
09,14,240,20,160,153,-1,7,17
09,14,290,30,162,142,0,8,9
09,14,190,70,194,122,0,7,-5
09,14,120,50,220,140,0,5,-4
09,14,200,20,160,117,-1,7,-3
09,14,990,10,186,114,0,3,12
09,14,170,50,212,146,0,3,3
09,14,100,60,208,130,0,7,-11
09,14,120,50,200,126,0,7,-2
09,14,240,20,187,118,0,7,-5
09,14,200,40,227,128,0,4,-3
09,14,210,50,193,108,0,5,2
09,14,190,70,171,143,-1,8,-2
09,14,160,20,198,153,0,7,1
09,14,210,20,159,136,-1,8,-4
09,14,310,70,200,103,0,3,-20
09,14,220,40,168,159,-1,8,0
09,14,270,20,168,153,0,7,3
09,14,300,60,160,140,10,7,-15
09,14,280,60,157,104,0,6,-3
09,14,330,30,193,147,0,6,0
09,14,280,70,172,110,0,7,5
09,14,310,80,156,79,-1,3,-11
09,14,250,50,113,98,1,6,4
09,14,300,100,125,104,3,7,10
09,14,290,80,183,95,0,4,-24
09,14,240,40,173,123,-1,7,-11
09,14,250,60,163,68,-1,5,-3
09,14,290,60,163,100,5,6,6
09,14,280,70,168,84,0,3,-6
09,14,300,40,126,106,4,7,-9
09,14,310,50,141,108,-1,8,-18
09,14,240,30,150,90,0,7,-4
09,14,140,80,115,105,34,8,0
09,14,280,40,138,122,50,7,24
09,14,320,50,162,87,0,5,-4
09,14,320,40,160,101,0,7,-3
09,14,30,40,137,113,-1,7,5
09,14,90,30,142,113,0,8,4
09,14,270,10,145,128,0,3,8
09,14,180,40,185,121,0,6,-20
09,14,230,30,173,158,0,7,-16
09,14,180,30,212,132,0,4,-8
09,14,200,30,174,138,-1,8,-4
09,14,200,60,192,132,0,6,-1
09,14,40,40,191,69,0,,10
09,14,90,70,225,106,0,3,2
09,14,80,70,223,95,0,3,-12
09,14,280,20,228,90,0,3,0
09,14,220,30,223,116,0,7,-9
09,14,230,50,208,139,0,6,-11
09,14,210,50,212,139,0,,-2
09,14,170,70,246,129,0,,-29
09,14,150,60,228,150,-1,7,2
09,14,320,10,183,116,0,,0
09,14,140,40,172,149,0,7,-5
09,14,60,70,218,127,0,1,11
09,14,60,40,231,117,0,2,-4
09,14,310,40,190,132,0,,-5
09,14,60,40,207,50,0,,-1
09,14,300,20,181,106,0,4,-3
09,14,320,20,172,119,-1,7,1
09,14,50,20,177,103,0,8,-12
09,14,40,30,174,99,0,7,-3
09,14,330,30,180,89,0,,0
09,14,290,30,158,111,0,,-1
09,14,330,60,144,98,2,,9
09,14,30,80,163,45,0,3,-15
09,14,60,80,159,25,0,2,0
09,14,340,60,166,106,0,7,-1
09,14,260,30,142,118,1,6,13
09,14,320,30,172,118,0,,-5
09,14,310,10,182,114,0,,-3
09,14,130,30,188,85,0,,3
09,14,160,30,196,58,0,4,0
09,14,350,50,129,112,11,7,23
09,14,330,30,192,79,0,6,-5
09,14,30,40,191,89,0,7,10
09,14,80,40,218,109,0,4,4
09,14,150,30,241,101,0,6,2
09,14,210,50,204,151,0,7,2
09,14,140,30,199,132,0,6,-4
09,14,320,30,193,106,0,6,6
09,14,340,40,179,111,0,8,-17
09,14,220,60,149,144,2,8,1
09,14,320,80,183,107,0,5,5
09,14,320,20,172,164,-1,8,8
09,14,50,40,197,90,0,2,1
09,14,100,40,212,98,0,2,1
09,14,190,20,240,118,0,2,-5
09,14,270,30,236,134,0,1,1
09,14,180,30,252,115,0,0,2
09,14,210,60,277,121,0,0,-5
09,14,190,40,261,144,0,0,5
09,14,220,20,284,153,0,1,3
09,14,190,30,264,143,0,1,6
09,14,230,70,254,118,0,3,-6
09,14,10,50,126,85,0,1,-5
09,14,40,20,150,43,0,8,7
09,14,90,70,190,48,0,0,-2
09,14,270,40,180,101,0,7,-12
09,14,990,10,171,90,0,8,2
09,14,180,10,142,135,-1,8,10
09,14,330,20,150,103,0,8,0
09,14,100,40,179,85,0,4,4
09,14,270,20,208,102,0,5,2
09,14,110,40,232,100,0,0,6
09,14,270,30,259,114,0,2,2
09,14,300,30,266,101,0,0,-2
09,14,70,40,268,152,0,1,5
09,14,50,60,273,120,0,0,-1
09,14,50,70,256,152,0,1,-2
09,14,30,50,226,127,0,1,2
09,14,110,80,238,75,0,0,1
09,14,200,60,275,154,0,0,-4
09,14,220,50,221,142,0,7,1
09,14,260,80,189,48,0,1,1
09,14,210,70,188,121,-1,8,-30
09,14,220,60,196,84,0,6,-19
09,14,290,40,133,118,2,7,20
09,14,260,20,173,83,0,2,7
09,14,200,60,202,83,0,1,-6
09,14,230,40,222,100,-1,8,-7
09,14,270,40,181,80,0,2,-1
09,14,220,70,151,111,-1,8,-4
09,14,280,80,152,94,1,4,-6
09,14,270,20,120,116,14,8,-3
09,14,320,60,152,112,-1,7,-6
09,14,320,70,128,106,5,6,-11
09,14,260,40,132,79,0,7,-7
09,14,290,50,170,113,0,4,-5
09,14,290,60,187,121,0,6,-5
09,14,260,50,169,132,0,7,-11
09,14,300,60,173,93,0,4,-24
09,14,130,40,152,107,-1,8,-7
09,14,260,30,202,153,-1,8,0
09,14,320,20,229,137,0,1,6
09,14,50,50,234,169,0,3,1
09,14,100,50,257,141,0,0,2
09,14,140,50,278,124,0,0,1
09,14,160,40,253,170,0,1,-11
09,14,290,30,249,159,0,1,1
09,14,230,30,281,139,0,0,-6
09,14,210,30,256,157,0,8,-10
09,14,170,30,242,178,0,6,0
09,14,30,40,205,182,0,8,-3
09,14,30,50,188,139,0,8,8
09,14,990,10,218,125,0,2,-15
09,14,240,30,173,165,0,8,-1
09,14,230,30,172,163,1,8,1
09,14,10,100,148,62,-1,3,-5
09,14,350,40,147,54,0,2,-2
09,14,10,30,171,53,0,0,0
09,14,100,30,191,49,0,0,-2
09,14,280,20,203,101,0,2,-4
09,14,60,20,204,85,0,0,2
09,14,120,30,217,71,0,0,1
09,14,210,50,223,112,0,0,1
09,14,990,10,192,118,0,7,3
09,14,230,40,189,107,0,1,1
09,14,230,40,181,109,0,3,-1
09,14,220,40,155,145,10,8,0
09,14,270,40,157,74,0,0,-3
09,14,290,90,141,63,0,3,5
09,14,210,60,145,107,0,8,-6
09,14,220,30,223,156,0,8,-6
09,14,230,40,199,145,0,8,-2
09,14,250,70,232,203,0,8,-5
09,14,280,40,204,145,0,7,0
09,14,260,30,227,172,0,8,4
09,14,210,30,258,177,0,2,-3
09,14,320,70,193,99,0,,-5
09,14,40,40,196,93,0,3,-12
09,14,100,60,213,95,0,0,-1
09,14,110,40,234,128,0,0,2
09,14,130,30,265,162,0,5,-1
09,14,180,50,289,174,0,0,-2
09,14,210,40,275,170,0,0,-2
09,14,230,40,263,156,0,3,-20
09,14,60,60,266,134,0,0,-14
09,14,60,20,268,167,0,0,6
09,14,290,50,205,155,0,8,-5
09,14,230,30,203,153,0,7,-1
09,14,280,50,184,116,0,2,5
09,14,170,60,221,96,0,0,-2
09,14,130,60,253,150,0,0,3
09,14,190,50,234,137,0,7,-12
09,14,60,20,230,172,0,6,8
09,14,210,30,225,156,0,8,-14
09,14,200,60,179,148,0,8,-4
09,14,290,50,211,137,0,7,-12
09,14,230,20,188,137,0,3,-5
09,14,230,30,213,127,0,2,5
09,14,200,60,221,158,0,7,0
09,14,210,50,215,100,0,1,0
09,14,300,60,187,136,0,8,-2
09,14,290,60,207,135,0,5,0
09,14,340,60,178,94,0,6,-6
09,14,350,50,155,97,-1,7,18
09,14,190,40,142,134,-1,8,8
09,14,360,50,197,167,0,7,-4
09,14,340,60,186,143,0,6,8
09,14,10,60,180,146,0,8,3
09,14,340,50,172,113,0,7,-1
09,14,330,70,151,132,1,8,14
09,14,340,50,177,121,0,5,-8
09,14,990,10,188,114,0,8,-7
09,14,80,20,181,112,0,8,-3
09,14,260,60,193,117,0,8,-5
09,14,990,10,182,97,0,5,7
09,14,220,50,209,133,0,6,-1
09,14,260,20,149,121,-1,8,-12
09,14,340,60,154,38,-1,5,-5
09,14,240,50,154,74,0,8,-4
09,14,220,40,169,123,0,8,7
09,14,200,60,193,106,0,2,5
09,14,310,20,204,132,0,2,3
09,14,200,40,212,150,0,8,7
09,14,240,40,144,125,4,7,13
09,14,250,50,157,89,0,6,-9
09,14,340,40,119,78,0,8,-1
09,14,30,70,154,99,0,8,1
09,14,60,40,157,115,0,8,5
09,14,300,30,140,129,3,8,-8
09,14,340,30,155,107,0,7,6
09,14,230,40,202,110,0,4,-19
09,14,200,70,202,146,-1,8,-1
09,14,210,40,155,127,3,8,-1
09,14,220,80,181,81,0,7,5
09,14,130,60,171,153,1,8,-5
09,14,200,70,198,118,0,5,1
09,14,200,70,162,140,-1,8,-1
09,14,250,30,177,121,0,8,2
09,14,160,50,237,119,0,0,0
09,14,230,40,222,154,0,6,-5
09,14,140,40,268,177,0,6,-6
09,14,260,30,146,140,10,8,2
09,14,80,50,152,119,0,8,-3
09,14,80,60,165,70,0,2,5
09,14,80,50,155,68,0,5,-13
09,14,60,30,159,98,0,8,-1
09,14,100,40,153,90,0,8,-2
09,14,70,50,146,47,0,1,3
09,14,50,40,165,61,0,4,0
09,14,60,50,167,75,0,0,0
09,14,20,50,164,100,0,7,0
09,14,40,50,161,78,0,8,6
09,14,10,30,152,119,0,8,-3
09,14,60,40,156,122,0,8,-4
09,14,80,50,171,93,0,5,-5
09,14,70,50,179,85,0,0,0
09,14,30,20,189,83,0,0,-3
09,14,270,30,179,102,0,3,-1
09,14,270,40,138,74,0,7,-5
09,14,230,40,130,123,16,8,1
09,14,240,30,162,155,10,8,0
09,14,200,50,194,105,0,8,7
09,14,260,80,180,91,0,7,2
09,14,270,70,171,62,0,7,6
09,14,290,90,184,100,0,5,-14
09,14,270,40,190,91,0,7,-10
09,14,240,40,246,124,0,0,2
09,14,200,50,291,128,0,0,-3
09,14,360,60,189,142,-1,8,-9
09,14,40,70,197,100,0,7,4
09,14,20,50,200,116,0,4,-20
09,14,30,40,204,122,0,3,-4
09,14,350,60,166,113,-1,8,-1
09,14,30,90,188,106,0,8,8
09,14,80,30,161,138,0,8,-1
09,14,40,50,185,144,0,8,1
09,14,60,60,188,85,0,0,-4
09,14,70,40,222,121,0,0,0
09,14,280,20,241,154,0,0,6
09,14,360,40,216,148,0,6,1
09,14,280,20,203,97,0,0,-5
09,14,260,40,220,126,0,0,2
09,14,280,30,173,141,0,8,1
09,14,330,40,195,100,0,8,-6
09,14,320,30,181,94,0,8,-2
09,14,360,10,202,95,0,2,-7
09,14,350,40,208,107,0,2,-3
09,14,290,60,183,127,0,7,-7
09,14,280,50,167,133,0,8,-5
09,14,300,50,183,136,0,8,4
09,14,80,20,184,73,0,2,-4
09,14,40,30,176,111,0,8,-4
09,14,360,20,180,106,0,8,3
09,14,20,30,190,89,0,1,3
09,14,100,40,193,62,0,1,1
09,14,120,70,208,68,0,0,-3
09,14,100,40,146,128,0,8,6
09,14,160,50,214,166,0,7,-3
09,14,280,10,192,158,1,6,4
09,14,210,30,169,151,2,8,-7
09,14,210,50,234,127,0,2,-6
09,14,320,40,186,141,-1,7,-5
09,14,280,30,176,94,0,7,7
09,14,230,50,174,149,1,8,-1
09,14,270,70,162,61,0,5,-12
09,14,280,50,147,123,38,8,3
09,14,320,30,136,102,11,7,5
09,14,280,40,163,50,0,8,-18
09,14,220,50,152,105,0,8,5
09,14,230,50,188,114,0,8,-4
09,14,990,10,202,137,0,3,10
09,14,190,40,225,130,0,4,6
09,14,280,20,204,142,0,8,-7
09,14,290,30,160,130,1,8,-13
09,14,310,70,142,75,-1,7,-8
09,14,80,40,134,89,-1,8,4
09,14,260,20,112,101,4,8,-2
09,14,240,10,141,135,0,8,0
09,14,110,30,143,96,0,7,-3
09,14,240,20,146,132,-1,8,6
09,14,50,30,195,86,0,0,-1
09,14,230,30,258,170,0,3,1
09,14,170,30,278,165,0,1,8
09,14,200,40,218,167,0,8,0
09,14,240,40,160,118,2,5,6
09,14,200,90,166,134,2,8,-9
09,14,260,70,172,97,0,7,-3
09,14,240,50,151,133,1,8,-7
09,14,240,20,195,168,0,8,-3
09,14,150,40,261,194,0,3,3
09,14,220,50,188,136,-1,8,-4
09,14,200,80,192,159,-1,8,15
09,14,260,50,192,91,0,6,-9
09,14,250,60,176,87,0,3,0
09,14,60,20,175,116,0,8,4
09,14,120,50,190,106,0,7,0
09,14,210,70,168,105,0,7,-3
09,14,230,20,116,96,2,7,3
09,14,290,70,168,93,0,2,3
09,14,240,40,184,118,0,7,-4
09,14,220,60,190,112,0,8,-4
09,14,280,50,179,99,0,7,-8
09,14,230,20,170,116,0,7,5
09,14,190,20,210,106,0,0,2
09,14,200,40,224,130,0,1,-1
09,14,250,40,230,137,0,7,-3
09,14,990,10,211,142,0,3,2
09,14,100,20,245,159,0,0,-1
09,14,130,30,260,139,0,0,-1
09,14,160,30,251,125,0,0,-2
09,14,300,20,190,49,0,0,0
09,14,260,20,196,124,0,7,8
09,14,40,40,220,117,0,1,3
09,14,270,20,249,133,0,0,-5
09,14,340,40,198,81,0,6,-6
09,14,240,30,198,74,0,8,-5
09,14,290,50,235,134,0,1,2
09,14,250,20,259,95,0,0,2
09,14,210,40,286,115,0,0,0
09,14,220,40,234,152,0,8,-2
09,14,300,90,172,130,-1,7,1
09,14,280,60,170,63,0,5,-13
09,14,350,40,163,87,0,8,0
09,14,270,50,180,125,0,8,-2
09,14,240,40,188,103,0,7,1
09,14,220,40,207,116,0,5,6
09,14,200,50,196,133,0,2,-3
09,14,290,80,172,99,-1,5,-3
09,14,290,80,156,61,0,5,-10
09,14,230,40,161,59,0,7,-9
09,14,290,10,162,53,0,8,-4
09,14,320,40,157,56,0,1,-1
09,14,80,50,125,73,-1,8,-4
09,14,220,100,168,120,-1,8,-23
09,14,190,50,156,111,51,7,-5
09,14,190,70,153,105,0,8,8
09,14,300,60,144,112,9,7,10
09,14,220,40,166,87,0,7,1
09,14,290,80,158,74,0,2,-10
09,14,230,50,170,67,0,0,-6
09,14,280,70,178,76,0,8,-4
09,14,290,90,223,134,0,8,-12
09,14,990,10,234,155,0,8,4
09,14,100,20,270,151,0,0,3
09,14,200,30,319,143,0,0,-4
09,14,280,40,225,152,-1,8,6
09,14,210,20,187,113,-1,7,-4
09,14,210,20,185,99,-1,8,13
09,14,230,40,166,86,-1,8,-18
09,14,290,60,158,116,-1,7,-11
09,14,300,70,199,119,-1,6,-17
09,14,300,40,177,129,0,8,0
09,14,190,40,156,128,-1,8,4
09,14,320,60,163,131,0,8,0
09,14,240,40,160,77,0,8,0
09,14,280,60,130,42,-1,4,6
09,14,240,40,136,59,0,8,-6
09,14,270,40,129,110,-1,7,-8
09,14,230,40,147,72,0,8,-5
09,14,300,70,165,107,0,8,-6
09,14,230,20,170,105,0,7,3
09,14,280,30,199,164,0,8,2
09,14,330,30,203,136,0,8,-2
09,14,110,20,204,132,0,3,-7
09,14,330,20,195,128,0,1,0
09,14,20,50,174,80,0,6,-12
09,14,70,30,170,94,0,3,2
09,14,80,80,179,66,0,7,-7
09,14,90,80,183,75,0,0,1
09,14,100,60,164,70,0,0,-3
09,14,290,30,199,103,0,7,-1
09,14,20,30,215,117,0,5,-2
09,14,70,70,211,125,0,3,-7
09,14,90,40,227,146,0,5,2
09,14,990,10,225,156,0,8,0
09,14,310,40,200,169,0,8,0
09,14,260,10,205,139,0,1,14
09,14,340,20,198,94,0,0,2
09,14,360,30,166,121,-1,8,4
09,14,50,30,176,101,0,8,2
09,14,10,60,196,123,0,7,3
09,14,20,60,215,129,0,2,2
09,14,20,50,215,127,0,4,0
09,14,50,40,189,139,0,8,-3
09,14,60,50,231,117,0,0,-5
09,14,150,20,236,142,0,5,-7
09,14,110,30,254,133,0,0,-3
09,14,170,40,233,157,0,7,4
09,14,990,10,236,178,0,2,4
09,14,260,40,227,171,0,3,-11
09,14,330,60,188,95,0,2,-5
09,14,320,60,171,94,0,5,0
09,14,200,10,173,87,0,8,5
09,14,300,40,125,105,104,8,9
09,14,270,50,168,102,0,2,-5
09,14,240,40,180,150,0,8,-9
09,14,120,20,187,145,0,7,4
09,14,140,30,214,142,0,2,-1
09,14,210,30,171,165,6,8,-1
09,14,250,20,193,145,0,1,6
09,14,310,70,192,122,0,4,-1
09,14,300,40,177,104,0,2,6
09,14,260,30,141,95,-1,8,19
09,14,260,60,145,104,-1,8,-12
09,14,300,70,164,110,-1,3,-10
09,14,300,60,143,91,-1,7,8
09,14,310,40,161,124,-1,8,5
09,14,360,30,171,109,0,8,0
09,14,60,40,188,99,0,1,-3
09,14,70,60,199,95,0,4,-5
09,14,110,40,199,95,0,1,0
09,14,180,70,195,148,-1,8,-24
09,14,90,70,196,151,0,8,-3
09,14,190,80,178,134,1,5,-38
09,14,210,80,154,82,-1,7,5
09,14,160,50,189,178,11,8,2
09,14,280,70,138,129,27,8,2
09,14,210,30,159,136,15,7,12
09,14,340,50,171,110,0,8,-1
09,14,290,50,188,95,0,6,-4
09,14,200,50,172,102,0,7,-1
09,14,210,20,133,117,14,8,9
09,14,290,70,135,128,2,8,8
09,14,210,60,159,121,0,8,1
09,14,310,40,157,101,0,5,12
09,14,60,40,174,84,0,2,-12
09,14,60,50,173,76,0,5,-14
09,14,50,40,155,86,0,5,5
09,14,70,80,171,77,0,2,-4
09,14,80,80,175,67,0,0,-4
09,14,270,50,235,101,0,4,-2
09,14,220,40,211,121,0,8,6
09,14,210,40,223,145,0,6,5
09,14,260,60,193,129,0,7,-4
09,14,300,20,231,124,0,5,-1
09,14,230,20,230,174,0,8,0
09,14,110,40,266,111,0,0,3
09,14,230,40,279,138,0,5,-2
09,14,270,20,233,117,0,0,3
09,14,200,50,256,109,0,8,-3
09,14,160,30,213,169,0,8,10
09,14,180,30,286,144,0,0,2
09,14,120,40,323,156,0,0,2
09,14,120,30,321,137,0,0,-2
09,14,170,40,292,146,0,8,-6
09,14,210,60,208,135,0,7,-1
09,14,50,30,217,124,0,8,-8
09,14,20,30,192,134,0,8,13
09,14,20,30,184,106,0,8,-3
09,14,40,20,187,78,0,7,11
09,14,150,30,204,103,0,8,-3
09,14,230,20,208,116,0,8,2
09,14,280,50,197,90,0,5,0
09,14,160,50,242,99,0,6,-4
09,14,250,50,220,138,0,6,-45
09,14,230,20,187,112,0,8,-12
09,14,210,30,209,83,0,5,1
09,14,240,50,226,116,0,1,-3
09,14,220,50,178,136,0,8,3
09,14,240,40,187,75,0,4,-8
09,14,270,20,186,118,-1,8,-26
09,14,300,50,162,98,0,7,17
09,14,190,40,196,104,0,6,6
09,14,170,40,202,121,0,8,0
09,14,250,20,212,180,-1,8,13
09,14,280,90,176,108,-1,7,0
09,14,240,40,181,102,0,8,6
09,14,210,60,162,149,6,8,0
09,14,270,40,167,117,0,1,-1
09,14,200,70,171,109,0,3,-4
09,14,210,60,156,107,-1,8,4
09,14,270,60,174,102,0,7,-3
09,14,260,80,183,76,0,2,-31
09,14,250,70,110,98,27,8,8
09,14,250,30,153,101,0,2,4
09,14,280,20,146,85,0,8,-4
09,14,300,30,157,87,0,8,9
09,14,240,30,145,109,0,7,-13
09,14,300,30,175,86,0,6,-11
09,14,240,20,167,100,0,6,15
09,14,170,40,190,104,0,8,-1
09,14,250,30,183,128,0,8,-11
09,14,130,20,181,67,0,0,-3
09,14,110,30,202,107,0,1,-1
09,14,70,40,184,128,0,0,-1
09,14,50,30,178,133,0,2,3
09,14,130,30,207,130,0,6,-2
09,14,200,40,205,154,0,7,-2
09,14,160,50,236,170,0,7,-6
09,14,250,20,137,110,1,8,10
09,14,20,40,203,71,0,3,-1
09,14,70,40,238,81,0,0,-5
09,14,330,30,216,161,-1,8,0
09,14,30,30,251,165,0,4,5
09,14,40,30,244,169,0,0,8
09,14,300,60,206,150,0,6,-12
09,14,270,60,166,61,0,2,-1
09,14,250,30,186,76,0,8,-6
09,14,200,50,244,117,0,7,1
09,14,240,40,218,126,0,8,-2
09,14,230,50,260,129,0,7,-4
09,14,30,40,152,139,-1,8,-4
09,14,350,40,194,65,0,0,-1
09,14,260,40,183,84,0,8,-5
09,14,250,40,195,116,0,8,-11
09,14,200,40,222,92,0,8,6
09,14,190,30,260,86,0,8,-1
09,14,220,60,256,126,0,0,-9
09,14,210,60,237,118,0,6,-2
09,14,200,70,245,125,0,3,2
09,14,260,80,155,42,0,6,6
09,14,290,30,129,110,8,8,-8
09,14,350,60,113,100,8,8,-8
09,14,330,50,152,42,0,2,-6
09,14,990,10,168,45,0,3,-5
09,14,230,40,190,50,0,0,4
09,14,210,30,221,60,0,0,-2
09,14,360,60,167,48,0,3,-17
09,14,100,20,154,24,0,8,0
09,14,260,30,176,70,0,8,-11
09,14,280,50,207,78,0,2,-14
09,14,300,50,212,69,0,1,-14
09,14,260,60,204,96,0,7,-6
09,14,200,50,159,151,31,8,-4
09,14,300,70,163,92,-1,7,-12
09,14,220,40,186,81,0,8,1
09,14,290,30,174,111,0,7,-15
09,14,320,50,173,72,0,6,-11
09,14,220,30,179,47,0,8,-2
09,14,290,30,201,65,0,1,1
09,14,220,40,153,148,14,8,3
09,14,260,40,222,141,0,4,0
09,14,20,40,212,123,0,8,-6
09,14,50,20,210,61,0,0,0
09,14,300,70,233,83,0,0,-6
09,14,360,40,163,133,0,8,4
09,14,310,60,181,79,0,7,-11
09,14,330,40,161,70,0,8,13
09,14,20,30,173,76,0,7,-8
09,14,70,40,195,47,0,5,1
09,14,110,50,251,43,0,0,3
09,14,170,50,254,137,0,8,5
09,14,250,10,185,142,1,7,16
09,14,160,40,160,141,6,8,-6
09,14,190,60,175,133,0,8,-1
09,14,200,50,191,168,-1,8,2
09,14,230,40,176,134,3,5,-12
09,14,220,60,181,131,7,7,-10
09,14,190,70,168,151,5,8,-2
09,14,260,40,168,104,0,8,1
09,14,340,40,180,62,0,8,-3
09,14,270,20,202,94,0,5,2
09,14,210,50,212,145,0,8,3
09,14,270,50,202,128,0,8,3
09,14,290,80,179,90,0,8,-4
09,14,280,40,189,85,0,7,-4
09,14,250,40,216,93,0,5,-8
09,14,220,30,187,158,0,8,0
09,14,290,60,220,166,0,8,-14
09,14,10,20,200,70,0,3,-4
09,14,260,40,217,112,0,6,-2
09,14,260,40,198,114,0,8,6
09,14,220,30,234,131,0,5,7
09,14,130,30,309,125,0,0,4
09,14,170,20,344,115,0,8,1
09,14,350,60,229,145,0,8,1
09,14,60,60,204,50,0,0,-4
09,14,70,60,231,84,0,0,1
09,14,90,40,251,86,0,0,5
09,14,50,50,241,56,0,0,2
09,14,340,20,252,66,0,0,-1
09,14,250,30,242,62,0,0,-1
09,14,210,70,218,123,0,8,-41
09,14,190,80,179,82,0,8,-14
09,14,220,60,122,91,4,8,-6
09,14,10,50,166,75,0,8,-6
09,14,20,30,137,101,0,8,3
09,14,180,30,130,127,-1,8,-2
09,14,240,30,189,99,0,8,2
09,14,200,30,175,151,18,8,1
09,14,120,51,297,117,0,0,-4
09,14,310,26,279,149,0,1,0
09,14,70,21,289,110,0,0,3
09,14,60,41,282,109,0,1,4
09,14,360,31,231,130,0,6,-11
09,14,10,46,169,70,0,7,-5
09,14,310,41,184,107,0,7,-3
09,14,300,31,197,90,0,5,3
09,14,990,10,217,82,0,2,-2
09,14,270,21,245,89,-1,7,-13
09,14,20,62,168,104,0,8,-4
09,14,80,41,195,48,0,1,-13
09,14,110,21,219,53,0,1,1
09,14,230,41,248,74,0,2,5
09,14,200,51,210,166,0,8,-17
09,14,210,51,196,114,0,8,-18
09,14,280,57,195,88,0,3,0
09,14,240,57,195,105,0,6,6
09,14,350,26,194,65,0,4,-3
09,14,50,36,182,47,0,4,6
09,14,210,57,237,117,0,6,-7
09,14,260,57,151,121,0,7,14
09,14,230,77,167,84,0,8,-13
09,14,250,82,208,109,0,7,-6
09,14,190,57,185,172,1,8,-3
09,14,270,41,152,136,16,8,7
09,14,210,36,120,112,3,7,8
09,14,110,57,152,96,0,6,-5
09,14,200,46,175,99,0,4,2
09,14,280,67,138,84,0,5,-9
09,14,280,41,81,61,27,7,48
09,14,190,87,140,112,0,8,-5
09,14,270,82,166,83,0,7,-13
09,14,320,57,123,93,2,7,-5
09,14,290,51,134,63,-1,7,6
09,14,190,46,183,68,0,3,-6
09,14,230,57,169,116,0,8,-25
09,14,240,51,155,83,-1,6,4
09,14,250,36,183,80,0,3,-1
09,14,100,46,200,80,0,3,0
09,14,230,82,212,121,0,7,-64
09,14,220,21,170,62,0,7,5
09,14,220,41,190,100,0,7,-7
09,14,270,62,170,65,0,4,6
09,14,240,72,200,115,0,2,-4
09,14,300,21,182,98,0,6,-1
09,14,120,51,204,113,0,6,3
09,14,180,26,196,166,0,7,7
09,14,220,41,162,129,-1,8,11
09,14,230,21,190,111,0,7,-6
09,14,120,41,211,143,0,8,-1
09,14,180,41,210,149,0,8,-8
09,14,200,77,174,96,0,5,-7
09,14,190,67,188,93,0,7,-12
09,14,120,41,220,123,0,7,-2
09,14,140,36,249,125,0,2,-2
09,14,60,31,262,146,0,1,-5
09,14,120,15,237,152,0,1,-4
09,14,290,26,209,128,0,1,-2
09,14,230,51,196,124,0,4,-17
09,14,230,26,166,124,0,7,4
09,14,270,26,154,132,-1,8,1
09,14,330,62,152,112,-1,7,-2
09,14,340,67,141,109,-1,7,-2
09,14,10,26,179,61,0,2,5
09,14,30,10,187,52,0,4,0
09,14,110,36,214,96,0,1,1
09,14,260,31,213,158,6,7,-38
09,14,200,57,183,156,2,8,-10
09,14,230,62,189,122,0,7,-31
09,14,180,15,172,117,0,6,8
09,14,110,31,183,111,0,6,-9
09,14,110,31,139,134,7,8,1
09,14,120,46,133,127,23,8,-1
09,14,200,31,143,133,15,7,12
09,14,240,72,134,129,6,8,-3
09,14,80,21,122,108,-1,8,-3
09,14,50,51,151,59,0,2,-1
09,14,110,31,187,115,0,3,6
09,14,150,31,246,176,0,6,-2
09,14,230,57,197,125,0,7,5
09,14,70,21,158,155,27,8,-1
09,14,20,36,162,127,0,7,4
09,14,360,67,150,116,0,7,-5
09,14,340,72,121,116,23,8,-2
09,14,290,67,127,90,0,7,-4
09,14,210,67,110,98,-1,8,-3
09,14,200,57,138,98,0,6,-1
09,14,110,31,161,102,0,1,-1
09,14,170,41,151,103,0,5,9
09,14,210,62,199,149,0,6,-5
09,14,300,57,176,109,0,4,8
09,14,280,57,190,118,0,5,4
09,14,230,67,206,164,-1,6,0
09,14,320,62,180,106,0,5,-5
09,14,130,26,172,110,0,8,-6
09,14,240,36,139,139,83,8,8
09,14,160,46,177,138,0,7,0
09,14,230,103,158,110,0,6,1
09,14,230,93,145,107,2,5,8
09,14,220,36,154,131,1,7,6
09,14,240,77,180,160,2,7,9
09,14,260,31,184,110,0,5,-2
09,14,170,10,141,141,20,8,0
09,14,230,82,137,118,0,8,0
09,14,310,57,133,103,-1,7,2
09,14,240,82,109,107,12,8,2
09,14,250,10,157,134,3,5,3
09,14,250,36,152,121,0,7,0
09,14,140,46,121,112,8,8,-2
09,14,60,46,180,113,0,2,-2
09,14,60,46,185,113,0,1,-1
09,14,60,62,205,130,0,5,-5
09,14,250,21,199,167,0,7,-10
09,14,130,10,212,164,0,7,6
09,14,10,10,183,170,0,1,-3
09,14,270,57,169,105,0,4,-13
09,14,280,41,160,116,0,7,-4
09,14,280,26,160,126,0,8,-1
09,14,990,15,174,108,0,5,3
09,14,330,62,210,102,0,3,-15
09,14,260,36,192,125,0,7,-8
09,14,250,31,143,122,1,7,18
09,14,250,62,178,118,-1,3,-13
09,14,270,57,193,111,0,6,-8
09,14,230,57,206,83,0,6,-17
09,14,160,57,184,158,0,7,-17
09,14,250,67,163,160,18,8,1
09,14,260,72,192,113,0,4,7
09,14,160,31,203,147,0,7,7
09,14,240,87,180,129,0,7,-10
09,14,160,31,192,125,0,7,-27
09,14,350,46,185,125,0,7,-5
09,14,250,26,186,114,0,5,4
09,14,230,15,143,133,16,8,2
09,14,120,36,178,129,-1,6,-4
09,14,150,26,198,130,0,4,2
09,14,80,31,202,132,0,7,1
09,14,50,62,221,112,0,6,-3
09,14,360,77,174,96,0,4,-5
09,14,290,31,168,121,0,7,-7
09,14,250,36,171,122,0,8,-18
09,14,240,10,157,149,0,8,1
09,14,220,72,177,103,0,7,-37
09,14,300,31,179,98,0,4,-16
09,14,220,93,147,136,-1,8,-3
09,14,280,87,147,115,-1,6,8
09,14,300,62,124,53,0,3,-16
09,14,280,67,146,54,0,2,-21
09,14,230,57,139,114,0,6,-5
09,14,320,20,155,111,-1,7,7
09,14,30,30,185,93,0,3,3
09,14,50,60,200,104,0,1,-1
09,14,30,50,159,128,0,8,6
09,14,40,60,206,89,0,1,-1
09,14,360,40,186,91,0,2,5
09,14,360,40,169,58,0,2,10
09,14,320,30,165,87,0,6,1
09,14,60,20,193,116,0,4,0
09,14,290,30,151,122,-1,7,1
09,14,300,20,129,116,-1,8,13
09,14,330,110,149,77,0,4,-6
09,14,330,90,161,102,0,5,-13
09,14,340,40,153,128,3,6,10
09,14,340,30,161,104,0,7,0
09,14,80,40,170,76,0,3,1
09,14,80,70,162,39,0,1,-3
09,14,80,70,138,59,0,7,-1
09,14,80,70,153,94,0,4,-2
09,14,80,50,158,92,0,3,-2
09,14,60,50,108,75,0,8,5
09,14,60,40,97,92,-1,8,-1
09,14,360,30,113,105,0,8,-2
09,14,290,10,143,93,0,3,8
09,14,240,20,184,97,0,2,0
09,14,210,50,184,117,0,6,9
09,14,280,60,182,122,0,4,-14
09,14,230,50,165,125,0,7,-2
09,14,220,80,164,144,-1,8,5
09,14,230,40,158,148,-1,8,-7
09,14,210,40,217,148,0,6,-2
09,14,990,10,200,139,0,7,1
09,14,160,20,223,136,0,4,5
09,14,230,60,235,150,0,7,-2
09,14,290,20,193,141,0,7,-2
09,14,280,40,199,119,0,5,-6
09,14,280,30,183,150,0,6,-11
09,14,270,60,191,131,0,2,-2
09,14,300,70,176,121,0,6,-4
09,14,330,20,171,85,0,7,2
09,14,130,30,187,113,0,7,13
09,14,210,70,191,126,0,7,-4
09,14,270,70,151,48,0,2,9
09,14,300,40,164,79,0,3,15
09,14,220,40,186,88,0,7,0
09,14,190,40,227,84,0,5,2
09,14,280,40,223,117,0,7,1
09,14,300,30,229,162,0,1,-7
09,14,60,60,189,77,0,4,-2
09,14,80,40,167,44,0,4,-4
09,14,90,40,181,60,0,4,0
09,14,80,40,206,65,0,1,-1
09,14,40,40,190,100,0,4,-2
09,14,60,30,162,116,0,8,-3
09,14,80,40,212,107,0,2,4
09,14,60,40,233,110,0,1,-5
09,14,80,20,136,122,0,7,8
09,14,50,10,170,123,0,3,2
09,14,270,20,183,134,0,6,-1
09,14,990,10,162,160,1,8,0
09,14,110,40,181,129,0,8,0
09,14,110,20,203,179,0,8,-1
09,14,180,30,213,186,0,7,3
09,14,190,20,204,141,0,5,-5
09,14,170,40,193,150,0,6,14
09,14,240,40,178,163,-1,8,0
09,14,190,30,202,161,0,7,-5
09,14,180,70,189,146,0,6,-2
09,14,190,80,209,179,0,7,-6
09,14,220,80,209,137,0,5,0
09,14,230,70,187,98,0,6,-10
09,14,290,50,150,84,0,7,-13
09,14,240,70,117,80,0,8,-1
09,14,270,90,121,111,17,8,-4
09,14,250,60,166,87,0,7,-10
09,14,260,70,145,85,0,6,-5
09,14,300,60,147,113,-1,7,-5
09,14,260,20,188,126,0,7,-8
09,14,240,30,189,169,0,7,6
09,14,40,30,197,151,0,3,1
09,14,70,40,201,116,0,1,-1
09,14,80,50,189,110,0,1,-4
09,14,80,60,197,107,0,2,0
09,14,130,40,216,145,0,1,-1
09,14,100,30,229,121,0,1,-2
09,14,120,40,213,154,0,7,5
09,14,170,60,187,133,0,6,-9
09,14,300,20,192,140,0,7,-8
09,14,170,30,189,139,0,3,-2
09,14,120,40,168,150,0,6,-4
09,14,250,20,203,150,0,8,2
09,14,70,30,225,150,0,5,11
09,14,80,60,244,118,0,3,-2
09,14,60,50,251,155,0,6,2
09,14,100,40,270,121,0,1,-1
09,14,220,50,255,146,0,5,-5
09,14,260,40,225,164,0,3,-2
09,14,230,30,239,153,0,6,9
09,14,20,30,255,163,0,7,-13
09,14,70,20,254,176,0,3,13
09,14,110,50,294,122,0,0,3
09,14,260,40,282,163,0,2,0
09,14,310,50,256,183,0,4,-21
09,14,340,20,215,175,0,5,4
09,14,270,20,193,181,-1,8,-12
09,14,210,60,206,106,0,2,-3
09,14,190,30,181,134,0,7,-1
09,14,130,50,206,120,0,4,-4
09,14,130,50,226,144,0,7,-2
09,14,190,80,189,134,0,6,2
09,14,190,60,186,130,0,7,14
09,14,180,40,206,164,0,7,-3
09,14,210,80,228,131,0,5,-2
09,14,210,70,225,130,0,6,-7
09,14,200,60,206,116,0,5,1
09,14,220,90,187,110,0,6,-48
09,14,200,60,168,152,8,7,1
09,14,260,70,178,110,0,6,-2
09,14,220,80,197,149,0,7,-3
09,14,260,40,154,144,95,7,8
09,14,190,50,180,139,0,4,-28
09,14,290,50,131,123,77,7,7
09,14,310,60,189,87,0,5,-6
09,14,310,50,164,101,0,7,0
09,14,230,50,187,124,0,7,-14
09,14,210,50,163,151,0,8,2
09,14,280,40,165,105,0,7,-4
09,14,210,50,197,171,-1,8,5
09,14,260,20,212,174,0,8,-2
09,14,290,10,242,158,0,7,-2
09,14,130,40,256,145,0,3,-1
09,14,270,40,221,185,0,8,-9
09,14,300,30,180,148,-1,8,2
09,14,20,10,212,142,0,6,-4
09,14,160,40,224,168,0,6,2
09,14,200,40,148,139,2,8,5
09,14,280,20,156,149,2,8,2
09,14,170,50,197,125,0,6,-2
09,14,110,50,220,145,0,3,0
09,14,990,10,152,138,2,7,2
09,14,280,20,192,104,0,5,3
09,14,180,30,209,146,0,3,2
09,14,100,50,196,122,0,7,-2
09,14,130,40,203,121,0,7,3
09,14,260,30,196,103,0,4,1
09,14,200,40,230,140,0,5,-5
09,14,220,70,204,111,0,5,-12
09,14,190,60,180,142,-1,8,2
09,14,180,30,211,131,0,6,2
09,14,230,40,171,134,0,8,-10
09,14,330,80,188,92,0,4,-6
09,14,220,50,164,156,2,8,1
09,14,280,30,162,149,10,7,8
09,14,280,40,150,131,7,5,4
09,14,310,50,176,94,0,5,-11
09,14,360,20,175,141,0,6,11
09,14,260,50,166,123,-1,7,6
09,14,330,100,152,78,-1,5,1
09,14,250,90,121,97,2,6,5
09,14,290,80,149,99,1,6,-22
09,14,230,60,160,132,1,5,4
09,14,220,30,168,135,0,6,-6
09,14,260,70,174,85,0,5,-23
09,14,280,40,136,116,8,7,14
09,14,280,70,165,87,0,3,0
09,14,310,50,140,100,1,6,1
09,14,300,30,141,101,2,8,-22
09,14,260,30,152,99,0,7,-5
09,14,140,70,117,106,20,8,0
09,14,270,20,149,122,0,7,-11
09,14,330,70,161,93,-1,6,-6
09,14,290,50,145,96,0,5,9
09,14,360,40,144,121,-1,6,-11
09,14,60,20,151,111,0,7,9
09,14,300,30,160,120,0,5,-1
09,14,180,50,176,102,0,6,-11
09,14,240,50,168,154,3,7,13
09,14,190,30,208,135,0,3,-2
09,14,200,40,177,139,0,8,1
09,14,200,60,197,128,0,5,-4
09,14,50,30,200,79,0,5,-10
09,14,100,50,226,102,0,4,-1
09,14,90,40,210,104,0,5,-42
09,14,210,20,216,120,0,6,0
09,14,240,30,223,111,0,5,-1
09,14,220,50,215,147,0,3,-13
09,14,200,60,224,137,0,7,-7
09,14,150,50,240,124,0,7,1
09,14,150,40,231,162,-1,7,-2
09,14,330,20,185,119,0,7,-5
09,14,120,20,161,148,0,8,5
09,14,60,60,231,143,0,2,-7
09,14,50,40,229,132,0,2,-6
09,14,310,40,187,132,0,7,-1
09,14,60,40,195,67,0,3,0
09,14,10,40,178,108,0,3,2
09,14,300,20,178,117,0,7,1
09,14,70,20,176,110,0,7,-2
09,14,30,50,179,99,0,7,-3
09,14,340,40,175,96,0,7,6
09,14,290,30,166,94,0,6,-10
09,14,330,40,130,87,-1,5,3
09,14,20,80,160,60,0,4,2
09,14,50,80,155,37,0,1,3
09,14,330,40,164,122,0,7,5
09,14,280,30,151,111,0,7,-10
09,14,320,20,168,116,0,7,-10
09,14,990,10,181,103,0,7,-2
09,14,80,40,191,97,0,5,-5
09,14,120,30,191,74,0,3,0
09,14,320,50,168,80,0,6,-7
09,14,10,30,185,75,0,5,4
09,14,990,10,204,63,0,4,2
09,14,60,30,212,88,0,4,9
09,14,140,40,247,78,0,6,1
09,14,220,50,204,146,0,8,-3
09,14,180,20,197,109,0,7,6
09,14,320,30,193,87,0,6,-15
09,14,340,60,198,110,0,4,-8
09,14,200,70,146,139,6,8,5
09,14,300,70,196,87,0,6,-18
09,14,240,20,157,148,0,8,1
09,14,50,40,197,91,0,1,-1
09,14,110,30,212,78,0,1,2
09,14,110,20,234,102,0,6,1
09,14,310,20,237,112,0,7,3
09,14,990,10,252,105,0,7,1
09,14,220,60,278,95,0,3,-1
09,14,230,30,272,139,0,0,7
09,14,170,30,294,122,0,0,4
09,14,190,30,273,128,0,1,2
09,14,120,90,261,110,0,1,-3
09,14,350,40,107,90,18,7,1
09,14,250,10,158,31,0,4,1
09,14,110,50,185,50,0,4,-1
09,14,250,50,185,78,0,7,-11
09,14,990,10,180,87,0,6,-9
09,14,330,20,163,133,0,8,-17
09,14,260,20,139,101,1,6,5
09,14,100,40,179,68,0,7,1
09,14,220,30,203,112,0,3,-2
09,14,120,30,238,104,0,7,-1
09,14,240,30,259,135,0,3,-4
09,14,170,20,266,181,0,6,-5
09,14,40,50,267,159,0,6,2
09,14,50,60,266,151,0,1,-2
09,14,30,70,250,161,0,2,-3
09,14,50,50,221,121,0,3,2
09,14,120,60,236,79,0,6,0
09,14,190,70,276,156,0,3,3
09,14,220,70,228,155,0,6,-7
09,14,270,50,179,66,0,3,15
09,14,210,90,207,112,0,7,-16
09,14,230,100,185,87,0,3,12
09,14,260,40,149,108,-1,5,-10
09,14,240,20,172,88,0,5,12
09,14,190,50,203,83,0,7,-3
09,14,200,60,231,80,0,6,-5
09,14,280,50,187,106,0,3,-6
09,14,210,70,144,111,2,8,8
09,14,260,90,162,94,0,5,-25
09,14,230,60,118,110,4,8,6
09,14,290,40,134,118,3,7,12
09,14,290,50,128,105,-1,5,4
09,14,280,60,137,74,0,7,-8
09,14,280,40,177,121,0,3,-6
09,14,270,50,189,127,0,5,-6
09,14,240,70,182,137,0,6,-7
09,14,300,50,165,83,0,2,-3
09,14,110,30,147,94,-1,7,3
09,14,270,30,216,163,0,,-17
09,14,250,30,239,132,0,,-2
09,14,60,40,243,171,0,,2
09,14,120,40,264,147,0,,0
09,14,120,40,282,131,0,,0
09,14,170,50,263,168,0,,-11
09,14,270,30,257,175,0,,-7
09,14,250,20,283,156,0,,1
09,14,220,30,259,168,0,,-18
09,14,110,20,255,182,0,,2
09,14,10,40,200,182,0,,-4
09,14,10,50,196,142,0,,-6
09,14,200,20,209,115,0,,-1
09,14,230,50,168,164,1,,0
09,14,230,50,176,168,11,,-2
09,14,340,80,119,87,1,,26
09,14,340,60,157,66,0,,-10
09,14,360,20,172,46,0,,0
09,14,70,40,187,54,0,,4
09,14,300,20,197,72,0,,-1
09,14,120,20,212,79,0,,-2
09,14,110,30,222,89,0,,0
09,14,170,50,224,119,0,,1
09,14,340,10,205,101,0,,2
09,14,250,50,194,115,0,,1
09,14,240,70,193,104,0,,-10
09,14,220,50,158,149,6,,-3
09,14,270,40,163,85,0,,-5
09,14,280,60,160,78,0,,-8
09,14,200,60,150,107,0,,-4
09,14,210,40,221,153,0,,-5
09,14,220,50,202,148,0,,-3
09,14,230,80,219,202,2,,7
09,14,270,60,209,151,0,,0
09,14,250,40,219,182,0,,5
09,14,230,30,258,183,0,,-2
09,14,320,70,195,106,0,,-9
09,14,20,50,184,103,0,,8
09,14,80,50,208,95,0,,1
09,14,140,30,235,134,0,,1
09,14,170,30,271,163,0,,-7
09,14,180,40,294,169,0,,0
09,14,190,40,283,162,0,,-1
09,14,190,20,272,164,0,,-12
09,14,60,70,266,124,0,,-13
09,14,30,20,264,170,0,,0
09,14,310,40,201,158,0,,1
09,14,200,40,192,168,0,,5
09,14,220,40,172,143,0,,13
09,14,160,50,220,101,0,,-2
09,14,130,60,257,159,0,,7
09,14,180,60,256,130,0,,-15
09,14,60,30,231,169,0,,3
09,14,210,30,238,154,0,,-6
09,14,210,60,186,146,0,,-6
09,14,250,20,191,158,0,,8
09,14,190,30,192,137,0,,-6
09,14,210,40,218,134,0,,-4
09,14,190,50,222,158,0,,3
09,14,200,30,211,103,0,,4
09,14,280,40,191,114,0,8,5
09,14,260,40,188,128,0,8,11
09,14,330,70,167,88,-1,7,-5
09,14,350,70,161,51,0,3,-2
09,14,190,30,137,121,-1,8,3
09,14,350,40,187,149,0,8,9
09,14,340,40,190,133,0,7,-2
09,14,330,50,186,124,0,8,-12
09,14,310,40,176,103,0,7,-8
09,14,310,50,166,125,0,8,-10
09,14,330,50,174,103,0,8,-1
09,14,320,20,185,100,0,7,-1
09,14,80,30,178,106,0,8,-4
09,14,250,50,197,123,0,8,-4
09,14,990,10,191,92,0,4,-8
09,14,220,80,224,127,0,6,-7
09,14,230,30,152,133,-1,8,-2
09,14,310,50,149,53,0,1,-4
09,14,220,70,168,65,0,1,-14
09,14,220,70,174,109,0,8,8
09,14,210,70,205,100,0,1,-5
09,14,280,10,211,105,0,0,-6
09,14,220,60,220,138,0,8,3
09,14,250,40,143,125,5,8,4
09,14,230,80,156,73,0,7,-5
09,14,330,40,114,88,-1,7,5
09,14,20,80,152,99,0,8,2
09,14,60,30,154,109,0,8,5
09,14,240,50,136,126,0,8,-2
09,14,340,20,166,87,0,7,0
09,14,250,50,199,117,0,7,-5
09,14,200,80,209,139,0,8,0
09,14,190,60,163,121,0,8,-2
09,14,220,80,190,82,0,7,1
09,14,130,60,169,154,9,8,1
09,14,210,80,194,103,0,6,-4
09,14,200,80,167,140,0,8,-1
09,14,260,30,188,114,0,8,-5
09,14,150,50,245,116,0,0,-3
09,14,220,60,228,161,0,6,-5
09,14,130,40,268,166,0,2,-3
09,14,260,50,145,141,21,8,2
09,14,70,40,142,109,0,8,7
09,14,50,60,167,73,0,4,-3
09,14,70,50,143,72,0,8,-3
09,14,20,40,152,99,0,8,-1
09,14,80,30,145,87,0,7,-1
09,14,90,40,149,35,0,0,-2
09,14,360,40,159,65,0,8,6
09,14,30,30,164,73,0,3,-2
09,14,30,30,167,102,0,7,-1
09,14,30,40,157,88,0,7,2
09,14,350,30,148,115,0,8,-2
09,14,70,40,159,113,0,8,-5
09,14,70,60,169,87,0,1,1
09,14,50,60,176,90,0,1,2
09,14,30,30,187,77,0,0,0
09,14,310,30,179,107,0,4,5
09,14,260,60,152,66,0,8,-12
09,14,220,70,134,119,-1,8,-5
09,14,210,50,168,150,10,8,-5
09,14,200,60,197,97,0,7,-3
09,14,240,120,201,77,0,3,-46
09,14,260,50,163,102,-1,7,9
09,14,290,50,181,96,0,5,-11
09,14,250,50,185,78,0,8,1
09,14,200,40,245,108,0,0,4
09,14,210,30,297,91,0,0,-4
09,14,350,50,199,156,0,8,-9
09,14,20,60,194,107,0,7,4
09,14,360,60,188,95,0,6,-13
09,14,40,40,203,105,0,6,-1
09,14,340,50,152,121,1,8,8
09,14,20,70,176,116,-1,7,1
09,14,50,40,166,137,0,8,0
09,14,60,50,182,139,0,8,3
09,14,30,70,187,79,0,0,1
09,14,60,30,221,120,0,0,2
09,14,220,10,241,157,0,1,4
09,14,350,20,212,153,0,6,0
09,14,320,30,208,83,0,0,-11
09,14,230,50,216,113,0,0,1
09,14,270,30,174,145,0,8,-7
09,14,280,40,201,90,0,6,-8
09,14,90,20,198,88,0,7,-16
09,14,70,20,199,81,0,0,-2
09,14,320,20,205,94,0,0,1
09,14,250,40,186,123,0,8,-3
09,14,280,50,173,123,0,8,-3
09,14,300,50,185,131,0,8,4
09,14,330,20,186,100,0,4,4
09,14,10,30,175,109,0,7,-4
09,14,10,30,180,122,0,8,0
09,14,50,20,190,91,0,3,0
09,14,60,50,193,72,0,1,-8
09,14,110,80,207,61,0,4,-1
09,14,120,30,148,126,0,8,13
09,14,160,50,220,151,0,7,-5
09,14,220,10,191,154,3,7,-7
09,14,200,40,177,153,4,8,-6
09,14,210,50,240,155,0,2,-11
09,14,250,20,160,153,5,8,6
09,14,280,40,189,103,0,2,-3
09,14,230,80,185,143,0,8,1
09,14,240,100,171,72,0,4,-15
09,14,290,50,143,112,3,8,7
09,14,290,40,135,100,-1,8,2
09,14,240,40,166,67,0,8,-12
09,14,220,70,154,104,0,8,-3
09,14,230,70,192,113,0,8,-1
09,14,990,10,209,133,0,2,-8
09,14,190,30,239,142,0,0,-3
09,14,200,20,232,151,0,2,-2
09,14,320,40,182,123,0,6,-10
09,14,280,40,136,88,-1,5,-9
09,14,60,20,137,86,0,8,-1
09,14,270,20,114,102,8,8,-4
09,14,230,20,137,132,0,8,-2
09,14,990,10,149,91,0,7,-2
09,14,260,30,142,132,2,8,-1
09,14,360,20,197,103,0,0,0
09,14,240,40,265,184,0,1,-1
09,14,180,40,282,186,0,3,10
09,14,210,40,209,176,0,7,10
09,14,220,90,178,112,3,1,-14
09,14,200,80,169,133,5,8,-8
09,14,250,70,179,110,-1,6,-9
09,14,240,50,154,135,-1,8,-6
09,14,240,40,193,179,0,8,2
09,14,140,40,267,208,0,7,-1
09,14,260,40,188,152,0,7,1
09,14,210,90,193,158,0,8,11
09,14,240,70,188,102,0,5,3
09,14,270,50,172,95,0,6,5
09,14,990,10,190,122,0,8,-16
09,14,110,40,198,123,0,8,-4
09,14,200,70,166,108,0,7,1
09,14,320,40,135,96,0,7,-10
09,14,260,60,169,101,0,1,10
09,14,200,40,182,120,0,8,-3
09,14,220,50,180,118,0,8,4
09,14,250,40,183,114,0,4,1
09,14,230,30,181,106,0,1,-2
09,14,170,20,211,88,0,0,3
09,14,220,30,225,127,0,1,2
09,14,230,40,240,149,0,8,-8
09,14,230,20,220,145,0,2,-3
09,14,110,20,247,155,0,0,1
09,14,130,30,260,141,0,0,-1
09,14,180,20,253,123,0,0,-3
09,14,330,20,192,73,0,1,-1
09,14,250,40,207,123,0,2,2
09,14,10,30,216,134,0,5,0
09,14,250,30,244,130,0,0,2
09,14,320,40,190,119,0,8,5
09,14,330,20,191,66,0,6,1
09,14,270,40,232,143,0,6,0
09,14,230,20,261,75,0,0,5
09,14,220,50,290,101,0,3,-2
09,14,230,50,239,153,0,7,8
09,14,270,50,178,153,0,8,0
09,14,280,50,160,59,0,5,-2
09,14,300,30,170,92,0,8,-8
09,14,230,70,168,132,0,8,0
09,14,230,50,178,106,0,8,0
09,14,210,50,215,123,0,1,5
09,14,210,40,192,142,0,8,-6
09,14,270,40,163,108,-1,7,8
09,14,290,50,159,76,-1,3,-10
09,14,220,40,158,74,0,3,-3
09,14,190,10,162,61,0,8,-2
09,14,320,40,148,55,0,1,10
09,14,70,50,130,73,-1,8,-2
09,14,210,120,170,125,-1,8,-21
09,14,190,70,159,100,0,5,1
09,14,190,50,151,104,-1,8,2
09,14,250,50,154,127,15,8,7
09,14,210,60,175,92,0,2,-2
09,14,300,60,157,74,0,6,-5
09,14,220,50,170,68,0,0,-1
09,14,280,60,175,64,0,8,2
09,14,260,70,221,135,0,8,-10
09,14,990,10,235,153,0,8,-2
09,14,80,20,268,154,0,1,2
09,14,170,30,320,139,0,0,0
09,14,310,20,232,162,2,8,0
09,14,200,10,178,140,4,8,1
09,14,140,30,196,79,0,4,-1
09,14,230,40,173,87,0,8,-7
09,14,250,60,159,119,0,3,-6
09,14,290,50,174,132,-1,6,7
09,14,300,30,174,115,0,8,-1
09,14,220,50,162,121,-1,8,-15
09,14,300,60,161,130,0,8,4
09,14,240,60,166,85,0,8,-4
09,14,280,50,154,52,0,5,-8
09,14,230,70,140,57,0,7,-7
09,14,270,30,127,110,3,8,-2
09,14,230,70,153,71,0,8,-9
09,14,270,50,165,116,0,8,0
09,14,220,40,174,105,0,7,-2
09,14,290,30,187,155,0,8,10
09,14,990,10,201,126,0,8,1
09,14,270,20,212,130,0,1,-7
09,14,270,30,190,128,0,2,1
09,14,20,40,166,87,0,7,-2
09,14,110,30,171,82,0,1,0
09,14,70,60,187,62,0,8,-8
09,14,90,60,184,67,0,2,3
09,14,100,50,164,68,0,1,2
09,14,290,20,200,112,0,4,-1
09,14,10,50,214,137,0,6,-5
09,14,50,80,203,129,0,6,-1
09,14,70,40,228,150,0,4,-1
09,14,290,20,230,153,0,4,5
09,14,280,20,213,170,0,8,-2
09,14,250,20,214,131,0,1,3
09,14,310,20,204,103,0,2,-3
09,14,340,20,174,120,0,8,-1
09,14,30,40,177,93,0,8,-5
09,14,30,60,202,110,0,7,6
09,14,10,50,217,127,0,1,-7
09,14,20,50,208,117,0,5,5
09,14,60,50,197,120,0,4,8
09,14,60,40,221,133,0,4,-6
09,14,120,20,233,138,0,7,0
09,14,90,30,248,138,0,0,2
09,14,110,30,229,155,0,8,5
09,14,990,10,234,183,0,5,3
09,14,210,30,218,186,0,7,10
09,14,350,40,184,99,0,3,-6
09,14,350,70,163,43,-1,2,6
09,14,280,20,181,72,0,5,-3
09,14,220,70,148,112,0,8,-16
09,14,250,60,176,96,0,7,-4
09,14,230,50,167,142,0,8,10
09,14,150,20,200,130,0,0,1
09,14,120,30,214,139,0,1,-2
09,14,220,40,182,165,1,8,-3
09,14,250,30,200,140,0,4,0
09,14,310,50,199,124,0,4,-9
09,14,330,30,171,100,0,7,2
09,14,290,30,152,116,-1,6,-1
09,14,250,70,144,106,10,8,15
09,14,270,50,157,129,0,8,-6
09,14,320,70,152,81,0,7,13
09,14,320,30,164,124,-1,8,0
09,14,20,20,173,112,0,8,-5
09,14,60,50,188,108,0,3,-8
09,14,60,60,189,90,0,4,2
09,14,120,40,205,96,0,2,-3
09,14,190,50,175,160,13,8,0
09,14,90,50,200,159,0,8,0
09,14,170,50,151,136,6,8,19
09,14,200,70,150,89,-1,8,10
09,14,140,50,186,181,10,8,4
09,14,260,60,143,138,49,8,-3
09,14,210,70,178,129,1,8,-3
09,14,10,40,172,120,0,6,-3
09,14,270,50,185,98,0,3,0
09,14,210,50,177,101,0,6,-4
09,14,280,20,137,123,25,8,-3
09,14,280,40,136,130,8,8,3
09,14,210,70,167,114,0,8,-1
09,14,280,20,168,91,0,7,-8
09,14,30,20,154,79,0,4,11
09,14,50,60,169,72,0,4,4
09,14,60,40,168,90,0,3,-4
09,14,60,70,173,71,0,0,-2
09,14,70,70,177,64,0,0,-4
09,14,260,50,232,140,0,4,-5
09,14,220,50,214,118,-1,7,4
09,14,240,50,234,146,0,6,-5
09,14,270,80,194,126,-1,7,-4
09,14,300,20,215,126,0,6,15
09,14,180,20,251,148,0,6,9
09,14,70,50,267,90,0,0,-1
09,14,210,60,279,144,0,1,-2
09,14,270,20,228,111,0,0,3
09,14,230,40,259,116,0,2,1
09,14,990,10,229,171,0,7,-3
09,14,220,20,296,129,0,0,-1
09,14,120,50,328,146,0,0,0
09,14,100,30,319,124,0,0,2
09,14,180,40,289,144,0,3,-7
09,14,210,50,219,137,0,7,-3
09,14,40,20,219,136,0,7,-14
09,14,10,30,186,134,0,8,14
09,14,340,50,200,65,0,8,-6
09,14,60,20,191,88,0,8,-1
09,14,110,20,209,96,0,8,-3
09,14,210,20,213,110,0,8,-4
09,14,270,40,210,93,0,1,-5
09,14,160,60,242,101,0,2,1
09,14,240,70,252,129,0,6,-31
09,14,250,30,181,107,0,8,-2
09,14,230,40,213,77,0,0,1
09,14,240,60,232,115,0,6,-5
09,14,220,90,187,131,0,8,3
09,14,250,50,184,76,0,1,-7
09,14,360,30,194,105,0,8,-8
09,14,340,40,203,85,0,5,-15
09,14,160,50,202,93,0,8,-8
09,14,180,30,206,119,0,8,-2
09,14,200,40,228,174,0,7,11
09,14,270,60,178,86,0,7,-7
09,14,250,60,184,101,0,8,-2
09,14,210,70,163,148,1,8,0
09,14,260,20,152,114,6,7,7
09,14,210,100,175,103,0,8,-1
09,14,210,80,165,108,-1,8,-2
09,14,240,70,173,107,0,1,10
09,14,260,80,176,85,0,7,-14
09,14,240,100,108,94,29,8,2
09,14,210,40,142,104,1,4,3
09,14,290,30,139,81,0,8,8
09,14,230,30,171,79,0,8,-4
09,14,220,50,142,109,-1,7,-7
09,14,990,10,167,100,0,1,3
09,14,210,30,173,104,0,6,6
09,14,170,30,188,93,0,8,0
09,14,260,20,178,139,0,8,12
09,14,20,20,180,91,0,4,-6
09,14,100,30,199,108,0,2,2
09,14,100,30,185,125,0,7,1
09,14,40,30,175,130,0,3,3
09,14,190,30,214,122,0,4,-5
09,14,160,30,215,160,0,8,-10
09,14,160,40,238,167,0,8,-5
09,14,240,40,138,123,1,8,6
09,14,40,40,199,66,0,6,0
09,14,30,50,240,88,0,0,-5
09,14,360,40,208,161,0,7,7
09,14,360,20,249,166,0,6,9
09,14,10,20,249,172,0,6,-2
09,14,320,50,202,153,24,7,-3
09,14,270,70,182,59,0,3,-10
09,14,250,40,187,94,0,8,-1
09,14,200,60,229,117,0,8,12
09,14,250,40,212,132,0,8,3
09,14,230,70,262,134,0,8,-5
09,14,10,40,160,126,0,8,-5
09,14,30,30,192,68,0,0,0
09,14,270,40,188,82,0,6,0
09,14,270,40,196,101,0,6,-6
09,14,200,40,227,93,0,8,-1
09,14,200,30,259,79,0,8,-2
09,14,240,80,276,106,0,0,-12
09,14,230,80,253,121,0,6,-2
09,14,200,60,248,127,0,5,3
09,14,260,80,162,50,0,2,10
09,14,230,70,153,87,-1,8,-30
09,14,360,50,118,106,9,8,-7
09,14,310,70,154,52,0,5,-6
09,14,130,20,163,46,0,7,-7
09,14,230,40,194,50,0,6,-2
09,14,210,40,222,59,0,0,1
09,14,10,70,162,49,0,7,-1
09,14,90,20,155,14,0,8,3
09,14,240,20,165,69,0,8,2
09,14,270,40,211,72,0,1,1
09,14,290,40,209,62,0,4,-1
09,14,230,50,199,113,0,7,-5
09,14,260,40,160,142,9,8,-3
09,14,310,30,144,118,4,8,8
09,14,230,70,189,55,0,8,-2
09,14,20,20,164,119,-1,8,10
09,14,340,40,172,62,0,8,9
09,14,220,30,185,51,0,7,-3
09,14,350,30,204,66,0,6,-2
09,14,230,90,164,138,-1,8,-10
09,14,240,60,234,125,0,1,-4
09,14,10,40,218,116,0,8,-4
09,14,10,20,214,51,0,3,1
09,14,260,50,245,65,0,2,-5
09,14,350,40,153,145,1,8,4
09,14,330,70,186,73,0,7,-14
09,14,320,40,167,51,0,2,3
09,14,20,30,172,59,0,7,0
09,14,70,40,197,24,0,3,-1
09,14,110,50,250,28,0,0,2
09,14,160,40,263,129,0,8,1
09,14,190,40,189,134,0,8,8
09,14,180,30,161,139,8,8,0
09,14,210,60,171,122,0,8,0
09,14,190,50,189,170,-1,8,4
09,14,220,60,188,108,0,7,-8
09,14,220,70,170,139,4,6,-1
09,14,200,80,173,145,4,8,-5
09,14,260,50,172,98,0,8,-3
09,14,100,20,184,62,0,8,8
09,14,990,10,209,83,0,8,9
09,14,220,70,201,135,0,8,8
09,14,260,60,218,102,0,8,-4
09,14,280,60,187,84,0,8,-12
09,14,300,40,180,82,0,8,0
09,14,210,40,209,95,0,6,3
09,14,230,30,188,154,0,8,2
09,14,260,60,236,154,0,8,-9
09,14,350,20,203,69,0,1,1
09,14,250,40,226,104,0,1,-1
09,14,280,40,208,109,0,3,-6
09,14,240,40,239,135,0,1,7
09,14,120,30,310,112,0,0,2
09,14,160,30,336,132,0,8,-4
09,14,360,50,256,152,0,8,-10
09,14,50,60,202,46,0,0,-1
09,14,70,60,233,88,0,0,-2
09,14,90,40,256,82,0,0,1
09,14,70,30,247,47,0,0,1
09,14,990,10,257,70,0,0,-2
09,14,260,20,247,72,0,0,2
09,14,210,70,225,115,0,7,3
09,14,190,70,182,81,0,8,-4
09,14,230,70,114,88,6,8,-3
09,14,340,40,164,84,0,8,-8
09,14,40,30,139,95,0,8,-1
09,14,180,30,120,116,5,8,0
09,14,230,30,191,101,0,8,4
09,14,170,40,193,144,0,8,-3
09,14,100,51,294,123,0,0,-1
09,14,150,10,289,139,0,0,2
09,14,990,10,297,122,0,0,-2
09,14,10,15,289,106,0,1,-7
09,14,340,15,222,138,0,7,3
09,14,320,31,177,66,0,7,-7
09,14,320,10,184,110,0,7,-2
09,14,280,26,203,98,0,6,4
09,14,990,5,214,87,0,7,2
09,14,240,36,241,97,0,5,-6
09,14,30,21,165,92,0,8,-9
09,14,50,31,185,54,0,2,-1
09,14,310,10,221,59,0,0,-1
09,14,220,15,250,81,0,5,2
09,14,240,41,208,156,0,8,-8
09,14,220,41,200,135,0,8,-6
09,14,270,41,191,84,0,5,-7
09,14,230,41,195,110,0,6,5
09,14,350,10,185,67,0,5,5
09,14,990,10,185,60,0,2,-2
09,14,190,57,240,117,0,1,0
09,14,270,62,155,115,0,6,13
09,14,250,57,172,67,0,8,-9
09,14,250,77,210,108,0,7,-7
09,14,200,15,184,167,-1,8,1
09,14,300,21,165,138,0,8,-1
09,14,230,41,124,101,5,8,3
09,14,130,67,142,84,0,7,4
09,14,220,26,174,105,0,5,6
09,14,270,51,124,81,2,6,-3
09,14,220,31,90,70,39,7,21
09,14,210,93,142,115,-1,8,1
09,14,260,51,165,92,0,6,-10
09,14,270,36,112,91,8,7,16
09,14,290,31,112,98,10,7,-3
09,14,210,41,178,72,0,2,0
09,14,260,36,175,120,0,8,-25
09,14,230,51,161,86,0,5,-4
09,14,220,36,185,101,0,6,0
09,14,100,41,204,84,0,6,2
09,14,230,51,228,141,0,7,-51
09,14,190,26,179,67,0,6,0
09,14,210,41,195,100,0,7,-4
09,14,290,36,173,76,0,2,-1
09,14,260,62,196,103,0,2,0
09,14,330,15,177,98,0,7,1
09,14,90,57,198,110,0,6,-1
09,14,990,15,193,156,-1,7,-4
09,14,240,46,174,131,0,7,-10
09,14,240,31,189,102,0,7,-4
09,14,110,51,216,132,0,7,2
09,14,160,26,219,155,0,7,-6
09,14,220,87,181,95,0,5,-6
09,14,190,72,180,86,0,7,2
09,14,140,46,218,126,0,7,2
09,14,130,31,251,136,0,1,-2
09,14,100,46,261,139,0,1,0
09,14,130,21,246,138,0,0,-8
09,14,270,10,212,121,0,1,-8
09,14,230,26,195,120,0,6,-5
09,14,340,10,172,121,0,7,-1
09,14,270,21,161,132,0,8,-5
09,14,330,46,145,107,-1,7,19
09,14,320,41,144,110,0,7,-2
09,14,20,21,176,79,0,2,-12
09,14,80,26,191,81,0,4,-4
09,14,120,46,216,78,0,3,-1
09,14,180,15,209,161,0,6,-17
09,14,190,21,172,155,49,7,7
09,14,210,62,191,135,0,7,-3
09,14,200,41,168,125,0,6,13
09,14,110,41,181,110,0,5,1
09,14,120,41,139,137,3,8,-3
09,14,120,46,140,131,14,8,-5
09,14,230,31,160,127,-1,7,-19
09,14,240,72,128,119,1,8,6
09,14,90,41,140,94,0,5,-8
09,14,50,41,149,62,0,2,-4
09,14,140,41,192,120,0,3,4
09,14,140,31,238,173,0,7,1
09,14,260,36,199,140,0,7,-5
09,14,300,21,159,159,15,8,-3
09,14,50,31,166,128,0,7,-1
09,14,10,41,146,121,0,7,-2
09,14,320,41,120,120,28,8,-3
09,14,270,67,124,92,-1,6,0
09,14,200,72,109,104,2,8,1
09,14,180,51,140,96,0,7,4
09,14,130,21,162,109,0,3,-1
09,14,180,41,156,104,0,6,-4
09,14,200,72,198,163,14,6,-9
09,14,300,36,184,115,0,5,1
09,14,270,51,184,135,0,6,1
09,14,240,36,196,186,20,6,-15
09,14,300,41,181,107,0,5,-6
09,14,120,26,170,104,-1,8,-1
09,14,200,51,154,143,-1,8,-7
09,14,160,57,181,138,0,7,-5
09,14,230,108,165,101,0,7,-7
09,14,240,98,156,104,10,2,3
09,14,120,21,133,122,5,7,19
09,14,220,72,200,141,0,7,-10
09,14,230,62,192,102,0,5,-13
09,14,70,15,140,140,27,8,2
09,14,220,93,137,110,-1,8,3
09,14,270,62,129,108,2,7,6
09,14,230,93,115,109,1,8,0
09,14,310,21,148,127,1,7,-6
09,14,160,21,160,105,0,6,-8
09,14,130,46,125,100,3,8,2
09,14,70,51,181,112,0,1,-4
09,14,70,51,181,100,0,1,-3
09,14,70,62,201,123,0,4,-5
09,14,230,21,206,154,0,7,-8
09,14,160,21,213,145,0,4,-4
09,14,0,0,174,161,0,4,-2
09,14,290,51,160,97,0,5,-10
09,14,260,31,159,117,0,8,2
09,14,270,26,156,120,0,8,0
09,14,990,15,172,106,0,5,3
09,14,330,57,207,77,0,1,-6
09,14,240,21,191,112,0,8,8
09,14,250,41,150,114,25,8,11
09,14,260,72,191,101,0,5,-18
09,14,230,77,207,77,0,7,-11
09,14,220,62,194,72,0,7,17
09,14,170,46,170,157,4,8,5
09,14,240,87,163,157,9,8,-1
09,14,250,87,200,110,0,4,5
09,14,190,41,204,138,0,7,-2
09,14,230,108,185,131,0,7,-8
09,14,230,15,199,134,0,7,-3
09,14,20,31,183,132,0,7,-7
09,14,220,41,195,110,0,2,0
09,14,230,51,152,125,0,8,-9
09,14,150,36,167,123,-1,7,-5
09,14,170,31,194,117,0,4,8
09,14,100,26,217,125,0,8,0
09,14,50,72,223,88,0,4,-6
09,14,350,62,182,98,0,3,-15
09,14,310,26,169,120,0,7,-25
09,14,180,21,169,138,0,8,-2
09,14,990,10,172,143,-1,8,-5
09,14,220,103,184,89,0,6,-17
09,14,300,31,183,107,0,3,-14
09,14,220,93,144,139,-1,8,-1
09,14,270,46,135,122,62,7,11
09,14,270,41,96,61,0,5,2
09,14,280,51,148,53,0,5,-20
09,14,330,15,102,91,3,7,15
09,14,340,20,164,116,0,6,-2
09,14,990,10,193,100,0,3,-8
09,14,20,40,201,111,0,3,2
09,14,30,30,167,134,0,8,19
09,14,20,50,203,92,0,1,-1
09,14,360,30,194,81,0,2,-8
09,14,360,30,177,59,0,2,-14
09,14,350,30,175,86,0,7,1
09,14,360,10,183,111,0,5,15
09,14,290,40,150,114,0,7,-6
09,14,280,30,149,93,-1,8,-5
09,14,330,60,152,98,0,4,-11
09,14,320,60,160,101,0,7,-20
09,14,280,30,140,127,18,6,4
09,14,340,30,157,109,0,7,4
09,14,70,40,159,79,0,2,5
09,14,60,80,163,47,0,1,-8
09,14,80,80,141,62,0,7,-1
09,14,70,90,144,92,0,7,-6
09,14,80,70,149,95,0,4,3
09,14,60,50,108,75,0,8,-3
09,14,40,40,96,91,0,8,-2
09,14,10,10,107,98,5,8,-1
09,14,240,20,149,82,0,7,-6
09,14,130,20,176,95,0,3,2
09,14,210,60,189,112,0,5,-3
09,14,270,70,181,107,0,3,-13
09,14,230,50,161,119,0,7,12
09,14,220,90,159,136,-1,8,8
09,14,230,30,167,149,-1,8,-16
09,14,240,40,231,138,0,5,-5
09,14,990,10,202,122,0,6,-4
09,14,90,20,222,127,0,4,3
09,14,210,50,239,146,0,5,-6
09,14,320,20,196,138,0,8,-2
09,14,270,40,201,105,0,5,1
09,14,260,40,181,132,0,4,8
09,14,280,60,187,118,0,5,4
09,14,300,60,183,96,0,7,-10
09,14,290,20,170,76,0,5,9
09,14,140,30,185,106,0,7,6
09,14,210,60,193,126,0,7,-3
09,14,270,80,164,41,0,2,-10
09,14,270,50,174,72,0,4,-2
09,14,230,60,193,89,0,7,-9
09,14,200,40,228,85,0,4,0
09,14,300,20,212,129,0,5,0
09,14,350,30,219,153,0,3,4
09,14,50,50,183,91,0,4,-1
09,14,60,50,164,44,0,3,-3
09,14,90,50,176,59,0,4,-2
09,14,80,30,204,71,0,1,-2
09,14,60,40,184,95,0,4,-5
09,14,70,30,165,112,0,8,-3
09,14,80,40,213,91,0,1,0
09,14,50,30,227,105,0,1,0
09,14,90,20,151,109,0,5,2
09,14,990,10,168,115,0,6,10
09,14,270,20,181,128,0,5,-2
09,14,990,10,177,155,0,8,-5
09,14,100,50,183,128,-1,8,-1
09,14,110,20,204,176,0,8,-7
09,14,140,30,204,191,23,7,0
09,14,220,20,210,146,0,4,-8
09,14,200,50,203,146,0,,-5
09,14,230,50,184,157,0,,0
09,14,200,40,209,157,0,7,-2
09,14,190,60,193,147,0,7,-3
09,14,200,90,206,172,0,6,-2
09,14,220,100,216,133,0,6,-7
09,14,210,80,191,107,0,6,-5
09,14,990,10,137,106,0,,6
09,14,190,40,109,93,-1,,5
09,14,270,80,124,118,20,8,-7
09,14,260,60,159,92,0,6,-4
09,14,260,70,135,95,-1,6,-11
09,14,290,60,148,110,0,7,-6
09,14,180,30,176,116,0,4,-7
09,14,240,30,196,171,0,,7
09,14,80,40,201,151,0,,-1
09,14,60,50,199,127,0,1,-4
09,14,70,60,186,111,0,1,-5
09,14,90,60,194,124,0,5,0
09,14,120,40,213,138,0,1,-1
09,14,130,40,226,135,0,1,-1
09,14,120,40,216,156,0,,-4
09,14,160,40,198,129,0,,-9
09,14,290,20,194,140,0,7,-1
09,14,200,30,187,139,0,6,0
09,14,120,50,148,142,1,7,10
09,14,310,20,203,149,0,7,0
09,14,80,30,236,152,0,,1
09,14,100,60,251,118,0,,-7
09,14,50,50,251,163,0,,5
09,14,100,40,272,128,0,,-2
09,14,240,50,249,146,0,,7
09,14,250,40,227,166,0,,-2
09,14,230,20,242,159,0,,-2
09,14,300,20,265,162,0,6,-12
09,14,50,20,260,182,0,2,5
09,14,130,60,296,114,0,,-1
09,14,240,30,291,166,0,,3
09,14,290,40,272,189,0,2,-5
09,14,40,20,208,176,0,,1
09,14,240,40,207,182,0,8,-10
09,14,220,60,210,101,0,3,-5
09,14,990,10,160,148,6,8,12
09,14,150,40,202,117,0,,-3
09,14,140,50,226,139,0,,1
09,14,160,60,190,158,0,7,-1
09,14,190,80,186,125,0,7,4
09,14,180,40,208,161,-1,8,-4
09,14,210,70,233,138,0,4,1
09,14,220,70,227,137,0,4,-6
09,14,220,50,214,129,0,,4
09,14,220,90,197,111,-1,,-14
09,14,210,40,161,154,11,7,5
09,14,260,60,176,111,0,7,7
09,14,220,70,194,151,0,7,1
09,14,190,50,157,144,0,8,0
09,14,190,40,166,151,5,5,8
09,14,300,50,162,141,1,7,8
09,14,290,40,173,95,0,,-2
09,14,310,30,161,116,0,7,-4
09,14,240,50,183,117,0,7,-1
09,14,210,50,153,145,-1,7,6
09,14,280,50,174,100,0,7,-7
09,14,220,60,188,177,-1,8,0
09,14,280,30,210,176,-1,,3
09,14,60,10,242,174,0,,-9
09,14,130,50,252,160,0,3,-5
09,14,260,40,220,182,0,7,-12
09,14,310,30,196,150,0,7,-6
09,14,50,20,206,152,0,5,-5
09,14,150,50,223,166,0,7,-1
09,14,200,60,158,142,0,,2
09,14,270,30,157,151,-1,,-3
09,14,160,50,197,132,0,7,0
09,14,130,70,211,141,0,4,8
09,14,990,10,150,142,18,,1
09,14,70,20,173,128,0,6,0
09,14,180,40,197,138,0,3,4
09,14,110,50,198,124,0,,-4
09,14,110,50,200,108,0,,-1
09,14,240,50,198,93,0,3,-6
09,14,220,30,229,133,0,4,3
09,14,220,40,196,123,0,5,-5
09,14,190,50,184,138,-1,8,-3
09,14,210,20,222,136,0,6,5
09,14,240,40,178,136,0,,-4
09,14,300,60,184,100,0,,5
09,14,220,50,163,153,0,,2
09,14,290,20,154,146,3,8,6
09,14,280,40,137,122,18,7,14
09,14,290,50,164,91,0,3,10
09,14,330,20,181,140,0,5,0
09,14,260,50,168,130,0,8,-11
09,14,290,50,141,90,1,,-11
09,14,260,50,122,101,11,,3
09,14,300,60,149,100,0,5,-17
09,14,300,40,159,87,0,7,3
09,14,220,20,153,139,7,8,6
09,14,270,50,148,74,0,6,4
09,14,270,40,139,118,-1,7,5
09,14,290,60,134,82,-1,,-6
09,14,300,40,116,87,2,,-3
09,14,310,20,110,87,33,8,7
09,14,240,20,145,99,0,7,7
09,14,130,70,120,106,17,8,-2
09,14,240,40,139,113,-1,7,6
09,14,290,30,134,107,6,6,19
09,14,260,40,152,112,0,,-3
09,14,30,30,129,116,4,,-2
09,14,80,40,159,121,0,7,2
09,14,210,20,159,123,0,5,1
09,14,170,30,178,122,0,4,-9
09,14,220,50,169,158,5,7,3
09,14,200,20,209,134,0,2,-14
09,14,190,50,184,139,0,,-7
09,14,200,40,188,136,0,,-1
09,14,60,30,182,86,0,,19
09,14,70,70,223,118,0,4,-7
09,14,100,60,228,107,0,2,-55
09,14,200,40,215,152,0,6,-1
09,14,220,30,226,117,0,2,-11
09,14,210,80,208,146,0,4,-3
09,14,190,60,223,148,0,,-7
09,14,150,50,237,136,0,,0
09,14,140,40,234,152,0,7,1
09,14,70,10,188,116,0,8,0
09,14,100,30,164,143,0,8,4
09,14,60,70,219,149,0,1,-1
09,14,40,30,221,144,0,2,-1
09,14,310,30,185,144,0,,-9
09,14,30,40,192,93,0,,3
09,14,290,20,178,112,0,4,5
09,14,290,30,176,123,0,7,-2
09,14,60,30,169,114,0,8,1
09,14,60,30,170,116,0,8,-4
09,14,290,20,181,105,0,7,-5
09,14,280,30,166,100,0,,-12
09,14,320,40,147,91,0,,8
09,14,50,70,145,62,0,3,-3
09,14,40,50,153,52,0,1,0
09,14,350,40,167,92,0,7,1
09,14,280,40,148,110,0,7,-1
09,14,360,20,170,120,0,4,4
09,14,310,10,180,126,0,,-9
09,14,80,30,184,100,0,,-4
09,14,140,30,189,81,0,2,-1
09,14,320,40,165,86,-1,,-11
09,14,20,20,186,62,0,5,-2
09,14,100,20,204,76,0,6,6
09,14,60,30,209,106,0,,5
09,14,130,40,264,82,0,,-19
09,14,210,40,203,151,0,,1
09,14,100,10,198,116,0,,-1
09,14,300,30,211,79,0,6,-28
09,14,310,30,182,112,0,7,4
09,14,140,30,128,123,30,8,15
09,14,310,60,177,101,0,7,9
09,14,230,30,160,141,0,,-5
09,14,60,40,197,85,-1,,-2
09,14,90,40,210,85,0,,1
09,14,90,20,232,120,0,6,-2
09,14,260,20,227,115,0,7,5
09,14,190,30,250,93,0,5,2
09,14,220,60,274,96,0,5,-1
09,14,220,30,262,148,0,,6
09,14,190,20,289,133,0,,0
09,14,210,20,261,143,0,,3
09,14,230,90,261,115,0,1,-2
09,14,330,30,128,63,-1,7,-17
09,14,990,10,164,34,0,3,-14
09,14,120,60,189,57,0,5,-1
09,14,270,40,181,96,0,7,2
09,14,990,10,172,76,0,,-2
09,14,80,20,171,126,0,,-21
09,14,270,30,152,93,0,7,-5
09,14,100,40,180,77,0,6,-9
09,14,220,30,206,120,0,3,-11
09,14,100,40,228,101,0,4,3
09,14,250,20,253,146,0,,-1
09,14,280,20,261,177,0,,-3
09,14,50,40,267,160,0,,-1
09,14,60,50,264,146,0,,-3
09,14,50,60,245,153,0,,-3
09,14,30,40,219,123,0,,-2
09,14,100,60,231,101,0,,-5
09,14,150,50,261,122,0,,13
09,14,220,50,216,148,0,,6
09,14,250,80,192,62,0,,-13
09,14,210,100,202,106,0,,-1
09,14,220,90,190,88,0,,4
09,14,260,60,165,114,0,,-22
09,14,220,40,179,66,0,,0
09,14,190,60,195,72,0,,-1
09,14,200,50,229,102,0,,-1
09,14,230,60,188,94,0,,-17
09,14,210,80,138,113,4,,6
09,14,270,80,168,101,0,,-20
09,14,240,80,119,109,11,,0
09,14,300,50,145,108,0,,5
09,14,350,30,135,109,3,,-7
09,14,270,60,138,76,0,,-9
09,14,280,50,178,118,0,,-1
09,14,290,40,193,127,0,3,-6
09,14,240,60,184,140,0,5,-7
09,14,330,30,150,102,0,2,4
09,14,110,30,146,100,0,,-1
09,14,270,40,219,161,0,,-15
09,14,990,10,244,149,0,,-3
09,14,80,50,246,174,0,,-4
09,14,90,50,251,154,0,,4
09,14,120,60,275,112,0,,-2
09,14,180,30,254,176,0,,12
09,14,290,30,248,173,0,,2
09,14,260,30,269,165,0,,10
09,14,990,10,268,172,0,,-2
09,14,110,20,239,196,0,,8
09,14,30,30,183,174,0,,3
09,14,360,40,192,147,0,,-2
09,14,990,10,206,123,0,,2
09,14,240,50,169,166,3,,1
09,14,240,50,170,157,3,,-2
09,14,340,70,133,85,0,,10
09,14,90,20,125,86,2,,14
09,14,90,20,170,56,0,,1
09,14,80,40,188,70,0,,-4
09,14,990,10,197,79,0,,-2
09,14,40,20,209,93,0,,-3
09,14,110,20,215,98,0,,1
09,14,200,50,221,116,0,,1
09,14,20,30,195,129,0,,-5
09,14,240,60,200,111,0,,-7
09,14,260,50,190,109,0,,-10
09,14,230,60,163,146,3,,-4
09,14,260,40,156,88,0,,2
09,14,290,30,122,107,13,,6
09,14,200,60,149,106,0,,-5
09,14,210,40,219,155,0,,-8
09,14,220,60,198,145,0,,-2
09,14,240,90,218,199,0,,5
09,14,270,60,210,122,0,,-7
09,14,240,40,214,185,0,,5
09,14,260,30,252,181,0,,0
09,14,300,40,193,102,0,,-8
09,14,350,30,192,95,0,,-1
09,14,70,60,201,102,0,,2
09,14,90,40,235,124,0,,4
09,14,130,20,263,160,0,,-10
09,14,160,40,286,182,0,,0
09,14,200,40,281,166,0,,1
09,14,150,30,266,126,0,,-6
09,14,60,60,256,147,0,,-11
09,14,140,20,266,165,0,,-3
09,14,280,40,192,163,0,,-2
09,14,200,30,188,167,0,,1
09,14,240,50,177,149,0,,3
09,14,180,40,211,91,0,,1
09,14,140,60,255,148,0,,3
09,14,190,70,262,131,0,,-8
09,14,140,30,236,159,0,,5
09,14,170,30,237,162,0,,0
09,14,210,80,191,143,0,,-5
09,14,270,30,195,154,0,,-18
09,14,220,30,198,126,0,,4
09,14,240,50,222,127,0,,-4
09,14,180,50,219,151,0,,-2
09,14,200,40,215,111,0,,-12
09,14,290,30,172,142,-1,8,14
09,14,260,40,193,134,0,8,8
09,14,310,20,138,111,4,8,0
09,14,360,60,162,61,0,3,2
09,14,220,40,136,117,-1,8,0
09,14,350,50,193,152,0,8,10
09,14,350,40,185,144,0,8,-1
09,14,300,20,167,138,-1,8,13
09,14,360,40,165,119,0,8,-3
09,14,310,60,134,118,9,8,14
09,14,340,40,174,108,0,8,-9
09,14,340,20,181,127,0,8,-5
09,14,60,30,170,113,0,8,-5
09,14,260,50,184,125,0,8,3
09,14,310,20,182,93,0,7,-3
09,14,220,80,208,132,0,3,8
09,14,300,20,147,132,-1,8,-5
09,14,320,50,142,51,0,1,-5
09,14,240,70,157,68,0,1,-2
09,14,220,80,173,119,0,8,-3
09,14,200,60,202,121,0,3,-3
09,14,330,20,205,135,0,4,-15
09,14,200,50,217,152,0,8,-1
09,14,210,50,156,146,8,8,-17
09,14,230,70,159,91,0,6,-7
09,14,330,40,119,88,0,8,6
09,14,30,60,151,101,0,8,1
09,14,30,20,157,121,0,7,-4
09,14,270,50,138,127,4,8,-6
09,14,290,20,152,103,0,7,5
09,14,250,50,192,100,0,8,4
09,14,200,100,211,127,0,8,-4
09,14,190,70,163,121,0,8,-3
09,14,210,90,186,89,0,4,-1
09,14,150,40,174,157,7,8,0
09,14,200,70,196,102,0,2,-4
09,14,210,90,165,136,-1,8,0
09,14,240,50,178,111,0,8,-3
09,14,160,50,241,104,0,0,0
09,14,230,30,235,149,0,3,-8
09,14,130,60,266,152,0,0,-8
09,14,260,50,146,144,65,8,4
09,14,70,60,144,95,0,8,6
09,14,50,60,154,70,0,5,1
09,14,80,60,141,69,0,8,12
09,14,70,40,154,89,0,8,6
09,14,100,30,150,82,0,8,-2
09,14,80,50,147,42,0,0,1
09,14,40,30,164,58,0,5,-6
09,14,50,30,171,84,0,0,-2
09,14,40,20,163,105,0,8,0
09,14,40,50,158,76,0,7,-7
09,14,340,20,148,114,0,8,-1
09,14,70,40,154,114,0,8,-5
09,14,70,60,177,87,0,3,-4
09,14,60,50,181,94,0,0,-2
09,14,990,10,194,75,0,0,-8
09,14,260,40,182,101,0,1,1
09,14,290,30,131,94,-1,8,-14
09,14,220,70,128,120,2,8,0
09,14,200,50,170,152,9,8,-2
09,14,210,80,211,108,0,1,-14
09,14,250,110,190,90,-1,1,-25
09,14,250,60,179,95,0,7,-6
09,14,280,60,175,85,0,5,-4
09,14,270,40,175,88,0,8,10
09,14,200,40,246,117,0,0,0
09,14,220,30,288,117,0,0,4
09,14,350,40,196,163,0,8,-5
09,14,20,40,190,108,0,7,5
09,14,360,40,178,115,0,8,-5
09,14,40,30,205,110,0,3,-3
09,14,330,50,172,116,-1,7,-19
09,14,30,60,173,113,-1,7,-1
09,14,60,50,160,138,0,8,1
09,14,50,60,183,143,0,8,2
09,14,60,50,183,87,0,0,-1
09,14,40,40,219,127,0,0,1
09,14,230,30,250,170,0,6,-4
09,14,330,30,209,157,0,6,-8
09,14,340,20,203,87,0,0,-9
09,14,220,60,221,126,0,0,-5
09,14,270,50,181,142,0,8,-2
09,14,300,30,193,95,0,6,-6
09,14,360,20,180,93,0,8,1
09,14,40,20,199,87,0,0,-1
09,14,270,20,209,99,0,1,-5
09,14,250,40,186,129,0,8,-3
09,14,270,40,165,128,0,8,-3
09,14,270,40,172,143,0,8,5
09,14,350,20,168,112,0,7,-1
09,14,360,30,162,120,-1,8,-1
09,14,60,20,179,119,0,8,2
09,14,30,20,178,89,0,7,10
09,14,80,30,187,86,0,3,-1
09,14,120,80,205,64,0,0,-1
09,14,120,40,140,119,0,8,7
09,14,140,60,208,154,0,6,0
09,14,290,20,179,142,0,8,-20
09,14,220,30,170,157,13,8,-1
09,14,210,70,228,140,0,1,3
09,14,150,10,149,144,44,8,14
09,14,250,60,187,96,0,4,-7
09,14,230,90,174,145,0,8,-1
09,14,240,100,163,58,0,2,-11
09,14,250,60,148,111,-1,8,-12
09,14,290,40,139,90,0,3,2
09,14,260,20,152,73,0,8,2
09,14,230,70,157,99,0,7,-8
09,14,240,70,181,110,0,7,2
09,14,990,10,199,139,0,1,-4
09,14,170,30,228,128,0,0,-5
09,14,150,30,236,155,0,3,-12
09,14,300,10,177,118,0,7,3
09,14,290,40,140,85,0,6,-11
09,14,90,20,137,83,0,8,3
09,14,250,20,108,100,3,8,-4
09,14,360,10,134,126,4,8,1
09,14,150,20,145,76,0,4,-1
09,14,170,30,141,136,3,8,-2
09,14,70,20,191,84,0,1,1
09,14,220,40,254,168,0,1,5
09,14,180,30,293,177,0,1,-7
09,14,240,30,202,167,0,8,4
09,14,220,100,182,101,-1,3,4
09,14,200,80,162,132,2,8,1
09,14,250,70,163,110,0,7,6
09,14,240,80,150,136,-1,8,2
09,14,240,40,194,168,0,8,0
09,14,140,40,260,195,0,7,-1
09,14,200,40,190,140,-1,8,-14
09,14,200,90,188,154,0,8,12
09,14,240,70,186,103,0,3,2
09,14,260,60,180,84,0,5,-8
09,14,290,20,176,108,0,7,1
09,14,90,30,184,126,-1,7,8
09,14,210,70,168,107,0,7,-2
09,14,260,30,120,101,33,8,-6
09,14,270,60,172,102,0,6,4
09,14,210,40,177,120,0,8,-1
09,14,220,60,177,112,0,8,3
09,14,250,50,172,108,0,7,6
09,14,250,40,184,114,0,0,-1
09,14,110,10,211,105,0,0,-4
09,14,240,30,223,128,0,1,-2
09,14,240,50,233,140,0,7,-3
09,14,990,10,206,153,0,7,7
09,14,120,20,240,159,0,0,-2
09,14,120,40,255,147,0,0,-2
09,14,160,30,247,127,0,0,-1
09,14,990,10,186,52,0,0,-5
09,14,240,40,203,124,0,1,7
09,14,990,10,216,130,0,2,10
09,14,300,20,240,125,0,0,2
09,14,330,30,182,94,0,6,10
09,14,990,10,188,72,0,7,-2
09,14,270,40,233,143,0,3,0
09,14,240,20,254,93,0,0,0
09,14,210,50,287,123,0,0,2
09,14,230,60,242,166,0,7,-3
09,14,260,30,161,140,0,8,14
09,14,290,30,152,54,0,7,6
09,14,330,30,165,85,0,8,-6
09,14,240,60,158,133,-1,8,10
09,14,230,50,175,107,0,6,7
09,14,240,50,203,123,0,7,10
09,14,200,50,183,132,0,8,7
09,14,250,50,163,110,-1,6,9
09,14,260,60,153,70,0,1,-13
09,14,230,50,158,67,0,3,-3
09,14,210,10,158,66,0,8,-3
09,14,330,30,155,56,0,1,-5
09,14,80,60,128,71,-1,8,-11
09,14,210,130,187,129,-1,8,-27
09,14,180,70,157,103,0,4,-1
09,14,190,60,149,106,0,8,3
09,14,240,60,168,121,5,7,-30
09,14,210,50,163,92,0,7,-2
09,14,280,60,151,58,0,1,1
09,14,210,50,169,68,0,0,-4
09,14,280,60,176,81,0,8,1
09,14,280,60,213,139,0,8,3
09,14,310,20,224,156,0,8,3
09,14,80,20,266,153,0,0,4
09,14,160,30,313,121,0,0,-1
09,14,260,50,270,131,0,7,-23
09,14,240,30,190,144,-1,8,-4
09,14,270,20,183,102,0,3,4
09,14,230,60,184,83,0,6,-12
09,14,260,50,161,115,1,4,-13
09,14,320,40,178,118,0,4,-3
09,14,280,50,181,126,0,7,8
09,14,250,50,162,125,0,8,-6
09,14,300,60,146,130,-1,8,1
09,14,230,60,164,94,0,8,-7
09,14,260,60,144,47,0,1,-1
09,14,240,70,137,57,0,7,-4
09,14,250,40,140,100,-1,8,3
09,14,230,60,139,82,0,8,1
09,14,280,50,155,118,-1,8,2
09,14,220,40,175,106,0,6,-3
09,14,280,30,194,165,0,8,1
09,14,260,20,208,133,0,5,-10
09,14,40,10,191,132,0,6,-1
09,14,310,20,183,123,0,8,-4
09,14,50,50,156,94,0,8,-11
09,14,80,50,165,91,0,0,-6
09,14,70,50,169,76,0,8,-6
09,14,80,90,179,69,0,0,-2
09,14,80,70,161,66,0,0,3
09,14,260,30,200,115,0,5,3
09,14,50,30,202,135,0,8,-3
09,14,70,70,203,134,0,7,-8
09,14,70,30,225,151,0,4,3
09,14,220,20,234,171,0,6,0
09,14,280,20,216,166,0,7,-1
09,14,260,30,208,138,0,2,11
09,14,310,30,197,95,0,2,4
09,14,10,20,167,125,-1,8,0
09,14,20,30,173,103,0,7,-1
09,14,30,40,200,117,0,6,-1
09,14,40,40,211,124,0,0,1
09,14,40,40,206,120,0,3,-4
09,14,50,30,200,131,0,6,-8
09,14,70,50,222,150,0,5,-6
09,14,70,30,238,162,0,3,0
09,14,90,40,245,164,0,3,1
09,14,120,30,232,163,0,8,-7
09,14,200,20,220,181,0,6,1
09,14,280,30,240,178,0,4,-16
09,14,330,50,181,103,-1,1,-14
09,14,340,60,163,64,0,2,1
09,14,180,30,177,86,0,7,-5
09,14,210,60,146,109,-1,8,-33
09,14,270,60,169,103,0,8,2
09,14,240,50,170,151,0,8,8
09,14,110,30,199,122,0,0,2
09,14,130,30,215,143,0,2,-3
09,14,230,60,184,166,1,8,-7
09,14,250,30,198,144,0,4,4
09,14,300,30,193,129,0,6,-7
09,14,290,20,174,91,0,8,6
09,14,230,30,148,110,2,7,10
09,14,270,60,141,107,18,8,16
09,14,300,50,149,105,1,5,5
09,14,290,40,143,91,-1,7,-2
09,14,300,30,162,128,-1,8,4
09,14,30,20,167,113,0,8,1
09,14,60,50,161,118,0,3,15
09,14,70,60,196,86,0,1,-2
09,14,90,40,195,96,0,2,1
09,14,180,30,203,148,-1,8,-24
09,14,90,40,185,153,0,8,10
09,14,200,50,165,134,46,7,-8
09,14,210,90,154,75,-1,8,3
09,14,150,50,178,165,9,8,5
09,14,290,40,144,138,49,8,-7
09,14,190,60,180,110,0,7,-12
09,14,330,30,171,119,0,7,-1
09,14,270,40,174,101,0,8,-2
09,14,220,50,176,102,0,7,-5
09,14,170,10,136,121,15,8,-7
09,14,290,50,139,125,17,8,1
09,14,200,60,167,109,0,8,-2
09,14,270,20,166,93,0,1,-13
09,14,30,30,167,69,0,1,-2
09,14,50,50,171,78,0,2,-13
09,14,60,50,165,80,0,3,-1
09,14,70,80,167,58,0,0,-2
09,14,80,80,170,60,0,0,1
09,14,240,60,238,138,0,1,-6
09,14,240,50,220,122,0,8,-7
09,14,250,50,228,139,0,3,-5
09,14,270,60,202,127,0,8,-5
09,14,280,40,219,131,0,4,11
09,14,200,30,252,154,0,3,-1
09,14,110,30,266,121,0,0,1
09,14,250,50,282,145,0,0,-3
09,14,220,40,232,112,0,0,2
09,14,210,20,261,120,0,0,-1
09,14,230,20,227,174,0,8,12
09,14,150,30,293,136,0,2,0
09,14,110,50,320,153,0,0,0
09,14,110,50,320,112,0,0,-2
09,14,120,50,299,119,0,2,2
09,14,200,60,211,132,0,7,-1
09,14,300,10,196,152,0,8,-5
09,14,30,30,196,141,0,7,-3
09,14,350,20,194,93,0,8,-13
09,14,360,20,186,108,0,7,-1
09,14,100,30,203,84,0,8,-1
09,14,210,20,211,115,0,8,-5
09,14,250,40,212,97,0,2,-9
09,14,190,40,241,110,0,2,-4
09,14,230,70,251,126,0,4,-15
09,14,990,10,190,86,0,8,-5
09,14,200,40,212,83,0,0,2
09,14,230,70,231,109,0,0,-13
09,14,220,100,189,131,0,8,-4
09,14,230,60,186,75,0,1,-9
09,14,990,10,196,105,0,6,-26
09,14,340,40,178,79,0,1,11
09,14,200,30,197,91,0,8,0
09,14,180,30,208,115,0,8,-6
09,14,190,50,232,172,0,7,-6
09,14,270,50,183,109,-1,7,-10
09,14,260,30,176,113,0,8,13
09,14,210,70,160,149,6,8,3
09,14,250,40,168,124,1,7,5
09,14,210,80,176,104,0,8,1
09,14,210,100,173,95,0,8,-4
09,14,250,60,180,104,0,6,-10
09,14,260,80,175,82,0,3,-23
09,14,240,110,109,94,15,8,2
09,14,250,30,127,94,1,7,15
09,14,260,40,144,94,0,8,-5
09,14,230,30,171,83,0,8,-9
09,14,210,20,120,107,18,8,-1
09,14,330,20,156,102,0,4,0
09,14,240,40,171,94,0,6,3
09,14,160,30,184,97,0,8,0
09,14,250,40,182,126,0,8,3
09,14,60,20,177,99,0,1,0
09,14,80,30,192,125,0,1,-1
09,14,70,30,182,121,0,7,-5
09,14,60,20,171,133,0,8,2
09,14,110,30,199,125,0,7,6
09,14,190,40,202,154,0,8,-3
09,14,150,40,229,167,0,8,4
09,14,260,20,137,123,2,8,0
09,14,70,40,199,68,0,3,-8
09,14,80,30,228,84,0,0,0
09,14,350,10,210,164,0,8,6
09,14,10,20,248,166,0,7,-3
09,14,340,20,248,184,0,7,-2
09,14,290,40,191,166,0,8,8
09,14,270,60,172,64,0,3,-2
09,14,230,60,181,105,0,8,1
09,14,220,60,229,121,0,5,4
09,14,250,40,208,132,0,8,-5
09,14,240,80,241,139,0,7,8
09,14,340,20,157,135,0,8,-4
09,14,360,30,190,70,0,1,1
09,14,260,40,191,81,0,6,-7
09,14,260,40,184,107,-1,7,5
09,14,200,40,219,93,0,8,3
09,14,210,30,251,80,0,8,3
09,14,240,80,274,116,0,0,-11
09,14,210,80,254,120,0,2,-4
09,14,210,80,247,129,0,6,-1
09,14,270,70,164,62,0,6,-7
09,14,320,20,129,95,1,8,-12
09,14,360,40,108,99,8,8,-6
09,14,330,40,149,47,0,5,-4
09,14,50,20,157,49,0,8,-11
09,14,240,50,186,54,0,3,1
09,14,210,20,218,60,0,0,1
09,14,20,30,159,56,0,2,-7
09,14,100,20,148,37,0,5,1
09,14,220,20,160,75,0,8,-1
09,14,300,40,201,83,0,6,-10
09,14,240,50,218,62,0,8,-11
09,14,230,50,183,116,0,8,8
09,14,270,40,162,144,2,8,-4
09,14,280,40,165,99,-1,8,1
09,14,230,70,186,65,0,8,-7
09,14,270,20,159,117,-1,8,4
09,14,320,30,172,70,0,8,3
09,14,210,20,192,59,0,7,-11
09,14,280,30,202,48,0,2,2
09,14,210,60,161,133,2,8,-6
09,14,250,60,222,129,0,1,3
09,14,20,30,211,108,0,8,1
09,14,40,20,205,46,0,3,2
09,14,290,50,242,58,0,1,-7
09,14,350,20,154,130,0,8,-1
09,14,290,60,177,59,0,8,-9
09,14,330,40,177,31,0,1,-11
09,14,340,20,176,57,0,7,-7
09,14,70,30,198,42,0,1,-4
09,14,120,70,250,35,0,0,2
09,14,150,30,268,128,0,8,-5
09,14,220,50,188,125,0,8,1
09,14,170,60,191,116,0,8,-24
09,14,210,50,178,118,0,8,-6
09,14,190,40,179,165,-1,8,4
09,14,210,90,196,103,0,7,-11
09,14,220,100,174,132,0,7,-1
09,14,200,60,158,142,14,8,16
09,14,250,60,175,97,0,4,-2
09,14,40,30,189,72,0,8,-5
09,14,200,20,218,77,0,0,2
09,14,210,70,193,142,0,8,12
09,14,270,40,213,114,0,8,-3
09,14,290,50,188,73,0,8,-14
09,14,280,40,186,68,0,8,-11
09,14,220,50,212,100,0,6,-5
09,14,230,40,185,152,0,8,1
09,14,260,30,223,163,0,8,-3
09,14,40,30,191,74,0,6,3
09,14,230,30,218,96,0,1,4
09,14,250,50,199,108,0,8,1
09,14,210,30,236,121,0,6,5
09,14,100,30,304,114,0,2,4
09,14,170,20,325,119,0,8,-2
09,14,350,50,250,147,0,7,-11
09,14,60,60,198,40,0,0,-1
09,14,70,70,227,73,0,0,0
09,14,90,40,251,62,0,0,0
09,14,40,40,241,55,0,0,-2
09,14,50,20,252,61,0,0,4
09,14,240,30,241,73,0,0,0
09,14,220,70,241,111,-1,7,-15
09,14,180,60,180,73,0,8,-3
09,14,210,50,110,92,15,8,2
09,14,10,40,153,79,0,8,0
09,14,60,40,137,96,-1,8,-2
09,14,180,40,122,111,0,8,-6
09,14,240,30,183,102,0,8,-3
09,14,160,50,191,144,0,8,-5
