09,12,110,46,280,56,0,1,8
09,12,330,26,259,173,0,1,0
09,12,80,41,280,120,0,0,6
09,12,70,41,274,114,0,0,4
09,12,30,41,207,136,0,3,17
09,12,360,51,162,63,0,8,2
09,12,350,31,160,99,0,7,2
09,12,310,21,179,103,0,7,12
09,12,990,15,202,95,0,5,22
09,12,260,31,247,98,0,3,3
09,12,30,36,199,140,0,5,-1
09,12,80,46,176,55,0,1,-2
09,12,40,21,210,41,0,1,-3
09,12,210,21,228,74,0,2,7
09,12,230,57,197,163,-1,7,-5
09,12,230,67,198,144,0,7,7
09,12,250,77,182,117,0,5,7
09,12,240,77,198,118,0,4,-5
09,12,40,31,180,99,0,5,5
09,12,50,31,171,98,0,3,5
09,12,340,21,222,135,0,0,21
09,12,220,77,167,156,10,8,-5
09,12,240,98,163,102,0,6,1
09,12,220,123,205,146,0,3,9
09,12,220,93,194,170,4,8,-11
09,12,240,36,158,142,0,8,5
09,12,220,57,118,109,-1,7,7
09,12,140,57,141,99,0,7,0
09,12,200,57,183,123,0,5,-9
09,12,250,62,124,119,2,7,14
09,12,230,77,130,100,18,8,22
09,12,210,82,131,125,8,8,0
09,12,250,103,154,129,-1,8,-19
09,12,260,62,117,101,0,6,22
09,12,260,77,144,92,0,4,2
09,12,200,41,161,91,0,4,11
09,12,230,72,191,117,0,7,-17
09,12,250,87,148,94,0,7,7
09,12,240,57,170,92,0,3,6
09,12,80,51,197,96,0,7,7
09,12,210,67,231,147,0,2,8
09,12,990,15,170,92,0,6,2
09,12,190,41,201,105,0,7,4
09,12,250,51,145,107,0,7,14
09,12,240,87,181,130,0,3,3
09,12,300,21,179,132,0,5,14
09,12,80,62,198,144,0,6,3
09,12,220,51,169,166,-1,8,15
09,12,230,51,184,143,0,7,-1
09,12,260,31,172,131,0,7,6
09,12,90,36,207,161,0,3,4
09,12,190,31,202,152,0,8,-7
09,12,190,77,166,115,0,1,0
09,12,200,57,170,113,-1,8,9
09,12,140,36,214,136,0,5,7
09,12,90,21,242,140,0,1,1
09,12,50,26,245,162,0,1,8
09,12,220,57,217,146,0,3,-1
09,12,270,26,174,131,0,7,14
09,12,990,15,173,136,0,7,9
09,12,990,15,152,93,0,7,9
09,12,300,26,155,105,0,7,4
09,12,260,46,148,133,11,8,-2
09,12,320,41,153,88,0,6,5
09,12,340,31,162,82,0,5,5
09,12,990,15,178,54,0,2,2
09,12,100,26,195,105,0,3,17
09,12,230,62,205,144,0,6,18
09,12,190,51,200,148,0,7,-20
09,12,210,67,160,137,-1,7,-6
09,12,250,31,153,119,-1,7,8
09,12,90,46,174,119,0,6,-15
09,12,100,51,132,126,5,8,2
09,12,160,93,147,107,0,7,-11
09,12,220,72,162,116,0,7,3
09,12,230,98,117,104,2,8,9
09,12,260,41,155,103,0,4,-1
09,12,40,57,143,74,0,5,-2
09,12,80,21,174,114,0,0,8
09,12,150,31,244,164,0,6,9
09,12,240,51,184,137,0,7,5
09,12,360,46,156,156,19,8,1
09,12,30,57,132,126,-1,8,5
09,12,30,46,133,124,0,8,4
09,12,330,51,114,114,40,8,1
09,12,270,98,128,100,0,7,-12
09,12,240,103,120,83,0,7,1
09,12,210,62,138,88,0,4,3
09,12,90,21,150,104,0,4,-2
09,12,200,62,147,105,0,7,-6
09,12,210,72,187,137,0,7,-19
09,12,320,57,154,144,-1,7,-7
09,12,260,67,181,112,0,7,-2
09,12,220,67,191,164,0,7,5
09,12,260,57,184,132,0,4,-1
09,12,160,36,169,104,0,8,-1
09,12,220,21,148,137,5,8,-3
09,12,180,31,162,131,-1,7,11
09,12,220,144,150,105,0,6,-9
09,12,230,103,127,86,3,7,14
09,12,210,51,159,106,0,7,15
09,12,240,87,170,158,22,7,36
09,12,240,72,166,87,0,2,12
09,12,80,26,138,133,9,8,4
09,12,230,108,142,99,0,7,3
09,12,260,82,117,107,8,8,8
09,12,230,93,114,72,0,7,-4
09,12,250,31,134,113,0,6,7
09,12,260,21,140,112,15,7,9
09,12,120,51,122,107,4,8,1
09,12,80,51,145,102,0,7,4
09,12,60,57,175,102,0,2,7
09,12,80,82,188,124,0,3,11
09,12,250,36,207,160,0,7,-2
09,12,200,36,207,140,0,5,7
09,12,990,15,204,138,0,6,11
09,12,260,51,164,120,0,7,-3
09,12,230,51,171,104,0,4,-6
09,12,260,41,167,104,0,6,-7
09,12,990,15,178,102,0,2,4
09,12,320,67,194,77,0,3,4
09,12,260,41,181,113,0,7,3
09,12,270,21,152,112,3,6,8
09,12,250,82,164,92,0,7,2
09,12,210,57,182,123,0,7,-3
09,12,190,57,208,87,0,6,-17
09,12,150,36,168,160,7,8,12
09,12,220,108,166,163,4,8,3
09,12,230,87,184,123,0,6,0
09,12,210,62,209,131,0,7,-9
09,12,230,82,182,159,-1,7,12
09,12,180,36,194,128,0,6,3
09,12,330,26,186,129,0,7,-10
09,12,230,57,177,112,0,5,4
09,12,240,67,136,133,2,8,13
09,12,150,36,163,140,-1,7,11
09,12,180,41,184,125,0,6,6
09,12,80,51,187,139,0,7,6
09,12,50,62,209,108,0,5,1
09,12,360,82,151,90,0,7,11
09,12,270,21,170,85,0,4,-6
09,12,230,41,160,122,0,7,15
09,12,240,31,159,132,0,7,4
09,12,230,98,163,100,0,6,24
09,12,990,15,145,122,-1,6,10
09,12,220,87,130,126,6,8,2
09,12,260,67,135,121,0,7,11
09,12,260,57,122,49,0,5,-1
09,12,270,57,125,66,0,4,16
09,12,260,51,131,79,0,7,-8
09,12,280,20,158,103,0,5,-12
09,12,60,30,162,120,0,3,7
09,12,30,60,186,105,0,1,5
09,12,20,50,189,136,0,2,5
09,12,50,60,194,115,0,4,1
09,12,350,50,180,96,0,5,2
09,12,40,40,161,63,0,2,-2
09,12,10,30,148,81,0,7,9
09,12,350,30,164,115,0,6,8
09,12,270,20,146,99,0,7,12
09,12,250,30,143,92,0,7,7
09,12,290,60,150,114,0,3,-20
09,12,310,70,130,70,0,7,3
09,12,330,40,150,113,0,7,5
09,12,350,30,149,85,0,7,3
09,12,80,30,154,76,0,1,5
09,12,100,70,158,69,0,3,-8
09,12,80,80,124,64,0,7,5
09,12,80,80,154,94,0,7,4
09,12,70,50,148,91,0,7,3
09,12,40,40,113,90,0,8,2
09,12,40,30,104,94,0,8,0
09,12,290,20,110,101,0,8,1
09,12,230,20,112,104,0,8,4
09,12,260,20,158,107,0,4,11
09,12,240,60,174,112,0,3,11
09,12,240,60,162,139,14,7,-1
09,12,240,70,151,118,0,7,5
09,12,220,110,154,116,-1,8,6
09,12,210,50,164,152,4,8,7
09,12,280,20,219,150,0,3,12
09,12,280,20,176,132,0,8,11
09,12,110,20,212,137,0,3,6
09,12,220,60,216,151,0,7,10
09,12,250,30,182,153,0,8,1
09,12,240,50,187,128,0,3,5
09,12,230,50,157,136,-1,8,-2
09,12,240,80,200,146,0,3,3
09,12,280,60,183,120,0,5,8
09,12,320,20,161,68,0,6,7
09,12,110,20,197,113,0,7,5
09,12,230,70,180,124,0,7,0
09,12,260,80,157,78,0,5,-10
09,12,250,50,170,69,0,3,-9
09,12,220,50,180,74,0,6,6
09,12,190,40,218,94,0,2,6
09,12,220,40,219,100,0,7,3
09,12,250,40,241,150,0,3,4
09,12,30,40,158,116,0,7,6
09,12,70,60,161,48,0,3,0
09,12,60,50,165,60,0,5,9
09,12,70,50,192,57,0,1,9
09,12,30,40,183,87,0,1,9
09,12,70,40,150,106,0,8,10
09,12,60,40,190,105,0,1,11
09,12,50,50,229,111,0,0,0
09,12,30,30,120,120,0,8,5
09,12,990,10,114,114,0,8,9
09,12,260,20,166,130,0,7,17
09,12,270,20,179,138,0,8,2
09,12,90,30,167,120,-1,8,-2
09,12,200,20,209,177,-1,8,4
09,12,210,50,194,173,2,7,14
09,12,190,40,198,141,0,5,-1
09,12,220,60,180,136,0,7,10
09,12,260,60,177,144,0,7,1
09,12,190,50,196,150,0,7,1
09,12,220,90,183,142,0,7,0
09,12,200,70,176,164,3,7,3
09,12,230,100,209,137,0,6,-2
09,12,230,80,188,108,0,6,-7
09,12,270,30,128,117,1,8,-16
09,12,220,70,109,74,0,7,0
09,12,260,80,112,111,52,8,1
09,12,250,80,142,91,0,7,11
09,12,240,90,141,81,0,7,-4
09,12,270,60,127,121,3,8,7
09,12,230,40,163,106,0,6,0
09,12,270,30,154,123,-1,8,-9
09,12,80,40,157,144,0,7,17
09,12,70,50,179,117,0,3,6
09,12,80,70,176,113,0,1,8
09,12,80,50,179,120,0,5,8
09,12,90,30,211,149,0,0,-1
09,12,120,20,220,128,0,1,5
09,12,170,50,210,137,0,8,4
09,12,190,60,173,126,0,6,-11
09,12,240,20,169,138,0,7,1
09,12,190,20,177,145,0,6,10
09,12,150,20,153,142,0,7,12
09,12,310,20,181,143,0,8,12
09,12,60,40,223,139,0,2,5
09,12,90,70,229,111,0,1,9
09,12,60,40,233,159,0,4,8
09,12,90,30,265,118,0,1,5
09,12,210,20,238,140,0,6,-3
09,12,250,60,240,150,0,6,-2
09,12,180,30,245,139,0,7,6
09,12,230,20,264,138,0,7,2
09,12,40,30,248,178,0,2,17
09,12,170,40,296,89,0,0,8
09,12,180,30,294,152,0,1,8
09,12,20,20,274,178,0,6,5
09,12,20,30,237,181,0,1,16
09,12,240,30,199,170,-1,8,2
09,12,230,60,195,92,0,1,7
09,12,200,30,144,142,31,8,3
09,12,160,50,193,124,0,1,0
09,12,150,60,226,122,0,7,-3
09,12,110,30,164,149,3,7,5
09,12,190,70,174,117,0,7,6
09,12,190,50,195,153,0,8,0
09,12,220,80,223,133,0,1,1
09,12,220,80,220,123,0,6,8
09,12,230,60,205,128,0,6,-1
09,12,230,80,170,111,0,5,12
09,12,200,70,187,131,0,7,-7
09,12,230,70,162,124,-1,6,1
09,12,230,80,156,149,2,8,-4
09,12,210,50,146,141,26,8,3
09,12,190,50,151,131,19,7,19
09,12,260,80,132,113,10,7,2
09,12,270,40,158,101,0,7,-4
09,12,320,50,156,89,0,7,0
09,12,230,50,175,95,0,4,1
09,12,210,80,150,129,1,8,6
09,12,270,50,170,107,0,7,1
09,12,230,70,202,158,0,4,4
09,12,220,30,221,162,0,4,-1
09,12,20,20,226,147,0,3,13
09,12,110,30,247,157,0,1,4
09,12,220,50,260,182,0,5,5
09,12,250,40,168,142,0,8,15
09,12,190,20,204,148,0,4,3
09,12,140,50,216,168,0,7,18
09,12,220,80,126,120,79,8,6
09,12,260,40,147,142,9,8,0
09,12,190,50,192,127,0,6,4
09,12,140,40,220,124,0,1,6
09,12,990,10,155,134,1,8,-5
09,12,320,30,174,125,0,6,7
09,12,200,30,195,140,0,5,9
09,12,80,60,187,131,0,3,6
09,12,80,30,200,125,0,5,7
09,12,240,30,178,109,0,5,8
09,12,220,50,221,139,0,3,5
09,12,240,40,176,135,0,6,7
09,12,200,60,181,133,0,8,0
09,12,190,50,211,131,0,7,6
09,12,240,40,166,134,0,7,-1
09,12,300,30,183,129,-1,7,-28
09,12,240,70,173,145,-1,8,-13
09,12,230,50,170,163,3,8,4
09,12,250,30,155,111,0,7,0
09,12,280,40,152,101,0,7,15
09,12,220,40,170,155,0,8,-6
09,12,250,70,147,122,0,7,1
09,12,260,60,159,100,0,7,-7
09,12,280,80,125,98,3,6,2
09,12,280,70,153,96,0,5,-29
09,12,240,80,143,93,0,6,16
09,12,250,60,153,128,0,7,1
09,12,230,70,154,108,0,7,-8
09,12,260,20,145,89,-1,7,8
09,12,230,70,142,126,0,7,6
09,12,290,30,137,96,0,6,-16
09,12,250,40,135,83,0,7,1
09,12,270,20,141,82,0,7,0
09,12,180,90,122,92,-1,7,-1
09,12,260,60,139,110,-1,7,2
09,12,300,40,154,98,0,6,-38
09,12,250,30,139,92,0,6,-18
09,12,170,30,118,103,0,8,23
09,12,990,10,152,107,0,5,13
09,12,230,20,154,110,0,7,0
09,12,190,40,170,114,0,5,-10
09,12,250,50,158,142,1,7,3
09,12,190,30,196,129,0,4,6
09,12,210,80,204,146,0,7,-27
09,12,220,60,192,118,0,2,4
09,12,20,50,174,86,0,6,2
09,12,100,80,212,119,0,5,2
09,12,80,60,200,105,0,2,16
09,12,220,30,203,153,0,7,3
09,12,230,30,197,151,0,3,14
09,12,210,40,193,136,0,7,11
09,12,200,70,210,133,0,6,-1
09,12,160,30,241,137,0,5,-15
09,12,160,50,219,147,0,7,-6
09,12,210,20,167,117,0,7,12
09,12,990,10,162,128,0,8,9
09,12,70,70,208,138,0,2,8
09,12,50,50,206,98,0,0,7
09,12,310,30,177,121,0,7,1
09,12,30,40,190,88,0,2,0
09,12,330,20,173,98,0,7,5
09,12,990,10,168,83,0,7,3
09,12,70,20,168,89,0,6,5
09,12,70,40,175,96,0,6,3
09,12,320,30,169,103,0,6,1
09,12,290,20,151,102,0,7,4
09,12,290,30,154,105,0,7,7
09,12,40,80,134,41,0,7,4
09,12,40,70,134,29,0,0,4
09,12,210,40,103,100,-1,8,4
09,12,250,30,118,106,0,7,3
09,12,300,20,157,107,0,7,7
09,12,990,10,157,74,0,1,5
09,12,70,30,176,110,0,1,6
09,12,990,10,182,70,0,1,6
09,12,280,50,167,79,0,7,-1
09,12,350,20,180,70,0,4,-3
09,12,10,20,190,65,0,3,-3
09,12,70,30,212,82,0,0,12
09,12,80,30,242,99,0,1,11
09,12,230,40,204,135,-1,8,3
09,12,990,10,204,105,0,5,-1
09,12,290,30,196,107,0,7,-12
09,12,330,30,193,103,0,5,-7
09,12,180,50,132,124,13,8,9
09,12,280,60,175,109,-1,7,-5
09,12,220,30,168,104,0,8,12
09,12,50,30,182,95,0,1,0
09,12,60,40,195,81,0,0,9
09,12,90,20,223,115,0,0,1
09,12,990,10,232,126,0,0,-3
09,12,990,10,243,91,0,0,11
09,12,200,40,269,88,0,0,4
09,12,190,50,289,109,0,0,8
09,12,220,30,294,83,0,0,10
09,12,220,40,268,117,0,1,17
09,12,220,90,259,135,0,1,-4
09,12,270,30,119,80,16,8,3
09,12,90,20,145,42,0,6,-3
09,12,70,50,167,69,0,0,11
09,12,240,70,185,49,0,0,0
09,12,90,20,152,111,0,8,-1
09,12,190,20,194,108,0,2,-4
09,12,250,40,142,89,0,7,-4
09,12,50,30,170,91,0,3,2
09,12,200,10,186,110,0,1,10
09,12,70,50,232,114,0,0,11
09,12,280,30,243,136,0,3,6
09,12,190,20,269,171,0,0,4
09,12,50,40,264,146,0,0,-2
09,12,50,40,253,137,0,0,4
09,12,40,50,246,149,0,2,6
09,12,40,40,216,115,0,3,6
09,12,100,60,230,101,0,0,2
09,12,180,40,261,135,0,0,6
09,12,230,70,220,160,0,7,4
09,12,250,90,172,77,0,6,12
09,12,200,80,192,116,0,8,16
09,12,210,100,182,109,0,6,2
09,12,260,60,144,95,-1,8,-27
09,12,990,10,169,58,0,0,7
09,12,200,40,197,67,0,0,4
09,12,200,70,229,104,0,0,3
09,12,230,70,178,81,0,4,-2
09,12,220,120,160,83,0,8,3
09,12,250,100,149,74,0,7,9
09,12,240,80,131,77,-1,8,-18
09,12,310,70,143,137,25,8,-12
09,12,290,70,119,88,2,7,19
09,12,270,50,127,86,0,8,9
09,12,240,40,158,104,0,7,3
09,12,250,50,150,143,0,8,8
09,12,240,60,181,150,0,8,-4
09,12,260,40,148,119,-1,8,3
09,12,100,20,153,108,1,8,3
09,12,250,60,217,158,0,7,7
09,12,250,20,233,114,0,0,3
09,12,60,40,237,163,0,3,5
09,12,90,50,257,143,0,0,4
09,12,130,30,277,116,0,0,2
09,12,200,40,252,160,0,6,6
09,12,220,20,267,168,0,0,3
09,12,240,40,279,151,0,2,-4
09,12,220,30,240,175,0,8,-3
09,12,60,20,245,186,0,8,9
09,12,270,20,175,169,-1,8,2
09,12,40,40,173,137,0,8,14
09,12,70,20,182,106,0,2,11
09,12,250,60,195,140,0,8,-6
09,12,240,80,207,144,0,7,-18
09,12,360,60,141,73,0,5,16
09,12,350,30,136,43,0,7,14
09,12,80,20,154,65,0,1,9
09,12,50,30,166,44,0,0,7
09,12,990,10,183,67,0,0,7
09,12,60,30,194,76,0,0,2
09,12,60,40,211,79,0,0,0
09,12,200,40,209,103,0,2,7
09,12,990,10,188,101,0,5,13
09,12,230,70,210,121,0,5,-2
09,12,230,60,172,119,0,6,-4
09,12,220,80,190,104,0,8,6
09,12,250,40,153,69,0,1,13
09,12,290,60,142,57,0,4,11
09,12,210,90,151,91,0,8,1
09,12,230,50,230,144,0,8,-1
09,12,240,50,213,141,0,8,-3
09,12,230,100,209,190,0,8,9
09,12,260,50,207,144,0,8,0
09,12,230,50,214,176,0,8,11
09,12,220,20,248,178,0,0,7
09,12,330,30,169,151,-1,8,4
09,12,40,30,174,102,0,3,5
09,12,80,60,199,105,0,0,6
09,12,50,20,224,135,0,0,7
09,12,150,20,255,180,0,0,2
09,12,180,30,285,149,0,0,1
09,12,170,30,276,175,0,0,1
09,12,100,30,258,167,0,7,5
09,12,60,60,245,137,0,7,15
09,12,990,10,253,175,0,5,1
09,12,300,30,192,165,0,8,3
09,12,240,30,166,159,5,8,5
09,12,230,50,152,141,1,8,-3
09,12,190,50,201,105,0,0,3
09,12,110,40,251,168,0,0,5
09,12,190,40,252,148,0,5,1
09,12,70,20,233,172,0,2,5
09,12,190,40,234,160,0,8,-2
09,12,210,70,192,141,0,8,-4
09,12,230,40,181,151,0,8,6
09,12,260,20,182,138,0,6,3
09,12,220,60,210,136,0,6,9
09,12,190,70,209,142,0,2,13
09,12,220,40,207,112,0,3,6
09,12,270,30,184,135,0,8,8
09,12,250,40,182,126,0,8,14
09,12,310,40,168,118,0,7,14
09,12,310,40,138,98,2,4,-28
09,12,230,20,142,93,-1,8,1
09,12,350,40,180,141,0,8,-5
09,12,340,40,170,136,-1,8,0
09,12,310,20,180,140,0,8,7
09,12,310,40,159,108,0,8,10
09,12,250,50,151,135,1,8,10
09,12,330,40,168,116,0,8,2
09,12,320,10,169,93,0,4,1
09,12,40,50,169,121,0,8,8
09,12,240,40,195,121,0,0,9
09,12,40,20,174,86,0,3,2
09,12,240,40,209,143,0,8,-7
09,12,240,70,199,135,0,4,-9
09,12,340,50,132,93,0,8,11
09,12,230,70,136,69,0,6,10
09,12,220,70,163,96,0,8,14
09,12,200,50,192,103,0,0,4
09,12,210,10,201,117,0,0,8
09,12,190,50,223,147,0,1,0
09,12,220,110,195,117,0,8,-32
09,12,240,50,150,95,0,6,2
09,12,280,20,108,85,2,8,-1
09,12,10,80,118,99,9,8,0
09,12,60,40,154,108,0,3,-5
09,12,240,50,121,116,4,8,2
09,12,270,20,154,116,0,5,-3
09,12,240,80,188,117,0,6,4
09,12,200,80,206,149,0,7,5
09,12,200,90,155,111,0,8,-2
09,12,200,80,165,99,0,7,4
09,12,150,40,177,140,-1,8,-6
09,12,220,90,190,113,0,8,-4
09,12,200,110,174,119,-1,8,-5
09,12,240,60,182,93,0,1,9
09,12,180,40,232,106,0,0,8
09,12,210,40,226,166,0,5,-1
09,12,140,40,265,164,0,1,2
09,12,240,50,135,131,33,8,-1
09,12,30,60,131,127,4,8,4
09,12,50,70,150,67,0,4,7
09,12,70,50,136,56,0,8,6
09,12,40,40,147,97,0,8,0
09,12,70,40,140,70,0,7,1
09,12,80,70,125,40,0,2,7
09,12,40,60,152,53,0,8,7
09,12,50,40,154,72,0,2,8
09,12,40,40,158,82,0,8,3
09,12,40,50,148,79,0,8,-3
09,12,350,20,132,103,0,8,1
09,12,60,40,160,123,0,1,-8
09,12,60,50,155,111,0,1,7
09,12,60,50,164,83,0,2,6
09,12,50,20,177,92,0,0,3
09,12,230,20,174,97,0,0,6
09,12,260,20,129,107,0,8,-8
09,12,220,80,116,107,4,8,3
09,12,210,50,181,161,16,8,-1
09,12,220,80,185,114,0,8,1
09,12,250,60,135,116,5,8,27
09,12,220,50,138,119,4,8,10
09,12,240,70,169,107,-1,7,-6
09,12,240,40,172,125,0,6,14
09,12,200,30,227,124,0,6,6
09,12,210,50,272,129,0,0,12
09,12,350,30,255,147,0,7,8
09,12,360,40,151,140,-1,8,-6
09,12,30,60,172,89,0,8,9
09,12,20,50,174,102,0,6,5
09,12,330,50,159,100,0,8,7
09,12,20,70,146,121,-1,8,9
09,12,60,50,192,138,0,4,-16
09,12,50,60,172,141,0,8,-1
09,12,50,60,181,107,0,0,3
09,12,50,50,212,132,0,0,4
09,12,10,20,225,169,0,1,12
09,12,350,30,225,159,0,6,-7
09,12,320,20,194,105,0,0,4
09,12,240,60,212,115,0,4,6
09,12,240,30,173,144,0,8,-4
09,12,350,20,168,138,0,8,3
09,12,60,20,166,93,0,1,9
09,12,70,30,194,95,0,0,-3
09,12,40,20,195,94,0,0,4
09,12,230,30,169,122,0,5,0
09,12,240,40,168,127,0,8,2
09,12,250,30,187,137,0,8,0
09,12,10,30,167,98,0,7,5
09,12,40,30,165,107,0,8,11
09,12,30,40,154,117,0,7,14
09,12,40,40,175,108,0,6,7
09,12,50,50,184,71,0,0,5
09,12,100,80,198,95,0,0,6
09,12,140,20,168,144,0,8,6
09,12,190,50,218,145,0,7,-12
09,12,280,20,158,147,15,7,-1
09,12,210,40,169,137,0,8,9
09,12,220,70,221,140,0,1,0
09,12,150,10,145,135,20,8,4
09,12,250,40,174,97,0,2,4
09,12,230,110,174,119,0,8,5
09,12,250,70,156,66,0,3,12
09,12,230,80,162,104,0,7,-8
09,12,240,60,155,82,0,5,-39
09,12,300,20,146,67,0,7,-11
09,12,250,60,145,85,0,8,1
09,12,240,70,189,94,0,0,5
09,12,240,10,202,117,0,6,4
09,12,190,30,225,131,0,0,5
09,12,210,30,230,131,0,1,-3
09,12,230,20,152,136,0,8,9
09,12,310,40,126,58,0,8,5
09,12,190,20,127,86,0,8,-5
09,12,270,20,120,90,-1,8,-1
09,12,230,20,119,115,0,8,5
09,12,60,20,127,110,0,8,11
09,12,220,30,141,131,12,8,7
09,12,60,40,189,126,0,0,5
09,12,220,40,261,153,0,1,-1
09,12,210,30,283,163,0,0,4
09,12,230,40,205,175,0,8,9
09,12,240,70,177,88,0,5,10
09,12,220,130,180,110,0,8,-5
09,12,240,60,156,99,0,8,8
09,12,230,80,146,119,0,8,-2
09,12,230,30,189,174,0,8,4
09,12,170,40,268,191,0,8,7
09,12,200,80,184,129,0,8,2
09,12,220,130,196,133,0,8,-4
09,12,250,50,173,107,0,7,4
09,12,250,50,165,87,0,8,4
09,12,300,20,184,94,0,8,-6
09,12,90,40,183,113,0,8,-4
09,12,240,60,174,112,0,7,-3
09,12,230,70,137,79,0,8,12
09,12,270,20,161,89,0,6,4
09,12,230,60,156,114,0,8,0
09,12,230,60,174,97,0,8,4
09,12,260,30,165,106,0,8,-2
09,12,230,30,166,106,0,0,9
09,12,990,10,203,97,0,2,7
09,12,230,30,215,125,0,1,10
09,12,230,50,228,140,0,3,8
09,12,350,20,220,154,0,8,-4
09,12,70,30,245,156,0,0,5
09,12,40,30,255,155,0,0,3
09,12,990,10,243,130,0,0,10
09,12,260,20,160,65,0,8,6
09,12,240,40,198,112,0,0,9
09,12,350,20,183,143,0,8,4
09,12,50,20,221,116,0,0,6
09,12,340,40,191,108,0,7,5
09,12,290,10,167,71,0,8,3
09,12,240,50,215,97,0,0,8
09,12,250,20,246,99,0,0,8
09,12,200,40,280,111,0,0,4
09,12,230,40,241,118,0,0,10
09,12,240,70,179,162,5,8,-35
09,12,250,30,144,73,0,2,-19
09,12,350,30,140,107,-1,8,7
09,12,230,80,138,114,0,8,2
09,12,230,50,166,93,0,4,0
09,12,240,40,201,123,0,5,4
09,12,240,40,155,129,0,8,5
09,12,240,50,165,107,0,8,1
09,12,310,60,111,65,2,8,31
09,12,240,50,144,49,0,8,11
09,12,230,20,170,54,0,8,6
09,12,330,20,148,51,0,0,-6
09,12,70,60,144,72,0,8,2
09,12,200,120,204,143,0,8,-5
09,12,200,90,135,96,-1,8,9
09,12,210,90,144,99,0,8,-8
09,12,210,80,158,104,-1,6,3
09,12,230,70,161,87,0,1,0
09,12,240,60,163,84,0,1,-44
09,12,230,50,152,62,0,0,6
09,12,280,40,176,82,0,8,4
09,12,250,50,189,114,0,4,14
09,12,270,20,230,144,0,0,7
09,12,50,30,261,152,0,0,10
09,12,210,40,304,142,0,0,6
09,12,290,20,273,166,0,6,-51
09,12,230,30,179,133,-1,8,1
09,12,990,10,175,110,0,2,8
09,12,230,50,177,82,0,8,-9
09,12,260,50,125,102,12,8,12
09,12,280,30,182,131,0,5,-27
09,12,300,40,160,121,0,8,2
09,12,230,50,176,114,0,8,-1
09,12,240,80,169,134,0,8,-4
09,12,230,30,143,96,0,8,5
09,12,240,70,148,51,0,4,4
09,12,220,80,119,59,0,8,4
09,12,270,20,119,105,-1,8,5
09,12,230,60,130,74,0,8,15
09,12,250,50,166,106,0,8,-12
09,12,190,40,163,106,0,8,-1
09,12,230,20,182,132,0,8,8
09,12,310,20,181,127,0,8,4
09,12,990,10,194,122,0,0,6
09,12,260,30,180,146,0,8,10
09,12,10,30,158,102,0,7,2
09,12,60,40,157,103,0,1,13
09,12,70,60,158,101,0,0,6
09,12,80,70,161,74,0,7,7
09,12,80,70,152,77,0,0,2
09,12,230,20,182,117,0,8,1
09,12,40,40,209,124,0,4,-6
09,12,50,70,193,120,0,0,12
09,12,110,60,195,139,0,4,16
09,12,230,20,218,151,0,7,-1
09,12,250,30,208,163,0,7,1
09,12,140,10,206,145,0,5,-4
09,12,10,20,184,148,0,7,10
09,12,360,30,184,112,0,6,-3
09,12,30,30,163,79,0,8,11
09,12,360,40,178,116,0,8,13
09,12,10,50,196,119,0,2,5
09,12,20,50,185,124,0,5,-1
09,12,100,30,177,130,0,7,17
09,12,70,50,207,147,0,2,-5
09,12,50,20,214,147,0,7,17
09,12,100,30,243,142,0,0,0
09,12,90,30,202,172,6,8,2
09,12,240,30,243,175,0,4,-1
09,12,230,30,228,176,0,5,3
09,12,340,50,144,134,19,8,19
09,12,320,70,163,78,0,6,-15
09,12,120,10,152,64,0,7,0
09,12,230,50,150,100,0,8,-14
09,12,240,50,169,88,0,5,-3
09,12,240,50,168,126,0,8,5
09,12,100,30,201,117,0,1,-3
09,12,210,20,215,150,0,4,10
09,12,230,60,199,146,0,8,-6
09,12,250,30,190,128,0,3,11
09,12,310,40,172,136,0,8,7
09,12,240,50,175,104,0,8,-23
09,12,240,40,168,111,0,1,6
09,12,230,70,156,85,0,8,8
09,12,270,50,150,96,-1,8,-11
09,12,300,40,132,80,-1,8,5
09,12,280,20,155,123,0,8,2
09,12,340,20,151,119,0,8,-1
09,12,80,50,187,97,0,1,-7
09,12,90,60,185,77,0,0,-5
09,12,70,30,187,99,0,1,4
09,12,200,50,186,145,-1,8,3
09,12,80,40,182,151,0,8,9
09,12,220,90,197,132,0,6,-34
09,12,210,110,163,75,0,4,2
09,12,170,50,177,162,14,8,6
09,12,220,110,164,121,-1,7,-2
09,12,210,80,172,106,0,7,5
09,12,270,20,141,125,0,8,17
09,12,280,30,156,89,0,8,4
09,12,200,40,176,93,0,4,-1
09,12,220,50,151,93,0,8,-9
09,12,250,50,126,116,1,8,1
09,12,220,90,177,93,0,3,-3
09,12,260,30,153,89,0,1,7
09,12,40,50,159,82,0,2,3
09,12,70,50,167,86,0,1,0
09,12,60,60,149,80,0,2,10
09,12,80,60,169,64,0,3,4
09,12,80,70,162,55,0,0,4
09,12,250,40,213,152,0,2,5
09,12,240,40,224,127,0,1,-2
09,12,250,30,223,147,0,2,6
09,12,240,60,207,157,0,6,-2
09,12,260,30,210,129,0,5,3
09,12,150,30,244,138,0,0,4
09,12,70,40,251,116,0,0,9
09,12,250,40,264,143,0,1,3
09,12,220,30,212,120,0,0,11
09,12,240,30,239,100,0,2,13
09,12,120,20,230,155,0,7,22
09,12,210,20,288,137,0,1,4
09,12,140,50,323,126,0,0,-3
09,12,990,10,304,153,0,4,5
09,12,200,20,282,162,0,2,-4
09,12,210,60,198,121,0,7,10
09,12,990,10,199,112,0,2,14
09,12,10,30,161,131,0,8,-1
09,12,20,40,182,76,0,8,0
09,12,70,20,188,98,0,8,-4
09,12,50,30,197,89,0,8,13
09,12,180,30,206,97,0,8,-1
09,12,230,30,205,123,0,6,2
09,12,190,40,237,94,0,1,0
09,12,210,60,253,110,0,0,4
09,12,200,20,183,78,0,4,-1
09,12,210,20,206,93,0,0,10
09,12,240,60,211,131,0,5,6
09,12,220,70,201,115,0,8,9
09,12,230,50,171,111,0,8,11
09,12,240,20,195,77,0,0,3
09,12,40,20,178,98,0,3,4
09,12,160,20,198,87,0,6,5
09,12,210,40,198,115,0,8,-2
09,12,240,30,225,161,0,8,11
09,12,270,50,170,95,0,8,12
09,12,240,40,172,98,0,7,3
09,12,210,80,155,141,1,8,-2
09,12,220,50,161,135,0,8,-18
09,12,220,70,171,107,0,7,-10
09,12,230,100,154,92,0,8,22
09,12,250,60,162,97,0,7,7
09,12,240,90,170,106,0,8,-19
09,12,240,80,141,90,2,5,-24
09,12,220,40,141,96,0,7,-7
09,12,250,30,148,77,0,8,4
09,12,220,20,154,92,0,7,-8
09,12,220,60,142,99,0,7,14
09,12,990,10,131,103,0,7,13
09,12,240,50,152,85,0,8,17
09,12,190,30,175,75,0,8,4
09,12,250,20,184,115,0,8,2
09,12,50,20,152,110,0,2,11
09,12,60,40,187,131,0,0,3
09,12,90,40,186,110,0,1,6
09,12,40,30,197,129,0,0,-1
09,12,100,20,205,128,0,7,4
09,12,200,40,211,155,0,8,2
09,12,190,30,232,170,0,8,-3
09,12,250,20,140,127,6,8,-22
09,12,30,30,197,61,0,0,11
09,12,50,60,223,88,0,2,12
09,12,340,30,200,133,0,8,5
09,12,350,30,239,159,0,5,1
09,12,30,20,251,157,0,7,1
09,12,270,30,195,164,0,8,7
09,12,270,50,164,91,0,7,19
09,12,220,60,186,86,0,7,12
09,12,220,50,244,111,0,8,-7
09,12,230,40,217,135,0,8,10
09,12,230,70,249,124,0,8,6
09,12,240,50,225,144,0,6,-10
09,12,10,20,157,130,0,8,13
09,12,240,40,189,62,0,0,8
09,12,240,50,205,92,0,6,-8
09,12,220,40,229,76,0,8,4
09,12,200,40,244,72,0,8,10
09,12,230,70,294,103,0,0,3
09,12,240,70,250,141,0,5,15
09,12,220,60,240,126,0,8,8
09,12,250,50,152,87,0,8,2
09,12,230,50,144,89,3,8,-23
09,12,350,70,114,112,53,8,-4
09,12,280,60,147,80,0,5,-47
09,12,60,20,128,59,0,3,14
09,12,200,30,176,42,0,1,7
09,12,200,30,210,78,0,0,13
09,12,30,70,126,92,0,8,0
09,12,80,40,137,27,0,8,9
09,12,990,10,160,53,0,0,5
09,12,290,30,182,106,0,8,1
09,12,280,40,193,72,0,4,8
09,12,260,40,188,122,0,8,-8
09,12,240,70,228,115,0,2,6
09,12,290,30,139,121,4,8,19
09,12,230,50,177,63,0,8,9
09,12,290,40,173,86,0,8,3
09,12,350,30,138,100,1,8,10
09,12,200,30,181,80,0,8,-3
09,12,990,10,196,66,0,2,4
09,12,220,50,160,129,1,8,-1
09,12,240,50,209,135,0,4,17
09,12,990,10,201,159,-1,8,9
09,12,40,30,213,103,0,0,3
09,12,260,30,225,98,0,8,12
09,12,260,30,202,90,0,8,1
09,12,320,30,177,87,0,8,1
09,12,320,30,158,59,0,8,13
09,12,30,40,154,48,0,6,9
09,12,80,50,188,32,0,3,10
09,12,90,50,247,42,0,0,8
09,12,160,30,261,127,0,7,10
09,12,250,30,179,125,0,8,2
09,12,170,60,183,117,-1,8,5
09,12,220,60,171,113,0,8,-1
09,12,200,60,164,160,7,8,15
09,12,240,50,185,110,0,4,5
09,12,220,70,167,118,-1,8,-14
09,12,210,90,150,131,-1,8,9
09,12,240,60,160,103,0,8,6
09,12,330,30,169,89,0,8,6
09,12,150,20,205,85,0,1,4
09,12,190,60,163,126,-1,8,23
09,12,260,30,176,168,5,8,6
09,12,270,40,189,90,0,3,10
09,12,270,30,192,72,0,1,-15
09,12,260,30,192,86,0,8,10
09,12,250,40,196,143,0,8,2
09,12,250,40,225,171,0,4,11
09,12,990,10,192,81,0,1,5
09,12,200,20,222,108,0,7,7
09,12,240,40,201,106,0,2,4
09,12,200,30,235,127,0,8,6
09,12,120,30,303,149,0,2,3
09,12,140,20,329,138,0,7,9
09,12,350,40,272,160,0,2,7
09,12,60,70,191,74,0,0,7
09,12,80,70,222,94,0,0,15
09,12,70,30,247,98,0,0,12
09,12,40,40,234,65,0,8,-6
09,12,30,20,228,75,0,0,10
09,12,300,10,238,81,0,0,-1
09,12,210,80,241,113,0,2,4
09,12,220,90,180,64,0,8,6
09,12,220,50,121,104,1,8,-1
09,12,320,30,130,80,0,8,1
09,12,40,60,119,91,0,8,3
09,12,180,50,102,91,11,8,1
09,12,230,40,170,101,0,0,12
09,12,170,30,178,140,1,8,13
09,12,120,67,272,108,0,1,10
09,12,270,31,258,143,0,0,8
09,12,50,36,270,102,0,0,15
09,12,50,46,273,121,0,0,7
09,12,20,36,219,122,0,6,2
09,12,30,57,172,55,0,7,1
09,12,20,36,169,98,-1,7,9
09,12,310,31,184,89,0,7,2
09,12,180,21,196,89,0,6,10
09,12,270,26,239,87,0,7,-5
09,12,20,51,160,124,0,8,0
09,12,100,51,177,36,0,3,-6
09,12,120,31,195,44,0,1,14
09,12,210,36,231,68,0,5,9
09,12,240,41,192,157,0,8,7
09,12,210,41,179,134,0,8,6
09,12,280,82,177,83,0,6,10
09,12,250,41,173,120,0,6,16
09,12,360,15,189,67,0,5,7
09,12,30,36,178,44,0,6,2
09,12,160,36,210,99,0,1,9
09,12,250,51,136,125,7,8,9
09,12,260,72,171,63,0,7,-4
09,12,240,72,199,106,0,7,2
09,12,120,15,155,149,1,8,5
09,12,320,36,163,132,0,8,-4
09,12,230,41,117,103,-1,8,-1
09,12,140,67,138,82,0,8,0
09,12,200,41,151,124,0,6,18
09,12,280,67,136,78,-1,6,-12
09,12,260,36,117,86,39,6,-36
09,12,200,93,135,114,2,8,0
09,12,260,62,158,99,0,7,4
09,12,270,87,141,72,-1,5,4
09,12,280,77,146,72,0,5,-2
09,12,200,51,168,57,0,2,4
09,12,260,46,169,110,-1,8,-13
09,12,240,51,157,75,0,6,-1
09,12,230,57,177,91,0,6,-8
09,12,120,26,193,80,0,6,4
09,12,210,77,223,125,0,6,-11
09,12,220,21,172,75,0,7,4
09,12,200,51,188,79,0,7,0
09,12,260,51,167,68,0,3,3
09,12,240,57,183,104,0,2,10
09,12,320,31,175,101,0,7,6
09,12,120,51,188,109,0,7,4
09,12,220,36,183,142,0,6,4
09,12,200,57,162,131,-1,8,-2
09,12,230,41,181,119,0,7,-5
09,12,100,41,203,128,0,6,0
09,12,180,15,199,145,0,7,-5
09,12,210,82,169,96,0,5,-1
09,12,190,82,159,86,-1,8,11
09,12,160,51,198,121,0,7,8
09,12,160,31,234,127,0,2,9
09,12,120,36,247,130,0,2,11
09,12,110,21,222,151,0,1,8
09,12,270,26,201,113,0,1,4
09,12,200,46,192,125,0,5,0
09,12,260,21,169,118,0,7,7
09,12,250,15,150,134,-1,8,1
09,12,330,62,160,114,0,6,-15
09,12,320,51,161,78,0,7,-27
09,12,20,21,172,84,0,2,-7
09,12,100,21,184,69,0,4,9
09,12,110,62,199,89,0,1,11
09,12,210,41,205,159,0,6,-20
09,12,180,36,211,156,0,7,-12
09,12,210,62,180,125,0,7,3
09,12,250,26,173,113,0,6,2
09,12,140,46,179,128,0,2,2
09,12,90,72,134,126,-1,8,1
09,12,120,41,144,130,-1,8,-3
09,12,200,57,162,112,0,5,0
09,12,240,51,121,113,12,8,4
09,12,80,51,120,102,0,7,0
09,12,80,57,150,58,0,2,1
09,12,130,36,174,108,0,2,7
09,12,170,41,233,159,0,7,11
09,12,230,51,192,125,0,6,-2
09,12,30,26,161,158,3,8,2
09,12,20,31,158,124,0,7,13
09,12,20,51,155,115,0,7,2
09,12,330,62,124,118,16,8,1
09,12,290,93,126,94,-1,7,0
09,12,210,51,115,107,-1,8,0
09,12,150,62,109,106,-1,8,19
09,12,140,31,151,99,0,1,6
09,12,180,62,135,105,0,7,17
09,12,200,62,188,141,-1,7,-1
09,12,300,51,174,141,0,6,10
09,12,270,67,194,109,0,7,-9
09,12,250,31,178,168,3,8,16
09,12,320,62,188,134,-1,3,3
09,12,140,46,171,63,0,8,-3
09,12,200,26,147,137,1,8,-1
09,12,160,67,189,129,0,6,0
09,12,220,82,152,112,-1,7,14
09,12,230,72,167,76,0,4,-24
09,12,190,31,132,123,12,8,3
09,12,210,62,201,155,0,5,-2
09,12,210,46,177,115,0,4,7
09,12,110,31,136,133,14,8,3
09,12,230,57,139,112,0,8,2
09,12,290,72,133,115,1,8,5
09,12,260,62,113,105,8,8,1
09,12,320,26,150,127,12,6,-5
09,12,250,15,140,119,-1,7,4
09,12,150,57,111,103,2,8,4
09,12,70,51,175,115,0,2,5
09,12,50,51,176,121,0,2,3
09,12,60,51,194,129,0,1,7
09,12,260,21,194,146,0,7,8
09,12,210,10,198,161,0,3,10
09,12,990,10,152,152,0,8,6
09,12,270,62,167,103,0,3,-2
09,12,290,36,160,118,0,7,2
09,12,270,36,154,122,0,8,4
09,12,280,21,168,102,0,4,1
09,12,340,57,208,88,0,2,2
09,12,260,31,189,126,0,8,1
09,12,250,46,164,113,-1,6,4
09,12,260,51,161,113,-1,6,23
09,12,200,72,192,113,0,6,-32
09,12,220,46,196,111,0,4,-3
09,12,160,62,169,149,2,8,14
09,12,250,51,165,165,12,8,-3
09,12,260,72,187,127,0,6,15
09,12,220,36,217,136,0,6,-14
09,12,220,67,197,143,0,3,-18
09,12,190,51,184,119,0,7,15
09,12,30,31,195,118,0,7,0
09,12,260,41,190,113,0,4,-2
09,12,260,36,151,115,-1,8,3
09,12,110,31,191,126,0,4,-12
09,12,110,31,186,141,0,6,-1
09,12,110,21,196,144,0,7,10
09,12,70,72,223,117,0,5,6
09,12,20,36,141,128,-1,7,19
09,12,990,10,157,125,-1,7,7
09,12,230,31,185,129,0,7,-10
09,12,340,15,163,140,0,8,-4
09,12,210,72,177,98,0,6,-7
09,12,310,36,168,111,0,5,6
09,12,220,62,142,142,2,8,4
09,12,250,62,158,118,0,6,-18
09,12,310,72,105,66,-1,6,4
09,12,280,77,146,67,0,3,-1
09,12,220,36,118,97,0,7,11
09,12,310,20,154,125,-1,7,10
09,12,40,30,189,99,0,5,-2
09,12,30,50,199,103,0,1,3
09,12,30,50,157,132,-1,7,5
09,12,60,70,209,92,0,1,3
09,12,330,40,192,99,0,3,-13
09,12,350,40,173,56,0,2,4
09,12,330,30,179,87,0,5,-2
09,12,20,40,187,113,-1,3,2
09,12,320,50,171,109,0,7,-22
09,12,990,10,147,103,1,8,-10
09,12,320,80,165,97,-1,5,-13
09,12,340,80,140,86,-1,7,12
09,12,340,40,165,114,0,7,2
09,12,20,30,167,101,0,7,-2
09,12,50,40,180,96,0,2,-5
09,12,100,80,165,55,0,1,2
09,12,80,100,146,74,0,5,-4
09,12,80,90,136,82,0,7,4
09,12,80,60,147,91,0,4,2
09,12,50,60,111,68,0,7,3
09,12,40,50,103,90,-1,8,-4
09,12,350,10,116,102,0,7,0
09,12,50,20,136,91,0,5,10
09,12,260,20,178,102,0,2,11
09,12,200,60,185,120,0,3,3
09,12,290,70,166,113,0,2,15
09,12,250,40,170,119,0,6,-1
09,12,220,70,156,125,-1,8,-2
09,12,250,30,170,143,0,8,0
09,12,240,30,218,137,0,6,3
09,12,60,10,203,137,0,6,-1
09,12,170,30,210,137,0,3,12
09,12,210,40,238,142,0,6,2
09,12,250,30,190,143,0,8,6
09,12,300,70,198,121,0,4,-9
09,12,310,60,167,140,-1,8,16
09,12,280,60,185,131,0,4,4
09,12,310,70,182,113,0,6,-6
09,12,340,30,171,85,0,6,-2
09,12,120,30,174,101,0,7,3
09,12,220,50,194,124,0,5,-6
09,12,290,90,150,55,0,4,0
09,12,270,50,175,70,0,3,-2
09,12,220,50,175,86,0,7,3
09,12,200,40,210,86,0,7,8
09,12,290,30,207,119,0,7,9
09,12,20,30,206,149,0,1,11
09,12,70,50,174,77,0,7,10
09,12,40,40,161,51,0,6,3
09,12,80,50,172,58,0,5,3
09,12,60,30,193,68,0,1,5
09,12,30,60,177,96,0,2,6
09,12,70,20,162,126,0,8,1
09,12,100,50,208,100,0,2,2
09,12,80,40,219,113,0,1,5
09,12,70,20,125,125,0,8,9
09,12,40,10,135,135,0,2,33
09,12,990,10,170,131,0,7,4
09,12,290,10,163,160,-1,8,0
09,12,110,40,160,131,1,8,9
09,12,130,20,204,172,0,8,2
09,12,160,30,204,197,1,8,4
09,12,210,20,199,154,0,6,-2
09,12,220,50,189,147,0,7,3
09,12,260,30,183,160,-1,8,3
09,12,180,60,207,167,0,7,-1
09,12,190,60,181,160,0,7,15
09,12,200,80,194,183,1,5,22
09,12,220,70,206,142,0,4,-1
09,12,220,50,173,109,-1,6,8
09,12,280,70,148,85,0,6,3
09,12,230,30,108,93,1,8,0
09,12,280,110,130,117,4,8,-5
09,12,260,70,156,98,0,5,-2
09,12,270,70,157,105,0,5,-14
09,12,310,80,142,123,-1,6,2
09,12,270,30,188,138,0,7,0
09,12,260,20,182,170,0,8,4
09,12,50,40,187,153,0,5,6
09,12,80,40,181,126,0,4,8
09,12,90,60,175,120,0,2,5
09,12,110,40,191,129,0,5,3
09,12,130,40,194,135,0,2,12
09,12,160,40,216,147,0,1,10
09,12,130,40,212,161,0,7,0
09,12,170,40,197,140,0,3,-7
09,12,200,10,195,152,0,7,6
09,12,160,30,174,151,0,6,0
09,12,130,50,145,144,4,8,11
09,12,260,20,198,161,0,7,-5
09,12,130,20,231,149,0,3,3
09,12,90,60,239,119,0,1,5
09,12,20,50,270,153,0,6,-14
09,12,120,30,262,151,0,1,9
09,12,260,30,256,148,0,5,4
09,12,250,30,206,165,0,6,9
09,12,210,30,232,167,0,7,2
09,12,300,30,251,162,0,7,-7
09,12,90,20,228,177,0,5,8
09,12,140,50,286,141,0,0,5
09,12,250,30,254,181,0,1,-3
09,12,310,50,241,177,0,7,-20
09,12,990,10,192,170,-1,8,1
09,12,250,20,204,176,0,8,-10
09,12,220,50,200,106,0,7,6
09,12,220,30,180,133,0,8,4
09,12,150,50,205,121,0,4,-4
09,12,140,60,218,132,0,7,7
09,12,150,40,174,144,-1,7,2
09,12,180,80,157,131,1,8,19
09,12,200,60,204,154,0,7,-2
09,12,230,50,226,142,0,5,-4
09,12,230,60,222,132,0,2,9
09,12,210,50,207,133,0,5,-2
09,12,220,60,180,108,0,5,1
09,12,190,70,155,145,14,8,8
09,12,250,50,175,118,0,7,3
09,12,220,60,192,142,0,7,0
09,12,230,50,176,127,0,7,-18
09,12,190,60,185,141,0,5,-3
09,12,300,60,171,138,17,6,-5
09,12,330,60,168,90,0,5,15
09,12,280,30,145,108,-1,7,13
09,12,240,40,183,131,0,3,-2
09,12,200,60,152,142,-1,8,7
09,12,290,60,173,111,0,7,-9
09,12,210,40,182,172,-1,8,5
09,12,250,30,201,173,0,8,3
09,12,260,20,247,186,0,4,-15
09,12,120,40,250,159,0,4,2
09,12,260,40,201,175,-1,8,-1
09,12,320,30,182,156,-1,7,2
09,12,260,20,204,121,0,4,10
09,12,160,50,211,153,0,7,7
09,12,240,50,158,145,1,8,-6
09,12,280,30,160,147,-1,8,3
09,12,190,60,198,130,0,7,4
09,12,130,50,212,141,0,4,2
09,12,990,10,158,121,0,7,2
09,12,350,30,193,120,0,4,5
09,12,170,50,201,143,0,3,9
09,12,120,50,208,138,0,5,-1
09,12,110,50,191,117,0,7,8
09,12,260,30,179,111,0,4,4
09,12,210,50,221,137,0,2,5
09,12,210,50,186,117,0,4,8
09,12,200,60,168,142,2,8,5
09,12,180,40,190,151,0,7,2
09,12,230,20,170,136,0,8,-5
09,12,330,50,184,119,0,4,11
09,12,220,30,162,152,-1,8,5
09,12,330,30,155,152,49,8,8
09,12,320,40,170,125,0,7,-24
09,12,310,70,174,81,0,5,4
09,12,10,50,182,154,0,7,-5
09,12,280,60,167,113,0,7,-6
09,12,310,90,157,77,0,5,-27
09,12,270,40,119,103,17,6,-15
09,12,290,70,130,112,13,7,13
09,12,260,60,156,118,-1,6,23
09,12,250,30,161,126,-1,7,1
09,12,270,50,163,106,-1,4,-27
09,12,270,30,133,116,1,7,22
09,12,260,60,161,86,0,6,-1
09,12,300,50,117,97,4,7,7
09,12,290,30,156,104,0,7,1
09,12,180,20,134,97,0,7,11
09,12,150,70,109,100,63,8,4
09,12,270,30,154,111,0,7,1
09,12,320,50,173,100,0,5,-13
09,12,290,60,154,91,0,7,-10
09,12,30,40,136,108,0,7,6
09,12,60,20,146,113,0,7,4
09,12,240,20,133,131,0,7,11
09,12,200,40,174,121,0,5,3
09,12,280,30,167,159,37,7,11
09,12,200,30,202,126,0,2,5
09,12,200,50,182,138,0,7,-4
09,12,190,50,184,133,0,5,7
09,12,20,50,204,88,0,,-4
09,12,70,70,212,124,0,5,10
09,12,100,60,228,97,0,2,-1
09,12,190,20,225,83,0,2,2
09,12,190,40,228,115,0,3,-6
09,12,210,60,202,150,0,7,3
09,12,210,80,214,141,0,,2
09,12,180,70,238,134,0,,8
09,12,170,40,223,159,0,7,0
09,12,80,10,190,124,0,7,-1
09,12,130,30,168,158,0,7,6
09,12,70,50,222,142,0,1,11
09,12,50,40,226,114,0,1,2
09,12,350,50,186,124,0,,9
09,12,70,30,202,77,0,,4
09,12,340,30,181,110,0,5,2
09,12,310,20,178,111,0,7,-6
09,12,50,20,171,99,0,7,2
09,12,70,30,174,96,0,7,0
09,12,350,30,187,77,0,7,0
09,12,310,30,162,111,0,,-9
09,12,330,40,161,128,11,,-5
09,12,30,80,164,66,0,2,-4
09,12,60,90,158,6,0,2,7
09,12,340,50,169,112,0,7,-3
09,12,300,30,150,119,0,5,-8
09,12,300,30,174,116,0,6,-3
09,12,310,20,175,109,0,,5
09,12,180,30,185,102,0,,11
09,12,150,30,187,75,0,3,4
09,12,280,50,169,120,-1,0,-2
09,12,360,20,184,89,0,8,3
09,12,20,30,187,89,0,3,4
09,12,70,30,215,108,0,4,1
09,12,110,50,239,109,0,1,2
09,12,210,40,190,152,-1,8,14
09,12,160,30,190,149,0,3,5
09,12,10,30,194,104,0,4,16
09,12,300,40,196,103,0,6,5
09,12,140,40,125,124,50,8,6
09,12,300,80,196,117,0,2,0
09,12,230,20,155,149,-1,8,5
09,12,60,30,190,89,0,1,8
09,12,140,40,204,90,0,2,5
09,12,190,20,227,114,0,1,7
09,12,270,20,235,138,0,1,1
09,12,160,40,239,118,0,1,10
09,12,200,50,274,130,0,1,6
09,12,220,20,236,154,0,1,11
09,12,990,10,259,161,0,1,16
09,12,170,30,238,157,0,1,12
09,12,220,60,253,144,0,1,-2
09,12,320,30,130,95,0,8,-2
09,12,60,10,149,43,0,3,-4
09,12,100,50,179,65,0,1,8
09,12,280,40,183,102,0,2,-7
09,12,90,10,167,88,0,3,13
09,12,70,20,131,125,17,8,7
09,12,990,10,129,113,12,8,17
09,12,130,30,176,95,0,2,1
09,12,280,20,189,109,0,7,9
09,12,120,50,231,89,0,0,8
09,12,240,30,251,143,0,2,8
09,12,270,20,262,135,0,0,6
09,12,110,20,276,145,0,0,4
09,12,60,60,267,118,0,0,5
09,12,50,60,251,153,0,0,8
09,12,70,40,217,115,0,0,3
09,12,110,80,230,80,0,1,8
09,12,150,60,256,127,0,5,0
09,12,220,50,219,153,0,5,0
09,12,250,70,174,66,0,6,10
09,12,210,90,191,117,0,7,2
09,12,210,80,189,91,0,4,7
09,12,280,60,136,114,2,8,-3
09,12,240,20,172,84,0,7,0
09,12,210,60,195,78,0,0,-1
09,12,200,60,219,89,-1,7,-2
09,12,270,60,170,75,0,1,9
09,12,220,60,140,112,2,8,5
09,12,270,70,153,93,-1,7,-11
09,12,250,60,116,110,25,8,2
09,12,310,80,134,124,3,8,2
09,12,310,50,144,98,3,5,-17
09,12,270,60,145,71,0,4,-7
09,12,290,50,168,117,0,7,10
09,12,300,60,181,139,0,8,5
09,12,270,30,172,144,0,8,4
09,12,340,40,157,96,0,8,6
09,12,130,30,140,98,0,8,-2
09,12,260,40,207,159,0,8,4
09,12,280,30,220,150,0,1,3
09,12,70,40,207,167,0,6,14
09,12,100,40,247,158,0,0,1
09,12,130,40,269,134,0,0,7
09,12,190,30,242,172,0,4,6
09,12,290,30,240,161,0,3,7
09,12,230,40,269,150,0,0,4
09,12,310,20,258,162,0,7,9
09,12,140,30,248,180,0,0,-3
09,12,40,30,219,181,0,8,-3
09,12,20,60,197,121,0,7,-7
09,12,150,30,198,116,0,2,10
09,12,250,30,172,163,2,8,-1
09,12,240,20,183,163,6,8,-11
09,12,350,70,163,78,0,0,-10
09,12,70,20,137,89,3,3,11
09,12,990,10,167,51,0,0,2
09,12,70,30,182,62,0,0,4
09,12,360,10,201,92,0,5,-2
09,12,90,30,197,83,0,0,10
09,12,150,30,214,87,0,0,0
09,12,200,60,214,113,0,0,5
09,12,320,10,172,140,0,8,13
09,12,220,40,196,110,0,1,-11
09,12,240,30,172,104,0,4,12
09,12,210,50,163,133,-1,8,-9
09,12,270,40,153,85,0,4,12
09,12,300,100,142,73,0,4,-5
09,12,210,60,151,106,0,8,-4
09,12,200,50,213,152,0,8,8
09,12,230,40,200,156,0,8,1
09,12,240,60,216,201,0,8,5
09,12,270,50,204,151,0,7,2
09,12,250,20,210,176,0,8,8
09,12,250,20,245,164,0,4,6
09,12,340,70,198,119,0,3,-3
09,12,20,30,193,84,0,2,7
09,12,100,60,200,90,0,0,11
09,12,90,30,219,122,0,0,11
09,12,140,20,262,168,0,0,2
09,12,140,30,278,192,0,0,7
09,12,220,50,266,169,0,0,6
09,12,140,40,265,164,0,3,12
09,12,70,70,272,113,0,0,5
09,12,990,10,254,163,0,1,12
09,12,310,50,199,163,0,7,2
09,12,240,30,197,155,0,8,7
09,12,230,40,159,142,0,8,22
09,12,200,60,208,107,0,0,11
09,12,140,60,241,148,0,0,8
09,12,170,70,256,126,0,0,-7
09,12,60,30,204,166,0,8,12
09,12,200,40,233,157,0,7,-4
09,12,200,70,207,152,0,7,-21
09,12,270,30,191,149,0,8,11
09,12,230,30,181,135,0,5,11
09,12,220,50,207,133,0,2,6
09,12,210,60,220,155,0,4,4
09,12,200,60,212,110,0,4,4
09,12,250,60,195,138,0,2,-2
09,12,270,50,201,140,0,4,-7
09,12,330,40,166,78,0,7,14
09,12,330,40,149,95,-1,8,20
09,12,210,20,138,133,1,8,-1
09,12,350,20,183,178,5,8,4
09,12,10,50,204,139,0,7,-12
09,12,330,30,195,136,0,7,-3
09,12,350,40,170,114,0,8,-11
09,12,310,60,152,145,8,8,14
09,12,350,60,177,111,0,6,0
09,12,10,30,175,108,0,8,5
09,12,90,30,180,130,0,5,0
09,12,250,50,196,127,0,7,2
09,12,180,20,178,108,0,5,1
09,12,220,40,199,139,0,3,12
09,12,260,20,152,140,0,8,3
09,12,350,70,146,72,1,3,-13
09,12,240,50,148,71,0,3,14
09,12,220,50,163,117,0,8,2
09,12,200,60,194,121,0,2,0
09,12,280,20,187,143,0,8,12
09,12,210,40,221,148,0,0,3
09,12,200,70,155,142,8,8,-21
09,12,240,60,156,82,0,3,4
09,12,360,30,118,88,3,8,3
09,12,30,80,160,100,0,5,-6
09,12,110,20,165,129,0,5,-1
09,12,260,30,140,130,0,8,0
09,12,310,20,155,106,0,5,4
09,12,250,50,194,105,0,2,-5
09,12,200,70,197,143,0,8,-5
09,12,200,70,169,121,0,8,-6
09,12,220,60,174,87,0,3,8
09,12,140,40,174,142,1,8,-3
09,12,200,80,184,117,0,7,2
09,12,200,70,152,141,3,8,8
09,12,250,30,173,109,0,8,-4
09,12,160,60,224,128,0,0,7
09,12,210,50,216,142,0,3,3
09,12,160,50,252,180,0,5,10
09,12,280,60,148,141,11,8,-2
09,12,70,60,134,123,-1,8,10
09,12,70,60,159,62,0,3,2
09,12,80,50,154,84,0,6,-8
09,12,70,40,163,94,0,4,-6
09,12,60,30,157,87,0,7,-2
09,12,110,50,148,44,0,2,2
09,12,10,30,158,69,0,7,1
09,12,80,40,165,79,0,2,1
09,12,30,30,171,91,0,1,6
09,12,30,50,158,82,0,8,0
09,12,40,40,145,110,0,8,4
09,12,70,40,149,112,0,8,5
09,12,80,40,158,87,0,5,2
09,12,60,40,175,101,0,1,2
09,12,90,20,182,85,0,0,7
09,12,260,30,172,117,0,1,-1
09,12,280,50,149,83,0,7,-9
09,12,240,40,127,121,25,8,5
09,12,200,30,176,163,7,8,-1
09,12,210,60,201,124,0,7,-1
09,12,250,70,187,110,0,6,-13
09,12,250,50,164,105,0,5,13
09,12,270,70,171,90,0,4,11
09,12,250,50,176,96,0,8,7
09,12,230,40,229,124,0,0,6
09,12,190,30,268,139,0,1,10
09,12,360,60,199,159,0,8,-2
09,12,20,60,191,118,0,8,1
09,12,30,60,183,103,0,6,-1
09,12,40,50,185,104,0,7,12
09,12,340,50,168,104,0,8,-5
09,12,40,70,176,110,0,8,8
09,12,70,50,162,140,0,8,0
09,12,40,70,181,141,0,8,4
09,12,60,60,183,85,0,0,8
09,12,60,40,203,112,0,0,11
09,12,100,20,237,167,0,3,0
09,12,340,30,205,157,0,7,16
09,12,330,30,200,87,0,4,2
09,12,250,60,203,123,0,0,7
09,12,250,30,177,145,0,8,-1
09,12,310,40,194,95,0,6,-2
09,12,310,10,180,91,0,8,5
09,12,990,10,193,95,0,2,1
09,12,40,20,199,106,0,5,7
09,12,270,40,192,126,0,8,-2
09,12,260,40,171,126,0,8,-4
09,12,280,30,172,146,0,8,9
09,12,50,20,168,81,0,1,12
09,12,50,20,168,104,0,7,8
09,12,10,30,174,109,0,8,4
09,12,20,40,171,93,0,5,11
09,12,110,40,186,63,0,0,6
09,12,130,70,203,75,0,0,6
09,12,120,30,138,124,0,8,1
09,12,160,50,192,161,0,8,10
09,12,30,20,156,141,42,8,11
09,12,250,30,183,141,-1,8,-13
09,12,220,60,223,141,0,1,1
09,12,220,20,158,150,0,8,12
09,12,260,40,178,86,0,8,8
09,12,230,60,179,137,-1,8,-9
09,12,260,60,160,60,0,2,3
09,12,260,50,146,111,1,8,-8
09,12,330,30,127,99,4,7,10
09,12,290,50,162,50,0,3,-13
09,12,230,60,157,102,0,7,5
09,12,230,40,174,110,0,8,8
09,12,210,20,183,152,0,4,13
09,12,190,30,219,128,0,3,7
09,12,240,10,210,132,0,2,3
09,12,270,20,171,129,-1,5,-7
09,12,300,80,135,79,0,7,-4
09,12,60,30,132,91,0,7,-2
09,12,260,10,114,99,1,8,-1
09,12,250,10,135,132,-1,8,4
09,12,110,20,143,90,0,7,2
09,12,210,30,142,135,6,8,2
09,12,50,30,186,84,0,0,4
09,12,180,30,243,161,0,1,8
09,12,190,30,276,171,0,1,7
09,12,260,30,207,156,0,7,1
09,12,220,30,177,129,16,2,2
09,12,210,70,157,129,5,8,3
09,12,250,50,151,119,-1,8,11
09,12,230,50,146,132,2,8,6
09,12,240,30,189,163,0,8,10
09,12,170,50,248,193,0,8,10
09,12,210,50,190,138,-1,8,-4
09,12,200,90,188,146,0,8,1
09,12,260,50,173,98,0,8,6
09,12,260,50,160,90,0,6,10
09,12,170,30,169,127,0,8,3
09,12,100,60,182,114,-1,8,9
09,12,210,60,174,121,0,8,-3
09,12,250,50,135,91,3,7,-16
09,12,300,50,157,101,0,8,4
09,12,210,60,191,119,0,8,4
09,12,230,50,180,106,0,7,5
09,12,280,30,168,115,-1,7,3
09,12,200,40,160,124,0,4,4
09,12,210,20,198,99,0,2,6
09,12,210,40,220,135,0,0,2
09,12,230,50,234,139,0,1,2
09,12,250,20,191,145,0,8,3
09,12,130,20,232,163,0,0,7
09,12,140,30,253,148,0,0,7
09,12,140,20,244,139,0,0,3
09,12,280,20,175,64,0,5,15
09,12,270,40,196,122,0,4,9
09,12,10,30,218,122,0,4,-2
09,12,250,20,235,132,0,0,8
09,12,360,60,200,101,0,7,-12
09,12,990,10,183,65,0,8,0
09,12,250,40,218,133,0,2,10
09,12,230,20,244,100,0,0,10
09,12,160,50,279,111,0,0,11
09,12,230,30,231,151,0,6,4
09,12,260,40,174,152,2,8,-13
09,12,280,60,157,54,0,5,2
09,12,10,40,164,87,0,8,4
09,12,240,50,158,130,0,8,9
09,12,270,40,176,95,0,7,4
09,12,250,30,195,128,0,7,7
09,12,200,40,181,131,0,8,5
09,12,270,70,140,108,2,8,27
09,12,270,70,126,52,0,4,28
09,12,220,40,149,80,0,7,12
09,12,260,10,157,63,0,6,5
09,12,350,40,147,48,0,2,6
09,12,80,50,135,62,0,8,-2
09,12,180,90,186,149,-1,8,-9
09,12,190,70,161,99,-1,7,-7
09,12,190,70,148,101,0,8,2
09,12,240,50,157,103,0,7,8
09,12,230,50,156,88,0,4,15
09,12,280,70,160,81,0,1,-2
09,12,230,50,162,63,0,0,5
09,12,280,70,179,69,0,7,-2
09,12,280,70,205,131,0,7,15
09,12,990,10,231,155,0,8,4
09,12,100,30,256,158,0,0,5
09,12,160,50,309,152,0,0,2
09,12,300,20,268,108,0,5,-47
09,12,200,40,198,105,0,8,-1
09,12,160,30,183,109,0,7,-2
09,12,230,50,172,85,0,8,0
09,12,270,30,133,117,33,7,11
09,12,300,70,184,125,-1,3,-4
09,12,280,40,184,136,0,8,-8
09,12,220,50,160,122,-1,8,-6
09,12,300,90,152,139,7,8,2
09,12,240,40,161,79,0,7,-5
09,12,270,50,128,78,8,6,11
09,12,300,40,109,83,0,8,24
09,12,250,20,135,102,0,7,-17
09,12,220,40,140,90,0,8,5
09,12,290,50,154,121,-1,8,11
09,12,200,40,169,98,0,6,0
09,12,260,30,179,158,0,8,6
09,12,990,10,207,130,0,7,-6
09,12,60,20,198,137,0,7,3
09,12,20,10,187,124,0,7,7
09,12,20,60,170,85,0,4,0
09,12,80,40,159,94,0,3,-1
09,12,90,70,176,68,0,0,4
09,12,100,70,177,75,0,0,3
09,12,100,60,157,70,0,0,5
09,12,270,20,194,112,0,1,13
09,12,30,40,209,121,0,2,7
09,12,80,60,202,112,0,3,15
09,12,100,40,224,142,0,4,0
09,12,990,10,207,158,0,8,10
09,12,290,20,205,171,0,8,1
09,12,990,10,200,134,0,7,6
09,12,10,20,195,110,0,5,9
09,12,350,20,147,124,-1,8,21
09,12,50,40,181,87,0,5,1
09,12,20,50,191,134,-1,6,16
09,12,20,60,204,125,0,2,13
09,12,40,50,207,131,0,3,12
09,12,70,40,188,131,0,8,7
09,12,60,40,226,140,0,1,2
09,12,120,20,224,167,0,7,6
09,12,100,40,246,145,0,0,3
09,12,140,40,245,163,0,1,-2
09,12,110,20,215,177,0,6,10
09,12,280,20,232,179,0,1,-3
09,12,360,60,190,96,0,3,-1
09,12,340,70,162,80,0,7,8
09,12,190,30,175,86,0,6,1
09,12,230,50,154,113,-1,8,1
09,12,250,50,171,101,0,5,-2
09,12,240,40,163,147,-1,8,11
09,12,150,20,166,158,0,8,18
09,12,120,30,212,132,0,0,3
09,12,200,50,184,149,-1,8,-8
09,12,240,30,195,146,0,6,0
09,12,340,50,191,130,1,5,-4
09,12,320,30,164,106,0,7,6
09,12,230,30,137,112,7,7,15
09,12,240,50,159,120,-1,7,-9
09,12,270,40,148,135,8,8,5
09,12,310,50,132,103,2,8,28
09,12,340,40,159,119,-1,8,5
09,12,10,30,175,116,0,8,-4
09,12,70,50,186,104,0,2,-2
09,12,90,60,194,98,0,2,2
09,12,130,40,189,96,0,0,4
09,12,180,60,204,133,0,8,3
09,12,90,30,183,124,0,6,9
09,12,190,70,194,137,0,7,-29
09,12,200,110,159,68,0,7,-12
09,12,170,60,191,166,0,8,-14
09,12,220,40,156,143,1,8,-9
09,12,210,60,172,111,0,7,8
09,12,30,40,169,134,0,8,10
09,12,280,50,179,99,0,3,8
09,12,200,50,174,107,0,3,8
09,12,210,20,160,102,0,8,-25
09,12,300,50,147,130,2,8,-3
09,12,210,50,153,120,-1,8,0
09,12,300,30,159,94,0,8,0
09,12,40,40,160,98,0,3,4
09,12,70,60,168,69,0,0,4
09,12,70,60,157,79,0,5,9
09,12,80,60,179,88,0,2,-9
09,12,80,80,177,67,0,0,-1
09,12,280,60,222,137,0,7,1
09,12,250,40,215,122,0,8,-2
09,12,210,40,220,152,0,6,2
09,12,270,70,203,122,0,7,-13
09,12,270,30,216,128,0,3,10
09,12,180,30,232,167,0,8,-2
09,12,110,40,261,122,0,0,7
09,12,220,40,275,144,0,0,3
09,12,220,30,217,118,0,0,9
09,12,210,60,253,112,0,8,4
09,12,130,30,208,165,0,8,-1
09,12,230,30,282,156,0,5,3
09,12,140,50,323,148,0,0,0
09,12,120,30,311,163,0,0,8
09,12,120,50,291,145,0,0,-3
09,12,200,60,199,141,0,8,8
09,12,120,10,197,137,0,3,7
09,12,20,50,191,130,0,8,4
09,12,10,30,186,108,0,8,-3
09,12,60,30,183,84,0,4,5
09,12,100,30,200,113,0,8,8
09,12,210,20,209,122,0,8,1
09,12,270,40,203,93,0,1,3
09,12,200,50,232,109,0,2,8
09,12,210,60,239,128,0,1,-3
09,12,280,20,177,119,0,8,0
09,12,200,40,198,85,0,0,7
09,12,230,60,220,122,0,8,5
09,12,220,60,177,133,0,8,0
09,12,230,50,169,93,0,7,10
09,12,990,10,199,110,0,7,-9
09,12,310,50,145,102,3,8,26
09,12,170,40,186,100,0,6,15
09,12,170,30,202,122,0,8,4
09,12,200,40,218,176,0,8,3
09,12,270,50,186,103,0,6,2
09,12,250,50,177,106,0,7,8
09,12,210,60,160,145,3,8,2
09,12,240,40,173,108,0,5,-30
09,12,200,80,171,114,0,6,-9
09,12,220,70,174,96,0,7,-9
09,12,240,60,162,106,-1,3,14
09,12,250,90,171,83,0,4,-3
09,12,260,80,120,95,5,8,-9
09,12,250,40,151,104,5,2,-9
09,12,270,30,146,102,0,8,-5
09,12,200,30,163,83,0,7,0
09,12,230,60,155,103,0,7,0
09,12,360,20,164,92,0,6,11
09,12,230,20,160,99,0,7,12
09,12,180,50,180,101,0,8,6
09,12,240,30,179,133,0,8,-1
09,12,10,20,176,88,0,0,2
09,12,90,20,193,116,0,4,2
09,12,90,30,167,127,0,3,15
09,12,30,40,159,131,0,7,13
09,12,120,30,204,135,0,6,5
09,12,180,50,200,154,0,8,5
09,12,160,40,232,172,0,8,2
09,12,250,20,141,120,4,8,-2
09,12,90,30,208,66,0,2,3
09,12,80,50,219,88,0,8,17
09,12,330,30,205,151,0,8,4
09,12,30,20,244,170,0,1,5
09,12,20,60,235,166,0,2,2
09,12,300,50,193,167,-1,8,8
09,12,280,70,176,76,0,5,-8
09,12,260,40,189,92,0,8,-3
09,12,190,60,230,109,0,8,10
09,12,250,40,205,136,0,8,10
09,12,240,60,243,133,0,1,6
09,12,10,40,168,134,0,8,-16
09,12,340,30,189,79,0,2,2
09,12,250,40,183,77,0,8,2
09,12,250,40,178,97,0,8,8
09,12,210,40,221,95,0,8,1
09,12,200,40,242,84,0,8,9
09,12,230,50,259,131,0,0,5
09,12,210,60,238,124,0,1,6
09,12,200,70,228,133,0,8,14
09,12,270,90,152,68,0,5,13
09,12,230,50,157,80,0,8,-4
09,12,10,50,107,102,31,8,3
09,12,300,40,128,96,7,6,24
09,12,360,10,146,52,0,4,1
09,12,250,40,181,53,0,7,5
09,12,210,40,206,58,0,0,12
09,12,30,60,165,56,0,8,-3
09,12,80,20,146,36,0,8,5
09,12,260,20,176,68,0,7,-2
09,12,260,40,185,82,0,4,14
09,12,260,40,189,75,0,1,14
09,12,220,30,192,124,0,7,1
09,12,230,50,186,126,-1,8,-24
09,12,320,70,163,96,0,7,-14
09,12,220,50,183,74,0,8,3
09,12,310,60,173,113,0,8,-2
09,12,310,40,173,86,0,4,5
09,12,210,30,173,64,0,7,7
09,12,300,40,196,76,0,2,5
09,12,200,50,164,138,1,8,-2
09,12,260,50,212,142,0,5,-3
09,12,10,40,219,127,0,7,-4
09,12,60,30,206,79,0,0,5
09,12,260,50,230,87,0,0,6
09,12,360,40,162,142,0,8,0
09,12,270,50,185,95,0,7,-7
09,12,280,50,172,66,0,7,-13
09,12,20,20,168,82,0,7,0
09,12,80,40,188,47,0,8,-1
09,12,120,50,232,42,0,0,11
09,12,180,70,258,132,0,1,10
09,12,220,40,177,132,-1,8,-15
09,12,160,60,177,130,-1,8,-8
09,12,200,60,170,124,0,8,-1
09,12,200,50,174,167,0,8,9
09,12,210,60,187,122,0,8,-3
09,12,220,80,170,128,0,8,-2
09,12,200,80,161,136,-1,8,-3
09,12,270,50,165,99,0,8,4
09,12,20,30,172,86,0,8,5
09,12,310,20,212,98,0,6,0
09,12,200,50,180,143,0,8,19
09,12,270,40,207,125,0,8,-4
09,12,280,50,190,97,0,6,6
09,12,290,50,164,81,0,8,16
09,12,230,40,211,103,0,6,3
09,12,210,40,183,154,0,8,4
09,12,260,50,237,132,0,6,-6
09,12,360,20,187,74,0,7,3
09,12,240,30,204,102,0,7,4
09,12,260,40,195,115,0,8,7
09,12,240,40,222,131,0,0,8
09,12,150,20,292,133,0,0,9
09,12,170,40,336,137,0,8,11
09,12,330,50,239,163,0,8,2
09,12,60,60,193,59,0,0,5
09,12,80,70,218,75,0,0,13
09,12,100,50,235,80,0,0,12
09,12,30,50,231,52,0,1,9
09,12,50,20,233,88,0,0,14
09,12,300,30,237,73,0,0,9
09,12,220,60,221,123,0,8,3
09,12,200,80,170,78,0,8,15
09,12,230,50,110,79,2,7,17
09,12,300,40,155,90,0,8,11
09,12,50,40,134,107,0,8,-1
09,12,170,40,129,125,-1,8,0
09,12,230,30,186,94,0,6,6
09,12,170,50,187,144,0,8,-11
09,12,110,62,283,118,0,0,-1
09,12,360,21,269,150,0,0,3
09,12,50,36,275,115,0,0,10
09,12,50,51,275,115,0,0,8
09,12,360,41,223,128,0,6,1
09,12,360,41,160,70,0,7,3
09,12,340,41,169,101,0,7,14
09,12,320,36,194,93,0,7,1
09,12,230,26,207,87,0,4,6
09,12,250,36,240,92,0,5,4
09,12,20,41,192,117,0,7,-7
09,12,80,36,177,43,0,2,1
09,12,90,31,209,57,0,1,1
09,12,190,41,237,82,0,2,4
09,12,220,57,198,166,0,8,7
09,12,200,51,194,140,-1,8,9
09,12,270,72,183,91,0,7,9
09,12,220,62,193,113,0,6,-1
09,12,10,36,185,64,0,6,5
09,12,20,41,185,57,0,4,0
09,12,160,36,216,107,0,1,9
09,12,260,51,145,140,22,8,-8
09,12,260,77,175,78,0,7,1
09,12,240,103,217,111,0,7,-8
09,12,170,26,178,170,9,8,6
09,12,240,36,165,136,0,8,5
09,12,230,51,118,105,2,8,0
09,12,120,57,143,91,0,8,-2
09,12,220,57,170,111,0,4,3
09,12,250,57,142,117,2,6,-8
09,12,280,41,124,51,-1,7,6
09,12,190,82,127,101,9,8,11
09,12,240,72,150,118,-1,8,15
09,12,330,62,102,83,31,7,7
09,12,280,51,129,88,10,7,19
09,12,220,51,169,58,0,2,7
09,12,240,41,166,111,1,7,5
09,12,230,57,150,78,0,6,-1
09,12,240,46,174,91,0,3,4
09,12,110,36,194,81,0,5,3
09,12,210,72,228,124,0,3,-6
09,12,220,15,166,70,0,7,9
09,12,200,41,196,89,0,7,-6
09,12,280,57,166,93,0,5,4
09,12,250,72,190,106,0,3,7
09,12,280,31,179,100,0,6,1
09,12,120,51,192,113,0,7,5
09,12,240,46,194,146,0,8,3
09,12,220,41,179,132,0,7,-11
09,12,220,46,185,120,0,7,-1
09,12,120,31,205,139,0,5,10
09,12,210,31,214,153,0,7,-2
09,12,200,77,175,104,0,4,5
09,12,190,62,173,95,-1,7,6
09,12,160,41,206,123,0,6,12
09,12,140,26,239,137,0,2,8
09,12,120,26,246,129,0,2,16
09,12,160,10,229,152,0,2,6
09,12,270,15,202,127,0,3,10
09,12,240,26,189,133,0,4,10
09,12,260,21,162,120,0,7,2
09,12,260,26,162,120,0,8,-6
09,12,320,41,151,131,1,7,5
09,12,330,36,169,98,-1,4,-7
09,12,350,36,166,78,0,3,9
09,12,140,21,186,58,0,4,2
09,12,100,46,201,88,0,2,8
09,12,200,31,198,164,0,6,10
09,12,180,36,209,159,0,7,0
09,12,210,62,184,135,0,7,7
09,12,210,36,173,113,0,6,-9
09,12,150,46,171,130,0,3,11
09,12,90,31,137,132,8,8,2
09,12,130,46,153,128,-1,7,-15
09,12,230,46,154,120,0,7,8
09,12,240,77,121,115,18,8,3
09,12,70,41,121,108,0,8,2
09,12,80,41,148,61,0,2,2
09,12,120,41,173,111,0,1,11
09,12,130,26,232,165,0,7,10
09,12,260,57,192,142,0,7,17
09,12,30,31,159,159,10,8,1
09,12,40,36,155,124,0,8,7
09,12,10,46,142,124,0,8,7
09,12,330,72,125,120,6,8,-1
09,12,280,62,121,91,0,7,14
09,12,210,82,111,105,2,8,0
09,12,170,87,121,95,0,7,13
09,12,150,21,157,107,0,1,5
09,12,180,31,135,107,0,7,13
09,12,190,62,198,142,0,6,-1
09,12,300,41,156,141,0,8,19
09,12,280,67,185,123,0,8,10
09,12,220,67,191,167,0,7,7
09,12,280,72,171,132,-1,7,14
09,12,130,41,166,88,0,8,3
09,12,190,31,151,146,-1,8,-1
09,12,180,57,184,135,0,7,-6
09,12,220,103,154,116,0,7,9
09,12,240,93,176,95,0,5,-55
09,12,180,26,134,126,6,7,13
09,12,220,67,193,162,2,2,15
09,12,220,57,185,120,0,5,-12
09,12,90,15,139,139,29,8,3
09,12,220,82,140,117,0,8,-4
09,12,260,67,139,121,17,8,-7
09,12,240,82,107,105,4,8,3
09,12,80,10,146,116,-1,5,-9
09,12,160,26,150,112,0,6,3
09,12,150,57,118,113,5,8,4
09,12,70,57,169,116,0,5,5
09,12,60,51,175,113,0,1,7
09,12,80,41,200,130,0,1,6
09,12,240,36,193,150,0,7,12
09,12,160,26,201,159,0,4,12
09,12,360,15,151,151,0,8,15
09,12,280,62,175,115,0,6,-7
09,12,280,21,163,128,0,7,4
09,12,270,36,161,128,0,7,-1
09,12,990,10,176,112,0,3,-1
09,12,350,67,204,81,0,2,5
09,12,260,36,183,116,0,7,6
09,12,240,31,174,98,0,5,-19
09,12,260,62,169,110,-1,7,-11
09,12,220,67,195,110,0,6,-2
09,12,220,67,204,99,0,6,-14
09,12,180,46,170,152,7,8,5
09,12,220,72,165,163,24,8,3
09,12,260,87,187,125,-1,7,10
09,12,180,46,209,136,0,6,-8
09,12,230,98,208,142,0,4,-24
09,12,180,31,186,124,0,6,14
09,12,340,21,190,130,0,7,1
09,12,260,51,177,115,0,2,14
09,12,240,46,170,129,0,8,-26
09,12,130,36,188,134,0,4,-10
09,12,180,26,193,132,0,5,4
09,12,110,31,209,136,0,7,-6
09,12,60,67,216,107,0,5,4
09,12,350,67,156,118,0,7,8
09,12,310,31,176,109,0,7,-5
09,12,170,10,174,139,0,7,11
09,12,260,21,149,144,4,8,-2
09,12,220,67,175,106,0,3,1
09,12,290,26,165,116,0,5,5
09,12,220,77,142,137,-1,8,3
09,12,250,62,149,126,0,7,5
09,12,340,36,99,73,4,3,4
09,12,270,77,145,56,0,2,-4
09,12,220,51,110,96,0,6,0
09,12,300,30,152,121,-1,6,0
09,12,40,20,176,102,0,2,4
09,12,40,50,189,91,0,1,6
09,12,360,70,176,139,0,7,-16
09,12,20,80,201,88,0,1,5
09,12,350,40,184,97,0,3,2
09,12,30,50,168,54,0,3,7
09,12,330,30,165,94,0,4,2
09,12,10,40,184,124,0,4,10
09,12,280,40,161,121,0,7,-1
09,12,300,20,148,78,0,8,-11
09,12,330,70,144,94,-1,7,10
09,12,330,80,145,85,0,7,4
09,12,330,50,153,121,0,7,22
09,12,350,30,160,107,0,7,2
09,12,50,40,167,79,0,1,6
09,12,70,80,158,42,0,1,2
09,12,80,70,138,71,0,6,0
09,12,60,80,136,87,0,6,8
09,12,110,40,147,91,0,6,-6
09,12,50,50,105,68,0,8,-1
09,12,40,50,97,92,1,8,0
09,12,320,20,111,103,0,8,5
09,12,990,10,130,104,0,7,8
09,12,990,10,174,98,0,2,13
09,12,220,60,190,116,0,2,8
09,12,260,70,184,126,-1,3,-2
09,12,230,60,151,124,0,8,14
09,12,220,100,157,130,0,8,-4
09,12,230,60,167,154,-1,7,-3
09,12,250,30,229,160,0,5,-4
09,12,350,10,195,136,0,3,17
09,12,160,20,208,133,0,3,10
09,12,210,40,229,162,0,6,13
09,12,260,20,195,143,0,7,-1
09,12,250,50,187,122,0,6,13
09,12,280,40,153,153,9,7,8
09,12,280,70,198,140,0,5,0
09,12,300,60,176,109,0,7,2
09,12,340,30,166,83,0,5,-2
09,12,130,40,176,100,0,7,7
09,12,240,70,190,120,0,6,-1
09,12,290,60,158,70,0,5,-6
09,12,260,50,172,78,0,4,-1
09,12,230,50,190,86,0,7,-1
09,12,210,30,215,81,0,5,10
09,12,260,40,216,113,0,7,2
09,12,310,20,219,160,0,2,3
09,12,50,50,178,86,0,7,9
09,12,80,30,164,54,0,4,5
09,12,70,40,172,61,0,5,3
09,12,70,30,195,63,0,1,6
09,12,40,50,182,93,0,2,4
09,12,70,20,160,122,0,8,2
09,12,90,40,197,107,0,2,11
09,12,50,50,215,118,0,1,13
09,12,70,20,123,120,0,8,5
09,12,300,10,126,124,0,5,23
09,12,260,10,172,139,0,7,7
09,12,260,20,169,147,0,8,-9
09,12,120,40,167,122,-1,8,3
09,12,0,0,207,171,0,8,1
09,12,180,40,201,196,6,8,12
09,12,190,30,200,162,0,5,-1
09,12,210,60,191,146,0,7,3
09,12,230,40,173,159,0,7,-8
09,12,180,50,209,156,0,6,-8
09,12,200,70,183,150,-1,7,3
09,12,190,70,183,173,-1,7,20
09,12,220,100,212,146,0,4,-1
09,12,210,90,189,106,0,5,-10
09,12,250,30,140,113,-1,7,10
09,12,220,60,117,86,-1,7,1
09,12,300,60,130,125,18,8,-4
09,12,260,80,156,90,0,6,7
09,12,270,70,144,94,-1,7,0
09,12,320,80,158,123,2,6,1
09,12,210,30,173,113,0,5,1
09,12,260,30,166,153,0,8,9
09,12,60,30,185,149,0,7,-1
09,12,70,30,195,117,0,3,5
09,12,80,40,185,120,0,2,-1
09,12,90,40,188,115,0,5,8
09,12,110,40,194,128,0,2,14
09,12,120,30,227,131,0,1,1
09,12,150,60,215,155,0,5,3
09,12,150,30,193,141,0,3,-2
09,12,990,10,186,146,0,7,10
09,12,160,20,168,152,0,7,17
09,12,140,70,144,141,14,8,11
09,12,280,20,191,152,0,8,9
09,12,80,30,220,152,0,5,5
09,12,60,50,232,121,0,1,11
09,12,50,30,247,160,0,7,12
09,12,120,40,262,137,0,0,7
09,12,220,40,251,143,0,5,-2
09,12,240,30,207,166,0,7,16
09,12,200,30,235,161,0,7,6
09,12,290,20,252,156,0,7,3
09,12,70,30,230,176,0,2,18
09,12,150,60,288,123,0,0,3
09,12,210,30,274,172,0,2,7
09,12,280,30,263,177,0,3,-1
09,12,70,20,199,171,0,8,18
09,12,260,20,205,182,0,8,-8
09,12,210,60,196,102,0,3,6
09,12,210,40,178,137,0,7,3
09,12,140,40,195,118,0,3,6
09,12,150,50,219,141,0,5,8
09,12,160,40,171,148,1,7,3
09,12,180,60,164,132,-1,7,16
09,12,200,50,203,155,0,7,-4
09,12,210,90,219,135,0,4,2
09,12,220,80,223,136,0,2,10
09,12,210,70,212,119,0,6,6
09,12,220,80,184,115,0,5,5
09,12,200,40,164,148,7,7,-2
09,12,240,90,175,118,0,6,18
09,12,210,70,187,148,0,7,3
09,12,210,40,163,147,0,7,9
09,12,200,40,147,140,4,7,14
09,12,290,40,177,139,-1,7,-29
09,12,290,60,175,87,0,6,-2
09,12,310,40,164,103,0,7,-2
09,12,250,60,186,124,0,5,-5
09,12,210,50,145,139,7,7,6
09,12,280,50,177,109,0,7,-5
09,12,220,60,191,165,-1,8,0
09,12,240,50,217,171,0,7,2
09,12,200,20,245,146,0,5,-5
09,12,110,40,246,151,0,2,5
09,12,250,40,237,183,0,7,-15
09,12,230,60,196,152,0,7,1
09,12,200,20,202,147,0,5,0
09,12,150,40,204,153,0,7,20
09,12,200,40,146,137,2,8,1
09,12,300,40,157,153,22,8,2
09,12,200,70,197,121,0,6,-2
09,12,110,50,209,126,0,3,1
09,12,280,20,156,131,0,7,-3
09,12,310,20,180,120,0,4,9
09,12,170,40,197,143,0,3,13
09,12,120,50,198,121,0,7,0
09,12,120,40,190,109,0,7,5
09,12,220,50,195,114,0,3,-9
09,12,230,40,223,137,0,3,10
09,12,210,50,193,121,0,4,-5
09,12,200,60,180,140,-1,8,2
09,12,180,40,203,150,0,7,-2
09,12,230,40,171,136,0,7,4
09,12,310,60,203,122,0,4,-9
09,12,210,50,160,153,4,8,0
09,12,220,60,177,151,0,8,-10
09,12,320,40,154,124,12,6,17
09,12,290,50,170,99,0,5,9
09,12,10,40,173,148,0,7,0
09,12,260,60,159,122,0,8,6
09,12,290,50,168,85,-1,6,-28
09,12,260,40,107,94,45,6,0
09,12,280,70,135,109,24,5,16
09,12,250,80,164,114,0,6,-22
09,12,250,30,170,130,0,6,-11
09,12,250,60,158,84,0,4,16
09,12,270,40,154,103,-1,7,-18
09,12,270,50,165,101,0,3,3
09,12,290,50,148,90,0,6,-8
09,12,280,40,148,98,0,7,4
09,12,270,10,144,97,0,7,6
09,12,150,70,115,100,17,8,2
09,12,270,30,141,117,0,8,7
09,12,310,40,163,107,0,5,-10
09,12,260,50,165,102,0,6,-12
09,12,40,40,143,120,0,8,-3
09,12,60,30,148,112,0,8,3
09,12,990,10,150,146,0,5,18
09,12,200,50,170,116,0,4,6
09,12,240,40,167,156,24,7,3
09,12,210,40,207,135,0,3,-1
09,12,180,50,191,140,0,7,-6
09,12,200,40,180,139,0,4,12
09,12,50,30,191,78,0,6,15
09,12,70,60,212,107,0,4,11
09,12,100,50,220,101,0,3,-7
09,12,230,20,217,134,0,6,10
09,12,230,20,223,115,0,4,4
09,12,210,60,198,147,0,7,7
09,12,200,60,207,142,0,7,13
09,12,170,70,243,123,0,3,9
09,12,190,50,228,151,0,7,2
09,12,40,20,187,122,0,7,8
09,12,990,10,154,148,0,8,5
09,12,60,50,217,148,0,1,11
09,12,40,50,223,122,0,1,2
09,12,320,60,191,128,0,7,-5
09,12,20,30,202,74,0,2,3
09,12,340,30,173,121,0,7,7
09,12,290,10,182,98,0,7,-2
09,12,100,20,176,110,0,7,-6
09,12,20,40,172,113,0,6,4
09,12,330,40,188,91,0,7,-9
09,12,340,30,165,113,0,7,1
09,12,320,40,151,124,1,3,8
09,12,40,70,163,62,0,3,-15
09,12,70,70,150,32,0,1,7
09,12,340,60,166,109,0,7,3
09,12,260,30,135,113,0,7,10
09,12,340,20,169,114,0,7,1
09,12,990,10,166,95,0,7,5
09,12,150,20,187,100,0,2,0
09,12,150,30,187,79,0,2,2
09,12,300,50,158,101,-1,6,14
09,12,20,40,178,77,0,7,6
09,12,30,20,195,72,0,6,9
09,12,110,20,215,89,0,2,2
09,12,130,40,236,84,0,3,14
09,12,200,50,190,146,-1,8,15
09,12,140,10,196,127,0,6,3
09,12,300,30,191,100,0,3,5
09,12,280,30,213,80,0,5,-15
09,12,140,40,125,121,51,8,4
09,12,300,70,187,107,0,5,-6
09,12,200,10,152,141,2,8,5
09,12,20,40,186,98,0,2,7
09,12,100,30,202,85,0,1,6
09,12,180,20,230,104,0,6,3
09,12,990,10,230,106,0,7,7
09,12,240,20,244,126,0,4,4
09,12,220,60,269,107,0,4,7
09,12,230,20,248,146,0,0,17
09,12,160,20,268,144,0,0,16
09,12,190,20,240,148,0,1,17
09,12,230,90,253,134,0,2,5
09,12,290,30,135,97,1,7,1
09,12,50,20,148,25,0,3,4
09,12,100,40,183,48,0,3,3
09,12,230,40,189,87,0,6,-7
09,12,190,20,180,86,0,5,-11
09,12,990,10,167,111,0,7,3
09,12,300,30,130,106,-1,6,-17
09,12,100,20,178,76,0,7,-1
09,12,200,40,204,119,0,3,0
09,12,100,40,228,98,0,7,1
09,12,230,20,250,157,0,3,2
09,12,270,20,258,173,0,5,0
09,12,60,40,266,156,0,6,6
09,12,60,50,260,149,0,1,2
09,12,40,70,242,164,0,1,9
09,12,30,50,202,116,0,4,15
09,12,80,60,226,80,0,5,2
09,12,140,60,247,118,0,3,9
09,12,230,60,214,152,0,6,13
09,12,240,80,176,69,0,5,17
09,12,200,90,191,117,0,7,18
09,12,210,80,191,108,0,4,-10
09,12,270,50,148,117,2,7,0
09,12,190,40,176,80,0,4,-9
09,12,180,70,193,76,0,4,9
09,12,200,70,232,88,0,5,-5
09,12,290,60,171,103,0,5,6
09,12,210,90,155,95,0,7,-14
09,12,270,90,159,92,1,4,2
09,12,240,70,121,105,6,8,-2
09,12,300,60,136,122,6,8,-3
09,12,260,70,141,88,-1,6,-15
09,12,290,50,145,77,0,7,-2
09,12,280,40,170,116,0,4,-4
09,12,260,50,186,151,0,6,2
09,12,240,50,182,139,0,7,-5
09,12,320,50,157,106,0,7,0
09,12,130,30,141,82,0,8,5
09,12,250,50,224,163,0,,-1
09,12,270,30,231,136,0,,8
09,12,60,40,226,174,0,,5
09,12,70,50,246,153,0,,12
09,12,120,50,267,134,0,,14
09,12,200,30,250,176,0,,5
09,12,290,40,251,180,0,,4
09,12,200,50,277,167,0,,9
09,12,280,30,267,167,0,,8
09,12,110,20,238,185,0,,14
09,12,40,30,208,186,0,,5
09,12,10,50,191,151,0,,2
09,12,990,10,207,126,0,,6
09,12,240,50,170,159,-1,,-2
09,12,230,40,188,169,3,,-13
09,12,330,50,133,99,-1,,8
09,12,340,40,131,77,0,,27
09,12,180,20,165,49,0,,13
09,12,90,20,184,59,0,,2
09,12,280,20,192,80,0,,3
09,12,70,30,199,93,0,,10
09,12,110,20,212,78,0,,11
09,12,200,40,222,122,0,,4
09,12,230,20,193,92,0,,11
09,12,240,50,212,137,0,,-8
09,12,250,70,191,109,0,,-5
09,12,220,50,180,132,0,,-5
09,12,250,60,162,96,0,,1
09,12,280,70,152,83,0,,9
09,12,210,70,151,108,0,,0
09,12,200,30,217,156,0,,11
09,12,230,80,209,147,0,,-5
09,12,230,90,210,197,1,,4
09,12,260,60,211,159,0,,0
09,12,250,40,206,180,0,,10
09,12,280,30,243,182,0,,11
09,12,330,70,189,137,0,,4
09,12,340,20,191,104,0,,-13
09,12,90,50,196,101,0,,5
09,12,110,30,222,127,0,,8
09,12,130,30,257,166,0,,7
09,12,180,30,281,177,0,,10
09,12,210,40,279,173,0,,0
09,12,120,40,266,164,0,,4
09,12,60,60,266,127,0,,-1
09,12,80,20,257,166,0,,8
09,12,280,40,197,162,0,,5
09,12,170,30,179,168,0,,5
09,12,220,40,156,147,5,,3
09,12,210,50,206,89,0,,10
09,12,120,50,240,130,0,,10
09,12,170,60,254,130,0,,-2
09,12,50,40,230,163,0,,-2
09,12,160,50,238,152,0,,1
09,12,190,70,211,157,0,,-20
09,12,250,40,184,152,0,,4
09,12,210,30,183,133,0,,10
09,12,220,60,206,137,0,,12
09,12,190,60,216,153,0,,4
09,12,170,50,208,113,0,,12
09,12,260,40,197,138,-1,2,5
09,12,260,50,183,119,0,8,10
09,12,350,40,173,95,0,3,11
09,12,340,60,115,85,1,8,43
09,12,240,30,146,101,-1,8,-16
09,12,340,40,191,156,0,8,2
09,12,360,30,187,128,0,8,4
09,12,340,40,188,125,0,7,2
09,12,310,50,166,103,0,8,12
09,12,280,50,172,151,-1,7,-11
09,12,350,60,173,95,0,7,3
09,12,990,10,178,98,0,8,3
09,12,70,30,177,107,0,8,-2
09,12,250,50,198,108,0,8,12
09,12,200,20,180,97,0,4,-6
09,12,230,70,210,130,0,2,5
09,12,270,20,140,131,8,8,11
09,12,350,80,132,59,0,6,20
09,12,250,70,151,67,0,8,14
09,12,210,80,173,109,-1,8,3
09,12,210,50,206,117,0,7,-3
09,12,230,40,204,115,0,2,7
09,12,200,60,224,130,0,0,-2
09,12,220,80,168,148,5,8,-10
09,12,230,80,169,87,0,4,2
09,12,350,50,115,82,1,8,4
09,12,20,90,155,96,0,7,-4
09,12,70,40,151,115,0,8,3
09,12,250,40,137,129,-1,8,0
09,12,270,30,164,87,0,1,7
09,12,240,70,199,108,0,4,2
09,12,190,80,204,139,0,7,5
09,12,200,60,164,122,0,8,0
09,12,220,90,187,89,0,7,-2
09,12,140,50,187,145,-1,8,-11
09,12,210,80,184,115,0,6,9
09,12,190,60,155,139,2,8,2
09,12,240,60,180,109,0,5,18
09,12,160,40,231,126,0,0,5
09,12,200,50,230,149,0,4,7
09,12,150,50,266,174,0,0,0
09,12,280,40,147,142,20,8,-3
09,12,70,50,138,122,-1,8,5
09,12,70,50,162,72,0,7,1
09,12,50,50,136,80,0,5,8
09,12,30,40,151,103,0,8,8
09,12,50,20,147,96,0,7,-3
09,12,70,50,139,39,0,4,7
09,12,350,30,162,81,0,7,-1
09,12,80,40,158,83,0,1,7
09,12,20,40,169,89,0,4,5
09,12,30,60,161,76,0,7,-1
09,12,350,40,147,112,0,8,-5
09,12,50,40,151,117,0,8,1
09,12,60,40,164,100,0,1,-4
09,12,60,60,176,87,0,2,2
09,12,80,20,178,74,0,0,6
09,12,290,20,173,112,0,3,9
09,12,270,40,140,94,0,8,2
09,12,230,70,130,120,1,8,6
09,12,210,40,176,150,5,8,3
09,12,210,70,201,111,0,6,-2
09,12,240,90,168,129,-1,8,24
09,12,260,60,167,94,0,8,6
09,12,270,60,181,89,0,1,6
09,12,270,60,186,69,0,7,3
09,12,200,50,231,116,0,2,7
09,12,200,40,279,107,0,0,8
09,12,360,60,195,163,-1,8,8
09,12,10,60,185,115,0,8,10
09,12,30,60,182,96,0,7,5
09,12,40,50,190,107,0,7,0
09,12,350,50,172,98,-1,8,-7
09,12,10,50,174,114,0,8,-11
09,12,60,40,163,134,0,8,0
09,12,30,80,179,138,0,8,0
09,12,60,60,175,87,0,0,10
09,12,50,40,209,116,0,0,9
09,12,990,10,230,157,0,8,12
09,12,340,30,194,159,0,8,2
09,12,280,20,199,87,0,1,2
09,12,240,60,207,109,0,0,6
09,12,280,40,168,151,-1,8,9
09,12,320,30,196,74,0,4,2
09,12,990,10,185,92,0,4,1
09,12,990,10,190,87,0,0,8
09,12,120,20,202,93,0,0,3
09,12,230,50,179,127,0,8,9
09,12,280,60,177,112,0,8,-1
09,12,270,30,184,143,0,8,-7
09,12,990,10,184,103,0,3,-12
09,12,360,20,176,105,0,7,-2
09,12,50,20,181,113,0,1,-1
09,12,60,30,186,97,0,1,4
09,12,70,50,187,79,0,2,6
09,12,110,70,202,78,0,0,4
09,12,120,30,135,121,0,8,10
09,12,150,60,204,154,0,7,11
09,12,240,10,146,127,44,8,16
09,12,230,40,186,145,0,8,-10
09,12,210,60,225,149,0,1,6
09,12,180,20,151,144,16,8,2
09,12,270,40,185,112,0,6,6
09,12,220,80,182,140,0,8,4
09,12,250,80,169,81,0,5,-2
09,12,250,70,154,103,-1,8,4
09,12,290,30,140,95,0,5,-17
09,12,260,20,146,68,0,7,8
09,12,230,70,155,100,0,8,6
09,12,230,70,182,102,0,8,4
09,12,270,10,195,150,0,1,15
09,12,170,40,227,136,0,2,3
09,12,180,10,232,140,0,7,0
09,12,250,30,174,128,0,7,5
09,12,300,60,145,79,0,5,-27
09,12,90,30,129,85,-1,8,7
09,12,260,20,116,104,4,8,0
09,12,0,0,132,131,0,8,6
09,12,100,30,131,97,0,6,14
09,12,200,40,143,136,7,8,0
09,12,20,20,188,101,0,0,6
09,12,210,30,254,174,0,1,3
09,12,200,40,283,177,0,1,6
09,12,260,30,205,172,0,8,2
09,12,240,90,186,106,0,8,-22
09,12,210,80,175,120,-1,8,-12
09,12,250,70,158,112,-1,8,7
09,12,230,60,147,131,-1,8,-1
09,12,230,40,194,169,0,8,3
09,12,150,50,256,198,0,6,4
09,12,190,60,196,148,0,8,4
09,12,200,90,191,148,0,8,0
09,12,250,70,183,106,0,8,-7
09,12,240,70,168,99,0,7,0
09,12,210,20,176,128,0,7,4
09,12,120,40,186,112,0,7,-3
09,12,210,70,170,117,0,8,0
09,12,230,60,157,102,0,4,4
09,12,260,40,168,102,0,6,10
09,12,220,60,178,126,0,8,8
09,12,220,80,188,111,0,7,-6
09,12,250,50,178,109,0,7,-2
09,12,240,40,166,118,0,3,8
09,12,200,10,203,96,0,5,3
09,12,210,30,223,135,0,0,2
09,12,220,70,242,147,0,2,0
09,12,260,10,201,154,0,4,13
09,12,110,20,235,166,0,0,10
09,12,120,30,255,150,0,0,4
09,12,120,20,241,116,0,0,6
09,12,270,20,170,75,0,8,9
09,12,230,50,197,131,0,2,11
09,12,990,10,216,140,0,2,6
09,12,230,20,231,132,0,0,10
09,12,340,30,192,107,0,7,-7
09,12,320,20,188,76,0,6,-1
09,12,260,40,221,133,0,0,8
09,12,240,30,248,73,0,0,7
09,12,180,40,282,118,0,0,6
09,12,240,50,225,157,0,5,15
09,12,240,50,158,148,18,8,9
09,12,220,30,136,68,-1,8,29
09,12,320,20,157,119,0,8,14
09,12,230,80,157,125,0,8,0
09,12,250,40,173,111,0,8,10
09,12,230,50,201,126,0,2,8
09,12,220,50,180,139,0,8,3
09,12,250,70,171,99,0,7,-13
09,12,290,60,154,54,0,1,-9
09,12,220,60,148,83,0,8,5
09,12,990,10,155,62,0,8,8
09,12,330,50,153,45,0,3,9
09,12,70,50,132,71,-1,8,-1
09,12,180,90,211,153,0,6,-30
09,12,190,60,149,106,0,7,6
09,12,190,40,146,112,0,8,1
09,12,230,40,152,130,10,7,-39
09,12,230,70,160,93,0,4,0
09,12,290,40,153,92,-1,4,-3
09,12,220,60,166,69,0,0,5
09,12,280,60,186,66,0,8,-4
09,12,270,60,215,133,0,8,3
09,12,320,10,226,150,0,8,5
09,12,90,20,261,155,0,0,8
09,12,170,30,306,150,0,0,4
09,12,250,20,283,136,0,2,-19
09,12,240,30,200,119,0,8,-4
09,12,230,10,180,108,0,7,12
09,12,220,70,171,85,0,7,5
09,12,260,60,156,105,-1,8,-6
09,12,320,30,156,121,16,7,-15
09,12,290,30,166,132,-1,8,9
09,12,210,50,182,119,0,8,-17
09,12,240,90,166,145,-1,8,-16
09,12,220,50,180,91,0,7,-16
09,12,260,60,137,64,0,6,4
09,12,230,70,124,76,-1,8,24
09,12,270,30,134,105,0,8,6
09,12,220,50,139,89,0,8,6
09,12,270,60,168,107,0,8,-5
09,12,180,30,170,100,0,7,2
09,12,240,40,192,154,0,7,3
09,12,280,30,196,126,0,8,9
09,12,230,10,198,125,0,5,9
09,12,310,20,189,129,0,5,7
09,12,10,50,167,89,0,4,6
09,12,90,30,164,95,0,1,6
09,12,70,60,176,75,0,0,3
09,12,100,60,173,73,0,0,9
09,12,80,50,154,66,0,0,5
09,12,240,30,203,115,0,4,-6
09,12,20,40,202,117,0,2,15
09,12,70,60,210,120,0,1,3
09,12,80,40,223,147,0,6,-3
09,12,290,20,215,157,0,6,21
09,12,280,20,211,168,0,8,2
09,12,260,20,207,131,0,4,2
09,12,320,20,189,117,0,7,10
09,12,340,40,173,122,0,8,-7
09,12,360,30,173,73,0,7,3
09,12,20,60,197,121,0,6,4
09,12,20,40,207,127,0,3,7
09,12,30,50,197,112,0,3,16
09,12,30,50,184,127,0,7,9
09,12,60,50,220,129,0,4,2
09,12,100,20,218,151,0,5,10
09,12,110,40,241,137,0,0,7
09,12,160,60,243,150,0,4,-1
09,12,70,10,213,181,0,7,7
09,12,310,20,214,182,-1,7,-2
09,12,340,60,181,102,0,7,1
09,12,340,90,169,83,0,7,-14
09,12,160,20,174,72,0,1,-2
09,12,210,60,149,111,-1,8,-1
09,12,260,60,167,95,0,7,12
09,12,230,60,162,141,0,8,1
09,12,990,10,168,142,0,4,20
09,12,120,30,205,130,0,1,10
09,12,210,60,186,152,1,8,-3
09,12,240,40,193,139,0,7,5
09,12,340,40,194,144,0,6,-2
09,12,270,30,173,118,0,1,5
09,12,230,50,176,102,0,7,-45
09,12,240,70,160,104,-1,6,12
09,12,260,70,143,123,-1,8,11
09,12,300,60,151,78,0,8,8
09,12,310,40,164,125,0,8,10
09,12,360,30,161,110,0,8,12
09,12,30,60,191,127,0,3,0
09,12,70,60,190,87,0,1,9
09,12,120,40,191,95,0,0,6
09,12,180,50,210,139,0,8,-3
09,12,70,30,187,142,0,8,-1
09,12,200,60,195,144,0,4,-8
09,12,210,100,176,78,0,3,-14
09,12,170,50,175,170,16,8,2
09,12,210,70,154,139,-1,8,-6
09,12,200,80,180,115,0,6,7
09,12,350,50,147,134,1,8,16
09,12,280,30,176,102,0,8,5
09,12,230,60,175,108,0,7,0
09,12,220,40,160,110,0,4,-22
09,12,280,60,155,134,-1,8,-6
09,12,210,80,171,112,0,8,6
09,12,250,20,171,112,0,3,-12
09,12,30,50,156,88,0,3,-5
09,12,70,60,173,73,0,0,0
09,12,50,60,170,81,0,5,-5
09,12,70,60,177,81,0,6,0
09,12,70,60,179,61,0,0,-4
09,12,240,50,230,162,0,6,-8
09,12,210,50,223,119,0,7,-4
09,12,220,50,219,156,0,4,7
09,12,260,90,207,123,0,5,13
09,12,310,30,216,135,0,7,-1
09,12,220,30,241,146,0,6,11
09,12,70,40,261,112,0,0,3
09,12,210,40,268,143,0,0,10
09,12,230,30,220,117,0,1,2
09,12,230,50,255,119,0,0,2
09,12,350,10,196,171,0,8,13
09,12,160,20,283,139,0,0,10
09,12,120,40,319,150,0,0,3
09,12,130,50,309,145,0,0,8
09,12,100,50,290,138,0,0,3
09,12,190,70,212,139,0,6,0
09,12,20,10,196,135,0,8,11
09,12,20,40,179,133,0,8,6
09,12,10,50,195,72,0,7,6
09,12,100,20,189,85,0,3,2
09,12,140,40,206,93,0,8,-4
09,12,200,20,204,122,0,8,15
09,12,260,30,207,109,0,4,-8
09,12,190,40,235,113,0,0,9
09,12,180,50,249,120,0,0,1
09,12,230,20,183,97,0,8,1
09,12,190,40,201,82,0,0,11
09,12,230,70,225,120,0,5,-3
09,12,220,80,185,128,0,8,4
09,12,230,60,166,92,0,8,13
09,12,230,20,201,96,0,6,2
09,12,10,40,196,95,0,3,-4
09,12,170,40,200,104,0,8,-6
09,12,190,20,206,118,0,8,3
09,12,210,40,223,173,0,8,4
09,12,260,50,185,109,0,8,-7
09,12,230,70,192,106,0,7,-2
09,12,210,70,162,149,2,8,-1
09,12,260,40,170,116,0,8,3
09,12,230,80,157,105,0,8,17
09,12,220,100,174,96,0,7,-1
09,12,240,80,163,111,-1,7,12
09,12,260,120,182,82,0,5,2
09,12,230,80,116,101,3,8,0
09,12,220,40,155,108,-1,5,-34
09,12,320,30,137,99,0,8,6
09,12,230,30,164,84,0,8,-5
09,12,210,40,119,100,10,8,8
09,12,350,20,147,99,0,2,9
09,12,250,30,160,92,0,6,9
09,12,190,40,182,99,0,8,1
09,12,220,40,188,108,0,7,-3
09,12,990,10,170,95,0,7,7
09,12,130,20,194,114,0,0,5
09,12,60,30,179,124,0,2,3
09,12,40,40,156,128,0,5,12
09,12,150,30,205,127,0,0,3
09,12,170,30,194,154,0,8,6
09,12,170,40,224,167,0,8,12
09,12,300,10,139,126,4,8,2
09,12,50,30,208,85,0,5,-2
09,12,70,50,224,73,0,1,8
09,12,300,20,182,163,3,8,16
09,12,310,20,236,174,0,4,15
09,12,330,30,237,180,0,5,4
09,12,280,30,201,166,0,8,-1
09,12,270,70,175,68,0,2,8
09,12,230,70,190,93,0,8,-2
09,12,190,40,218,114,0,8,8
09,12,250,50,204,133,0,8,7
09,12,230,80,247,133,0,5,8
09,12,360,40,155,136,0,8,1
09,12,50,20,180,88,0,8,12
09,12,220,40,193,66,0,2,9
09,12,260,50,194,94,0,7,-11
09,12,210,40,225,84,0,8,-1
09,12,190,30,239,85,0,8,12
09,12,220,80,276,124,0,0,2
09,12,220,80,245,127,0,7,8
09,12,210,80,235,130,0,8,11
09,12,260,80,153,82,-1,8,23
09,12,230,70,163,82,0,8,-2
09,12,360,60,110,103,46,8,-1
09,12,300,40,150,85,0,7,-6
09,12,990,10,165,58,0,7,-4
09,12,230,50,180,50,0,7,9
09,12,220,40,212,60,0,0,15
09,12,30,60,156,56,0,8,5
09,12,90,30,144,21,0,8,9
09,12,300,20,168,55,0,2,-4
09,12,280,40,191,96,0,8,26
09,12,260,40,192,74,0,1,17
09,12,240,50,181,115,0,8,-2
09,12,230,80,219,114,0,8,-15
09,12,320,50,172,106,-1,7,5
09,12,220,70,189,63,0,7,2
09,12,290,40,174,100,0,8,-29
09,12,340,40,170,47,0,8,6
09,12,260,30,172,54,0,7,10
09,12,280,30,187,60,0,4,15
09,12,200,50,158,133,-1,8,11
09,12,240,60,226,133,0,1,8
09,12,350,50,210,123,0,7,4
09,12,20,20,200,61,0,0,13
09,12,240,40,233,92,0,2,15
09,12,330,30,174,143,0,8,-9
09,12,280,50,176,88,0,8,8
09,12,340,40,170,49,0,6,6
09,12,30,30,162,55,0,8,4
09,12,80,40,190,39,0,8,2
09,12,100,50,234,40,0,0,11
09,12,180,70,261,125,0,6,19
09,12,230,40,186,131,0,8,-1
09,12,160,40,184,125,-1,8,6
09,12,210,60,176,118,0,8,-2
09,12,190,50,168,161,1,8,11
09,12,210,80,193,119,0,4,-4
09,12,220,110,167,127,-1,8,-12
09,12,200,80,152,132,1,8,8
09,12,260,70,170,102,0,8,0
09,12,350,30,172,80,0,8,9
09,12,90,20,217,90,0,4,-11
09,12,180,40,165,142,-1,8,23
09,12,260,40,232,111,0,4,-15
09,12,260,50,195,100,0,7,4
09,12,270,20,177,86,0,8,21
09,12,210,50,197,98,0,7,9
09,12,230,50,181,152,0,8,6
09,12,240,40,222,171,0,6,27
09,12,350,40,191,76,0,7,8
09,12,230,30,217,94,0,1,10
09,12,260,50,197,104,0,8,10
09,12,210,40,228,130,0,1,3
09,12,90,30,294,123,0,0,10
09,12,140,30,327,142,0,8,10
09,12,340,50,266,151,0,2,-3
09,12,50,60,193,58,0,0,10
09,12,80,60,220,86,0,0,2
09,12,70,40,235,82,0,0,18
09,12,50,30,227,58,0,0,14
09,12,50,20,236,78,0,0,16
09,12,990,10,235,82,0,0,12
09,12,200,60,226,124,0,7,5
09,12,210,80,180,75,0,7,-2
09,12,210,70,141,90,0,4,-33
09,12,330,40,152,82,0,8,5
09,12,40,50,142,100,0,8,-4
09,12,180,30,119,116,1,8,-1
09,12,260,30,187,101,0,2,-3
09,12,160,50,189,147,0,8,14
09,12,100,57,279,131,0,0,9
09,12,40,10,270,147,0,0,13
09,12,990,10,279,134,0,0,9
09,12,50,21,282,109,0,0,2
09,12,990,10,213,140,0,7,7
09,12,360,21,170,71,0,7,-1
09,12,290,15,177,103,0,7,4
09,12,300,15,190,98,0,6,8
09,12,180,15,201,94,0,7,9
09,12,210,21,237,100,0,5,13
09,12,360,36,175,111,0,8,-6
09,12,80,36,184,63,0,3,2
09,12,90,21,209,57,0,1,4
09,12,210,46,238,82,0,5,4
09,12,230,51,200,156,-1,8,3
09,12,200,26,188,139,-1,8,11
09,12,260,46,189,99,0,6,3
09,12,240,46,189,117,0,6,10
09,12,30,26,185,70,0,6,-1
09,12,50,21,184,66,0,4,0
09,12,160,36,220,108,0,1,3
09,12,270,26,148,132,18,8,-6
09,12,260,62,163,80,-1,7,15
09,12,250,93,219,113,0,6,-9
09,12,200,21,181,163,17,8,-4
09,12,250,26,167,138,0,8,2
09,12,220,26,126,100,5,8,1
09,12,140,72,144,79,0,6,1
09,12,240,51,176,114,0,6,-9
09,12,250,46,150,110,0,6,-21
09,12,250,41,110,66,1,7,14
09,12,200,87,148,100,-1,8,-11
09,12,270,51,163,117,0,7,6
09,12,290,36,125,95,-1,7,-3
09,12,280,36,114,98,5,8,-6
09,12,220,36,167,65,0,2,8
09,12,240,36,171,107,-1,8,3
09,12,240,67,158,76,0,5,-5
09,12,240,41,168,95,0,6,12
09,12,120,31,200,96,0,6,6
09,12,200,46,233,140,0,1,2
09,12,260,15,170,82,0,6,5
09,12,210,41,195,97,0,7,3
09,12,250,36,147,105,0,2,22
09,12,240,72,188,104,0,5,4
09,12,280,10,163,104,0,7,19
09,12,90,51,186,107,0,6,0
09,12,200,21,172,150,-1,8,9
09,12,230,51,175,120,0,7,3
09,12,240,41,185,101,0,8,0
09,12,110,57,206,128,0,2,5
09,12,230,41,215,149,0,7,-1
09,12,210,98,185,101,0,4,-3
09,12,200,77,176,95,-1,8,2
09,12,150,41,213,124,0,6,1
09,12,140,31,233,138,0,1,10
09,12,120,36,254,145,0,3,5
09,12,120,31,236,135,0,1,4
09,12,250,26,205,125,0,1,3
09,12,220,36,193,123,0,4,-3
09,12,310,21,163,128,0,7,11
09,12,260,31,155,128,0,8,4
09,12,320,41,156,120,-1,7,-2
09,12,300,31,168,92,0,4,-12
09,12,320,26,168,92,0,4,1
09,12,990,15,183,62,0,3,-3
09,12,100,57,201,88,0,4,10
09,12,210,36,189,170,0,8,20
09,12,160,15,207,163,0,6,0
09,12,210,57,178,137,0,7,10
09,12,190,10,161,132,1,7,10
09,12,120,46,175,115,0,4,12
09,12,80,62,136,136,11,8,3
09,12,120,51,147,132,0,7,2
09,12,210,62,174,125,0,5,-20
09,12,240,87,115,112,22,8,4
09,12,70,46,127,108,0,7,-1
09,12,60,41,141,65,0,2,8
09,12,110,51,173,111,0,1,11
09,12,140,36,225,168,0,7,8
09,12,230,67,191,144,0,7,8
09,12,340,21,160,160,7,8,2
09,12,40,31,155,130,0,7,7
09,12,350,36,147,127,0,7,-2
09,12,340,46,123,121,24,8,-1
09,12,270,57,122,90,2,7,-2
09,12,210,82,113,110,3,8,-3
09,12,180,62,139,99,0,6,5
09,12,80,21,150,110,0,3,10
09,12,170,46,136,106,0,7,17
09,12,200,77,208,135,0,6,-6
09,12,290,21,151,140,-1,8,21
09,12,270,51,164,141,1,7,19
09,12,220,57,186,166,-1,8,0
09,12,290,31,167,143,1,7,11
09,12,140,36,171,90,0,7,1
09,12,170,31,150,140,0,8,4
09,12,160,62,191,141,0,6,-5
09,12,220,108,155,109,0,7,13
09,12,240,98,178,72,0,5,-12
09,12,220,57,144,112,-1,7,-13
09,12,220,82,195,163,1,4,3
09,12,240,57,178,107,0,5,11
09,12,100,21,137,132,6,8,0
09,12,230,93,139,114,0,8,-2
09,12,290,51,127,108,30,7,-2
09,12,230,93,111,105,2,8,3
09,12,320,26,134,121,29,7,24
09,12,200,26,143,116,1,7,13
09,12,140,51,126,96,-1,8,4
09,12,50,62,173,113,0,1,1
09,12,60,62,173,100,0,1,9
09,12,60,57,193,123,0,1,5
09,12,260,10,204,138,0,5,-4
09,12,190,15,209,157,0,4,2
09,12,270,5,160,160,0,7,2
09,12,250,72,175,111,0,2,-4
09,12,270,15,157,126,0,7,7
09,12,270,36,154,123,0,8,4
09,12,990,15,173,102,0,4,2
09,12,330,57,206,86,0,3,3
09,12,270,36,176,121,0,7,12
09,12,270,21,169,103,-1,6,7
09,12,250,82,178,109,0,7,15
09,12,210,67,197,107,0,7,3
09,12,220,62,201,78,0,4,-5
09,12,190,62,186,143,1,8,-14
09,12,180,62,166,163,21,8,2
09,12,250,62,177,132,-1,7,9
09,12,170,41,208,135,0,5,0
09,12,210,57,211,167,-1,7,-2
09,12,170,36,192,122,0,7,-2
09,12,350,26,186,141,0,6,3
09,12,250,51,196,106,0,2,-18
09,12,190,26,179,124,0,7,-6
09,12,130,31,179,124,0,7,10
09,12,130,41,198,130,0,6,3
09,12,120,41,220,136,0,7,-2
09,12,70,77,222,107,0,4,3
09,12,350,51,166,113,0,7,-14
09,12,320,26,153,126,-1,7,19
09,12,220,31,163,134,0,7,3
09,12,300,15,162,152,1,8,-5
09,12,210,67,179,119,0,4,2
09,12,280,21,174,105,0,7,3
09,12,220,93,141,136,-1,8,2
09,12,260,67,145,115,0,6,0
09,12,270,51,96,61,-1,6,-4
09,12,310,26,121,80,0,6,17
09,12,250,41,120,88,0,7,0
09,12,320,40,167,110,0,6,-11
09,12,990,10,189,112,0,4,-4
09,12,30,50,195,105,0,1,1
09,12,10,50,158,138,0,7,-5
09,12,40,50,200,107,0,1,4
09,12,360,30,181,92,0,3,0
09,12,40,40,169,55,0,2,1
09,12,320,20,163,93,0,7,7
09,12,110,30,187,115,0,5,13
09,12,280,40,155,121,0,7,5
09,12,300,30,148,94,-1,7,2
09,12,290,50,160,107,-1,6,-13
09,12,330,60,140,94,0,7,20
09,12,320,30,163,125,0,5,-14
09,12,360,20,160,107,0,7,-3
09,12,60,40,164,84,0,1,5
09,12,70,80,159,49,0,1,6
09,12,80,90,139,72,0,6,4
09,12,70,100,130,85,0,6,15
09,12,80,70,134,93,0,6,16
09,12,50,60,105,70,0,7,2
09,12,50,50,95,92,3,8,0
09,12,60,20,109,96,-1,8,3
09,12,150,20,146,94,0,6,-4
09,12,190,20,174,101,0,3,5
09,12,210,50,189,119,0,4,8
09,12,260,60,173,124,1,3,6
09,12,230,70,143,115,0,8,13
09,12,220,110,156,125,-1,8,5
09,12,230,60,169,142,-1,8,2
09,12,240,40,234,160,0,4,0
09,12,360,20,193,139,0,4,6
09,12,190,20,217,125,0,5,0
09,12,200,40,235,150,0,6,0
09,12,250,20,199,119,0,7,-4
09,12,250,20,171,136,-1,6,27
09,12,270,30,155,139,2,7,24
09,12,280,50,190,134,0,7,11
09,12,290,50,183,111,0,7,-4
09,12,360,30,160,67,0,6,2
09,12,130,30,182,98,0,7,1
09,12,230,70,189,112,0,7,4
09,12,280,90,161,45,0,2,5
09,12,260,60,171,77,0,5,4
09,12,210,60,177,91,0,7,9
09,12,190,30,208,84,0,6,14
09,12,290,40,211,114,0,7,3
09,12,250,30,216,152,0,2,5
09,12,50,50,182,93,0,5,5
09,12,50,30,158,42,0,3,6
09,12,70,40,167,50,0,3,7
09,12,90,30,191,62,0,1,6
09,12,30,50,173,100,0,2,10
09,12,60,20,162,114,0,8,1
09,12,130,40,203,104,0,1,3
09,12,80,40,215,118,0,1,8
09,12,10,20,126,108,0,8,17
09,12,990,10,127,114,0,5,28
09,12,990,10,173,126,0,7,2
09,12,340,10,174,156,0,8,3
09,12,110,40,178,126,-1,8,5
09,12,200,20,200,169,0,8,3
09,12,150,30,197,195,8,7,1
09,12,220,20,184,157,0,7,24
09,12,220,60,190,148,0,,5
09,12,250,40,178,158,0,,6
09,12,150,50,201,164,0,7,10
09,12,190,70,184,166,-1,7,8
09,12,190,90,185,169,-1,7,19
09,12,220,70,205,146,0,6,7
09,12,220,100,181,99,0,6,8
09,12,990,10,124,114,3,,3
09,12,210,60,116,82,0,,-10
09,12,320,30,122,121,95,8,7
09,12,260,90,166,101,0,6,-7
09,12,260,70,147,95,0,6,-3
09,12,310,60,156,113,0,7,0
09,12,210,30,173,121,0,6,2
09,12,250,40,167,161,0,,14
09,12,60,30,179,155,0,,12
09,12,60,50,191,128,0,6,9
09,12,80,60,173,113,0,4,9
09,12,90,40,183,121,0,5,9
09,12,110,40,193,138,0,2,12
09,12,120,30,214,142,0,6,11
09,12,140,40,221,158,0,,-1
09,12,150,40,188,128,0,4,12
09,12,340,20,197,143,0,7,7
09,12,210,40,175,144,0,7,11
09,12,130,60,148,135,-1,8,-2
09,12,290,20,195,156,0,8,-1
09,12,90,20,221,152,0,6,3
09,12,70,50,237,124,0,1,7
09,12,40,40,244,160,0,7,5
09,12,120,40,263,131,0,,4
09,12,240,30,247,148,0,,9
09,12,250,50,204,167,0,,9
09,12,200,40,231,154,0,,15
09,12,260,30,260,151,0,5,6
09,12,70,30,237,180,0,4,16
09,12,140,80,288,116,0,,4
09,12,230,30,284,169,0,,11
09,12,60,30,283,184,0,2,0
09,12,60,20,195,176,0,8,7
09,12,240,10,230,185,0,7,-18
09,12,220,60,199,107,0,4,7
09,12,200,40,179,144,0,8,-6
09,12,140,40,197,124,0,,3
09,12,150,60,220,137,0,,3
09,12,190,50,170,150,5,8,-5
09,12,190,90,184,121,0,7,6
09,12,210,70,208,158,0,7,-2
09,12,210,70,227,138,0,4,-9
09,12,220,80,225,140,0,3,-2
09,12,220,70,213,121,0,,-1
09,12,220,90,196,116,0,,-8
09,12,210,80,166,139,3,7,1
09,12,230,80,178,120,0,6,-2
09,12,210,60,187,148,0,7,5
09,12,210,50,159,147,0,7,14
09,12,190,40,146,138,5,8,4
09,12,270,30,163,136,1,7,-8
09,12,310,50,167,88,0,,1
09,12,320,30,153,104,0,7,8
09,12,230,50,180,127,0,5,4
09,12,190,50,144,136,16,8,4
09,12,290,40,178,105,0,6,-5
09,12,220,50,179,170,-1,8,9
09,12,230,50,212,170,0,,-3
09,12,990,10,228,178,0,,6
09,12,120,40,245,174,0,3,2
09,12,230,50,243,189,0,7,-21
09,12,220,40,190,163,0,8,-7
09,12,60,20,188,147,0,7,10
09,12,150,30,196,170,0,7,27
09,12,220,70,159,139,0,,5
09,12,220,40,167,159,0,,-5
09,12,190,50,195,125,0,7,3
09,12,110,60,218,151,0,2,0
09,12,210,20,161,138,-1,,-2
09,12,30,20,163,121,0,7,6
09,12,190,30,181,143,0,7,11
09,12,120,50,196,131,0,,-2
09,12,110,60,186,100,0,,10
09,12,260,30,178,112,0,4,15
09,12,200,50,211,139,0,6,8
09,12,230,60,180,111,0,3,16
09,12,200,80,181,137,0,7,3
09,12,180,60,205,134,0,5,7
09,12,240,30,182,135,0,,2
09,12,300,50,195,116,0,,4
09,12,210,50,158,149,-1,,4
09,12,310,20,159,148,8,8,-3
09,12,280,50,154,120,9,5,14
09,12,300,50,165,104,0,5,-1
09,12,340,20,156,140,0,8,20
09,12,260,40,151,133,-1,8,6
09,12,290,60,163,87,0,,-1
09,12,270,60,131,105,1,,2
09,12,280,80,147,103,0,6,-21
09,12,260,60,167,113,0,7,-7
09,12,250,40,177,126,1,7,-13
09,12,250,60,150,98,1,5,-5
09,12,300,40,157,100,0,7,-7
09,12,250,90,156,83,-1,,-6
09,12,360,40,109,84,3,,25
09,12,290,30,144,98,0,7,2
09,12,190,10,139,105,0,7,5
09,12,140,60,116,95,5,8,1
09,12,270,40,136,117,-1,8,12
09,12,320,50,172,106,0,5,-7
09,12,250,50,161,108,0,,-37
09,12,10,30,137,126,0,,4
09,12,60,30,146,115,0,7,10
09,12,990,10,141,133,0,5,14
09,12,200,40,165,118,0,5,10
09,12,240,50,178,149,0,7,-6
09,12,210,40,204,136,0,3,5
09,12,160,40,188,137,0,,3
09,12,200,50,169,135,0,,13
09,12,50,30,195,94,0,,0
09,12,90,60,217,128,0,3,3
09,12,100,70,222,113,0,3,1
09,12,160,30,210,153,0,4,-2
09,12,250,30,221,159,0,1,4
09,12,220,60,196,148,0,7,6
09,12,210,70,220,149,0,7,-7
09,12,160,50,244,138,0,,-3
09,12,200,60,239,171,0,7,-8
09,12,990,10,176,120,-1,8,10
09,12,120,40,161,146,0,8,2
09,12,60,60,216,156,0,1,2
09,12,50,40,205,127,0,1,10
09,12,320,30,186,140,0,,0
09,12,60,30,200,89,0,,6
09,12,10,30,175,121,0,7,11
09,12,300,20,173,114,0,8,-3
09,12,990,10,164,102,0,8,4
09,12,60,30,174,103,0,7,-7
09,12,320,30,183,102,0,7,3
09,12,290,20,164,107,0,,6
09,12,20,40,115,102,17,,43
09,12,30,60,147,63,0,3,18
09,12,50,80,151,39,0,0,1
09,12,340,30,168,124,0,7,1
09,12,270,30,142,117,0,7,8
09,12,30,30,155,126,0,7,16
09,12,310,20,163,104,0,,13
09,12,130,30,181,108,0,,3
09,12,130,40,182,76,0,2,5
09,12,290,40,193,85,0,5,-58
09,12,10,30,182,72,0,4,11
09,12,360,30,194,74,0,6,11
09,12,50,30,215,105,0,3,-8
09,12,120,50,254,86,0,3,-7
09,12,220,50,202,149,0,,-8
09,12,990,10,194,129,0,,5
09,12,290,30,197,89,0,7,11
09,12,330,40,177,109,0,5,25
09,12,160,40,122,111,13,8,2
09,12,320,40,173,103,1,7,1
09,12,250,30,163,129,-1,8,-3
09,12,70,30,191,96,-1,,4
09,12,90,40,204,94,0,,6
09,12,120,20,225,103,0,6,5
09,12,320,20,227,93,0,7,1
09,12,210,30,235,116,0,2,10
09,12,220,50,268,115,0,1,6
09,12,990,10,237,147,0,0,16
09,12,130,20,270,148,0,,12
09,12,220,20,237,144,0,,9
09,12,240,80,260,136,0,1,-2
09,12,260,30,127,79,-1,6,1
09,12,360,30,142,43,0,3,12
09,12,120,50,181,49,0,2,3
09,12,240,40,183,97,0,3,2
09,12,20,10,170,79,0,,1
09,12,80,20,163,121,0,,7
09,12,340,30,143,98,-1,6,4
09,12,120,30,172,87,0,6,3
09,12,230,40,202,114,0,3,-5
09,12,110,50,224,100,0,4,1
09,12,260,30,246,142,0,3,3
09,12,210,20,253,177,0,,5
09,12,110,30,264,165,0,,7
09,12,60,50,254,151,0,1,5
09,12,40,50,243,163,0,1,2
09,12,40,50,205,124,0,4,10
09,12,110,60,226,98,0,6,4
09,12,150,50,243,104,0,3,9
09,12,240,70,210,150,0,,-3
09,12,250,80,192,94,0,,-4
09,12,210,100,198,115,0,7,3
09,12,200,80,185,108,0,5,5
09,12,270,50,152,126,4,5,-5
09,12,210,50,168,80,0,7,6
09,12,210,60,197,82,0,4,5
09,12,210,80,216,74,0,,7
09,12,280,50,164,74,0,,14
09,12,220,110,153,94,0,8,-16
09,12,260,80,158,90,0,4,-6
09,12,260,80,131,101,1,8,-11
09,12,300,40,133,123,12,,4
09,12,280,40,137,101,4,3,6
09,12,260,50,149,91,0,,-2
09,12,240,40,170,117,0,,1
09,12,270,40,188,141,0,5,1
09,12,250,50,183,140,0,7,-5
09,12,330,30,150,111,0,6,12
09,12,140,30,142,93,-1,7,6
09,12,240,60,222,162,0,,-4
09,12,290,30,228,155,0,,7
09,12,50,40,223,176,0,,15
09,12,110,50,241,156,0,,9
09,12,130,60,265,129,0,,4
09,12,100,10,248,190,0,,7
09,12,300,30,252,177,0,,-2
09,12,240,50,270,166,0,,14
09,12,990,10,251,183,0,,7
09,12,90,20,228,204,0,,11
09,12,360,20,197,183,0,,-6
09,12,20,40,201,149,0,,-6
09,12,80,20,195,122,0,,9
09,12,240,60,174,158,0,,-6
09,12,290,10,182,171,9,,-2
09,12,360,20,127,85,2,,24
09,12,320,40,147,60,0,,8
09,12,100,10,166,52,0,,7
09,12,80,30,183,67,0,,5
09,12,30,20,194,92,0,,0
09,12,100,30,203,89,0,,5
09,12,130,20,211,103,0,,3
09,12,190,50,219,121,0,,0
09,12,170,30,203,136,0,,-11
09,12,240,50,200,134,0,,-3
09,12,230,80,201,104,0,,-7
09,12,210,70,177,127,0,,-3
09,12,260,60,169,87,0,,-7
09,12,270,30,141,113,16,,-19
09,12,200,50,146,111,0,,4
09,12,200,30,205,154,0,,16
09,12,220,80,212,149,0,,-8
09,12,230,90,209,198,-1,,2
09,12,280,60,202,148,0,,3
09,12,240,50,204,180,0,,3
09,12,240,40,240,183,0,,9
09,12,330,40,181,141,0,,11
09,12,350,40,188,116,0,,2
09,12,80,50,193,99,0,,4
09,12,110,30,225,125,0,,4
09,12,140,30,256,166,0,,7
09,12,160,40,277,181,0,,6
09,12,220,40,276,166,0,,4
09,12,100,50,271,173,0,,-1
09,12,50,50,269,147,0,,-4
09,12,110,20,260,168,0,,5
09,12,300,40,193,165,0,,-1
09,12,230,30,178,161,-1,,8
09,12,220,40,153,147,4,,5
09,12,200,50,197,101,0,,11
09,12,130,40,237,151,0,,11
09,12,170,60,263,139,0,,7
09,12,60,40,225,164,0,,7
09,12,190,40,239,156,0,,-3
09,12,190,50,207,161,0,,3
09,12,260,40,192,155,0,,8
09,12,250,30,188,137,0,,16
09,12,230,60,220,137,0,,7
09,12,200,60,214,147,0,,6
09,12,200,30,208,104,0,,8
09,12,270,40,186,134,0,8,-2
09,12,270,50,195,146,0,6,-4
09,12,20,30,148,104,-1,7,-3
09,12,300,30,145,102,1,1,14
09,12,270,20,140,107,-1,8,-2
09,12,340,30,180,157,-1,8,22
09,12,360,40,179,130,0,8,1
09,12,300,30,186,130,0,7,-20
09,12,330,40,170,107,0,8,1
09,12,340,30,137,125,43,8,28
09,12,340,50,173,111,0,7,2
09,12,310,20,172,109,0,8,7
09,12,40,30,168,115,0,8,5
09,12,250,50,195,129,0,8,7
09,12,280,30,170,96,0,0,6
09,12,230,60,210,148,0,5,1
09,12,290,30,152,143,3,8,5
09,12,330,40,141,71,0,4,9
09,12,230,90,152,80,0,7,7
09,12,230,80,175,128,-1,8,0
09,12,210,70,187,128,0,8,15
09,12,310,10,202,141,0,5,6
09,12,200,50,222,146,0,0,2
09,12,220,130,170,136,2,8,-4
09,12,240,70,165,91,0,4,5
09,12,350,50,124,89,2,8,1
09,12,30,60,146,103,0,8,2
09,12,80,40,154,119,0,7,-1
09,12,260,40,134,123,-1,8,-1
09,12,280,20,143,110,0,8,8
09,12,260,60,192,113,0,6,-2
09,12,190,70,197,143,0,8,10
09,12,210,70,164,116,0,8,0
09,12,210,60,170,94,0,7,20
09,12,140,50,183,134,-1,8,2
09,12,200,70,185,116,0,8,6
09,12,190,70,158,134,3,8,6
09,12,240,40,183,122,0,7,5
09,12,160,50,226,109,0,0,12
09,12,260,40,215,148,0,5,12
09,12,140,50,263,155,0,0,7
09,12,280,50,151,145,12,8,-7
09,12,60,60,150,126,0,8,-6
09,12,70,60,161,70,0,6,11
09,12,70,60,155,82,0,7,-15
09,12,60,30,159,93,0,8,-8
09,12,100,20,147,88,0,8,-1
09,12,90,40,146,50,0,3,-2
09,12,60,30,158,56,0,8,4
09,12,90,30,152,77,0,1,14
09,12,40,30,165,115,0,1,-1
09,12,30,40,150,84,0,7,10
09,12,360,30,143,112,0,8,2
09,12,50,40,158,128,0,8,-8
09,12,70,60,169,98,0,1,4
09,12,70,50,173,96,0,0,-2
09,12,80,20,177,76,0,0,11
09,12,250,30,179,121,0,7,-9
09,12,280,30,128,103,1,8,-4
09,12,240,60,121,116,7,8,4
09,12,240,40,181,145,2,8,-3
09,12,210,50,199,126,0,6,9
09,12,240,110,183,125,2,5,-14
09,12,230,60,153,96,0,8,19
09,12,290,60,177,100,0,5,8
09,12,250,40,176,92,0,8,0
09,12,220,50,229,124,0,0,8
09,12,200,30,269,143,0,0,13
09,12,340,30,196,177,4,8,4
09,12,30,40,183,107,0,8,6
09,12,50,40,191,104,0,7,2
09,12,40,50,191,118,0,7,6
09,12,360,30,157,119,-1,8,1
09,12,20,50,157,119,-1,8,8
09,12,70,60,157,136,0,8,5
09,12,40,50,180,147,0,8,0
09,12,30,50,180,89,0,0,4
09,12,60,40,208,119,0,0,8
09,12,90,20,239,167,0,8,4
09,12,340,30,198,162,0,7,0
09,12,310,20,196,85,0,2,3
09,12,260,50,208,115,0,0,7
09,12,240,40,172,162,-1,8,3
09,12,310,30,195,79,0,2,-3
09,12,990,10,188,101,0,7,-7
09,12,130,10,195,84,0,0,1
09,12,280,20,208,101,0,0,-4
09,12,250,40,186,136,0,7,11
09,12,280,50,175,117,0,8,-2
09,12,270,30,167,157,-1,8,-1
09,12,990,10,182,103,0,7,-11
09,12,60,20,175,100,0,7,-7
09,12,990,10,175,115,0,8,3
09,12,30,30,172,98,0,3,20
09,12,70,50,178,88,0,2,4
09,12,100,80,202,69,0,0,4
09,12,120,50,121,109,0,8,8
09,12,140,50,192,153,0,8,22
09,12,260,40,178,142,0,8,-2
09,12,240,40,177,145,0,8,-4
09,12,210,60,220,144,0,1,7
09,12,210,40,148,139,6,8,0
09,12,260,40,170,105,0,7,8
09,12,230,90,173,140,-1,8,2
09,12,250,90,171,86,0,8,-6
09,12,250,70,143,108,-1,7,4
09,12,300,30,145,102,-1,8,-13
09,12,270,40,148,62,0,8,-2
09,12,220,80,153,95,0,7,6
09,12,240,70,175,113,0,8,5
09,12,990,10,184,148,0,6,6
09,12,130,30,222,136,0,0,3
09,12,150,20,221,136,0,1,13
09,12,260,30,178,136,0,7,-1
09,12,280,30,144,98,-1,4,-9
09,12,100,30,134,89,0,6,3
09,12,230,30,108,99,2,8,1
09,12,220,10,138,130,0,8,2
09,12,90,40,141,87,0,4,7
09,12,140,30,139,131,-1,8,-2
09,12,320,20,186,78,0,0,-5
09,12,160,20,248,158,0,0,3
09,12,190,30,283,169,0,2,3
09,12,260,30,209,173,0,7,-1
09,12,230,80,197,104,0,1,-12
09,12,210,100,176,117,-1,8,-13
09,12,250,70,169,119,0,8,-4
09,12,250,70,145,129,4,8,-2
09,12,230,40,190,167,-1,8,6
09,12,160,40,254,189,0,6,5
09,12,210,70,200,145,0,8,-6
09,12,210,100,191,144,0,8,0
09,12,260,60,185,109,0,7,-10
09,12,240,70,168,90,0,7,-3
09,12,240,30,164,123,-1,8,10
09,12,90,50,190,115,0,7,-7
09,12,210,80,174,115,0,8,-1
09,12,240,70,148,86,0,6,-32
09,12,260,50,173,96,0,4,6
09,12,220,60,182,127,0,8,2
09,12,200,50,180,112,0,8,0
09,12,270,40,155,110,-1,8,22
09,12,230,50,180,116,0,6,4
09,12,100,10,195,109,0,1,10
09,12,210,30,217,132,0,0,3
09,12,230,50,235,146,0,2,6
09,12,240,20,208,162,0,8,-2
09,12,110,30,227,160,0,0,10
09,12,100,20,251,169,0,0,3
09,12,160,30,235,127,0,0,6
09,12,300,20,165,71,0,8,6
09,12,230,30,196,137,0,7,3
09,12,20,20,208,132,0,3,6
09,12,180,20,231,146,0,0,5
09,12,350,30,182,101,0,8,2
09,12,280,20,171,82,0,8,3
09,12,280,40,225,142,0,2,-2
09,12,230,30,241,101,0,0,12
09,12,170,20,278,137,0,0,5
09,12,250,40,233,158,0,5,4
09,12,230,70,156,146,36,8,2
09,12,260,50,159,57,0,7,-9
09,12,360,20,156,97,0,8,9
09,12,220,90,155,119,0,8,-7
09,12,220,50,179,95,0,7,0
09,12,230,50,188,125,0,4,18
09,12,210,60,187,134,0,8,-3
09,12,250,60,168,99,0,6,-26
09,12,340,40,133,67,0,3,9
09,12,220,60,142,84,0,8,9
09,12,180,20,150,69,0,7,9
09,12,300,40,156,56,0,6,-11
09,12,70,60,134,74,0,8,2
09,12,180,90,213,153,-1,6,-5
09,12,190,70,145,99,0,8,5
09,12,200,50,143,107,0,8,1
09,12,210,50,152,120,0,7,9
09,12,230,60,157,102,0,7,-4
09,12,280,50,153,73,0,3,5
09,12,230,60,159,69,0,0,9
09,12,270,50,178,85,0,7,3
09,12,260,70,192,132,0,8,8
09,12,270,10,224,158,0,8,-1
09,12,110,30,251,149,0,0,3
09,12,160,40,308,143,0,0,5
09,12,990,10,277,133,0,0,8
09,12,220,30,198,154,-1,8,6
09,12,990,10,170,102,0,3,5
09,12,230,70,181,83,0,4,-3
09,12,270,60,157,103,-1,8,-31
09,12,300,30,160,135,1,7,29
09,12,260,40,164,138,2,8,4
09,12,200,50,184,113,0,8,-4
09,12,210,80,178,149,0,8,-24
09,12,250,50,170,70,0,7,-13
09,12,250,60,146,72,0,4,-13
09,12,230,60,128,67,0,8,2
09,12,240,40,150,97,0,7,-6
09,12,240,60,139,88,0,8,1
09,12,280,20,142,127,5,8,8
09,12,210,40,166,103,0,8,-2
09,12,250,50,188,155,0,8,-2
09,12,280,30,203,137,0,7,5
09,12,190,10,180,142,0,8,12
09,12,340,20,182,129,0,7,-2
09,12,40,40,153,100,0,8,6
09,12,80,30,159,96,0,2,2
09,12,70,70,169,78,0,0,8
09,12,90,80,171,72,0,0,9
09,12,90,70,155,70,0,0,3
09,12,280,20,184,121,0,7,10
09,12,30,30,210,115,0,2,2
09,12,60,70,199,121,0,5,8
09,12,100,40,222,151,0,1,5
09,12,200,20,224,169,0,7,0
09,12,270,20,209,170,-1,6,6
09,12,230,20,210,137,0,2,4
09,12,280,20,195,108,0,1,3
09,12,340,20,164,132,0,8,9
09,12,10,30,187,107,0,8,-18
09,12,50,50,202,114,0,4,-13
09,12,40,50,206,134,0,1,5
09,12,30,40,198,133,0,4,12
09,12,50,40,187,134,0,8,8
09,12,90,40,213,140,0,8,5
09,12,120,20,229,167,0,6,5
09,12,110,40,240,154,0,1,-1
09,12,150,40,243,166,0,0,-6
09,12,220,10,205,177,0,8,12
09,12,200,30,225,192,0,1,9
09,12,350,40,182,99,0,6,-12
09,12,340,50,169,77,0,3,-10
09,12,250,20,175,87,0,4,-2
09,12,230,70,155,112,-1,8,-3
09,12,260,50,173,97,0,4,-2
09,12,230,60,158,145,0,8,7
09,12,180,20,180,149,0,7,12
09,12,90,30,205,144,0,2,5
09,12,200,30,196,155,0,8,-9
09,12,250,40,190,144,0,8,6
09,12,330,40,174,129,0,8,-2
09,12,240,30,157,108,0,7,15
09,12,230,50,180,99,0,7,-52
09,12,230,80,159,108,0,5,15
09,12,260,50,141,125,24,8,11
09,12,310,40,151,78,0,8,-4
09,12,310,30,161,113,0,8,-12
09,12,10,30,160,118,-1,8,6
09,12,70,50,174,121,0,0,-4
09,12,80,60,191,92,0,4,4
09,12,100,40,185,95,0,0,8
09,12,140,50,203,128,0,8,4
09,12,70,40,182,136,0,7,5
09,12,200,60,193,141,0,7,8
09,12,210,100,173,66,0,3,-10
09,12,160,50,176,161,5,8,-7
09,12,200,70,158,134,-1,8,-5
09,12,210,80,185,113,0,5,-8
09,12,350,30,156,132,16,8,10
09,12,260,50,172,94,0,8,3
09,12,220,60,172,95,0,5,3
09,12,300,20,129,118,57,8,26
09,12,280,30,163,119,0,4,-9
09,12,210,60,170,113,0,8,-1
09,12,260,50,156,92,0,5,-4
09,12,360,30,147,92,0,6,11
09,12,50,40,156,70,0,2,16
09,12,70,50,170,79,0,4,0
09,12,80,70,167,79,0,1,2
09,12,80,70,169,73,0,0,4
09,12,260,50,232,163,0,6,0
09,12,210,60,224,117,0,3,-1
09,12,250,40,221,155,0,6,0
09,12,270,80,208,128,0,7,-2
09,12,270,40,222,146,0,3,-6
09,12,160,40,238,142,0,3,4
09,12,110,30,259,127,0,1,3
09,12,220,50,274,146,0,1,4
09,12,200,20,216,138,0,3,9
09,12,210,40,251,107,0,0,6
09,12,990,10,203,169,0,8,14
09,12,220,20,283,132,0,0,6
09,12,130,50,318,159,0,0,6
09,12,120,50,317,142,0,0,4
09,12,90,50,284,143,0,2,11
09,12,180,60,206,139,0,7,13
09,12,260,20,193,146,0,8,5
09,12,40,30,177,136,0,8,12
09,12,20,30,202,77,0,6,-11
09,12,100,30,186,90,0,6,11
09,12,110,20,206,88,0,8,0
09,12,230,30,200,122,0,8,9
09,12,250,50,203,107,0,8,-1
09,12,210,50,233,108,0,0,-1
09,12,170,40,246,124,0,0,7
09,12,260,20,193,80,0,8,-4
09,12,180,30,201,84,0,0,5
09,12,250,60,223,120,0,3,-2
09,12,220,90,185,127,0,8,2
09,12,250,60,170,81,0,8,12
09,12,340,10,181,108,0,8,6
09,12,340,20,192,95,0,4,-12
09,12,160,20,194,94,0,8,-1
09,12,990,10,211,121,0,8,-5
09,12,210,40,220,173,0,8,11
09,12,240,80,191,101,0,8,-21
09,12,240,40,182,119,0,8,-16
09,12,210,80,158,144,3,8,3
09,12,240,20,142,119,10,8,26
09,12,220,70,158,110,0,8,11
09,12,220,100,174,99,0,7,11
09,12,260,80,172,100,-1,6,1
09,12,250,110,185,91,0,4,-6
09,12,230,120,124,92,2,8,-6
09,12,220,50,153,106,0,5,-26
09,12,280,10,140,103,0,8,5
09,12,230,40,153,90,0,8,2
09,12,180,40,146,101,0,8,-32
09,12,990,10,125,105,0,8,19
09,12,230,40,164,95,0,8,-3
09,12,200,40,178,94,0,8,6
09,12,200,10,188,122,0,8,7
09,12,990,10,161,105,0,7,11
09,12,80,40,189,129,0,1,7
09,12,60,30,172,132,0,5,4
09,12,70,20,152,132,0,8,10
09,12,130,30,199,129,0,7,2
09,12,160,20,191,156,-1,8,12
09,12,150,40,215,165,0,8,8
09,12,280,30,142,137,11,8,-6
09,12,30,30,184,80,0,1,17
09,12,60,40,223,101,0,2,5
09,12,330,20,190,157,0,8,24
09,12,350,20,238,180,0,5,10
09,12,360,30,233,176,0,8,7
09,12,210,20,195,165,0,8,-3
09,12,260,60,172,65,0,3,0
09,12,220,50,180,108,0,8,0
09,12,210,60,213,116,0,8,16
09,12,240,60,204,137,0,8,-2
09,12,240,90,236,143,0,5,9
09,12,360,30,152,141,-1,8,6
09,12,990,10,186,97,0,1,6
09,12,250,30,190,73,0,2,1
09,12,280,40,186,99,0,8,3
09,12,180,40,218,102,0,8,5
09,12,190,40,238,100,0,8,9
09,12,220,80,275,127,0,0,3
09,12,250,60,238,135,0,5,13
09,12,220,90,229,133,0,7,14
09,12,260,80,158,74,0,8,-1
09,12,230,70,156,85,0,8,-3
09,12,360,40,108,102,23,8,-1
09,12,280,30,138,89,3,1,6
09,12,230,20,154,52,0,7,-10
09,12,240,50,166,54,0,4,13
09,12,190,40,207,77,0,0,8
09,12,10,40,156,59,0,8,-3
09,12,90,30,142,39,0,8,5
09,12,990,10,163,54,0,1,-2
09,12,280,30,193,103,0,8,10
09,12,230,40,202,72,0,7,13
09,12,260,50,184,112,0,8,-7
09,12,230,80,209,114,0,7,-8
09,12,280,60,156,97,0,7,-3
09,12,210,80,182,61,0,7,7
09,12,300,50,163,99,0,6,-16
09,12,330,30,168,50,0,8,2
09,12,230,20,173,71,0,7,7
09,12,290,20,194,39,0,7,3
09,12,200,50,152,127,-1,8,9
09,12,250,50,223,132,0,1,-5
09,12,360,30,211,114,0,8,5
09,12,110,20,198,53,0,1,7
09,12,250,50,236,85,0,4,0
09,12,350,30,155,141,-1,8,-3
09,12,280,30,169,97,0,8,10
09,12,310,20,176,45,0,7,-9
09,12,10,20,162,55,0,8,0
09,12,100,20,181,40,0,8,8
09,12,110,70,238,33,0,0,10
09,12,180,60,270,123,0,5,-10
09,12,210,50,201,132,0,7,-10
09,12,150,40,187,124,0,8,0
09,12,210,70,172,116,0,8,4
09,12,200,60,166,159,8,8,3
09,12,210,70,188,121,0,6,3
09,12,230,110,170,122,-1,8,0
09,12,200,80,146,133,5,8,10
09,12,260,80,172,102,0,6,-2
09,12,350,30,177,74,0,8,14
09,12,990,10,203,84,0,5,16
09,12,190,50,152,137,1,8,21
09,12,260,60,207,114,0,5,7
09,12,270,50,184,86,0,6,8
09,12,240,50,193,73,0,1,-1
09,12,210,40,200,107,0,7,2
09,12,240,50,186,152,0,8,-2
09,12,240,40,197,165,0,8,17
09,12,280,20,186,64,0,6,13
09,12,220,40,211,84,0,8,2
09,12,260,50,196,103,0,6,-1
09,12,200,50,223,129,0,0,5
09,12,100,20,287,126,0,0,14
09,12,110,20,319,130,0,6,10
09,12,330,40,256,161,0,0,5
09,12,60,70,197,60,0,0,-3
09,12,60,70,214,66,0,0,10
09,12,90,50,233,67,0,0,8
09,12,40,40,226,56,0,0,11
09,12,70,30,244,70,0,0,7
09,12,250,20,238,72,0,0,-1
09,12,200,70,232,123,0,6,-17
09,12,200,70,180,71,0,7,4
09,12,200,60,129,89,3,3,11
09,12,360,30,141,74,0,8,10
09,12,30,30,132,93,0,8,1
09,12,180,40,123,113,0,8,0
09,12,250,30,167,129,0,8,6
09,12,160,50,184,148,-1,8,2
