09,2,90,41,148,87,0,0,-10
09,2,210,31,172,157,0,0,-5
09,2,220,15,161,159,0,0,-26
09,2,150,5,155,98,0,0,-10
09,2,30,51,149,141,0,0,-7
09,2,360,51,163,145,-1,8,-23
09,2,990,5,104,85,0,5,5
09,2,990,5,113,111,0,1,-8
09,2,990,10,100,86,0,0,-15
09,2,200,21,103,86,0,0,4
09,2,200,26,147,101,0,3,5
09,2,40,31,87,63,0,3,-4
09,2,30,21,77,43,0,0,-7
09,2,210,15,94,58,0,0,-7
09,2,200,41,152,89,0,4,-5
09,2,990,10,166,166,0,8,-6
09,2,250,57,172,167,0,2,-4
09,2,200,41,110,107,0,0,4
09,2,210,10,160,147,-1,8,-2
09,2,30,21,113,96,0,5,1
09,2,80,21,96,74,0,0,-4
09,2,190,51,202,134,0,2,-2
09,2,230,67,117,104,0,7,0
09,2,220,93,159,154,-1,8,2
09,2,200,41,175,167,2,8,-6
09,2,280,26,146,146,-1,7,-6
09,2,220,21,112,112,0,5,-3
09,2,200,62,89,85,0,0,-2
09,2,160,51,130,109,4,8,-4
09,2,200,46,127,108,0,8,0
09,2,240,62,101,93,1,7,3
09,2,210,67,118,102,-1,7,0
09,2,230,77,146,136,0,8,0
09,2,230,72,102,97,1,8,-1
09,2,260,67,99,96,4,7,-3
09,2,210,31,54,53,0,1,3
09,2,190,46,138,88,0,2,-5
09,2,220,51,100,81,0,6,-20
09,2,190,31,85,82,0,1,-2
09,2,170,10,90,78,0,0,-4
09,2,180,46,150,129,0,6,-11
09,2,210,31,85,79,0,0,-7
09,2,160,15,92,75,0,6,-1
09,2,220,57,123,123,6,8,-2
09,2,250,36,134,134,0,7,-4
09,2,230,67,136,128,0,8,1
09,2,70,26,92,91,0,0,3
09,2,110,41,121,112,0,1,4
09,2,190,21,141,131,0,7,1
09,2,230,36,145,139,0,5,1
09,2,90,31,140,131,0,6,1
09,2,130,46,161,145,0,7,0
09,2,170,51,125,106,0,0,-1
09,2,170,36,107,105,0,0,-7
09,2,160,31,118,104,0,1,-6
09,2,140,36,110,104,0,0,6
09,2,120,15,134,109,0,0,0
09,2,140,26,132,124,0,1,-4
09,2,210,31,150,132,0,7,-1
09,2,190,21,140,127,0,6,-2
09,2,360,21,102,99,0,1,-2
09,2,990,15,133,117,0,2,-6
09,2,250,26,125,117,-1,8,-2
09,2,290,31,111,106,0,8,3
09,2,270,31,101,90,-1,7,0
09,2,160,10,64,42,0,1,-2
09,2,110,15,94,58,0,3,-11
09,2,110,31,151,148,0,8,0
09,2,180,46,155,128,0,4,-5
09,2,200,46,153,132,0,6,-1
09,2,200,41,124,110,0,7,3
09,2,240,26,111,111,0,2,-19
09,2,90,51,136,123,0,8,0
09,2,160,36,125,91,0,8,2
09,2,230,82,127,109,0,8,-3
09,2,230,46,130,128,1,8,-2
09,2,220,62,103,92,0,3,-4
09,2,30,31,73,72,0,0,-1
09,2,70,41,80,66,0,1,-1
09,2,170,36,135,116,0,3,-6
09,2,220,41,188,162,0,7,-15
09,2,990,10,151,145,-1,8,-2
09,2,320,10,139,139,-1,8,-1
09,2,40,41,124,119,0,8,-3
09,2,20,72,105,105,13,8,-4
09,2,240,51,105,105,0,8,-2
09,2,230,77,99,88,0,8,-1
09,2,190,57,81,73,0,6,-4
09,2,160,21,88,82,0,7,-19
09,2,90,26,90,82,0,7,1
09,2,190,46,175,155,0,6,0
09,2,210,51,131,128,0,2,1
09,2,210,67,133,110,0,7,-5
09,2,180,31,139,107,0,7,5
09,2,230,57,153,128,0,7,-1
09,2,130,10,103,75,0,1,-11
09,2,180,21,107,106,0,7,2
09,2,180,31,139,126,0,7,-3
09,2,190,62,106,85,0,2,2
09,2,190,62,128,111,0,8,-1
09,2,210,51,102,89,0,1,-2
09,2,180,46,145,120,0,7,0
09,2,220,51,121,86,0,0,0
09,2,90,41,108,82,0,7,8
09,2,210,51,93,88,0,1,-4
09,2,230,93,102,93,5,8,-4
09,2,230,72,82,60,0,7,-3
09,2,250,41,97,94,0,8,-8
09,2,260,21,111,109,0,8,0
09,2,170,46,103,77,0,8,0
09,2,50,31,108,107,0,8,1
09,2,70,36,121,105,0,6,-22
09,2,80,41,103,81,0,2,-5
09,2,50,46,131,114,0,7,-6
09,2,140,21,121,120,0,0,-2
09,2,200,31,116,106,0,1,6
09,2,990,15,138,136,0,7,-1
09,2,220,26,107,95,0,2,0
09,2,200,21,101,98,0,5,7
09,2,150,15,128,103,0,8,1
09,2,290,26,103,92,0,6,-1
09,2,240,36,123,110,0,7,-2
09,2,210,36,138,135,0,8,-10
09,2,210,46,90,90,0,0,-1
09,2,210,51,133,122,0,7,0
09,2,200,46,124,111,0,7,-2
09,2,180,36,159,123,-1,8,-10
09,2,150,82,166,120,0,7,3
09,2,230,77,146,132,0,7,-2
09,2,190,36,138,125,0,6,4
09,2,170,36,151,145,8,8,0
09,2,180,31,137,127,-1,7,-14
09,2,200,26,125,119,0,5,-1
09,2,230,41,120,120,0,5,-9
09,2,170,26,107,93,0,2,0
09,2,130,31,120,112,2,7,1
09,2,130,26,126,115,0,7,-1
09,2,90,36,125,118,0,2,2
09,2,70,36,149,122,0,7,-8
09,2,30,57,116,86,0,7,2
09,2,300,15,82,74,0,2,-14
09,2,990,10,126,126,-1,7,-3
09,2,200,31,125,115,0,8,-4
09,2,190,36,121,113,0,3,-5
09,2,270,41,105,103,-1,8,-3
09,2,230,82,116,80,0,8,-2
09,2,220,77,134,130,28,8,0
09,2,240,51,75,49,0,1,-5
09,2,200,36,53,41,0,2,-4
09,2,220,31,81,71,0,6,-3
09,2,240,10,82,77,0,2,0
09,2,180,10,102,100,0,4,-8
09,2,50,20,98,87,0,1,-9
09,2,40,30,108,98,0,0,0
09,2,40,30,125,112,0,4,-8
09,2,20,30,92,78,0,0,-4
09,2,50,20,94,85,0,1,-10
09,2,20,30,86,67,0,5,-4
09,2,990,10,98,88,0,3,-10
09,2,230,20,109,106,0,2,-11
09,2,290,20,116,113,0,6,-9
09,2,210,50,110,105,2,8,0
09,2,260,30,78,71,0,5,-1
09,2,300,40,113,104,0,8,-1
09,2,240,20,97,89,0,6,-15
09,2,0,0,81,78,0,0,-2
09,2,80,20,76,62,0,0,-10
09,2,70,40,71,59,0,0,-5
09,2,60,60,94,70,0,5,-6
09,2,70,50,88,76,0,1,-8
09,2,60,40,111,98,0,8,-2
09,2,40,40,88,74,0,8,-3
09,2,30,20,94,93,0,8,-2
09,2,240,20,99,99,-1,8,0
09,2,180,20,100,100,0,7,-3
09,2,190,30,112,94,0,7,-4
09,2,190,50,130,117,7,7,8
09,2,230,40,132,123,-1,7,-6
09,2,200,60,120,95,-1,8,-1
09,2,210,90,174,134,0,8,-2
09,2,210,40,199,172,0,1,0
09,2,360,40,150,149,7,8,-4
09,2,170,20,119,115,0,0,-2
09,2,190,30,162,150,0,6,0
09,2,230,10,167,156,0,7,-6
09,2,250,20,132,120,0,3,-5
09,2,230,50,125,105,0,4,3
09,2,190,30,121,117,0,0,-4
09,2,220,40,138,125,0,7,-2
09,2,300,20,113,88,0,7,-1
09,2,120,20,83,66,0,1,9
09,2,200,40,164,123,0,6,0
09,2,240,60,134,125,0,8,-8
09,2,220,40,96,64,0,7,-20
09,2,180,30,73,59,0,3,6
09,2,200,20,81,61,0,0,4
09,2,200,50,130,103,0,4,3
09,2,170,10,132,105,0,3,1
09,2,40,30,133,131,0,5,1
09,2,70,30,66,42,0,1,-10
09,2,70,30,68,37,0,0,-5
09,2,100,30,76,50,0,0,-15
09,2,40,10,89,66,0,0,-4
09,2,50,20,93,84,0,3,14
09,2,70,30,85,77,0,0,6
09,2,100,20,121,83,0,0,-25
09,2,60,20,98,91,0,0,-3
09,2,990,10,93,93,0,9,-10
09,2,0,0,81,81,0,9,2
09,2,190,20,129,116,0,7,-7
09,2,110,40,134,95,0,6,1
09,2,340,20,149,137,0,8,-5
09,2,90,30,165,164,4,6,3
09,2,240,40,153,149,0,8,-2
09,2,200,30,157,143,4,8,-7
09,2,210,40,150,148,26,8,0
09,2,180,20,152,138,-1,8,-5
09,2,190,40,151,141,0,5,2
09,2,200,50,160,154,0,2,7
09,2,200,60,163,149,0,0,4
09,2,210,60,144,128,0,2,-6
09,2,990,10,119,116,12,8,-3
09,2,210,50,70,63,0,2,6
09,2,250,50,82,78,24,8,2
09,2,260,90,120,114,28,8,-1
09,2,230,80,148,138,-1,8,-2
09,2,250,80,114,89,-1,7,-8
09,2,250,30,104,98,0,7,-4
09,2,190,30,131,107,0,7,-1
09,2,80,10,144,144,0,9,-4
09,2,60,20,101,98,0,0,-3
09,2,70,30,106,98,0,0,-5
09,2,80,30,97,87,0,0,1
09,2,90,40,107,97,0,0,-3
09,2,990,10,146,126,-1,8,2
09,2,150,40,153,128,0,1,3
09,2,170,10,125,124,0,6,5
09,2,0,0,137,129,0,8,1
09,2,210,20,141,141,0,8,-1
09,2,90,40,129,122,0,7,0
09,2,990,10,157,141,0,7,-3
09,2,0,0,162,148,0,7,-4
09,2,90,30,128,87,0,2,-2
09,2,80,30,154,113,0,1,-5
09,2,0,0,151,136,0,0,-1
09,2,200,30,166,134,0,6,5
09,2,190,30,160,145,0,1,-1
09,2,170,20,145,141,0,2,9
09,2,170,20,165,136,0,1,-2
09,2,20,30,172,167,0,7,-1
09,2,130,20,170,126,0,1,-1
09,2,160,30,186,141,0,0,3
09,2,50,20,176,169,0,3,-6
09,2,990,10,171,163,0,8,0
09,2,990,10,166,163,0,5,4
09,2,220,40,115,108,0,1,-13
09,2,230,40,165,101,0,8,-5
09,2,190,30,118,113,0,1,-5
09,2,80,30,120,102,0,4,2
09,2,990,10,175,149,0,8,-4
09,2,180,40,137,108,0,2,-9
09,2,170,30,155,126,-1,8,-1
09,2,160,30,177,149,0,7,-7
09,2,200,50,163,136,0,1,-1
09,2,190,40,156,140,0,3,2
09,2,220,50,157,148,15,8,-7
09,2,180,40,127,117,0,4,2
09,2,190,50,144,127,0,6,4
09,2,200,50,143,121,0,7,5
09,2,200,50,149,137,9,8,0
09,2,160,30,125,102,0,7,10
09,2,210,50,136,114,-1,7,-2
09,2,310,40,133,123,1,7,-6
09,2,260,20,119,109,-1,7,-1
09,2,250,30,121,106,0,7,-2
09,2,190,50,132,90,0,7,-2
09,2,250,50,125,95,0,6,1
09,2,210,60,134,124,-1,8,5
09,2,200,30,169,155,0,7,-1
09,2,210,10,168,152,0,7,-1
09,2,90,20,158,144,0,0,-2
09,2,170,30,174,149,0,3,-4
09,2,220,30,145,132,0,2,-5
09,2,200,20,132,118,0,2,8
09,2,160,20,131,119,0,5,-3
09,2,230,80,144,121,0,7,-8
09,2,270,20,146,140,0,8,-2
09,2,180,20,117,113,0,0,0
09,2,160,30,113,98,0,0,9
09,2,110,20,150,131,1,8,12
09,2,230,20,116,105,0,8,1
09,2,170,30,103,85,0,1,13
09,2,180,20,131,120,0,2,-1
09,2,70,40,100,77,0,3,-6
09,2,230,30,145,127,-1,8,-3
09,2,150,20,140,113,0,8,3
09,2,210,30,151,140,0,4,10
09,2,180,50,162,115,0,8,-2
09,2,90,20,163,135,0,7,-9
09,2,230,30,155,131,0,7,-11
09,2,230,20,127,121,0,7,3
09,2,200,40,94,81,0,1,2
09,2,210,40,158,155,-1,7,3
09,2,210,40,132,128,0,8,0
09,2,280,40,121,116,0,8,0
09,2,210,40,126,102,0,8,-4
09,2,250,30,126,123,0,7,-3
09,2,250,90,153,142,10,8,-4
09,2,270,40,87,77,2,7,1
09,2,260,50,99,91,0,7,2
09,2,240,40,99,87,0,7,-4
09,2,260,60,128,118,-1,7,-1
09,2,210,80,134,118,3,8,-4
09,2,240,40,107,96,0,8,0
09,2,210,50,119,103,0,8,1
09,2,210,40,91,85,12,7,4
09,2,290,40,86,78,0,7,-5
09,2,130,30,79,73,0,2,-3
09,2,190,40,103,85,0,7,0
09,2,230,90,123,107,-1,8,-3
09,2,240,60,113,98,0,8,-2
09,2,220,10,77,73,0,1,-6
09,2,200,30,91,87,0,7,-3
09,2,60,20,111,108,0,8,-4
09,2,190,30,96,90,0,5,-8
09,2,180,30,88,83,0,3,5
09,2,220,70,145,134,0,7,1
09,2,200,30,115,108,0,3,3
09,2,140,10,109,95,0,4,2
09,2,210,30,148,142,-1,8,-7
09,2,10,30,145,117,0,7,-3
09,2,60,20,116,100,0,1,-10
09,2,80,40,128,91,0,1,-4
09,2,140,20,116,86,0,6,-1
09,2,200,30,148,141,0,8,-8
09,2,200,30,128,116,0,5,1
09,2,180,40,148,118,0,4,4
09,2,170,30,141,115,0,2,-2
09,2,80,30,154,136,0,3,-1
09,2,170,10,135,110,0,5,-2
09,2,180,10,134,128,7,8,-2
09,2,80,40,142,137,0,7,0
09,2,40,30,106,93,0,0,-2
09,2,50,20,121,106,0,0,-6
09,2,330,30,144,126,0,8,-2
09,2,160,10,96,78,0,0,-2
09,2,200,10,99,92,0,6,10
09,2,220,10,115,100,0,7,-2
09,2,70,30,109,92,0,7,1
09,2,350,20,119,102,0,3,-6
09,2,190,10,121,105,0,7,-4
09,2,210,30,109,100,0,7,4
09,2,30,50,99,89,0,8,-5
09,2,30,60,73,46,0,7,-1
09,2,990,10,61,46,0,7,0
09,2,210,40,116,105,0,8,-1
09,2,280,20,109,103,0,8,-1
09,2,990,10,87,80,0,3,-8
09,2,180,10,92,82,0,3,-6
09,2,140,30,80,60,0,2,-2
09,2,210,30,103,93,0,8,0
09,2,280,20,96,80,0,0,-5
09,2,170,10,84,67,0,0,-1
09,2,110,10,103,75,0,1,-5
09,2,0,0,117,91,0,0,-8
09,2,200,10,165,135,1,8,-2
09,2,220,40,140,126,0,8,-1
09,2,180,20,136,120,-1,8,-3
09,2,0,0,104,88,0,0,-7
09,2,200,20,118,106,0,8,0
09,2,250,40,112,109,0,8,-5
09,2,220,30,108,90,0,7,0
09,2,50,20,110,108,0,3,-5
09,2,60,10,94,68,0,0,-4
09,2,130,20,112,91,0,0,2
09,2,200,30,119,100,0,5,11
09,2,200,20,114,90,0,0,-8
09,2,170,30,134,87,0,0,1
09,2,220,30,167,105,0,0,-30
09,2,170,30,163,99,0,0,-2
09,2,190,40,167,98,0,0,-1
09,2,170,30,188,108,0,0,16
09,2,290,30,106,103,31,8,0
09,2,220,20,52,45,0,0,6
09,2,90,20,64,31,0,0,3
09,2,180,30,91,30,0,0,-9
09,2,210,30,115,97,0,8,2
09,2,90,40,124,102,0,8,0
09,2,240,80,109,96,0,8,-2
09,2,160,20,64,51,0,0,4
09,2,170,20,100,86,0,7,0
09,2,170,20,114,94,0,0,2
09,2,170,20,153,124,0,1,2
09,2,170,30,152,134,0,1,6
09,2,90,10,163,146,0,0,1
09,2,90,30,170,145,0,0,-14
09,2,40,30,153,138,0,0,6
09,2,30,40,144,129,0,0,-6
09,2,80,30,123,93,0,0,-3
09,2,90,20,124,64,0,0,-5
09,2,190,40,190,175,8,8,-1
09,2,230,80,153,124,0,3,-4
09,2,190,40,134,93,0,8,0
09,2,190,40,112,102,0,0,2
09,2,210,60,125,94,0,1,3
09,2,200,20,78,74,0,0,-7
09,2,170,30,87,57,0,0,-2
09,2,190,40,129,77,0,2,7
09,2,220,40,154,144,-1,8,0
09,2,190,50,116,88,0,8,-3
09,2,250,100,132,89,0,8,-5
09,2,230,70,111,63,0,5,1
09,2,270,20,125,122,9,8,8
09,2,260,30,100,91,-1,8,-4
09,2,270,30,103,98,0,8,0
09,2,240,30,114,110,-1,8,3
09,2,220,60,140,121,0,8,0
09,2,200,40,137,134,0,8,2
09,2,230,70,127,121,12,8,4
09,2,150,10,82,70,0,3,-7
09,2,160,30,201,134,0,0,13
09,2,210,20,177,165,0,8,-10
09,2,50,20,149,131,0,0,3
09,2,90,30,151,119,0,0,-3
09,2,120,30,151,117,0,0,-6
09,2,220,10,176,149,0,6,-2
09,2,220,20,174,156,0,0,-5
09,2,190,30,177,156,0,0,-4
09,2,230,10,196,157,0,8,-10
09,2,150,10,163,159,0,2,-6
09,2,210,20,164,155,0,7,1
09,2,360,40,161,150,0,8,-1
09,2,40,10,115,104,0,2,-5
09,2,190,40,128,119,0,0,-3
09,2,230,50,170,158,0,8,-1
09,2,240,70,163,151,2,8,4
09,2,340,20,74,61,0,0,-3
09,2,220,10,62,52,0,0,1
09,2,80,20,71,55,0,0,-8
09,2,220,20,74,61,0,0,-10
09,2,200,10,83,67,0,0,-1
09,2,160,10,91,63,0,0,1
09,2,190,30,116,83,0,0,-7
09,2,210,30,137,109,0,7,10
09,2,160,30,138,122,0,7,6
09,2,210,30,116,110,0,1,-9
09,2,190,40,142,111,0,3,-4
09,2,230,60,131,113,0,7,-4
09,2,190,70,106,71,0,8,5
09,2,210,40,79,65,0,7,-7
09,2,190,40,157,130,0,7,-4
09,2,210,40,156,131,0,7,-13
09,2,220,90,189,138,0,8,0
09,2,240,60,180,156,0,8,-1
09,2,180,30,148,135,0,8,-6
09,2,180,20,151,137,0,0,-2
09,2,200,20,170,165,0,0,-3
09,2,360,10,92,85,0,1,-1
09,2,80,40,100,85,0,0,-6
09,2,70,30,117,90,0,2,6
09,2,180,30,156,133,0,1,1
09,2,160,20,165,139,0,0,3
09,2,170,30,192,144,0,0,-1
09,2,130,10,198,148,0,8,-9
09,2,60,30,181,146,0,8,-12
09,2,40,20,159,140,0,5,-4
09,2,220,20,177,169,0,7,3
09,2,240,20,158,145,0,7,-2
09,2,200,30,120,104,0,1,3
09,2,190,30,96,85,0,0,-1
09,2,130,30,127,110,0,0,19
09,2,140,40,186,128,0,0,2
09,2,150,10,170,138,0,8,0
09,2,170,20,201,160,0,8,-4
09,2,990,10,168,152,0,8,-2
09,2,220,40,151,138,0,8,1
09,2,210,20,113,108,0,0,7
09,2,180,30,132,106,0,8,-1
09,2,170,30,143,119,0,7,8
09,2,210,50,159,136,0,6,0
09,2,230,40,137,130,0,6,2
09,2,200,30,142,125,0,8,2
09,2,230,70,152,127,0,8,2
09,2,270,20,99,85,0,7,1
09,2,200,10,56,47,0,0,6
09,2,240,20,129,128,2,8,2
09,2,350,30,145,141,4,8,-1
09,2,230,20,104,101,0,7,0
09,2,260,20,145,138,0,8,-1
09,2,200,40,115,102,0,8,4
09,2,270,30,117,106,-1,8,-2
09,2,360,20,92,89,0,0,-4
09,2,350,10,127,116,0,8,-3
09,2,350,10,84,80,0,8,-2
09,2,280,10,122,117,0,1,-6
09,2,190,40,99,79,0,0,0
09,2,220,40,142,126,0,1,0
09,2,230,30,104,100,11,8,1
09,2,200,30,74,62,0,8,-1
09,2,190,50,102,77,0,1,-1
09,2,200,50,128,81,0,8,-1
09,2,210,30,100,81,0,0,-4
09,2,210,30,112,105,0,0,2
09,2,190,50,149,135,0,0,-4
09,2,210,60,100,75,0,1,-3
09,2,210,40,87,82,0,6,10
09,2,20,40,82,78,0,8,3
09,2,360,50,109,105,9,8,0
09,2,240,30,102,101,0,8,2
09,2,230,40,100,98,0,1,-1
09,2,220,50,166,150,0,0,-7
09,2,180,60,149,122,0,6,0
09,2,190,60,115,101,0,0,1
09,2,200,70,121,99,0,8,3
09,2,200,60,145,110,0,8,-4
09,2,190,100,181,135,0,1,-2
09,2,190,60,143,102,0,0,-6
09,2,220,70,142,116,0,8,-1
09,2,150,20,120,94,0,0,0
09,2,190,30,169,148,0,5,4
09,2,160,40,169,152,0,0,1
09,2,100,10,149,144,0,0,-11
09,2,200,10,104,101,0,7,1
09,2,70,20,68,50,0,0,-1
09,2,350,20,92,77,0,2,-2
09,2,50,20,65,56,0,8,6
09,2,50,20,109,94,0,8,-3
09,2,80,40,72,43,0,8,-1
09,2,90,30,51,31,0,0,7
09,2,60,20,55,41,0,0,-7
09,2,50,20,56,45,0,0,9
09,2,50,20,109,105,0,9,-5
09,2,360,20,101,88,0,8,0
09,2,50,30,113,109,0,8,0
09,2,50,20,99,92,0,8,-23
09,2,60,20,71,61,0,0,-6
09,2,100,20,84,76,0,0,-18
09,2,200,20,67,55,0,0,-3
09,2,200,30,86,80,0,7,-4
09,2,210,60,91,70,0,8,2
09,2,180,40,203,102,0,3,9
09,2,200,40,134,123,0,0,0
09,2,180,60,147,132,19,8,0
09,2,220,70,117,95,0,3,3
09,2,240,60,133,97,0,8,-3
09,2,200,50,104,86,0,1,-5
09,2,180,30,118,95,0,8,-4
09,2,170,30,143,106,0,0,-12
09,2,200,20,137,104,0,0,5
09,2,10,40,142,133,0,8,0
09,2,30,40,105,95,0,0,-6
09,2,20,50,126,101,0,8,-10
09,2,330,10,104,94,0,4,-10
09,2,350,30,117,109,0,8,1
09,2,30,30,113,107,-1,8,-12
09,2,30,40,144,136,0,8,0
09,2,30,50,120,98,0,8,-9
09,2,50,30,93,80,0,0,-1
09,2,110,20,168,139,0,8,-2
09,2,210,30,145,132,0,0,-2
09,2,350,20,129,124,0,8,-2
09,2,170,30,95,79,0,0,6
09,2,230,40,122,105,0,5,-5
09,2,240,20,151,148,-1,8,0
09,2,210,10,80,74,0,0,-5
09,2,170,10,74,68,0,0,-6
09,2,160,20,75,67,0,0,1
09,2,210,20,79,69,0,1,-5
09,2,230,30,132,103,0,7,0
09,2,230,20,137,124,0,8,3
09,2,50,10,93,84,0,1,0
09,2,40,20,94,89,0,0,-5
09,2,80,10,101,100,0,0,-2
09,2,350,10,101,100,0,0,-9
09,2,90,10,79,71,0,0,-1
09,2,90,40,103,75,0,0,-5
09,2,100,40,130,91,-1,8,-8
09,2,90,60,130,121,0,8,3
09,2,260,30,137,133,19,8,-3
09,2,220,50,128,122,0,7,6
09,2,190,40,152,118,0,8,1
09,2,200,30,146,127,0,7,-7
09,2,250,20,117,112,0,7,-6
09,2,220,90,149,112,0,8,-2
09,2,250,30,127,119,8,8,-2
09,2,260,40,123,105,-1,8,-6
09,2,230,40,97,89,0,6,-5
09,2,230,30,81,70,0,8,-1
09,2,190,20,80,65,0,6,-4
09,2,200,50,102,81,0,6,5
09,2,200,30,102,86,0,0,2
09,2,140,20,109,94,0,0,-7
09,2,190,30,129,109,0,0,-8
09,2,210,40,158,146,-1,8,-11
09,2,340,60,111,107,34,8,-6
09,2,230,40,94,87,0,8,-1
09,2,110,20,56,52,0,0,-10
09,2,240,30,100,99,2,8,0
09,2,40,20,120,119,0,8,-9
09,2,160,20,108,99,0,4,5
09,2,80,10,100,93,0,0,-9
09,2,90,20,118,96,0,0,7
09,2,190,20,159,142,0,0,5
09,2,160,20,191,181,0,8,6
09,2,230,60,130,103,0,0,-4
09,2,190,50,126,82,0,1,5
09,2,240,80,136,114,-1,3,-1
09,2,230,80,120,112,17,8,2
09,2,230,30,153,146,0,8,1
09,2,150,20,167,165,0,1,3
09,2,230,40,191,172,0,0,3
09,2,190,40,133,118,0,0,0
09,2,240,70,150,117,0,3,-5
09,2,230,50,120,92,0,8,-7
09,2,220,40,123,111,0,8,5
09,2,70,30,101,85,0,8,-7
09,2,230,50,150,116,0,7,-12
09,2,200,30,109,100,0,8,2
09,2,220,20,113,106,11,8,0
09,2,200,50,109,96,0,8,0
09,2,210,30,140,113,0,8,3
09,2,240,50,134,104,0,1,-8
09,2,210,30,116,103,0,8,-13
09,2,160,30,98,72,0,0,-10
09,2,180,20,105,98,0,0,-8
09,2,190,30,156,122,0,0,3
09,2,140,10,154,137,0,8,-1
09,2,30,20,126,120,0,0,1
09,2,100,30,137,126,0,0,-9
09,2,100,20,128,105,0,0,-4
09,2,330,20,93,78,0,8,-7
09,2,180,20,84,67,0,0,4
09,2,180,20,116,112,0,1,11
09,2,0,0,113,110,0,0,-1
09,2,360,10,145,139,0,5,6
09,2,20,10,107,92,0,8,0
09,2,200,30,98,82,0,0,-5
09,2,190,20,118,89,0,0,-9
09,2,160,10,140,99,0,0,-13
09,2,220,40,153,104,0,8,-7
09,2,200,50,187,146,-1,8,-6
09,2,220,30,108,96,0,8,-3
09,2,190,50,111,91,-1,8,-4
09,2,200,50,100,93,0,0,-4
09,2,210,20,123,116,0,8,-1
09,2,190,40,104,86,0,0,-4
09,2,220,30,107,101,0,0,13
09,2,230,40,134,123,0,0,-5
09,2,230,30,79,69,0,4,0
09,2,190,40,70,55,0,1,0
09,2,170,20,66,37,0,0,1
09,2,200,30,65,56,0,0,14
09,2,70,30,81,54,0,8,-13
09,2,140,20,126,118,2,8,-3
09,2,190,70,130,115,-1,8,-2
09,2,170,40,124,110,7,8,-4
09,2,200,70,124,100,0,8,-6
09,2,200,50,93,87,0,0,6
09,2,200,60,111,95,0,8,0
09,2,200,40,69,55,0,0,-3
09,2,300,10,95,76,0,0,-5
09,2,220,50,122,87,0,5,-3
09,2,210,20,129,119,0,0,1
09,2,140,20,150,133,0,1,-9
09,2,170,30,186,132,0,0,4
09,2,180,40,211,148,0,0,0
09,2,340,10,163,159,-1,1,-8
09,2,330,10,134,130,41,8,-3
09,2,270,10,117,98,0,8,-2
09,2,260,30,97,89,0,8,0
09,2,230,60,112,107,12,8,-1
09,2,290,20,126,122,0,8,0
09,2,250,20,128,122,-1,8,-2
09,2,200,60,147,144,-1,8,4
09,2,0,0,98,93,0,8,-3
09,2,220,100,122,115,10,8,3
09,2,210,50,74,55,0,3,1
09,2,260,30,126,121,0,8,-3
09,2,220,40,93,89,0,8,6
09,2,220,50,127,116,0,8,3
09,2,220,30,89,86,0,5,-2
09,2,200,30,123,106,0,8,2
09,2,250,10,150,147,0,8,-2
09,2,990,10,107,98,0,0,-14
09,2,110,30,112,102,0,0,-7
09,2,250,20,144,136,-1,8,-2
09,2,30,20,73,73,0,7,2
09,2,90,30,81,70,0,0,0
09,2,70,40,101,59,0,0,-1
09,2,70,40,72,45,0,0,-5
09,2,240,20,116,113,0,7,2
09,2,190,10,134,121,0,4,-4
09,2,70,30,134,131,0,0,-6
09,2,60,30,138,121,0,0,0
09,2,120,10,170,147,0,8,-3
09,2,200,30,159,149,0,4,-5
09,2,280,10,153,149,0,8,-12
09,2,40,10,128,125,0,0,-5
09,2,60,20,99,91,0,7,-6
09,2,20,30,130,109,0,8,-2
09,2,350,20,122,111,0,8,0
09,2,30,20,93,86,0,0,-6
09,2,20,40,133,126,0,0,-4
09,2,30,30,113,110,0,0,2
09,2,40,10,133,126,0,8,-8
09,2,140,20,167,137,0,8,-26
09,2,100,10,132,119,0,0,0
09,2,110,20,144,132,0,1,9
09,2,200,30,157,150,0,0,-6
09,2,190,40,173,162,0,8,-1
09,2,320,20,164,161,8,8,-2
09,2,280,10,106,97,0,6,4
09,2,200,20,54,51,0,1,10
09,2,190,40,91,71,0,8,-2
09,2,240,30,110,107,0,8,-4
09,2,220,40,128,101,0,8,-5
09,2,200,10,138,131,0,8,5
09,2,170,20,113,103,0,0,19
09,2,180,30,157,129,0,8,2
09,2,200,40,153,142,0,8,2
09,2,270,30,169,152,0,8,-2
09,2,180,10,104,99,0,0,2
09,2,210,20,111,108,0,7,-7
09,2,200,30,100,90,0,6,1
09,2,250,40,116,104,-1,8,-1
09,2,230,20,92,78,-1,7,0
09,2,240,30,116,98,0,8,-3
09,2,360,10,117,110,0,8,2
09,2,60,20,126,115,0,8,-1
09,2,70,30,96,68,0,0,0
09,2,70,40,92,72,0,4,-3
09,2,120,20,134,73,0,8,5
09,2,280,10,136,128,-1,8,-3
09,2,170,20,156,144,0,8,3
09,2,200,70,109,76,0,0,2
09,2,130,40,128,109,2,8,-1
09,2,190,80,155,112,0,1,0
09,2,190,30,111,101,0,0,-1
09,2,190,30,128,110,0,8,-8
09,2,290,20,111,100,0,8,-7
09,2,200,40,98,85,0,0,-5
09,2,200,50,119,111,-1,8,2
09,2,220,30,99,95,1,8,3
09,2,200,50,106,92,0,8,-3
09,2,200,30,110,103,0,8,-4
09,2,50,10,76,72,0,7,6
09,2,50,30,73,63,0,0,-13
09,2,60,20,65,57,0,0,-7
09,2,60,40,80,60,0,0,-7
09,2,70,40,81,54,0,0,-5
09,2,200,30,138,125,0,0,-4
09,2,190,30,136,125,0,3,3
09,2,190,30,152,119,0,8,-3
09,2,240,30,192,135,-1,8,-25
09,2,230,40,150,137,0,8,2
09,2,160,10,140,131,0,0,-9
09,2,160,30,158,115,0,0,-22
09,2,180,20,151,125,0,0,15
09,2,210,30,133,110,0,1,-8
09,2,190,10,121,95,0,0,0
09,2,200,30,162,119,0,3,5
09,2,130,20,164,134,0,0,7
09,2,130,20,197,145,0,0,-1
09,2,50,10,187,146,0,0,-4
09,2,70,30,183,131,0,0,5
09,2,200,30,157,139,0,8,-6
09,2,200,30,133,114,0,6,-5
09,2,360,30,167,159,0,8,0
09,2,330,20,136,118,0,8,1
09,2,0,0,107,95,0,0,1
09,2,0,0,139,122,0,8,1
09,2,180,20,105,63,0,2,8
09,2,180,20,124,100,0,3,8
09,2,170,30,125,100,0,0,-6
09,2,150,30,144,76,0,0,-9
09,2,200,30,87,75,0,0,5
09,2,180,20,92,86,0,0,-8
09,2,200,50,147,70,0,8,-9
09,2,200,50,156,133,0,8,-3
09,2,220,30,139,121,0,8,0
09,2,220,20,125,115,0,8,-3
09,2,230,10,124,116,0,8,2
09,2,200,30,97,94,0,1,0
09,2,160,20,120,90,0,7,-5
09,2,180,30,162,143,0,8,2
09,2,220,50,184,150,0,8,-19
09,2,230,30,133,99,0,8,-3
09,2,210,60,149,110,0,8,0
09,2,210,40,133,129,13,8,-4
09,2,190,40,101,96,0,0,-1
09,2,200,70,130,123,2,8,4
09,2,240,50,127,111,1,8,-4
09,2,210,130,137,93,-1,8,-15
09,2,230,50,116,96,0,8,1
09,2,200,30,102,97,0,8,-1
09,2,200,30,71,67,0,1,3
09,2,180,30,85,69,0,5,2
09,2,200,20,79,72,0,6,12
09,2,220,40,105,100,0,8,1
09,2,210,40,103,98,0,8,2
09,2,190,20,83,72,0,0,0
09,2,180,20,86,73,0,6,-11
09,2,290,10,106,103,0,8,-23
09,2,0,0,75,72,0,0,-2
09,2,350,10,96,91,0,0,-8
09,2,100,20,120,110,0,8,-2
09,2,80,10,98,91,0,0,-9
09,2,160,20,153,115,0,8,2
09,2,180,30,161,150,0,8,-7
09,2,180,20,160,153,33,8,-8
09,2,90,10,94,80,0,0,-3
09,2,60,20,95,68,0,0,0
09,2,60,10,158,113,0,8,-1
09,2,0,0,177,170,-1,8,2
09,2,100,10,168,142,0,5,-4
09,2,310,20,161,158,0,8,-5
09,2,220,30,134,125,0,1,-5
09,2,190,40,95,70,0,0,2
09,2,180,30,137,100,0,8,1
09,2,220,30,144,111,0,8,5
09,2,220,50,151,117,0,5,1
09,2,190,40,158,124,0,0,-3
09,2,20,20,133,128,1,8,0
09,2,280,10,93,74,0,0,-11
09,2,210,40,116,89,0,8,-8
09,2,170,20,110,81,0,5,-8
09,2,190,30,115,92,0,7,3
09,2,170,40,199,103,0,0,-2
09,2,150,20,151,127,0,6,11
09,2,190,30,160,123,0,8,0
09,2,190,60,199,122,0,7,1
09,2,220,50,114,74,0,8,-7
09,2,90,30,108,105,8,8,0
09,2,260,20,76,64,0,0,-5
09,2,200,20,41,35,0,0,-1
09,2,120,10,49,26,0,8,-5
09,2,190,40,85,49,0,0,-7
09,2,200,30,81,68,0,0,1
09,2,50,20,38,28,0,8,-4
09,2,180,30,38,21,0,0,-2
09,2,230,40,159,129,0,8,-3
09,2,210,30,90,74,0,4,9
09,2,200,30,113,74,0,0,-7
09,2,230,30,150,115,0,8,-2
09,2,210,40,111,97,0,0,-6
09,2,200,20,70,67,0,1,-3
09,2,220,40,130,118,-1,8,-2
09,2,300,20,113,107,-1,8,-4
09,2,200,20,66,62,0,0,-4
09,2,190,20,82,61,0,8,-13
09,2,200,20,115,87,0,8,2
09,2,230,30,161,159,5,8,0
09,2,230,40,167,147,0,8,-5
09,2,90,20,106,86,0,0,-11
09,2,200,30,98,80,0,0,0
09,2,200,20,122,107,0,8,3
09,2,300,10,134,129,0,8,-2
09,2,330,20,75,51,0,0,-21
09,2,20,10,69,60,0,0,-10
09,2,90,10,60,38,0,8,-7
09,2,70,30,81,39,0,0,3
09,2,160,40,170,51,0,0,-7
09,2,200,30,147,143,13,8,-2
09,2,160,30,141,102,0,8,1
09,2,200,30,126,122,0,6,6
09,2,210,50,147,123,0,6,-2
09,2,200,40,136,130,-1,8,-1
09,2,210,60,137,114,0,8,3
09,2,200,50,145,112,-1,8,1
09,2,250,50,131,115,1,8,-1
09,2,0,0,105,88,0,8,2
09,2,310,10,114,98,0,8,-11
09,2,200,30,126,103,0,8,1
09,2,230,50,187,172,-1,8,0
09,2,200,10,138,126,4,8,0
09,2,190,30,97,72,0,7,-1
09,2,200,20,83,73,0,0,9
09,2,200,50,128,87,0,6,-6
09,2,200,30,151,142,0,8,-11
09,2,40,30,144,95,0,8,-2
09,2,160,20,90,71,0,0,5
09,2,210,30,128,111,0,1,-10
09,2,190,40,123,103,0,8,-5
09,2,170,10,138,115,0,0,-3
09,2,160,30,194,116,0,0,-4
09,2,210,20,193,145,0,8,9
09,2,30,60,136,101,0,8,-9
09,2,40,30,88,51,0,0,1
09,2,70,40,126,65,0,0,-6
09,2,80,20,128,70,0,1,-21
09,2,30,10,100,65,0,0,-8
09,2,200,30,102,73,0,1,-7
09,2,190,30,130,84,0,8,-7
09,2,230,50,129,104,-1,4,-6
09,2,230,60,107,65,0,8,-12
09,2,260,50,97,89,1,8,6
09,2,310,30,115,110,23,8,6
09,2,210,40,105,95,-1,8,1
09,2,240,10,124,122,1,8,6
09,2,210,20,134,130,0,7,5
09,2,60,26,130,96,0,0,-14
09,2,250,31,162,137,0,0,-10
09,2,290,10,129,126,0,0,-12
09,2,30,21,140,102,0,0,-13
09,2,30,21,136,130,0,1,-13
09,2,20,26,144,123,0,7,-7
09,2,270,21,105,88,0,7,10
09,2,320,21,136,120,0,5,-10
09,2,290,15,76,73,0,1,-2
09,2,30,10,89,85,0,1,-7
09,2,50,5,137,119,0,2,16
09,2,0,0,51,48,0,0,-1
09,2,20,15,61,57,0,0,-5
09,2,160,5,56,46,0,0,-6
09,2,220,26,143,122,0,5,1
09,2,210,10,114,111,0,9,-6
09,2,250,51,169,161,-1,7,-2
09,2,220,31,122,116,0,0,0
09,2,360,21,150,137,0,7,-4
09,2,270,5,83,77,0,4,-8
09,2,60,15,75,64,0,0,-16
09,2,200,51,186,119,0,5,-5
09,2,240,41,118,85,0,3,-3
09,2,230,62,170,146,0,8,0
09,2,210,21,160,145,3,8,-6
09,2,200,15,139,134,0,8,-1
09,2,270,15,89,85,0,6,-5
09,2,190,46,83,75,0,0,-3
09,2,120,46,117,109,4,8,2
09,2,210,41,120,107,0,3,-2
09,2,230,10,111,103,2,4,-5
09,2,220,51,123,102,-1,7,0
09,2,210,51,143,127,0,7,0
09,2,240,41,110,99,28,8,-13
09,2,270,51,115,89,-1,6,-1
09,2,220,26,67,50,0,1,-14
09,2,190,51,133,82,0,6,7
09,2,210,36,98,77,0,7,-5
09,2,210,31,90,79,0,3,-2
09,2,170,15,120,97,0,5,-9
09,2,150,21,133,103,0,1,-6
09,2,220,26,94,68,0,2,-9
09,2,150,21,91,45,0,4,5
09,2,220,31,125,106,2,8,-3
09,2,240,36,133,122,0,7,4
09,2,240,36,154,132,0,7,-1
09,2,90,31,97,85,0,0,-11
09,2,110,36,120,106,0,1,3
09,2,190,31,142,124,0,7,1
09,2,210,26,149,144,-1,8,1
09,2,70,15,141,118,0,8,1
09,2,110,26,154,139,0,6,2
09,2,170,46,124,110,0,0,-6
09,2,180,31,105,100,0,6,0
09,2,140,31,133,122,0,7,1
09,2,130,31,124,108,0,2,-5
09,2,130,41,138,117,0,0,-6
09,2,120,15,130,122,0,0,-7
09,2,210,10,106,101,0,1,3
09,2,190,10,138,122,0,8,-2
09,2,340,5,107,102,0,1,-23
09,2,300,5,86,82,0,4,6
09,2,260,21,132,127,3,8,0
09,2,330,31,121,112,0,7,-3
09,2,270,21,107,95,1,7,-1
09,2,30,5,53,47,0,0,-7
09,2,60,15,72,63,0,0,2
09,2,130,15,146,130,0,8,9
09,2,190,36,143,135,0,1,-8
09,2,180,36,142,134,0,6,1
09,2,190,36,100,95,0,1,-2
09,2,170,10,85,84,0,2,-18
09,2,110,57,135,129,25,8,2
09,2,90,41,108,99,-1,8,-1
09,2,230,51,128,117,0,7,-7
09,2,130,15,113,113,0,6,-7
09,2,30,21,103,101,25,8,1
09,2,30,15,38,38,0,0,1
09,2,70,26,61,43,0,1,-10
09,2,150,10,105,103,0,6,3
09,2,190,31,178,167,0,7,-7
09,2,60,10,121,115,0,7,7
09,2,360,21,141,141,1,8,-6
09,2,10,21,114,114,0,6,7
09,2,360,57,111,99,-1,8,4
09,2,280,31,113,108,6,7,-1
09,2,230,51,105,105,5,8,1
09,2,180,57,102,102,2,8,-1
09,2,140,31,88,88,0,7,3
09,2,110,31,93,88,0,8,3
09,2,160,21,159,156,0,2,2
09,2,220,51,148,138,-1,8,5
09,2,240,36,147,129,0,7,-1
09,2,200,46,149,134,-1,8,0
09,2,220,31,153,132,0,8,-3
09,2,210,21,94,75,0,2,4
09,2,190,26,97,97,0,5,5
09,2,180,21,107,106,0,6,-9
09,2,190,46,101,93,0,2,1
09,2,190,57,122,106,0,7,6
09,2,230,31,100,83,0,1,-4
09,2,180,36,135,130,0,4,0
09,2,210,46,119,100,0,1,-1
09,2,90,15,100,86,0,6,1
09,2,210,15,89,89,0,6,-2
09,2,250,36,110,105,5,8,2
09,2,270,46,94,77,5,4,-1
09,2,260,26,94,85,0,5,2
09,2,290,15,112,109,0,7,3
09,2,140,41,95,81,-1,8,1
09,2,30,21,108,106,0,8,1
09,2,40,26,88,87,0,0,2
09,2,60,31,102,86,0,3,-15
09,2,60,31,119,105,0,7,-1
09,2,50,21,120,120,0,5,-12
09,2,0,0,103,103,0,4,-2
09,2,990,10,95,95,0,5,0
09,2,220,15,123,120,-1,7,-5
09,2,210,31,103,92,0,6,9
09,2,180,10,118,115,0,7,2
09,2,300,31,91,88,0,1,12
09,2,270,21,132,111,0,7,7
09,2,240,26,130,130,0,6,-3
09,2,230,21,105,94,-1,2,-1
09,2,200,26,103,103,0,2,-1
09,2,190,31,112,106,0,7,4
09,2,130,36,141,114,-1,8,-6
09,2,120,57,148,133,4,8,1
09,2,230,41,152,139,0,7,-6
09,2,200,31,137,124,0,6,4
09,2,160,36,151,148,9,8,-1
09,2,180,21,90,87,0,1,7
09,2,150,15,111,111,0,2,-9
09,2,240,10,110,110,0,1,-2
09,2,170,31,138,111,0,8,-1
09,2,110,21,99,99,0,3,9
09,2,130,21,127,121,0,8,-1
09,2,40,21,105,103,0,3,-4
09,2,50,15,144,131,0,7,-2
09,2,10,46,114,111,0,1,-7
09,2,320,21,97,97,0,4,20
09,2,0,0,114,114,0,7,7
09,2,220,21,116,116,0,6,6
09,2,190,21,117,117,0,7,14
09,2,290,36,109,109,0,5,-9
09,2,220,51,128,107,0,8,1
09,2,180,31,114,114,4,8,1
09,2,260,36,87,56,0,1,2
09,2,230,36,71,67,0,1,-4
09,2,190,21,86,86,0,7,0
09,2,990,10,94,93,0,7,5
09,2,280,10,70,70,0,1,-1
09,2,30,10,89,86,0,1,3
09,2,20,30,105,99,0,0,-4
09,2,20,30,127,114,0,5,-22
09,2,10,10,76,70,0,0,2
09,2,10,10,78,77,0,0,-9
09,2,10,20,65,56,0,1,-5
09,2,280,10,63,62,0,1,4
09,2,300,30,117,117,0,6,5
09,2,270,10,95,94,0,3,0
09,2,230,40,122,114,2,8,0
09,2,280,40,76,69,-1,4,0
09,2,310,40,122,116,0,7,5
09,2,270,20,116,113,-1,7,1
09,2,50,10,57,57,0,3,0
09,2,40,10,65,56,0,0,-17
09,2,60,40,89,70,0,3,-5
09,2,70,70,95,66,0,1,1
09,2,70,50,96,72,0,4,-5
09,2,50,40,110,73,0,7,-4
09,2,50,40,92,72,0,8,1
09,2,20,20,94,93,0,8,1
09,2,260,10,98,98,0,8,-10
09,2,110,10,53,53,0,4,8
09,2,170,20,92,91,0,1,-7
09,2,180,70,135,129,1,8,-1
09,2,250,30,121,110,0,2,-18
09,2,200,50,128,100,0,8,-6
09,2,240,60,168,162,6,8,-2
09,2,230,20,183,168,0,5,-5
09,2,330,10,144,139,17,8,0
09,2,180,10,108,108,0,1,-6
09,2,190,20,162,144,0,7,-4
09,2,210,10,160,154,0,7,2
09,2,220,20,114,109,0,1,0
09,2,220,20,137,131,1,8,-4
09,2,220,30,135,129,0,2,1
09,2,230,10,138,136,0,6,0
09,2,250,20,101,85,0,1,-20
09,2,120,10,91,77,0,1,-14
09,2,220,30,157,126,0,8,-3
09,2,250,40,126,110,5,4,-16
09,2,230,20,87,70,0,1,-4
09,2,200,30,83,68,0,2,2
09,2,210,30,93,77,0,1,-3
09,2,210,20,116,99,0,4,4
09,2,40,20,110,110,0,1,2
09,2,20,30,125,119,0,7,2
09,2,30,20,62,56,0,0,-5
09,2,40,10,56,53,0,1,-8
09,2,40,10,55,49,0,0,-1
09,2,20,30,67,67,0,0,-1
09,2,10,20,98,97,0,4,1
09,2,50,20,82,79,0,0,-4
09,2,20,20,76,72,0,0,1
09,2,20,20,88,88,0,0,-7
09,2,10,20,66,66,0,3,2
09,2,0,0,62,62,0,5,0
09,2,0,0,136,130,0,8,2
09,2,110,30,129,104,0,7,-1
09,2,130,50,143,142,25,8,3
09,2,130,50,176,176,4,8,-3
09,2,990,10,151,150,0,8,1
09,2,130,30,166,154,-1,8,-8
09,2,200,20,152,152,2,8,2
09,2,140,10,149,149,3,8,2
09,2,170,30,146,146,0,1,-8
09,2,190,50,145,138,0,4,11
09,2,200,60,158,148,0,3,8
09,2,200,50,130,120,0,1,-4
09,2,160,10,117,115,4,8,-4
09,2,300,20,79,73,1,7,-3
09,2,270,30,93,90,-1,5,-1
09,2,290,80,130,126,9,8,0
09,2,260,30,148,142,3,8,-3
09,2,280,50,117,109,7,5,5
09,2,240,30,94,88,0,7,0
09,2,200,20,138,125,0,6,1
09,2,20,20,137,137,0,9,0
09,2,30,20,111,111,0,0,-6
09,2,30,30,89,89,0,2,11
09,2,60,20,91,91,0,0,-4
09,2,110,30,109,104,0,1,-15
09,2,170,30,153,133,0,8,0
09,2,130,20,135,124,0,2,2
09,2,160,20,128,123,0,2,-19
09,2,990,10,119,119,0,6,6
09,2,200,20,133,133,0,6,-10
09,2,110,40,125,125,0,4,1
09,2,230,10,155,145,0,7,3
09,2,0,0,111,108,0,2,-1
09,2,100,20,129,97,0,2,-13
09,2,110,20,131,105,0,0,-7
09,2,20,20,140,135,0,0,-14
09,2,200,20,148,135,0,0,-13
09,2,210,30,153,145,0,0,-4
09,2,200,20,159,146,0,7,-6
09,2,180,10,148,136,0,0,-9
09,2,40,20,160,151,0,7,2
09,2,130,30,175,160,0,1,-2
09,2,160,30,186,140,0,2,-4
09,2,990,10,156,149,0,3,-10
09,2,20,10,169,160,0,8,4
09,2,990,10,156,154,0,6,1
09,2,210,30,109,102,0,3,-8
09,2,200,30,145,134,-1,7,-4
09,2,190,30,104,97,0,3,-4
09,2,100,30,120,106,0,7,1
09,2,180,30,176,155,-1,8,-3
09,2,150,40,131,107,0,3,-15
09,2,150,30,141,134,0,7,3
09,2,160,20,160,148,0,5,3
09,2,200,30,143,133,0,1,7
09,2,180,20,116,110,0,4,9
09,2,190,40,156,144,0,8,0
09,2,180,40,116,104,0,7,4
09,2,200,40,148,128,0,7,0
09,2,180,40,145,122,0,8,-6
09,2,200,50,152,138,-1,7,1
09,2,150,30,131,109,0,7,-1
09,2,190,40,124,114,-1,6,-1
09,2,290,30,120,110,0,3,4
09,2,300,30,129,121,-1,8,-4
09,2,990,10,98,92,0,3,4
09,2,200,40,138,106,0,7,-4
09,2,300,60,138,98,0,2,8
09,2,210,40,154,126,0,8,1
09,2,220,30,176,162,0,8,-3
09,2,180,10,140,138,0,9,3
09,2,990,10,143,140,0,0,-11
09,2,160,20,158,150,0,7,7
09,2,220,30,135,130,0,1,-6
09,2,210,10,129,126,0,7,5
09,2,990,10,126,114,0,5,7
09,2,210,50,152,137,0,7,-7
09,2,280,10,141,136,0,7,-1
09,2,180,30,129,124,0,7,-3
09,2,140,30,130,114,0,7,-1
09,2,200,40,156,141,1,8,-5
09,2,990,10,107,104,0,7,-1
09,2,140,20,113,109,0,5,5
09,2,990,10,160,145,0,7,-9
09,2,100,40,110,84,0,1,-10
09,2,210,30,125,118,0,3,-1
09,2,150,20,138,121,-1,8,4
09,2,220,20,147,142,0,7,5
09,2,180,70,157,125,-1,8,-7
09,2,160,30,163,146,0,7,-6
09,2,230,30,165,140,0,5,-11
09,2,310,10,140,135,0,6,-13
09,2,210,30,110,101,0,2,-6
09,2,220,30,167,157,-1,8,-2
09,2,220,20,134,131,16,7,1
09,2,300,50,131,122,0,7,-4
09,2,200,40,127,123,6,8,3
09,2,260,20,118,107,0,7,7
09,2,280,90,161,141,8,8,-1
09,2,290,70,97,77,8,5,-3
09,2,300,70,114,93,1,7,-1
09,2,250,30,107,76,0,6,-2
09,2,280,50,140,119,5,7,-1
09,2,220,80,133,124,5,8,3
09,2,990,10,100,96,0,7,-1
09,2,210,50,120,109,0,8,-5
09,2,250,20,98,90,4,6,0
09,2,270,20,77,69,2,2,0
09,2,70,30,90,86,0,8,-2
09,2,200,60,109,90,0,8,-3
09,2,280,30,114,109,0,7,0
09,2,290,50,114,105,11,8,-2
09,2,250,20,87,81,0,2,-1
09,2,250,30,120,111,-1,8,-2
09,2,30,20,112,108,0,8,2
09,2,150,10,66,64,0,5,-8
09,2,200,10,63,60,0,2,10
09,2,240,20,139,135,6,8,7
09,2,220,20,129,124,0,3,-4
09,2,990,10,101,96,0,3,6
09,2,240,30,157,152,-1,8,-5
09,2,310,20,114,105,0,,1
09,2,30,20,113,104,0,,0
09,2,60,20,109,89,0,,17
09,2,0,0,96,89,0,,-7
09,2,320,10,116,111,0,,-7
09,2,210,30,131,124,0,,-5
09,2,190,40,136,123,0,,-2
09,2,180,20,141,138,0,,-2
09,2,30,10,144,141,0,,4
09,2,990,10,112,101,0,,5
09,2,290,10,136,133,20,,1
09,2,10,20,132,130,0,,0
09,2,30,20,103,89,0,,0
09,2,360,30,136,132,0,,8
09,2,330,30,146,114,0,,-12
09,2,290,10,79,73,0,,-8
09,2,990,10,77,74,0,,20
09,2,990,10,134,125,0,,1
09,2,990,10,129,115,0,,1
09,2,350,20,134,115,0,,-2
09,2,310,10,108,95,0,,-2
09,2,270,30,115,109,0,,0
09,2,20,40,105,92,0,,5
09,2,30,30,59,49,0,,0
09,2,990,10,86,71,0,,5
09,2,230,20,117,107,0,,1
09,2,990,10,116,112,0,,-7
09,2,990,10,74,71,0,,3
09,2,0,0,108,100,0,,-6
09,2,990,10,74,69,0,,-3
09,2,230,30,120,104,0,8,-1
09,2,280,30,78,76,0,0,-2
09,2,0,0,68,65,0,1,-7
09,2,30,10,92,90,0,1,-3
09,2,60,20,115,101,0,0,-19
09,2,170,20,173,135,0,8,-8
09,2,200,30,121,120,0,0,-2
09,2,300,10,113,110,0,6,-10
09,2,300,10,79,76,0,1,12
09,2,190,20,115,102,0,8,-1
09,2,310,50,120,111,18,8,-23
09,2,220,10,104,100,0,4,5
09,2,0,0,77,74,0,4,-4
09,2,30,10,73,71,0,1,-2
09,2,0,0,88,84,0,1,-4
09,2,0,0,110,108,0,8,-11
09,2,0,0,92,91,0,2,-1
09,2,170,20,122,107,0,1,1
09,2,210,30,143,137,0,1,-6
09,2,230,10,125,108,0,0,18
09,2,220,30,165,94,0,1,-9
09,2,180,30,170,133,0,1,-3
09,2,260,20,116,114,-1,8,-2
09,2,250,10,35,31,0,0,4
09,2,30,10,40,38,0,1,-2
09,2,160,20,81,46,0,0,-6
09,2,290,10,127,123,-1,8,-4
09,2,50,20,110,93,0,8,2
09,2,300,70,118,108,2,8,-7
09,2,140,10,65,64,0,2,7
09,2,200,20,88,79,0,2,7
09,2,0,0,100,97,0,0,-3
09,2,0,0,116,109,0,1,-6
09,2,230,20,167,139,0,3,-8
09,2,50,10,152,146,0,1,-7
09,2,20,20,146,136,0,0,-3
09,2,30,40,158,151,0,6,-2
09,2,30,30,105,98,0,0,7
09,2,60,30,125,106,0,0,-14
09,2,120,40,131,83,0,0,-3
09,2,190,20,169,169,0,5,4
09,2,210,50,146,126,0,1,-4
09,2,200,40,134,108,-1,8,-1
09,2,200,60,110,106,0,0,0
09,2,220,40,120,104,0,5,-1
09,2,0,0,49,48,0,0,2
09,2,180,30,91,73,0,0,-2
09,2,170,50,138,80,0,7,-4
09,2,230,20,145,139,0,8,-4
09,2,200,50,115,95,0,7,4
09,2,260,50,131,99,1,8,-3
09,2,280,60,129,66,0,5,2
09,2,260,20,128,125,3,8,1
09,2,270,30,99,88,-1,7,2
09,2,310,40,108,99,1,8,1
09,2,280,20,111,110,0,4,-10
09,2,230,40,149,139,-1,8,3
09,2,240,20,154,146,0,8,1
09,2,260,40,142,136,-1,8,-3
09,2,0,0,37,36,0,0,-3
09,2,140,30,192,144,0,2,-7
09,2,240,10,139,133,0,0,-1
09,2,40,20,134,129,0,6,6
09,2,100,30,146,114,0,0,-4
09,2,130,40,166,133,0,0,-2
09,2,230,10,167,163,0,8,-6
09,2,180,10,143,138,0,1,1
09,2,200,20,166,152,0,0,0
09,2,60,10,167,152,0,8,5
09,2,310,10,174,168,0,8,-4
09,2,250,20,172,168,0,8,1
09,2,20,30,164,151,0,8,3
09,2,0,0,96,93,0,0,-4
09,2,210,30,131,113,0,0,-1
09,2,240,30,176,166,0,8,-1
09,2,20,70,126,118,18,8,-5
09,2,320,20,62,53,0,6,4
09,2,190,10,43,40,0,0,-7
09,2,50,10,60,56,0,0,-4
09,2,0,0,57,53,0,0,0
09,2,40,10,91,87,0,2,-5
09,2,0,0,73,68,0,0,20
09,2,150,10,71,67,0,0,1
09,2,260,20,150,143,1,8,-10
09,2,150,20,130,118,0,8,2
09,2,210,30,118,113,0,3,0
09,2,190,30,124,102,0,7,8
09,2,230,30,124,115,0,3,-6
09,2,190,40,104,84,14,8,-5
09,2,220,30,86,77,0,6,-4
09,2,200,20,135,131,0,0,-9
09,2,260,20,151,147,0,2,-8
09,2,220,50,177,158,-1,8,6
09,2,250,30,180,166,0,8,-1
09,2,250,10,139,134,0,8,4
09,2,260,10,157,149,0,8,4
09,2,200,20,169,163,0,2,2
09,2,330,20,118,98,0,,-8
09,2,50,10,84,72,0,0,5
09,2,70,20,101,85,0,0,2
09,2,0,0,119,112,0,0,-6
09,2,140,10,147,144,0,0,-4
09,2,170,10,174,150,0,0,-7
09,2,130,30,187,157,0,0,1
09,2,30,20,176,157,0,8,1
09,2,30,20,169,142,0,8,-1
09,2,280,20,174,161,0,4,-5
09,2,250,20,156,140,0,8,4
09,2,210,30,120,105,0,3,2
09,2,210,30,102,88,0,0,-9
09,2,150,30,117,100,0,0,-5
09,2,140,40,163,135,0,0,-3
09,2,160,10,153,130,0,8,7
09,2,140,30,187,161,0,8,4
09,2,160,10,163,158,0,8,-5
09,2,230,30,157,147,0,7,3
09,2,250,20,125,122,0,0,-19
09,2,190,30,128,114,0,8,5
09,2,170,30,140,124,0,8,2
09,2,230,20,157,142,0,2,-1
09,2,240,30,139,137,0,1,-3
09,2,220,20,153,139,0,8,1
09,2,240,30,157,153,12,8,2
09,2,270,20,105,97,-1,6,-9
09,2,200,10,65,63,0,7,-2
09,2,270,10,143,141,-1,8,1
09,2,300,20,151,142,0,8,2
09,2,270,10,102,100,0,4,21
09,2,320,30,149,143,-1,8,-12
09,2,230,30,133,119,0,7,4
09,2,290,30,126,117,-1,8,-3
09,2,250,10,76,75,0,4,6
09,2,60,10,131,128,0,8,-11
09,2,130,10,62,59,0,1,-2
09,2,260,10,91,88,0,1,-15
09,2,190,30,94,76,0,5,-1
09,2,210,20,132,122,0,0,-3
09,2,280,30,113,106,-1,8,-4
09,2,210,20,63,51,0,2,-3
09,2,220,50,133,100,0,8,-3
09,2,220,40,149,121,-1,7,-9
09,2,210,30,111,93,0,8,-2
09,2,170,10,84,81,0,8,-6
09,2,180,30,134,129,0,0,1
09,2,220,30,102,82,0,6,-4
09,2,280,30,103,100,-1,8,4
09,2,20,40,93,84,0,7,-11
09,2,10,50,115,108,17,8,3
09,2,260,20,122,121,-1,8,2
09,2,250,30,119,107,0,8,-2
09,2,210,30,173,159,0,8,-4
09,2,180,50,140,126,0,2,6
09,2,210,50,111,105,0,1,3
09,2,200,50,120,109,0,1,5
09,2,180,30,121,106,0,0,2
09,2,180,60,170,139,0,7,-2
09,2,160,40,146,123,0,7,-4
09,2,210,40,145,134,-1,8,1
09,2,150,10,99,96,0,3,-5
09,2,210,20,170,164,0,8,-3
09,2,190,30,156,146,0,1,-4
09,2,280,20,158,154,0,5,5
09,2,190,10,82,82,0,1,-2
09,2,50,30,63,52,0,0,-3
09,2,30,20,75,69,0,6,16
09,2,50,10,78,70,0,3,-2
09,2,50,20,101,86,0,1,-2
09,2,70,10,67,64,0,7,-3
09,2,30,10,39,35,0,0,-13
09,2,0,0,57,54,0,0,-5
09,2,30,10,59,56,0,0,6
09,2,20,20,113,110,0,8,2
09,2,340,20,118,99,0,8,2
09,2,50,40,122,118,7,8,-2
09,2,330,10,60,59,0,1,10
09,2,20,30,72,68,0,0,2
09,2,40,10,53,50,0,0,4
09,2,0,0,48,46,0,0,-4
09,2,220,20,79,78,0,2,9
09,2,210,50,100,76,0,7,-1
09,2,150,30,169,100,0,0,1
09,2,210,30,128,118,0,0,-3
09,2,180,80,150,141,10,8,0
09,2,220,50,119,99,0,0,-1
09,2,260,40,141,107,0,7,-6
09,2,220,30,138,120,0,8,-8
09,2,180,30,108,101,0,1,8
09,2,170,20,132,117,0,0,-8
09,2,200,30,168,132,0,0,-9
09,2,10,30,138,122,0,4,-1
09,2,20,20,101,90,0,0,4
09,2,20,30,131,117,0,8,-7
09,2,290,20,107,104,0,7,7
09,2,10,30,125,117,0,8,-3
09,2,30,60,132,126,18,8,3
09,2,30,20,151,141,0,8,-2
09,2,40,40,114,103,0,6,5
09,2,30,30,73,68,0,0,3
09,2,40,10,118,113,0,2,3
09,2,290,30,129,126,0,4,-1
09,2,10,20,130,119,0,8,-7
09,2,200,30,87,78,0,0,15
09,2,220,30,122,116,0,6,-2
09,2,220,20,155,154,0,8,0
09,2,180,10,56,52,0,0,2
09,2,0,0,61,58,0,1,-3
09,2,0,0,67,65,0,0,-4
09,2,990,10,67,66,0,8,-5
09,2,250,30,143,127,0,8,-10
09,2,240,20,148,145,-1,8,1
09,2,300,10,72,67,0,0,-8
09,2,10,10,94,88,0,0,-4
09,2,20,20,100,94,0,1,8
09,2,20,20,94,90,0,0,-5
09,2,60,20,85,79,0,0,-7
09,2,100,30,109,81,0,0,-4
09,2,120,50,123,98,5,8,-5
09,2,90,40,128,115,0,8,1
09,2,270,30,147,140,9,8,-2
09,2,230,20,140,136,0,8,3
09,2,190,30,152,137,0,8,1
09,2,210,20,156,150,-1,8,0
09,2,250,20,102,96,0,0,-14
09,2,230,50,158,131,0,8,-1
09,2,250,40,141,134,-1,8,-12
09,2,230,20,98,90,0,7,-6
09,2,230,20,94,87,19,4,5
09,2,250,20,94,83,-1,8,-1
09,2,210,30,87,74,0,8,4
09,2,210,30,118,101,0,8,1
09,2,220,20,122,115,0,7,-4
09,2,120,10,114,108,0,0,-7
09,2,200,30,134,119,0,2,-18
09,2,210,10,141,136,-1,8,-1
09,2,360,40,111,80,-1,8,-1
09,2,220,20,92,87,-1,8,-11
09,2,0,0,50,48,0,7,-6
09,2,240,20,107,104,0,8,0
09,2,180,10,108,106,0,8,-3
09,2,120,20,96,75,0,8,1
09,2,50,10,113,102,0,8,-2
09,2,70,20,113,82,0,0,-7
09,2,180,10,135,131,0,0,4
09,2,230,20,187,181,0,8,-5
09,2,210,40,124,111,0,0,-10
09,2,200,40,145,102,0,7,-7
09,2,240,60,139,119,-1,6,-2
09,2,250,40,130,119,4,8,-2
09,2,210,20,153,145,0,8,2
09,2,160,20,165,162,0,8,6
09,2,230,20,183,162,-1,8,-6
09,2,200,40,137,123,0,5,1
09,2,230,40,141,114,0,1,-8
09,2,250,40,132,94,0,7,-12
09,2,230,20,109,103,0,0,-4
09,2,70,30,110,86,0,8,0
09,2,210,40,139,122,0,1,1
09,2,200,30,115,107,0,8,1
09,2,200,10,70,69,0,9,-1
09,2,200,40,115,105,0,0,10
09,2,200,40,143,112,0,8,-4
09,2,220,30,120,105,0,0,-2
09,2,210,30,113,105,0,7,5
09,2,60,10,72,69,0,0,-4
09,2,160,10,86,82,0,0,-1
09,2,160,20,139,128,0,5,-4
09,2,170,10,125,121,0,7,8
09,2,20,10,102,99,0,8,3
09,2,140,10,147,138,0,0,-8
09,2,140,10,136,118,0,0,-13
09,2,260,10,68,63,0,0,-15
09,2,200,30,121,76,0,7,-11
09,2,250,10,155,143,0,8,-2
09,2,180,10,110,107,0,0,-4
09,2,360,20,172,158,0,8,-5
09,2,0,0,101,91,0,8,12
09,2,220,30,113,94,0,0,-5
09,2,200,20,118,112,0,0,9
09,2,0,0,104,99,0,0,-2
09,2,220,20,158,118,0,3,-4
09,2,260,10,157,148,0,7,3
09,2,220,30,110,104,0,8,-2
09,2,170,30,119,115,-1,8,0
09,2,200,40,103,82,0,0,-1
09,2,250,20,132,108,0,8,-3
09,2,220,10,97,94,0,0,-21
09,2,210,20,118,108,0,1,9
09,2,210,30,124,104,0,1,-4
09,2,220,20,77,69,0,0,-3
09,2,210,20,87,77,0,7,-8
09,2,200,20,82,61,0,0,-5
09,2,300,20,105,101,5,8,-3
09,2,30,10,54,50,0,8,-6
09,2,120,50,104,99,-1,8,5
09,2,230,50,129,110,9,8,-11
09,2,150,50,124,114,2,8,-1
09,2,200,30,123,103,0,8,-15
09,2,200,40,94,90,0,2,6
09,2,210,30,120,106,-1,8,-2
09,2,220,30,80,61,0,0,-5
09,2,250,10,73,62,0,2,13
09,2,230,30,137,116,0,7,-5
09,2,240,20,136,125,0,0,-3
09,2,0,0,132,129,0,6,2
09,2,100,20,159,143,0,0,-4
09,2,190,20,183,144,0,0,-13
09,2,130,10,159,153,0,7,1
09,2,300,10,139,129,-1,8,-1
09,2,200,20,114,108,3,8,-2
09,2,240,20,93,88,-1,1,2
09,2,350,30,111,103,0,1,-10
09,2,280,30,132,127,12,8,0
09,2,240,10,128,124,0,8,3
09,2,190,40,160,155,11,8,2
09,2,260,10,77,73,-1,7,3
09,2,280,40,126,117,6,8,-9
09,2,220,30,81,67,-1,7,-4
09,2,320,20,113,109,-1,8,-1
09,2,230,20,95,87,0,8,-2
09,2,230,30,131,125,-1,7,-2
09,2,0,0,101,96,0,8,-5
09,2,210,20,140,121,0,8,0
09,2,270,10,153,143,0,8,-11
09,2,50,20,130,130,0,9,5
09,2,100,20,108,105,0,0,-2
09,2,240,10,122,119,0,8,4
09,2,30,20,59,52,0,1,-8
09,2,80,30,58,42,0,0,12
09,2,70,50,98,61,0,0,-3
09,2,90,40,84,47,0,0,-3
09,2,260,20,107,107,0,0,1
09,2,80,20,145,139,0,8,-1
09,2,40,20,134,131,0,3,2
09,2,80,20,161,131,0,8,-5
09,2,120,20,178,157,0,8,-19
09,2,280,10,145,142,0,7,5
09,2,260,10,122,122,0,0,-5
09,2,270,10,110,110,0,7,7
09,2,0,0,94,91,0,6,-2
09,2,360,10,130,108,0,8,-10
09,2,250,10,77,77,0,0,20
09,2,40,10,99,96,0,0,-1
09,2,20,30,124,121,0,0,9
09,2,40,40,145,141,0,8,3
09,2,10,10,107,104,0,1,7
09,2,80,10,135,132,0,0,-17
09,2,60,10,114,111,0,0,0
09,2,60,10,134,131,0,0,-5
09,2,160,20,177,174,0,8,-6
09,2,0,0,144,141,0,8,-1
09,2,310,30,160,151,0,8,1
09,2,290,30,113,90,0,7,6
09,2,990,10,55,48,0,4,9
09,2,190,30,108,84,0,8,0
09,2,270,20,111,107,0,7,-4
09,2,210,20,130,116,0,8,1
09,2,990,10,122,122,0,9,-15
09,2,130,10,104,101,0,5,0
09,2,190,20,144,136,0,6,-3
09,2,210,20,155,152,0,5,-1
09,2,310,40,168,154,-1,8,-3
09,2,230,10,102,94,0,0,-7
09,2,990,10,78,75,0,0,5
09,2,230,20,104,95,1,8,1
09,2,310,10,129,123,14,8,3
09,2,240,30,100,84,0,6,3
09,2,240,20,121,111,1,8,3
09,2,360,30,130,116,-1,7,-3
09,2,40,20,116,110,0,8,-11
09,2,80,30,101,78,0,0,-7
09,2,70,20,98,82,0,0,-7
09,2,110,30,122,95,0,8,3
09,2,190,20,143,138,0,8,-13
09,2,200,40,130,120,0,8,-4
09,2,190,60,101,78,0,0,0
09,2,120,40,122,92,0,8,0
09,2,210,70,157,126,-1,8,7
09,2,200,30,106,98,0,0,-7
09,2,190,30,126,123,0,8,1
09,2,230,10,89,85,0,3,-6
09,2,210,30,94,83,0,0,-2
09,2,200,50,127,121,-1,8,0
09,2,230,20,109,105,-1,6,5
09,2,200,40,108,97,0,5,-4
09,2,220,30,106,103,0,1,-6
09,2,990,10,52,48,0,0,-7
09,2,20,10,71,68,0,0,-2
09,2,40,10,78,75,0,0,-5
09,2,30,20,62,58,0,0,0
09,2,60,20,78,63,0,0,-11
09,2,230,20,147,137,0,8,-2
09,2,200,10,109,104,0,8,-5
09,2,220,30,135,120,0,8,2
09,2,210,30,175,159,1,8,0
09,2,250,20,148,143,-1,4,-10
09,2,170,10,124,121,0,0,5
09,2,0,0,133,130,0,4,-14
09,2,80,10,124,109,0,0,0
09,2,210,30,137,126,0,0,-6
09,2,170,10,111,100,0,0,-1
09,2,230,10,174,134,0,8,1
09,2,110,10,169,166,0,4,-19
09,2,90,10,184,155,0,0,-14
09,2,70,10,184,157,0,0,-4
09,2,50,20,161,143,0,0,15
09,2,180,40,153,146,0,8,4
09,2,190,40,156,148,0,8,3
09,2,350,20,161,155,0,8,3
09,2,360,20,150,123,0,8,-15
09,2,0,0,93,89,0,5,-5
09,2,0,0,92,86,0,0,-16
09,2,160,10,103,79,0,0,-5
09,2,220,10,130,119,0,8,-9
09,2,140,30,120,88,0,7,0
09,2,150,30,127,82,0,0,-4
09,2,210,30,102,91,0,0,-4
09,2,0,0,64,64,0,0,1
09,2,210,40,159,108,-1,8,-6
09,2,220,40,162,124,0,8,-7
09,2,220,20,130,124,0,8,-1
09,2,0,0,107,105,0,2,-13
09,2,40,10,129,115,0,8,-5
09,2,290,10,74,71,0,0,0
09,2,170,20,107,93,0,8,-3
09,2,180,20,164,156,0,8,1
09,2,200,30,169,163,3,8,2
09,2,220,30,131,104,0,8,-5
09,2,200,60,153,124,0,8,-1
09,2,190,40,140,128,-1,8,-2
09,2,190,30,90,83,0,0,3
09,2,210,60,140,118,0,4,-2
09,2,200,30,125,118,8,8,1
09,2,190,90,119,109,19,8,9
09,2,200,40,103,95,0,2,-1
09,2,200,20,95,90,3,7,-5
09,2,210,30,91,78,0,8,-2
09,2,170,10,61,59,0,3,-2
09,2,210,20,99,90,0,8,-4
09,2,240,20,97,94,0,7,-5
09,2,230,20,114,106,0,8,0
09,2,170,30,119,95,0,8,-21
09,2,180,10,79,75,0,8,-4
09,2,0,0,50,48,0,4,-2
09,2,10,10,62,60,0,0,2
09,2,60,20,92,90,0,8,6
09,2,30,20,116,112,0,8,-6
09,2,40,10,79,77,0,6,1
09,2,150,20,148,116,-1,8,-6
09,2,180,20,137,134,0,8,3
09,2,270,10,150,139,-1,8,-6
09,2,0,0,70,66,0,0,1
09,2,40,10,104,92,0,0,-3
09,2,10,30,157,111,0,8,-2
09,2,350,20,180,176,0,8,0
09,2,310,20,175,172,0,8,8
09,2,320,20,164,159,0,8,-7
09,2,190,20,134,126,0,8,4
09,2,200,30,107,87,0,1,-2
09,2,200,20,142,110,-1,8,-6
09,2,240,20,160,141,0,8,-2
09,2,200,40,146,124,0,7,3
09,2,210,20,178,162,0,8,-1
09,2,360,20,133,117,0,8,-1
09,2,0,0,72,69,0,5,-1
09,2,230,30,136,108,0,8,-8
09,2,0,0,84,82,0,5,10
09,2,180,20,111,91,0,8,-8
09,2,150,30,155,88,0,0,-6
09,2,190,20,144,124,0,2,3
09,2,190,30,166,131,0,6,2
09,2,200,70,202,133,0,8,-4
09,2,210,30,114,87,0,8,-1
09,2,100,30,107,103,-1,8,0
09,2,270,20,78,63,-1,3,-11
09,2,990,10,39,35,0,2,-10
09,2,180,20,62,44,0,8,-3
09,2,200,20,90,62,0,0,-6
09,2,0,0,85,78,0,7,8
09,2,0,0,36,33,0,1,-4
09,2,0,0,24,20,0,1,-1
09,2,300,20,170,138,-1,8,0
09,2,250,20,109,92,0,7,2
09,2,200,30,130,102,0,4,5
09,2,200,30,149,114,0,8,-12
09,2,210,30,127,113,4,8,1
09,2,200,30,75,64,0,2,3
09,2,220,20,124,119,0,1,-5
09,2,340,10,103,89,0,1,-12
09,2,250,30,82,77,0,0,-24
09,2,210,10,57,50,0,5,-9
09,2,200,20,105,97,0,4,3
09,2,200,30,170,164,-1,8,-1
09,2,240,30,179,154,0,8,-1
09,2,30,20,104,89,0,7,-17
09,2,190,10,66,56,0,1,5
09,2,190,20,136,133,0,8,0
09,2,260,10,96,90,0,0,-2
09,2,280,10,47,40,0,0,-5
09,2,300,10,61,56,0,8,7
09,2,0,0,61,57,0,3,-3
09,2,90,20,96,52,0,0,-11
09,2,120,20,138,48,0,0,0
09,2,200,30,156,150,8,8,-2
09,2,150,30,151,113,0,8,1
09,2,200,30,133,128,0,8,-2
09,2,210,40,148,135,0,8,-7
09,2,200,40,137,130,0,6,-4
09,2,210,40,145,123,-1,7,-3
09,2,190,50,138,114,1,8,3
09,2,270,70,140,118,-1,8,3
09,2,0,0,97,88,0,8,-8
09,2,300,10,116,102,0,8,-7
09,2,190,20,125,112,0,8,3
09,2,250,30,182,174,-1,8,-12
09,2,210,20,147,130,0,8,2
09,2,180,10,99,90,0,7,-3
09,2,240,10,105,99,0,8,1
09,2,200,30,135,117,0,5,1
09,2,210,30,179,161,0,8,-2
09,2,220,10,93,93,0,0,-12
09,2,0,0,74,66,0,0,-9
09,2,210,20,106,90,0,0,-3
09,2,190,20,115,104,0,7,-5
09,2,180,10,115,110,0,0,-3
09,2,130,10,144,128,0,8,-2
09,2,250,10,167,146,0,1,-12
09,2,20,30,115,98,0,0,-11
09,2,60,40,105,49,0,0,-13
09,2,60,30,121,61,0,0,-8
09,2,40,30,114,70,0,0,-4
09,2,360,20,94,73,0,0,-8
09,2,990,10,91,87,0,0,-14
09,2,200,30,120,104,0,4,8
09,2,220,50,129,89,0,0,-5
09,2,210,40,105,83,2,7,-10
09,2,300,40,104,97,0,8,5
09,2,330,80,137,130,14,8,7
09,2,190,20,124,115,-1,8,-1
09,2,290,50,144,141,1,8,-4
09,2,200,20,138,134,-1,7,2
09,2,70,31,159,96,0,0,-6
09,2,240,21,154,139,0,0,-8
09,2,320,10,118,115,0,0,-2
09,2,10,15,135,103,0,0,0
09,2,20,26,130,125,0,1,-10
09,2,20,51,149,107,0,7,-7
09,2,300,15,106,85,0,7,0
09,2,320,15,139,125,0,4,-23
09,2,290,5,69,66,0,0,-6
09,2,30,10,95,92,0,0,-18
09,2,20,21,146,130,0,7,-6
09,2,330,5,51,48,0,0,-8
09,2,20,21,61,55,0,0,-8
09,2,160,10,53,38,0,0,2
09,2,210,21,147,105,0,7,-5
09,2,270,5,138,135,0,8,-9
09,2,260,51,170,159,0,8,-7
09,2,210,26,116,108,0,0,-1
09,2,360,36,155,142,-1,8,-5
09,2,350,21,102,96,0,5,2
09,2,60,21,90,79,0,0,-3
09,2,180,46,181,132,0,5,0
09,2,210,46,116,102,0,1,-5
09,2,210,72,170,155,0,8,1
09,2,300,10,161,156,2,8,2
09,2,260,10,145,140,0,8,-1
09,2,220,10,90,87,0,3,8
09,2,190,46,86,78,0,3,-2
09,2,100,26,116,110,7,8,-1
09,2,190,41,125,112,0,7,-6
09,2,230,41,108,99,-1,4,-9
09,2,210,57,120,97,-1,7,0
09,2,220,67,142,121,0,7,3
09,2,220,62,112,88,-1,4,-7
09,2,250,51,106,85,-1,6,-1
09,2,210,21,52,45,0,0,1
09,2,180,36,130,81,0,3,10
09,2,210,41,90,75,0,2,-3
09,2,210,36,89,78,0,2,-1
09,2,150,10,83,74,0,1,-14
09,2,140,21,126,98,0,3,2
09,2,230,36,89,75,0,1,-5
09,2,130,21,98,72,0,7,-2
09,2,230,46,126,115,-1,8,-2
09,2,240,31,125,117,0,7,6
09,2,220,51,144,124,0,7,-2
09,2,80,21,98,82,0,0,-10
09,2,120,26,128,107,0,2,-6
09,2,190,26,140,120,0,7,-9
09,2,200,21,148,140,0,5,0
09,2,80,15,144,117,0,4,3
09,2,60,21,152,134,0,7,7
09,2,170,31,119,101,0,1,0
09,2,170,31,102,93,0,0,8
09,2,160,26,146,117,0,8,-4
09,2,140,26,126,110,0,1,-12
09,2,120,21,137,116,0,0,-6
09,2,120,21,138,120,0,0,1
09,2,210,10,111,100,0,1,6
09,2,220,5,135,116,0,7,-3
09,2,320,10,79,78,0,1,7
09,2,0,0,102,99,0,6,-6
09,2,260,31,128,125,-1,8,2
09,2,320,26,115,112,0,6,-7
09,2,290,26,105,94,0,7,-1
09,2,0,0,49,46,0,0,-6
09,2,80,15,86,69,0,1,-5
09,2,130,26,156,150,-1,8,1
09,2,170,31,138,135,0,0,-8
09,2,160,41,143,137,0,7,2
09,2,180,31,108,105,0,5,1
09,2,0,0,82,82,0,1,-5
09,2,110,51,138,129,12,8,0
09,2,90,31,105,99,5,8,4
09,2,230,67,125,116,0,8,-5
09,2,990,5,102,100,0,1,-15
09,2,260,15,115,110,0,8,-7
09,2,10,10,60,60,0,0,-5
09,2,70,26,76,56,0,3,-7
09,2,140,15,106,104,0,6,-15
09,2,170,21,159,153,0,3,2
09,2,0,0,137,135,0,7,-3
09,2,60,21,140,140,0,8,-3
09,2,30,26,101,101,0,3,13
09,2,10,62,105,103,9,8,0
09,2,270,36,111,108,3,8,-2
09,2,240,72,103,97,-1,8,1
09,2,180,51,100,94,-1,8,-2
09,2,130,31,77,77,0,6,-11
09,2,120,21,89,83,0,7,5
09,2,160,26,165,160,0,8,-1
09,2,210,62,142,132,0,7,3
09,2,240,46,141,128,0,8,4
09,2,210,31,147,136,0,8,2
09,2,210,36,146,133,1,8,0
09,2,190,15,89,77,0,3,-11
09,2,180,21,105,105,0,6,0
09,2,150,15,107,107,0,3,-2
09,2,190,41,106,98,0,3,-1
09,2,180,46,121,110,0,6,7
09,2,230,57,97,92,0,1,-3
09,2,170,31,138,138,0,7,3
09,2,200,46,116,102,0,0,-5
09,2,90,15,109,90,0,2,-6
09,2,240,21,87,87,0,6,11
09,2,240,51,113,113,1,8,1
09,2,250,51,90,81,1,6,-2
09,2,270,31,96,91,-1,4,-8
09,2,270,10,111,111,0,7,3
09,2,150,41,100,86,-1,8,-1
09,2,40,15,109,109,-1,7,-4
09,2,40,26,98,98,0,0,0
09,2,70,36,109,95,0,4,-7
09,2,60,31,122,104,0,7,2
09,2,40,21,124,124,0,5,4
09,2,210,10,102,102,0,3,0
09,2,260,15,100,100,0,4,-5
09,2,240,15,124,124,-1,8,-2
09,2,220,26,92,92,0,2,5
09,2,320,5,123,123,0,8,-1
09,2,310,36,106,94,0,2,-4
09,2,260,26,128,109,0,7,8
09,2,240,41,136,134,0,8,-2
09,2,220,36,87,83,0,2,1
09,2,200,21,96,95,0,0,0
09,2,190,31,121,108,0,6,-5
09,2,130,31,140,110,-1,8,-7
09,2,120,57,152,125,1,8,0
09,2,220,67,145,135,0,7,-2
09,2,190,21,136,120,0,8,5
09,2,150,36,151,146,13,8,-2
09,2,170,21,97,92,0,1,0
09,2,140,10,114,109,0,4,-3
09,2,240,26,111,111,0,3,-15
09,2,160,31,128,105,0,7,2
09,2,140,21,109,106,0,6,4
09,2,140,26,124,115,0,6,4
09,2,70,15,121,112,0,1,-9
09,2,70,26,147,129,0,5,1
09,2,10,51,119,106,0,4,-14
09,2,320,15,77,77,0,1,-4
09,2,220,10,117,117,0,7,1
09,2,170,15,98,98,0,1,-5
09,2,170,31,129,129,0,8,0
09,2,270,26,111,108,-1,7,0
09,2,210,62,125,97,0,8,2
09,2,160,36,111,111,2,8,1
09,2,250,46,79,52,0,1,-1
09,2,220,51,64,55,0,1,-5
09,2,210,21,85,84,4,8,-3
09,2,260,20,83,83,0,2,10
09,2,280,10,73,73,0,0,-1
09,2,20,20,98,98,0,1,2
09,2,20,30,108,105,0,0,-6
09,2,20,30,118,110,0,2,-17
09,2,330,20,78,77,0,0,-6
09,2,330,10,79,79,0,0,-12
09,2,350,10,66,62,0,0,-3
09,2,300,10,55,55,0,0,1
09,2,290,20,108,108,0,6,4
09,2,260,20,93,93,0,1,-1
09,2,220,60,118,115,1,8,1
09,2,270,30,70,64,0,2,3
09,2,300,30,117,114,4,6,3
09,2,290,20,113,111,0,5,-2
09,2,340,10,59,59,0,1,-3
09,2,50,10,72,60,0,0,-8
09,2,60,50,95,78,0,1,-3
09,2,60,60,100,73,0,5,5
09,2,70,50,95,73,0,0,-4
09,2,50,50,116,77,0,8,-6
09,2,50,40,91,75,0,8,0
09,2,10,20,95,95,0,8,0
09,2,340,10,102,102,0,8,-2
09,2,160,20,71,71,0,2,6
09,2,160,10,90,90,0,6,-2
09,2,180,50,131,128,9,8,1
09,2,250,40,124,124,0,6,-14
09,2,180,50,122,103,0,8,0
09,2,230,70,164,162,7,8,-2
09,2,240,20,173,170,0,2,3
09,2,320,20,145,145,9,8,2
09,2,150,10,102,102,0,1,3
09,2,160,20,152,152,0,7,7
09,2,220,10,162,162,0,8,3
09,2,230,20,105,105,0,0,-4
09,2,230,50,131,122,-1,8,-3
09,2,220,40,127,127,0,2,-2
09,2,240,30,136,136,0,4,-5
09,2,240,20,80,80,0,1,20
09,2,110,10,104,83,0,1,-19
09,2,210,40,150,127,0,7,11
09,2,230,50,126,124,0,2,-6
09,2,210,30,78,74,0,2,-2
09,2,190,10,71,67,0,1,-10
09,2,170,20,71,70,0,1,13
09,2,210,20,113,97,0,4,-12
09,2,0,0,114,114,0,1,0
09,2,40,20,124,124,0,7,6
09,2,40,20,50,46,0,0,-7
09,2,40,10,46,45,0,1,0
09,2,60,10,47,44,0,1,4
09,2,20,20,69,68,0,0,2
09,2,350,10,92,91,0,5,13
09,2,50,20,81,81,0,0,18
09,2,360,10,88,79,0,0,-6
09,2,40,20,96,96,0,0,-8
09,2,0,0,39,39,0,4,11
09,2,0,0,55,55,0,4,6
09,2,0,0,124,124,0,8,7
09,2,110,40,136,102,0,2,-3
09,2,80,30,142,139,25,8,-1
09,2,120,40,173,172,2,8,-1
09,2,240,30,151,148,0,8,0
09,2,130,30,167,153,-1,8,-8
09,2,200,30,155,154,5,8,-2
09,2,130,20,153,150,-1,8,-1
09,2,160,30,144,141,0,1,-4
09,2,180,50,148,142,0,2,9
09,2,190,50,159,150,0,2,0
09,2,200,50,131,120,0,1,0
09,2,340,20,122,122,6,8,-4
09,2,190,40,77,71,-1,6,-3
09,2,260,20,94,88,0,6,-3
09,2,280,70,128,122,17,8,1
09,2,240,70,152,140,0,7,-7
09,2,270,70,114,105,4,8,2
09,2,260,20,92,88,0,2,2
09,2,220,20,139,125,0,7,2
09,2,30,20,135,135,0,9,1
09,2,50,20,114,114,0,0,-15
09,2,40,30,107,104,0,1,-6
09,2,60,30,101,98,0,0,-4
09,2,100,20,119,105,0,0,-5
09,2,150,30,150,130,0,7,-1
09,2,120,20,149,131,0,5,-9
09,2,150,20,122,121,0,2,0
09,2,350,20,134,131,0,5,-3
09,2,990,10,120,120,0,7,8
09,2,100,30,131,125,0,1,0
09,2,240,10,140,137,0,7,0
09,2,990,10,122,121,0,2,-8
09,2,100,20,143,92,0,2,1
09,2,80,20,157,123,0,1,-23
09,2,990,10,126,116,0,0,8
09,2,180,20,124,114,0,2,21
09,2,180,30,153,147,0,1,-3
09,2,990,10,158,145,0,2,-4
09,2,170,10,151,142,0,0,-9
09,2,60,20,154,151,0,6,12
09,2,130,20,169,152,0,0,-8
09,2,140,30,157,132,0,0,5
09,2,300,10,160,150,0,1,-11
09,2,360,20,178,164,0,8,-1
09,2,240,10,164,162,0,8,-14
09,2,190,30,108,103,0,0,-5
09,2,190,30,141,131,2,8,-2
09,2,180,20,105,105,0,2,1
09,2,110,30,129,109,0,6,2
09,2,130,30,183,153,-1,8,-10
09,2,160,30,126,108,0,2,0
09,2,150,20,136,128,0,5,12
09,2,140,30,154,146,0,6,7
09,2,190,40,154,137,0,1,-4
09,2,160,30,132,119,0,3,11
09,2,190,50,162,147,-1,8,-3
09,2,180,40,116,107,0,3,0
09,2,190,50,148,129,0,6,1
09,2,180,40,144,123,0,7,1
09,2,200,40,150,141,-1,7,-3
09,2,140,30,118,105,0,7,8
09,2,200,50,128,113,0,6,-1
09,2,300,20,125,116,0,4,-12
09,2,300,20,125,120,0,7,1
09,2,230,20,102,97,0,1,-9
09,2,180,40,128,101,0,7,6
09,2,260,40,132,104,0,3,2
09,2,200,50,151,121,0,7,2
09,2,210,50,176,165,-1,8,-2
09,2,160,10,148,146,0,8,0
09,2,30,20,129,127,0,1,-1
09,2,140,30,146,141,0,6,6
09,2,220,30,130,125,0,5,-1
09,2,0,0,136,134,0,7,3
09,2,160,10,118,116,0,5,3
09,2,220,60,151,133,0,7,-4
09,2,250,10,98,95,0,1,2
09,2,170,30,110,108,0,0,-5
09,2,140,40,127,111,0,4,-5
09,2,130,40,147,133,1,8,-3
09,2,310,10,127,125,0,8,-3
09,2,990,10,95,92,0,1,-4
09,2,110,20,145,136,0,7,-10
09,2,90,40,114,81,0,3,-5
09,2,230,30,138,131,0,7,-4
09,2,140,20,142,116,0,7,-4
09,2,180,20,148,144,0,7,10
09,2,170,50,158,117,0,8,-1
09,2,140,30,160,145,-1,7,0
09,2,0,0,135,125,0,5,2
09,2,320,20,141,136,0,7,2
09,2,200,20,82,74,0,4,16
09,2,210,40,167,157,0,8,-3
09,2,230,50,134,127,0,8,0
09,2,300,40,126,115,0,6,1
09,2,220,40,130,113,-1,8,-4
09,2,260,30,119,111,0,6,5
09,2,280,80,158,146,21,8,-5
09,2,270,40,95,82,0,5,-1
09,2,260,40,103,91,-1,5,2
09,2,240,40,101,86,0,4,2
09,2,260,40,131,122,4,7,-1
09,2,210,80,131,123,15,8,4
09,2,210,10,90,85,0,7,10
09,2,190,40,120,113,0,3,0
09,2,280,20,101,92,3,6,-5
09,2,280,20,73,65,0,1,-3
09,2,90,20,83,78,0,1,-17
09,2,190,50,101,87,0,5,-3
09,2,280,40,117,111,0,8,-1
09,2,290,40,117,110,5,8,-2
09,2,270,10,66,63,0,3,-8
09,2,230,40,108,96,0,7,-3
09,2,50,30,112,108,0,7,-1
09,2,10,10,63,61,0,0,-10
09,2,200,20,69,68,0,2,11
09,2,220,40,139,135,0,8,6
09,2,240,30,122,115,0,3,-7
09,2,120,20,113,105,0,2,-2
09,2,230,50,155,150,-1,8,-1
09,2,320,20,120,110,0,,-2
09,2,40,30,118,107,0,,-12
09,2,70,30,135,102,0,,-1
09,2,990,10,83,80,0,,-2
09,2,190,10,140,134,0,,1
09,2,210,30,125,119,0,,2
09,2,180,40,148,124,0,,3
09,2,160,20,148,130,0,,-2
09,2,30,20,142,142,0,,-1
09,2,200,10,120,108,0,,-2
09,2,260,10,133,130,10,,1
09,2,10,20,139,136,0,,-14
09,2,40,30,99,91,0,,-7
09,2,340,10,112,109,0,,18
09,2,320,30,141,121,0,,-6
09,2,0,0,79,77,0,,-3
09,2,260,10,97,95,0,,10
09,2,360,10,128,122,0,,0
09,2,60,20,118,114,0,,12
09,2,340,10,115,110,0,,11
09,2,290,10,113,103,0,,-21
09,2,250,30,107,101,0,,-20
09,2,360,30,95,90,0,,9
09,2,10,40,56,49,0,,2
09,2,260,10,73,70,-1,,9
09,2,330,30,120,110,1,,-6
09,2,270,20,114,112,0,,-7
09,2,0,0,63,60,0,,-6
09,2,990,10,113,109,0,,4
09,2,140,20,64,61,0,,-3
09,2,250,30,121,95,0,,-9
09,2,280,20,82,70,0,,13
09,2,0,0,71,68,0,,-6
09,2,0,0,88,85,0,,-1
09,2,70,20,129,94,0,,-7
09,2,150,30,166,143,0,,-4
09,2,200,20,118,115,0,,-2
09,2,0,0,118,116,0,,-3
09,2,0,0,78,76,0,,0
09,2,180,10,110,97,0,,16
09,2,280,30,106,101,0,,-5
09,2,240,20,97,92,0,,-3
09,2,0,0,67,66,-1,,2
09,2,10,10,72,69,0,,-4
09,2,130,20,97,94,0,,-4
09,2,0,0,105,104,0,,-6
09,2,230,10,94,94,0,,-8
09,2,150,20,111,104,0,,3
09,2,200,20,132,129,0,,1
09,2,200,10,138,114,0,,-11
09,2,210,30,162,86,0,,-17
09,2,170,40,164,122,0,,-15
09,2,250,30,111,107,19,,3
09,2,990,10,48,43,0,,-5
09,2,100,20,63,49,0,,-1
09,2,150,20,63,45,0,,-11
09,2,280,20,127,105,0,,-1
09,2,70,20,126,91,0,,-10
09,2,250,60,117,105,0,,-2
09,2,130,10,50,50,0,,2
09,2,0,0,86,76,0,,-14
09,2,90,10,99,93,0,,-1
09,2,240,10,112,103,0,,-6
09,2,170,10,168,152,0,,-10
09,2,20,10,163,156,0,,0
09,2,50,10,153,134,0,,-12
09,2,20,50,164,154,0,,-6
09,2,40,40,126,109,0,,0
09,2,70,40,138,101,0,,-5
09,2,110,40,141,71,0,,-5
09,2,190,30,178,173,0,,1
09,2,220,70,144,127,0,,-5
09,2,200,40,142,99,0,,-6
09,2,180,50,108,102,0,,-1
09,2,220,70,135,103,0,,-5
09,2,220,20,52,48,0,,4
09,2,160,30,76,59,0,,0
09,2,170,40,123,87,0,,0
09,2,240,40,150,143,0,,-5
09,2,190,40,107,89,0,,8
09,2,240,90,133,89,0,,-3
09,2,250,60,126,72,0,,-24
09,2,260,20,128,123,4,,-1
09,2,270,30,99,87,1,,-7
09,2,280,30,111,102,0,,-2
09,2,270,20,115,111,0,,1
09,2,230,40,144,132,0,,0
09,2,230,30,149,140,0,,1
09,2,230,60,137,131,0,,2
09,2,0,0,40,35,0,,-7
09,2,130,20,204,151,0,,-11
09,2,210,10,152,149,0,,-4
09,2,20,10,133,129,0,,12
09,2,80,30,156,121,0,,-4
09,2,120,30,174,140,0,,-5
09,2,210,10,144,139,0,,10
09,2,180,10,146,144,0,,1
09,2,190,20,158,155,0,,-4
09,2,30,20,177,164,0,,-1
09,2,10,10,175,172,0,,-5
09,2,220,30,173,171,-1,,0
09,2,360,30,163,156,0,,1
09,2,250,10,90,87,0,,-3
09,2,210,30,114,107,0,,6
09,2,230,40,173,168,-1,,0
09,2,340,70,157,145,0,,-33
09,2,290,20,72,64,0,,-18
09,2,990,10,39,37,0,,-5
09,2,0,0,53,48,0,,-2
09,2,0,0,52,49,0,,-5
09,2,0,0,56,54,0,,0
09,2,130,10,68,65,0,,3
09,2,160,10,85,80,0,,-8
09,2,250,20,150,138,0,,-5
09,2,130,30,127,113,0,,2
09,2,200,30,122,117,0,,-7
09,2,160,40,118,106,0,,8
09,2,230,50,126,120,0,,-5
09,2,190,50,112,75,-1,,-7
09,2,230,30,81,72,0,,-10
09,2,180,30,141,131,0,,0
09,2,160,10,149,141,0,,-6
09,2,220,80,186,148,0,,-1
09,2,230,50,177,161,0,,-1
09,2,210,20,127,120,0,,14
09,2,140,10,159,153,0,,5
09,2,190,10,154,150,0,,13
09,2,320,20,103,97,0,,-11
09,2,80,30,114,95,0,,-3
09,2,70,30,125,103,0,,-4
09,2,140,10,122,118,0,,0
09,2,120,10,144,142,0,,-6
09,2,140,30,173,155,0,,-3
09,2,140,20,186,157,0,,6
09,2,70,30,205,139,0,,-15
09,2,20,30,176,146,0,,-8
09,2,290,40,175,164,0,,-3
09,2,260,20,162,144,0,,-1
09,2,190,30,114,104,0,,3
09,2,200,10,88,80,0,,0
09,2,140,30,116,101,0,,-2
09,2,130,30,169,138,0,,-3
09,2,0,0,163,140,0,,-9
09,2,140,30,188,162,0,,1
09,2,190,10,162,159,0,,0
09,2,230,40,156,145,0,,-1
09,2,180,10,108,105,0,,-8
09,2,180,30,131,116,0,,0
09,2,160,30,129,122,0,,8
09,2,180,30,150,139,0,,-5
09,2,240,30,136,129,0,0,0
09,2,220,30,150,128,0,8,1
09,2,220,60,160,134,0,8,-7
09,2,280,20,99,88,0,4,-5
09,2,260,10,55,47,0,0,-7
09,2,310,10,142,140,0,9,0
09,2,310,30,153,138,0,8,2
09,2,220,20,87,84,0,5,29
09,2,300,20,148,139,-1,8,-11
09,2,220,50,129,109,0,8,3
09,2,270,20,122,110,-1,8,0
09,2,250,10,78,74,0,0,-1
09,2,20,20,130,125,0,7,-12
09,2,220,10,60,60,0,0,-4
09,2,230,20,83,83,0,3,-5
09,2,180,10,82,74,0,0,6
09,2,210,40,137,127,0,5,-3
09,2,240,40,113,108,-1,8,1
09,2,210,30,73,58,0,8,-10
09,2,210,60,123,87,0,8,0
09,2,200,30,141,101,-1,7,-3
09,2,200,20,93,81,0,4,2
09,2,150,10,87,84,0,0,7
09,2,180,30,144,135,0,1,-1
09,2,210,50,98,78,0,0,-3
09,2,270,20,100,94,0,8,-1
09,2,20,40,84,81,0,8,-1
09,2,350,50,114,108,10,8,2
09,2,250,30,125,123,4,8,2
09,2,230,40,112,106,0,8,2
09,2,210,40,173,159,0,8,-1
09,2,160,30,134,122,0,2,5
09,2,200,50,113,107,0,0,-1
09,2,190,40,120,107,0,2,5
09,2,180,30,132,110,0,1,2
09,2,170,40,173,138,0,3,5
09,2,180,40,142,114,0,4,2
09,2,220,60,147,129,0,8,-1
09,2,150,20,93,90,0,0,-2
09,2,180,20,170,160,0,7,-4
09,2,160,40,157,146,0,4,-6
09,2,10,10,144,140,0,0,-1
09,2,990,10,97,96,0,3,1
09,2,30,30,51,36,0,0,1
09,2,10,20,74,66,0,1,11
09,2,990,10,61,55,0,7,13
09,2,30,20,101,89,0,8,2
09,2,100,10,65,58,0,8,6
09,2,20,20,46,37,0,0,-9
09,2,360,10,52,44,0,0,-4
09,2,20,10,62,54,0,0,-5
09,2,30,30,112,109,0,8,-11
09,2,350,20,115,97,0,8,-1
09,2,40,40,117,110,0,8,-1
09,2,10,10,73,72,0,4,-6
09,2,20,30,63,54,0,0,1
09,2,90,10,59,54,0,0,-11
09,2,190,10,44,42,0,0,-3
09,2,230,10,60,58,0,5,1
09,2,220,60,97,74,0,8,2
09,2,150,40,172,93,0,0,2
09,2,190,50,134,120,0,0,-5
09,2,190,40,147,139,12,8,2
09,2,220,70,121,99,0,0,-1
09,2,240,60,130,110,0,6,-3
09,2,220,40,127,107,0,8,-1
09,2,180,30,118,102,0,1,-7
09,2,150,10,123,110,0,0,-6
09,2,210,10,146,118,0,4,-14
09,2,10,30,139,120,0,7,0
09,2,10,30,99,91,0,1,-8
09,2,10,30,131,115,0,8,-5
09,2,990,10,74,73,0,6,15
09,2,350,20,120,115,0,8,-7
09,2,50,50,134,126,8,8,3
09,2,20,30,150,140,0,8,0
09,2,20,40,113,98,0,4,3
09,2,30,30,85,76,0,0,-2
09,2,70,10,137,123,0,5,-5
09,2,0,0,122,119,0,3,-9
09,2,340,10,103,98,0,4,8
09,2,200,20,97,84,0,0,-4
09,2,230,40,122,113,0,1,4
09,2,190,20,148,145,-1,8,0
09,2,250,10,52,49,0,0,2
09,2,0,0,64,63,0,0,-11
09,2,340,10,61,58,0,0,-3
09,2,220,10,68,66,0,4,2
09,2,240,40,141,117,0,8,0
09,2,220,20,138,135,-1,8,2
09,2,0,0,73,68,0,0,0
09,2,30,10,87,78,0,0,-7
09,2,310,10,102,98,0,2,-10
09,2,320,10,89,86,0,1,-18
09,2,60,10,88,81,0,0,-10
09,2,90,30,119,80,0,0,-3
09,2,110,40,133,92,4,8,-1
09,2,80,40,133,117,0,8,0
09,2,290,30,145,141,43,8,1
09,2,220,30,126,123,0,8,14
09,2,180,30,155,135,0,8,-1
09,2,330,10,149,143,-1,8,-2
09,2,230,20,85,81,0,0,6
09,2,220,70,155,124,0,8,0
09,2,240,40,136,131,5,8,-4
09,2,220,20,96,89,0,5,-10
09,2,240,40,99,93,0,7,-3
09,2,240,30,89,80,0,8,2
09,2,210,20,67,60,0,0,13
09,2,190,40,118,95,0,8,-2
09,2,200,10,113,108,0,0,-5
09,2,130,20,125,120,0,0,-16
09,2,170,20,125,120,0,0,-3
09,2,210,20,148,145,0,8,-6
09,2,340,50,111,87,1,8,-5
09,2,210,20,78,74,0,8,5
09,2,0,0,49,44,0,0,-2
09,2,250,20,105,102,0,8,0
09,2,90,10,108,104,0,8,-7
09,2,120,20,95,71,0,8,-5
09,2,350,10,112,109,0,8,2
09,2,80,30,125,87,0,0,-5
09,2,0,0,142,140,0,1,-1
09,2,160,20,190,187,0,8,5
09,2,220,40,125,111,0,0,-2
09,2,200,50,143,97,0,5,-8
09,2,230,80,137,121,0,3,-2
09,2,230,70,130,119,16,8,-1
09,2,220,30,147,143,0,8,5
09,2,0,0,167,164,0,8,7
09,2,200,10,177,168,0,8,4
09,2,200,50,139,125,0,3,-2
09,2,220,80,145,117,0,3,-8
09,2,240,50,131,98,0,8,-17
09,2,230,30,97,92,0,2,-6
09,2,60,30,114,86,0,8,-5
09,2,220,40,139,120,0,0,-5
09,2,160,30,111,104,0,8,2
09,2,210,10,77,76,0,6,0
09,2,180,30,107,98,0,1,4
09,2,180,30,144,119,0,8,-2
09,2,230,40,119,102,0,1,-1
09,2,210,20,97,89,0,3,15
09,2,10,10,79,76,0,0,-6
09,2,150,20,83,80,0,0,1
09,2,170,10,142,132,0,7,-6
09,2,990,10,124,122,0,7,6
09,2,360,10,101,98,0,7,-7
09,2,130,10,145,139,0,0,-7
09,2,120,10,118,112,0,0,0
09,2,290,20,84,77,0,0,-23
09,2,170,20,105,83,0,7,1
09,2,290,10,123,120,0,5,10
09,2,0,0,105,102,0,0,-1
09,2,330,20,157,151,0,8,1
09,2,260,10,98,91,0,7,10
09,2,200,10,93,84,0,0,-5
09,2,210,10,105,100,0,0,9
09,2,0,0,107,102,0,0,-4
09,2,190,20,145,108,0,1,0
09,2,170,20,167,153,0,8,-3
09,2,230,30,106,98,6,8,5
09,2,170,20,112,106,21,8,0
09,2,200,40,101,85,0,0,1
09,2,250,30,129,111,0,8,-3
09,2,190,20,96,89,0,0,2
09,2,210,30,116,110,0,4,-9
09,2,200,20,121,103,0,0,-10
09,2,220,20,82,73,1,5,-16
09,2,200,30,89,79,0,7,-5
09,2,170,10,75,61,0,6,-2
09,2,250,20,97,86,-1,8,4
09,2,70,10,56,52,0,8,-7
09,2,100,40,110,100,1,8,3
09,2,190,70,143,107,0,7,-10
09,2,150,40,121,114,13,8,3
09,2,180,40,119,102,0,8,6
09,2,200,40,96,92,0,0,-1
09,2,210,50,114,107,-1,7,0
09,2,220,30,61,47,0,1,2
09,2,260,20,68,59,0,0,2
09,2,230,50,129,99,0,7,-2
09,2,240,20,121,112,0,1,-6
09,2,20,10,136,133,0,0,-8
09,2,100,10,174,148,0,0,-5
09,2,140,30,184,145,0,0,-16
09,2,310,20,161,153,-1,8,-1
09,2,0,0,137,132,5,8,0
09,2,280,10,114,105,8,7,-6
09,2,240,30,98,93,0,8,-9
09,2,10,60,121,108,6,8,-7
09,2,300,20,129,120,0,8,0
09,2,230,20,132,125,0,8,-2
09,2,180,40,156,150,4,8,2
09,2,260,10,82,78,0,1,0
09,2,230,70,130,120,2,8,-3
09,2,220,40,75,59,-1,5,8
09,2,290,20,113,108,-1,8,1
09,2,240,20,99,91,0,8,-14
09,2,230,50,132,124,-1,8,-3
09,2,0,0,76,72,0,7,-7
09,2,200,20,134,112,0,8,2
09,2,300,20,154,140,0,8,-3
09,2,330,10,100,99,0,8,15
09,2,90,10,115,112,0,0,-7
09,2,0,0,117,114,0,4,3
09,2,30,20,58,50,0,0,-9
09,2,80,20,87,55,0,0,-3
09,2,70,50,99,60,0,0,-1
09,2,70,40,93,47,0,0,-6
09,2,260,20,86,83,0,0,-2
09,2,0,0,141,136,0,8,6
09,2,40,30,137,134,0,1,6
09,2,70,30,167,134,0,8,-2
09,2,0,0,158,149,0,8,5
09,2,90,10,144,137,0,8,3
09,2,230,10,121,118,0,1,-9
09,2,330,10,113,106,0,0,-12
09,2,240,10,91,83,0,8,2
09,2,330,10,121,108,0,8,2
09,2,360,10,108,102,0,8,3
09,2,360,20,103,95,0,0,-5
09,2,20,30,109,106,0,0,3
09,2,30,40,142,138,0,8,4
09,2,20,20,126,119,0,7,5
09,2,90,10,137,133,0,1,-16
09,2,110,10,121,118,0,0,8
09,2,100,10,141,132,0,0,-4
09,2,180,10,178,172,0,8,-2
09,2,20,10,145,142,0,6,22
09,2,340,20,156,144,0,5,2
09,2,270,20,117,95,0,8,-9
09,2,230,10,68,57,0,4,-6
09,2,190,20,99,75,0,8,5
09,2,250,30,92,87,0,0,7
09,2,220,30,125,107,0,8,4
09,2,180,10,134,131,0,9,-4
09,2,0,0,99,96,0,0,6
09,2,180,10,137,132,0,8,0
09,2,200,20,158,150,-1,8,-7
09,2,280,40,170,159,0,8,-2
09,2,200,20,88,84,0,0,-3
09,2,210,10,110,107,0,7,-9
09,2,200,30,102,94,0,2,-17
09,2,260,30,127,124,8,8,1
09,2,250,40,92,78,0,5,9
09,2,240,20,118,111,2,8,-1
09,2,360,20,124,118,2,8,-1
09,2,50,20,125,115,0,8,-16
09,2,70,30,113,80,0,0,-3
09,2,70,30,110,90,0,0,-4
09,2,120,20,128,93,0,8,1
09,2,170,20,143,140,-1,8,-8
09,2,170,20,125,122,0,6,-1
09,2,180,40,105,77,0,1,1
09,2,110,30,126,95,0,8,-1
09,2,190,90,162,120,0,6,-1
09,2,210,30,106,99,0,3,-2
09,2,200,30,130,124,-1,8,-5
09,2,290,10,93,88,0,8,-15
09,2,200,20,81,77,0,2,-10
09,2,200,50,127,120,1,8,0
09,2,240,30,109,106,0,8,3
09,2,200,40,108,98,0,6,-1
09,2,220,30,101,98,0,4,5
09,2,310,10,97,92,0,8,-14
09,2,20,20,61,59,0,0,0
09,2,30,30,64,61,0,0,4
09,2,60,30,87,72,0,0,-8
09,2,60,30,86,67,0,0,0
09,2,210,20,126,121,0,0,2
09,2,200,10,106,103,0,4,-1
09,2,200,20,131,116,0,7,5
09,2,210,30,167,151,2,8,0
09,2,240,30,155,147,-1,7,-3
09,2,170,10,122,119,0,0,2
09,2,0,0,129,128,0,0,2
09,2,20,10,140,128,0,0,4
09,2,210,20,126,116,0,0,-11
09,2,160,10,112,107,0,0,-2
09,2,220,20,152,121,0,3,-3
09,2,130,10,149,145,0,0,14
09,2,110,10,167,160,0,0,6
09,2,30,10,176,152,0,0,2
09,2,50,20,170,143,0,0,4
09,2,170,40,150,145,0,3,-3
09,2,170,30,143,132,0,8,6
09,2,10,30,169,159,0,8,-8
09,2,350,20,147,119,0,8,-17
09,2,270,10,97,92,0,5,-6
09,2,30,20,138,122,0,8,0
09,2,130,20,79,68,0,1,9
09,2,220,20,110,107,0,5,10
09,2,140,20,107,91,0,0,-7
09,2,150,30,137,84,0,0,-6
09,2,210,20,94,89,0,0,-11
09,2,240,10,66,63,0,0,-5
09,2,210,50,158,79,0,8,-6
09,2,200,40,160,121,0,8,-7
09,2,220,40,131,126,0,8,-3
09,2,0,0,102,99,0,4,-4
09,2,340,10,132,118,-1,8,-3
09,2,240,10,81,78,0,0,-7
09,2,180,10,108,98,0,8,-2
09,2,160,30,165,153,0,8,-2
09,2,200,40,168,161,1,7,3
09,2,230,30,134,109,0,8,-13
09,2,200,70,153,121,0,8,-3
09,2,190,40,139,131,2,8,-4
09,2,190,10,83,79,0,0,4
09,2,200,80,139,128,6,8,-1
09,2,210,50,120,114,0,7,5
09,2,200,70,122,113,24,8,1
09,2,220,40,107,98,0,3,0
09,2,200,20,98,96,-1,8,-6
09,2,230,30,76,69,0,7,-13
09,2,200,10,55,53,0,3,13
09,2,200,30,101,93,0,8,-1
09,2,220,30,78,75,-1,1,17
09,2,230,20,104,101,0,8,0
09,2,170,20,108,93,0,8,-15
09,2,200,10,77,74,0,2,-6
09,2,230,10,49,46,0,1,9
09,2,10,10,67,66,0,1,-1
09,2,60,30,92,90,0,0,17
09,2,50,20,119,116,0,8,-2
09,2,990,10,98,95,0,0,-9
09,2,140,20,148,114,0,8,-3
09,2,140,20,131,131,0,7,-1
09,2,0,0,160,157,1,8,1
09,2,0,0,70,66,0,0,-5
09,2,350,10,88,79,0,0,-5
09,2,10,20,165,111,0,8,-4
09,2,360,20,183,177,0,8,-2
09,2,340,10,169,163,0,8,-1
09,2,360,20,173,167,0,8,-6
09,2,200,30,137,128,0,8,2
09,2,210,30,106,80,0,7,-9
09,2,180,30,139,102,0,8,-2
09,2,220,20,138,124,0,8,11
09,2,210,40,140,119,0,7,8
09,2,220,20,171,147,0,8,2
09,2,360,20,131,122,0,8,-1
09,2,220,10,64,60,0,3,-4
09,2,220,30,112,91,0,8,-7
09,2,140,20,87,82,0,7,5
09,2,210,10,106,90,0,8,-11
09,2,140,30,134,85,0,0,0
09,2,990,10,132,123,0,7,-10
09,2,190,20,155,123,0,8,-8
09,2,190,60,196,126,0,8,-4
09,2,220,50,114,86,-1,8,0
09,2,100,20,108,102,-1,8,0
09,2,260,30,59,52,0,0,-2
09,2,220,10,30,27,0,0,-1
09,2,170,20,43,36,0,7,5
09,2,180,10,79,56,0,0,-11
09,2,0,0,85,81,0,7,-3
09,2,350,10,23,15,0,8,4
09,2,170,10,21,17,0,1,-9
09,2,240,30,160,144,0,8,3
09,2,260,10,97,74,0,0,-3
09,2,210,40,132,93,0,6,-4
09,2,200,20,131,109,0,8,8
09,2,240,40,124,105,-1,7,-6
09,2,220,30,65,58,0,0,2
09,2,230,30,138,121,0,8,-5
09,2,320,30,122,113,2,8,-3
09,2,250,20,60,54,0,0,1
09,2,0,0,60,55,0,7,-8
09,2,160,10,87,81,0,1,2
09,2,220,40,168,161,-1,8,-1
09,2,250,40,181,150,0,8,-1
09,2,30,20,98,79,0,3,7
09,2,200,10,65,56,0,6,0
09,2,210,20,122,116,0,8,8
09,2,270,20,98,94,0,4,-2
09,2,230,10,36,30,0,0,2
09,2,0,0,72,65,0,8,8
09,2,0,0,53,46,0,8,-10
09,2,80,30,110,42,0,0,-2
09,2,120,20,139,43,0,0,-1
09,2,210,40,155,147,5,8,-2
09,2,160,30,141,109,0,8,2
09,2,190,30,126,121,0,8,0
09,2,200,50,152,134,0,8,-9
09,2,200,40,139,130,0,8,-4
09,2,220,70,144,116,0,8,-6
09,2,180,40,140,108,-1,8,6
09,2,260,70,137,115,0,7,1
09,2,250,10,79,75,0,1,-7
09,2,990,10,106,98,0,8,-7
09,2,210,10,115,106,0,8,4
09,2,230,50,187,171,0,8,-7
09,2,230,20,144,123,-1,8,1
09,2,330,20,97,79,0,4,-9
09,2,210,10,98,92,0,8,-6
09,2,200,30,129,111,0,4,4
09,2,180,30,173,160,0,8,1
09,2,0,0,108,103,0,6,-17
09,2,0,0,67,60,0,0,1
09,2,200,10,78,75,0,0,4
09,2,180,10,107,102,0,8,-5
09,2,0,0,116,113,0,4,-4
09,2,140,10,163,130,0,0,-25
09,2,250,20,169,148,0,2,-6
09,2,20,40,124,103,0,6,-18
09,2,60,40,111,45,0,0,-5
09,2,50,30,125,59,0,0,-3
09,2,30,20,112,67,0,0,-3
09,2,320,10,75,67,0,0,-7
09,2,0,0,90,81,0,0,-11
09,2,200,20,106,84,0,1,14
09,2,230,70,129,99,0,0,-10
09,2,200,60,109,86,0,8,-12
09,2,290,50,104,93,0,8,1
09,2,330,70,132,127,14,8,12
09,2,220,20,118,108,0,8,2
09,2,190,10,115,112,1,8,5
09,2,180,20,140,137,0,8,-2
09,2,70,10,130,96,0,0,-10
09,2,80,5,128,105,0,0,-4
09,2,10,15,164,141,0,0,-13
09,2,10,10,140,98,0,0,-7
09,2,10,5,134,116,0,0,-17
09,2,10,21,148,104,0,8,-18
09,2,330,5,128,89,0,7,1
09,2,990,5,136,115,0,8,-8
09,2,0,0,80,68,0,0,-4
09,2,30,5,95,79,0,1,-21
09,2,990,5,145,116,0,7,0
09,2,360,5,35,22,0,0,11
09,2,40,5,79,52,0,0,-4
09,2,0,0,70,47,0,0,-20
09,2,230,15,137,92,0,7,-1
09,2,280,15,125,112,0,0,-4
09,2,270,36,178,154,0,8,-7
09,2,230,26,111,95,0,0,-3
09,2,10,26,144,117,10,8,-2
09,2,990,5,95,79,0,5,-17
09,2,40,10,79,64,0,0,-4
09,2,190,36,175,120,0,7,-11
09,2,230,51,124,96,0,3,-5
09,2,230,67,168,146,0,8,2
09,2,250,21,169,154,18,8,-2
09,2,280,10,150,135,0,8,0
09,2,260,15,119,106,0,6,-4
09,2,210,41,86,71,0,0,1
09,2,110,36,121,103,7,8,-1
09,2,200,36,128,107,0,7,-5
09,2,240,36,109,95,8,7,2
09,2,220,51,118,99,-1,8,2
09,2,220,57,141,121,0,3,3
09,2,250,57,113,94,-1,7,-11
09,2,250,36,110,86,0,7,-3
09,2,240,15,55,48,0,0,-5
09,2,170,26,134,91,0,4,2
09,2,220,26,79,68,0,1,1
09,2,220,21,80,71,0,2,0
09,2,90,5,71,65,0,0,-11
09,2,140,15,132,106,0,1,-7
09,2,240,31,96,80,0,2,-9
09,2,100,10,87,75,0,4,-2
09,2,240,36,125,117,4,8,0
09,2,230,26,116,108,0,5,8
09,2,240,41,149,120,0,7,0
09,2,60,15,87,76,0,0,-3
09,2,80,26,105,93,0,0,-1
09,2,150,21,126,118,0,7,8
09,2,210,21,145,135,0,8,0
09,2,990,5,120,111,0,5,10
09,2,110,21,155,132,0,7,0
09,2,180,31,130,114,0,2,-6
09,2,190,26,109,93,0,0,-5
09,2,170,26,150,116,0,7,-3
09,2,120,21,130,112,0,5,-10
09,2,100,21,127,111,0,0,-6
09,2,80,21,130,121,0,0,-5
09,2,240,10,123,112,0,3,-3
09,2,240,15,146,125,0,8,-1
09,2,300,15,97,97,0,5,-9
09,2,290,10,108,108,0,6,-2
09,2,260,26,129,129,18,8,2
09,2,320,15,105,105,0,0,1
09,2,280,21,109,90,0,6,-4
09,2,0,0,52,49,0,0,-3
09,2,50,26,71,68,0,5,-7
09,2,120,15,144,138,-1,8,2
09,2,180,21,138,138,0,5,-1
09,2,180,36,146,140,0,5,4
09,2,200,36,110,107,0,2,0
09,2,0,0,102,102,0,5,-12
09,2,100,51,140,124,-1,8,-4
09,2,110,31,107,105,2,8,1
09,2,230,72,129,121,0,8,-1
09,2,0,0,113,113,0,7,-17
09,2,50,21,95,94,9,8,0
09,2,10,10,59,59,0,0,1
09,2,60,26,52,45,0,4,5
09,2,110,21,112,103,0,5,-8
09,2,170,31,171,160,0,6,-2
09,2,60,21,128,128,0,7,2
09,2,10,15,135,133,0,8,-4
09,2,20,26,119,117,0,3,-6
09,2,360,31,105,105,11,8,1
09,2,260,41,110,107,1,8,-1
09,2,230,82,106,103,-1,8,-1
09,2,160,41,98,89,-1,8,-2
09,2,170,26,71,71,0,0,-10
09,2,110,26,94,88,0,7,2
09,2,170,31,172,155,0,5,-5
09,2,190,36,139,131,0,6,5
09,2,250,41,144,130,-1,8,-1
09,2,220,21,132,124,0,7,7
09,2,220,51,149,133,-1,8,-2
09,2,190,5,80,79,0,3,8
09,2,230,21,107,107,0,8,1
09,2,160,15,106,106,0,3,-16
09,2,210,51,110,99,0,5,-3
09,2,190,41,116,102,0,2,8
09,2,240,51,96,87,0,0,-1
09,2,150,15,134,134,0,6,5
09,2,220,57,118,99,0,0,-1
09,2,70,31,90,90,0,5,-2
09,2,240,36,97,97,0,7,5
09,2,250,46,112,106,1,8,-1
09,2,240,41,93,84,11,6,-2
09,2,260,26,103,94,-1,7,-1
09,2,280,10,110,110,0,7,1
09,2,140,31,98,87,0,8,0
09,2,60,31,110,104,-1,5,-2
09,2,40,26,89,89,0,0,3
09,2,50,31,98,82,0,3,-4
09,2,60,31,115,102,0,7,-9
09,2,70,10,104,104,0,2,0
09,2,0,0,100,100,0,0,-7
09,2,260,15,100,100,0,2,-10
09,2,240,15,126,126,1,8,1
09,2,230,26,83,83,0,6,16
09,2,230,10,123,120,0,7,0
09,2,290,15,102,91,0,2,-4
09,2,280,21,140,113,-1,8,5
09,2,230,36,140,135,0,8,-3
09,2,210,26,102,96,-1,7,-14
09,2,220,21,92,89,0,0,-1
09,2,180,26,117,104,0,5,-5
09,2,110,26,128,105,0,7,5
09,2,120,57,144,121,0,6,0
09,2,230,72,144,134,0,7,1
09,2,210,26,130,117,0,7,3
09,2,150,31,151,140,7,8,-3
09,2,190,15,102,96,0,0,-3
09,2,220,15,130,122,-1,7,-2
09,2,240,21,116,116,0,7,-12
09,2,160,21,126,101,0,6,-4
09,2,100,10,88,88,0,3,12
09,2,130,21,113,107,0,3,-6
09,2,60,26,112,109,0,1,2
09,2,70,26,145,122,0,7,-3
09,2,20,21,108,96,0,1,-5
09,2,310,15,80,77,0,0,-13
09,2,300,10,123,120,0,7,-5
09,2,240,21,108,108,0,5,-18
09,2,180,21,131,131,3,8,0
09,2,270,26,112,109,-1,8,2
09,2,220,72,128,96,0,8,0
09,2,170,21,107,107,4,8,0
09,2,250,77,88,57,-1,5,-8
09,2,230,46,60,53,0,4,-3
09,2,220,31,84,81,3,6,-4
09,2,270,20,84,84,0,1,15
09,2,260,10,78,78,0,5,9
09,2,350,20,85,85,0,5,13
09,2,360,20,113,107,0,0,-8
09,2,360,10,118,115,0,5,-9
09,2,340,20,88,87,0,0,-5
09,2,360,10,64,64,0,1,-7
09,2,340,20,65,65,0,1,-1
09,2,310,10,62,62,0,1,11
09,2,300,20,118,118,0,6,4
09,2,280,20,89,88,0,3,12
09,2,220,70,116,116,7,8,2
09,2,260,20,75,71,-1,5,2
09,2,310,40,123,123,-1,8,0
09,2,270,20,111,108,0,7,0
09,2,340,20,62,62,0,0,-4
09,2,50,10,66,63,0,0,-12
09,2,60,50,93,81,0,4,-8
09,2,60,60,97,71,0,6,-1
09,2,60,50,84,70,0,1,0
09,2,50,40,108,69,0,8,-8
09,2,40,30,92,80,0,8,1
09,2,340,20,87,87,0,7,-1
09,2,330,10,98,98,0,8,-1
09,2,190,10,75,75,0,6,-7
09,2,210,10,73,73,0,0,-4
09,2,180,50,128,120,18,8,0
09,2,240,30,120,118,0,7,-22
09,2,180,50,126,98,0,8,-5
09,2,220,70,164,161,7,8,-1
09,2,190,20,176,163,0,3,-8
09,2,350,20,144,144,20,8,-6
09,2,100,10,98,98,0,1,6
09,2,150,10,159,149,0,7,2
09,2,990,10,163,161,-1,6,-4
09,2,220,20,105,105,0,1,-13
09,2,240,40,132,124,3,8,-3
09,2,220,30,125,125,0,0,2
09,2,240,20,134,131,0,5,3
09,2,290,20,108,79,0,4,-14
09,2,100,20,73,72,0,1,3
09,2,190,30,145,120,0,8,10
09,2,250,40,127,121,0,2,-1
09,2,230,40,73,67,0,1,0
09,2,210,20,68,59,0,1,-5
09,2,180,20,79,71,0,2,-10
09,2,220,30,103,95,0,3,-11
09,2,50,10,107,107,0,3,6
09,2,30,30,129,113,0,7,-4
09,2,70,10,65,61,0,0,-14
09,2,40,20,57,53,0,1,-9
09,2,50,10,53,47,0,0,5
09,2,20,20,89,85,0,0,-17
09,2,340,10,103,101,0,5,11
09,2,60,10,71,71,0,0,0
09,2,60,10,79,76,0,0,4
09,2,30,20,102,102,0,0,4
09,2,360,20,69,69,0,2,-11
09,2,0,0,50,50,0,9,0
09,2,240,10,126,126,0,8,6
09,2,80,30,105,96,0,6,8
09,2,90,30,134,133,38,8,1
09,2,130,50,172,170,23,8,-2
09,2,270,20,153,152,18,8,-1
09,2,90,30,159,151,0,,0
09,2,180,30,153,152,3,,-1
09,2,150,20,147,147,0,,1
09,2,170,30,155,152,0,,-7
09,2,190,40,150,141,0,,1
09,2,200,60,159,149,0,,-1
09,2,210,50,131,120,0,,2
09,2,310,10,119,119,-1,,-2
09,2,210,50,79,75,-1,,-1
09,2,260,20,41,46,0,,-6
09,2,280,70,129,122,13,,0
09,2,250,60,153,141,0,,-3
09,2,270,60,118,110,8,,0
09,2,250,20,92,90,0,,-12
09,2,200,20,140,128,0,,1
09,2,360,10,146,146,0,,3
09,2,50,20,105,105,0,,-15
09,2,30,20,107,103,0,,-4
09,2,60,30,84,84,0,,-8
09,2,80,40,92,92,0,,-10
09,2,110,20,140,127,0,,-3
09,2,100,20,126,118,0,,3
09,2,120,10,112,111,0,,-13
09,2,990,10,135,135,0,,-3
09,2,0,0,119,119,0,,11
09,2,90,30,127,124,0,,-3
09,2,280,20,152,148,0,,1
09,2,0,0,121,121,0,,-3
09,2,80,30,116,93,0,,-18
09,2,90,20,123,114,0,,3
09,2,990,10,132,116,0,,-3
09,2,990,10,119,118,0,,-9
09,2,190,30,156,152,0,,-5
09,2,220,20,166,159,0,,-5
09,2,990,10,150,146,0,3,-2
09,2,60,40,168,160,0,,0
09,2,100,20,155,150,0,,-8
09,2,120,10,144,122,0,,-10
09,2,10,10,151,151,0,,-1
09,2,350,10,179,171,0,,1
09,2,360,10,148,148,0,,4
09,2,190,30,115,115,0,,-8
09,2,180,40,139,131,5,,0
09,2,200,20,110,110,0,,-3
09,2,100,20,117,110,0,,0
09,2,100,20,183,159,4,,2
09,2,160,30,130,121,0,,-2
09,2,140,20,147,135,0,,-3
09,2,110,20,145,144,0,,10
09,2,170,20,140,131,0,,13
09,2,180,30,136,121,0,,0
09,2,190,40,159,148,0,,2
09,2,190,30,113,105,0,,2
09,2,190,50,147,130,0,,2
09,2,190,50,147,125,0,,-1
09,2,210,60,150,141,0,,1
09,2,140,20,118,113,0,,5
09,2,200,40,128,115,0,,-2
09,2,280,30,128,122,-1,,-3
09,2,290,20,122,118,0,,-1
09,2,230,20,117,108,0,,-18
09,2,170,30,131,102,0,,-1
09,2,270,50,137,96,0,,7
09,2,200,60,151,118,0,,0
09,2,210,40,174,166,-1,,1
09,2,200,10,150,149,0,,3
09,2,70,10,131,131,0,,-1
09,2,120,10,147,146,0,,-1
09,2,230,40,130,125,0,,-4
09,2,0,0,133,130,0,,-6
09,2,990,10,111,111,0,,-3
09,2,220,90,157,142,-1,,-13
09,2,990,10,90,90,0,,19
09,2,150,20,103,103,0,,7
09,2,120,30,126,118,0,,-7
09,2,120,50,147,124,-1,,3
09,2,990,10,131,131,-1,,-3
09,2,990,10,92,89,0,,-14
09,2,150,10,130,123,0,,-10
09,2,80,50,102,86,0,,-3
09,2,240,20,135,127,2,,0
09,2,80,20,132,117,0,,9
09,2,170,20,155,147,0,,0
09,2,160,50,154,114,0,,2
09,2,140,30,165,145,-1,,1
09,2,270,30,144,134,0,,0
09,2,320,10,140,134,0,,-4
09,2,210,30,79,71,0,,3
09,2,220,40,167,157,0,,-1
09,2,230,40,132,125,0,,1
09,2,280,40,125,111,0,,-1
09,2,200,40,131,111,0,,-5
09,2,260,30,126,121,0,,2
09,2,270,60,158,149,20,,-7
09,2,260,50,95,74,3,,-4
09,2,270,60,116,93,0,,0
09,2,230,30,103,85,0,,-2
09,2,280,50,134,125,2,,-3
09,2,210,90,133,122,7,,1
09,2,280,20,100,95,0,,-3
09,2,200,40,122,118,0,,0
09,2,240,30,100,94,17,,-8
09,2,270,30,71,64,0,,-1
09,2,40,20,67,63,0,,-14
09,2,190,50,100,87,0,,1
09,2,320,20,116,112,8,,-2
09,2,280,30,120,115,-1,,-2
09,2,250,20,84,78,0,,-14
09,2,230,40,111,104,6,,0
09,2,40,30,113,108,0,,-3
09,2,10,10,73,69,0,,-9
09,2,990,10,79,77,0,,-9
09,2,180,30,128,123,1,,8
09,2,230,40,126,119,0,,5
09,2,70,20,95,92,0,,-6
09,2,220,40,155,151,0,,1
09,2,310,20,114,107,0,,0
09,2,20,20,105,103,0,,-10
09,2,70,30,92,82,0,,1
09,2,90,20,75,80,0,,16
09,2,990,10,140,132,0,,-1
09,2,220,30,117,112,0,,-2
09,2,190,30,137,121,0,,1
09,2,160,20,151,132,0,,-3
09,2,50,20,124,123,0,,4
09,2,0,0,134,111,0,,-7
09,2,280,20,142,139,13,,-3
09,2,360,20,137,134,0,,-6
09,2,60,20,99,88,0,,-2
09,2,330,10,109,107,0,,23
09,2,310,10,142,127,0,,-4
09,2,320,20,67,65,0,,1
09,2,280,20,113,109,0,,-4
09,2,290,10,124,120,0,,3
09,2,990,10,126,118,0,,1
09,2,340,20,128,119,0,,0
09,2,250,10,73,69,0,,-10
09,2,250,30,104,101,0,,0
09,2,360,30,97,91,0,,12
09,2,30,40,71,54,0,,1
09,2,280,20,87,82,3,,3
09,2,230,40,114,108,0,,-5
09,2,270,20,113,110,0,,-6
09,2,990,10,49,49,0,,2
09,2,60,10,100,98,0,,-8
09,2,80,10,69,68,0,,-20
09,2,250,30,112,88,0,,-8
09,2,290,20,93,77,0,,2
09,2,310,10,63,59,0,,3
09,2,0,0,82,78,0,,0
09,2,70,30,99,82,0,,-8
09,2,170,20,164,140,0,,-5
09,2,210,20,118,115,0,,-3
09,2,10,10,133,125,0,,-2
09,2,270,10,87,81,0,,-3
09,2,280,10,109,98,0,,3
09,2,270,30,104,96,0,,2
09,2,250,20,121,104,0,,-12
09,2,340,10,74,71,-1,,4
09,2,40,10,65,61,0,,6
09,2,80,10,88,85,0,,-15
09,2,0,0,111,108,0,,-6
09,2,260,10,92,90,0,,1
09,2,200,10,101,86,0,,21
09,2,210,20,126,120,0,,3
09,2,210,20,144,112,0,,-8
09,2,210,30,131,93,0,,-1
09,2,170,30,171,122,0,,0
09,2,250,30,112,106,6,,2
09,2,250,20,49,42,0,,7
09,2,70,10,39,36,0,,-2
09,2,110,10,68,38,0,,-7
09,2,260,20,126,106,0,,-3
09,2,70,20,97,81,0,,5
09,2,270,40,120,107,0,,-5
09,2,70,10,46,44,0,,-2
09,2,0,0,85,81,0,,1
09,2,70,10,101,97,0,,-6
09,2,70,10,123,108,0,,-10
09,2,160,10,167,157,0,,-4
09,2,20,10,161,156,0,,-2
09,2,60,20,146,135,0,,6
09,2,30,30,163,154,0,,-5
09,2,40,40,127,112,0,,-2
09,2,70,30,103,88,0,,1
09,2,100,30,110,76,0,,-6
09,2,150,20,172,167,0,,-3
09,2,220,90,149,128,0,,-8
09,2,200,40,140,101,0,,-7
09,2,200,40,109,102,0,,2
09,2,220,70,126,102,0,,1
09,2,230,20,62,58,0,,-4
09,2,180,30,92,63,0,,-3
09,2,180,40,125,88,0,,5
09,2,230,40,154,147,-1,,-5
09,2,200,50,114,92,0,,-2
09,2,240,90,127,96,3,,-3
09,2,250,50,123,73,0,,2
09,2,260,40,122,116,10,,1
09,2,270,40,102,89,0,,-6
09,2,280,30,107,93,0,,1
09,2,290,30,118,114,-1,,-11
09,2,240,50,142,127,0,,2
09,2,240,40,147,138,0,,2
09,2,240,50,136,129,0,,4
09,2,230,10,47,44,0,,10
09,2,110,30,183,151,0,,-11
09,2,220,20,162,157,0,,-14
09,2,20,20,143,141,0,,17
09,2,80,40,124,111,0,,-11
09,2,110,30,156,136,0,,-7
09,2,70,10,123,111,0,,-12
09,2,230,20,138,136,0,,16
09,2,190,20,149,148,0,,13
09,2,60,10,164,161,0,,3
09,2,300,20,180,176,10,,-3
09,2,990,10,166,163,0,,-1
09,2,360,30,162,157,0,,2
09,2,330,10,86,84,0,,-3
09,2,220,20,108,104,0,,2
09,2,240,30,174,169,-1,,0
09,2,20,60,123,119,33,,-3
09,2,300,20,79,70,0,,-5
09,2,0,0,41,38,0,,-8
09,2,10,10,48,46,0,,1
09,2,0,0,50,48,0,,-4
09,2,10,10,66,64,0,,-4
09,2,90,10,82,80,0,,-18
09,2,120,20,81,78,0,,-4
09,2,250,30,135,122,0,,4
09,2,100,10,104,101,0,,10
09,2,210,20,111,109,0,,-4
09,2,170,30,123,104,0,,8
09,2,230,50,123,118,0,,-1
09,2,190,60,113,75,0,,-12
09,2,210,30,97,93,1,,-11
09,2,200,20,146,134,0,,-12
09,2,200,20,141,138,0,,-5
09,2,220,80,182,150,0,,-9
09,2,250,40,180,163,0,,-3
09,2,220,20,119,114,0,,20
09,2,210,10,179,172,0,,-2
09,2,220,20,154,154,0,,17
09,2,280,20,109,100,0,,-4
09,2,60,20,77,71,0,,8
09,2,70,30,101,96,0,,-10
09,2,70,10,130,127,0,,0
09,2,70,10,145,142,0,,-8
09,2,110,20,165,151,0,,-7
09,2,90,30,163,152,0,,0
09,2,70,30,174,143,0,,-7
09,2,30,20,174,144,0,,-5
09,2,340,10,172,172,0,,0
09,2,280,20,164,147,0,,-2
09,2,210,30,107,102,0,,16
09,2,220,20,84,78,0,,-3
09,2,140,30,120,103,0,,-19
09,2,130,30,171,139,0,,-4
09,2,60,10,162,146,0,,-7
09,2,130,20,179,157,0,,8
09,2,220,10,152,147,0,,2
09,2,230,40,161,149,0,,-3
09,2,230,20,103,103,0,,-6
09,2,190,30,132,116,0,,-3
09,2,150,20,130,125,0,,8
09,2,180,30,160,148,1,,-8
09,2,240,40,139,135,1,7,-9
09,2,240,20,135,124,0,8,5
09,2,230,60,156,139,-1,8,-8
09,2,280,30,88,76,0,1,-2
09,2,280,20,77,60,0,7,-7
09,2,280,10,139,138,0,7,4
09,2,350,20,146,140,2,8,0
09,2,250,20,116,113,0,8,15
09,2,280,20,134,128,-1,1,-4
09,2,230,40,125,113,0,8,5
09,2,280,30,119,109,0,8,-6
09,2,280,20,79,77,0,0,8
09,2,360,10,110,106,0,1,-13
09,2,0,0,59,57,0,0,-7
09,2,260,20,76,69,0,0,15
09,2,190,20,96,76,0,0,-14
09,2,220,30,129,124,0,0,4
09,2,230,30,108,105,-1,8,3
09,2,220,30,71,60,0,8,-20
09,2,210,60,121,92,0,8,-1
09,2,220,50,144,109,0,7,-3
09,2,200,20,95,84,0,8,-10
09,2,0,0,89,87,0,9,-7
09,2,190,30,148,138,0,3,-7
09,2,220,40,94,80,0,0,7
09,2,250,20,96,93,0,8,3
09,2,360,30,85,83,0,9,-3
09,2,350,40,114,109,13,8,3
09,2,280,20,132,129,13,8,-2
09,2,250,30,115,109,4,8,-1
09,2,230,40,166,150,0,3,1
09,2,160,20,135,123,0,5,6
09,2,200,50,109,106,0,1,3
09,2,200,50,117,106,0,0,-1
09,2,200,30,134,112,0,7,-9
09,2,170,40,167,135,0,2,5
09,2,170,40,148,116,0,3,-1
09,2,220,50,146,130,0,8,-1
09,2,70,10,84,83,0,5,-5
09,2,210,20,157,154,0,4,9
09,2,140,30,158,143,0,0,-4
09,2,990,10,175,161,0,7,-12
09,2,260,10,138,136,0,8,0
09,2,40,30,72,48,0,0,-4
09,2,40,40,92,79,0,1,2
09,2,990,10,85,77,0,8,-1
09,2,30,20,102,90,0,8,-1
09,2,90,20,54,51,0,0,-13
09,2,40,10,29,28,0,0,7
09,2,330,10,41,38,0,0,1
09,2,30,10,49,45,0,0,-9
09,2,350,20,88,85,0,8,4
09,2,350,10,112,98,0,8,-1
09,2,50,40,114,108,0,8,1
09,2,0,0,74,73,0,1,-7
09,2,360,30,82,78,0,0,-10
09,2,70,10,62,61,0,0,-4
09,2,990,10,42,38,0,1,4
09,2,220,20,87,87,0,8,-22
09,2,220,60,95,74,0,7,4
09,2,150,30,168,97,0,0,0
09,2,210,50,133,118,0,0,-1
09,2,160,50,144,133,10,8,1
09,2,220,70,120,97,0,2,-3
09,2,240,50,132,115,0,8,3
09,2,230,50,132,107,0,8,0
09,2,200,30,120,102,0,8,-4
09,2,180,10,116,108,0,0,0
09,2,210,20,149,118,0,0,-14
09,2,360,20,132,120,0,8,2
09,2,340,10,96,93,0,1,-5
09,2,360,30,131,116,0,8,3
09,2,270,20,103,102,0,8,10
09,2,350,20,118,110,0,7,-5
09,2,50,60,135,128,6,8,2
09,2,40,30,148,142,0,8,1
09,2,30,50,115,102,0,1,-5
09,2,20,20,86,80,0,0,-5
09,2,80,30,123,118,0,7,-3
09,2,250,10,124,124,0,4,-4
09,2,350,10,110,107,0,5,3
09,2,230,20,90,81,0,0,-6
09,2,230,30,112,108,0,1,14
09,2,220,20,150,147,0,8,-6
09,2,240,20,61,61,0,0,-2
09,2,0,0,58,55,0,4,2
09,2,0,0,58,55,0,0,-1
09,2,220,20,70,70,0,5,-3
09,2,240,30,142,126,-1,8,-1
09,2,250,20,143,142,0,8,2
09,2,330,10,65,63,0,0,4
09,2,350,10,79,76,0,1,3
09,2,10,10,118,115,0,8,-20
09,2,350,20,95,92,0,0,-7
09,2,30,10,69,66,0,0,1
09,2,80,30,78,67,0,0,11
09,2,100,50,126,81,-1,8,-2
09,2,80,50,126,114,0,8,0
09,2,280,20,147,141,-1,8,-4
09,2,220,20,115,112,0,6,15
09,2,180,30,148,133,0,8,3
09,2,210,10,140,135,-1,8,7
09,2,240,30,91,88,0,0,-4
09,2,220,80,152,125,0,8,0
09,2,240,40,131,126,3,8,1
09,2,230,30,76,71,0,0,-5
09,2,230,30,88,81,0,4,12
09,2,220,30,88,78,-1,7,0
09,2,220,30,47,42,0,0,12
09,2,200,40,112,93,0,8,0
09,2,240,20,110,107,0,0,5
09,2,100,20,98,97,0,0,-4
09,2,180,10,117,112,0,0,5
09,2,210,20,141,137,25,7,-2
09,2,350,30,115,84,-1,8,-12
09,2,210,20,74,71,0,8,8
09,2,0,0,45,43,0,5,-5
09,2,270,20,106,104,0,9,1
09,2,60,20,86,85,0,9,-8
09,2,90,30,73,66,0,8,2
09,2,80,10,110,105,0,8,-11
09,2,50,30,100,83,0,0,-8
09,2,0,0,143,141,0,5,-5
09,2,140,20,191,186,3,6,0
09,2,220,50,130,115,0,0,-8
09,2,210,60,148,100,0,7,-10
09,2,240,70,136,120,0,1,-2
09,2,240,70,129,119,4,8,0
09,2,220,40,151,146,0,8,0
09,2,0,0,169,166,0,8,5
09,2,190,20,162,154,0,4,16
09,2,210,60,142,126,0,1,-3
09,2,230,60,136,114,0,3,-3
09,2,240,50,131,101,0,8,-20
09,2,230,30,101,92,0,2,-12
09,2,60,20,79,70,0,0,4
09,2,230,50,139,126,0,1,-7
09,2,180,20,111,107,-1,8,0
09,2,230,10,75,73,0,8,-1
09,2,190,30,109,101,0,7,-2
09,2,210,30,148,115,0,8,-12
09,2,240,40,115,103,0,0,-1
09,2,220,30,83,77,0,1,13
09,2,50,10,72,72,0,0,-1
09,2,140,10,75,72,0,0,-1
09,2,170,10,133,129,0,7,-5
09,2,990,10,134,132,0,7,-8
09,2,50,10,102,102,0,5,-2
09,2,80,10,129,126,0,0,5
09,2,70,10,122,119,0,0,-12
09,2,290,20,92,80,0,4,-9
09,2,210,20,109,85,0,7,-11
09,2,260,10,151,138,0,8,-3
09,2,260,10,106,101,0,0,-6
09,2,360,20,164,153,0,8,0
09,2,290,10,126,104,0,8,1
09,2,210,30,99,89,0,0,-8
09,2,220,20,121,118,0,0,4
09,2,60,20,118,115,0,0,1
09,2,210,20,153,114,0,7,-12
09,2,170,30,168,156,0,8,-1
09,2,250,10,108,99,3,8,2
09,2,190,20,108,99,2,8,-2
09,2,210,40,105,83,0,0,-4
09,2,240,30,90,85,0,2,16
09,2,200,20,97,88,0,0,-5
09,2,230,40,108,101,0,2,15
09,2,220,30,114,89,0,2,-9
09,2,220,30,67,63,-1,2,4
09,2,220,20,52,48,0,1,-3
09,2,210,10,78,61,0,0,-7
09,2,270,10,102,92,2,8,-3
09,2,60,10,52,48,0,8,-7
09,2,100,60,99,93,41,8,4
09,2,180,70,143,104,0,8,-4
09,2,140,40,119,111,8,8,3
09,2,180,30,116,100,0,8,4
09,2,210,20,83,79,0,0,6
09,2,210,40,116,103,3,8,-4
09,2,220,30,63,51,0,0,-4
09,2,250,20,68,58,0,1,14
09,2,230,50,137,109,0,7,0
09,2,230,30,129,123,0,2,-5
09,2,10,10,128,125,0,0,0
09,2,80,20,146,137,0,0,-1
09,2,120,20,193,150,0,0,-15
09,2,0,0,161,154,2,8,-4
09,2,60,10,136,133,5,8,-1
09,2,230,20,113,101,0,8,-1
09,2,270,30,101,96,0,7,2
09,2,350,20,116,108,0,7,-5
09,2,280,20,126,121,0,8,5
09,2,260,20,131,128,0,8,-7
09,2,190,40,155,149,-1,8,0
09,2,260,10,86,81,0,5,-7
09,2,230,80,129,121,4,8,-7
09,2,220,40,80,67,0,8,1
09,2,270,20,108,104,0,8,1
09,2,230,40,100,92,-1,8,-7
09,2,230,40,127,122,0,8,4
09,2,240,20,86,84,0,4,-8
09,2,210,20,125,111,0,8,5
09,2,260,10,152,142,0,8,-2
09,2,0,0,118,115,0,8,3
09,2,80,10,115,110,0,0,-10
09,2,280,10,128,118,0,3,3
09,2,30,20,56,50,0,0,-1
09,2,70,30,49,38,0,0,-2
09,2,70,60,88,62,0,0,0
09,2,70,40,72,49,0,0,-8
09,2,270,20,97,96,0,0,15
09,2,30,10,142,133,0,8,-7
09,2,50,20,128,127,0,0,-2
09,2,60,20,153,133,0,8,-5
09,2,340,10,141,138,0,7,14
09,2,330,10,137,134,0,5,6
09,2,240,20,122,119,0,0,-3
09,2,340,10,113,112,0,4,6
09,2,250,10,98,95,0,8,-5
09,2,990,10,131,119,0,8,0
09,2,290,20,119,114,0,8,3
09,2,360,20,92,89,0,0,-9
09,2,340,10,112,109,0,0,-13
09,2,10,10,138,134,0,1,0
09,2,20,10,123,120,0,8,7
09,2,60,10,134,133,0,6,-14
09,2,70,20,126,123,0,0,0
09,2,60,20,139,136,0,0,-4
09,2,60,20,163,160,0,8,1
09,2,0,0,140,140,0,8,-3
09,2,290,10,157,154,0,8,1
09,2,280,30,122,96,0,8,2
09,2,250,20,62,56,0,5,-6
09,2,200,30,110,78,0,8,-10
09,2,250,20,92,89,0,1,11
09,2,220,50,136,112,0,8,-1
09,2,240,10,136,135,0,9,2
09,2,70,10,99,96,0,0,-1
09,2,210,10,138,133,0,8,3
09,2,210,20,150,147,-1,8,4
09,2,280,30,173,157,0,8,-8
09,2,240,20,92,89,0,0,-9
09,2,240,10,101,98,0,3,-1
09,2,210,40,99,91,0,0,-2
09,2,260,30,127,122,0,7,-2
09,2,250,30,88,71,0,3,5
09,2,270,20,120,110,1,8,1
09,2,310,10,127,114,0,8,-1
09,2,10,10,79,76,0,0,-1
09,2,60,30,84,72,0,0,-1
09,2,60,20,93,79,0,0,-7
09,2,100,20,114,94,0,8,-2
09,2,210,20,144,135,0,8,-1
09,2,220,20,130,119,0,7,-3
09,2,180,50,102,71,0,0,-6
09,2,120,30,122,90,0,8,0
09,2,190,80,160,118,0,8,1
09,2,210,30,105,96,0,0,-7
09,2,190,30,126,116,0,8,3
09,2,270,20,92,86,0,8,-3
09,2,220,30,81,72,0,1,-7
09,2,190,50,124,116,1,8,0
09,2,220,20,97,94,0,7,10
09,2,210,40,110,97,0,8,-8
09,2,230,30,97,94,0,6,15
09,2,360,10,55,52,0,7,27
09,2,10,20,75,71,0,0,-10
09,2,10,10,74,71,0,0,-3
09,2,30,20,65,58,0,0,1
09,2,60,30,76,60,0,0,1
09,2,220,20,134,123,0,0,-11
09,2,0,0,105,102,0,3,-3
09,2,200,30,136,118,0,3,-3
09,2,220,40,170,150,3,8,2
09,2,240,30,140,135,0,0,-10
09,2,220,10,110,105,0,1,-2
09,2,60,10,132,129,0,0,-7
09,2,60,10,133,126,0,0,0
09,2,220,30,122,112,0,0,0
09,2,0,0,101,98,0,0,0
09,2,220,20,158,122,0,0,-16
09,2,80,10,154,151,0,0,-4
09,2,60,20,165,152,0,0,1
09,2,60,10,173,161,0,0,-2
09,2,50,20,180,141,0,0,-9
09,2,200,40,152,147,0,7,-2
09,2,180,20,141,122,0,3,-6
09,2,360,20,158,151,0,1,-7
09,2,350,20,139,117,0,8,-15
09,2,0,0,83,79,0,6,2
09,2,50,20,133,104,0,8,-2
09,2,0,0,82,78,0,3,0
09,2,230,20,103,98,0,5,17
09,2,150,30,115,82,0,0,0
09,2,140,40,138,85,0,0,-5
09,2,230,30,88,83,0,0,-8
09,2,250,10,71,69,0,2,0
09,2,220,60,165,79,0,8,-2
09,2,220,50,163,117,0,8,-6
09,2,220,40,133,123,0,8,-2
09,2,90,10,119,118,0,7,-4
09,2,350,10,122,116,0,8,-7
09,2,0,0,83,80,0,0,-7
09,2,70,10,92,89,0,8,-1
09,2,150,20,163,151,0,8,2
09,2,230,50,169,161,-1,8,0
09,2,230,30,130,114,0,8,-17
09,2,210,60,151,121,0,8,0
09,2,190,40,141,135,3,8,-4
09,2,220,20,86,82,0,0,1
09,2,210,80,138,131,12,8,-1
09,2,230,60,122,113,0,8,-2
09,2,180,70,126,112,28,8,-5
09,2,230,70,113,103,0,4,-5
09,2,230,30,89,84,0,7,9
09,2,230,40,91,80,0,8,-6
09,2,40,10,68,65,0,6,0
09,2,240,20,98,92,0,8,-8
09,2,220,20,71,70,0,7,25
09,2,250,10,91,88,0,8,7
09,2,210,20,91,83,0,8,2
09,2,0,0,74,74,0,2,-5
09,2,210,10,60,60,0,9,8
09,2,10,10,65,61,0,0,-3
09,2,50,20,94,94,0,1,-3
09,2,30,10,93,93,0,9,11
09,2,50,10,90,87,0,2,4
09,2,120,20,137,117,0,8,-3
09,2,150,10,144,141,0,7,-7
09,2,170,10,154,151,9,8,1
09,2,360,10,82,78,0,0,-2
09,2,30,20,101,93,0,0,-10
09,2,360,20,167,114,0,8,-4
09,2,340,10,177,174,0,8,1
09,2,330,10,190,183,0,8,-5
09,2,350,20,171,167,1,8,-1
09,2,230,20,124,122,0,8,10
09,2,220,40,102,81,0,0,-12
09,2,200,30,140,109,-1,8,0
09,2,250,20,156,133,0,8,-4
09,2,210,30,136,116,0,8,12
09,2,240,30,181,158,0,8,-2
09,2,10,10,129,116,0,8,-1
09,2,0,0,68,64,0,5,-7
09,2,230,40,111,93,0,3,17
09,2,150,10,94,91,0,8,-8
09,2,230,20,98,89,0,8,0
09,2,130,20,133,79,0,1,0
09,2,200,10,138,122,0,8,-8
09,2,200,20,147,120,0,8,8
09,2,190,60,201,129,0,8,-3
09,2,230,40,99,85,0,5,5
09,2,110,20,103,100,-1,8,1
09,2,260,20,69,56,0,0,-3
09,2,220,20,47,43,0,3,-1
09,2,0,0,58,44,0,8,-5
09,2,220,20,81,57,0,0,-2
09,2,230,20,81,71,0,1,-3
09,2,340,10,30,26,0,8,2
09,2,0,0,23,19,0,8,-4
09,2,240,20,153,144,0,8,15
09,2,240,20,96,75,0,0,8
09,2,220,30,135,91,0,8,2
09,2,210,40,151,116,0,8,-10
09,2,240,50,125,106,0,5,-4
09,2,240,20,72,64,0,6,-6
09,2,230,40,136,118,0,8,-11
09,2,340,20,122,110,-1,8,-2
09,2,220,10,78,74,0,0,-2
09,2,0,0,55,51,0,0,-4
09,2,0,0,83,75,0,1,11
09,2,220,40,164,157,0,8,0
09,2,250,50,180,152,0,8,-2
09,2,40,10,93,75,0,0,-10
09,2,10,10,70,62,0,4,12
09,2,0,0,122,116,0,8,10
09,2,240,20,84,80,0,8,15
09,2,270,20,76,55,0,1,-25
09,2,0,0,91,75,0,8,-3
09,2,20,10,54,50,0,8,-7
09,2,60,30,74,41,0,0,-13
09,2,90,30,107,54,0,0,-8
09,2,210,40,159,150,2,8,-2
09,2,160,30,138,111,0,8,0
09,2,200,20,127,123,0,8,-4
09,2,200,50,153,136,0,8,-5
09,2,200,40,135,127,0,8,3
09,2,220,60,143,120,5,8,-1
09,2,190,30,135,110,1,8,2
09,2,260,70,141,115,-1,8,-1
09,2,320,20,99,88,0,0,-13
09,2,990,10,119,106,0,8,-7
09,2,220,10,124,111,0,8,-2
09,2,240,60,187,169,0,8,-19
09,2,220,20,143,119,0,8,3
09,2,220,30,111,94,-1,8,-9
09,2,210,10,106,97,0,7,-11
09,2,230,40,122,105,0,8,15
09,2,200,30,173,156,0,8,1
09,2,240,20,98,97,0,0,4
09,2,0,0,72,67,0,0,-3
09,2,240,20,102,100,0,0,-16
09,2,220,10,119,110,0,8,-6
09,2,0,0,114,109,0,0,-3
09,2,0,0,142,129,0,3,-6
09,2,260,10,159,134,0,2,3
09,2,360,10,111,96,0,2,-8
09,2,60,40,85,43,0,0,-9
09,2,60,40,100,52,0,0,-3
09,2,40,20,107,57,0,0,-5
09,2,70,20,90,66,0,0,-7
09,2,0,0,96,87,0,0,-1
09,2,220,20,110,86,0,3,6
09,2,230,70,132,104,1,4,-10
09,2,200,50,117,90,0,8,-9
09,2,330,40,104,97,2,8,-2
09,2,350,60,137,128,4,8,8
09,2,240,20,118,106,0,8,3
09,2,180,20,116,106,-1,8,0
09,2,210,30,145,139,0,8,-2
