09,3,90,36,138,86,0,0,-2
09,3,210,36,167,159,0,0,-5
09,3,190,21,135,135,0,0,-4
09,3,280,5,145,97,0,0,-17
09,3,30,46,142,137,0,0,-5
09,3,30,72,140,115,-1,7,-5
09,3,310,15,109,85,0,7,-1
09,3,220,10,105,103,0,0,6
09,3,190,15,85,81,0,0,-2
09,3,210,26,107,98,0,0,-11
09,3,210,26,152,106,0,5,-2
09,3,990,15,83,63,0,0,-9
09,3,50,15,70,41,0,0,-10
09,3,200,31,87,67,0,0,2
09,3,200,41,147,91,0,5,1
09,3,340,15,160,160,0,8,-2
09,3,250,57,168,155,0,4,-6
09,3,210,36,114,109,0,0,-3
09,3,210,21,158,147,-1,8,-2
09,3,30,15,114,98,0,6,-3
09,3,90,36,92,75,0,0,-6
09,3,200,62,200,132,0,3,-15
09,3,230,62,117,101,0,7,-2
09,3,220,87,161,153,0,8,2
09,3,180,36,169,167,8,8,-3
09,3,290,26,140,140,-1,8,-1
09,3,220,21,109,109,0,7,7
09,3,190,41,87,79,0,1,0
09,3,150,36,126,110,2,8,2
09,3,200,51,127,108,0,4,-3
09,3,240,67,104,101,0,6,-5
09,3,210,67,118,100,-1,7,-2
09,3,220,77,146,135,0,8,-7
09,3,230,67,101,95,1,8,-1
09,3,260,51,96,95,7,8,-2
09,3,200,26,57,54,0,0,-5
09,3,190,57,133,88,0,2,2
09,3,210,41,80,72,0,3,6
09,3,200,36,83,79,0,0,0
09,3,180,15,86,75,0,0,-11
09,3,190,31,139,125,0,3,-4
09,3,200,36,78,74,0,0,2
09,3,170,21,91,71,0,6,8
09,3,230,57,121,121,7,8,-2
09,3,240,26,130,130,0,3,1
09,3,230,57,137,131,0,8,0
09,3,80,31,95,94,0,0,-1
09,3,90,31,125,112,0,0,-3
09,3,200,31,142,129,0,7,-13
09,3,230,31,146,140,0,8,0
09,3,90,36,141,128,0,7,-9
09,3,110,31,161,143,0,7,-6
09,3,180,62,124,106,0,0,11
09,3,170,26,100,97,0,0,6
09,3,150,36,112,101,0,1,3
09,3,150,31,116,110,0,0,6
09,3,100,26,134,109,0,0,-2
09,3,150,21,128,122,0,1,1
09,3,210,21,149,129,0,7,-4
09,3,220,26,138,127,0,7,-10
09,3,350,21,100,99,0,4,-1
09,3,990,15,127,116,0,0,-7
09,3,250,36,123,120,3,8,-1
09,3,330,31,114,109,0,8,1
09,3,270,31,101,90,0,7,-1
09,3,160,15,62,45,0,1,-8
09,3,140,5,83,54,0,3,-6
09,3,120,21,151,149,0,8,0
09,3,190,46,150,127,0,1,-4
09,3,200,36,152,132,-1,7,-2
09,3,210,51,127,114,-1,7,0
09,3,210,21,92,92,0,1,13
09,3,120,51,136,122,0,8,-4
09,3,160,62,127,92,0,6,0
09,3,230,67,124,110,0,8,-2
09,3,210,51,128,128,3,8,2
09,3,230,67,99,90,0,2,1
09,3,20,26,72,72,0,5,-9
09,3,80,46,79,62,0,2,-10
09,3,170,31,129,111,0,3,-6
09,3,190,31,173,162,0,4,10
09,3,240,31,149,149,45,8,-5
09,3,40,26,138,138,2,8,-3
09,3,30,41,121,121,0,8,1
09,3,360,62,101,101,28,8,1
09,3,250,51,103,103,0,8,-1
09,3,230,77,98,90,0,8,1
09,3,180,51,77,70,0,1,-2
09,3,120,21,69,68,0,1,15
09,3,150,31,91,82,0,8,-4
09,3,210,51,175,155,0,6,-2
09,3,220,51,132,130,0,3,3
09,3,210,51,128,112,0,7,-2
09,3,200,46,144,110,0,7,-1
09,3,220,57,152,130,-1,8,-2
09,3,170,26,92,72,0,0,-3
09,3,190,26,109,106,0,7,7
09,3,180,31,136,125,0,7,-1
09,3,200,62,108,86,-1,6,3
09,3,200,57,127,111,0,3,-7
09,3,220,51,100,86,0,1,-2
09,3,180,41,145,119,0,6,3
09,3,220,57,121,87,0,0,-9
09,3,80,41,116,84,0,8,-1
09,3,210,36,89,85,0,3,20
09,3,240,98,98,91,13,8,0
09,3,230,67,79,55,0,6,-4
09,3,250,36,89,85,0,8,1
09,3,270,26,111,110,0,7,0
09,3,150,41,103,84,-1,8,-1
09,3,70,41,109,103,2,8,-1
09,3,50,31,99,90,0,3,-7
09,3,70,46,98,79,0,3,-3
09,3,50,26,125,111,0,7,1
09,3,150,31,119,117,0,0,7
09,3,200,41,122,112,0,1,-8
09,3,990,10,137,135,0,8,-1
09,3,210,21,107,102,0,5,-2
09,3,200,31,108,106,0,4,0
09,3,990,5,129,99,0,6,-28
09,3,280,31,102,93,0,5,0
09,3,230,36,121,111,0,8,0
09,3,210,36,128,128,0,6,6
09,3,210,41,89,88,0,0,-5
09,3,210,36,133,120,0,7,-2
09,3,200,41,122,108,0,7,-6
09,3,150,41,149,132,5,8,0
09,3,160,93,169,117,0,8,-2
09,3,230,93,144,129,0,7,-6
09,3,190,41,142,125,0,7,1
09,3,150,31,151,149,20,8,2
09,3,170,31,123,118,0,2,-6
09,3,140,21,124,120,0,7,0
09,3,230,31,111,111,0,4,-6
09,3,180,26,107,94,0,2,-3
09,3,130,21,121,111,0,7,-2
09,3,130,31,125,115,0,7,-4
09,3,90,36,127,122,0,2,1
09,3,60,36,141,120,0,7,0
09,3,10,57,118,94,0,8,0
09,3,990,15,68,66,0,4,-3
09,3,270,15,123,123,0,7,0
09,3,200,26,121,114,0,8,-2
09,3,200,41,116,108,0,4,-1
09,3,240,41,102,100,34,8,1
09,3,220,82,114,86,0,8,3
09,3,220,72,134,130,17,8,-1
09,3,230,51,70,48,0,1,1
09,3,210,46,49,39,0,1,7
09,3,230,36,78,70,6,7,-2
09,3,220,20,82,78,0,1,-2
09,3,170,10,94,93,0,5,-4
09,3,40,30,89,85,0,2,2
09,3,30,30,108,101,0,0,-5
09,3,30,30,117,109,0,2,-8
09,3,30,30,88,79,0,0,-3
09,3,50,20,84,79,0,2,-3
09,3,20,20,82,69,0,5,-7
09,3,0,0,88,83,0,0,1
09,3,220,30,98,97,0,3,11
09,3,300,20,107,105,0,4,-6
09,3,210,60,110,105,-1,8,4
09,3,250,40,77,72,0,2,-2
09,3,300,30,112,106,3,8,1
09,3,210,10,82,79,0,6,11
09,3,30,10,79,78,0,0,-8
09,3,50,20,66,58,0,0,-3
09,3,70,40,66,57,0,0,3
09,3,60,50,88,69,0,6,1
09,3,60,30,80,72,0,1,-1
09,3,50,20,109,99,0,8,-7
09,3,40,30,85,76,0,8,-1
09,3,10,20,92,92,0,8,-3
09,3,220,20,99,99,7,8,-2
09,3,170,20,97,97,0,7,3
09,3,190,30,108,91,0,7,-2
09,3,190,50,138,118,-1,7,0
09,3,240,30,126,115,0,5,-1
09,3,200,60,119,95,-1,8,0
09,3,210,90,172,137,0,8,-8
09,3,240,50,199,174,0,1,-11
09,3,320,40,146,145,1,8,0
09,3,160,10,117,116,0,0,1
09,3,190,20,162,151,0,7,-1
09,3,160,10,161,153,0,7,0
09,3,230,20,127,115,0,3,-1
09,3,220,50,128,113,0,8,-1
09,3,200,40,117,115,0,0,-2
09,3,240,40,136,123,0,7,-5
09,3,280,20,112,89,0,7,-3
09,3,0,0,92,68,0,1,-2
09,3,200,40,164,123,0,7,2
09,3,230,50,126,117,0,3,-6
09,3,210,40,76,58,0,2,-10
09,3,190,40,79,60,0,0,0
09,3,200,20,85,63,0,1,0
09,3,200,50,133,110,0,3,1
09,3,170,20,133,110,0,2,6
09,3,20,40,134,131,0,6,-5
09,3,60,30,56,36,0,0,1
09,3,70,30,63,37,0,0,-5
09,3,110,10,61,31,0,0,10
09,3,60,10,85,67,0,0,-13
09,3,70,20,107,98,0,5,1
09,3,70,50,91,81,0,0,-5
09,3,120,20,96,75,0,0,4
09,3,20,20,95,90,0,0,-7
09,3,320,20,83,83,0,9,-2
09,3,180,10,83,83,0,9,1
09,3,210,20,122,112,0,7,9
09,3,100,40,135,95,0,6,-3
09,3,30,30,144,129,0,8,-3
09,3,100,40,168,168,0,8,-2
09,3,230,40,151,149,0,8,1
09,3,120,20,150,148,41,8,3
09,3,210,50,150,149,23,8,0
09,3,160,20,147,135,2,8,-1
09,3,200,40,153,142,0,6,-3
09,3,200,60,167,157,-1,7,2
09,3,210,70,167,144,0,0,3
09,3,220,60,138,122,0,1,3
09,3,330,30,116,115,16,8,-1
09,3,220,40,76,68,0,6,1
09,3,250,50,84,79,-1,8,-4
09,3,260,90,119,114,8,8,-1
09,3,230,70,146,135,-1,8,-4
09,3,260,60,106,97,5,8,0
09,3,260,30,100,92,0,6,-6
09,3,200,40,130,106,0,7,-1
09,3,60,20,140,140,0,9,2
09,3,80,20,98,95,0,0,-13
09,3,60,40,101,96,0,1,-3
09,3,90,40,98,89,0,0,-4
09,3,90,40,104,96,0,0,-4
09,3,130,30,148,129,-1,8,8
09,3,160,30,156,131,0,5,-3
09,3,130,20,130,129,0,7,0
09,3,350,10,138,130,0,8,1
09,3,250,30,140,140,0,9,1
09,3,110,40,129,120,0,7,-5
09,3,0,0,154,139,0,7,-5
09,3,90,10,158,144,0,4,-6
09,3,80,30,126,83,0,1,-5
09,3,110,20,149,113,0,1,4
09,3,90,20,150,141,0,0,-12
09,3,220,20,171,132,0,7,-5
09,3,200,40,159,146,0,1,-4
09,3,190,20,154,149,0,4,7
09,3,180,20,163,137,0,1,-6
09,3,30,30,171,166,0,7,1
09,3,120,30,169,126,0,1,3
09,3,170,30,189,143,0,0,9
09,3,40,20,170,165,0,3,-4
09,3,20,10,171,165,0,7,0
09,3,990,10,170,169,0,6,-4
09,3,200,30,102,94,0,0,-9
09,3,250,40,160,107,0,8,-14
09,3,190,40,113,109,0,1,-3
09,3,80,20,122,104,0,4,5
09,3,990,10,171,148,0,8,-3
09,3,150,30,128,103,0,1,-7
09,3,190,30,154,129,-1,8,2
09,3,220,50,170,152,34,8,-5
09,3,190,40,162,135,0,1,-5
09,3,200,40,158,141,0,7,-3
09,3,190,40,150,144,9,8,-4
09,3,190,40,129,120,0,6,0
09,3,200,60,148,128,0,8,4
09,3,200,60,148,121,0,8,0
09,3,200,50,149,133,0,8,-6
09,3,170,30,135,109,0,7,3
09,3,200,40,134,114,0,7,-3
09,3,280,30,127,119,0,7,3
09,3,250,20,118,109,0,7,0
09,3,230,20,119,105,0,6,-2
09,3,190,50,130,91,0,7,1
09,3,260,50,126,98,0,7,-5
09,3,200,50,139,123,-1,8,7
09,3,210,30,168,154,0,6,-7
09,3,170,10,167,153,0,7,-4
09,3,90,20,156,143,0,0,-11
09,3,180,30,170,148,0,3,9
09,3,210,40,140,130,0,2,4
09,3,210,30,140,128,0,6,6
09,3,170,10,128,117,0,5,1
09,3,220,70,136,117,0,7,1
09,3,270,20,144,139,0,8,-1
09,3,190,30,117,112,0,1,-2
09,3,170,40,122,102,0,0,3
09,3,220,50,162,137,0,8,-8
09,3,220,20,117,108,0,8,1
09,3,170,20,116,101,0,7,11
09,3,160,10,130,119,0,2,-5
09,3,80,40,94,74,0,3,-2
09,3,220,30,142,126,0,8,-6
09,3,160,20,143,114,0,8,3
09,3,220,50,161,146,0,7,0
09,3,170,40,160,117,0,7,4
09,3,990,10,154,135,0,7,8
09,3,220,20,144,126,0,7,6
09,3,240,30,130,124,0,8,0
09,3,200,40,96,80,0,1,4
09,3,220,50,161,154,0,8,0
09,3,230,60,132,125,1,8,2
09,3,290,40,121,116,-1,8,-1
09,3,200,50,122,104,-1,8,-5
09,3,260,30,123,117,0,7,0
09,3,250,80,149,144,14,8,-3
09,3,260,60,88,78,6,7,1
09,3,250,60,101,93,1,7,1
09,3,240,50,95,81,0,4,2
09,3,250,50,127,119,0,7,0
09,3,210,80,130,121,15,8,0
09,3,240,40,107,96,0,8,-4
09,3,210,50,120,102,0,8,-1
09,3,230,50,95,88,1,7,-2
09,3,280,30,81,74,0,3,-6
09,3,110,30,76,68,0,1,-4
09,3,180,40,103,86,0,7,4
09,3,240,80,120,106,0,8,0
09,3,260,50,111,96,-1,8,-5
09,3,220,30,71,69,0,2,9
09,3,200,40,88,84,0,7,-2
09,3,990,10,107,105,0,8,-3
09,3,200,20,88,84,0,5,8
09,3,180,30,93,86,0,2,-12
09,3,220,70,146,135,0,8,0
09,3,200,40,118,111,0,5,-2
09,3,120,10,111,95,0,4,2
09,3,200,40,141,133,-1,7,2
09,3,360,30,142,118,0,7,-5
09,3,70,20,106,92,0,0,-2
09,3,90,40,124,90,0,1,-5
09,3,180,10,115,87,0,3,-5
09,3,200,30,140,133,0,3,4
09,3,200,30,129,119,0,6,1
09,3,190,50,152,118,0,7,3
09,3,160,30,139,114,0,3,-8
09,3,70,20,153,136,0,5,1
09,3,160,10,133,107,0,5,-1
09,3,210,20,132,127,5,8,3
09,3,40,20,142,136,0,7,2
09,3,40,20,104,93,0,0,-6
09,3,350,20,115,105,0,0,-2
09,3,340,20,142,127,0,7,-1
09,3,0,0,94,79,0,1,-6
09,3,240,10,109,104,0,7,-1
09,3,190,10,113,100,0,7,2
09,3,70,30,110,91,0,5,1
09,3,360,20,113,102,0,1,-3
09,3,220,10,117,103,0,7,-1
09,3,220,30,113,103,0,8,1
09,3,20,40,94,85,0,6,5
09,3,20,50,72,46,0,5,-7
09,3,200,20,61,51,-1,8,-1
09,3,220,40,115,106,-1,8,-3
09,3,270,20,108,104,0,7,1
09,3,170,10,79,71,0,4,-15
09,3,130,10,86,75,0,1,-17
09,3,130,20,78,59,0,0,-2
09,3,200,30,103,94,0,8,3
09,3,230,10,91,76,0,0,-11
09,3,150,10,83,66,0,0,-4
09,3,0,0,98,73,0,0,-6
09,3,60,10,109,87,0,0,-3
09,3,70,10,163,141,-1,8,-5
09,3,220,40,139,126,0,8,-15
09,3,200,10,133,115,-1,8,-4
09,3,0,0,97,79,0,1,3
09,3,200,20,118,105,0,8,4
09,3,240,30,107,104,0,1,-2
09,3,200,30,108,90,0,3,2
09,3,50,10,105,103,0,5,-11
09,3,40,10,90,71,0,0,-18
09,3,0,0,114,88,0,1,-20
09,3,220,30,130,107,0,2,-8
09,3,210,20,106,90,0,0,8
09,3,170,30,135,89,0,0,-3
09,3,200,20,137,101,0,0,1
09,3,180,30,161,100,0,0,-20
09,3,190,40,166,88,0,0,1
09,3,180,40,204,107,0,0,-14
09,3,240,20,106,101,7,8,3
09,3,210,20,58,54,0,6,-14
09,3,90,30,67,35,0,0,-5
09,3,200,40,82,33,0,0,7
09,3,200,30,117,97,0,8,4
09,3,90,30,124,104,0,8,-1
09,3,240,80,107,93,0,8,-3
09,3,170,20,68,54,0,0,-13
09,3,170,20,100,86,0,8,1
09,3,180,20,116,87,0,0,-2
09,3,180,10,155,127,0,8,-9
09,3,200,10,158,135,0,1,-8
09,3,130,10,164,148,0,0,-6
09,3,70,10,156,132,0,0,-11
09,3,20,40,159,145,0,0,-5
09,3,30,40,138,123,0,0,-5
09,3,80,30,120,92,0,0,-6
09,3,80,30,119,60,0,0,3
09,3,190,50,189,175,0,8,-2
09,3,220,70,149,119,0,1,-7
09,3,190,50,134,94,-1,8,2
09,3,190,50,114,104,0,0,1
09,3,210,70,128,97,0,7,-3
09,3,200,20,71,68,0,1,-10
09,3,170,30,85,53,0,0,5
09,3,180,50,136,75,0,8,3
09,3,230,40,154,143,0,8,-3
09,3,200,40,113,89,0,7,2
09,3,240,90,127,84,0,1,-6
09,3,230,70,112,61,0,6,2
09,3,250,40,133,129,5,8,8
09,3,250,30,96,88,-1,7,-5
09,3,280,30,103,97,1,8,-1
09,3,260,30,117,114,-1,8,2
09,3,220,50,140,123,0,8,0
09,3,210,40,139,135,1,8,4
09,3,230,50,131,125,-1,8,4
09,3,120,20,75,64,0,4,4
09,3,180,40,214,139,0,0,-6
09,3,220,20,167,155,0,4,-3
09,3,0,0,152,138,0,0,-14
09,3,90,40,148,119,0,0,-5
09,3,110,30,145,116,0,0,-5
09,3,220,20,174,154,0,8,-4
09,3,220,20,169,154,0,0,-9
09,3,190,30,173,150,0,0,-2
09,3,220,20,186,158,0,8,-6
09,3,120,20,157,153,0,0,-6
09,3,240,40,165,159,0,8,-1
09,3,10,40,160,149,0,8,0
09,3,40,10,110,102,0,0,-8
09,3,200,40,125,116,0,2,0
09,3,220,40,169,158,0,8,2
09,3,230,80,167,152,1,8,-4
09,3,340,20,71,61,0,1,-1
09,3,230,10,63,57,0,0,-13
09,3,150,10,63,49,0,0,3
09,3,210,20,64,51,0,0,-1
09,3,200,10,82,71,0,0,-4
09,3,180,20,92,59,0,0,-7
09,3,190,20,109,79,0,0,-6
09,3,220,30,147,120,0,8,-2
09,3,170,30,144,129,-1,8,2
09,3,200,40,107,101,0,0,13
09,3,190,40,138,108,0,7,0
09,3,230,60,127,112,0,8,-4
09,3,200,80,111,72,0,8,-5
09,3,210,40,72,59,0,1,3
09,3,190,40,153,123,0,1,-2
09,3,200,30,143,126,0,0,4
09,3,220,90,189,140,0,8,-12
09,3,240,50,179,156,0,8,-2
09,3,190,30,142,135,0,3,7
09,3,160,20,149,138,0,0,-6
09,3,220,30,167,162,0,0,-2
09,3,240,10,91,85,0,3,-2
09,3,80,40,94,80,0,0,0
09,3,80,30,123,94,0,0,-9
09,3,190,30,157,139,0,2,-6
09,3,180,30,168,139,0,0,-5
09,3,170,30,191,143,0,0,-1
09,3,110,20,189,142,0,5,-5
09,3,70,30,169,133,0,2,0
09,3,90,20,155,141,0,6,-4
09,3,270,20,180,164,0,6,-4
09,3,250,30,156,146,-1,7,-4
09,3,190,40,123,109,0,5,9
09,3,190,30,95,83,0,0,-2
09,3,160,30,146,120,0,0,-1
09,3,140,50,188,132,0,0,-3
09,3,200,10,170,137,0,8,-1
09,3,180,40,197,158,0,8,4
09,3,80,10,166,155,-1,8,-1
09,3,230,40,152,139,0,8,-1
09,3,200,20,120,116,0,9,-6
09,3,190,40,131,106,0,8,2
09,3,160,30,151,120,0,8,-1
09,3,210,40,159,141,0,8,3
09,3,240,30,139,133,0,8,2
09,3,200,30,144,125,0,8,0
09,3,230,70,154,128,0,8,-3
09,3,270,20,100,87,0,8,1
09,3,240,20,62,54,0,0,-12
09,3,250,10,131,129,1,9,2
09,3,330,30,144,139,-1,8,-6
09,3,210,30,104,102,0,9,1
09,3,270,20,144,139,0,8,-1
09,3,210,40,119,105,0,8,8
09,3,280,30,115,108,-1,8,0
09,3,330,10,88,85,0,1,-2
09,3,990,10,124,116,0,8,-4
09,3,0,0,82,78,0,1,-4
09,3,300,10,116,111,0,0,-6
09,3,190,40,99,80,0,0,9
09,3,220,50,142,127,0,8,-8
09,3,230,40,105,100,1,8,3
09,3,190,40,73,62,0,8,-6
09,3,190,50,101,77,0,8,-5
09,3,200,50,127,83,0,8,-1
09,3,210,30,96,78,0,0,7
09,3,200,30,114,109,0,0,2
09,3,190,60,145,128,0,6,-6
09,3,210,50,97,76,0,0,-5
09,3,220,30,97,90,-1,8,-1
09,3,350,30,85,82,0,9,-3
09,3,350,40,109,105,12,8,1
09,3,220,50,104,102,0,8,0
09,3,240,30,99,96,0,7,-6
09,3,210,40,159,146,0,4,7
09,3,190,60,149,121,0,4,5
09,3,200,60,116,102,0,0,-4
09,3,190,50,124,101,0,8,1
09,3,190,50,141,111,-1,8,3
09,3,200,80,179,136,0,7,0
09,3,190,60,137,99,0,1,5
09,3,220,70,141,115,-1,8,-4
09,3,150,30,120,94,0,2,2
09,3,200,40,173,156,0,8,4
09,3,160,30,170,152,0,3,-1
09,3,210,30,138,133,0,3,8
09,3,180,10,105,103,0,8,-2
09,3,60,40,67,49,0,0,-6
09,3,20,30,90,80,0,8,3
09,3,50,20,71,61,0,6,-1
09,3,10,10,106,95,0,8,-6
09,3,80,40,71,45,0,8,-5
09,3,80,30,58,32,0,0,-7
09,3,30,20,48,35,0,0,-1
09,3,60,20,65,52,0,5,1
09,3,10,10,104,101,0,9,-3
09,3,350,20,101,90,0,8,1
09,3,60,30,113,109,0,8,0
09,3,30,20,76,71,0,0,-5
09,3,40,40,65,58,0,0,6
09,3,50,10,66,60,0,0,-12
09,3,200,30,64,57,0,0,0
09,3,210,20,82,74,0,8,-11
09,3,200,50,93,73,0,8,7
09,3,180,50,212,113,0,0,-2
09,3,190,40,134,125,0,0,-1
09,3,190,70,147,135,2,8,-1
09,3,220,70,120,97,0,7,-6
09,3,230,60,130,97,0,8,-12
09,3,200,50,99,84,0,0,-3
09,3,180,20,114,92,0,1,2
09,3,170,30,131,100,0,0,9
09,3,200,20,142,110,0,0,-10
09,3,30,50,142,129,0,8,-3
09,3,30,40,99,91,0,0,-4
09,3,30,40,116,99,0,8,3
09,3,990,10,94,86,0,8,3
09,3,350,30,118,109,0,8,4
09,3,60,20,101,96,0,1,7
09,3,40,40,144,135,0,8,0
09,3,30,40,111,92,0,2,-5
09,3,70,30,92,82,0,0,-8
09,3,150,10,166,140,0,8,-4
09,3,200,30,143,130,0,0,-2
09,3,40,30,127,122,0,8,1
09,3,190,30,101,90,0,0,-4
09,3,210,40,117,102,0,1,0
09,3,230,20,151,148,-1,8,-5
09,3,250,10,75,71,0,0,-6
09,3,140,10,68,62,0,0,-2
09,3,150,10,76,69,0,0,-7
09,3,190,20,74,68,0,0,7
09,3,230,30,132,106,0,8,-1
09,3,240,20,140,125,0,8,-3
09,3,20,10,93,88,0,2,-1
09,3,50,20,89,86,0,0,0
09,3,150,10,99,99,0,4,18
09,3,360,10,92,91,0,4,-9
09,3,70,20,78,72,0,0,2
09,3,100,30,98,76,0,0,-4
09,3,130,40,122,99,6,8,-7
09,3,100,50,133,125,-1,8,-1
09,3,270,40,134,130,19,8,0
09,3,220,50,134,128,0,8,-1
09,3,190,50,153,117,0,8,-6
09,3,230,20,139,129,0,6,5
09,3,250,20,111,108,0,3,-4
09,3,220,80,147,117,0,8,-3
09,3,230,50,125,120,14,8,-2
09,3,250,40,117,111,2,8,-2
09,3,220,30,92,87,0,3,-2
09,3,220,30,80,71,0,8,-2
09,3,200,30,76,63,0,6,5
09,3,200,50,107,81,0,8,0
09,3,190,30,104,86,0,0,-6
09,3,120,20,102,88,0,0,-7
09,3,200,40,121,107,0,0,1
09,3,220,50,147,132,1,8,-5
09,3,350,60,105,101,13,8,-5
09,3,220,30,93,86,-1,8,-2
09,3,90,10,46,42,0,0,11
09,3,250,40,100,99,8,8,-1
09,3,60,10,111,109,0,8,1
09,3,170,20,113,103,0,7,2
09,3,40,30,91,85,0,0,4
09,3,120,20,125,102,0,8,4
09,3,190,30,164,148,0,0,-4
09,3,170,30,197,185,6,8,-10
09,3,220,60,126,99,0,0,-7
09,3,200,80,131,87,0,8,0
09,3,240,70,135,109,0,4,-5
09,3,230,70,122,113,9,8,1
09,3,220,30,154,149,-1,8,3
09,3,140,20,170,166,0,7,2
09,3,250,30,194,172,0,4,-13
09,3,190,70,133,118,0,3,7
09,3,230,70,145,113,0,0,-6
09,3,220,60,113,85,0,2,-5
09,3,240,40,128,115,0,8,0
09,3,80,30,94,82,0,0,6
09,3,230,60,138,110,0,0,-10
09,3,200,40,111,100,0,4,3
09,3,260,20,113,105,0,8,-7
09,3,200,50,109,93,0,6,2
09,3,210,40,143,114,0,8,-3
09,3,240,40,126,103,0,2,-5
09,3,220,30,103,94,0,1,-7
09,3,160,20,88,67,0,0,2
09,3,190,20,97,90,0,0,8
09,3,190,40,159,124,0,0,-2
09,3,120,10,153,137,0,8,-3
09,3,60,10,127,124,0,0,3
09,3,100,20,128,119,0,0,-1
09,3,100,20,124,100,0,0,-5
09,3,310,10,86,74,0,8,-13
09,3,190,20,88,71,0,1,-6
09,3,210,20,127,122,0,8,2
09,3,190,10,112,112,0,3,-6
09,3,30,30,151,147,0,8,5
09,3,360,10,107,94,0,8,-10
09,3,200,40,93,79,0,0,0
09,3,190,20,109,84,0,0,-6
09,3,130,10,127,97,0,0,1
09,3,210,40,146,103,0,1,-3
09,3,210,70,181,154,1,8,-8
09,3,230,30,105,95,0,8,-1
09,3,190,40,107,97,3,8,1
09,3,200,60,96,90,0,0,0
09,3,230,20,122,114,0,8,-3
09,3,190,30,100,84,0,0,-4
09,3,240,30,120,108,0,5,2
09,3,230,30,129,120,0,0,-16
09,3,230,30,79,67,0,3,-13
09,3,200,50,70,53,0,8,-6
09,3,170,20,67,36,0,1,-6
09,3,230,30,79,65,0,7,6
09,3,70,30,68,46,0,7,5
09,3,110,20,123,119,0,8,24
09,3,210,50,128,117,6,8,-11
09,3,200,40,120,112,5,8,-2
09,3,200,60,118,101,0,8,2
09,3,200,70,99,91,0,8,4
09,3,200,40,111,95,0,8,3
09,3,200,40,66,55,0,0,-3
09,3,280,10,90,75,0,0,-18
09,3,220,60,119,89,0,0,-1
09,3,200,30,130,121,0,1,-4
09,3,70,10,141,128,0,0,-2
09,3,170,20,190,128,0,0,-23
09,3,180,40,211,147,0,0,0
09,3,990,10,155,152,0,1,-2
09,3,140,10,131,128,37,8,-1
09,3,160,20,115,97,0,8,-9
09,3,240,40,97,90,0,8,2
09,3,230,50,111,108,15,8,3
09,3,330,50,126,118,0,8,-2
09,3,240,30,126,117,0,8,-2
09,3,200,60,151,145,-1,8,1
09,3,0,0,95,90,0,8,-6
09,3,220,90,125,115,-1,8,-1
09,3,220,50,75,54,0,2,-3
09,3,300,20,123,118,-1,8,-5
09,3,220,40,99,92,1,8,-3
09,3,230,50,130,120,0,8,0
09,3,200,30,87,84,0,7,4
09,3,200,40,125,107,0,8,-1
09,3,300,10,148,145,0,8,2
09,3,110,10,93,88,0,0,-3
09,3,160,10,105,100,0,0,-9
09,3,290,20,142,135,-1,8,-12
09,3,50,20,75,74,0,9,-3
09,3,80,40,81,67,0,4,-2
09,3,60,50,100,58,0,0,-3
09,3,80,40,67,43,0,0,1
09,3,240,20,118,118,0,9,1
09,3,190,10,130,118,0,8,6
09,3,60,30,128,125,0,0,-6
09,3,60,30,138,123,0,0,-5
09,3,130,10,167,148,0,8,-3
09,3,190,30,154,145,0,2,1
09,3,290,10,141,138,0,0,-6
09,3,30,10,123,120,0,0,-3
09,3,100,10,93,89,0,1,1
09,3,20,20,128,112,0,8,-1
09,3,350,20,122,113,0,8,3
09,3,30,30,87,83,0,0,-1
09,3,30,40,129,125,0,7,2
09,3,40,30,115,112,0,0,9
09,3,70,20,125,120,0,0,-5
09,3,140,10,141,134,0,1,-8
09,3,150,10,132,121,0,0,-1
09,3,90,20,153,135,0,2,27
09,3,210,30,151,147,0,0,2
09,3,200,40,172,160,0,8,-2
09,3,330,30,162,158,-1,8,-2
09,3,250,20,110,101,0,8,3
09,3,200,20,64,61,0,5,12
09,3,190,30,89,70,0,8,-1
09,3,240,20,106,103,0,8,1
09,3,200,40,123,100,0,8,-3
09,3,220,10,143,132,0,8,-9
09,3,160,30,132,111,0,0,-25
09,3,200,30,159,130,0,8,-4
09,3,200,50,155,144,0,8,1
09,3,290,30,167,148,0,8,-2
09,3,190,20,106,99,0,3,8
09,3,210,10,104,101,0,1,8
09,3,200,30,101,91,0,4,5
09,3,260,40,115,107,4,8,0
09,3,240,20,92,78,0,8,1
09,3,240,30,113,101,1,8,-2
09,3,360,20,119,111,0,8,0
09,3,60,20,125,114,0,8,-4
09,3,70,40,96,67,0,0,-2
09,3,80,30,89,70,0,0,-18
09,3,120,20,139,77,0,8,-2
09,3,190,20,133,128,0,8,-16
09,3,170,20,159,140,0,8,-4
09,3,190,60,111,77,0,8,0
09,3,120,40,127,112,7,8,-3
09,3,200,70,155,115,0,8,-2
09,3,180,30,110,100,0,0,0
09,3,190,30,120,107,-1,8,-2
09,3,300,10,104,95,0,7,-7
09,3,190,40,93,81,0,0,-2
09,3,200,60,121,113,-1,8,0
09,3,230,50,102,98,3,8,3
09,3,200,50,103,90,0,8,-1
09,3,210,30,106,98,0,8,3
09,3,30,10,82,79,0,8,-4
09,3,50,30,60,54,0,0,2
09,3,70,20,58,53,0,0,3
09,3,60,40,73,56,0,0,-1
09,3,70,40,76,52,0,0,-9
09,3,210,30,134,125,0,0,-4
09,3,180,20,139,130,0,3,2
09,3,200,40,149,120,0,7,-16
09,3,210,20,167,148,5,8,0
09,3,230,40,152,138,0,8,2
09,3,150,10,131,125,0,0,-2
09,3,140,20,136,108,0,0,-5
09,3,140,30,166,129,0,0,-12
09,3,210,30,125,108,0,7,14
09,3,180,10,121,96,0,0,-3
09,3,190,40,167,120,0,2,-3
09,3,160,20,171,129,0,0,-10
09,3,110,20,196,145,0,0,0
09,3,20,10,183,143,0,0,9
09,3,80,30,188,129,0,0,-7
09,3,190,20,151,135,0,6,-4
09,3,210,30,128,113,0,8,11
09,3,360,40,167,158,0,8,-5
09,3,350,20,137,117,0,8,-1
09,3,300,10,108,93,0,8,8
09,3,70,10,140,123,0,8,1
09,3,160,20,113,65,0,8,-3
09,3,190,30,132,106,0,8,0
09,3,170,20,119,99,0,7,-13
09,3,130,20,135,79,0,0,-2
09,3,200,30,92,78,0,0,-4
09,3,190,10,84,80,0,0,-7
09,3,200,40,138,71,0,2,-1
09,3,200,50,153,132,0,8,2
09,3,220,30,139,122,0,8,2
09,3,200,10,122,114,0,8,-15
09,3,330,10,126,118,0,8,-3
09,3,200,30,97,93,0,0,-6
09,3,150,20,115,86,0,3,6
09,3,190,30,164,142,0,8,4
09,3,240,70,165,157,2,8,1
09,3,220,30,130,104,0,8,1
09,3,200,60,149,111,0,8,-2
09,3,210,40,129,124,9,8,-2
09,3,190,40,100,95,0,0,-4
09,3,210,60,134,122,0,8,0
09,3,230,50,123,112,-1,8,-1
09,3,200,110,122,105,8,8,2
09,3,230,50,117,99,-1,8,-2
09,3,190,30,101,97,0,8,5
09,3,200,40,74,69,0,0,-3
09,3,190,30,87,72,0,8,-1
09,3,190,30,91,79,0,8,-6
09,3,240,30,106,99,0,8,0
09,3,200,30,105,102,0,8,4
09,3,180,30,83,73,0,0,4
09,3,180,20,75,66,0,1,5
09,3,180,10,83,83,0,6,8
09,3,170,10,73,73,0,0,-4
09,3,40,20,88,85,0,0,2
09,3,90,20,118,108,0,8,3
09,3,70,20,89,82,0,0,5
09,3,160,20,155,113,0,8,-1
09,3,170,20,154,147,0,7,0
09,3,160,20,152,145,-1,8,-8
09,3,330,10,91,81,0,0,-8
09,3,70,20,95,72,0,0,-12
09,3,60,20,157,111,0,8,4
09,3,90,20,179,171,0,8,-4
09,3,280,10,164,147,0,8,5
09,3,250,10,156,155,0,8,3
09,3,220,30,129,121,0,2,-3
09,3,190,50,97,72,0,0,-3
09,3,170,30,138,98,0,8,-7
09,3,230,30,149,115,0,8,2
09,3,220,50,152,114,0,8,-1
09,3,190,40,155,124,0,0,-5
09,3,10,30,133,128,-1,8,-1
09,3,190,10,82,79,0,0,-12
09,3,210,40,108,88,0,8,-2
09,3,160,20,102,77,0,8,-2
09,3,190,30,118,87,0,8,-13
09,3,170,30,197,104,0,0,3
09,3,140,30,162,129,0,5,-1
09,3,180,30,160,123,0,8,-3
09,3,200,80,200,119,0,8,-1
09,3,230,40,107,74,0,8,-3
09,3,80,30,108,106,12,8,1
09,3,260,20,71,62,0,0,-5
09,3,180,20,40,36,0,0,-5
09,3,190,20,44,23,0,8,-2
09,3,190,20,78,41,0,0,-14
09,3,200,30,82,69,0,4,-3
09,3,40,30,34,24,0,8,-4
09,3,180,30,36,23,0,0,0
09,3,230,30,156,132,0,8,1
09,3,200,40,99,78,0,0,-6
09,3,200,30,106,77,0,0,-2
09,3,220,40,148,112,0,8,0
09,3,220,30,105,96,0,0,-3
09,3,220,20,67,63,0,0,-2
09,3,230,30,128,119,2,8,0
09,3,310,20,109,106,8,8,3
09,3,200,30,62,58,0,0,-2
09,3,190,30,69,53,0,5,0
09,3,200,20,117,86,0,8,4
09,3,220,30,161,156,-1,8,2
09,3,230,30,162,151,0,8,-1
09,3,40,30,95,81,0,0,-7
09,3,210,30,98,82,0,7,2
09,3,90,10,125,111,0,8,-2
09,3,290,10,132,128,0,8,-7
09,3,0,0,54,45,0,0,-2
09,3,40,20,59,53,0,0,-2
09,3,70,10,53,34,0,8,-5
09,3,70,40,84,37,0,0,1
09,3,160,30,163,56,0,8,0
09,3,170,20,145,140,7,8,2
09,3,160,30,142,101,0,8,2
09,3,190,30,132,126,0,8,3
09,3,200,40,145,122,0,8,-2
09,3,190,40,135,128,2,8,-5
09,3,220,60,140,114,0,8,-5
09,3,190,70,146,110,0,8,1
09,3,250,60,130,111,0,8,-1
09,3,360,20,107,91,0,8,-9
09,3,220,10,103,96,0,4,1
09,3,190,30,127,103,0,8,4
09,3,230,40,187,168,-1,8,-3
09,3,260,10,138,128,-1,8,-1
09,3,200,40,96,73,0,3,-2
09,3,190,30,92,83,0,1,0
09,3,200,40,122,87,0,8,-3
09,3,210,30,140,134,0,8,-1
09,3,30,30,142,103,0,8,-6
09,3,170,20,95,70,0,0,3
09,3,230,20,118,107,0,5,-15
09,3,200,30,118,101,0,8,-7
09,3,160,10,135,117,0,0,-7
09,3,170,20,190,115,0,1,3
09,3,230,20,202,147,0,8,-10
09,3,20,60,127,101,0,8,-11
09,3,60,40,89,52,0,0,-3
09,3,70,30,120,61,0,0,-4
09,3,50,10,107,68,0,1,9
09,3,990,10,92,68,0,0,-11
09,3,200,30,95,71,0,0,-8
09,3,200,40,123,82,0,4,0
09,3,230,50,123,101,0,1,-4
09,3,210,50,95,65,0,2,-6
09,3,300,40,103,93,0,8,-3
09,3,330,40,121,117,23,8,9
09,3,190,30,106,96,-1,8,1
09,3,250,20,130,128,1,9,2
09,3,190,30,139,135,0,8,0
09,3,80,26,116,85,0,0,16
09,3,250,15,152,139,0,0,-13
09,3,40,10,117,114,0,0,19
09,3,30,21,127,97,0,0,3
09,3,20,15,123,118,0,0,8
09,3,10,41,137,92,0,3,-25
09,3,300,21,115,89,0,7,0
09,3,320,21,126,117,0,6,2
09,3,210,10,74,71,0,2,-2
09,3,40,10,82,79,0,1,-5
09,3,20,36,153,130,0,6,-8
09,3,10,5,50,47,0,0,-7
09,3,20,15,56,53,0,0,0
09,3,990,5,50,41,0,0,4
09,3,230,26,144,130,0,7,6
09,3,200,5,108,105,0,7,-5
09,3,260,41,167,151,0,7,-5
09,3,220,36,122,116,0,0,-2
09,3,350,21,146,133,0,7,-5
09,3,290,10,75,71,0,4,-9
09,3,60,15,59,49,0,0,6
09,3,200,41,181,119,0,6,-5
09,3,230,36,115,84,0,5,-1
09,3,220,57,170,145,0,7,-1
09,3,150,10,154,148,1,7,-1
09,3,200,15,138,133,1,8,1
09,3,180,5,84,81,0,7,6
09,3,190,46,80,74,0,1,-3
09,3,110,36,119,111,1,8,-3
09,3,210,46,118,109,0,2,-1
09,3,220,36,106,97,0,1,0
09,3,210,41,123,102,0,7,2
09,3,220,67,143,127,-1,8,4
09,3,240,31,97,86,25,8,2
09,3,270,46,114,86,-1,7,-9
09,3,210,21,53,38,0,1,8
09,3,190,57,140,80,0,6,-1
09,3,210,31,93,76,0,5,0
09,3,210,36,88,79,0,3,1
09,3,160,21,111,90,0,5,-3
09,3,150,21,127,102,0,2,2
09,3,210,31,85,65,0,2,0
09,3,150,15,96,54,0,7,-1
09,3,240,26,122,103,1,8,0
09,3,230,31,137,126,0,8,0
09,3,240,31,153,137,0,7,0
09,3,90,21,86,74,0,0,-6
09,3,110,31,123,110,0,7,2
09,3,200,31,143,127,0,3,-10
09,3,220,31,150,145,0,8,0
09,3,90,15,142,112,0,7,1
09,3,120,26,156,141,0,7,-3
09,3,150,41,118,104,0,4,4
09,3,150,31,105,100,0,5,1
09,3,150,36,134,121,0,7,2
09,3,140,26,119,106,0,1,-2
09,3,130,36,132,116,0,0,-2
09,3,130,26,123,118,0,0,1
09,3,220,15,109,106,0,1,-10
09,3,200,21,136,120,0,8,1
09,3,280,10,84,80,0,1,16
09,3,250,5,92,87,0,6,14
09,3,250,26,132,129,1,8,2
09,3,330,31,118,107,0,7,-18
09,3,270,26,106,95,0,7,-1
09,3,30,5,46,40,0,0,-6
09,3,60,26,74,65,0,1,-7
09,3,140,21,155,152,-1,8,1
09,3,180,31,135,129,0,0,2
09,3,180,36,143,135,1,7,-3
09,3,190,36,98,95,0,1,2
09,3,30,10,67,66,0,2,-1
09,3,160,51,137,126,-1,7,-3
09,3,110,36,107,98,1,8,1
09,3,230,41,121,110,-1,7,-4
09,3,180,5,106,106,0,6,-1
09,3,20,5,104,102,16,8,3
09,3,50,10,39,39,0,1,-1
09,3,50,21,51,41,0,1,9
09,3,150,15,108,108,0,2,0
09,3,180,21,171,161,0,7,3
09,3,990,10,128,123,0,7,2
09,3,20,31,135,133,-1,8,-3
09,3,40,36,121,121,0,7,-11
09,3,10,72,115,98,-1,8,-2
09,3,280,36,112,104,1,7,-4
09,3,230,51,106,106,1,8,1
09,3,180,62,101,101,2,8,1
09,3,160,31,91,90,0,7,-17
09,3,130,31,96,88,0,8,-3
09,3,150,26,161,158,0,6,5
09,3,230,31,153,150,8,8,0
09,3,250,36,146,131,0,7,1
09,3,200,46,149,136,0,8,-5
09,3,210,31,150,130,0,8,-6
09,3,200,21,98,81,0,6,-3
09,3,180,26,102,100,0,8,2
09,3,140,15,98,98,0,6,6
09,3,190,46,102,96,3,3,-6
09,3,200,62,128,110,0,7,0
09,3,220,41,96,82,0,1,-4
09,3,170,41,135,130,0,5,4
09,3,210,36,118,99,0,1,-10
09,3,80,21,101,87,0,6,3
09,3,220,15,87,87,0,6,9
09,3,240,36,112,107,2,8,-2
09,3,260,36,93,74,-1,4,4
09,3,250,26,96,90,0,6,8
09,3,300,26,115,113,0,7,-2
09,3,140,51,96,82,-1,8,0
09,3,40,26,109,107,0,7,-1
09,3,50,26,90,90,0,0,-1
09,3,50,26,87,79,0,4,3
09,3,70,31,118,105,0,7,-7
09,3,0,0,108,108,0,1,5
09,3,340,10,101,101,0,6,-3
09,3,220,10,95,95,0,6,17
09,3,230,10,118,115,0,6,-7
09,3,220,31,112,99,0,7,5
09,3,240,10,120,114,0,7,-1
09,3,300,21,103,97,0,2,-8
09,3,270,21,139,112,0,7,-7
09,3,260,21,127,127,-1,7,-3
09,3,220,26,104,93,0,1,-12
09,3,210,21,102,102,0,3,-4
09,3,210,31,116,105,0,6,2
09,3,120,36,135,124,5,8,1
09,3,120,62,149,134,4,8,3
09,3,230,41,146,131,0,7,2
09,3,200,31,141,127,0,7,2
09,3,140,46,150,150,21,8,4
09,3,180,21,97,96,0,2,-3
09,3,210,10,102,102,0,6,4
09,3,230,21,108,108,0,1,-4
09,3,170,31,137,110,0,8,-1
09,3,120,26,108,108,0,7,5
09,3,130,21,126,120,0,8,-1
09,3,60,15,101,101,0,3,1
09,3,40,21,142,132,0,7,-4
09,3,10,41,107,102,0,1,-6
09,3,320,15,117,117,0,6,-20
09,3,250,5,121,121,0,7,0
09,3,220,21,122,122,0,7,0
09,3,200,26,131,131,0,7,-4
09,3,300,31,100,100,0,3,13
09,3,210,46,129,111,0,7,3
09,3,190,21,115,115,8,8,2
09,3,260,36,89,56,0,1,-3
09,3,220,31,67,64,0,1,2
09,3,200,21,86,86,0,6,0
09,3,220,10,99,98,0,7,7
09,3,990,10,69,69,0,3,9
09,3,10,10,92,92,0,5,0
09,3,20,30,101,98,0,0,0
09,3,20,30,105,100,0,1,-9
09,3,360,20,78,75,0,0,-16
09,3,60,10,69,69,0,2,-18
09,3,20,10,60,57,0,1,-6
09,3,290,10,67,67,0,7,11
09,3,320,20,122,120,0,6,1
09,3,280,20,95,94,0,3,4
09,3,240,30,122,119,10,8,2
09,3,280,30,76,62,0,2,-1
09,3,330,40,127,116,0,7,-8
09,3,290,30,117,117,-1,8,-2
09,3,0,0,57,57,0,2,-6
09,3,30,20,48,41,0,0,5
09,3,70,40,84,70,0,0,-2
09,3,60,70,96,69,0,5,1
09,3,70,50,91,69,0,2,-6
09,3,40,60,106,69,0,8,-8
09,3,60,40,93,74,0,8,1
09,3,30,20,95,94,0,8,-2
09,3,290,20,88,88,0,8,-8
09,3,160,10,61,61,0,5,8
09,3,160,20,85,84,0,1,6
09,3,180,60,134,129,-1,8,-1
09,3,230,20,103,85,0,1,0
09,3,200,60,122,101,-1,8,-1
09,3,250,50,166,161,8,8,-1
09,3,260,20,178,163,0,6,-11
09,3,290,20,144,144,-1,8,-2
09,3,0,0,102,102,0,1,-4
09,3,190,10,158,142,0,7,2
09,3,250,20,162,152,0,7,-12
09,3,240,20,114,111,0,1,-2
09,3,220,30,133,130,9,8,1
09,3,230,30,136,131,0,5,5
09,3,260,20,138,138,0,6,-4
09,3,300,30,81,72,0,1,-5
09,3,110,20,77,76,0,2,5
09,3,220,30,154,138,4,8,-2
09,3,240,20,110,101,9,1,-1
09,3,230,20,83,64,0,1,4
09,3,210,30,85,71,0,3,-5
09,3,210,30,90,78,0,4,3
09,3,200,30,120,101,0,4,-5
09,3,30,20,112,112,0,3,-2
09,3,70,20,127,118,0,8,-3
09,3,40,10,57,54,0,0,-6
09,3,40,20,48,45,0,1,2
09,3,40,10,54,48,0,1,-9
09,3,30,20,66,66,0,0,-14
09,3,20,20,99,99,0,6,9
09,3,30,20,78,77,0,0,0
09,3,40,20,77,74,0,0,6
09,3,40,20,81,81,0,0,22
09,3,30,10,68,68,0,3,-9
09,3,0,0,62,62,0,5,-4
09,3,0,0,138,130,-1,8,-2
09,3,120,30,128,104,0,7,1
09,3,150,20,146,144,-1,8,-5
09,3,130,50,173,173,-1,8,1
09,3,990,10,152,152,5,8,1
09,3,140,30,158,154,16,8,-4
09,3,230,20,154,153,-1,8,-1
09,3,120,30,151,150,-1,8,-2
09,3,160,20,138,138,0,1,-6
09,3,180,50,156,151,0,8,7
09,3,210,50,166,151,0,7,2
09,3,200,50,126,119,0,1,1
09,3,260,10,113,113,-1,8,-1
09,3,220,40,76,69,1,2,-5
09,3,990,10,92,91,0,7,-3
09,3,290,70,130,126,15,8,-2
09,3,260,40,145,140,2,8,-9
09,3,280,60,122,108,0,4,4
09,3,250,20,94,88,0,7,-15
09,3,200,20,139,128,0,6,2
09,3,30,20,137,137,0,9,0
09,3,990,10,105,105,0,0,-5
09,3,60,20,100,100,0,4,4
09,3,80,20,87,87,0,0,-2
09,3,90,30,94,90,0,1,1
09,3,160,10,153,128,-1,8,-11
09,3,130,30,137,125,0,3,-6
09,3,120,10,109,108,0,1,-4
09,3,0,0,125,125,0,6,-2
09,3,240,10,123,123,0,6,2
09,3,110,30,126,125,0,4,-2
09,3,280,10,158,147,0,7,-5
09,3,0,0,110,108,0,1,-3
09,3,100,20,116,86,0,2,-6
09,3,120,20,124,103,0,0,-7
09,3,70,10,126,121,0,0,-10
09,3,160,10,135,123,0,1,8
09,3,210,30,149,141,0,0,-3
09,3,200,30,153,142,0,7,-8
09,3,160,10,139,132,0,0,3
09,3,60,20,162,153,0,7,2
09,3,140,30,173,153,0,1,-5
09,3,160,20,182,140,0,2,-4
09,3,0,0,146,142,0,3,-5
09,3,340,20,173,160,0,8,-1
09,3,100,10,157,156,0,9,1
09,3,200,30,101,94,0,1,0
09,3,180,30,141,132,0,7,-1
09,3,170,30,100,95,0,2,-2
09,3,120,40,121,105,0,7,2
09,3,110,30,173,154,0,8,0
09,3,140,30,116,101,0,2,8
09,3,150,20,144,135,-1,7,2
09,3,160,30,163,151,0,6,0
09,3,200,40,150,138,0,1,-2
09,3,190,30,125,119,0,4,8
09,3,200,40,156,143,0,8,-7
09,3,190,40,120,110,0,6,3
09,3,200,40,148,130,0,7,1
09,3,180,60,139,126,4,8,1
09,3,200,40,153,137,0,7,-5
09,3,160,30,130,108,0,7,4
09,3,190,40,123,115,0,5,4
09,3,290,30,124,112,0,5,4
09,3,290,30,125,119,-1,7,-5
09,3,250,20,102,96,0,2,-5
09,3,190,60,134,126,10,7,-1
09,3,290,60,146,100,0,5,-1
09,3,210,40,155,129,0,8,1
09,3,220,20,173,161,0,8,-3
09,3,0,0,143,142,0,9,3
09,3,990,10,132,130,0,2,6
09,3,180,30,165,154,0,7,1
09,3,220,30,129,125,0,3,9
09,3,0,0,134,131,0,7,2
09,3,200,20,133,120,0,6,-4
09,3,210,60,145,128,0,7,-12
09,3,0,0,140,137,0,7,5
09,3,180,30,126,121,0,7,-5
09,3,140,40,129,114,0,7,-5
09,3,120,20,151,141,-1,8,0
09,3,990,10,106,103,0,7,-6
09,3,160,20,118,112,0,7,8
09,3,100,20,151,138,0,7,-4
09,3,100,30,100,76,0,1,2
09,3,220,30,124,119,0,4,-5
09,3,160,20,142,121,-1,8,-5
09,3,210,20,152,147,0,7,1
09,3,180,50,150,128,1,8,-1
09,3,130,30,157,146,1,8,-3
09,3,220,20,154,138,0,7,-1
09,3,270,10,127,123,0,5,7
09,3,210,20,104,97,0,4,3
09,3,210,30,165,158,-1,8,-1
09,3,220,30,135,132,0,8,0
09,3,300,60,127,116,0,7,1
09,3,200,40,130,127,11,8,1
09,3,210,20,125,115,0,7,7
09,3,290,100,160,130,-1,8,-5
09,3,290,40,94,73,1,5,6
09,3,290,50,113,100,-1,5,2
09,3,250,20,105,91,4,7,1
09,3,280,40,139,121,6,7,-4
09,3,230,60,136,127,4,8,0
09,3,260,20,99,95,0,3,-4
09,3,200,40,115,107,0,6,1
09,3,250,20,98,90,1,7,-4
09,3,280,20,77,72,0,4,4
09,3,80,30,88,84,0,6,-2
09,3,190,70,106,88,0,8,-2
09,3,300,30,114,108,0,8,1
09,3,270,30,112,105,15,7,2
09,3,260,20,86,80,0,1,2
09,3,250,20,118,111,-1,8,-2
09,3,30,20,114,110,0,8,1
09,3,0,0,58,55,0,4,8
09,3,180,20,73,71,0,4,-2
09,3,240,30,146,140,-1,7,-3
09,3,210,20,125,119,0,4,-10
09,3,120,20,107,104,0,3,7
09,3,230,30,152,145,0,8,-8
09,3,320,20,115,103,0,,-2
09,3,20,20,113,104,0,,-11
09,3,70,30,126,101,0,,-19
09,3,990,10,89,85,0,,2
09,3,0,0,109,105,0,,-7
09,3,200,30,126,120,0,,-1
09,3,190,40,134,123,0,,9
09,3,140,30,139,136,0,,4
09,3,30,10,148,146,0,,-10
09,3,200,20,117,107,0,,-9
09,3,280,20,137,134,7,,2
09,3,20,20,132,130,0,,-11
09,3,30,20,103,89,0,,-2
09,3,20,30,144,140,0,,3
09,3,320,30,134,109,0,,2
09,3,0,0,71,66,0,,0
09,3,990,10,97,95,0,,14
09,3,990,10,135,123,0,,4
09,3,30,20,130,119,0,,-5
09,3,350,20,132,115,0,,-4
09,3,990,10,106,98,0,,19
09,3,260,20,115,110,0,,2
09,3,10,50,110,95,0,,5
09,3,20,40,59,46,0,,0
09,3,250,20,91,83,3,,3
09,3,230,20,118,110,0,,1
09,3,260,20,109,106,0,,-4
09,3,990,10,77,76,0,,-20
09,3,110,10,102,100,0,,7
09,3,140,10,71,68,0,,-7
09,3,240,20,119,99,0,8,-10
09,3,0,0,76,74,0,7,10
09,3,290,10,61,60,0,0,-4
09,3,30,10,89,88,0,1,-7
09,3,80,30,96,83,0,0,3
09,3,150,30,165,137,-1,8,-2
09,3,210,30,119,117,0,1,-8
09,3,280,20,103,101,0,8,-13
09,3,250,10,91,89,0,1,-12
09,3,210,30,114,104,0,8,-8
09,3,270,20,97,90,1,1,9
09,3,230,20,109,107,0,1,6
09,3,160,10,73,72,0,2,-10
09,3,0,0,71,70,0,0,0
09,3,80,10,84,82,0,0,-5
09,3,200,10,99,97,0,1,-4
09,3,0,0,91,90,0,2,-10
09,3,180,20,123,106,0,1,-3
09,3,200,30,137,133,0,1,-5
09,3,210,20,143,125,0,0,-17
09,3,210,30,156,95,0,0,-12
09,3,180,40,167,130,0,0,-11
09,3,250,20,114,108,0,4,-8
09,3,170,10,39,38,0,1,0
09,3,60,10,38,37,0,0,-1
09,3,160,20,75,43,0,1,-17
09,3,340,10,123,120,-1,8,-1
09,3,40,10,112,93,2,8,-7
09,3,330,60,111,102,8,8,-12
09,3,180,10,72,71,0,1,-4
09,3,200,20,95,84,0,7,10
09,3,0,0,97,95,0,0,5
09,3,0,0,110,104,0,0,-3
09,3,160,10,159,145,0,4,-5
09,3,20,20,145,140,0,0,2
09,3,30,20,143,137,0,0,2
09,3,20,50,156,151,0,5,3
09,3,40,40,112,106,0,0,-2
09,3,80,20,111,98,0,0,-7
09,3,120,30,128,77,0,0,-3
09,3,200,30,173,173,0,0,-4
09,3,220,50,142,122,0,5,1
09,3,190,50,133,103,-1,7,3
09,3,200,50,110,106,0,0,-2
09,3,220,30,119,105,0,1,3
09,3,240,10,51,51,0,1,-8
09,3,180,30,89,72,0,0,3
09,3,170,40,134,80,0,8,-3
09,3,230,30,141,136,0,2,-1
09,3,200,50,119,98,0,8,4
09,3,260,50,128,80,3,1,-2
09,3,270,60,131,70,0,7,-4
09,3,240,20,129,127,-1,8,2
09,3,280,40,101,91,1,7,-3
09,3,290,30,109,103,-1,8,-1
09,3,280,20,101,100,0,7,-1
09,3,250,30,152,142,-1,8,-1
09,3,230,20,155,149,0,8,0
09,3,270,40,139,131,-1,4,-10
09,3,170,10,34,33,0,0,4
09,3,140,30,185,143,0,0,-4
09,3,210,20,138,132,0,0,2
09,3,30,10,140,136,0,9,15
09,3,100,20,142,114,0,0,-11
09,3,120,40,164,130,0,0,-5
09,3,0,0,161,157,0,9,3
09,3,210,20,144,139,0,0,9
09,3,210,30,166,153,0,0,-2
09,3,70,10,172,156,0,8,1
09,3,60,10,170,166,0,7,-7
09,3,250,20,173,169,0,8,-3
09,3,10,30,167,153,0,8,1
09,3,210,10,92,88,0,0,2
09,3,220,30,130,117,0,0,4
09,3,230,30,175,166,0,7,1
09,3,20,80,121,112,1,8,-7
09,3,320,10,66,60,0,6,-19
09,3,310,10,36,34,0,1,-2
09,3,30,10,56,52,0,0,0
09,3,0,0,57,53,0,0,-9
09,3,70,10,86,83,0,5,-8
09,3,150,20,93,88,0,0,-15
09,3,150,10,72,68,0,0,-5
09,3,220,20,140,134,0,7,-7
09,3,150,30,132,120,0,8,4
09,3,200,30,118,113,0,1,-1
09,3,190,40,132,107,0,8,-1
09,3,230,30,118,109,0,1,-2
09,3,190,70,99,89,54,8,8
09,3,220,30,82,73,0,3,9
09,3,190,30,126,122,0,3,7
09,3,210,20,143,130,0,6,-4
09,3,220,50,183,162,-1,8,-9
09,3,250,30,179,166,0,8,-1
09,3,160,10,143,138,0,8,6
09,3,180,10,161,151,0,7,-3
09,3,240,20,171,162,0,0,-7
09,3,320,10,110,96,0,,-23
09,3,80,10,89,79,0,0,-4
09,3,80,20,103,90,0,0,-5
09,3,60,10,113,106,0,0,1
09,3,140,10,143,138,0,0,-9
09,3,170,20,167,145,0,0,-3
09,3,140,30,188,157,0,7,-5
09,3,20,20,177,151,0,8,-7
09,3,70,10,168,142,0,6,-12
09,3,270,20,169,157,0,0,-1
09,3,260,10,160,144,0,8,-3
09,3,210,30,122,106,0,0,10
09,3,190,30,93,83,0,0,-4
09,3,150,30,112,97,0,0,-2
09,3,130,30,160,133,0,0,1
09,3,990,10,160,138,0,8,-10
09,3,130,30,191,161,0,8,9
09,3,80,10,158,154,-1,8,4
09,3,240,20,160,151,-1,8,-2
09,3,230,10,106,103,0,0,14
09,3,180,30,133,116,0,8,-2
09,3,170,30,142,125,0,8,1
09,3,230,20,156,143,0,8,0
09,3,250,20,136,135,0,0,-6
09,3,220,20,154,143,0,8,2
09,3,270,40,159,158,40,8,-6
09,3,270,20,96,90,0,3,16
09,3,0,0,63,60,0,3,-5
09,3,290,20,144,142,0,8,1
09,3,330,30,153,146,-1,8,4
09,3,250,20,123,121,0,8,6
09,3,320,30,137,132,0,2,-2
09,3,230,20,137,123,-1,8,8
09,3,290,30,123,119,1,8,-3
09,3,990,10,82,81,0,8,4
09,3,60,10,120,118,0,1,-7
09,3,240,10,60,57,0,0,3
09,3,280,10,76,73,0,0,-2
09,3,200,30,93,77,0,0,3
09,3,210,30,129,122,0,2,4
09,3,320,40,109,98,-1,8,-8
09,3,210,30,60,47,0,0,-2
09,3,210,60,130,99,0,8,-2
09,3,220,30,140,119,0,6,3
09,3,220,30,109,94,0,5,-1
09,3,160,10,78,75,0,2,2
09,3,180,40,135,129,0,0,1
09,3,210,40,98,74,0,0,-5
09,3,280,30,107,102,1,8,-13
09,3,20,30,82,73,0,6,-7
09,3,360,50,118,112,15,8,3
09,3,250,20,124,122,7,8,2
09,3,270,20,117,107,-1,8,-2
09,3,220,30,169,145,0,4,1
09,3,180,50,146,129,0,8,5
09,3,210,50,114,107,0,4,0
09,3,210,50,125,113,0,8,-4
09,3,180,30,123,112,0,7,2
09,3,180,60,168,137,0,7,-6
09,3,170,50,142,109,0,4,-3
09,3,220,40,146,133,0,8,0
09,3,160,20,94,91,0,0,0
09,3,220,20,167,162,0,7,1
09,3,170,20,152,145,0,0,-1
09,3,320,30,163,162,0,9,4
09,3,0,0,80,80,0,7,10
09,3,30,40,60,48,0,0,4
09,3,20,30,91,85,0,6,-1
09,3,30,10,76,71,0,7,4
09,3,30,20,99,89,0,8,-4
09,3,0,0,64,61,0,1,-9
09,3,30,20,26,22,0,0,4
09,3,20,10,52,50,0,0,0
09,3,40,10,65,62,0,1,-11
09,3,30,20,115,112,0,8,-6
09,3,10,30,120,101,0,8,-1
09,3,60,30,120,115,0,8,-5
09,3,20,10,70,68,0,4,-1
09,3,30,30,74,71,0,0,-5
09,3,40,20,57,56,0,0,-6
09,3,300,10,44,41,0,0,1
09,3,220,20,88,87,0,7,14
09,3,220,40,99,80,0,7,7
09,3,160,30,170,104,0,0,9
09,3,210,30,125,116,0,1,0
09,3,190,70,150,144,3,8,2
09,3,220,50,118,104,0,0,3
09,3,260,40,135,104,0,1,-18
09,3,210,30,130,116,0,8,-4
09,3,180,20,116,108,0,8,4
09,3,180,30,124,112,0,2,-2
09,3,240,20,159,135,0,7,-6
09,3,10,30,137,125,0,8,5
09,3,360,20,105,98,0,5,11
09,3,360,30,124,110,0,5,-10
09,3,280,20,114,110,0,8,1
09,3,350,30,122,113,0,4,-4
09,3,50,60,135,129,1,8,3
09,3,20,40,149,141,0,8,2
09,3,30,40,119,103,0,8,-3
09,3,30,30,76,73,0,0,-13
09,3,50,10,121,117,0,7,5
09,3,280,20,128,125,0,3,-5
09,3,340,10,123,110,0,8,-13
09,3,200,30,102,93,0,0,2
09,3,220,30,120,116,0,5,2
09,3,240,20,155,153,-1,8,-1
09,3,200,10,58,56,0,0,-7
09,3,360,10,58,55,0,2,-2
09,3,70,10,63,61,0,4,-5
09,3,300,10,62,61,0,9,10
09,3,240,20,133,124,0,2,8
09,3,260,20,149,146,-1,8,-1
09,3,0,0,64,59,0,1,-1
09,3,40,10,90,85,0,0,-11
09,3,80,10,108,104,0,4,-1
09,3,20,20,89,86,0,7,-7
09,3,70,10,78,73,0,0,-5
09,3,100,30,105,80,0,0,-13
09,3,120,50,118,100,16,8,-3
09,3,70,40,129,116,0,8,3
09,3,290,20,145,138,-1,8,-2
09,3,240,30,143,138,0,8,2
09,3,180,30,153,136,0,8,-1
09,3,260,10,156,149,-1,7,-2
09,3,210,10,88,83,0,0,-13
09,3,220,50,157,136,-1,8,4
09,3,270,40,129,112,0,0,-14
09,3,220,20,92,84,0,1,-3
09,3,240,40,99,91,4,8,1
09,3,220,20,93,80,0,8,-1
09,3,200,30,91,77,0,8,4
09,3,210,30,119,102,0,7,2
09,3,220,10,118,113,0,8,10
09,3,140,10,107,105,0,9,-2
09,3,180,20,116,102,0,6,3
09,3,220,10,140,135,0,8,2
09,3,340,40,110,73,-1,8,-5
09,3,210,20,81,76,-1,7,0
09,3,0,0,44,42,0,8,-7
09,3,240,10,107,104,0,8,1
09,3,110,20,105,103,0,8,-6
09,3,140,20,97,78,0,8,0
09,3,30,10,111,98,0,8,-9
09,3,60,20,106,80,0,1,6
09,3,180,10,139,136,0,0,-6
09,3,240,10,182,175,0,7,-4
09,3,200,30,114,105,0,0,2
09,3,200,50,138,96,0,7,-2
09,3,250,60,137,112,0,6,-5
09,3,240,40,128,118,2,8,1
09,3,230,20,155,147,0,8,1
09,3,150,20,171,168,0,8,3
09,3,260,20,177,157,0,7,-20
09,3,190,40,138,123,0,8,3
09,3,220,30,133,112,0,0,1
09,3,230,30,120,91,0,1,-10
09,3,230,20,105,100,0,0,1
09,3,70,30,110,85,0,8,-4
09,3,210,30,140,123,0,8,0
09,3,190,40,116,108,0,8,0
09,3,180,20,69,67,0,9,0
09,3,200,40,125,113,0,8,4
09,3,190,40,139,112,0,8,1
09,3,220,30,118,106,0,5,9
09,3,210,20,118,108,0,8,1
09,3,90,10,68,65,0,0,1
09,3,150,10,85,80,0,0,5
09,3,160,20,135,127,0,1,13
09,3,140,10,133,130,0,7,9
09,3,40,10,105,102,0,8,-9
09,3,110,10,139,133,0,0,-6
09,3,130,10,123,112,0,0,-1
09,3,260,10,53,50,0,1,16
09,3,190,30,110,74,0,4,-5
09,3,0,0,153,143,0,8,-3
09,3,0,0,106,103,0,0,-3
09,3,350,30,167,153,0,7,-13
09,3,340,20,113,95,0,8,1
09,3,210,30,108,92,0,0,-3
09,3,200,20,127,121,0,0,-14
09,3,0,0,102,99,0,0,-8
09,3,210,30,154,122,0,7,-12
09,3,240,10,160,154,0,8,6
09,3,190,20,108,100,-1,8,1
09,3,170,30,119,114,0,8,1
09,3,200,40,102,81,0,0,-1
09,3,240,10,129,110,0,8,-2
09,3,220,20,76,73,0,0,14
09,3,220,20,127,118,0,8,5
09,3,210,20,120,104,0,0,-7
09,3,220,20,74,68,0,0,-5
09,3,200,30,79,69,0,4,3
09,3,190,10,77,60,0,5,-12
09,3,300,30,102,97,1,8,1
09,3,80,10,48,44,0,1,-1
09,3,120,50,109,105,46,8,8
09,3,210,40,118,107,8,7,-4
09,3,160,50,123,116,1,7,-1
09,3,170,30,108,98,0,1,5
09,3,210,40,100,93,0,8,-1
09,3,210,30,118,104,0,8,-3
09,3,220,30,75,58,0,1,-6
09,3,250,20,86,70,0,6,-11
09,3,260,30,132,119,0,5,-7
09,3,250,20,133,123,0,0,-4
09,3,40,20,134,131,0,6,-7
09,3,100,20,155,143,0,0,3
09,3,160,20,170,142,0,0,10
09,3,210,10,160,150,0,8,-2
09,3,30,10,138,131,9,8,0
09,3,200,20,112,103,0,8,-8
09,3,240,30,95,91,0,4,-1
09,3,310,20,101,98,0,4,15
09,3,320,30,132,126,1,8,-2
09,3,220,20,131,126,0,8,-7
09,3,200,40,162,156,3,8,1
09,3,210,10,80,76,-1,3,-11
09,3,220,20,117,108,-1,7,-4
09,3,210,30,77,63,0,3,1
09,3,300,20,112,107,2,8,-3
09,3,230,20,93,85,0,3,-6
09,3,240,30,129,121,0,7,0
09,3,990,10,96,91,0,5,-16
09,3,220,20,140,125,0,8,2
09,3,990,10,142,135,0,8,2
09,3,60,10,135,135,0,9,-1
09,3,30,10,106,104,0,1,-11
09,3,260,20,126,123,0,7,1
09,3,30,30,51,43,0,0,-5
09,3,90,30,70,50,0,0,-3
09,3,80,60,95,59,0,0,-1
09,3,90,40,81,47,0,0,-1
09,3,260,20,108,108,0,0,-9
09,3,50,10,144,131,0,8,3
09,3,50,20,136,133,0,2,-7
09,3,50,20,156,133,0,8,1
09,3,160,10,159,151,0,6,3
09,3,0,0,150,147,0,8,4
09,3,270,10,117,117,0,0,13
09,3,330,10,117,114,0,1,-18
09,3,0,0,92,89,0,1,-2
09,3,340,20,120,102,0,8,-2
09,3,290,20,97,97,0,4,12
09,3,30,10,98,95,0,2,0
09,3,20,30,133,130,0,8,4
09,3,40,20,148,142,0,8,2
09,3,20,20,114,111,0,8,5
09,3,60,10,118,115,0,7,-1
09,3,0,0,114,111,0,6,-7
09,3,60,10,129,126,0,0,4
09,3,60,10,171,168,0,8,-8
09,3,40,10,143,143,0,9,3
09,3,310,20,161,151,0,8,0
09,3,300,30,119,89,0,7,15
09,3,990,10,64,57,0,5,5
09,3,190,30,108,87,0,8,6
09,3,270,20,107,102,0,6,2
09,3,210,30,131,117,0,8,-1
09,3,0,0,107,107,0,9,0
09,3,130,10,104,101,0,1,3
09,3,190,20,141,133,0,8,-2
09,3,220,20,154,151,0,5,-13
09,3,320,30,165,153,0,8,0
09,3,220,10,95,91,0,1,11
09,3,210,10,83,80,0,0,-1
09,3,210,30,105,95,1,6,2
09,3,310,40,132,125,-1,7,-4
09,3,310,20,103,86,1,7,-2
09,3,270,20,124,112,-1,8,5
09,3,350,10,127,114,-1,8,-3
09,3,30,10,105,102,0,4,-1
09,3,70,20,94,75,0,0,-1
09,3,80,20,91,81,0,0,0
09,3,110,30,125,93,0,7,2
09,3,200,20,130,127,0,3,-9
09,3,190,20,126,119,0,8,-6
09,3,180,60,101,79,0,0,1
09,3,130,20,122,99,-1,8,-4
09,3,210,70,164,121,0,7,-5
09,3,190,30,99,95,0,1,-8
09,3,200,20,127,124,0,8,1
09,3,250,10,83,80,0,0,-10
09,3,210,30,92,83,0,0,-2
09,3,210,40,127,120,0,8,-2
09,3,240,30,114,110,3,7,2
09,3,190,40,104,96,0,5,7
09,3,220,30,100,97,0,1,2
09,3,280,10,45,42,0,0,-9
09,3,30,10,69,66,0,0,-4
09,3,40,10,73,70,0,0,-4
09,3,40,20,62,59,0,0,2
09,3,50,20,67,58,0,0,7
09,3,210,20,145,137,0,8,8
09,3,190,10,104,99,0,8,17
09,3,210,30,137,128,1,8,5
09,3,210,30,175,162,0,8,8
09,3,270,10,138,133,0,8,0
09,3,160,10,129,126,0,0,9
09,3,0,0,119,116,0,1,11
09,3,90,10,124,116,0,0,4
09,3,220,30,131,123,0,0,-5
09,3,180,10,110,102,0,0,1
09,3,230,10,175,141,0,8,-3
09,3,0,0,150,147,0,0,4
09,3,100,10,170,150,0,0,-8
09,3,80,10,180,157,0,0,-17
09,3,80,30,176,141,0,0,0
09,3,190,30,157,149,0,8,-7
09,3,230,20,159,154,1,8,-2
09,3,360,30,164,158,0,8,-3
09,3,360,30,135,118,0,1,-15
09,3,0,0,88,85,0,7,4
09,3,280,10,76,73,0,3,9
09,3,160,10,98,79,0,0,-13
09,3,230,20,121,118,0,4,6
09,3,150,30,120,92,0,7,-9
09,3,160,30,123,81,0,0,-5
09,3,220,20,98,89,0,1,-21
09,3,190,10,65,61,0,1,-8
09,3,210,40,153,111,0,8,3
09,3,210,40,155,126,0,8,-8
09,3,210,30,129,123,0,8,-2
09,3,90,10,94,92,0,7,-5
09,3,10,10,124,112,0,8,-3
09,3,0,0,74,71,0,0,-1
09,3,160,10,104,91,0,8,8
09,3,180,20,165,158,0,8,0
09,3,220,40,171,164,13,8,-1
09,3,220,30,126,104,0,8,-8
09,3,200,60,152,125,-1,8,-8
09,3,190,40,138,129,3,8,-2
09,3,200,30,93,88,0,0,0
09,3,200,50,138,115,0,6,-7
09,3,220,40,126,117,5,8,-4
09,3,200,90,128,117,20,8,8
09,3,200,30,102,92,0,8,4
09,3,160,10,90,88,0,8,9
09,3,230,20,89,79,0,8,-2
09,3,0,0,59,57,0,1,-11
09,3,200,20,95,87,0,8,-2
09,3,250,20,92,89,0,0,-18
09,3,220,20,114,105,0,8,-8
09,3,180,30,98,84,0,0,-6
09,3,0,0,75,72,0,7,0
09,3,0,0,48,45,0,9,-10
09,3,40,10,64,61,0,0,-2
09,3,60,20,98,96,0,7,5
09,3,40,20,110,109,0,9,6
09,3,60,10,80,78,0,3,-2
09,3,140,10,142,117,0,8,-2
09,3,200,20,140,136,0,6,-3
09,3,300,20,144,140,0,8,2
09,3,0,0,71,68,0,0,-8
09,3,30,10,101,92,0,0,-1
09,3,20,30,155,114,0,8,-3
09,3,300,20,180,178,0,9,0
09,3,350,10,183,180,0,8,-9
09,3,260,10,157,156,0,8,-5
09,3,190,30,138,128,0,8,2
09,3,200,30,105,89,0,6,2
09,3,190,30,136,112,0,8,1
09,3,240,20,158,146,0,8,-2
09,3,210,30,149,129,0,8,-5
09,3,200,30,177,163,0,8,3
09,3,10,30,132,114,0,8,-2
09,3,260,10,71,67,0,2,-7
09,3,220,20,128,109,0,8,0
09,3,170,20,94,86,0,1,1
09,3,170,30,103,85,0,8,-2
09,3,160,20,149,90,0,0,12
09,3,170,20,147,128,0,7,4
09,3,200,30,168,131,0,7,-7
09,3,200,80,198,130,0,8,-2
09,3,210,30,113,85,0,8,-6
09,3,80,30,107,104,-1,8,0
09,3,250,20,67,58,0,0,-1
09,3,990,10,29,25,0,0,0
09,3,200,20,59,35,0,7,16
09,3,190,20,84,59,0,0,0
09,3,330,10,93,89,0,8,32
09,3,0,0,32,28,0,4,-3
09,3,190,10,23,19,0,0,-15
09,3,300,30,170,128,0,8,-9
09,3,260,20,111,98,0,7,-6
09,3,210,30,135,109,0,8,5
09,3,200,30,137,115,0,8,-5
09,3,220,40,128,113,-1,3,1
09,3,210,30,78,63,0,5,2
09,3,210,30,119,116,0,0,-6
09,3,290,20,91,82,0,1,-1
09,3,0,0,58,55,0,0,3
09,3,0,0,48,45,0,0,-6
09,3,200,30,108,98,0,8,6
09,3,210,20,169,165,0,8,2
09,3,250,30,178,156,0,8,-5
09,3,30,20,87,72,0,0,3
09,3,0,0,71,52,0,2,-4
09,3,190,10,136,132,0,8,5
09,3,270,20,94,89,0,0,-12
09,3,200,10,42,34,0,0,-5
09,3,180,20,68,61,0,6,2
09,3,0,0,58,55,0,8,-4
09,3,90,20,85,45,0,0,-12
09,3,120,20,138,50,0,1,-2
09,3,180,30,154,150,3,8,0
09,3,160,30,152,113,0,8,1
09,3,190,30,131,126,0,6,-3
09,3,190,40,141,131,0,1,6
09,3,200,40,133,127,0,3,0
09,3,210,40,142,122,0,8,-2
09,3,180,50,141,116,-1,8,4
09,3,270,60,143,112,-1,8,-1
09,3,300,20,89,85,0,1,-6
09,3,270,20,109,104,0,8,6
09,3,200,30,128,113,-1,8,7
09,3,260,30,170,158,10,8,-2
09,3,250,20,149,132,-1,8,-6
09,3,200,20,96,83,0,1,-6
09,3,220,20,106,99,0,6,-2
09,3,200,30,136,121,0,7,7
09,3,200,30,177,162,0,8,-1
09,3,210,10,81,79,0,0,-4
09,3,0,0,65,62,0,0,4
09,3,200,30,103,93,0,0,0
09,3,180,20,110,105,0,7,-1
09,3,180,10,112,109,0,1,-4
09,3,160,10,142,126,0,7,-10
09,3,0,0,155,144,0,0,20
09,3,30,20,104,89,0,0,-5
09,3,60,30,92,46,0,0,-7
09,3,60,30,113,57,0,0,-5
09,3,40,30,110,68,0,0,-9
09,3,20,10,86,75,0,0,-12
09,3,220,10,77,72,0,0,-2
09,3,200,30,128,108,0,7,2
09,3,220,50,124,82,0,0,-4
09,3,190,50,95,78,-1,6,-6
09,3,330,50,109,94,0,8,1
09,3,350,90,144,138,18,8,9
09,3,190,20,123,116,4,8,-2
09,3,270,40,140,137,1,8,-2
09,3,210,20,140,135,0,8,-11
09,3,70,26,153,94,0,0,-2
09,3,180,15,146,136,0,0,1
09,3,990,5,116,113,0,0,-11
09,3,10,10,135,107,0,0,-10
09,3,990,15,120,115,0,0,-15
09,3,20,46,142,94,0,6,-28
09,3,280,21,106,87,0,7,5
09,3,300,10,116,111,0,1,-9
09,3,0,0,63,60,0,0,-5
09,3,30,5,77,74,0,0,-10
09,3,360,26,140,122,0,5,7
09,3,20,5,43,40,0,0,-7
09,3,30,10,53,47,0,0,4
09,3,150,5,55,46,0,0,0
09,3,220,26,142,108,0,7,-4
09,3,300,10,129,126,0,9,-7
09,3,260,41,163,153,0,7,-1
09,3,210,26,115,109,0,0,1
09,3,350,26,150,139,-1,8,-10
09,3,330,5,104,95,0,5,-12
09,3,60,21,87,70,0,0,-7
09,3,200,41,181,123,0,4,-5
09,3,220,46,111,97,0,2,-3
09,3,220,77,171,151,0,8,1
09,3,170,10,163,158,1,8,-4
09,3,990,5,144,139,0,8,-2
09,3,990,10,98,95,0,7,1
09,3,170,46,84,76,0,1,-4
09,3,110,41,115,109,6,8,4
09,3,190,36,119,110,0,1,0
09,3,220,26,99,83,10,1,-2
09,3,210,51,120,97,0,7,3
09,3,210,72,145,122,0,7,0
09,3,240,57,105,84,-1,8,-8
09,3,260,57,105,88,0,7,-1
09,3,190,15,53,46,0,1,-6
09,3,180,46,140,80,0,7,0
09,3,210,41,87,72,0,2,-6
09,3,210,31,88,77,0,2,-8
09,3,140,10,69,60,0,1,-6
09,3,130,26,128,107,0,5,6
09,3,220,26,84,73,0,1,-1
09,3,110,26,96,77,0,7,-7
09,3,230,41,124,113,-1,8,-3
09,3,240,46,131,122,0,7,3
09,3,230,51,142,128,0,7,4
09,3,80,21,88,76,0,0,-1
09,3,110,21,122,103,0,5,2
09,3,160,21,131,120,0,7,-1
09,3,210,26,148,140,0,7,-1
09,3,90,15,147,124,0,7,-1
09,3,130,21,159,136,0,7,-2
09,3,180,41,119,100,0,1,-5
09,3,160,31,110,101,0,6,2
09,3,150,26,142,115,0,7,-6
09,3,140,21,114,101,0,1,-1
09,3,130,26,131,113,0,0,5
09,3,140,26,139,126,0,0,-5
09,3,190,10,117,108,0,2,-2
09,3,200,10,132,116,0,7,-1
09,3,300,10,86,85,0,2,-15
09,3,0,0,96,95,0,7,-5
09,3,270,31,130,128,4,8,1
09,3,320,21,108,105,0,5,-5
09,3,290,26,104,93,0,7,-1
09,3,0,0,43,37,0,0,-5
09,3,80,26,81,67,0,0,0
09,3,150,31,157,155,2,8,-3
09,3,180,31,130,128,0,1,-3
09,3,170,36,145,139,-1,7,2
09,3,190,31,109,106,0,3,1
09,3,990,5,77,77,0,0,-8
09,3,110,46,138,124,-1,6,0
09,3,100,31,109,100,0,8,3
09,3,230,57,120,109,-1,3,-4
09,3,160,10,87,87,0,4,20
09,3,270,21,108,103,1,8,-1
09,3,30,15,55,55,0,0,-10
09,3,80,21,69,52,0,3,-3
09,3,140,21,91,90,0,2,8
09,3,150,31,161,158,0,5,5
09,3,170,21,134,134,-1,8,4
09,3,30,31,137,135,0,8,-5
09,3,30,36,114,114,0,5,-4
09,3,360,51,105,105,6,8,2
09,3,260,31,109,106,0,8,-1
09,3,230,72,104,96,-1,8,0
09,3,180,51,98,90,3,8,-1
09,3,150,26,66,66,0,3,-5
09,3,120,31,94,86,0,7,1
09,3,160,31,164,159,0,5,4
09,3,220,67,145,139,-1,8,0
09,3,250,41,145,130,0,8,0
09,3,200,31,149,136,0,8,-4
09,3,210,36,146,135,-1,8,0
09,3,210,10,78,75,0,2,3
09,3,180,15,105,105,0,7,1
09,3,150,21,105,105,0,3,2
09,3,190,51,105,97,0,4,-1
09,3,190,51,128,117,-1,8,-2
09,3,230,62,94,88,0,0,-8
09,3,160,46,141,138,0,8,-7
09,3,210,41,111,99,0,0,-3
09,3,80,21,103,92,0,3,6
09,3,210,31,98,98,0,5,2
09,3,250,62,114,114,2,8,-5
09,3,250,51,88,79,3,4,-7
09,3,250,31,88,87,0,5,8
09,3,290,15,114,114,0,7,-2
09,3,140,51,99,85,1,8,-1
09,3,50,15,105,105,0,7,5
09,3,50,26,98,98,0,0,-5
09,3,70,31,102,91,0,4,-4
09,3,90,21,124,106,0,7,-2
09,3,90,10,128,128,0,3,-7
09,3,240,5,102,102,0,0,2
09,3,10,10,95,95,0,5,7
09,3,230,15,122,122,0,8,-3
09,3,210,26,97,97,0,3,11
09,3,0,0,122,122,0,8,-1
09,3,300,31,102,93,0,1,-2
09,3,290,26,136,110,0,8,2
09,3,230,36,134,132,0,8,-3
09,3,220,36,88,82,0,1,-2
09,3,200,21,96,95,0,0,-3
09,3,190,36,116,105,0,3,-2
09,3,130,31,133,117,3,8,-1
09,3,120,46,152,125,3,8,-3
09,3,230,67,143,133,0,7,-1
09,3,190,36,141,123,0,7,-2
09,3,140,41,149,146,13,8,5
09,3,180,15,97,92,0,1,-9
09,3,180,10,111,106,0,5,8
09,3,220,21,96,96,0,1,-6
09,3,160,31,130,105,0,7,-5
09,3,120,21,113,105,0,7,3
09,3,130,26,128,117,0,6,0
09,3,60,21,112,103,0,1,2
09,3,60,26,148,127,0,8,-4
09,3,10,41,105,97,0,5,4
09,3,340,10,73,73,0,1,-9
09,3,250,10,118,118,0,8,2
09,3,200,10,93,93,0,4,12
09,3,180,31,129,129,0,7,2
09,3,290,21,111,109,0,7,3
09,3,220,57,127,102,-1,8,2
09,3,190,15,112,112,12,8,1
09,3,240,51,78,51,0,1,-15
09,3,230,46,59,53,0,1,-4
09,3,210,21,82,81,0,7,-2
09,3,300,20,93,92,0,5,5
09,3,350,10,72,72,0,0,-6
09,3,20,20,100,100,0,3,-4
09,3,30,40,102,100,0,1,6
09,3,20,20,101,99,0,1,-3
09,3,330,10,72,72,0,0,-5
09,3,360,10,67,67,0,0,-2
09,3,360,10,63,62,0,0,-10
09,3,340,10,56,56,0,1,1
09,3,280,20,112,112,0,7,1
09,3,270,30,92,92,0,2,6
09,3,240,60,119,119,7,8,2
09,3,270,30,73,66,0,2,1
09,3,310,50,120,117,1,5,0
09,3,280,20,111,109,0,4,1
09,3,10,10,56,56,0,1,1
09,3,20,20,64,61,0,0,-12
09,3,70,40,92,78,0,1,-5
09,3,60,70,105,72,0,7,-2
09,3,70,40,91,72,0,0,-3
09,3,40,50,110,77,0,8,-6
09,3,40,40,91,79,0,8,0
09,3,340,10,95,95,0,8,-4
09,3,330,10,100,100,3,8,-4
09,3,120,20,77,77,0,4,4
09,3,180,10,88,88,0,3,-5
09,3,180,50,132,129,-1,8,-2
09,3,240,30,110,110,0,1,-10
09,3,190,40,122,103,-1,8,3
09,3,220,70,162,162,15,8,0
09,3,260,20,176,168,0,2,-5
09,3,340,20,147,147,-1,8,-5
09,3,140,10,105,105,0,1,1
09,3,180,20,159,153,0,7,0
09,3,210,20,165,165,0,8,0
09,3,220,20,101,101,0,0,2
09,3,230,40,128,128,6,8,1
09,3,220,40,125,125,0,2,-3
09,3,240,30,131,131,0,6,1
09,3,240,30,100,94,0,6,-8
09,3,140,10,85,76,0,1,6
09,3,230,40,161,132,0,8,-5
09,3,250,30,120,115,0,3,-8
09,3,220,40,76,72,0,1,0
09,3,250,10,61,55,0,2,-7
09,3,190,20,84,81,0,1,-4
09,3,210,20,101,92,0,5,3
09,3,100,10,114,114,0,3,2
09,3,70,30,130,122,0,7,-1
09,3,40,20,43,43,0,0,3
09,3,50,20,46,46,0,1,13
09,3,40,10,51,48,0,1,-2
09,3,30,20,71,71,0,0,-2
09,3,10,10,105,105,0,5,11
09,3,70,30,99,94,0,0,-16
09,3,20,20,82,82,0,0,-10
09,3,30,30,88,88,0,1,13
09,3,0,0,50,50,0,7,9
09,3,0,0,61,61,0,8,-5
09,3,210,10,131,131,0,8,4
09,3,110,30,133,100,0,4,-3
09,3,110,30,141,139,24,8,-2
09,3,130,40,172,170,-1,8,1
09,3,240,20,151,149,10,8,0
09,3,150,30,159,153,11,8,-3
09,3,210,30,153,152,-1,8,0
09,3,120,30,152,150,5,8,-1
09,3,160,30,140,139,0,1,-3
09,3,170,50,157,153,0,7,8
09,3,190,50,159,149,0,3,3
09,3,200,60,131,122,0,1,-2
09,3,300,20,118,118,17,8,-3
09,3,290,30,74,68,-1,7,-4
09,3,220,20,91,87,0,7,0
09,3,280,70,129,123,9,8,-1
09,3,250,50,145,139,5,7,-4
09,3,270,50,116,110,4,7,2
09,3,240,20,94,92,0,7,-8
09,3,220,20,141,126,0,7,-2
09,3,20,20,136,136,0,9,2
09,3,50,20,99,99,0,0,5
09,3,50,30,101,96,0,1,4
09,3,60,30,97,94,0,0,-2
09,3,90,30,114,102,0,0,-2
09,3,160,20,149,131,0,7,7
09,3,130,30,140,127,0,4,-10
09,3,130,20,122,122,0,3,0
09,3,10,10,131,127,0,5,0
09,3,990,10,128,128,0,7,-3
09,3,100,30,131,124,0,1,0
09,3,220,10,140,137,0,7,7
09,3,0,0,114,113,0,2,-3
09,3,100,30,144,88,0,2,-5
09,3,990,10,134,112,0,1,0
09,3,50,20,134,116,0,0,0
09,3,160,10,145,131,0,3,-17
09,3,200,30,150,143,0,1,-6
09,3,200,20,154,144,0,3,-11
09,3,160,10,142,138,0,0,-6
09,3,60,50,166,158,0,7,2
09,3,130,20,161,147,0,0,-1
09,3,150,30,162,137,0,3,1
09,3,0,0,149,144,0,2,-2
09,3,990,10,177,163,0,8,-3
09,3,300,10,150,148,0,8,6
09,3,210,30,103,98,0,0,-5
09,3,170,20,139,131,4,8,-1
09,3,180,30,106,105,0,2,-1
09,3,110,30,131,109,0,6,-1
09,3,990,10,173,154,0,8,-9
09,3,140,40,126,109,0,1,-5
09,3,160,20,148,136,0,5,2
09,3,160,30,161,151,0,7,7
09,3,190,40,150,135,0,1,-1
09,3,190,40,143,131,0,3,1
09,3,200,50,159,143,-1,7,-10
09,3,170,40,116,109,0,5,10
09,3,180,40,149,130,0,7,0
09,3,180,40,145,124,-1,8,-4
09,3,200,50,147,140,2,7,1
09,3,150,40,126,107,0,7,2
09,3,190,40,127,115,0,6,4
09,3,270,20,113,107,0,4,13
09,3,300,10,126,121,-1,7,-1
09,3,230,20,93,89,0,1,-5
09,3,200,40,134,102,0,7,-11
09,3,270,40,134,99,0,3,7
09,3,200,50,153,123,0,7,-1
09,3,220,40,174,164,-1,8,-1
09,3,330,10,148,146,0,8,0
09,3,990,10,128,126,0,1,-2
09,3,150,30,152,147,0,6,-3
09,3,210,30,129,126,0,5,8
09,3,200,10,139,137,0,7,1
09,3,990,10,121,119,0,7,-2
09,3,210,60,147,126,0,8,-11
09,3,260,10,100,99,0,4,6
09,3,160,30,105,102,0,0,-2
09,3,130,30,122,108,0,3,-3
09,3,260,50,144,134,2,8,1
09,3,320,10,124,122,0,7,0
09,3,990,10,91,88,0,1,8
09,3,120,20,135,128,0,5,-5
09,3,100,40,109,80,0,2,-3
09,3,230,30,134,129,0,7,-13
09,3,180,30,138,121,3,8,-3
09,3,210,30,158,151,0,7,-4
09,3,180,30,157,121,-1,8,-9
09,3,120,30,160,145,-1,7,2
09,3,200,10,137,130,0,6,1
09,3,990,10,143,137,0,6,-9
09,3,220,40,98,90,0,4,3
09,3,210,40,164,154,0,8,1
09,3,230,40,134,127,-1,8,-1
09,3,270,30,127,119,3,6,-3
09,3,190,30,126,114,2,8,-1
09,3,250,30,124,111,0,7,1
09,3,300,80,153,133,2,8,-2
09,3,270,40,94,77,2,4,1
09,3,260,40,105,92,1,7,7
09,3,250,50,103,86,-1,5,-6
09,3,300,20,130,123,6,7,3
09,3,220,90,135,126,4,8,-1
09,3,260,20,100,96,0,7,-2
09,3,210,50,120,108,0,5,-1
09,3,250,20,96,89,1,6,-3
09,3,280,20,70,64,0,2,-4
09,3,60,20,66,62,0,2,-6
09,3,180,50,98,84,0,5,-1
09,3,280,40,116,110,0,8,-1
09,3,270,40,115,107,1,6,0
09,3,260,20,58,54,0,3,11
09,3,230,40,105,97,3,7,1
09,3,30,20,111,107,0,7,3
09,3,0,0,53,50,0,2,6
09,3,140,20,80,80,0,2,-7
09,3,230,60,145,139,3,7,1
09,3,220,20,115,108,0,3,-4
09,3,120,20,111,102,0,2,3
09,3,230,40,154,147,1,8,-7
09,3,320,20,118,112,0,,-1
09,3,40,20,106,98,0,,-1
09,3,70,30,134,99,0,,-4
09,3,990,10,81,79,0,,1
09,3,190,20,141,139,0,,0
09,3,210,30,127,122,0,,3
09,3,180,40,151,128,0,,3
09,3,150,30,146,131,0,,-4
09,3,990,10,141,141,0,,-9
09,3,160,20,118,111,0,,-1
09,3,280,20,134,131,2,,1
09,3,330,10,125,123,0,,-22
09,3,50,20,92,85,0,,-3
09,3,360,20,130,129,0,,12
09,3,310,20,135,120,0,,5
09,3,0,0,76,74,0,,-7
09,3,990,10,107,105,0,,3
09,3,0,0,128,122,0,,0
09,3,60,20,130,116,0,,0
09,3,340,20,126,117,0,,-2
09,3,250,10,92,87,0,,1
09,3,240,20,87,82,0,,15
09,3,10,50,104,98,0,,7
09,3,20,40,58,49,0,,-3
09,3,230,10,82,79,3,,3
09,3,210,20,114,109,2,,0
09,3,280,20,107,104,0,,-18
09,3,0,0,57,55,0,,-3
09,3,990,10,117,112,0,,-7
09,3,130,20,61,60,0,,-1
09,3,240,30,112,95,0,,-11
09,3,280,20,95,83,0,,2
09,3,0,0,65,61,0,,1
09,3,350,10,87,85,0,,-5
09,3,80,20,122,95,0,,0
09,3,150,20,162,143,0,,3
09,3,190,20,116,112,0,,-4
09,3,240,10,115,112,0,,-3
09,3,230,10,78,76,0,,-7
09,3,190,50,126,108,0,,-5
09,3,270,30,101,96,0,,-5
09,3,170,10,94,90,0,,-3
09,3,990,10,69,69,-1,,-9
09,3,10,10,68,67,0,,-3
09,3,130,10,93,89,0,,-8
09,3,190,10,99,97,0,,-2
09,3,130,10,86,86,0,,-4
09,3,150,20,114,105,0,,-1
09,3,210,20,133,130,0,,0
09,3,190,20,127,102,0,,0
09,3,210,30,145,83,0,,-4
09,3,160,30,149,117,0,,-6
09,3,240,40,114,109,-1,,-8
09,3,260,20,43,39,0,,4
09,3,100,10,62,44,0,,-14
09,3,140,20,52,39,0,,2
09,3,270,20,126,110,0,,-2
09,3,50,20,116,93,0,,5
09,3,280,60,115,108,3,,-5
09,3,140,20,52,52,0,,-1
09,3,170,20,72,63,0,,7
09,3,110,10,98,93,0,,4
09,3,0,0,106,98,0,,1
09,3,160,10,158,145,0,,-10
09,3,30,20,163,157,0,,-6
09,3,40,20,141,133,0,,-1
09,3,20,50,158,151,0,,-1
09,3,40,50,126,111,0,,-1
09,3,70,30,133,96,0,,-10
09,3,110,30,136,65,0,,-5
09,3,190,30,179,171,0,,-2
09,3,210,60,139,123,0,,-2
09,3,180,40,136,100,0,,-4
09,3,180,50,107,101,0,,-2
09,3,220,70,130,104,0,,-10
09,3,220,20,56,53,0,,-13
09,3,170,30,76,59,0,,0
09,3,170,30,123,86,0,,4
09,3,250,40,145,138,0,,-10
09,3,190,40,115,94,0,,4
09,3,250,90,130,81,0,,-9
09,3,230,40,102,69,0,,8
09,3,250,30,127,123,3,,0
09,3,260,30,92,81,-1,,2
09,3,290,30,109,97,0,,-2
09,3,280,20,116,112,0,,-5
09,3,230,40,144,134,0,,0
09,3,250,30,150,142,0,,-2
09,3,260,40,139,132,11,,-2
09,3,190,10,33,28,0,,-8
09,3,130,20,193,149,0,,-9
09,3,220,20,148,146,0,,-4
09,3,10,20,145,143,0,,12
09,3,70,30,152,122,0,,-5
09,3,120,30,169,138,0,,-3
09,3,0,0,154,151,0,,14
09,3,190,10,147,145,0,,-4
09,3,200,20,154,150,0,,-1
09,3,0,0,176,161,0,,-2
09,3,300,10,170,167,0,,-13
09,3,250,20,173,171,0,,1
09,3,350,30,164,157,0,,1
09,3,0,0,87,85,0,,-3
09,3,220,30,120,111,0,,2
09,3,240,40,173,168,-1,,-1
09,3,10,80,124,119,21,,-6
09,3,280,10,54,47,0,,-7
09,3,240,10,34,32,0,,-2
09,3,10,10,51,47,0,,-9
09,3,0,0,47,43,0,,2
09,3,0,0,56,55,0,,-4
09,3,150,10,71,69,0,,-8
09,3,140,10,77,74,0,,-1
09,3,250,30,145,140,1,,-3
09,3,130,30,129,116,0,,4
09,3,170,20,115,112,0,,-2
09,3,170,40,126,112,0,,9
09,3,230,30,121,115,0,,-6
09,3,200,50,105,84,6,,-5
09,3,210,30,71,65,0,,10
09,3,190,30,141,130,0,,-3
09,3,220,20,143,137,0,,-5
09,3,220,70,185,153,0,,-2
09,3,240,50,176,162,0,,1
09,3,170,20,141,132,0,,1
09,3,160,10,164,161,0,,-8
09,3,210,20,167,164,0,,-1
09,3,290,10,92,86,0,,12
09,3,70,30,111,92,0,,-5
09,3,80,30,121,103,0,,-6
09,3,110,10,122,118,0,,-7
09,3,130,10,138,136,0,,0
09,3,130,30,170,153,0,,0
09,3,120,20,192,161,0,,-6
09,3,60,20,190,137,0,,-1
09,3,20,20,168,142,0,,-9
09,3,280,20,172,163,0,,-9
09,3,270,20,161,143,0,,-2
09,3,190,30,117,106,0,,0
09,3,180,20,88,83,0,,-4
09,3,140,30,114,102,0,,2
09,3,140,30,166,136,0,,-1
09,3,100,10,154,142,0,,1
09,3,130,20,189,162,0,,-1
09,3,0,0,162,160,0,,-1
09,3,220,40,155,147,0,,2
09,3,160,20,100,99,0,,4
09,3,180,30,131,117,0,,2
09,3,150,30,137,126,0,,3
09,3,210,20,145,136,0,,-2
09,3,250,30,136,130,0,0,-8
09,3,220,30,151,130,0,8,0
09,3,230,60,153,142,3,8,-3
09,3,270,30,94,86,0,4,7
09,3,230,10,48,40,0,0,-4
09,3,0,0,142,140,-1,8,-1
09,3,340,40,155,130,0,8,-6
09,3,260,20,116,113,0,8,12
09,3,290,20,137,130,0,3,-6
09,3,230,50,132,108,0,8,0
09,3,290,30,122,112,-1,8,-4
09,3,270,10,77,75,0,5,9
09,3,360,10,118,114,0,1,4
09,3,310,10,56,54,0,0,1
09,3,220,20,78,78,0,2,0
09,3,180,20,88,76,0,4,-3
09,3,210,40,134,125,0,2,3
09,3,260,30,114,109,-1,8,-5
09,3,210,30,63,52,0,5,0
09,3,220,50,123,88,0,8,5
09,3,210,40,138,103,-1,7,-3
09,3,220,20,95,86,0,1,-11
09,3,120,10,94,91,0,0,-1
09,3,180,40,143,134,0,4,-5
09,3,210,50,95,74,0,0,-4
09,3,290,20,99,95,-1,8,-3
09,3,10,40,83,82,0,8,1
09,3,340,50,116,112,20,8,3
09,3,260,30,127,126,3,8,0
09,3,250,30,114,106,0,8,-2
09,3,210,40,172,157,0,8,-6
09,3,170,40,139,125,0,7,6
09,3,190,40,112,105,0,0,1
09,3,180,50,125,112,-1,8,4
09,3,180,40,134,113,0,8,-7
09,3,180,60,178,138,0,5,-12
09,3,170,50,144,110,0,7,1
09,3,220,50,146,129,0,8,-4
09,3,140,10,91,88,0,0,-4
09,3,200,20,166,154,0,5,4
09,3,160,30,151,144,0,5,-11
09,3,300,10,143,141,0,0,1
09,3,260,10,98,97,0,6,8
09,3,40,30,52,41,0,0,5
09,3,30,30,85,81,0,7,10
09,3,30,20,74,67,0,7,15
09,3,20,10,103,89,0,8,-5
09,3,90,10,71,63,0,4,-14
09,3,50,10,37,28,0,0,-1
09,3,20,20,48,42,0,0,12
09,3,30,10,57,48,0,1,0
09,3,20,20,101,96,0,8,1
09,3,350,20,114,99,0,8,-2
09,3,40,40,116,109,0,8,1
09,3,330,10,67,66,0,3,-9
09,3,30,30,64,60,0,0,-1
09,3,320,10,48,44,0,0,-5
09,3,170,10,41,39,0,0,1
09,3,210,20,61,61,0,5,14
09,3,220,60,99,76,0,8,7
09,3,150,40,174,98,0,0,-4
09,3,180,40,129,118,0,0,0
09,3,180,60,149,141,13,8,3
09,3,210,60,120,99,0,1,-1
09,3,240,60,127,103,0,8,-6
09,3,230,50,126,109,0,8,-17
09,3,170,30,111,98,0,1,3
09,3,160,10,117,107,0,0,-1
09,3,200,10,132,109,0,1,-11
09,3,10,40,139,120,-1,8,0
09,3,10,20,91,86,0,1,8
09,3,20,30,126,110,0,8,7
09,3,250,10,89,87,0,8,16
09,3,360,30,113,105,0,6,0
09,3,50,50,137,127,-1,8,-1
09,3,30,40,150,140,0,8,-1
09,3,20,50,116,101,0,8,1
09,3,20,20,83,76,0,0,-1
09,3,70,10,132,121,0,3,-4
09,3,990,10,113,110,0,1,0
09,3,310,20,111,106,0,7,-9
09,3,210,20,93,81,0,0,-2
09,3,230,40,126,118,0,8,-9
09,3,210,20,148,145,-1,8,0
09,3,240,10,54,53,0,0,-5
09,3,250,10,53,52,0,0,-2
09,3,0,0,58,55,0,0,-7
09,3,250,10,70,69,0,9,2
09,3,240,30,141,120,0,8,1
09,3,230,20,140,137,-1,8,2
09,3,0,0,73,69,0,0,-11
09,3,0,0,80,74,0,0,-2
09,3,0,0,92,91,0,6,2
09,3,0,0,71,68,0,4,2
09,3,350,10,78,70,0,0,-6
09,3,80,40,116,80,0,0,-4
09,3,110,50,132,90,1,8,-10
09,3,80,30,133,118,0,8,3
09,3,270,30,146,141,5,8,-2
09,3,240,50,140,137,0,8,1
09,3,160,30,154,134,0,8,-5
09,3,240,10,147,143,2,8,6
09,3,260,20,91,88,0,0,-13
09,3,230,60,155,128,0,8,1
09,3,250,40,132,123,-1,1,-12
09,3,210,20,86,81,0,1,-2
09,3,240,40,96,89,5,3,0
09,3,210,20,91,81,-1,8,-2
09,3,200,20,80,73,0,8,7
09,3,200,40,116,95,0,8,0
09,3,200,10,108,105,0,1,5
09,3,130,20,109,104,0,1,-5
09,3,160,10,122,116,0,0,-7
09,3,190,30,142,137,0,8,1
09,3,330,40,106,86,0,8,-3
09,3,230,20,83,80,0,8,5
09,3,0,0,47,43,0,2,-1
09,3,250,20,105,103,0,9,1
09,3,100,10,101,95,0,4,-22
09,3,120,20,90,73,0,3,3
09,3,10,10,114,105,0,8,-5
09,3,80,20,120,88,0,0,0
09,3,0,0,141,140,0,1,-1
09,3,200,30,195,187,0,8,-5
09,3,190,30,123,110,0,1,-1
09,3,180,40,135,94,0,7,-2
09,3,240,60,135,119,0,4,-7
09,3,250,60,129,118,7,8,0
09,3,220,30,152,149,0,8,3
09,3,130,20,174,171,0,8,3
09,3,210,20,181,168,0,7,-14
09,3,190,40,137,124,0,6,5
09,3,220,60,137,115,0,0,-2
09,3,230,40,114,88,0,4,-8
09,3,230,30,91,88,0,0,1
09,3,80,20,109,85,0,8,-2
09,3,210,40,134,122,0,1,6
09,3,180,40,113,108,0,8,0
09,3,220,10,77,75,0,8,12
09,3,190,30,111,103,0,6,12
09,3,190,30,142,116,0,8,1
09,3,220,40,118,104,0,1,7
09,3,200,20,112,105,0,8,7
09,3,20,10,73,70,0,0,-4
09,3,150,10,84,81,0,0,-5
09,3,990,10,136,128,0,0,-12
09,3,0,0,130,127,0,8,-1
09,3,10,10,94,91,0,8,-1
09,3,140,10,138,134,0,1,-6
09,3,130,20,118,113,0,0,6
09,3,250,10,61,55,0,0,20
09,3,180,30,106,82,0,8,1
09,3,180,10,133,130,0,8,6
09,3,0,0,104,99,0,2,-8
09,3,330,20,158,152,0,8,1
09,3,220,10,108,99,0,8,7
09,3,200,20,88,81,0,0,13
09,3,190,10,114,109,0,0,0
09,3,40,10,103,98,0,0,-3
09,3,200,20,145,110,0,6,-3
09,3,220,10,164,150,0,8,5
09,3,250,30,111,99,-1,8,-7
09,3,160,30,112,107,-1,8,-3
09,3,200,40,102,83,0,0,3
09,3,230,30,126,111,0,8,-1
09,3,190,30,98,92,0,0,1
09,3,220,20,107,102,0,1,15
09,3,210,30,111,97,0,1,15
09,3,220,20,66,62,0,0,-6
09,3,200,30,84,72,0,6,-17
09,3,160,10,73,59,0,3,-7
09,3,300,30,101,96,3,8,0
09,3,350,10,49,45,0,3,-4
09,3,120,30,113,107,6,8,5
09,3,200,70,133,110,1,8,-11
09,3,160,50,124,116,4,8,-4
09,3,170,40,125,106,0,8,-3
09,3,190,30,95,91,0,6,0
09,3,210,50,114,107,1,7,-2
09,3,220,20,63,52,0,8,-6
09,3,250,20,70,58,0,1,18
09,3,240,50,127,106,0,2,-8
09,3,230,20,115,109,0,1,-2
09,3,30,20,128,125,0,0,4
09,3,130,20,169,145,0,0,-11
09,3,150,20,168,142,0,0,6
09,3,170,10,160,154,0,8,0
09,3,250,10,137,134,24,8,-1
09,3,190,10,108,103,0,8,1
09,3,230,30,89,84,0,6,10
09,3,350,30,114,106,0,7,-2
09,3,280,20,129,123,0,8,1
09,3,210,20,130,124,0,8,-4
09,3,190,40,158,152,11,8,2
09,3,230,10,82,78,0,1,5
09,3,250,30,127,114,10,8,-8
09,3,210,60,83,61,-1,7,-8
09,3,300,30,114,108,2,8,-2
09,3,230,20,85,79,0,3,-5
09,3,230,30,129,122,0,6,-7
09,3,0,0,69,66,0,6,-10
09,3,210,20,136,114,0,8,1
09,3,250,20,151,139,0,8,-2
09,3,0,0,115,112,0,8,0
09,3,30,10,108,104,0,0,-8
09,3,280,20,120,117,0,6,9
09,3,30,30,49,41,0,0,-3
09,3,80,30,84,52,0,0,-1
09,3,70,50,98,58,0,0,-2
09,3,70,40,87,48,0,0,-3
09,3,270,20,84,81,0,0,2
09,3,80,10,147,132,0,8,1
09,3,60,30,143,139,0,0,-15
09,3,60,30,165,132,0,8,-9
09,3,0,0,163,156,0,8,10
09,3,250,10,147,141,0,8,4
09,3,220,10,112,108,0,7,10
09,3,320,10,101,100,0,7,5
09,3,240,10,93,85,0,8,-3
09,3,0,0,123,110,0,8,2
09,3,310,20,111,105,0,8,5
09,3,360,10,98,91,0,0,0
09,3,20,30,112,108,0,3,20
09,3,50,20,146,136,0,8,2
09,3,40,20,131,124,0,8,8
09,3,70,10,121,118,0,3,-10
09,3,100,10,129,124,0,0,-2
09,3,50,20,137,130,0,0,9
09,3,0,0,176,171,0,8,-1
09,3,290,40,167,147,22,7,-9
09,3,300,20,158,148,0,8,2
09,3,270,30,108,86,0,2,6
09,3,0,0,62,57,0,1,-8
09,3,210,30,104,76,0,8,3
09,3,260,20,99,94,0,7,4
09,3,220,40,129,109,0,8,0
09,3,170,10,130,128,0,9,3
09,3,120,10,105,102,0,8,1
09,3,170,10,137,131,0,3,2
09,3,210,20,151,145,0,7,-8
09,3,310,40,168,150,0,8,-3
09,3,210,10,85,81,0,1,9
09,3,200,10,101,100,0,3,0
09,3,220,30,85,81,0,1,14
09,3,260,20,128,123,3,8,0
09,3,270,30,101,83,-1,7,0
09,3,240,30,117,112,2,8,2
09,3,300,20,123,118,-1,8,1
09,3,50,20,109,102,0,1,-9
09,3,70,30,110,80,0,0,-6
09,3,80,30,106,86,0,0,-6
09,3,100,20,129,90,0,8,2
09,3,180,20,135,132,0,7,-9
09,3,180,20,124,121,0,8,-1
09,3,180,40,106,80,0,1,1
09,3,110,20,125,106,-1,8,-2
09,3,200,80,161,119,0,5,-4
09,3,200,20,104,100,0,4,-7
09,3,210,20,125,122,3,8,-1
09,3,260,20,78,74,0,8,-3
09,3,200,20,71,67,0,1,3
09,3,200,40,127,121,0,8,0
09,3,230,40,112,109,0,8,2
09,3,200,40,107,98,0,8,-3
09,3,230,30,106,103,0,8,-14
09,3,10,10,83,80,0,3,-15
09,3,20,10,61,58,0,0,-1
09,3,30,20,68,65,0,0,-9
09,3,50,20,79,68,0,0,-6
09,3,60,30,86,67,0,0,3
09,3,210,20,128,122,0,1,13
09,3,180,10,105,100,0,7,8
09,3,210,20,136,124,-1,8,9
09,3,210,40,167,152,-1,8,4
09,3,250,30,152,144,0,5,-8
09,3,180,10,124,121,0,0,0
09,3,140,10,131,126,0,0,0
09,3,120,20,144,131,0,0,-8
09,3,210,20,115,109,0,0,1
09,3,150,10,110,105,0,0,-6
09,3,210,10,149,124,0,7,11
09,3,130,20,163,149,0,0,-7
09,3,110,10,173,156,0,0,-2
09,3,110,10,178,156,0,0,23
09,3,60,20,174,136,0,0,11
09,3,170,30,147,141,0,4,-3
09,3,190,30,149,139,0,8,4
09,3,360,30,161,155,0,6,-4
09,3,360,20,130,111,0,4,-14
09,3,0,0,91,86,0,4,-7
09,3,60,10,138,120,0,8,7
09,3,130,10,88,79,0,0,0
09,3,210,20,120,114,0,8,0
09,3,150,30,100,91,0,3,-2
09,3,140,30,131,82,0,0,-3
09,3,200,20,83,79,0,1,-5
09,3,240,10,61,58,0,0,-1
09,3,200,40,152,83,0,2,-7
09,3,210,40,153,120,0,8,-3
09,3,220,30,128,123,0,8,2
09,3,260,10,98,98,0,2,-10
09,3,350,20,129,116,0,8,0
09,3,240,10,74,71,0,0,-3
09,3,0,0,106,94,0,6,1
09,3,190,10,163,153,0,8,-2
09,3,210,50,171,165,0,8,-1
09,3,230,30,121,106,0,8,-11
09,3,200,50,150,123,0,8,3
09,3,190,40,135,128,1,8,-2
09,3,190,20,87,83,0,0,6
09,3,200,50,138,123,-1,8,-5
09,3,230,70,125,119,8,8,-4
09,3,200,100,123,116,10,8,8
09,3,210,50,107,96,0,7,3
09,3,190,20,92,89,-1,7,1
09,3,210,10,63,60,0,1,3
09,3,180,10,68,65,0,1,-8
09,3,200,30,100,94,0,8,-5
09,3,220,40,95,94,0,7,4
09,3,230,20,104,102,0,8,0
09,3,170,20,93,84,0,0,-7
09,3,160,10,71,68,0,0,-4
09,3,0,0,58,58,0,6,-12
09,3,40,20,66,63,0,0,5
09,3,60,20,109,106,0,0,4
09,3,40,20,117,117,0,9,0
09,3,110,10,89,88,0,0,-10
09,3,130,10,145,115,0,8,-2
09,3,160,20,130,127,0,8,3
09,3,270,20,161,155,-1,8,-10
09,3,0,0,65,59,0,0,-1
09,3,350,10,83,78,0,0,-11
09,3,20,20,161,115,0,8,-2
09,3,330,10,181,177,0,8,-1
09,3,0,0,168,162,0,8,-2
09,3,240,10,167,164,0,8,-2
09,3,190,30,139,128,0,8,0
09,3,210,30,97,81,0,3,4
09,3,190,20,137,105,0,8,-4
09,3,220,30,149,136,0,8,-1
09,3,220,50,148,123,0,7,1
09,3,210,20,173,146,0,8,-4
09,3,360,20,130,123,0,8,-1
09,3,220,10,60,56,0,0,-1
09,3,200,20,105,90,0,8,8
09,3,160,10,92,86,0,7,-2
09,3,210,10,95,88,0,8,11
09,3,150,30,134,87,0,0,2
09,3,140,20,122,114,0,0,22
09,3,170,20,147,122,0,8,-3
09,3,190,70,192,126,0,8,2
09,3,220,50,114,84,-1,8,-9
09,3,90,20,108,101,0,8,-1
09,3,250,20,57,47,0,0,-1
09,3,0,0,29,26,0,1,-3
09,3,200,10,48,36,0,8,-5
09,3,180,10,68,52,0,0,7
09,3,0,0,82,77,0,5,7
09,3,0,0,27,20,0,4,-11
09,3,210,10,12,7,0,0,-2
09,3,250,30,163,144,0,8,-1
09,3,240,10,94,82,0,7,1
09,3,210,40,128,101,0,7,11
09,3,190,30,139,111,0,8,-6
09,3,230,40,118,104,0,4,2
09,3,220,20,67,59,0,8,2
09,3,240,30,133,120,0,7,-7
09,3,340,10,119,109,4,8,-6
09,3,160,10,61,58,0,0,7
09,3,230,10,52,49,0,3,0
09,3,220,20,89,83,0,7,24
09,3,220,40,167,161,0,8,2
09,3,240,40,180,150,0,8,-2
09,3,60,20,105,75,0,1,-21
09,3,200,10,65,53,0,8,6
09,3,230,20,130,124,0,8,4
09,3,270,10,96,93,0,1,-13
09,3,220,20,38,35,0,0,-8
09,3,250,10,80,70,0,8,2
09,3,10,10,43,38,0,8,-3
09,3,90,20,108,36,0,0,-5
09,3,120,20,138,45,0,5,-1
09,3,180,20,153,146,11,8,-3
09,3,150,30,143,110,0,8,2
09,3,200,30,126,121,0,8,2
09,3,190,40,143,130,0,5,3
09,3,200,40,135,126,0,8,-2
09,3,220,60,138,123,1,8,6
09,3,180,40,146,112,-1,8,4
09,3,260,70,138,110,-1,8,-6
09,3,0,0,72,68,0,1,-5
09,3,990,10,99,93,0,7,-2
09,3,190,10,119,110,0,8,10
09,3,250,40,180,174,5,8,-3
09,3,200,20,145,124,-1,8,2
09,3,170,20,88,76,0,5,-11
09,3,190,10,92,87,0,7,-7
09,3,210,30,133,116,0,7,6
09,3,180,30,174,161,0,8,0
09,3,220,10,91,88,0,0,-14
09,3,260,10,68,65,0,0,-7
09,3,210,10,82,77,0,0,0
09,3,200,20,102,97,0,8,0
09,3,140,10,112,109,0,1,-4
09,3,160,10,138,118,0,3,3
09,3,240,10,163,142,0,8,-11
09,3,20,30,106,90,0,0,-13
09,3,60,40,106,45,0,0,-6
09,3,60,30,122,57,0,0,-7
09,3,60,20,109,65,0,0,-13
09,3,310,10,68,61,0,0,-8
09,3,240,10,79,74,0,0,-4
09,3,200,30,120,98,0,7,1
09,3,220,60,119,97,0,0,-6
09,3,190,50,97,77,0,2,-11
09,3,310,50,105,93,0,8,0
09,3,350,70,144,138,4,8,6
09,3,240,20,120,104,0,8,-1
09,3,200,10,120,117,2,8,15
09,3,190,20,138,135,0,7,-1
09,3,70,15,120,96,0,0,1
09,3,140,5,124,105,0,0,0
09,3,10,15,151,126,0,0,-18
09,3,10,10,133,108,0,0,-6
09,3,350,5,117,101,0,0,7
09,3,360,10,130,93,0,2,-30
09,3,300,5,129,88,0,7,6
09,3,990,5,128,114,0,5,5
09,3,0,0,76,64,0,0,-6
09,3,0,0,74,59,0,2,2
09,3,360,21,145,122,0,6,1
09,3,360,15,46,36,0,0,-15
09,3,30,10,75,50,0,0,-10
09,3,0,0,50,35,0,0,0
09,3,240,26,136,96,0,7,0
09,3,270,5,121,110,0,0,-6
09,3,260,36,171,149,0,4,-6
09,3,230,31,108,94,0,0,2
09,3,350,10,142,122,0,8,-4
09,3,990,5,78,66,0,3,-8
09,3,70,10,75,63,0,0,0
09,3,200,26,164,118,0,7,-13
09,3,230,57,119,93,0,2,0
09,3,230,72,170,145,0,8,1
09,3,200,10,167,154,-1,8,-4
09,3,280,10,150,135,0,8,-3
09,3,300,10,115,102,0,7,-10
09,3,200,46,87,72,0,1,-2
09,3,120,36,120,104,3,8,-1
09,3,210,36,123,104,0,4,2
09,3,230,26,111,90,5,6,-7
09,3,230,46,120,101,0,8,0
09,3,220,62,144,124,0,7,2
09,3,240,46,102,86,14,8,2
09,3,270,36,107,91,10,7,-5
09,3,240,15,50,44,0,0,-2
09,3,180,31,136,93,0,4,1
09,3,220,26,80,69,0,1,-1
09,3,220,21,80,71,0,2,-2
09,3,90,5,60,54,0,0,0
09,3,140,21,125,104,0,4,1
09,3,230,31,87,73,0,1,-3
09,3,100,10,85,73,0,4,0
09,3,230,41,125,116,2,8,-1
09,3,230,31,124,116,0,7,5
09,3,230,36,149,128,0,8,-3
09,3,60,15,84,75,0,0,-2
09,3,100,15,104,90,0,3,-4
09,3,150,15,134,126,0,7,1
09,3,210,15,145,135,0,8,2
09,3,70,10,130,119,0,6,2
09,3,100,26,155,132,0,6,-9
09,3,170,21,124,106,0,1,-3
09,3,170,21,104,95,0,2,10
09,3,150,31,147,120,0,8,-1
09,3,110,15,120,106,0,4,-4
09,3,100,21,121,107,0,0,-1
09,3,90,15,125,116,0,0,-6
09,3,230,15,120,112,0,3,0
09,3,250,15,145,122,0,8,-7
09,3,300,5,88,88,0,3,-15
09,3,290,5,106,106,0,6,-9
09,3,260,31,131,131,16,8,1
09,3,330,21,106,104,0,3,-8
09,3,280,26,105,88,0,7,-4
09,3,0,0,49,48,0,0,-5
09,3,60,21,64,64,0,3,-5
09,3,110,21,146,144,-1,8,6
09,3,180,26,137,135,0,2,-5
09,3,190,36,150,142,-1,8,0
09,3,200,31,110,108,0,2,-3
09,3,0,0,90,90,0,6,-3
09,3,90,62,136,128,6,8,-1
09,3,110,36,108,106,1,8,2
09,3,220,67,128,120,0,8,-6
09,3,140,5,96,96,0,1,-1
09,3,80,15,95,95,4,8,0
09,3,360,21,60,60,0,0,-9
09,3,90,21,57,48,0,4,-11
09,3,130,10,104,93,0,2,-9
09,3,180,26,169,161,0,7,-10
09,3,990,5,130,130,-1,7,3
09,3,20,10,131,131,0,8,-2
09,3,360,26,113,111,0,2,0
09,3,360,36,106,104,1,8,2
09,3,260,41,109,106,1,8,-1
09,3,220,82,105,102,-1,8,1
09,3,160,46,96,85,-1,8,-3
09,3,0,0,61,61,0,0,-8
09,3,130,26,96,90,0,7,0
09,3,150,21,167,156,0,8,8
09,3,190,46,144,133,0,8,2
09,3,250,51,143,133,3,8,0
09,3,200,26,139,130,0,8,2
09,3,210,46,147,132,-1,8,-1
09,3,200,10,88,87,0,5,12
09,3,210,31,108,108,0,8,-3
09,3,140,15,90,90,0,2,4
09,3,190,46,107,96,0,3,0
09,3,190,41,124,108,0,5,5
09,3,230,51,95,87,0,1,-8
09,3,160,31,139,136,0,6,0
09,3,220,62,117,96,0,0,-6
09,3,70,26,88,87,0,5,-7
09,3,230,36,102,102,0,7,-2
09,3,240,51,111,108,1,8,1
09,3,250,57,91,79,2,6,1
09,3,250,26,102,94,-1,7,0
09,3,290,15,111,111,0,7,1
09,3,140,36,98,84,0,8,0
09,3,60,36,108,100,0,3,-5
09,3,30,21,92,92,0,0,9
09,3,60,31,94,82,0,6,-14
09,3,50,21,106,95,0,7,-1
09,3,90,5,104,104,0,5,-5
09,3,200,5,93,93,0,3,-5
09,3,990,5,90,90,0,4,19
09,3,260,10,127,127,0,8,0
09,3,220,31,99,96,0,7,7
09,3,210,15,123,118,0,8,0
09,3,290,21,98,92,0,1,-3
09,3,280,26,145,120,0,8,0
09,3,220,36,137,134,0,8,-3
09,3,220,31,88,82,-1,2,-7
09,3,210,21,91,90,0,0,3
09,3,180,21,112,103,0,5,-4
09,3,140,31,133,112,1,8,-4
09,3,120,62,144,120,0,6,-2
09,3,230,67,145,134,0,7,-1
09,3,200,26,133,120,0,7,0
09,3,140,31,148,143,15,8,1
09,3,190,10,99,94,0,1,-4
09,3,120,10,128,122,-1,7,-3
09,3,240,26,104,104,0,3,-2
09,3,140,10,122,103,0,7,3
09,3,110,15,100,100,0,6,5
09,3,110,21,107,102,0,4,5
09,3,60,21,114,109,0,1,-8
09,3,70,26,142,121,0,6,0
09,3,10,26,103,92,0,1,6
09,3,300,5,67,63,0,1,11
09,3,230,21,118,116,0,7,3
09,3,220,21,90,90,0,3,20
09,3,190,26,131,131,0,8,0
09,3,290,21,114,111,0,8,2
09,3,220,62,128,102,0,7,2
09,3,180,15,107,107,4,8,1
09,3,250,36,80,63,5,6,-9
09,3,230,46,57,51,0,2,-5
09,3,230,31,80,79,0,7,1
09,3,270,30,99,99,0,4,-1
09,3,320,20,87,87,0,4,-9
09,3,360,10,98,98,0,6,-9
09,3,350,20,105,102,0,0,1
09,3,360,10,109,109,0,2,-4
09,3,330,20,83,83,0,0,-4
09,3,340,10,57,57,0,0,-5
09,3,350,20,64,64,0,1,-3
09,3,280,10,73,73,0,7,11
09,3,310,20,122,122,4,8,4
09,3,270,30,101,96,0,7,1
09,3,230,50,118,118,3,8,4
09,3,270,30,77,71,-1,6,6
09,3,310,30,123,123,0,7,-2
09,3,270,20,111,108,0,7,0
09,3,360,10,58,58,0,0,-6
09,3,30,10,54,54,0,0,5
09,3,50,50,85,79,0,0,-4
09,3,60,70,96,70,0,7,-4
09,3,50,40,84,70,0,0,-12
09,3,40,40,100,65,0,8,-10
09,3,40,30,93,81,0,8,2
09,3,340,10,86,86,0,7,-1
09,3,300,10,97,97,0,8,1
09,3,100,10,68,68,0,7,-1
09,3,190,10,69,69,0,1,-3
09,3,170,40,128,122,1,8,0
09,3,240,30,98,90,0,2,1
09,3,190,50,121,97,-1,8,-2
09,3,220,70,163,160,13,8,-1
09,3,210,20,168,163,0,3,8
09,3,330,20,138,136,2,8,-1
09,3,90,10,104,104,0,1,-5
09,3,190,20,161,146,0,7,-1
09,3,230,20,159,159,0,6,3
09,3,210,20,92,92,0,0,7
09,3,210,40,129,126,11,8,0
09,3,220,30,127,125,0,2,2
09,3,250,20,137,135,0,7,-6
09,3,260,30,94,82,0,2,6
09,3,80,10,76,75,0,1,-17
09,3,230,40,155,126,0,8,0
09,3,240,60,126,115,-1,8,-27
09,3,240,40,73,66,0,1,-3
09,3,210,20,63,59,0,1,-1
09,3,200,20,69,62,0,1,19
09,3,210,20,92,86,0,3,0
09,3,60,10,113,113,0,6,2
09,3,70,30,125,112,0,7,1
09,3,20,10,51,50,0,0,-7
09,3,50,20,48,42,0,1,-6
09,3,60,10,58,51,0,0,-6
09,3,20,20,72,72,0,0,3
09,3,360,10,114,111,0,7,3
09,3,30,20,71,71,0,0,-1
09,3,30,10,83,83,0,0,-15
09,3,50,20,106,106,0,7,2
09,3,360,10,58,58,0,3,1
09,3,0,0,50,50,0,3,0
09,3,230,10,132,132,0,8,0
09,3,90,30,113,99,0,7,-2
09,3,110,40,135,133,9,8,3
09,3,130,50,170,168,-1,4,1
09,3,270,30,152,150,0,8,-3
09,3,110,30,159,151,0,,-3
09,3,190,30,152,152,2,,3
09,3,140,20,148,148,0,,0
09,3,170,20,148,146,0,,-4
09,3,180,40,151,145,0,,8
09,3,200,60,158,147,0,,2
09,3,210,50,133,121,0,,-4
09,3,300,10,117,116,7,,-3
09,3,230,40,78,74,0,,-4
09,3,270,20,35,39,0,,6
09,3,280,70,129,120,3,,0
09,3,250,50,150,139,0,7,-7
09,3,270,50,118,105,3,,0
09,3,250,20,80,80,0,,-2
09,3,200,30,141,127,0,,-1
09,3,990,10,149,148,0,,0
09,3,40,20,90,90,0,,-2
09,3,60,30,103,100,0,,-11
09,3,70,30,76,76,0,,-1
09,3,80,30,82,82,0,,8
09,3,140,10,137,123,0,,-7
09,3,110,20,129,122,0,,-1
09,3,100,20,99,99,0,,17
09,3,100,20,132,132,0,,-12
09,3,990,10,130,130,0,,1
09,3,100,40,124,122,0,,2
09,3,280,10,153,149,0,,2
09,3,990,10,118,118,0,,-3
09,3,80,20,98,85,0,,8
09,3,60,20,126,117,0,,-2
09,3,60,20,129,115,0,,-10
09,3,0,0,110,109,0,,8
09,3,210,30,151,146,0,,-15
09,3,210,20,161,151,0,,-4
09,3,990,10,148,147,0,3,-7
09,3,50,30,168,160,0,,1
09,3,90,20,147,145,0,,-10
09,3,100,20,134,117,0,,8
09,3,70,10,150,150,0,,-13
09,3,300,10,180,172,0,,0
09,3,70,10,152,152,0,,-10
09,3,200,30,107,107,0,,-8
09,3,180,30,139,131,2,,-1
09,3,190,20,107,107,0,,-2
09,3,90,30,117,110,0,,-1
09,3,130,30,185,160,1,,-20
09,3,160,30,128,117,0,,1
09,3,100,20,144,138,0,,9
09,3,160,30,155,151,0,,12
09,3,190,40,153,139,0,,-5
09,3,180,30,136,123,0,,7
09,3,190,50,161,146,-1,,-8
09,3,180,30,115,109,0,,4
09,3,190,50,149,133,0,,1
09,3,190,40,146,125,0,,-6
09,3,200,50,151,142,0,,-2
09,3,140,20,123,111,0,,5
09,3,190,40,126,116,0,,2
09,3,280,30,125,118,0,,2
09,3,300,20,121,115,1,,0
09,3,230,20,99,92,0,,-7
09,3,200,40,130,100,0,,0
09,3,280,50,144,99,0,,0
09,3,210,50,151,121,0,,2
09,3,220,50,175,165,-1,,-2
09,3,320,10,153,153,0,,3
09,3,10,10,130,130,0,,1
09,3,120,20,146,144,0,,-2
09,3,220,40,126,123,0,,6
09,3,200,10,127,124,0,,7
09,3,0,0,108,108,0,,0
09,3,210,70,144,130,0,,3
09,3,230,20,109,109,0,,12
09,3,180,20,110,110,0,,-4
09,3,120,30,119,114,0,,0
09,3,120,40,150,123,0,,0
09,3,10,20,128,128,1,,0
09,3,100,10,78,76,0,,-6
09,3,90,10,120,116,0,,-14
09,3,80,50,99,82,0,,-5
09,3,230,30,135,128,0,,-8
09,3,120,20,141,120,-1,,4
09,3,200,30,155,147,0,,2
09,3,170,40,156,115,0,,-6
09,3,150,30,166,145,-1,,-4
09,3,250,20,144,127,0,,10
09,3,290,10,136,129,0,,-12
09,3,220,30,82,75,0,,4
09,3,220,40,166,157,0,,-1
09,3,230,50,133,126,3,,-8
09,3,280,30,124,111,0,,5
09,3,190,40,126,113,3,,-2
09,3,250,30,128,119,0,,0
09,3,280,70,151,135,2,,5
09,3,270,40,91,74,8,,4
09,3,280,50,116,92,0,,-1
09,3,240,40,101,85,0,,2
09,3,280,50,131,123,15,,2
09,3,220,90,134,125,2,,2
09,3,250,20,97,93,0,,6
09,3,210,50,122,116,0,,-4
09,3,250,30,92,86,1,,1
09,3,280,30,70,62,0,,4
09,3,80,30,53,48,0,,0
09,3,180,50,101,86,0,,-4
09,3,280,20,114,109,1,,-1
09,3,280,30,118,113,0,,0
09,3,250,20,70,66,0,,-5
09,3,230,40,111,105,0,,0
09,3,40,20,110,106,0,,-2
09,3,70,10,64,60,0,,-8
09,3,180,10,70,68,0,,14
09,3,230,40,136,131,2,,8
09,3,230,40,131,124,0,,-2
09,3,100,20,89,86,0,,8
09,3,220,40,156,150,0,,-2
09,3,300,20,114,108,0,,8
09,3,20,20,95,94,0,,6
09,3,60,40,93,85,0,,6
09,3,70,10,91,90,0,,-7
09,3,0,0,139,133,0,,4
09,3,220,30,115,111,0,,13
09,3,180,30,138,123,0,,8
09,3,150,20,148,131,0,,-6
09,3,60,20,128,128,0,,3
09,3,220,10,127,111,0,,-5
09,3,260,20,139,135,4,,-1
09,3,990,10,131,129,0,,3
09,3,30,20,97,88,0,,-18
09,3,350,20,132,132,0,,3
09,3,310,20,138,126,0,,-8
09,3,990,10,68,67,0,,6
09,3,270,20,109,106,0,,7
09,3,990,10,127,125,0,,5
09,3,60,20,127,118,0,,1
09,3,340,10,128,118,0,,0
09,3,990,10,63,60,0,,16
09,3,250,30,104,101,0,,8
09,3,20,40,109,99,0,,3
09,3,40,50,72,53,0,,-5
09,3,230,30,90,86,12,,4
09,3,230,30,109,103,0,,2
09,3,280,20,107,103,0,,-6
09,3,990,10,51,50,0,,3
09,3,0,0,92,91,0,,7
09,3,70,20,49,48,0,,5
09,3,240,30,104,88,0,,11
09,3,290,20,95,81,0,,-7
09,3,0,0,66,63,0,,-4
09,3,340,10,82,79,0,,-5
09,3,80,20,91,78,0,,-7
09,3,150,10,159,143,0,,-3
09,3,220,20,115,113,0,,-10
09,3,60,10,131,125,0,,-3
09,3,260,20,84,80,0,,19
09,3,190,10,112,98,0,,-7
09,3,280,30,106,95,0,,-5
09,3,230,20,109,97,0,,0
09,3,240,10,78,76,-1,,-18
09,3,60,10,71,67,0,,-17
09,3,50,10,73,69,0,,-2
09,3,0,0,105,102,0,,-9
09,3,190,10,93,91,0,,4
09,3,200,20,122,105,0,,4
09,3,220,20,129,125,0,,1
09,3,190,20,136,108,0,,-5
09,3,210,30,130,86,0,,14
09,3,170,30,171,120,0,,-2
09,3,240,40,114,105,0,,-7
09,3,250,20,56,52,0,,0
09,3,60,10,37,35,0,,3
09,3,100,10,61,37,0,,-10
09,3,290,10,123,112,0,,-1
09,3,80,20,102,83,0,,7
09,3,280,40,115,107,0,,0
09,3,80,10,44,42,0,,2
09,3,150,10,86,83,0,,-1
09,3,70,10,95,92,0,,-4
09,3,80,10,113,104,0,,-3
09,3,160,20,163,147,0,,-13
09,3,30,10,159,155,0,,-16
09,3,50,10,152,142,0,,-21
09,3,10,30,158,150,0,,1
09,3,30,40,125,114,0,,-5
09,3,60,30,104,89,0,,-8
09,3,90,30,104,69,0,,-2
09,3,200,20,169,164,0,,5
09,3,220,80,141,122,0,,-2
09,3,200,30,133,105,0,,1
09,3,190,50,111,103,0,,-1
09,3,230,60,127,104,0,,-7
09,3,240,20,58,55,0,,2
09,3,190,20,89,62,0,,-7
09,3,180,40,130,85,0,,2
09,3,240,40,149,140,0,,-10
09,3,200,50,112,92,0,,8
09,3,260,80,124,86,2,,-10
09,3,260,60,125,71,0,,-19
09,3,240,30,123,118,10,,3
09,3,260,40,96,81,0,,-4
09,3,290,20,108,93,0,,0
09,3,280,20,107,103,0,,0
09,3,240,40,144,134,1,,2
09,3,240,40,149,141,0,,0
09,3,250,40,140,131,0,,-6
09,3,230,20,57,54,0,,-13
09,3,100,20,172,153,0,,-5
09,3,230,10,148,145,0,,1
09,3,50,30,160,158,0,,-2
09,3,80,40,113,104,0,,-11
09,3,100,20,149,130,0,,-3
09,3,110,10,111,98,0,,2
09,3,240,20,154,153,0,,-3
09,3,210,20,162,161,0,,-10
09,3,60,10,167,163,0,,-6
09,3,350,20,177,173,-1,,-7
09,3,240,20,165,163,0,,0
09,3,360,30,164,156,0,,0
09,3,0,0,83,81,0,,-11
09,3,220,30,110,105,0,,7
09,3,240,40,174,169,-1,,0
09,3,20,60,120,115,11,,-6
09,3,310,20,74,64,0,,-8
09,3,220,10,33,30,0,,0
09,3,40,10,49,47,0,,-6
09,3,0,0,46,44,0,,-4
09,3,10,10,62,60,0,,-6
09,3,70,10,64,63,0,,-8
09,3,120,10,77,74,0,,-1
09,3,240,30,139,134,-1,,5
09,3,100,10,114,111,0,,10
09,3,210,20,107,105,0,,8
09,3,190,30,131,113,0,,6
09,3,230,40,122,118,0,,-1
09,3,190,40,101,85,20,,1
09,3,220,30,86,77,0,,-5
09,3,200,20,134,129,0,,8
09,3,210,20,136,133,0,,2
09,3,230,80,173,157,0,,7
09,3,240,40,177,164,0,,-1
09,3,220,20,139,133,0,,7
09,3,180,20,177,172,0,,-6
09,3,240,20,171,171,0,,-10
09,3,290,20,105,101,0,,-6
09,3,70,20,85,81,0,,-7
09,3,70,30,91,87,0,,-7
09,3,60,10,130,129,0,,-13
09,3,70,10,137,134,0,,-17
09,3,100,10,158,149,0,,-3
09,3,100,20,163,152,0,,-4
09,3,60,30,167,131,0,,-2
09,3,30,20,169,141,0,,-13
09,3,280,20,172,171,0,,-2
09,3,280,20,162,148,0,,-1
09,3,210,30,123,115,0,,-10
09,3,210,20,81,78,0,,0
09,3,110,20,101,89,0,,-9
09,3,140,30,167,135,0,,2
09,3,100,10,155,142,0,,7
09,3,140,20,187,160,0,,-7
09,3,220,10,154,149,0,,6
09,3,220,50,158,148,0,,2
09,3,220,20,97,97,0,,5
09,3,200,20,129,117,0,,5
09,3,160,20,138,128,0,,3
09,3,200,30,152,142,0,,-9
09,3,240,30,130,126,0,1,-3
09,3,230,30,140,130,0,8,5
09,3,230,60,148,143,49,8,2
09,3,280,20,86,74,0,5,8
09,3,280,20,70,56,0,1,-21
09,3,280,10,143,142,-1,7,-1
09,3,330,10,146,138,3,8,-1
09,3,260,20,131,128,0,8,5
09,3,280,20,130,127,0,5,1
09,3,230,50,130,113,0,8,3
09,3,280,30,113,106,0,3,7
09,3,290,20,87,85,0,0,10
09,3,0,0,97,94,0,6,-8
09,3,100,10,52,50,0,0,-3
09,3,270,20,91,86,0,0,2
09,3,210,10,82,71,0,0,1
09,3,220,40,133,125,0,4,4
09,3,260,30,111,108,9,8,-6
09,3,210,20,51,41,0,2,-8
09,3,220,50,120,93,0,8,5
09,3,220,50,141,109,0,7,-11
09,3,220,20,85,77,0,1,-11
09,3,120,10,82,80,0,5,-2
09,3,180,30,141,133,0,0,-2
09,3,220,50,101,82,0,6,-10
09,3,260,20,99,97,0,8,-9
09,3,360,40,82,80,0,7,-11
09,3,350,50,117,112,22,8,3
09,3,290,20,130,127,5,8,-2
09,3,250,30,114,110,2,8,0
09,3,210,40,167,154,0,2,7
09,3,180,40,141,125,0,5,4
09,3,200,60,112,106,0,2,3
09,3,190,50,116,106,0,4,6
09,3,180,20,125,108,0,7,0
09,3,170,40,172,137,0,7,6
09,3,170,50,147,111,0,7,-6
09,3,220,60,145,130,0,8,0
09,3,80,10,79,78,0,0,5
09,3,230,20,166,160,0,8,-2
09,3,160,10,154,144,0,2,-10
09,3,0,0,163,156,0,1,-16
09,3,280,10,138,135,0,8,-3
09,3,40,30,68,47,0,0,3
09,3,50,50,94,83,0,7,-16
09,3,0,0,84,74,0,8,-5
09,3,10,10,101,91,0,8,-3
09,3,90,10,41,40,0,1,5
09,3,70,10,36,35,0,0,5
09,3,360,10,42,39,0,0,9
09,3,10,10,40,36,0,2,7
09,3,310,10,92,89,0,8,-5
09,3,360,20,111,102,-1,8,-2
09,3,50,40,115,108,0,8,0
09,3,350,10,67,67,0,6,-9
09,3,360,10,72,70,0,0,-13
09,3,20,10,58,58,0,0,-14
09,3,990,10,46,43,0,1,-18
09,3,220,20,65,64,0,4,27
09,3,220,70,99,78,0,8,3
09,3,140,30,168,99,0,0,-3
09,3,190,40,132,118,0,0,-4
09,3,170,60,145,137,7,8,4
09,3,220,70,117,98,0,1,1
09,3,240,50,135,113,0,8,-13
09,3,230,40,132,111,0,8,-2
09,3,190,30,116,101,0,4,6
09,3,170,10,116,109,0,0,-6
09,3,210,20,135,111,0,0,-1
09,3,360,20,134,122,-1,8,1
09,3,350,20,91,89,0,0,13
09,3,30,20,134,115,0,8,-9
09,3,280,20,113,109,0,7,4
09,3,350,20,113,106,0,6,8
09,3,50,50,137,129,-1,8,1
09,3,20,20,149,142,0,8,-1
09,3,30,30,110,99,0,2,-5
09,3,10,20,81,76,0,0,-9
09,3,70,20,120,118,0,3,0
09,3,280,10,120,118,0,0,-10
09,3,330,20,113,110,0,8,-6
09,3,210,20,84,77,0,0,3
09,3,230,40,126,121,0,8,3
09,3,210,20,144,142,13,8,2
09,3,250,10,59,59,0,1,-6
09,3,20,10,60,60,0,9,-12
09,3,0,0,57,54,0,0,-4
09,3,220,10,67,67,0,9,11
09,3,240,30,141,126,0,8,2
09,3,260,30,145,144,0,8,-2
09,3,10,10,69,66,0,0,-3
09,3,10,10,82,79,0,0,-4
09,3,10,10,98,94,0,0,11
09,3,340,20,88,84,0,0,3
09,3,40,10,70,67,0,0,-6
09,3,80,40,89,80,0,0,-7
09,3,90,50,124,84,1,8,-4
09,3,80,50,126,114,0,8,4
09,3,280,30,143,135,-1,8,1
09,3,220,30,130,129,0,8,6
09,3,180,30,151,134,0,8,1
09,3,210,20,147,143,-1,8,-3
09,3,250,20,87,84,0,0,-2
09,3,230,80,152,128,0,8,0
09,3,250,40,132,125,0,4,-7
09,3,230,30,71,67,0,0,-4
09,3,240,40,100,95,0,7,-10
09,3,230,30,88,81,0,8,1
09,3,210,20,59,55,0,6,19
09,3,200,40,112,94,0,8,0
09,3,240,20,115,113,0,7,11
09,3,100,20,94,92,0,9,0
09,3,160,10,122,117,0,0,-2
09,3,210,10,139,136,0,8,7
09,3,340,20,103,73,1,5,0
09,3,190,20,82,79,0,8,2
09,3,0,0,40,38,0,6,23
09,3,280,20,107,105,0,9,1
09,3,60,20,78,78,0,9,-12
09,3,100,30,75,68,0,5,3
09,3,20,20,99,94,0,7,-11
09,3,70,30,92,77,0,0,2
09,3,0,0,138,137,0,2,-2
09,3,170,30,191,187,0,8,2
09,3,210,40,122,109,0,0,1
09,3,200,50,138,95,0,5,-4
09,3,240,80,134,116,0,2,-3
09,3,240,70,129,117,-1,8,-3
09,3,220,30,151,145,0,8,1
09,3,150,20,174,171,0,8,0
09,3,250,20,178,171,0,8,-7
09,3,200,50,139,120,0,8,-1
09,3,230,60,133,114,0,2,-1
09,3,240,40,111,89,0,1,-10
09,3,230,30,89,86,0,1,15
09,3,50,20,83,77,0,7,-7
09,3,230,40,132,123,0,6,4
09,3,170,50,111,106,0,8,3
09,3,230,10,74,73,0,9,7
09,3,200,30,107,100,0,1,9
09,3,190,40,136,113,0,4,0
09,3,230,50,114,103,0,1,8
09,3,210,20,96,92,0,7,17
09,3,50,10,71,68,0,0,8
09,3,0,0,74,71,0,1,3
09,3,100,10,128,123,0,1,-3
09,3,0,0,126,125,0,9,-4
09,3,40,10,100,100,0,9,-1
09,3,80,10,134,131,0,0,-21
09,3,90,10,110,107,0,1,-4
09,3,280,10,83,76,0,0,-8
09,3,200,10,98,80,0,8,2
09,3,230,10,148,138,0,8,-10
09,3,170,10,100,97,0,0,-2
09,3,340,20,164,150,0,8,-2
09,3,310,10,127,104,0,8,-1
09,3,220,30,91,83,0,0,1
09,3,220,10,125,122,0,0,-10
09,3,70,10,119,116,0,0,1
09,3,210,20,141,110,0,7,-5
09,3,220,20,167,150,-1,8,4
09,3,200,20,110,103,3,8,0
09,3,160,30,106,100,-1,6,4
09,3,200,40,101,80,0,0,-2
09,3,240,20,106,102,0,7,7
09,3,210,20,92,84,0,0,-8
09,3,230,30,123,113,0,7,5
09,3,230,30,105,92,0,1,22
09,3,210,30,71,67,0,5,5
09,3,220,20,49,46,0,6,0
09,3,210,10,71,57,0,2,-2
09,3,290,20,99,91,-1,8,-4
09,3,0,0,45,41,0,2,-7
09,3,110,40,103,97,11,8,5
09,3,190,70,139,108,-1,8,-11
09,3,140,50,122,112,3,8,-1
09,3,180,40,120,102,0,8,-2
09,3,200,40,89,84,0,2,7
09,3,210,40,112,102,-1,7,1
09,3,220,30,59,49,0,0,-8
09,3,270,20,82,67,0,6,5
09,3,250,40,137,112,0,7,-16
09,3,240,20,124,118,0,0,1
09,3,20,10,128,125,0,7,-2
09,3,100,20,145,136,0,0,-9
09,3,120,20,178,140,0,0,4
09,3,0,0,157,151,-1,8,6
09,3,990,10,135,132,19,8,-2
09,3,990,10,112,104,1,8,-1
09,3,260,30,103,98,0,8,0
09,3,350,20,111,104,0,7,-2
09,3,290,20,131,126,0,8,1
09,3,240,20,124,119,0,8,1
09,3,190,40,155,150,10,8,2
09,3,250,20,79,75,0,7,5
09,3,260,30,122,112,8,8,-9
09,3,220,60,81,64,0,5,-8
09,3,320,20,109,104,-1,8,-5
09,3,240,40,93,87,1,4,1
09,3,240,40,131,125,0,8,0
09,3,230,20,78,76,0,1,-17
09,3,220,20,130,113,0,8,2
09,3,260,20,150,140,0,8,-16
09,3,0,0,121,118,0,6,-11
09,3,50,10,105,101,0,0,2
09,3,280,20,131,125,0,8,5
09,3,30,20,55,49,0,6,-11
09,3,80,20,47,36,0,0,-3
09,3,70,60,88,60,0,0,-7
09,3,70,30,64,46,0,0,-5
09,3,280,20,112,109,0,1,-11
09,3,80,10,135,130,0,8,-4
09,3,50,30,126,123,0,0,5
09,3,60,30,148,129,0,8,-18
09,3,80,20,155,150,0,8,3
09,3,60,10,143,140,0,8,7
09,3,250,20,119,116,0,0,16
09,3,340,10,119,116,0,8,8
09,3,250,10,93,90,0,3,-4
09,3,310,20,131,117,0,8,-1
09,3,300,10,122,116,0,8,-1
09,3,350,10,83,81,0,0,-4
09,3,300,10,99,96,0,8,24
09,3,10,20,138,135,0,8,5
09,3,40,20,130,127,0,8,-1
09,3,60,10,120,118,0,7,8
09,3,90,10,126,123,0,0,4
09,3,50,20,135,132,0,0,-3
09,3,30,10,164,161,0,8,3
09,3,360,10,137,136,0,9,0
09,3,310,10,158,153,0,8,0
09,3,270,30,124,95,0,8,-1
09,3,240,20,56,51,0,2,5
09,3,220,20,100,79,0,8,6
09,3,260,30,103,98,0,5,10
09,3,220,40,135,116,0,8,0
09,3,310,10,138,137,0,8,-9
09,3,70,10,98,95,0,0,-4
09,3,210,20,141,135,0,8,-1
09,3,220,20,154,151,0,8,0
09,3,310,20,165,153,-1,8,-1
09,3,240,10,83,78,0,0,-6
09,3,220,10,100,99,0,5,-14
09,3,220,40,97,87,0,2,5
09,3,260,20,125,121,0,7,2
09,3,260,30,93,70,0,4,4
09,3,260,30,121,110,-1,8,1
09,3,330,10,126,121,2,8,-6
09,3,350,10,78,75,0,0,0
09,3,60,30,83,71,0,0,-1
09,3,60,20,86,75,0,0,-9
09,3,100,30,112,92,0,8,4
09,3,220,20,143,135,0,8,0
09,3,170,20,127,122,0,7,-4
09,3,180,30,96,72,0,0,7
09,3,110,30,122,99,-1,8,0
09,3,200,70,161,116,0,7,-1
09,3,210,20,98,91,0,3,1
09,3,210,20,129,119,0,8,1
09,3,270,20,89,86,0,8,6
09,3,210,20,74,68,0,1,-2
09,3,200,50,124,115,-1,8,2
09,3,230,30,107,104,0,8,3
09,3,210,30,102,93,0,4,2
09,3,240,30,112,108,0,8,0
09,3,990,10,82,79,0,8,-2
09,3,10,20,65,64,0,0,1
09,3,360,20,71,68,0,0,-3
09,3,30,20,66,59,0,0,-6
09,3,60,40,77,62,0,0,-3
09,3,220,30,123,116,0,7,7
09,3,0,0,102,97,0,6,2
09,3,220,20,133,120,0,7,7
09,3,210,40,172,153,1,7,2
09,3,240,30,130,125,0,0,5
09,3,0,0,108,105,0,5,-1
09,3,100,20,125,121,0,0,4
09,3,60,20,133,123,0,0,-5
09,3,220,30,122,114,0,1,-5
09,3,80,10,101,96,0,1,4
09,3,220,20,142,119,0,7,14
09,3,70,10,150,147,0,0,-5
09,3,50,20,166,157,0,0,0
09,3,50,20,171,155,0,0,-4
09,3,60,20,171,133,0,0,-5
09,3,190,30,150,144,0,8,2
09,3,150,20,135,121,0,0,-18
09,3,10,20,151,144,0,4,2
09,3,360,20,124,111,0,1,-7
09,3,990,10,85,81,0,7,-7
09,3,70,30,131,103,0,8,-3
09,3,60,10,82,78,0,0,-3
09,3,230,20,120,112,0,7,4
09,3,150,30,115,84,0,3,-2
09,3,140,40,133,84,0,0,-3
09,3,230,30,80,76,0,0,8
09,3,0,0,71,70,0,7,-11
09,3,210,50,163,93,0,7,-16
09,3,210,60,157,118,0,8,0
09,3,210,40,131,122,0,8,-3
09,3,210,10,115,111,0,7,-1
09,3,10,10,115,110,0,8,4
09,3,0,0,76,72,0,2,-5
09,3,80,10,91,87,0,8,8
09,3,170,30,165,151,0,8,0
09,3,220,40,169,161,0,8,-1
09,3,220,30,113,105,0,8,-3
09,3,210,70,151,124,-1,8,-6
09,3,190,40,137,130,4,8,-2
09,3,200,20,87,82,0,0,-6
09,3,210,60,137,125,-1,8,-1
09,3,230,60,120,113,-1,7,2
09,3,200,90,121,114,9,8,6
09,3,220,60,108,96,0,3,0
09,3,220,30,98,93,0,8,-8
09,3,230,30,85,77,0,8,3
09,3,50,10,68,65,0,8,-5
09,3,220,30,90,81,0,8,13
09,3,210,20,96,93,0,8,1
09,3,230,20,98,95,0,8,7
09,3,190,20,93,83,0,2,-2
09,3,0,0,69,69,0,6,-3
09,3,0,0,68,68,0,6,-13
09,3,360,10,62,59,0,0,-4
09,3,30,20,91,91,0,1,1
09,3,30,10,104,103,0,9,-2
09,3,50,20,94,91,0,7,-1
09,3,90,20,134,120,0,8,6
09,3,160,10,137,134,0,6,11
09,3,990,10,155,152,0,8,1
09,3,20,10,80,76,0,0,-8
09,3,350,10,91,86,0,0,-3
09,3,30,20,163,120,0,8,-2
09,3,290,10,178,177,0,9,0
09,3,350,10,185,180,0,8,-8
09,3,80,10,170,168,0,8,-7
09,3,220,20,134,128,0,8,0
09,3,230,40,90,76,0,3,6
09,3,190,20,140,107,-1,8,-5
09,3,230,30,152,136,0,8,-1
09,3,220,50,148,126,0,8,8
09,3,230,40,179,160,0,8,-1
09,3,10,20,128,112,0,8,-1
09,3,0,0,61,57,0,1,1
09,3,230,40,128,104,0,8,-13
09,3,140,10,86,83,0,7,0
09,3,220,20,98,83,0,8,11
09,3,130,10,133,82,0,0,-5
09,3,990,10,130,120,0,1,16
09,3,180,30,155,126,0,8,-2
09,3,200,70,198,129,0,8,0
09,3,230,50,104,85,0,8,-3
09,3,100,20,104,101,-1,8,1
09,3,250,30,66,54,0,0,-10
09,3,250,10,46,42,0,0,-11
09,3,190,10,53,32,0,8,7
09,3,180,10,79,53,0,0,-10
09,3,300,10,78,76,0,6,18
09,3,350,10,32,28,0,7,-6
09,3,0,0,19,15,0,3,-7
09,3,260,30,168,149,0,8,1
09,3,240,20,104,83,0,7,-7
09,3,220,30,137,99,0,8,7
09,3,190,30,141,114,0,8,4
09,3,230,50,121,106,-1,4,9
09,3,230,30,66,59,0,8,-2
09,3,240,30,125,113,0,4,-16
09,3,280,10,120,105,0,8,-2
09,3,240,20,76,75,0,0,-4
09,3,10,10,51,47,0,0,-4
09,3,220,20,94,86,0,8,6
09,3,230,40,164,164,0,8,2
09,3,240,40,178,153,0,8,-3
09,3,70,10,83,72,0,0,-5
09,3,230,20,82,68,0,8,8
09,3,210,10,132,127,0,8,3
09,3,260,20,99,96,0,8,0
09,3,280,10,51,38,0,0,-12
09,3,990,10,88,76,0,8,-1
09,3,0,0,47,43,0,8,-5
09,3,80,30,61,35,0,0,1
09,3,90,30,99,55,0,0,7
09,3,210,40,157,148,5,8,-4
09,3,150,30,138,110,0,8,2
09,3,200,20,123,119,0,7,7
09,3,200,40,148,133,0,7,-5
09,3,200,40,138,129,0,8,-10
09,3,220,70,142,118,0,7,-3
09,3,180,40,137,114,1,8,9
09,3,260,70,140,113,-1,8,-1
09,3,340,10,86,80,0,0,-6
09,3,280,20,112,106,0,1,-9
09,3,210,10,122,109,0,8,9
09,3,260,30,168,157,2,8,-1
09,3,210,30,146,122,0,8,-2
09,3,230,20,102,88,-1,7,-5
09,3,230,20,95,91,0,2,-14
09,3,220,30,137,115,0,8,5
09,3,200,30,174,157,0,8,-1
09,3,260,10,102,101,0,1,-15
09,3,0,0,69,66,0,0,-4
09,3,230,20,86,83,0,0,4
09,3,200,10,113,109,0,8,-1
09,3,10,10,111,106,0,0,-6
09,3,90,10,136,123,0,0,7
09,3,250,20,162,146,0,7,-9
09,3,350,20,103,91,0,3,-5
09,3,50,20,76,38,0,1,1
09,3,60,40,97,50,0,0,-4
09,3,40,20,102,52,0,0,-15
09,3,20,10,83,69,0,0,-8
09,3,220,10,95,92,0,0,-12
09,3,230,30,116,93,0,7,-7
09,3,220,60,122,93,0,0,-3
09,3,200,60,108,79,0,8,-14
09,3,320,40,102,92,1,8,0
09,3,360,50,145,136,1,8,5
09,3,220,20,121,105,0,8,-1
09,3,180,20,116,108,1,8,0
09,3,200,20,143,136,-1,8,-8
