10,24,240,87,105,77,0,4,-2
10,24,190,31,76,72,0,0,-1
10,24,200,51,127,97,0,8,-4
10,24,0,0,101,101,0,6,-4
10,24,210,10,137,128,0,8,-1
10,24,10,26,98,87,0,4,-1
10,24,110,10,117,117,0,8,-3
10,24,100,15,136,123,0,7,-7
10,24,100,26,121,107,0,3,-12
10,24,80,31,129,110,0,2,-1
10,24,110,41,124,98,0,6,-9
10,24,990,15,113,113,-1,8,-1
10,24,170,26,97,88,0,3,-3
10,24,190,26,119,106,0,4,3
10,24,190,31,110,105,0,3,1
10,24,220,129,133,122,2,8,4
10,24,220,113,65,37,0,1,7
10,24,230,46,46,29,0,7,4
10,24,280,36,57,48,0,7,-4
10,24,240,10,33,33,0,1,-9
10,24,210,21,45,41,0,7,1
10,24,220,21,56,56,0,7,7
10,24,990,15,79,79,0,7,0
10,24,250,15,92,92,0,8,-1
10,24,80,36,89,81,0,7,-13
10,24,80,31,20,-6,0,0,2
10,24,90,31,71,30,0,7,0
10,24,110,15,48,47,0,1,-3
10,24,180,41,40,5,0,0,-6
10,24,170,36,66,51,0,7,1
10,24,190,41,81,54,0,7,-10
10,24,200,15,94,89,0,6,7
10,24,120,21,109,97,0,8,-3
10,24,40,57,113,89,0,7,-7
10,24,40,62,108,82,0,7,-2
10,24,30,67,76,73,0,8,2
10,24,20,57,105,105,2,8,-1
10,24,30,36,110,108,-1,8,-1
10,24,280,15,104,82,0,8,-1
10,24,330,21,64,54,0,2,-6
10,24,60,26,44,34,0,0,-11
10,24,350,15,94,86,0,8,-1
10,24,70,31,21,-15,0,0,-3
10,24,170,15,8,-14,0,0,-1
10,24,220,98,84,65,3,8,-3
10,24,220,62,39,24,0,6,-1
10,24,200,41,20,10,0,0,-11
10,24,200,51,23,10,0,1,1
10,24,200,77,79,28,0,8,-4
10,24,180,41,42,5,0,2,-4
10,24,200,21,81,62,0,7,-2
10,24,240,41,51,47,0,8,1
10,24,200,57,58,48,0,7,6
10,24,230,41,50,41,0,7,-1
10,24,200,36,36,32,9,3,10
10,24,250,82,86,64,-1,7,-2
10,24,190,31,48,33,0,7,-4
10,24,260,62,69,58,10,8,-3
10,24,200,98,69,46,-1,7,2
10,24,210,36,27,24,0,2,8
10,24,60,15,23,23,0,9,3
10,24,180,21,19,19,0,9,-5
10,24,170,46,117,94,0,5,-1
10,24,280,15,97,97,0,6,-3
10,24,210,57,109,98,0,5,7
10,24,180,41,108,97,0,2,6
10,24,180,41,143,138,5,8,-6
10,24,190,67,121,102,0,3,-6
10,24,120,31,111,102,0,7,10
10,24,220,41,117,117,0,8,-13
10,24,200,46,86,82,0,2,-3
10,24,170,26,131,123,-1,6,15
10,24,140,46,164,153,-1,8,0
10,24,200,57,130,112,0,5,2
10,24,990,10,126,121,4,8,-1
10,24,30,67,64,64,5,8,-2
10,24,230,31,70,63,0,7,-2
10,24,60,26,36,36,0,6,2
10,24,50,31,23,14,0,0,3
10,24,50,26,7,-6,0,5,2
10,24,230,21,55,54,0,8,1
10,24,230,46,51,38,0,8,-2
10,24,0,0,24,23,0,5,20
10,24,30,72,57,43,0,8,-2
10,24,30,82,54,50,-1,8,1
10,24,40,26,41,25,0,7,4
10,24,360,26,77,73,0,8,-2
10,24,40,31,86,86,-1,8,-1
10,24,50,31,58,49,0,2,-4
10,24,60,26,37,37,0,0,-5
10,24,80,26,27,26,0,0,0
10,24,40,10,7,7,0,0,-4
10,24,70,31,30,30,0,7,4
10,24,60,21,128,124,0,8,0
10,24,220,72,138,109,0,8,-2
10,24,300,26,48,44,0,3,-5
10,24,240,51,52,43,-1,7,1
10,24,210,21,47,41,0,6,3
10,24,190,15,70,45,0,7,1
10,24,130,21,33,17,0,4,9
10,24,200,21,68,48,0,7,-3
10,24,170,15,61,24,0,0,-8
10,24,100,36,86,48,0,1,-12
10,24,200,10,77,62,0,2,-1
10,24,60,26,64,63,0,0,7
10,24,990,10,85,61,0,0,-8
10,24,200,26,84,65,0,0,5
10,24,30,31,104,104,0,0,-7
10,24,50,46,73,22,0,7,0
10,24,60,36,13,-8,0,1,0
10,24,90,51,45,-7,0,2,-4
10,24,80,51,62,10,0,7,-8
10,24,140,15,77,53,0,7,-4
10,24,170,41,101,83,0,2,3
10,24,200,62,144,118,0,6,2
10,24,210,51,92,79,0,1,-1
10,24,200,46,99,85,0,5,-3
10,24,220,77,88,61,0,6,-7
10,24,210,67,71,52,0,4,3
10,24,220,51,69,59,0,0,-9
10,24,200,51,57,48,0,0,-2
10,24,210,87,110,104,16,8,8
10,24,230,118,149,124,-1,8,1
10,24,240,108,120,82,0,3,-2
10,24,230,57,124,117,0,5,-4
10,24,170,26,125,117,0,6,4
10,24,170,46,161,144,0,6,1
10,24,190,67,158,149,15,8,-5
10,24,190,26,104,98,0,0,-2
10,24,190,57,136,105,0,7,3
10,24,200,41,155,133,0,2,-7
10,24,170,31,146,127,0,4,-11
10,24,200,31,149,142,0,2,-10
10,24,110,21,144,143,0,3,-1
10,24,990,10,153,153,0,8,3
10,24,200,31,141,139,0,5,-8
10,24,160,15,115,111,0,1,-7
10,24,120,26,150,136,0,7,-2
10,24,990,5,156,150,0,7,-4
10,24,130,21,109,106,0,6,-6
10,24,210,41,151,145,1,8,4
10,24,190,26,130,125,0,7,2
10,24,220,62,105,84,0,6,1
10,24,10,21,82,72,0,3,-11
10,24,100,21,41,28,0,1,1
10,24,190,26,57,44,0,2,-6
10,24,180,46,138,100,0,2,3
10,24,180,72,150,81,0,1,-1
10,24,170,36,97,81,0,0,-4
10,24,190,57,165,130,0,7,1
10,24,240,21,125,117,0,7,-1
10,24,40,41,100,94,0,8,1
10,24,330,15,67,66,0,1,-2
10,24,190,10,39,39,0,3,13
10,24,220,62,53,53,0,9,7
10,24,220,40,85,84,0,1,-11
10,24,210,30,77,76,0,1,-4
10,24,210,80,129,96,0,7,-2
10,24,200,40,82,69,0,0,1
10,24,990,10,64,64,0,0,-2
10,24,0,0,52,47,0,0,-8
10,24,140,10,72,68,0,0,-3
10,24,190,20,64,58,0,4,1
10,24,220,10,115,109,0,8,-1
10,24,0,0,105,105,0,7,-1
10,24,160,20,86,81,0,6,0
10,24,180,40,112,97,0,1,0
10,24,150,50,153,97,0,4,6
10,24,170,20,112,82,0,2,-7
10,24,990,10,111,91,0,7,-3
10,24,190,30,65,56,0,2,4
10,24,190,20,59,55,0,1,3
10,24,200,50,97,88,0,7,4
10,24,220,40,112,96,0,7,-5
10,24,210,70,119,119,27,8,10
10,24,250,20,90,86,0,3,-26
10,24,130,20,66,60,0,2,3
10,24,90,30,64,46,0,3,-4
10,24,90,40,75,47,0,4,-6
10,24,180,40,114,106,0,0,4
10,24,190,30,82,65,0,5,-6
10,24,220,90,130,117,2,8,3
10,24,210,110,129,70,0,6,0
10,24,250,50,70,40,0,2,-2
10,24,230,70,83,57,0,8,1
10,24,210,90,106,104,8,8,8
10,24,270,40,171,155,0,7,-8
10,24,280,20,106,76,0,7,-1
10,24,200,30,107,83,0,8,-14
10,24,210,40,99,86,0,2,13
10,24,120,20,85,76,0,1,-6
10,24,200,60,198,149,0,8,-21
10,24,190,40,132,108,0,7,-7
10,24,220,110,173,157,-1,8,-7
10,24,210,80,171,140,0,8,-9
10,24,230,70,117,83,0,7,1
10,24,60,30,96,96,2,8,-2
10,24,270,30,86,82,-1,7,-2
10,24,290,30,69,63,4,6,-6
10,24,240,60,66,61,5,8,-4
10,24,70,30,75,65,0,7,-14
10,24,180,40,97,79,0,7,1
10,24,140,30,100,75,0,3,-9
10,24,160,40,119,106,0,0,-6
10,24,200,10,120,113,0,3,-7
10,24,50,50,39,20,0,5,-5
10,24,100,20,12,-12,0,0,1
10,24,70,20,15,8,0,0,-5
10,24,310,20,71,57,0,6,-6
10,24,270,20,55,39,0,7,-2
10,24,240,30,70,56,0,8,-5
10,24,10,10,81,75,-1,8,-3
10,24,60,40,-11,-50,0,0,-2
10,24,100,20,-12,-52,0,0,-12
10,24,70,20,-9,-45,0,3,11
10,24,40,30,13,1,0,0,-2
10,24,30,20,3,-1,0,0,-2
10,24,40,40,104,101,0,8,-2
10,24,40,30,43,31,0,8,1
10,24,80,20,53,48,0,8,1
10,24,70,20,73,71,0,8,-1
10,24,60,40,96,94,0,8,-1
10,24,50,20,57,57,7,8,2
10,24,270,20,73,73,5,8,1
10,24,990,10,66,65,0,1,-14
10,24,230,90,96,75,-1,8,0
10,24,230,40,101,91,0,6,-1
10,24,240,50,98,87,0,3,-7
10,24,230,30,79,73,0,7,5
10,24,210,70,116,108,-1,8,0
10,24,190,20,94,94,0,0,-1
10,24,200,30,60,56,0,0,8
10,24,210,70,150,127,0,8,0
10,24,230,90,104,72,0,7,-2
10,24,170,10,29,14,0,5,-2
10,24,200,30,38,35,0,4,6
10,24,200,60,90,68,0,8,-1
10,24,210,70,126,102,-1,8,-3
10,24,200,80,142,101,0,6,-1
10,24,240,60,123,110,0,7,-4
10,24,220,120,126,99,0,6,1
10,24,230,70,70,45,0,1,-2
10,24,220,50,61,49,0,3,-9
10,24,220,130,122,115,25,8,6
10,24,240,80,110,76,0,8,-3
10,24,230,90,74,44,0,5,-5
10,24,230,60,51,32,0,7,-1
10,24,210,70,104,101,47,8,5
10,24,200,80,138,110,0,2,5
10,24,210,70,97,85,0,5,-4
10,24,200,50,91,75,0,5,8
10,24,270,30,86,83,2,8,-1
10,24,230,30,68,54,0,0,-22
10,24,260,20,92,81,0,7,-1
10,24,220,70,113,64,-1,8,-6
10,24,240,60,135,128,0,8,0
10,24,250,40,140,136,2,8,0
10,24,220,50,144,136,-1,8,0
10,24,340,10,101,80,0,7,-16
10,24,0,0,65,58,0,0,1
10,24,200,10,58,51,0,0,-6
10,24,50,10,110,99,0,8,-1
10,24,80,40,73,66,0,0,-2
10,24,100,30,50,22,0,1,-6
10,24,80,60,37,11,0,0,-5
10,24,70,50,29,7,0,0,-6
10,24,70,60,29,-5,0,3,-1
10,24,60,50,62,8,0,7,0
10,24,160,40,104,82,0,5,10
10,24,200,30,130,120,3,7,-2
10,24,170,40,110,88,0,1,-2
10,24,190,60,113,85,0,6,-3
10,24,200,50,131,103,0,4,-6
10,24,220,40,113,103,0,7,-4
10,24,190,30,78,58,0,0,-8
10,24,170,20,83,83,0,4,-3
10,24,80,20,98,81,0,5,2
10,24,250,80,132,110,8,8,-12
10,24,170,30,84,66,0,0,-1
10,24,170,30,115,102,0,6,8
10,24,220,50,125,111,-1,7,-2
10,24,170,20,103,89,0,2,-4
10,24,200,20,127,112,0,7,2
10,24,240,40,88,76,0,3,-6
10,24,190,30,62,54,0,5,-7
10,24,160,30,65,43,0,3,7
10,24,260,20,104,97,0,8,-1
10,24,160,60,93,70,5,8,-2
10,24,160,80,97,58,-1,8,-2
10,24,180,50,100,70,0,5,-1
10,24,160,30,107,75,0,8,9
10,24,190,30,60,50,0,1,0
10,24,20,30,92,86,0,7,-2
10,24,990,10,112,110,0,9,0
10,24,210,60,110,94,-1,8,0
10,24,170,20,54,41,0,3,7
10,24,170,50,112,95,4,8,-2
10,24,100,20,83,75,0,3,-7
10,24,160,30,130,110,0,7,17
10,24,160,20,126,109,0,6,0
10,24,170,30,123,97,0,0,5
10,24,250,40,130,106,-1,6,-1
10,24,210,70,107,71,0,7,-6
10,24,230,70,114,96,0,7,1
10,24,240,50,89,68,0,2,2
10,24,210,50,110,100,6,8,-2
10,24,210,90,125,106,8,8,-8
10,24,210,140,119,71,0,8,0
10,24,200,70,75,48,0,7,-1
10,24,200,60,80,62,0,7,-4
10,24,230,60,167,142,0,7,-2
10,24,200,30,136,128,0,2,10
10,24,230,40,130,113,0,6,-9
10,24,200,40,111,93,0,7,2
10,24,160,30,123,107,0,2,17
10,24,180,20,143,133,0,8,5
10,24,210,90,174,113,-1,8,-25
10,24,200,70,131,99,0,0,1
10,24,230,50,129,105,0,7,-9
10,24,220,50,120,105,0,6,-10
10,24,180,30,123,105,0,1,-12
10,24,180,40,149,110,0,1,4
10,24,190,10,146,123,0,0,-1
10,24,200,40,154,137,0,2,-1
10,24,220,60,154,119,0,1,-9
10,24,90,20,103,90,0,3,-8
10,24,120,30,106,99,0,1,10
10,24,200,20,151,148,0,8,-6
10,24,80,30,130,109,0,2,-3
10,24,90,30,138,111,0,6,-3
10,24,210,60,132,113,0,7,1
10,24,160,30,108,96,0,4,-11
10,24,200,30,103,100,0,4,2
10,24,200,40,119,109,0,8,3
10,24,200,40,115,106,0,2,0
10,24,200,60,131,106,0,7,6
10,24,200,30,98,91,0,7,4
10,24,210,20,83,83,0,2,12
10,24,230,70,131,108,0,7,-3
10,24,210,70,163,109,0,0,4
10,24,240,30,72,58,0,4,-3
10,24,180,20,115,95,0,6,-5
10,24,200,30,154,133,0,8,1
10,24,320,20,133,125,0,7,-6
10,24,230,30,94,84,0,1,-2
10,24,250,40,129,122,0,7,-4
10,24,990,10,59,51,0,0,-17
10,24,350,20,94,90,0,8,-9
10,24,80,50,42,14,0,1,-3
10,24,70,50,86,57,0,2,-5
10,24,60,40,55,36,0,2,-8
10,24,90,30,80,38,0,8,-1
10,24,340,20,79,72,0,8,-2
10,24,120,40,103,71,0,8,2
10,24,230,40,106,98,0,8,0
10,24,210,80,135,102,0,4,-2
10,24,240,40,103,89,0,8,-1
10,24,220,40,61,45,0,1,-3
10,24,250,50,63,57,0,8,-2
10,24,200,40,24,11,0,2,2
10,24,90,50,67,35,0,7,3
10,24,190,40,131,118,0,8,-1
10,24,230,90,136,124,5,8,1
10,24,220,60,70,38,0,2,-6
10,24,190,50,100,68,0,8,4
10,24,240,150,119,63,0,6,-2
10,24,190,50,109,75,0,7,4
10,24,250,70,94,45,0,6,-4
10,24,190,30,61,43,0,6,0
10,24,220,60,109,71,0,8,-2
10,24,40,20,91,89,3,8,2
10,24,990,10,47,46,0,6,6
10,24,200,10,128,127,0,8,1
10,24,140,20,146,138,0,8,-7
10,24,270,90,132,132,9,8,-12
10,24,320,30,76,56,6,8,-3
10,24,220,50,64,38,0,0,-12
10,24,230,90,105,75,0,8,-3
10,24,240,60,79,52,-1,8,1
10,24,270,30,112,103,0,7,-3
10,24,220,70,126,98,0,8,-1
10,24,230,60,135,132,11,8,-1
10,24,990,10,76,54,0,0,-11
10,24,60,40,67,46,0,0,-8
10,24,70,50,77,42,0,8,-2
10,24,80,60,50,9,0,0,-6
10,24,60,40,44,21,0,0,-7
10,24,60,40,39,8,0,0,-3
10,24,70,30,32,3,0,0,-4
10,24,20,20,23,-4,0,0,-18
10,24,50,30,30,13,0,5,-10
10,24,40,30,48,39,0,5,2
10,24,160,20,32,26,0,8,2
10,24,70,50,30,12,0,3,-4
10,24,20,40,-11,-24,0,0,-3
10,24,200,40,32,20,0,8,-9
10,24,220,80,61,36,-1,8,-3
10,24,360,40,42,38,1,8,-2
10,24,80,10,-6,-10,0,0,1
10,24,190,30,7,-17,0,5,-5
10,24,190,20,57,43,-1,8,4
10,24,110,40,47,28,-1,8,2
10,24,240,40,73,71,1,8,0
10,24,200,40,149,128,0,8,-11
10,24,200,50,112,86,0,4,-1
10,24,170,30,136,88,0,8,-2
10,24,190,30,167,132,0,8,6
10,24,200,30,114,104,-1,8,-2
10,24,200,30,87,70,0,0,6
10,24,200,20,91,75,0,8,-2
10,24,30,30,91,78,0,8,-9
10,24,60,30,76,59,0,8,-2
10,24,80,40,66,22,0,6,-6
10,24,90,40,71,18,0,0,-3
10,24,100,30,81,64,-1,7,18
10,24,160,40,124,96,0,8,0
10,24,160,60,99,74,-1,8,0
10,24,210,50,75,59,0,8,-7
10,24,200,40,66,55,0,7,1
10,24,220,70,88,69,-1,8,0
10,24,180,30,87,70,0,8,-13
10,24,90,30,80,70,0,1,0
10,24,180,80,157,139,9,8,6
10,24,190,60,113,68,0,8,-4
10,24,190,60,140,104,0,8,-3
10,24,200,60,165,125,0,8,-13
10,24,200,60,155,129,-1,7,0
10,24,220,50,108,81,0,8,1
10,24,160,20,47,37,0,0,-2
10,24,170,30,111,84,4,7,-6
10,24,110,30,116,105,0,8,-2
10,24,150,10,71,68,0,8,-4
10,24,200,20,68,66,0,9,5
10,24,30,40,73,66,0,8,-2
10,24,220,40,88,76,0,3,-8
10,24,10,20,89,82,0,0,-5
10,24,30,40,91,80,0,0,4
10,24,30,50,114,109,0,6,-1
10,24,50,10,112,109,0,9,4
10,24,130,10,106,104,0,3,-6
10,24,200,20,101,101,0,8,0
10,24,190,50,131,114,0,0,-6
10,24,170,40,139,115,0,0,6
10,24,90,40,100,70,0,0,8
10,24,160,30,140,106,0,0,2
10,24,110,30,107,79,0,0,0
10,24,200,30,112,101,0,0,-5
10,24,40,10,97,91,0,0,-3
10,24,80,40,99,72,0,0,-3
10,24,80,30,74,39,0,0,-11
10,24,70,30,61,28,0,0,-1
10,24,110,30,74,27,0,6,-5
10,24,160,60,130,107,0,8,0
10,24,150,20,105,83,0,8,9
10,24,220,70,128,89,0,8,-2
10,24,250,10,116,112,75,8,0
10,24,200,50,114,104,-1,7,-2
10,24,200,90,143,117,0,8,-2
10,24,230,70,138,101,0,6,-1
10,24,170,30,140,122,0,0,3
10,24,180,60,168,106,0,0,1
10,24,130,20,167,109,0,6,-15
10,24,170,60,174,113,0,8,-7
10,24,170,50,162,97,0,0,-3
10,24,230,60,158,131,-1,8,-11
10,24,210,70,158,124,0,7,-4
10,24,200,50,134,110,0,8,1
10,24,220,50,113,93,0,5,-1
10,24,210,40,93,86,0,8,6
10,24,210,90,129,122,15,8,5
10,24,220,80,135,114,0,6,-1
10,24,200,50,83,67,0,0,-3
10,24,140,30,88,67,0,2,-2
10,24,190,20,151,142,0,8,-4
10,24,110,30,123,110,0,0,-2
10,24,170,30,164,133,-1,8,-14
10,24,320,20,133,127,0,8,-7
10,24,50,20,138,136,0,9,-4
10,24,80,60,94,84,0,0,4
10,24,80,50,83,67,0,0,0
10,24,100,40,78,62,0,0,-6
10,24,140,10,116,86,0,8,13
10,24,160,30,144,98,0,8,-4
10,24,170,60,154,117,0,8,0
10,24,200,50,141,126,0,8,1
10,24,210,60,145,116,0,6,-8
10,24,190,90,158,136,3,8,-6
10,24,210,70,157,141,0,8,-3
10,24,210,40,110,102,0,8,-7
10,24,180,70,169,106,0,4,0
10,24,230,50,165,134,0,5,-8
10,24,200,20,118,100,-1,7,-8
10,24,240,60,155,135,-1,8,-6
10,24,210,20,71,68,0,0,-1
10,24,200,60,94,68,0,0,2
10,24,290,30,86,45,0,8,-6
10,24,60,20,130,128,0,9,0
10,24,60,40,133,130,0,8,0
10,24,210,20,141,140,0,9,9
10,24,350,20,123,114,0,6,-1
10,24,60,30,90,82,0,0,-7
10,24,100,20,76,67,0,0,-3
10,24,200,10,76,73,0,0,0
10,24,320,10,85,81,0,7,-1
10,24,130,30,111,104,14,8,0
10,24,360,10,87,83,0,0,-5
10,24,230,20,106,100,0,8,-2
10,24,10,20,104,92,0,8,3
10,24,80,20,64,50,0,0,1
10,24,140,10,66,41,0,0,-6
10,24,220,50,131,110,0,8,-8
10,24,200,70,136,104,0,0,-3
10,24,280,30,86,66,0,8,-6
10,24,270,20,69,48,0,8,-6
10,24,40,30,47,39,0,6,-11
10,24,990,10,46,31,0,7,-5
10,24,80,40,50,46,0,0,-6
10,24,90,40,22,-3,0,0,-5
10,24,40,40,8,-2,0,0,-7
10,24,40,40,66,49,0,8,-2
10,24,70,30,81,61,0,8,-2
10,24,330,10,72,58,0,8,0
10,24,210,40,76,55,0,8,4
10,24,210,70,83,53,-1,8,-2
10,24,320,40,91,84,2,8,-3
10,24,210,30,29,24,0,0,1
10,24,190,30,61,47,0,4,1
10,24,220,70,95,72,0,8,4
10,24,190,50,64,51,0,3,-5
10,24,290,20,68,59,-1,8,0
10,24,210,110,99,46,-1,8,1
10,24,250,60,143,139,4,8,-3
10,24,180,30,133,123,0,8,0
10,24,200,40,156,135,0,8,0
10,24,10,10,89,81,0,0,0
10,24,170,10,56,51,0,0,4
10,24,200,40,96,89,0,0,-1
10,24,250,20,104,101,0,0,-9
10,24,180,30,126,114,0,0,0
10,24,240,40,142,134,5,8,-2
10,24,190,40,124,101,0,8,-4
10,24,270,40,123,104,-1,8,-8
10,24,210,40,64,52,-1,8,-1
10,24,200,20,50,42,0,0,-8
10,24,200,40,63,50,0,0,1
10,24,190,60,75,52,0,0,0
10,24,210,80,163,119,0,8,-2
10,24,220,20,68,55,0,6,-4
10,24,190,40,57,46,0,0,-4
10,24,190,40,73,41,0,8,-2
10,24,220,30,94,94,2,8,-1
10,24,210,60,91,83,0,8,5
10,24,200,40,110,105,12,8,0
10,24,240,20,48,39,0,8,-15
10,24,190,20,18,11,0,2,3
10,24,120,10,25,13,0,7,-9
10,24,60,30,22,17,0,8,4
10,24,60,40,52,50,0,8,5
10,24,240,20,77,62,0,0,-12
10,24,200,60,81,58,0,0,-3
10,24,230,100,137,90,0,7,-1
10,24,200,30,91,80,0,7,11
10,24,240,30,136,133,11,8,-2
10,24,220,70,184,166,0,7,-1
10,24,200,50,160,156,43,8,12
10,24,50,30,79,70,0,2,-2
10,24,170,30,117,112,88,8,12
10,24,230,30,97,90,0,5,-6
10,24,260,30,99,91,0,7,-7
10,24,300,20,73,62,0,1,-3
10,24,50,30,32,13,0,0,-8
10,24,360,20,15,-7,0,0,-3
10,24,260,20,35,27,0,8,8
10,24,310,30,67,42,0,6,4
10,24,350,10,34,24,0,0,-18
10,24,190,30,62,40,0,8,-1
10,24,90,40,37,3,0,7,-14
10,24,70,20,67,39,0,8,3
10,24,150,30,97,33,-1,8,-11
10,24,190,30,72,69,0,8,8
10,24,170,30,80,68,0,0,-1
10,24,240,50,142,123,-1,8,-10
10,24,200,60,103,84,0,6,-7
10,24,240,20,113,97,0,8,0
10,24,170,20,80,53,0,0,-10
10,24,210,30,80,75,0,8,2
10,24,80,20,97,88,0,3,-17
10,24,90,20,65,50,0,0,0
10,24,200,40,101,95,1,8,0
10,24,170,60,121,109,15,8,0
10,24,160,40,174,134,-1,8,3
10,24,150,30,182,117,0,7,-1
10,24,180,40,168,132,0,8,3
10,24,180,40,156,132,0,8,1
10,24,140,10,140,131,0,8,-2
10,24,80,40,127,116,0,0,1
10,24,110,20,110,107,0,0,-1
10,24,80,30,84,59,0,0,-5
10,24,60,40,76,47,0,0,-6
10,24,40,30,42,31,0,0,-1
10,24,30,40,48,48,0,9,-5
10,24,220,20,16,15,0,0,6
10,24,340,10,92,85,0,8,1
10,24,280,10,89,87,1,8,-3
10,24,20,60,52,31,0,8,-3
10,24,310,10,62,53,0,8,0
10,24,220,70,81,52,0,8,0
10,24,250,30,65,60,2,8,-1
10,24,250,30,43,38,-1,8,-3
10,24,200,60,30,-3,0,0,2
10,24,190,60,52,-6,0,7,-6
10,24,230,70,77,62,-1,8,0
10,24,300,20,29,26,0,0,-4
10,24,210,40,13,9,0,2,-4
10,24,210,70,80,5,-1,8,-17
10,24,210,70,92,31,1,8,0
10,24,200,50,63,51,0,0,-7
10,24,190,60,138,55,0,8,-2
10,24,120,30,73,62,0,0,-3
10,24,0,0,86,83,0,8,-5
10,24,180,20,139,130,0,0,-9
10,24,200,20,132,119,0,0,-3
10,24,200,60,161,113,0,0,-2
10,24,230,60,161,136,0,8,-1
10,24,210,80,160,120,0,8,-4
10,24,220,70,89,55,0,0,-3
10,24,270,30,85,73,4,8,1
10,24,280,20,82,76,0,8,-16
10,24,240,50,155,148,0,8,1
10,24,230,70,147,133,0,8,-5
10,24,240,60,143,128,-1,8,1
10,24,70,30,103,98,0,8,-2
10,24,90,20,60,37,0,0,-6
10,24,90,40,57,18,0,0,-9
10,24,110,20,31,-3,0,0,1
10,24,180,20,77,60,0,3,-11
10,24,200,80,105,82,0,7,0
10,24,230,60,85,57,0,8,-2
10,24,230,30,30,18,0,7,14
10,24,200,30,14,-2,0,0,2
10,24,160,30,42,8,0,0,-7
10,24,110,30,22,-4,0,0,10
10,24,70,30,21,6,0,0,6
10,24,120,40,100,52,2,8,9
10,24,200,60,103,75,-1,8,-1
10,24,150,20,70,35,0,0,-12
10,24,180,50,104,62,0,2,-17
10,24,170,30,140,100,0,8,1
10,24,200,40,142,114,0,8,-3
10,24,180,30,108,93,0,8,-6
10,24,150,20,116,87,0,0,-30
10,24,200,70,129,79,0,8,-3
10,24,190,70,126,106,0,5,7
10,24,230,70,134,121,-1,8,-4
10,24,190,60,100,69,0,8,7
10,24,210,50,147,142,15,8,9
10,24,350,10,86,83,0,8,2
10,24,160,10,48,42,0,0,-5
10,24,100,10,103,100,1,8,0
10,24,180,10,43,36,0,7,-2
10,24,110,30,52,27,0,0,2
10,24,150,20,126,114,0,8,1
10,24,200,50,69,54,0,0,-1
10,24,220,70,62,46,0,7,0
10,24,210,40,53,45,0,8,-1
10,24,200,80,85,61,0,1,-2
10,24,170,40,80,67,0,0,1
10,24,170,20,124,117,0,8,24
10,24,170,40,174,100,0,8,-1
10,24,190,40,185,117,0,2,3
10,24,60,30,134,134,0,9,-2
10,24,120,20,126,120,0,0,7
10,24,40,10,118,99,0,0,-7
10,24,60,40,98,86,0,0,-5
10,24,80,40,100,100,0,9,-2
10,24,40,40,82,64,0,8,-5
10,24,10,50,21,-3,0,6,-4
10,24,330,10,-14,-18,0,0,6
10,24,190,40,27,-23,0,8,1
10,24,210,80,65,59,5,8,3
10,24,200,40,46,42,0,1,5
10,24,150,20,76,29,0,0,4
10,24,90,40,84,38,0,0,-7
10,24,90,30,85,42,0,0,-1
10,24,140,20,145,113,5,8,-13
10,24,190,10,154,144,0,8,5
10,24,340,10,124,120,0,8,-1
10,24,190,10,102,92,0,7,-7
10,24,150,10,101,96,0,8,-8
10,24,210,30,138,117,0,8,1
10,24,270,20,89,77,16,8,-4
10,24,80,30,62,58,0,7,5
10,24,90,30,51,47,0,0,-5
10,24,210,40,68,60,0,8,1
10,24,180,50,92,51,0,8,-2
10,24,210,50,90,82,0,7,1
10,24,300,10,94,90,0,8,-3
10,24,230,60,115,104,0,6,-3
10,24,240,30,120,117,0,8,-5
10,24,90,30,102,86,0,8,-2
10,24,190,40,150,134,0,6,-1
10,24,210,60,131,109,0,0,-10
10,24,190,40,164,137,0,8,-3
10,24,180,60,160,139,-1,8,-1
10,24,230,40,137,114,0,8,-5
10,24,100,20,108,97,0,8,-1
10,24,190,50,153,138,-1,8,-6
10,24,210,80,161,133,0,4,-1
10,24,200,90,125,113,7,8,8
10,24,220,70,102,62,0,0,0
10,24,220,50,71,57,0,6,-7
10,24,190,50,64,44,0,0,2
10,24,210,50,100,69,-1,8,3
10,24,180,20,133,120,0,0,4
10,24,90,20,152,137,0,8,-5
10,24,170,30,143,113,0,0,1
10,24,320,30,141,127,0,8,-13
10,24,50,10,104,103,0,9,5
10,24,170,50,132,111,6,8,2
10,24,190,40,96,76,0,2,-1
10,24,190,50,162,152,-1,8,0
10,24,200,50,138,119,1,8,-2
10,24,160,10,110,100,0,8,-6
10,24,190,30,109,100,0,0,-5
10,24,90,20,144,130,0,8,5
10,24,180,30,117,85,0,0,-4
10,24,200,30,127,92,0,8,-9
10,24,190,30,122,113,-1,8,1
10,24,190,30,142,130,1,8,-1
10,24,150,30,134,116,0,1,-4
10,24,200,50,163,142,0,0,7
10,24,220,50,143,120,0,8,-3
10,24,220,60,116,97,0,5,2
10,24,260,50,78,45,0,7,-28
10,24,220,30,77,66,0,8,5
10,24,180,40,107,87,0,8,-2
10,24,200,50,103,98,6,8,0
10,24,190,30,104,101,0,8,-7
10,24,230,20,113,95,0,8,2
10,24,170,20,70,64,0,0,-2
10,24,190,30,44,38,0,0,14
10,24,180,20,112,109,0,8,1
10,24,170,20,125,107,0,8,-7
10,24,180,50,132,92,0,0,-17
10,24,60,30,60,38,0,0,-14
10,24,70,10,69,55,0,0,-3
10,24,200,30,101,86,0,0,2
10,24,170,20,106,89,0,4,3
10,24,90,50,136,131,15,8,1
10,24,200,30,147,130,0,8,-10
10,24,210,40,116,111,-1,8,-1
10,24,220,20,108,102,0,8,0
10,24,30,30,116,106,0,8,-1
10,24,50,30,56,48,0,0,-14
10,24,70,40,48,13,0,0,-9
10,24,20,10,18,13,0,0,-7
10,24,20,50,39,1,0,8,-4
10,24,40,30,32,25,0,8,-5
10,24,220,40,50,47,15,8,0
10,24,190,30,59,54,1,8,-3
10,24,150,10,66,56,0,8,-2
10,24,220,20,77,71,0,8,0
10,24,340,10,90,87,0,8,-1
10,24,270,10,83,78,0,8,-6
10,24,200,50,94,90,2,8,-1
10,24,270,10,107,95,0,8,-2
10,24,240,10,108,86,0,8,-6
10,24,210,30,105,99,0,8,6
10,24,50,20,67,63,0,4,8
10,24,100,20,74,66,0,0,1
10,24,110,20,84,69,0,7,0
10,24,210,40,115,102,0,8,1
10,24,140,20,87,70,0,2,-5
10,24,90,20,64,55,0,0,-5
10,24,180,20,63,53,0,0,-8
10,24,180,30,103,85,0,0,-1
10,24,250,40,112,95,-1,8,-1
10,24,30,40,117,108,0,8,-13
10,24,70,30,84,52,0,0,-3
10,24,50,40,52,30,0,0,-18
10,24,30,40,99,81,0,8,0
10,24,30,40,100,85,0,8,0
10,24,40,20,53,31,0,8,13
10,24,200,30,57,39,0,8,4
10,24,30,30,27,15,0,0,-4
10,24,0,0,82,76,0,8,2
10,24,80,40,55,42,0,0,2
10,24,70,50,81,45,0,8,-2
10,24,100,20,98,89,0,8,2
10,24,130,30,95,64,0,1,-5
10,24,180,40,135,96,0,3,-8
10,24,190,40,100,91,0,3,0
10,24,220,50,82,66,0,8,2
10,24,230,30,74,67,0,8,-1
10,24,240,10,69,63,1,8,0
10,24,250,20,74,63,0,8,0
10,24,60,20,27,22,0,0,-9
10,24,70,30,65,54,0,8,3
10,24,250,20,103,100,0,8,-1
10,24,320,10,85,80,0,8,-1
10,24,190,40,85,72,0,8,-1
10,24,220,40,114,96,0,8,1
10,24,230,30,118,108,0,8,0
10,24,220,10,77,68,0,8,-6
10,24,100,10,76,64,0,7,1
10,24,180,20,66,63,0,8,8
10,24,190,70,145,106,0,8,3
10,24,240,50,116,111,9,8,-2
10,24,190,30,89,77,0,8,0
10,24,230,80,125,83,0,8,0
10,24,240,30,92,79,2,8,-8
10,24,240,30,98,84,0,8,0
10,24,240,30,110,107,1,8,4
10,24,200,20,106,103,0,8,1
10,24,210,40,126,103,0,8,-5
10,24,210,50,127,112,0,8,0
10,24,220,60,152,113,0,7,2
10,24,200,30,101,90,0,8,11
10,24,200,40,145,134,0,1,-2
10,24,170,20,133,119,0,0,-15
10,24,200,40,163,125,0,0,5
10,24,200,40,164,121,0,4,-11
10,24,100,10,131,127,0,8,-2
10,24,160,20,137,107,0,2,-1
10,24,170,40,165,111,1,8,-3
10,24,190,40,116,74,0,8,2
10,24,210,80,107,65,0,0,-6
10,24,230,40,90,58,0,8,0
10,24,190,50,117,113,-1,8,1
10,24,210,40,153,147,1,8,0
10,24,220,20,136,128,0,8,-1
10,24,290,20,114,107,5,8,1
10,24,250,20,84,76,0,8,1
10,24,260,60,135,117,-1,8,0
10,24,280,20,45,36,0,4,1
10,24,200,20,62,52,0,8,2
10,24,220,60,90,56,-1,8,3
10,24,220,30,70,54,0,8,0
10,24,250,40,129,119,0,7,-4
10,24,200,30,90,73,0,8,3
10,24,160,20,88,77,0,0,3
10,24,170,30,123,99,0,0,-4
10,24,290,10,141,132,6,8,-4
10,24,0,0,60,56,0,8,-5
10,24,170,20,67,55,0,2,3
10,24,110,20,125,112,0,0,-5
10,24,150,20,156,113,0,0,-14
10,24,220,40,179,123,0,8,-7
10,24,180,40,197,130,0,8,-8
10,24,150,30,184,112,0,0,-1
10,24,180,50,187,71,0,8,0
10,24,160,10,117,85,0,0,3
10,24,160,30,142,81,0,8,-8
10,24,350,20,123,117,0,8,8
10,24,60,30,116,102,0,8,4
10,24,20,20,80,65,0,5,-10
10,24,990,10,51,43,0,0,-5
10,24,210,20,96,72,0,8,-8
10,24,210,30,34,28,0,0,0
10,24,240,50,120,93,0,8,-1
10,24,240,30,123,120,0,8,-1
10,24,220,40,101,69,0,8,-2
10,24,240,30,52,43,0,6,2
10,24,60,20,55,49,0,8,-11
10,24,20,60,36,12,0,8,4
10,24,40,60,40,35,13,8,-2
10,24,210,80,71,40,-1,8,-10
10,24,110,40,89,49,0,8,-9
10,24,230,40,140,137,7,8,-13
10,24,230,30,79,66,-1,2,-7
10,24,170,20,95,60,0,8,1
10,24,350,40,101,98,2,8,-3
10,24,100,30,90,59,0,8,-1
10,24,80,20,78,75,0,0,3
10,24,210,50,120,110,1,8,-7
10,24,220,50,119,101,0,8,-4
10,24,220,60,104,81,-1,8,-2
10,24,210,50,109,77,0,8,2
10,24,200,70,154,115,0,4,-7
10,24,180,40,165,141,0,8,-3
10,24,220,30,149,131,0,8,-1
10,24,200,30,174,130,0,8,0
10,24,210,40,119,106,0,8,-3
10,24,190,60,130,123,11,8,3
10,24,180,40,122,105,0,8,6
10,24,170,30,112,73,0,8,3
10,24,190,30,109,101,0,8,-4
10,24,20,20,109,109,0,9,1
10,24,200,50,121,87,0,8,-3
10,24,80,30,112,98,-1,8,0
10,24,200,30,122,113,0,8,6
10,24,230,50,144,110,0,8,-3
10,24,210,80,145,113,0,8,0
10,24,250,70,152,123,-1,8,-15
10,24,200,30,28,25,0,2,2
10,24,40,20,58,48,0,8,1
10,24,80,30,34,21,0,0,-7
10,24,60,30,14,2,0,0,0
10,24,110,30,24,4,0,8,7
10,24,140,30,94,73,0,8,1
10,24,70,40,140,121,0,8,1
10,24,140,20,110,87,1,8,0
10,24,190,60,113,72,0,8,2
10,24,210,60,120,112,7,8,1
10,24,220,60,120,98,-1,8,-1
10,24,190,40,96,72,0,8,12
10,24,240,10,124,121,2,8,-2
10,24,280,30,96,84,4,8,-6
10,24,230,20,79,71,0,8,-2
10,24,240,20,76,65,0,7,2
10,24,180,30,81,61,0,8,-1
10,24,50,40,46,37,0,0,8
10,24,30,60,82,55,0,8,-1
10,24,30,50,85,56,0,8,-4
10,24,20,10,81,50,0,8,-2
10,24,200,30,46,36,0,2,10
10,24,210,20,89,86,-1,8,-1
10,24,120,30,79,40,0,8,16
10,24,180,40,136,116,-1,8,-1
10,24,210,50,161,117,0,7,-11
10,24,270,10,143,138,0,8,-2
10,24,220,40,124,105,0,2,0
10,24,200,90,150,104,0,8,-3
10,24,210,40,102,88,1,8,-2
10,24,200,50,89,66,0,8,2
10,24,270,40,111,98,1,8,4
10,24,230,60,100,81,0,8,2
10,24,230,60,133,110,0,8,-2
10,24,210,40,135,108,0,8,-4
10,24,260,30,134,94,0,8,-7
10,24,260,87,109,74,3,4,12
10,24,200,31,80,71,0,1,-2
10,24,250,36,137,134,-1,8,-2
10,24,150,10,69,68,0,2,-7
10,24,330,26,125,120,75,8,2
10,24,70,10,59,58,0,1,-10
10,24,130,15,93,92,0,1,-16
10,24,70,15,92,89,0,6,17
10,24,70,15,95,94,0,1,0
10,24,120,41,136,104,0,1,-5
10,24,120,36,126,89,0,6,-6
10,24,290,15,120,117,8,8,-2
10,24,200,21,98,92,0,1,-7
10,24,0,0,96,95,0,7,-6
10,24,180,21,112,109,0,3,3
10,24,270,113,126,112,25,8,-1
10,24,250,87,75,20,-1,7,-4
10,24,270,21,64,55,1,7,1
10,24,300,36,61,49,-1,7,-2
10,24,30,10,30,27,0,0,-13
10,24,0,0,23,22,0,1,-8
10,24,300,15,82,67,-1,7,-2
10,24,290,21,93,81,0,7,-3
10,24,270,21,93,90,0,8,0
10,24,100,31,93,82,0,7,-1
10,24,130,36,33,-14,0,0,-10
10,24,130,36,64,19,0,3,-4
10,24,140,31,73,39,0,7,-10
10,24,160,26,40,15,0,1,-10
10,24,180,46,80,61,0,8,-2
10,24,170,51,73,48,0,2,-5
10,24,240,15,84,80,0,3,-3
10,24,130,31,107,91,0,5,-21
10,24,60,72,120,67,0,3,-7
10,24,50,72,97,51,0,1,-4
10,24,50,82,101,77,0,8,1
10,24,40,62,108,102,3,8,0
10,24,20,15,74,70,0,2,-19
10,24,270,21,115,74,0,8,-4
10,24,340,21,72,57,5,1,-16
10,24,20,10,42,33,0,1,-7
10,24,10,21,99,78,0,7,-1
10,24,70,26,13,-13,0,0,-1
10,24,300,15,0,-4,0,0,-7
10,24,230,77,89,75,3,8,-8
10,24,250,41,47,38,7,8,-3
10,24,250,10,20,1,0,1,-3
10,24,230,15,41,4,0,2,-9
10,24,190,51,75,55,-1,8,-4
10,24,180,36,48,22,0,1,-4
10,24,190,31,65,62,0,5,-2
10,24,220,21,44,38,0,2,-4
10,24,250,26,66,52,0,7,9
10,24,220,41,47,41,1,5,4
10,24,250,41,49,43,8,6,-5
10,24,330,98,70,61,0,8,-13
10,24,170,21,52,46,0,7,0
10,24,220,46,67,52,0,2,-6
10,24,170,67,69,52,4,7,-7
10,24,230,31,44,40,0,1,-6
10,24,120,15,36,35,0,9,4
10,24,200,36,38,37,0,9,-2
10,24,150,51,114,101,0,3,-3
10,24,20,15,93,92,0,7,-8
10,24,200,41,100,97,0,4,10
10,24,180,26,93,87,0,1,2
10,24,190,57,143,137,0,8,-9
10,24,180,67,126,107,0,7,-2
10,24,140,31,111,99,0,6,2
10,24,250,15,122,116,0,8,-4
10,24,200,41,95,89,0,4,1
10,24,130,31,117,103,0,7,0
10,24,140,31,138,130,0,7,3
10,24,990,5,102,102,0,7,13
10,24,190,10,119,110,0,8,-3
10,24,290,10,61,61,0,7,-7
10,24,220,26,38,31,0,4,0
10,24,0,0,-5,-5,0,2,5
10,24,50,31,12,8,0,0,-11
10,24,70,31,8,-6,0,0,-3
10,24,0,0,-2,-2,0,3,15
10,24,220,51,56,53,2,8,1
10,24,20,26,28,28,0,1,23
10,24,30,51,34,22,0,2,9
10,24,30,77,63,38,0,8,0
10,24,10,5,58,51,0,7,-9
10,24,350,26,86,72,-1,8,1
10,24,20,21,86,82,-1,8,1
10,24,50,31,89,78,0,8,-1
10,24,50,31,33,33,0,0,-6
10,24,40,26,7,7,0,0,0
10,24,60,41,37,37,0,9,-1
10,24,100,15,22,22,0,8,1
10,24,70,15,122,120,0,8,0
10,24,220,41,125,116,9,8,-2
10,24,260,21,42,42,0,2,-5
10,24,230,21,55,49,-1,7,1
10,24,230,10,71,65,-1,8,5
10,24,190,26,84,69,0,7,-2
10,24,0,0,32,28,0,2,-7
10,24,0,0,53,47,0,7,5
10,24,100,5,29,28,0,1,-2
10,24,90,21,75,72,0,3,-5
10,24,50,10,25,25,0,1,0
10,24,60,36,71,71,0,8,11
10,24,100,21,49,48,0,1,14
10,24,210,5,46,46,0,0,-3
10,24,30,41,95,95,0,8,-4
10,24,40,36,78,37,0,7,-11
10,24,60,26,13,-23,0,1,-5
10,24,110,41,48,-2,0,1,-5
10,24,110,46,82,18,0,6,-1
10,24,110,31,90,46,0,7,-7
10,24,170,36,95,90,0,7,0
10,24,200,57,146,119,0,3,-2
10,24,210,36,93,88,0,3,-3
10,24,190,36,77,77,0,1,0
10,24,210,36,75,68,0,4,-3
10,24,210,46,71,54,0,2,-1
10,24,200,31,50,49,0,0,1
10,24,200,31,44,41,0,1,3
10,24,200,36,116,116,32,8,11
10,24,220,72,152,137,1,8,2
10,24,230,72,116,95,1,5,-1
10,24,240,26,128,125,0,3,-3
10,24,160,21,107,107,0,7,-8
10,24,190,51,166,164,13,8,-3
10,24,230,10,144,142,0,7,0
10,24,190,26,86,83,0,1,0
10,24,180,51,141,118,0,5,0
10,24,210,21,141,136,0,0,-4
10,24,140,15,127,125,0,2,-1
10,24,210,10,113,113,0,3,-5
10,24,10,31,145,145,0,9,0
10,24,200,15,141,141,-1,8,-1
10,24,180,5,122,122,0,5,7
10,24,110,10,100,100,0,0,2
10,24,160,10,141,141,0,5,-8
10,24,220,10,115,115,0,1,12
10,24,140,26,118,118,0,2,-5
10,24,210,31,157,157,-1,8,0
10,24,200,15,101,99,0,8,-1
10,24,230,31,108,100,0,7,2
10,24,350,5,45,45,0,1,-15
10,24,130,10,16,16,0,0,-14
10,24,150,10,24,24,0,5,10
10,24,180,57,127,108,0,0,-7
10,24,170,77,153,97,0,3,7
10,24,180,36,77,66,0,6,10
10,24,190,57,160,135,0,7,-3
10,24,220,15,114,111,0,7,-1
10,24,30,15,41,41,0,1,-2
10,24,360,15,35,35,0,0,3
10,24,0,0,16,16,0,0,-4
10,24,240,41,77,77,0,8,1
10,24,230,20,74,71,0,1,-5
10,24,210,10,54,54,0,1,-8
10,24,210,60,137,96,0,8,1
10,24,210,30,87,72,0,3,3
10,24,270,10,45,44,0,1,-14
10,24,240,10,54,53,0,6,14
10,24,990,10,33,32,0,0,-5
10,24,210,20,95,90,0,5,-10
10,24,230,20,118,115,0,8,0
10,24,100,10,70,70,0,6,2
10,24,200,20,97,91,0,8,-9
10,24,160,20,70,67,0,0,2
10,24,130,40,113,89,0,5,-7
10,24,150,20,106,100,0,5,7
10,24,220,20,97,76,0,7,-9
10,24,200,20,43,36,0,4,-8
10,24,140,20,48,47,0,1,2
10,24,190,60,100,92,2,8,4
10,24,220,40,118,104,-1,8,-6
10,24,220,40,130,127,4,8,9
10,24,260,10,67,64,0,7,-9
10,24,120,20,57,53,0,1,10
10,24,130,30,70,48,0,4,-8
10,24,140,40,80,48,0,7,-3
10,24,190,30,99,96,0,1,-4
10,24,190,30,71,62,0,1,-11
10,24,220,50,144,126,-1,8,-2
10,24,210,110,136,62,0,7,0
10,24,270,30,80,51,0,1,0
10,24,220,30,91,58,0,7,0
10,24,260,50,128,122,7,8,3
10,24,290,40,155,140,0,6,-6
10,24,260,10,113,89,0,7,-3
10,24,220,20,122,96,0,7,1
10,24,230,20,112,99,0,1,0
10,24,160,10,128,109,0,7,-9
10,24,200,70,174,157,15,8,-6
10,24,200,40,125,93,0,7,3
10,24,220,50,173,170,2,8,-1
10,24,220,50,162,149,3,8,-5
10,24,270,60,134,93,0,4,0
10,24,20,20,87,87,0,8,1
10,24,230,20,82,82,0,5,5
10,24,340,40,86,59,-1,2,-23
10,24,230,30,75,75,8,8,-2
10,24,40,10,74,71,0,7,-17
10,24,170,40,102,83,0,8,1
10,24,140,30,99,90,0,1,-8
10,24,130,10,90,89,0,1,9
10,24,50,10,109,109,0,2,-2
10,24,70,40,48,9,0,4,-13
10,24,100,20,-1,-18,0,1,-1
10,24,0,0,-17,-17,0,1,-2
10,24,280,20,66,62,0,4,11
10,24,260,10,51,47,0,4,-6
10,24,0,0,70,70,0,7,-2
10,24,50,20,78,78,-1,8,-5
10,24,60,30,-14,-49,0,0,-4
10,24,110,20,-22,-57,0,0,-16
10,24,40,10,-29,-46,0,3,3
10,24,50,10,14,-2,0,0,-14
10,24,10,20,7,3,0,0,-12
10,24,70,40,104,94,0,8,-4
10,24,30,30,41,10,0,7,-12
10,24,990,10,57,54,0,8,-1
10,24,60,30,70,68,0,8,-1
10,24,60,50,85,81,0,8,-3
10,24,40,40,65,61,11,8,0
10,24,330,20,83,82,0,8,-1
10,24,990,10,40,40,0,2,17
10,24,210,50,92,88,7,8,0
10,24,220,20,103,95,0,7,4
10,24,220,30,86,77,0,0,10
10,24,230,20,78,75,0,5,-4
10,24,220,50,125,125,1,8,5
10,24,230,10,98,98,0,1,-17
10,24,80,10,81,77,0,7,3
10,24,210,60,158,130,0,8,-2
10,24,290,70,106,95,-1,7,-8
10,24,210,20,14,-1,0,0,-7
10,24,210,30,53,47,-1,1,3
10,24,190,60,91,79,0,7,1
10,24,210,50,139,134,-1,8,-1
10,24,200,70,149,117,0,6,4
10,24,230,30,110,104,0,1,5
10,24,220,90,128,102,-1,5,-13
10,24,260,60,89,39,0,1,-6
10,24,220,30,56,49,0,1,3
10,24,230,80,135,132,18,8,4
10,24,250,50,109,63,0,7,-3
10,24,250,60,87,41,0,7,-11
10,24,230,20,57,42,0,6,-3
10,24,90,40,86,86,58,8,-1
10,24,210,60,154,107,0,8,-4
10,24,200,50,92,80,0,1,1
10,24,210,30,99,91,2,8,2
10,24,250,30,87,79,5,8,-1
10,24,990,10,56,51,0,6,-8
10,24,230,20,88,78,0,7,-12
10,24,220,30,110,85,0,8,1
10,24,240,40,139,130,0,7,-2
10,24,240,40,147,134,0,8,1
10,24,230,30,158,144,0,8,1
10,24,990,10,48,44,0,7,30
10,24,0,0,27,26,0,0,4
10,24,0,0,31,30,0,3,10
10,24,990,10,109,92,0,8,-4
10,24,90,30,62,56,0,0,3
10,24,60,20,37,22,0,0,-8
10,24,90,50,38,10,0,2,-3
10,24,60,60,38,20,0,0,-5
10,24,70,60,37,-1,0,3,-2
10,24,80,60,51,-2,0,6,-2
10,24,150,40,97,70,0,7,2
10,24,170,50,129,116,-1,7,0
10,24,160,50,115,94,0,5,-3
10,24,180,70,120,95,0,5,-1
10,24,210,40,128,113,-1,7,0
10,24,230,20,113,107,0,7,-1
10,24,210,40,77,76,0,7,-2
10,24,0,0,51,51,0,5,8
10,24,120,40,105,89,0,7,-1
10,24,230,30,120,106,0,6,-5
10,24,190,50,93,72,0,2,9
10,24,160,20,112,108,0,7,-6
10,24,240,30,131,123,0,7,-2
10,24,170,40,100,84,0,3,-2
10,24,170,20,124,117,0,7,2
10,24,220,20,87,70,11,8,-2
10,24,240,20,58,53,0,1,0
10,24,150,30,67,57,0,7,15
10,24,260,20,79,70,0,1,-24
10,24,140,70,91,81,6,8,-1
10,24,150,70,84,70,6,8,1
10,24,170,70,91,64,0,1,-5
10,24,180,30,111,90,0,6,4
10,24,210,30,76,72,0,0,1
10,24,40,20,79,77,0,7,-5
10,24,340,10,114,113,1,8,0
10,24,200,50,111,100,-1,8,0
10,24,140,20,49,46,0,2,13
10,24,150,40,110,105,3,8,0
10,24,90,10,46,44,0,2,19
10,24,130,40,125,109,0,7,-2
10,24,220,10,129,122,0,7,-6
10,24,160,30,127,111,0,3,6
10,24,230,50,131,103,0,6,-3
10,24,210,50,114,86,0,7,0
10,24,240,20,112,79,-1,7,-5
10,24,230,30,95,79,0,5,-8
10,24,210,50,124,116,3,8,1
10,24,230,70,124,89,-1,2,-10
10,24,210,110,128,77,0,8,5
10,24,210,70,81,50,0,1,0
10,24,210,60,91,69,0,7,-3
10,24,210,40,160,138,0,7,1
10,24,220,20,143,131,0,5,-2
10,24,210,20,123,111,0,2,-1
10,24,180,30,108,95,0,7,-3
10,24,150,20,115,105,0,3,6
10,24,190,30,134,129,0,7,-2
10,24,190,80,139,121,5,8,-3
10,24,200,60,137,103,0,5,1
10,24,220,30,120,109,0,2,-6
10,24,220,40,135,101,0,7,1
10,24,180,20,110,101,0,4,-7
10,24,180,20,134,121,0,2,-4
10,24,150,20,155,147,0,0,-7
10,24,180,50,155,136,0,7,1
10,24,180,20,132,117,0,4,14
10,24,90,20,95,90,0,4,-2
10,24,120,40,121,112,0,7,-2
10,24,180,20,150,148,0,8,-2
10,24,120,40,139,120,0,7,-1
10,24,120,20,127,114,0,2,0
10,24,210,30,128,119,0,4,-2
10,24,150,20,105,97,0,6,-2
10,24,200,30,107,105,0,1,-5
10,24,210,30,119,111,0,7,-1
10,24,190,40,118,113,0,2,-1
10,24,200,50,127,116,1,8,2
10,24,220,20,99,96,0,7,7
10,24,990,10,44,41,0,6,33
10,24,240,50,134,114,0,8,-1
10,24,210,50,151,125,0,2,4
10,24,260,30,79,60,0,2,-7
10,24,990,10,118,113,0,,-8
10,24,990,10,153,140,0,,-6
10,24,280,20,106,100,0,,-31
10,24,240,20,86,80,0,,-2
10,24,270,40,134,123,0,,0
10,24,300,10,24,20,0,,-5
10,24,60,40,84,75,0,,-7
10,24,100,30,38,15,0,,-2
10,24,80,50,81,54,0,,-5
10,24,70,50,61,34,0,,-7
10,24,80,30,65,16,0,,3
10,24,990,10,69,53,0,,-2
10,24,110,50,95,86,5,,-1
10,24,990,10,88,85,0,,2
10,24,210,70,138,86,0,,2
10,24,260,30,105,94,0,,-4
10,24,230,20,63,45,0,,-4
10,24,280,30,55,45,0,,-1
10,24,220,30,55,25,0,,-13
10,24,110,50,78,34,0,,-1
10,24,200,20,115,111,-1,,1
10,24,220,40,136,130,5,,5
10,24,190,40,53,41,5,,-5
10,24,170,60,98,76,0,,0
10,24,220,90,117,78,1,,3
10,24,180,40,98,79,0,,5
10,24,280,70,96,48,0,,-2
10,24,200,30,60,39,0,,-6
10,24,990,10,93,79,19,,0
10,24,40,20,80,69,0,,-2
10,24,170,20,43,41,0,,0
10,24,40,10,121,121,-1,8,-1
10,24,10,20,136,133,0,7,-3
10,24,250,30,121,118,-1,8,-2
10,24,350,30,83,76,0,7,1
10,24,210,30,54,41,0,1,-2
10,24,250,30,98,81,8,7,-9
10,24,290,40,89,69,5,7,3
10,24,270,30,106,87,0,1,1
10,24,220,30,127,100,0,8,-1
10,24,250,10,129,121,0,8,-2
10,24,0,0,44,40,0,1,-4
10,24,100,40,68,43,0,1,-2
10,24,80,40,82,50,0,0,-6
10,24,90,40,50,18,0,1,-9
10,24,60,30,50,29,0,0,-4
10,24,50,30,30,14,0,0,6
10,24,70,30,28,6,0,1,-7
10,24,40,30,17,1,0,1,-2
10,24,20,20,25,20,0,1,-8
10,24,20,30,59,49,-1,8,1
10,24,130,20,50,44,0,8,-2
10,24,80,60,32,17,0,2,-3
10,24,330,10,-39,-60,0,0,-7
10,24,220,20,-2,-3,0,0,1
10,24,190,40,60,48,25,8,1
10,24,20,20,4,-4,0,0,-7
10,24,180,20,-12,-15,0,1,-11
10,24,210,10,-21,-25,0,0,8
10,24,200,40,60,51,0,8,2
10,24,120,50,49,30,0,7,3
10,24,220,20,79,77,-1,8,3
10,24,190,20,139,130,-1,8,-16
10,24,210,30,111,86,0,0,-2
10,24,180,40,145,110,0,8,-5
10,24,100,20,144,136,0,7,-1
10,24,210,30,115,106,0,5,0
10,24,210,40,94,75,0,0,1
10,24,200,20,71,69,0,8,-10
10,24,10,20,69,67,0,1,-13
10,24,30,30,61,53,0,0,3
10,24,90,60,70,29,0,2,-6
10,24,100,60,64,27,0,0,-5
10,24,140,40,76,55,0,0,2
10,24,150,50,123,103,0,8,2
10,24,170,40,102,81,0,8,-5
10,24,190,20,63,62,0,8,1
10,24,200,40,77,73,0,8,-4
10,24,240,20,84,80,0,8,0
10,24,170,10,50,49,0,0,-11
10,24,120,40,86,80,0,0,0
10,24,220,60,147,142,40,8,0
10,24,200,50,117,76,0,0,6
10,24,200,50,140,112,0,8,9
10,24,200,60,171,123,0,7,-2
10,24,210,50,158,127,0,2,-1
10,24,210,30,92,77,0,1,-5
10,24,990,10,28,27,0,0,4
10,24,160,30,99,86,5,8,-3
10,24,140,40,110,100,0,8,-6
10,24,130,10,55,55,0,9,7
10,24,310,20,50,50,0,7,21
10,24,30,20,48,43,0,3,-11
10,24,240,20,88,81,0,5,2
10,24,340,20,79,73,0,0,-7
10,24,20,20,84,79,0,0,-9
10,24,50,30,106,98,0,0,0
10,24,30,20,95,93,0,9,0
10,24,320,10,91,88,0,9,-5
10,24,220,20,115,113,0,9,4
10,24,180,30,129,119,0,7,-9
10,24,120,10,127,120,0,4,-7
10,24,130,20,114,93,0,0,-9
10,24,140,30,119,109,0,0,-4
10,24,140,30,121,96,0,0,-3
10,24,0,0,116,112,0,2,-14
10,24,70,20,103,100,0,0,-9
10,24,90,40,106,92,0,0,-4
10,24,110,40,87,29,0,0,-8
10,24,110,30,72,35,0,0,-20
10,24,120,40,86,26,0,8,-1
10,24,200,30,122,111,46,8,2
10,24,170,20,76,68,0,0,-8
10,24,210,50,119,99,0,5,0
10,24,230,20,122,115,1,8,2
10,24,210,30,104,95,0,4,4
10,24,210,60,143,129,5,8,-2
10,24,240,60,141,106,0,0,5
10,24,170,30,139,134,0,0,-2
10,24,170,50,158,110,0,0,-2
10,24,130,40,152,127,0,8,2
10,24,160,40,160,125,0,1,0
10,24,160,30,156,112,0,8,-15
10,24,210,20,144,130,0,7,-6
10,24,210,50,149,125,0,2,0
10,24,210,50,140,115,0,8,2
10,24,210,20,122,106,4,8,0
10,24,220,20,105,86,-1,8,-3
10,24,220,60,140,127,-1,8,3
10,24,220,50,147,118,0,8,-7
10,24,200,30,92,74,0,0,-2
10,24,140,10,82,69,0,0,-8
10,24,40,10,139,130,0,8,-2
10,24,110,20,127,123,0,0,8
10,24,190,10,164,147,0,8,-5
10,24,210,10,96,91,0,0,-16
10,24,50,20,139,132,0,8,6
10,24,60,30,87,79,0,0,-9
10,24,90,20,75,64,0,0,1
10,24,140,30,87,69,0,0,-2
10,24,170,20,114,90,0,8,-13
10,24,170,20,140,132,15,8,-3
10,24,140,30,138,119,0,8,3
10,24,210,40,139,124,0,1,1
10,24,200,40,133,120,0,0,2
10,24,180,50,152,145,40,8,4
10,24,190,40,124,108,0,5,1
10,24,230,20,101,92,0,0,-8
10,24,160,40,144,108,0,7,4
10,24,260,60,159,130,-1,8,-7
10,24,180,10,102,89,0,8,1
10,24,260,40,158,148,2,8,4
10,24,260,10,63,62,0,3,-3
10,24,220,30,108,90,0,5,-5
10,24,290,50,86,46,1,8,-4
10,24,50,30,119,115,0,8,-1
10,24,60,30,128,121,0,8,0
10,24,260,30,142,138,-1,8,-3
10,24,220,10,58,55,0,2,1
10,24,50,10,87,86,0,0,-1
10,24,50,20,60,59,0,0,-2
10,24,10,10,62,60,0,9,8
10,24,60,10,104,100,0,8,-2
10,24,130,30,118,114,6,8,0
10,24,30,20,96,91,0,7,3
10,24,230,20,95,95,0,6,5
10,24,10,10,110,99,0,8,3
10,24,110,20,63,60,0,0,17
10,24,170,20,62,54,0,0,6
10,24,200,40,113,104,0,8,-2
10,24,200,30,131,115,0,1,-9
10,24,280,20,79,68,1,6,-4
10,24,290,20,78,63,-1,7,-24
10,24,40,30,69,53,0,8,-4
10,24,0,0,23,17,0,7,6
10,24,100,20,57,48,0,0,-3
10,24,70,30,7,-4,0,0,-5
10,24,30,30,2,-6,0,0,0
10,24,60,30,69,46,0,8,1
10,24,70,30,82,61,0,8,-1
10,24,200,10,80,56,0,8,-4
10,24,200,30,89,65,0,8,4
10,24,210,50,89,72,-1,8,0
10,24,280,20,88,79,0,8,-14
10,24,250,10,24,22,0,2,-6
10,24,210,20,110,93,0,8,-1
10,24,240,40,95,63,-1,7,-12
10,24,210,30,62,57,0,3,0
10,24,310,40,77,61,-1,6,2
10,24,200,80,98,74,3,8,11
10,24,310,10,116,115,0,8,0
10,24,170,20,113,109,0,8,5
10,24,170,40,154,141,-1,8,1
10,24,990,10,57,55,0,1,-9
10,24,200,20,65,59,0,0,0
10,24,200,30,90,80,0,0,10
10,24,250,30,128,119,0,8,-2
10,24,160,20,95,94,0,9,0
10,24,260,20,147,134,0,8,-2
10,24,200,30,132,116,0,8,1
10,24,250,20,113,93,0,8,2
10,24,210,30,66,56,-1,1,-3
10,24,190,20,43,39,0,0,-1
10,24,210,20,75,66,0,0,6
10,24,200,50,82,55,0,0,3
10,24,220,60,158,119,-1,8,-38
10,24,220,20,67,52,0,8,0
10,24,210,30,59,46,0,5,-4
10,24,200,50,91,52,0,8,2
10,24,990,10,73,72,0,9,-5
10,24,210,50,106,87,0,4,-3
10,24,250,20,112,107,-1,8,-1
10,24,220,30,33,22,0,1,4
10,24,0,0,-15,-16,0,0,-1
10,24,20,10,1,0,0,0,-20
10,24,60,30,32,23,0,8,1
10,24,40,40,55,47,0,8,1
10,24,250,20,68,55,0,0,-4
10,24,210,30,105,70,0,5,-7
10,24,270,60,142,111,-1,8,-13
10,24,200,20,67,54,0,1,-16
10,24,310,30,124,122,0,8,0
10,24,230,40,187,171,0,8,-5
10,24,30,50,136,133,9,8,-17
10,24,60,10,54,52,0,0,-5
10,24,130,30,110,107,7,8,5
10,24,260,20,121,115,-1,8,-1
10,24,310,50,101,87,5,4,4
10,24,260,10,51,50,0,6,8
10,24,40,20,24,11,0,0,-3
10,24,290,10,-14,-25,0,0,8
10,24,280,20,76,43,0,8,-7
10,24,330,50,93,42,0,0,-4
10,24,0,0,11,5,0,0,6
10,24,220,20,82,54,0,8,-10
10,24,130,30,49,7,0,8,-6
10,24,120,50,85,36,0,8,0
10,24,80,20,81,64,0,8,1
10,24,150,10,45,42,0,9,-4
10,24,180,20,60,59,0,0,-1
10,24,230,30,128,112,0,2,0
10,24,220,40,112,93,0,2,2
10,24,240,20,107,93,0,8,-5
10,24,170,10,93,68,0,8,3
10,24,250,20,118,110,0,8,3
10,24,100,10,113,108,0,8,-6
10,24,140,30,81,67,0,7,2
10,24,230,20,116,114,0,9,2
10,24,160,60,125,116,20,8,1
10,24,130,40,163,151,-1,8,-4
10,24,260,20,163,136,0,8,-16
10,24,100,10,122,116,0,4,22
10,24,170,50,161,142,0,8,0
10,24,180,10,126,120,0,8,1
10,24,110,40,151,130,0,2,-3
10,24,40,20,104,98,0,0,-5
10,24,100,20,103,64,0,0,-18
10,24,40,30,60,43,0,0,-3
10,24,30,30,41,30,0,0,9
10,24,0,0,26,20,0,4,-1
10,24,10,10,35,32,0,0,-6
10,24,0,0,97,88,0,8,-6
10,24,290,20,74,71,0,8,-15
10,24,30,40,33,7,0,0,-5
10,24,0,0,7,1,0,1,-10
10,24,210,50,95,76,0,8,2
10,24,990,10,69,61,9,8,-1
10,24,220,30,33,27,0,3,-5
10,24,220,40,68,30,0,8,1
10,24,200,40,59,27,0,8,6
10,24,240,40,75,65,-1,6,-2
10,24,320,30,26,20,0,3,9
10,24,250,10,9,4,0,6,3
10,24,200,70,66,55,2,8,-2
10,24,210,30,84,73,-1,8,-1
10,24,190,40,80,69,0,0,-9
10,24,190,40,123,71,0,8,-14
10,24,120,10,58,54,0,0,10
10,24,360,20,73,70,0,8,7
10,24,0,0,119,116,0,3,-13
10,24,200,20,131,112,0,0,-6
10,24,210,30,168,116,0,0,-7
10,24,230,30,163,131,0,8,1
10,24,210,60,169,125,0,8,2
10,24,260,50,88,72,10,7,-8
10,24,260,30,86,78,4,7,-5
10,24,0,0,79,75,0,8,3
10,24,260,40,167,152,0,8,-4
10,24,250,50,155,144,1,8,7
10,24,260,20,151,145,7,8,5
10,24,60,20,109,101,0,8,-1
10,24,0,0,46,43,0,0,-2
10,24,110,30,58,32,0,1,-7
10,24,150,10,43,17,0,0,-8
10,24,200,20,76,71,0,7,-12
10,24,200,70,122,96,0,2,5
10,24,230,20,87,49,0,8,-9
10,24,220,20,49,43,0,7,2
10,24,200,20,9,4,0,0,1
10,24,150,10,17,5,0,0,-3
10,24,150,30,32,20,0,0,-5
10,24,120,40,60,28,0,0,-4
10,24,130,60,121,39,0,8,2
10,24,170,40,97,87,0,8,0
10,24,130,30,70,49,0,0,-2
10,24,180,30,108,81,0,8,4
10,24,170,20,116,111,0,7,-5
10,24,220,10,119,111,0,2,-6
10,24,180,20,136,123,0,8,1
10,24,140,30,103,98,0,0,-5
10,24,210,40,133,120,7,8,-2
10,24,190,60,134,103,0,7,-3
10,24,190,40,101,97,0,7,2
10,24,170,40,95,75,0,5,5
10,24,100,20,104,101,7,8,0
10,24,0,0,26,25,0,2,-5
10,24,190,10,35,32,0,0,-7
10,24,10,20,99,86,0,8,-15
10,24,0,0,22,18,0,7,2
10,24,110,20,35,31,0,0,17
10,24,130,40,113,105,0,8,2
10,24,200,40,75,62,0,0,-2
10,24,220,40,72,67,2,8,-5
10,24,220,20,67,62,0,8,2
10,24,200,60,91,70,0,0,-4
10,24,180,40,79,70,0,0,-10
10,24,170,40,140,123,0,8,-3
10,24,100,20,142,134,-1,8,-5
10,24,170,30,174,130,-1,8,-12
10,24,30,40,134,123,0,8,0
10,24,10,20,116,116,0,8,9
10,24,80,10,122,119,0,0,-13
10,24,70,30,120,111,0,8,-7
10,24,110,20,108,104,0,8,0
10,24,30,20,84,64,0,8,0
10,24,360,30,10,-17,0,1,-11
10,24,320,20,5,-3,0,0,-17
10,24,190,60,64,7,0,8,1
10,24,240,40,81,74,4,8,1
10,24,190,30,27,24,0,0,0
10,24,140,40,55,31,0,0,15
10,24,110,40,91,42,0,0,-7
10,24,120,40,100,46,0,0,-1
10,24,150,40,124,109,1,8,0
10,24,190,10,149,140,0,3,-6
10,24,280,10,108,106,0,1,-14
10,24,190,10,71,70,0,5,-15
10,24,200,10,106,102,0,8,5
10,24,210,20,141,127,0,8,3
10,24,230,20,78,68,4,5,-1
10,24,100,30,55,52,0,7,-3
10,24,130,20,69,65,-1,8,-13
10,24,210,40,82,75,16,8,-2
10,24,170,60,93,77,0,8,-1
10,24,200,30,95,89,1,8,1
10,24,280,10,48,48,0,9,-4
10,24,220,30,111,104,0,0,1
10,24,240,10,105,105,0,9,5
10,24,120,40,111,95,0,5,-1
10,24,210,20,141,134,0,4,-7
10,24,210,40,129,113,0,0,-2
10,24,180,50,148,132,0,0,2
10,24,180,50,157,143,0,7,0
10,24,220,30,117,106,0,0,-3
10,24,110,30,108,96,0,8,-1
10,24,200,30,156,145,0,8,-3
10,24,210,50,156,124,0,0,-3
10,24,190,70,126,115,12,8,6
10,24,220,60,108,69,2,7,-6
10,24,210,30,70,61,-1,4,-4
10,24,190,40,71,55,0,0,-5
10,24,210,40,109,84,0,8,1
10,24,230,20,149,146,0,7,-3
10,24,0,0,110,107,0,0,-7
10,24,160,20,128,121,0,0,2
10,24,350,20,122,113,-1,8,0
10,24,100,20,122,112,0,8,-1
10,24,160,40,127,121,13,8,0
10,24,200,50,87,78,0,0,-2
10,24,210,40,151,141,0,1,-2
10,24,190,40,138,121,0,8,-3
10,24,180,10,77,74,0,2,0
10,24,190,20,101,98,0,2,-15
10,24,110,40,134,130,0,8,1
10,24,160,40,108,84,0,0,0
10,24,220,40,134,109,0,8,-5
10,24,170,30,126,118,0,8,-3
10,24,180,20,125,122,0,6,-2
10,24,170,30,129,124,0,0,1
10,24,170,20,146,141,0,0,17
10,24,250,50,148,122,0,3,-4
10,24,210,30,119,104,0,1,-4
10,24,290,90,81,56,30,8,0
10,24,210,20,98,86,-1,7,1
10,24,190,40,118,88,0,8,-1
10,24,200,40,115,112,0,8,3
10,24,200,20,104,87,0,8,9
10,24,190,20,118,114,0,8,-14
10,24,180,30,95,91,0,2,-9
10,24,210,30,86,68,0,8,6
10,24,60,10,116,116,-1,9,0
10,24,180,30,107,104,0,0,-7
10,24,180,50,131,106,0,0,0
10,24,50,20,60,46,0,0,-17
10,24,60,10,66,57,0,0,-11
10,24,0,0,68,65,0,1,-1
10,24,200,20,94,91,0,0,-7
10,24,90,20,137,134,24,8,-1
10,24,170,40,154,144,0,2,-4
10,24,240,20,135,132,2,8,-2
10,24,170,10,60,57,0,0,-9
10,24,20,30,111,106,0,8,2
10,24,60,30,62,42,0,0,-5
10,24,70,30,37,9,0,0,-9
10,24,10,30,32,22,0,8,1
10,24,20,10,41,25,0,8,2
10,24,50,20,37,33,0,8,-18
10,24,280,10,72,71,1,8,2
10,24,220,10,74,71,2,8,1
10,24,70,10,72,68,0,8,0
10,24,330,20,104,101,-1,8,4
10,24,290,10,74,72,0,1,-18
10,24,990,10,61,58,0,8,0
10,24,210,40,106,101,-1,8,1
10,24,230,10,106,85,0,8,-1
10,24,170,20,107,76,0,8,-3
10,24,220,10,110,92,0,8,2
10,24,70,20,84,71,0,8,-4
10,24,120,30,91,82,0,0,-5
10,24,130,20,98,87,0,0,-3
10,24,240,10,122,117,0,8,-1
10,24,160,10,68,65,0,5,-2
10,24,100,10,64,60,0,0,-6
10,24,180,10,47,44,0,0,-4
10,24,200,40,98,86,0,0,-5
10,24,290,60,125,115,5,8,2
10,24,10,30,105,100,0,0,-10
10,24,80,60,102,65,0,0,-4
10,24,40,40,53,29,0,0,-8
10,24,50,40,110,83,0,8,0
10,24,30,20,96,88,0,8,5
10,24,10,10,59,54,0,1,-9
10,24,240,10,54,50,0,8,-8
10,24,80,10,63,45,0,8,-21
10,24,20,30,101,86,0,8,-4
10,24,80,50,76,55,0,7,-4
10,24,90,60,86,52,0,8,-9
10,24,110,20,101,97,4,8,1
10,24,160,20,104,82,0,7,2
10,24,140,10,116,101,0,8,-11
10,24,200,30,85,79,0,6,11
10,24,250,40,84,72,31,8,-12
10,24,260,30,76,63,0,8,7
10,24,360,20,48,45,0,1,-17
10,24,300,30,79,71,0,7,-1
10,24,0,0,-3,-5,0,0,-5
10,24,60,20,52,48,0,8,1
10,24,340,20,81,81,0,9,0
10,24,90,20,78,71,0,8,6
10,24,220,20,81,72,0,0,10
10,24,220,30,122,112,0,8,0
10,24,240,20,124,121,0,8,1
10,24,310,10,47,44,0,6,1
10,24,110,10,69,66,0,8,-2
10,24,160,10,52,48,0,8,0
10,24,190,70,151,127,-1,8,0
10,24,240,30,126,115,1,8,-3
10,24,220,30,117,83,0,8,2
10,24,220,50,127,99,1,8,-2
10,24,250,20,84,70,0,0,4
10,24,230,20,107,71,0,8,-8
10,24,260,30,128,121,4,8,-4
10,24,190,20,105,96,0,8,-4
10,24,210,30,132,113,0,8,-1
10,24,210,40,139,114,0,7,-4
10,24,230,70,162,119,-1,8,-1
10,24,190,20,88,79,0,7,-2
10,24,200,30,141,130,0,0,-4
10,24,0,0,115,113,0,0,-3
10,24,180,30,140,125,0,5,-3
10,24,260,10,153,136,0,8,-13
10,24,20,30,125,114,0,8,4
10,24,150,10,110,109,0,0,7
10,24,170,40,173,121,-1,7,-12
10,24,180,40,111,80,0,8,-1
10,24,200,80,114,66,0,6,0
10,24,250,30,105,79,1,8,-1
10,24,200,50,129,124,-1,8,2
10,24,210,30,161,145,0,8,0
10,24,190,30,124,122,0,7,0
10,24,280,20,125,114,0,8,-3
10,24,250,20,97,75,0,7,-6
10,24,270,100,148,119,0,8,-6
10,24,300,30,63,45,0,7,10
10,24,230,20,75,59,0,8,-1
10,24,230,30,107,89,0,8,-2
10,24,210,30,73,52,0,8,6
10,24,280,20,118,105,0,7,1
10,24,200,20,125,101,0,8,1
10,24,170,20,96,87,0,0,-13
10,24,190,10,82,80,0,8,-4
10,24,350,60,129,117,0,8,-8
10,24,210,10,35,31,0,0,-4
10,24,990,10,65,60,0,7,-13
10,24,100,10,80,75,0,2,13
10,24,120,30,141,115,0,0,-7
10,24,150,40,171,144,3,8,-10
10,24,170,30,178,142,0,0,-1
10,24,130,30,167,121,0,1,-13
10,24,140,20,146,83,0,0,3
10,24,170,10,102,96,0,6,-11
10,24,200,20,130,99,0,8,6
10,24,350,10,116,113,0,8,7
10,24,30,30,89,68,0,8,-6
10,24,330,10,54,53,0,0,-5
10,24,190,20,41,36,0,0,-5
10,24,250,20,120,85,0,7,5
10,24,230,20,45,31,0,0,5
10,24,290,80,144,115,0,8,1
10,24,220,30,128,123,0,8,-1
10,24,210,30,105,93,0,8,-1
10,24,280,20,60,48,-1,6,10
10,24,40,30,37,28,0,4,10
10,24,40,40,16,-2,0,7,2
10,24,40,60,44,35,1,8,-2
10,24,210,50,77,63,0,7,-8
10,24,110,40,97,63,0,8,-1
10,24,360,60,111,97,-1,8,-4
10,24,250,30,94,87,0,6,3
10,24,140,30,93,74,0,8,1
10,24,20,40,99,87,0,8,-14
10,24,120,30,96,67,0,8,2
10,24,70,40,88,81,0,8,-2
10,24,200,60,123,116,2,8,-1
10,24,210,40,117,97,0,0,3
10,24,210,30,100,88,3,8,-2
10,24,200,70,131,86,0,8,4
10,24,210,50,161,121,0,1,1
10,24,140,10,105,105,0,2,43
10,24,240,20,141,132,0,8,-1
10,24,190,50,167,142,0,8,-5
10,24,200,30,125,108,0,8,-2
10,24,190,50,136,133,1,8,2
10,24,180,50,127,118,1,8,-1
10,24,170,50,108,77,0,8,3
10,24,200,30,103,94,0,8,-11
10,24,20,30,114,101,-1,8,-5
10,24,200,20,121,116,-1,8,-1
10,24,50,10,98,95,0,8,1
10,24,170,20,122,116,0,8,-1
10,24,210,40,129,117,-1,8,-5
10,24,200,80,149,117,0,8,-2
10,24,290,50,133,129,7,8,-20
10,24,210,20,36,30,0,0,10
10,24,360,10,45,41,0,8,10
10,24,50,20,35,20,0,0,-1
10,24,80,20,16,6,0,0,-10
10,24,140,20,24,2,0,8,-6
10,24,140,20,92,88,0,6,-1
10,24,60,60,151,125,-1,8,-3
10,24,130,40,104,93,-1,8,0
10,24,160,60,116,81,0,8,2
10,24,210,50,130,123,1,8,4
10,24,230,40,120,110,4,8,0
10,24,200,30,102,83,0,8,6
10,24,240,20,118,110,0,8,0
10,24,210,20,83,73,0,1,-5
10,24,210,10,61,59,0,7,-17
10,24,280,30,83,77,0,8,1
10,24,170,30,91,74,0,8,0
10,24,50,30,74,57,0,4,-12
10,24,20,30,85,59,0,8,0
10,24,10,20,76,58,0,8,1
10,24,280,10,28,22,0,0,-1
10,24,180,10,36,35,0,5,17
10,24,240,20,94,88,0,8,-5
10,24,130,30,80,48,0,8,-1
10,24,160,40,137,126,-1,8,-4
10,24,200,40,153,130,0,7,-4
10,24,200,10,83,80,0,3,16
10,24,200,40,126,105,0,8,0
10,24,190,100,158,115,0,8,0
10,24,200,30,98,82,0,7,0
10,24,210,40,98,80,4,8,-5
10,24,230,40,116,96,0,3,-11
10,24,220,40,96,78,0,1,2
10,24,220,50,138,121,0,8,1
10,24,210,40,137,132,-1,8,0
10,24,200,20,97,81,0,8,12
10,24,260,93,116,65,1,5,-19
10,24,190,21,72,66,0,0,0
10,24,220,46,137,131,-1,8,0
10,24,990,5,75,71,0,3,-5
10,24,270,21,124,116,0,8,10
10,24,990,5,60,54,0,0,-5
10,24,110,15,117,114,0,8,-1
10,24,80,21,135,112,0,7,-4
10,24,110,21,106,101,0,1,-2
10,24,90,31,139,114,0,2,2
10,24,100,36,126,92,0,4,-12
10,24,260,26,115,112,5,8,0
10,24,190,21,97,91,0,1,-3
10,24,120,5,99,94,0,6,0
10,24,150,10,95,92,0,6,5
10,24,220,82,130,124,12,8,-2
10,24,220,103,75,22,0,6,-1
10,24,260,36,59,47,2,6,1
10,24,280,36,61,39,0,7,2
10,24,10,5,23,22,0,1,-18
10,24,330,5,34,31,0,1,-14
10,24,270,26,74,67,0,8,2
10,24,270,15,66,63,0,8,9
10,24,290,10,97,94,0,7,-6
10,24,80,21,99,85,0,7,-1
10,24,110,41,41,-21,0,0,-15
10,24,120,31,60,-1,0,4,6
10,24,120,21,78,44,0,7,-4
10,24,130,41,31,2,0,0,-2
10,24,140,31,54,39,0,7,1
10,24,140,46,67,47,0,2,-8
10,24,210,5,86,82,0,4,-3
10,24,120,10,97,81,0,5,-12
10,24,50,62,113,68,0,2,-5
10,24,40,72,103,57,0,4,-3
10,24,30,93,94,77,0,8,2
10,24,20,51,105,100,4,8,1
10,24,0,0,60,59,0,3,-7
10,24,250,15,107,83,0,8,3
10,24,340,31,61,51,0,1,-9
10,24,40,26,34,24,0,0,5
10,24,10,10,89,77,0,7,0
10,24,60,26,20,-14,0,0,4
10,24,0,0,-9,-17,0,0,-5
10,24,230,87,88,74,3,8,0
10,24,240,51,42,38,0,4,-2
10,24,200,21,16,9,0,0,-1
10,24,230,41,40,24,0,3,-6
10,24,200,41,73,48,-1,8,-3
10,24,180,21,19,6,0,1,-7
10,24,200,26,60,56,0,7,1
10,24,230,31,48,42,0,2,-20
10,24,200,41,59,50,0,3,8
10,24,230,41,40,36,3,7,5
10,24,220,41,39,33,0,5,2
10,24,250,41,86,80,-1,8,-25
10,24,180,26,47,43,0,7,0
10,24,220,57,67,53,0,4,-6
10,24,180,87,64,57,10,6,-4
10,24,220,36,33,33,0,1,-6
10,24,100,15,38,38,0,9,1
10,24,180,31,32,32,0,9,2
10,24,150,46,114,100,0,3,-8
10,24,20,21,85,85,0,6,-3
10,24,200,46,105,97,0,2,0
10,24,170,31,84,81,0,2,-3
10,24,180,41,146,141,1,8,-6
10,24,190,57,128,107,0,7,-2
10,24,130,31,120,101,0,6,1
10,24,220,31,121,116,-1,7,-2
10,24,190,41,83,80,0,2,1
10,24,130,26,111,100,-1,5,6
10,24,160,31,141,135,4,7,2
10,24,180,41,110,108,0,2,10
10,24,170,21,124,116,-1,8,-4
10,24,310,10,65,64,0,8,-1
10,24,250,26,28,22,0,3,9
10,24,0,0,6,2,0,4,-8
10,24,50,21,25,13,0,0,-7
10,24,60,31,13,-3,0,0,1
10,24,240,5,12,9,0,4,-3
10,24,220,57,53,47,4,8,0
10,24,30,31,37,37,0,1,0
10,24,30,67,48,31,0,7,0
10,24,30,77,66,39,0,8,-1
10,24,20,10,54,39,0,7,5
10,24,360,21,83,72,0,7,-2
10,24,360,46,90,82,0,7,-4
10,24,60,31,89,81,0,8,-1
10,24,50,36,41,40,0,0,-5
10,24,80,15,29,26,0,0,-8
10,24,50,41,23,23,0,7,3
10,24,50,15,24,24,0,9,2
10,24,80,15,125,125,0,8,1
10,24,230,51,136,111,-1,8,-5
10,24,260,36,42,42,0,1,-10
10,24,230,41,54,54,1,4,-1
10,24,990,5,59,59,0,6,-4
10,24,160,15,77,71,0,8,0
10,24,990,5,37,34,0,2,-9
10,24,0,0,72,69,0,6,-4
10,24,100,5,37,37,0,1,-3
10,24,90,31,89,85,0,2,-4
10,24,0,0,36,36,0,2,2
10,24,70,26,82,82,0,8,0
10,24,100,10,86,82,0,2,-6
10,24,140,10,51,51,0,0,-9
10,24,30,26,84,84,0,6,-3
10,24,40,31,75,39,0,6,-25
10,24,70,26,23,-15,0,1,-7
10,24,110,41,56,-11,0,2,-4
10,24,110,51,80,12,0,6,-4
10,24,100,21,92,44,0,7,-3
10,24,170,31,80,77,0,7,13
10,24,190,62,148,121,0,5,-1
10,24,200,46,94,89,0,1,-3
10,24,190,41,97,91,0,7,-6
10,24,210,46,75,64,0,3,-4
10,24,210,46,67,53,0,2,-2
10,24,210,36,55,52,0,0,-3
10,24,200,31,47,44,0,1,1
10,24,200,51,113,113,31,8,10
10,24,220,93,149,138,-1,8,0
10,24,230,82,115,91,0,4,3
10,24,240,41,131,125,0,6,-4
10,24,150,26,91,88,0,6,11
10,24,170,41,171,158,0,7,2
10,24,220,31,169,164,19,7,-10
10,24,170,21,80,79,0,1,-6
10,24,180,51,138,111,0,4,-2
10,24,180,26,138,132,0,2,3
10,24,120,10,123,123,0,2,1
10,24,250,5,128,128,0,1,-9
10,24,350,15,131,131,0,6,-7
10,24,200,21,144,144,-1,8,0
10,24,170,10,135,135,0,7,4
10,24,120,10,109,109,0,0,-6
10,24,130,21,134,131,0,3,-5
10,24,150,15,133,130,0,3,-7
10,24,150,21,113,113,0,4,-11
10,24,210,31,152,149,0,8,5
10,24,140,10,99,98,0,8,3
10,24,220,46,100,88,0,6,7
10,24,320,5,53,53,0,0,-10
10,24,110,15,26,23,0,0,7
10,24,160,31,17,16,0,2,0
10,24,190,36,121,100,0,1,6
10,24,160,57,146,90,0,1,0
10,24,170,36,75,64,0,2,-19
10,24,170,41,158,135,0,6,5
10,24,230,15,115,115,-1,8,-4
10,24,30,21,91,74,0,8,2
10,24,330,5,36,36,0,1,-6
10,24,0,0,22,22,0,2,1
10,24,230,46,70,70,0,7,4
10,24,220,30,67,67,0,1,-7
10,24,240,10,49,49,0,0,-3
10,24,210,70,134,104,0,7,0
10,24,190,40,83,74,0,2,-2
10,24,230,10,40,40,0,1,-3
10,24,990,10,42,42,0,1,-2
10,24,990,10,30,30,0,0,-2
10,24,210,10,79,79,0,3,-8
10,24,260,10,113,113,0,8,-2
10,24,330,10,75,75,0,6,-4
10,24,160,10,88,88,0,7,0
10,24,140,30,73,73,0,0,-6
10,24,130,40,121,98,0,0,-11
10,24,150,30,84,83,0,1,13
10,24,240,20,93,82,0,5,-4
10,24,200,10,47,47,0,4,5
10,24,140,10,27,27,0,1,12
10,24,190,50,99,91,-1,8,4
10,24,210,40,106,98,0,8,1
10,24,220,60,124,124,6,8,6
10,24,250,10,60,60,0,5,-5
10,24,110,20,78,77,0,0,-3
10,24,120,30,73,56,0,1,-1
10,24,140,30,80,58,0,7,-2
10,24,170,40,99,99,0,3,-7
10,24,200,20,75,66,0,5,-9
10,24,240,80,144,126,0,8,-2
10,24,210,110,137,72,0,6,1
10,24,270,50,78,61,-1,7,-2
10,24,220,50,85,65,0,7,2
10,24,230,80,120,120,5,8,4
10,24,270,20,158,153,0,4,-2
10,24,280,10,103,75,0,6,-3
10,24,220,30,115,92,0,7,5
10,24,210,30,99,94,0,0,1
10,24,140,10,116,99,0,7,-24
10,24,220,50,175,158,4,7,-5
10,24,190,50,127,88,0,5,0
10,24,220,100,175,169,1,8,-2
10,24,230,70,161,150,4,8,-6
10,24,250,50,120,94,-1,3,5
10,24,40,10,84,84,0,7,1
10,24,250,30,77,77,0,6,0
10,24,300,30,72,61,0,6,0
10,24,240,40,70,70,-1,8,0
10,24,60,30,77,73,0,8,-17
10,24,180,30,96,84,-1,8,3
10,24,140,20,101,92,0,3,-8
10,24,130,10,92,92,0,1,-3
10,24,160,10,79,79,0,1,-3
10,24,50,40,49,10,0,4,-1
10,24,120,20,31,-9,0,1,-8
10,24,0,0,-19,-19,0,0,-4
10,24,300,20,68,56,0,8,0
10,24,250,20,58,48,0,6,-1
10,24,250,10,66,66,0,7,0
10,24,70,20,79,78,-1,8,-2
10,24,60,20,-12,-49,0,0,-16
10,24,60,20,-27,-52,0,1,-1
10,24,70,10,-21,-56,0,1,2
10,24,50,20,7,-11,0,0,5
10,24,30,20,15,11,0,0,-9
10,24,50,40,104,93,0,8,-5
10,24,30,40,52,27,0,7,-2
10,24,0,0,48,44,0,8,0
10,24,70,20,70,64,-1,8,-1
10,24,60,50,86,81,0,8,-2
10,24,40,30,63,60,11,8,0
10,24,310,30,83,82,4,8,-2
10,24,340,10,34,34,0,3,-3
10,24,210,60,95,83,0,8,-3
10,24,230,40,106,101,0,8,1
10,24,240,40,91,84,0,0,-7
10,24,250,30,87,81,0,7,-25
10,24,210,70,123,121,9,8,3
10,24,230,20,106,106,0,5,3
10,24,230,20,62,56,0,1,-4
10,24,200,60,154,128,0,7,-1
10,24,260,80,110,85,-1,7,-6
10,24,180,10,8,7,0,0,-2
10,24,230,50,58,51,-1,3,1
10,24,190,50,91,74,0,7,3
10,24,200,60,135,126,-1,8,-2
10,24,190,70,146,112,0,6,4
10,24,220,60,114,106,0,1,1
10,24,210,90,124,102,-1,7,-8
10,24,250,50,73,52,0,2,3
10,24,230,40,52,47,0,0,-2
10,24,220,120,133,128,18,8,2
10,24,240,80,110,56,0,7,-1
10,24,230,70,69,50,0,3,0
10,24,220,50,50,40,0,6,-4
10,24,140,30,99,99,85,8,17
10,24,210,80,151,108,0,7,-8
10,24,200,60,92,85,0,1,-1
10,24,210,60,97,85,-1,8,0
10,24,270,30,89,85,2,7,-5
10,24,260,10,45,43,0,1,-3
10,24,240,20,89,82,0,7,-3
10,24,200,60,105,88,-1,7,1
10,24,240,40,136,130,0,8,1
10,24,240,40,145,136,0,8,-1
10,24,230,50,153,143,0,8,0
10,24,220,20,54,51,0,5,-1
10,24,0,0,47,46,0,1,-12
10,24,260,10,36,35,0,1,-7
10,24,40,30,112,93,0,8,-1
10,24,80,30,87,72,0,1,-5
10,24,80,30,56,36,0,0,-2
10,24,80,40,45,12,0,0,-2
10,24,70,50,39,22,0,0,-6
10,24,70,50,39,1,0,1,-5
10,24,70,70,53,2,0,4,-2
10,24,140,40,94,69,0,7,-11
10,24,160,30,121,118,6,8,4
10,24,160,60,116,97,0,4,-6
10,24,190,60,116,95,0,6,1
10,24,200,60,136,111,0,6,-6
10,24,240,50,114,107,0,7,-1
10,24,190,40,74,70,0,1,-7
10,24,150,10,69,69,0,0,2
10,24,120,30,105,90,0,7,2
10,24,240,50,124,107,-1,7,-8
10,24,170,40,87,74,0,1,-5
10,24,170,30,95,93,0,2,18
10,24,220,40,122,115,0,7,7
10,24,160,30,93,84,0,4,-1
10,24,190,20,127,119,0,7,1
10,24,250,30,83,71,0,2,0
10,24,220,10,47,44,0,1,0
10,24,160,40,71,56,0,4,4
10,24,280,30,98,84,0,5,-19
10,24,130,70,91,79,4,8,0
10,24,140,70,85,63,1,8,0
10,24,170,70,93,66,0,1,-1
10,24,170,40,115,88,0,6,-6
10,24,170,10,57,54,0,1,-1
10,24,20,20,83,81,0,7,-1
10,24,330,10,117,115,1,8,-1
10,24,190,50,111,98,0,8,2
10,24,140,20,32,29,0,2,-2
10,24,150,50,107,102,4,8,2
10,24,110,10,62,60,0,3,-15
10,24,130,40,123,107,0,7,-3
10,24,0,0,119,113,0,3,-11
10,24,140,20,107,97,0,1,-10
10,24,230,60,121,101,0,2,1
10,24,210,60,113,81,0,7,2
10,24,240,40,111,92,0,8,-6
10,24,210,40,82,69,0,6,5
10,24,200,60,119,112,1,8,2
10,24,230,90,127,106,4,1,-7
10,24,210,140,129,73,0,8,3
10,24,200,60,75,48,0,2,5
10,24,220,70,89,69,-1,6,-1
10,24,210,50,162,144,0,7,3
10,24,190,30,138,130,0,6,0
10,24,230,50,125,111,0,6,-4
10,24,170,30,107,99,0,7,-5
10,24,140,40,114,105,0,2,2
10,24,160,30,136,131,0,7,-1
10,24,190,80,140,121,4,7,1
10,24,190,60,131,100,0,0,5
10,24,220,40,114,103,0,1,-5
10,24,220,40,111,86,0,2,13
10,24,190,20,112,109,0,2,-1
10,24,150,20,119,113,0,4,-3
10,24,120,10,128,127,0,0,2
10,24,170,40,153,136,0,5,3
10,24,200,30,147,130,0,2,-6
10,24,70,20,99,86,0,2,10
10,24,110,20,125,116,0,5,0
10,24,210,10,148,148,0,8,-3
10,24,120,40,139,115,0,2,-7
10,24,130,20,131,108,0,3,4
10,24,220,40,119,112,0,3,12
10,24,160,40,109,105,0,7,-6
10,24,190,20,110,110,0,4,-1
10,24,200,40,121,112,-1,7,-1
10,24,190,30,125,120,0,7,-13
10,24,200,50,129,113,-1,7,-1
10,24,210,30,107,107,0,7,-3
10,24,210,20,52,52,0,2,-12
10,24,230,60,132,114,0,6,-2
10,24,210,40,145,117,0,0,10
10,24,250,40,62,50,0,3,-1
10,24,160,20,102,90,0,,-2
10,24,230,20,150,138,0,,-10
10,24,300,20,115,106,0,,-10
10,24,240,30,68,65,0,,2
10,24,260,40,126,121,0,,0
10,24,350,10,23,21,0,,-4
10,24,60,40,83,77,0,,-4
10,24,80,40,51,20,0,,-1
10,24,70,50,81,54,0,,-2
10,24,70,50,61,36,0,,-6
10,24,90,30,74,19,0,,-4
10,24,30,20,68,53,0,,-1
10,24,110,40,94,83,4,,-2
10,24,150,10,90,86,0,,1
10,24,210,70,137,88,0,,1
10,24,240,50,106,99,0,,-3
10,24,240,40,65,50,0,,-28
10,24,250,50,63,59,2,,0
10,24,220,40,51,24,0,,-3
10,24,110,50,78,34,0,,-1
10,24,180,30,115,112,0,,-1
10,24,220,60,136,129,6,,3
10,24,990,10,50,33,0,,-12
10,24,170,50,99,73,0,,3
10,24,230,110,103,85,8,,7
10,24,180,40,103,78,0,,4
10,24,260,50,90,49,0,,2
10,24,200,20,51,36,-1,,2
10,24,200,30,97,73,13,,-4
10,24,20,20,82,71,0,,-2
10,24,120,10,35,34,0,,2
10,24,140,10,124,122,-1,,1
10,24,50,20,137,132,0,,-4
10,24,250,20,122,116,1,,-3
10,24,310,20,76,67,0,,-1
10,24,220,40,59,43,0,,-10
10,24,240,80,92,85,14,,-3
10,24,270,60,88,69,3,,-3
10,24,250,30,96,83,0,,0
10,24,220,60,121,97,0,,-1
10,24,270,10,131,128,1,,-10
10,24,240,10,58,56,0,,-9
10,24,80,30,79,48,0,,-2
10,24,70,50,90,51,0,,-6
10,24,80,40,57,16,0,,-8
10,24,60,40,56,32,0,,-1
10,24,60,40,47,23,0,,-4
10,24,70,30,41,13,0,,-8
10,24,40,30,19,1,0,,-4
10,24,30,30,11,5,0,,-2
10,24,20,30,59,48,0,,1
10,24,130,20,52,46,0,,-1
10,24,60,50,38,22,0,,-6
10,24,10,10,-36,-55,0,,-3
10,24,200,20,-3,-3,0,,5
10,24,230,40,53,46,19,,1
10,24,360,20,5,1,0,,-1
10,24,0,0,-31,-33,0,,3
10,24,190,10,-8,-11,0,,0
10,24,190,30,58,46,0,,4
10,24,110,50,51,30,0,,4
10,24,210,30,82,81,8,,-3
10,24,220,30,147,141,-1,,-22
10,24,200,40,112,80,0,,-6
10,24,170,30,137,107,0,,-2
10,24,100,10,148,136,0,,-3
10,24,200,40,116,105,0,,1
10,24,200,40,96,72,0,,-7
10,24,190,10,64,57,0,,8
10,24,340,10,52,43,0,,-3
10,24,40,40,79,64,0,,-1
10,24,70,60,69,26,0,,-4
10,24,80,50,68,24,0,,-2
10,24,130,30,77,44,0,,-5
10,24,140,50,119,95,0,,4
10,24,150,40,104,75,0,,-2
10,24,190,30,71,65,0,,-6
10,24,190,30,79,72,0,,-10
10,24,230,50,82,73,0,,5
10,24,150,10,48,43,0,,-4
10,24,120,30,85,73,0,,3
10,24,160,50,149,136,0,,3
10,24,190,70,118,70,0,,2
10,24,190,50,137,108,0,,0
10,24,200,60,169,121,0,,-3
10,24,200,60,161,126,0,,-6
10,24,220,40,96,73,0,,-8
10,24,150,10,33,29,0,,-12
10,24,150,30,108,79,0,,-8
10,24,130,30,111,102,0,,5
10,24,160,10,79,75,0,,-15
10,24,240,10,57,54,0,,10
10,24,30,40,75,57,0,,-12
10,24,210,20,68,62,0,,-3
10,24,290,10,95,90,0,,-12
10,24,30,30,80,75,0,,4
10,24,50,40,118,107,0,,-4
10,24,20,20,98,96,0,,-2
10,24,50,10,112,110,0,,-9
10,24,260,30,106,106,0,,3
10,24,190,30,124,117,0,,-2
10,24,60,10,99,98,0,,15
10,24,140,30,117,97,0,,-11
10,24,140,30,120,109,0,,0
10,24,130,30,127,103,0,,-11
10,24,170,10,96,95,0,,0
10,24,50,20,101,95,0,,-3
10,24,80,30,115,98,0,,-9
10,24,90,40,90,29,0,,-8
10,24,90,40,87,41,0,,-10
10,24,110,30,87,33,0,,0
10,24,150,30,113,106,0,,-1
10,24,150,20,63,60,0,,-2
10,24,200,50,123,107,0,,-9
10,24,220,20,118,116,3,,3
10,24,190,30,103,96,0,,8
10,24,200,60,140,131,3,,-1
10,24,230,70,136,107,0,,-1
10,24,160,30,134,132,0,,-1
10,24,160,40,146,113,0,,-7
10,24,130,30,150,123,0,,-12
10,24,150,30,153,124,0,,-8
10,24,140,40,148,105,0,,-5
10,24,190,20,149,137,0,,-2
10,24,190,50,146,125,0,,1
10,24,190,40,136,114,0,,0
10,24,220,50,121,103,0,,-2
10,24,200,40,102,89,0,,-2
10,24,220,80,138,127,4,,2
10,24,220,70,139,121,0,,0
10,24,200,40,95,77,0,,-4
10,24,140,30,85,76,0,,-10
10,24,150,10,153,142,0,,-1
10,24,110,20,144,133,0,,-6
10,24,150,10,151,140,0,,-7
10,24,260,10,101,97,0,,-4
10,24,40,30,141,136,0,,4
10,24,60,30,96,84,0,,1
10,24,80,40,86,74,0,,-4
10,24,130,20,94,73,0,,-10
10,24,150,20,108,91,0,,-4
10,24,120,10,136,128,1,,1
10,24,150,40,146,125,0,,-1
10,24,190,30,136,124,0,,5
10,24,200,40,143,125,0,,0
10,24,180,60,154,144,11,,5
10,24,190,30,130,114,0,,1
10,24,230,40,103,96,0,,-3
10,24,150,40,136,102,0,,-3
10,24,250,70,165,129,0,,-4
10,24,0,0,97,87,0,,10
10,24,240,60,150,144,4,,4
10,24,250,10,63,59,0,,2
10,24,210,40,103,85,0,,-3
10,24,270,50,80,45,0,,3
10,24,60,20,124,119,0,8,-1
10,24,50,30,129,123,0,8,0
10,24,290,20,150,147,0,8,-5
10,24,0,0,73,73,0,4,-18
10,24,60,20,82,80,0,0,-7
10,24,60,20,70,64,0,0,-6
10,24,990,10,58,57,0,1,-7
10,24,0,0,90,87,0,7,-4
10,24,130,30,115,111,11,8,1
10,24,360,10,82,80,0,1,-12
10,24,230,30,94,94,0,9,0
10,24,350,20,114,86,0,8,-2
10,24,90,10,77,65,0,0,-21
10,24,150,30,63,57,0,0,-5
10,24,210,40,114,105,0,0,-1
10,24,180,40,132,113,0,0,-4
10,24,250,30,65,54,0,1,6
10,24,270,20,76,57,0,7,-8
10,24,50,40,67,49,0,7,-16
10,24,250,10,35,29,0,8,6
10,24,80,30,64,54,0,2,-8
10,24,60,30,26,5,0,0,-8
10,24,50,40,34,15,0,0,-14
10,24,60,40,70,46,0,8,0
10,24,70,30,83,59,0,8,-1
10,24,240,10,76,55,0,8,-2
10,24,190,30,87,62,0,8,0
10,24,170,60,82,68,1,8,4
10,24,300,30,92,83,-1,8,-6
10,24,230,20,22,22,0,5,3
10,24,220,20,98,80,0,8,-1
10,24,230,60,88,66,-1,7,-10
10,24,210,40,62,58,0,5,-1
10,24,270,30,77,65,-1,8,-3
10,24,200,80,98,62,1,8,8
10,24,300,20,118,117,0,8,-1
10,24,150,20,120,117,0,8,5
10,24,160,40,150,140,-1,8,-2
10,24,220,10,51,50,0,7,-5
10,24,150,10,49,45,0,0,2
10,24,180,20,91,83,0,0,8
10,24,260,20,118,113,0,8,1
10,24,160,20,99,98,0,5,12
10,24,250,40,151,134,0,8,-2
10,24,190,30,131,110,0,8,3
10,24,250,30,116,94,0,7,-5
10,24,230,40,64,52,-1,4,-11
10,24,190,10,40,33,0,1,4
10,24,220,40,77,63,0,6,-7
10,24,170,40,73,47,0,0,2
10,24,210,70,164,124,0,8,-1
10,24,220,20,64,47,0,8,-4
10,24,190,20,45,33,0,0,3
10,24,180,50,84,44,0,7,-1
10,24,280,10,97,91,0,8,-5
10,24,200,60,103,82,0,8,-3
10,24,220,40,109,100,10,8,2
10,24,230,30,16,5,0,0,0
10,24,250,10,-11,-13,0,3,-3
10,24,30,10,-9,-10,0,0,8
10,24,60,30,38,24,0,8,-3
10,24,40,30,60,51,0,8,-6
10,24,240,30,55,43,0,0,-5
10,24,220,50,98,61,0,5,0
10,24,230,90,138,104,0,7,2
10,24,180,10,65,55,0,0,-8
10,24,300,20,126,124,0,8,0
10,24,210,50,183,172,-1,8,-1
10,24,170,10,157,153,1,8,0
10,24,350,10,54,50,0,0,6
10,24,120,30,110,104,13,8,2
10,24,250,30,125,112,-1,8,-3
10,24,280,40,97,80,-1,0,-1
10,24,280,20,72,62,0,0,0
10,24,40,20,31,14,0,0,-6
10,24,0,0,-1,-8,0,0,-6
10,24,280,30,62,42,0,8,-2
10,24,310,30,75,48,0,3,3
10,24,310,10,18,16,0,0,-10
10,24,210,30,81,50,0,8,-1
10,24,120,20,54,8,0,8,-6
10,24,110,30,85,37,0,8,0
10,24,110,20,102,31,-1,8,-1
10,24,90,10,33,32,0,4,9
10,24,150,20,54,53,0,1,14
10,24,220,40,131,119,0,7,-7
10,24,210,60,110,95,0,0,-2
10,24,250,30,112,99,0,8,-2
10,24,140,30,83,73,0,5,-9
10,24,210,20,108,104,0,8,2
10,24,60,10,97,94,0,8,-7
10,24,130,20,87,71,0,6,-2
10,24,190,30,114,108,0,8,0
10,24,150,60,123,116,34,8,0
10,24,130,40,159,148,-1,,0
10,24,140,30,162,133,0,,-2
10,24,150,30,144,137,0,8,11
10,24,170,40,162,139,0,8,-1
10,24,210,10,133,128,0,8,-3
10,24,100,50,158,128,0,0,-6
10,24,70,30,127,116,0,0,-23
10,24,100,30,121,66,0,0,-9
10,24,60,30,87,59,0,0,-12
10,24,20,30,50,36,0,0,-2
10,24,340,10,30,25,0,0,-8
10,24,320,10,22,17,0,0,-3
10,24,990,10,97,90,0,8,-1
10,24,310,20,87,83,-1,8,-10
10,24,20,60,39,12,0,0,-5
10,24,320,10,54,38,0,8,-29
10,24,210,60,93,65,0,7,0
10,24,260,20,67,61,38,8,1
10,24,230,30,35,29,4,6,3
10,24,220,60,59,14,0,8,2
10,24,190,40,57,20,0,7,3
10,24,240,60,76,67,2,7,-1
10,24,290,20,30,21,0,0,-17
10,24,210,10,-5,-11,0,2,16
10,24,190,60,65,50,11,8,1
10,24,200,40,90,59,2,8,-11
10,24,190,40,78,64,0,0,-6
10,24,180,50,135,67,0,8,-1
10,24,120,20,66,60,0,0,7
10,24,10,20,86,83,0,8,-2
10,24,170,10,116,113,0,2,-1
10,24,170,20,109,106,0,0,8
10,24,200,30,164,119,0,0,-7
10,24,220,40,161,132,0,8,1
10,24,200,70,167,127,0,8,-1
10,24,230,40,90,66,13,8,-8
10,24,250,30,83,76,-1,4,3
10,24,0,0,71,68,0,8,-12
10,24,260,50,166,155,1,8,-1
10,24,240,60,157,144,-1,8,-3
10,24,990,10,135,131,8,8,16
10,24,70,20,109,101,0,8,-1
10,24,350,10,33,29,0,0,1
10,24,110,30,69,34,0,6,-7
10,24,140,30,43,15,0,0,-2
10,24,210,10,45,42,0,5,22
10,24,190,60,121,95,0,0,3
10,24,230,50,83,56,0,7,-2
10,24,250,20,31,27,0,1,4
10,24,180,20,16,12,0,0,-16
10,24,130,20,13,6,0,0,0
10,24,130,30,26,15,0,0,3
10,24,120,40,65,32,0,0,-5
10,24,120,60,125,37,0,8,-5
10,24,170,30,89,75,0,8,5
10,24,140,30,77,51,0,0,-8
10,24,140,20,83,68,0,1,3
10,24,160,20,108,105,0,7,6
10,24,170,20,124,116,0,7,-6
10,24,170,30,136,118,0,8,0
10,24,140,30,107,98,0,0,-5
10,24,200,50,143,98,-1,8,-10
10,24,190,50,137,109,0,8,1
10,24,190,40,104,99,1,8,-1
10,24,180,40,94,75,0,7,6
10,24,130,10,116,113,3,8,0
10,24,0,0,48,45,0,5,9
10,24,0,0,35,31,0,0,-3
10,24,360,20,103,97,-1,8,-2
10,24,210,10,25,21,0,5,1
10,24,90,20,63,59,0,0,-3
10,24,120,20,109,101,0,8,0
10,24,200,50,77,61,0,0,-4
10,24,210,50,69,63,3,8,-3
10,24,220,30,60,56,0,7,4
10,24,190,50,93,69,0,1,-6
10,24,180,30,81,75,0,0,-6
10,24,160,40,144,125,0,7,8
10,24,40,20,135,128,0,8,2
10,24,150,30,164,126,0,8,1
10,24,60,30,134,123,0,6,-1
10,24,90,10,126,126,0,1,-18
10,24,40,10,121,118,0,0,4
10,24,70,30,122,111,0,8,-5
10,24,100,20,108,101,0,8,-1
10,24,10,10,84,62,0,8,-2
10,24,10,40,9,-17,0,6,-6
10,24,320,10,-17,-21,0,0,-4
10,24,180,50,56,-15,0,8,2
10,24,230,60,80,71,0,8,1
10,24,180,40,48,45,0,0,-3
10,24,150,40,63,33,0,0,-2
10,24,90,30,95,35,0,0,-6
10,24,110,30,105,38,0,0,-6
10,24,130,40,119,95,18,8,0
10,24,150,20,143,139,0,8,-16
10,24,240,10,120,117,0,3,-30
10,24,170,10,84,81,0,4,-10
10,24,220,20,120,105,0,7,-12
10,24,190,20,137,129,1,8,-1
10,24,300,20,90,68,-1,8,-30
10,24,90,30,64,58,0,5,5
10,24,100,20,68,61,0,7,-6
10,24,210,40,80,73,6,8,-1
10,24,160,40,93,74,-1,8,2
10,24,190,20,94,86,0,8,2
10,24,350,20,85,83,0,8,-1
10,24,230,60,117,107,0,5,-4
10,24,220,20,85,82,0,7,21
10,24,100,40,115,92,0,8,-4
10,24,180,20,133,126,0,5,-15
10,24,200,50,130,110,0,0,-5
10,24,170,30,142,127,0,0,2
10,24,190,50,158,141,0,8,0
10,24,220,30,107,100,0,1,-3
10,24,110,20,110,97,0,8,5
10,24,190,40,159,149,0,8,-1
10,24,180,40,152,130,0,5,-2
10,24,190,60,127,115,14,8,5
10,24,210,50,102,67,-1,2,0
10,24,210,40,71,60,0,4,0
10,24,180,50,69,52,0,0,-6
10,24,210,50,111,80,-1,8,-1
10,24,230,10,136,126,0,4,3
10,24,0,0,129,125,0,8,3
10,24,140,20,133,118,0,0,-4
10,24,330,40,123,113,1,8,-4
10,24,120,20,123,119,0,7,0
10,24,150,30,128,119,15,8,0
10,24,190,40,91,80,0,0,-4
10,24,200,50,161,141,0,8,-6
10,24,190,50,141,121,0,8,2
10,24,250,10,91,88,0,7,-12
10,24,210,20,88,85,0,0,1
10,24,110,20,138,129,0,8,1
10,24,170,30,104,83,0,0,-4
10,24,220,50,129,105,0,8,-14
10,24,160,30,123,113,-1,8,-5
10,24,190,20,131,124,0,8,-3
10,24,160,30,127,119,0,2,-3
10,24,180,40,163,148,0,0,6
10,24,230,50,138,117,0,1,2
10,24,210,50,113,98,0,0,-2
10,24,280,60,81,49,37,7,-2
10,24,240,30,93,76,-1,8,0
10,24,180,30,114,89,0,8,-5
10,24,190,40,112,105,0,8,2
10,24,190,20,101,85,0,8,6
10,24,180,20,119,113,0,8,-3
10,24,160,30,87,82,0,0,-6
10,24,210,40,91,64,0,8,-2
10,24,90,10,115,112,1,8,1
10,24,160,20,115,112,0,1,-4
10,24,150,20,106,97,0,0,-1
10,24,60,20,66,44,0,0,-17
10,24,20,20,70,56,0,0,-14
10,24,180,10,71,68,0,4,1
10,24,150,20,96,91,0,0,0
10,24,70,30,139,136,27,8,0
10,24,190,40,155,143,0,4,-5
10,24,220,40,127,124,0,8,-1
10,24,230,10,70,67,0,7,7
10,24,30,20,117,112,0,8,4
10,24,60,40,68,46,0,0,-6
10,24,70,30,44,11,0,0,-6
10,24,360,20,17,12,0,8,4
10,24,360,20,37,25,0,8,-9
10,24,40,30,24,20,0,6,-11
10,24,220,20,66,63,2,8,1
10,24,210,10,66,63,-1,8,1
10,24,60,10,73,61,0,8,-1
10,24,250,10,93,87,0,8,0
10,24,250,10,50,48,0,9,-1
10,24,200,10,60,57,0,8,0
10,24,210,50,104,100,2,8,1
10,24,210,20,105,88,0,8,-2
10,24,170,10,106,92,0,8,2
10,24,230,20,101,90,0,8,5
10,24,70,20,96,77,0,8,-1
10,24,110,20,95,82,0,0,-5
10,24,120,30,93,83,0,0,-4
10,24,170,30,115,109,0,8,3
10,24,140,20,70,63,0,4,3
10,24,110,30,95,72,0,0,-4
10,24,150,20,50,47,0,0,0
10,24,180,40,96,89,0,0,1
10,24,260,40,124,112,-1,7,0
10,24,40,30,101,98,0,5,13
10,24,70,50,103,64,0,0,-2
10,24,30,40,48,27,0,0,1
10,24,40,60,109,84,0,8,1
10,24,30,30,102,92,0,8,1
10,24,50,20,76,62,0,8,-5
10,24,0,0,63,60,0,6,-20
10,24,0,0,12,8,0,7,2
10,24,10,20,97,85,0,8,1
10,24,70,40,77,56,0,7,-2
10,24,80,40,84,58,1,8,-2
10,24,110,10,104,98,4,8,0
10,24,140,30,94,76,0,6,-1
10,24,190,10,95,90,0,8,-1
10,24,190,20,84,81,0,1,10
10,24,250,50,85,71,24,8,-8
10,24,250,40,69,60,0,8,7
10,24,10,40,69,61,0,8,0
10,24,270,20,73,69,0,6,-2
10,24,360,10,-7,-9,0,1,3
10,24,60,20,55,51,0,8,-1
10,24,300,10,85,84,0,9,-1
10,24,60,10,86,82,0,8,-1
10,24,210,30,76,68,0,0,7
10,24,220,50,117,110,0,8,2
10,24,260,10,122,119,0,8,1
10,24,260,10,54,51,0,8,2
10,24,80,10,75,66,0,8,-15
10,24,240,10,48,47,0,8,3
10,24,190,60,146,122,1,8,4
10,24,240,50,122,111,11,8,1
10,24,210,40,108,82,0,8,4
10,24,220,70,128,94,-1,8,-2
10,24,240,30,81,65,0,0,-4
10,24,240,30,104,79,0,8,-10
10,24,270,30,128,122,1,8,-8
10,24,210,10,99,96,0,8,0
10,24,210,40,127,108,0,8,0
10,24,220,60,140,115,0,8,-3
10,24,210,70,157,116,-1,8,3
10,24,200,20,89,81,0,8,7
10,24,210,30,144,134,0,0,-6
10,24,120,10,116,116,0,4,-6
10,24,170,30,149,129,0,0,-7
10,24,200,30,157,133,0,7,-18
10,24,50,10,118,108,0,6,10
10,24,150,10,127,124,0,8,-4
10,24,160,40,167,127,1,7,0
10,24,180,30,110,76,0,8,-1
10,24,190,60,111,66,0,1,1
10,24,240,40,99,70,0,8,-3
10,24,190,40,126,118,-1,8,1
10,24,220,50,163,144,0,8,-2
10,24,210,20,125,122,0,8,-13
10,24,250,20,120,114,0,8,4
10,24,240,40,88,75,0,8,1
10,24,270,80,146,117,-1,8,-7
10,24,270,20,52,34,0,5,-4
10,24,220,20,68,56,0,8,1
10,24,220,50,102,77,0,8,3
10,24,210,30,67,53,0,8,4
10,24,250,20,113,107,0,7,-7
10,24,190,10,107,86,0,8,7
10,24,140,20,83,79,0,0,6
10,24,170,10,101,94,0,5,-6
10,24,360,80,142,117,0,8,-10
10,24,230,10,31,25,0,8,-2
10,24,200,10,60,52,0,8,-11
10,24,0,0,86,84,0,7,-10
10,24,130,20,138,111,0,0,-11
10,24,210,60,190,131,-1,8,-23
10,24,170,30,173,138,0,4,-4
10,24,150,20,174,114,0,6,-6
10,24,140,30,159,95,0,8,-8
10,24,990,10,95,84,0,0,5
10,24,140,10,148,98,0,8,-22
10,24,340,20,123,113,0,8,4
10,24,50,50,116,76,0,8,-9
10,24,310,10,54,50,0,1,-10
10,24,210,10,34,32,0,1,1
10,24,180,10,97,75,0,8,-8
10,24,230,20,25,15,0,1,6
10,24,270,50,141,111,0,8,1
10,24,230,40,127,121,0,8,-5
10,24,220,40,101,85,-1,8,1
10,24,230,40,56,47,2,8,-12
10,24,40,40,44,29,0,0,-1
10,24,30,50,35,7,0,8,0
10,24,40,70,43,34,3,8,0
10,24,210,70,75,56,0,8,-7
10,24,110,30,102,49,0,8,-5
10,24,360,60,110,100,1,8,-6
10,24,230,40,85,77,0,0,-1
10,24,150,30,98,69,0,8,-1
10,24,350,20,100,90,0,8,-11
10,24,100,30,100,60,0,8,-5
10,24,60,40,88,79,0,8,-2
10,24,200,50,125,113,1,8,-3
10,24,220,60,116,99,0,1,6
10,24,220,40,100,84,2,8,-5
10,24,210,60,127,82,0,8,3
10,24,200,50,159,118,0,5,2
10,24,180,30,147,134,0,8,6
10,24,220,40,148,130,0,8,-4
10,24,160,40,167,136,0,8,-3
10,24,200,40,126,108,-1,8,-1
10,24,190,50,135,128,2,8,2
10,24,180,40,126,115,0,8,-1
10,24,180,50,112,74,0,8,6
10,24,180,20,100,95,0,8,1
10,24,70,40,114,105,0,8,-2
10,24,190,30,118,106,-1,8,-2
10,24,80,20,115,107,0,8,-4
10,24,170,20,118,109,0,7,2
10,24,210,40,128,107,-1,8,3
10,24,200,70,142,115,0,8,0
10,24,220,70,147,137,11,8,-16
10,24,230,20,38,33,0,0,4
10,24,0,0,45,41,0,8,1
10,24,50,20,27,12,0,0,1
10,24,70,20,28,7,0,0,-9
10,24,140,30,30,1,0,8,-5
10,24,140,20,94,89,0,8,-5
10,24,50,50,152,125,-1,8,-2
10,24,160,40,108,96,2,8,-2
10,24,170,50,115,81,0,8,1
10,24,210,60,127,120,5,8,1
10,24,220,60,120,108,2,8,-3
10,24,200,40,99,79,0,8,4
10,24,250,10,111,106,0,8,4
10,24,240,30,90,79,-1,8,-9
10,24,240,20,55,52,0,4,-5
10,24,260,20,64,60,0,4,2
10,24,150,30,75,67,0,8,0
10,24,50,30,70,56,0,1,0
10,24,10,40,87,58,0,8,0
10,24,10,30,73,56,0,8,1
10,24,0,0,45,41,0,1,-10
10,24,230,10,50,47,0,8,-6
10,24,220,20,87,83,-1,8,-2
10,24,130,30,80,48,0,8,-5
10,24,160,40,135,126,1,8,0
10,24,220,50,154,132,-1,8,-10
10,24,200,10,105,105,0,8,4
10,24,210,50,125,106,0,7,-5
10,24,190,90,156,112,0,8,-1
10,24,190,40,98,90,1,8,0
10,24,190,40,90,71,0,3,-4
10,24,220,60,110,101,0,5,-8
10,24,230,60,90,77,0,1,1
10,24,220,70,132,120,0,8,1
10,24,200,40,133,128,-1,8,1
10,24,220,30,95,78,0,8,12
10,24,250,46,113,70,1,5,0
10,24,220,15,75,61,0,1,-4
10,24,230,41,136,120,-1,8,1
10,24,0,0,87,75,0,3,-9
10,24,260,10,119,103,0,8,3
10,24,360,10,76,61,0,1,-9
10,24,0,0,118,104,0,8,3
10,24,70,5,123,109,0,1,-7
10,24,80,5,93,87,0,0,5
10,24,80,41,122,103,0,0,4
10,24,100,31,118,97,0,3,-7
10,24,270,21,119,110,-1,8,-1
10,24,200,15,101,93,0,2,-8
10,24,0,0,110,105,0,7,2
10,24,0,0,96,90,0,2,15
10,24,230,98,136,122,2,8,-11
10,24,230,113,69,22,-1,4,-4
10,24,240,31,63,45,-1,5,-2
10,24,270,21,58,38,-1,2,4
10,24,0,0,5,1,0,1,-4
10,24,280,5,28,22,0,1,-9
10,24,270,5,76,57,0,8,5
10,24,310,5,77,71,0,7,4
10,24,0,0,96,90,0,7,0
10,24,90,31,93,82,0,8,-2
10,24,80,31,19,-8,0,0,-6
10,24,120,36,70,2,0,7,-8
10,24,100,31,56,21,0,7,1
10,24,120,21,31,-16,0,1,-7
10,24,140,31,43,13,0,6,0
10,24,150,41,69,46,0,7,-6
10,24,270,10,113,105,0,4,-3
10,24,60,5,107,98,0,8,-3
10,24,50,57,117,66,0,2,-7
10,24,40,67,104,54,0,3,-5
10,24,40,62,95,78,0,8,1
10,24,20,46,106,98,12,8,-1
10,24,340,15,51,50,0,1,19
10,24,240,15,110,91,0,8,0
10,24,300,15,62,55,0,0,0
10,24,360,5,26,20,0,0,23
10,24,100,10,97,75,0,7,-1
10,24,60,26,18,-13,0,0,0
10,24,0,0,-9,-16,0,0,-5
10,24,220,93,86,74,3,8,-4
10,24,240,41,42,38,-1,6,3
10,24,240,31,16,10,0,1,-11
10,24,220,41,44,34,-1,8,0
10,24,190,46,74,45,0,8,-1
10,24,160,15,45,22,0,0,-21
10,24,220,41,55,55,0,1,-5
10,24,250,26,53,50,-1,6,-28
10,24,200,36,62,53,0,5,-1
10,24,230,51,47,43,-1,7,-3
10,24,230,51,51,50,1,8,-7
10,24,250,41,89,85,0,5,-29
10,24,200,15,53,53,0,5,-3
10,24,220,62,73,61,1,5,-12
10,24,160,57,66,52,-1,7,1
10,24,230,26,18,18,0,1,6
10,24,30,15,46,46,0,8,-1
10,24,190,31,32,32,0,9,1
10,24,140,26,116,100,0,5,2
10,24,320,15,94,93,0,7,-4
10,24,210,41,105,99,0,2,3
10,24,170,21,106,97,0,1,-8
10,24,170,51,150,145,6,8,-6
10,24,190,41,129,113,0,6,-3
10,24,130,26,114,98,0,4,0
10,24,240,36,120,117,0,7,-4
10,24,200,36,88,84,0,2,1
10,24,120,26,111,100,0,6,-4
10,24,110,26,136,131,0,7,1
10,24,160,21,118,112,0,5,2
10,24,170,15,128,112,-1,8,-9
10,24,280,10,63,62,0,7,0
10,24,220,26,26,22,0,4,-4
10,24,350,10,0,0,0,3,-1
10,24,40,26,28,10,0,0,-12
10,24,60,31,-3,-14,0,0,-5
10,24,0,0,3,3,0,0,-5
10,24,210,67,55,51,11,8,0
10,24,360,15,42,42,0,2,8
10,24,30,62,49,32,0,6,4
10,24,30,72,65,40,0,8,-2
10,24,330,15,57,45,0,7,1
10,24,310,15,83,75,0,7,0
10,24,10,15,86,85,1,8,0
10,24,60,26,87,72,0,8,-3
10,24,40,31,39,39,0,0,-6
10,24,70,41,25,25,0,0,-9
10,24,50,31,34,34,0,9,-1
10,24,50,21,28,28,0,8,2
10,24,70,21,119,119,-1,8,0
10,24,230,51,131,113,2,8,-6
10,24,300,15,45,44,0,1,0
10,24,250,31,52,46,1,5,2
10,24,230,15,64,63,0,7,-4
10,24,190,15,84,50,0,7,-2
10,24,70,10,25,18,0,5,-4
10,24,80,5,71,60,0,6,4
10,24,0,0,44,41,0,2,-1
10,24,80,31,77,77,0,2,-3
10,24,10,5,54,54,0,1,-13
10,24,70,26,92,92,0,8,1
10,24,80,21,60,57,0,1,3
10,24,0,0,57,57,0,0,-10
10,24,40,26,88,88,0,3,-7
10,24,30,21,63,40,0,5,-7
10,24,60,31,5,-19,0,2,0
10,24,90,41,26,-5,0,2,2
10,24,110,46,72,15,0,6,-21
10,24,90,26,76,47,0,7,1
10,24,160,21,88,84,0,6,-1
10,24,190,62,150,127,0,5,1
10,24,210,46,101,93,0,6,-7
10,24,190,36,96,88,0,3,3
10,24,220,67,80,68,0,2,-6
10,24,210,46,67,53,0,1,1
10,24,210,36,57,54,0,0,-6
10,24,210,26,35,35,0,1,-2
10,24,200,41,108,108,18,8,4
10,24,220,103,149,139,1,8,3
10,24,230,93,121,95,0,5,-5
10,24,230,31,122,117,-1,3,9
10,24,150,15,109,100,0,4,-5
10,24,180,41,168,155,-1,7,-1
10,24,180,41,172,157,2,8,-9
10,24,200,10,91,86,0,1,-4
10,24,190,41,134,109,0,3,-1
10,24,200,21,146,135,0,1,-7
10,24,120,15,113,113,0,3,1
10,24,60,5,126,126,0,2,-13
10,24,350,15,148,148,0,5,-6
10,24,170,15,148,148,-1,8,-2
10,24,0,0,109,109,0,5,19
10,24,50,10,94,94,0,0,0
10,24,130,10,136,133,0,5,-16
10,24,180,5,108,108,0,3,-8
10,24,140,26,125,123,0,3,-10
10,24,210,36,150,148,-1,8,2
10,24,240,10,94,93,0,7,8
10,24,230,41,114,98,0,8,-2
10,24,330,15,60,59,0,1,-18
10,24,90,10,16,16,0,0,-3
10,24,180,10,37,36,0,3,8
10,24,160,31,114,95,0,2,1
10,24,150,51,125,82,0,0,-2
10,24,180,26,86,67,0,2,-2
10,24,150,26,141,128,0,3,6
10,24,240,26,115,112,0,7,-8
10,24,20,10,70,66,0,6,-8
10,24,350,21,47,46,0,0,-19
10,24,330,5,24,24,0,0,0
10,24,240,46,80,80,0,8,5
10,24,230,30,59,59,0,3,7
10,24,240,20,52,52,0,1,7
10,24,200,60,131,97,0,8,2
10,24,200,40,86,69,0,3,-6
10,24,290,20,57,57,0,0,-26
10,24,200,10,44,43,0,1,-3
10,24,0,0,30,30,0,0,-5
10,24,210,10,100,89,0,7,-17
10,24,10,10,120,120,-1,8,0
10,24,350,10,77,77,0,7,8
10,24,210,10,97,97,0,7,-14
10,24,120,10,67,67,0,1,-12
10,24,120,30,114,93,0,4,-1
10,24,110,20,87,84,0,2,1
10,24,230,20,91,83,0,6,-11
10,24,200,20,52,52,0,3,-13
10,24,170,10,39,38,0,2,-3
10,24,190,40,98,84,0,7,-3
10,24,180,30,90,81,0,7,10
10,24,200,40,116,114,26,8,6
10,24,260,20,77,76,0,4,-15
10,24,90,10,58,58,0,0,-9
10,24,100,30,63,46,0,0,-4
10,24,130,30,82,55,0,5,-7
10,24,180,40,107,105,0,1,-3
10,24,200,20,71,62,0,5,-9
10,24,220,90,143,123,0,8,-1
10,24,200,110,132,68,0,4,1
10,24,280,40,80,69,9,7,2
10,24,230,60,89,60,0,7,-1
10,24,220,70,115,112,7,8,10
10,24,300,30,156,140,0,6,-6
10,24,280,10,90,71,0,2,-17
10,24,240,20,106,97,0,6,13
10,24,220,30,92,91,0,0,-1
10,24,180,10,124,101,0,8,-11
10,24,170,30,181,148,0,7,-11
10,24,190,40,116,92,0,7,8
10,24,230,80,172,170,4,8,0
10,24,220,80,162,152,0,7,-7
10,24,260,60,128,87,0,5,1
10,24,0,0,89,89,0,7,-1
10,24,250,30,72,65,0,7,4
10,24,300,20,77,70,4,7,-2
10,24,240,40,74,71,4,8,0
10,24,30,10,50,46,0,1,-18
10,24,160,30,90,81,0,7,5
10,24,140,30,103,92,0,3,-4
10,24,160,10,91,91,0,0,-16
10,24,350,10,85,85,0,3,-5
10,24,50,40,47,3,0,5,-4
10,24,80,10,-7,-17,0,2,-1
10,24,240,10,-11,-11,0,0,-10
10,24,290,20,67,58,0,5,4
10,24,280,20,52,40,0,6,-13
10,24,280,10,63,63,0,7,5
10,24,50,20,68,65,-1,6,-2
10,24,60,30,-21,-41,0,0,-7
10,24,100,20,-33,-61,0,0,2
10,24,70,20,-21,-57,0,1,7
10,24,10,10,5,-8,0,0,2
10,24,30,20,12,9,0,0,-3
10,24,50,50,96,88,0,,-1
10,24,40,40,47,25,0,,0
10,24,190,10,48,47,0,,0
10,24,80,30,69,63,0,,-2
10,24,60,50,80,74,0,,-1
10,24,50,40,63,60,15,8,0
10,24,320,20,81,80,6,8,-1
10,24,990,10,44,44,0,1,-9
10,24,210,60,94,83,0,8,-1
10,24,240,30,102,94,0,7,1
10,24,240,50,87,75,0,1,0
10,24,260,30,92,84,0,4,-4
10,24,210,80,120,119,5,8,4
10,24,220,30,97,97,0,2,-5
10,24,200,10,87,86,0,7,1
10,24,200,60,154,131,0,7,-1
10,24,240,100,108,85,-1,7,-3
10,24,220,10,12,7,0,0,-5
10,24,230,50,49,43,0,4,-2
10,24,180,50,83,72,0,7,2
10,24,210,60,137,126,-1,8,-1
10,24,190,60,139,112,0,6,8
10,24,230,40,109,101,0,,-4
10,24,210,100,125,97,0,,2
10,24,250,50,75,52,8,,1
10,24,220,40,56,53,0,,-12
10,24,220,130,132,126,19,,4
10,24,240,70,109,62,0,,-7
10,24,230,40,54,37,-1,,6
10,24,230,50,44,33,0,,-3
10,24,90,50,80,80,45,,0
10,24,210,90,151,110,0,,-2
10,24,200,50,93,87,-1,,0
10,24,200,40,96,81,0,,5
10,24,260,20,83,81,2,,2
10,24,280,30,68,65,0,,-25
10,24,260,10,95,94,-1,,-9
10,24,220,60,103,94,1,,3
10,24,240,40,140,136,0,,1
10,24,240,50,149,141,0,,-4
10,24,220,50,152,146,0,,1
10,24,220,30,53,52,0,,3
10,24,200,10,41,41,0,,-10
10,24,0,0,36,36,0,,-9
10,24,10,10,104,94,0,,1
10,24,80,20,62,54,0,,-6
10,24,70,30,22,15,0,,9
10,24,70,40,25,4,0,,0
10,24,60,50,29,22,0,,-2
10,24,60,60,26,2,0,,0
10,24,70,70,40,0,0,,-3
10,24,140,30,84,69,0,,-1
10,24,160,30,116,108,7,,2
10,24,170,50,116,98,0,,-6
10,24,160,30,96,86,0,,-2
10,24,220,60,132,114,0,,-3
10,24,230,30,104,103,0,,-1
10,24,200,30,70,70,0,,-8
10,24,0,0,51,51,0,,14
10,24,120,30,99,93,0,,-4
10,24,240,50,126,110,1,,-10
10,24,180,40,95,80,0,,-4
10,24,100,20,75,73,0,,0
10,24,200,40,120,114,0,,6
10,24,180,30,102,87,0,,0
10,24,160,20,125,122,0,,-3
10,24,250,30,81,79,0,,7
10,24,230,30,58,53,0,,-11
10,24,140,20,56,42,0,,-7
10,24,230,30,98,94,13,,-12
10,24,130,60,90,78,4,,0
10,24,130,60,84,53,0,,-5
10,24,160,40,88,61,0,,-1
10,24,150,20,109,84,0,,4
10,24,990,10,54,51,0,,-4
10,24,360,20,82,80,0,,2
10,24,990,10,125,125,-1,,1
10,24,200,60,111,96,-1,,1
10,24,170,20,38,37,0,,16
10,24,150,40,111,99,-1,,-6
10,24,990,10,42,40,0,,7
10,24,130,40,122,107,0,,-1
10,24,270,20,127,119,0,,-34
10,24,990,10,122,103,0,,-15
10,24,220,60,114,96,0,,8
10,24,210,60,114,82,0,,-2
10,24,250,30,111,85,0,,-5
10,24,240,50,96,73,0,,-6
10,24,210,70,119,110,0,,2
10,24,230,90,124,101,12,,-4
10,24,200,140,128,73,0,,2
10,24,200,80,75,48,0,,1
10,24,200,60,84,66,0,,0
10,24,220,60,160,141,0,,1
10,24,210,40,140,131,0,,0
10,24,220,40,120,109,0,,-4
10,24,200,20,106,96,0,,-2
10,24,140,20,120,106,0,,-7
10,24,180,30,141,135,0,,-2
10,24,210,110,152,119,2,,-9
10,24,190,60,131,99,0,,2
10,24,220,50,114,102,0,,-3
10,24,230,60,125,100,0,,0
10,24,210,20,113,107,0,,-6
10,24,150,10,120,107,0,,-8
10,24,100,10,132,132,0,,-7
10,24,160,30,146,135,0,,9
10,24,210,40,150,132,0,,-5
10,24,990,10,83,79,0,,-6
10,24,120,40,125,118,0,,-3
10,24,180,10,147,146,3,,0
10,24,110,30,129,112,0,,-7
10,24,110,30,134,112,0,,-8
10,24,190,30,118,114,0,,10
10,24,990,10,96,95,0,,10
10,24,210,20,108,108,0,,-7
10,24,190,30,116,111,0,,3
10,24,180,30,116,116,0,,-3
10,24,200,60,135,112,0,,-3
10,24,220,30,83,83,0,,6
10,24,230,20,47,57,0,,12
10,24,240,70,134,116,0,,-6
10,24,200,50,147,116,0,,-1
10,24,240,30,55,36,0,,14
10,24,990,10,100,99,0,,-12
10,24,230,20,148,136,0,,-2
10,24,280,20,107,104,0,,-8
10,24,240,30,66,62,0,,0
10,24,270,50,132,123,-1,,-3
10,24,0,0,20,18,0,,-7
10,24,60,50,71,61,0,,-25
10,24,80,40,38,25,0,,-2
10,24,70,60,71,53,0,,-3
10,24,70,50,47,26,0,,-9
10,24,90,40,60,17,0,,-1
10,24,60,20,63,44,0,,-3
10,24,100,40,87,80,2,,-2
10,24,320,10,85,82,0,8,2
10,24,210,60,132,99,0,,-1
10,24,240,60,106,98,0,,-1
10,24,240,40,61,54,0,,3
10,24,280,30,54,48,0,,5
10,24,220,40,42,22,0,,-11
10,24,100,60,75,35,0,,0
10,24,190,40,115,113,0,,-2
10,24,210,60,134,127,8,,2
10,24,220,60,52,38,13,,-6
10,24,160,40,99,72,0,,-2
10,24,230,130,114,78,1,,1
10,24,170,20,93,80,-1,,9
10,24,260,60,91,49,0,,0
10,24,220,30,49,39,0,,10
10,24,350,10,84,75,15,,-1
10,24,50,20,75,63,0,,1
10,24,0,0,18,16,0,,-3
10,24,80,10,121,118,0,,1
10,24,60,20,125,123,0,,2
10,24,290,20,124,114,1,,-5
10,24,300,10,79,71,0,,3
10,24,230,40,69,57,0,,-8
10,24,260,70,89,76,44,,2
10,24,280,50,87,78,54,,3
10,24,280,30,101,83,0,,-1
10,24,230,50,122,102,0,,1
10,24,250,20,116,112,0,,-13
10,24,0,0,40,36,0,,-6
10,24,70,40,55,39,0,,4
10,24,70,50,73,46,0,,-11
10,24,80,40,36,16,0,,-17
10,24,60,40,43,28,0,,0
10,24,70,50,32,18,0,,1
10,24,60,40,3,-7,0,,0
10,24,40,20,26,4,0,,-7
10,24,10,20,16,9,0,,9
10,24,20,30,58,49,0,,0
10,24,110,20,43,36,0,,-16
10,24,60,40,19,8,0,,2
10,24,350,10,-41,-54,0,,-9
10,24,240,30,-1,-3,0,,-2
10,24,220,50,57,48,4,,-6
10,24,350,20,4,-3,0,,-9
10,24,0,0,-23,-25,0,,-10
10,24,220,30,-2,-5,0,,-10
10,24,180,30,55,44,0,,3
10,24,110,50,49,31,0,,4
10,24,240,30,85,82,4,,-1
10,24,230,20,146,138,8,,-5
10,24,220,50,111,83,0,,-9
10,24,170,40,141,104,0,,-2
10,24,30,10,135,127,0,,0
10,24,210,40,115,103,0,,1
10,24,210,40,97,76,0,,-4
10,24,210,10,61,57,0,,-6
10,24,360,20,68,61,0,,-9
10,24,40,30,71,61,0,,-4
10,24,70,50,53,25,0,,-10
10,24,80,60,56,23,0,,-2
10,24,130,30,69,34,0,,0
10,24,140,40,111,91,0,,-8
10,24,140,40,105,81,0,,-6
10,24,210,30,78,71,0,,-1
10,24,200,30,78,71,0,,2
10,24,230,50,81,71,0,,0
10,24,160,10,41,40,0,,-7
10,24,100,20,73,65,0,,7
10,24,160,60,152,137,0,,-1
10,24,200,70,127,71,0,,-3
10,24,200,60,146,109,0,,3
10,24,210,60,166,124,0,,2
10,24,200,50,160,127,0,,-7
10,24,220,40,94,70,0,,-6
10,24,0,0,17,15,0,,0
10,24,140,40,112,81,0,,-2
10,24,120,30,104,100,0,,-5
10,24,230,10,75,74,0,,-8
10,24,310,20,94,94,0,,-8
10,24,20,20,53,42,0,,-5
10,24,230,30,66,60,0,,5
10,24,350,10,85,81,0,,-6
10,24,30,20,87,82,0,,1
10,24,50,40,122,109,0,,-3
10,24,70,30,107,101,0,,-8
10,24,50,20,106,105,0,,-4
10,24,240,10,105,104,0,,-2
10,24,190,30,126,120,0,,-3
10,24,60,10,95,94,0,,-2
10,24,120,40,128,112,0,,-9
10,24,130,30,126,114,0,,-10
10,24,140,30,130,106,0,,-8
10,24,0,0,90,89,0,,-4
10,24,60,10,99,98,0,,-1
10,24,80,40,95,91,0,,-4
10,24,80,40,58,12,0,,-3
10,24,80,40,62,37,0,,-9
10,24,90,40,64,35,0,,-4
10,24,140,40,105,97,0,,6
10,24,180,10,67,59,0,,-3
10,24,200,50,125,108,0,,-5
10,24,220,20,117,114,9,,2
10,24,200,30,100,92,0,,-3
10,24,210,60,141,130,5,,-1
10,24,230,70,131,105,0,,-4
10,24,170,20,140,134,0,,3
10,24,140,40,145,115,0,,-2
10,24,120,30,141,120,0,,-2
10,24,140,30,148,126,0,,-5
10,24,140,20,134,99,0,,-6
10,24,210,30,153,135,0,,-3
10,24,190,40,145,131,0,,-1
10,24,200,60,137,116,0,,0
10,24,260,30,123,111,10,,-2
10,24,210,30,72,69,0,,27
10,24,220,90,136,130,11,,4
10,24,220,80,141,123,0,,-3
10,24,200,30,86,74,0,,0
10,24,160,20,92,79,0,,-5
10,24,0,0,151,147,0,,-12
10,24,100,30,138,135,0,,-7
10,24,170,20,155,135,0,,-5
10,24,290,10,100,95,0,,-6
10,24,50,20,134,130,0,,10
10,24,60,40,82,76,0,,3
10,24,80,40,68,64,0,,-7
10,24,120,30,87,62,0,,-2
10,24,150,10,104,85,0,,-2
10,24,110,10,134,126,5,,-2
10,24,150,40,143,126,0,,0
10,24,200,40,140,127,0,,1
10,24,190,30,143,131,4,,-5
10,24,180,60,153,143,7,,3
10,24,210,40,133,117,0,,-3
10,24,220,30,104,99,0,,-16
10,24,150,40,136,97,0,,3
10,24,250,60,165,131,0,,-7
10,24,210,20,89,79,0,,3
10,24,250,60,153,149,10,,4
10,24,300,10,84,79,0,,-5
10,24,220,50,107,89,0,,-4
10,24,280,40,79,37,0,,-4
10,24,50,40,121,117,0,8,0
10,24,60,20,125,119,0,8,1
10,24,260,20,151,149,0,8,-1
10,24,220,10,68,68,0,1,-12
10,24,350,10,69,66,0,0,-10
10,24,50,10,73,69,0,0,-10
10,24,360,10,68,66,0,9,-16
10,24,20,10,111,105,0,8,-6
10,24,120,20,111,106,1,8,1
10,24,360,20,90,87,0,0,-9
10,24,230,30,101,100,0,8,2
10,24,360,20,113,91,0,8,-3
10,24,90,20,55,50,0,0,11
10,24,160,20,78,52,0,0,-18
10,24,220,30,104,94,0,0,12
10,24,190,40,137,116,0,2,-5
10,24,250,20,73,61,-1,7,-12
10,24,270,10,49,42,0,7,2
10,24,360,20,40,34,0,3,-25
10,24,360,10,41,33,0,8,3
10,24,80,30,30,26,0,1,10
10,24,40,20,4,-3,0,0,-8
10,24,50,40,42,24,0,5,-3
10,24,60,40,68,48,0,8,0
10,24,70,30,79,53,0,8,-2
10,24,210,10,72,59,0,8,1
10,24,170,30,83,62,0,8,1
10,24,180,50,80,70,1,8,2
10,24,300,20,91,85,-1,8,-4
10,24,270,10,35,33,0,8,-6
10,24,220,30,101,85,0,8,-2
10,24,230,70,85,62,0,1,-4
10,24,220,40,60,57,0,7,-4
10,24,260,20,75,70,0,8,-2
10,24,200,80,99,56,-1,8,5
10,24,330,10,110,107,-1,8,-1
10,24,160,20,115,110,0,8,-1
10,24,150,20,145,137,0,8,4
10,24,290,20,73,73,0,0,2
10,24,220,20,59,56,0,0,-16
10,24,200,20,86,85,0,0,3
10,24,240,30,116,116,0,8,3
10,24,90,10,76,76,0,9,-3
10,24,260,30,152,138,0,8,-4
10,24,190,20,128,114,0,8,0
10,24,260,30,115,95,0,7,1
10,24,250,30,72,61,0,7,-9
10,24,220,20,37,34,0,0,-3
10,24,220,40,72,67,0,1,6
10,24,190,50,80,58,0,0,-4
10,24,210,70,152,114,0,8,4
10,24,220,20,54,50,0,8,3
10,24,210,20,36,33,0,4,-4
10,24,190,50,79,52,0,8,1
10,24,280,20,85,85,0,8,1
10,24,210,70,100,85,0,8,-3
10,24,220,40,108,106,11,8,0
10,24,230,30,15,15,0,0,-11
10,24,0,0,-17,-17,0,9,-4
10,24,60,20,0,0,0,0,-13
10,24,40,20,31,28,0,8,3
10,24,50,30,51,47,0,7,-4
10,24,240,20,82,72,0,8,-14
10,24,210,40,94,68,0,7,-3
10,24,240,90,137,111,0,8,-7
10,24,200,20,68,55,0,8,-12
10,24,330,10,123,121,0,8,0
10,24,220,60,180,174,-1,8,0
10,24,40,30,143,141,1,8,-13
10,24,360,10,43,40,0,0,0
10,24,110,30,101,98,23,8,2
10,24,260,20,115,112,0,7,7
10,24,290,40,97,83,-1,5,3
10,24,280,20,72,63,0,7,-2
10,24,350,20,7,4,0,0,-6
10,24,330,10,-15,-17,0,2,-1
10,24,280,30,57,45,0,8,9
10,24,320,20,81,61,-1,7,-3
10,24,330,10,13,10,0,0,-6
10,24,210,30,77,51,0,8,-1
10,24,120,30,49,16,0,8,-9
10,24,100,50,77,36,0,8,0
10,24,70,40,86,44,0,8,-6
10,24,50,10,34,34,0,9,1
10,24,170,10,63,60,0,2,-2
10,24,240,50,136,124,0,8,-1
10,24,220,60,107,96,0,0,-3
10,24,250,20,107,100,0,8,-1
10,24,130,10,72,67,0,5,11
10,24,230,20,104,101,0,8,5
10,24,70,20,91,91,0,8,-2
10,24,100,30,71,65,0,0,-5
10,24,200,30,103,102,1,8,1
10,24,130,50,119,112,36,8,-2
10,24,120,40,154,146,2,8,1
10,24,130,30,164,135,0,1,-3
10,24,160,10,148,128,0,8,0
10,24,160,30,160,136,0,8,-3
10,24,220,20,132,129,0,8,-2
10,24,90,30,145,139,0,0,-1
10,24,50,30,107,104,0,0,0
10,24,70,40,70,56,0,0,-3
10,24,70,50,69,47,0,0,0
10,24,10,20,55,44,0,0,-11
10,24,360,20,34,31,0,0,-6
10,24,340,20,30,29,0,0,-1
10,24,10,10,98,87,0,8,-1
10,24,310,20,86,82,-1,8,-6
10,24,10,30,39,11,0,1,-2
10,24,360,10,57,36,0,8,-21
10,24,210,70,92,66,0,8,1
10,24,250,30,69,64,4,7,-1
10,24,240,40,30,24,-1,4,-5
10,24,220,60,58,16,0,8,3
10,24,200,40,56,23,0,8,4
10,24,240,60,73,65,-1,6,-3
10,24,280,20,32,25,0,1,1
10,24,240,30,15,13,0,0,-2
10,24,200,70,65,49,3,8,-3
10,24,210,50,79,71,5,8,0
10,24,200,50,77,63,0,0,-6
10,24,180,40,122,65,0,8,0
10,24,90,20,49,47,0,0,-6
10,24,40,10,75,75,0,8,-11
10,24,140,10,117,114,0,5,-8
10,24,220,20,122,119,0,0,-18
10,24,210,30,138,118,0,0,-7
10,24,230,40,150,134,0,8,6
10,24,210,80,166,129,-1,8,-2
10,24,230,70,88,65,1,8,-8
10,24,260,30,79,74,0,3,2
10,24,260,20,81,77,-1,8,-10
10,24,260,50,165,158,0,8,1
10,24,250,70,156,144,-1,8,-2
10,24,240,30,130,127,6,8,0
10,24,30,20,101,97,0,8,0
10,24,60,10,39,35,0,0,-4
10,24,100,30,46,38,0,0,-8
10,24,100,20,30,12,0,0,-14
10,24,240,10,36,33,0,1,18
10,24,200,70,123,96,0,1,0
10,24,230,40,75,55,0,8,-1
10,24,300,20,58,53,-1,8,3
10,24,210,20,9,5,0,0,-2
10,24,140,10,30,9,0,0,-18
10,24,140,30,37,16,0,0,-3
10,24,120,40,61,34,0,0,-6
10,24,120,60,126,39,0,8,-8
10,24,190,20,92,72,0,8,6
10,24,120,30,65,45,0,0,-1
10,24,140,20,86,70,0,0,-5
10,24,0,0,101,98,0,4,2
10,24,190,20,136,127,0,8,-9
10,24,180,20,134,119,0,8,1
10,24,140,30,114,107,0,0,-4
10,24,210,40,139,99,-1,8,3
10,24,190,50,131,109,0,8,4
10,24,190,30,103,97,0,8,0
10,24,190,30,90,69,0,7,1
10,24,10,10,102,96,10,8,-1
10,24,280,10,43,40,0,0,-10
10,24,210,10,32,30,0,5,-8
10,24,350,20,91,78,0,8,-1
10,24,260,10,29,25,0,2,-7
10,24,50,10,40,37,0,0,-8
10,24,110,40,105,91,3,8,3
10,24,200,30,63,51,0,0,4
10,24,210,60,66,55,0,3,7
10,24,220,20,45,41,0,6,19
10,24,190,60,97,70,0,2,-9
10,24,200,30,78,68,0,0,-2
10,24,160,30,144,122,0,8,1
10,24,360,10,135,122,0,7,-5
10,24,140,40,171,123,0,8,-6
10,24,50,40,130,118,0,0,1
10,24,70,20,115,113,0,6,-5
10,24,70,20,123,118,0,0,-1
10,24,70,30,105,99,0,6,1
10,24,70,30,102,96,0,7,-3
10,24,10,20,82,55,-1,8,-1
10,24,10,20,6,-14,0,4,-11
10,24,340,10,-3,-14,0,0,7
10,24,190,50,53,-11,0,8,-3
10,24,230,60,76,69,9,8,1
10,24,190,40,47,44,0,0,-4
10,24,150,50,65,32,0,0,-1
10,24,70,30,47,25,0,0,-8
10,24,110,40,93,28,0,0,-2
10,24,130,40,122,78,7,8,-11
10,24,150,10,133,128,0,6,4
10,24,0,0,123,117,0,8,-31
10,24,150,10,93,88,0,3,-9
10,24,170,10,113,102,0,8,-19
10,24,220,20,135,127,0,8,1
10,24,240,30,89,71,-1,8,-27
10,24,100,30,72,68,0,7,-8
10,24,120,20,60,55,0,5,-14
10,24,190,40,83,76,-1,8,-3
10,24,140,30,89,74,-1,8,3
10,24,210,40,100,93,-1,8,-10
10,24,310,10,80,77,0,9,-2
10,24,220,60,112,104,0,4,5
10,24,250,10,80,78,0,9,-7
10,24,100,40,105,89,0,8,-2
10,24,210,40,138,132,0,2,-13
10,24,200,40,129,111,0,0,-7
10,24,150,30,138,123,0,0,-2
10,24,180,50,155,141,0,8,3
10,24,230,40,116,106,0,2,-14
10,24,90,20,95,85,0,8,6
10,24,190,40,157,149,0,8,-3
10,24,190,50,150,131,0,4,3
10,24,190,70,128,111,6,8,-1
10,24,210,80,107,69,0,6,-12
10,24,240,40,75,65,0,5,-3
10,24,190,50,68,54,0,0,-5
10,24,210,40,108,82,0,8,-1
10,24,0,0,155,150,0,8,-7
10,24,340,10,132,129,0,8,-1
10,24,140,20,142,121,0,0,-8
10,24,330,40,130,121,-1,8,-8
10,24,100,20,125,122,0,8,3
10,24,150,50,130,120,14,8,-1
10,24,200,60,93,82,0,0,-5
10,24,210,60,162,143,0,8,-2
10,24,200,50,141,124,0,8,-1
10,24,0,0,94,89,0,7,-6
10,24,220,20,84,84,0,0,6
10,24,90,40,136,133,0,8,2
10,24,150,30,113,93,0,0,-3
10,24,220,50,132,112,0,8,-4
10,24,140,20,117,111,1,8,4
10,24,210,20,129,125,0,7,-6
10,24,160,20,131,123,0,8,-3
10,24,170,20,158,144,0,0,0
10,24,250,50,147,122,0,7,-3
10,24,220,60,117,104,0,4,3
10,24,280,50,79,59,19,8,-3
10,24,240,30,84,75,0,8,5
10,24,190,40,112,93,0,8,-3
10,24,190,50,111,106,-1,8,1
10,24,210,20,77,71,0,8,12
10,24,190,10,115,112,0,8,2
10,24,150,20,87,84,0,0,1
10,24,210,40,92,66,0,8,-2
10,24,990,10,115,114,0,9,-1
10,24,180,20,125,118,0,8,-5
10,24,150,20,129,102,0,0,-4
10,24,50,30,62,39,0,0,-17
10,24,60,20,74,52,0,0,-5
10,24,230,10,74,71,0,6,-4
10,24,130,10,94,89,0,0,-6
10,24,80,30,135,131,24,8,-1
10,24,150,20,151,139,0,7,-5
10,24,220,40,132,128,1,8,-1
10,24,260,10,95,90,0,8,3
10,24,10,20,118,110,0,8,-1
10,24,60,30,52,35,0,0,-6
10,24,70,30,10,-8,0,0,-1
10,24,30,20,18,9,0,8,0
10,24,340,20,40,21,0,8,-6
10,24,30,20,34,26,0,7,3
10,24,60,10,76,73,2,8,-2
10,24,0,0,67,64,0,8,2
10,24,70,20,65,60,0,8,-2
10,24,270,10,90,87,-1,8,2
10,24,230,10,57,56,0,9,-17
10,24,220,10,52,49,0,7,12
10,24,220,50,104,100,1,8,1
10,24,230,20,86,80,0,4,8
10,24,240,10,106,92,0,8,-1
10,24,220,20,96,87,0,8,10
10,24,70,20,84,70,0,8,-4
10,24,90,30,81,75,0,0,-6
10,24,110,20,81,74,0,5,-1
10,24,220,10,108,104,0,4,-2
10,24,130,10,61,58,0,4,3
10,24,110,40,94,72,0,0,-5
10,24,170,10,54,51,0,0,0
10,24,200,30,98,88,0,0,-5
10,24,270,40,125,111,0,5,-1
10,24,40,30,116,105,0,1,-6
10,24,70,50,91,60,0,0,-6
10,24,30,20,60,29,0,0,-8
10,24,50,40,108,82,0,8,0
10,24,40,30,111,89,0,8,-2
10,24,20,20,56,48,0,7,5
10,24,240,10,47,44,0,4,-5
10,24,10,20,62,42,0,7,-8
10,24,10,10,95,88,-1,8,-2
10,24,70,50,79,57,0,8,2
10,24,80,60,83,51,0,7,0
10,24,70,30,97,90,9,8,0
10,24,140,20,91,70,0,8,-3
10,24,110,10,94,84,0,8,6
10,24,210,20,80,77,0,0,-5
10,24,250,50,84,73,46,8,-6
10,24,260,40,82,59,-1,8,6
10,24,20,20,72,62,0,8,-3
10,24,270,20,81,75,0,8,1
10,24,0,0,-12,-13,0,6,6
10,24,30,20,50,45,0,8,3
10,24,310,10,82,82,0,9,0
10,24,0,0,84,79,0,8,-1
10,24,230,30,68,60,0,1,20
10,24,230,40,116,106,0,8,-2
10,24,270,20,125,122,-1,8,0
10,24,0,0,67,64,0,8,0
10,24,340,10,79,74,0,8,-6
10,24,0,0,48,46,0,8,4
10,24,190,70,150,112,0,8,0
10,24,230,50,126,120,61,8,-4
10,24,230,50,117,87,0,8,-4
10,24,220,70,121,101,-1,8,-1
10,24,250,30,86,66,0,0,-6
10,24,220,30,97,88,0,8,-4
10,24,270,20,120,115,0,6,-5
10,24,990,10,70,66,0,8,13
10,24,210,30,125,113,0,8,2
10,24,220,60,144,119,0,8,-4
10,24,220,70,147,119,-1,8,11
10,24,220,20,89,84,0,8,-2
10,24,210,30,128,123,0,0,5
10,24,50,10,126,123,0,2,-24
10,24,200,30,143,126,0,0,1
10,24,220,30,147,130,0,7,2
10,24,20,20,118,115,0,8,5
10,24,200,10,131,128,0,6,-3
10,24,180,40,170,125,-1,8,3
10,24,190,40,101,72,0,8,9
10,24,190,60,108,69,0,2,2
10,24,230,50,97,81,0,8,-4
10,24,200,40,128,120,0,8,-2
10,24,230,60,161,148,0,8,0
10,24,220,20,117,117,0,8,9
10,24,280,20,125,113,0,8,2
10,24,250,30,95,80,0,8,2
10,24,270,80,141,126,2,8,-2
10,24,270,20,54,35,0,3,-3
10,24,240,20,74,58,0,8,-2
10,24,230,50,104,84,0,8,0
10,24,210,40,73,61,0,8,2
10,24,260,20,120,102,0,8,-25
10,24,220,20,103,91,-1,8,13
10,24,160,10,92,82,0,0,-7
10,24,210,10,75,71,0,6,17
10,24,360,50,140,121,0,8,-16
10,24,0,0,36,33,0,8,-8
10,24,0,0,66,59,0,8,-14
10,24,50,10,78,75,0,6,16
10,24,90,20,118,100,0,0,13
10,24,200,60,175,122,0,7,-6
10,24,170,40,190,136,0,7,-10
10,24,150,30,177,111,0,8,-6
10,24,150,20,164,102,0,8,-7
10,24,0,0,111,100,0,0,-4
10,24,170,20,146,95,0,8,-14
10,24,350,20,133,123,0,8,-2
10,24,40,30,96,71,0,8,-5
10,24,340,20,55,50,0,1,-6
10,24,0,0,38,36,0,8,9
10,24,230,10,106,80,0,7,-2
10,24,220,30,16,7,0,2,13
10,24,280,50,143,112,0,8,0
10,24,240,30,127,123,-1,8,1
10,24,230,50,104,90,0,8,-3
10,24,230,30,31,23,0,2,15
10,24,50,50,49,23,0,1,-7
10,24,30,40,30,3,0,8,-6
10,24,40,60,43,34,2,8,0
10,24,220,80,80,60,-1,8,-5
10,24,100,20,90,56,0,8,2
10,24,350,40,105,94,-1,8,-4
10,24,230,30,75,69,0,1,3
10,24,170,20,100,77,0,8,-4
10,24,340,30,98,88,0,8,-2
10,24,100,30,92,61,0,8,-1
10,24,70,60,84,75,0,8,0
10,24,190,50,121,113,1,8,0
10,24,230,70,115,101,0,0,-3
10,24,230,60,102,84,1,8,-4
10,24,210,70,131,86,0,8,0
10,24,210,60,156,118,0,8,-1
10,24,180,20,139,129,0,8,8
10,24,230,40,145,131,0,8,-8
10,24,160,30,167,131,0,8,0
10,24,200,20,123,113,0,8,1
10,24,190,50,134,128,2,8,1
10,24,180,40,124,116,0,8,1
10,24,180,40,108,73,0,8,4
10,24,210,20,97,91,0,8,-2
10,24,60,40,114,107,0,8,-1
10,24,210,40,121,101,0,8,0
10,24,50,10,102,99,0,8,0
10,24,150,20,119,110,0,8,0
10,24,210,50,132,103,-1,8,-1
10,24,200,70,142,115,0,8,1
10,24,220,80,148,138,8,8,-25
10,24,230,30,37,34,0,1,-7
10,24,360,20,49,45,0,8,1
10,24,40,20,20,11,0,0,-4
10,24,70,30,-4,-11,0,0,5
10,24,120,20,13,-10,0,7,4
10,24,100,10,85,78,0,7,-1
10,24,60,50,148,121,-1,8,-6
10,24,160,40,112,93,-1,8,0
10,24,150,50,109,77,0,8,-4
10,24,200,60,124,116,19,8,6
10,24,220,50,114,103,7,8,4
10,24,210,30,92,73,0,8,8
10,24,220,20,113,106,0,8,-1
10,24,220,30,85,79,-1,8,2
10,24,240,30,75,72,0,8,-2
10,24,270,30,82,72,0,6,-4
10,24,170,30,80,67,0,8,-2
10,24,40,40,76,56,0,1,-5
10,24,20,30,89,54,0,8,-1
10,24,10,20,75,56,0,8,-2
10,24,0,0,56,47,0,8,6
10,24,230,10,48,45,0,0,1
10,24,210,20,86,80,-1,8,1
10,24,120,30,75,44,0,8,1
10,24,150,40,133,124,2,8,1
10,24,220,60,160,128,0,8,-1
10,24,230,20,104,102,0,8,-11
10,24,220,40,116,100,0,3,2
10,24,200,90,158,109,0,8,-1
10,24,190,40,102,90,4,8,-2
10,24,200,50,100,71,0,8,-4
10,24,230,70,118,100,1,7,-12
10,24,230,70,90,74,0,3,-1
10,24,230,80,133,118,0,8,0
10,24,230,60,137,126,0,8,-3
10,24,230,30,100,76,0,8,10
