11,18,180,67,114,75,0,7,2
11,18,210,77,119,82,0,3,-8
11,18,230,93,86,85,18,8,3
11,18,220,67,54,45,0,2,-1
11,18,260,36,47,46,-1,8,-4
11,18,220,77,61,34,0,8,3
11,18,240,98,110,110,2,8,-2
11,18,280,26,82,82,26,8,-9
11,18,240,41,40,40,0,7,0
11,18,200,57,38,31,0,5,-2
11,18,240,62,67,67,10,8,-4
11,18,190,72,96,84,-1,8,11
11,18,190,72,73,43,0,6,0
11,18,180,41,61,46,-1,7,-10
11,18,240,26,57,45,0,7,-5
11,18,90,26,28,28,0,7,-5
11,18,190,31,43,33,0,8,1
11,18,190,36,77,70,0,2,-4
11,18,110,10,48,48,0,7,2
11,18,40,67,27,27,6,8,2
11,18,360,31,-1,-1,0,2,-6
11,18,200,31,34,10,0,8,0
11,18,130,15,32,17,0,1,-1
11,18,100,26,24,15,0,0,1
11,18,140,36,-6,-9,0,5,-1
11,18,120,21,38,35,0,4,10
11,18,200,15,61,49,0,0,-20
11,18,180,26,68,53,0,2,0
11,18,70,26,22,22,0,9,-3
11,18,210,31,14,11,0,0,-12
11,18,210,41,55,18,0,0,-18
11,18,210,118,96,82,5,8,2
11,18,220,51,74,52,0,1,-8
11,18,230,46,78,59,0,7,-1
11,18,220,41,110,108,0,8,-2
11,18,190,36,103,87,0,6,-5
11,18,250,51,99,99,-1,8,0
11,18,70,26,57,39,0,1,-1
11,18,190,62,85,70,-1,8,4
11,18,230,67,92,72,0,6,-5
11,18,250,108,72,47,0,8,-4
11,18,250,57,45,27,8,6,0
11,18,250,46,35,26,0,5,-3
11,18,130,46,33,4,0,8,-2
11,18,200,51,87,86,2,7,-14
11,18,200,57,75,63,1,8,0
11,18,250,62,44,24,0,6,-2
11,18,210,103,47,40,10,8,0
11,18,230,62,53,14,0,2,-1
11,18,200,41,31,7,0,7,-8
11,18,180,21,61,61,12,8,0
11,18,250,72,128,128,7,8,-1
11,18,190,67,93,64,0,0,0
11,18,190,36,96,90,0,8,-15
11,18,210,87,105,66,0,8,0
11,18,240,87,77,53,0,2,-2
11,18,190,62,73,41,0,7,5
11,18,200,15,43,36,0,7,0
11,18,190,41,97,94,0,6,4
11,18,180,67,105,76,0,6,4
11,18,50,21,27,18,0,8,0
11,18,70,46,67,55,0,8,0
11,18,100,31,106,95,0,0,5
11,18,70,36,108,96,0,0,-12
11,18,90,31,61,44,0,0,-12
11,18,40,46,52,52,-1,8,-4
11,18,360,21,53,53,0,8,-1
11,18,310,21,63,63,0,8,-2
11,18,180,46,73,62,0,7,0
11,18,180,82,77,70,15,8,0
11,18,230,57,72,57,-1,3,-10
11,18,210,57,65,50,0,7,-5
11,18,190,57,71,41,0,8,-2
11,18,270,108,66,62,33,8,0
11,18,10,51,56,36,0,6,-6
11,18,100,15,7,-14,0,1,-2
11,18,100,51,12,-15,0,0,-8
11,18,90,57,-4,-23,0,0,-2
11,18,70,26,-22,-52,0,1,1
11,18,40,41,-9,-9,0,8,-2
11,18,60,36,-48,-53,0,7,-1
11,18,110,15,-40,-48,0,5,-7
11,18,200,36,-33,-48,0,0,-6
11,18,90,36,-30,-43,0,4,-10
11,18,110,21,1,-7,0,3,21
11,18,30,36,-6,-7,0,0,-2
11,18,50,36,-24,-35,0,8,-2
11,18,60,26,-48,-58,0,0,-8
11,18,130,31,-42,-52,0,1,-5
11,18,100,10,-5,-29,0,8,-2
11,18,230,36,83,47,0,1,7
11,18,100,41,86,56,0,7,-9
11,18,110,67,135,83,0,7,-6
11,18,100,51,134,87,0,6,-11
11,18,990,15,132,113,0,5,-11
11,18,290,15,131,96,0,7,-2
11,18,120,21,112,108,-1,8,0
11,18,120,26,88,69,0,3,-13
11,18,110,36,102,84,0,8,-2
11,18,80,15,103,89,0,8,-3
11,18,170,26,102,102,0,7,1
11,18,150,26,99,88,0,8,3
11,18,210,67,114,86,0,7,0
11,18,220,108,132,124,9,8,1
11,18,240,72,116,77,0,6,-4
11,18,220,31,65,56,0,4,4
11,18,230,62,84,55,0,8,-2
11,18,230,36,91,82,0,5,-9
11,18,230,62,129,127,5,8,0
11,18,230,77,130,107,0,7,-2
11,18,80,21,96,96,0,9,0
11,18,160,21,111,97,0,7,-1
11,18,210,36,87,82,0,2,3
11,18,300,21,108,108,0,8,-8
11,18,250,15,86,67,0,8,-3
11,18,260,41,108,108,1,8,1
11,18,40,26,86,75,0,7,1
11,18,990,5,91,87,0,8,0
11,18,70,41,52,50,0,3,-2
11,18,70,26,26,22,0,2,1
11,18,290,26,74,71,1,7,-4
11,18,260,31,84,77,0,7,1
11,18,350,57,54,25,0,7,-5
11,18,40,26,1,-42,0,0,4
11,18,70,21,5,-33,0,0,-9
11,18,210,31,-1,-32,0,6,-6
11,18,220,41,64,60,-1,8,-1
11,18,220,26,98,98,0,8,2
11,18,190,31,93,86,0,7,-14
11,18,180,36,103,81,0,7,6
11,18,100,51,113,73,0,4,-6
11,18,90,62,125,54,0,3,-10
11,18,190,31,95,95,-1,8,2
11,18,220,62,98,70,0,7,-3
11,18,210,51,95,86,0,8,-3
11,18,220,67,91,81,-1,8,8
11,18,280,41,33,27,-1,8,-4
11,18,230,57,36,24,0,6,-3
11,18,260,46,56,52,-1,8,0
11,18,130,36,29,16,0,1,-4
11,18,100,36,17,-28,0,6,-3
11,18,240,36,89,85,0,6,-2
11,18,200,41,79,71,0,8,-1
11,18,180,36,84,58,0,6,-1
11,18,160,51,91,60,0,1,-17
11,18,170,46,113,50,0,7,-15
11,18,140,36,70,66,1,8,1
11,18,100,21,66,59,0,5,-9
11,18,90,41,54,54,0,8,-5
11,18,90,41,23,11,0,0,0
11,18,230,50,103,73,0,5,-6
11,18,220,90,139,116,0,8,0
11,18,200,80,120,113,-1,8,1
11,18,190,80,116,103,3,8,-1
11,18,240,80,91,49,0,6,0
11,18,230,90,112,85,0,1,0
11,18,230,70,90,62,0,4,-1
11,18,210,20,50,34,0,1,-8
11,18,210,50,73,61,0,7,-4
11,18,180,60,78,57,1,8,3
11,18,150,40,95,81,0,6,4
11,18,290,20,91,87,-1,8,-4
11,18,270,20,50,39,0,2,-6
11,18,50,20,27,15,0,0,-9
11,18,40,20,16,4,0,0,-5
11,18,0,0,26,12,0,7,-2
11,18,190,20,-10,-19,0,7,8
11,18,300,20,31,31,16,8,1
11,18,170,90,35,-2,0,8,5
11,18,260,50,56,51,0,8,1
11,18,220,50,28,19,-1,7,-4
11,18,200,50,16,-18,0,3,1
11,18,230,40,14,11,0,6,0
11,18,200,70,25,3,0,8,-1
11,18,210,40,47,43,7,7,1
11,18,310,40,30,15,0,8,-2
11,18,30,40,9,0,-1,8,-2
11,18,240,30,23,11,0,7,-1
11,18,230,50,46,41,0,6,-2
11,18,320,40,37,33,0,2,-5
11,18,990,10,17,12,0,0,-3
11,18,80,20,-4,-4,0,9,-3
11,18,60,50,64,52,0,4,-10
11,18,110,30,68,59,1,8,14
11,18,160,40,110,91,0,7,5
11,18,130,20,109,103,2,8,3
11,18,200,60,92,66,0,2,2
11,18,190,50,94,57,0,2,-2
11,18,190,60,91,52,-1,1,-1
11,18,200,70,86,73,0,7,-3
11,18,130,20,55,48,0,2,-7
11,18,290,30,70,70,0,8,-6
11,18,210,20,32,27,0,1,-9
11,18,200,40,66,51,0,6,-2
11,18,210,40,93,92,1,8,-1
11,18,110,20,108,104,0,7,-1
11,18,90,30,53,32,0,2,-6
11,18,140,20,30,16,0,0,6
11,18,110,30,16,-27,0,2,-9
11,18,180,60,86,66,0,6,-6
11,18,170,20,64,56,0,0,-22
11,18,60,20,28,28,0,2,-7
11,18,100,30,25,25,0,9,-4
11,18,80,40,35,19,0,8,-1
11,18,160,40,73,39,0,5,-2
11,18,100,20,71,40,0,7,-3
11,18,120,30,53,50,6,8,8
11,18,200,50,90,80,0,8,1
11,18,200,40,91,80,0,4,-1
11,18,320,40,84,84,0,8,-2
11,18,250,50,57,31,0,2,-7
11,18,160,40,75,46,0,8,0
11,18,220,100,85,39,0,4,-7
11,18,240,30,45,37,0,7,-6
11,18,220,110,77,37,-1,8,-5
11,18,250,20,70,46,0,7,-15
11,18,180,40,63,47,0,4,-5
11,18,210,70,91,88,11,8,2
11,18,230,50,127,118,0,7,-7
11,18,280,40,72,54,0,1,-7
11,18,210,30,34,25,0,3,-10
11,18,180,40,50,20,0,8,1
11,18,210,40,60,52,2,8,0
11,18,320,40,35,32,0,8,1
11,18,210,20,51,44,0,8,-9
11,18,310,20,29,7,0,7,-9
11,18,270,20,33,13,0,7,-5
11,18,230,50,27,-6,-1,6,-2
11,18,40,30,10,-4,0,7,-11
11,18,80,30,-23,-31,0,1,-4
11,18,100,30,-15,-39,0,3,-5
11,18,100,40,-38,-73,0,1,-9
11,18,310,10,-43,-63,0,0,-8
11,18,170,30,-11,-32,0,8,-1
11,18,120,10,-2,-22,0,7,5
11,18,190,70,29,26,19,8,1
11,18,220,30,50,45,0,7,-4
11,18,160,30,35,12,-1,8,2
11,18,10,30,11,8,0,6,2
11,18,30,50,0,-9,0,8,2
11,18,200,90,174,120,0,7,-5
11,18,280,30,103,88,0,6,-11
11,18,160,20,66,44,0,0,-1
11,18,110,30,67,47,0,1,-16
11,18,180,50,111,36,0,7,4
11,18,240,60,75,31,0,7,-5
11,18,260,40,87,73,-1,8,-3
11,18,210,10,85,85,1,8,1
11,18,350,70,93,88,2,8,-4
11,18,20,70,81,57,0,8,-3
11,18,40,40,51,14,0,7,-8
11,18,40,20,28,5,0,0,-9
11,18,350,20,12,12,0,9,4
11,18,320,30,67,56,1,7,4
11,18,70,20,1,-34,0,0,-8
11,18,210,60,3,-2,-1,8,-3
11,18,250,40,22,19,0,4,0
11,18,250,40,19,9,0,7,-2
11,18,360,50,15,-1,0,8,-10
11,18,40,40,1,-10,0,7,-2
11,18,90,10,2,-9,0,7,-1
11,18,220,70,27,20,3,8,0
11,18,210,30,62,60,0,8,0
11,18,210,40,67,61,0,8,-1
11,18,210,60,77,71,-1,8,3
11,18,190,70,70,11,0,7,-8
11,18,190,40,76,66,0,5,-2
11,18,190,60,87,34,0,8,0
11,18,200,50,73,43,0,8,3
11,18,220,90,74,51,0,6,0
11,18,200,60,69,54,0,7,1
11,18,200,70,102,82,1,8,-8
11,18,190,30,76,52,0,2,-3
11,18,210,40,59,41,0,2,7
11,18,120,50,56,29,0,7,12
11,18,130,50,104,59,0,6,1
11,18,180,70,94,57,0,7,-5
11,18,200,60,78,63,3,8,-1
11,18,220,80,74,43,-1,7,2
11,18,210,60,62,31,0,3,-1
11,18,180,70,84,34,0,7,-4
11,18,210,70,101,85,8,8,-3
11,18,180,20,76,57,0,6,7
11,18,190,30,63,33,0,6,-2
11,18,200,40,55,39,0,5,7
11,18,200,60,85,55,-1,8,2
11,18,220,60,53,27,0,7,-8
11,18,190,80,63,35,0,4,0
11,18,210,60,90,63,-1,7,-10
11,18,190,40,61,28,0,7,-7
11,18,150,50,59,33,0,7,10
11,18,200,60,70,45,0,1,2
11,18,150,40,111,82,0,8,2
11,18,190,40,55,28,0,1,0
11,18,170,70,73,35,0,8,5
11,18,220,70,72,44,0,2,0
11,18,170,40,70,40,0,8,2
11,18,190,40,134,107,0,7,-8
11,18,190,60,123,92,0,7,-2
11,18,150,30,85,70,0,1,12
11,18,260,20,94,53,0,5,-1
11,18,230,10,82,66,0,4,-14
11,18,100,10,75,58,0,5,-8
11,18,260,20,94,77,0,7,-11
11,18,190,20,53,26,0,6,-15
11,18,240,40,96,82,2,7,-2
11,18,240,70,101,88,2,8,-1
11,18,290,30,33,21,0,8,-2
11,18,320,30,19,7,0,5,-7
11,18,130,10,12,-14,0,2,-10
11,18,220,30,51,38,0,8,0
11,18,250,20,93,91,5,8,-1
11,18,20,30,42,26,2,7,-2
11,18,30,30,26,8,0,1,-6
11,18,990,10,-7,-11,0,9,0
11,18,990,10,49,48,0,8,-2
11,18,70,40,50,33,0,7,-2
11,18,990,10,35,23,0,7,-3
11,18,990,10,65,49,0,8,-3
11,18,200,30,68,61,0,8,0
11,18,220,80,70,27,0,8,0
11,18,330,40,39,29,4,8,-8
11,18,250,30,42,25,0,7,-1
11,18,210,40,60,59,7,8,1
11,18,220,50,101,97,0,7,-1
11,18,350,30,66,51,0,8,-1
11,18,190,70,44,26,0,7,3
11,18,240,40,54,37,0,2,-4
11,18,220,80,85,81,12,8,4
11,18,210,50,122,120,1,8,-2
11,18,200,50,130,107,0,7,-3
11,18,110,40,121,102,0,7,-1
11,18,220,40,92,63,0,2,-1
11,18,270,20,96,84,-1,7,-1
11,18,80,10,70,64,0,2,-16
11,18,180,50,79,44,0,8,3
11,18,270,30,57,32,0,7,-1
11,18,190,100,61,49,14,8,6
11,18,300,30,73,56,0,7,-6
11,18,190,60,76,71,9,8,9
11,18,220,60,100,78,0,2,-5
11,18,200,60,108,75,1,8,6
11,18,200,70,102,67,0,4,-14
11,18,180,40,99,56,0,3,-8
11,18,100,20,65,50,0,4,-3
11,18,330,30,76,74,1,8,0
11,18,180,20,93,80,1,8,1
11,18,340,20,83,67,0,7,-1
11,18,130,20,76,58,0,7,-1
11,18,140,30,65,47,0,8,-2
11,18,180,50,110,77,0,8,1
11,18,180,30,70,45,0,0,2
11,18,110,40,91,45,-1,7,6
11,18,90,30,66,55,0,2,-3
11,18,210,30,94,83,4,8,2
11,18,130,20,59,52,0,3,-10
11,18,130,30,67,52,0,1,-12
11,18,200,40,75,59,0,8,6
11,18,200,20,79,62,0,8,8
11,18,220,10,78,75,-1,8,-1
11,18,220,70,87,74,-1,8,-2
11,18,200,100,117,80,-1,8,-10
11,18,240,100,121,83,1,7,2
11,18,160,10,79,72,0,1,-8
11,18,80,40,86,59,0,0,-7
11,18,90,40,83,45,0,0,0
11,18,70,50,65,18,0,0,-5
11,18,110,50,71,24,0,8,-5
11,18,120,20,111,60,0,8,-15
11,18,40,30,90,51,0,2,-7
11,18,120,20,22,5,0,0,-9
11,18,200,30,79,61,-1,8,-1
11,18,190,40,79,67,0,3,-6
11,18,200,50,72,54,0,4,-5
11,18,190,30,62,42,0,1,-16
11,18,300,30,59,57,12,8,-3
11,18,210,80,76,49,0,8,4
11,18,220,80,116,113,1,8,0
11,18,240,50,119,107,0,8,-3
11,18,240,50,88,62,0,8,-4
11,18,210,40,104,82,0,6,-5
11,18,170,50,132,92,0,2,3
11,18,180,40,123,76,0,0,2
11,18,220,30,131,104,-1,8,-5
11,18,170,30,84,74,0,7,3
11,18,180,50,98,41,0,8,-4
11,18,330,30,59,51,0,8,-4
11,18,250,20,44,32,0,8,0
11,18,160,50,39,-15,0,8,2
11,18,120,30,85,72,0,8,1
11,18,30,50,94,70,0,8,-3
11,18,90,40,103,85,-1,8,-3
11,18,230,10,122,97,0,8,-1
11,18,260,30,118,93,0,8,-10
11,18,250,20,73,40,0,8,-6
11,18,270,30,90,85,-1,8,-3
11,18,300,20,81,42,0,8,-9
11,18,110,20,70,44,0,8,-2
11,18,340,20,26,1,0,8,-1
11,18,170,20,46,43,0,8,1
11,18,90,10,38,18,0,8,-3
11,18,220,80,67,53,0,8,1
11,18,250,30,37,24,0,7,1
11,18,0,0,41,18,0,5,-3
11,18,230,50,55,38,0,8,-1
11,18,230,60,91,74,0,8,-1
11,18,240,90,111,82,0,8,-11
11,18,220,20,67,64,33,8,23
11,18,240,40,23,3,0,7,-8
11,18,240,40,22,-22,0,7,-2
11,18,190,40,32,10,-1,8,-1
11,18,250,70,117,81,0,8,-3
11,18,10,20,54,22,0,0,-11
11,18,100,20,21,12,0,0,-3
11,18,190,10,8,-10,0,0,-18
11,18,210,60,51,25,0,8,2
11,18,210,30,79,66,0,8,-3
11,18,200,20,65,56,2,8,0
11,18,40,20,60,53,0,8,-2
11,18,40,30,25,20,0,0,-2
11,18,230,30,97,57,0,0,-13
11,18,190,60,153,131,1,8,-3
11,18,200,100,156,96,0,1,2
11,18,230,40,122,105,1,8,-3
11,18,200,50,73,58,0,0,5
11,18,190,50,107,69,0,2,1
11,18,190,60,94,77,0,0,-1
11,18,180,30,123,64,0,0,4
11,18,310,20,98,90,-1,8,-2
11,18,230,80,103,52,-1,8,-4
11,18,210,70,113,81,0,8,-1
11,18,180,20,81,53,0,8,-2
11,18,20,20,64,49,0,1,5
11,18,200,20,48,47,0,9,0
11,18,230,40,71,68,-1,8,1
11,18,240,30,29,20,0,6,4
11,18,260,30,40,25,0,8,-1
11,18,290,20,44,16,0,7,-7
11,18,220,40,16,14,0,9,1
11,18,230,50,26,20,0,8,1
11,18,50,30,37,34,0,0,-3
11,18,80,20,0,-8,0,0,-17
11,18,290,10,-12,-18,0,0,3
11,18,210,100,22,13,16,8,-6
11,18,220,140,17,-31,0,8,0
11,18,200,80,9,5,-1,8,3
11,18,270,10,0,-7,-1,7,2
11,18,220,60,31,12,0,8,0
11,18,210,50,22,6,0,8,1
11,18,200,60,21,-6,0,8,2
11,18,270,20,32,18,0,2,0
11,18,260,20,46,29,0,2,-4
11,18,230,30,61,39,0,6,8
11,18,250,20,78,49,0,8,-1
11,18,240,40,101,75,0,8,-1
11,18,220,20,91,71,0,8,2
11,18,160,30,96,33,0,5,-35
11,18,210,80,103,80,-1,8,4
11,18,280,20,72,42,0,0,-13
11,18,190,30,61,18,0,8,-3
11,18,230,50,89,55,0,8,3
11,18,250,40,60,36,0,3,-9
11,18,230,70,127,110,0,8,3
11,18,220,80,126,114,0,8,1
11,18,180,50,124,80,0,6,4
11,18,180,50,168,100,-1,8,5
11,18,180,70,108,67,0,0,-3
11,18,180,40,57,39,0,2,0
11,18,220,30,60,55,0,8,0
11,18,200,100,85,66,-1,8,-1
11,18,220,40,57,39,0,2,6
11,18,190,80,71,38,0,8,1
11,18,200,60,99,90,8,8,-1
11,18,180,90,133,107,1,8,1
11,18,230,80,142,73,0,8,-6
11,18,180,40,104,69,0,0,-3
11,18,190,50,129,98,0,8,-1
11,18,190,40,135,97,0,8,-5
11,18,200,30,56,46,0,0,1
11,18,150,20,38,24,0,0,-5
11,18,270,20,117,104,0,8,-2
11,18,260,10,123,123,0,9,0
11,18,260,20,114,113,-1,8,2
11,18,50,20,95,54,0,8,-2
11,18,220,70,99,55,0,8,-1
11,18,280,30,67,53,-1,7,-8
11,18,250,50,100,81,0,8,1
11,18,220,80,100,81,-1,8,4
11,18,260,40,42,33,7,7,5
11,18,260,20,81,61,1,8,-4
11,18,290,30,56,33,0,8,-6
11,18,260,30,43,26,0,2,-3
11,18,230,60,55,53,1,8,3
11,18,340,30,26,-1,-1,8,-5
11,18,30,30,2,-24,0,0,5
11,18,200,40,3,-15,0,7,6
11,18,200,20,19,-4,0,0,-1
11,18,100,40,28,5,0,0,-3
11,18,160,40,50,28,0,3,-10
11,18,120,40,108,32,-1,8,-14
11,18,180,30,83,73,0,0,-2
11,18,190,40,84,67,0,0,0
11,18,330,30,43,18,0,0,-10
11,18,200,60,21,5,0,8,0
11,18,290,40,53,39,-1,8,-4
11,18,280,30,49,19,-1,8,-5
11,18,210,20,43,40,-1,8,4
11,18,190,20,27,4,0,8,0
11,18,230,60,52,47,2,8,1
11,18,200,90,80,66,0,8,-1
11,18,90,20,84,76,1,8,3
11,18,30,40,92,81,0,8,5
11,18,70,20,96,91,0,8,-15
11,18,20,40,89,88,0,9,-7
11,18,220,10,96,87,0,8,-4
11,18,90,30,113,95,0,8,-9
11,18,170,40,103,73,-1,8,0
11,18,180,50,91,52,0,0,-3
11,18,190,60,88,55,0,1,1
11,18,200,120,142,100,-1,8,0
11,18,210,80,87,52,0,0,-3
11,18,220,40,68,52,0,8,6
11,18,190,30,59,50,0,1,2
11,18,220,60,94,81,0,8,-1
11,18,240,30,106,94,0,8,0
11,18,340,40,83,52,0,8,-12
11,18,200,20,43,-3,0,8,-5
11,18,270,20,80,79,1,8,-2
11,18,230,60,83,75,0,8,0
11,18,300,40,93,66,-1,8,1
11,18,250,30,18,3,0,8,9
11,18,250,30,-5,-9,0,1,-4
11,18,180,40,-3,-5,10,8,3
11,18,40,30,-15,-21,0,1,-1
11,18,310,10,28,18,0,8,-11
11,18,210,50,34,27,0,8,4
11,18,200,90,45,-8,0,8,0
11,18,210,20,34,9,0,8,-2
11,18,110,30,24,4,0,7,-3
11,18,140,30,43,25,-1,8,7
11,18,180,70,141,125,16,8,1
11,18,220,40,82,55,0,8,-10
11,18,190,80,88,71,1,8,5
11,18,220,70,84,52,0,8,-8
11,18,220,50,84,63,-1,8,1
11,18,190,80,87,55,0,8,1
11,18,210,30,55,45,0,7,-1
11,18,20,50,64,46,0,1,-1
11,18,320,30,62,54,-1,8,-2
11,18,240,20,76,69,5,8,-3
11,18,210,60,71,38,0,8,-10
11,18,200,40,86,70,0,8,-5
11,18,180,60,144,91,0,1,0
11,18,200,110,122,78,0,1,-2
11,18,210,50,90,69,0,1,-1
11,18,240,40,135,98,0,6,-14
11,18,220,80,104,77,-1,8,-6
11,18,220,100,119,71,0,8,-2
11,18,190,60,108,54,0,0,-4
11,18,200,60,147,88,0,8,-5
11,18,170,70,147,80,0,8,-17
11,18,220,100,94,60,36,7,1
11,18,220,150,120,95,7,8,-4
11,18,220,80,126,92,0,8,0
11,18,220,80,95,63,0,8,-1
11,18,210,100,92,48,-1,2,1
11,18,220,100,78,36,0,8,1
11,18,210,90,94,68,0,7,-5
11,18,180,40,90,47,0,8,-1
11,18,250,10,55,27,0,4,-14
11,18,300,10,86,85,0,8,0
11,18,200,80,104,92,0,8,0
11,18,220,80,132,111,0,7,4
11,18,230,90,149,107,0,8,-1
11,18,230,100,135,122,4,8,-1
11,18,280,10,91,75,0,7,-5
11,18,40,30,51,40,0,2,-7
11,18,110,50,50,5,-1,8,0
11,18,80,30,77,74,7,8,0
11,18,250,30,54,47,0,8,-8
11,18,200,140,89,66,0,8,7
11,18,220,60,103,100,27,8,17
11,18,280,20,106,105,59,8,-3
11,18,200,90,128,100,0,8,-2
11,18,90,20,55,47,0,8,-8
11,18,50,20,39,38,0,8,-4
11,18,90,30,46,19,0,8,-1
11,18,190,20,59,45,0,8,-2
11,18,190,30,79,63,0,8,-5
11,18,90,30,45,40,0,8,-1
11,18,30,30,36,27,0,8,6
11,18,360,40,44,12,0,8,0
11,18,250,30,36,32,0,7,3
11,18,240,40,35,22,0,8,-6
11,18,150,20,3,2,9,7,2
11,18,180,10,-8,-16,0,6,-4
11,18,110,20,-20,-32,0,0,2
11,18,50,40,-12,-30,0,8,-2
11,18,20,20,-22,-23,5,8,-1
11,18,60,70,-23,-39,0,8,-2
11,18,180,40,142,102,0,8,-6
11,18,100,30,134,99,0,8,-9
11,18,170,80,168,92,0,8,1
11,18,170,30,157,107,-1,8,-1
11,18,140,20,120,85,0,2,8
11,18,30,50,100,78,0,8,-1
11,18,70,30,77,69,0,8,2
11,18,100,20,100,85,0,8,-6
11,18,100,30,95,71,0,0,6
11,18,80,70,57,49,0,8,0
11,18,120,30,61,36,0,0,-15
11,18,90,30,72,48,0,2,2
11,18,70,40,54,50,0,0,-11
11,18,60,40,44,9,0,0,-8
11,18,90,40,54,0,0,0,2
11,18,130,20,30,-2,0,0,-19
11,18,210,40,87,65,0,8,2
11,18,170,20,77,59,0,6,5
11,18,170,20,71,29,0,6,-5
11,18,110,30,76,49,0,0,-5
11,18,110,20,61,47,0,0,-7
11,18,150,10,75,71,0,8,-2
11,18,260,20,90,87,0,5,-22
11,18,0,0,47,46,0,9,0
11,18,220,60,68,56,0,8,0
11,18,210,90,70,43,0,1,3
11,18,280,30,81,54,0,2,-10
11,18,170,40,45,18,0,0,1
11,18,200,100,87,51,0,8,3
11,18,180,30,60,29,0,0,-14
11,18,220,80,69,39,-1,5,-5
11,18,200,80,75,54,-1,8,-19
11,18,200,60,51,34,0,0,1
11,18,210,70,78,53,0,8,1
11,18,260,20,54,51,-1,7,-6
11,18,230,60,77,33,0,8,-3
11,18,220,70,96,69,0,8,1
11,18,220,70,82,61,0,8,0
11,18,140,30,84,44,0,8,-10
11,18,180,50,116,100,-1,7,-8
11,18,250,30,60,43,0,1,-8
11,18,190,40,55,31,0,4,6
11,18,150,10,88,73,0,8,-5
11,18,80,50,48,23,0,0,-12
11,18,170,20,42,18,0,8,1
11,18,120,20,32,17,0,0,-2
11,18,230,50,84,77,0,8,-2
11,18,10,10,55,52,0,1,-11
11,18,180,30,84,72,0,2,-2
11,18,170,30,71,45,0,4,-14
11,18,200,80,85,60,0,8,-1
11,18,170,50,61,34,0,0,0
11,18,190,30,76,73,7,8,1
11,18,100,30,93,88,7,8,3
11,18,210,80,81,36,0,0,-2
11,18,190,40,93,69,-1,8,-1
11,18,180,30,62,43,-1,8,-1
11,18,50,30,47,42,0,8,4
11,18,340,30,39,4,0,8,-9
11,18,230,30,7,6,0,9,3
11,18,190,40,92,80,1,8,-3
11,18,210,70,123,103,0,7,1
11,18,220,80,79,44,-1,8,1
11,18,220,30,57,50,0,0,-8
11,18,220,60,73,66,4,8,9
11,18,230,80,136,122,-1,8,-3
11,18,230,20,103,99,7,8,-2
11,18,160,30,109,85,0,8,-3
11,18,200,80,86,55,-1,8,-3
11,18,260,20,50,29,0,0,-3
11,18,180,40,76,36,0,8,-5
11,18,240,30,69,66,-1,8,1
11,18,170,20,39,33,0,0,4
11,18,220,30,58,55,4,8,3
11,18,30,40,40,34,0,0,-15
11,18,0,0,13,13,0,9,0
11,18,100,30,34,22,0,8,-4
11,18,180,30,44,21,0,8,-5
11,18,340,40,59,51,1,8,-1
11,18,180,70,38,-19,0,8,-4
11,18,30,50,34,15,0,8,0
11,18,30,50,42,20,0,8,1
11,18,20,50,53,38,-1,8,-4
11,18,360,30,45,28,1,8,2
11,18,350,40,49,30,0,8,-3
11,18,210,30,32,25,0,8,1
11,18,220,30,56,42,0,8,-4
11,18,0,0,66,66,0,8,-2
11,18,280,30,57,41,23,5,-1
11,18,280,10,55,47,0,8,5
11,18,190,40,158,115,0,0,-20
11,18,180,50,151,119,0,2,3
11,18,190,90,137,98,-1,8,2
11,18,330,10,88,74,0,8,-2
11,18,150,10,51,41,0,0,1
11,18,180,40,63,34,0,0,-3
11,18,190,60,91,64,-1,2,3
11,18,140,40,98,63,0,1,-1
11,18,160,30,108,65,0,8,-5
11,18,170,30,83,45,0,0,-4
11,18,100,40,116,88,0,8,1
11,18,200,30,88,77,0,8,1
11,18,170,30,78,52,0,0,-12
11,18,180,30,103,91,9,8,3
11,18,190,20,75,66,0,8,-2
11,18,150,10,85,82,0,8,3
11,18,110,20,82,60,0,8,2
11,18,40,30,82,75,0,8,-3
11,18,70,30,57,47,0,3,-6
11,18,80,40,49,38,0,6,1
11,18,100,30,55,36,0,2,-4
11,18,140,20,89,72,0,8,3
11,18,180,30,126,91,-1,2,5
11,18,80,10,48,30,0,0,-7
11,18,80,30,53,19,0,7,2
11,18,100,20,63,54,-1,8,2
11,18,100,20,75,72,7,8,-3
11,18,70,60,47,34,0,0,-2
11,18,70,50,32,19,0,8,-2
11,18,90,10,15,15,0,9,1
11,18,60,20,89,78,0,0,9
11,18,120,10,89,69,0,0,-2
11,18,90,20,113,87,0,8,19
11,18,190,40,136,113,0,8,-1
11,18,180,50,159,113,0,8,0
11,18,200,60,153,139,2,8,3
11,18,210,60,181,145,0,8,4
11,18,180,40,159,133,0,8,10
11,18,220,90,127,83,0,6,4
11,18,220,90,127,114,0,8,1
11,18,220,60,113,74,0,8,5
11,18,180,20,127,90,0,8,2
11,18,240,70,89,44,-1,8,2
11,18,220,70,91,63,1,8,-8
11,18,230,100,131,90,0,8,-4
11,18,210,70,117,108,-1,8,7
11,18,210,120,145,131,3,8,1
11,18,210,100,117,71,0,1,10
11,18,350,50,77,71,22,8,-3
11,18,240,40,58,45,0,5,4
11,18,330,30,26,22,-1,8,1
11,18,280,30,26,5,0,6,-12
11,18,200,20,7,-2,0,8,-4
11,18,210,80,23,11,13,8,3
11,18,290,30,47,38,0,8,-4
11,18,190,10,31,22,0,0,-7
11,18,190,50,47,9,0,8,-6
11,18,220,100,63,20,-1,8,-1
11,18,230,110,101,81,2,8,2
11,18,240,110,102,87,17,8,-2
11,18,310,20,124,104,-1,8,-11
11,18,240,30,71,43,0,8,0
11,18,200,20,62,44,0,8,-8
11,18,200,40,78,36,-1,8,-5
11,18,240,40,73,33,0,8,-4
11,18,230,60,53,29,1,8,-1
11,18,250,20,43,38,4,8,-13
11,18,190,30,24,1,0,7,0
11,18,40,30,34,28,12,8,-1
11,18,190,40,74,50,-1,8,0
11,18,20,20,29,9,0,8,-1
11,18,130,30,44,8,0,8,-3
11,18,60,20,39,29,5,8,0
11,18,200,50,41,29,1,8,1
11,18,210,50,90,87,2,8,3
11,18,220,60,109,92,0,7,1
11,18,200,100,111,78,-1,8,4
11,18,210,40,39,25,4,6,13
11,18,210,60,55,17,0,5,-5
11,18,200,70,116,84,0,8,-5
11,18,200,60,122,100,3,8,-1
11,18,160,20,107,64,0,8,-8
11,18,50,40,97,84,-1,8,-10
11,18,50,70,70,50,0,8,-3
11,18,60,30,35,1,0,2,-6
11,18,360,20,56,37,0,8,-13
11,18,20,10,53,35,-1,7,6
11,18,60,60,-1,-42,0,0,-2
11,18,70,20,-14,-41,0,0,-10
11,18,220,40,9,-41,0,8,5
11,18,170,20,99,56,0,8,-1
11,18,230,30,95,77,0,8,0
11,18,150,20,77,53,0,8,5
11,18,210,60,131,118,1,8,5
11,18,230,30,50,30,-1,4,-14
11,18,0,0,65,32,0,0,-23
11,18,40,20,47,38,0,8,-13
11,18,320,20,61,59,0,8,0
11,18,210,50,71,57,0,8,2
11,18,270,40,68,27,0,6,-1
11,18,250,20,62,59,0,8,-2
11,18,280,30,40,30,-1,8,-1
11,18,310,30,52,33,0,8,-11
11,18,220,40,78,48,0,8,-1
11,18,220,20,90,88,-1,8,-1
11,18,200,30,88,81,0,8,3
11,18,250,10,58,1,0,8,-28
11,18,230,50,65,40,0,8,0
11,18,280,20,55,35,-1,8,-2
11,18,220,70,81,76,1,8,2
11,18,210,70,90,70,0,8,-2
11,18,180,60,103,40,0,0,3
11,18,220,40,105,84,0,8,-8
11,18,170,20,65,54,0,8,1
11,18,240,40,28,13,0,0,2
11,18,230,40,43,20,0,8,3
11,18,230,60,73,67,7,8,2
11,18,240,20,38,26,2,8,0
11,18,280,10,27,24,0,8,1
11,18,230,20,4,3,7,8,-2
11,18,170,40,94,74,0,8,7
11,18,280,20,65,14,0,0,-7
11,18,80,30,41,22,0,7,0
11,18,90,40,89,71,0,0,-5
11,18,110,20,104,79,0,8,-9
11,18,190,50,144,86,0,8,3
11,18,190,60,122,88,0,8,-7
11,18,90,20,73,52,0,5,1
11,18,160,40,115,81,0,1,7
11,18,180,50,128,106,0,8,-1
11,18,200,40,118,94,1,8,-8
11,18,220,30,96,87,0,8,-2
11,18,210,40,91,64,0,2,-10
11,18,110,20,78,55,0,8,-4
11,18,100,30,54,40,0,0,-10
11,18,80,60,69,28,0,0,-19
11,18,60,40,47,12,0,0,-9
11,18,60,50,28,-53,0,1,-7
11,18,50,90,33,2,0,8,-1
11,18,90,40,31,-10,0,4,-1
11,18,60,40,22,-3,0,8,-1
11,18,80,20,22,4,0,8,1
11,18,80,40,48,24,0,8,-11
11,18,320,10,41,40,3,8,-3
11,18,30,50,33,31,0,9,1
11,18,30,30,50,46,0,8,-1
11,18,130,20,31,26,0,8,2
11,18,180,50,74,53,0,8,2
11,18,180,70,100,56,-1,8,3
11,18,220,40,84,65,0,1,-2
11,18,200,60,125,110,-1,8,2
11,18,210,90,118,72,0,8,-3
11,18,190,40,118,111,9,8,-3
11,18,210,70,96,72,12,8,-7
11,18,230,20,90,76,0,8,0
11,18,150,10,74,69,0,8,-2
11,18,200,50,64,43,0,8,-5
11,18,260,10,49,34,0,6,-7
11,18,170,30,36,16,0,1,-2
11,18,140,10,34,20,0,0,-13
11,18,210,50,53,41,0,8,0
11,18,180,50,41,15,0,1,-2
11,18,190,30,50,31,0,8,-6
11,18,170,10,63,28,-1,8,-12
11,18,170,20,53,19,0,8,1
11,18,170,30,36,2,0,8,-10
11,18,350,40,42,28,-1,8,0
11,18,260,20,53,50,22,8,0
11,18,190,20,24,11,0,8,-14
11,18,90,20,15,-4,0,1,1
11,18,180,30,40,21,0,8,8
11,18,90,60,49,36,0,0,-2
11,18,90,20,72,39,0,8,-10
11,18,200,40,66,62,0,8,-10
11,18,150,20,77,45,0,8,-9
11,18,200,50,111,83,0,8,1
11,18,200,80,105,84,0,8,-1
11,18,250,50,87,81,5,8,0
11,18,270,20,46,23,0,1,-2
11,18,80,30,23,12,0,1,-6
11,18,200,70,167,146,-1,8,2
11,18,240,40,128,109,2,8,0
11,18,220,60,87,45,0,0,-9
11,18,340,10,57,41,0,0,3
11,18,70,20,51,22,0,8,0
11,18,100,40,77,-10,0,0,-16
11,18,150,20,121,76,0,0,-5
11,18,170,20,138,112,2,8,4
11,18,90,20,138,125,0,8,1
11,18,240,20,135,119,0,8,-4
11,18,170,20,107,81,0,8,-5
11,18,230,30,90,57,0,8,-10
11,18,190,30,127,111,0,8,5
11,18,180,50,136,92,0,8,4
11,18,240,60,93,59,25,8,-1
11,18,230,40,98,76,0,8,-3
11,18,210,50,108,86,0,8,1
11,18,180,50,135,58,0,6,-4
11,18,330,40,73,56,1,8,-13
11,18,170,20,28,6,0,0,-4
11,18,200,70,81,40,0,8,2
11,18,220,40,85,81,1,8,-1
11,18,170,20,59,44,0,6,4
11,18,160,30,65,37,0,8,-6
11,18,210,40,94,54,0,8,-1
11,18,100,20,61,51,0,0,-6
11,18,70,40,37,33,0,8,0
11,18,40,40,40,26,0,1,-17
11,18,70,20,-13,-36,0,0,-4
11,18,200,60,35,25,9,8,3
11,18,200,67,133,82,0,7,-1
11,18,230,46,123,90,0,7,4
11,18,240,67,89,65,-1,7,2
11,18,220,62,60,37,0,5,3
11,18,300,26,43,37,0,3,-1
11,18,220,51,68,19,0,4,2
11,18,260,67,118,99,0,8,1
11,18,260,36,80,74,2,7,-1
11,18,260,31,46,42,-1,5,1
11,18,210,57,55,22,0,7,6
11,18,210,15,65,61,6,8,-3
11,18,180,103,92,78,-1,8,9
11,18,270,62,70,19,0,6,0
11,18,180,21,51,36,0,7,-11
11,18,250,15,25,21,0,0,6
11,18,100,21,22,21,0,9,1
11,18,130,26,35,34,0,8,4
11,18,150,26,76,70,-1,7,-12
11,18,50,57,43,37,37,8,-7
11,18,20,67,32,16,-1,8,-2
11,18,230,10,-5,-11,0,8,-1
11,18,200,26,39,36,-1,8,3
11,18,190,26,50,18,0,8,0
11,18,50,21,9,6,0,0,-4
11,18,130,36,10,-11,0,6,-5
11,18,130,26,52,17,0,7,1
11,18,130,15,36,30,0,4,8
11,18,160,31,62,58,0,3,-2
11,18,110,36,29,26,0,9,3
11,18,220,10,14,4,0,0,-6
11,18,200,51,79,9,0,8,-1
11,18,240,93,113,100,11,8,-1
11,18,220,21,66,43,0,1,-10
11,18,250,31,90,61,0,7,-1
11,18,240,31,118,102,0,5,-10
11,18,220,41,120,88,0,7,-3
11,18,240,36,103,95,3,8,1
11,18,140,10,51,28,0,1,-12
11,18,170,62,89,60,-1,8,5
11,18,220,36,88,64,-1,7,-3
11,18,270,82,82,48,-1,7,4
11,18,260,93,53,18,12,8,11
11,18,260,31,43,22,-1,4,7
11,18,130,26,33,13,0,7,4
11,18,200,26,91,88,0,8,-7
11,18,190,46,84,57,-1,8,-2
11,18,280,57,54,11,0,2,4
11,18,210,77,55,46,1,8,3
11,18,260,41,62,1,0,2,-6
11,18,210,41,41,4,0,7,-3
11,18,160,26,60,53,1,8,0
11,18,260,67,128,123,12,8,1
11,18,200,51,96,58,0,0,-6
11,18,170,51,108,96,0,8,1
11,18,210,77,114,48,0,8,-1
11,18,270,72,84,35,0,1,-6
11,18,170,62,75,48,0,8,1
11,18,230,21,46,23,0,4,-18
11,18,190,46,96,91,0,3,10
11,18,170,77,108,66,0,7,-1
11,18,90,21,29,17,0,8,-1
11,18,90,36,45,32,0,7,-2
11,18,120,31,111,90,0,7,1
11,18,60,15,89,86,0,1,-19
11,18,60,51,56,44,0,0,-12
11,18,60,46,64,49,0,8,-3
11,18,30,21,54,54,-1,8,0
11,18,310,15,65,62,0,7,-4
11,18,200,31,73,59,0,5,-8
11,18,180,77,83,82,13,8,1
11,18,230,21,61,47,0,1,-5
11,18,220,21,72,61,1,8,-5
11,18,180,57,70,63,1,8,-1
11,18,310,113,75,64,15,8,2
11,18,350,36,59,45,0,0,-23
11,18,90,21,3,-11,0,6,5
11,18,100,36,7,-9,0,1,-6
11,18,100,41,-4,-24,0,0,0
11,18,60,21,-25,-45,0,1,-5
11,18,50,41,9,3,0,7,0
11,18,90,36,-47,-71,-1,8,-8
11,18,120,21,-70,-73,0,2,3
11,18,200,36,-12,-22,0,2,-12
11,18,120,31,-15,-42,0,7,-8
11,18,140,10,-13,-13,0,2,-15
11,18,30,46,8,8,0,9,-3
11,18,100,46,-20,-37,0,8,1
11,18,80,31,-42,-50,0,0,25
11,18,120,31,-12,-34,0,7,-9
11,18,150,21,-17,-17,15,8,1
11,18,230,21,80,61,0,1,1
11,18,110,26,86,77,0,7,-4
11,18,120,51,137,96,0,3,-8
11,18,120,41,151,113,0,7,-5
11,18,990,5,128,123,0,7,-5
11,18,220,15,126,103,0,7,-6
11,18,120,15,119,116,0,8,-3
11,18,130,26,99,98,0,1,-5
11,18,130,41,112,98,-1,8,-7
11,18,210,5,103,101,0,7,-12
11,18,180,26,114,111,-1,8,-3
11,18,130,21,106,106,-1,8,-2
11,18,210,51,121,103,0,8,1
11,18,230,62,142,142,19,8,0
11,18,250,51,118,97,0,7,-5
11,18,220,15,73,64,0,4,0
11,18,250,36,89,62,0,7,-1
11,18,220,21,83,82,0,6,-9
11,18,250,46,141,139,0,8,0
11,18,230,62,139,107,0,8,-2
11,18,0,0,86,86,0,8,1
11,18,140,5,106,106,0,8,1
11,18,230,21,122,114,0,8,-1
11,18,280,15,62,61,0,1,-19
11,18,230,21,70,66,0,2,8
11,18,280,36,117,117,1,8,0
11,18,310,5,80,80,0,7,8
11,18,250,5,44,44,0,1,9
11,18,70,31,51,48,0,3,-6
11,18,80,21,31,28,0,2,-2
11,18,310,31,73,66,-1,5,-10
11,18,290,41,96,65,0,5,2
11,18,330,21,59,32,0,7,-3
11,18,360,10,-11,-30,0,1,-6
11,18,0,0,-22,-41,0,1,-5
11,18,210,26,8,-31,0,3,-15
11,18,210,21,75,75,2,8,4
11,18,250,15,113,107,0,7,-1
11,18,190,31,107,101,-1,8,-1
11,18,130,41,88,76,0,6,2
11,18,120,41,115,72,0,5,-11
11,18,90,62,119,70,0,2,-8
11,18,190,15,100,100,-1,8,5
11,18,220,46,94,77,0,8,-1
11,18,180,41,84,76,0,6,-11
11,18,260,31,98,87,0,7,-6
11,18,260,31,19,19,0,8,-1
11,18,260,21,41,29,-1,6,0
11,18,270,36,68,64,10,7,8
11,18,140,21,25,13,0,1,-8
11,18,140,41,19,-28,0,3,-7
11,18,220,21,89,89,-1,8,0
11,18,200,36,94,80,-1,8,5
11,18,170,51,84,59,0,6,-3
11,18,160,46,100,69,0,2,-2
11,18,180,57,118,65,0,7,-6
11,18,140,31,76,61,0,7,2
11,18,110,5,36,36,0,1,2
11,18,100,31,47,47,0,8,0
11,18,110,31,20,11,0,1,3
11,18,230,20,92,70,0,4,-5
11,18,220,60,146,125,0,7,2
11,18,210,60,138,124,-1,8,-3
11,18,190,90,120,111,1,8,2
11,18,240,20,92,66,-1,7,0
11,18,240,70,122,69,0,1,-3
11,18,290,30,81,67,0,7,-10
11,18,210,20,47,22,0,0,-7
11,18,210,20,65,40,0,5,5
11,18,180,70,76,64,2,8,1
11,18,0,0,65,64,0,5,-2
11,18,260,10,75,69,0,6,-16
11,18,350,20,42,22,-1,2,-9
11,18,100,10,27,3,0,0,-21
11,18,60,10,-2,-12,0,0,-11
11,18,250,20,5,-14,0,7,-3
11,18,180,50,27,8,0,8,0
11,18,350,30,45,44,9,8,11
11,18,130,60,5,2,12,8,5
11,18,320,60,62,45,3,7,-1
11,18,240,20,18,8,0,1,-1
11,18,220,50,38,8,0,7,-4
11,18,260,30,20,7,0,5,-10
11,18,210,50,28,13,-1,8,-4
11,18,240,20,56,52,5,8,1
11,18,330,30,28,5,0,8,-18
11,18,40,20,-2,-12,0,8,-4
11,18,190,10,-7,-13,0,2,8
11,18,280,20,43,30,2,7,4
11,18,340,40,41,21,0,1,-15
11,18,30,10,-1,-4,0,2,-6
11,18,210,10,1,1,0,8,5
11,18,70,40,58,48,0,0,-1
11,18,120,40,76,15,0,7,-2
11,18,160,30,116,102,0,7,-9
11,18,140,10,83,83,0,6,13
11,18,200,40,99,88,0,5,-3
11,18,180,50,94,61,0,3,-4
11,18,180,70,94,52,0,3,-6
11,18,170,50,83,79,1,6,2
11,18,160,20,71,67,-1,7,-8
11,18,310,30,61,61,0,6,-5
11,18,200,30,62,48,0,7,-6
11,18,190,20,56,52,0,7,4
11,18,230,20,105,105,1,8,1
11,18,120,30,108,103,0,8,-5
11,18,120,30,55,37,0,7,-3
11,18,130,40,52,26,0,4,-4
11,18,130,60,41,-27,0,8,-5
11,18,140,50,64,63,-1,3,11
11,18,190,20,75,69,0,7,-24
11,18,90,20,55,52,0,7,-6
11,18,180,20,45,45,0,8,1
11,18,100,50,34,18,0,7,-7
11,18,120,30,49,32,0,3,-6
11,18,100,40,66,44,0,7,1
11,18,140,50,52,52,6,8,1
11,18,180,50,89,88,-1,7,3
11,18,200,30,97,85,2,7,-4
11,18,310,20,83,79,0,8,-7
11,18,260,30,71,47,0,6,-12
11,18,160,60,78,54,-1,8,0
11,18,220,60,76,49,1,4,-1
11,18,260,30,42,36,0,3,0
11,18,220,80,88,65,1,7,-3
11,18,270,20,65,58,0,5,-30
11,18,180,30,59,52,0,7,6
11,18,210,60,100,99,-1,8,5
11,18,240,20,124,106,0,6,-10
11,18,280,30,72,51,0,2,3
11,18,190,20,39,35,0,2,-2
11,18,190,50,61,34,0,8,-3
11,18,180,40,58,54,4,8,1
11,18,0,0,55,54,-1,8,-5
11,18,230,20,66,62,0,6,-6
11,18,340,30,25,6,0,1,-15
11,18,990,10,3,-4,0,3,-14
11,18,210,30,30,25,9,6,-7
11,18,10,10,-19,-20,0,1,-21
11,18,120,20,-25,-32,0,3,-4
11,18,140,20,-24,-37,0,2,-6
11,18,80,10,-59,-80,0,0,-5
11,18,300,10,-57,-66,0,0,-12
11,18,190,40,-13,-35,0,8,3
11,18,0,0,4,-16,0,8,1
11,18,210,50,41,41,15,8,6
11,18,260,20,61,48,-1,7,-5
11,18,170,60,46,28,0,8,-1
11,18,60,30,26,26,0,8,-3
11,18,50,30,-6,-18,0,1,1
11,18,210,80,178,134,0,8,-16
11,18,260,20,92,72,0,2,-11
11,18,190,20,110,85,0,8,1
11,18,140,20,46,27,0,5,-19
11,18,170,80,103,41,0,7,8
11,18,250,50,76,57,12,8,2
11,18,280,50,95,66,0,7,-14
11,18,300,30,90,90,0,6,5
11,18,350,40,84,62,0,5,-8
11,18,20,70,87,55,0,7,-10
11,18,40,40,48,36,0,1,-3
11,18,20,30,12,0,0,0,3
11,18,210,10,40,40,1,8,3
11,18,360,30,82,65,0,7,-15
11,18,110,10,-26,-46,0,1,3
11,18,210,30,8,-3,0,7,1
11,18,280,30,25,12,-1,6,12
11,18,280,20,8,4,0,5,-14
11,18,350,40,30,7,0,7,0
11,18,50,40,8,-14,0,6,-3
11,18,250,20,13,-1,0,7,-2
11,18,240,40,51,45,-1,8,0
11,18,230,20,67,60,0,7,1
11,18,210,40,88,82,0,8,0
11,18,210,40,95,90,0,7,1
11,18,190,60,61,30,0,6,-2
11,18,170,20,47,42,0,3,1
11,18,180,70,90,54,0,7,-1
11,18,220,20,84,54,0,7,-2
11,18,230,60,87,49,0,7,6
11,18,200,50,68,53,0,1,3
11,18,220,60,85,59,12,6,-7
11,18,170,20,54,37,0,2,-9
11,18,200,40,68,52,0,6,0
11,18,130,50,70,33,0,7,0
11,18,120,60,105,74,0,8,-5
11,18,180,70,86,75,5,7,1
11,18,220,40,74,60,13,8,-3
11,18,210,50,85,53,0,7,-9
11,18,220,40,68,43,0,4,-4
11,18,180,80,91,52,0,7,0
11,18,200,70,91,81,10,8,-1
11,18,180,30,82,65,0,7,-16
11,18,990,10,54,46,0,5,-6
11,18,200,40,72,54,-1,7,-5
11,18,220,30,82,74,26,8,-1
11,18,200,50,50,42,8,7,-1
11,18,190,80,75,54,0,5,3
11,18,200,60,94,69,0,7,-5
11,18,160,40,49,33,0,2,-8
11,18,140,50,56,28,0,7,6
11,18,200,70,92,45,0,4,-3
11,18,140,40,108,87,0,8,-4
11,18,170,30,54,35,0,3,6
11,18,170,80,90,47,0,8,-13
11,18,220,50,85,58,0,7,-7
11,18,160,40,71,47,0,7,2
11,18,200,40,127,107,0,7,-10
11,18,200,50,117,84,0,7,-3
11,18,130,30,82,68,0,3,-1
11,18,270,30,97,69,0,4,-14
11,18,240,20,94,80,0,5,-25
11,18,210,10,94,80,0,6,-24
11,18,280,40,100,48,0,7,-20
11,18,220,20,63,39,0,5,-2
11,18,230,20,91,75,8,6,5
11,18,250,40,110,98,0,7,5
11,18,320,30,41,-10,0,3,9
11,18,340,20,19,5,0,1,-9
11,18,210,20,23,-20,0,3,-2
11,18,240,20,68,50,0,8,1
11,18,250,20,95,91,4,8,-1
11,18,340,40,51,24,0,8,-1
11,18,30,20,22,6,0,2,1
11,18,160,10,-18,-22,0,0,-10
11,18,50,10,87,80,0,8,0
11,18,80,20,65,52,0,8,0
11,18,20,30,74,66,0,8,-12
11,18,990,10,49,44,0,3,-26
11,18,240,20,82,66,0,8,-1
11,18,230,70,94,50,0,8,-11
11,18,320,60,34,18,24,7,-11
11,18,260,20,43,29,0,7,2
11,18,240,20,89,88,1,8,2
11,18,210,50,108,103,4,8,-1
11,18,290,10,17,11,0,3,-2
11,18,200,70,57,38,0,8,0
11,18,230,20,49,33,0,1,-2
11,18,230,40,102,98,6,8,3
11,18,220,40,128,126,10,8,-1
11,18,190,50,130,110,0,,-2
11,18,120,40,132,112,0,,0
11,18,230,20,99,75,0,,0
11,18,990,10,77,71,0,3,6
11,18,140,20,54,51,0,,1
11,18,170,50,74,64,13,8,-1
11,18,330,40,61,43,5,5,-6
11,18,190,100,72,65,27,,7
11,18,320,20,52,26,0,,5
11,18,180,50,79,73,2,,3
11,18,220,40,91,75,0,2,-8
11,18,200,50,101,87,6,8,-6
11,18,210,40,96,73,0,6,-6
11,18,190,40,90,57,0,3,-9
11,18,140,10,53,50,0,,-10
11,18,340,30,76,73,0,,0
11,18,160,20,66,59,0,,8
11,18,160,10,72,71,0,,-3
11,18,70,30,74,61,0,,-1
11,18,120,30,69,57,0,5,-6
11,18,160,50,112,81,0,7,-6
11,18,140,20,56,41,0,,1
11,18,160,30,89,66,0,,-3
11,18,120,30,65,54,0,,-25
11,18,40,10,74,70,11,,0
11,18,180,10,58,54,0,,-5
11,18,140,30,64,54,0,,-4
11,18,180,30,71,65,0,,-13
11,18,160,10,80,73,-1,,3
11,18,990,10,42,39,0,,14
11,18,230,30,93,87,0,8,5
11,18,200,90,108,98,9,8,3
11,18,260,50,123,85,0,1,-1
11,18,250,10,95,83,0,6,-22
11,18,120,40,107,68,0,1,-10
11,18,350,10,55,45,0,1,-11
11,18,70,70,68,30,0,0,-9
11,18,80,40,62,27,0,6,-8
11,18,130,30,104,63,0,8,-7
11,18,30,20,79,66,0,7,-12
11,18,110,30,38,22,0,0,-4
11,18,180,30,82,58,0,8,-3
11,18,190,20,83,75,0,1,-2
11,18,180,60,75,63,0,1,1
11,18,210,10,62,50,0,1,19
11,18,260,20,65,62,-1,8,-5
11,18,220,50,95,69,-1,8,-6
11,18,270,40,123,119,4,8,1
11,18,240,30,131,115,0,8,-3
11,18,200,60,84,76,-1,8,-3
11,18,190,30,95,81,0,7,-1
11,18,180,50,131,103,0,8,1
11,18,160,30,110,102,0,6,-7
11,18,330,30,74,74,0,8,-1
11,18,180,30,65,57,0,4,10
11,18,190,70,91,68,2,8,-4
11,18,30,20,51,50,0,9,-1
11,18,220,20,34,34,0,9,0
11,18,160,60,44,-1,0,8,2
11,18,0,0,61,56,0,7,6
11,18,50,40,84,63,0,8,-2
11,18,70,30,96,84,0,8,-1
11,18,270,10,102,98,0,8,4
11,18,230,20,113,108,2,8,-14
11,18,240,20,73,50,0,7,-4
11,18,340,20,93,90,0,8,-7
11,18,220,10,41,35,0,8,0
11,18,100,20,69,47,0,8,-7
11,18,310,10,-6,-15,0,0,-5
11,18,360,40,81,72,0,8,-9
11,18,0,0,11,4,0,0,-13
11,18,240,50,89,86,5,8,6
11,18,280,20,42,31,-1,6,3
11,18,200,20,33,29,0,1,-4
11,18,230,30,73,56,0,8,-1
11,18,240,40,110,89,-1,8,-2
11,18,240,50,108,101,4,8,0
11,18,0,0,61,58,12,8,-1
11,18,260,30,26,3,0,4,4
11,18,250,20,17,13,1,3,5
11,18,150,40,25,19,7,8,2
11,18,270,50,120,78,0,8,1
11,18,30,10,40,25,0,5,-24
11,18,120,10,13,8,0,0,1
11,18,0,0,-34,-35,0,9,1
11,18,210,40,52,46,2,8,7
11,18,210,30,78,71,0,8,-3
11,18,190,40,75,72,-1,8,-1
11,18,0,0,72,70,0,8,-1
11,18,60,40,35,25,0,8,2
11,18,200,20,85,60,0,0,3
11,18,190,60,152,139,0,8,2
11,18,200,80,173,103,0,8,0
11,18,230,20,117,82,0,8,-6
11,18,200,30,72,38,0,6,9
11,18,180,60,119,73,0,6,-1
11,18,180,40,108,94,0,1,-3
11,18,140,40,130,85,0,0,-13
11,18,270,20,98,76,0,7,-16
11,18,210,60,96,89,1,8,0
11,18,200,70,115,79,0,8,2
11,18,230,10,85,74,0,8,-2
11,18,310,10,41,36,0,0,1
11,18,210,20,52,35,0,0,-9
11,18,250,20,86,83,1,8,-2
11,18,280,30,47,36,6,7,2
11,18,240,30,37,28,0,5,-7
11,18,280,10,0,-6,0,0,-4
11,18,210,30,25,21,0,9,3
11,18,230,30,40,32,0,8,-1
11,18,60,40,78,56,0,8,-11
11,18,40,30,29,8,0,8,0
11,18,30,10,39,29,0,8,-20
11,18,210,70,50,44,4,8,-1
11,18,220,80,3,2,47,8,-1
11,18,220,20,17,12,19,8,-1
11,18,240,20,8,1,0,8,0
11,18,220,20,32,27,-1,8,-1
11,18,220,20,19,13,-1,2,-4
11,18,200,50,26,16,0,5,-5
11,18,360,20,51,21,11,7,-6
11,18,280,30,46,30,0,1,-4
11,18,260,20,85,74,-1,8,-13
11,18,230,30,94,63,0,8,-5
11,18,250,20,112,86,0,8,-7
11,18,240,10,101,84,0,8,0
11,18,360,10,44,35,0,8,-7
11,18,220,50,109,98,1,8,6
11,18,280,20,63,32,-1,1,-3
11,18,180,30,65,42,0,8,-3
11,18,260,50,104,52,0,8,1
11,18,270,30,73,37,0,7,-7
11,18,260,40,128,104,0,7,-5
11,18,220,50,135,120,0,8,-3
11,18,170,50,121,95,0,7,-5
11,18,200,30,144,118,2,8,-5
11,18,170,60,109,65,0,0,-3
11,18,220,30,78,39,0,8,-31
11,18,210,30,49,41,0,1,0
11,18,200,80,87,76,7,8,2
11,18,220,20,52,31,0,7,-2
11,18,190,60,76,48,0,7,-5
11,18,210,40,105,92,0,8,-1
11,18,160,50,117,97,0,8,9
11,18,230,80,135,56,0,8,-8
11,18,160,20,83,70,0,0,-7
11,18,180,50,137,104,0,8,-5
11,18,170,40,119,101,3,8,-3
11,18,200,20,65,54,0,0,-7
11,18,120,20,37,34,0,4,3
11,18,250,20,121,106,0,8,-2
11,18,280,20,135,133,-1,8,-1
11,18,310,30,110,103,0,3,-17
11,18,330,20,98,84,0,8,-1
11,18,230,40,103,77,0,8,0
11,18,280,20,74,62,1,7,-4
11,18,310,50,115,98,6,8,-8
11,18,230,60,102,87,11,8,-18
11,18,300,60,54,39,6,7,6
11,18,260,10,81,65,1,8,-1
11,18,310,30,51,32,1,3,-1
11,18,270,20,42,21,0,5,-1
11,18,280,40,69,61,2,8,-3
11,18,360,30,32,5,0,5,-9
11,18,240,10,1,-14,0,8,7
11,18,250,20,50,36,0,8,-4
11,18,190,30,19,-10,0,0,3
11,18,130,50,41,18,0,0,-4
11,18,120,30,62,40,0,8,-1
11,18,140,40,83,58,-1,8,1
11,18,180,20,66,61,0,0,1
11,18,210,40,86,70,0,0,-4
11,18,310,30,17,4,0,0,0
11,18,220,50,55,9,0,8,2
11,18,330,50,56,30,1,5,-7
11,18,320,40,49,31,2,7,-7
11,18,190,20,59,54,-1,8,-1
11,18,190,50,60,24,0,8,-1
11,18,220,40,72,68,0,8,-1
11,18,210,60,89,81,1,8,-2
11,18,100,40,78,73,1,8,2
11,18,30,30,89,78,-1,8,4
11,18,100,40,93,86,0,8,-6
11,18,50,30,81,81,0,9,0
11,18,30,10,94,92,-1,8,0
11,18,140,10,106,99,0,8,-22
11,18,200,60,110,79,-1,8,-12
11,18,180,70,91,64,0,2,-2
11,18,190,60,85,52,0,1,4
11,18,200,90,147,105,0,8,1
11,18,230,50,96,47,0,1,-6
11,18,230,30,86,70,1,8,-5
11,18,200,30,61,38,0,5,-4
11,18,220,40,99,97,-1,8,2
11,18,250,30,107,101,-1,8,4
11,18,350,40,83,44,0,8,-17
11,18,190,40,70,28,0,7,-6
11,18,310,30,66,58,0,3,8
11,18,250,40,91,72,0,8,-3
11,18,290,70,101,54,0,8,-3
11,18,290,40,28,-4,0,7,-4
11,18,290,20,-4,-15,-1,4,6
11,18,170,40,-2,-3,9,8,2
11,18,330,30,-7,-17,0,0,-5
11,18,270,20,36,23,0,7,-22
11,18,230,20,63,40,0,8,-1
11,18,200,60,55,40,0,8,0
11,18,170,20,38,21,0,8,3
11,18,120,20,11,5,0,7,-2
11,18,140,30,32,29,2,8,2
11,18,190,80,153,146,17,8,4
11,18,210,20,72,54,0,0,-11
11,18,170,70,91,83,5,8,6
11,18,210,30,84,60,0,5,-9
11,18,220,20,76,62,0,5,-4
11,18,190,80,96,76,-1,8,-3
11,18,160,10,56,46,0,5,-7
11,18,40,20,44,32,0,0,7
11,18,350,40,78,56,0,8,-3
11,18,260,40,82,59,-1,8,-7
11,18,210,40,79,49,0,8,-5
11,18,180,50,95,80,0,5,2
11,18,200,60,156,100,0,4,-7
11,18,200,100,137,75,0,7,3
11,18,210,30,97,83,-1,1,-15
11,18,230,50,126,74,0,8,-7
11,18,220,40,99,82,0,1,-5
11,18,230,60,132,86,0,8,0
11,18,180,50,104,53,0,0,-2
11,18,220,50,142,111,-1,8,-13
11,18,170,50,144,92,0,8,1
11,18,220,70,92,64,-1,8,1
11,18,260,80,122,98,13,7,3
11,18,230,50,134,89,-1,8,-1
11,18,210,50,98,69,0,6,-5
11,18,210,50,69,50,0,7,2
11,18,230,70,69,47,6,8,-2
11,18,230,30,84,53,-1,8,-8
11,18,160,40,78,42,0,8,2
11,18,200,20,57,35,0,8,2
11,18,140,10,89,85,0,8,0
11,18,210,50,121,104,0,8,1
11,18,210,20,122,91,-1,8,14
11,18,240,60,155,115,0,8,-1
11,18,230,50,141,136,3,8,4
11,18,220,20,67,55,0,1,-19
11,18,40,20,40,31,0,8,-17
11,18,120,40,56,3,0,8,-4
11,18,40,50,56,50,8,8,-2
11,18,300,50,52,34,-1,8,-7
11,18,200,100,93,85,17,8,15
11,18,210,30,104,97,20,8,2
11,18,200,20,90,81,5,8,1
11,18,200,70,132,103,0,8,-3
11,18,0,0,44,39,0,4,-8
11,18,150,20,34,33,0,9,-7
11,18,100,30,51,11,0,8,-2
11,18,190,20,62,43,-1,8,-1
11,18,190,20,83,71,-1,8,-4
11,18,30,20,42,36,0,8,14
11,18,50,50,44,28,0,3,-2
11,18,340,20,36,11,0,1,-3
11,18,270,20,44,29,0,8,-1
11,18,250,20,29,20,0,8,5
11,18,170,10,-3,-8,0,7,-2
11,18,140,20,-1,-17,0,7,-3
11,18,140,20,-15,-31,0,0,-3
11,18,40,30,-34,-47,0,2,2
11,18,20,30,-21,-25,6,8,2
11,18,70,70,-24,-60,-1,8,0
11,18,200,30,139,127,11,8,-3
11,18,120,30,126,111,0,4,-2
11,18,150,40,154,118,0,8,-4
11,18,100,20,126,100,0,8,-2
11,18,0,0,104,96,0,2,-10
11,18,30,50,115,88,0,8,0
11,18,80,50,100,79,0,8,-6
11,18,120,20,89,75,0,0,-5
11,18,170,10,75,63,0,1,-4
11,18,80,40,64,60,0,8,-5
11,18,120,30,76,50,0,0,-7
11,18,90,10,67,58,0,7,-6
11,18,100,30,59,59,0,9,3
11,18,60,20,35,25,0,0,-12
11,18,90,40,36,17,0,0,-3
11,18,120,20,21,13,0,0,1
11,18,200,30,79,64,0,8,1
11,18,150,10,62,59,0,0,-12
11,18,0,0,27,24,0,9,-10
11,18,20,30,25,25,0,9,-6
11,18,990,10,31,31,0,9,-5
11,18,150,10,51,51,0,8,-9
11,18,200,20,81,81,0,5,-1
11,18,180,40,92,82,0,8,-7
11,18,210,30,83,73,0,1,-4
11,18,220,60,93,66,0,8,-1
11,18,250,20,75,31,0,0,-5
11,18,160,40,48,32,0,0,-4
11,18,190,80,73,48,0,8,11
11,18,180,40,58,36,0,0,3
11,18,200,70,67,44,0,3,2
11,18,200,20,53,45,17,7,-8
11,18,210,40,71,45,0,1,-12
11,18,210,50,87,47,0,8,2
11,18,270,20,51,48,0,1,-14
11,18,250,50,81,51,-1,8,-5
11,18,220,20,86,71,0,8,9
11,18,250,30,98,79,0,8,0
11,18,140,40,88,48,0,8,-6
11,18,170,40,108,102,0,7,-4
11,18,210,30,71,59,0,8,0
11,18,180,50,64,45,0,8,3
11,18,170,20,95,87,0,8,-1
11,18,50,20,51,17,0,0,-4
11,18,160,20,53,20,0,8,-2
11,18,0,0,16,7,0,0,9
11,18,200,30,81,78,0,8,0
11,18,160,10,17,16,0,9,-5
11,18,200,10,89,86,0,8,1
11,18,170,50,95,77,0,8,-5
11,18,200,80,98,75,0,8,8
11,18,180,70,75,53,0,0,-7
11,18,200,10,65,62,0,8,-12
11,18,120,40,90,87,4,8,1
11,18,220,70,102,53,0,7,-6
11,18,160,20,90,76,0,8,-1
11,18,0,0,57,53,0,8,-5
11,18,10,30,71,62,0,8,-2
11,18,320,20,22,6,0,1,-16
11,18,210,30,26,22,-1,8,-2
11,18,190,50,106,84,0,7,2
11,18,190,60,119,107,0,2,4
11,18,230,50,85,66,25,8,-5
11,18,280,50,70,35,0,0,-2
11,18,220,40,81,75,1,8,9
11,18,190,40,111,108,7,8,21
11,18,190,20,102,97,-1,8,1
11,18,150,30,106,101,6,8,-2
11,18,180,90,82,69,2,8,3
11,18,270,20,57,31,0,0,-24
11,18,180,60,83,37,0,8,0
11,18,290,20,85,82,-1,8,-1
11,18,200,20,37,33,0,0,-11
11,18,320,40,78,70,2,8,3
11,18,40,10,49,46,0,3,0
11,18,200,20,30,30,0,9,-3
11,18,100,10,60,52,0,8,-11
11,18,210,40,58,35,0,8,-3
11,18,350,40,67,37,-1,8,-5
11,18,170,70,26,8,3,8,-5
11,18,20,40,21,4,0,0,0
11,18,20,30,49,29,0,8,0
11,18,360,30,40,24,0,3,-11
11,18,350,40,61,23,0,7,-3
11,18,350,30,42,20,0,5,0
11,18,310,20,58,42,0,8,-9
11,18,240,30,72,44,0,8,-4
11,18,300,10,66,62,0,8,0
11,18,270,10,47,34,3,2,13
11,18,280,10,26,23,0,1,5
11,18,190,10,143,131,0,8,0
11,18,190,50,154,119,0,8,2
11,18,210,60,124,104,3,8,-5
11,18,150,20,78,74,0,8,-6
11,18,210,20,70,67,-1,8,-16
11,18,190,40,80,64,0,7,-23
11,18,180,60,92,72,0,1,0
11,18,140,30,96,72,0,0,-5
11,18,160,20,89,75,0,5,-2
11,18,170,40,89,63,0,0,-2
11,18,120,30,106,87,0,1,7
11,18,200,20,94,90,0,2,-9
11,18,120,30,89,79,0,2,5
11,18,120,20,100,97,17,8,1
11,18,220,20,89,85,0,7,-13
11,18,130,10,88,85,-1,8,0
11,18,90,30,92,80,0,8,7
11,18,40,30,84,70,0,8,-2
11,18,90,20,70,52,0,8,-8
11,18,100,30,56,51,0,8,12
11,18,90,20,47,34,0,8,13
11,18,140,20,99,87,0,7,-6
11,18,170,20,130,110,0,8,-10
11,18,0,0,31,27,0,0,-8
11,18,90,60,71,40,0,7,-8
11,18,130,40,59,52,0,8,0
11,18,110,40,74,71,0,8,0
11,18,90,60,78,55,0,7,-8
11,18,90,20,26,21,0,7,-7
11,18,80,10,30,27,6,8,-1
11,18,990,10,75,72,0,0,-9
11,18,110,20,59,56,0,1,1
11,18,110,20,120,81,0,5,-18
11,18,200,50,140,118,0,8,-4
11,18,170,50,161,123,0,8,0
11,18,210,50,160,150,3,8,6
11,18,210,60,186,152,-1,8,-13
11,18,180,60,162,138,0,8,3
11,18,230,50,135,87,-1,8,2
11,18,240,50,150,126,-1,8,-3
11,18,210,40,125,87,0,8,1
11,18,160,30,131,99,0,7,-8
11,18,250,30,89,61,0,2,-9
11,18,210,60,91,82,8,8,1
11,18,250,60,144,109,0,8,-2
11,18,240,40,123,104,0,2,-3
11,18,220,80,149,138,7,8,10
11,18,210,90,132,83,0,7,6
11,18,220,20,80,76,18,8,2
11,18,240,40,65,29,0,7,-12
11,18,330,40,43,24,0,4,4
11,18,290,30,11,2,1,1,-6
11,18,200,30,41,13,0,8,-2
11,18,220,40,43,37,4,8,4
11,18,260,30,43,35,0,1,0
11,18,210,10,12,9,0,2,-5
11,18,200,60,58,36,0,8,-3
11,18,220,70,63,45,4,8,2
11,18,240,90,130,84,0,8,-13
11,18,250,80,110,102,34,8,7
11,18,10,40,100,88,-1,8,2
11,18,230,20,67,60,0,8,7
11,18,220,20,80,68,0,8,-21
11,18,180,40,83,53,0,8,-4
11,18,220,30,70,50,1,8,-9
11,18,230,30,56,46,-1,8,-4
11,18,10,30,48,29,0,8,-3
11,18,180,40,41,30,-1,8,0
11,18,40,10,40,35,7,8,-3
11,18,990,10,70,66,41,8,-1
11,18,70,10,2,-8,0,4,-17
11,18,130,30,47,25,0,8,-1
11,18,90,20,41,35,0,8,-11
11,18,190,50,63,57,-1,8,-1
11,18,240,20,123,120,2,8,0
11,18,230,30,118,95,0,8,-1
11,18,200,100,111,90,-1,8,2
11,18,210,50,36,23,0,8,-3
11,18,180,40,59,28,0,8,-1
11,18,220,40,111,57,0,8,-17
11,18,150,70,128,109,14,8,-4
11,18,180,40,109,74,0,8,-7
11,18,40,40,88,80,0,8,1
11,18,50,60,62,25,0,8,-5
11,18,40,40,33,-7,0,3,-6
11,18,10,10,10,4,0,8,-13
11,18,350,20,56,30,0,6,-10
11,18,30,30,-12,-44,0,0,-4
11,18,30,10,-32,-54,0,0,-10
11,18,210,30,34,4,0,7,-6
11,18,190,30,107,65,0,8,-3
11,18,230,20,111,103,-1,8,-2
11,18,130,10,75,73,0,4,-7
11,18,200,40,130,122,-1,8,2
11,18,280,10,49,40,0,5,-3
11,18,210,10,44,38,0,2,-22
11,18,90,10,28,23,0,0,0
11,18,10,20,70,59,0,8,2
11,18,220,40,91,54,0,8,-11
11,18,280,50,75,29,0,6,3
11,18,250,20,55,42,0,8,-9
11,18,310,50,51,36,0,7,3
11,18,0,0,39,26,0,6,-13
11,18,210,40,82,71,0,8,1
11,18,200,20,97,95,0,8,-1
11,18,210,20,98,91,0,8,4
11,18,240,10,48,34,0,8,-11
11,18,260,30,75,61,5,8,-7
11,18,260,30,60,35,0,4,2
11,18,240,50,108,100,2,8,6
11,18,210,60,104,83,0,8,0
11,18,180,80,105,47,0,0,-8
11,18,220,40,93,45,0,1,-6
11,18,180,10,54,52,0,8,-2
11,18,220,10,24,11,7,5,8
11,18,230,40,51,24,-1,7,-6
11,18,250,50,86,49,0,8,-18
11,18,230,20,30,19,0,0,-19
11,18,990,10,35,25,0,8,1
11,18,250,20,11,6,0,8,-1
11,18,160,40,103,96,-1,8,-2
11,18,230,20,54,30,0,0,-6
11,18,130,10,37,24,0,6,8
11,18,90,20,75,64,0,1,0
11,18,110,10,76,73,0,5,-1
11,18,130,40,133,103,0,8,-11
11,18,170,60,119,98,0,8,-6
11,18,110,20,70,54,0,0,-28
11,18,130,40,94,76,0,0,-7
11,18,190,40,112,105,0,8,0
11,18,200,40,110,97,0,8,-10
11,18,190,30,85,84,0,8,2
11,18,200,30,92,74,0,0,-6
11,18,130,20,74,61,0,8,-18
11,18,120,30,86,61,0,0,-12
11,18,30,30,38,35,0,0,0
11,18,60,40,61,6,0,0,-7
11,18,50,60,35,-64,0,0,-5
11,18,50,80,51,8,-1,8,-8
11,18,70,50,37,-2,0,8,-1
11,18,80,40,44,14,0,8,-4
11,18,40,10,23,9,0,8,9
11,18,70,30,58,35,0,7,-1
11,18,100,20,34,26,0,8,-1
11,18,50,50,38,31,0,8,0
11,18,50,30,54,37,0,8,-7
11,18,150,20,17,13,0,1,-2
11,18,160,60,85,77,0,8,2
11,18,180,60,112,71,0,8,-1
11,18,190,40,74,61,0,1,6
11,18,180,50,121,119,1,8,5
11,18,200,90,134,70,0,8,-5
11,18,320,40,109,103,6,8,-4
11,18,130,10,91,80,0,7,12
11,18,220,10,94,81,0,8,-1
11,18,90,10,70,66,0,8,10
11,18,200,40,74,47,0,8,-4
11,18,170,10,32,29,0,0,5
11,18,170,20,38,17,0,0,-8
11,18,0,0,15,12,0,0,-10
11,18,260,30,57,44,38,8,3
11,18,180,70,50,23,0,0,-7
11,18,170,30,65,54,0,8,-6
11,18,80,10,41,34,0,8,4
11,18,120,20,51,27,0,8,1
11,18,180,20,48,31,0,8,-1
11,18,360,30,49,32,0,8,-8
11,18,310,40,74,70,5,8,2
11,18,210,20,37,24,0,0,-14
11,18,80,40,23,16,0,7,2
11,18,110,30,22,13,0,8,1
11,18,110,50,64,46,0,1,-5
11,18,90,30,76,46,0,8,-15
11,18,200,10,45,45,0,8,4
11,18,140,30,76,61,0,8,-2
11,18,180,50,108,102,0,8,1
11,18,180,70,103,93,2,8,4
11,18,270,40,96,92,43,8,-2
11,18,270,30,44,20,0,1,-7
11,18,90,20,9,8,0,0,-5
11,18,200,60,178,161,1,8,-2
11,18,240,40,131,80,0,5,-3
11,18,210,30,77,61,9,8,-2
11,18,280,20,62,39,0,1,-21
11,18,0,0,56,54,0,7,-11
11,18,80,30,63,31,0,0,-1
11,18,80,10,75,71,0,2,-8
11,18,140,20,118,103,0,8,-5
11,18,110,40,145,121,0,8,-6
11,18,230,20,131,123,-1,8,-2
11,18,140,20,104,91,0,8,2
11,18,200,30,101,82,0,7,-9
11,18,200,30,128,125,5,8,0
11,18,170,50,132,100,0,8,0
11,18,220,40,104,84,3,8,-7
11,18,230,30,99,64,0,8,2
11,18,210,40,124,95,0,8,1
11,18,200,70,143,72,0,8,2
11,18,330,20,61,32,0,0,-12
11,18,190,30,35,11,0,0,-9
11,18,210,50,98,72,0,8,-1
11,18,240,10,71,69,0,8,2
11,18,180,30,70,38,0,8,-4
11,18,150,30,75,49,0,8,-11
11,18,210,20,77,57,0,6,-6
11,18,30,20,87,85,0,8,0
11,18,50,10,60,55,0,8,1
11,18,80,40,32,31,0,9,-2
11,18,130,20,9,-13,0,8,-2
11,18,210,50,44,40,2,8,5
11,18,180,51,127,78,0,8,-2
11,18,210,62,129,86,0,8,-2
11,18,220,72,87,72,1,8,8
11,18,210,62,60,48,0,4,-1
11,18,300,31,59,37,-1,3,-9
11,18,200,51,67,28,0,8,1
11,18,240,77,120,104,-1,8,2
11,18,250,36,84,78,2,8,-2
11,18,260,26,45,39,2,7,0
11,18,200,46,50,29,0,7,6
11,18,270,26,61,57,6,8,0
11,18,180,93,100,81,-1,8,4
11,18,180,51,74,27,0,3,3
11,18,160,41,58,49,-1,7,-1
11,18,250,26,34,31,0,0,1
11,18,120,15,30,29,0,9,0
11,18,130,26,37,34,0,8,3
11,18,160,36,80,72,-1,7,0
11,18,50,62,45,39,37,8,1
11,18,30,72,27,18,3,8,5
11,18,990,15,-3,-11,0,8,-1
11,18,230,31,46,25,-1,8,1
11,18,180,15,52,29,0,8,-1
11,18,70,15,30,23,0,0,-22
11,18,130,31,15,-6,0,5,-4
11,18,130,26,51,28,0,7,4
11,18,100,5,37,31,0,0,-5
11,18,160,31,50,44,0,1,-2
11,18,120,46,43,42,0,9,-6
11,18,180,10,8,1,0,0,1
11,18,200,57,75,39,0,7,1
11,18,210,108,100,97,1,8,14
11,18,220,26,51,36,0,1,-1
11,18,240,21,75,58,0,7,1
11,18,230,31,113,113,0,6,-21
11,18,210,36,112,99,0,7,2
11,18,260,36,104,101,-1,8,-2
11,18,120,10,60,38,0,2,-19
11,18,180,62,91,71,0,8,2
11,18,210,31,78,72,1,7,4
11,18,270,82,77,57,1,7,0
11,18,240,62,49,28,0,4,-9
11,18,280,46,46,25,-1,5,-8
11,18,120,31,32,11,0,8,6
11,18,200,31,87,84,0,8,-5
11,18,190,41,76,57,-1,8,0
11,18,270,77,57,25,0,4,-4
11,18,200,87,53,41,7,8,3
11,18,250,46,50,18,0,1,-19
11,18,210,36,39,13,0,4,1
11,18,170,26,62,53,4,8,0
11,18,240,46,125,122,13,8,7
11,18,180,41,83,63,0,0,2
11,18,170,46,109,97,0,8,2
11,18,210,72,111,63,-1,8,-1
11,18,250,77,85,53,0,3,-6
11,18,180,62,77,48,0,8,2
11,18,240,15,42,26,0,7,-5
11,18,170,31,79,78,0,4,16
11,18,170,72,106,77,0,7,-7
11,18,100,15,31,15,0,8,0
11,18,80,21,45,30,0,5,1
11,18,100,10,111,90,0,6,7
11,18,90,10,93,84,0,0,-17
11,18,50,41,61,46,0,0,-11
11,18,60,51,63,46,0,8,-1
11,18,10,26,54,54,1,8,1
11,18,310,21,67,63,0,8,-6
11,18,190,36,73,59,0,4,7
11,18,180,67,81,75,13,8,0
11,18,240,21,42,38,0,1,-10
11,18,200,36,74,59,-1,7,-4
11,18,190,41,75,53,-1,8,-2
11,18,300,118,72,58,12,8,0
11,18,10,51,57,34,0,2,-9
11,18,90,21,16,-13,0,3,1
11,18,100,26,21,-12,0,1,-5
11,18,100,36,3,-24,0,0,-3
11,18,40,31,-12,-35,0,1,-5
11,18,70,36,6,-7,0,6,-9
11,18,60,36,-49,-75,-1,7,-2
11,18,130,15,-41,-49,0,0,-13
11,18,200,36,-11,-33,0,1,-9
11,18,110,31,-15,-45,0,7,-5
11,18,130,5,-7,-10,0,1,-15
11,18,20,41,8,8,0,9,-8
11,18,60,36,-17,-36,0,8,-2
11,18,80,21,-17,-33,0,6,9
11,18,140,31,-19,-49,0,3,-4
11,18,160,21,-3,-35,0,8,-2
11,18,250,31,76,56,0,0,-14
11,18,80,26,93,71,0,6,1
11,18,120,51,134,87,0,4,-5
11,18,110,46,147,97,0,5,-5
11,18,30,10,123,109,0,8,-9
11,18,250,5,124,101,0,8,0
11,18,80,10,117,114,0,8,-1
11,18,120,26,104,102,0,1,-11
11,18,130,57,110,91,0,7,-6
11,18,0,0,106,104,0,8,-2
11,18,160,21,110,110,0,8,2
11,18,140,15,109,104,-1,8,-2
11,18,210,62,119,100,0,8,1
11,18,230,51,140,137,14,8,1
11,18,250,77,121,89,0,6,-7
11,18,230,31,62,55,0,4,2
11,18,250,62,88,68,0,8,-3
11,18,250,21,94,93,0,7,-19
11,18,230,41,136,136,3,8,1
11,18,230,82,133,108,0,7,3
11,18,130,5,83,83,0,8,8
11,18,160,15,109,97,0,8,4
11,18,230,31,122,113,0,8,-2
11,18,290,10,73,72,0,3,-1
11,18,220,31,69,66,0,3,-7
11,18,280,41,115,115,-1,8,2
11,18,60,21,99,87,0,7,-1
11,18,0,0,55,55,0,6,-13
11,18,70,26,58,57,0,1,-3
11,18,90,26,46,40,0,1,-4
11,18,300,31,72,69,0,1,-9
11,18,260,26,88,74,0,7,3
11,18,320,21,52,35,0,6,-2
11,18,340,5,-6,-30,0,1,-6
11,18,0,0,-18,-34,0,6,-7
11,18,210,31,3,-31,0,6,-9
11,18,220,31,63,63,1,8,4
11,18,240,26,108,108,0,8,0
11,18,170,31,96,90,0,4,0
11,18,130,26,94,82,0,7,-1
11,18,120,41,116,65,0,4,-9
11,18,80,41,132,68,0,2,-11
11,18,160,21,98,98,-1,8,1
11,18,200,46,93,73,0,8,1
11,18,180,31,89,81,0,8,-12
11,18,250,46,96,90,-1,8,0
11,18,270,36,20,17,0,7,0
11,18,260,51,40,25,-1,6,-2
11,18,260,46,65,59,3,8,3
11,18,140,26,16,0,0,2,14
11,18,140,51,26,-39,0,3,-12
11,18,210,21,85,85,0,8,0
11,18,190,41,92,72,0,7,-4
11,18,160,36,79,60,0,6,-3
11,18,150,41,91,65,0,3,-4
11,18,140,31,97,64,0,7,5
11,18,140,21,79,67,0,7,-1
11,18,120,5,43,43,0,5,-8
11,18,80,31,50,50,0,8,3
11,18,120,51,31,15,0,6,0
11,18,210,30,81,70,0,3,-6
11,18,230,90,143,132,0,8,3
11,18,220,80,140,127,0,8,-5
11,18,180,80,115,112,5,8,2
11,18,240,30,84,75,7,7,4
11,18,240,70,118,77,0,1,0
11,18,210,20,75,71,0,2,10
11,18,190,20,40,22,0,0,-6
11,18,210,30,44,31,0,4,12
11,18,170,60,76,64,6,8,2
11,18,150,40,102,91,0,7,-7
11,18,270,20,87,79,0,8,-10
11,18,330,30,50,30,-1,3,-15
11,18,40,20,24,3,0,0,3
11,18,60,20,7,-2,0,0,1
11,18,250,10,5,1,0,4,-19
11,18,180,30,8,-3,0,5,3
11,18,320,30,39,39,6,8,2
11,18,130,60,6,5,6,8,2
11,18,280,50,58,52,1,7,2
11,18,210,30,15,14,0,1,-8
11,18,200,70,34,5,0,4,-10
11,18,220,20,2,2,0,6,2
11,18,200,50,30,15,-1,8,-6
11,18,200,20,50,49,3,8,4
11,18,300,30,20,11,0,3,1
11,18,40,40,-1,-14,0,7,-6
11,18,240,20,-7,-10,0,1,-3
11,18,260,60,52,37,-1,8,-16
11,18,330,40,30,23,0,1,-10
11,18,20,20,14,11,0,0,-15
11,18,0,0,2,2,0,8,3
11,18,70,60,62,45,0,0,-4
11,18,120,50,75,11,0,8,-2
11,18,160,40,110,96,0,6,-4
11,18,150,30,88,85,0,7,8
11,18,190,40,100,86,0,5,-6
11,18,170,50,91,60,0,1,-1
11,18,170,60,93,49,0,3,-4
11,18,180,50,85,79,1,6,-4
11,18,160,30,73,66,0,7,-20
11,18,300,20,61,61,0,8,-2
11,18,220,20,37,37,0,3,-17
11,18,180,20,44,40,0,7,14
11,18,210,30,103,103,1,8,0
11,18,110,40,107,99,0,7,-4
11,18,130,30,60,33,0,2,0
11,18,130,40,54,24,0,4,-7
11,18,120,60,32,-34,0,4,-2
11,18,140,50,59,53,0,6,1
11,18,170,10,78,71,0,7,-15
11,18,50,30,49,48,0,8,-2
11,18,140,10,44,44,-1,8,1
11,18,90,40,38,17,0,6,-4
11,18,120,10,52,32,0,6,0
11,18,80,30,70,43,0,7,1
11,18,130,40,47,43,-1,8,-1
11,18,180,40,89,89,-1,8,2
11,18,190,40,99,80,0,7,-2
11,18,320,30,84,84,-1,8,-2
11,18,240,50,60,42,0,3,-14
11,18,160,50,78,52,0,8,-1
11,18,220,80,69,52,0,4,2
11,18,250,30,37,34,0,4,-6
11,18,220,120,84,56,-1,8,-4
11,18,260,10,56,48,0,7,-13
11,18,160,30,62,53,0,6,3
11,18,210,70,98,95,-1,8,4
11,18,240,40,125,104,0,6,-13
11,18,280,30,75,58,0,4,-8
11,18,200,20,39,36,0,1,-8
11,18,160,40,61,33,-1,7,0
11,18,200,30,63,59,3,8,-5
11,18,290,20,43,37,0,7,1
11,18,220,30,53,51,0,7,1
11,18,330,30,22,2,0,1,-8
11,18,260,20,13,9,0,3,-5
11,18,220,20,24,20,2,8,-9
11,18,20,10,-18,-19,0,1,-11
11,18,990,10,-36,-38,0,3,-6
11,18,120,20,-19,-46,0,4,-5
11,18,220,20,-39,-77,0,2,2
11,18,270,10,-58,-64,0,0,-6
11,18,170,30,-20,-39,0,7,5
11,18,0,0,11,-16,0,8,-15
11,18,200,60,39,37,13,8,0
11,18,0,0,61,46,0,7,-4
11,18,160,60,48,22,0,8,-7
11,18,60,20,27,21,0,7,-3
11,18,50,50,4,-11,0,7,2
11,18,200,80,178,130,0,8,-15
11,18,260,20,82,68,0,4,-11
11,18,170,20,95,80,0,7,5
11,18,120,20,56,26,0,2,-25
11,18,170,80,109,45,0,7,5
11,18,240,70,71,59,8,8,1
11,18,270,40,95,83,0,8,-4
11,18,260,10,96,96,0,8,0
11,18,340,40,82,70,0,2,-4
11,18,20,60,87,59,0,7,-5
11,18,60,40,60,12,0,2,-10
11,18,40,30,15,4,0,1,-1
11,18,990,10,30,30,-1,8,4
11,18,10,40,85,73,0,6,-16
11,18,990,10,-20,-37,0,0,-6
11,18,240,30,7,-1,3,8,0
11,18,270,40,27,22,1,5,-6
11,18,250,20,0,-3,0,3,-3
11,18,320,30,20,4,-1,8,12
11,18,60,40,16,-13,0,8,-7
11,18,990,10,-11,-15,0,7,8
11,18,230,70,42,38,-1,8,0
11,18,210,30,66,63,0,7,-2
11,18,200,50,86,78,0,8,-1
11,18,220,50,90,87,-1,8,1
11,18,190,60,67,35,0,7,-1
11,18,150,30,50,49,0,3,2
11,18,180,60,92,52,0,7,-3
11,18,210,20,65,51,0,7,-1
11,18,230,90,83,52,0,7,5
11,18,200,50,70,57,0,2,-1
11,18,220,120,82,50,3,4,-3
11,18,180,40,56,35,0,2,2
11,18,210,50,65,47,0,3,-3
11,18,120,50,70,24,0,7,-2
11,18,110,50,98,66,0,5,-2
11,18,180,70,91,71,1,8,-2
11,18,190,50,83,68,0,7,-1
11,18,210,70,78,51,0,7,-5
11,18,200,50,67,40,0,5,-13
11,18,180,70,90,42,0,7,-5
11,18,180,40,89,80,10,8,5
11,18,180,30,81,64,0,7,3
11,18,150,20,55,42,0,2,-17
11,18,190,30,67,53,-1,8,1
11,18,190,60,85,69,2,8,-2
11,18,190,30,43,34,0,6,-4
11,18,190,70,72,45,0,7,-2
11,18,190,40,88,65,0,7,0
11,18,170,40,50,34,0,6,0
11,18,140,50,62,33,0,7,5
11,18,180,60,84,59,0,6,-9
11,18,130,50,106,86,0,7,0
11,18,170,40,49,36,0,1,5
11,18,150,70,76,42,0,7,1
11,18,220,60,74,54,0,6,-2
11,18,160,40,67,47,0,7,3
11,18,190,40,130,109,0,5,-7
11,18,180,40,119,87,0,7,-1
11,18,110,20,91,76,0,1,1
11,18,260,20,92,62,0,2,-8
11,18,220,20,102,85,0,7,-17
11,18,200,20,77,67,0,3,-5
11,18,230,20,86,62,0,6,-27
11,18,220,20,55,38,0,2,-1
11,18,280,40,96,77,4,6,-8
11,18,250,70,108,96,-1,8,1
11,18,310,30,40,-1,0,3,-8
11,18,350,20,5,-7,0,1,5
11,18,190,30,8,-23,0,1,0
11,18,210,20,58,50,-1,8,2
11,18,260,20,91,88,3,8,-2
11,18,320,30,45,27,0,5,5
11,18,20,30,9,-12,0,2,-7
11,18,990,10,-15,-15,0,9,-1
11,18,170,10,78,78,0,8,-6
11,18,80,20,64,42,0,7,-1
11,18,30,20,53,48,0,6,7
11,18,340,20,65,58,0,8,-5
11,18,220,30,77,67,0,8,0
11,18,230,90,86,36,0,7,-2
11,18,320,50,38,26,5,7,-12
11,18,250,30,39,24,0,4,3
11,18,230,30,80,80,2,8,2
11,18,210,50,106,102,3,8,-1
11,18,0,0,31,29,0,7,-10
11,18,190,60,51,36,0,7,1
11,18,240,30,37,28,0,1,-16
11,18,220,70,98,96,6,8,2
11,18,200,40,127,127,4,8,0
11,18,190,50,132,107,0,8,-2
11,18,120,30,131,110,0,6,1
11,18,220,30,94,63,0,4,5
11,18,280,20,79,74,0,4,-3
11,18,150,10,50,44,0,3,-7
11,18,180,50,90,49,0,7,-16
11,18,270,40,61,42,0,4,-1
11,18,180,90,68,60,19,8,4
11,18,300,30,62,44,0,3,-9
11,18,160,50,74,70,11,8,4
11,18,210,30,72,63,0,6,8
11,18,190,60,109,78,-1,8,-8
11,18,210,60,104,71,0,6,-7
11,18,170,30,78,55,0,4,2
11,18,110,20,74,66,0,4,-25
11,18,340,40,80,77,0,8,-1
11,18,130,20,81,73,0,7,-7
11,18,290,20,68,67,0,8,-2
11,18,70,30,77,58,0,7,0
11,18,120,40,74,58,0,7,-3
11,18,160,40,104,74,0,5,-5
11,18,160,40,66,47,0,3,2
11,18,130,30,88,63,0,7,0
11,18,110,20,67,57,0,2,-35
11,18,140,20,78,75,2,6,3
11,18,150,20,33,25,0,2,4
11,18,130,30,78,61,0,6,-10
11,18,160,30,73,65,0,6,-7
11,18,110,10,63,59,0,6,1
11,18,200,20,75,72,0,,-5
11,18,230,50,91,84,0,8,2
11,18,190,80,109,93,2,8,1
11,18,240,60,118,91,0,5,1
11,18,190,10,74,64,0,6,-16
11,18,120,40,110,61,0,2,-8
11,18,50,10,71,39,0,1,18
11,18,60,70,69,30,0,1,-10
11,18,80,30,70,26,0,6,-7
11,18,130,30,110,60,0,7,-3
11,18,50,30,96,68,0,4,-19
11,18,120,30,43,22,0,1,-5
11,18,150,30,80,44,0,8,3
11,18,180,30,82,75,0,3,2
11,18,190,50,78,63,0,3,0
11,18,200,30,79,62,0,7,4
11,18,280,20,62,60,3,8,-1
11,18,220,70,91,64,0,8,-5
11,18,240,60,128,124,1,7,-1
11,18,230,50,123,111,0,8,-3
11,18,210,50,81,70,0,8,-3
11,18,180,30,95,79,0,7,-4
11,18,170,70,139,104,-1,4,-2
11,18,170,30,109,96,0,4,-11
11,18,300,20,92,91,0,8,-7
11,18,150,20,68,60,0,5,4
11,18,180,60,99,57,-1,8,-9
11,18,330,20,45,44,0,8,0
11,18,200,30,43,43,0,8,3
11,18,160,50,43,-5,0,7,-2
11,18,130,20,77,66,0,5,2
11,18,50,60,87,63,0,7,-1
11,18,70,30,101,81,0,8,0
11,18,340,10,115,106,0,6,-3
11,18,230,30,114,97,0,7,-3
11,18,260,30,72,46,0,6,-9
11,18,230,10,81,75,0,3,-4
11,18,280,10,52,27,0,5,-2
11,18,100,10,70,46,0,5,-3
11,18,330,10,5,-13,0,3,8
11,18,360,30,74,68,0,7,-7
11,18,0,0,6,-4,0,3,-9
11,18,220,60,71,63,-1,7,8
11,18,310,30,48,20,0,4,2
11,18,170,20,15,6,0,4,-1
11,18,230,50,67,50,0,8,0
11,18,230,50,105,84,0,7,-8
11,18,240,70,108,99,8,8,-1
11,18,230,10,60,54,15,8,-1
11,18,250,40,15,-4,0,3,8
11,18,250,40,16,8,2,3,-5
11,18,140,30,26,12,3,8,-2
11,18,260,60,117,76,0,7,0
11,18,360,10,42,18,0,6,-22
11,18,80,10,13,3,0,5,7
11,18,0,0,-34,-36,0,5,-2
11,18,210,50,51,35,1,,0
11,18,200,20,76,68,0,,1
11,18,170,30,70,64,1,,-1
11,18,350,10,69,64,0,,-6
11,18,40,40,27,22,0,,9
11,18,210,30,92,72,0,,4
11,18,180,60,151,140,0,,-1
11,18,190,70,168,113,0,,-2
11,18,220,30,117,98,0,,0
11,18,180,30,68,43,0,,3
11,18,170,60,113,78,0,,6
11,18,170,40,105,94,0,,-8
11,18,160,30,116,83,0,,-2
11,18,280,20,99,85,0,,-5
11,18,200,60,92,83,-1,,1
11,18,200,60,117,86,0,,1
11,18,170,20,85,70,0,,-9
11,18,0,0,49,44,0,,-8
11,18,190,30,58,55,0,,2
11,18,250,20,79,78,0,,0
11,18,280,30,40,25,1,,-1
11,18,250,40,38,31,0,,-14
11,18,260,10,8,-4,0,,-2
11,18,210,30,22,22,0,,-1
11,18,230,40,33,28,0,,-5
11,18,50,60,69,50,0,,-19
11,18,50,30,34,10,0,,-3
11,18,360,20,32,20,0,,-3
11,18,210,80,42,37,4,,1
11,18,220,120,0,0,6,,0
11,18,190,40,16,13,0,,-3
11,18,250,20,4,-2,0,,0
11,18,200,30,33,30,2,,-2
11,18,220,40,23,17,0,,-12
11,18,180,40,17,10,0,,5
11,18,290,30,46,25,2,,-5
11,18,260,20,37,24,0,,-3
11,18,250,30,62,53,0,,-2
11,18,240,40,92,61,0,,-2
11,18,240,40,110,86,0,,-1
11,18,220,30,99,79,0,,0
11,18,90,10,33,23,0,,-6
11,18,220,70,110,94,0,,1
11,18,280,30,70,41,0,,-31
11,18,180,30,69,42,0,,-6
11,18,240,80,99,59,0,,0
11,18,240,20,68,53,4,,-17
11,18,260,40,125,105,0,,-1
11,18,210,60,133,121,-1,,-3
11,18,160,40,120,90,0,,-6
11,18,180,50,162,114,1,7,-13
11,18,170,50,108,69,0,0,-3
11,18,200,40,71,59,0,4,-17
11,18,210,30,50,43,0,1,0
11,18,190,60,85,73,3,8,2
11,18,220,30,37,20,0,0,-4
11,18,170,50,72,47,0,7,2
11,18,200,50,106,96,-1,8,-3
11,18,150,60,116,97,0,8,2
11,18,240,90,140,81,0,8,-11
11,18,160,30,94,72,0,0,-14
11,18,190,50,142,104,0,8,-2
11,18,250,30,129,102,-1,8,-11
11,18,200,20,61,52,0,0,-10
11,18,130,20,48,43,0,0,-9
11,18,240,30,120,103,0,8,-3
11,18,260,20,135,133,2,8,0
11,18,310,20,122,117,0,8,-4
11,18,0,0,96,75,0,8,-4
11,18,230,70,103,72,0,8,-1
11,18,250,30,58,51,0,0,2
11,18,280,50,117,93,-1,8,-3
11,18,230,80,102,83,2,8,-3
11,18,270,30,49,35,4,7,6
11,18,260,20,80,60,1,8,-6
11,18,310,30,55,29,0,6,-5
11,18,270,30,51,19,0,7,-2
11,18,280,30,64,60,4,8,-5
11,18,350,20,29,12,0,8,1
11,18,320,10,22,-5,0,8,-4
11,18,200,20,40,15,0,8,-7
11,18,190,20,15,-15,0,0,-8
11,18,120,40,41,12,0,0,-3
11,18,140,30,60,34,0,8,-5
11,18,120,30,86,46,1,8,2
11,18,160,30,80,76,0,0,-3
11,18,190,20,80,64,0,1,-3
11,18,300,30,29,13,0,0,-5
11,18,220,50,51,28,0,8,1
11,18,290,30,49,31,1,7,0
11,18,310,40,53,25,-1,8,-10
11,18,210,20,56,51,0,8,2
11,18,180,30,57,15,0,8,-10
11,18,230,60,68,63,-1,8,1
11,18,210,70,84,78,1,8,1
11,18,90,40,78,73,6,8,5
11,18,50,30,103,90,-1,8,-1
11,18,40,20,77,74,0,8,-10
11,18,30,40,77,77,0,9,-3
11,18,30,10,96,93,0,8,0
11,18,120,20,117,95,0,8,0
11,18,170,30,108,76,-1,7,-7
11,18,170,50,93,60,0,0,-10
11,18,180,40,85,49,0,0,3
11,18,200,90,145,102,-1,8,-4
11,18,230,60,92,60,0,1,-13
11,18,240,30,75,52,-1,6,7
11,18,190,30,69,50,0,1,1
11,18,220,50,97,94,-1,8,1
11,18,240,30,110,97,0,8,-2
11,18,330,40,71,41,0,1,-4
11,18,190,20,59,22,0,8,0
11,18,300,20,71,68,0,3,-1
11,18,240,40,92,81,0,8,-5
11,18,280,50,99,58,0,8,-4
11,18,260,30,22,-10,0,7,-11
11,18,260,30,-1,-15,0,0,9
11,18,160,50,-3,-6,18,8,1
11,18,310,10,-25,-27,0,0,-9
11,18,260,20,9,0,0,2,-2
11,18,210,30,54,37,0,8,0
11,18,190,70,50,32,0,8,-3
11,18,140,30,38,22,0,8,0
11,18,130,10,0,-8,0,8,11
11,18,130,20,37,29,-1,8,1
11,18,200,50,151,141,14,8,1
11,18,190,20,70,45,0,3,-11
11,18,180,50,90,80,17,8,4
11,18,210,60,87,59,0,7,-6
11,18,210,40,85,72,-1,6,-7
11,18,190,60,89,73,-1,8,-2
11,18,210,20,60,52,0,7,-3
11,18,30,40,44,37,0,1,5
11,18,360,30,76,58,-1,8,-4
11,18,250,40,81,72,-1,8,-2
11,18,210,50,79,55,0,8,-7
11,18,180,40,92,80,0,2,3
11,18,190,60,152,96,0,0,-3
11,18,190,80,133,79,0,7,1
11,18,190,30,102,84,0,8,-6
11,18,230,60,116,75,0,7,-7
11,18,210,50,97,85,0,8,-5
11,18,230,90,128,87,0,8,1
11,18,180,40,104,58,0,0,3
11,18,220,70,147,104,-1,8,-11
11,18,160,40,146,90,0,8,4
11,18,210,70,83,63,-1,7,9
11,18,280,80,113,98,65,8,9
11,18,220,70,129,98,-1,8,2
11,18,210,60,96,71,-1,2,-6
11,18,210,60,65,54,6,8,1
11,18,220,100,72,50,4,7,-5
11,18,230,30,75,66,7,8,3
11,18,180,40,88,43,0,7,-3
11,18,200,10,65,44,0,8,-10
11,18,300,10,89,81,0,8,-2
11,18,200,50,116,104,0,8,1
11,18,190,20,121,89,0,8,17
11,18,230,100,156,110,0,8,-2
11,18,230,70,138,133,2,8,5
11,18,250,20,67,57,0,1,-2
11,18,40,20,41,28,0,1,-1
11,18,100,50,58,4,0,8,-1
11,18,50,50,65,57,4,8,-2
11,18,280,30,52,36,0,7,-11
11,18,200,100,89,78,6,8,7
11,18,210,40,105,100,22,8,4
11,18,90,10,96,91,20,8,2
11,18,200,70,132,103,0,8,-7
11,18,150,10,33,25,0,1,-1
11,18,130,20,36,34,0,9,-7
11,18,90,30,54,9,0,8,0
11,18,160,20,64,42,0,8,-1
11,18,190,20,86,68,0,8,-2
11,18,40,20,68,47,0,8,2
11,18,50,50,48,30,0,3,-7
11,18,350,30,49,10,0,8,-4
11,18,260,30,40,27,0,7,-2
11,18,220,30,24,15,0,7,0
11,18,130,10,-5,-11,0,7,2
11,18,160,20,-3,-15,0,7,-1
11,18,140,20,-2,-25,0,3,-10
11,18,40,30,-24,-44,0,4,2
11,18,20,30,-17,-23,7,8,4
11,18,60,70,-24,-58,-1,8,1
11,18,220,40,135,127,13,8,-1
11,18,120,30,135,113,0,8,-4
11,18,150,40,153,115,0,8,3
11,18,140,30,161,103,0,8,-1
11,18,0,0,106,100,0,0,-12
11,18,10,40,115,89,0,8,-2
11,18,80,50,91,71,0,8,-4
11,18,90,20,100,79,0,2,-1
11,18,120,10,73,64,0,0,6
11,18,80,40,61,59,0,9,5
11,18,130,30,77,49,0,0,-8
11,18,100,20,90,62,0,0,-3
11,18,80,20,66,63,0,8,-3
11,18,60,30,29,22,0,0,25
11,18,70,40,44,16,0,0,-2
11,18,110,20,50,8,0,0,-13
11,18,190,20,83,63,0,8,2
11,18,130,10,29,26,0,1,6
11,18,0,0,35,34,0,4,-17
11,18,360,20,16,13,0,9,-2
11,18,20,20,20,18,0,9,-11
11,18,990,10,46,43,0,7,-15
11,18,220,10,86,84,0,9,-12
11,18,180,40,84,74,0,8,-5
11,18,230,50,75,68,0,5,-2
11,18,210,70,91,58,0,8,-2
11,18,260,30,76,35,0,0,-16
11,18,150,30,42,23,0,0,-5
11,18,190,60,78,46,0,8,11
11,18,180,30,60,35,0,0,-2
11,18,200,50,64,49,4,6,3
11,18,210,50,73,67,2,8,-18
11,18,210,40,64,42,0,2,-7
11,18,190,50,80,53,0,7,8
11,18,240,30,22,18,0,0,9
11,18,230,60,82,42,0,8,-1
11,18,210,30,81,68,0,8,14
11,18,230,30,85,79,0,7,5
11,18,140,30,92,50,0,7,-1
11,18,160,30,114,105,0,8,-10
11,18,230,40,66,54,0,4,-7
11,18,180,30,55,43,0,6,9
11,18,150,20,92,84,0,8,-1
11,18,80,20,69,31,0,0,-29
11,18,130,30,50,20,0,8,0
11,18,130,10,26,14,0,0,0
11,18,200,30,81,77,0,8,0
11,18,0,0,16,16,0,6,-2
11,18,150,30,90,87,0,8,4
11,18,170,30,90,70,0,8,-6
11,18,190,70,87,72,0,7,10
11,18,170,50,78,50,0,0,-9
11,18,180,20,70,67,0,8,1
11,18,110,30,93,90,5,8,1
11,18,210,80,97,45,0,1,-3
11,18,170,20,90,71,0,8,1
11,18,250,10,63,56,0,8,-4
11,18,10,20,57,45,1,8,-11
11,18,320,20,25,9,0,4,3
11,18,200,30,17,14,0,8,-1
11,18,190,40,107,82,0,8,-3
11,18,190,50,119,106,0,2,4
11,18,210,90,92,49,0,8,-8
11,18,240,30,48,36,0,0,17
11,18,210,50,77,69,2,8,8
11,18,170,30,111,106,8,8,17
11,18,170,10,101,97,3,8,3
11,18,140,20,108,100,-1,8,-1
11,18,180,50,79,66,13,8,4
11,18,270,20,48,30,0,1,-6
11,18,170,40,81,35,0,8,2
11,18,310,20,82,77,1,8,2
11,18,170,10,41,38,0,0,-8
11,18,290,20,68,61,0,6,5
11,18,80,10,52,49,0,0,-20
11,18,180,20,27,26,0,9,-3
11,18,60,10,59,46,0,8,-3
11,18,200,30,55,35,0,8,-3
11,18,330,40,65,47,1,8,-1
11,18,180,90,31,-6,1,8,-6
11,18,10,60,32,7,0,8,-4
11,18,10,60,53,24,0,8,-1
11,18,350,20,45,16,0,4,-19
11,18,360,40,62,20,0,8,-1
11,18,330,30,52,25,0,8,-11
11,18,260,10,52,47,-1,8,2
11,18,230,30,63,41,0,8,-1
11,18,310,10,61,55,0,8,16
11,18,300,40,60,35,3,7,-25
11,18,280,20,55,48,0,4,-17
11,18,210,10,132,112,0,7,-2
11,18,180,40,155,117,0,8,-2
11,18,190,80,134,99,-1,8,-9
11,18,170,20,74,70,0,8,-3
11,18,330,10,76,69,0,7,-24
11,18,180,30,83,70,0,8,-12
11,18,180,40,85,65,0,0,7
11,18,150,40,102,64,0,6,-6
11,18,140,20,80,63,0,7,-2
11,18,170,30,82,52,0,0,-5
11,18,120,30,124,86,0,8,8
11,18,160,20,86,83,0,5,-2
11,18,120,20,97,73,0,2,-10
11,18,150,30,105,94,8,8,-2
11,18,190,20,82,78,0,7,-8
11,18,150,10,88,81,0,8,-1
11,18,80,20,103,77,-1,8,-6
11,18,30,30,84,68,0,8,-2
11,18,80,20,64,44,0,2,-6
11,18,90,20,67,49,0,8,5
11,18,70,30,60,31,0,3,-2
11,18,150,20,99,81,0,8,0
11,18,150,20,121,103,-1,8,-6
11,18,220,10,29,25,0,0,-10
11,18,80,50,72,35,0,0,-5
11,18,130,30,58,46,-1,8,2
11,18,110,30,72,63,-1,8,-1
11,18,80,40,78,51,0,8,-6
11,18,80,30,34,15,0,0,-9
11,18,90,20,33,23,0,8,1
11,18,120,10,82,79,0,0,2
11,18,100,10,63,54,0,0,-10
11,18,120,20,125,84,0,8,-6
11,18,190,40,138,113,0,6,2
11,18,160,40,158,123,0,8,-4
11,18,190,50,156,150,1,8,6
11,18,200,70,186,150,-1,8,-2
11,18,170,50,154,131,0,8,3
11,18,230,80,136,87,-1,8,1
11,18,230,60,146,125,0,8,1
11,18,200,50,124,83,0,8,0
11,18,160,30,125,95,0,8,-3
11,18,240,40,81,61,1,7,-2
11,18,200,50,89,81,5,8,1
11,18,250,80,145,107,0,8,-3
11,18,230,50,128,118,1,8,-4
11,18,210,90,144,137,13,8,6
11,18,210,100,128,76,0,6,7
11,18,220,10,79,75,11,8,0
11,18,240,30,61,31,-1,7,-14
11,18,300,30,39,32,1,8,-4
11,18,270,30,16,6,-1,1,-5
11,18,200,30,27,13,0,8,1
11,18,210,70,41,32,-1,8,0
11,18,300,20,43,38,2,8,-8
11,18,170,10,7,4,0,2,1
11,18,190,50,62,32,0,8,-3
11,18,210,70,60,40,4,8,3
11,18,220,110,118,87,-1,8,-9
11,18,240,110,106,98,21,8,3
11,18,10,50,100,88,0,8,-2
11,18,250,30,72,66,0,5,-4
11,18,190,20,83,75,-1,8,-13
11,18,180,30,83,50,0,8,-3
11,18,230,60,75,44,0,8,-6
11,18,220,60,53,44,-1,6,0
11,18,360,30,42,33,0,8,2
11,18,180,30,37,18,1,8,-1
11,18,80,10,39,31,8,8,-2
11,18,990,10,66,63,41,8,0
11,18,990,10,-3,-13,0,0,-15
11,18,120,30,44,19,0,8,-1
11,18,80,20,40,28,0,8,-6
11,18,190,40,59,56,2,8,-1
11,18,230,40,117,114,-1,8,1
11,18,220,40,105,100,0,6,10
11,18,210,90,110,93,1,8,0
11,18,220,70,36,23,0,7,-2
11,18,190,50,61,30,0,8,-1
11,18,220,70,112,56,0,8,-2
11,18,180,60,127,111,10,8,-6
11,18,160,30,108,76,0,8,-6
11,18,40,40,98,85,0,8,0
11,18,50,60,66,23,0,8,-4
11,18,50,40,41,2,0,1,-5
11,18,10,20,3,-1,0,8,-9
11,18,340,20,42,37,0,0,5
11,18,50,40,6,-35,0,0,-4
11,18,50,10,-31,-51,0,0,-6
11,18,230,40,17,-13,0,8,1
11,18,180,20,95,69,0,8,12
11,18,220,30,110,100,-1,8,-2
11,18,150,20,90,73,0,4,-16
11,18,200,50,132,120,0,8,0
11,18,200,20,44,36,0,0,-17
11,18,0,0,29,20,0,0,-2
11,18,90,10,45,31,0,8,6
11,18,330,20,71,61,0,8,0
11,18,220,50,86,61,-1,8,0
11,18,250,30,65,24,0,0,0
11,18,240,30,52,47,0,8,-3
11,18,270,20,36,31,0,7,13
11,18,290,20,49,23,0,1,-12
11,18,220,50,83,60,0,8,1
11,18,190,20,93,90,0,8,0
11,18,230,30,93,85,0,8,0
11,18,250,20,44,24,0,8,-13
11,18,330,30,72,55,-1,7,-3
11,18,250,40,55,34,0,5,1
11,18,230,70,96,90,10,8,2
11,18,200,70,101,80,0,8,-1
11,18,190,70,107,47,0,0,0
11,18,230,40,87,57,0,0,-5
11,18,170,10,43,39,0,8,10
11,18,230,30,24,14,1,8,2
11,18,230,60,41,16,0,1,-1
11,18,220,60,78,68,-1,8,-3
11,18,210,30,17,9,0,1,-4
11,18,310,10,29,14,0,8,0
11,18,240,20,16,7,0,8,-1
11,18,160,40,97,88,-1,8,1
11,18,260,20,53,23,0,2,-21
11,18,120,10,28,25,0,8,14
11,18,80,30,90,67,0,0,0
11,18,100,10,100,90,0,8,-14
11,18,130,20,125,99,0,8,-6
11,18,180,40,116,96,-1,8,-1
11,18,90,10,50,40,0,0,-11
11,18,140,30,100,78,0,0,-1
11,18,180,50,119,101,0,8,-4
11,18,190,40,109,102,18,8,1
11,18,200,30,96,90,0,8,-6
11,18,210,30,91,69,0,0,-5
11,18,130,20,81,62,0,8,-7
11,18,120,30,75,49,0,0,-12
11,18,70,30,78,38,0,0,-8
11,18,70,50,68,0,0,0,-8
11,18,50,60,31,-63,0,4,-8
11,18,50,70,46,6,1,6,-1
11,18,80,50,41,-7,0,8,-2
11,18,70,30,42,12,0,8,-3
11,18,30,10,12,1,0,4,-8
11,18,80,30,63,29,0,8,-8
11,18,50,20,29,22,-1,8,0
11,18,60,40,36,29,0,8,0
11,18,50,40,48,32,-1,8,-5
11,18,140,20,21,14,0,0,-1
11,18,170,60,81,65,0,8,2
11,18,180,50,100,67,1,8,4
11,18,210,40,81,60,0,0,-3
11,18,170,40,119,114,2,8,4
11,18,200,70,132,76,-1,8,-6
11,18,180,20,117,111,4,8,-1
11,18,990,10,111,90,1,8,-5
11,18,220,20,84,78,0,8,3
11,18,160,10,80,68,0,8,-9
11,18,200,40,71,42,0,8,-7
11,18,220,10,29,26,0,0,-3
11,18,180,30,43,28,0,1,-9
11,18,0,0,13,8,0,0,-8
11,18,200,60,58,47,-1,7,0
11,18,190,50,47,20,0,2,-2
11,18,160,40,54,45,0,8,5
11,18,0,0,48,37,0,8,6
11,18,120,20,51,23,0,8,1
11,18,180,20,46,23,0,8,9
11,18,350,30,45,28,0,8,2
11,18,260,30,62,58,1,8,8
11,18,200,10,41,28,0,8,1
11,18,60,40,23,16,0,7,2
11,18,100,20,30,18,0,8,2
11,18,100,40,59,41,0,7,-4
11,18,90,30,82,47,0,8,-6
11,18,200,20,79,74,0,8,1
11,18,140,20,80,59,0,8,-10
11,18,180,40,106,95,-1,8,2
11,18,180,60,101,91,2,8,4
11,18,250,60,95,89,17,8,0
11,18,260,20,31,15,0,5,-9
11,18,90,20,30,22,0,0,-3
11,18,200,60,170,161,2,8,2
11,18,260,60,135,80,0,8,-14
11,18,220,70,90,49,-1,1,-5
11,18,220,10,37,34,0,1,-7
11,18,0,0,47,45,0,5,-5
11,18,80,30,84,41,0,0,-6
11,18,80,10,75,73,0,0,-11
11,18,130,30,123,104,0,8,-11
11,18,110,10,142,123,0,8,-4
11,18,220,20,111,108,0,7,10
11,18,140,20,100,93,0,8,0
11,18,190,30,90,72,0,1,-7
11,18,190,30,126,123,2,8,1
11,18,170,40,131,99,0,8,2
11,18,230,60,101,72,11,8,-3
11,18,230,50,95,64,0,8,-1
11,18,210,60,122,91,0,8,0
11,18,190,50,136,65,0,7,0
11,18,320,30,64,42,0,1,-17
11,18,180,40,47,5,0,2,-17
11,18,210,60,95,65,0,8,1
11,18,220,20,78,75,0,7,10
11,18,160,10,36,30,0,5,18
11,18,160,30,72,47,0,8,-4
11,18,180,30,77,53,0,8,-17
11,18,50,20,81,74,0,8,-7
11,18,60,20,64,45,0,8,-6
11,18,60,40,28,28,0,9,-1
11,18,50,20,-9,-25,0,0,-11
11,18,210,60,39,36,3,8,4
11,18,170,36,122,83,0,8,0
11,18,210,46,121,97,0,7,5
11,18,220,82,88,69,4,8,2
11,18,220,51,61,44,0,5,0
11,18,270,15,57,39,0,4,-6
11,18,220,67,68,36,0,8,-1
11,18,230,67,120,101,-1,8,4
11,18,250,31,83,69,4,8,-2
11,18,250,26,45,30,0,3,6
11,18,200,46,46,21,0,4,5
11,18,260,26,67,60,9,8,-5
11,18,170,82,94,72,0,8,1
11,18,180,51,72,27,0,3,1
11,18,180,41,57,43,0,7,-1
11,18,240,15,43,30,0,2,-6
11,18,80,15,21,18,0,9,2
11,18,110,15,33,26,0,8,0
11,18,170,36,81,73,0,8,-2
11,18,60,77,46,37,42,8,-3
11,18,40,51,34,16,-1,8,0
11,18,990,10,-2,-10,0,8,1
11,18,210,36,38,32,-1,8,2
11,18,200,26,53,30,0,8,0
11,18,50,5,28,22,0,0,1
11,18,190,5,3,-8,0,3,0
11,18,120,10,56,36,0,7,-5
11,18,0,0,36,32,0,5,-2
11,18,170,21,52,46,0,0,1
11,18,120,26,32,31,0,9,-8
11,18,130,10,24,20,0,0,-20
11,18,200,51,77,47,0,7,0
11,18,220,113,102,99,3,8,8
11,18,220,31,45,32,0,1,0
11,18,250,21,84,60,0,7,-11
11,18,240,26,114,106,0,8,0
11,18,210,41,116,95,0,7,1
11,18,250,41,102,94,3,8,1
11,18,70,5,40,31,0,1,-8
11,18,180,51,92,63,0,7,1
11,18,200,31,83,68,2,7,0
11,18,270,82,74,54,5,7,5
11,18,250,62,59,24,0,2,-3
11,18,280,36,46,16,0,0,-4
11,18,150,26,27,6,0,7,1
11,18,180,31,75,69,-1,8,0
11,18,180,41,73,54,-1,8,2
11,18,300,46,48,33,18,8,6
11,18,200,87,54,37,2,8,2
11,18,250,51,54,4,0,1,-9
11,18,210,51,42,12,0,5,0
11,18,290,31,64,55,14,8,-3
11,18,220,21,117,111,23,8,8
11,18,180,46,91,64,0,0,-5
11,18,140,36,107,98,0,8,5
11,18,200,72,110,60,0,7,1
11,18,240,51,79,59,-1,6,3
11,18,170,41,73,46,0,8,3
11,18,230,21,39,18,0,3,-15
11,18,150,31,83,79,0,8,2
11,18,160,62,109,74,0,3,-6
11,18,130,21,32,23,0,8,0
11,18,90,31,44,37,0,7,4
11,18,80,21,95,86,0,7,0
11,18,70,15,95,89,0,0,-21
11,18,60,57,44,37,0,0,-13
11,18,50,67,60,46,0,8,-1
11,18,20,21,53,53,-1,8,1
11,18,310,15,65,62,0,7,-4
11,18,180,26,64,57,0,3,-1
11,18,170,62,81,80,20,8,-1
11,18,220,31,38,38,0,1,1
11,18,210,36,73,62,0,7,0
11,18,190,51,77,57,-1,8,-5
11,18,300,129,72,69,38,8,-5
11,18,990,10,50,25,0,1,-3
11,18,70,21,-1,-12,0,3,-10
11,18,70,31,-14,-18,0,1,-4
11,18,80,26,-24,-29,0,0,9
11,18,40,31,-5,-40,0,0,-5
11,18,60,41,-4,-4,0,4,-1
11,18,70,26,-73,-81,0,2,10
11,18,110,5,-56,-57,0,0,-11
11,18,200,41,-11,-19,0,7,-8
11,18,110,21,-29,-37,0,7,-11
11,18,90,5,-8,-8,0,1,-15
11,18,20,21,-2,-2,0,1,-7
11,18,60,46,-20,-28,0,8,-2
11,18,70,31,-15,-19,0,6,8
11,18,130,21,-25,-51,0,0,-6
11,18,130,21,-6,-36,0,8,-2
11,18,240,26,70,52,0,1,-11
11,18,80,31,74,68,0,6,-4
11,18,120,51,133,84,0,4,-1
11,18,120,41,137,92,0,4,1
11,18,0,0,124,113,0,7,-10
11,18,0,0,118,105,0,7,1
11,18,80,26,111,109,0,8,-1
11,18,110,21,78,78,0,1,-1
11,18,130,36,106,92,0,6,-3
11,18,0,0,106,106,0,8,-3
11,18,0,0,106,106,-1,8,1
11,18,100,31,95,95,0,8,-1
11,18,210,62,119,100,0,8,0
11,18,230,82,138,135,14,8,-3
11,18,250,67,118,94,0,6,-6
11,18,240,36,66,60,0,4,-11
11,18,250,62,91,65,0,6,-6
11,18,290,10,103,97,-1,8,-12
11,18,240,46,139,139,2,8,0
11,18,220,87,134,111,0,7,0
11,18,190,10,89,89,0,8,-4
11,18,120,15,99,93,0,8,1
11,18,220,36,122,117,0,8,-1
11,18,270,15,79,75,0,1,-13
11,18,230,21,63,62,0,7,-6
11,18,300,31,117,117,-1,8,0
11,18,0,0,93,93,-1,8,-1
11,18,290,5,45,45,0,5,-9
11,18,60,36,37,37,0,3,8
11,18,100,26,40,37,0,3,6
11,18,310,36,69,60,0,4,-6
11,18,260,31,91,72,-1,7,2
11,18,330,26,55,28,0,6,-4
11,18,310,5,-18,-40,0,1,-13
11,18,0,0,-23,-39,0,4,-4
11,18,220,41,20,-23,0,7,-12
11,18,220,21,63,63,0,8,0
11,18,260,21,112,112,0,7,-8
11,18,190,26,100,91,0,7,0
11,18,130,26,89,80,0,6,-6
11,18,110,36,112,63,0,7,-7
11,18,80,51,108,60,0,2,-9
11,18,140,10,79,68,0,7,5
11,18,210,51,89,77,-1,8,2
11,18,190,36,91,80,0,7,-8
11,18,250,51,101,90,2,7,-3
11,18,250,21,17,16,0,7,7
11,18,240,41,38,31,9,5,2
11,18,260,46,71,59,-1,7,3
11,18,120,21,23,17,0,2,1
11,18,130,46,19,-38,0,6,0
11,18,220,31,83,80,0,8,1
11,18,200,36,88,71,0,7,4
11,18,180,41,88,61,0,5,-12
11,18,140,36,89,70,0,5,-4
11,18,140,31,90,52,0,7,-5
11,18,120,36,75,71,2,8,-1
11,18,60,10,43,42,0,5,4
11,18,90,41,50,50,0,8,-4
11,18,80,36,12,6,0,1,-2
11,18,230,40,84,67,0,3,-11
11,18,230,90,143,127,0,8,2
11,18,210,80,136,120,0,8,-3
11,18,190,70,115,106,9,8,2
11,18,240,40,88,71,0,6,-4
11,18,240,80,118,69,0,2,0
11,18,320,40,82,68,10,8,-5
11,18,210,20,45,19,0,0,-5
11,18,240,40,75,45,0,3,-21
11,18,160,50,75,63,10,8,0
11,18,130,30,103,89,0,7,-6
11,18,280,20,91,86,0,8,-7
11,18,300,20,45,15,0,1,-13
11,18,70,30,14,-4,0,0,-19
11,18,10,20,-6,-16,0,0,-2
11,18,280,10,16,10,0,7,7
11,18,180,40,16,0,0,8,-2
11,18,340,20,39,38,10,8,2
11,18,130,70,5,4,5,8,1
11,18,280,40,56,46,0,7,4
11,18,230,50,20,14,0,5,1
11,18,200,80,35,9,0,4,-6
11,18,990,10,6,5,0,4,-3
11,18,190,50,30,14,0,7,-2
11,18,190,30,51,48,3,8,-5
11,18,320,30,28,10,0,8,-2
11,18,40,30,2,-14,0,4,-10
11,18,240,30,1,-3,0,2,-21
11,18,210,30,30,29,0,6,5
11,18,310,30,33,18,0,0,-4
11,18,10,10,-6,-10,0,0,-8
11,18,190,10,13,13,0,8,1
11,18,70,50,54,41,0,1,-9
11,18,130,50,68,-2,0,7,4
11,18,140,30,110,93,0,6,-5
11,18,120,20,69,69,0,5,18
11,18,200,50,107,88,0,7,-7
11,18,180,50,95,60,0,5,-2
11,18,170,60,94,50,0,2,-5
11,18,190,40,92,75,3,8,-2
11,18,170,30,76,69,0,7,-9
11,18,290,10,60,60,0,6,-3
11,18,170,10,16,16,0,2,-7
11,18,180,30,61,54,0,5,-5
11,18,220,40,101,101,2,8,0
11,18,110,30,92,86,0,6,1
11,18,120,50,61,31,0,4,-11
11,18,120,40,47,21,0,2,-8
11,18,130,60,22,-41,0,2,-5
11,18,140,50,45,36,0,5,1
11,18,200,20,84,80,0,8,-10
11,18,90,40,50,50,0,8,-4
11,18,110,20,44,44,-1,8,0
11,18,80,50,24,17,0,7,-1
11,18,90,30,34,24,0,6,2
11,18,80,50,58,41,-1,7,0
11,18,130,50,44,38,2,8,1
11,18,170,40,84,83,4,8,1
11,18,190,40,101,82,0,7,-1
11,18,330,20,82,81,-1,8,0
11,18,250,30,62,49,6,,-15
11,18,150,40,77,59,0,,2
11,18,220,100,77,53,0,,-5
11,18,240,30,43,39,0,,-15
11,18,220,120,82,61,1,,-2
11,18,250,20,66,51,0,5,-15
11,18,160,20,69,60,0,5,3
11,18,210,70,95,93,0,8,4
11,18,250,40,127,103,0,7,-20
11,18,270,30,70,53,0,1,3
11,18,220,20,39,32,0,2,-2
11,18,150,40,52,39,0,8,0
11,18,210,20,59,53,4,8,2
11,18,300,10,46,43,0,7,1
11,18,230,30,48,46,0,7,3
11,18,310,20,16,3,0,1,-1
11,18,280,10,33,20,0,7,-25
11,18,210,30,24,21,-1,5,-3
11,18,40,20,-17,-32,0,1,2
11,18,990,10,-39,-44,0,0,-15
11,18,120,20,-26,-38,0,3,-7
11,18,100,40,-44,-72,0,2,-20
11,18,340,10,-58,-67,0,0,-7
11,18,170,20,-23,-46,0,7,2
11,18,990,10,1,-13,0,7,2
11,18,190,60,35,34,16,8,3
11,18,240,20,52,48,-1,,-2
11,18,160,60,48,30,0,,-8
11,18,50,30,23,20,0,,-1
11,18,50,50,5,-8,0,,1
11,18,200,90,176,125,0,,-5
11,18,270,30,101,79,0,,-36
11,18,990,10,67,65,0,,27
11,18,110,20,41,32,0,,-10
11,18,160,50,105,58,0,,0
11,18,230,90,72,61,2,,0
11,18,280,30,98,88,0,,-6
11,18,240,10,95,95,0,,2
11,18,350,30,84,71,0,4,-12
11,18,30,40,80,56,0,,0
11,18,70,30,28,8,0,,-4
11,18,10,20,9,5,0,,10
11,18,240,20,33,33,0,,3
11,18,40,40,70,56,0,,-13
11,18,990,10,-28,-37,0,,-3
11,18,210,40,2,2,5,,3
11,18,270,30,22,15,-1,,0
11,18,270,30,13,13,0,,-8
11,18,350,40,31,15,0,,-1
11,18,50,50,7,-14,0,,-7
11,18,220,20,-6,-7,0,,7
11,18,230,60,45,43,-1,8,0
11,18,240,40,77,71,0,,-6
11,18,200,50,85,82,0,,-1
11,18,210,70,89,89,0,,2
11,18,170,40,69,39,0,,-5
11,18,200,20,50,50,0,,-1
11,18,160,50,89,53,0,,-5
11,18,220,30,78,59,0,,-11
11,18,220,100,81,54,0,,6
11,18,200,60,68,53,0,,2
11,18,200,80,103,82,-1,,-19
11,18,170,30,64,39,0,,-1
11,18,190,40,65,47,0,,-4
11,18,130,40,65,27,0,,-3
11,18,110,70,98,64,0,6,-9
11,18,180,60,90,72,1,7,-2
11,18,200,60,83,67,0,,-1
11,18,220,80,79,54,0,,-3
11,18,220,70,75,42,0,,-10
11,18,180,60,86,40,0,,0
11,18,190,60,89,77,9,,3
11,18,180,20,79,59,0,7,8
11,18,130,10,47,40,0,6,9
11,18,190,20,57,46,0,,11
11,18,170,60,83,66,4,,0
11,18,210,30,35,27,0,,11
11,18,190,70,72,44,0,,-2
11,18,200,50,90,68,0,,-1
11,18,160,40,54,37,0,5,-4
11,18,140,50,58,28,0,6,3
11,18,190,60,82,57,0,,-7
11,18,140,50,108,86,0,,-2
11,18,170,30,51,36,0,,4
11,18,140,60,69,39,0,,2
11,18,280,60,73,41,0,,-2
11,18,160,30,66,44,0,7,-2
11,18,200,50,134,111,0,7,-6
11,18,160,30,111,87,0,,-3
11,18,110,20,62,55,0,,18
11,18,270,20,77,63,0,,-14
11,18,240,20,107,90,0,,-26
11,18,220,20,85,81,0,,6
11,18,260,30,92,57,0,,-23
11,18,220,30,48,39,0,4,-3
11,18,240,40,91,72,0,5,2
11,18,250,60,109,95,0,,-6
11,18,310,40,41,4,0,,-10
11,18,330,20,16,13,0,,-7
11,18,190,30,13,-21,0,,-5
11,18,240,30,61,49,0,,-1
11,18,260,30,95,92,3,8,-4
11,18,990,10,40,25,0,6,8
11,18,350,20,19,2,0,,-4
11,18,240,20,-12,-12,0,,4
11,18,990,10,75,75,0,,-3
11,18,30,20,57,54,0,,-2
11,18,10,10,58,57,0,,-2
11,18,320,20,68,68,0,,-5
11,18,230,30,75,69,0,7,1
11,18,220,100,81,52,-1,,-1
11,18,290,40,30,17,2,,0
11,18,270,40,44,26,0,,-5
11,18,220,30,79,79,-1,,1
11,18,210,60,108,104,1,,-3
11,18,330,20,42,39,0,5,-15
11,18,190,60,49,37,0,8,4
11,18,240,30,39,26,0,,-17
11,18,220,60,93,92,6,,4
11,18,200,40,126,126,1,,0
11,18,200,40,127,111,0,,0
11,18,130,20,114,102,0,,4
11,18,220,40,101,80,0,,-29
11,18,300,20,87,81,0,6,8
11,18,120,20,62,49,0,3,-11
11,18,170,40,86,54,0,,-2
11,18,260,40,62,41,0,4,-3
11,18,180,90,66,58,18,,2
11,18,300,20,65,43,0,,-6
11,18,150,40,69,65,7,,3
11,18,230,40,68,57,0,5,-4
11,18,190,60,107,80,1,7,-3
11,18,220,70,98,75,0,,-9
11,18,170,40,94,63,0,,-9
11,18,70,20,35,31,0,,-5
11,18,340,30,84,82,0,,0
11,18,140,20,78,73,0,,8
11,18,990,10,71,67,0,8,-1
11,18,990,10,44,39,0,7,17
11,18,110,20,49,41,0,,-1
11,18,160,40,108,76,0,,2
11,18,160,20,72,54,0,,-7
11,18,120,30,68,53,0,,15
11,18,110,20,39,36,0,,-7
11,18,100,20,67,65,8,6,3
11,18,200,20,53,51,0,,-22
11,18,130,30,87,67,0,,-10
11,18,150,20,73,65,0,,4
11,18,0,0,63,60,0,,0
11,18,210,20,76,76,0,,0
11,18,230,50,91,83,2,,0
11,18,200,90,116,89,-1,,-7
11,18,240,60,118,93,1,2,1
11,18,210,10,60,56,0,5,-12
11,18,110,50,105,46,0,,-4
11,18,90,30,50,41,0,,9
11,18,50,70,59,31,0,,-10
11,18,70,40,53,25,0,,-18
11,18,120,30,105,55,0,,1
11,18,50,30,82,58,0,7,-16
11,18,100,20,21,8,0,0,-1
11,18,140,30,77,34,0,,-3
11,18,210,20,75,67,0,,8
11,18,200,50,72,59,0,,1
11,18,200,30,79,59,0,,-4
11,18,310,10,61,57,6,,1
11,18,220,80,89,65,0,,2
11,18,240,50,127,121,1,,-2
11,18,240,50,128,113,0,,-7
11,18,210,60,86,73,0,,-4
11,18,180,10,92,77,0,,-12
11,18,180,30,126,98,0,,6
11,18,120,20,97,95,0,,8
11,18,310,10,90,86,0,,-6
11,18,160,10,70,64,0,,3
11,18,150,40,95,63,0,,-5
11,18,330,20,46,43,0,,-3
11,18,200,30,37,37,0,,-3
11,18,140,40,47,34,0,,2
11,18,140,20,61,60,0,,0
11,18,50,40,84,62,0,,2
11,18,70,40,97,81,0,,-1
11,18,130,10,80,78,0,,28
11,18,240,40,115,97,0,,-4
11,18,260,30,77,52,0,,-30
11,18,270,10,56,52,0,,9
11,18,310,10,49,32,0,,-1
11,18,70,20,62,50,0,,-5
11,18,320,20,12,-1,0,,8
11,18,40,30,65,60,0,,-2
11,18,320,10,-1,-8,0,,-3
11,18,230,70,69,66,2,,11
11,18,290,20,49,23,0,,-7
11,18,240,10,40,32,0,,-4
11,18,230,50,65,51,0,,2
11,18,250,40,105,89,0,,-3
11,18,240,70,110,101,6,,-2
11,18,240,20,57,50,17,,-3
11,18,260,40,21,0,0,,-2
11,18,240,50,13,8,0,,-5
11,18,160,30,24,10,5,,-2
11,18,270,60,118,78,0,,1
11,18,320,10,25,11,0,,-12
11,18,70,10,2,2,0,,-9
11,18,0,0,-26,-29,0,,-9
11,18,210,70,51,35,0,,2
11,18,200,20,71,65,0,,5
11,18,180,30,72,67,2,,-2
11,18,0,0,67,65,0,,-2
11,18,40,40,39,34,0,,-1
11,18,230,40,90,69,0,,-15
11,18,180,50,147,138,0,,2
11,18,200,70,167,109,0,,-4
11,18,230,10,110,101,0,,0
11,18,190,30,67,38,0,,3
11,18,180,50,115,77,0,,-2
11,18,190,40,105,95,0,,-6
11,18,150,40,128,87,0,,-9
11,18,270,20,94,89,0,,0
11,18,220,70,100,78,0,,-4
11,18,200,70,118,87,0,,-2
11,18,70,10,82,72,0,,-1
11,18,340,10,41,36,0,,-3
11,18,200,30,47,41,0,,0
11,18,250,30,82,80,2,,-3
11,18,280,50,48,31,4,,-1
11,18,240,30,17,11,0,,11
11,18,290,10,6,-4,0,,-7
11,18,220,30,23,22,0,,3
11,18,240,40,39,32,0,,-6
11,18,40,30,45,37,0,,-6
11,18,50,20,28,14,0,,-1
11,18,350,10,30,21,0,,-7
11,18,220,70,40,34,6,,2
11,18,220,120,3,2,68,,1
11,18,180,30,9,6,21,,0
11,18,290,10,3,-1,0,,-3
11,18,210,20,22,16,0,,4
11,18,220,40,18,11,0,,-3
11,18,200,50,25,8,0,,2
11,18,290,30,47,20,-1,,-2
11,18,270,30,46,33,0,,-16
11,18,250,30,63,53,0,,-4
11,18,240,40,93,66,0,,-1
11,18,240,40,108,87,0,,-1
11,18,220,50,100,82,0,,0
11,18,90,10,26,22,0,,-2
11,18,230,80,104,95,0,,4
11,18,280,20,68,39,0,,-9
11,18,180,20,66,44,0,,-5
11,18,250,70,97,57,0,,-5
11,18,250,30,67,55,8,,0
11,18,270,50,127,90,0,,-9
11,18,220,70,133,125,4,,0
11,18,160,30,120,100,0,,-1
11,18,190,50,159,116,1,,-1
11,18,170,50,108,70,0,,-5
11,18,180,30,54,41,0,,11
11,18,230,40,41,38,0,,1
11,18,190,70,83,76,3,,2
11,18,190,20,31,27,0,,-5
11,18,180,50,69,50,0,,2
11,18,210,60,108,98,1,,-3
11,18,130,40,110,96,0,,13
11,18,230,100,138,86,0,,-6
11,18,170,40,103,75,0,,-13
11,18,190,50,139,110,0,,-3
11,18,230,30,124,106,0,,-2
11,18,210,20,58,53,0,,-1
11,18,100,20,37,34,0,,1
11,18,270,30,124,105,0,8,-3
11,18,280,20,138,135,1,8,-1
11,18,290,20,117,111,0,3,-10
11,18,350,10,96,79,0,8,0
11,18,230,70,103,74,0,8,-5
11,18,280,30,72,50,0,6,-5
11,18,290,40,113,95,-1,8,-10
11,18,230,80,98,87,6,8,-2
11,18,270,40,51,28,0,5,5
11,18,290,40,78,50,4,8,-9
11,18,300,40,53,25,0,2,-6
11,18,280,30,56,25,0,3,-11
11,18,240,30,51,48,2,8,6
11,18,340,20,34,12,0,8,-3
11,18,320,10,23,-1,0,8,-2
11,18,230,30,42,25,0,8,0
11,18,200,30,20,-2,0,0,-8
11,18,120,50,40,13,0,4,-12
11,18,120,30,47,26,0,8,0
11,18,120,50,83,40,-1,8,-4
11,18,190,40,92,84,0,0,-8
11,18,190,30,85,70,0,4,-6
11,18,290,20,25,9,0,0,-1
11,18,230,70,54,29,0,8,-1
11,18,290,30,44,25,-1,3,-4
11,18,280,30,51,24,0,8,-4
11,18,220,20,55,47,0,8,-5
11,18,190,60,62,20,0,8,-5
11,18,230,60,65,60,0,8,4
11,18,210,70,84,78,1,8,2
11,18,90,50,72,70,6,8,1
11,18,50,20,100,92,-1,8,0
11,18,50,10,83,80,0,8,-8
11,18,50,50,74,74,0,9,4
11,18,30,20,94,93,0,8,-1
11,18,100,20,89,85,0,8,12
11,18,150,30,95,76,0,8,5
11,18,170,40,86,55,0,0,-4
11,18,180,40,83,52,0,0,0
11,18,200,100,139,103,0,8,2
11,18,230,70,90,59,0,5,-5
11,18,240,40,86,57,0,7,-10
11,18,190,30,66,46,0,1,-1
11,18,220,50,97,96,1,8,2
11,18,230,50,103,100,-1,8,1
11,18,310,20,73,39,0,7,-8
11,18,190,30,59,14,0,6,-2
11,18,280,30,70,67,0,0,-1
11,18,240,60,90,76,0,8,-6
11,18,280,50,96,60,-1,7,-4
11,18,280,30,27,-13,0,5,-4
11,18,280,30,5,-11,0,1,2
11,18,140,50,-3,-4,16,8,0
11,18,300,10,-10,-12,0,0,-2
11,18,260,20,19,12,0,0,-8
11,18,220,50,56,42,0,8,0
11,18,200,70,54,37,0,8,-3
11,18,140,30,28,16,0,8,-4
11,18,100,10,6,-1,0,3,-8
11,18,130,20,33,32,1,8,-1
11,18,170,60,141,138,28,8,1
11,18,210,20,79,58,0,8,-22
11,18,170,60,87,77,2,8,2
11,18,210,30,69,49,0,2,-6
11,18,210,40,77,69,0,2,-10
11,18,190,60,92,69,-1,8,-4
11,18,220,30,59,50,-1,8,-4
11,18,30,40,52,50,0,8,-2
11,18,350,30,67,58,-1,8,-1
11,18,250,30,77,71,-1,7,1
11,18,210,30,78,61,0,8,0
11,18,180,40,89,81,0,1,2
11,18,200,50,152,100,0,4,-6
11,18,190,70,128,81,0,7,3
11,18,200,40,103,88,-1,8,-13
11,18,230,60,112,82,0,7,-8
11,18,220,60,102,86,0,8,-9
11,18,230,100,128,91,0,8,0
11,18,180,50,109,60,0,1,-8
11,18,220,60,145,108,-1,8,-13
11,18,150,40,142,101,0,8,1
11,18,220,100,90,65,5,8,-3
11,18,240,110,102,89,60,8,18
11,18,230,80,126,104,-1,8,1
11,18,220,70,100,71,0,7,-2
11,18,210,60,64,52,7,6,4
11,18,230,100,72,52,-1,8,-6
11,18,230,60,73,65,19,8,1
11,18,170,30,88,53,0,7,-1
11,18,230,20,66,42,0,8,-16
11,18,300,10,82,68,0,8,0
11,18,210,60,116,104,0,8,1
11,18,210,40,113,88,2,8,-5
11,18,230,100,150,113,0,8,1
11,18,220,80,136,131,3,8,2
11,18,80,10,73,71,0,6,-7
11,18,40,20,41,24,0,0,-7
11,18,100,40,46,11,0,4,0
11,18,40,40,57,51,1,8,-2
11,18,280,20,40,30,-1,1,1
11,18,200,120,85,78,10,8,9
11,18,210,50,101,97,20,8,1
11,18,230,20,88,78,16,8,-1
11,18,210,80,128,102,0,7,1
11,18,0,0,38,35,0,1,-12
11,18,120,20,30,30,0,9,-4
11,18,90,30,49,20,0,8,-4
11,18,150,10,63,35,0,8,-1
11,18,180,10,83,72,0,8,0
11,18,40,20,68,47,0,8,-11
11,18,50,60,44,30,0,1,-2
11,18,350,30,48,18,0,8,-8
11,18,280,30,47,19,0,7,-7
11,18,230,30,8,2,0,3,5
11,18,30,10,19,16,-1,8,-11
11,18,100,10,-18,-20,0,4,-8
11,18,110,30,-5,-21,0,8,-4
11,18,40,40,-23,-46,0,1,-4
11,18,50,40,-14,-16,3,8,0
11,18,60,70,-27,-69,0,8,-1
11,18,170,20,145,121,0,8,-15
11,18,100,30,126,108,0,8,-3
11,18,140,40,149,119,0,8,0
11,18,120,30,151,110,0,8,-3
11,18,0,0,100,94,0,0,-16
11,18,20,30,112,89,0,8,-1
11,18,80,60,89,74,0,8,-3
11,18,70,20,65,60,0,1,4
11,18,140,10,84,79,0,0,-21
11,18,90,50,56,56,0,9,4
11,18,100,40,65,44,0,0,-6
11,18,90,30,59,47,0,0,-3
11,18,80,40,52,52,0,9,-5
11,18,20,10,11,8,0,0,-11
11,18,60,30,13,8,0,0,-7
11,18,90,30,8,-7,0,0,4
11,18,180,20,73,57,0,8,4
11,18,80,10,37,37,0,9,-12
11,18,60,10,35,35,0,0,-6
11,18,360,10,12,12,0,9,-4
11,18,350,10,2,2,0,9,-10
11,18,100,10,35,35,0,2,-12
11,18,230,20,92,92,0,9,-2
11,18,190,50,82,78,0,8,-9
11,18,230,50,66,63,0,1,2
11,18,220,90,92,65,0,8,0
11,18,250,30,66,31,0,0,-25
11,18,160,30,45,35,0,0,-5
11,18,190,60,75,50,0,5,9
11,18,190,40,65,44,0,0,-8
11,18,210,60,69,48,12,8,-4
11,18,180,30,67,61,10,8,-2
11,18,220,60,67,41,0,2,-6
11,18,200,50,73,45,0,2,8
11,18,240,20,28,27,0,0,-10
11,18,240,80,82,43,-1,8,-7
11,18,220,40,84,64,0,7,5
11,18,240,30,86,73,0,8,3
11,18,130,30,87,48,0,8,1
11,18,160,30,113,100,0,8,-2
11,18,230,30,49,40,0,1,9
11,18,200,30,52,38,0,1,3
11,18,170,20,86,76,0,8,0
11,18,50,10,33,20,0,0,-8
11,18,80,20,42,16,0,8,2
11,18,0,0,3,-4,0,0,-5
11,18,200,30,77,73,0,8,1
11,18,220,10,14,11,0,9,-6
11,18,160,20,90,87,0,8,4
11,18,150,30,78,60,0,0,-8
11,18,190,60,88,66,0,8,6
11,18,180,40,74,45,0,0,-8
11,18,170,20,60,57,0,8,-10
11,18,100,30,86,83,8,8,0
11,18,210,70,96,44,0,7,-3
11,18,180,40,94,71,-1,6,-4
11,18,230,20,62,56,7,8,-5
11,18,50,10,37,33,0,8,6
11,18,310,20,34,15,0,7,-3
11,18,210,30,14,12,0,9,5
11,18,190,50,108,85,0,8,-1
11,18,200,50,115,106,0,1,2
11,18,220,130,87,46,-1,7,-13
11,18,230,40,47,41,0,5,24
11,18,200,50,72,68,5,8,5
11,18,190,40,108,105,3,8,2
11,18,190,20,101,97,1,8,-1
11,18,110,20,105,100,-1,8,2
11,18,180,50,80,62,6,8,0
11,18,270,30,58,36,0,0,-2
11,18,180,40,86,39,0,8,-1
11,18,320,20,82,79,-1,8,3
11,18,230,10,42,38,0,0,0
11,18,250,10,57,57,-1,8,13
11,18,360,10,40,40,0,0,-18
11,18,180,20,32,31,0,9,-4
11,18,80,10,45,42,0,7,2
11,18,200,30,54,40,0,8,0
11,18,330,20,61,47,0,7,-6
11,18,190,60,42,-4,-1,8,-22
11,18,20,40,31,-1,0,8,3
11,18,20,40,52,27,0,8,-1
11,18,10,20,57,26,0,8,-9
11,18,360,30,59,27,0,8,-3
11,18,330,20,47,23,0,6,-17
11,18,320,10,59,44,0,8,-6
11,18,240,40,65,45,0,8,-4
11,18,320,10,79,44,0,8,1
11,18,280,40,53,27,0,0,0
11,18,280,10,48,44,0,1,0
11,18,250,20,144,121,0,1,-15
11,18,190,50,155,117,0,8,-2
11,18,180,60,137,95,1,8,-10
11,18,140,10,82,77,0,8,-5
11,18,120,10,68,63,0,7,-16
11,18,170,20,76,70,-1,8,6
11,18,180,60,89,64,0,0,0
11,18,150,30,99,62,0,2,-6
11,18,130,20,83,70,0,3,8
11,18,180,40,90,53,0,0,-6
11,18,100,50,118,92,-1,7,-3
11,18,180,20,94,83,0,8,-10
11,18,110,20,82,71,0,1,-1
11,18,160,10,109,92,1,8,-5
11,18,160,20,89,86,0,7,-16
11,18,180,10,84,81,-1,8,0
11,18,80,40,99,74,0,8,-4
11,18,60,40,81,65,0,8,-1
11,18,70,20,77,56,0,8,-1
11,18,80,40,78,55,0,8,-4
11,18,70,30,28,15,0,3,29
11,18,110,10,92,76,0,8,5
11,18,160,30,117,94,0,8,-2
11,18,220,10,37,30,0,1,-13
11,18,70,50,56,35,0,2,-1
11,18,120,50,59,35,0,8,-5
11,18,110,40,68,62,2,8,-1
11,18,80,70,64,38,0,8,-12
11,18,80,30,20,12,0,8,4
11,18,80,30,35,24,0,8,1
11,18,150,10,93,87,0,0,-35
11,18,80,20,62,58,0,0,1
11,18,80,20,104,74,0,8,-8
11,18,190,40,147,112,0,8,-6
11,18,150,30,153,123,0,8,4
11,18,200,70,157,143,2,8,0
11,18,210,70,183,152,0,8,-3
11,18,160,30,153,126,0,8,4
11,18,240,80,129,92,-1,8,2
11,18,230,70,146,128,0,8,-2
11,18,210,50,121,90,0,8,0
11,18,170,30,136,103,0,8,-9
11,18,250,50,92,63,0,2,-13
11,18,200,60,87,78,7,8,2
11,18,250,70,142,112,3,8,0
11,18,250,60,127,115,7,8,-5
11,18,200,90,144,131,8,8,7
11,18,210,100,126,77,0,7,8
11,18,230,30,79,74,19,8,0
11,18,230,40,36,23,0,3,2
11,18,300,30,42,33,0,7,-4
11,18,290,20,13,0,0,0,-4
11,18,200,30,25,5,0,8,7
11,18,210,60,36,30,0,8,5
11,18,260,30,41,32,0,2,2
11,18,180,10,25,21,0,4,-14
11,18,190,60,65,32,0,8,-2
11,18,210,90,60,33,1,8,0
11,18,230,140,122,82,0,8,-12
11,18,250,100,109,97,27,8,4
11,18,360,20,97,84,1,8,-1
11,18,250,30,67,53,2,2,-12
11,18,190,30,86,74,-1,8,-7
11,18,180,30,78,46,0,8,3
11,18,240,50,69,48,-1,8,-5
11,18,230,50,61,48,0,8,-2
11,18,30,20,40,31,1,8,0
11,18,140,30,34,15,0,8,2
11,18,120,20,40,28,5,8,-2
11,18,140,10,60,57,14,8,2
11,18,320,10,-11,-16,0,0,-13
11,18,130,40,40,5,0,8,-2
11,18,70,20,34,26,0,8,4
11,18,190,40,54,47,2,8,1
11,18,240,40,115,112,1,8,2
11,18,230,50,115,103,0,7,-2
11,18,210,90,107,90,5,8,3
11,18,230,90,44,19,-1,5,-6
11,18,200,40,50,23,0,8,7
11,18,220,80,110,51,0,8,-5
11,18,180,60,131,102,2,8,-10
11,18,170,20,107,73,0,8,-1
11,18,30,30,94,81,0,8,4
11,18,50,60,62,18,0,8,-6
11,18,50,30,36,-5,0,0,-16
11,18,240,10,-10,-11,0,9,-9
11,18,350,30,53,31,0,8,-4
11,18,60,40,-21,-50,0,0,13
11,18,100,10,-38,-49,0,0,-8
11,18,230,30,21,-8,0,8,4
11,18,200,30,107,67,0,8,4
11,18,230,30,109,102,0,8,-6
11,18,120,10,67,66,0,3,1
11,18,210,60,133,121,0,8,-2
11,18,220,30,34,28,0,0,-9
11,18,0,0,30,27,0,0,-9
11,18,80,30,33,30,0,8,-2
11,18,340,20,72,62,0,8,-3
11,18,220,50,90,66,0,8,-9
11,18,280,40,79,27,0,4,-7
11,18,240,20,44,41,0,8,19
11,18,280,30,36,29,0,7,11
11,18,290,20,57,33,0,8,-8
11,18,230,60,80,68,0,8,1
11,18,180,20,89,86,-1,8,1
11,18,230,30,94,91,0,8,0
11,18,260,10,38,27,0,7,4
11,18,310,20,69,49,2,8,-7
11,18,280,30,66,38,1,8,-12
11,18,230,70,96,94,4,8,1
11,18,220,70,104,87,0,8,-3
11,18,180,60,108,51,0,0,-1
11,18,240,50,94,51,0,0,-24
11,18,150,10,38,38,0,8,14
11,18,230,40,13,6,0,4,7
11,18,230,50,40,21,-1,5,1
11,18,230,70,78,69,-1,8,-5
11,18,230,40,15,11,0,0,-4
11,18,320,10,24,21,0,8,1
11,18,230,20,30,23,0,8,1
11,18,140,30,98,92,2,8,-1
11,18,230,20,47,27,0,0,-9
11,18,110,20,33,22,0,8,-13
11,18,70,20,69,63,0,0,-13
11,18,80,30,90,83,0,8,-17
11,18,180,20,128,91,0,8,2
11,18,190,60,119,94,0,8,-2
11,18,50,20,52,45,0,0,4
11,18,130,30,99,80,0,1,-1
11,18,180,60,127,111,0,8,-11
11,18,210,50,109,100,6,8,-2
11,18,210,30,86,83,0,8,4
11,18,220,30,80,65,0,1,-8
11,18,130,20,76,63,0,8,-9
11,18,110,20,52,37,0,0,-8
11,18,70,40,43,26,0,0,0
11,18,60,60,52,10,0,0,-4
11,18,50,70,29,-68,0,4,-6
11,18,50,80,45,3,0,4,-8
11,18,80,80,31,-1,0,8,-5
11,18,70,50,33,6,0,8,-1
11,18,60,20,13,5,0,5,-2
11,18,60,30,26,14,0,4,-7
11,18,20,10,28,23,-1,8,-3
11,18,60,50,34,31,0,8,1
11,18,50,30,40,21,0,8,-1
11,18,120,20,20,16,0,0,-1
11,18,160,50,71,65,0,8,5
11,18,180,50,93,67,5,8,3
11,18,200,30,77,58,0,1,-8
11,18,170,40,109,106,1,8,5
11,18,200,70,129,80,-1,8,-1
11,18,160,10,119,116,30,8,-3
11,18,150,20,104,96,0,8,1
11,18,230,10,83,80,0,8,3
11,18,0,0,70,66,0,8,0
11,18,210,50,74,47,0,6,-7
11,18,280,10,32,30,0,0,-6
11,18,190,30,47,27,0,7,-11
11,18,0,0,10,7,0,0,-9
11,18,200,60,60,47,0,8,-2
11,18,180,50,46,21,0,3,-4
11,18,160,20,52,45,0,8,2
11,18,70,20,62,37,0,8,-4
11,18,100,10,52,27,0,8,-7
11,18,180,10,18,14,0,8,36
11,18,360,20,45,27,0,8,0
11,18,260,40,66,62,3,8,4
11,18,200,10,32,28,0,8,5
11,18,60,30,7,1,0,1,4
11,18,80,20,23,15,0,8,10
11,18,100,40,55,39,0,2,-7
11,18,70,50,73,48,0,8,-5
11,18,200,30,60,57,0,8,9
11,18,130,20,69,60,0,8,-1
11,18,170,40,102,95,1,8,0
11,18,180,50,102,89,-1,8,1
11,18,250,50,95,89,6,8,-1
11,18,270,20,47,17,0,6,-8
11,18,100,10,-4,-7,0,0,-15
11,18,200,60,171,158,-1,8,1
11,18,250,70,139,85,0,8,-12
11,18,220,40,89,45,-1,8,-7
11,18,260,10,52,37,0,2,-3
11,18,0,0,57,53,0,4,-11
11,18,60,40,56,39,0,0,6
11,18,60,10,71,65,0,4,-10
11,18,120,20,121,97,-1,8,-15
11,18,100,30,138,122,0,8,-8
11,18,280,10,142,125,0,8,-7
11,18,130,20,111,97,0,8,1
11,18,220,40,95,76,0,2,-6
11,18,200,40,125,120,2,8,2
11,18,160,30,126,96,0,8,0
11,18,240,60,102,72,43,8,-4
11,18,240,50,99,68,0,8,-7
11,18,210,50,124,92,0,8,-1
11,18,190,50,132,66,0,2,3
11,18,290,10,60,29,0,1,-7
11,18,190,30,56,10,0,7,-19
11,18,220,70,96,64,0,8,-2
11,18,230,30,61,58,0,4,4
11,18,190,10,41,21,0,4,-11
11,18,140,40,69,55,0,8,-9
11,18,190,30,81,53,0,8,-9
11,18,40,20,80,72,0,8,-2
11,18,80,20,51,38,0,8,-4
11,18,60,50,27,26,0,9,4
11,18,60,10,-23,-27,0,0,-2
11,18,210,60,41,35,7,8,4
