MM,HH,DD,FF,T,TD,RH,N,TC
11,1,180,36,71,48,0,4.0,-10
11,1,210,77,120,112,6,8.0,-3
11,1,210,87,120,83,0,7.0,-1
11,1,220,93,68,53,-1,7.0,-3
11,1,230,108,55,52,4,8.0,7
11,1,240,36,28,28,-1,5.0,2
11,1,220,129,71,60,-1,8.0,5
11,1,240,98,106,106,4,8.0,1
11,1,250,46,65,62,-1,7.0,1
11,1,250,41,39,39,-1,8.0,1
11,1,210,98,55,38,0,7.0,2
11,1,210,36,52,52,-1,6.0,-14
11,1,220,103,86,83,22,8.0,-9
11,1,210,77,53,35,0,2.0,-2
11,1,230,77,56,53,-1,8.0,-9
11,1,190,15,14,14,0,1.0,12
11,1,70,26,18,18,0,9.0,-5
11,1,170,51,46,29,0,7.0,2
11,1,160,31,52,52,0,4.0,5
11,1,40,62,42,42,0,8.0,-3
11,1,30,62,25,25,0,8.0,-4
11,1,200,31,-1,-1,0,8.0,-9
11,1,220,46,35,11,0,8.0,-3
11,1,200,15,0,-11,0,1.0,-1
11,1,200,31,-11,-11,0,0.0,-2
11,1,990,5,-15,-21,0,2.0,4
11,1,190,31,29,10,0,3.0,7
11,1,200,36,33,32,0,0.0,9
11,1,160,31,35,35,0,2.0,-2
11,1,90,46,18,17,0,0.0,-10
11,1,160,21,14,14,0,9.0,-7
11,1,200,46,24,3,0,4.0,-1
11,1,230,77,79,47,0,7.0,0
11,1,200,51,58,51,0,7.0,-5
11,1,220,72,86,71,0,8.0,3
11,1,240,46,104,104,0,8.0,-3
11,1,220,72,64,63,0,8.0,2
11,1,240,41,96,96,-1,8.0,0
11,1,190,26,57,51,0,3.0,-17
11,1,200,87,107,81,1,8.0,-7
11,1,220,67,68,53,0,7.0,2
11,1,230,77,55,32,0,1.0,-1
11,1,210,51,34,14,0,6.0,4
11,1,210,36,8,8,0,2.0,10
11,1,150,21,39,13,0,8.0,-3
11,1,220,67,85,73,0,8.0,-1
11,1,190,51,69,52,0,8.0,-9
11,1,240,51,35,19,0,7.0,1
11,1,230,62,82,71,0,7.0,6
11,1,230,51,33,24,0,7.0,6
11,1,220,46,47,41,0,6.0,1
11,1,230,93,115,113,22,8.0,2
11,1,240,87,125,111,0,8.0,-3
11,1,200,67,83,64,0,1.0,2
11,1,190,77,115,68,-1,7.0,11
11,1,210,165,131,101,0,8.0,11
11,1,230,62,56,46,0,2.0,-1
11,1,210,123,106,89,0,8.0,7
11,1,150,26,34,27,0,7.0,4
11,1,200,51,114,112,0,8.0,2
11,1,110,21,34,34,0,8.0,0
11,1,80,36,-3,-3,0,9.0,1
11,1,90,36,77,74,0,7.0,6
11,1,150,10,81,81,0,1.0,-3
11,1,90,26,70,67,0,0.0,-8
11,1,70,72,30,27,0,8.0,2
11,1,50,36,44,44,0,8.0,-1
11,1,330,10,51,51,1,8.0,0
11,1,260,15,54,54,0,7.0,-5
11,1,200,57,68,41,0,6.0,0
11,1,200,67,79,75,0,8.0,2
11,1,210,36,47,47,0,5.0,-5
11,1,200,62,51,45,0,3.0,6
11,1,170,87,56,47,29,8.0,0
11,1,300,77,60,56,3,8.0,1
11,1,50,21,27,6,0,6.0,3
11,1,70,36,-13,-23,0,1.0,-5
11,1,80,46,-13,-29,0,0.0,2
11,1,60,36,-33,-38,0,0.0,-1
11,1,60,31,-47,-59,0,0.0,0
11,1,60,36,-47,-59,0,0.0,0
11,1,60,5,-45,-49,0,7.0,1
11,1,170,21,-51,-61,0,5.0,13
11,1,990,15,-55,-63,0,0.0,-6
11,1,990,10,-28,-32,0,7.0,9
11,1,990,5,-11,-11,0,0.0,-10
11,1,40,36,-19,-19,0,8.0,-1
11,1,40,46,-39,-46,0,8.0,-2
11,1,70,26,-53,-53,0,0.0,3
11,1,90,41,-56,-68,0,0.0,-2
11,1,240,118,118,79,0,5.0,-4
11,1,200,36,50,43,0,1.0,0
11,1,80,31,82,65,0,7.0,5
11,1,70,26,103,77,0,6.0,6
11,1,990,10,111,81,0,6.0,-1
11,1,210,46,131,103,0,7.0,-8
11,1,340,5,110,96,-1,8.0,-1
11,1,330,5,87,85,0,1.0,-12
11,1,170,31,67,59,0,1.0,-10
11,1,110,21,97,94,9,8.0,0
11,1,990,5,80,80,0,8.0,5
11,1,230,31,104,104,1,8.0,0
11,1,170,26,94,83,2,8.0,-2
11,1,220,98,114,96,0,8.0,1
11,1,230,93,131,128,26,8.0,-1
11,1,240,87,103,83,0,7.0,3
11,1,220,57,77,72,0,7.0,9
11,1,240,72,84,66,1,8.0,-2
11,1,190,21,87,84,0,7.0,-4
11,1,230,67,135,134,-1,8.0,2
11,1,290,36,123,122,-1,8.0,-12
11,1,110,31,91,89,0,8.0,1
11,1,200,21,80,76,0,5.0,8
11,1,200,41,81,78,0,1.0,-13
11,1,240,26,69,69,0,9.0,3
11,1,200,41,73,73,2,8.0,2
11,1,350,41,107,107,-1,8.0,-3
11,1,990,15,81,69,0,8.0,1
11,1,90,26,70,70,0,9.0,-4
11,1,80,10,19,19,0,0.0,-5
11,1,220,51,60,60,0,8.0,5
11,1,290,26,46,46,0,1.0,-3
11,1,260,51,82,77,0,8.0,1
11,1,360,26,23,-4,0,7.0,-9
11,1,20,5,-21,-29,0,0.0,-5
11,1,200,15,-22,-43,0,2.0,-7
11,1,210,51,-9,-40,0,6.0,-2
11,1,990,15,68,68,0,8.0,1
11,1,220,57,93,93,0,8.0,2
11,1,180,31,62,61,0,6.0,-3
11,1,120,26,110,87,0,7.0,0
11,1,130,21,106,47,0,3.0,-17
11,1,80,62,72,40,0,2.0,-8
11,1,230,46,104,103,-1,8.0,-1
11,1,200,41,89,71,0,8.0,3
11,1,200,51,102,95,0,7.0,1
11,1,990,10,70,64,8,8.0,-11
11,1,350,46,1,1,2,8.0,-1
11,1,240,62,31,5,0,6.0,-1
11,1,320,26,49,43,0,3.0,-4
11,1,120,26,-2,-11,0,0.0,0
11,1,990,10,32,2,0,6.0,2
11,1,220,36,87,87,0,8.0,0
11,1,190,51,83,70,0,8.0,4
11,1,170,31,72,48,0,4.0,2
11,1,150,31,64,38,0,3.0,3
11,1,190,36,87,71,-1,8.0,-5
11,1,210,15,59,53,0,7.0,-2
11,1,170,15,23,23,0,0.0,-17
11,1,90,41,33,33,0,9.0,-6
11,1,220,90,114,112,6,8.0,5
11,1,220,70,123,113,-1,8.0,5
11,1,220,90,132,114,0,8.0,0
11,1,210,80,130,116,0,8.0,-2
11,1,220,100,120,100,-1,8.0,-5
11,1,210,100,81,41,0,5.0,0
11,1,230,90,102,71,0,6.0,-4
11,1,230,60,76,64,-1,2.0,1
11,1,220,70,74,58,0,6.0,-1
11,1,200,30,74,67,0,7.0,0
11,1,220,40,65,57,-1,8.0,0
11,1,230,60,99,92,-1,8.0,-3
11,1,270,20,75,73,0,8.0,-1
11,1,220,20,7,4,0,0.0,8
11,1,70,30,-5,-10,0,0.0,-10
11,1,50,10,-8,-9,0,0.0,-5
11,1,180,10,-15,-15,0,4.0,-5
11,1,210,30,9,-3,0,7.0,2
11,1,310,60,42,38,7,8.0,-3
11,1,170,80,53,28,2,7.0,0
11,1,260,60,35,16,-1,7.0,-8
11,1,210,40,0,-5,0,2.0,0
11,1,190,70,18,-21,0,8.0,1
11,1,220,30,-6,-11,0,1.0,-3
11,1,190,90,27,-7,-1,8.0,0
11,1,230,30,54,53,-1,8.0,0
11,1,300,20,8,3,0,2.0,-5
11,1,350,40,-10,-19,0,4.0,-9
11,1,220,60,23,15,0,8.0,2
11,1,250,60,45,34,0,7.0,-2
11,1,30,20,1,-1,0,0.0,-7
11,1,220,20,-10,-10,0,9.0,-2
11,1,0,0,-15,-15,0,9.0,-1
11,1,80,50,36,24,0,0.0,-3
11,1,190,40,93,88,1,8.0,4
11,1,170,40,122,104,-1,8.0,-6
11,1,100,50,105,105,0,9.0,23
11,1,180,50,100,68,0,3.0,-6
11,1,180,80,100,74,4,8.0,3
11,1,230,100,87,62,-1,3.0,1
11,1,200,60,74,53,0,1.0,1
11,1,160,20,61,55,0,7.0,-4
11,1,230,40,60,60,0,8.0,1
11,1,180,20,21,16,0,1.0,-3
11,1,210,60,69,49,0,7.0,1
11,1,180,30,98,94,0,7.0,0
11,1,90,30,60,60,0,0.0,-3
11,1,100,40,18,5,0,0.0,1
11,1,90,30,18,10,0,2.0,3
11,1,90,40,20,-22,0,8.0,1
11,1,190,50,87,67,0,7.0,-1
11,1,110,30,24,22,0,2.0,3
11,1,70,20,15,15,0,9.0,-1
11,1,120,10,1,1,0,6.0,4
11,1,90,30,25,14,0,5.0,-12
11,1,100,30,34,27,0,2.0,-6
11,1,80,40,49,32,0,8.0,0
11,1,190,40,59,57,4,8.0,4
11,1,170,30,92,82,-1,7.0,4
11,1,200,50,81,68,0,3.0,5
11,1,210,90,109,105,24,8.0,4
11,1,220,60,47,31,-1,7.0,1
11,1,200,60,82,69,0,7.0,7
11,1,210,70,70,41,0,3.0,-6
11,1,220,50,34,27,0,7.0,-1
11,1,230,110,74,56,0,7.0,3
11,1,190,30,16,15,0,0.0,8
11,1,180,40,26,18,0,1.0,-2
11,1,200,30,103,100,4,8.0,3
11,1,220,40,110,103,0,8.0,0
11,1,230,40,53,40,0,6.0,-6
11,1,170,20,20,11,0,5.0,1
11,1,200,50,55,49,4,8.0,4
11,1,180,30,57,43,-1,8.0,-1
11,1,210,40,45,45,-1,8.0,1
11,1,270,40,52,49,6,8.0,-4
11,1,270,20,9,-3,0,7.0,3
11,1,210,20,-2,-7,0,0.0,-7
11,1,200,50,2,0,12,8.0,0
11,1,70,20,-39,-49,0,0.0,3
11,1,150,20,-43,-54,0,1.0,-2
11,1,90,20,-52,-79,0,0.0,3
11,1,90,10,-68,-87,0,0.0,1
11,1,210,10,-62,-70,0,0.0,-5
11,1,210,40,-8,-41,0,8.0,3
11,1,220,20,2,-18,0,8.0,2
11,1,250,50,55,55,8,8.0,1
11,1,200,40,44,43,0,8.0,-1
11,1,150,20,26,25,3,8.0,1
11,1,30,30,12,9,0,8.0,0
11,1,160,30,83,64,0,0.0,1
11,1,280,50,135,121,40,8.0,-4
11,1,200,30,50,46,0,1.0,2
11,1,170,10,34,25,0,0.0,-5
11,1,180,40,60,43,0,6.0,6
11,1,210,90,95,63,0,7.0,-9
11,1,240,60,76,36,-1,8.0,-1
11,1,220,30,47,40,0,4.0,1
11,1,320,20,98,98,3,8.0,0
11,1,350,40,72,66,0,8.0,0
11,1,20,80,72,55,0,8.0,1
11,1,50,30,10,-5,0,0.0,-3
11,1,70,20,-8,-12,0,0.0,2
11,1,230,20,30,30,4,8.0,3
11,1,40,40,11,-1,0,0.0,-9
11,1,70,30,-29,-42,0,0.0,8
11,1,210,50,18,16,0,8.0,0
11,1,250,60,19,13,-1,8.0,-6
11,1,270,30,10,7,0,7.0,0
11,1,360,50,14,10,2,8.0,1
11,1,30,30,-29,-35,0,0.0,6
11,1,230,40,-2,-13,0,8.0,1
11,1,230,40,32,32,3,8.0,3
11,1,200,50,50,45,0,8.0,0
11,1,220,70,69,59,0,8.0,0
11,1,210,50,84,77,0,7.0,0
11,1,200,70,49,17,0,5.0,-2
11,1,190,40,71,52,0,4.0,-11
11,1,200,90,81,28,0,7.0,-1
11,1,200,60,73,41,0,7.0,1
11,1,200,70,76,57,0,3.0,3
11,1,200,60,56,36,0,1.0,5
11,1,180,60,80,51,0,1.0,0
11,1,210,60,73,53,3,7.0,-4
11,1,200,50,55,39,0,3.0,2
11,1,150,70,104,23,0,8.0,9
11,1,140,40,82,62,4,8.0,-4
11,1,210,60,82,68,4,7.0,-1
11,1,200,60,76,59,-1,8.0,3
11,1,220,70,69,33,0,7.0,-2
11,1,200,60,55,27,0,6.0,-3
11,1,180,50,76,16,0,7.0,3
11,1,230,40,91,76,3,8.0,-4
11,1,180,30,70,53,0,5.0,3
11,1,190,40,67,46,0,3.0,-16
11,1,200,60,56,38,0,2.0,-5
11,1,220,40,56,42,0,1.0,-5
11,1,210,70,49,30,0,7.0,-1
11,1,200,90,79,42,0,8.0,1
11,1,180,40,71,47,0,8.0,-7
11,1,160,30,41,20,0,3.0,-1
11,1,210,80,91,67,0,6.0,-5
11,1,170,40,67,45,0,7.0,0
11,1,230,70,79,66,0,8.0,-5
11,1,180,40,51,29,0,3.0,1
11,1,210,70,69,52,-1,7.0,4
11,1,220,70,64,43,0,5.0,-2
11,1,190,60,79,65,16,8.0,2
11,1,190,60,128,96,0,7.0,-4
11,1,220,50,121,92,0,7.0,4
11,1,240,40,69,57,0,4.0,0
11,1,200,30,49,44,0,0.0,-5
11,1,200,20,34,29,0,3.0,5
11,1,200,10,41,37,0,2.0,-5
11,1,220,40,84,66,0,8.0,1
11,1,210,60,60,38,0,7.0,0
11,1,220,60,85,70,0,5.0,2
11,1,230,70,92,82,28,8.0,-8
11,1,240,50,21,16,4,7.0,0
11,1,0,0,-12,-14,0,9.0,-5
11,1,210,40,-6,-20,0,3.0,3
11,1,210,20,48,47,0,9.0,2
11,1,330,30,89,89,5,8.0,-15
11,1,330,30,27,17,0,3.0,-2
11,1,70,20,-16,-23,0,0.0,2
11,1,240,10,-7,-8,0,8.0,4
11,1,990,10,48,48,0,8.0,-9
11,1,990,10,44,28,0,8.0,-3
11,1,40,40,32,27,0,6.0,0
11,1,260,20,47,45,0,8.0,-3
11,1,220,40,66,50,0,8.0,0
11,1,230,110,67,33,0,8.0,5
11,1,270,30,22,12,-1,8.0,-2
11,1,260,50,38,32,5,8.0,-5
11,1,190,30,73,73,1,8.0,2
11,1,220,60,92,89,16,8.0,0
11,1,340,10,38,35,0,7.0,-4
11,1,240,70,66,59,3,8.0,-1
11,1,200,50,47,34,0,7.0,-9
11,1,220,50,101,99,2,8.0,0
11,1,150,20,53,51,0,7.0,12
11,1,220,80,131,122,3,8.0,0
11,1,110,40,123,119,22,8.0,6
11,1,220,40,83,69,0,6.0,3
11,1,270,20,86,81,0,8.0,-1
11,1,180,30,46,43,0,0.0,-2
11,1,240,30,68,63,21,8.0,-1
11,1,230,40,44,33,0,6.0,-1
11,1,220,110,95,88,6,8.0,5
11,1,200,20,18,15,0,1.0,-1
11,1,240,60,120,118,26,8.0,-1
11,1,200,50,86,72,0,5.0,-4
11,1,210,60,108,87,0,7.0,-11
11,1,110,40,82,56,0,7.0,2
11,1,160,40,80,57,0,8.0,-9
11,1,60,10,58,51,0,8.0,3
11,1,230,40,73,71,3,8.0,2
11,1,190,30,82,72,0,6.0,1
11,1,40,30,68,65,0,8.0,1
11,1,90,30,47,31,0,1.0,-2
11,1,150,50,88,67,0,6.0,13
11,1,170,30,83,66,0,7.0,-9
11,1,190,40,69,45,0,0.0,4
11,1,190,30,74,66,0,5.0,3
11,1,60,40,63,58,0,8.0,1
11,1,250,40,75,69,0,8.0,-3
11,1,170,10,33,31,0,0.0,-13
11,1,170,30,46,39,0,8.0,11
11,1,210,20,69,54,0,7.0,12
11,1,230,20,66,58,0,8.0,-5
11,1,190,30,73,71,-1,8.0,1
11,1,220,50,68,57,0,0.0,-5
11,1,210,70,115,100,2,8.0,-2
11,1,230,60,98,79,0,0.0,-6
11,1,90,20,42,38,0,1.0,-1
11,1,70,10,55,35,0,0.0,-12
11,1,80,50,58,24,0,0.0,-2
11,1,70,50,60,25,0,8.0,1
11,1,90,20,34,16,0,0.0,1
11,1,100,20,89,62,0,8.0,-3
11,1,60,10,33,30,0,4.0,-4
11,1,120,10,-4,-12,0,0.0,-10
11,1,250,50,90,87,-1,8.0,-1
11,1,130,40,50,45,0,8.0,-5
11,1,200,60,69,54,0,0.0,2
11,1,170,20,38,27,0,8.0,4
11,1,250,40,58,52,0,7.0,-1
11,1,210,70,71,67,6,8.0,3
11,1,220,80,120,101,0,8.0,-2
11,1,200,20,108,106,-1,8.0,-1
11,1,210,60,85,63,0,8.0,-13
11,1,180,40,106,77,0,8.0,0
11,1,180,40,144,89,0,8.0,-5
11,1,190,50,139,96,-1,8.0,-8
11,1,270,20,82,77,-1,8.0,-1
11,1,190,60,80,56,0,4.0,-6
11,1,210,30,74,58,0,8.0,-5
11,1,290,20,36,35,0,9.0,4
11,1,240,20,36,30,0,8.0,-4
11,1,200,30,52,14,2,8.0,8
11,1,30,40,71,64,0,8.0,-6
11,1,60,30,84,72,1,8.0,-2
11,1,150,10,91,86,2,8.0,0
11,1,260,10,112,104,0,7.0,-10
11,1,220,20,67,55,0,1.0,14
11,1,230,50,72,51,-1,8.0,2
11,1,340,30,78,76,0,8.0,-6
11,1,220,30,53,43,0,8.0,-7
11,1,80,20,49,36,0,8.0,-3
11,1,250,30,18,7,2,8.0,-4
11,1,50,30,34,30,0,8.0,-3
11,1,170,20,-15,-20,0,4.0,13
11,1,300,50,51,28,0,1.0,-11
11,1,280,10,21,16,0,5.0,-18
11,1,210,20,2,-2,0,0.0,-3
11,1,210,50,58,44,0,8.0,1
11,1,220,80,91,73,0,8.0,2
11,1,240,90,106,83,0,8.0,-12
11,1,340,80,16,9,61,8.0,-5
11,1,250,50,-2,-6,3,8.0,5
11,1,210,40,-8,-17,0,1.0,2
11,1,220,70,73,66,-1,8.0,7
11,1,250,60,98,88,-1,8.0,0
11,1,170,10,-3,-8,0,0.0,10
11,1,80,20,-20,-25,0,2.0,-4
11,1,210,60,14,0,0,8.0,9
11,1,240,50,72,67,5,8.0,4
11,1,200,30,70,60,-1,8.0,-14
11,1,190,20,60,55,0,8.0,0
11,1,60,20,59,55,0,8.0,-1
11,1,220,50,147,134,4,8.0,-4
11,1,160,40,81,48,0,8.0,16
11,1,190,70,150,125,0,8.0,-6
11,1,200,50,141,101,0,8.0,1
11,1,220,60,87,61,0,0.0,-6
11,1,200,60,100,82,0,8.0,-9
11,1,190,100,109,60,0,8.0,-1
11,1,190,50,96,75,0,1.0,7
11,1,190,60,118,48,0,0.0,-11
11,1,250,20,78,72,0,8.0,-20
11,1,200,70,89,81,-1,8.0,-1
11,1,200,80,97,62,0,8.0,1
11,1,110,20,80,65,0,8.0,0
11,1,20,30,47,44,0,3.0,-12
11,1,210,70,44,42,0,8.0,1
11,1,260,20,73,71,1,8.0,-1
11,1,250,30,33,24,-1,8.0,-2
11,1,230,30,31,26,0,8.0,1
11,1,230,30,1,-2,0,1.0,-9
11,1,220,40,19,17,0,7.0,4
11,1,230,40,27,20,0,8.0,0
11,1,70,30,5,0,0,5.0,-3
11,1,40,20,-20,-23,0,9.0,-2
11,1,180,10,-20,-22,0,9.0,3
11,1,220,80,18,3,-1,7.0,-5
11,1,210,120,-1,-3,13,8.0,2
11,1,210,50,12,7,3,8.0,0
11,1,260,10,13,9,0,8.0,-2
11,1,210,30,15,11,0,8.0,1
11,1,240,40,29,18,0,8.0,-2
11,1,260,30,80,46,0,8.0,-1
11,1,210,20,-2,-9,0,4.0,2
11,1,240,30,41,35,0,8.0,-4
11,1,240,20,58,55,0,8.0,-12
11,1,240,30,75,62,0,8.0,-1
11,1,230,40,89,73,0,8.0,-3
11,1,200,20,79,65,0,8.0,-17
11,1,210,40,34,20,0,2.0,9
11,1,230,60,118,109,-1,8.0,2
11,1,210,30,25,19,0,5.0,1
11,1,210,70,59,17,0,8.0,5
11,1,260,50,88,59,-1,6.0,-5
11,1,220,60,74,52,0,8.0,2
11,1,230,80,128,98,0,7.0,-3
11,1,210,70,124,101,0,8.0,1
11,1,200,70,135,86,0,0.0,-2
11,1,210,50,124,115,3,8.0,-9
11,1,180,60,99,61,0,6.0,-5
11,1,160,20,71,47,0,8.0,-1
11,1,190,70,49,38,0,0.0,1
11,1,190,60,92,86,11,8.0,12
11,1,220,50,42,29,0,4.0,-4
11,1,190,80,74,57,0,8.0,3
11,1,200,80,85,69,0,7.0,0
11,1,170,90,159,98,0,8.0,3
11,1,200,50,114,85,0,8.0,1
11,1,160,30,75,54,0,0.0,24
11,1,180,50,117,78,0,0.0,-3
11,1,230,50,111,89,0,8.0,-10
11,1,200,30,34,30,0,0.0,-12
11,1,200,40,62,48,0,8.0,-1
11,1,230,30,104,93,0,8.0,0
11,1,250,10,124,123,2,9.0,0
11,1,340,30,98,94,0,8.0,-6
11,1,360,10,84,67,0,8.0,-3
11,1,290,20,89,85,0,3.0,-7
11,1,230,40,66,58,0,8.0,3
11,1,240,30,90,87,0,7.0,-2
11,1,310,50,50,43,4,8.0,-4
11,1,230,70,50,19,-1,8.0,3
11,1,250,50,103,89,0,8.0,-1
11,1,240,30,25,22,0,4.0,1
11,1,240,40,45,38,0,8.0,1
11,1,20,80,30,21,-1,8.0,-3
11,1,20,50,14,3,-1,8.0,-7
11,1,320,10,5,0,0,8.0,-11
11,1,210,40,11,-2,0,8.0,-2
11,1,160,20,-11,-13,0,0.0,7
11,1,60,30,0,-11,0,6.0,12
11,1,150,30,61,44,-1,8.0,-4
11,1,150,40,119,28,0,8.0,-1
11,1,170,40,74,61,0,0.0,3
11,1,250,20,90,78,0,8.0,-7
11,1,210,30,-8,-9,0,6.0,-1
11,1,230,70,50,43,7,8.0,2
11,1,270,20,38,27,0,8.0,1
11,1,250,10,42,37,0,8.0,1
11,1,200,30,49,42,0,8.0,0
11,1,200,80,34,1,0,8.0,2
11,1,230,30,41,39,0,1.0,0
11,1,60,40,57,54,0,8.0,1
11,1,150,20,69,56,0,1.0,20
11,1,60,40,79,73,0,8.0,-3
11,1,170,20,63,61,0,0.0,-19
11,1,20,60,71,71,0,9.0,-4
11,1,210,10,86,84,0,8.0,-6
11,1,190,30,65,61,0,0.0,-3
11,1,220,40,93,86,0,8.0,-14
11,1,190,80,106,65,0,8.0,2
11,1,210,110,116,75,0,8.0,7
11,1,210,130,152,93,0,7.0,-8
11,1,210,70,76,57,0,6.0,0
11,1,220,30,65,57,0,8.0,-1
11,1,200,60,46,27,0,0.0,0
11,1,220,60,90,87,0,8.0,0
11,1,220,50,105,102,-1,8.0,0
11,1,0,0,22,18,0,6.0,0
11,1,200,50,40,9,0,8.0,3
11,1,260,20,55,54,0,3.0,2
11,1,230,80,88,67,0,8.0,-2
11,1,240,60,87,54,0,8.0,0
11,1,290,30,8,5,-1,8.0,0
11,1,280,40,1,0,1,8.0,-1
11,1,230,50,24,20,1,8.0,1
11,1,230,40,-12,-13,0,8.0,0
11,1,210,30,-3,-7,0,4.0,8
11,1,210,70,34,33,2,8.0,0
11,1,190,70,32,-19,0,8.0,-1
11,1,220,40,13,-11,0,8.0,-2
11,1,50,40,-1,-10,0,8.0,2
11,1,200,60,101,97,1,8.0,1
11,1,230,30,117,109,9,8.0,-3
11,1,190,40,51,42,0,0.0,-2
11,1,220,50,93,83,1,8.0,-6
11,1,200,90,74,57,5,8.0,4
11,1,200,50,81,71,-1,8.0,-3
11,1,190,80,85,44,0,8.0,0
11,1,180,40,44,32,0,0.0,-4
11,1,20,50,57,51,0,8.0,-3
11,1,310,20,58,49,0,8.0,-2
11,1,220,50,54,42,-1,8.0,1
11,1,170,30,31,9,0,5.0,10
11,1,200,70,106,84,0,8.0,8
11,1,180,50,139,88,0,8.0,4
11,1,220,80,120,71,-1,8.0,-5
11,1,160,30,92,74,0,8.0,-5
11,1,230,50,120,73,0,8.0,-3
11,1,200,80,86,66,0,0.0,-3
11,1,220,90,107,78,0,5.0,-6
11,1,180,50,121,64,0,0.0,-8
11,1,210,50,135,104,0,8.0,-5
11,1,180,50,141,81,0,8.0,1
11,1,220,110,92,43,0,8.0,0
11,1,230,60,103,67,0,8.0,-6
11,1,220,90,123,80,0,8.0,-2
11,1,220,90,85,52,-1,7.0,-2
11,1,220,60,81,60,0,8.0,-2
11,1,210,100,73,37,0,7.0,-2
11,1,200,130,96,54,-1,8.0,2
11,1,200,50,69,38,0,8.0,-3
11,1,40,10,81,77,0,8.0,-3
11,1,210,20,84,81,0,8.0,1
11,1,230,70,115,94,0,8.0,4
11,1,230,80,144,134,-1,8.0,2
11,1,230,100,141,97,0,8.0,-5
11,1,230,90,138,115,0,8.0,0
11,1,250,10,67,63,0,8.0,0
11,1,230,10,52,49,-1,8.0,2
11,1,120,30,47,31,3,8.0,3
11,1,80,10,69,68,2,8.0,1
11,1,230,40,40,33,0,7.0,-4
11,1,230,100,95,59,0,2.0,2
11,1,230,110,133,123,3,8.0,5
11,1,200,60,129,120,1,8.0,0
11,1,240,50,79,50,0,8.0,-4
11,1,280,10,28,28,0,9.0,-12
11,1,80,20,38,37,0,8.0,-2
11,1,90,20,41,32,0,8.0,1
11,1,170,30,57,38,0,8.0,1
11,1,200,40,55,35,0,8.0,-18
11,1,80,40,21,18,0,0.0,-1
11,1,50,50,36,22,0,8.0,-1
11,1,300,20,29,22,0,8.0,0
11,1,250,30,37,34,1,8.0,-1
11,1,240,50,26,15,-1,8.0,-5
11,1,280,20,4,4,0,8.0,0
11,1,200,40,-3,-14,0,8.0,0
11,1,140,20,-39,-55,0,0.0,-11
11,1,40,30,-24,-32,0,8.0,1
11,1,60,40,-20,-21,1,8.0,-1
11,1,160,20,86,76,0,0.0,0
11,1,220,40,118,111,2,8.0,0
11,1,170,50,146,106,0,5.0,1
11,1,130,60,171,75,-1,8.0,9
11,1,80,50,120,99,1,8.0,-3
11,1,0,0,102,87,0,8.0,-2
11,1,20,60,96,79,0,8.0,-6
11,1,80,40,69,63,0,8.0,-4
11,1,100,30,80,72,0,4.0,-9
11,1,110,20,50,39,0,0.0,-5
11,1,130,20,30,21,0,0.0,-5
11,1,100,40,26,12,0,0.0,-1
11,1,90,40,52,51,0,9.0,0
11,1,60,10,3,0,0,0.0,1
11,1,0,0,-3,-14,0,0.0,-15
11,1,80,10,-6,-23,0,0.0,-20
11,1,150,20,-10,-26,0,0.0,-4
11,1,200,50,83,68,0,8.0,-1
11,1,160,20,83,55,0,8.0,0
11,1,120,20,33,14,0,1.0,2
11,1,80,10,20,17,0,0.0,0
11,1,170,20,40,37,0,7.0,-1
11,1,190,20,57,54,0,0.0,-9
11,1,210,30,60,59,0,8.0,-6
11,1,210,50,36,27,0,0.0,-5
11,1,230,50,58,45,0,4.0,-12
11,1,210,110,81,51,0,8.0,-1
11,1,220,40,31,18,0,0.0,-7
11,1,190,60,25,13,0,0.0,8
11,1,250,50,92,71,0,8.0,-7
11,1,150,40,80,30,0,0.0,-9
11,1,230,100,66,34,-1,8.0,-1
11,1,210,70,57,41,0,0.0,-4
11,1,200,50,48,42,0,8.0,3
11,1,210,80,66,39,0,1.0,0
11,1,220,30,24,21,0,8.0,10
11,1,230,60,68,65,9,8.0,4
11,1,220,80,88,50,0,8.0,0
11,1,220,40,78,64,0,8.0,0
11,1,210,40,83,77,10,8.0,4
11,1,240,50,89,72,0,8.0,-4
11,1,220,30,65,49,0,8.0,2
11,1,200,60,59,26,0,8.0,2
11,1,70,20,67,63,0,7.0,-20
11,1,140,20,20,10,0,8.0,5
11,1,190,20,37,13,0,8.0,0
11,1,140,10,8,1,0,0.0,-4
11,1,210,20,84,80,0,8.0,0
11,1,70,30,32,29,0,2.0,25
11,1,180,20,62,49,0,7.0,-6
11,1,100,40,18,14,0,6.0,-1
11,1,220,70,74,54,0,0.0,-5
11,1,190,50,63,31,0,8.0,5
11,1,190,20,76,73,1,8.0,1
11,1,190,80,130,83,0,8.0,6
11,1,190,60,66,38,0,0.0,-3
11,1,200,60,79,49,0,8.0,1
11,1,220,10,49,40,0,8.0,0
11,1,350,50,43,36,0,8.0,0
11,1,320,10,19,13,0,8.0,-2
11,1,210,60,103,67,0,8.0,-2
11,1,170,50,93,84,14,8.0,4
11,1,220,80,92,73,0,6.0,-1
11,1,180,70,86,56,-1,8.0,-2
11,1,220,50,60,43,1,8.0,-5
11,1,240,60,76,59,-1,8.0,4
11,1,230,80,138,112,2,8.0,2
11,1,180,30,94,91,5,8.0,-1
11,1,230,90,92,66,0,8.0,-6
11,1,240,30,69,57,0,8.0,-11
11,1,220,40,23,19,0,5.0,3
11,1,190,60,65,13,0,8.0,-3
11,1,340,30,73,70,0,8.0,-6
11,1,190,40,17,8,0,1.0,9
11,1,350,50,70,65,0,8.0,-2
11,1,110,10,-4,-4,0,8.0,-1
11,1,250,10,16,13,0,8.0,3
11,1,110,20,40,27,0,8.0,2
11,1,220,30,32,14,0,8.0,-9
11,1,330,20,21,13,0,0.0,-5
11,1,180,50,25,7,-1,8.0,3
11,1,20,70,19,2,-1,8.0,1
11,1,20,60,40,25,0,8.0,2
11,1,360,20,5,2,0,0.0,-2
11,1,330,20,36,21,0,8.0,-3
11,1,990,10,-15,-24,0,0.0,2
11,1,200,10,35,32,0,8.0,3
11,1,240,40,52,35,0,8.0,-5
11,1,230,10,58,58,0,8.0,-1
11,1,240,40,34,25,-1,8.0,-3
11,1,190,50,115,89,0,2.0,7
11,1,200,70,140,115,0,7.0,0
11,1,200,70,146,121,-1,8.0,-6
11,1,210,30,92,87,9,8.0,-1
11,1,190,30,73,70,0,8.0,0
11,1,190,20,67,53,0,8.0,3
11,1,160,20,48,26,0,0.0,10
11,1,190,50,94,68,0,7.0,8
11,1,150,10,89,56,0,8.0,1
11,1,160,20,92,78,1,8.0,1
11,1,130,30,68,52,0,2.0,-14
11,1,90,30,79,67,0,5.0,2
11,1,200,30,74,69,0,1.0,-5
11,1,110,40,62,53,0,5.0,20
11,1,70,30,99,94,0,8.0,-2
11,1,200,10,77,72,1,8.0,-2
11,1,120,40,75,63,0,8.0,0
11,1,90,20,61,57,0,4.0,4
11,1,60,30,73,70,0,8.0,0
11,1,80,10,30,27,0,8.0,0
11,1,40,20,16,13,0,0.0,-13
11,1,100,20,43,35,0,7.0,-2
11,1,170,20,91,82,0,8.0,17
11,1,310,50,101,97,-1,8.0,-7
11,1,80,10,9,2,0,0.0,3
11,1,90,40,46,32,0,8.0,1
11,1,100,20,72,63,0,8.0,0
11,1,80,30,54,49,0,1.0,-2
11,1,70,60,38,25,0,0.0,-2
11,1,60,40,29,19,0,8.0,-1
11,1,210,10,55,49,0,0.0,-1
11,1,60,20,45,42,0,0.0,-4
11,1,990,10,38,28,0,0.0,-10
11,1,170,20,128,56,0,2.0,-7
11,1,190,30,126,116,0,8.0,-1
11,1,190,50,143,119,0,8.0,1
11,1,220,60,170,157,0,8.0,-2
11,1,250,30,136,124,0,8.0,1
11,1,240,60,170,136,0,8.0,-6
11,1,220,100,133,77,0,8.0,-2
11,1,220,60,122,97,0,8.0,-4
11,1,220,40,114,99,0,5.0,6
11,1,210,60,132,93,0,8.0,0
11,1,230,70,64,35,0,2.0,4
11,1,230,90,107,92,3,8.0,3
11,1,220,70,124,91,0,8.0,-1
11,1,200,50,119,112,3,8.0,5
11,1,240,100,139,81,0,7.0,-2
11,1,240,70,127,102,0,7.0,-1
11,1,250,30,93,83,0,8.0,2
11,1,230,70,45,20,0,6.0,-2
11,1,310,30,19,12,0,8.0,-5
11,1,280,30,8,-4,0,8.0,3
11,1,190,50,10,-15,0,8.0,-3
11,1,210,60,37,32,0,8.0,10
11,1,300,30,36,25,0,1.0,-6
11,1,190,50,14,13,0,9.0,-7
11,1,200,100,37,23,-1,8.0,5
11,1,220,100,69,45,-1,8.0,0
11,1,270,60,89,68,38,8.0,-3
11,1,200,30,74,71,0,7.0,-5
11,1,260,10,73,66,0,0.0,-6
11,1,240,30,60,55,0,8.0,-1
11,1,190,30,49,37,0,8.0,0
11,1,190,40,68,50,-1,8.0,-2
11,1,240,30,56,42,0,6.0,-6
11,1,210,50,45,29,1,8.0,0
11,1,320,20,33,27,0,8.0,-1
11,1,180,40,25,1,0,8.0,3
11,1,240,20,30,27,-1,8.0,5
11,1,260,20,50,44,0,8.0,1
11,1,130,10,3,-13,0,8.0,-3
11,1,130,20,37,10,0,8.0,3
11,1,130,10,30,23,0,8.0,-10
11,1,200,60,46,40,-1,8.0,1
11,1,200,40,102,100,8,9.0,2
11,1,220,60,104,82,-1,8.0,1
11,1,200,90,117,76,0,8.0,-9
11,1,190,60,57,24,0,3.0,3
11,1,160,50,60,15,0,8.0,2
11,1,180,50,132,78,0,8.0,-1
11,1,180,70,118,68,0,8.0,-1
11,1,250,10,95,77,0,8.0,-4
11,1,30,60,88,76,0,8.0,-1
11,1,50,80,43,27,0,1.0,-3
11,1,60,30,42,8,0,8.0,0
11,1,210,20,2,-1,0,1.0,7
11,1,60,40,24,22,0,1.0,-12
11,1,70,30,-25,-45,0,0.0,-4
11,1,200,30,-46,-58,0,3.0,17
11,1,220,60,93,57,0,8.0,-1
11,1,200,30,87,54,0,8.0,2
11,1,200,30,89,83,6,8.0,-4
11,1,140,20,61,47,0,8.0,5
11,1,250,20,110,98,-1,8.0,-3
11,1,230,30,35,31,0,8.0,-5
11,1,140,10,3,-3,0,0.0,-1
11,1,310,20,47,43,0,8.0,0
11,1,290,20,64,61,0,8.0,0
11,1,210,40,70,67,1,8.0,1
11,1,240,40,51,30,0,7.0,2
11,1,200,30,40,37,0,8.0,5
11,1,310,30,38,27,0,6.0,2
11,1,210,30,11,7,0,1.0,-4
11,1,190,40,62,59,-1,8.0,1
11,1,210,20,66,64,0,8.0,2
11,1,240,20,86,85,4,8.0,-1
11,1,200,40,13,6,0,5.0,0
11,1,260,30,53,47,0,8.0,-4
11,1,220,40,26,16,0,8.0,-2
11,1,240,50,100,96,5,8.0,-1
11,1,210,70,94,68,0,8.0,2
11,1,190,90,119,30,0,5.0,-3
11,1,180,30,97,82,0,8.0,-6
11,1,10,50,45,34,6,8.0,2
11,1,210,40,24,11,0,8.0,-3
11,1,210,60,34,9,-1,8.0,-2
11,1,210,30,52,48,0,8.0,3
11,1,220,30,17,11,0,0.0,-3
11,1,260,10,25,18,0,8.0,1
11,1,90,20,80,50,0,8.0,-1
11,1,220,60,98,76,0,8.0,-6
11,1,200,30,15,7,0,8.0,-1
11,1,100,10,7,-8,0,0.0,1
11,1,100,10,53,49,0,8.0,-9
11,1,150,30,110,73,0,8.0,1
11,1,170,30,115,68,0,8.0,-5
11,1,190,40,110,78,0,5.0,-8
11,1,40,20,62,54,0,8.0,7
11,1,180,60,123,84,0,8.0,8
11,1,190,70,120,88,0,8.0,0
11,1,180,30,108,93,-1,8.0,2
11,1,190,30,92,79,0,8.0,3
11,1,180,30,72,59,0,8.0,-2
11,1,90,20,30,24,0,8.0,8
11,1,60,10,8,5,0,1.0,-6
11,1,70,30,19,0,0,0.0,0
11,1,60,50,12,-25,0,0.0,2
11,1,50,50,-2,-26,0,0.0,-4
11,1,60,70,26,-14,0,8.0,-1
11,1,90,30,26,3,0,8.0,5
11,1,80,20,1,-12,0,8.0,-5
11,1,90,20,-12,-22,0,0.0,1
11,1,50,30,23,10,0,8.0,0
11,1,50,20,32,30,-1,8.0,0
11,1,50,40,39,37,1,8.0,2
11,1,30,20,30,24,-1,8.0,-4
11,1,160,40,40,16,0,8.0,9
11,1,190,80,108,72,0,8.0,-1
11,1,200,60,110,72,0,8.0,2
11,1,110,30,31,10,0,8.0,8
11,1,190,50,137,131,-1,8.0,3
11,1,190,60,102,72,1,8.0,-7
11,1,200,50,102,85,0,8.0,-2
11,1,210,50,92,75,-1,8.0,-3
11,1,200,30,77,72,0,8.0,-3
11,1,170,20,74,66,0,8.0,5
11,1,190,30,45,23,0,0.0,3
11,1,200,40,34,32,0,7.0,0
11,1,180,20,13,-5,0,8.0,6
11,1,180,30,21,10,0,8.0,11
11,1,200,60,42,23,0,3.0,-2
11,1,190,60,40,16,0,8.0,3
11,1,150,30,47,23,0,1.0,-10
11,1,40,40,25,14,0,8.0,-2
11,1,120,30,28,5,0,8.0,0
11,1,140,20,15,-4,0,0.0,6
11,1,340,50,37,33,5,8.0,0
11,1,240,40,49,38,0,1.0,-7
11,1,190,30,1,-3,0,8.0,5
11,1,100,50,1,-7,0,0.0,-6
11,1,150,20,57,31,0,8.0,11
11,1,70,30,54,26,0,8.0,-6
11,1,0,0,23,18,0,8.0,-1
11,1,190,20,78,72,0,8.0,3
11,1,180,40,92,66,0,8.0,-2
11,1,130,30,113,83,0,8.0,-7
11,1,230,90,96,80,6,8.0,0
11,1,290,20,78,76,5,8.0,-9
11,1,220,20,9,4,0,5.0,2
11,1,240,20,127,93,0,8.0,-3
11,1,210,90,179,151,0,8.0,-3
11,1,230,50,98,65,0,1.0,-7
11,1,220,40,56,36,0,0.0,-8
11,1,190,20,27,21,0,0.0,-2
11,1,80,20,48,19,0,8.0,-9
11,1,90,30,37,7,0,0.0,0
11,1,140,10,61,47,0,8.0,1
11,1,170,30,135,101,-1,8.0,-3
11,1,190,20,119,104,0,8.0,-5
11,1,180,10,109,107,0,8.0,-11
11,1,180,40,106,79,0,8.0,6
11,1,170,30,71,42,0,1.0,-5
11,1,200,30,123,104,0,8.0,2
11,1,190,70,141,91,0,8.0,-2
11,1,210,70,98,61,0,8.0,-1
11,1,210,70,101,81,0,8.0,2
11,1,200,50,110,77,0,8.0,-1
11,1,230,70,126,106,-1,8.0,-23
11,1,250,20,47,36,0,8.0,-3
11,1,200,60,22,-5,0,1.0,2
11,1,210,60,76,51,0,8.0,2
11,1,220,30,82,76,0,8.0,-1
11,1,180,40,73,60,0,0.0,-7
11,1,160,30,49,19,0,8.0,-6
11,1,180,30,78,47,0,8.0,2
11,1,160,20,48,35,0,8.0,0
11,1,80,30,40,27,0,8.0,3
11,1,80,50,19,11,0,8.0,-3
11,1,230,20,-13,-22,0,8.0,7
11,1,160,51,68,46,0,1.0,2
11,1,210,82,125,117,9,8.0,4
11,1,220,82,123,72,0,7.0,-2
11,1,230,51,63,49,0,1.0,-5
11,1,270,51,87,73,-1,6.0,-4
11,1,270,26,34,25,-1,4.0,-7
11,1,240,67,84,72,1,8.0,2
11,1,260,82,118,85,-1,8.0,-2
11,1,270,31,67,45,0,5.0,-4
11,1,230,31,40,36,5,4.0,-4
11,1,220,93,69,40,-1,8.0,1
11,1,220,26,38,35,0,0.0,-5
11,1,250,62,90,50,1,7.0,-5
11,1,210,67,45,15,0,1.0,-1
11,1,200,31,42,36,0,6.0,0
11,1,130,10,-19,-20,0,2.0,7
11,1,100,21,19,18,0,9.0,-3
11,1,150,51,44,26,0,8.0,2
11,1,130,26,66,60,0,7.0,0
11,1,40,82,25,16,0,8.0,-1
11,1,20,36,0,-8,0,1.0,-2
11,1,200,36,0,-6,0,7.0,2
11,1,210,26,44,38,0,8.0,1
11,1,120,15,35,20,0,2.0,-12
11,1,120,5,-22,-23,0,0.0,10
11,1,160,26,6,-8,0,0.0,-6
11,1,170,15,47,17,0,5.0,-5
11,1,180,26,33,30,0,0.0,-8
11,1,170,15,36,35,0,1.0,-1
11,1,130,21,3,0,0,0.0,1
11,1,200,31,36,35,0,9.0,-1
11,1,200,62,67,31,-1,8.0,-8
11,1,250,62,93,39,-1,7.0,-1
11,1,210,26,61,49,0,3.0,7
11,1,220,36,96,74,0,8.0,8
11,1,250,31,108,99,0,8.0,1
11,1,220,67,85,63,0,8.0,-1
11,1,310,31,110,105,-1,8.0,-14
11,1,140,15,22,18,0,1.0,-9
11,1,210,67,105,93,4,8.0,6
11,1,200,41,62,47,0,7.0,3
11,1,240,57,64,29,-1,2.0,0
11,1,240,51,46,18,0,4.0,1
11,1,250,26,26,17,0,7.0,6
11,1,120,46,41,6,1,8.0,-3
11,1,220,31,83,75,4,8.0,-1
11,1,150,36,72,55,1,8.0,-4
11,1,270,57,43,28,2,8.0,4
11,1,250,41,90,68,-1,6.0,3
11,1,250,36,45,25,0,1.0,-1
11,1,220,26,23,16,0,0.0,7
11,1,260,72,120,115,18,8.0,3
11,1,250,51,125,104,0,8.0,0
11,1,210,51,104,71,0,8.0,0
11,1,180,82,115,66,1,7.0,-1
11,1,240,118,135,109,5,7.0,-33
11,1,250,41,57,29,0,2.0,-5
11,1,240,87,109,98,6,8.0,-1
11,1,140,15,23,17,0,6.0,4
11,1,200,51,118,112,0,7.0,-3
11,1,60,15,23,23,0,8.0,1
11,1,110,21,28,10,0,8.0,-1
11,1,80,26,53,50,-1,7.0,-1
11,1,60,5,62,62,0,1.0,15
11,1,50,15,41,41,0,1.0,-6
11,1,70,57,51,38,0,8.0,5
11,1,60,41,56,46,-1,8.0,-2
11,1,350,21,55,55,7,8.0,1
11,1,230,15,63,60,0,8.0,1
11,1,180,62,72,60,0,8.0,4
11,1,220,51,87,87,2,8.0,0
11,1,210,26,53,47,3,3.0,-1
11,1,180,46,55,51,0,1.0,-1
11,1,170,77,59,53,18,8.0,0
11,1,330,108,65,55,68,8.0,1
11,1,40,31,39,16,0,7.0,-4
11,1,100,26,-14,-25,0,1.0,0
11,1,90,36,-20,-36,0,0.0,4
11,1,80,36,-30,-41,0,0.0,-7
11,1,30,31,-53,-60,0,1.0,19
11,1,80,62,-25,-50,0,1.0,-5
11,1,40,15,-75,-84,0,7.0,-2
11,1,130,26,-53,-58,0,7.0,9
11,1,180,26,-61,-72,0,0.0,14
11,1,150,15,-22,-33,0,7.0,-2
11,1,0,0,-47,-47,0,2.0,-1
11,1,30,36,-13,-13,0,8.0,-2
11,1,60,41,-30,-43,0,8.0,-8
11,1,40,21,-37,-40,0,0.0,-6
11,1,120,57,-45,-63,0,3.0,0
11,1,240,72,115,94,4,7.0,-3
11,1,230,15,34,33,0,1.0,1
11,1,120,46,76,63,0,7.0,5
11,1,120,41,113,82,0,1.0,1
11,1,130,41,126,91,0,4.0,-2
11,1,200,31,134,116,0,6.0,2
11,1,0,0,97,96,0,7.0,1
11,1,120,15,104,104,0,8.0,0
11,1,130,15,58,58,0,1.0,2
11,1,120,31,96,96,1,8.0,-1
11,1,360,5,66,66,0,5.0,0
11,1,200,15,97,97,0,8.0,2
11,1,160,36,97,97,10,8.0,0
11,1,220,62,133,119,0,8.0,2
11,1,230,62,125,120,11,7.0,0
11,1,260,51,106,85,0,1.0,-6
11,1,220,26,71,68,0,6.0,5
11,1,250,36,88,82,2,7.0,-2
11,1,140,21,75,75,0,9.0,0
11,1,220,36,143,141,-1,8.0,0
11,1,240,21,92,92,0,5.0,-6
11,1,70,5,36,36,0,4.0,-2
11,1,190,21,99,99,0,7.0,7
11,1,230,31,105,102,0,6.0,3
11,1,250,10,61,61,0,7.0,-8
11,1,220,21,94,93,0,8.0,2
11,1,360,15,111,111,0,7.0,-1
11,1,0,0,90,90,0,8.0,-1
11,1,160,5,28,28,0,1.0,-3
11,1,110,36,48,48,0,8.0,0
11,1,260,21,78,78,0,8.0,3
11,1,280,26,45,45,0,1.0,2
11,1,290,67,99,62,-1,8.0,6
11,1,290,10,-1,-9,0,1.0,-17
11,1,0,0,-48,-53,0,2.0,0
11,1,220,10,-51,-56,0,1.0,-5
11,1,220,36,12,-20,0,6.0,3
11,1,220,5,74,74,0,7.0,-1
11,1,220,31,107,104,-1,8.0,-1
11,1,170,26,70,70,0,1.0,1
11,1,120,31,99,90,0,8.0,-4
11,1,120,31,92,56,0,7.0,-7
11,1,100,46,67,31,0,1.0,-11
11,1,240,26,118,115,-1,8.0,-1
11,1,180,62,88,73,-1,8.0,-2
11,1,200,36,99,98,-1,8.0,6
11,1,350,41,57,42,12,8.0,-4
11,1,340,31,-3,-13,0,1.0,-3
11,1,240,41,46,4,0,8.0,-8
11,1,340,10,44,35,0,4.0,-21
11,1,140,31,0,-4,0,3.0,2
11,1,140,21,36,-1,0,7.0,-2
11,1,220,21,90,90,-1,8.0,1
11,1,210,36,92,78,0,8.0,-3
11,1,150,41,85,56,0,6.0,-3
11,1,130,36,56,42,0,5.0,8
11,1,180,21,62,44,0,6.0,-6
11,1,160,15,57,51,0,5.0,-4
11,1,150,10,-1,-1,0,2.0,-2
11,1,80,46,50,47,0,8.0,3
11,1,270,50,131,125,10,8.0,1
11,1,240,40,133,112,0,8.0,1
11,1,230,60,137,124,-1,8.0,3
11,1,220,50,136,128,2,8.0,3
11,1,220,60,121,93,0,5.0,1
11,1,210,70,91,49,-1,6.0,7
11,1,230,60,106,78,-1,5.0,3
11,1,310,20,66,60,-1,7.0,-1
11,1,210,30,61,52,0,2.0,9
11,1,180,10,64,57,-1,8.0,0
11,1,210,40,46,34,0,2.0,-5
11,1,240,20,81,80,6,7.0,-2
11,1,350,30,77,76,-1,8.0,-1
11,1,280,10,20,14,-1,2.0,-16
11,1,40,20,-12,-20,0,0.0,-7
11,1,20,20,-30,-34,0,0.0,11
11,1,160,10,1,-7,0,8.0,6
11,1,200,30,21,3,0,8.0,0
11,1,310,30,42,27,-1,7.0,3
11,1,140,60,48,41,9,8.0,5
11,1,260,40,36,13,-1,3.0,9
11,1,230,20,2,-4,0,1.0,-2
11,1,210,60,27,-2,0,8.0,-2
11,1,210,10,5,-5,-1,4.0,2
11,1,180,100,20,7,2,8.0,-1
11,1,250,30,56,50,0,7.0,0
11,1,300,30,-10,-13,0,2.0,6
11,1,320,20,-33,-37,0,2.0,27
11,1,220,30,11,11,0,8.0,3
11,1,270,50,51,21,0,4.0,-5
11,1,30,10,-5,-6,0,0.0,-7
11,1,0,0,-32,-32,0,0.0,3
11,1,0,0,24,24,0,8.0,1
11,1,90,50,32,20,0,0.0,-6
11,1,150,30,77,77,-1,8.0,4
11,1,140,40,105,94,0,8.0,2
11,1,50,20,108,108,1,8.0,3
11,1,160,50,94,80,0,6.0,0
11,1,190,90,101,87,1,8.0,-1
11,1,220,40,83,66,0,0.0,-6
11,1,200,70,84,59,0,6.0,-8
11,1,160,20,55,54,0,7.0,-6
11,1,220,10,53,53,0,7.0,-3
11,1,180,20,36,36,0,7.0,3
11,1,200,60,77,58,-1,8.0,-3
11,1,150,20,105,105,0,8.0,-5
11,1,120,40,90,79,0,7.0,-3
11,1,120,50,28,12,0,2.0,0
11,1,130,60,43,20,0,7.0,2
11,1,120,40,12,0,4,8.0,0
11,1,170,40,68,65,0,5.0,-2
11,1,100,10,16,16,0,2.0,6
11,1,90,20,44,44,0,8.0,1
11,1,130,30,28,28,0,8.0,-3
11,1,110,30,23,13,0,7.0,3
11,1,120,10,39,27,0,3.0,-16
11,1,120,30,58,46,2,8.0,-3
11,1,150,20,67,67,0,8.0,4
11,1,180,60,91,86,-1,7.0,0
11,1,190,50,85,74,-1,8.0,-6
11,1,20,40,85,85,56,8.0,-7
11,1,240,40,59,49,0,5.0,-5
11,1,190,50,67,66,0,4.0,4
11,1,220,40,61,43,0,2.0,2
11,1,240,30,35,33,4,6.0,0
11,1,240,60,93,78,-1,7.0,3
11,1,200,20,22,22,0,3.0,-16
11,1,160,30,34,34,0,7.0,-5
11,1,190,40,109,109,-1,8.0,2
11,1,210,20,99,98,0,8.0,3
11,1,250,20,48,42,0,1.0,7
11,1,170,20,20,19,0,5.0,4
11,1,200,40,63,63,10,8.0,1
11,1,200,30,58,57,8,8.0,-2
11,1,200,30,51,51,-1,8.0,-1
11,1,290,50,50,42,-1,7.0,-1
11,1,280,10,-18,-18,0,2.0,-4
11,1,990,10,-39,-39,0,1.0,-2
11,1,0,0,-2,-2,0,3.0,-19
11,1,10,10,-51,-51,0,0.0,3
11,1,990,10,-62,-63,0,0.0,12
11,1,120,20,-68,-73,0,4.0,-1
11,1,170,20,-87,-96,0,0.0,7
11,1,990,10,-92,-97,0,0.0,-1
11,1,160,30,-5,-33,-1,8.0,0
11,1,230,10,11,1,0,8.0,2
11,1,280,30,67,65,-1,8.0,-5
11,1,210,20,35,35,0,6.0,-5
11,1,160,30,33,33,-1,8.0,-1
11,1,40,30,15,11,0,8.0,-1
11,1,180,50,102,80,0,7.0,-11
11,1,250,30,140,131,5,8.0,-4
11,1,210,30,57,48,0,0.0,0
11,1,160,20,98,77,0,8.0,-2
11,1,180,20,39,36,0,7.0,11
11,1,210,70,97,65,0,4.0,1
11,1,260,50,80,74,12,8.0,1
11,1,220,30,56,46,0,6.0,4
11,1,330,20,102,98,-1,8.0,-2
11,1,340,50,87,71,-1,7.0,-5
11,1,30,60,63,49,0,1.0,-5
11,1,40,20,-1,-10,0,1.0,6
11,1,990,10,-5,-6,0,0.0,-12
11,1,350,40,88,88,-1,8.0,-3
11,1,90,20,18,0,0,1.0,-26
11,1,160,10,-45,-48,0,3.0,-1
11,1,230,30,22,21,0,6.0,5
11,1,250,30,20,15,6,7.0,2
11,1,290,30,4,1,0,2.0,0
11,1,10,50,26,11,-1,8.0,-2
11,1,20,20,-40,-45,0,0.0,2
11,1,240,30,13,5,-1,8.0,4
11,1,240,20,64,64,0,8.0,-1
11,1,210,30,67,63,0,8.0,2
11,1,210,50,82,68,0,8.0,-1
11,1,210,40,99,94,0,8.0,-2
11,1,200,50,63,33,0,8.0,6
11,1,190,60,77,68,0,7.0,-6
11,1,200,60,81,38,0,7.0,-3
11,1,210,20,77,57,-1,8.0,-8
11,1,210,60,88,67,0,7.0,-5
11,1,200,60,61,43,0,1.0,-9
11,1,190,70,71,48,0,1.0,-1
11,1,210,20,57,49,0,1.0,-4
11,1,0,0,47,40,0,7.0,-13
11,1,120,70,76,41,2,7.0,-7
11,1,140,30,79,64,0,5.0,7
11,1,200,50,82,69,0,8.0,-2
11,1,200,60,76,62,0,7.0,1
11,1,220,50,69,42,0,7.0,-5
11,1,200,50,71,44,0,7.0,-1
11,1,170,60,75,30,0,7.0,0
11,1,220,30,85,80,0,8.0,-4
11,1,190,30,62,55,0,5.0,0
11,1,180,20,28,22,0,1.0,3
11,1,190,50,56,45,0,5.0,0
11,1,220,20,50,45,0,2.0,-6
11,1,220,30,48,39,13,8.0,-4
11,1,190,90,83,74,1,8.0,2
11,1,170,40,72,59,2,7.0,0
11,1,170,50,44,29,0,1.0,-6
11,1,200,70,86,68,0,7.0,7
11,1,170,50,58,40,0,3.0,3
11,1,210,50,79,63,0,7.0,-4
11,1,160,40,43,28,0,6.0,6
11,1,180,40,72,62,3,8.0,1
11,1,220,20,66,45,0,5.0,-9
11,1,160,50,81,69,20,8.0,3
11,1,170,50,116,91,0,3.0,-5
11,1,220,40,122,92,0,7.0,-2
11,1,250,20,72,56,0,3.0,2
11,1,990,10,31,26,0,2.0,12
11,1,230,20,85,82,0,7.0,1
11,1,230,20,91,80,0,7.0,-1
11,1,260,30,99,78,0,6.0,4
11,1,220,40,73,36,0,8.0,3
11,1,220,30,83,64,0,4.0,-6
11,1,220,30,83,76,18,8.0,2
11,1,990,10,31,19,6,7.0,2
11,1,170,10,-29,-34,0,1.0,-2
11,1,210,30,6,-18,0,2.0,5
11,1,990,10,72,67,0,8.0,0
11,1,20,60,77,69,0,8.0,-4
11,1,300,30,14,4,0,2.0,-10
11,1,990,10,-16,-22,0,0.0,-10
11,1,210,10,7,2,0,8.0,4
11,1,990,10,81,76,-1,8.0,-7
11,1,40,20,38,32,0,5.0,-2
11,1,70,20,62,60,0,8.0,1
11,1,90,10,41,39,0,8.0,9
11,1,230,30,76,55,0,8.0,-4
11,1,220,60,76,65,5,8.0,5
11,1,310,40,31,6,-1,6.0,2
11,1,250,20,44,34,2,8.0,-3
11,1,240,20,100,99,1,8.0,1
11,1,330,30,81,71,2,8.0,-2
11,1,230,10,-19,-22,0,1.0,-2
11,1,240,30,61,43,0,7.0,-1
11,1,210,40,54,39,0,4.0,3
11,1,230,30,112,109,-1,8.0,-3
11,1,90,20,43,41,0,,5
11,1,240,40,140,129,0,,0
11,1,130,50,127,122,14,,0
11,1,230,20,72,66,0,,2
11,1,30,20,79,76,0,,-14
11,1,160,20,42,40,0,,10
11,1,990,10,75,71,11,,6
11,1,220,30,50,40,-1,,1
11,1,300,60,110,106,23,,-5
11,1,180,10,-3,-7,0,,-5
11,1,290,20,105,103,10,,-5
11,1,200,40,93,79,0,,9
11,1,190,40,79,74,0,,-1
11,1,130,50,85,66,0,,0
11,1,150,30,67,51,0,,-20
11,1,0,0,22,19,0,,3
11,1,250,30,84,78,0,,1
11,1,180,30,58,53,0,,13
11,1,120,10,65,64,0,,-1
11,1,90,30,39,32,0,,-1
11,1,120,40,71,59,0,,3
11,1,140,30,76,69,0,,-2
11,1,160,30,34,28,0,,1
11,1,180,30,77,71,0,,0
11,1,90,20,44,42,0,,10
11,1,260,30,66,64,0,,2
11,1,150,20,19,17,0,,1
11,1,180,30,47,41,0,,7
11,1,180,30,70,64,-1,,0
11,1,250,20,79,71,0,,-9
11,1,230,20,82,80,2,7.0,2
11,1,220,30,65,56,0,1.0,-9
11,1,210,50,118,98,0,7.0,1
11,1,250,20,83,64,0,1.0,-7
11,1,160,20,83,75,0,8.0,2
11,1,130,20,46,38,0,0.0,-1
11,1,100,30,52,24,0,1.0,10
11,1,70,60,50,28,0,0.0,8
11,1,120,30,36,18,0,1.0,-3
11,1,130,20,86,58,0,8.0,-6
11,1,70,30,27,20,0,1.0,-5
11,1,140,30,6,0,0,0.0,-5
11,1,270,40,101,92,0,8.0,-8
11,1,180,40,61,56,0,7.0,-3
11,1,210,60,83,55,0,5.0,-2
11,1,180,10,41,37,0,2.0,-2
11,1,270,40,70,61,0,2.0,-4
11,1,210,40,86,82,1,8.0,5
11,1,250,40,127,113,0,8.0,0
11,1,220,30,111,106,-1,8.0,-2
11,1,200,50,84,70,0,8.0,1
11,1,170,20,93,85,-1,5.0,-4
11,1,190,50,127,98,0,7.0,-13
11,1,190,20,108,95,1,8.0,-2
11,1,280,10,27,25,0,6.0,22
11,1,180,50,71,59,0,2.0,1
11,1,200,30,55,52,0,5.0,0
11,1,200,20,1,1,0,9.0,-8
11,1,190,40,28,28,0,9.0,1
11,1,170,40,47,30,-1,8.0,2
11,1,20,30,37,33,0,1.0,4
11,1,50,40,80,64,0,8.0,0
11,1,150,10,88,84,4,7.0,0
11,1,190,20,104,102,0,8.0,-1
11,1,240,20,57,53,0,1.0,6
11,1,240,30,82,68,0,8.0,4
11,1,330,20,73,73,0,8.0,1
11,1,220,20,69,52,0,8.0,-8
11,1,50,20,15,13,0,0.0,-2
11,1,280,10,23,14,0,8.0,0
11,1,40,40,49,44,0,8.0,0
11,1,280,20,-9,-10,0,0.0,-16
11,1,300,20,39,29,0,3.0,17
11,1,280,10,8,6,0,1.0,13
11,1,240,20,39,36,0,0.0,-13
11,1,230,30,76,64,0,8.0,2
11,1,230,30,103,88,0,8.0,1
11,1,250,70,104,95,9,8.0,0
11,1,350,90,27,20,11,8.0,-3
11,1,200,10,2,0,17,4.0,4
11,1,240,20,3,1,0,7.0,-3
11,1,230,30,82,79,0,8.0,7
11,1,280,70,117,86,0,8.0,-4
11,1,290,10,-22,-24,0,0.0,1
11,1,140,20,-11,-12,0,6.0,-7
11,1,220,20,12,12,0,8.0,4
11,1,260,20,75,74,0,8.0,-2
11,1,190,20,75,73,0,8.0,11
11,1,990,10,63,62,0,9.0,0
11,1,0,0,58,58,0,8.0,3
11,1,200,30,138,125,0,6.0,3
11,1,150,30,75,62,0,8.0,7
11,1,200,70,149,132,-1,8.0,-1
11,1,210,50,147,102,0,8.0,-5
11,1,220,30,80,63,0,0.0,-3
11,1,200,50,108,89,0,8.0,-8
11,1,200,50,103,91,6,8.0,4
11,1,190,50,91,80,0,0.0,-3
11,1,170,50,91,54,0,0.0,1
11,1,210,20,46,43,0,0.0,1
11,1,210,50,103,98,1,8.0,2
11,1,200,70,106,77,0,8.0,0
11,1,200,10,75,69,0,8.0,-2
11,1,360,20,31,30,0,4.0,0
11,1,210,40,45,42,0,6.0,2
11,1,260,20,70,66,3,8.0,-8
11,1,240,20,36,27,0,5.0,8
11,1,260,30,30,23,1,0.0,-2
11,1,200,10,-28,-29,0,0.0,5
11,1,240,20,30,28,-1,7.0,2
11,1,250,30,35,32,0,8.0,0
11,1,80,30,34,16,0,8.0,-15
11,1,40,20,25,13,0,8.0,3
11,1,250,10,22,20,0,8.0,6
11,1,270,70,16,9,40,8.0,5
11,1,220,60,12,7,0,8.0,-1
11,1,260,10,10,9,0,8.0,-1
11,1,220,20,7,5,0,9.0,1
11,1,220,30,20,16,0,8.0,-3
11,1,230,20,9,6,0,1.0,6
11,1,310,60,82,36,0,1.0,-9
11,1,260,20,22,11,0,3.0,12
11,1,310,20,45,36,0,7.0,-14
11,1,260,20,65,58,0,8.0,2
11,1,250,30,90,78,0,5.0,3
11,1,230,20,98,83,0,7.0,-5
11,1,200,20,87,74,0,8.0,-1
11,1,210,20,44,38,0,8.0,10
11,1,310,70,123,110,18,8.0,-15
11,1,230,20,51,40,0,8.0,-19
11,1,210,40,63,31,0,8.0,-2
11,1,290,80,94,42,0,1.0,-1
11,1,210,40,84,59,0,8.0,1
11,1,250,40,122,93,0,8.0,-3
11,1,220,50,126,99,0,8.0,-1
11,1,180,70,122,94,0,0.0,1
11,1,280,40,116,105,-1,8.0,-5
11,1,190,70,105,73,0,8.0,5
11,1,180,20,33,20,0,7.0,0
11,1,200,70,53,34,0,0.0,2
11,1,180,30,93,86,5,8.0,3
11,1,210,30,37,24,0,5.0,8
11,1,200,70,83,75,2,8.0,4
11,1,210,50,89,70,0,0.0,-4
11,1,150,30,132,111,1,8.0,7
11,1,200,40,99,65,0,8.0,0
11,1,160,20,65,53,0,0.0,0
11,1,180,50,106,78,0,0.0,-5
11,1,220,20,91,82,0,3.0,0
11,1,210,30,61,58,0,5.0,1
11,1,210,20,109,93,0,8.0,-1
11,1,240,30,115,105,0,8.0,0
11,1,270,20,131,129,0,8.0,-1
11,1,310,20,77,76,0,1.0,-21
11,1,220,10,79,72,0,8.0,-1
11,1,290,30,77,60,1,7.0,-3
11,1,230,30,82,61,0,7.0,0
11,1,250,30,84,80,0,5.0,3
11,1,300,70,57,34,10,8.0,-4
11,1,270,60,81,48,0,8.0,5
11,1,270,60,113,92,0,8.0,1
11,1,320,30,42,27,7,7.0,-11
11,1,250,30,52,40,0,8.0,0
11,1,40,40,33,21,0,8.0,-2
11,1,20,30,28,-4,0,8.0,-17
11,1,240,20,0,-20,0,1.0,-24
11,1,220,30,28,24,0,8.0,-3
11,1,200,20,-10,-23,0,0.0,-4
11,1,120,50,25,0,0,6.0,3
11,1,120,30,50,35,0,8.0,3
11,1,120,40,77,32,0,8.0,-3
11,1,180,40,57,52,0,0.0,3
11,1,210,20,59,55,0,4.0,-7
11,1,280,20,-13,-25,0,0.0,4
11,1,240,50,73,65,-1,8.0,7
11,1,310,50,41,25,3,7.0,-15
11,1,260,20,31,25,-1,7.0,5
11,1,220,20,56,47,0,8.0,-9
11,1,200,50,51,12,0,8.0,-1
11,1,240,20,42,34,0,7.0,7
11,1,40,40,56,48,0,8.0,-1
11,1,140,30,71,68,0,6.0,2
11,1,40,50,80,73,0,8.0,0
11,1,60,10,57,57,0,9.0,0
11,1,30,40,80,79,0,8.0,1
11,1,200,10,92,91,0,8.0,-1
11,1,160,10,68,68,0,6.0,-7
11,1,200,40,78,75,0,3.0,-6
11,1,190,100,113,80,0,8.0,2
11,1,210,90,120,78,0,8.0,4
11,1,220,70,146,113,2,8.0,4
11,1,210,40,71,51,0,0.0,0
11,1,230,20,71,63,0,8.0,-3
11,1,200,60,82,54,0,8.0,1
11,1,220,30,106,94,0,8.0,0
11,1,270,30,112,108,1,8.0,-2
11,1,290,10,13,9,0,8.0,15
11,1,180,60,57,23,-1,8.0,-1
11,1,250,20,60,47,0,8.0,-1
11,1,250,50,99,85,0,8.0,1
11,1,270,60,93,61,0,8.0,4
11,1,290,60,22,0,1,7.0,-6
11,1,270,10,-7,-13,0,4.0,-1
11,1,240,20,21,21,3,8.0,3
11,1,260,30,4,-3,-1,6.0,-8
11,1,270,10,-13,-14,0,0.0,-7
11,1,210,50,55,53,0,8.0,-1
11,1,200,60,37,27,0,8.0,-1
11,1,180,30,29,14,0,8.0,-2
11,1,50,20,-16,-18,0,6.0,5
11,1,210,20,118,114,0,8.0,1
11,1,240,20,116,98,-1,8.0,-3
11,1,180,20,33,29,0,0.0,2
11,1,210,20,80,72,-1,4.0,-1
11,1,190,50,76,65,3,8.0,3
11,1,220,20,82,73,-1,8.0,-10
11,1,180,80,86,58,-1,8.0,-7
11,1,170,20,27,24,0,0.0,-4
11,1,10,50,44,39,0,8.0,-1
11,1,310,20,62,51,0,8.0,2
11,1,230,30,53,43,0,8.0,2
11,1,160,30,27,16,0,7.0,-3
11,1,190,70,113,92,0,8.0,3
11,1,170,80,138,96,0,8.0,0
11,1,230,30,101,63,0,0.0,-14
11,1,160,20,72,66,0,8.0,-1
11,1,220,40,116,64,0,8.0,-4
11,1,210,60,93,73,0,0.0,-1
11,1,210,50,111,82,0,0.0,-3
11,1,190,40,95,69,0,0.0,7
11,1,190,20,102,98,0,8.0,5
11,1,180,50,134,94,-1,8.0,5
11,1,220,90,96,48,0,8.0,-2
11,1,250,60,108,71,0,3.0,-7
11,1,210,90,131,79,0,8.0,0
11,1,220,60,87,55,0,2.0,0
11,1,210,50,62,44,0,5.0,3
11,1,220,60,63,46,1,8.0,1
11,1,210,80,104,66,-1,8.0,-9
11,1,170,30,62,41,0,8.0,-9
11,1,20,20,80,79,0,8.0,-3
11,1,220,30,91,89,0,8.0,-2
11,1,220,60,124,98,-1,8.0,3
11,1,240,60,149,138,-1,8.0,1
11,1,230,70,152,108,0,8.0,-6
11,1,250,60,135,129,5,8.0,-28
11,1,60,10,20,17,0,7.0,4
11,1,120,30,20,16,0,6.0,3
11,1,110,40,47,35,4,8.0,1
11,1,20,50,48,44,25,8.0,-2
11,1,230,30,55,44,1,8.0,-10
11,1,250,80,106,59,-1,8.0,6
11,1,250,80,138,125,11,8.0,-12
11,1,190,50,121,118,-1,8.0,10
11,1,210,30,74,54,0,7.0,-2
11,1,170,10,12,10,0,6.0,-11
11,1,150,20,26,26,0,9.0,-2
11,1,100,30,45,30,0,8.0,0
11,1,190,30,61,49,0,8.0,0
11,1,210,20,73,60,0,8.0,-7
11,1,30,20,31,27,0,0.0,-8
11,1,60,40,47,23,0,8.0,-1
11,1,350,20,46,30,0,8.0,-2
11,1,230,30,40,32,-1,7.0,-2
11,1,250,20,20,16,-1,8.0,-2
11,1,310,10,-12,-15,-1,7.0,23
11,1,160,20,7,-3,0,8.0,1
11,1,130,20,-36,-42,0,0.0,5
11,1,70,50,-31,-48,0,8.0,0
11,1,60,30,-14,-18,5,8.0,4
11,1,150,20,98,93,0,0.0,-1
11,1,220,20,111,105,1,6.0,-12
11,1,130,50,121,104,0,5.0,3
11,1,120,50,142,100,-1,8.0,3
11,1,90,30,131,117,3,8.0,-10
11,1,300,20,91,87,0,8.0,4
11,1,30,50,103,86,0,8.0,-3
11,1,60,30,88,72,0,8.0,3
11,1,100,20,81,75,0,8.0,7
11,1,150,10,62,55,0,0.0,-6
11,1,110,30,65,49,0,8.0,5
11,1,130,30,41,23,0,0.0,-3
11,1,100,20,51,43,0,0.0,3
11,1,100,20,45,45,0,8.0,-3
11,1,70,30,9,6,0,0.0,-2
11,1,90,30,-11,-17,0,0.0,0
11,1,160,20,-19,-21,0,0.0,7
11,1,210,30,90,83,0,8.0,2
11,1,110,10,20,17,0,7.0,10
11,1,170,10,-17,-17,0,9.0,5
11,1,50,20,3,3,0,9.0,-1
11,1,50,10,-5,-6,0,8.0,-2
11,1,990,10,45,45,0,9.0,13
11,1,210,30,75,74,0,8.0,2
11,1,220,40,74,60,0,8.0,-2
11,1,240,20,59,43,0,4.0,-12
11,1,210,60,85,62,0,5.0,7
11,1,210,30,39,29,0,0.0,-4
11,1,190,50,40,34,0,8.0,4
11,1,270,40,86,45,0,0.0,-19
11,1,160,40,70,39,0,0.0,1
11,1,220,60,56,40,6,7.0,-6
11,1,220,40,58,41,0,8.0,-9
11,1,200,40,45,32,0,0.0,-13
11,1,230,40,78,48,0,8.0,1
11,1,260,20,40,34,0,0.0,-2
11,1,260,30,96,93,6,8.0,3
11,1,240,50,99,62,0,8.0,-3
11,1,220,30,93,84,0,8.0,-2
11,1,190,40,85,72,-1,8.0,4
11,1,240,30,84,77,0,7.0,4
11,1,210,30,49,45,0,2.0,-3
11,1,190,60,73,58,-1,8.0,-3
11,1,130,20,86,82,0,8.0,-1
11,1,130,10,15,10,0,0.0,7
11,1,220,20,38,11,0,8.0,-1
11,1,150,20,9,6,0,0.0,4
11,1,220,20,85,82,2,8.0,0
11,1,130,10,-11,-11,0,9.0,4
11,1,170,40,86,83,0,4.0,-1
11,1,160,30,50,41,0,5.0,-8
11,1,220,30,74,54,0,0.0,-8
11,1,180,80,61,45,0,6.0,2
11,1,80,10,32,32,0,9.0,-4
11,1,140,50,103,95,-1,8.0,14
11,1,180,40,59,47,0,0.0,-4
11,1,180,40,77,56,-1,8.0,1
11,1,0,0,40,37,0,8.0,-14
11,1,350,40,51,43,-1,7.0,-4
11,1,290,20,21,17,0,8.0,-17
11,1,200,50,110,85,0,8.0,-1
11,1,150,30,87,81,21,8.0,1
11,1,210,70,104,78,0,5.0,2
11,1,160,50,76,64,6,8.0,0
11,1,200,20,59,53,-1,6.0,1
11,1,250,40,79,59,-1,6.0,-2
11,1,230,70,145,115,0,8.0,-7
11,1,260,10,96,93,0,8.0,-4
11,1,260,80,95,69,-1,8.0,-5
11,1,220,20,57,50,0,0.0,-1
11,1,240,10,18,12,0,0.0,-3
11,1,190,60,77,28,0,8.0,-3
11,1,310,30,42,38,0,2.0,-12
11,1,200,30,51,39,0,8.0,-4
11,1,300,20,42,37,0,0.0,-3
11,1,230,10,28,27,0,9.0,-16
11,1,210,10,35,31,0,8.0,0
11,1,150,20,43,33,0,8.0,-10
11,1,190,40,47,22,0,8.0,-1
11,1,290,30,11,4,0,3.0,-9
11,1,140,40,24,15,-1,8.0,-1
11,1,20,30,15,2,0,7.0,2
11,1,20,50,45,23,0,8.0,-5
11,1,290,10,19,15,0,8.0,7
11,1,340,20,47,18,0,8.0,-1
11,1,220,10,36,28,0,7.0,-5
11,1,280,10,10,7,0,8.0,3
11,1,250,30,63,60,0,8.0,1
11,1,280,20,67,51,0,8.0,0
11,1,290,60,45,34,4,8.0,0
11,1,180,40,131,105,0,0.0,-8
11,1,180,30,141,131,0,8.0,4
11,1,200,50,118,111,23,8.0,0
11,1,200,50,94,87,2,8.0,-1
11,1,990,10,45,42,0,4.0,9
11,1,160,10,49,46,-1,8.0,-2
11,1,160,40,48,37,0,0.0,4
11,1,200,60,89,68,0,4.0,5
11,1,150,40,86,70,0,5.0,-3
11,1,170,30,95,91,3,8.0,0
11,1,160,20,54,48,0,0.0,-4
11,1,120,30,97,73,0,0.0,0
11,1,160,10,42,39,0,6.0,10
11,1,130,40,71,59,0,2.0,0
11,1,130,20,99,96,-1,8.0,-1
11,1,90,10,72,69,0,8.0,-9
11,1,120,30,74,71,0,4.0,7
11,1,20,10,66,63,0,1.0,-2
11,1,30,20,78,72,0,8.0,1
11,1,50,20,34,31,0,1.0,6
11,1,70,20,29,26,0,0.0,-9
11,1,120,20,48,37,0,7.0,0
11,1,190,20,100,90,-1,8.0,0
11,1,280,10,93,88,3,8.0,0
11,1,50,10,-8,-10,0,1.0,0
11,1,100,40,34,20,0,2.0,-1
11,1,140,30,72,62,0,8.0,3
11,1,120,30,71,64,0,8.0,-4
11,1,90,60,33,19,0,8.0,-5
11,1,100,30,32,24,0,8.0,-1
11,1,160,10,43,43,0,1.0,2
11,1,120,10,30,30,0,9.0,1
11,1,160,10,40,40,0,9.0,-6
11,1,130,30,108,74,0,4.0,-7
11,1,190,30,102,96,0,3.0,0
11,1,190,60,143,133,1,8.0,-1
11,1,240,40,171,160,7,8.0,-6
11,1,250,30,133,119,0,5.0,-9
11,1,240,40,159,146,5,8.0,0
11,1,240,70,140,93,0,8.0,-3
11,1,220,40,119,107,33,8.0,0
11,1,220,40,130,92,0,8.0,-1
11,1,200,50,132,105,0,8.0,4
11,1,220,40,72,31,0,0.0,1
11,1,230,70,123,113,1,8.0,3
11,1,220,40,133,89,0,8.0,-3
11,1,200,40,121,112,4,8.0,0
11,1,260,110,146,84,-1,8.0,-1
11,1,240,80,134,87,0,,2
11,1,240,30,84,73,0,8.0,3
11,1,260,30,56,29,5,2.0,-2
11,1,270,30,19,9,0,1.0,-5
11,1,280,20,-18,-24,0,0.0,14
11,1,210,50,19,-3,0,8.0,5
11,1,220,20,63,59,6,8.0,0
11,1,300,30,25,18,-1,,-10
11,1,210,30,20,16,0,0.0,-8
11,1,210,70,49,40,6,8.0,14
11,1,230,60,75,62,9,8.0,3
11,1,280,80,99,37,0,8.0,-4
11,1,190,10,52,49,0,8.0,-5
11,1,260,20,65,58,0,8.0,5
11,1,250,20,48,48,-1,7.0,3
11,1,200,40,64,51,0,8.0,-1
11,1,190,30,61,56,1,8.0,2
11,1,250,20,49,35,-1,7.0,-5
11,1,190,30,47,43,0,8.0,5
11,1,340,20,36,12,0,8.0,-10
11,1,160,20,4,0,0,0.0,-2
11,1,210,10,38,35,-1,8.0,0
11,1,10,50,43,37,0,8.0,-5
11,1,110,10,-38,-40,0,8.0,14
11,1,120,30,37,31,4,8.0,-1
11,1,40,10,22,19,0,8.0,-1
11,1,210,40,70,67,0,8.0,1
11,1,200,20,120,117,1,8.0,2
11,1,260,20,87,81,14,8.0,-4
11,1,250,40,73,53,29,8.0,-9
11,1,190,60,49,26,0,7.0,3
11,1,150,50,59,26,0,8.0,2
11,1,110,30,95,92,12,8.0,5
11,1,170,80,124,86,0,8.0,-1
11,1,100,10,54,50,0,8.0,-3
11,1,30,50,81,71,0,8.0,4
11,1,60,50,41,13,0,8.0,-4
11,1,30,30,-6,-18,0,8.0,11
11,1,220,20,19,8,0,8.0,6
11,1,60,50,26,9,0,0.0,-16
11,1,70,20,-39,-51,0,0.0,0
11,1,990,10,-48,-67,0,0.0,-18
11,1,220,30,105,89,0,8.0,-2
11,1,200,20,76,38,0,0.0,-6
11,1,0,0,90,88,0,8.0,-2
11,1,140,20,71,61,0,8.0,-3
11,1,260,30,102,96,2,8.0,-5
11,1,290,30,47,39,2,6.0,-4
11,1,270,10,-15,-18,0,0.0,-3
11,1,40,10,10,7,0,9.0,5
11,1,270,10,68,55,0,8.0,1
11,1,220,30,91,86,0,8.0,0
11,1,240,40,66,37,0,8.0,0
11,1,270,30,44,34,-1,8.0,5
11,1,300,30,49,28,0,5.0,18
11,1,220,20,24,15,0,6.0,7
11,1,200,30,82,73,0,8.0,0
11,1,190,30,90,86,0,8.0,-1
11,1,290,30,65,62,0,4.0,-15
11,1,210,30,44,17,0,8.0,5
11,1,250,30,54,44,-1,8.0,-2
11,1,220,30,40,24,0,8.0,2
11,1,250,40,117,108,-1,8.0,2
11,1,210,60,111,79,0,8.0,5
11,1,170,60,116,38,0,8.0,-6
11,1,180,20,71,57,0,8.0,10
11,1,70,10,44,26,-1,8.0,-18
11,1,220,40,30,13,0,2.0,3
11,1,210,30,45,35,-1,8.0,-5
11,1,240,40,57,43,0,8.0,0
11,1,210,30,10,1,0,1.0,-6
11,1,240,20,16,13,0,7.0,5
11,1,130,40,96,57,0,8.0,-4
11,1,240,40,105,96,-1,8.0,-3
11,1,210,20,14,11,0,0.0,-7
11,1,130,10,11,7,0,2.0,-6
11,1,80,30,55,52,0,8.0,-3
11,1,140,10,73,70,0,8.0,9
11,1,180,40,110,78,0,8.0,-5
11,1,170,40,94,79,0,1.0,9
11,1,100,30,62,47,0,8.0,9
11,1,160,60,118,93,0,8.0,6
11,1,170,60,116,101,0,7.0,5
11,1,160,30,101,96,0,8.0,-1
11,1,190,40,91,80,0,8.0,-1
11,1,200,20,72,67,0,8.0,-9
11,1,120,20,40,37,0,8.0,7
11,1,120,30,17,15,0,0.0,-5
11,1,100,40,36,13,0,0.0,-2
11,1,70,40,17,-16,0,0.0,-6
11,1,50,50,34,16,0,8.0,0
11,1,60,80,34,-9,0,3.0,3
11,1,100,40,18,-1,0,6.0,7
11,1,90,40,31,0,0,8.0,-4
11,1,80,10,-9,-12,0,4.0,-11
11,1,60,30,25,16,0,8.0,0
11,1,70,10,34,29,0,8.0,-1
11,1,60,40,44,39,0,8.0,2
11,1,50,10,34,22,0,8.0,1
11,1,140,40,35,27,-1,8.0,1
11,1,190,70,103,99,22,8.0,3
11,1,190,60,111,82,0,8.0,1
11,1,150,20,18,2,0,8.0,1
11,1,180,50,143,140,33,8.0,4
11,1,180,60,106,86,3,8.0,-5
11,1,200,40,103,97,0,8.0,-1
11,1,200,40,86,78,-1,8.0,1
11,1,250,20,83,77,1,8.0,1
11,1,160,20,71,69,0,8.0,0
11,1,160,30,36,29,0,0.0,-10
11,1,200,30,53,49,1,8.0,-1
11,1,140,10,-2,-4,0,0.0,-1
11,1,170,30,18,13,0,8.0,7
11,1,220,20,48,41,7,8.0,-1
11,1,200,50,52,37,0,7.0,1
11,1,130,30,40,34,0,5.0,3
11,1,30,40,34,26,0,8.0,-6
11,1,120,20,28,21,0,8.0,1
11,1,150,20,47,30,0,8.0,-3
11,1,330,20,43,35,3,8.0,0
11,1,250,20,40,22,-1,3.0,-2
11,1,170,10,-23,-25,0,0.0,-4
11,1,90,50,12,6,0,8.0,-5
11,1,130,30,31,22,0,8.0,7
11,1,90,50,52,34,-1,8.0,-4
11,1,80,10,32,29,0,8.0,-8
11,1,140,20,77,74,0,8.0,-15
11,1,170,40,85,62,0,8.0,-1
11,1,140,30,107,92,0,8.0,-4
11,1,220,60,102,86,1,8.0,-1
11,1,320,30,73,42,0,8.0,-7
11,1,240,10,1,1,0,5.0,15
11,1,200,40,109,87,0,8.0,-1
11,1,210,80,175,169,2,8.0,1
11,1,220,30,100,60,0,1.0,-8
11,1,210,30,53,45,0,1.0,0
11,1,210,10,4,1,0,0.0,-6
11,1,180,10,21,18,0,7.0,4
11,1,120,30,42,11,0,0.0,0
11,1,120,10,32,31,0,7.0,10
11,1,100,10,92,89,0,8.0,11
11,1,140,10,103,102,0,8.0,-9
11,1,220,20,112,111,0,9.0,-1
11,1,160,50,108,86,0,8.0,4
11,1,170,30,46,40,0,8.0,11
11,1,210,20,114,111,0,8.0,-6
11,1,180,50,128,96,0,8.0,2
11,1,210,60,101,60,0,1.0,-7
11,1,210,50,109,93,0,8.0,-5
11,1,190,30,113,93,0,8.0,-1
11,1,250,50,114,65,0,8.0,-8
11,1,240,30,50,41,2,8.0,-2
11,1,190,60,52,17,0,8.0,9
11,1,220,50,95,84,0,8.0,-2
11,1,230,20,76,70,0,8.0,-4
11,1,200,40,91,81,0,8.0,0
11,1,160,40,51,31,0,8.0,-5
11,1,190,30,79,65,0,8.0,2
11,1,60,20,77,70,-1,8.0,-3
11,1,100,20,49,38,0,8.0,1
11,1,100,50,37,33,0,8.0,1
11,1,0,0,-34,-43,0,0.0,-3
11,1,150,41,59,44,0,0.0,-1
11,1,190,62,117,111,13,8.0,9
11,1,200,82,124,81,0,7.0,-1
11,1,230,77,67,53,0,3.0,-3
11,1,280,51,70,64,5,8.0,7
11,1,270,36,41,32,0,3.0,-1
11,1,230,103,85,65,-1,6.0,-5
11,1,250,98,121,91,-1,8.0,-2
11,1,250,31,65,58,0,2.0,-2
11,1,230,36,32,29,6,3.0,3
11,1,190,82,65,42,-1,8.0,3
11,1,220,26,40,39,0,2.0,-10
11,1,230,77,94,83,10,8.0,-5
11,1,210,62,50,24,0,3.0,-2
11,1,200,31,40,36,0,3.0,10
11,1,180,10,-1,-2,0,1.0,-1
11,1,70,10,27,26,0,9.0,-2
11,1,140,46,37,24,0,7.0,3
11,1,130,26,63,59,0,6.0,-2
11,1,50,77,33,21,0,8.0,-7
11,1,20,41,2,-5,0,0.0,-3
11,1,200,31,-2,-6,0,8.0,0
11,1,220,36,48,35,0,8.0,-1
11,1,160,15,18,11,0,1.0,-2
11,1,0,0,-5,-6,0,0.0,-2
11,1,140,36,-1,-9,0,3.0,1
11,1,150,21,36,23,0,2.0,-2
11,1,180,15,26,23,0,0.0,-12
11,1,990,5,30,29,0,1.0,-15
11,1,120,21,12,9,0,0.0,-2
11,1,180,26,34,34,0,9.0,-2
11,1,190,46,56,34,0,8.0,-9
11,1,250,72,91,57,0,7.0,-1
11,1,200,36,62,58,0,7.0,4
11,1,230,51,90,79,0,7.0,4
11,1,250,31,108,103,0,8.0,1
11,1,220,57,81,80,0,7.0,-6
11,1,260,21,105,105,-1,8.0,-4
11,1,120,10,20,14,0,2.0,6
11,1,200,72,107,93,5,8.0,-3
11,1,200,41,63,54,0,6.0,1
11,1,240,72,56,38,0,1.0,-2
11,1,240,82,42,21,1,4.0,-4
11,1,230,31,10,4,0,2.0,18
11,1,140,41,42,4,-1,8.0,-1
11,1,210,41,78,69,0,8.0,1
11,1,150,36,69,54,-1,8.0,0
11,1,280,67,52,35,1,3.0,-4
11,1,240,57,91,77,0,7.0,2
11,1,240,41,36,24,0,2.0,0
11,1,220,31,17,10,0,0.0,6
11,1,240,93,123,118,5,8.0,2
11,1,260,62,129,111,0,8.0,-2
11,1,200,57,99,75,0,7.0,1
11,1,170,62,115,74,-1,8.0,8
11,1,220,129,139,112,6,8.0,-11
11,1,240,57,57,40,0,1.0,-4
11,1,220,113,105,97,4,8.0,9
11,1,140,15,20,14,0,1.0,9
11,1,190,41,116,111,0,7.0,3
11,1,40,21,26,26,0,8.0,4
11,1,80,15,33,13,0,8.0,2
11,1,90,26,59,50,0,7.0,-1
11,1,100,10,73,66,0,1.0,-10
11,1,40,10,62,56,0,0.0,-8
11,1,70,41,55,37,0,8.0,3
11,1,70,46,51,38,0,8.0,-1
11,1,360,10,57,57,1,8.0,0
11,1,210,5,51,50,0,8.0,6
11,1,190,46,70,48,0,8.0,0
11,1,200,62,86,80,-1,8.0,0
11,1,220,36,49,46,0,3.0,5
11,1,190,41,63,53,0,7.0,-3
11,1,150,72,59,50,16,8.0,0
11,1,330,77,70,50,1,8.0,0
11,1,40,21,36,12,0,7.0,-7
11,1,80,21,-6,-17,0,0.0,2
11,1,90,31,-1,-30,0,0.0,0
11,1,80,26,-16,-32,0,0.0,-3
11,1,40,21,-31,-44,0,3.0,10
11,1,70,41,-25,-51,0,0.0,-5
11,1,50,26,-60,-72,0,7.0,1
11,1,150,21,-57,-64,0,2.0,10
11,1,140,15,-54,-65,0,0.0,-8
11,1,150,31,-26,-34,0,7.0,-1
11,1,130,10,-39,-39,0,3.0,-2
11,1,20,31,-16,-16,0,7.0,-7
11,1,80,31,-32,-49,0,8.0,-2
11,1,60,26,-17,-23,0,5.0,6
11,1,120,51,-43,-64,0,2.0,0
11,1,240,93,118,94,0,6.0,0
11,1,220,15,43,40,0,0.0,-6
11,1,120,41,78,63,0,7.0,4
11,1,130,36,114,81,0,2.0,3
11,1,130,36,126,91,0,7.0,-1
11,1,200,31,134,113,0,7.0,-4
11,1,20,5,110,104,0,8.0,0
11,1,120,15,111,111,0,8.0,-4
11,1,130,21,68,68,0,1.0,-12
11,1,120,26,94,93,6,8.0,1
11,1,0,0,86,86,0,7.0,-3
11,1,250,21,105,105,0,8.0,-3
11,1,160,36,97,92,9,8.0,-1
11,1,210,72,129,113,0,8.0,2
11,1,240,82,124,119,16,8.0,0
11,1,250,72,106,87,0,5.0,-6
11,1,200,26,65,62,0,7.0,10
11,1,250,57,88,79,1,8.0,-2
11,1,0,0,72,72,0,9.0,0
11,1,230,46,141,139,-1,8.0,0
11,1,290,15,98,97,0,1.0,-26
11,1,280,5,78,78,0,7.0,-2
11,1,200,15,99,99,0,7.0,1
11,1,240,41,94,94,0,7.0,4
11,1,250,26,59,59,0,7.0,1
11,1,220,31,90,90,0,8.0,1
11,1,340,21,109,109,0,8.0,-2
11,1,260,5,88,88,0,8.0,2
11,1,20,5,61,61,0,9.0,-5
11,1,100,21,40,40,0,5.0,-2
11,1,240,36,74,74,0,8.0,3
11,1,310,10,34,34,0,2.0,0
11,1,280,51,88,79,0,7.0,9
11,1,0,0,-1,-9,0,1.0,-15
11,1,250,10,-38,-41,0,1.0,-7
11,1,0,0,-43,-44,0,3.0,-5
11,1,230,41,4,-25,0,6.0,2
11,1,230,10,69,69,0,8.0,0
11,1,230,26,101,101,0,8.0,2
11,1,160,21,57,57,0,5.0,-16
11,1,110,26,98,84,-1,7.0,2
11,1,120,31,88,52,0,4.0,-4
11,1,80,36,67,31,0,0.0,-2
11,1,230,36,112,112,0,8.0,1
11,1,180,41,89,72,-1,8.0,1
11,1,210,41,104,99,0,8.0,2
11,1,360,21,60,46,3,8.0,-1
11,1,10,10,1,-12,0,0.0,-2
11,1,240,62,38,7,0,8.0,-3
11,1,320,21,53,41,0,7.0,-19
11,1,130,36,6,0,0,1.0,-1
11,1,140,36,23,-15,0,8.0,5
11,1,210,26,91,91,0,8.0,1
11,1,190,41,85,71,0,7.0,-7
11,1,150,51,84,53,0,6.0,-9
11,1,130,31,55,43,0,3.0,-1
11,1,170,26,74,67,0,7.0,-3
11,1,140,21,64,61,0,7.0,-4
11,1,140,5,-5,-5,0,5.0,-1
11,1,90,26,54,50,0,8.0,-4
11,1,240,60,124,124,11,8.0,5
11,1,220,50,125,120,0,7.0,3
11,1,220,90,138,130,-1,8.0,2
11,1,210,60,137,134,-1,8.0,1
11,1,210,70,116,105,0,6.0,2
11,1,200,80,85,54,0,7.0,5
11,1,230,90,106,87,0,6.0,2
11,1,270,30,73,73,0,6.0,-2
11,1,220,60,66,56,0,4.0,2
11,1,190,30,70,66,0,8.0,-4
11,1,210,40,44,29,0,2.0,4
11,1,240,50,96,90,7,8.0,-4
11,1,280,20,62,62,0,9.0,6
11,1,290,20,16,10,0,1.0,-15
11,1,70,20,-6,-10,0,0.0,-10
11,1,340,10,-27,-27,0,2.0,8
11,1,190,10,-14,-14,0,7.0,9
11,1,180,30,18,3,0,8.0,-3
11,1,280,20,44,38,-1,8.0,-2
11,1,140,60,48,39,3,8.0,4
11,1,270,70,36,18,4,4.0,0
11,1,240,40,0,-4,0,1.0,-1
11,1,190,50,19,-2,0,8.0,4
11,1,240,40,2,2,0,3.0,-6
11,1,180,90,25,4,-1,8.0,-5
11,1,240,40,50,50,0,7.0,-7
11,1,300,30,8,5,0,7.0,-1
11,1,310,10,-27,-27,0,6.0,14
11,1,210,50,15,15,0,8.0,1
11,1,260,50,42,33,0,2.0,4
11,1,40,20,6,5,0,0.0,5
11,1,0,0,-24,-24,0,9.0,-3
11,1,0,0,20,20,0,8.0,3
11,1,90,40,39,21,0,0.0,-5
11,1,140,30,67,67,-1,8.0,8
11,1,140,40,107,98,0,7.0,-3
11,1,80,50,115,115,-1,8.0,2
11,1,160,30,89,77,0,3.0,-10
11,1,180,70,97,85,8,8.0,1
11,1,220,80,89,70,0,4.0,-10
11,1,190,50,77,53,0,3.0,-4
11,1,990,10,51,51,0,7.0,-12
11,1,250,20,56,56,0,8.0,1
11,1,150,30,27,27,0,7.0,11
11,1,200,50,75,56,0,8.0,2
11,1,180,10,100,100,0,8.0,-1
11,1,120,30,74,65,0,7.0,-2
11,1,120,60,32,11,0,1.0,1
11,1,130,40,38,15,0,7.0,4
11,1,120,40,19,-28,-1,8.0,-5
11,1,160,30,56,56,0,4.0,2
11,1,140,20,16,16,0,1.0,5
11,1,100,10,44,44,0,8.0,1
11,1,150,30,24,24,0,8.0,-1
11,1,110,30,28,13,0,4.0,-2
11,1,120,20,42,27,0,3.0,-8
11,1,120,30,55,33,-1,8.0,-4
11,1,160,40,55,55,0,8.0,3
11,1,180,40,90,84,0,7.0,-2
11,1,190,40,83,69,0,5.0,-8
11,1,220,60,116,116,43,8.0,-24
11,1,240,60,55,44,1,7.0,3
11,1,190,40,72,69,0,3.0,3
11,1,210,50,64,40,0,5.0,8
11,1,230,40,34,30,-1,7.0,0
11,1,230,90,83,70,0,7.0,0
11,1,180,10,20,20,0,2.0,3
11,1,140,30,22,20,0,7.0,0
11,1,170,30,106,105,3,8.0,1
11,1,220,40,100,100,0,8.0,2
11,1,220,30,28,23,0,1.0,-4
11,1,170,20,19,19,0,3.0,-6
11,1,190,50,59,53,-1,8.0,3
11,1,190,30,58,55,3,8.0,0
11,1,200,20,44,44,0,7.0,8
11,1,270,40,53,49,-1,7.0,-3
11,1,290,20,13,7,0,7.0,0
11,1,160,10,-28,-28,0,1.0,1
11,1,990,10,2,2,0,5.0,3
11,1,30,20,-49,-52,0,0.0,3
11,1,140,20,-48,-48,0,0.0,1
11,1,120,30,-32,-67,0,1.0,-5
11,1,140,20,-68,-79,0,0.0,7
11,1,0,0,-70,-74,0,0.0,-13
11,1,180,30,-3,-41,0,8.0,-2
11,1,250,20,6,-9,0,8.0,4
11,1,270,40,67,64,2,7.0,-5
11,1,220,20,45,45,0,7.0,-4
11,1,150,40,31,31,-1,8.0,-2
11,1,30,40,16,9,0,8.0,-1
11,1,170,40,82,71,0,1.0,1
11,1,240,40,144,136,-1,7.0,-5
11,1,220,30,47,43,0,1.0,-4
11,1,990,10,83,68,0,8.0,-10
11,1,180,40,50,41,0,7.0,6
11,1,210,90,96,67,0,4.0,-1
11,1,240,80,75,68,5,8.0,1
11,1,210,30,42,40,0,3.0,7
11,1,360,40,100,98,6,8.0,-2
11,1,330,40,71,65,0,5.0,7
11,1,30,60,75,57,0,7.0,-6
11,1,50,30,7,-2,0,0.0,11
11,1,40,20,-6,-9,0,0.0,-13
11,1,340,30,80,80,1,8.0,1
11,1,20,20,-1,-10,0,2.0,-5
11,1,0,0,-50,-53,0,1.0,-7
11,1,220,50,19,17,1,8.0,5
11,1,250,40,16,12,0,6.0,2
11,1,310,30,15,10,0,5.0,2
11,1,10,60,24,8,0,7.0,-4
11,1,40,30,-43,-51,0,1.0,11
11,1,240,40,6,1,-1,8.0,1
11,1,240,30,55,54,0,7.0,3
11,1,200,40,63,58,0,7.0,0
11,1,200,60,82,70,0,8.0,-1
11,1,210,50,97,90,0,8.0,-2
11,1,200,60,58,30,0,6.0,5
11,1,190,50,72,61,0,3.0,-2
11,1,200,60,79,39,0,7.0,3
11,1,190,20,73,54,0,8.0,0
11,1,210,70,88,65,0,5.0,-4
11,1,180,50,52,39,0,0.0,-2
11,1,180,60,80,54,0,0.0,-4
11,1,200,30,65,54,0,6.0,-7
11,1,180,30,37,31,0,2.0,-5
11,1,120,70,81,32,-1,7.0,-11
11,1,120,30,86,62,-1,7.0,-1
11,1,210,60,87,69,0,6.0,-3
11,1,200,60,76,58,0,7.0,2
11,1,210,60,63,36,0,5.0,-4
11,1,190,50,58,35,0,7.0,4
11,1,190,70,83,21,0,7.0,-2
11,1,210,40,87,81,-1,8.0,-5
11,1,170,40,68,60,0,5.0,-7
11,1,160,20,35,30,0,4.0,-7
11,1,180,40,50,38,0,4.0,4
11,1,220,30,43,37,0,2.0,-4
11,1,220,60,45,36,5,7.0,-4
11,1,200,80,81,62,-1,8.0,-1
11,1,180,50,77,56,0,7.0,-3
11,1,150,40,34,21,0,1.0,2
11,1,200,60,82,69,0,3.0,6
11,1,170,30,60,46,0,5.0,2
11,1,220,50,80,69,0,7.0,-6
11,1,170,40,40,29,0,1.0,8
11,1,180,40,69,62,12,8.0,1
11,1,210,40,60,43,0,3.0,-5
11,1,150,40,76,64,10,8.0,1
11,1,160,40,109,89,0,5.0,-13
11,1,210,30,110,89,0,7.0,-3
11,1,240,40,61,52,0,3.0,4
11,1,230,20,33,33,0,3.0,2
11,1,220,20,68,68,0,6.0,10
11,1,220,20,83,75,0,7.0,1
11,1,240,50,93,72,0,7.0,1
11,1,220,50,65,44,0,7.0,4
11,1,240,40,89,67,0,7.0,-9
11,1,220,40,80,74,16,8.0,4
11,1,250,40,28,19,9,7.0,-1
11,1,0,0,-29,-29,0,1.0,-5
11,1,210,20,-7,-25,0,2.0,9
11,1,230,10,63,63,0,8.0,2
11,1,20,60,81,75,0,7.0,-8
11,1,320,20,23,11,0,2.0,-9
11,1,990,10,-30,-34,0,0.0,-1
11,1,220,20,-5,-5,0,7.0,6
11,1,0,0,63,63,0,8.0,-1
11,1,60,20,43,41,0,8.0,4
11,1,70,20,60,58,0,8.0,1
11,1,250,20,53,53,0,8.0,2
11,1,240,40,74,55,0,8.0,-3
11,1,230,90,73,56,2,8.0,0
11,1,280,30,23,4,0,2.0,0
11,1,250,30,47,39,4,8.0,-5
11,1,230,20,93,93,1,8.0,1
11,1,320,30,84,83,1,8.0,-5
11,1,300,10,-13,-13,0,1.0,-5
11,1,240,40,60,52,0,6.0,-1
11,1,200,40,45,33,0,2.0,2
11,1,230,40,108,108,-1,8.0,0
11,1,130,10,37,36,0,,6
11,1,230,60,136,128,-1,,-1
11,1,120,50,124,120,6,,2
11,1,220,40,71,64,0,,1
11,1,40,20,82,80,0,,-1
11,1,990,10,26,25,0,,-1
11,1,200,20,71,68,13,,0
11,1,260,50,53,37,0,,-2
11,1,280,60,114,110,25,,-7
11,1,190,10,-1,-4,0,,-4
11,1,210,10,107,105,23,,-3
11,1,200,50,86,75,0,,1
11,1,180,40,87,82,0,,-4
11,1,130,50,86,61,0,,0
11,1,140,30,69,57,0,,-3
11,1,990,10,33,32,0,,7
11,1,240,40,82,79,0,,0
11,1,180,30,69,65,0,,1
11,1,990,10,66,64,0,,-1
11,1,80,30,54,45,0,,-6
11,1,120,40,74,59,0,,1
11,1,140,30,74,65,0,,-2
11,1,150,30,39,32,0,,3
11,1,180,20,78,74,0,,-2
11,1,50,20,36,34,0,,2
11,1,260,30,69,66,0,,3
11,1,130,20,1,0,0,,9
11,1,160,30,56,50,0,,-5
11,1,180,30,78,70,0,,6
11,1,240,10,59,56,0,,2
11,1,220,30,79,79,2,,5
11,1,210,40,63,58,0,,-6
11,1,200,60,117,99,0,,-8
11,1,220,40,81,70,0,,-4
11,1,170,30,76,75,0,,1
11,1,140,10,47,34,0,,2
11,1,100,40,79,24,0,,-11
11,1,70,60,64,31,0,,-2
11,1,100,20,42,22,0,,1
11,1,140,30,83,52,0,,-2
11,1,60,30,31,24,0,,0
11,1,130,30,1,-4,0,,1
11,1,260,40,98,94,0,,-1
11,1,190,20,53,48,0,,-9
11,1,190,50,70,53,0,,4
11,1,170,10,46,40,0,,-4
11,1,260,40,67,60,0,,0
11,1,220,70,82,78,1,,4
11,1,230,50,121,114,0,,2
11,1,210,30,109,106,0,,0
11,1,210,50,84,69,0,,1
11,1,160,30,91,81,0,,-5
11,1,190,50,139,94,0,,-6
11,1,140,10,102,88,0,,10
11,1,250,20,72,70,0,,-4
11,1,170,50,76,62,0,,-5
11,1,220,20,55,51,0,,2
11,1,280,10,36,36,0,,-5
11,1,190,30,24,24,0,,0
11,1,160,40,44,35,1,,1
11,1,20,40,63,46,0,,-13
11,1,50,50,85,64,0,,-3
11,1,0,0,90,83,9,,2
11,1,190,20,110,104,0,,-8
11,1,230,30,57,50,0,,-9
11,1,240,50,79,58,0,,1
11,1,310,20,74,68,0,,-4
11,1,230,20,50,41,0,,3
11,1,60,30,34,26,0,,4
11,1,270,30,23,8,0,,-1
11,1,60,40,45,39,0,,-2
11,1,0,0,-15,-20,0,,-9
11,1,300,30,41,25,0,,-3
11,1,290,30,19,15,0,,-3
11,1,230,20,20,11,0,,-3
11,1,240,40,71,54,0,,-1
11,1,220,60,97,79,0,,3
11,1,240,90,106,92,7,,-5
11,1,350,70,8,4,18,,13
11,1,260,30,5,-1,8,,-1
11,1,240,30,-6,-17,0,,-8
11,1,230,60,78,69,0,,5
11,1,260,40,110,83,0,,2
11,1,230,10,-15,-18,0,,-5
11,1,130,30,-9,-12,0,,0
11,1,210,30,10,7,0,,4
11,1,250,30,75,71,0,,-3
11,1,220,30,85,80,0,,1
11,1,190,10,64,59,0,,1
11,1,50,10,57,54,0,,1
11,1,200,30,147,137,2,,-4
11,1,140,30,75,63,0,,4
11,1,190,60,150,136,0,,-2
11,1,190,40,144,110,0,,-1
11,1,210,30,76,62,0,,-1
11,1,190,50,103,89,0,,-9
11,1,200,60,112,76,-1,,0
11,1,170,30,83,77,0,,-3
11,1,150,40,70,51,0,,-1
11,1,220,20,44,42,0,,-20
11,1,210,60,100,98,1,,1
11,1,190,50,104,77,0,,-1
11,1,150,20,67,65,0,,3
11,1,340,10,9,8,0,,1
11,1,200,60,49,46,0,,-1
11,1,250,20,71,70,-1,,-5
11,1,250,40,39,30,-1,,-9
11,1,280,30,26,21,0,,-7
11,1,220,10,-19,-21,0,,-9
11,1,230,40,23,23,0,,1
11,1,250,30,30,28,0,,2
11,1,80,20,31,13,0,,-3
11,1,70,10,16,-5,0,,0
11,1,990,10,15,13,0,,1
11,1,240,80,15,9,19,,-3
11,1,220,90,9,6,0,,1
11,1,990,10,5,5,0,,-2
11,1,260,10,2,2,0,,4
11,1,210,30,21,18,0,,-5
11,1,220,40,15,15,0,,5
11,1,270,50,83,43,0,,-3
11,1,240,20,-6,-14,0,,19
11,1,300,10,39,33,0,,2
11,1,280,20,66,62,0,,-2
11,1,240,50,80,69,0,,0
11,1,230,40,94,81,0,,-7
11,1,210,20,89,76,0,,-3
11,1,200,20,38,31,0,,12
11,1,270,40,128,119,1,,-18
11,1,280,10,51,42,0,,-6
11,1,200,50,63,29,0,,1
11,1,280,60,91,52,-1,,-2
11,1,210,50,81,61,0,,2
11,1,230,40,118,102,0,,2
11,1,210,50,121,100,0,,2
11,1,190,50,134,97,0,,4
11,1,190,40,132,124,2,8.0,-10
11,1,190,60,105,71,0,4.0,3
11,1,160,10,40,32,0,8.0,5
11,1,190,60,48,36,0,0.0,-1
11,1,200,30,92,85,33,8.0,1
11,1,200,50,40,30,0,0.0,1
11,1,190,70,79,70,1,8.0,2
11,1,180,50,83,71,0,0.0,-1
11,1,140,50,141,109,-1,8.0,-1
11,1,190,50,109,71,0,8.0,-7
11,1,140,20,60,50,0,0.0,1
11,1,160,40,107,75,0,0.0,-15
11,1,200,40,99,90,0,8.0,-6
11,1,170,20,39,35,0,1.0,8
11,1,230,20,97,81,0,8.0,2
11,1,240,30,112,101,0,8.0,-1
11,1,270,20,130,129,1,8.0,-1
11,1,300,20,86,83,0,8.0,-15
11,1,0,0,79,72,0,8.0,-1
11,1,290,30,82,65,0,0.0,2
11,1,230,50,75,64,0,8.0,2
11,1,240,30,70,68,0,1.0,9
11,1,310,50,48,35,20,8.0,2
11,1,230,50,56,42,0,8.0,-2
11,1,270,70,110,91,0,8.0,3
11,1,280,30,33,19,-1,1.0,3
11,1,250,50,49,35,0,8.0,2
11,1,30,40,30,21,0,8.0,0
11,1,360,40,20,-5,0,8.0,-19
11,1,280,10,0,-9,0,7.0,3
11,1,220,30,-2,-6,0,1.0,-3
11,1,150,10,-11,-17,0,0.0,-8
11,1,120,40,28,0,0,7.0,-2
11,1,130,30,50,36,-1,8.0,4
11,1,130,40,78,24,0,8.0,0
11,1,160,30,53,51,0,0.0,-7
11,1,210,20,55,52,0,5.0,0
11,1,280,10,0,-5,0,2.0,-6
11,1,230,60,61,53,-1,8.0,4
11,1,300,30,37,25,4,8.0,3
11,1,250,30,35,27,-1,8.0,0
11,1,180,20,55,51,0,8.0,0
11,1,200,50,45,2,0,8.0,3
11,1,220,30,20,18,0,0.0,2
11,1,50,40,54,47,0,8.0,-2
11,1,140,30,72,67,0,4.0,-7
11,1,50,30,82,74,0,8.0,-1
11,1,0,0,56,55,0,9.0,-9
11,1,50,40,77,76,0,8.0,-4
11,1,200,10,90,90,0,7.0,1
11,1,140,10,69,67,0,0.0,-9
11,1,200,30,86,82,0,5.0,-5
11,1,180,80,114,75,0,8.0,-1
11,1,200,100,116,76,0,5.0,6
11,1,210,120,157,103,-1,8.0,-3
11,1,200,50,71,52,0,0.0,-5
11,1,230,30,67,61,0,7.0,2
11,1,200,50,75,45,0,8.0,-2
11,1,240,40,103,95,1,8.0,0
11,1,280,40,112,103,1,8.0,-1
11,1,230,20,5,2,0,7.0,6
11,1,190,40,57,11,0,8.0,2
11,1,240,30,48,45,0,8.0,10
11,1,240,60,87,81,-1,8.0,1
11,1,270,70,93,60,0,8.0,0
11,1,300,30,11,0,3,8.0,-1
11,1,280,40,8,2,1,7.0,-2
11,1,230,30,17,14,-1,8.0,3
11,1,240,30,-14,-20,0,7.0,-8
11,1,260,10,-25,-26,0,3.0,16
11,1,210,60,48,45,0,8.0,0
11,1,190,50,31,22,0,8.0,0
11,1,180,20,27,10,0,8.0,-3
11,1,50,30,-19,-25,0,7.0,21
11,1,200,20,114,110,0,8.0,0
11,1,230,30,118,106,-1,7.0,-3
11,1,170,20,43,40,0,0.0,-3
11,1,210,30,80,71,-1,4.0,-5
11,1,180,40,72,63,6,8.0,5
11,1,210,40,81,76,-1,8.0,-8
11,1,180,70,88,56,-1,8.0,-8
11,1,150,30,24,22,0,1.0,2
11,1,360,40,51,48,0,8.0,0
11,1,320,20,63,52,0,8.0,-1
11,1,230,30,54,47,0,7.0,-3
11,1,140,30,24,15,0,4.0,-1
11,1,190,50,113,90,0,8.0,3
11,1,160,70,143,94,0,8.0,-1
11,1,220,40,95,77,0,2.0,4
11,1,170,20,74,69,0,8.0,-2
11,1,200,30,102,73,0,8.0,3
11,1,210,60,91,77,0,0.0,-3
11,1,210,60,110,82,0,0.0,-3
11,1,160,40,90,66,0,0.0,20
11,1,190,20,119,113,0,8.0,-2
11,1,180,50,145,89,-1,8.0,-1
11,1,220,90,95,50,0,8.0,-7
11,1,250,80,110,70,-1,8.0,-11
11,1,200,60,127,83,0,8.0,2
11,1,230,80,89,61,0,7.0,-4
11,1,180,40,59,52,0,0.0,7
11,1,220,50,66,54,-1,7.0,5
11,1,200,80,104,64,0,8.0,-5
11,1,190,40,74,46,0,8.0,-8
11,1,10,20,84,81,0,9.0,-2
11,1,200,20,89,82,0,8.0,3
11,1,210,80,122,98,0,8.0,1
11,1,240,70,146,140,3,8.0,3
11,1,230,100,147,109,0,8.0,-2
11,1,230,80,141,124,1,8.0,-8
11,1,50,10,50,46,0,6.0,-10
11,1,90,20,24,18,0,8.0,3
11,1,110,30,50,37,3,8.0,2
11,1,20,50,56,52,6,8.0,-3
11,1,230,50,47,35,-1,7.0,-2
11,1,230,90,100,59,0,8.0,1
11,1,230,90,138,128,5,8.0,-1
11,1,190,40,126,122,-1,8.0,6
11,1,240,40,80,56,0,7.0,-14
11,1,0,0,2,-2,0,5.0,-1
11,1,160,20,26,24,0,9.0,0
11,1,90,20,49,28,0,7.0,-1
11,1,170,20,59,46,0,8.0,2
11,1,180,20,75,60,0,8.0,-3
11,1,50,20,11,5,0,0.0,-4
11,1,60,60,45,18,0,8.0,0
11,1,320,30,41,31,0,8.0,2
11,1,240,30,41,33,-1,8.0,-3
11,1,250,30,19,12,2,8.0,0
11,1,320,10,4,1,0,8.0,-11
11,1,160,30,1,-11,-1,8.0,-1
11,1,120,20,-23,-32,0,0.0,-4
11,1,40,40,-23,-44,0,8.0,-3
11,1,50,30,-17,-23,1,8.0,3
11,1,140,30,102,95,0,0.0,-2
11,1,230,20,118,114,3,8.0,-12
11,1,130,30,117,102,0,4.0,4
11,1,110,50,135,96,-1,8.0,-4
11,1,90,40,134,112,4,8.0,5
11,1,0,0,95,91,0,8.0,-2
11,1,30,50,104,85,0,8.0,-5
11,1,60,40,91,74,0,8.0,-3
11,1,110,30,91,76,0,8.0,-5
11,1,120,20,68,59,0,0.0,-2
11,1,110,50,71,49,0,8.0,3
11,1,120,20,41,18,0,0.0,-2
11,1,110,30,55,47,0,4.0,2
11,1,90,20,33,30,0,8.0,-8
11,1,60,20,-2,-15,0,0.0,13
11,1,80,20,-11,-24,0,0.0,15
11,1,150,20,-9,-19,0,0.0,-2
11,1,180,20,88,76,0,8.0,-3
11,1,140,20,48,45,0,8.0,1
11,1,170,10,0,-1,0,8.0,-3
11,1,60,10,6,5,0,9.0,0
11,1,20,10,-12,-14,0,4.0,1
11,1,160,10,46,43,0,8.0,0
11,1,220,40,78,77,0,9.0,-3
11,1,220,40,56,51,0,8.0,-12
11,1,230,40,45,37,0,0.0,0
11,1,210,80,88,59,0,4.0,7
11,1,240,30,17,9,0,0.0,-2
11,1,170,50,42,31,0,8.0,4
11,1,240,40,81,67,0,4.0,-6
11,1,150,40,61,34,0,0.0,-3
11,1,210,70,66,46,-1,8.0,-3
11,1,180,40,48,40,0,7.0,-3
11,1,190,30,40,31,0,1.0,-8
11,1,210,60,73,46,0,7.0,1
11,1,250,30,23,19,0,1.0,-3
11,1,240,50,83,80,3,8.0,3
11,1,230,50,96,70,0,8.0,0
11,1,220,40,89,82,0,8.0,-2
11,1,170,30,84,72,1,8.0,8
11,1,250,50,90,78,0,8.0,-3
11,1,210,40,69,58,0,8.0,-9
11,1,180,40,72,48,0,8.0,1
11,1,120,10,83,76,0,8.0,2
11,1,140,30,14,10,0,1.0,11
11,1,200,10,41,17,0,8.0,-1
11,1,150,20,10,6,0,0.0,5
11,1,200,20,83,80,-1,8.0,0
11,1,0,0,-6,-6,0,9.0,4
11,1,170,30,81,78,0,7.0,-5
11,1,140,40,37,32,0,8.0,-6
11,1,220,50,75,55,0,1.0,-8
11,1,180,50,58,40,0,8.0,2
11,1,50,10,70,67,0,8.0,-1
11,1,140,40,100,87,-1,8.0,13
11,1,190,30,60,42,0,1.0,-4
11,1,190,30,87,52,0,8.0,-5
11,1,270,10,37,34,0,8.0,-3
11,1,340,30,47,43,0,7.0,2
11,1,280,20,7,3,0,8.0,9
11,1,200,60,110,78,-1,8.0,-2
11,1,140,40,87,81,22,8.0,0
11,1,210,60,97,78,0,0.0,1
11,1,160,50,79,62,6,8.0,0
11,1,240,40,69,61,1,7.0,-11
11,1,230,60,72,58,3,4.0,5
11,1,230,100,143,114,0,8.0,-1
11,1,230,20,95,91,-1,8.0,-4
11,1,240,80,91,73,1,8.0,0
11,1,220,20,46,42,-1,5.0,2
11,1,220,20,6,1,0,0.0,-3
11,1,190,40,71,22,0,8.0,1
11,1,300,20,52,49,0,2.0,-14
11,1,180,30,42,32,0,8.0,-4
11,1,330,30,67,57,0,8.0,-2
11,1,0,0,7,5,0,8.0,-1
11,1,170,20,28,24,0,8.0,2
11,1,130,10,32,24,0,8.0,1
11,1,180,30,35,17,0,8.0,1
11,1,310,10,11,3,0,0.0,-7
11,1,140,40,31,17,-1,8.0,0
11,1,40,60,24,5,-1,7.0,-2
11,1,20,40,45,22,0,8.0,-3
11,1,320,10,-13,-16,0,5.0,13
11,1,340,30,45,23,0,8.0,-2
11,1,0,0,16,11,0,8.0,4
11,1,220,10,14,11,0,3.0,-8
11,1,240,30,60,54,0,8.0,0
11,1,270,10,64,53,0,8.0,-4
11,1,250,40,42,30,2,8.0,0
11,1,150,20,105,93,0,0.0,1
11,1,180,20,132,119,0,8.0,6
11,1,220,40,116,105,48,8.0,-1
11,1,190,40,95,86,3,8.0,-2
11,1,200,10,58,55,0,8.0,5
11,1,130,10,49,45,0,8.0,-2
11,1,140,40,44,29,0,3.0,-2
11,1,190,60,93,65,0,0.0,-1
11,1,130,40,78,60,0,4.0,-5
11,1,180,30,92,85,6,8.0,1
11,1,130,20,55,45,0,0.0,3
11,1,120,20,101,73,0,8.0,-4
11,1,180,10,48,46,0,8.0,11
11,1,120,20,72,60,0,7.0,9
11,1,130,10,101,98,0,8.0,1
11,1,0,0,70,68,0,8.0,-2
11,1,130,30,85,74,0,8.0,0
11,1,60,30,77,71,0,8.0,0
11,1,30,20,79,67,0,8.0,-1
11,1,50,10,33,33,0,4.0,-8
11,1,70,30,41,31,0,0.0,-6
11,1,120,20,49,32,0,5.0,-4
11,1,150,30,93,82,0,8.0,-1
11,1,310,30,95,89,2,8.0,-4
11,1,0,0,-10,-12,0,2.0,-3
11,1,90,40,44,19,0,7.0,0
11,1,130,30,71,51,0,8.0,1
11,1,100,30,64,52,0,8.0,-8
11,1,80,40,33,16,0,1.0,-3
11,1,90,30,34,18,0,8.0,0
11,1,160,10,50,47,0,0.0,0
11,1,30,10,38,36,0,9.0,-7
11,1,120,20,37,34,0,0.0,-6
11,1,110,10,102,63,0,2.0,-20
11,1,170,30,109,98,0,4.0,-12
11,1,180,50,140,130,3,8.0,-1
11,1,230,60,174,160,-1,8.0,-1
11,1,260,40,136,119,0,8.0,-10
11,1,230,60,163,143,1,8.0,-6
11,1,230,80,138,83,0,8.0,-2
11,1,220,50,122,107,5,8.0,-2
11,1,210,50,125,93,0,8.0,-1
11,1,190,40,134,104,0,8.0,0
11,1,220,60,64,31,0,1.0,1
11,1,230,100,116,105,0,8.0,0
11,1,220,60,131,90,0,8.0,0
11,1,200,50,122,109,1,7.0,-1
11,1,250,140,142,81,-1,8.0,3
11,1,240,90,136,90,0,8.0,0
11,1,230,50,85,79,0,8.0,2
11,1,230,60,50,37,-1,7.0,-8
11,1,280,20,10,-1,0,0.0,-5
11,1,300,20,8,-6,0,6.0,-6
11,1,200,40,9,-10,0,8.0,1
11,1,210,50,53,49,2,8.0,4
11,1,290,20,25,21,0,,-1
11,1,200,20,6,3,0,0.0,3
11,1,200,70,46,33,-1,8.0,1
11,1,220,80,72,61,20,8.0,6
11,1,270,70,95,44,0,8.0,-6
11,1,220,10,51,48,0,8.0,-6
11,1,270,20,51,47,0,2.0,4
11,1,230,30,41,38,0,6.0,6
11,1,190,30,59,53,0,8.0,-1
11,1,200,40,63,54,1,8.0,0
11,1,230,40,41,33,0,2.0,10
11,1,200,20,54,41,0,8.0,0
11,1,350,20,36,22,0,8.0,-1
11,1,160,30,8,3,0,5.0,-11
11,1,250,10,32,29,0,8.0,2
11,1,350,50,50,47,1,8.0,-5
11,1,140,10,-38,-39,0,8.0,16
11,1,140,30,38,15,-1,8.0,-1
11,1,990,10,13,11,0,0.0,-14
11,1,200,60,62,59,1,8.0,3
11,1,200,30,122,119,2,8.0,1
11,1,230,20,93,88,-1,8.0,-4
11,1,200,20,73,69,16,8.0,-2
11,1,170,40,38,19,0,0.0,6
11,1,150,40,58,26,0,8.0,3
11,1,140,30,107,99,0,8.0,0
11,1,160,60,123,84,0,8.0,0
11,1,0,0,51,48,0,7.0,2
11,1,40,50,84,74,0,8.0,3
11,1,50,50,42,19,0,0.0,-3
11,1,30,30,22,2,0,8.0,3
11,1,210,20,8,6,0,8.0,9
11,1,50,40,25,12,0,0.0,-7
11,1,70,20,-15,-40,0,0.0,-5
11,1,210,10,-61,-70,0,2.0,-4
11,1,220,50,105,81,0,8.0,0
11,1,210,30,71,39,0,0.0,-12
11,1,230,10,92,89,0,8.0,-7
11,1,160,10,61,55,0,8.0,-6
11,1,240,20,95,93,0,8.0,8
11,1,250,20,23,19,0,3.0,9
11,1,0,0,-13,-17,0,0.0,-2
11,1,40,10,39,33,0,8.0,3
11,1,300,10,65,56,0,8.0,0
11,1,220,60,85,80,0,8.0,1
11,1,210,40,38,26,0,3.0,19
11,1,200,10,41,35,0,8.0,-5
11,1,290,30,45,34,0,7.0,4
11,1,230,20,3,-2,0,2.0,-2
11,1,210,40,78,71,0,8.0,1
11,1,190,30,89,85,0,8.0,-1
11,1,320,10,82,78,0,8.0,-2
11,1,220,30,9,3,0,7.0,19
11,1,230,20,42,34,0,7.0,14
11,1,230,40,39,24,0,8.0,-3
11,1,230,40,112,107,-1,8.0,-1
11,1,200,60,106,76,0,8.0,1
11,1,180,60,119,33,0,6.0,2
11,1,170,30,76,62,0,8.0,11
11,1,60,20,48,31,7,8.0,-1
11,1,220,60,28,14,0,7.0,0
11,1,200,50,38,23,2,8.0,-8
11,1,230,50,54,41,0,8.0,1
11,1,200,20,2,-2,0,0.0,-9
11,1,290,30,27,21,0,7.0,-6
11,1,130,30,97,49,0,8.0,-3
11,1,210,60,102,87,0,7.0,-3
11,1,200,20,11,9,0,8.0,-3
11,1,130,20,13,4,0,1.0,-6
11,1,70,20,72,64,0,8.0,0
11,1,140,20,73,69,0,8.0,7
11,1,170,30,112,71,0,8.0,-9
11,1,190,50,107,80,0,2.0,-7
11,1,90,20,79,53,0,8.0,3
11,1,140,30,100,84,0,8.0,8
11,1,170,50,115,98,-1,6.0,2
11,1,150,30,103,95,0,8.0,-2
11,1,180,30,87,78,0,8.0,1
11,1,200,30,76,66,0,8.0,-9
11,1,140,30,47,41,0,8.0,-3
11,1,130,20,19,14,0,0.0,-3
11,1,70,30,50,15,0,0.0,-1
11,1,60,40,17,-19,0,0.0,-3
11,1,40,40,15,1,0,1.0,16
11,1,60,50,31,-12,0,2.0,1
11,1,90,30,24,-4,0,7.0,6
11,1,80,30,31,-1,0,8.0,-2
11,1,120,10,-12,-15,0,0.0,13
11,1,60,30,31,15,0,8.0,-4
11,1,70,10,29,22,-1,8.0,-1
11,1,60,40,44,36,0,8.0,2
11,1,50,20,34,15,0,8.0,0
11,1,130,40,25,10,0,8.0,4
11,1,190,50,105,83,-1,8.0,-6
11,1,190,40,110,76,0,8.0,1
11,1,140,30,25,2,0,8.0,-3
11,1,180,40,140,133,-1,8.0,5
11,1,170,50,105,81,1,8.0,-4
11,1,200,40,102,94,0,8.0,1
11,1,200,40,86,76,0,8.0,-2
11,1,220,20,82,75,-1,8.0,2
11,1,170,20,70,68,0,8.0,4
11,1,170,30,39,28,0,0.0,-11
11,1,190,30,42,36,0,8.0,4
11,1,150,10,-3,-6,0,0.0,0
11,1,160,30,15,8,0,8.0,0
11,1,200,50,43,29,0,3.0,0
11,1,200,50,50,27,-1,8.0,0
11,1,150,30,44,34,0,8.0,-4
11,1,40,40,28,19,0,8.0,2
11,1,120,10,25,12,0,8.0,-13
11,1,160,10,48,25,0,8.0,1
11,1,340,40,43,34,8,8.0,-1
11,1,250,40,42,23,0,4.0,-8
11,1,180,10,-16,-18,0,0.0,-4
11,1,70,30,8,1,0,2.0,-4
11,1,140,20,39,29,0,8.0,5
11,1,90,40,52,28,-1,8.0,-3
11,1,80,10,35,32,0,8.0,-2
11,1,140,20,64,63,0,8.0,1
11,1,150,30,77,57,0,8.0,-1
11,1,130,30,107,87,0,8.0,-2
11,1,220,90,103,81,0,8.0,0
11,1,330,30,76,48,0,8.0,-7
11,1,230,20,-8,-11,0,4.0,2
11,1,200,30,107,84,0,8.0,6
11,1,200,80,174,169,6,8.0,0
11,1,230,60,96,69,0,0.0,-9
11,1,210,30,49,42,0,0.0,-1
11,1,180,10,-3,-6,0,0.0,0
11,1,0,0,15,13,0,8.0,7
11,1,120,20,46,7,0,0.0,-1
11,1,140,10,56,52,0,8.0,1
11,1,140,20,109,105,0,8.0,-3
11,1,0,0,118,115,0,8.0,-3
11,1,170,10,118,115,0,8.0,-1
11,1,140,40,96,84,0,8.0,4
11,1,160,30,56,48,0,8.0,-4
11,1,200,20,109,106,0,8.0,2
11,1,190,50,140,97,0,8.0,3
11,1,220,80,101,66,0,8.0,-10
11,1,210,60,109,91,0,8.0,-6
11,1,190,40,115,90,0,8.0,1
11,1,260,60,109,73,-1,8.0,-2
11,1,280,10,37,31,1,7.0,-3
11,1,170,50,38,6,0,8.0,7
11,1,210,60,89,78,0,8.0,1
11,1,230,30,75,73,0,8.0,0
11,1,190,40,85,75,0,8.0,4
11,1,150,30,44,30,0,8.0,-6
11,1,190,20,70,55,0,7.0,6
11,1,120,10,62,51,0,8.0,-1
11,1,110,30,41,33,0,8.0,-1
11,1,80,30,40,33,0,8.0,0
11,1,0,0,-48,-58,0,0.0,-1
11,1,140,36,63,41,0,3.0,-3
11,1,200,67,123,112,7,8.0,3
11,1,200,77,125,86,0,7.0,-2
11,1,220,67,68,57,0,2.0,-2
11,1,260,57,77,68,10,8.0,0
11,1,260,26,44,24,0,1.0,-1
11,1,220,103,87,67,0,8.0,-15
11,1,240,93,119,93,1,8.0,-2
11,1,250,46,71,54,0,4.0,-2
11,1,240,26,40,34,1,4.0,-2
11,1,200,87,63,38,0,8.0,3
11,1,230,26,41,35,0,3.0,-6
11,1,230,82,99,77,10,8.0,-3
11,1,210,51,48,22,0,2.0,-2
11,1,230,26,48,41,0,7.0,-2
11,1,230,5,-6,-9,0,0.0,-3
11,1,990,5,14,11,0,9.0,-2
11,1,150,41,44,23,0,7.0,-2
11,1,90,15,59,53,0,7.0,3
11,1,40,46,26,14,0,8.0,-1
11,1,20,26,12,0,0,0.0,-7
11,1,210,41,-4,-10,0,8.0,2
11,1,220,36,48,36,-1,8.0,0
11,1,0,0,32,22,0,5.0,-11
11,1,990,10,-14,-17,0,0.0,5
11,1,140,21,0,-8,0,2.0,0
11,1,990,5,38,26,0,7.0,4
11,1,170,10,17,14,0,0.0,5
11,1,160,5,27,24,0,1.0,-3
11,1,120,31,19,13,0,0.0,-5
11,1,200,31,33,33,0,8.0,2
11,1,200,41,62,42,0,8.0,-7
11,1,250,72,94,61,0,6.0,-2
11,1,210,41,58,48,0,2.0,3
11,1,220,67,90,73,0,7.0,7
11,1,240,41,111,100,0,8.0,-3
11,1,210,41,87,75,0,7.0,-8
11,1,340,36,100,95,1,8.0,-5
11,1,120,10,21,15,0,1.0,5
11,1,200,82,112,82,-1,8.0,-8
11,1,210,41,63,46,0,6.0,-1
11,1,240,57,59,31,-1,3.0,-6
11,1,230,62,35,12,0,4.0,5
11,1,250,26,23,8,0,4.0,6
11,1,110,51,40,5,-1,8.0,-3
11,1,210,51,79,68,0,7.0,0
11,1,150,31,70,53,-1,8.0,0
11,1,270,41,55,38,8,7.0,1
11,1,250,46,92,70,0,8.0,-2
11,1,240,57,46,23,0,4.0,-3
11,1,230,51,25,13,0,1.0,-2
11,1,250,67,120,114,7,8.0,3
11,1,260,67,128,110,-1,8.0,-1
11,1,210,57,97,73,0,7.0,2
11,1,160,57,109,68,-1,8.0,6
11,1,200,118,128,107,11,8.0,13
11,1,240,51,60,38,0,1.0,-4
11,1,210,93,95,86,3,8.0,16
11,1,160,10,18,11,0,2.0,2
11,1,190,31,111,106,0,8.0,4
11,1,50,21,30,30,0,8.0,4
11,1,90,26,30,17,0,8.0,0
11,1,70,36,49,48,0,7.0,-3
11,1,100,10,82,71,0,6.0,-7
11,1,60,26,51,51,0,0.0,-2
11,1,70,62,57,43,0,8.0,3
11,1,60,51,51,45,0,8.0,-2
11,1,20,10,57,57,1,8.0,1
11,1,260,15,56,52,0,7.0,-3
11,1,190,41,66,49,0,8.0,0
11,1,200,72,88,84,-1,8.0,-3
11,1,220,36,48,48,-1,7.0,-1
11,1,200,51,64,55,0,7.0,-3
11,1,150,57,59,52,1,8.0,-1
11,1,320,77,73,56,2,8.0,-2
11,1,30,15,41,3,0,7.0,-14
11,1,80,26,-25,-25,0,2.0,8
11,1,80,31,-23,-26,0,0.0,-1
11,1,80,36,-29,-32,0,0.0,-6
11,1,40,15,-25,-35,0,6.0,8
11,1,70,72,-31,-45,0,0.0,-5
11,1,30,10,-68,-71,0,6.0,7
11,1,100,5,-76,-76,0,0.0,1
11,1,170,21,-47,-54,0,0.0,-2
11,1,120,21,-28,-31,0,7.0,5
11,1,100,10,-44,-44,0,2.0,-1
11,1,20,21,-28,-28,0,0.0,-3
11,1,90,51,-37,-45,0,8.0,0
11,1,30,15,-35,-35,0,0.0,-2
11,1,120,31,-51,-61,0,0.0,3
11,1,240,98,116,93,1,5.0,0
11,1,220,26,28,28,0,0.0,4
11,1,100,31,63,53,0,6.0,1
11,1,130,41,117,84,0,2.0,2
11,1,90,46,111,87,0,5.0,1
11,1,200,26,121,112,0,7.0,4
11,1,340,5,111,108,-1,8.0,0
11,1,80,15,104,104,0,8.0,1
11,1,90,10,57,57,0,9.0,-3
11,1,110,31,97,94,-1,8.0,-1
11,1,0,0,96,96,0,8.0,-2
11,1,250,26,110,110,0,8.0,-3
11,1,150,26,94,94,3,8.0,-2
11,1,210,67,127,114,0,8.0,1
11,1,240,67,124,119,25,8.0,-1
11,1,250,62,106,92,7,6.0,-3
11,1,200,21,47,47,0,3.0,19
11,1,260,41,85,84,3,8.0,1
11,1,120,21,70,70,0,8.0,6
11,1,220,46,140,140,0,8.0,0
11,1,240,21,80,80,0,1.0,-7
11,1,50,15,62,62,0,5.0,7
11,1,210,15,83,83,0,7.0,11
11,1,240,57,98,98,0,6.0,4
11,1,260,21,42,42,0,1.0,8
11,1,220,26,85,85,1,8.0,2
11,1,330,10,106,106,0,8.0,0
11,1,0,0,93,93,0,8.0,0
11,1,0,0,19,19,0,2.0,1
11,1,90,41,48,48,0,8.0,0
11,1,270,26,85,85,2,8.0,3
11,1,300,21,47,44,0,1.0,4
11,1,260,41,90,78,0,8.0,3
11,1,310,15,8,-11,0,1.0,-3
11,1,330,5,-45,-49,0,0.0,0
11,1,220,10,-42,-46,0,3.0,-9
11,1,230,46,4,-21,0,5.0,-3
11,1,250,15,64,64,0,9.0,-1
11,1,220,21,102,102,0,8.0,-2
11,1,140,10,63,63,0,4.0,-20
11,1,100,31,93,82,-1,8.0,-1
11,1,100,31,74,49,0,3.0,-1
11,1,80,51,50,32,0,0.0,-7
11,1,230,31,110,110,-1,8.0,0
11,1,190,46,83,68,0,7.0,4
11,1,180,21,92,92,0,8.0,10
11,1,320,10,61,43,-1,7.0,-6
11,1,360,15,-4,-15,0,3.0,0
11,1,260,51,46,4,0,7.0,-5
11,1,280,10,42,29,0,4.0,-2
11,1,140,31,9,-1,0,0.0,-5
11,1,140,36,16,-31,0,5.0,4
11,1,220,31,88,88,-1,8.0,1
11,1,200,41,87,73,0,7.0,0
11,1,140,41,75,46,0,7.0,8
11,1,130,36,48,39,0,2.0,10
11,1,140,31,66,48,0,6.0,-1
11,1,150,10,62,62,0,7.0,-1
11,1,0,0,18,18,0,5.0,-5
11,1,60,31,46,46,0,8.0,-4
11,1,240,60,125,120,1,8.0,4
11,1,220,70,120,111,0,7.0,4
11,1,220,80,132,126,-1,8.0,6
11,1,200,70,137,128,-1,8.0,-1
11,1,220,80,117,98,0,7.0,1
11,1,200,80,83,49,0,6.0,6
11,1,230,100,104,76,0,2.0,-3
11,1,280,20,71,64,0,7.0,-3
11,1,220,40,55,49,0,4.0,6
11,1,180,20,55,54,0,8.0,8
11,1,200,40,54,31,0,4.0,-5
11,1,160,50,104,90,-1,8.0,-22
11,1,300,20,75,74,0,8.0,4
11,1,280,30,20,10,0,2.0,-2
11,1,20,10,-22,-25,0,0.0,3
11,1,10,20,23,8,0,7.0,4
11,1,230,10,-22,-26,0,1.0,14
11,1,160,30,12,-1,0,8.0,-1
11,1,280,30,45,39,1,8.0,-1
11,1,130,60,40,33,3,8.0,3
11,1,290,50,45,17,-1,7.0,-11
11,1,240,50,5,-1,0,0.0,-5
11,1,200,70,21,-5,0,8.0,1
11,1,200,40,-10,-14,0,1.0,-10
11,1,170,80,26,7,-1,8.0,-5
11,1,240,30,48,45,0,7.0,-1
11,1,310,20,10,1,0,6.0,-1
11,1,300,10,-15,-19,0,7.0,9
11,1,220,50,9,9,0,8.0,3
11,1,260,40,45,32,0,4.0,-1
11,1,50,30,9,5,0,0.0,-15
11,1,160,10,-2,-2,0,8.0,3
11,1,990,10,27,20,0,8.0,1
11,1,80,60,22,1,0,0.0,-5
11,1,140,30,63,60,1,8.0,2
11,1,140,40,105,96,0,8.0,-1
11,1,100,50,112,112,-1,8.0,1
11,1,140,30,77,66,0,3.0,11
11,1,180,70,100,81,9,8.0,-5
11,1,230,60,87,72,0,8.0,-8
11,1,190,60,80,55,0,2.0,-6
11,1,60,10,48,48,0,6.0,-10
11,1,280,20,59,59,0,8.0,-5
11,1,140,10,27,27,0,7.0,10
11,1,200,60,75,55,0,8.0,2
11,1,200,10,102,102,0,8.0,-1
11,1,110,30,55,46,0,6.0,14
11,1,120,50,30,12,0,0.0,-1
11,1,120,50,35,15,0,7.0,-3
11,1,120,60,16,-47,0,8.0,0
11,1,140,40,59,52,0,4.0,10
11,1,130,10,7,7,0,1.0,-7
11,1,130,10,49,49,0,8.0,2
11,1,150,30,25,25,-1,8.0,2
11,1,100,40,13,7,0,3.0,-2
11,1,100,30,31,22,0,7.0,0
11,1,110,50,48,30,-1,8.0,-4
11,1,140,30,44,43,3,8.0,1
11,1,170,40,82,78,0,7.0,1
11,1,190,40,90,73,0,8.0,-4
11,1,70,50,80,80,68,,1
11,1,230,30,50,43,0,,-4
11,1,180,30,70,67,0,,3
11,1,220,60,70,47,0,,-4
11,1,240,50,36,31,1,,0
11,1,230,100,88,75,-1,,-3
11,1,150,10,8,8,0,2.0,-8
11,1,150,30,27,26,0,7.0,2
11,1,200,50,110,109,7,8.0,-3
11,1,220,30,78,75,0,7.0,20
11,1,260,30,60,44,0,7.0,-1
11,1,170,10,17,17,0,7.0,1
11,1,170,40,53,46,-1,8.0,3
11,1,200,30,59,56,4,8.0,0
11,1,990,10,51,50,0,8.0,-3
11,1,260,20,50,50,0,7.0,1
11,1,290,20,20,12,0,7.0,3
11,1,250,20,-10,-13,0,5.0,2
11,1,240,20,8,7,0,7.0,-3
11,1,10,10,-47,-50,0,0.0,-10
11,1,110,10,-58,-61,0,0.0,-1
11,1,120,20,-42,-69,0,1.0,-8
11,1,120,20,-73,-83,0,0.0,-1
11,1,230,10,-69,-73,0,0.0,-8
11,1,180,30,-8,-32,0,8.0,-4
11,1,230,10,-8,-13,0,8.0,4
11,1,250,40,59,59,-1,7.0,-19
11,1,210,20,42,42,0,,-2
11,1,150,40,28,28,0,,-3
11,1,40,40,14,7,0,,2
11,1,180,40,91,78,0,,-1
11,1,250,40,147,141,0,,-5
11,1,210,30,31,31,0,,9
11,1,990,10,79,65,0,,-8
11,1,180,30,51,45,0,,-1
11,1,200,90,96,68,0,,-2
11,1,240,70,78,77,9,,3
11,1,220,30,38,37,0,,14
11,1,340,20,98,98,7,,0
11,1,330,30,77,73,0,,7
11,1,30,60,72,56,0,,-8
11,1,50,40,30,13,0,,-16
11,1,990,10,-13,-13,0,,-7
11,1,330,20,81,81,0,,0
11,1,990,10,-3,-6,0,,-19
11,1,120,10,-57,-58,0,,-5
11,1,220,50,18,18,0,,4
11,1,230,50,9,9,1,,5
11,1,300,30,16,16,0,,2
11,1,10,40,24,12,0,,-3
11,1,30,20,-35,-40,0,,-3
11,1,230,50,3,3,1,,2
11,1,250,30,61,61,0,,-25
11,1,200,30,66,64,0,,-1
11,1,220,50,79,73,0,,1
11,1,210,50,97,95,0,,1
11,1,200,50,47,25,0,,10
11,1,180,40,67,63,0,,0
11,1,210,60,79,41,0,,0
11,1,210,30,75,59,0,,0
11,1,190,50,84,65,0,,-3
11,1,200,60,61,41,0,,-5
11,1,190,70,80,51,0,,-1
11,1,210,50,73,56,0,,-13
11,1,200,40,50,41,0,,-3
11,1,120,80,81,30,0,,-1
11,1,120,40,83,60,0,,0
11,1,200,60,85,68,0,,-1
11,1,200,60,75,59,0,,2
11,1,210,80,72,41,0,,-5
11,1,200,60,63,35,0,,1
11,1,170,60,76,24,0,,-2
11,1,220,50,89,84,0,,-2
11,1,190,30,68,59,0,,1
11,1,170,30,57,44,0,,-10
11,1,190,50,52,40,0,,0
11,1,210,40,60,53,0,,-18
11,1,220,60,45,36,5,,-7
11,1,200,90,83,57,0,,-2
11,1,170,40,75,56,0,,-3
11,1,140,40,41,21,0,,-4
11,1,190,70,79,65,0,,7
11,1,170,40,57,44,0,,-1
11,1,220,60,87,79,0,,-5
11,1,180,40,47,32,0,,0
11,1,170,40,59,52,26,,7
11,1,210,50,56,41,0,,-2
11,1,150,50,74,57,2,,-1
11,1,150,40,104,84,0,,-4
11,1,200,40,111,91,0,,0
11,1,250,40,69,56,0,,-7
11,1,230,30,42,42,0,,6
11,1,230,20,75,75,0,,3
11,1,220,20,90,83,0,,-1
11,1,240,40,98,79,0,,2
11,1,220,60,70,48,0,,2
11,1,240,50,75,68,0,,-3
11,1,240,50,83,73,11,,-5
11,1,330,10,32,25,0,,1
11,1,310,20,-32,-32,0,,1
11,1,220,30,-9,-22,0,,15
11,1,220,30,65,65,0,,1
11,1,20,40,77,69,0,,-9
11,1,310,20,29,18,0,,-10
11,1,330,10,-33,-34,0,,5
11,1,240,20,11,11,0,,4
11,1,260,10,61,61,0,,0
11,1,20,10,47,47,0,,-1
11,1,70,20,60,60,0,,1
11,1,240,10,65,65,0,,1
11,1,230,50,74,61,0,,-6
11,1,230,100,73,63,8,,3
11,1,290,40,32,2,0,,-8
11,1,260,30,47,41,5,,-1
11,1,230,20,90,90,-1,,2
11,1,340,40,87,85,5,,-8
11,1,300,10,-12,-12,0,,-12
11,1,240,40,59,53,0,,-3
11,1,200,40,47,39,0,,-1
11,1,220,30,106,106,2,,1
11,1,990,10,15,14,0,,1
11,1,240,60,134,128,-1,,0
11,1,110,60,118,115,19,,1
11,1,230,40,68,64,0,,0
11,1,30,10,82,78,0,,-1
11,1,150,20,32,31,0,,2
11,1,180,20,68,65,17,,0
11,1,260,40,53,35,0,,-2
11,1,290,50,109,104,35,,-3
11,1,240,20,13,10,0,,7
11,1,220,20,99,98,17,,4
11,1,210,50,92,81,0,,-4
11,1,200,40,91,85,0,,0
11,1,110,40,81,66,0,,-1
11,1,140,40,69,56,0,,-17
11,1,90,20,50,50,0,,-2
11,1,260,30,82,80,0,,4
11,1,200,30,75,70,0,,-6
11,1,10,20,67,65,0,,-1
11,1,70,30,26,22,0,,0
11,1,110,30,66,56,0,,4
11,1,170,20,81,71,0,,-4
11,1,150,30,40,34,0,,6
11,1,180,30,80,75,0,,-10
11,1,50,30,47,46,0,,6
11,1,270,30,67,62,0,,2
11,1,120,10,9,9,0,,-2
11,1,140,40,69,59,0,,-7
11,1,160,20,66,62,0,,3
11,1,250,20,67,66,1,,-20
11,1,240,40,84,81,1,,-1
11,1,230,40,65,56,0,,-2
11,1,200,60,117,94,0,,-2
11,1,240,40,86,69,0,,-25
11,1,180,20,59,57,0,,-21
11,1,80,20,28,20,0,,-5
11,1,90,40,52,36,0,,-12
11,1,70,60,55,33,0,,2
11,1,90,30,27,16,0,,-4
11,1,100,10,63,43,0,,13
11,1,70,50,24,20,0,,5
11,1,170,10,1,-7,0,,-5
11,1,220,30,77,73,-1,,18
11,1,180,30,60,52,0,,-6
11,1,200,70,78,55,0,,1
11,1,200,10,37,33,0,,-11
11,1,260,40,65,58,0,,-1
11,1,220,70,82,76,1,,2
11,1,230,60,121,112,0,,0
11,1,220,40,112,106,0,,-2
11,1,200,50,84,68,0,,2
11,1,170,30,97,83,0,,-4
11,1,200,30,131,95,0,,-3
11,1,110,20,98,83,-1,,5
11,1,280,20,69,65,0,,-1
11,1,170,40,66,63,0,,2
11,1,200,20,61,55,0,,-5
11,1,290,20,43,42,0,,-8
11,1,190,30,33,33,0,,-1
11,1,170,40,44,32,4,,-2
11,1,360,20,48,40,0,,-3
11,1,60,40,76,60,0,,1
11,1,70,10,87,82,4,,1
11,1,180,10,107,106,0,,-4
11,1,230,30,41,38,0,,-8
11,1,240,40,82,62,0,,-1
11,1,350,20,69,53,0,,-4
11,1,240,20,56,42,0,,-1
11,1,70,30,7,0,0,,-1
11,1,280,30,28,20,2,,0
11,1,70,30,43,38,0,,-1
11,1,240,20,-22,-24,0,,1
11,1,300,30,45,20,0,,-2
11,1,290,20,25,19,1,,-1
11,1,250,20,22,19,0,,-8
11,1,230,50,70,57,0,,0
11,1,240,60,97,82,0,,2
11,1,250,80,107,95,17,,1
11,1,340,50,6,3,22,,13
11,1,250,50,19,13,0,,-5
11,1,240,30,-20,-25,0,,12
11,1,230,60,71,68,0,,10
11,1,260,50,106,91,2,,0
11,1,0,0,-17,-19,0,,-3
11,1,140,20,-13,-14,0,,6
11,1,230,60,4,4,0,,5
11,1,250,30,75,72,-1,,2
11,1,230,50,78,73,0,,2
11,1,280,10,64,62,0,,2
11,1,0,0,61,60,0,,-2
11,1,220,40,150,138,1,,-4
11,1,160,30,70,58,0,,4
11,1,190,50,149,136,0,,-2
11,1,200,50,141,108,0,,-1
11,1,220,40,82,68,0,,-6
11,1,190,40,97,88,0,,5
11,1,200,50,113,69,0,,-6
11,1,160,20,70,66,0,,9
11,1,160,30,75,49,0,,-3
11,1,230,20,52,49,0,,-9
11,1,220,60,102,98,-1,,1
11,1,190,60,103,77,0,,2
11,1,180,10,70,68,0,,0
11,1,0,0,18,15,0,,-5
11,1,210,60,52,49,0,,-3
11,1,240,30,68,62,0,,4
11,1,280,20,38,29,2,,5
11,1,250,30,3,-2,0,,9
11,1,240,10,-10,-13,0,,-16
11,1,240,30,30,29,0,,0
11,1,250,40,33,31,0,,0
11,1,70,40,24,11,0,,-6
11,1,70,10,14,4,0,,-7
11,1,210,10,18,16,0,,6
11,1,250,100,11,2,20,,-9
11,1,220,110,10,9,0,,1
11,1,280,20,1,-1,0,,1
11,1,220,20,-6,-8,0,,1
11,1,220,40,23,18,0,,-2
11,1,230,40,4,2,0,,4
11,1,290,70,75,52,7,,-7
11,1,250,20,-11,-21,0,,-2
11,1,300,20,48,43,0,,-10
11,1,270,20,67,63,0,,-10
11,1,250,40,90,80,0,,-2
11,1,240,50,101,88,0,,-2
11,1,210,30,92,79,0,,-1
11,1,210,30,39,32,0,,9
11,1,280,30,121,113,13,,-9
11,1,260,20,28,21,0,,12
11,1,200,50,57,32,0,,2
11,1,270,50,81,53,-1,,-12
11,1,220,50,77,64,0,,4
11,1,230,40,114,103,0,,1
11,1,220,50,116,101,0,,1
11,1,170,30,110,91,0,,2
11,1,200,40,133,128,1,,-1
11,1,170,50,94,71,0,,0
11,1,180,10,39,30,0,,1
11,1,190,50,45,38,-1,,4
11,1,180,30,90,87,15,,-1
11,1,200,40,30,25,0,,6
11,1,190,60,75,70,1,,5
11,1,200,60,87,75,0,,1
11,1,150,50,136,110,0,,3
11,1,180,30,104,75,0,,-4
11,1,130,20,62,50,0,,-17
11,1,150,30,104,87,0,,-10
11,1,210,30,100,94,0,,-8
11,1,190,30,42,41,0,,4
11,1,200,20,99,84,0,8.0,-1
11,1,230,40,114,106,0,8.0,0
11,1,280,10,131,130,0,8.0,-1
11,1,310,10,75,71,0,4.0,-13
11,1,990,10,76,67,0,8.0,6
11,1,280,30,73,60,0,0.0,6
11,1,230,40,75,61,-1,8.0,2
11,1,260,30,75,66,0,0.0,-24
11,1,310,40,51,33,12,8.0,0
11,1,240,50,55,47,2,8.0,7
11,1,270,70,108,93,0,8.0,2
11,1,280,30,31,13,0,1.0,0
11,1,240,40,32,26,0,7.0,14
11,1,10,30,27,19,0,8.0,2
11,1,350,30,8,-13,0,3.0,-8
11,1,260,20,-3,-18,0,7.0,21
11,1,230,30,-8,-14,0,0.0,-4
11,1,150,10,-9,-21,0,0.0,-6
11,1,120,50,27,2,0,7.0,2
11,1,110,40,47,34,0,8.0,1
11,1,120,50,70,27,0,8.0,-1
11,1,130,20,46,41,0,0.0,5
11,1,230,30,59,54,0,2.0,-19
11,1,280,20,10,2,0,0.0,2
11,1,230,70,63,55,2,8.0,3
11,1,280,40,36,16,0,3.0,-2
11,1,270,20,40,23,0,7.0,0
11,1,200,30,56,51,0,8.0,-3
11,1,200,50,48,6,0,8.0,0
11,1,230,40,20,17,0,1.0,6
11,1,40,20,47,44,0,8.0,-3
11,1,90,20,56,56,0,7.0,-9
11,1,40,50,80,72,0,6.0,-3
11,1,90,10,42,42,0,9.0,2
11,1,60,50,73,72,0,8.0,-1
11,1,190,20,92,92,0,7.0,1
11,1,90,10,55,55,0,9.0,-3
11,1,200,20,89,86,-1,7.0,-13
11,1,170,60,108,69,0,8.0,1
11,1,200,90,110,73,0,6.0,7
11,1,210,120,153,105,-1,8.0,-4
11,1,210,60,68,53,0,0.0,-3
11,1,220,30,41,40,0,2.0,23
11,1,210,50,74,50,0,8.0,2
11,1,250,50,103,100,1,8.0,0
11,1,270,20,110,107,-1,8.0,-3
11,1,270,20,37,25,0,7.0,19
11,1,190,40,53,14,0,7.0,-1
11,1,250,20,57,53,0,8.0,4
11,1,240,50,88,84,1,8.0,2
11,1,250,40,72,68,-1,7.0,14
11,1,300,50,4,3,3,7.0,3
11,1,290,20,11,8,-1,1.0,2
11,1,250,30,15,12,11,8.0,2
11,1,280,30,7,4,0,7.0,4
11,1,290,10,-23,-27,0,0.0,-8
11,1,230,60,51,50,0,8.0,1
11,1,190,60,34,25,0,8.0,-5
11,1,180,20,26,22,-1,8.0,0
11,1,60,20,-18,-19,0,1.0,14
11,1,210,20,104,104,0,8.0,3
11,1,250,40,120,107,1,8.0,-12
11,1,200,20,34,33,0,0.0,-9
11,1,220,40,92,86,1,7.0,-31
11,1,190,50,71,62,2,8.0,0
11,1,220,30,73,70,0,8.0,5
11,1,170,60,89,57,-1,8.0,-5
11,1,180,20,24,21,0,0.0,0
11,1,360,30,52,49,0,8.0,-1
11,1,320,10,61,54,0,8.0,-1
11,1,240,40,60,50,0,8.0,-7
11,1,140,20,22,14,0,0.0,1
11,1,170,40,100,84,0,8.0,12
11,1,140,40,129,98,0,8.0,-4
11,1,230,60,97,72,0,2.0,-6
11,1,170,20,74,70,0,7.0,-4
11,1,200,40,101,72,0,7.0,-1
11,1,210,60,87,76,0,2.0,0
11,1,220,70,111,82,0,1.0,-10
11,1,180,30,93,66,0,0.0,2
11,1,180,20,87,85,0,7.0,13
11,1,170,60,138,95,-1,8.0,-3
11,1,210,100,95,51,0,8.0,-5
11,1,240,50,104,79,0,8.0,-1
11,1,210,80,125,85,0,8.0,0
11,1,220,100,92,61,-1,8.0,-9
11,1,200,40,55,48,0,2.0,5
11,1,220,80,67,47,0,7.0,0
11,1,200,80,98,70,-1,8.0,-1
11,1,170,30,65,44,0,7.0,-5
11,1,360,20,64,64,0,9.0,5
11,1,150,10,81,75,0,8.0,2
11,1,220,80,120,98,0,8.0,2
11,1,240,70,143,137,8,8.0,4
11,1,230,90,143,108,0,8.0,0
11,1,230,80,140,124,0,8.0,-46
11,1,350,10,43,42,0,6.0,22
11,1,80,30,1,-1,0,8.0,16
11,1,90,50,48,41,5,8.0,-1
11,1,20,30,51,49,5,8.0,-1
11,1,210,30,26,24,-1,3.0,19
11,1,230,90,94,58,0,7.0,-2
11,1,240,80,134,125,16,8.0,-8
11,1,170,30,113,111,-1,8.0,13
11,1,240,40,81,56,0,8.0,-19
11,1,250,10,-10,-11,0,9.0,1
11,1,60,20,22,22,0,9.0,1
11,1,80,20,41,33,-1,7.0,1
11,1,190,20,55,52,0,8.0,0
11,1,190,20,76,63,0,8.0,-2
11,1,40,10,9,9,0,0.0,-3
11,1,50,50,43,21,0,8.0,-2
11,1,310,10,38,28,-1,8.0,4
11,1,240,30,39,30,-1,8.0,-17
11,1,240,30,20,17,0,8.0,2
11,1,20,10,8,5,1,8.0,-1
11,1,140,30,-12,-19,0,5.0,6
11,1,100,20,-43,-44,0,0.0,-2
11,1,40,40,-31,-44,0,8.0,2
11,1,60,60,-9,-28,0,8.0,0
11,1,140,30,110,102,0,0.0,-4
11,1,250,20,116,113,3,8.0,-9
11,1,120,40,114,100,0,8.0,2
11,1,120,60,130,96,2,8.0,-9
11,1,100,30,127,109,-1,8.0,-4
11,1,270,10,87,84,0,8.0,-1
11,1,40,40,94,83,0,8.0,0
11,1,60,40,85,73,0,8.0,-11
11,1,70,20,56,53,0,0.0,0
11,1,90,20,52,48,0,0.0,3
11,1,100,40,63,49,0,8.0,5
11,1,120,30,40,21,0,0.0,-6
11,1,110,40,47,44,0,6.0,4
11,1,100,20,15,15,0,9.0,-5
11,1,60,30,-19,-19,0,4.0,5
11,1,80,40,-5,-8,0,0.0,-9
11,1,160,20,-2,-10,0,0.0,-9
11,1,190,20,86,81,0,8.0,0
11,1,70,30,15,15,0,9.0,19
11,1,0,0,-4,-4,0,6.0,-8
11,1,40,10,-3,-3,0,9.0,0
11,1,40,10,-21,-21,0,9.0,3
11,1,60,10,28,28,0,8.0,-7
11,1,220,30,76,76,0,9.0,-3
11,1,220,30,55,52,0,8.0,-1
11,1,230,40,51,47,0,6.0,-20
11,1,210,80,91,68,0,8.0,-2
11,1,230,30,8,3,0,0.0,11
11,1,190,60,41,37,0,8.0,0
11,1,250,40,85,74,0,1.0,-7
11,1,150,40,64,31,0,0.0,-1
11,1,210,70,67,42,-1,7.0,-3
11,1,210,50,52,40,0,7.0,-9
11,1,210,30,36,24,0,0.0,-1
11,1,220,60,80,49,0,8.0,-3
11,1,270,30,33,29,0,0.0,-16
11,1,250,50,87,82,4,8.0,6
11,1,240,60,94,66,0,8.0,1
11,1,230,40,87,77,0,8.0,1
11,1,170,30,84,65,-1,8.0,2
11,1,260,50,94,74,0,8.0,-2
11,1,220,40,69,56,0,8.0,0
11,1,190,40,68,45,0,7.0,1
11,1,80,20,77,67,0,8.0,1
11,1,120,20,22,15,0,0.0,-1
11,1,150,20,42,15,0,8.0,0
11,1,150,20,10,3,0,0.0,2
11,1,210,30,82,78,0,8.0,-1
11,1,80,10,-12,-12,0,9.0,2
11,1,170,30,80,73,0,8.0,1
11,1,140,30,33,28,0,0.0,2
11,1,240,70,92,56,0,8.0,-21
11,1,160,40,45,26,0,8.0,2
11,1,40,10,56,55,0,9.0,3
11,1,130,50,98,80,-1,8.0,10
11,1,180,30,60,40,0,2.0,-1
11,1,180,30,82,53,-1,8.0,-5
11,1,300,10,55,52,0,8.0,2
11,1,340,20,43,34,0,7.0,6
11,1,290,20,7,3,0,7.0,-8
11,1,200,50,107,80,0,8.0,-2
11,1,140,30,86,80,12,8.0,1
11,1,220,70,100,82,0,0.0,-3
11,1,170,50,80,58,1,8.0,-4
11,1,240,40,69,61,8,7.0,-2
11,1,240,60,80,56,0,5.0,-1
11,1,220,110,141,116,0,8.0,-1
11,1,250,20,95,91,-1,7.0,-12
11,1,240,90,93,74,-1,8.0,1
11,1,230,20,47,43,0,8.0,-12
11,1,260,20,20,16,0,0.0,-3
11,1,180,40,70,26,0,8.0,0
11,1,300,10,58,55,0,0.0,-13
11,1,200,30,42,35,0,8.0,-1
11,1,340,10,72,68,-1,8.0,-2
11,1,0,0,16,16,0,8.0,-11
11,1,190,10,32,29,0,8.0,2
11,1,140,20,42,37,0,6.0,-6
11,1,190,30,42,23,0,8.0,-5
11,1,300,10,23,16,0,0.0,-2
11,1,120,50,30,14,0,8.0,3
11,1,40,40,21,3,-1,8.0,-2
11,1,10,30,45,27,0,8.0,0
11,1,990,10,-4,-6,0,8.0,25
11,1,330,20,45,27,0,8.0,0
11,1,0,0,12,8,0,8.0,5
11,1,300,10,35,29,0,8.0,-16
11,1,250,30,66,59,0,8.0,1
11,1,250,10,67,48,0,8.0,-5
11,1,270,50,51,29,1,7.0,-8
11,1,150,20,125,99,0,6.0,-8
11,1,170,30,136,119,0,8.0,3
11,1,240,50,120,109,43,8.0,-5
11,1,220,50,95,82,2,8.0,-1
11,1,210,10,63,60,0,8.0,-4
11,1,160,10,21,21,0,1.0,17
11,1,150,30,41,27,0,0.0,0
11,1,190,60,90,63,0,0.0,0
11,1,140,40,81,58,0,2.0,-1
11,1,180,20,90,82,3,8.0,-1
11,1,130,30,56,46,0,0.0,2
11,1,110,40,90,72,0,8.0,-4
11,1,200,10,43,43,0,4.0,2
11,1,100,30,71,61,0,0.0,8
11,1,100,20,98,95,0,8.0,0
11,1,0,0,65,62,0,7.0,-4
11,1,120,30,85,75,0,8.0,0
11,1,40,20,74,69,0,8.0,0
11,1,20,10,78,67,0,8.0,0
11,1,40,10,34,31,0,0.0,-5
11,1,60,30,19,15,0,0.0,-4
11,1,110,30,40,26,0,7.0,-15
11,1,130,20,84,73,0,8.0,1
11,1,310,20,95,86,2,8.0,-4
11,1,0,0,-9,-9,0,0.0,2
11,1,80,40,31,19,0,1.0,1
11,1,120,30,65,46,0,8.0,1
11,1,110,50,64,47,0,8.0,-10
11,1,80,50,18,3,0,0.0,-3
11,1,100,30,31,19,0,8.0,0
11,1,190,10,54,51,0,0.0,-6
11,1,60,20,55,54,0,1.0,-2
11,1,100,10,30,28,0,0.0,1
11,1,70,20,78,53,0,1.0,-13
11,1,180,30,116,107,0,5.0,-12
11,1,180,40,137,130,7,8.0,3
11,1,240,50,170,162,3,8.0,0
11,1,240,30,129,117,0,1.0,-5
11,1,240,60,162,146,7,8.0,-5
11,1,240,90,138,86,0,8.0,-2
11,1,220,60,122,109,-1,8.0,-2
11,1,220,50,124,89,0,8.0,0
11,1,200,50,133,103,0,8.0,2
11,1,230,60,58,29,0,0.0,5
11,1,230,90,115,104,1,8.0,1
11,1,210,50,129,90,0,8.0,-2
11,1,210,60,121,109,3,7.0,3
11,1,250,120,135,87,-1,8.0,-5
11,1,240,90,132,87,0,,5
11,1,250,40,85,75,0,8.0,-1
11,1,230,50,46,32,-1,6.0,-9
11,1,300,20,18,5,0,3.0,-1
11,1,290,20,16,-2,0,2.0,-4
11,1,200,50,16,-8,0,8.0,2
11,1,210,50,51,46,5,8.0,3
11,1,280,20,33,23,0,,-4
11,1,210,20,-2,-6,0,0.0,7
11,1,200,70,46,33,-1,8.0,3
11,1,210,90,70,60,11,8.0,9
11,1,280,70,95,43,0,2.0,-3
11,1,120,10,52,49,0,8.0,5
11,1,260,20,48,41,0,2.0,25
11,1,240,30,39,38,0,6.0,-9
11,1,200,30,61,50,0,8.0,0
11,1,190,30,65,47,1,8.0,-3
11,1,240,50,40,32,0,0.0,-11
11,1,190,10,57,43,0,8.0,0
11,1,340,10,33,20,0,8.0,-3
11,1,180,20,7,0,0,0.0,-3
11,1,290,10,30,25,0,8.0,-5
11,1,30,40,44,34,-1,8.0,-10
11,1,100,10,-30,-34,0,1.0,9
11,1,130,20,31,7,0,8.0,0
11,1,20,10,-1,-3,0,2.0,-5
11,1,210,60,61,56,1,8.0,2
11,1,210,30,118,115,-1,8.0,1
11,1,230,50,90,82,21,8.0,-3
11,1,230,50,74,63,12,8.0,-6
11,1,190,50,45,17,0,1.0,-3
11,1,140,40,49,22,0,8.0,9
11,1,100,20,102,96,-1,8.0,3
11,1,160,60,124,80,0,8.0,-1
11,1,70,10,58,54,0,8.0,3
11,1,40,40,88,71,0,8.0,0
11,1,50,60,37,13,0,0.0,-4
11,1,20,20,1,-16,0,8.0,-15
11,1,220,20,18,9,0,8.0,2
11,1,50,40,18,3,0,0.0,-12
11,1,80,20,-50,-59,0,0.0,1
11,1,280,10,-54,-67,0,5.0,-16
11,1,220,50,104,88,0,8.0,1
11,1,220,30,63,43,0,6.0,-4
11,1,240,20,90,90,0,8.0,3
11,1,0,0,57,52,0,8.0,-5
11,1,250,20,103,98,-1,8.0,-3
11,1,240,20,19,17,0,3.0,21
11,1,0,0,-17,-21,0,1.0,2
11,1,990,10,43,40,0,8.0,1
11,1,990,10,69,66,0,8.0,0
11,1,230,60,86,84,0,8.0,1
11,1,230,50,49,32,0,7.0,7
11,1,230,30,24,21,0,8.0,3
11,1,280,30,45,36,-1,1.0,4
11,1,250,20,8,5,0,3.0,2
11,1,220,40,79,73,0,8.0,0
11,1,200,30,90,89,0,8.0,-1
11,1,290,10,83,80,-1,8.0,-7
11,1,230,40,34,21,0,8.0,7
11,1,280,10,49,30,0,6.0,3
11,1,240,40,46,28,0,8.0,-2
11,1,250,40,114,110,5,8.0,0
11,1,210,80,102,79,0,8.0,4
11,1,190,60,117,38,0,5.0,-6
11,1,180,20,75,63,0,8.0,13
11,1,80,10,42,38,7,8.0,6
11,1,230,60,26,15,-1,1.0,-2
11,1,230,60,39,28,-1,8.0,-1
11,1,230,50,50,41,0,8.0,2
11,1,220,30,-14,-17,0,0.0,-6
11,1,250,20,23,22,-1,8.0,-3
11,1,100,30,92,52,0,8.0,7
11,1,200,50,103,89,0,8.0,0
11,1,240,30,17,15,0,7.0,-3
11,1,100,20,-17,-19,0,2.0,19
11,1,50,30,60,57,0,8.0,-14
11,1,100,10,60,57,0,8.0,-1
11,1,170,30,109,80,0,7.0,-4
11,1,190,30,98,79,0,1.0,-3
11,1,70,30,49,41,0,8.0,24
11,1,140,40,106,84,0,8.0,4
11,1,170,40,119,101,0,8.0,0
11,1,160,20,102,95,0,8.0,0
11,1,190,40,88,79,0,8.0,1
11,1,220,20,56,52,0,8.0,4
11,1,120,30,38,35,0,8.0,-1
11,1,80,20,-14,-15,0,0.0,-3
11,1,70,30,7,0,0,0.0,-6
11,1,60,40,0,-22,0,0.0,-9
11,1,50,40,30,17,0,6.0,-13
11,1,60,80,31,-7,0,5.0,-6
11,1,80,50,21,2,0,8.0,-3
11,1,70,30,30,5,0,8.0,0
11,1,90,20,-13,-14,0,0.0,-11
11,1,50,30,5,2,0,8.0,-9
11,1,20,30,26,19,0,8.0,0
11,1,60,40,46,38,0,8.0,1
11,1,40,20,32,12,0,8.0,-1
11,1,120,30,16,-2,0,8.0,1
11,1,170,50,95,80,1,8.0,-1
11,1,190,50,107,76,0,8.0,0
11,1,130,20,17,-5,0,8.0,0
11,1,190,50,136,131,0,8.0,4
11,1,170,50,111,76,-1,8.0,-9
11,1,180,30,98,93,-1,8.0,3
11,1,220,40,86,77,0,7.0,-4
11,1,240,20,85,82,23,8.0,1
11,1,150,20,67,64,0,8.0,0
11,1,180,40,47,32,0,0.0,-10
11,1,210,20,16,13,0,0.0,18
11,1,170,10,3,1,0,7.0,-4
11,1,160,30,13,9,0,8.0,-1
11,1,200,40,48,35,-1,8.0,-1
11,1,200,60,50,25,-1,8.0,-2
11,1,130,30,41,31,0,6.0,4
11,1,40,30,33,16,0,8.0,-4
11,1,190,10,25,19,0,8.0,0
11,1,190,10,44,20,0,8.0,1
11,1,340,20,42,37,10,8.0,1
11,1,250,40,48,21,0,3.0,-9
11,1,170,20,-11,-15,0,0.0,-1
11,1,80,50,9,6,0,8.0,1
11,1,130,30,35,25,0,8.0,3
11,1,100,50,51,24,0,8.0,-6
11,1,80,30,25,22,0,8.0,4
11,1,130,10,69,69,0,9.0,-1
11,1,150,40,76,58,0,8.0,4
11,1,150,50,112,87,0,8.0,-5
11,1,220,110,104,81,6,8.0,1
11,1,320,20,71,42,0,8.0,-8
11,1,250,20,-6,-8,0,0.0,4
11,1,210,40,110,83,0,8.0,3
11,1,210,80,173,165,3,8.0,2
11,1,230,60,98,65,0,0.0,-13
11,1,230,40,50,37,0,0.0,-8
11,1,250,10,2,-1,0,0.0,8
11,1,100,10,59,53,0,8.0,1
11,1,110,20,42,6,0,0.0,1
11,1,120,10,44,39,0,4.0,8
11,1,160,10,100,98,0,8.0,-1
11,1,90,10,111,106,0,8.0,-5
11,1,240,20,122,119,0,8.0,-5
11,1,150,40,95,84,0,8.0,2
11,1,190,30,67,51,0,7.0,-5
11,1,200,20,112,107,0,8.0,1
11,1,190,50,138,95,0,8.0,3
11,1,220,70,101,60,0,8.0,-5
11,1,220,80,109,88,0,8.0,-1
11,1,200,40,113,90,0,8.0,1
11,1,250,60,107,81,-1,8.0,2
11,1,260,20,48,32,-1,8.0,-2
11,1,190,50,35,0,0,8.0,2
11,1,220,70,92,77,0,8.0,-1
11,1,250,20,62,58,0,8.0,1
11,1,190,40,78,67,0,7.0,7
11,1,150,30,42,27,0,8.0,-5
11,1,200,30,76,58,0,8.0,1
11,1,100,10,54,41,0,8.0,0
11,1,90,30,32,24,0,8.0,-5
11,1,70,40,40,32,0,8.0,-1
11,1,0,0,-49,-56,0,0.0,-2
