11,4,160,41,64,49,0,0,11
11,4,210,87,128,112,0,8,2
11,4,210,113,113,78,-1,7,-3
11,4,220,62,55,48,0,6,-2
11,4,240,82,68,65,-1,8,0
11,4,250,31,32,32,-1,7,3
11,4,230,113,75,74,20,8,1
11,4,230,98,103,103,2,8,2
11,4,250,51,58,52,0,3,2
11,4,230,46,35,35,0,7,1
11,4,210,113,63,41,0,7,1
11,4,200,36,28,28,0,1,5
11,4,230,93,77,53,0,8,-5
11,4,200,87,49,24,0,0,5
11,4,230,51,44,41,0,3,2
11,4,170,10,12,12,0,2,2
11,4,100,15,12,12,0,9,3
11,4,160,41,45,41,2,8,-3
11,4,150,31,67,64,-1,7,0
11,4,30,57,29,29,0,8,-1
11,4,30,77,11,11,0,8,-5
11,4,240,10,-18,-18,0,3,-5
11,4,210,36,32,13,0,7,-1
11,4,130,15,-7,-11,0,0,-8
11,4,170,31,5,4,0,7,1
11,4,160,36,-7,-10,0,1,10
11,4,990,15,47,22,0,7,-4
11,4,190,26,37,25,0,0,-7
11,4,990,5,19,19,0,1,7
11,4,990,15,8,7,0,0,-6
11,4,190,21,-2,-2,0,9,-8
11,4,210,62,19,7,0,5,2
11,4,230,77,77,53,0,7,0
11,4,210,41,51,42,0,7,7
11,4,220,87,95,73,0,8,-5
11,4,230,36,101,98,0,8,-4
11,4,210,62,61,57,0,3,-3
11,4,250,31,97,97,1,8,0
11,4,160,15,49,42,0,0,-27
11,4,230,77,100,89,-1,8,-6
11,4,200,51,67,53,4,8,-2
11,4,230,93,55,37,0,5,-1
11,4,230,67,35,19,0,7,-4
11,4,220,51,25,22,0,6,-7
11,4,80,36,35,34,0,8,4
11,4,230,72,78,67,0,8,-3
11,4,240,103,36,33,5,8,-6
11,4,230,67,28,19,0,7,-2
11,4,250,82,92,81,0,7,-1
11,4,250,51,36,29,0,1,1
11,4,220,57,55,46,0,7,0
11,4,240,62,121,121,3,8,4
11,4,220,67,119,110,0,8,-1
11,4,200,46,91,77,0,8,-1
11,4,200,93,105,76,9,8,-4
11,4,260,118,99,66,0,8,-12
11,4,230,62,49,43,0,1,0
11,4,250,62,114,88,-1,8,-11
11,4,140,26,44,28,-1,8,-1
11,4,200,46,118,113,0,8,-4
11,4,120,15,33,29,0,8,0
11,4,90,46,8,8,0,8,2
11,4,80,15,78,75,0,7,-5
11,4,140,21,75,75,0,0,-15
11,4,80,41,45,45,0,0,-8
11,4,50,31,34,30,0,8,4
11,4,40,36,43,43,0,8,0
11,4,300,26,52,52,3,8,0
11,4,210,26,50,50,0,8,1
11,4,190,62,70,40,0,7,1
11,4,220,82,80,71,-1,8,-5
11,4,220,46,42,42,0,4,-5
11,4,210,62,54,47,0,6,-2
11,4,200,98,79,71,6,8,10
11,4,310,72,58,54,1,8,3
11,4,50,31,23,0,0,7,1
11,4,70,31,-23,-28,0,1,7
11,4,80,46,-15,-32,0,0,-2
11,4,80,31,-31,-45,0,0,1
11,4,60,31,-30,-46,0,6,4
11,4,60,46,-58,-69,0,2,3
11,4,360,15,-47,-51,-1,8,-3
11,4,180,41,-31,-38,-1,8,1
11,4,90,36,-45,-59,0,0,2
11,4,170,10,-38,-39,0,5,3
11,4,990,10,-28,-28,0,0,-3
11,4,30,41,-28,-28,0,8,-1
11,4,60,36,-43,-44,0,8,-1
11,4,50,21,-47,-47,0,1,10
11,4,100,57,-57,-66,0,2,-2
11,4,230,93,106,79,0,6,1
11,4,190,15,49,47,0,0,-5
11,4,100,26,74,62,0,2,-1
11,4,130,31,100,81,0,1,-6
11,4,90,36,109,83,0,4,4
11,4,210,46,123,106,0,7,-2
11,4,50,5,104,98,2,8,1
11,4,210,15,93,93,0,8,3
11,4,130,26,44,40,0,0,3
11,4,200,36,101,98,17,8,1
11,4,240,10,79,79,0,7,-9
11,4,200,15,98,98,0,8,-1
11,4,150,31,89,86,1,8,0
11,4,210,77,116,104,0,8,2
11,4,250,77,131,128,27,8,-3
11,4,230,77,92,75,0,6,-5
11,4,220,67,89,80,-1,7,0
11,4,250,57,85,80,4,8,3
11,4,170,31,88,74,0,8,-1
11,4,220,72,142,135,-1,8,0
11,4,320,21,95,93,0,4,-4
11,4,990,10,85,80,0,7,-8
11,4,200,36,94,89,0,6,4
11,4,260,51,92,89,0,8,-2
11,4,230,21,70,70,0,5,-3
11,4,200,31,78,78,0,8,2
11,4,330,26,99,99,0,8,-2
11,4,250,10,81,70,0,8,0
11,4,80,26,61,61,0,6,2
11,4,990,10,-7,-7,0,3,-3
11,4,230,51,71,49,0,8,2
11,4,230,26,35,35,0,5,9
11,4,260,72,83,64,-1,8,-1
11,4,330,26,3,-11,0,2,-5
11,4,70,10,-26,-33,0,0,-17
11,4,220,21,-37,-53,0,2,-5
11,4,210,57,10,-27,0,7,-1
11,4,220,15,71,71,0,9,0
11,4,210,46,94,94,0,8,0
11,4,80,26,56,51,0,8,-5
11,4,160,36,123,81,0,7,0
11,4,100,31,77,51,0,2,1
11,4,130,26,41,25,0,0,-8
11,4,240,51,103,100,-1,8,-3
11,4,190,67,96,70,-1,8,1
11,4,200,46,102,93,0,7,4
11,4,20,46,48,37,4,8,-3
11,4,340,31,-10,-10,0,0,-3
11,4,240,77,31,-5,0,8,-7
11,4,20,15,33,30,0,3,-7
11,4,90,26,-6,-25,0,1,-7
11,4,180,31,42,27,0,6,-3
11,4,210,36,88,88,0,8,1
11,4,200,46,85,72,0,8,0
11,4,190,51,77,56,0,0,0
11,4,150,41,75,45,0,4,14
11,4,180,21,74,57,0,7,4
11,4,180,31,61,54,0,7,2
11,4,180,21,13,13,0,0,-11
11,4,70,26,40,40,0,8,7
11,4,250,60,124,124,5,8,1
11,4,220,80,123,104,0,8,-1
11,4,220,80,129,112,0,8,2
11,4,210,70,125,113,0,8,1
11,4,220,90,109,80,0,3,-5
11,4,210,110,84,36,0,4,2
11,4,210,90,95,74,0,3,2
11,4,250,50,70,63,-1,7,-2
11,4,210,60,73,60,0,7,0
11,4,200,30,71,66,7,8,-3
11,4,190,10,64,55,0,8,0
11,4,190,20,90,77,0,8,-24
11,4,300,20,72,70,0,8,-1
11,4,240,20,10,5,0,0,-9
11,4,60,30,-18,-18,0,0,-1
11,4,340,10,-18,-18,0,0,4
11,4,990,10,-16,-16,0,0,4
11,4,200,30,11,-1,0,7,6
11,4,240,40,39,36,-1,7,1
11,4,190,70,64,34,-1,7,-1
11,4,230,60,25,9,0,1,-7
11,4,220,30,-2,-7,0,0,-8
11,4,200,60,17,-14,0,8,1
11,4,210,40,1,-7,0,5,2
11,4,190,100,32,1,2,8,-3
11,4,250,50,55,51,0,8,-1
11,4,240,30,3,1,0,8,3
11,4,270,20,-14,-18,-1,8,4
11,4,200,60,21,3,0,7,-1
11,4,240,50,35,23,0,4,-5
11,4,70,20,-13,-13,0,0,7
11,4,220,20,-15,-15,0,9,-1
11,4,0,0,-18,-18,0,9,0
11,4,80,40,23,12,0,0,-1
11,4,200,40,100,95,0,6,6
11,4,170,30,109,102,2,8,-2
11,4,210,130,128,97,0,8,-22
11,4,140,50,82,61,0,1,6
11,4,200,70,104,85,0,8,0
11,4,210,70,79,58,0,1,3
11,4,200,50,73,53,0,5,8
11,4,80,20,44,44,0,7,6
11,4,230,50,58,58,0,8,-3
11,4,170,30,17,15,0,7,19
11,4,210,60,73,54,-1,8,1
11,4,160,20,97,94,0,8,2
11,4,90,20,45,45,0,5,2
11,4,110,40,15,1,0,0,-2
11,4,110,40,14,6,0,1,0
11,4,90,30,11,7,26,8,1
11,4,190,50,88,71,0,8,-1
11,4,130,20,45,42,0,7,6
11,4,100,20,10,10,0,9,-7
11,4,100,30,9,9,0,8,-4
11,4,110,40,15,7,0,5,5
11,4,90,20,48,35,0,7,0
11,4,90,50,45,31,0,8,0
11,4,200,40,62,58,0,7,-1
11,4,190,30,87,77,0,6,7
11,4,190,40,81,65,0,7,-4
11,4,240,80,112,108,22,8,-42
11,4,220,40,42,31,0,5,-8
11,4,210,70,80,65,0,1,-2
11,4,210,80,67,44,0,7,0
11,4,240,40,36,27,2,8,0
11,4,230,100,82,61,0,8,1
11,4,190,30,21,21,0,0,1
11,4,180,10,19,8,0,7,-7
11,4,200,50,111,111,15,8,5
11,4,220,50,107,98,0,8,-2
11,4,220,30,44,35,0,5,3
11,4,180,20,24,15,0,5,-4
11,4,200,50,61,53,0,7,4
11,4,160,20,55,47,2,8,-1
11,4,190,20,50,48,2,8,3
11,4,270,40,41,38,8,8,-2
11,4,290,20,13,2,0,8,-1
11,4,210,30,-14,-17,0,0,3
11,4,200,20,6,5,0,8,0
11,4,40,20,-42,-48,0,0,0
11,4,130,10,-52,-62,0,2,5
11,4,100,40,-50,-73,0,0,-3
11,4,110,10,-75,-89,0,0,1
11,4,200,20,-67,-81,0,0,-2
11,4,170,30,-3,-44,-1,8,0
11,4,200,20,0,-6,0,7,0
11,4,260,40,57,57,0,8,-5
11,4,180,30,39,36,0,7,0
11,4,160,20,27,26,3,8,-1
11,4,40,30,10,0,-1,8,-1
11,4,160,40,83,57,0,0,-2
11,4,240,50,130,119,13,8,-9
11,4,200,30,55,52,0,2,2
11,4,160,10,33,24,0,0,-6
11,4,180,30,64,46,0,5,-1
11,4,210,90,84,62,-1,6,3
11,4,240,50,79,49,0,8,-1
11,4,210,40,58,43,0,7,2
11,4,350,50,93,93,-1,8,0
11,4,350,50,74,70,0,8,-1
11,4,30,70,72,53,0,8,-1
11,4,990,10,-4,-11,0,0,0
11,4,100,20,-5,-10,0,2,-8
11,4,200,20,36,36,-1,8,0
11,4,40,20,-8,-13,0,0,-5
11,4,110,20,-35,-48,0,0,-1
11,4,220,60,24,20,0,8,2
11,4,230,70,15,4,3,7,-6
11,4,290,20,15,11,0,8,3
11,4,30,60,15,6,0,8,2
11,4,90,10,-37,-40,0,0,-2
11,4,230,70,-6,-6,3,8,1
11,4,210,40,40,40,1,8,6
11,4,200,40,54,49,0,8,1
11,4,220,60,67,53,0,8,-2
11,4,210,50,78,70,0,7,0
11,4,190,100,68,31,0,8,2
11,4,190,40,66,50,0,6,11
11,4,200,70,78,37,0,8,1
11,4,210,50,75,47,0,8,0
11,4,200,70,74,51,0,1,-2
11,4,190,30,59,42,0,2,4
11,4,190,60,85,57,0,7,-6
11,4,200,40,47,34,0,2,2
11,4,190,60,54,39,0,6,-1
11,4,150,120,89,48,3,8,-2
11,4,120,40,78,50,0,8,1
11,4,200,60,81,62,0,8,-1
11,4,210,70,77,56,0,7,0
11,4,220,70,56,26,0,3,-1
11,4,200,70,51,25,0,3,2
11,4,200,70,83,36,0,5,5
11,4,220,50,81,67,0,8,0
11,4,190,30,71,59,-1,7,5
11,4,190,30,57,44,0,6,-8
11,4,190,70,62,38,0,4,2
11,4,200,40,36,27,0,2,-12
11,4,220,70,48,29,-1,7,-1
11,4,200,90,83,51,0,7,-1
11,4,210,90,45,30,6,8,-2
11,4,160,40,36,19,0,4,13
11,4,210,70,82,55,0,3,-5
11,4,120,20,72,55,-1,8,7
11,4,210,70,73,52,0,7,-1
11,4,190,50,63,37,0,7,0
11,4,210,60,76,57,0,7,-8
11,4,220,60,53,34,0,1,-3
11,4,190,70,88,80,20,8,10
11,4,180,50,115,85,0,2,-8
11,4,220,50,115,92,0,5,-11
11,4,240,30,70,60,0,5,0
11,4,200,30,34,28,0,1,1
11,4,190,20,32,28,0,2,-8
11,4,190,10,25,23,0,1,-2
11,4,290,30,86,70,0,8,-4
11,4,210,70,70,37,0,8,5
11,4,230,50,87,78,1,8,0
11,4,240,100,106,99,26,8,-17
11,4,290,20,12,9,-1,6,7
11,4,160,10,-16,-17,0,9,1
11,4,200,50,-3,-22,0,6,-4
11,4,200,30,53,52,2,8,1
11,4,40,50,62,54,0,8,-5
11,4,300,20,19,11,0,4,-1
11,4,70,20,-24,-28,0,0,6
11,4,220,20,7,6,-1,8,2
11,4,70,30,22,22,0,7,3
11,4,30,20,27,22,0,7,-9
11,4,50,20,20,19,0,7,7
11,4,230,30,46,46,0,8,3
11,4,220,50,67,42,0,8,-1
11,4,230,100,71,61,8,8,3
11,4,290,30,18,8,0,7,0
11,4,230,50,30,23,2,8,-2
11,4,210,30,77,76,-1,8,2
11,4,340,60,73,71,4,8,-3
11,4,330,20,33,31,0,8,-3
11,4,230,40,62,57,0,7,0
11,4,210,50,55,41,0,7,1
11,4,200,40,99,98,-1,8,-1
11,4,130,20,77,72,0,7,4
11,4,230,60,131,121,6,8,-1
11,4,180,50,135,128,15,8,2
11,4,230,50,87,72,0,8,-3
11,4,280,20,85,82,0,8,0
11,4,170,30,32,28,0,0,15
11,4,990,10,66,62,12,8,2
11,4,210,40,25,18,0,4,9
11,4,300,50,94,88,13,8,-2
11,4,180,20,15,12,0,6,2
11,4,280,30,110,107,-1,8,-5
11,4,200,60,83,69,0,5,-2
11,4,190,50,106,83,0,7,0
11,4,170,70,120,64,0,8,-3
11,4,170,20,60,47,0,7,0
11,4,80,10,62,58,0,8,-4
11,4,220,60,79,71,0,8,-1
11,4,190,40,85,74,0,7,-17
11,4,60,20,68,62,0,8,0
11,4,80,30,48,35,0,6,-2
11,4,170,50,113,72,0,7,4
11,4,160,30,90,68,0,7,-4
11,4,200,50,68,47,0,5,-2
11,4,180,30,77,60,0,8,-5
11,4,100,30,66,58,2,8,6
11,4,240,30,73,65,-1,8,-2
11,4,130,30,23,15,0,0,-4
11,4,170,40,58,43,0,8,5
11,4,200,30,87,72,0,8,-14
11,4,210,20,61,56,0,8,2
11,4,200,40,74,71,2,8,4
11,4,200,60,59,53,0,8,6
11,4,200,70,117,94,-1,8,-8
11,4,220,50,87,78,0,3,-12
11,4,990,10,26,23,0,2,14
11,4,110,30,31,16,0,0,6
11,4,90,50,45,19,0,0,-5
11,4,60,60,58,21,0,8,-6
11,4,90,30,30,14,0,0,-8
11,4,100,30,89,63,0,8,5
11,4,90,30,23,18,0,0,-3
11,4,170,10,-7,-16,0,0,3
11,4,250,40,87,75,0,8,-1
11,4,150,30,38,31,0,6,-4
11,4,200,60,68,50,0,4,0
11,4,90,10,43,33,0,8,2
11,4,230,50,54,44,0,8,-4
11,4,210,70,84,82,4,8,4
11,4,220,80,118,106,0,8,1
11,4,190,30,105,93,0,8,-5
11,4,200,50,71,55,0,7,-2
11,4,160,30,102,79,0,8,9
11,4,180,40,140,84,0,8,-9
11,4,190,40,136,96,0,8,3
11,4,330,20,74,72,1,8,-1
11,4,190,60,66,41,0,0,2
11,4,190,20,59,51,0,8,10
11,4,260,30,39,38,0,8,-4
11,4,180,20,22,20,0,9,-3
11,4,200,50,61,35,0,8,-4
11,4,50,30,69,63,0,8,0
11,4,50,20,80,70,-1,8,1
11,4,210,20,86,82,0,1,-9
11,4,260,20,108,102,0,8,-2
11,4,230,30,65,52,0,1,-4
11,4,240,40,78,62,0,8,1
11,4,360,20,65,55,0,8,-2
11,4,200,30,53,41,0,8,-1
11,4,90,20,22,10,0,0,-13
11,4,230,50,13,6,4,8,-4
11,4,40,30,24,19,0,8,3
11,4,180,30,-6,-9,0,9,1
11,4,300,40,37,20,0,6,-8
11,4,220,20,3,1,0,9,5
11,4,190,30,3,-2,0,4,4
11,4,220,40,61,51,0,8,2
11,4,220,80,96,78,0,8,2
11,4,240,80,92,85,5,8,0
11,4,250,40,16,8,0,8,9
11,4,230,40,2,-2,2,8,1
11,4,230,50,-7,-15,0,8,-4
11,4,220,80,92,78,1,8,5
11,4,260,40,95,86,2,8,0
11,4,170,10,1,-4,0,0,-7
11,4,110,10,-26,-31,0,0,0
11,4,230,70,21,-2,0,8,-3
11,4,250,30,78,74,0,8,0
11,4,200,50,75,63,0,8,2
11,4,0,0,61,56,0,8,2
11,4,50,20,55,51,0,9,-2
11,4,200,60,143,130,-1,8,-3
11,4,170,60,112,64,-1,8,-7
11,4,170,70,144,125,4,7,3
11,4,200,70,131,114,4,8,-5
11,4,210,50,69,52,0,0,2
11,4,190,50,88,74,0,0,-1
11,4,200,70,101,70,3,8,3
11,4,200,50,102,88,0,2,6
11,4,180,50,107,44,0,0,-1
11,4,200,30,50,49,0,0,-3
11,4,200,80,91,85,-1,8,3
11,4,200,90,89,44,0,8,-2
11,4,350,10,77,60,0,8,-4
11,4,60,20,38,35,0,9,-1
11,4,220,70,49,47,0,7,4
11,4,240,30,69,65,1,8,-1
11,4,240,40,34,27,0,8,1
11,4,260,30,26,21,0,8,-4
11,4,210,40,-10,-12,0,0,1
11,4,240,40,23,21,0,8,-1
11,4,240,20,27,22,0,8,-2
11,4,90,30,-11,-16,0,0,-3
11,4,60,30,-20,-23,0,9,3
11,4,220,30,-13,-15,0,9,-1
11,4,240,90,8,5,7,8,5
11,4,210,120,6,2,2,8,-7
11,4,230,30,11,7,2,8,-3
11,4,220,30,9,3,0,8,1
11,4,200,40,15,8,0,8,5
11,4,220,50,17,8,0,8,2
11,4,270,40,69,29,0,3,-8
11,4,220,40,5,3,0,3,-3
11,4,250,10,22,19,0,0,0
11,4,230,30,58,56,-1,7,8
11,4,240,40,80,65,0,8,-6
11,4,230,40,85,70,0,8,2
11,4,180,20,41,36,0,0,-2
11,4,220,60,56,30,0,0,-4
11,4,280,20,100,91,7,8,-3
11,4,200,30,23,19,0,2,0
11,4,220,80,70,32,-1,8,-8
11,4,250,50,75,52,-1,3,1
11,4,220,80,84,63,0,8,-5
11,4,230,50,122,96,0,8,3
11,4,200,50,118,108,1,8,1
11,4,200,90,140,94,0,0,-1
11,4,190,50,116,109,4,8,0
11,4,190,60,96,55,0,8,3
11,4,150,20,80,52,0,8,-9
11,4,200,80,55,39,0,8,3
11,4,230,80,102,81,0,8,-5
11,4,210,70,46,27,0,8,5
11,4,190,80,82,69,5,8,4
11,4,200,80,86,70,0,0,2
11,4,190,110,167,94,0,8,0
11,4,190,50,114,80,0,8,-4
11,4,190,20,102,76,0,8,0
11,4,160,40,115,86,0,0,6
11,4,220,50,92,82,0,4,-1
11,4,160,20,19,17,0,0,-5
11,4,200,40,64,48,0,8,3
11,4,230,30,103,92,0,8,0
11,4,270,20,124,124,1,9,0
11,4,340,30,91,79,0,8,-4
11,4,30,10,72,69,0,8,1
11,4,270,30,67,58,0,1,3
11,4,240,50,68,42,0,8,1
11,4,240,30,93,91,0,8,2
11,4,310,50,31,22,15,8,-2
11,4,240,60,62,56,1,8,5
11,4,260,60,100,85,6,8,-6
11,4,260,30,23,17,0,5,1
11,4,240,40,45,42,-1,8,-3
11,4,340,40,26,17,0,8,-1
11,4,30,50,-5,-11,0,1,-8
11,4,190,20,-18,-21,0,0,-5
11,4,210,30,13,0,0,8,-15
11,4,180,20,-13,-21,0,0,-9
11,4,110,50,22,-4,0,8,5
11,4,100,30,57,53,8,8,3
11,4,160,50,124,31,0,8,1
11,4,140,20,40,40,0,0,12
11,4,230,20,69,66,0,8,-9
11,4,210,30,-6,-7,0,6,0
11,4,240,50,55,52,3,8,6
11,4,270,30,37,23,0,8,-3
11,4,260,20,43,41,-1,8,-2
11,4,180,30,44,31,0,8,-12
11,4,200,80,42,3,0,8,3
11,4,210,40,30,30,0,8,5
11,4,60,40,60,55,6,8,0
11,4,140,30,73,62,0,7,11
11,4,100,30,71,67,0,8,-6
11,4,160,20,58,56,0,2,4
11,4,20,60,70,70,0,9,3
11,4,170,10,81,79,0,8,-4
11,4,200,50,69,65,0,6,2
11,4,190,30,67,66,0,0,4
11,4,200,110,109,76,-1,8,-7
11,4,210,130,121,94,2,8,-3
11,4,200,140,128,101,1,8,2
11,4,220,60,78,58,0,8,-7
11,4,210,40,66,57,-1,8,1
11,4,200,70,52,25,0,8,2
11,4,210,60,93,90,-1,8,3
11,4,250,30,107,106,0,8,0
11,4,200,30,15,12,0,6,5
11,4,190,70,50,19,0,8,4
11,4,220,20,61,60,0,8,5
11,4,240,80,89,71,0,8,-3
11,4,250,60,77,65,6,8,4
11,4,280,30,1,0,7,8,0
11,4,230,40,-4,-6,0,8,-1
11,4,230,60,26,24,-1,8,-1
11,4,230,50,-4,-8,0,8,1
11,4,210,40,9,9,0,9,2
11,4,210,70,34,33,-1,8,-2
11,4,190,60,26,-10,0,8,-1
11,4,200,30,8,-13,0,7,-1
11,4,90,40,2,-6,0,8,1
11,4,200,40,106,101,0,8,3
11,4,230,40,105,94,0,7,-10
11,4,200,40,48,39,0,1,3
11,4,230,50,73,59,0,1,-4
11,4,200,80,79,53,0,8,2
11,4,220,40,74,64,-1,8,-1
11,4,190,90,76,55,10,8,-1
11,4,150,40,35,18,0,0,2
11,4,340,50,52,45,0,8,-1
11,4,300,10,54,47,0,8,-1
11,4,200,50,55,47,0,8,-1
11,4,170,50,55,23,-1,8,-4
11,4,200,70,119,95,-1,8,-1
11,4,180,60,141,89,0,8,1
11,4,210,70,111,72,0,7,-11
11,4,110,20,89,70,0,8,2
11,4,230,40,117,77,0,8,-5
11,4,210,60,84,66,0,4,2
11,4,200,80,89,68,0,0,-1
11,4,170,40,120,60,0,0,-5
11,4,190,30,124,103,-1,8,-1
11,4,210,60,132,89,1,8,-4
11,4,220,120,88,47,-1,8,-12
11,4,230,60,93,64,0,8,-5
11,4,210,120,120,71,0,8,-9
11,4,210,100,85,50,0,7,-1
11,4,190,60,82,60,-1,8,-5
11,4,210,80,69,32,0,4,0
11,4,200,110,100,45,0,8,0
11,4,180,40,67,37,0,8,-8
11,4,290,10,68,68,0,9,-3
11,4,230,40,91,88,0,8,-1
11,4,220,80,122,93,0,8,0
11,4,240,90,149,124,0,8,-2
11,4,220,100,136,93,0,8,-3
11,4,230,90,135,105,-1,8,-14
11,4,0,0,64,62,0,8,-6
11,4,180,20,56,50,-1,8,-6
11,4,110,20,50,35,0,8,-9
11,4,350,10,71,70,2,8,2
11,4,210,40,24,18,0,0,-1
11,4,240,100,100,61,0,8,0
11,4,220,120,138,127,1,8,0
11,4,200,80,128,114,1,8,2
11,4,250,20,68,46,0,8,-9
11,4,180,10,7,7,0,9,-2
11,4,40,30,32,32,0,9,-2
11,4,100,10,41,33,0,8,1
11,4,160,20,60,40,0,8,0
11,4,170,10,32,19,0,0,4
11,4,70,30,37,31,0,8,5
11,4,40,50,32,17,0,8,0
11,4,310,20,31,26,0,8,1
11,4,240,30,37,32,0,8,-1
11,4,210,50,19,11,0,8,0
11,4,300,20,4,3,1,8,-1
11,4,190,30,-7,-21,0,8,-2
11,4,70,20,-57,-62,0,0,15
11,4,30,50,-24,-36,0,8,0
11,4,70,40,-20,-22,-1,8,0
11,4,180,30,100,82,0,0,0
11,4,210,30,115,108,0,8,-8
11,4,190,50,152,108,0,8,3
11,4,160,80,153,83,0,8,-9
11,4,100,40,117,89,0,8,-2
11,4,230,10,88,81,0,0,4
11,4,30,50,85,77,0,8,-5
11,4,80,40,68,63,0,8,-10
11,4,990,10,79,72,0,1,-11
11,4,90,20,40,32,0,0,-6
11,4,100,20,25,19,0,0,0
11,4,90,30,12,1,0,0,-1
11,4,80,30,50,50,0,9,-4
11,4,210,20,-13,-15,0,0,3
11,4,60,10,-19,-27,0,0,6
11,4,80,20,-20,-39,0,0,-3
11,4,210,20,-21,-29,0,0,9
11,4,200,40,80,65,0,8,4
11,4,130,10,72,51,0,7,-18
11,4,170,10,49,28,0,8,8
11,4,140,10,30,27,0,0,4
11,4,180,20,49,45,0,8,9
11,4,200,20,51,48,0,8,9
11,4,230,30,61,61,0,9,2
11,4,230,30,26,8,0,0,3
11,4,220,40,32,25,0,0,8
11,4,220,130,75,45,0,8,0
11,4,190,30,21,13,0,0,-9
11,4,180,40,33,20,0,0,10
11,4,230,40,69,54,0,8,-17
11,4,150,50,75,38,0,0,1
11,4,220,90,56,26,0,5,4
11,4,200,70,52,36,0,1,8
11,4,190,40,50,38,0,8,-3
11,4,220,60,62,43,0,8,-5
11,4,250,30,24,21,0,7,-5
11,4,240,50,79,76,2,8,2
11,4,220,90,89,51,0,8,0
11,4,190,40,77,62,0,8,-1
11,4,170,30,88,73,0,8,6
11,4,220,40,64,55,0,2,-5
11,4,200,40,62,45,0,8,-2
11,4,210,70,63,32,0,8,-2
11,4,90,30,42,34,0,0,-7
11,4,180,20,31,20,0,8,0
11,4,160,20,35,13,0,8,-1
11,4,160,20,11,-4,0,0,34
11,4,240,20,87,84,4,8,-1
11,4,80,30,44,41,0,6,1
11,4,150,20,60,55,0,2,-13
11,4,100,40,9,5,0,8,4
11,4,200,50,68,55,0,8,2
11,4,190,70,62,36,0,8,4
11,4,190,10,77,77,1,8,-1
11,4,210,120,135,75,0,7,-4
11,4,150,40,57,32,0,2,9
11,4,200,60,79,44,0,6,-1
11,4,260,10,44,39,0,8,3
11,4,340,40,42,35,0,8,1
11,4,270,10,15,10,0,8,-4
11,4,200,70,98,71,0,8,-1
11,4,200,70,100,82,-1,8,0
11,4,250,80,72,52,22,8,7
11,4,200,120,98,80,2,8,5
11,4,230,50,45,28,0,0,-5
11,4,240,50,79,55,0,8,-1
11,4,220,100,137,117,-1,8,0
11,4,300,20,86,83,2,8,-3
11,4,230,90,76,48,0,0,0
11,4,220,20,59,51,0,8,-3
11,4,200,40,21,16,0,0,-3
11,4,200,50,60,14,0,8,0
11,4,220,10,43,41,0,7,-11
11,4,190,50,17,9,0,8,5
11,4,30,50,69,61,0,8,-1
11,4,210,10,3,2,0,9,-6
11,4,90,10,26,23,0,8,2
11,4,160,10,44,28,0,8,-2
11,4,220,40,35,15,0,8,0
11,4,290,20,8,3,0,0,-13
11,4,110,20,24,3,-1,8,2
11,4,20,70,21,-10,0,8,-2
11,4,10,40,36,29,-1,8,-1
11,4,350,10,1,-2,0,8,2
11,4,320,10,32,19,0,8,0
11,4,180,10,-4,-7,0,8,2
11,4,190,10,38,34,0,8,1
11,4,230,50,46,44,1,8,0
11,4,210,20,58,57,0,9,0
11,4,240,40,34,27,0,8,3
11,4,190,50,119,90,0,6,8
11,4,200,40,140,119,0,8,-6
11,4,220,80,129,94,0,0,-7
11,4,190,30,89,83,6,8,0
11,4,180,30,76,69,0,8,-10
11,4,180,30,67,54,0,6,3
11,4,160,60,63,31,0,7,-6
11,4,210,60,95,65,0,5,-7
11,4,140,20,90,55,0,7,-3
11,4,180,30,92,85,3,8,1
11,4,90,20,45,37,0,0,-1
11,4,90,20,71,61,0,8,28
11,4,160,30,75,65,0,8,-1
11,4,110,40,89,72,0,1,-11
11,4,90,20,95,92,9,8,-1
11,4,140,10,76,73,4,8,1
11,4,120,30,80,63,0,8,0
11,4,50,10,61,58,1,8,9
11,4,60,20,73,70,0,8,0
11,4,50,10,29,26,0,8,-4
11,4,60,30,15,10,0,0,0
11,4,130,20,44,36,0,1,-1
11,4,150,20,109,89,0,8,-3
11,4,280,20,88,85,5,8,-1
11,4,60,40,13,6,0,0,4
11,4,90,30,42,31,0,8,2
11,4,100,10,70,63,0,8,0
11,4,70,40,56,50,0,6,4
11,4,80,70,32,21,0,0,-4
11,4,80,30,25,17,0,8,0
11,4,150,20,32,29,0,0,7
11,4,80,10,30,28,0,0,10
11,4,130,20,46,17,0,0,-1
11,4,170,50,113,70,0,4,1
11,4,180,30,120,109,0,8,-4
11,4,210,50,148,122,0,8,-3
11,4,230,30,164,152,0,8,-6
11,4,220,10,123,110,0,8,-18
11,4,240,50,156,138,-1,8,-1
11,4,230,100,128,88,0,8,-3
11,4,220,80,108,84,0,8,1
11,4,230,30,120,96,0,8,0
11,4,220,70,130,94,0,8,1
11,4,230,80,73,44,0,6,0
11,4,240,110,128,102,0,8,-1
11,4,230,90,117,79,0,8,-2
11,4,210,110,122,116,17,8,4
11,4,250,70,133,78,0,8,-1
11,4,240,80,130,87,0,8,-5
11,4,230,50,92,76,0,8,-2
11,4,240,40,41,21,0,8,-2
11,4,260,30,5,-2,0,1,-1
11,4,280,20,3,-11,0,5,-1
11,4,200,60,10,-18,0,8,1
11,4,210,40,53,47,-1,8,1
11,4,280,20,26,17,0,8,1
11,4,190,30,5,2,0,0,5
11,4,240,50,53,49,5,8,7
11,4,220,90,77,57,0,8,2
11,4,270,50,86,38,-1,8,-3
11,4,210,20,59,56,0,7,0
11,4,240,20,72,64,3,8,-3
11,4,240,20,58,55,0,8,-1
11,4,190,40,50,31,0,8,1
11,4,210,60,69,56,1,8,1
11,4,230,40,44,33,0,8,-1
11,4,210,40,48,26,-1,8,0
11,4,340,30,29,22,-1,8,-3
11,4,170,30,33,9,-1,8,1
11,4,240,30,49,43,2,8,2
11,4,350,50,40,32,3,8,-8
11,4,150,10,8,-8,0,8,3
11,4,90,20,35,16,0,8,-1
11,4,0,0,-2,-3,0,1,-6
11,4,200,60,50,47,2,8,3
11,4,210,50,110,107,6,8,-1
11,4,240,60,101,90,4,8,-1
11,4,280,60,76,64,51,8,-7
11,4,200,60,54,27,0,1,-4
11,4,160,60,73,11,0,8,5
11,4,180,60,125,92,0,8,1
11,4,190,70,112,61,0,8,-7
11,4,60,20,89,77,0,8,3
11,4,40,50,87,74,-1,8,1
11,4,60,60,38,26,0,0,-3
11,4,30,20,44,17,0,8,1
11,4,220,20,27,25,0,8,4
11,4,50,30,4,-1,0,0,-15
11,4,70,20,-32,-55,0,0,-4
11,4,200,50,-37,-67,0,0,-8
11,4,230,60,90,55,0,8,0
11,4,210,50,84,46,0,0,-1
11,4,190,20,83,81,0,8,-4
11,4,150,20,72,56,0,8,9
11,4,290,40,92,82,13,8,-4
11,4,240,20,36,34,0,8,1
11,4,120,10,-9,-13,0,0,15
11,4,70,10,48,45,-1,8,1
11,4,300,20,63,60,0,8,-2
11,4,220,50,73,66,0,8,1
11,4,230,50,59,28,0,8,1
11,4,200,30,48,45,0,8,2
11,4,310,30,47,35,2,8,0
11,4,200,50,19,16,0,8,-2
11,4,190,40,63,60,0,8,2
11,4,200,20,70,66,0,8,-8
11,4,350,30,80,78,-1,8,-6
11,4,190,40,7,1,0,6,2
11,4,260,20,43,34,0,8,-8
11,4,210,40,31,15,0,8,-1
11,4,240,40,100,94,0,8,-1
11,4,200,70,98,68,0,8,0
11,4,190,80,116,40,0,8,8
11,4,330,20,78,71,14,8,-2
11,4,10,20,43,36,-1,8,-2
11,4,220,50,16,0,0,8,4
11,4,210,50,26,8,0,8,7
11,4,250,40,53,39,1,8,-1
11,4,200,30,4,0,0,0,-3
11,4,260,20,29,25,0,8,1
11,4,120,30,76,42,0,8,7
11,4,220,50,83,64,0,8,-3
11,4,190,30,2,-5,0,8,-4
11,4,0,0,5,-5,0,8,-5
11,4,170,10,44,41,0,8,-5
11,4,160,30,122,78,0,8,-30
11,4,160,40,102,66,0,2,0
11,4,220,50,111,83,-1,8,-8
11,4,110,20,67,57,0,8,-1
11,4,180,60,140,87,0,8,-2
11,4,190,60,116,82,0,8,-3
11,4,170,30,108,96,3,8,1
11,4,190,50,96,79,0,8,-1
11,4,170,30,69,59,0,0,-5
11,4,100,20,37,23,0,8,-2
11,4,100,20,-4,-10,0,8,6
11,4,70,40,16,2,0,0,0
11,4,50,50,5,-26,0,0,-11
11,4,30,50,5,-1,0,8,12
11,4,50,70,15,-26,0,8,3
11,4,80,20,28,7,1,8,-1
11,4,90,20,-2,-16,0,8,-13
11,4,100,20,-8,-18,0,4,9
11,4,80,30,21,9,0,8,-3
11,4,30,20,35,33,0,8,-4
11,4,50,40,43,42,3,8,1
11,4,60,10,19,17,0,8,2
11,4,170,60,61,23,0,8,2
11,4,180,70,103,68,-1,8,-5
11,4,200,60,106,73,0,8,-2
11,4,100,10,55,37,0,8,3
11,4,190,50,138,134,22,8,1
11,4,200,30,97,86,0,8,2
11,4,220,60,102,88,2,8,-6
11,4,200,40,82,76,4,8,2
11,4,200,30,75,70,0,8,5
11,4,150,30,82,64,-1,8,3
11,4,150,20,40,21,0,0,-6
11,4,190,40,36,33,-1,8,7
11,4,110,10,5,-3,0,2,-18
11,4,180,40,49,29,0,8,6
11,4,200,60,46,27,0,8,0
11,4,200,60,41,29,1,8,2
11,4,100,30,27,16,0,8,17
11,4,60,30,14,8,0,8,1
11,4,180,30,18,-1,0,8,-7
11,4,110,20,-6,-14,0,0,5
11,4,340,50,34,27,-1,8,-1
11,4,230,30,35,24,0,8,0
11,4,110,20,-7,-13,0,2,8
11,4,90,30,-14,-21,0,8,-2
11,4,160,40,76,45,-1,8,-1
11,4,90,50,49,23,0,8,0
11,4,110,10,35,25,0,8,-2
11,4,140,20,72,63,0,8,-8
11,4,180,40,96,73,0,8,-1
11,4,150,40,104,75,-1,8,3
11,4,220,80,92,78,1,8,-2
11,4,330,30,63,36,3,8,-5
11,4,200,30,2,0,0,1,-1
11,4,200,20,115,90,0,8,-1
11,4,220,80,180,153,0,8,-3
11,4,210,40,82,60,0,2,-10
11,4,200,40,42,31,0,0,-2
11,4,180,20,16,10,0,8,-11
11,4,80,30,35,17,0,8,6
11,4,110,30,43,19,0,0,3
11,4,100,20,61,44,0,8,-1
11,4,130,30,127,96,0,8,-14
11,4,200,20,97,91,0,1,6
11,4,150,10,108,108,0,8,-2
11,4,180,50,112,79,0,8,0
11,4,170,30,63,41,0,8,2
11,4,200,40,120,102,0,8,2
11,4,180,60,139,90,0,8,-2
11,4,230,70,91,61,0,1,9
11,4,210,70,107,77,0,8,0
11,4,200,50,107,72,0,8,-4
11,4,240,50,89,39,1,8,0
11,4,280,20,46,37,2,8,-1
11,4,200,70,38,5,0,8,3
11,4,220,60,75,65,-1,8,2
11,4,240,20,79,73,0,8,0
11,4,190,20,66,57,0,8,0
11,4,140,20,13,-1,0,8,38
11,4,190,30,82,50,0,8,-6
11,4,0,0,39,34,0,8,2
11,4,80,20,42,30,0,8,2
11,4,70,50,13,8,0,8,4
11,4,230,30,-8,-16,0,8,4
11,4,170,67,79,52,0,4,-1
11,4,240,82,125,91,7,6,-1
11,4,220,103,123,66,0,8,-1
11,4,230,57,52,37,0,1,-4
11,4,280,41,82,57,-1,8,-9
11,4,270,31,29,25,2,7,11
11,4,240,72,92,87,16,8,9
11,4,260,82,122,79,0,8,0
11,4,280,36,59,32,0,1,-6
11,4,280,26,36,32,0,7,-3
11,4,220,82,71,39,-1,8,3
11,4,210,26,26,23,0,1,4
11,4,220,57,73,7,0,5,-4
11,4,190,67,45,17,0,4,5
11,4,200,41,43,30,0,4,-11
11,4,180,5,-19,-20,0,3,-1
11,4,100,21,17,16,0,9,-2
11,4,140,41,42,35,7,8,2
11,4,110,31,63,57,0,7,0
11,4,50,77,23,17,-1,8,-1
11,4,20,31,-8,-14,0,1,0
11,4,190,41,2,-5,0,6,0
11,4,200,31,42,36,0,8,-1
11,4,180,26,8,2,0,0,-8
11,4,190,31,-9,-15,0,0,1
11,4,160,36,14,-4,0,8,5
11,4,210,21,48,16,0,7,-3
11,4,180,26,25,22,0,0,2
11,4,150,21,31,30,0,1,-3
11,4,110,15,-8,-11,0,0,10
11,4,180,41,29,28,0,9,-6
11,4,190,72,60,30,0,8,1
11,4,250,46,87,63,-1,7,0
11,4,230,36,64,52,0,6,1
11,4,240,36,103,94,-1,8,8
11,4,240,31,104,90,0,8,1
11,4,220,51,85,61,0,8,-2
11,4,360,15,92,86,0,8,-3
11,4,170,21,17,14,0,2,-3
11,4,260,51,101,73,0,7,-6
11,4,170,62,70,58,3,7,0
11,4,240,41,50,33,5,4,3
11,4,220,31,37,16,0,2,0
11,4,240,41,43,34,1,2,-5
11,4,130,41,34,30,2,8,2
11,4,230,41,74,65,3,7,-1
11,4,270,26,67,63,20,8,1
11,4,270,36,43,28,0,0,-10
11,4,270,51,79,32,0,6,-4
11,4,280,51,49,9,0,1,-2
11,4,230,26,39,32,0,2,-5
11,4,270,67,127,114,0,7,-1
11,4,240,57,122,92,0,7,-2
11,4,220,36,102,90,3,8,-1
11,4,200,77,118,69,-1,7,7
11,4,270,103,80,46,-1,8,-2
11,4,220,26,39,23,0,1,0
11,4,280,87,95,62,0,7,-6
11,4,120,26,38,32,0,8,8
11,4,200,51,119,108,0,8,-1
11,4,70,21,33,33,0,8,1
11,4,80,26,29,14,0,8,1
11,4,110,31,60,54,0,7,5
11,4,80,5,43,43,0,1,2
11,4,70,21,45,45,0,0,2
11,4,80,51,59,44,0,8,-2
11,4,70,41,50,41,0,8,-3
11,4,360,21,59,59,3,8,0
11,4,230,21,64,58,0,8,-1
11,4,180,41,72,69,4,8,-1
11,4,240,51,89,89,16,8,-1
11,4,260,15,59,49,0,7,-14
11,4,190,57,54,48,0,3,-3
11,4,170,77,70,70,43,8,19
11,4,340,87,68,54,1,8,1
11,4,50,21,15,-4,0,2,-17
11,4,40,10,-9,-20,0,3,-15
11,4,100,46,-12,-29,0,0,-8
11,4,100,41,-27,-43,0,0,-13
11,4,20,31,-25,-35,0,7,-16
11,4,80,57,-39,-54,0,0,-4
11,4,80,15,-79,-86,0,1,-7
11,4,120,15,-36,-41,-1,8,3
11,4,140,15,-62,-70,0,1,0
11,4,140,15,-35,-40,0,6,13
11,4,20,5,-51,-52,0,3,3
11,4,50,46,-21,-21,0,8,-5
11,4,100,46,-39,-53,0,8,0
11,4,50,31,-52,-52,0,0,-12
11,4,140,41,-48,-65,0,7,1
11,4,240,57,107,88,0,5,-6
11,4,180,10,23,23,0,1,-11
11,4,120,41,78,67,0,1,-4
11,4,130,41,109,83,0,1,-3
11,4,120,46,118,92,0,5,-5
11,4,220,36,126,115,0,7,-3
11,4,210,5,97,94,0,8,0
11,4,110,21,103,103,0,8,-4
11,4,130,31,58,58,0,1,-4
11,4,160,21,96,96,16,8,2
11,4,260,5,79,79,0,7,-3
11,4,220,15,97,97,0,8,0
11,4,170,41,96,96,1,8,0
11,4,210,57,140,122,0,8,3
11,4,250,57,129,116,0,8,0
11,4,260,36,100,81,0,2,-6
11,4,230,36,86,86,22,8,2
11,4,240,31,90,87,1,8,1
11,4,180,41,85,85,-1,8,4
11,4,230,51,149,143,-1,8,1
11,4,260,10,60,60,0,7,-4
11,4,60,5,24,24,0,6,8
11,4,210,21,102,102,0,8,0
11,4,230,31,108,105,0,8,1
11,4,260,15,59,59,0,7,2
11,4,240,21,100,100,0,8,2
11,4,320,15,107,107,-1,8,-1
11,4,290,5,91,91,0,8,-1
11,4,40,10,45,45,0,7,3
11,4,110,31,45,42,0,8,-5
11,4,200,15,83,83,33,8,-1
11,4,310,26,55,55,0,6,-10
11,4,290,72,103,81,-1,7,-4
11,4,340,15,-19,-23,0,1,8
11,4,190,5,-53,-58,0,0,0
11,4,220,5,-56,-61,0,4,18
11,4,230,26,22,1,0,7,4
11,4,200,10,74,74,0,8,0
11,4,230,15,105,105,0,8,0
11,4,170,26,72,69,0,5,-8
11,4,120,36,97,85,0,7,0
11,4,110,41,84,50,0,2,-2
11,4,100,31,50,27,0,0,-15
11,4,230,26,116,110,0,8,-3
11,4,190,62,87,83,2,8,1
11,4,210,41,104,101,4,8,-3
11,4,270,10,46,42,6,8,-4
11,4,280,26,-11,-11,0,2,-20
11,4,240,31,34,18,0,5,1
11,4,200,5,2,1,0,1,-5
11,4,130,26,-10,-14,0,4,4
11,4,160,21,24,3,0,4,-2
11,4,220,31,95,95,0,8,1
11,4,200,46,88,71,0,8,1
11,4,170,57,71,54,0,1,0
11,4,130,36,56,39,0,4,7
11,4,140,15,48,44,0,5,-2
11,4,140,10,43,43,0,3,-2
11,4,110,5,-22,-22,0,0,-7
11,4,90,41,45,41,0,8,0
11,4,280,70,133,125,-1,8,-6
11,4,230,50,133,108,0,7,-1
11,4,230,50,137,121,-1,8,0
11,4,200,60,140,120,0,8,-1
11,4,210,70,109,76,0,4,0
11,4,210,100,100,54,-1,7,5
11,4,220,60,96,82,4,7,0
11,4,230,20,64,60,-1,6,-8
11,4,210,30,63,51,0,1,2
11,4,160,30,68,64,5,8,-2
11,4,200,30,38,31,0,4,-10
11,4,170,30,78,77,0,7,3
11,4,350,50,70,61,4,8,0
11,4,260,20,19,13,0,1,-28
11,4,70,10,-26,-29,0,0,-1
11,4,20,10,0,-4,0,7,7
11,4,190,10,9,5,0,8,2
11,4,160,20,23,7,0,8,1
11,4,230,20,26,22,0,4,-5
11,4,160,60,56,49,19,8,6
11,4,260,40,36,5,0,1,-5
11,4,220,30,2,-5,0,1,-5
11,4,210,50,20,-2,0,8,-14
11,4,210,20,4,0,8,8,1
11,4,180,90,28,21,7,8,2
11,4,250,20,56,52,-1,7,4
11,4,350,30,10,-1,0,7,-19
11,4,310,20,-1,-5,0,7,9
11,4,200,50,14,14,0,7,4
11,4,250,30,39,23,0,2,-6
11,4,60,30,9,9,0,8,0
11,4,0,0,-20,-20,0,9,0
11,4,40,10,29,29,0,8,2
11,4,90,50,21,6,0,0,-2
11,4,170,40,97,97,0,8,2
11,4,150,30,109,109,2,8,1
11,4,160,60,125,119,-1,8,-22
11,4,140,30,86,69,0,5,-5
11,4,190,50,101,90,0,7,1
11,4,200,50,71,56,0,1,11
11,4,190,60,62,52,0,1,-1
11,4,0,0,23,23,0,2,-13
11,4,240,20,38,38,0,7,1
11,4,170,30,52,46,0,7,-18
11,4,210,40,72,71,-1,8,4
11,4,110,20,99,99,0,8,0
11,4,130,30,73,66,0,8,-2
11,4,120,50,26,10,0,3,0
11,4,120,60,45,19,0,8,-1
11,4,120,40,5,1,17,8,1
11,4,160,30,58,57,0,5,9
11,4,130,20,34,34,0,7,-7
11,4,100,30,43,43,0,8,0
11,4,140,30,21,21,0,8,2
11,4,110,40,29,17,0,7,-3
11,4,100,20,16,15,0,1,1
11,4,120,40,49,39,1,8,0
11,4,170,30,70,70,0,8,-3
11,4,170,60,93,90,-1,8,0
11,4,170,50,81,70,0,8,-1
11,4,350,80,69,67,14,8,-3
11,4,220,30,56,49,0,4,-12
11,4,210,50,81,74,0,6,4
11,4,220,40,67,55,0,7,0
11,4,220,20,36,34,0,6,-5
11,4,250,40,95,73,-1,7,-3
11,4,180,20,6,6,0,1,6
11,4,170,50,34,28,0,7,-1
11,4,190,50,117,117,7,8,10
11,4,210,30,104,104,0,8,3
11,4,250,30,47,42,0,1,-8
11,4,170,30,25,23,0,7,0
11,4,200,40,67,67,0,7,3
11,4,150,20,54,54,5,8,1
11,4,130,20,44,44,5,8,0
11,4,250,20,46,42,1,7,-13
11,4,290,20,-25,-25,0,1,3
11,4,220,10,-19,-19,0,6,15
11,4,990,10,-17,-17,0,0,10
11,4,80,10,-60,-60,0,0,-15
11,4,160,10,-54,-55,0,0,-14
11,4,120,30,-58,-63,0,2,1
11,4,190,10,-86,-94,0,0,-1
11,4,180,20,-79,-82,0,0,2
11,4,160,30,-4,-35,0,8,-1
11,4,200,20,13,9,0,8,2
11,4,270,20,47,47,0,7,4
11,4,190,30,24,24,0,0,1
11,4,160,30,32,32,-1,8,0
11,4,30,40,17,15,0,8,0
11,4,170,50,86,67,0,1,-5
11,4,210,20,126,120,-1,7,-3
11,4,220,20,54,44,0,0,1
11,4,160,20,91,68,0,8,-5
11,4,170,40,57,46,0,8,-5
11,4,220,70,94,63,0,6,-6
11,4,270,60,92,69,-1,8,1
11,4,210,20,66,53,-1,7,3
11,4,320,30,103,96,0,7,0
11,4,340,30,66,54,0,2,-2
11,4,20,60,55,44,0,1,8
11,4,990,10,7,4,0,0,-12
11,4,20,30,-17,-17,0,0,3
11,4,300,20,82,82,1,8,3
11,4,10,10,-16,-23,0,1,-21
11,4,130,10,-47,-53,0,4,14
11,4,250,30,29,26,3,8,-4
11,4,220,20,20,16,6,8,-2
11,4,330,40,21,13,0,6,-8
11,4,10,60,17,7,-1,8,-7
11,4,20,20,-15,-18,0,7,2
11,4,240,30,18,-2,-1,8,-3
11,4,250,20,48,46,0,6,-4
11,4,220,30,73,70,0,8,2
11,4,200,50,77,65,0,7,0
11,4,210,40,86,79,0,7,-1
11,4,200,60,69,40,0,8,3
11,4,190,60,80,64,0,7,4
11,4,200,50,76,44,0,7,-6
11,4,210,30,73,69,-1,8,2
11,4,200,70,84,60,0,6,-10
11,4,180,50,52,40,0,2,-4
11,4,200,70,75,43,0,1,-12
11,4,210,40,49,39,0,2,-4
11,4,190,40,40,36,0,6,-3
11,4,120,70,69,54,5,8,4
11,4,120,30,63,49,0,3,-1
11,4,190,70,73,61,0,7,1
11,4,210,50,74,61,0,7,-2
11,4,210,40,55,36,0,7,-1
11,4,200,70,72,43,0,8,-4
11,4,180,80,83,36,0,7,8
11,4,200,30,76,70,0,7,1
11,4,190,20,45,41,0,1,-8
11,4,170,40,35,30,0,1,-4
11,4,180,70,55,44,0,2,-2
11,4,210,30,31,26,0,1,-6
11,4,230,30,48,40,9,7,0
11,4,190,90,85,74,1,8,-1
11,4,180,60,62,53,2,8,-1
11,4,160,50,44,30,0,6,7
11,4,200,70,83,47,0,1,-2
11,4,130,40,65,46,0,7,1
11,4,220,30,72,53,0,7,2
11,4,160,50,54,37,0,5,8
11,4,200,40,65,51,-1,6,8
11,4,220,30,53,37,0,3,-6
11,4,190,70,93,84,17,8,13
11,4,140,30,102,84,0,3,7
11,4,230,30,107,87,0,1,-13
11,4,250,20,73,57,1,2,-5
11,4,990,10,36,33,0,1,-2
11,4,220,20,88,79,0,7,1
11,4,230,30,83,73,0,5,1
11,4,310,20,73,38,0,1,-36
11,4,220,50,79,53,-1,8,2
11,4,230,30,85,72,0,6,-1
11,4,240,30,87,82,3,8,2
11,4,340,40,23,14,0,7,1
11,4,190,10,-22,-28,0,5,17
11,4,210,40,25,-14,0,7,2
11,4,210,20,74,70,0,8,0
11,4,20,40,65,47,0,7,-14
11,4,320,30,14,2,0,3,17
11,4,990,10,-34,-38,0,0,0
11,4,230,20,21,16,0,8,4
11,4,990,10,71,67,-1,8,3
11,4,50,20,48,45,0,8,3
11,4,100,30,63,47,0,4,-36
11,4,0,0,55,53,0,8,-3
11,4,230,30,77,57,0,8,-1
11,4,250,70,100,93,10,8,4
11,4,300,30,23,8,1,6,0
11,4,220,40,41,31,-1,8,-2
11,4,240,20,102,102,1,8,2
11,4,280,20,74,69,4,8,-1
11,4,200,10,-21,-25,0,6,-1
11,4,240,20,59,43,0,7,-7
11,4,200,50,58,44,0,7,5
11,4,210,20,108,106,-1,8,-1
11,4,990,10,61,59,0,,8
11,4,270,50,138,124,0,,-2
11,4,150,50,131,128,33,,7
11,4,230,20,81,76,0,,1
11,4,150,10,75,73,0,,0
11,4,170,40,64,60,0,,0
11,4,280,30,81,78,6,,1
11,4,210,30,47,39,3,,-9
11,4,320,50,87,60,0,,-22
11,4,160,10,-9,-11,0,,20
11,4,280,30,93,91,0,,-8
11,4,190,30,86,72,0,,-7
11,4,150,30,82,78,0,,9
11,4,130,50,92,68,1,,7
11,4,130,30,55,47,0,,-4
11,4,40,20,32,30,0,,9
11,4,240,30,84,80,-1,,-4
11,4,220,20,64,60,0,,-3
11,4,0,0,64,62,0,,1
11,4,100,30,47,43,0,,1
11,4,140,30,81,68,0,,1
11,4,160,40,73,68,0,,8
11,4,170,30,49,44,0,,-2
11,4,180,40,79,73,0,,-4
11,4,80,30,59,52,0,,3
11,4,220,30,62,59,0,,6
11,4,990,10,3,2,0,,1
11,4,170,50,67,58,0,,3
11,4,190,40,75,70,3,,-5
11,4,220,10,68,61,0,,-3
11,4,210,20,88,86,6,8,0
11,4,190,40,58,51,0,6,6
11,4,210,50,120,97,0,8,-8
11,4,230,20,68,57,0,0,-9
11,4,160,20,80,74,0,8,0
11,4,130,20,43,34,0,0,1
11,4,100,40,50,20,0,1,2
11,4,80,70,59,32,0,6,-3
11,4,130,30,23,13,0,1,4
11,4,170,10,75,59,0,8,-2
11,4,100,30,29,26,0,8,2
11,4,140,30,0,-7,0,2,2
11,4,270,30,89,76,0,3,-12
11,4,170,30,49,40,0,5,3
11,4,210,60,78,53,0,1,2
11,4,130,10,41,39,0,7,2
11,4,240,30,73,66,-1,8,-5
11,4,240,40,109,107,2,8,5
11,4,250,30,128,115,0,8,1
11,4,190,40,108,103,0,8,2
11,4,190,50,77,65,0,7,-3
11,4,160,20,91,83,-1,7,-2
11,4,150,20,112,96,0,6,2
11,4,170,10,108,103,-1,8,1
11,4,230,10,38,37,0,8,8
11,4,170,70,73,56,0,2,2
11,4,190,20,52,50,0,8,1
11,4,0,0,-11,-11,0,9,-5
11,4,190,40,25,25,0,8,0
11,4,170,40,51,46,4,8,1
11,4,30,30,33,27,0,1,7
11,4,60,30,74,68,3,8,0
11,4,170,10,86,85,1,7,-15
11,4,220,20,91,90,0,8,-7
11,4,230,20,53,48,0,0,9
11,4,260,30,93,82,1,8,-5
11,4,350,10,68,58,0,8,1
11,4,210,20,60,50,-1,8,0
11,4,40,20,-2,-2,0,2,0
11,4,270,20,29,21,0,8,6
11,4,50,30,49,44,0,8,-2
11,4,200,30,-3,-3,0,0,5
11,4,320,10,36,24,-1,1,-17
11,4,310,10,25,25,0,8,-4
11,4,220,30,33,31,0,7,-3
11,4,250,20,83,74,0,8,1
11,4,240,40,111,92,-1,8,-5
11,4,260,60,111,96,0,8,-4
11,4,330,60,48,11,0,7,-4
11,4,240,40,16,13,11,7,1
11,4,230,20,-5,-8,0,0,4
11,4,240,50,104,95,0,8,0
11,4,290,50,108,92,0,8,-3
11,4,0,0,-25,-25,0,0,-7
11,4,130,20,-18,-19,0,9,-1
11,4,230,40,13,13,0,8,-3
11,4,260,20,74,72,0,8,0
11,4,210,40,88,82,0,8,-1
11,4,150,10,64,64,0,9,-2
11,4,20,10,55,55,0,9,2
11,4,190,40,134,114,0,7,-3
11,4,150,40,89,70,3,8,6
11,4,190,60,134,122,0,0,4
11,4,200,40,137,107,0,8,1
11,4,210,30,71,58,0,0,-4
11,4,200,50,87,74,0,0,-4
11,4,200,40,106,93,3,8,-3
11,4,180,50,93,86,0,4,0
11,4,170,40,84,50,0,0,-13
11,4,220,20,41,37,0,0,-1
11,4,220,50,108,101,0,8,2
11,4,210,40,97,80,1,8,-5
11,4,990,10,44,39,0,2,-2
11,4,30,10,30,29,0,9,-13
11,4,220,50,50,41,0,2,4
11,4,230,20,53,48,-1,5,10
11,4,310,30,46,34,6,8,-4
11,4,260,20,22,17,0,0,1
11,4,190,10,-36,-38,0,0,0
11,4,240,30,31,29,-1,8,-3
11,4,250,20,34,32,0,9,-3
11,4,60,20,-1,-10,0,0,-4
11,4,50,10,26,17,-1,7,3
11,4,230,20,28,26,0,8,1
11,4,270,80,25,20,24,7,4
11,4,220,40,5,2,10,8,2
11,4,270,10,6,4,0,7,4
11,4,220,40,11,11,0,9,2
11,4,220,20,17,13,0,5,-3
11,4,220,20,22,20,0,8,2
11,4,300,60,80,17,-1,2,5
11,4,250,20,27,15,0,4,3
11,4,990,10,5,4,0,0,1
11,4,250,20,61,54,0,3,-2
11,4,240,30,95,82,0,7,-5
11,4,240,20,96,84,0,7,1
11,4,220,30,83,69,0,8,-4
11,4,210,40,56,47,0,8,2
11,4,260,30,97,86,0,5,-1
11,4,190,10,47,39,0,8,2
11,4,210,60,62,51,12,8,3
11,4,310,60,72,55,18,8,9
11,4,220,50,87,67,0,8,1
11,4,250,40,116,90,0,2,-5
11,4,220,40,131,111,0,8,0
11,4,190,80,126,86,0,0,1
11,4,210,20,101,90,0,8,-1
11,4,200,50,101,86,2,8,-17
11,4,150,10,49,38,0,8,2
11,4,190,90,62,38,0,7,4
11,4,240,30,97,88,-1,8,-1
11,4,210,40,44,33,6,7,2
11,4,190,80,88,78,6,8,2
11,4,210,50,84,66,0,0,1
11,4,170,80,141,118,5,8,5
11,4,180,40,98,76,0,7,2
11,4,150,40,71,57,0,0,-4
11,4,170,50,99,69,0,0,-14
11,4,220,30,82,73,0,1,-4
11,4,200,30,62,59,0,9,-1
11,4,220,20,109,95,0,8,-1
11,4,250,20,114,106,0,4,0
11,4,270,20,130,129,-1,8,0
11,4,320,10,77,72,0,8,3
11,4,0,0,68,64,0,8,2
11,4,310,50,79,58,4,7,-1
11,4,250,50,82,56,0,8,2
11,4,230,30,77,75,0,0,-2
11,4,300,90,42,27,12,7,-1
11,4,280,70,93,65,0,8,-6
11,4,280,90,115,82,0,8,-3
11,4,300,60,38,20,-1,7,-11
11,4,250,20,51,43,9,8,-7
11,4,350,30,20,8,0,6,-3
11,4,10,20,-5,-26,0,0,1
11,4,250,20,-8,-21,0,0,-4
11,4,220,20,10,5,0,0,0
11,4,160,10,-19,-28,0,0,-1
11,4,130,40,30,1,0,7,-2
11,4,140,40,60,44,0,8,-4
11,4,130,40,79,38,0,8,11
11,4,170,30,58,54,0,0,-1
11,4,210,30,53,50,0,8,14
11,4,220,10,-10,-14,0,4,-2
11,4,270,40,83,67,0,6,2
11,4,280,30,34,19,0,6,-8
11,4,250,30,38,32,0,8,-2
11,4,210,30,44,36,0,8,1
11,4,200,50,42,34,3,8,4
11,4,210,30,43,36,0,8,3
11,4,60,40,53,48,0,7,1
11,4,160,30,73,63,0,7,-12
11,4,60,70,79,75,0,8,2
11,4,80,10,48,48,0,9,1
11,4,50,50,74,72,0,8,5
11,4,260,10,87,86,-1,8,-2
11,4,190,20,52,51,0,0,0
11,4,180,40,62,59,0,0,-9
11,4,190,80,106,92,14,8,-1
11,4,210,90,122,100,3,8,4
11,4,280,30,91,86,45,8,-2
11,4,200,50,63,52,0,0,1
11,4,230,20,72,67,-1,8,1
11,4,210,50,78,57,-1,8,-4
11,4,230,30,106,101,0,8,4
11,4,260,20,100,91,0,7,-8
11,4,240,10,42,26,0,8,0
11,4,190,60,61,30,0,8,2
11,4,240,20,66,55,0,6,-7
11,4,270,50,94,88,11,8,1
11,4,310,70,88,67,5,7,3
11,4,10,50,16,0,1,8,-4
11,4,260,20,-11,-18,0,0,5
11,4,220,30,24,22,1,8,-1
11,4,260,30,9,4,0,4,4
11,4,240,10,5,2,-1,8,7
11,4,210,40,57,55,0,8,-1
11,4,210,50,36,25,0,8,-2
11,4,200,30,21,8,0,7,-2
11,4,50,30,-4,-12,0,8,-1
11,4,180,30,119,117,0,8,0
11,4,210,20,97,82,0,8,-7
11,4,180,40,37,34,0,0,-1
11,4,220,20,75,70,0,8,1
11,4,200,60,73,63,18,8,4
11,4,200,20,66,61,0,8,-9
11,4,200,70,87,74,-1,8,0
11,4,150,20,17,13,0,0,1
11,4,360,50,51,46,0,8,7
11,4,280,10,60,50,-1,7,-4
11,4,220,20,50,43,0,4,1
11,4,170,50,46,28,2,8,-1
11,4,210,60,126,100,-1,8,-3
11,4,170,80,140,93,0,8,1
11,4,200,60,104,84,-1,8,-3
11,4,140,30,77,71,0,8,4
11,4,200,40,103,68,0,8,0
11,4,210,60,91,71,0,0,-2
11,4,210,60,102,79,0,8,-2
11,4,180,50,109,68,0,0,3
11,4,140,20,114,111,4,8,3
11,4,200,60,123,110,8,8,0
11,4,220,90,85,52,1,8,3
11,4,240,40,99,70,0,7,-2
11,4,210,80,128,73,0,8,-1
11,4,210,70,82,52,0,4,-1
11,4,190,60,74,61,0,8,2
11,4,210,60,66,43,0,8,0
11,4,180,70,98,55,-1,8,1
11,4,170,20,31,21,0,1,0
11,4,350,10,74,73,0,9,-3
11,4,200,40,88,85,0,8,-4
11,4,230,70,128,96,0,8,1
11,4,250,60,149,131,-1,8,5
11,4,240,70,150,112,0,8,0
11,4,290,20,101,98,23,8,2
11,4,160,10,37,35,0,8,2
11,4,140,30,25,22,0,8,5
11,4,100,40,50,43,1,8,0
11,4,10,50,49,46,5,8,0
11,4,210,30,28,19,0,1,-2
11,4,250,90,113,54,0,7,-3
11,4,280,40,118,112,9,8,-8
11,4,210,60,133,117,-1,8,-4
11,4,210,30,63,49,0,8,-7
11,4,0,0,4,2,0,8,2
11,4,130,20,28,28,0,9,2
11,4,120,20,44,31,0,8,0
11,4,150,20,59,44,0,8,-2
11,4,190,10,56,43,0,8,-5
11,4,990,10,15,12,0,7,-9
11,4,40,50,38,20,0,8,4
11,4,290,30,34,22,0,8,-15
11,4,230,20,38,32,0,8,-2
11,4,240,10,20,16,-1,8,-2
11,4,10,10,11,8,0,8,-2
11,4,180,30,5,-3,-1,8,2
11,4,0,0,-51,-55,0,0,12
11,4,40,40,-31,-42,0,8,1
11,4,70,50,-10,-21,2,8,3
11,4,150,20,90,86,0,4,4
11,4,210,30,108,106,0,9,0
11,4,150,40,118,104,0,8,2
11,4,160,50,151,96,0,6,-8
11,4,120,40,132,94,0,8,-3
11,4,340,40,118,112,0,8,-1
11,4,50,40,99,83,0,8,-4
11,4,80,50,82,68,0,8,-7
11,4,110,10,87,79,0,8,1
11,4,110,20,47,44,0,0,2
11,4,120,40,73,47,0,8,1
11,4,130,30,33,19,0,0,-2
11,4,90,30,52,51,0,9,5
11,4,120,20,33,33,0,9,-3
11,4,70,20,-7,-12,0,0,-19
11,4,80,20,-22,-24,0,0,-5
11,4,180,40,2,1,0,9,6
11,4,200,20,89,80,0,8,-6
11,4,100,10,45,42,0,8,-3
11,4,0,0,-13,-13,0,5,-1
11,4,30,10,3,2,0,9,-2
11,4,50,10,-9,-11,0,7,8
11,4,280,10,66,66,0,9,10
11,4,210,30,67,64,0,5,0
11,4,210,30,72,62,0,8,-1
11,4,200,30,43,36,0,8,12
11,4,220,90,93,60,0,8,-6
11,4,200,20,12,9,0,0,2
11,4,180,50,53,42,0,8,-3
11,4,210,30,56,29,0,0,-5
11,4,150,50,59,36,0,1,2
11,4,220,70,55,31,0,1,1
11,4,200,60,49,42,0,1,-2
11,4,170,20,18,15,0,0,8
11,4,220,40,65,46,0,1,-5
11,4,270,20,21,18,0,1,-16
11,4,270,40,102,99,3,8,0
11,4,230,40,94,60,0,8,0
11,4,200,30,87,79,0,8,0
11,4,170,40,93,84,0,8,2
11,4,220,20,72,65,0,4,-11
11,4,210,30,49,48,0,9,3
11,4,200,50,69,65,1,8,1
11,4,100,20,83,79,0,8,1
11,4,0,0,22,22,0,9,3
11,4,170,20,37,13,0,8,1
11,4,160,20,11,6,0,1,2
11,4,360,20,82,79,3,8,0
11,4,130,10,2,1,0,9,3
11,4,170,40,83,80,0,5,4
11,4,130,40,32,28,0,8,-2
11,4,200,40,56,52,0,2,-6
11,4,180,70,68,49,0,8,2
11,4,100,10,38,38,0,9,10
11,4,200,100,130,98,-1,8,-1
11,4,170,40,52,43,0,1,4
11,4,180,50,77,61,-1,8,-7
11,4,270,10,6,6,0,7,-8
11,4,330,30,34,29,0,2,3
11,4,280,20,-18,-19,0,0,-1
11,4,210,40,105,84,0,7,-2
11,4,190,30,95,90,8,8,2
11,4,230,50,101,66,0,8,-5
11,4,200,110,102,92,6,8,9
11,4,220,30,49,39,0,0,-8
11,4,230,30,76,54,0,8,5
11,4,230,60,135,129,10,8,2
11,4,210,20,83,81,0,8,-6
11,4,240,60,80,54,0,5,-5
11,4,220,20,60,54,0,7,1
11,4,230,20,27,24,0,0,-17
11,4,180,60,72,30,0,8,-3
11,4,0,0,20,17,0,0,-12
11,4,190,40,48,37,0,7,1
11,4,340,30,45,36,0,1,-2
11,4,40,10,21,20,0,9,-3
11,4,190,20,39,36,1,8,3
11,4,160,10,22,19,0,8,10
11,4,200,40,50,31,0,8,-4
11,4,260,20,9,3,0,0,-9
11,4,110,30,26,17,0,8,2
11,4,10,40,20,-7,0,8,2
11,4,10,40,44,26,0,8,-2
11,4,310,30,39,31,-1,8,7
11,4,330,30,47,13,0,8,0
11,4,230,10,36,32,0,8,4
11,4,200,20,-2,-3,0,1,8
11,4,250,30,67,65,0,9,2
11,4,220,20,67,44,0,8,1
11,4,250,30,51,43,-1,7,-9
11,4,170,20,107,97,0,0,3
11,4,200,40,137,128,0,8,-10
11,4,190,70,119,107,0,4,-4
11,4,200,30,92,87,0,7,1
11,4,180,20,48,45,0,0,0
11,4,150,10,52,49,0,8,-5
11,4,160,60,64,41,0,8,3
11,4,210,50,95,71,0,1,-3
11,4,140,40,74,63,0,0,-1
11,4,180,40,96,92,0,8,1
11,4,130,40,50,46,0,0,7
11,4,120,30,88,72,0,5,-2
11,4,160,20,52,49,0,8,-1
11,4,110,30,72,67,0,3,10
11,4,130,10,100,97,19,8,-1
11,4,130,10,69,66,-1,8,3
11,4,130,30,83,78,0,8,0
11,4,10,20,60,57,0,8,7
11,4,50,20,78,74,0,8,0
11,4,60,20,31,28,0,8,8
11,4,80,30,19,16,0,0,5
11,4,140,30,44,37,0,2,3
11,4,160,20,98,90,-1,7,-5
11,4,300,30,68,64,-1,6,0
11,4,40,10,-18,-20,0,0,-1
11,4,110,40,44,26,0,8,-1
11,4,140,20,76,67,0,8,0
11,4,100,40,53,47,0,8,3
11,4,90,60,24,13,0,8,-1
11,4,130,20,30,24,0,8,-1
11,4,170,10,30,27,0,1,6
11,4,60,10,22,19,0,6,-1
11,4,140,20,41,35,0,0,-15
11,4,160,10,82,66,0,7,4
11,4,180,30,110,104,0,8,-2
11,4,210,30,146,138,-1,8,1
11,4,260,20,155,146,0,8,-3
11,4,200,20,94,93,0,1,-14
11,4,260,50,153,126,0,7,-2
11,4,220,50,135,102,0,8,1
11,4,210,40,118,96,0,8,2
11,4,220,30,128,101,0,8,-2
11,4,220,40,131,103,0,7,-1
11,4,230,60,82,43,0,3,-1
11,4,250,80,142,122,4,8,4
11,4,230,50,130,85,0,8,-2
11,4,220,30,126,115,1,8,-2
11,4,270,90,134,67,0,8,-12
11,4,250,90,132,81,0,,-2
11,4,230,30,88,71,0,8,-3
11,4,220,30,37,7,0,5,-6
11,4,280,40,23,4,0,8,-1
11,4,280,20,-11,-25,0,0,-9
11,4,200,60,23,-6,0,8,4
11,4,230,20,56,52,0,5,-7
11,4,300,20,10,3,0,,8
11,4,190,40,12,8,0,1,10
11,4,310,90,65,47,9,8,-3
11,4,220,60,89,75,-1,8,1
11,4,290,70,86,22,0,8,-4
11,4,200,10,34,31,0,8,4
11,4,250,20,71,67,5,8,-6
11,4,240,10,28,25,0,8,8
11,4,200,40,61,49,-1,8,2
11,4,220,30,69,65,0,8,3
11,4,240,40,50,34,-1,3,2
11,4,110,10,52,46,-1,8,0
11,4,30,20,19,11,0,8,3
11,4,140,30,16,10,0,8,6
11,4,150,20,40,37,3,8,6
11,4,360,50,37,27,0,8,-1
11,4,130,20,-18,-23,0,8,-2
11,4,130,30,35,30,3,8,2
11,4,140,10,-5,-5,0,7,9
11,4,210,40,73,73,1,9,3
11,4,210,30,129,126,5,8,1
11,4,230,20,87,82,-1,8,-3
11,4,200,40,60,49,6,8,5
11,4,200,70,52,30,0,2,7
11,4,130,60,68,21,0,8,3
11,4,160,50,114,97,1,8,4
11,4,190,80,112,74,0,4,-2
11,4,90,20,40,36,0,8,12
11,4,40,70,92,66,0,8,1
11,4,40,60,28,11,0,8,0
11,4,40,30,0,-9,0,8,-9
11,4,290,10,32,28,-1,8,7
11,4,40,30,-8,-20,0,0,-15
11,4,50,20,-53,-57,0,0,9
11,4,280,10,-61,-72,0,7,10
11,4,210,30,99,86,0,8,-1
11,4,200,30,62,38,0,0,-5
11,4,990,10,94,92,0,8,-3
11,4,170,20,73,62,0,8,0
11,4,240,20,89,84,8,8,-4
11,4,270,20,44,41,0,0,-10
11,4,150,10,-32,-34,0,9,4
11,4,50,10,26,23,0,8,3
11,4,190,20,67,52,0,8,-1
11,4,210,50,91,87,0,8,1
11,4,210,30,67,46,-1,8,-4
11,4,210,30,49,38,0,8,-2
11,4,310,40,52,33,-1,4,10
11,4,210,20,42,35,1,7,4
11,4,200,30,80,77,1,8,0
11,4,210,20,87,84,0,8,-1
11,4,280,10,24,22,0,0,-6
11,4,210,30,56,20,0,8,-2
11,4,270,20,40,26,1,8,2
11,4,220,40,48,27,0,8,-1
11,4,250,40,120,110,0,8,-1
11,4,210,70,112,76,0,8,-2
11,4,180,90,119,42,0,8,3
11,4,230,20,78,74,17,8,-7
11,4,250,20,-2,-5,0,8,10
11,4,210,40,30,16,-1,7,2
11,4,200,60,34,16,0,8,5
11,4,220,30,48,28,0,1,-5
11,4,210,20,16,9,-1,8,-3
11,4,270,30,19,12,0,7,4
11,4,140,40,83,52,0,8,-1
11,4,260,40,92,78,0,8,-6
11,4,180,10,4,3,0,6,-8
11,4,130,10,-7,-11,0,0,4
11,4,70,30,50,47,0,8,15
11,4,140,20,89,81,0,8,1
11,4,140,30,96,71,0,5,-8
11,4,200,40,101,86,0,6,-4
11,4,120,30,75,60,0,8,-3
11,4,160,70,126,96,1,8,-4
11,4,180,60,117,97,2,8,-2
11,4,160,20,101,96,4,8,-1
11,4,200,40,95,84,0,8,1
11,4,180,40,59,55,0,1,-4
11,4,140,20,40,36,0,0,-3
11,4,130,20,-3,-5,0,0,-11
11,4,80,40,24,6,0,0,6
11,4,70,40,7,-19,0,0,-7
11,4,30,40,30,22,0,8,17
11,4,70,70,22,-21,0,8,8
11,4,110,30,33,11,-1,8,0
11,4,80,30,30,7,0,8,1
11,4,130,20,-4,-7,0,6,7
11,4,60,30,14,8,0,8,-1
11,4,40,30,28,26,0,8,-3
11,4,60,30,47,43,8,8,0
11,4,10,10,26,18,0,8,5
11,4,140,40,41,31,-1,8,2
11,4,180,50,103,96,4,8,1
11,4,200,40,104,80,0,8,0
11,4,150,20,37,19,0,8,11
11,4,200,60,151,141,-1,8,-1
11,4,170,40,98,89,1,8,-8
11,4,200,40,104,97,-1,8,-2
11,4,200,30,88,82,2,8,0
11,4,350,20,88,82,0,8,-4
11,4,120,30,74,71,0,8,2
11,4,160,30,33,26,0,0,-4
11,4,210,30,54,50,-1,7,3
11,4,0,0,-17,-20,0,1,7
11,4,160,40,39,31,0,8,10
11,4,210,50,39,28,0,0,-2
11,4,200,60,54,48,4,8,3
11,4,110,40,36,28,0,8,8
11,4,30,40,23,15,0,8,-1
11,4,190,10,22,8,0,8,-15
11,4,0,0,26,19,0,0,-20
11,4,320,40,45,36,4,8,2
11,4,300,30,47,31,1,8,-1
11,4,120,10,-34,-37,0,0,-4
11,4,90,40,9,3,0,8,2
11,4,130,30,48,38,-1,8,0
11,4,110,40,48,26,0,8,1
11,4,80,10,12,12,0,8,9
11,4,120,10,49,48,0,9,-5
11,4,170,40,91,77,0,8,3
11,4,120,40,101,97,9,8,1
11,4,210,60,96,86,8,8,3
11,4,270,20,52,30,0,8,-5
11,4,190,10,-10,-13,0,0,-1
11,4,190,50,114,95,-1,8,-3
11,4,210,80,184,163,0,8,-7
11,4,200,30,72,51,0,1,-3
11,4,190,30,40,34,0,1,3
11,4,190,10,0,-4,0,5,4
11,4,50,10,26,23,0,2,-7
11,4,130,30,41,11,0,0,-3
11,4,130,10,34,31,0,8,7
11,4,0,0,93,92,0,4,-22
11,4,170,10,98,97,0,8,-18
11,4,180,20,108,107,0,8,-5
11,4,170,60,113,91,0,8,0
11,4,180,30,55,46,0,7,2
11,4,170,20,92,89,0,8,10
11,4,180,70,136,96,0,8,-2
11,4,210,50,84,57,0,2,2
11,4,210,60,112,91,0,8,4
11,4,190,50,116,89,0,8,-2
11,4,230,40,92,48,0,0,-4
11,4,230,20,36,30,0,5,5
11,4,200,60,62,36,-1,8,3
11,4,220,40,97,83,-1,8,0
11,4,230,10,53,50,0,4,-5
11,4,200,40,85,71,0,7,-2
11,4,160,30,45,26,0,8,-5
11,4,210,20,79,63,0,8,1
11,4,60,20,73,61,0,8,-5
11,4,110,20,46,38,0,8,-1
11,4,60,40,38,34,0,8,0
11,4,220,10,-26,-35,0,1,6
11,4,150,51,65,48,0,5,-3
11,4,240,82,125,93,0,8,2
11,4,200,108,123,78,0,8,-4
11,4,210,57,56,44,0,1,-5
11,4,250,51,78,66,0,7,0
11,4,240,26,21,17,-1,2,14
11,4,230,98,82,78,18,8,6
11,4,250,103,123,86,0,8,0
11,4,250,41,53,46,-1,1,-2
11,4,240,36,31,28,0,3,1
11,4,210,93,75,41,0,8,0
11,4,210,36,34,33,0,5,5
11,4,230,72,79,32,0,7,-5
11,4,180,51,45,24,0,2,5
11,4,210,36,43,34,0,5,-8
11,4,150,10,-9,-10,0,1,4
11,4,130,21,20,19,0,9,-1
11,4,130,51,36,27,6,8,3
11,4,110,31,62,58,0,7,-1
11,4,30,67,23,17,-1,8,3
11,4,10,36,-5,-9,0,2,4
11,4,190,41,-2,-6,0,8,0
11,4,190,26,40,28,0,8,0
11,4,160,15,5,2,0,0,-5
11,4,0,0,-13,-16,0,0,0
11,4,130,31,2,-6,0,5,3
11,4,210,15,28,15,0,5,5
11,4,150,26,2,-1,0,0,4
11,4,140,26,13,12,0,1,-5
11,4,120,21,6,0,0,0,-7
11,4,160,41,22,22,0,9,-2
11,4,190,62,49,37,-1,8,4
11,4,250,51,83,69,1,7,0
11,4,220,62,64,60,0,6,1
11,4,240,57,97,91,-1,8,-1
11,4,220,41,103,97,0,8,-3
11,4,210,46,75,69,0,2,0
11,4,0,0,93,92,-1,8,-2
11,4,130,21,39,38,0,6,12
11,4,250,51,103,91,0,7,-12
11,4,190,51,70,63,1,8,-2
11,4,250,82,53,40,6,6,-1
11,4,220,57,36,18,2,4,-7
11,4,250,62,38,28,-1,4,-5
11,4,120,41,32,25,5,8,3
11,4,230,72,77,58,-1,8,-4
11,4,210,26,63,57,5,8,3
11,4,260,41,46,34,3,4,-9
11,4,270,57,82,57,0,2,-1
11,4,260,36,39,19,0,1,0
11,4,240,46,44,37,0,7,-10
11,4,270,72,132,119,0,8,0
11,4,240,62,124,101,0,7,-2
11,4,220,41,97,88,1,8,6
11,4,200,72,112,81,7,8,8
11,4,270,87,82,63,1,8,1
11,4,240,46,45,30,0,1,-2
11,4,270,82,101,77,0,4,-5
11,4,130,26,43,30,0,8,8
11,4,190,46,123,110,0,8,-2
11,4,60,21,35,35,0,8,1
11,4,80,21,34,19,0,8,0
11,4,100,15,62,52,0,7,1
11,4,120,10,69,68,0,1,-22
11,4,80,21,56,47,0,0,-2
11,4,80,21,46,33,0,8,0
11,4,70,36,48,36,0,8,-1
11,4,350,21,59,59,1,8,0
11,4,220,21,57,57,0,8,2
11,4,200,41,77,52,0,8,-5
11,4,220,67,83,83,3,8,2
11,4,220,41,44,43,1,7,-3
11,4,200,51,61,49,0,7,-4
11,4,180,72,69,66,34,8,15
11,4,320,82,70,55,0,8,-4
11,4,50,21,18,-3,0,5,-11
11,4,90,21,0,-16,0,1,-1
11,4,90,31,-7,-34,0,0,2
11,4,80,15,-22,-41,0,0,2
11,4,50,36,-14,-37,0,7,-11
11,4,70,46,-38,-56,0,0,-5
11,4,340,10,-57,-68,0,7,-1
11,4,140,26,-40,-48,-1,8,5
11,4,130,5,-62,-69,0,0,-2
11,4,140,15,-37,-44,0,1,1
11,4,60,5,-39,-40,0,3,2
11,4,40,36,-31,-35,0,6,-3
11,4,80,41,-36,-54,0,8,-2
11,4,60,15,-32,-35,0,0,-23
11,4,130,41,-45,-63,0,6,-2
11,4,240,72,106,89,0,3,-4
11,4,160,15,31,31,0,0,-9
11,4,120,26,81,67,0,2,-7
11,4,130,46,117,84,0,1,-10
11,4,130,31,117,91,0,7,3
11,4,210,36,126,112,0,7,-1
11,4,300,5,108,100,-1,8,-3
11,4,180,10,107,107,0,8,-5
11,4,110,21,61,61,0,0,-8
11,4,150,26,97,97,12,8,2
11,4,330,5,87,87,0,7,-8
11,4,220,10,101,101,0,8,4
11,4,170,36,96,95,0,8,-2
11,4,210,62,135,119,0,8,3
11,4,240,67,126,120,0,7,-2
11,4,250,67,98,81,-1,3,-10
11,4,220,57,85,82,0,7,1
11,4,250,41,88,87,1,8,1
11,4,180,31,81,81,0,8,4
11,4,220,57,145,143,-1,8,2
11,4,240,21,61,61,0,3,5
11,4,140,10,61,61,0,2,0
11,4,190,10,94,94,0,7,1
11,4,230,41,103,103,0,8,1
11,4,240,26,51,51,0,7,6
11,4,240,31,94,94,0,8,3
11,4,20,21,105,105,0,8,-2
11,4,190,5,90,90,0,8,-1
11,4,20,10,56,56,0,8,0
11,4,90,21,36,36,0,4,2
11,4,220,26,77,77,23,8,2
11,4,290,21,41,41,0,5,-12
11,4,280,41,96,72,-1,7,-2
11,4,310,26,-11,-15,0,1,-4
11,4,0,0,-48,-49,0,0,-2
11,4,190,15,-45,-46,0,3,8
11,4,220,31,15,-9,0,7,2
11,4,140,26,69,69,0,8,-1
11,4,240,26,102,102,0,8,0
11,4,110,15,62,62,0,4,-1
11,4,120,31,98,82,0,7,0
11,4,110,31,80,49,0,3,-1
11,4,110,21,53,27,0,0,-6
11,4,240,36,113,110,0,8,0
11,4,180,57,92,78,1,8,0
11,4,210,46,102,102,27,8,0
11,4,300,10,52,37,1,8,-8
11,4,280,15,-16,-17,0,3,0
11,4,240,62,31,8,0,5,1
11,4,40,5,27,26,0,1,-19
11,4,120,26,-3,-10,0,1,-1
11,4,130,26,23,-4,0,4,-8
11,4,230,31,92,92,0,8,1
11,4,180,41,83,72,0,6,8
11,4,170,46,67,52,0,1,-9
11,4,130,36,62,44,0,4,3
11,4,160,26,57,54,0,2,0
11,4,140,21,63,60,0,7,-4
11,4,90,5,-16,-16,0,3,-2
11,4,80,26,45,38,0,8,0
11,4,280,60,132,132,-1,8,-1
11,4,230,70,130,116,0,8,1
11,4,220,90,139,125,0,8,-7
11,4,210,70,138,127,0,8,-3
11,4,220,90,108,82,0,3,-5
11,4,210,120,102,48,0,7,-2
11,4,230,80,97,88,6,8,-1
11,4,230,30,66,66,-1,7,-5
11,4,210,50,62,48,0,1,0
11,4,150,20,67,64,6,8,0
11,4,190,30,40,33,0,6,-15
11,4,190,30,90,85,0,8,-1
11,4,350,60,73,67,-1,8,-3
11,4,280,30,13,10,0,1,0
11,4,60,30,-16,-19,0,0,4
11,4,10,10,9,3,0,7,1
11,4,180,20,-2,-2,0,8,0
11,4,160,20,15,5,0,8,3
11,4,220,30,19,16,-1,6,4
11,4,160,70,55,48,4,8,5
11,4,250,60,27,12,0,4,-12
11,4,230,40,-5,-11,0,0,-6
11,4,200,50,20,-7,0,8,-4
11,4,220,40,6,6,3,8,-1
11,4,180,80,25,18,3,8,4
11,4,240,40,52,49,-1,7,8
11,4,360,30,2,-2,0,6,2
11,4,310,30,2,-1,0,7,2
11,4,200,50,22,19,0,7,0
11,4,240,50,31,24,0,4,-10
11,4,50,30,9,9,0,8,0
11,4,990,10,-25,-25,0,9,2
11,4,50,20,28,25,0,8,0
11,4,90,50,28,7,0,0,-6
11,4,150,40,84,84,0,7,1
11,4,140,30,104,104,5,8,0
11,4,180,80,131,110,0,8,-27
11,4,140,40,83,68,0,3,-2
11,4,180,60,104,90,-1,8,-1
11,4,190,50,80,58,0,1,0
11,4,190,50,67,50,0,1,-1
11,4,140,10,24,24,0,2,-5
11,4,230,20,58,58,0,7,-7
11,4,160,30,39,39,0,7,3
11,4,200,50,69,68,1,8,1
11,4,150,20,97,97,0,8,1
11,4,120,30,75,63,0,7,-8
11,4,130,60,36,12,0,1,-4
11,4,120,50,36,10,0,7,-7
11,4,130,30,8,-10,19,8,-3
11,4,160,30,75,74,0,7,5
11,4,130,20,32,32,0,7,8
11,4,110,20,44,44,0,8,-1
11,4,170,30,21,21,0,8,-4
11,4,110,30,32,17,0,7,-5
11,4,110,20,30,23,0,1,5
11,4,120,40,50,30,-1,7,-1
11,4,150,30,63,63,0,8,-2
11,4,170,40,85,85,-1,8,2
11,4,180,40,84,70,0,7,1
11,4,350,100,71,67,20,8,-4
11,4,220,50,49,41,0,4,-6
11,4,210,70,79,72,0,3,0
11,4,220,70,65,55,-1,8,0
11,4,240,40,37,33,0,7,-6
11,4,240,80,85,70,-1,7,1
11,4,150,10,13,13,0,1,0
11,4,150,40,21,20,0,7,2
11,4,170,40,114,114,10,8,7
11,4,220,50,105,103,0,8,1
11,4,250,40,37,33,0,1,3
11,4,150,30,22,22,0,4,-1
11,4,200,50,67,65,0,8,1
11,4,160,30,55,54,7,8,0
11,4,990,10,48,48,25,8,-2
11,4,280,30,47,41,0,7,-2
11,4,310,10,13,7,0,7,1
11,4,260,20,-37,-37,0,3,4
11,4,990,10,1,1,0,9,4
11,4,990,10,-52,-54,0,0,-10
11,4,140,20,-63,-65,0,0,0
11,4,100,20,-46,-71,0,1,0
11,4,130,20,-84,-97,0,0,4
11,4,160,10,-75,-80,0,0,-5
11,4,140,30,-4,-32,0,8,-2
11,4,210,20,12,4,0,8,1
11,4,260,30,35,35,7,2,14
11,4,180,20,34,34,0,1,-6
11,4,140,30,29,29,-1,8,0
11,4,20,40,17,14,0,8,0
11,4,160,50,81,64,0,3,-3
11,4,220,30,128,120,0,7,-4
11,4,220,30,52,44,0,3,-7
11,4,140,20,72,58,0,8,-1
11,4,170,40,51,43,0,7,-9
11,4,210,80,91,63,0,2,-9
11,4,250,60,83,73,-1,8,3
11,4,210,30,59,48,0,8,2
11,4,310,30,96,95,0,7,0
11,4,340,40,76,63,0,7,-12
11,4,20,60,66,52,0,7,-5
11,4,70,20,12,2,0,0,-11
11,4,10,20,-11,-11,0,0,2
11,4,310,30,81,81,2,8,0
11,4,10,20,-23,-29,0,1,1
11,4,160,10,-41,-44,0,2,4
11,4,240,40,28,26,2,8,3
11,4,240,50,4,3,13,8,3
11,4,350,50,18,12,0,8,1
11,4,10,60,20,9,0,8,-1
11,4,360,20,-20,-23,0,8,3
11,4,230,50,10,-2,0,8,1
11,4,230,30,45,45,0,7,10
11,4,200,30,68,63,0,8,0
11,4,210,60,77,64,0,7,-3
11,4,200,50,88,81,0,8,-1
11,4,190,70,67,37,0,8,1
11,4,190,50,79,62,0,7,5
11,4,190,50,76,44,0,7,4
11,4,210,40,71,63,-1,8,1
11,4,190,60,77,56,0,4,-5
11,4,180,50,59,45,0,1,-7
11,4,200,50,72,46,0,1,0
11,4,200,40,50,41,0,1,-4
11,4,180,40,35,31,0,2,3
11,4,120,70,70,49,12,8,6
11,4,100,30,70,57,0,2,4
11,4,190,60,79,61,0,6,-4
11,4,210,60,79,62,1,7,0
11,4,210,50,50,30,0,6,1
11,4,190,60,66,36,-1,7,-2
11,4,180,70,84,28,0,7,0
11,4,200,30,77,71,0,7,3
11,4,160,30,40,33,0,1,-1
11,4,180,40,36,30,0,1,-11
11,4,180,60,60,42,0,5,-1
11,4,210,40,37,32,0,2,-6
11,4,220,60,44,35,0,7,1
11,4,190,70,88,65,0,8,-6
11,4,180,40,60,48,9,8,-3
11,4,150,50,43,28,0,3,2
11,4,200,70,83,54,0,1,-5
11,4,130,30,56,42,0,5,2
11,4,200,60,72,58,0,7,2
11,4,170,50,61,43,0,7,3
11,4,200,50,70,60,0,1,-4
11,4,200,40,48,36,0,1,-2
11,4,180,50,89,84,33,8,10
11,4,150,40,82,74,0,1,5
11,4,210,30,97,85,0,4,-21
11,4,250,40,70,60,0,2,-14
11,4,190,10,27,27,0,2,-1
11,4,210,20,79,78,0,7,2
11,4,220,20,81,70,0,7,-18
11,4,310,20,88,60,0,7,-22
11,4,210,80,73,43,0,7,4
11,4,230,40,71,63,0,3,6
11,4,230,30,84,83,16,8,3
11,4,350,40,19,13,0,2,-4
11,4,170,10,-28,-28,0,3,-4
11,4,200,30,8,-17,0,5,5
11,4,210,20,67,67,0,9,2
11,4,10,40,66,50,0,7,-12
11,4,290,20,6,-1,0,1,6
11,4,50,20,-32,-34,0,0,-1
11,4,230,20,12,12,-1,8,4
11,4,990,10,62,62,0,8,1
11,4,50,30,46,46,0,8,2
11,4,990,10,63,49,0,8,-30
11,4,220,10,55,55,0,8,2
11,4,230,50,72,49,0,6,0
11,4,230,90,82,78,9,8,7
11,4,300,50,30,6,0,6,-9
11,4,210,40,38,32,2,8,-1
11,4,250,20,97,97,-1,8,2
11,4,320,30,76,72,7,8,-3
11,4,990,10,-25,-25,0,1,-4
11,4,230,30,55,52,0,7,-3
11,4,190,40,55,43,0,7,7
11,4,220,30,107,107,-1,8,1
11,4,150,30,60,60,0,,9
11,4,260,40,137,127,0,,-5
11,4,140,50,128,124,30,,2
11,4,230,30,71,67,0,,4
11,4,10,10,85,83,0,,0
11,4,150,30,36,35,0,,4
11,4,990,10,69,66,3,,6
11,4,230,20,39,34,0,,-8
11,4,310,60,89,72,0,,-13
11,4,160,10,-3,-4,0,,4
11,4,260,20,98,96,0,,-9
11,4,190,40,83,71,0,,-4
11,4,160,30,88,84,0,,7
11,4,130,50,91,65,2,,9
11,4,140,30,55,47,0,,-1
11,4,40,20,42,42,0,,5
11,4,240,40,84,80,0,,-1
11,4,200,30,54,51,0,,-11
11,4,990,10,65,63,0,,-2
11,4,90,20,46,41,0,,-1
11,4,130,40,83,69,1,,1
11,4,160,30,81,74,0,,4
11,4,150,30,32,27,0,,-3
11,4,170,30,78,74,0,,-1
11,4,50,20,54,53,0,,5
11,4,240,30,74,70,0,,-12
11,4,140,30,9,9,0,,0
11,4,160,30,53,49,0,,-5
11,4,180,30,80,70,0,,-6
11,4,180,10,50,48,0,,8
11,4,210,40,86,85,6,,0
11,4,180,40,56,51,0,,4
11,4,200,70,110,96,4,,-5
11,4,240,30,65,54,0,,-9
11,4,150,20,72,70,0,,-18
11,4,120,20,49,40,0,,-17
11,4,100,40,59,18,0,,-3
11,4,70,50,61,33,0,,1
11,4,110,20,28,18,0,,-6
11,4,130,20,79,54,0,,-3
11,4,100,30,34,30,0,,4
11,4,130,30,-3,-7,0,,-2
11,4,260,40,94,83,0,,-11
11,4,130,40,50,47,0,,-10
11,4,190,50,68,49,0,,4
11,4,130,10,43,39,0,,2
11,4,240,40,68,61,0,,-4
11,4,230,60,99,97,1,,4
11,4,240,60,125,115,0,,1
11,4,170,30,106,103,0,,1
11,4,180,40,75,62,0,,-4
11,4,150,30,84,77,0,,-4
11,4,180,40,133,99,0,,1
11,4,160,20,113,106,-1,,-2
11,4,300,20,66,59,0,,-4
11,4,170,60,72,51,0,,-2
11,4,180,10,54,53,0,,-1
11,4,240,20,16,16,0,,-3
11,4,190,30,26,26,0,,-1
11,4,170,50,51,41,0,,-3
11,4,20,30,28,20,0,,12
11,4,60,40,78,67,1,,1
11,4,120,10,90,86,1,,-6
11,4,220,20,91,86,0,,7
11,4,230,30,46,40,0,,7
11,4,250,40,88,72,0,,-1
11,4,320,10,59,48,0,,-8
11,4,210,20,57,44,-1,,-1
11,4,70,30,25,15,0,,-7
11,4,260,30,22,13,2,,3
11,4,60,30,39,27,0,,-2
11,4,200,20,-21,-26,0,,-2
11,4,310,30,35,18,0,,-5
11,4,310,20,15,11,0,,-1
11,4,210,20,14,9,0,,9
11,4,230,30,74,62,0,,-3
11,4,230,60,102,86,0,,2
11,4,250,90,107,92,-1,,1
11,4,280,50,28,15,0,,10
11,4,260,40,14,7,1,,-4
11,4,220,40,-15,-22,0,,2
11,4,220,70,96,84,1,,4
11,4,270,40,109,87,0,,-3
11,4,0,0,-23,-26,0,,-5
11,4,140,30,-11,-13,0,,-1
11,4,240,50,12,1,0,,-1
11,4,250,20,68,65,0,,4
11,4,190,40,87,75,0,,-2
11,4,40,10,63,61,0,,-2
11,4,30,10,51,49,0,,8
11,4,190,30,135,123,0,,-1
11,4,150,50,90,66,-1,,-1
11,4,180,50,136,126,0,,4
11,4,180,30,138,112,0,,2
11,4,210,40,68,58,0,,-1
11,4,190,40,87,76,0,,-2
11,4,190,50,102,93,16,,-2
11,4,150,30,80,77,0,,-3
11,4,160,40,69,49,0,,-5
11,4,220,20,34,32,0,,-7
11,4,210,60,105,102,0,,2
11,4,190,60,100,61,0,,-7
11,4,180,10,58,56,0,,-1
11,4,0,0,15,14,0,,-4
11,4,210,60,52,45,0,,1
11,4,240,30,60,56,3,,-4
11,4,280,30,41,31,-1,,-10
11,4,280,20,20,15,0,,-3
11,4,230,10,-33,-35,0,,4
11,4,250,20,27,27,0,,-1
11,4,240,30,31,31,0,,0
11,4,70,20,10,-5,0,,-3
11,4,40,20,18,4,0,,0
11,4,220,20,19,17,0,,2
11,4,240,100,11,10,41,,-1
11,4,210,90,3,0,10,,-2
11,4,200,10,4,3,0,,1
11,4,220,30,9,9,0,,0
11,4,220,40,19,17,0,,2
11,4,220,30,23,20,0,,-1
11,4,280,30,68,31,-1,,4
11,4,220,10,-1,-11,0,,15
11,4,300,10,18,13,0,,-5
11,4,250,20,62,56,0,,-20
11,4,240,50,84,75,0,,-3
11,4,230,30,90,80,0,,3
11,4,200,30,71,62,0,,-12
11,4,240,40,52,43,0,,-2
11,4,260,30,101,92,1,,-3
11,4,190,10,22,15,0,,-6
11,4,210,70,61,49,18,,3
11,4,280,70,73,49,5,,-2
11,4,220,70,84,64,0,,1
11,4,240,50,113,92,0,,-9
11,4,190,40,126,110,0,,4
11,4,190,70,132,90,0,,3
11,4,210,20,106,98,0,8,-2
11,4,200,60,102,73,-1,8,-1
11,4,130,20,50,43,0,7,8
11,4,190,70,56,38,0,2,7
11,4,240,60,100,91,24,8,-4
11,4,210,60,44,33,-1,7,2
11,4,190,60,83,73,3,8,4
11,4,190,40,75,65,0,0,-3
11,4,170,70,148,114,3,8,7
11,4,180,40,109,86,0,8,-1
11,4,140,40,75,60,0,7,2
11,4,130,30,89,72,0,0,1
11,4,210,40,81,75,0,2,-3
11,4,200,20,44,41,0,9,-5
11,4,220,30,98,81,0,8,0
11,4,230,30,110,102,0,8,0
11,4,270,20,129,129,1,8,1
11,4,310,20,76,73,0,8,2
11,4,100,10,79,74,0,8,-5
11,4,260,40,71,55,0,6,7
11,4,230,60,76,49,0,8,3
11,4,240,30,75,74,0,8,-8
11,4,280,40,38,17,3,5,-5
11,4,270,50,79,64,-1,8,10
11,4,270,80,111,83,-1,8,-2
11,4,240,30,12,3,0,1,8
11,4,260,40,50,45,9,8,-4
11,4,340,30,21,13,0,3,1
11,4,10,20,-19,-28,0,0,6
11,4,230,20,-20,-30,0,1,-6
11,4,210,20,-6,-9,0,6,-5
11,4,130,30,-15,-17,0,0,-17
11,4,130,40,31,-1,0,7,-1
11,4,110,30,52,38,-1,7,0
11,4,130,40,86,31,0,8,4
11,4,150,30,41,41,0,0,-1
11,4,230,20,49,49,0,7,-6
11,4,230,10,-19,-20,0,0,-9
11,4,240,60,73,67,3,8,1
11,4,290,40,36,21,1,8,-2
11,4,270,20,37,26,0,8,2
11,4,170,30,42,37,0,6,-6
11,4,200,50,46,16,-1,8,-6
11,4,230,40,27,26,0,5,13
11,4,50,30,53,47,0,8,2
11,4,180,30,77,62,0,2,-11
11,4,70,60,78,72,0,8,3
11,4,110,10,50,50,0,9,-2
11,4,40,50,75,74,0,8,4
11,4,160,20,89,87,3,8,-1
11,4,170,20,51,50,0,0,-6
11,4,200,40,70,65,0,0,-3
11,4,180,80,105,88,15,8,0
11,4,200,90,117,100,3,8,7
11,4,300,100,113,83,-1,8,-20
11,4,210,50,68,54,0,0,-3
11,4,220,30,69,62,0,8,-1
11,4,200,50,77,46,0,8,1
11,4,210,40,104,95,0,8,1
11,4,250,30,105,94,0,8,-9
11,4,260,10,33,24,0,8,-4
11,4,190,50,58,19,0,8,1
11,4,260,20,70,59,0,8,0
11,4,250,60,90,85,3,8,4
11,4,270,80,92,65,9,8,-2
11,4,300,30,3,0,2,7,2
11,4,250,40,-3,-12,0,0,-15
11,4,240,40,22,18,-1,8,-3
11,4,260,20,-8,-14,0,1,2
11,4,210,20,-15,-19,0,8,6
11,4,200,50,49,46,0,8,0
11,4,180,40,26,12,0,8,-1
11,4,190,20,15,-3,0,8,-6
11,4,70,30,5,-11,0,8,2
11,4,200,30,115,113,0,9,0
11,4,200,30,103,93,0,8,-6
11,4,190,40,44,42,0,0,0
11,4,220,40,71,68,0,6,-1
11,4,210,60,78,64,2,8,-3
11,4,210,20,64,61,0,0,1
11,4,190,60,81,70,1,8,2
11,4,130,30,24,21,0,0,-4
11,4,360,30,50,46,0,8,6
11,4,280,10,58,52,-1,7,-2
11,4,230,30,55,49,0,8,-6
11,4,160,40,42,24,0,8,-1
11,4,200,60,125,99,-1,7,-1
11,4,150,60,137,92,0,8,-1
11,4,190,40,104,91,-1,8,-7
11,4,130,20,80,75,0,8,4
11,4,210,50,109,69,0,7,-2
11,4,200,60,89,74,0,7,1
11,4,200,60,102,79,0,4,-6
11,4,170,40,110,68,0,0,1
11,4,140,20,117,112,4,8,0
11,4,190,60,124,110,12,8,-1
11,4,220,110,81,58,2,7,6
11,4,230,60,96,71,0,8,-4
11,4,200,90,128,74,0,8,-1
11,4,200,70,86,57,0,7,1
11,4,180,50,73,64,0,7,8
11,4,200,70,73,44,0,7,-4
11,4,190,60,99,52,0,8,2
11,4,170,30,59,41,0,8,0
11,4,20,10,73,71,0,9,-2
11,4,220,30,86,84,0,9,6
11,4,220,90,129,94,0,8,-1
11,4,230,70,148,131,-1,8,3
11,4,230,90,140,105,0,8,1
11,4,270,20,102,98,21,8,1
11,4,0,0,35,34,0,7,3
11,4,140,20,25,19,0,7,12
11,4,90,30,52,42,-1,8,2
11,4,360,40,50,45,1,8,-1
11,4,210,40,29,18,0,0,-1
11,4,240,90,110,55,0,8,2
11,4,260,60,135,124,14,8,-12
11,4,190,50,133,120,1,8,-5
11,4,200,30,62,50,0,8,-4
11,4,140,10,-1,-4,0,8,0
11,4,50,10,29,28,0,9,3
11,4,110,20,47,35,0,8,0
11,4,160,20,60,44,0,8,1
11,4,170,20,67,56,0,8,-5
11,4,50,20,0,-1,0,0,5
11,4,40,50,42,14,0,8,1
11,4,290,20,40,31,-1,8,1
11,4,240,30,24,17,0,1,7
11,4,250,20,26,21,-1,8,1
11,4,0,0,4,1,-1,8,-4
11,4,160,20,-2,-11,0,8,5
11,4,120,20,-35,-43,0,0,-8
11,4,30,40,-25,-44,0,8,0
11,4,70,40,-15,-21,1,8,2
11,4,140,30,92,85,0,0,-7
11,4,210,20,110,107,0,8,-8
11,4,140,40,121,104,0,6,3
11,4,130,40,136,90,0,8,-3
11,4,120,40,136,89,0,8,-3
11,4,310,30,106,101,0,8,5
11,4,30,60,93,85,0,8,-2
11,4,70,20,77,68,0,8,-5
11,4,140,10,84,71,0,8,-4
11,4,110,10,53,47,0,0,-6
11,4,120,40,77,48,0,8,1
11,4,120,20,33,15,0,0,2
11,4,90,20,63,61,0,9,-1
11,4,80,10,17,15,0,9,-2
11,4,70,20,1,-6,0,0,-7
11,4,90,20,11,-7,0,0,-1
11,4,180,30,3,2,0,9,5
11,4,180,30,85,74,0,8,0
11,4,100,10,58,55,0,8,6
11,4,160,10,-7,-8,0,0,-3
11,4,10,20,9,8,0,9,-4
11,4,190,10,-8,-10,0,3,6
11,4,160,10,58,56,0,9,4
11,4,210,30,77,74,0,8,-1
11,4,200,30,52,45,0,8,5
11,4,210,30,42,37,0,7,4
11,4,220,90,92,57,0,8,-4
11,4,180,20,9,5,0,0,4
11,4,170,40,51,35,0,8,3
11,4,220,40,48,27,0,0,3
11,4,130,40,57,33,0,0,5
11,4,220,90,61,32,0,7,-2
11,4,190,40,45,40,0,3,2
11,4,160,20,30,27,0,8,-1
11,4,220,60,68,51,0,7,-9
11,4,240,20,6,2,0,0,-2
11,4,240,30,94,91,5,8,5
11,4,230,60,94,68,0,8,-1
11,4,200,30,86,77,0,8,-1
11,4,170,40,97,84,0,8,0
11,4,220,40,70,62,0,3,0
11,4,220,30,51,47,0,8,3
11,4,190,40,65,61,2,8,0
11,4,100,20,83,63,0,8,-5
11,4,150,10,35,29,0,8,3
11,4,190,10,40,15,0,8,1
11,4,150,30,12,4,0,0,-3
11,4,240,20,83,80,13,8,0
11,4,130,20,13,13,0,9,11
11,4,150,30,84,78,0,8,-14
11,4,140,40,29,25,0,8,-1
11,4,190,30,57,51,0,1,4
11,4,170,60,64,44,0,8,4
11,4,10,20,68,68,0,8,2
11,4,200,90,136,90,0,8,0
11,4,170,40,53,39,0,0,-3
11,4,190,40,77,54,-1,8,-5
11,4,990,10,28,28,0,8,0
11,4,330,30,45,41,0,8,-2
11,4,280,10,-19,-20,0,0,-4
11,4,200,40,102,77,0,7,1
11,4,170,20,93,88,14,8,4
11,4,210,90,99,68,0,7,-7
11,4,190,80,100,87,2,8,6
11,4,210,40,44,35,0,0,-4
11,4,240,50,75,59,0,8,2
11,4,220,90,137,125,2,8,0
11,4,230,20,79,76,0,7,9
11,4,230,90,79,63,5,8,-7
11,4,220,30,59,53,0,7,-3
11,4,200,10,6,3,0,0,-3
11,4,180,50,67,30,1,8,3
11,4,230,10,19,17,0,3,-8
11,4,170,40,39,26,0,8,-3
11,4,340,30,61,52,0,8,-7
11,4,0,0,-3,-6,0,8,6
11,4,170,10,33,27,0,8,2
11,4,0,0,36,31,0,8,1
11,4,180,20,40,21,0,8,2
11,4,990,10,-11,-17,0,4,-5
11,4,110,20,32,14,-1,8,0
11,4,10,50,25,-3,0,8,1
11,4,10,30,44,24,0,8,1
11,4,220,10,20,16,0,8,2
11,4,320,20,42,21,0,8,-1
11,4,260,10,24,19,-1,7,1
11,4,180,10,-3,-5,0,2,-5
11,4,250,20,62,60,0,9,1
11,4,230,20,58,48,0,8,3
11,4,250,40,45,38,1,8,0
11,4,150,20,93,86,0,2,-3
11,4,200,40,147,127,0,8,-6
11,4,200,50,115,99,0,2,-1
11,4,190,20,91,85,0,7,1
11,4,210,10,52,49,0,0,-4
11,4,110,10,53,50,0,8,-4
11,4,140,50,47,29,0,3,1
11,4,200,50,91,69,0,3,-2
11,4,140,30,68,51,0,5,5
11,4,170,30,90,83,-1,8,4
11,4,130,20,55,48,0,0,4
11,4,130,30,93,69,0,6,-4
11,4,180,10,57,54,0,7,-3
11,4,110,20,85,73,0,7,2
11,4,990,10,101,96,15,8,-3
11,4,80,10,75,72,-1,8,3
11,4,130,30,86,72,0,8,-4
11,4,40,20,65,62,0,7,14
11,4,40,20,79,68,0,8,-1
11,4,60,20,23,20,0,3,24
11,4,70,30,31,22,0,0,-2
11,4,140,30,43,32,0,0,3
11,4,130,20,92,82,0,8,-6
11,4,330,40,85,74,2,8,-4
11,4,10,10,-13,-15,0,0,5
11,4,90,30,45,22,0,8,5
11,4,130,30,73,53,0,8,-1
11,4,100,30,59,49,0,7,5
11,4,90,40,26,10,0,1,3
11,4,110,20,34,22,0,8,-1
11,4,160,20,39,36,0,0,-5
11,4,70,10,31,30,0,1,4
11,4,130,20,40,33,0,0,-2
11,4,140,30,73,57,0,7,6
11,4,150,20,104,101,0,8,-4
11,4,200,50,144,136,0,8,1
11,4,270,20,162,149,-1,8,-20
11,4,210,20,91,90,0,2,-2
11,4,250,50,154,135,-1,8,-4
11,4,220,80,137,101,0,8,-1
11,4,210,50,120,95,0,8,-1
11,4,220,30,121,100,-1,8,0
11,4,210,50,127,95,0,8,7
11,4,230,70,75,40,-1,1,5
11,4,240,90,129,120,5,8,10
11,4,230,80,127,82,0,8,-1
11,4,210,50,127,117,4,8,-3
11,4,270,100,135,70,0,8,-2
11,4,250,100,135,75,0,,-2
11,4,240,50,88,78,-1,8,-2
11,4,220,40,26,14,0,1,-1
11,4,280,20,6,-4,0,1,7
11,4,310,30,2,-13,0,1,-19
11,4,200,60,18,-8,0,8,0
11,4,230,40,49,45,0,5,-3
11,4,280,20,27,23,0,,-9
11,4,180,30,7,3,0,0,-2
11,4,290,70,67,56,6,8,-4
11,4,230,80,85,71,2,8,3
11,4,280,70,90,26,0,8,-6
11,4,0,0,39,36,0,8,-6
11,4,270,30,69,60,1,7,3
11,4,230,20,28,25,0,2,5
11,4,180,30,57,48,0,8,0
11,4,220,50,68,65,-1,8,5
11,4,230,50,43,34,2,3,0
11,4,130,10,53,40,0,8,-2
11,4,330,20,28,16,0,8,-2
11,4,140,30,16,9,0,8,7
11,4,160,20,38,35,1,8,1
11,4,360,60,39,29,3,8,-1
11,4,140,20,-18,-23,0,8,4
11,4,140,20,35,23,3,8,-1
11,4,100,10,4,-1,0,0,-11
11,4,210,60,69,66,1,8,2
11,4,210,40,126,123,10,8,2
11,4,240,40,90,85,4,8,-1
11,4,200,20,54,47,15,8,4
11,4,200,60,53,34,0,7,0
11,4,130,50,64,23,0,8,4
11,4,170,50,120,96,-1,8,3
11,4,180,70,119,73,0,8,-8
11,4,50,10,68,63,0,8,-10
11,4,40,60,89,68,0,8,2
11,4,50,50,32,16,0,0,-4
11,4,30,30,11,-4,0,8,-5
11,4,270,20,26,24,-1,8,5
11,4,50,40,2,-11,0,0,-21
11,4,70,20,-44,-54,0,0,-9
11,4,200,20,-65,-72,0,8,-5
11,4,220,40,101,81,0,8,-3
11,4,220,40,61,40,0,0,6
11,4,150,10,90,87,0,8,0
11,4,140,10,63,54,0,8,3
11,4,270,30,91,78,5,8,-4
11,4,270,10,38,35,0,4,-20
11,4,150,10,-12,-16,0,0,-15
11,4,30,20,45,39,-1,8,-1
11,4,190,10,62,55,0,8,0
11,4,210,60,87,83,0,8,0
11,4,220,60,59,45,1,8,-2
11,4,190,20,43,37,0,8,1
11,4,290,30,45,36,1,6,-1
11,4,220,30,19,13,0,7,10
11,4,200,30,78,69,0,8,-3
11,4,190,30,86,80,0,8,0
11,4,0,0,48,45,0,1,-12
11,4,220,40,38,16,0,8,3
11,4,250,30,28,21,0,5,-1
11,4,220,30,38,24,0,8,5
11,4,230,40,113,109,-1,8,0
11,4,210,80,109,74,0,8,-7
11,4,190,70,118,40,0,8,9
11,4,270,30,80,74,13,8,-5
11,4,240,10,16,13,0,1,-7
11,4,220,60,30,13,0,8,-4
11,4,200,50,31,14,0,8,6
11,4,240,40,45,34,0,5,-7
11,4,210,30,-10,-14,0,0,-2
11,4,250,20,8,3,0,1,4
11,4,140,30,87,48,0,6,-5
11,4,240,40,93,84,-1,8,-9
11,4,170,10,3,-1,0,8,-3
11,4,130,10,-4,-7,0,0,7
11,4,80,30,72,64,0,8,5
11,4,130,20,82,72,0,8,-1
11,4,140,30,102,67,0,8,-2
11,4,200,50,104,82,0,7,-17
11,4,110,20,82,61,0,8,-4
11,4,140,40,118,87,-1,8,6
11,4,180,50,119,88,-1,8,0
11,4,140,20,103,95,2,8,-2
11,4,190,40,89,77,0,8,2
11,4,170,30,54,50,0,1,0
11,4,140,30,41,36,0,8,0
11,4,140,20,11,6,0,0,0
11,4,70,30,40,8,0,0,-2
11,4,50,40,9,-21,0,0,-5
11,4,30,40,32,21,0,8,11
11,4,60,70,24,-28,0,8,8
11,4,100,30,35,10,-1,8,-5
11,4,70,30,30,4,0,8,0
11,4,120,20,5,-4,0,7,5
11,4,70,30,15,6,0,8,-3
11,4,40,30,25,17,0,8,1
11,4,50,30,47,40,6,8,1
11,4,50,20,33,16,0,8,0
11,4,130,40,36,15,0,8,4
11,4,160,30,98,90,2,8,3
11,4,190,40,101,75,0,8,-1
11,4,130,30,39,12,0,8,5
11,4,200,50,147,137,1,8,2
11,4,170,30,91,85,7,8,6
11,4,180,40,100,92,0,8,3
11,4,190,30,87,78,1,8,0
11,4,290,20,85,82,1,8,1
11,4,130,30,78,72,0,8,1
11,4,170,30,30,21,0,0,1
11,4,220,40,52,47,-1,8,4
11,4,70,10,-4,-6,0,7,-7
11,4,160,40,29,20,-1,8,5
11,4,200,60,41,25,0,7,1
11,4,190,50,51,41,2,8,4
11,4,110,30,41,25,0,8,2
11,4,30,50,23,10,0,8,-1
11,4,0,0,11,4,0,8,-8
11,4,120,10,16,5,0,0,-4
11,4,340,50,42,35,34,8,2
11,4,240,30,42,24,-1,8,-2
11,4,0,0,-15,-19,0,7,-5
11,4,80,30,6,-1,0,8,1
11,4,130,30,51,35,-1,8,4
11,4,110,50,48,23,0,8,-2
11,4,100,10,22,17,0,8,3
11,4,130,20,61,59,0,1,-12
11,4,160,30,82,77,-1,8,6
11,4,110,50,99,92,29,8,-2
11,4,220,100,98,77,-1,8,1
11,4,270,10,58,35,0,8,-12
11,4,150,10,-14,-16,0,0,-5
11,4,180,40,117,95,-1,8,-2
11,4,200,70,177,168,3,8,-4
11,4,210,40,80,59,0,1,-12
11,4,220,30,34,30,0,0,1
11,4,0,0,-7,-11,0,5,-5
11,4,20,10,26,23,0,5,-6
11,4,140,30,42,11,0,0,-1
11,4,80,10,49,47,0,8,-3
11,4,130,20,103,99,0,8,-1
11,4,180,10,87,87,0,8,-12
11,4,210,20,109,109,0,9,-2
11,4,140,30,101,86,0,8,3
11,4,170,30,56,45,0,7,-6
11,4,150,10,102,100,0,8,10
11,4,180,60,139,95,0,8,-4
11,4,210,80,91,63,0,6,4
11,4,210,60,106,95,0,8,1
11,4,180,40,115,85,0,8,-2
11,4,230,60,93,50,0,3,-5
11,4,240,30,28,25,0,3,-9
11,4,190,50,53,21,0,8,5
11,4,220,70,93,78,0,8,-2
11,4,240,20,61,57,0,7,-19
11,4,180,40,77,70,0,8,-8
11,4,130,30,34,24,0,8,-4
11,4,190,20,73,58,0,8,3
11,4,100,20,56,45,0,8,-1
11,4,90,30,43,34,0,8,1
11,4,80,30,33,18,0,8,-1
11,4,180,10,-50,-56,0,0,0
11,4,140,41,57,37,0,0,1
11,4,230,82,126,105,0,7,1
11,4,200,82,123,82,0,7,-2
11,4,220,62,55,40,0,0,-3
11,4,260,31,78,59,0,7,1
11,4,270,26,40,28,11,7,-7
11,4,230,82,89,81,19,8,4
11,4,240,77,123,88,0,8,2
11,4,240,31,55,35,0,2,0
11,4,250,21,29,20,5,2,-8
11,4,200,93,69,39,0,8,-1
11,4,120,26,23,19,0,0,1
11,4,230,57,80,38,0,7,-6
11,4,190,51,46,25,0,1,1
11,4,210,46,41,34,0,2,-3
11,4,0,0,-16,-19,0,0,-3
11,4,110,10,11,8,0,9,6
11,4,150,36,41,23,-1,8,1
11,4,90,21,54,50,0,6,9
11,4,40,62,24,15,-1,8,4
11,4,360,15,-5,-11,0,0,5
11,4,200,36,-1,-7,0,8,-1
11,4,210,31,46,34,0,8,-2
11,4,180,5,12,8,0,0,-3
11,4,0,0,-2,-5,0,0,-4
11,4,150,15,1,-10,0,0,2
11,4,0,0,26,17,0,3,-3
11,4,170,10,19,18,0,0,-5
11,4,150,5,18,15,0,0,-6
11,4,90,46,11,4,0,0,-1
11,4,170,36,36,36,0,8,-8
11,4,190,51,55,40,0,8,-5
11,4,240,51,87,72,0,7,-2
11,4,220,57,60,50,0,7,6
11,4,230,57,96,88,1,8,1
11,4,220,31,107,95,0,8,-1
11,4,210,51,81,73,0,7,0
11,4,100,10,93,87,0,8,-14
11,4,140,10,47,41,0,3,6
11,4,230,72,106,85,0,7,-8
11,4,180,46,70,55,-1,8,-1
11,4,260,67,52,35,14,7,-1
11,4,230,57,36,18,0,4,-7
11,4,260,41,37,21,0,7,-8
11,4,130,62,34,19,-1,8,-1
11,4,220,77,78,59,-1,8,-4
11,4,150,21,69,54,-1,8,-3
11,4,250,36,50,37,0,7,1
11,4,270,57,84,46,0,2,-10
11,4,240,41,35,15,0,2,-1
11,4,250,41,41,32,-1,7,-12
11,4,270,67,131,115,0,8,-2
11,4,240,67,126,100,0,8,-2
11,4,220,41,97,85,1,8,2
11,4,200,87,117,78,5,8,-1
11,4,260,123,85,54,2,8,-7
11,4,230,51,44,28,0,0,0
11,4,260,72,102,73,0,5,-7
11,4,80,26,22,15,0,8,0
11,4,180,36,113,104,0,3,7
11,4,100,21,32,32,0,8,0
11,4,110,21,31,22,0,8,-1
11,4,100,26,51,47,0,7,0
11,4,60,10,56,56,0,1,-14
11,4,70,26,33,33,0,0,-5
11,4,50,26,54,51,0,8,4
11,4,60,46,45,39,0,8,1
11,4,350,10,60,60,1,8,0
11,4,240,15,53,53,0,8,-1
11,4,180,36,70,55,0,8,2
11,4,220,82,84,84,8,8,0
11,4,210,31,32,32,0,2,15
11,4,190,41,63,54,0,6,-3
11,4,150,57,57,57,49,8,13
11,4,330,72,73,56,-1,8,0
11,4,40,26,24,0,0,5,-6
11,4,80,26,-22,-22,0,2,8
11,4,80,36,-26,-29,0,0,6
11,4,80,31,-37,-41,0,0,-3
11,4,40,26,-23,-40,0,5,-8
11,4,60,72,-42,-52,0,3,0
11,4,80,15,-58,-62,0,8,2
11,4,110,15,-64,-64,0,6,20
11,4,150,15,-56,-61,0,0,-3
11,4,120,15,-44,-44,0,2,9
11,4,60,15,-34,-34,0,3,-2
11,4,50,51,-35,-35,0,5,0
11,4,60,62,-36,-47,0,8,1
11,4,20,10,-38,-38,0,0,1
11,4,120,51,-47,-57,0,3,0
11,4,240,67,108,88,0,4,-2
11,4,240,10,31,31,0,0,-16
11,4,110,31,79,67,0,7,-8
11,4,130,46,112,82,0,2,-4
11,4,100,41,113,91,0,7,-8
11,4,220,46,128,117,0,8,-7
11,4,80,15,110,110,-1,8,-3
11,4,70,10,105,105,0,8,0
11,4,90,21,50,50,0,7,1
11,4,130,26,96,96,5,8,1
11,4,330,10,97,97,0,8,-4
11,4,220,15,92,92,0,7,6
11,4,140,31,91,91,1,8,0
11,4,210,77,131,117,0,8,3
11,4,240,62,126,118,0,8,0
11,4,250,51,97,81,0,5,0
11,4,220,57,81,81,0,6,4
11,4,240,41,87,87,3,8,1
11,4,160,26,84,84,0,8,1
11,4,220,72,144,144,0,8,1
11,4,230,15,61,61,0,6,-1
11,4,50,21,68,68,0,6,-7
11,4,200,10,100,100,0,7,-1
11,4,230,41,104,104,0,7,1
11,4,240,21,36,36,0,1,-1
11,4,240,31,93,93,0,8,4
11,4,320,15,103,103,-1,8,-3
11,4,230,15,91,91,0,8,1
11,4,0,0,37,37,0,8,1
11,4,80,41,48,48,0,8,0
11,4,240,31,88,88,-1,8,-1
11,4,300,15,44,43,0,3,0
11,4,280,41,98,84,0,7,-10
11,4,320,15,1,-13,0,0,-1
11,4,0,0,-49,-52,0,0,-4
11,4,220,10,-47,-52,0,5,8
11,4,230,46,12,-9,0,7,6
11,4,180,15,65,65,0,9,1
11,4,230,26,100,100,0,8,4
11,4,110,21,54,54,0,6,7
11,4,120,31,89,75,0,7,3
11,4,100,31,71,44,0,1,2
11,4,90,31,34,24,0,0,-12
11,4,230,31,111,111,0,8,-1
11,4,180,41,88,77,-1,8,1
11,4,210,51,104,99,-1,8,-2
11,4,310,10,52,42,-1,7,-4
11,4,290,26,-11,-14,0,1,1
11,4,250,57,41,16,0,7,-4
11,4,290,5,17,8,0,1,-26
11,4,130,26,-3,-14,0,0,-3
11,4,140,21,17,-21,0,4,-1
11,4,220,31,90,90,0,8,1
11,4,190,41,86,74,0,7,-1
11,4,170,36,68,45,0,0,0
11,4,120,31,55,42,0,3,-4
11,4,150,21,51,39,0,4,-3
11,4,100,10,48,48,0,5,-2
11,4,180,5,31,31,0,7,2
11,4,70,31,41,37,0,8,-2
11,4,270,20,131,125,1,8,0
11,4,220,70,126,110,0,7,2
11,4,230,100,137,121,3,8,-3
11,4,200,70,138,122,0,8,-3
11,4,220,100,113,80,0,6,-8
11,4,200,110,98,42,0,8,1
11,4,220,100,104,78,0,4,-9
11,4,250,30,55,52,0,7,-12
11,4,220,60,66,51,0,1,-1
11,4,150,20,64,63,-1,8,2
11,4,190,30,43,31,0,4,-8
11,4,180,30,90,85,0,7,2
11,4,340,40,72,68,3,8,-2
11,4,280,30,24,18,0,4,3
11,4,50,10,-15,-18,0,0,-6
11,4,360,10,28,9,0,8,-3
11,4,230,30,-1,-2,0,6,1
11,4,160,30,11,1,0,8,3
11,4,240,30,39,29,0,7,-11
11,4,140,60,53,41,6,8,3
11,4,260,60,38,15,0,1,-6
11,4,220,50,-1,-5,0,0,-5
11,4,200,60,20,-11,0,8,1
11,4,230,50,0,-4,0,6,5
11,4,160,60,19,13,7,8,2
11,4,250,30,50,47,0,7,6
11,4,320,20,8,1,0,8,4
11,4,320,20,6,2,0,7,4
11,4,200,50,23,23,0,7,0
11,4,250,50,38,26,0,4,0
11,4,40,20,1,0,0,0,1
11,4,240,10,6,6,0,7,0
11,4,990,10,26,25,0,8,1
11,4,80,50,10,-12,0,0,-6
11,4,150,50,79,78,0,8,8
11,4,130,30,102,100,9,8,2
11,4,180,60,138,113,0,8,-14
11,4,140,40,85,63,0,1,2
11,4,180,50,102,88,-1,8,1
11,4,200,50,78,59,0,1,2
11,4,190,40,68,51,0,2,-7
11,4,90,20,21,21,0,3,-2
11,4,230,20,53,53,0,8,-1
11,4,160,30,43,39,0,7,1
11,4,210,60,71,64,0,8,-2
11,4,130,20,97,97,0,8,0
11,4,130,30,58,48,0,0,-14
11,4,100,30,8,2,0,0,3
11,4,130,40,26,7,0,6,-3
11,4,110,50,15,-43,0,8,-6
11,4,130,30,71,60,0,8,0
11,4,70,20,-13,-13,0,0,19
11,4,110,20,51,51,0,8,0
11,4,150,40,23,23,0,8,-2
11,4,90,30,16,9,0,5,4
11,4,70,30,-4,-5,0,1,4
11,4,120,50,44,20,0,8,-1
11,4,160,30,51,51,0,8,1
11,4,170,40,85,82,2,4,-4
11,4,180,40,81,69,0,7,-4
11,4,350,80,68,68,25,,-4
11,4,230,50,47,42,0,,-3
11,4,210,70,78,71,0,,0
11,4,220,80,68,52,0,,-2
11,4,240,40,39,33,-1,7,0
11,4,240,80,85,74,1,,0
11,4,200,10,14,14,0,1,-17
11,4,150,40,27,24,0,5,-1
11,4,170,50,112,112,9,8,4
11,4,220,40,105,104,0,8,-1
11,4,240,40,42,41,0,2,3
11,4,150,20,16,16,0,4,0
11,4,210,50,68,66,0,8,-1
11,4,160,30,56,55,5,8,-1
11,4,140,10,50,50,0,8,0
11,4,260,30,45,42,0,8,0
11,4,990,10,18,18,0,7,0
11,4,250,10,-39,-40,0,1,21
11,4,160,10,6,5,0,8,6
11,4,360,10,-61,-63,0,0,3
11,4,140,10,-54,-55,0,0,-18
11,4,90,20,-68,-86,0,0,-1
11,4,120,10,-80,-89,0,0,-1
11,4,200,10,-71,-75,0,0,-3
11,4,130,30,-14,-15,3,8,1
11,4,180,20,4,-3,0,8,6
11,4,310,20,56,55,0,6,-7
11,4,180,20,25,25,0,,5
11,4,140,30,28,28,0,,1
11,4,20,40,16,13,0,,3
11,4,180,50,88,70,0,,0
11,4,240,30,132,127,0,,-8
11,4,220,40,50,50,0,,-24
11,4,140,20,70,61,0,,-1
11,4,170,30,48,42,0,,-4
11,4,210,60,90,69,0,,-2
11,4,260,60,85,85,7,,1
11,4,210,40,57,52,0,,-1
11,4,310,10,98,98,0,,0
11,4,350,40,83,68,0,,-5
11,4,40,60,68,55,0,,-2
11,4,70,20,0,-3,0,,1
11,4,990,10,-24,-24,0,,3
11,4,310,20,81,81,2,,1
11,4,350,20,-17,-17,0,,2
11,4,990,10,-52,-53,0,,3
11,4,230,40,28,28,0,,3
11,4,240,50,5,5,25,,-1
11,4,320,30,19,18,0,,2
11,4,10,40,19,11,0,,0
11,4,350,20,-12,-13,0,,2
11,4,240,50,10,10,-1,,2
11,4,240,30,47,47,0,,8
11,4,200,30,66,66,0,,0
11,4,200,50,75,67,0,,-2
11,4,200,50,92,89,0,,-2
11,4,190,70,67,38,0,,6
11,4,180,50,74,61,0,,-5
11,4,200,60,81,47,0,,0
11,4,200,30,70,63,-1,,3
11,4,190,60,80,60,0,,-5
11,4,180,40,50,35,0,,-4
11,4,190,40,73,45,0,,-3
11,4,200,30,47,40,0,,-3
11,4,200,40,36,30,0,,2
11,4,120,80,70,46,13,,1
11,4,90,20,74,65,6,,0
11,4,190,60,82,65,0,,-6
11,4,200,60,78,61,-1,,0
11,4,210,60,56,34,0,,-6
11,4,200,60,67,37,-1,,3
11,4,180,70,80,22,0,,-1
11,4,210,30,74,69,0,,-1
11,4,190,30,56,51,0,,-9
11,4,190,40,46,35,0,,-7
11,4,180,50,53,38,0,,-1
11,4,230,40,30,26,0,,-9
11,4,220,60,42,33,0,,2
11,4,190,70,88,64,0,,-4
11,4,190,40,63,49,3,,-2
11,4,140,50,47,25,0,,-6
11,4,200,70,79,54,0,,-2
11,4,110,20,44,31,0,,13
11,4,210,70,74,59,0,,-3
11,4,160,30,46,32,0,,3
11,4,200,50,71,60,0,,-1
11,4,200,40,48,36,0,,1
11,4,170,50,79,71,19,,5
11,4,150,30,93,80,0,,-4
11,4,210,40,105,90,0,,-19
11,4,260,30,63,48,0,,-2
11,4,190,10,31,31,0,,-4
11,4,220,30,84,81,0,,3
11,4,220,30,77,70,0,,-1
11,4,310,20,82,43,0,,-16
11,4,220,90,80,49,0,,0
11,4,230,40,61,55,0,,8
11,4,230,30,82,80,11,,2
11,4,340,40,15,5,0,,0
11,4,180,10,-36,-36,0,,3
11,4,200,40,12,-13,0,,3
11,4,220,30,68,68,0,,1
11,4,360,30,60,46,0,,-17
11,4,310,20,18,12,0,,2
11,4,990,10,-31,-31,0,,-5
11,4,230,30,22,22,0,,3
11,4,990,10,61,61,0,,-4
11,4,990,10,51,51,0,,1
11,4,990,10,38,38,0,,-3
11,4,260,10,63,63,0,,0
11,4,230,40,70,58,0,,1
11,4,230,90,83,80,11,,5
11,4,280,40,13,2,0,,4
11,4,220,40,40,36,5,,-2
11,4,230,20,95,95,-1,,2
11,4,300,20,76,74,6,,-3
11,4,260,10,-26,-26,0,,3
11,4,230,40,49,43,0,,-7
11,4,200,50,56,45,0,,3
11,4,220,30,107,107,3,,-1
11,4,120,20,37,37,0,,8
11,4,270,50,138,127,0,,-3
11,4,130,50,122,119,12,,3
11,4,190,10,76,73,13,,-11
11,4,40,20,79,75,0,,-8
11,4,170,20,27,26,0,,10
11,4,240,20,70,68,3,,3
11,4,230,30,20,13,0,,21
11,4,320,40,84,68,0,,-9
11,4,180,10,-16,-18,0,,3
11,4,250,30,94,93,0,,-7
11,4,200,50,89,76,0,,-4
11,4,170,30,87,83,0,,5
11,4,130,60,91,70,1,,5
11,4,130,20,49,44,0,,9
11,4,40,10,47,47,0,,3
11,4,240,40,90,85,0,,-1
11,4,220,20,55,51,0,,-12
11,4,50,10,60,58,0,,4
11,4,80,30,19,17,0,,11
11,4,120,30,75,63,0,,0
11,4,130,20,66,63,0,,-8
11,4,140,20,37,30,0,,4
11,4,180,30,80,76,0,,0
11,4,30,20,60,55,0,,2
11,4,230,30,73,68,0,,1
11,4,110,20,8,8,0,,4
11,4,150,20,53,47,0,,5
11,4,190,30,79,73,0,,0
11,4,220,10,52,52,0,,8
11,4,210,30,85,81,2,,1
11,4,190,40,56,49,0,,0
11,4,190,60,113,99,0,,-4
11,4,240,30,58,53,0,,-13
11,4,200,20,63,61,0,,-26
11,4,120,30,46,37,0,,-19
11,4,80,40,31,14,0,,-9
11,4,80,60,59,34,0,,-8
11,4,120,20,16,10,0,,-21
11,4,110,20,76,51,0,,-4
11,4,100,40,33,31,0,,3
11,4,110,20,-16,-22,0,,-7
11,4,260,40,96,85,0,,-2
11,4,130,20,41,37,0,,-3
11,4,200,70,73,51,0,,-2
11,4,130,10,34,31,0,,3
11,4,240,40,69,62,0,,1
11,4,220,60,94,90,-1,,7
11,4,240,50,120,114,0,,4
11,4,200,30,108,100,0,,0
11,4,200,50,85,67,0,,-8
11,4,140,20,84,74,0,,-1
11,4,180,30,126,96,1,,-3
11,4,200,40,116,105,5,,-3
11,4,290,10,64,53,0,,-4
11,4,180,50,69,52,0,,-3
11,4,170,10,48,44,0,,9
11,4,250,10,22,21,0,,-8
11,4,160,30,26,26,0,,-1
11,4,150,40,48,38,0,,-2
11,4,30,30,45,41,0,,0
11,4,50,40,74,62,2,,2
11,4,150,10,82,80,-1,,-4
11,4,230,20,97,96,1,,4
11,4,220,40,36,34,0,,9
11,4,270,40,91,80,3,,-7
11,4,320,10,51,43,0,,2
11,4,220,20,57,48,0,,0
11,4,70,20,-7,-11,0,,-1
11,4,270,40,24,16,17,,5
11,4,30,20,41,34,0,,-2
11,4,220,20,-16,-17,0,,3
11,4,300,30,39,20,0,,-3
11,4,290,20,30,25,0,,1
11,4,220,30,0,-1,0,,12
11,4,240,30,74,64,0,,0
11,4,230,70,100,87,0,,-1
11,4,260,80,108,96,5,,0
11,4,280,40,31,16,0,,1
11,4,250,50,9,3,3,,3
11,4,220,30,-32,-36,0,,10
11,4,230,70,92,84,-1,,7
11,4,270,40,106,89,0,,0
11,4,100,10,-25,-27,0,,-4
11,4,140,30,-5,-5,0,,-2
11,4,240,40,15,10,0,,-3
11,4,260,20,65,62,0,,3
11,4,200,50,85,76,0,,1
11,4,0,0,67,65,0,,-1
11,4,30,20,58,58,0,,-3
11,4,210,40,140,129,0,,-4
11,4,140,40,91,60,0,,-2
11,4,180,50,137,126,0,,-1
11,4,180,40,139,109,0,,0
11,4,210,50,72,59,0,,-5
11,4,190,50,89,77,0,,-2
11,4,200,50,101,85,12,,-3
11,4,150,30,79,72,0,,3
11,4,150,30,67,46,0,,3
11,4,220,30,28,26,0,,-3
11,4,210,60,104,100,0,,1
11,4,200,70,102,62,0,,-4
11,4,30,10,68,66,0,,-8
11,4,350,20,32,30,0,,-12
11,4,210,60,46,40,0,,11
11,4,240,30,50,43,1,,8
11,4,270,40,38,31,-1,,-8
11,4,270,30,18,13,0,,-4
11,4,250,10,-36,-39,0,,2
11,4,230,40,31,30,0,,0
11,4,260,30,34,32,0,,1
11,4,70,20,-8,-13,0,,-5
11,4,50,10,16,9,0,,3
11,4,230,20,21,16,0,,1
11,4,240,80,5,1,23,,11
11,4,210,90,1,0,22,,7
11,4,220,10,2,1,0,,2
11,4,200,20,1,0,0,,5
11,4,220,40,18,15,0,,1
11,4,220,30,16,15,0,,5
11,4,290,40,73,27,0,,-6
11,4,270,20,19,7,0,,-7
11,4,290,20,33,29,0,,-5
11,4,260,30,69,64,0,,-1
11,4,240,40,85,80,0,,4
11,4,230,40,91,84,0,,3
11,4,240,30,90,71,0,,-6
11,4,250,40,54,47,0,,1
11,4,270,30,99,88,0,,-8
11,4,230,20,28,26,0,,-12
11,4,210,70,59,49,18,,3
11,4,270,60,75,48,0,,1
11,4,220,70,84,67,0,,2
11,4,230,40,108,96,0,,3
11,4,200,50,124,110,0,,2
11,4,160,40,112,88,0,,3
11,4,240,20,111,106,4,,-7
11,4,190,50,107,72,0,,-2
11,4,90,10,40,37,0,,2
11,4,190,60,56,41,0,,8
11,4,240,70,99,93,4,,-2
11,4,220,60,44,35,1,,2
11,4,190,60,82,75,2,,2
11,4,200,50,80,69,0,,-5
11,4,170,60,146,118,5,,8
11,4,170,30,99,82,0,,7
11,4,140,20,76,63,0,,-2
11,4,130,30,86,76,0,,3
11,4,230,40,76,73,0,,-5
11,4,210,30,40,39,0,,-5
11,4,210,30,98,84,0,8,0
11,4,240,30,114,107,0,8,-1
11,4,260,30,130,129,1,7,0
11,4,320,10,83,77,0,8,2
11,4,0,0,73,65,0,8,0
11,4,270,30,66,46,0,1,7
11,4,240,60,80,55,0,8,1
11,4,240,30,67,65,0,7,23
11,4,270,50,34,19,2,3,8
11,4,270,70,85,61,0,7,-3
11,4,270,70,110,86,-1,8,-7
11,4,260,40,30,11,0,0,-1
11,4,250,40,50,41,4,8,0
11,4,350,40,21,15,0,7,-1
11,4,10,20,-5,-18,0,0,-15
11,4,260,10,-13,-24,0,6,5
11,4,230,30,-15,-19,0,0,4
11,4,80,10,-25,-31,0,0,-4
11,4,130,60,30,2,0,8,2
11,4,120,50,50,36,0,8,0
11,4,130,50,67,30,-1,8,4
11,4,140,30,49,46,0,0,-4
11,4,230,30,42,39,0,7,0
11,4,270,20,-7,-14,0,8,-7
11,4,280,30,74,68,2,8,-1
11,4,270,40,38,16,0,8,1
11,4,270,20,36,20,0,7,-10
11,4,180,30,44,39,0,8,-5
11,4,210,60,53,19,-1,8,-14
11,4,230,40,25,22,0,8,13
11,4,40,30,48,47,0,6,3
11,4,150,20,73,72,0,7,-14
11,4,60,70,79,76,0,8,2
11,4,70,20,45,45,0,9,-1
11,4,60,50,80,79,0,8,4
11,4,150,10,88,87,0,8,0
11,4,0,0,32,32,0,9,-4
11,4,200,20,57,56,0,1,2
11,4,190,80,106,85,4,8,-4
11,4,210,90,113,100,3,8,5
11,4,200,130,148,100,-1,8,-55
11,4,200,50,66,54,0,0,-5
11,4,220,20,38,37,0,6,22
11,4,210,70,83,52,0,8,-4
11,4,220,50,104,96,0,8,0
11,4,260,20,91,90,0,4,-15
11,4,290,10,41,23,0,1,-27
11,4,190,40,57,22,0,8,1
11,4,240,30,61,54,0,8,5
11,4,260,70,93,88,9,8,1
11,4,270,60,84,64,-1,8,-8
11,4,290,50,6,0,-1,5,2
11,4,250,30,-4,-6,0,0,-9
11,4,230,40,17,14,-1,8,3
11,4,260,20,8,4,-1,8,1
11,4,240,30,4,1,-1,8,1
11,4,200,60,50,49,0,8,1
11,4,200,50,29,20,-1,8,-1
11,4,210,40,24,9,-1,8,-4
11,4,60,30,-5,-7,0,7,-4
11,4,210,30,111,111,0,9,1
11,4,210,30,98,91,0,7,-1
11,4,180,20,31,28,0,2,3
11,4,220,40,71,68,0,6,-15
11,4,210,70,79,67,0,8,-5
11,4,210,40,69,67,0,5,4
11,4,190,60,79,69,1,8,3
11,4,130,10,-1,-2,0,0,-10
11,4,10,30,55,52,0,8,4
11,4,300,10,56,51,0,6,0
11,4,240,40,59,53,0,8,-11
11,4,130,40,31,16,0,7,10
11,4,190,50,120,100,0,8,6
11,4,140,50,127,95,0,8,1
11,4,200,40,101,85,0,7,-2
11,4,150,30,76,73,0,8,3
11,4,200,40,101,70,0,7,4
11,4,200,70,85,73,0,1,1
11,4,200,70,97,80,0,4,-1
11,4,170,30,100,66,0,0,0
11,4,170,10,109,100,1,8,4
11,4,190,60,124,111,9,8,-3
11,4,220,120,87,54,-1,7,-10
11,4,240,70,93,73,0,5,-6
11,4,200,90,126,78,0,8,-1
11,4,200,70,80,54,0,6,7
11,4,180,50,69,62,0,7,7
11,4,200,60,73,45,-1,8,-7
11,4,190,60,97,56,0,7,5
11,4,170,20,54,40,0,8,-4
11,4,10,20,70,70,0,9,4
11,4,220,40,88,87,0,8,-3
11,4,220,100,125,93,0,8,0
11,4,240,80,148,129,0,8,-3
11,4,240,90,140,107,0,8,-1
11,4,260,10,93,92,25,8,2
11,4,30,10,68,67,0,7,-1
11,4,100,20,29,26,0,8,10
11,4,90,40,48,43,2,8,0
11,4,10,30,49,47,25,8,-3
11,4,220,50,31,23,0,0,-6
11,4,240,120,106,52,0,7,6
11,4,270,20,119,115,10,8,-5
11,4,190,50,131,119,-1,8,-2
11,4,190,30,63,54,0,8,-2
11,4,0,0,-2,-2,0,9,-2
11,4,60,10,26,26,0,7,2
11,4,80,20,42,38,0,8,0
11,4,180,10,51,46,0,8,4
11,4,170,10,66,58,0,8,0
11,4,10,20,2,1,0,0,-1
11,4,50,50,39,14,0,8,2
11,4,280,20,42,34,0,8,-1
11,4,250,30,35,32,1,8,-5
11,4,210,20,20,17,0,8,-1
11,4,270,10,-13,-14,0,5,5
11,4,150,20,-6,-12,0,8,4
11,4,100,20,-52,-55,0,0,-10
11,4,60,50,-29,-41,0,8,0
11,4,50,50,-6,-24,0,8,-2
11,4,140,20,90,85,0,0,2
11,4,210,20,108,107,0,8,3
11,4,120,30,117,102,0,8,5
11,4,140,50,127,88,0,8,-1
11,4,90,20,122,103,0,8,-1
11,4,310,10,104,101,0,8,-1
11,4,50,50,91,85,0,8,-1
11,4,70,40,58,54,0,8,-7
11,4,100,20,60,57,0,6,-8
11,4,100,30,55,51,0,0,-3
11,4,100,50,70,49,0,8,3
11,4,120,20,27,14,0,0,3
11,4,100,20,54,54,0,9,-1
11,4,70,20,-6,-6,0,9,-6
11,4,60,40,-20,-22,0,0,-6
11,4,80,40,-9,-14,0,0,-1
11,4,160,20,-16,-19,0,6,8
11,4,190,20,83,77,0,8,-1
11,4,50,10,41,38,0,8,4
11,4,40,10,-16,-16,0,9,-4
11,4,360,10,-1,-1,0,9,2
11,4,80,10,-17,-17,0,1,10
11,4,210,10,44,44,0,8,13
11,4,220,40,71,68,0,7,3
11,4,210,40,56,53,0,8,-2
11,4,220,40,29,25,0,6,15
11,4,220,100,94,65,0,8,-3
11,4,230,30,8,5,0,0,-1
11,4,170,40,46,40,0,8,4
11,4,230,40,48,37,0,0,1
11,4,150,40,58,29,0,0,0
11,4,220,90,59,30,0,7,-3
11,4,200,50,43,37,0,0,6
11,4,150,10,25,19,0,3,10
11,4,220,60,62,43,0,4,-4
11,4,260,30,17,14,0,0,-1
11,4,250,40,99,95,4,8,1
11,4,230,70,91,65,0,8,0
11,4,210,30,86,77,0,8,-1
11,4,170,40,92,78,0,8,1
11,4,230,50,84,71,0,8,-9
11,4,220,40,54,43,0,5,4
11,4,190,40,62,53,0,8,1
11,4,110,20,76,53,0,8,-7
11,4,170,10,35,29,0,8,3
11,4,180,20,39,14,0,8,0
11,4,120,30,13,5,0,0,-2
11,4,230,20,81,78,10,8,2
11,4,120,20,4,4,0,9,8
11,4,160,40,80,68,0,8,-2
11,4,120,40,37,32,0,8,2
11,4,200,30,55,47,0,0,-4
11,4,170,50,53,32,0,8,8
11,4,70,10,64,64,0,9,-1
11,4,200,80,136,88,0,8,-4
11,4,180,30,54,37,0,0,-6
11,4,180,40,75,49,-1,6,-2
11,4,330,10,55,52,1,8,-1
11,4,340,20,46,37,0,8,-9
11,4,300,10,-4,-8,0,1,-25
11,4,200,50,102,78,0,4,0
11,4,180,30,91,86,31,8,4
11,4,220,90,100,73,0,7,-4
11,4,180,90,92,83,19,8,12
11,4,220,40,48,40,0,1,-6
11,4,250,40,76,55,0,8,-13
11,4,230,90,135,126,-1,8,0
11,4,250,30,87,87,0,7,1
11,4,230,90,81,64,0,6,-4
11,4,220,30,53,49,0,8,4
11,4,230,20,13,10,0,0,-16
11,4,200,50,70,28,-1,8,-1
11,4,270,20,22,22,0,0,0
11,4,180,40,41,32,0,8,-4
11,4,330,20,67,62,-1,8,-9
11,4,170,10,16,15,0,9,10
11,4,220,10,37,34,0,8,3
11,4,0,0,33,30,0,8,4
11,4,200,30,35,25,-1,8,1
11,4,290,20,13,9,0,0,-3
11,4,110,40,34,8,0,4,-1
11,4,10,40,23,2,0,8,1
11,4,360,30,43,28,0,8,2
11,4,290,10,29,25,0,7,7
11,4,330,20,44,24,0,8,-1
11,4,240,10,26,21,-1,8,8
11,4,230,10,5,2,0,9,-2
11,4,240,30,67,64,0,9,0
11,4,250,20,63,48,0,8,-2
11,4,240,40,39,33,0,7,0
11,4,150,10,98,88,0,0,6
11,4,190,40,137,123,0,8,6
11,4,200,60,117,99,0,1,-3
11,4,190,30,94,86,0,7,0
11,4,0,0,58,55,0,3,-11
11,4,120,10,34,31,0,7,0
11,4,140,50,45,25,0,0,2
11,4,200,60,92,68,0,1,-3
11,4,140,30,71,53,0,1,1
11,4,170,30,91,84,1,8,-1
11,4,120,30,58,51,0,0,-5
11,4,120,30,79,67,0,7,2
11,4,110,10,42,42,0,1,-1
11,4,120,40,94,77,0,5,5
11,4,990,10,95,91,2,8,0
11,4,0,0,68,65,-1,8,5
11,4,120,40,83,72,0,8,2
11,4,60,30,72,67,0,8,5
11,4,20,10,77,70,0,8,0
11,4,70,10,51,48,0,8,15
11,4,80,30,14,10,0,4,-5
11,4,100,30,31,23,0,2,2
11,4,120,10,88,77,0,8,-1
11,4,310,30,86,77,1,8,-6
11,4,60,10,-13,-16,0,0,2
11,4,90,50,43,21,0,8,0
11,4,110,30,65,47,0,8,-1
11,4,100,50,61,52,0,8,-3
11,4,80,50,14,0,0,0,0
11,4,110,30,29,18,0,8,-1
11,4,180,10,40,37,0,1,-15
11,4,70,20,49,48,0,3,-11
11,4,100,10,21,18,0,0,6
11,4,100,10,54,43,0,4,-2
11,4,170,30,112,106,0,8,-1
11,4,210,50,141,134,0,8,2
11,4,260,30,157,148,-1,8,-1
11,4,220,20,84,82,0,2,9
11,4,260,50,152,133,2,7,-2
11,4,230,100,134,101,0,8,1
11,4,220,60,118,98,1,8,1
11,4,230,40,122,99,0,8,-3
11,4,210,50,126,95,0,7,3
11,4,230,80,71,40,-1,3,2
11,4,230,90,126,120,38,8,11
11,4,230,90,129,83,0,8,-4
11,4,210,40,124,115,1,8,0
11,4,270,100,132,69,0,8,-5
11,4,250,110,126,89,18,,-4
11,4,240,50,83,70,0,8,2
11,4,220,50,35,18,0,6,-8
11,4,280,30,9,-4,0,0,0
11,4,300,20,4,-8,0,0,1
11,4,210,60,23,-12,0,8,1
11,4,230,40,57,54,0,8,-18
11,4,280,10,28,18,0,,0
11,4,200,30,8,4,0,0,2
11,4,300,50,68,58,10,8,-6
11,4,230,90,83,71,5,8,4
11,4,280,70,88,21,0,8,-7
11,4,100,10,39,38,0,9,-3
11,4,270,20,71,60,3,7,1
11,4,250,20,32,31,0,6,-3
11,4,200,30,60,48,0,8,-1
11,4,220,50,67,61,0,8,2
11,4,240,60,48,33,1,8,-6
11,4,210,10,51,41,4,8,-5
11,4,300,20,20,6,0,7,-8
11,4,130,20,3,-4,0,8,8
11,4,150,20,35,31,6,8,2
11,4,10,50,38,29,3,8,1
11,4,110,20,-11,-23,0,8,2
11,4,140,30,32,6,0,8,-1
11,4,120,10,-15,-20,0,2,10
11,4,210,60,69,65,1,8,1
11,4,200,40,120,117,6,8,4
11,4,210,20,78,73,7,8,3
11,4,240,50,56,40,27,8,-2
11,4,190,60,54,30,0,8,-1
11,4,130,70,60,23,0,8,3
11,4,170,50,123,90,-1,8,4
11,4,180,60,119,70,0,8,-3
11,4,30,10,67,63,0,8,-21
11,4,40,50,89,63,0,8,1
11,4,50,70,26,9,0,0,0
11,4,20,20,-9,-19,0,8,-11
11,4,250,20,29,25,-1,8,5
11,4,20,10,-20,-31,0,0,-13
11,4,60,20,-41,-46,0,0,0
11,4,240,20,-61,-70,0,8,1
11,4,230,50,104,92,0,8,0
11,4,230,30,54,37,0,0,-5
11,4,0,0,88,88,0,9,5
11,4,170,10,61,55,0,8,-5
11,4,280,20,92,83,7,8,-4
11,4,250,10,20,18,0,7,12
11,4,70,10,-21,-24,0,0,-2
11,4,340,10,46,43,0,8,1
11,4,250,10,66,61,0,8,-1
11,4,220,60,88,87,0,8,1
11,4,230,60,59,42,0,7,0
11,4,220,30,47,41,-1,8,-1
11,4,280,20,50,41,0,6,-6
11,4,220,30,10,6,0,7,12
11,4,210,40,78,74,0,8,0
11,4,200,30,88,86,-1,8,-1
11,4,310,10,52,49,0,1,-15
11,4,220,40,48,21,0,8,0
11,4,250,30,34,15,0,6,0
11,4,230,40,42,27,0,8,0
11,4,250,40,116,111,-1,8,0
11,4,210,80,108,77,0,8,0
11,4,190,70,119,43,0,8,6
11,4,270,10,79,74,3,8,-1
11,4,300,10,28,24,0,5,-4
11,4,230,70,29,16,0,8,-1
11,4,210,70,36,22,0,8,3
11,4,230,40,39,30,0,6,-1
11,4,210,30,-17,-20,0,0,4
11,4,250,20,14,11,0,7,2
11,4,130,30,93,50,0,8,-7
11,4,250,40,98,82,0,8,-6
11,4,180,10,-7,-12,0,5,-6
11,4,80,10,-19,-19,0,0,17
11,4,70,30,54,51,0,8,13
11,4,110,20,71,68,0,8,1
11,4,140,30,92,67,0,6,-4
11,4,210,50,100,80,0,7,-10
11,4,90,30,74,62,0,8,-6
11,4,150,50,122,88,-1,8,-1
11,4,180,50,121,90,-1,8,-2
11,4,160,20,103,96,2,8,-2
11,4,200,40,90,79,0,8,1
11,4,190,20,54,51,0,1,2
11,4,140,20,41,39,0,8,-10
11,4,40,10,-4,-4,0,9,0
11,4,70,40,-10,-19,0,0,12
11,4,40,30,-5,-23,0,0,-1
11,4,30,40,48,27,0,8,-2
11,4,70,70,28,-15,0,8,2
11,4,80,40,21,1,0,8,-3
11,4,70,30,28,10,0,8,0
11,4,80,20,-19,-23,0,7,4
11,4,60,50,3,-1,0,8,1
11,4,20,10,24,18,0,8,-1
11,4,60,40,47,40,2,8,0
11,4,50,20,30,11,0,8,0
11,4,120,40,29,8,-1,8,4
11,4,170,40,97,90,15,8,2
11,4,190,40,101,76,0,8,-2
11,4,120,10,27,8,0,8,13
11,4,200,60,146,137,2,8,0
11,4,170,40,90,83,10,8,2
11,4,210,30,101,90,0,8,0
11,4,200,30,84,77,0,8,2
11,4,300,10,87,84,-1,8,-2
11,4,130,20,76,71,-1,8,1
11,4,170,20,36,24,0,0,-14
11,4,220,40,49,46,-1,8,3
11,4,80,20,-10,-13,0,0,0
11,4,130,30,7,2,0,8,12
11,4,190,40,37,24,0,1,5
11,4,200,70,49,38,3,8,-1
11,4,110,30,32,22,0,8,10
11,4,40,40,26,11,0,8,-4
11,4,60,10,4,1,0,8,2
11,4,110,20,13,6,0,1,-15
11,4,330,40,43,34,5,8,0
11,4,240,40,43,29,2,7,0
11,4,0,0,-16,-16,0,8,-4
11,4,80,50,12,6,0,8,2
11,4,120,30,47,35,-1,8,4
11,4,90,50,40,23,0,8,-2
11,4,70,20,26,25,0,8,-3
11,4,100,20,68,65,0,8,2
11,4,160,20,79,69,-1,8,-1
11,4,100,50,95,89,27,8,1
11,4,220,100,100,78,-1,8,0
11,4,280,20,54,22,0,7,-7
11,4,260,20,-4,-7,0,0,-10
11,4,180,40,112,88,-1,8,4
11,4,200,80,177,165,2,8,2
11,4,220,40,76,53,0,0,-4
11,4,210,30,41,34,0,2,-15
11,4,230,20,10,7,0,8,13
11,4,0,0,61,57,0,8,-10
11,4,140,20,44,8,0,0,-10
11,4,70,20,40,35,0,8,7
11,4,70,20,97,92,0,8,0
11,4,90,20,95,93,0,7,-3
11,4,220,20,114,113,0,8,0
11,4,150,40,97,80,0,8,1
11,4,180,30,61,44,0,8,-1
11,4,190,10,101,98,0,8,0
11,4,180,60,139,95,0,8,-3
11,4,220,80,86,54,0,1,3
11,4,220,80,108,93,0,8,1
11,4,190,40,113,84,0,8,1
11,4,240,60,88,50,0,7,-6
11,4,240,20,28,21,-1,4,13
11,4,200,60,55,18,0,8,5
11,4,220,70,92,77,0,8,0
11,4,240,20,47,43,0,5,-19
11,4,190,30,77,67,0,8,-4
11,4,140,20,35,22,0,8,1
11,4,210,30,77,58,0,8,0
11,4,80,20,56,44,0,8,-3
11,4,90,20,32,30,0,8,0
11,4,70,50,21,3,0,8,-5
11,4,990,10,-51,-54,0,1,10
