12,13,60,21,-5,-5,0,7,-6
12,13,60,41,4,4,-1,8,-4
12,13,70,21,-12,-12,0,8,-3
12,13,50,31,6,6,0,8,2
12,13,20,62,50,37,0,4,-8
12,13,10,26,0,0,0,2,-1
12,13,210,31,7,-6,0,8,1
12,13,990,10,32,25,0,8,4
12,13,60,41,30,6,0,0,-4
12,13,80,72,-17,-110,0,0,-3
12,13,120,31,7,-47,0,7,5
12,13,200,36,39,-17,0,0,-1
12,13,220,26,45,-21,0,0,-1
12,13,200,31,61,-15,0,0,1
12,13,210,36,47,-38,0,5,-11
12,13,210,36,66,38,-1,8,1
12,13,210,57,72,72,2,8,4
12,13,260,82,61,22,0,7,-3
12,13,240,123,98,90,14,8,-1
12,13,250,113,42,4,0,7,-1
12,13,240,98,81,73,10,8,0
12,13,250,67,121,121,2,8,3
12,13,220,134,111,78,-1,8,-2
12,13,270,51,60,30,0,5,1
12,13,220,21,50,35,0,6,0
12,13,250,72,57,56,-1,8,5
12,13,330,46,68,23,0,7,-1
12,13,230,31,60,38,0,7,1
12,13,260,41,54,39,0,8,2
12,13,0,0,50,46,0,8,-1
12,13,150,26,36,8,0,8,-2
12,13,210,72,96,38,0,1,-3
12,13,190,118,110,88,2,8,2
12,13,200,108,83,41,0,2,-2
12,13,70,46,4,4,33,8,4
12,13,230,62,51,33,0,7,0
12,13,200,67,57,29,0,1,-1
12,13,210,62,84,73,4,8,-7
12,13,350,15,63,62,0,8,0
12,13,30,51,28,19,0,8,1
12,13,50,31,29,11,0,8,0
12,13,210,57,34,16,0,8,1
12,13,280,51,73,44,0,6,-4
12,13,240,62,57,43,0,7,2
12,13,240,77,89,74,0,8,0
12,13,990,15,76,40,0,0,4
12,13,190,46,91,55,0,6,-1
12,13,130,21,82,63,0,0,0
12,13,180,77,97,49,0,7,-11
12,13,160,26,84,81,14,8,0
12,13,10,36,37,37,2,9,0
12,13,990,15,26,26,0,8,0
12,13,990,10,25,25,-1,8,1
12,13,30,21,32,32,0,9,1
12,13,80,41,35,34,0,8,-2
12,13,70,36,2,-6,0,8,2
12,13,60,46,-10,-16,0,8,-2
12,13,70,67,-7,-32,0,1,5
12,13,80,62,-2,-39,0,2,1
12,13,70,46,8,-54,0,2,2
12,13,80,26,26,-70,0,0,4
12,13,990,15,10,-59,0,0,-1
12,13,230,41,5,-2,0,7,0
12,13,230,93,75,75,0,8,4
12,13,230,87,92,70,0,8,0
12,13,210,98,90,84,-1,8,8
12,13,240,77,76,57,0,7,-2
12,13,200,41,76,65,0,7,-1
12,13,210,98,50,43,5,8,-11
12,13,180,57,46,46,12,8,26
12,13,260,118,94,40,0,6,-2
12,13,220,103,81,73,4,8,-3
12,13,250,87,53,18,0,7,-5
12,13,230,57,47,38,0,8,-2
12,13,240,108,108,77,0,7,-5
12,13,350,51,18,3,0,8,0
12,13,200,108,31,22,2,8,5
12,13,230,98,59,49,-1,8,2
12,13,240,62,52,45,0,7,4
12,13,210,82,97,88,-1,8,1
12,13,230,134,135,126,-1,8,0
12,13,40,36,28,28,6,8,-5
12,13,280,31,43,43,36,8,-30
12,13,210,108,44,40,4,8,-3
12,13,220,93,48,31,0,7,1
12,13,230,82,31,24,0,8,-1
12,13,330,26,6,6,0,7,-4
12,13,260,36,4,4,5,8,9
12,13,280,21,32,32,-1,7,0
12,13,200,57,35,9,0,8,-3
12,13,190,98,65,52,-1,8,-4
12,13,220,118,86,76,4,8,2
12,13,230,108,90,52,0,7,-3
12,13,990,15,78,40,0,6,0
12,13,70,10,59,26,0,5,0
12,13,200,62,134,82,0,5,-8
12,13,210,72,112,107,4,8,13
12,13,250,82,104,70,0,6,1
12,13,230,93,83,44,0,2,-3
12,13,210,87,105,53,0,7,-3
12,13,210,118,90,68,2,8,1
12,13,210,21,80,59,0,7,-3
12,13,200,67,67,38,2,7,6
12,13,240,93,131,96,0,7,0
12,13,240,87,122,96,0,7,0
12,13,240,67,121,107,0,7,-4
12,13,250,26,57,37,0,3,6
12,13,140,21,34,11,0,5,2
12,13,230,67,32,29,2,8,2
12,13,210,57,35,19,0,3,2
12,13,190,62,58,25,0,5,0
12,13,210,67,72,43,0,1,-1
12,13,230,57,48,27,0,2,-2
12,13,220,31,38,26,0,7,0
12,13,30,41,30,12,0,7,-1
12,13,50,46,13,-5,0,3,-1
12,13,990,15,-17,-43,0,1,-9
12,13,220,62,-14,-26,0,8,1
12,13,210,57,7,-1,0,8,0
12,13,230,129,105,93,5,8,3
12,13,240,98,128,121,2,8,0
12,13,220,103,109,83,-1,8,4
12,13,230,118,78,22,0,6,-18
12,13,210,72,57,40,-1,8,-7
12,13,110,31,37,19,0,8,2
12,13,90,21,70,68,0,8,4
12,13,70,46,45,33,0,7,-1
12,13,50,62,18,-12,0,7,-5
12,13,60,67,-37,-59,-1,7,2
12,13,80,77,-28,-65,-1,8,0
12,13,100,5,-4,-42,0,7,3
12,13,60,36,8,-14,0,7,3
12,13,10,21,24,18,0,8,1
12,13,50,31,3,3,0,9,0
12,13,30,26,1,1,0,8,0
12,13,50,57,29,6,0,5,-1
12,13,60,36,12,-22,0,2,0
12,13,30,67,4,4,-1,8,0
12,13,80,72,-3,-32,0,7,0
12,13,80,57,10,-19,0,3,0
12,13,70,15,19,-3,0,6,3
12,13,230,57,49,49,-1,9,-1
12,13,230,36,48,48,-1,8,0
12,13,360,36,6,6,0,9,0
12,13,100,41,4,-6,0,8,2
12,13,210,93,102,94,4,8,-2
12,13,250,67,104,100,0,8,-1
12,13,40,31,12,0,0,6,0
12,13,230,36,5,3,0,8,5
12,13,990,15,4,3,2,8,2
12,13,90,21,-17,-34,0,0,0
12,13,70,46,-41,-68,0,0,2
12,13,90,57,-34,-95,0,1,-1
12,13,80,72,-44,-76,0,7,4
12,13,70,15,21,19,0,7,1
12,13,200,60,45,17,0,8,5
12,13,250,70,62,34,-1,7,2
12,13,190,100,64,43,3,8,3
12,13,210,50,80,43,0,7,0
12,13,60,30,50,46,-1,8,0
12,13,40,30,59,59,0,7,-2
12,13,30,30,64,37,0,0,0
12,13,40,40,29,28,0,0,4
12,13,120,30,-3,-17,0,8,0
12,13,80,30,2,-15,0,8,2
12,13,150,20,-12,-12,0,8,1
12,13,240,30,11,-4,0,8,-1
12,13,40,40,11,9,4,8,4
12,13,200,30,-18,-18,0,9,0
12,13,230,60,43,32,0,8,1
12,13,90,20,67,43,0,7,2
12,13,230,20,39,35,4,8,1
12,13,200,40,89,83,0,8,3
12,13,130,20,89,84,-1,8,-1
12,13,40,50,17,17,-1,8,1
12,13,70,80,2,-32,0,1,2
12,13,60,60,-7,-81,0,5,-4
12,13,50,80,-18,-109,0,5,-1
12,13,60,70,-32,-92,0,0,0
12,13,40,40,-9,-84,0,6,-1
12,13,80,50,-28,-72,0,0,1
12,13,80,20,-36,-104,0,6,2
12,13,60,60,-52,-146,0,1,2
12,13,230,50,-58,-121,-1,8,8
12,13,20,80,-19,-21,5,8,0
12,13,60,50,-114,-144,0,7,1
12,13,210,30,64,33,0,1,-4
12,13,40,70,19,-11,0,8,-1
12,13,340,30,19,-2,0,7,0
12,13,30,40,15,10,-1,8,0
12,13,230,40,10,-1,0,7,3
12,13,220,80,29,-12,0,7,-2
12,13,220,50,58,6,0,6,-4
12,13,210,60,64,49,0,7,4
12,13,220,70,95,72,0,7,2
12,13,210,110,109,96,3,8,5
12,13,240,70,130,112,0,7,1
12,13,310,60,84,67,0,7,-1
12,13,290,30,77,49,0,3,-1
12,13,330,50,67,46,0,4,2
12,13,50,80,19,-9,0,7,-4
12,13,80,110,-35,-85,0,3,5
12,13,80,70,-11,-51,-1,7,4
12,13,90,30,79,47,0,7,28
12,13,180,70,101,68,0,7,-3
12,13,350,20,41,36,0,7,-2
12,13,30,40,24,23,13,8,-3
12,13,350,20,28,26,0,8,0
12,13,200,30,44,44,2,8,6
12,13,200,50,115,112,4,8,1
12,13,200,80,114,103,9,8,9
12,13,220,120,94,49,0,7,-5
12,13,240,60,69,57,0,8,2
12,13,240,70,55,34,0,7,0
12,13,230,60,50,46,0,8,-1
12,13,180,40,72,18,0,7,9
12,13,200,70,96,81,-1,8,-2
12,13,50,40,-1,-28,0,7,1
12,13,70,40,-27,-42,-1,8,1
12,13,0,0,2,-26,0,8,-3
12,13,230,30,-1,-1,4,8,6
12,13,260,70,8,6,-1,7,-4
12,13,260,30,12,5,0,6,4
12,13,260,40,19,16,0,8,3
12,13,190,40,5,-3,0,8,1
12,13,190,60,37,30,5,8,1
12,13,190,20,37,37,0,9,2
12,13,210,30,54,54,2,9,16
12,13,210,80,80,78,5,8,1
12,13,260,90,96,38,0,7,-2
12,13,230,70,105,104,-1,8,3
12,13,230,60,107,91,0,7,-13
12,13,240,60,87,70,0,7,-12
12,13,140,20,133,25,0,3,-7
12,13,200,50,58,55,2,8,2
12,13,230,90,62,35,0,8,0
12,13,360,60,44,16,0,7,-2
12,13,240,40,22,15,0,6,-5
12,13,230,50,33,30,-1,8,1
12,13,190,50,62,26,0,7,-2
12,13,240,40,33,26,0,7,3
12,13,210,70,71,55,0,7,0
12,13,200,90,90,56,0,7,-6
12,13,200,80,92,86,20,8,8
12,13,220,60,76,51,-1,8,-1
12,13,80,40,61,29,0,5,-4
12,13,180,60,108,44,0,0,0
12,13,190,30,108,27,0,7,-6
12,13,300,70,91,83,9,7,-1
12,13,260,70,79,12,0,6,-10
12,13,220,160,89,46,0,8,6
12,13,240,70,57,19,0,7,0
12,13,290,40,41,28,-1,7,-2
12,13,230,110,63,47,0,8,0
12,13,220,80,74,63,5,8,3
12,13,220,100,83,53,0,7,1
12,13,220,110,86,38,0,5,-4
12,13,230,70,66,47,0,8,-1
12,13,200,90,90,81,3,8,3
12,13,260,70,73,63,19,8,-7
12,13,230,100,63,21,0,6,-2
12,13,240,50,31,16,0,7,2
12,13,350,70,4,-3,0,7,-1
12,13,210,60,7,-11,0,8,0
12,13,210,130,37,27,7,8,4
12,13,280,30,48,26,0,6,0
12,13,250,50,24,8,0,6,-6
12,13,240,40,8,-1,0,4,4
12,13,180,40,19,-3,0,7,-2
12,13,170,70,14,-55,0,7,2
12,13,210,50,59,44,0,7,-10
12,13,200,100,79,64,10,8,3
12,13,230,80,75,33,0,7,-2
12,13,250,80,60,39,0,6,7
12,13,220,60,46,25,0,7,2
12,13,260,30,36,31,0,8,1
12,13,240,40,36,22,0,7,0
12,13,220,70,38,15,0,7,2
12,13,170,20,42,34,0,8,2
12,13,180,60,137,81,0,8,1
12,13,170,40,136,102,0,7,-6
12,13,230,70,93,68,-1,8,-7
12,13,190,60,90,42,1,8,-10
12,13,170,50,130,53,0,7,-1
12,13,140,30,111,93,0,8,-1
12,13,80,30,117,92,0,8,16
12,13,220,90,133,69,0,3,-6
12,13,220,80,112,57,0,6,-3
12,13,200,70,110,82,0,7,2
12,13,210,80,133,82,0,6,-5
12,13,210,80,126,103,1,8,1
12,13,220,110,112,59,0,7,-3
12,13,210,60,75,56,1,8,-4
12,13,260,70,53,38,-1,7,-2
12,13,240,70,40,7,0,6,2
12,13,220,30,52,9,0,5,-4
12,13,990,10,40,28,-1,8,1
12,13,90,50,65,54,0,5,-3
12,13,100,60,29,2,0,7,-4
12,13,90,50,28,-26,0,1,-4
12,13,80,30,12,-36,0,2,0
12,13,210,40,75,7,0,1,-1
12,13,990,10,43,-2,0,7,0
12,13,40,50,-2,-16,0,8,-1
12,13,40,40,-4,-8,0,8,0
12,13,20,30,7,4,-1,8,0
12,13,210,70,6,-4,3,8,16
12,13,240,60,11,-5,0,7,4
12,13,240,60,5,-2,2,8,1
12,13,220,50,24,3,0,7,4
12,13,230,80,129,112,-1,8,1
12,13,60,30,87,81,0,8,1
12,13,120,10,102,101,0,7,1
12,13,220,80,96,84,3,8,5
12,13,190,80,81,58,1,8,-2
12,13,330,40,87,52,0,5,-4
12,13,40,20,35,34,0,6,2
12,13,70,40,46,17,0,0,-1
12,13,70,30,25,-4,0,1,-1
12,13,70,20,29,-12,0,7,-1
12,13,990,10,30,30,-1,8,0
12,13,40,40,25,25,0,8,-4
12,13,40,40,29,-6,0,7,-4
12,13,50,40,-23,-84,0,1,2
12,13,40,30,-13,-47,0,8,4
12,13,70,50,19,-40,0,1,-3
12,13,240,20,-8,-13,-1,8,0
12,13,240,30,12,12,0,9,1
12,13,240,50,36,35,-1,8,1
12,13,990,10,27,-29,0,3,-6
12,13,230,100,25,18,4,8,3
12,13,260,50,11,2,0,7,-4
12,13,240,20,-30,-53,0,1,2
12,13,220,100,7,5,4,8,6
12,13,230,40,45,40,2,8,3
12,13,250,50,0,0,10,8,1
12,13,210,90,12,7,2,8,2
12,13,280,70,77,55,2,7,-5
12,13,230,30,9,8,2,8,-3
12,13,230,70,9,-4,-1,8,2
12,13,250,40,-18,-19,0,7,4
12,13,170,70,82,46,0,6,2
12,13,200,60,70,41,0,8,0
12,13,60,10,88,61,0,8,-3
12,13,200,40,76,43,0,0,-12
12,13,30,40,64,39,0,8,1
12,13,50,50,15,-10,0,8,-1
12,13,50,50,14,-5,0,8,-3
12,13,70,60,4,-36,0,7,-9
12,13,50,50,-26,-89,0,0,-4
12,13,80,80,-17,-79,0,1,-3
12,13,90,80,-18,-93,0,1,-3
12,13,70,10,10,-45,0,8,0
12,13,0,0,36,12,0,8,2
12,13,80,40,29,20,0,8,4
12,13,110,40,51,35,0,8,6
12,13,240,70,64,56,1,8,-1
12,13,360,40,10,3,1,8,-2
12,13,40,30,10,-23,0,0,1
12,13,100,50,31,-1,0,0,-6
12,13,210,20,37,17,0,8,-1
12,13,360,10,48,47,-1,8,0
12,13,230,100,110,104,7,8,8
12,13,110,20,89,83,0,8,-2
12,13,200,50,108,89,0,8,-1
12,13,190,40,118,94,0,8,-1
12,13,200,70,104,92,3,8,8
12,13,190,60,119,96,1,8,-1
12,13,240,50,88,82,9,8,-1
12,13,170,40,72,62,12,8,-1
12,13,230,50,113,108,29,8,1
12,13,40,50,11,-5,0,8,0
12,13,160,40,148,85,0,8,-5
12,13,280,10,105,67,0,4,-9
12,13,40,30,87,72,0,7,-4
12,13,50,50,49,49,0,8,2
12,13,40,20,46,29,0,8,0
12,13,30,60,62,9,0,8,-5
12,13,80,60,13,-38,0,0,-2
12,13,80,20,45,-42,0,0,-10
12,13,60,40,48,-64,0,0,-5
12,13,250,20,31,-50,0,0,-5
12,13,200,80,35,-9,0,7,8
12,13,170,20,68,62,0,8,-7
12,13,220,110,114,107,5,8,0
12,13,260,80,71,36,0,8,2
12,13,270,70,41,10,0,7,4
12,13,240,40,58,39,0,8,-1
12,13,190,30,61,18,0,6,-8
12,13,990,10,82,23,0,0,3
12,13,200,30,75,45,0,8,2
12,13,190,80,100,64,0,7,1
12,13,260,70,49,37,14,8,3
12,13,310,60,21,-14,0,5,-5
12,13,200,70,0,-1,5,8,1
12,13,210,40,47,22,0,8,-5
12,13,210,70,73,55,0,8,1
12,13,200,60,81,39,0,8,-1
12,13,220,90,77,43,0,6,-8
12,13,200,80,80,58,1,8,-44
12,13,200,40,47,16,0,8,-1
12,13,0,0,47,-9,0,0,-12
12,13,30,30,19,2,0,8,1
12,13,190,10,24,21,5,8,3
12,13,150,10,47,24,0,7,-3
12,13,310,10,57,18,0,0,-1
12,13,210,20,56,24,0,0,4
12,13,200,50,46,31,0,8,3
12,13,200,30,80,64,0,6,0
12,13,0,0,60,43,0,8,1
12,13,50,20,65,42,0,1,0
12,13,70,50,44,1,0,0,3
12,13,240,20,17,14,0,0,-6
12,13,70,20,26,24,0,8,-2
12,13,70,30,-18,-29,0,8,6
12,13,150,20,-16,-39,0,8,1
12,13,250,20,32,-18,0,1,2
12,13,200,50,74,19,0,8,0
12,13,200,90,63,35,0,8,-4
12,13,190,70,55,35,2,8,0
12,13,240,90,54,20,-1,8,3
12,13,20,40,17,-6,0,0,-2
12,13,240,10,23,-43,0,0,-6
12,13,190,30,-1,-39,0,0,-5
12,13,200,100,6,3,6,8,5
12,13,230,80,96,79,0,8,-1
12,13,230,70,88,49,0,1,-3
12,13,230,70,53,26,0,8,-6
12,13,330,40,24,17,0,8,-2
12,13,260,20,-12,-16,0,8,-1
12,13,230,70,14,12,7,8,5
12,13,230,30,45,26,0,2,-6
12,13,210,70,53,44,1,8,1
12,13,220,70,87,77,0,8,-2
12,13,190,60,40,-22,0,0,-3
12,13,160,70,71,13,-1,8,-3
12,13,200,80,84,36,0,7,-6
12,13,180,50,87,65,2,8,-2
12,13,220,70,75,52,-1,8,-3
12,13,210,50,46,33,1,8,1
12,13,240,40,61,47,0,8,1
12,13,60,30,52,31,0,8,2
12,13,50,30,40,7,0,8,1
12,13,360,10,27,23,0,0,-8
12,13,270,10,27,-23,0,8,-2
12,13,340,10,41,39,2,9,18
12,13,340,30,69,34,0,8,-3
12,13,330,20,73,50,0,8,-3
12,13,260,40,62,42,0,8,-2
12,13,280,40,66,38,0,8,-11
12,13,270,40,16,1,-1,7,2
12,13,250,30,20,11,0,8,1
12,13,230,50,34,33,0,8,6
12,13,230,60,32,21,0,8,2
12,13,230,40,47,29,-1,8,1
12,13,230,40,58,57,0,8,1
12,13,230,40,69,53,0,8,-1
12,13,250,30,65,62,0,8,1
12,13,20,20,57,20,0,7,-3
12,13,300,20,32,11,0,4,2
12,13,50,50,-17,-21,-1,8,2
12,13,10,40,-34,-45,0,8,2
12,13,230,50,-24,-53,0,1,-18
12,13,180,70,-10,-62,0,7,4
12,13,220,90,70,41,-1,8,-2
12,13,200,60,108,56,0,8,-6
12,13,200,70,118,69,0,8,1
12,13,200,130,116,66,-1,8,-11
12,13,220,100,109,82,0,8,2
12,13,210,110,149,97,0,8,-1
12,13,220,90,102,60,0,8,-1
12,13,190,130,82,64,19,8,8
12,13,190,100,123,86,-1,8,2
12,13,230,40,71,51,0,8,3
12,13,220,60,66,41,0,7,-2
12,13,210,100,66,53,9,8,5
12,13,220,80,90,42,0,0,-2
12,13,220,80,95,72,0,8,0
12,13,220,80,99,61,0,8,-1
12,13,220,60,116,9,0,0,2
12,13,250,50,74,66,2,8,-5
12,13,230,50,57,40,0,8,5
12,13,990,10,34,31,0,8,-2
12,13,30,10,38,33,0,7,-4
12,13,240,20,27,26,0,8,0
12,13,30,20,57,56,0,8,-1
12,13,60,40,58,29,0,0,-2
12,13,50,50,30,21,0,8,-3
12,13,50,30,7,7,0,9,-1
12,13,60,50,11,11,0,8,-2
12,13,240,10,3,1,0,8,3
12,13,240,40,-2,-18,0,8,-1
12,13,220,70,28,24,1,8,2
12,13,180,60,81,13,0,8,-4
12,13,200,110,78,63,-1,8,2
12,13,210,90,99,64,0,8,0
12,13,230,80,100,51,0,5,-3
12,13,210,140,103,81,-1,8,-2
12,13,270,60,75,8,0,1,1
12,13,230,50,74,52,0,8,0
12,13,210,120,125,81,0,8,-5
12,13,210,100,93,83,6,8,0
12,13,280,60,70,45,4,8,7
12,13,200,70,63,29,0,8,1
12,13,210,80,83,44,0,4,-2
12,13,330,40,64,58,-1,8,1
12,13,340,60,62,18,0,8,-2
12,13,340,20,39,32,0,8,5
12,13,30,30,33,31,0,7,8
12,13,70,50,17,-21,0,8,-1
12,13,70,80,20,-37,0,7,-2
12,13,40,40,17,-25,0,0,-4
12,13,80,70,5,-31,0,7,2
12,13,50,50,11,-28,0,0,-3
12,13,60,50,38,-21,0,0,0
12,13,70,20,-31,-31,0,9,2
12,13,50,20,-4,-6,0,0,-1
12,13,130,10,49,-26,0,0,3
12,13,220,20,23,1,0,8,4
12,13,190,30,52,22,0,8,-1
12,13,180,80,54,0,0,7,2
12,13,230,50,41,32,0,8,-1
12,13,220,80,51,29,0,8,-5
12,13,200,80,83,43,0,0,-5
12,13,230,50,59,50,9,8,5
12,13,270,40,69,46,0,8,-1
12,13,230,30,52,51,-1,8,2
12,13,300,20,61,32,0,7,-3
12,13,240,60,28,21,1,8,4
12,13,230,40,10,6,0,8,1
12,13,180,80,25,13,6,8,10
12,13,210,60,71,42,-1,8,-7
12,13,260,20,58,51,0,8,2
12,13,220,20,69,44,0,0,-2
12,13,230,20,48,14,0,0,-3
12,13,220,50,2,1,3,8,0
12,13,250,30,25,19,0,8,4
12,13,210,40,42,10,0,8,1
12,13,190,50,31,-1,0,0,-3
12,13,140,50,11,-20,0,1,0
12,13,70,50,34,4,0,7,1
12,13,40,30,13,13,0,9,1
12,13,100,30,16,10,0,8,-2
12,13,220,40,12,12,2,9,5
12,13,200,70,42,42,1,9,2
12,13,280,40,60,14,0,8,-3
12,13,250,40,98,95,3,8,2
12,13,240,50,94,76,0,8,-1
12,13,310,20,95,86,0,8,-1
12,13,200,20,63,62,0,8,3
12,13,310,30,62,59,0,8,-2
12,13,40,50,52,41,0,8,0
12,13,60,60,13,-42,0,0,-4
12,13,70,60,-9,-47,0,0,0
12,13,70,60,-8,-53,0,0,-1
12,13,80,30,2,-51,0,0,0
12,13,50,20,0,-35,0,0,0
12,13,360,10,6,-14,0,7,2
12,13,60,20,59,35,0,8,-1
12,13,180,60,59,16,2,8,5
12,13,210,90,103,67,-1,8,-4
12,13,210,80,40,23,3,8,0
12,13,200,100,77,60,2,8,9
12,13,190,100,118,87,1,8,-7
12,13,170,80,92,47,0,1,-6
12,13,240,30,68,54,1,8,3
12,13,200,60,88,70,0,8,5
12,13,270,50,95,59,0,8,-4
12,13,30,60,57,41,0,8,2
12,13,30,50,36,16,0,8,-1
12,13,40,50,16,-26,0,7,2
12,13,50,50,-1,-45,0,1,-1
12,13,50,30,1,-44,0,0,2
12,13,240,30,-11,-55,-1,7,-2
12,13,180,40,-3,-50,0,8,1
12,13,350,50,-24,-47,0,8,2
12,13,210,10,-82,-138,0,0,-5
12,13,210,80,-28,-34,7,8,18
12,13,170,40,8,-22,-1,8,4
12,13,210,70,22,4,0,8,-2
12,13,180,60,26,-17,0,0,4
12,13,40,30,34,12,0,8,-1
12,13,240,80,37,27,7,8,1
12,13,210,80,67,25,0,0,-2
12,13,200,80,31,17,1,8,3
12,13,240,30,33,18,-1,8,1
12,13,80,40,18,8,11,8,2
12,13,230,50,95,81,-1,8,-4
12,13,360,30,-4,-6,0,9,0
12,13,50,80,-63,-101,0,8,2
12,13,50,30,-56,-75,0,8,-2
12,13,260,20,-29,-50,0,3,-4
12,13,190,100,-8,-58,0,7,3
12,13,220,50,2,1,8,8,0
12,13,40,20,-2,-3,0,8,-2
12,13,50,30,-25,-26,0,8,0
12,13,360,30,-12,-13,-1,8,0
12,13,270,30,21,12,2,7,9
12,13,230,50,33,32,-1,8,-2
12,13,250,40,56,54,-1,8,1
12,13,330,60,56,26,0,8,-5
12,13,290,20,-26,-52,0,8,1
12,13,360,30,-26,-49,0,8,2
12,13,360,40,14,-19,0,7,-1
12,13,210,90,6,3,3,8,3
12,13,240,50,-19,-21,0,5,-4
12,13,200,50,-28,-61,0,0,-5
12,13,130,30,-11,-17,1,8,1
12,13,60,10,-20,-27,0,1,-23
12,13,170,10,17,15,0,8,5
12,13,30,20,3,3,0,8,-2
12,13,30,70,-25,-26,8,8,4
12,13,10,80,-27,-28,-1,8,-1
12,13,320,20,-47,-70,0,3,-2
12,13,280,30,5,3,0,8,1
12,13,200,30,-8,-30,0,8,6
12,13,140,20,15,-30,0,8,-3
12,13,100,10,20,14,0,8,-4
12,13,60,10,20,-7,0,0,0
12,13,230,30,3,2,0,8,0
12,13,210,110,116,89,0,8,0
12,13,240,40,73,46,0,7,2
12,13,220,120,86,69,-1,8,5
12,13,230,60,86,50,0,8,0
12,13,240,80,60,8,0,2,-2
12,13,240,60,64,16,0,6,1
12,13,270,60,70,32,-1,8,-12
12,13,210,100,81,37,0,8,3
12,13,240,60,66,-10,0,1,-2
12,13,240,50,53,0,0,0,0
12,13,200,60,52,2,0,8,0
12,13,230,70,69,20,0,2,-1
12,13,230,90,94,65,1,8,-14
12,13,250,60,52,29,2,8,2
12,13,230,100,60,24,0,8,0
12,13,270,60,26,17,2,8,4
12,13,260,40,51,26,0,1,-1
12,13,260,30,24,6,0,6,4
12,13,210,60,24,7,0,8,1
12,13,310,30,55,46,4,8,-3
12,13,230,40,51,38,0,8,-1
12,13,270,40,95,92,0,8,1
12,13,220,70,93,78,0,8,-5
12,13,270,30,59,36,0,5,-1
12,13,220,80,75,65,0,8,3
12,13,220,60,91,87,0,8,1
12,13,230,40,80,47,0,8,0
12,13,210,70,56,31,0,8,-8
12,13,240,80,45,30,10,8,1
12,13,270,40,40,23,0,8,-1
12,13,240,50,99,96,1,8,2
12,13,230,60,20,8,0,8,-1
12,13,250,40,36,22,0,8,-6
12,13,210,100,21,18,3,8,4
12,13,230,70,47,26,-1,8,2
12,13,290,10,27,23,1,8,1
12,13,250,30,14,-2,0,8,-2
12,13,200,60,0,-3,2,8,8
12,13,190,10,4,-31,0,6,-18
12,13,230,80,33,30,6,8,7
12,13,320,40,37,21,0,8,2
12,13,350,40,1,-37,0,8,3
12,13,230,50,6,-50,0,2,1
12,13,160,20,20,-40,0,8,3
12,13,160,70,70,35,0,8,3
12,13,220,90,96,56,0,1,-4
12,13,220,60,77,64,2,8,-4
12,13,210,60,79,65,1,8,-5
12,13,230,40,55,52,1,8,5
12,13,130,10,68,46,0,8,-6
12,13,90,30,31,21,4,8,-2
12,13,250,30,84,77,0,8,0
12,13,180,50,69,58,9,8,-2
12,13,220,80,118,114,-1,8,3
12,13,170,50,124,88,0,8,3
12,13,220,110,88,62,-1,8,7
12,13,230,80,78,48,0,8,3
12,13,230,40,75,59,37,8,-3
12,13,190,60,72,57,-1,8,-2
12,13,170,70,113,64,0,8,0
12,13,230,100,71,33,0,8,1
12,13,210,90,95,54,0,8,0
12,13,260,20,68,54,0,7,1
12,13,90,50,74,24,0,0,-5
12,13,260,20,51,13,0,0,0
12,13,220,60,54,28,0,8,4
12,13,220,120,43,13,0,8,10
12,13,270,50,43,-25,0,8,-1
12,13,240,40,66,58,-1,8,4
12,13,230,60,82,64,1,7,-1
12,13,230,50,90,56,0,2,-2
12,13,210,20,97,42,0,0,-1
12,13,80,20,66,39,0,0,6
12,13,210,30,53,13,0,0,-4
12,13,210,50,72,28,0,0,-7
12,13,230,50,67,44,0,8,-1
12,13,200,50,79,49,0,8,4
12,13,220,90,131,-2,0,1,-5
12,13,230,40,101,36,0,4,-3
12,13,210,60,89,48,0,5,1
12,13,230,60,84,59,0,8,-4
12,13,230,70,74,35,0,0,-1
12,13,200,110,68,15,0,8,-2
12,13,210,100,83,69,3,8,10
12,13,200,100,95,54,0,7,0
12,13,200,140,108,76,-1,8,4
12,13,210,50,79,44,0,8,-2
12,13,240,30,68,43,0,8,-2
12,13,200,130,90,55,-1,8,7
12,13,220,40,81,59,0,8,-3
12,13,240,50,59,37,0,7,-1
12,13,190,70,61,14,0,8,2
12,13,180,60,92,-3,0,6,4
12,13,30,40,31,13,0,8,0
12,13,20,30,13,6,0,8,-1
12,13,40,40,-10,-16,0,8,2
12,13,100,20,25,7,0,8,1
12,13,220,30,50,29,0,8,1
12,13,320,20,72,55,0,8,-6
12,13,220,80,52,3,0,8,1
12,13,230,40,45,19,-1,8,-5
12,13,200,30,39,19,0,8,-1
12,13,250,50,80,39,0,2,3
12,13,240,80,75,39,0,8,-9
12,13,220,110,89,73,3,8,3
12,13,180,50,35,20,0,8,-4
12,13,200,50,48,13,0,0,-7
12,13,220,60,47,34,0,8,1
12,13,240,40,62,40,0,8,0
12,13,230,70,71,68,5,8,8
12,13,230,60,116,113,1,8,2
12,13,300,50,83,75,39,8,-2
12,13,250,70,70,31,1,8,3
12,13,230,90,73,45,0,8,1
12,13,230,110,95,76,0,8,3
12,13,230,70,106,79,0,8,0
12,13,230,100,85,80,5,8,1
12,13,240,40,60,37,-1,8,0
12,13,220,30,44,30,0,8,0
12,13,70,50,31,11,1,8,-8
12,13,30,50,-21,-74,0,0,2
12,13,350,40,35,13,0,5,1
12,13,280,30,44,25,0,8,1
12,13,230,30,48,34,0,8,3
12,13,250,50,122,114,-1,8,-3
12,13,210,60,114,54,0,0,-4
12,13,210,50,112,48,0,0,-5
12,13,240,60,92,48,0,0,0
12,13,210,90,77,13,0,8,-2
12,13,210,110,112,59,0,8,-1
12,13,220,50,140,83,0,0,-5
12,13,200,60,127,72,0,0,-5
12,13,220,40,86,55,0,5,-1
12,13,200,70,73,17,0,1,-6
12,13,220,70,66,56,12,8,0
12,13,210,40,85,58,0,8,1
12,13,100,20,64,59,4,8,2
12,13,200,50,95,58,0,0,-4
12,13,190,30,101,73,0,8,-3
12,13,210,70,117,112,3,8,1
12,13,200,50,162,112,0,8,-8
12,13,240,40,123,84,0,8,-4
12,13,200,60,147,104,0,8,-1
12,13,190,70,127,77,0,8,-1
12,13,220,110,109,57,0,8,1
12,13,210,130,126,90,0,8,-2
12,13,240,60,115,70,0,8,-5
12,13,200,90,136,71,0,8,-3
12,13,210,20,85,82,6,8,15
12,13,210,90,140,82,0,1,-4
12,13,230,90,132,80,0,7,-2
12,13,70,30,121,68,0,6,0
12,13,190,30,99,59,0,8,-1
12,13,160,50,95,47,0,5,-4
12,13,220,70,98,44,0,0,-3
12,13,230,40,45,26,0,8,-2
12,13,310,20,82,75,3,8,-6
12,13,60,40,43,8,0,0,-3
12,13,80,60,29,-28,0,0,0
12,13,330,10,57,5,0,0,2
12,13,210,10,92,38,0,2,-6
12,13,190,50,97,32,0,8,1
12,13,190,50,76,10,0,8,6
12,13,220,50,127,48,0,8,-1
12,13,230,50,88,58,0,8,7
12,13,260,40,78,52,0,8,-3
12,13,200,40,72,47,0,8,0
12,13,220,50,70,49,0,8,1
12,13,210,20,120,64,0,1,-2
12,13,80,20,88,55,0,1,3
12,13,80,30,81,39,0,8,-6
12,13,200,30,44,43,3,9,3
12,13,200,20,66,53,0,8,0
12,13,80,30,67,24,0,7,-13
12,13,320,10,29,-4,0,1,2
12,13,200,70,67,17,0,8,-4
12,13,230,30,63,46,0,8,2
12,13,190,60,75,38,0,8,-7
12,13,230,60,75,37,0,8,1
12,13,230,80,87,68,0,8,1
12,13,240,50,79,50,0,7,-1
12,13,240,20,70,38,0,2,1
12,13,990,10,37,14,0,8,2
12,13,990,10,31,-7,0,0,-3
12,13,210,30,51,-5,0,0,-4
12,13,210,30,10,-19,0,0,4
12,13,30,30,36,12,0,8,-5
12,13,990,10,8,-5,0,8,-3
12,13,220,50,9,7,5,8,1
12,13,260,40,74,60,0,7,-3
12,13,230,40,60,39,0,8,0
12,13,230,50,70,43,0,8,0
12,13,200,100,55,29,0,8,5
12,13,250,50,33,12,-1,8,4
12,13,240,60,17,-10,0,8,0
12,13,190,80,21,15,2,8,19
12,13,70,50,17,14,15,8,11
12,13,240,40,19,12,1,8,-6
12,13,210,110,41,23,4,8,3
12,13,220,70,34,17,0,8,5
12,13,220,30,40,16,0,8,-1
12,13,260,40,47,26,0,8,-4
12,13,200,30,30,24,0,8,-2
12,13,340,40,64,56,-1,8,0
12,13,240,30,58,52,0,8,2
12,13,230,20,71,68,1,8,1
12,13,240,30,85,85,3,9,0
12,13,280,30,91,88,0,8,0
12,13,240,40,88,77,0,8,1
12,13,230,70,85,70,0,8,-2
12,13,220,80,58,27,0,8,-6
12,13,230,80,64,29,0,8,-1
12,13,210,50,67,32,0,7,-4
12,13,240,60,33,0,0,6,-4
12,13,170,70,28,8,1,8,-1
12,13,250,80,124,86,0,8,1
12,13,220,100,136,85,0,8,-3
12,13,190,80,86,51,0,8,-7
12,13,240,60,139,114,0,8,-2
12,13,230,50,131,109,-1,8,1
12,13,300,10,88,46,0,6,-4
12,13,160,20,97,54,0,8,-4
12,13,220,60,123,100,0,8,-1
12,13,210,120,112,91,-1,8,-3
12,13,240,70,97,56,0,8,5
12,13,270,50,78,70,10,8,5
12,13,270,50,71,29,0,8,-23
12,13,290,30,60,21,0,8,1
12,13,60,40,34,26,0,8,2
12,13,90,60,18,-32,0,0,2
12,13,70,40,14,-36,0,8,-1
12,13,140,30,5,-57,0,7,2
12,13,230,40,44,23,0,7,-8
12,13,240,60,78,48,0,8,0
12,13,160,40,79,37,0,8,-10
12,13,200,60,92,56,-1,8,1
12,13,220,70,76,55,1,8,-2
12,13,240,100,139,98,0,8,-4
12,13,260,50,109,66,-1,7,-3
12,13,180,40,82,74,7,8,-4
12,13,350,30,60,23,0,2,7
12,13,200,40,37,6,0,2,5
12,13,200,20,34,-13,0,8,-2
12,13,190,10,50,-1,0,8,6
12,13,230,30,34,-1,0,7,-5
12,13,220,70,56,42,0,8,1
12,13,230,40,73,52,-1,8,0
12,13,280,20,90,86,0,8,0
12,13,60,60,33,-4,0,8,0
12,13,230,40,41,34,-1,8,3
12,13,240,20,51,46,0,8,-3
12,13,40,30,49,28,0,0,0
12,13,220,40,37,14,0,8,-6
12,13,210,90,58,43,2,8,-1
12,13,240,50,91,60,0,8,0
12,13,250,70,102,82,1,8,-1
12,13,240,50,68,56,4,8,-2
12,13,200,70,56,14,0,6,-6
12,13,200,50,50,43,0,8,1
12,13,190,80,56,10,0,3,-5
12,13,250,30,54,51,2,8,-5
12,13,230,90,76,32,-1,8,-17
12,13,220,80,86,27,0,8,-3
12,13,190,20,89,78,1,8,-3
12,13,200,70,148,76,0,8,6
12,13,180,50,97,53,0,8,-5
12,13,160,50,152,75,0,6,-8
12,13,200,80,129,89,0,8,-7
12,13,190,80,87,47,0,4,-7
12,13,230,50,88,77,2,8,-4
12,13,250,50,80,65,-1,8,-5
12,13,260,70,107,59,0,8,-2
12,13,280,40,70,60,-1,8,3
12,13,140,20,56,29,0,8,5
12,13,30,30,56,46,0,8,1
12,13,990,10,48,8,0,8,-5
12,13,310,20,31,14,0,8,14
12,13,200,40,104,-59,0,1,-2
12,13,50,10,48,43,0,8,0
12,13,340,60,77,61,5,8,1
12,13,290,10,56,46,0,8,0
12,13,190,70,56,25,1,8,-3
12,13,190,80,78,9,0,7,-6
12,13,170,40,56,-3,0,8,2
12,13,220,10,31,18,-1,8,0
12,13,220,40,42,18,0,8,5
12,13,90,20,39,5,0,8,-1
12,13,220,40,36,1,0,0,-10
12,13,120,10,22,-4,0,8,3
12,13,150,40,45,27,5,8,-1
12,13,220,30,81,76,5,8,1
12,13,200,50,75,39,0,8,-2
12,13,220,40,110,82,0,7,1
12,13,190,30,92,86,11,8,3
12,13,180,30,107,78,0,8,0
12,13,230,50,106,56,0,3,-3
12,13,190,60,114,55,0,0,0
12,13,200,70,125,70,0,8,-3
12,13,210,60,113,71,0,8,-8
12,13,180,60,85,57,4,8,4
12,13,250,40,135,109,0,8,-4
12,13,180,60,116,108,30,8,1
12,13,320,30,44,35,6,8,4
12,13,310,40,52,12,0,1,-2
12,13,210,60,49,9,0,8,1
12,13,190,120,45,17,2,8,5
12,13,90,20,44,15,0,8,-2
12,13,230,50,40,9,0,8,1
12,13,230,40,41,26,2,8,2
12,13,200,10,27,20,1,8,1
12,13,50,10,33,30,0,8,1
12,13,80,41,10,6,-1,8,-5
12,13,40,21,-6,-12,0,8,0
12,13,290,10,22,7,-1,8,2
12,13,30,57,52,0,0,1,-5
12,13,240,5,32,-47,0,0,3
12,13,240,10,30,7,0,8,0
12,13,20,21,58,-11,0,6,-9
12,13,70,31,38,-8,0,1,-5
12,13,100,77,-12,-116,0,2,0
12,13,130,41,-2,-68,0,4,0
12,13,190,41,32,-25,0,0,-2
12,13,200,36,29,-7,0,1,0
12,13,220,31,53,-35,0,0,0
12,13,210,31,25,-58,0,1,1
12,13,190,36,46,31,-1,8,-7
12,13,210,41,67,67,-1,8,3
12,13,270,67,68,15,0,7,-1
12,13,240,82,105,94,2,8,-2
12,13,250,51,43,10,1,7,0
12,13,240,77,82,76,19,8,11
12,13,270,93,129,103,0,8,-4
12,13,230,108,121,68,-1,8,-2
12,13,290,57,72,36,0,7,-2
12,13,260,26,63,26,0,6,-3
12,13,280,82,83,64,0,7,1
12,13,340,41,76,17,0,7,-2
12,13,240,26,81,36,0,2,2
12,13,280,31,58,33,0,8,-2
12,13,990,5,55,54,0,8,0
12,13,210,26,42,19,-1,8,-2
12,13,220,67,98,26,0,5,-4
12,13,190,118,102,88,4,8,1
12,13,200,87,87,33,0,3,-1
12,13,110,15,40,27,5,8,1
12,13,250,36,63,31,0,1,0
12,13,190,51,52,27,0,1,-4
12,13,210,57,80,71,2,8,-3
12,13,990,10,50,49,0,8,0
12,13,50,41,28,10,0,7,2
12,13,50,31,36,13,-1,8,0
12,13,210,62,44,21,-1,8,-2
12,13,300,77,79,26,0,6,-7
12,13,240,46,72,47,0,6,1
12,13,250,57,97,66,0,7,1
12,13,180,46,56,17,0,2,3
12,13,170,36,89,53,0,6,9
12,13,150,36,82,73,0,7,1
12,13,170,87,104,39,0,7,2
12,13,70,31,71,65,-1,8,-1
12,13,40,67,37,30,3,8,-2
12,13,70,26,31,12,0,8,1
12,13,350,26,33,15,-1,8,1
12,13,10,15,34,30,0,8,-1
12,13,80,21,59,56,0,8,2
12,13,100,26,25,-1,0,8,-3
12,13,40,51,-11,-19,0,8,-2
12,13,80,51,21,-15,0,3,-1
12,13,90,51,7,-43,0,6,-2
12,13,90,31,21,-86,0,3,-1
12,13,170,15,23,-81,0,0,3
12,13,270,15,20,-33,0,0,3
12,13,200,41,-2,-2,0,8,0
12,13,240,57,102,93,0,8,-1
12,13,230,51,106,77,0,7,-6
12,13,220,77,110,94,-1,8,3
12,13,250,51,85,61,0,5,-1
12,13,220,31,78,67,0,8,-3
12,13,250,67,58,51,29,8,-7
12,13,150,57,54,53,18,8,5
12,13,260,113,95,43,0,7,-3
12,13,220,72,82,78,-1,8,8
12,13,260,51,33,20,7,4,16
12,13,230,36,59,49,0,8,-3
12,13,240,46,84,73,7,7,-2
12,13,10,26,34,-10,0,4,-6
12,13,200,72,32,29,5,8,7
12,13,250,77,63,53,6,8,-2
12,13,250,36,65,55,0,7,0
12,13,200,67,103,94,-1,8,2
12,13,230,87,139,128,-1,8,-4
12,13,190,5,40,33,7,8,-1
12,13,350,72,24,12,0,8,6
12,13,220,82,51,38,2,8,1
12,13,200,46,48,23,0,5,1
12,13,310,31,43,36,4,8,1
12,13,40,10,17,5,0,7,5
12,13,320,46,34,16,-1,8,3
12,13,270,15,44,16,0,7,-1
12,13,180,51,32,1,0,7,0
12,13,190,93,66,54,3,8,1
12,13,230,72,88,73,7,8,-1
12,13,220,72,86,44,-1,8,-14
12,13,150,21,63,35,0,5,-7
12,13,140,26,48,27,0,4,6
12,13,170,77,126,87,0,5,-1
12,13,210,62,122,108,0,7,7
12,13,250,62,102,58,0,2,1
12,13,250,57,93,41,0,2,-2
12,13,200,57,89,72,10,8,2
12,13,200,113,93,81,4,8,5
12,13,210,26,82,60,0,7,-3
12,13,200,72,73,62,1,8,8
12,13,250,62,146,110,0,3,-1
12,13,250,72,135,107,0,7,0
12,13,280,57,122,98,0,7,-12
12,13,320,31,60,28,1,4,12
12,13,150,26,15,15,0,8,4
12,13,260,31,59,58,0,7,4
12,13,170,57,36,36,0,8,8
12,13,180,87,64,36,0,7,2
12,13,200,62,70,47,0,2,-2
12,13,240,31,58,28,0,1,4
12,13,240,15,36,32,0,2,7
12,13,110,10,-3,-3,0,8,3
12,13,70,46,14,-7,0,2,-5
12,13,90,5,-6,-30,0,2,-2
12,13,200,57,-26,-33,0,8,8
12,13,210,57,15,15,0,8,2
12,13,240,82,114,106,22,8,0
12,13,240,62,132,126,8,8,2
12,13,210,87,118,88,0,8,1
12,13,220,103,74,35,-1,7,-12
12,13,220,51,54,37,-1,8,-3
12,13,140,41,41,16,0,7,-1
12,13,110,26,56,56,0,8,0
12,13,90,31,36,36,-1,8,4
12,13,60,72,14,-15,0,1,2
12,13,70,72,-25,-80,-1,7,-3
12,13,80,57,-37,-75,0,7,0
12,13,170,26,-2,-46,0,2,-3
12,13,100,21,14,-18,0,4,-2
12,13,20,15,15,5,0,8,1
12,13,80,21,-7,-7,0,8,-2
12,13,250,10,-1,-1,0,8,7
12,13,60,41,41,6,0,1,-4
12,13,80,26,33,-14,0,3,-6
12,13,50,87,12,-19,0,7,-1
12,13,70,62,0,-35,0,7,1
12,13,70,62,5,-22,0,4,0
12,13,120,15,3,-13,0,7,5
12,13,270,31,51,51,-1,8,-16
12,13,190,21,42,42,-1,8,2
12,13,20,51,28,24,0,7,-1
12,13,120,36,-5,-11,0,8,2
12,13,220,62,103,103,9,8,4
12,13,340,41,59,59,-1,8,-6
12,13,40,31,9,-12,0,2,-1
12,13,220,26,-1,-1,-1,8,8
12,13,40,21,16,16,-1,8,-4
12,13,90,10,-13,-27,0,0,3
12,13,80,31,-23,-59,0,0,0
12,13,80,41,-6,-100,0,0,-5
12,13,100,67,-38,-86,0,7,3
12,13,90,31,-1,-1,0,8,0
12,13,200,50,56,29,0,8,7
12,13,270,60,77,34,0,7,1
12,13,180,90,64,55,13,8,4
12,13,200,50,79,43,0,7,0
12,13,140,10,67,40,0,7,1
12,13,60,30,65,48,-1,7,-2
12,13,40,20,61,51,0,7,-2
12,13,80,20,19,12,0,7,-6
12,13,110,30,0,-17,0,8,-1
12,13,60,20,3,-14,0,8,1
12,13,130,10,-6,-10,-1,8,-1
12,13,220,20,2,-5,-1,8,0
12,13,10,30,29,19,-1,7,3
12,13,220,30,31,-2,0,2,0
12,13,260,60,75,56,0,8,-1
12,13,190,20,64,46,0,8,1
12,13,180,20,38,26,0,7,0
12,13,160,10,70,69,0,8,11
12,13,110,30,83,80,18,8,-2
12,13,70,60,5,-14,0,8,-2
12,13,60,70,-20,-69,0,0,4
12,13,80,40,16,-108,0,4,1
12,13,50,80,-8,-89,0,0,3
12,13,60,70,-24,-93,0,0,2
12,13,60,40,0,-77,0,7,0
12,13,130,20,-12,-71,0,1,4
12,13,170,40,-31,-118,0,8,0
12,13,60,50,-47,-135,0,1,-5
12,13,220,40,-58,-79,-1,8,8
12,13,20,80,-9,-28,-1,8,-3
12,13,70,60,-87,-141,0,1,-5
12,13,230,30,71,33,0,5,-7
12,13,40,50,27,-1,0,8,1
12,13,300,30,42,17,0,7,0
12,13,50,30,34,5,0,5,-4
12,13,200,20,27,11,-1,6,1
12,13,210,60,34,5,-1,8,0
12,13,210,50,54,15,0,7,-9
12,13,200,70,67,57,0,8,9
12,13,210,50,98,74,0,6,0
12,13,220,70,115,113,23,8,4
12,13,240,50,133,110,-1,6,-6
12,13,320,70,89,65,1,7,-6
12,13,260,30,88,64,0,7,-2
12,13,350,60,81,36,0,3,-3
12,13,60,80,18,-29,0,7,-2
12,13,90,80,-27,-83,0,1,-2
12,13,100,70,-22,-55,-1,7,6
12,13,130,50,70,27,0,8,1
12,13,170,70,103,84,0,7,-8
12,13,60,20,51,41,0,7,4
12,13,350,30,37,36,2,8,0
12,13,20,20,32,22,0,8,0
12,13,190,30,40,39,-1,8,7
12,13,220,40,121,121,-1,8,5
12,13,180,90,111,100,2,8,5
12,13,230,70,79,60,2,7,-2
12,13,220,30,72,68,10,8,4
12,13,230,40,67,53,0,6,2
12,13,200,30,58,58,-1,8,0
12,13,170,50,64,30,0,7,5
12,13,210,30,96,90,-1,8,2
12,13,60,50,6,-13,0,7,-2
12,13,90,50,-16,-45,0,7,-2
12,13,990,10,-6,-25,0,8,0
12,13,290,40,43,30,0,4,0
12,13,260,40,12,11,2,5,0
12,13,330,50,41,-7,0,3,-15
12,13,280,30,43,25,0,6,-5
12,13,160,40,3,3,0,8,2
12,13,180,30,39,39,3,8,0
12,13,180,30,50,50,0,7,-1
12,13,270,40,80,80,0,8,-7
12,13,210,50,97,97,-1,8,3
12,13,280,90,98,49,0,6,-6
12,13,240,50,123,116,0,8,1
12,13,210,50,102,99,0,8,-5
12,13,240,30,95,77,0,6,-1
12,13,200,30,101,32,0,4,0
12,13,220,40,69,69,-1,8,3
12,13,260,70,64,49,1,8,-3
12,13,360,50,57,18,0,1,0
12,13,260,30,50,23,0,7,-6
12,13,230,20,50,49,0,7,1
12,13,200,60,56,22,-1,7,1
12,13,250,20,61,50,0,1,0
12,13,220,60,89,84,0,8,-2
12,13,200,40,79,63,-1,8,4
12,13,150,50,63,61,8,8,15
12,13,210,50,71,63,19,8,-19
12,13,120,60,60,31,0,7,-4
12,13,180,60,104,57,0,2,-1
12,13,180,90,109,60,0,5,1
12,13,270,80,109,57,0,5,-6
12,13,280,100,81,21,0,6,-5
12,13,220,120,102,59,-1,8,-12
12,13,260,40,68,5,-1,2,-11
12,13,270,40,62,38,0,1,1
12,13,220,70,76,66,-1,8,0
12,13,220,70,90,80,-1,8,3
12,13,200,80,83,55,0,8,2
12,13,220,80,88,41,0,4,0
12,13,260,40,71,60,17,7,1
12,13,200,70,104,98,9,8,6
12,13,260,50,76,68,7,7,3
12,13,230,40,66,34,0,6,-3
12,13,240,40,41,26,0,6,-22
12,13,350,60,16,-5,-1,2,1
12,13,230,30,26,16,0,7,5
12,13,220,110,57,44,7,8,0
12,13,290,30,51,10,0,7,4
12,13,300,50,26,-6,-1,5,-16
12,13,240,30,31,13,0,3,9
12,13,180,40,0,0,0,7,3
12,13,160,60,11,-40,0,7,3
12,13,220,50,82,60,0,1,-8
12,13,200,90,85,75,-1,8,5
12,13,220,60,74,22,0,6,-5
12,13,260,80,73,27,0,6,1
12,13,220,40,57,34,0,7,0
12,13,280,40,43,33,-1,7,-4
12,13,280,60,48,26,0,7,0
12,13,210,40,36,26,0,7,1
12,13,160,30,43,40,0,8,1
12,13,180,70,135,86,-1,8,-4
12,13,150,20,118,100,1,8,-2
12,13,240,40,98,62,0,3,8
12,13,180,80,79,55,4,8,2
12,13,140,50,127,74,0,7,1
12,13,160,50,122,100,0,8,-4
12,13,130,50,108,87,0,8,0
12,13,210,70,129,67,0,3,-2
12,13,210,60,110,66,0,7,-1
12,13,210,70,114,87,-1,8,2
12,13,220,60,134,83,0,7,0
12,13,210,60,130,114,4,8,1
12,13,220,80,103,67,1,7,-14
12,13,240,30,89,60,0,7,-2
12,13,290,80,74,44,-1,7,-4
12,13,270,60,53,11,0,7,1
12,13,190,30,28,22,2,8,1
12,13,150,30,46,28,-1,8,-3
12,13,110,30,60,42,0,6,0
12,13,120,70,33,0,0,7,-2
12,13,110,50,30,-33,0,3,-1
12,13,100,30,16,-43,0,1,0
12,13,160,10,49,1,0,1,-4
12,13,50,20,9,-13,0,8,3
12,13,50,70,2,-27,0,7,-2
12,13,50,60,-13,-37,0,8,0
12,13,30,40,-4,-9,-1,8,0
12,13,200,60,12,2,3,8,5
12,13,210,50,9,-10,0,7,1
12,13,250,30,23,17,0,7,5
12,13,200,60,15,0,0,7,-7
12,13,200,50,132,116,0,7,1
12,13,120,20,64,63,0,8,0
12,13,140,20,93,92,0,8,2
12,13,260,60,111,84,0,7,3
12,13,180,100,86,64,-1,8,-3
12,13,340,40,91,45,0,5,3
12,13,140,30,38,26,0,3,-15
12,13,100,30,45,43,0,0,1
12,13,60,30,24,-2,0,1,-1
12,13,50,30,36,-7,0,1,2
12,13,350,20,51,49,-1,8,-3
12,13,40,40,35,30,0,8,0
12,13,60,70,43,0,0,7,-2
12,13,40,40,-17,-67,0,1,3
12,13,70,10,4,-32,-1,8,0
12,13,40,50,20,-17,0,0,-2
12,13,0,0,11,8,0,8,5
12,13,990,10,42,41,0,8,2
12,13,260,40,58,32,-1,8,-2
12,13,230,20,34,-19,0,7,0
12,13,250,70,51,43,16,8,4
12,13,260,40,17,6,1,7,-4
12,13,200,30,-8,-58,0,2,-1
12,13,230,60,35,29,1,8,8
12,13,280,40,65,32,0,6,-8
12,13,300,70,8,2,8,8,5
12,13,210,70,22,14,10,8,5
12,13,270,120,70,-7,0,2,-4
12,13,230,20,26,16,-1,7,2
12,13,280,70,32,-15,0,7,-25
12,13,270,20,22,9,0,4,15
12,13,160,80,85,57,0,,-6
12,13,200,50,84,68,0,7,1
12,13,990,10,51,51,0,7,3
12,13,190,50,51,51,0,9,2
12,13,20,40,72,51,0,5,2
12,13,70,70,23,9,-1,8,-4
12,13,60,50,7,-15,0,,-5
12,13,70,60,-6,-36,0,,2
12,13,70,70,-28,-95,0,1,-1
12,13,90,60,-21,-89,0,0,1
12,13,80,90,-20,-95,0,0,-3
12,13,120,30,9,-52,0,8,1
12,13,100,30,9,-6,-1,,0
12,13,90,50,35,21,0,,-6
12,13,110,60,51,35,0,,-4
12,13,280,50,53,50,1,8,-2
12,13,10,40,25,15,0,8,-3
12,13,30,10,26,-12,0,5,-3
12,13,100,50,39,7,0,,-1
12,13,210,30,22,7,0,7,-4
12,13,60,20,38,38,0,,1
12,13,260,60,110,109,10,,-4
12,13,110,30,52,52,0,,4
12,13,190,50,104,99,2,,3
12,13,180,40,114,106,-1,,0
12,13,190,60,104,99,2,,12
12,13,180,50,119,112,-1,,-1
12,13,250,30,95,85,0,,0
12,13,170,40,78,73,8,,-3
12,13,290,30,111,103,1,,-8
12,13,80,70,4,-22,0,,-2
12,13,140,30,131,107,0,7,3
12,13,170,10,85,65,0,3,2
12,13,50,20,63,62,0,8,-8
12,13,50,60,48,43,0,8,-1
12,13,70,20,34,24,0,8,2
12,13,50,80,72,2,0,7,-2
12,13,80,50,20,-49,0,0,-4
12,13,120,20,35,-34,0,0,-2
12,13,50,30,34,-39,0,1,0
12,13,210,10,30,-19,0,1,-1
12,13,180,70,23,14,3,8,2
12,13,150,20,35,32,0,8,5
12,13,240,80,125,117,3,8,0
12,13,280,80,80,51,-1,8,2
12,13,330,70,63,-3,0,6,-14
12,13,270,30,73,41,0,8,-2
12,13,230,20,73,9,0,1,1
12,13,150,30,73,11,0,0,-1
12,13,230,30,64,35,0,1,0
12,13,180,80,97,77,0,8,-2
12,13,290,90,74,38,-1,6,2
12,13,300,50,17,8,1,1,-2
12,13,210,50,10,7,13,8,2
12,13,210,40,41,38,-1,8,3
12,13,230,40,88,73,-1,8,5
12,13,200,50,72,48,0,4,1
12,13,230,50,82,44,0,5,-4
12,13,320,60,45,37,15,8,4
12,13,200,40,41,21,0,7,-3
12,13,190,20,56,33,0,8,-10
12,13,80,40,22,8,0,8,2
12,13,330,10,38,20,0,8,1
12,13,200,10,81,37,0,0,-5
12,13,220,20,65,34,0,0,-5
12,13,190,40,36,35,1,8,0
12,13,250,30,87,76,0,,0
12,13,230,30,76,75,0,7,-2
12,13,200,20,57,54,0,8,1
12,13,110,20,68,56,0,8,-2
12,13,60,40,28,-3,0,0,-9
12,13,230,30,12,10,0,8,1
12,13,40,10,44,34,0,8,1
12,13,80,40,11,-7,0,8,0
12,13,210,20,-13,-24,0,8,-1
12,13,180,30,17,16,0,8,5
12,13,210,40,53,22,0,8,0
12,13,200,90,79,47,0,8,-19
12,13,180,50,55,46,6,8,-2
12,13,250,50,61,37,-1,8,9
12,13,20,50,42,4,0,0,1
12,13,200,30,21,-19,0,0,-1
12,13,200,30,-10,-30,0,8,3
12,13,220,70,23,14,1,8,5
12,13,280,80,120,69,0,3,-4
12,13,240,40,96,33,0,5,-4
12,13,230,30,54,26,0,4,-1
12,13,360,20,42,27,0,0,-1
12,13,220,20,19,6,0,0,-4
12,13,300,60,35,33,16,8,3
12,13,270,20,70,29,0,0,0
12,13,210,50,67,58,0,8,5
12,13,230,50,94,90,5,8,-1
12,13,170,60,30,-20,0,5,3
12,13,140,50,49,20,1,8,2
12,13,190,80,83,47,0,8,-9
12,13,160,40,93,66,0,8,-3
12,13,230,40,70,59,4,8,2
12,13,220,20,60,51,-1,8,4
12,13,270,40,70,48,0,8,-2
12,13,70,20,61,40,0,0,0
12,13,80,20,52,13,0,1,-17
12,13,170,10,-1,-1,0,9,-3
12,13,200,20,41,13,0,8,1
12,13,20,60,82,55,0,7,-5
12,13,360,30,86,21,0,8,-6
12,13,340,40,87,52,0,5,-4
12,13,290,60,85,68,0,,4
12,13,320,70,77,25,2,7,-5
12,13,300,80,42,2,-1,2,-13
12,13,270,40,41,21,0,7,-12
12,13,300,50,84,62,0,6,-13
12,13,250,40,44,44,0,8,-1
12,13,230,40,59,44,0,8,1
12,13,280,40,92,79,0,8,-1
12,13,250,30,84,50,0,8,-2
12,13,290,50,88,54,0,8,-1
12,13,20,50,61,31,0,6,-1
12,13,10,30,58,8,0,1,2
12,13,50,50,-12,-35,0,8,4
12,13,30,50,-8,-54,0,0,-3
12,13,230,40,-5,-17,0,8,-10
12,13,170,70,-11,-57,0,8,6
12,13,220,40,59,54,4,8,7
12,13,190,80,101,49,0,8,-1
12,13,200,50,112,81,-1,8,3
12,13,190,110,95,83,14,8,4
12,13,250,60,121,78,0,7,-5
12,13,220,80,144,112,1,8,-2
12,13,240,60,108,64,0,8,0
12,13,200,110,88,75,2,8,11
12,13,190,80,113,88,0,8,1
12,13,230,20,83,52,0,1,4
12,13,220,40,69,34,0,0,0
12,13,210,80,81,63,-1,8,1
12,13,210,50,91,51,0,1,-1
12,13,220,50,109,90,0,8,2
12,13,220,60,102,66,0,,1
12,13,230,40,65,43,0,,8
12,13,310,30,70,60,11,8,0
12,13,240,40,73,49,0,6,-2
12,13,150,20,33,30,0,9,-2
12,13,40,10,49,46,0,0,-4
12,13,250,30,18,15,0,8,7
12,13,70,10,78,62,0,8,1
12,13,100,40,69,25,0,8,-1
12,13,100,40,39,16,0,8,-1
12,13,60,40,20,15,0,8,-1
12,13,50,20,59,44,0,8,1
12,13,120,20,20,11,0,8,-1
12,13,210,40,6,-13,0,8,-1
12,13,240,30,42,34,0,8,1
12,13,180,50,63,11,0,4,3
12,13,210,80,102,80,0,8,-2
12,13,210,70,99,69,-1,7,1
12,13,240,60,104,46,0,1,-3
12,13,210,100,103,86,12,8,-1
12,13,280,90,80,20,0,1,-1
12,13,230,30,77,57,0,8,0
12,13,210,90,121,93,-1,8,-4
12,13,220,70,105,97,7,8,-2
12,13,280,90,89,54,0,7,0
12,13,190,70,63,34,0,8,2
12,13,210,70,86,43,0,1,-8
12,13,350,60,81,59,-1,7,-2
12,13,350,70,75,21,0,1,-4
12,13,40,10,50,45,0,8,2
12,13,130,10,25,23,0,8,0
12,13,60,30,33,15,0,8,-4
12,13,80,40,33,2,0,0,0
12,13,50,30,19,-17,0,0,-2
12,13,90,70,13,-26,0,8,0
12,13,70,50,2,-19,0,2,0
12,13,70,40,16,-14,0,0,0
12,13,100,30,-38,-42,-1,8,1
12,13,120,10,-35,-36,0,9,0
12,13,190,20,40,26,0,0,-3
12,13,240,20,51,26,0,1,8
12,13,200,40,58,30,0,0,-2
12,13,180,70,52,1,0,8,2
12,13,230,30,56,47,0,7,-3
12,13,210,60,54,41,-1,8,2
12,13,210,70,79,42,0,0,3
12,13,240,50,87,47,0,7,-3
12,13,310,40,79,26,0,8,-11
12,13,200,20,59,55,0,8,2
12,13,230,10,61,45,0,6,1
12,13,240,30,52,36,0,8,-4
12,13,230,30,49,29,0,2,-1
12,13,160,70,7,5,10,8,7
12,13,210,30,68,44,0,8,-3
12,13,300,40,79,57,0,8,-1
12,13,280,30,85,43,0,1,-6
12,13,230,30,9,5,0,8,4
12,13,290,20,30,28,4,8,11
12,13,260,30,53,30,0,3,-4
12,13,190,50,40,23,0,8,1
12,13,180,50,29,13,0,8,-12
12,13,140,70,8,-30,0,0,2
12,13,100,60,55,0,0,8,1
12,13,40,30,25,18,0,8,1
12,13,120,20,19,16,0,8,0
12,13,260,20,45,44,0,8,7
12,13,210,30,53,48,0,8,2
12,13,280,50,69,29,0,4,3
12,13,280,60,94,86,2,8,-5
12,13,260,50,100,70,0,8,-2
12,13,300,40,102,78,0,8,-3
12,13,220,10,56,55,0,9,5
12,13,280,20,67,44,0,8,0
12,13,70,40,56,40,0,8,2
12,13,60,60,13,-43,0,0,3
12,13,70,50,-2,-46,0,0,0
12,13,90,50,2,-44,0,0,-1
12,13,80,30,5,-46,0,0,3
12,13,30,20,-4,-42,0,0,3
12,13,360,20,-13,-38,0,0,2
12,13,20,30,74,37,0,1,3
12,13,160,50,54,29,3,8,5
12,13,200,60,94,82,2,8,-1
12,13,200,50,49,36,0,8,2
12,13,210,50,86,70,5,8,4
12,13,180,80,117,100,11,8,-2
12,13,170,40,87,58,0,7,7
12,13,240,30,81,63,0,7,1
12,13,200,50,97,87,0,8,0
12,13,280,70,93,62,0,8,-1
12,13,40,60,73,44,-1,8,-1
12,13,40,60,45,20,0,8,-3
12,13,40,50,25,-5,0,8,0
12,13,50,40,-5,-37,0,7,-2
12,13,60,20,11,-41,0,0,-4
12,13,210,40,-10,-37,0,8,2
12,13,180,30,-9,-13,11,8,0
12,13,10,20,-28,-53,-1,0,7
12,13,240,10,-87,-159,0,0,-1
12,13,230,40,-16,-23,28,8,18
12,13,150,30,-29,-47,0,8,9
12,13,220,40,13,6,-1,8,0
12,13,180,60,6,-9,-1,8,7
12,13,100,20,11,-1,0,8,4
12,13,260,60,38,30,12,8,1
12,13,210,60,60,23,0,7,-4
12,13,210,70,49,29,0,7,-1
12,13,990,10,68,31,0,1,-2
12,13,90,50,20,5,1,8,0
12,13,40,50,18,14,3,8,-1
12,13,30,40,3,-7,0,8,-1
12,13,70,80,-55,-102,0,8,-1
12,13,80,40,-64,-74,2,8,0
12,13,220,20,-44,-62,0,2,6
12,13,190,80,-10,-21,9,8,4
12,13,230,20,31,27,0,8,-1
12,13,140,20,18,-6,0,8,7
12,13,80,20,-16,-18,0,8,-3
12,13,360,50,-12,-20,0,8,4
12,13,300,60,53,2,0,5,-4
12,13,280,40,56,52,0,8,-1
12,13,280,50,76,58,0,8,-2
12,13,10,60,59,28,2,5,-12
12,13,230,30,-12,-47,0,8,2
12,13,350,30,-9,-36,0,8,1
12,13,20,60,33,7,0,6,-6
12,13,220,60,31,26,14,8,9
12,13,240,20,-6,-31,-1,7,-6
12,13,190,30,-31,-61,0,0,0
12,13,90,30,-12,-20,0,8,-4
12,13,0,0,-57,-59,0,2,11
12,13,50,30,-26,-31,0,8,6
12,13,30,40,-11,-19,0,8,-5
12,13,30,90,-2,-17,0,8,0
12,13,20,90,-12,-46,0,8,0
12,13,30,20,-18,-54,0,7,13
12,13,260,20,42,10,0,0,-7
12,13,180,40,-7,-26,0,7,-2
12,13,160,20,15,-28,0,8,2
12,13,120,20,24,10,0,8,1
12,13,30,20,9,-10,0,0,-4
12,13,250,30,25,22,-1,9,-1
12,13,210,70,124,97,-1,8,-4
12,13,280,60,84,28,0,0,-7
12,13,240,50,103,92,1,8,4
12,13,220,50,85,46,0,8,1
12,13,250,60,43,20,11,7,-7
12,13,250,40,62,25,0,2,9
12,13,270,80,81,20,-1,7,-2
12,13,210,80,89,50,0,8,6
12,13,270,60,68,1,0,7,6
12,13,250,50,65,15,0,4,-21
12,13,200,50,62,32,0,8,-1
12,13,250,50,79,26,0,2,1
12,13,250,60,97,19,0,8,-5
12,13,230,60,63,33,-1,8,-7
12,13,220,70,63,36,1,8,8
12,13,310,60,39,31,3,8,5
12,13,280,60,68,19,0,2,-3
12,13,270,40,33,17,1,6,8
12,13,220,40,36,3,0,6,-6
12,13,290,50,67,44,-1,1,-4
12,13,240,20,62,53,0,8,2
12,13,270,40,97,92,5,8,2
12,13,220,50,105,76,0,8,-3
12,13,270,50,70,30,0,4,-3
12,13,220,40,96,78,0,8,-3
12,13,250,50,111,99,0,8,-1
12,13,220,20,85,60,0,8,-2
12,13,210,60,57,47,-1,8,3
12,13,240,50,57,47,8,8,8
12,13,270,40,53,30,0,7,5
12,13,270,40,105,100,4,8,-1
12,13,210,40,43,24,0,8,-2
12,13,290,30,43,30,-1,5,1
12,13,210,50,23,19,-1,8,9
12,13,270,60,64,37,-1,8,-12
12,13,220,20,25,20,-1,7,-2
12,13,240,30,27,16,0,4,-2
12,13,160,30,11,8,0,8,2
12,13,270,10,2,-31,0,0,3
12,13,270,60,72,65,5,8,1
12,13,360,60,37,28,3,8,0
12,13,30,20,18,-24,0,0,0
12,13,230,30,26,-16,0,1,-6
12,13,150,40,1,-43,0,8,2
12,13,130,70,53,36,0,8,1
12,13,210,60,99,68,0,8,-1
12,13,230,30,79,68,2,8,-3
12,13,220,30,77,73,3,8,0
12,13,260,20,61,58,0,8,2
12,13,120,20,67,64,0,8,0
12,13,110,60,29,20,5,8,-2
12,13,230,20,94,85,0,8,-2
12,13,150,50,71,67,12,8,-2
12,13,250,80,125,113,7,8,-7
12,13,180,60,116,104,0,8,0
12,13,210,80,101,67,0,2,4
12,13,250,60,92,52,0,7,-8
12,13,210,20,91,74,0,7,-3
12,13,180,60,73,65,5,8,0
12,13,170,80,117,78,0,8,0
12,13,230,90,84,41,0,5,-3
12,13,210,90,101,66,0,8,-1
12,13,310,30,93,46,0,7,-8
12,13,80,40,86,28,0,0,-10
12,13,240,10,16,15,0,9,0
12,13,250,40,77,62,-1,8,-2
12,13,230,80,60,22,-1,8,9
12,13,320,70,36,11,1,7,-7
12,13,260,40,83,69,1,8,-2
12,13,240,50,95,63,0,8,2
12,13,260,30,102,74,0,7,-4
12,13,200,30,91,28,0,0,-3
12,13,140,20,70,35,0,0,-24
12,13,190,60,30,4,0,0,-6
12,13,190,40,51,24,0,0,2
12,13,260,50,80,51,0,7,-2
12,13,200,60,84,60,0,8,-2
12,13,200,60,127,53,0,1,-4
12,13,70,20,62,48,0,8,0
12,13,200,50,91,51,0,8,-2
12,13,250,40,92,56,0,1,-2
12,13,250,50,82,32,0,0,0
12,13,210,90,85,34,-1,8,1
12,13,210,80,106,66,0,8,-13
12,13,190,80,89,57,0,8,8
12,13,200,120,109,84,2,8,-2
12,13,190,50,82,43,0,8,-6
12,13,220,30,72,50,0,8,1
12,13,200,100,90,74,1,8,4
12,13,220,30,89,59,0,2,-4
12,13,230,40,78,51,0,7,-2
12,13,180,90,71,33,0,8,1
12,13,170,70,94,19,-1,7,-5
12,13,60,50,23,6,0,8,0
12,13,30,40,11,5,0,8,0
12,13,40,50,-12,-33,0,8,-3
12,13,70,20,10,-10,0,8,3
12,13,220,30,47,29,-1,8,2
12,13,10,40,85,48,0,0,-1
12,13,210,60,42,36,2,8,2
12,13,230,40,43,28,3,8,-6
12,13,170,20,36,33,0,7,0
12,13,270,80,78,29,0,7,2
12,13,260,60,67,43,1,8,0
12,13,220,70,96,84,8,8,-2
12,13,210,20,56,31,0,8,-1
12,13,200,50,38,26,0,2,10
12,13,230,30,68,58,0,8,-2
12,13,260,40,76,48,-1,8,0
12,13,270,50,100,97,-1,8,4
12,13,250,60,126,115,0,8,1
12,13,290,70,89,45,-1,7,3
12,13,280,90,88,40,0,7,-2
12,13,240,50,80,57,0,8,2
12,13,240,70,117,99,-1,8,9
12,13,250,60,121,84,0,8,-2
12,13,300,50,79,74,8,8,-4
12,13,280,50,59,41,4,7,-1
12,13,250,20,55,39,0,7,-1
12,13,50,60,4,1,29,8,6
12,13,20,30,-24,-53,0,0,3
12,13,340,30,42,11,0,7,-7
12,13,260,20,50,12,0,8,-4
12,13,250,30,61,27,0,0,1
12,13,250,40,117,112,4,8,10
12,13,210,50,126,61,0,8,-2
12,13,190,50,115,69,0,0,-6
12,13,250,50,106,58,0,0,0
12,13,210,70,84,41,0,8,3
12,13,220,80,121,74,0,8,0
12,13,190,40,134,90,0,4,-4
12,13,180,70,123,81,0,6,-2
12,13,240,40,98,47,0,1,-3
12,13,210,60,80,28,0,8,-10
12,13,230,50,87,62,1,8,5
12,13,200,30,82,49,0,8,-2
12,13,110,20,79,61,-1,8,-2
12,13,200,50,83,53,0,7,-6
12,13,180,30,96,71,0,6,1
12,13,210,40,127,119,1,8,0
12,13,200,50,156,104,0,8,-11
12,13,220,30,131,86,0,8,-3
12,13,190,60,140,125,0,8,1
12,13,200,50,133,88,0,8,-1
12,13,220,70,112,60,0,8,-1
12,13,220,70,138,103,0,8,1
12,13,250,70,117,53,0,1,-4
12,13,190,80,129,78,0,7,7
12,13,190,40,84,64,-1,8,0
12,13,220,50,144,99,0,2,1
12,13,220,50,129,90,0,8,2
12,13,120,40,116,56,0,6,-2
12,13,180,40,102,70,-1,8,5
12,13,170,60,101,52,0,4,-5
12,13,220,60,105,43,0,0,-2
12,13,240,30,74,60,0,8,-2
12,13,30,40,77,70,8,8,7
12,13,80,20,66,25,0,8,-7
12,13,80,50,37,-26,0,0,0
12,13,110,10,54,-4,0,0,1
12,13,120,20,72,26,0,4,-1
12,13,210,40,95,48,0,8,6
12,13,200,40,101,27,0,8,-2
12,13,220,40,113,81,0,8,-2
12,13,210,30,72,70,-1,8,1
12,13,270,50,94,65,0,7,-3
12,13,200,30,76,60,0,8,-1
12,13,200,30,74,67,1,8,2
12,13,190,20,105,69,0,8,2
12,13,120,40,72,68,0,8,2
12,13,140,30,82,49,0,8,-3
12,13,250,20,76,70,0,8,3
12,13,260,20,86,70,0,8,-3
12,13,110,30,81,39,0,2,-7
12,13,100,20,35,5,0,0,3
12,13,190,70,65,24,0,8,5
12,13,210,20,66,61,0,8,1
12,13,200,60,86,53,0,8,-5
12,13,250,50,82,44,0,8,2
12,13,230,60,104,95,-1,8,-4
12,13,280,100,83,22,0,1,-3
12,13,280,60,83,55,0,1,3
12,13,990,10,20,20,0,9,-1
12,13,160,10,-13,-14,0,9,2
12,13,220,30,24,9,0,0,3
12,13,210,30,15,15,0,9,-3
12,13,350,20,16,8,0,8,4
12,13,170,30,-10,-13,0,9,-2
12,13,230,30,25,22,0,8,3
12,13,280,40,84,56,0,2,5
12,13,220,30,75,49,0,8,3
12,13,220,50,91,52,0,8,-1
12,13,200,90,64,42,1,8,1
12,13,280,90,47,-6,-1,1,0
12,13,250,50,39,13,2,8,-2
12,13,140,50,3,0,28,8,16
12,13,60,60,5,-2,4,8,-4
12,13,220,50,18,8,0,8,1
12,13,220,50,51,40,3,8,0
12,13,220,60,58,24,-1,8,-15
12,13,180,40,45,22,0,8,0
12,13,270,30,53,21,-1,8,6
12,13,240,20,59,31,0,5,-5
12,13,340,50,82,44,0,8,-1
12,13,240,30,68,39,0,8,-7
12,13,250,20,84,81,1,8,1
12,13,260,20,100,95,0,8,-1
12,13,300,20,93,92,0,8,0
12,13,250,60,97,69,0,8,-1
12,13,240,50,99,74,0,8,4
12,13,200,70,78,44,0,8,-3
12,13,220,60,69,25,0,7,-2
12,13,200,40,69,42,0,8,1
12,13,260,50,47,-4,0,7,7
12,13,160,70,12,5,16,8,12
12,13,250,80,125,85,0,8,-2
12,13,220,100,139,92,0,8,-18
12,13,190,60,85,60,-1,8,-5
12,13,260,50,139,121,0,8,-1
12,13,220,40,126,115,6,8,3
12,13,320,10,93,36,0,1,-4
12,13,120,30,75,60,-1,8,2
12,13,220,40,124,109,0,8,-2
12,13,200,80,120,100,1,8,-8
12,13,250,70,107,53,0,8,-1
12,13,300,70,95,63,-1,8,-2
12,13,290,50,67,43,2,7,2
12,13,300,20,76,31,0,7,-5
12,13,90,40,51,26,0,4,-2
12,13,90,60,30,-11,0,1,-3
12,13,40,30,14,-2,0,8,5
12,13,150,40,6,-54,0,8,0
12,13,200,30,29,28,0,9,2
12,13,250,40,85,65,0,8,0
12,13,160,60,92,56,0,8,-8
12,13,190,50,95,69,0,8,0
12,13,200,60,83,59,-1,8,1
12,13,240,80,128,97,-1,8,-4
12,13,270,60,109,76,0,8,-3
12,13,170,20,86,84,6,8,-2
12,13,40,10,82,30,0,0,-11
12,13,230,30,67,20,0,8,0
12,13,190,30,30,23,0,8,4
12,13,220,20,52,-19,0,8,-1
12,13,210,30,15,9,0,8,3
12,13,220,60,71,59,0,8,0
12,13,230,30,91,69,0,8,1
12,13,280,30,98,89,0,8,-3
12,13,40,40,32,8,0,8,3
12,13,300,30,90,61,0,2,2
12,13,210,30,61,46,0,0,5
12,13,60,10,69,29,0,0,-2
12,13,200,30,32,28,0,5,1
12,13,200,80,64,55,4,8,1
12,13,240,50,99,67,0,8,-1
12,13,250,80,107,56,0,7,0
12,13,260,20,74,70,3,8,6
12,13,190,80,62,14,0,8,0
12,13,200,30,68,56,0,7,-4
12,13,180,70,59,23,0,4,-3
12,13,300,50,47,43,15,8,9
12,13,210,60,73,32,1,8,-1
12,13,220,60,93,39,0,8,-1
12,13,220,10,87,72,1,8,-1
12,13,210,70,156,83,0,8,-5
12,13,180,40,87,55,0,1,3
12,13,160,50,143,89,0,8,0
12,13,190,70,129,105,1,8,-6
12,13,170,60,85,53,0,8,-1
12,13,210,30,92,87,4,8,-1
12,13,260,50,92,66,-1,8,1
12,13,250,70,108,68,0,6,2
12,13,270,50,82,63,-1,8,-4
12,13,140,30,57,42,0,8,-1
12,13,60,40,64,34,0,0,-9
12,13,170,10,51,25,0,8,-3
12,13,160,20,44,-2,0,8,4
12,13,210,40,88,-26,0,0,3
12,13,80,30,71,55,0,7,-9
12,13,340,60,98,53,0,7,-1
12,13,220,10,65,49,0,8,0
12,13,170,70,60,48,1,8,-4
12,13,180,90,72,14,0,8,-3
12,13,180,40,51,9,0,8,3
12,13,10,10,30,15,0,8,2
12,13,200,40,33,28,4,8,1
12,13,20,10,44,25,0,8,-7
12,13,160,40,8,6,0,8,3
12,13,120,30,33,3,0,8,0
12,13,130,50,40,32,3,8,4
12,13,240,20,94,90,-1,8,1
12,13,180,50,78,51,0,8,-1
12,13,180,50,113,90,0,8,-1
12,13,210,20,99,96,1,8,4
12,13,160,40,100,77,0,8,-8
12,13,210,50,112,73,0,6,-8
12,13,190,80,116,71,0,8,-3
12,13,200,60,112,83,-1,8,-5
12,13,200,40,106,72,0,4,-5
12,13,160,60,81,72,11,8,-1
12,13,300,30,101,94,-1,8,-1
12,13,220,20,121,113,-1,8,3
12,13,290,30,64,43,0,8,-2
12,13,330,50,61,13,0,2,-17
12,13,210,70,52,24,0,8,2
12,13,190,130,56,35,1,8,-5
12,13,120,20,41,25,0,7,8
12,13,230,50,51,31,-1,8,-5
12,13,240,30,60,45,-1,8,-1
12,13,990,10,43,21,0,8,-3
12,13,990,5,23,22,0,9,-1
12,13,40,31,3,0,-1,8,-1
12,13,30,26,-6,-10,0,8,0
12,13,990,10,19,7,0,8,1
12,13,50,67,49,-1,0,2,-4
12,13,220,15,36,-15,0,0,-7
12,13,200,5,21,0,0,8,0
12,13,280,10,59,0,0,7,0
12,13,110,31,43,-1,0,1,-2
12,13,100,72,-7,-126,0,1,1
12,13,140,41,4,-58,0,3,2
12,13,200,31,38,-24,0,0,-3
12,13,210,31,33,-9,0,1,2
12,13,220,31,58,-28,0,0,2
12,13,180,31,32,-40,0,2,-2
12,13,190,31,52,24,-1,8,-10
12,13,210,46,72,69,0,8,4
12,13,270,103,73,18,0,4,0
12,13,240,118,107,96,17,8,-7
12,13,260,62,22,10,14,6,13
12,13,240,67,79,75,17,8,4
12,13,270,87,135,112,0,8,-5
12,13,230,113,120,75,-1,8,0
12,13,290,46,70,41,0,5,0
12,13,240,36,68,21,0,2,-11
12,13,270,67,82,68,0,8,7
12,13,350,57,74,23,0,7,1
12,13,190,21,75,61,0,7,0
12,13,280,36,57,35,0,8,0
12,13,990,5,55,54,0,8,0
12,13,180,15,48,36,0,8,0
12,13,200,62,99,45,0,3,-3
12,13,190,93,107,90,6,8,-1
12,13,200,72,89,45,0,2,-2
12,13,60,26,38,29,12,8,0
12,13,220,51,58,36,0,1,-2
12,13,200,41,57,34,0,2,-5
12,13,200,41,94,73,0,6,-13
12,13,210,10,45,45,0,9,2
12,13,40,46,32,17,0,7,1
12,13,50,26,37,17,0,8,-1
12,13,210,62,45,24,0,8,-3
12,13,300,46,76,40,0,6,-3
12,13,240,67,64,50,0,7,4
12,13,250,67,96,75,0,7,0
12,13,200,31,57,29,0,1,3
12,13,170,36,99,66,0,5,-1
12,13,130,26,84,72,0,7,-1
12,13,170,82,100,58,0,7,0
12,13,60,31,72,69,1,8,1
12,13,40,57,35,32,1,8,0
12,13,90,10,31,18,0,8,1
12,13,300,26,36,16,0,6,1
12,13,20,10,35,29,0,8,1
12,13,120,21,55,48,0,8,-2
12,13,130,31,23,4,0,8,-2
12,13,80,31,-10,-20,0,8,-1
12,13,80,36,14,-18,0,2,2
12,13,110,41,10,-37,0,4,0
12,13,90,26,16,-67,0,2,0
12,13,140,21,28,-94,0,1,2
12,13,270,10,4,-30,0,0,4
12,13,210,31,-1,-2,0,8,2
12,13,230,77,83,82,0,8,6
12,13,230,72,101,73,0,7,-3
12,13,220,77,103,91,1,8,0
12,13,250,62,77,53,0,2,1
12,13,220,41,79,64,0,8,-3
12,13,220,93,63,56,23,8,-8
12,13,160,41,46,45,5,8,8
12,13,270,139,96,42,0,7,-4
12,13,210,72,77,73,5,8,9
12,13,250,82,30,17,11,6,0
12,13,230,46,57,47,0,8,-2
12,13,230,87,96,74,1,7,-7
12,13,10,26,29,-7,0,4,-4
12,13,200,77,32,23,6,8,6
12,13,250,82,69,52,6,7,-7
12,13,250,46,60,50,0,8,1
12,13,210,67,99,88,-1,8,5
12,13,230,108,133,128,2,8,2
12,13,320,5,39,29,9,8,0
12,13,360,67,21,15,1,8,4
12,13,210,87,49,42,2,8,1
12,13,220,62,51,23,0,7,2
12,13,250,46,38,29,-1,8,2
12,13,220,5,7,0,0,7,7
12,13,320,57,26,10,1,8,1
12,13,250,21,40,19,0,7,1
12,13,200,41,31,3,0,7,3
12,13,190,77,68,48,1,8,-3
12,13,230,103,90,71,3,8,-2
12,13,220,82,83,51,-1,8,-11
12,13,130,10,68,41,0,5,1
12,13,150,26,52,31,0,4,-2
12,13,180,51,128,91,0,6,5
12,13,210,62,117,111,0,7,12
12,13,260,67,107,59,0,2,-3
12,13,230,77,87,49,0,1,-1
12,13,200,72,104,64,-1,8,-2
12,13,200,113,94,78,4,8,-1
12,13,210,21,83,64,0,7,-7
12,13,200,72,70,58,1,8,9
12,13,240,93,141,109,0,6,1
12,13,240,82,133,108,0,7,-3
12,13,270,51,121,100,0,7,-6
12,13,290,41,71,39,-1,4,-6
12,13,140,21,12,12,0,6,3
12,13,250,31,49,49,1,7,4
12,13,190,36,34,34,0,6,8
12,13,180,82,66,38,0,6,1
12,13,210,67,74,54,0,6,3
12,13,230,41,55,33,0,1,-4
12,13,240,21,33,33,0,4,-1
12,13,60,26,24,24,0,7,0
12,13,60,36,16,-3,0,1,0
12,13,190,10,-5,-39,0,2,-8
12,13,190,46,-19,-30,0,8,4
12,13,210,67,16,16,0,8,0
12,13,240,108,109,106,23,8,1
12,13,240,93,131,126,1,8,0
12,13,210,98,115,94,0,8,4
12,13,230,113,71,42,-1,7,-3
12,13,220,72,62,47,-1,8,-11
12,13,160,31,40,14,0,8,0
12,13,110,21,56,56,-1,8,1
12,13,80,26,44,38,0,8,6
12,13,60,82,11,-16,0,3,6
12,13,70,67,-26,-83,-1,5,-2
12,13,80,51,-36,-74,0,8,1
12,13,130,15,3,-43,0,2,-8
12,13,90,21,16,-16,0,4,-3
12,13,340,21,17,13,0,8,0
12,13,40,15,-10,-10,0,8,0
12,13,210,5,-2,-2,0,8,2
12,13,50,51,40,3,0,2,-3
12,13,50,36,23,-30,0,3,-1
12,13,40,98,14,-15,0,7,-2
12,13,80,51,2,-37,0,7,0
12,13,70,41,13,-23,0,3,-1
12,13,110,21,12,-7,0,7,3
12,13,260,46,54,54,-1,8,-1
12,13,180,15,41,41,2,8,1
12,13,10,31,24,24,0,8,1
12,13,120,36,-2,-12,0,8,2
12,13,210,72,101,99,6,8,3
12,13,320,51,61,61,-1,8,-8
12,13,50,26,13,-14,0,2,-3
12,13,230,36,-1,-1,0,8,3
12,13,360,31,14,13,0,8,-2
12,13,140,10,-7,-39,0,0,1
12,13,90,21,-24,-66,0,0,1
12,13,100,26,-5,-115,0,0,-2
12,13,100,46,-30,-92,0,6,1
12,13,80,15,3,3,0,8,2
12,13,190,50,48,25,0,8,4
12,13,270,70,72,38,-1,7,1
12,13,180,90,63,53,7,8,4
12,13,200,50,88,50,0,6,-4
12,13,120,20,70,43,0,7,-2
12,13,30,50,62,53,0,8,3
12,13,50,30,60,48,0,2,-6
12,13,90,20,22,7,0,1,7
12,13,90,20,1,-16,0,8,-1
12,13,60,30,7,-9,0,8,-2
12,13,160,20,-7,-8,0,8,-1
12,13,210,20,2,-4,-1,8,0
12,13,20,40,24,12,0,8,4
12,13,220,40,22,-12,0,4,2
12,13,240,40,63,46,0,8,1
12,13,140,10,65,48,0,7,0
12,13,160,20,36,24,0,8,1
12,13,180,20,69,69,0,8,12
12,13,110,30,79,76,7,8,-1
12,13,60,60,5,-11,0,8,-4
12,13,70,60,-18,-63,0,0,4
12,13,70,40,7,-110,0,4,2
12,13,60,100,-12,-100,0,1,1
12,13,60,60,-23,-96,0,0,0
12,13,50,50,-7,-75,0,6,2
12,13,100,20,-11,-74,0,1,3
12,13,170,30,-30,-101,0,7,-2
12,13,50,50,-51,-141,0,3,-5
12,13,230,50,-58,-95,-1,8,1
12,13,20,70,-10,-27,-1,8,-2
12,13,60,50,-100,-142,0,1,-2
12,13,230,30,74,36,0,1,-15
12,13,50,60,28,-8,0,8,1
12,13,300,20,29,3,0,7,6
12,13,30,50,28,0,0,7,2
12,13,230,30,22,6,0,7,-1
12,13,200,70,28,0,1,8,4
12,13,200,40,56,26,0,6,-3
12,13,190,50,63,49,0,8,8
12,13,230,60,102,78,0,7,0
12,13,210,100,111,108,4,8,5
12,13,240,80,136,111,0,5,2
12,13,320,70,87,63,0,6,-1
12,13,270,40,85,60,0,5,1
12,13,340,50,79,41,0,2,2
12,13,60,80,17,-21,0,7,-3
12,13,90,70,-31,-95,0,1,1
12,13,100,60,-11,-60,-1,8,3
12,13,120,50,61,16,0,7,-1
12,13,180,60,105,83,0,7,0
12,13,40,10,48,42,0,7,-1
12,13,350,40,36,36,4,8,1
12,13,350,20,32,25,0,8,0
12,13,180,20,38,38,-1,8,6
12,13,210,50,122,122,-1,8,4
12,13,190,60,112,98,-1,8,6
12,13,230,100,83,58,-1,7,7
12,13,240,40,70,67,1,7,-1
12,13,220,60,62,53,0,6,-2
12,13,220,40,58,58,0,8,-4
12,13,160,50,66,29,0,7,4
12,13,190,50,94,93,5,8,2
12,13,50,40,3,-23,0,7,-3
12,13,80,50,-17,-47,0,7,2
12,13,0,0,-3,-28,0,8,-1
12,13,270,20,24,24,0,2,7
12,13,280,50,16,9,-1,7,-4
12,13,280,30,29,4,0,1,6
12,13,280,30,32,20,0,7,0
12,13,160,40,4,4,0,8,5
12,13,180,40,37,37,5,8,0
12,13,150,20,45,45,0,8,2
12,13,260,40,72,72,-1,8,4
12,13,200,60,92,92,-1,8,2
12,13,280,80,93,44,0,7,1
12,13,240,70,122,115,0,7,-2
12,13,230,70,104,92,0,8,-7
12,13,240,50,98,77,0,6,-9
12,13,180,30,106,24,0,4,2
12,13,200,40,67,65,-1,8,2
12,13,250,80,63,45,-1,7,0
12,13,350,40,56,16,0,1,-9
12,13,260,40,39,20,0,6,1
12,13,220,40,43,42,0,8,3
12,13,210,50,55,20,0,7,1
12,13,230,40,45,39,0,1,0
12,13,200,80,76,72,-1,8,5
12,13,200,40,81,56,-1,8,11
12,13,140,50,66,63,4,8,22
12,13,210,60,79,62,-1,7,-2
12,13,110,50,55,25,0,7,5
12,13,180,50,112,50,0,1,-3
12,13,180,70,111,51,0,7,-9
12,13,260,60,102,71,0,6,3
12,13,280,90,84,18,0,5,-11
12,13,220,150,102,58,-1,8,-4
12,13,230,50,47,22,0,4,0
12,13,270,40,57,40,0,3,1
12,13,230,110,72,63,-1,8,0
12,13,220,90,85,77,-1,8,5
12,13,210,80,87,57,0,7,-1
12,13,220,90,93,47,0,7,-8
12,13,230,60,75,66,2,7,-1
12,13,190,80,97,91,5,8,5
12,13,260,70,75,66,13,8,2
12,13,230,60,60,29,0,4,-1
12,13,250,60,34,19,0,7,4
12,13,360,50,17,4,0,3,1
12,13,220,50,13,1,0,6,1
12,13,220,120,51,41,2,8,4
12,13,290,30,53,21,0,7,-1
12,13,260,40,29,11,0,3,-6
12,13,290,30,38,9,0,2,0
12,13,190,30,13,3,0,7,1
12,13,150,50,7,-32,0,7,4
12,13,210,60,71,58,0,5,-2
12,13,200,80,83,73,2,8,5
12,13,240,90,74,30,0,7,-5
12,13,260,90,73,34,0,4,-2
12,13,210,50,53,35,0,7,-1
12,13,280,30,43,38,0,7,0
12,13,260,40,42,32,0,6,1
12,13,210,60,37,27,0,7,3
12,13,170,20,42,39,0,8,2
12,13,180,60,139,85,0,7,-4
12,13,160,30,122,101,0,7,2
12,13,240,60,99,68,0,3,4
12,13,170,70,80,55,3,8,0
12,13,130,50,119,79,0,6,5
12,13,140,50,112,104,-1,8,1
12,13,110,30,109,91,0,7,1
12,13,210,80,133,68,0,5,0
12,13,200,70,109,65,0,7,1
12,13,200,60,116,89,0,8,0
12,13,210,70,133,78,0,7,0
12,13,210,60,127,116,-1,8,2
12,13,220,110,107,65,1,7,-1
12,13,230,60,88,58,0,8,-3
12,13,300,40,67,49,5,7,4
12,13,260,50,49,-2,0,7,3
12,13,240,10,29,13,-1,8,-2
12,13,150,40,47,22,-1,8,-1
12,13,100,30,64,44,0,7,-1
12,13,120,70,32,-9,0,6,-1
12,13,120,50,26,-44,0,1,-1
12,13,110,30,13,-51,0,2,0
12,13,200,20,52,-10,0,1,8
12,13,20,20,8,-13,0,7,2
12,13,50,70,-2,-23,-1,8,0
12,13,40,50,-10,-30,0,8,-1
12,13,20,30,-3,-9,-1,8,1
12,13,200,50,13,4,2,7,1
12,13,230,60,7,-9,0,6,0
12,13,260,50,19,12,0,7,5
12,13,200,60,12,7,0,8,-1
12,13,210,60,132,122,-1,7,-1
12,13,990,10,69,69,0,7,8
12,13,990,10,98,98,0,8,0
12,13,230,70,102,88,1,7,8
12,13,180,70,90,63,-1,7,-6
12,13,340,40,92,50,0,3,-4
12,13,130,20,15,15,0,7,6
12,13,120,30,48,11,0,0,3
12,13,70,30,25,-6,0,1,-2
12,13,60,30,38,-24,0,4,-1
12,13,990,10,46,46,0,8,1
12,13,20,40,29,29,0,8,1
12,13,40,80,39,1,0,7,-1
12,13,50,50,-15,-76,0,2,2
12,13,30,20,1,-45,0,7,2
12,13,50,50,18,-18,0,0,-4
12,13,340,10,5,5,0,8,6
12,13,200,20,31,31,0,8,3
12,13,250,50,56,37,0,7,-3
12,13,250,20,28,-17,0,7,0
12,13,240,100,47,38,9,8,4
12,13,250,50,14,6,0,7,0
12,13,220,20,-16,-54,0,2,-4
12,13,230,90,22,18,1,8,7
12,13,260,40,61,49,0,,-4
12,13,260,40,4,4,12,,3
12,13,200,90,12,8,7,8,7
12,13,270,130,71,10,0,3,-5
12,13,240,40,25,14,-1,8,-1
12,13,240,50,22,6,0,6,-13
12,13,260,20,15,4,0,2,5
12,13,170,70,90,53,0,7,-2
12,13,190,40,75,60,0,8,3
12,13,0,0,89,79,0,2,-1
12,13,180,30,51,51,0,8,5
12,13,20,40,77,40,0,6,-5
12,13,50,70,21,-4,0,7,-5
12,13,60,50,6,-12,1,8,-2
12,13,70,60,0,-24,0,0,-5
12,13,60,70,-29,-96,0,1,-2
12,13,90,40,-17,-89,0,0,-2
12,13,80,60,-21,-96,0,0,-3
12,13,120,20,3,-59,0,6,3
12,13,80,20,6,-9,1,7,1
12,13,80,30,31,16,0,8,1
12,13,120,60,49,33,-1,6,-3
12,13,260,50,59,54,9,8,-2
12,13,10,40,25,12,0,8,-1
12,13,40,20,27,-25,0,4,0
12,13,110,40,40,1,0,1,-2
12,13,190,20,17,2,0,7,6
12,13,990,10,37,36,0,8,2
12,13,230,70,110,108,12,8,2
12,13,110,20,56,54,0,8,5
12,13,180,40,108,97,0,8,-2
12,13,160,30,116,100,0,,1
12,13,190,50,103,97,5,,10
12,13,180,40,120,107,-1,8,-3
12,13,260,40,98,89,0,,-4
12,13,170,40,77,70,8,,-3
12,13,230,40,122,106,-1,6,-7
12,13,60,60,6,-23,0,8,0
12,13,120,30,129,102,0,4,3
12,13,0,0,94,71,0,6,2
12,13,50,30,79,54,0,5,1
12,13,40,70,48,42,0,8,0
12,13,20,30,36,24,0,8,-2
12,13,40,80,72,0,0,7,-10
12,13,70,50,18,-47,0,0,-1
12,13,110,20,31,-38,0,1,1
12,13,60,30,51,-56,0,4,8
12,13,240,20,34,-37,0,0,1
12,13,190,60,25,6,2,8,0
12,13,140,20,34,34,0,8,3
12,13,230,100,122,113,1,8,-3
12,13,280,80,77,49,1,6,2
12,13,310,100,31,13,5,7,18
12,13,270,30,73,45,0,7,-4
12,13,230,30,74,8,0,1,-1
12,13,120,20,72,11,0,0,0
12,13,220,30,72,36,0,1,-7
12,13,180,60,99,73,0,8,-1
12,13,280,80,67,33,0,7,2
12,13,310,60,26,0,-1,6,-5
12,13,190,60,6,3,15,8,1
12,13,190,50,39,31,-1,8,1
12,13,220,70,88,70,0,,1
12,13,170,50,76,46,0,,2
12,13,220,80,81,40,0,3,-4
12,13,300,60,37,28,3,8,6
12,13,200,40,38,16,0,7,4
12,13,210,20,45,12,0,6,-2
12,13,350,20,30,9,0,7,1
12,13,190,10,30,16,0,,1
12,13,240,10,68,29,0,,3
12,13,230,30,62,28,0,,-2
12,13,180,20,22,20,0,,5
12,13,250,30,85,79,0,,-2
12,13,230,30,79,76,0,,-1
12,13,180,10,56,51,0,,1
12,13,90,20,68,46,0,,-1
12,13,60,30,28,-7,0,,-2
12,13,230,30,-4,-6,0,,2
12,13,70,10,35,31,0,,3
12,13,110,30,3,-13,0,,-2
12,13,190,20,-13,-26,0,,-3
12,13,160,20,9,6,0,,10
12,13,220,40,67,25,0,,-3
12,13,190,80,75,45,0,,-9
12,13,180,50,55,45,5,,-1
12,13,230,70,51,30,0,,7
12,13,10,40,39,-4,0,,1
12,13,230,20,21,-13,0,,-1
12,13,210,30,-4,-32,0,,3
12,13,210,90,19,11,3,,4
12,13,260,80,116,75,0,,-3
12,13,240,50,97,33,0,,0
12,13,230,70,55,27,0,,2
12,13,20,20,11,8,0,,7
12,13,190,20,-8,-11,0,,-12
12,13,280,40,31,28,2,,3
12,13,250,20,60,34,0,,-3
12,13,210,60,63,52,0,,5
12,13,230,70,92,86,-1,,0
12,13,160,60,37,-12,0,,-1
12,13,130,50,48,13,0,,3
12,13,190,70,89,49,0,,-9
12,13,150,40,92,68,0,,-5
12,13,240,40,71,59,-1,,-6
12,13,220,40,61,50,0,,-1
12,13,250,50,73,54,0,,-4
12,13,60,20,62,35,0,,2
12,13,110,20,50,-3,0,,2
12,13,990,10,-6,-6,0,,-1
12,13,200,20,40,6,0,,-1
12,13,20,70,87,65,0,,-2
12,13,330,30,75,37,0,,3
12,13,340,40,84,56,0,,-2
12,13,260,50,78,63,0,,4
12,13,320,80,67,30,-1,,6
12,13,270,50,24,8,1,,-13
12,13,240,40,26,17,0,,3
12,13,240,40,60,56,4,,6
12,13,230,50,43,43,0,,-1
12,13,220,50,56,45,0,,1
12,13,270,20,88,79,0,,0
12,13,230,40,78,59,0,,0
12,13,260,30,89,63,0,,-3
12,13,350,40,60,32,0,,2
12,13,330,30,56,6,0,,-12
12,13,50,50,-12,-21,0,,5
12,13,20,60,-13,-56,0,,0
12,13,230,30,-3,-23,0,,-12
12,13,160,70,-6,-54,0,,2
12,13,220,70,63,52,2,,2
12,13,180,60,102,55,0,8,1
12,13,200,60,115,75,0,8,0
12,13,190,80,99,78,13,8,2
12,13,240,70,117,77,0,7,-7
12,13,200,90,154,101,0,8,-9
12,13,230,80,106,66,0,8,-3
12,13,200,100,87,72,15,8,5
12,13,170,70,115,90,-1,8,1
12,13,240,30,82,58,0,0,-8
12,13,210,50,66,38,0,0,0
12,13,210,90,79,64,6,8,1
12,13,220,70,90,51,0,0,0
12,13,230,70,109,90,0,8,-4
12,13,210,70,102,68,0,8,-1
12,13,220,50,80,35,0,0,8
12,13,320,40,71,62,9,8,-3
12,13,220,50,63,46,0,5,2
12,13,170,10,24,21,0,9,2
12,13,320,20,27,25,0,8,12
12,13,220,20,14,11,0,8,6
12,13,10,20,70,64,-1,8,-1
12,13,20,40,67,35,0,8,-5
12,13,60,30,40,19,0,8,-2
12,13,60,30,14,11,0,8,3
12,13,50,30,52,42,0,8,1
12,13,120,20,18,7,0,8,1
12,13,220,50,8,-13,0,8,-5
12,13,240,60,34,27,-1,8,1
12,13,170,50,69,14,0,6,4
12,13,200,80,94,76,0,8,0
12,13,210,80,97,74,-1,8,3
12,13,230,80,102,48,0,4,-5
12,13,210,100,100,86,12,8,0
12,13,270,90,80,21,0,6,-5
12,13,230,50,75,56,0,8,-2
12,13,200,70,121,89,-1,8,2
12,13,210,90,102,95,9,8,1
12,13,270,70,85,54,-1,7,4
12,13,190,60,62,31,0,8,4
12,13,200,70,90,41,0,5,-5
12,13,340,40,81,65,0,8,-7
12,13,340,50,67,29,-1,3,-1
12,13,20,10,50,42,0,8,0
12,13,50,20,29,25,0,8,1
12,13,50,40,28,9,0,8,-1
12,13,80,40,37,-9,0,0,-1
12,13,50,40,15,-21,0,0,0
12,13,80,60,13,-30,0,8,0
12,13,50,50,0,-22,0,1,0
12,13,50,30,17,-14,0,0,-3
12,13,90,20,-39,-40,-1,8,3
12,13,990,10,-31,-32,0,8,-1
12,13,180,10,19,18,0,0,7
12,13,210,10,54,21,0,3,1
12,13,160,30,43,42,0,3,4
12,13,180,50,56,1,0,7,-1
12,13,230,40,48,43,0,8,2
12,13,200,50,49,32,0,8,1
12,13,210,80,90,40,0,0,0
12,13,230,60,82,49,0,3,0
12,13,310,40,77,19,0,7,-1
12,13,250,20,57,54,0,8,0
12,13,310,20,53,43,0,8,4
12,13,220,70,39,26,0,8,2
12,13,230,40,33,18,0,7,2
12,13,150,60,6,1,10,8,6
12,13,190,30,65,48,0,8,-2
12,13,290,30,73,58,0,7,4
12,13,300,20,82,37,0,0,0
12,13,250,40,18,4,0,7,-2
12,13,250,30,4,1,8,8,5
12,13,260,30,49,30,0,6,-5
12,13,190,40,38,19,0,8,1
12,13,190,40,12,3,0,8,-5
12,13,130,60,9,-27,0,0,2
12,13,80,40,48,-3,0,4,6
12,13,40,50,31,19,0,8,-1
12,13,130,30,26,19,0,8,0
12,13,250,30,30,27,0,8,6
12,13,210,40,50,47,0,8,2
12,13,270,40,75,33,0,2,-2
12,13,270,50,98,84,-1,8,-6
12,13,240,50,97,78,0,8,1
12,13,300,30,104,75,0,8,-3
12,13,190,10,39,38,0,9,1
12,13,280,20,63,43,0,8,0
12,13,60,40,54,39,0,8,3
12,13,70,60,13,-41,0,0,-1
12,13,70,50,-2,-49,0,0,0
12,13,80,60,-2,-48,0,0,1
12,13,90,30,9,-53,0,0,0
12,13,90,10,1,-45,0,0,2
12,13,330,10,-3,-32,0,0,-1
12,13,20,30,81,41,0,7,-6
12,13,160,60,57,30,2,8,4
12,13,190,40,94,81,1,8,-2
12,13,200,50,46,33,-1,8,-3
12,13,240,40,75,69,28,8,10
12,13,180,70,118,98,4,8,-6
12,13,180,50,97,54,0,8,-7
12,13,230,60,80,61,-1,2,0
12,13,190,30,94,84,0,8,3
12,13,280,60,95,63,0,8,-2
12,13,30,60,69,48,-1,8,0
12,13,40,70,44,1,0,8,1
12,13,60,40,27,-21,0,7,-1
12,13,90,20,-1,-40,0,7,-6
12,13,70,30,14,-46,0,0,1
12,13,210,30,-12,-39,0,8,0
12,13,170,40,-3,-28,-1,8,-8
12,13,10,50,-18,-45,0,8,4
12,13,280,20,-86,-140,0,0,-2
12,13,200,60,-23,-30,3,8,12
12,13,130,20,-25,-45,0,7,-2
12,13,230,70,13,10,0,8,3
12,13,190,50,17,-6,0,0,1
12,13,100,20,22,8,0,8,-3
12,13,260,60,35,30,10,8,2
12,13,200,70,63,27,0,0,1
12,13,190,70,42,24,0,8,-3
12,13,250,20,58,44,0,8,3
12,13,90,30,25,10,5,8,0
12,13,50,40,24,21,5,8,-2
12,13,20,50,0,-4,-1,8,-1
12,13,60,80,-55,-102,0,8,-1
12,13,70,30,-61,-74,3,8,1
12,13,210,20,-51,-67,0,3,2
12,13,190,70,-13,-28,4,8,4
12,13,220,50,15,10,0,8,1
12,13,50,10,18,-3,0,8,-4
12,13,80,40,-16,-25,0,8,1
12,13,360,40,-6,-20,0,8,-1
12,13,240,20,28,15,1,7,14
12,13,250,30,49,46,1,8,4
12,13,270,40,74,60,-1,8,1
12,13,360,60,62,28,-1,8,-11
12,13,250,20,-16,-52,0,8,0
12,13,350,20,-12,-45,0,8,2
12,13,360,50,28,-2,0,5,-6
12,13,220,80,23,16,18,8,7
12,13,230,50,-11,-22,0,8,-2
12,13,190,30,-21,-48,0,0,-4
12,13,70,20,-8,-18,0,8,-1
12,13,0,0,-42,-50,0,8,12
12,13,50,20,-22,-26,0,8,3
12,13,50,20,-5,-11,1,8,-3
12,13,30,70,-3,-15,0,8,0
12,13,10,70,-13,-42,0,8,-2
12,13,40,30,-20,-59,0,5,-6
12,13,260,20,28,15,0,1,-29
12,13,170,30,-9,-28,0,8,1
12,13,140,20,10,-24,0,8,0
12,13,110,20,24,2,0,8,-1
12,13,20,20,16,-13,0,0,-13
12,13,270,20,16,15,2,9,-2
12,13,200,70,122,94,0,8,-3
12,13,260,40,85,51,0,3,1
12,13,240,70,95,84,3,8,5
12,13,230,60,85,45,0,8,2
12,13,240,90,43,10,0,7,-22
12,13,250,70,53,18,-1,5,-4
12,13,270,80,81,19,1,3,-7
12,13,200,80,87,43,0,8,6
12,13,250,70,78,10,-1,8,-8
12,13,250,50,61,14,0,5,-1
12,13,190,40,61,20,0,8,-5
12,13,250,60,82,24,0,1,-7
12,13,250,70,103,55,0,7,-9
12,13,230,80,61,36,1,5,-5
12,13,220,110,67,31,1,8,1
12,13,300,60,36,26,9,8,5
12,13,280,60,69,16,0,1,-4
12,13,280,40,30,9,0,7,9
12,13,220,50,44,11,0,7,-5
12,13,280,40,66,41,-1,1,6
12,13,230,30,61,49,0,8,-1
12,13,270,40,97,94,3,8,0
12,13,220,60,101,91,1,8,-4
12,13,280,50,71,34,0,2,-6
12,13,220,70,87,83,0,8,3
12,13,220,50,98,95,-1,8,0
12,13,210,40,86,62,0,8,-1
12,13,210,60,56,43,-1,8,2
12,13,220,80,47,41,8,8,12
12,13,300,50,57,35,5,7,-2
12,13,260,50,106,103,3,8,0
12,13,210,50,38,20,0,3,1
12,13,280,40,46,29,2,5,0
12,13,190,50,19,15,1,8,9
12,13,250,80,56,45,7,8,-7
12,13,240,20,29,16,0,7,-3
12,13,230,40,27,22,0,7,-6
12,13,150,30,7,3,-1,8,2
12,13,170,20,-8,-31,0,0,-11
12,13,250,60,60,57,10,8,7
12,13,340,60,45,24,-1,8,-7
12,13,20,40,16,-32,0,1,-1
12,13,230,50,28,-25,0,5,-16
12,13,140,30,3,-47,0,8,5
12,13,120,60,55,34,0,8,1
12,13,210,60,101,65,0,8,2
12,13,230,40,84,70,-1,8,-3
12,13,220,40,76,73,7,8,2
12,13,220,20,62,57,-1,8,-1
12,13,130,20,69,61,0,8,0
12,13,110,50,30,17,2,8,-3
12,13,220,30,89,85,0,8,2
12,13,160,40,72,67,8,8,-1
12,13,230,80,126,121,-1,8,-4
12,13,180,40,120,104,0,8,0
12,13,200,50,80,70,10,4,18
12,13,230,70,88,52,0,7,-1
12,13,230,40,91,74,0,7,0
12,13,190,50,74,62,1,8,-1
12,13,170,70,122,78,0,8,-1
12,13,230,110,84,41,0,8,-6
12,13,210,80,103,63,0,8,-5
12,13,300,30,85,45,0,2,4
12,13,100,40,80,24,0,1,-2
12,13,220,20,19,16,0,9,-5
12,13,230,50,67,49,-1,8,0
12,13,230,130,57,19,0,8,5
12,13,310,70,30,8,2,7,-6
12,13,250,40,77,66,0,8,4
12,13,230,70,90,63,0,7,4
12,13,250,40,102,70,0,7,-1
12,13,190,20,96,53,0,0,-1
12,13,120,20,17,16,0,9,4
12,13,190,40,45,13,0,0,-2
12,13,180,30,56,22,0,0,-1
12,13,260,60,78,47,0,7,1
12,13,200,50,83,57,0,8,-4
12,13,190,60,116,47,0,0,4
12,13,20,30,70,49,0,8,2
12,13,190,50,92,51,0,8,-1
12,13,220,50,85,58,0,7,0
12,13,240,70,79,33,0,0,-2
12,13,200,80,80,28,0,8,-2
12,13,210,80,104,67,0,7,-4
12,13,190,60,93,54,0,8,5
12,13,190,110,112,79,1,8,-5
12,13,180,40,83,38,0,8,-4
12,13,230,40,74,47,0,7,0
12,13,190,80,82,72,6,8,3
12,13,220,40,90,59,0,0,-7
12,13,230,50,76,47,0,7,-3
12,13,180,80,72,21,0,8,-3
12,13,170,60,96,17,0,6,2
12,13,50,40,28,6,0,8,0
12,13,20,40,14,-1,0,8,1
12,13,40,50,-14,-28,0,8,0
12,13,60,20,19,-7,0,8,0
12,13,210,30,51,28,0,8,-1
12,13,330,30,89,55,0,3,-3
12,13,200,80,47,16,-1,8,-7
12,13,240,50,47,23,-1,8,-7
12,13,200,30,29,25,0,8,6
12,13,250,60,89,39,0,1,-16
12,13,250,90,66,40,9,8,-2
12,13,230,80,93,84,15,8,1
12,13,210,30,55,31,0,8,-2
12,13,190,40,34,18,0,3,5
12,13,220,60,61,51,-1,8,1
12,13,260,60,75,44,0,7,2
12,13,240,40,90,86,2,8,10
12,13,240,80,122,114,1,8,3
12,13,290,60,90,57,-1,8,-4
12,13,280,100,87,36,0,8,-2
12,13,230,70,74,53,0,8,-5
12,13,240,90,110,89,0,8,5
12,13,240,70,118,80,0,8,-5
12,13,240,80,95,88,5,8,-17
12,13,280,50,57,39,-1,7,1
12,13,220,20,52,36,0,6,-3
12,13,60,50,6,1,8,8,-1
12,13,20,30,-12,-51,0,0,1
12,13,340,40,37,9,0,8,1
12,13,260,30,40,9,0,8,-1
12,13,240,30,53,23,0,0,3
12,13,230,40,111,108,3,8,12
12,13,210,60,125,60,0,8,-5
12,13,190,40,116,55,0,0,-7
12,13,250,60,106,55,0,1,-4
12,13,200,70,86,40,0,8,-2
12,13,210,80,117,68,0,8,3
12,13,200,30,138,88,0,2,-3
12,13,180,50,124,77,0,4,0
12,13,230,50,95,57,0,2,-3
12,13,200,60,80,27,0,7,-5
12,13,220,70,78,63,0,8,3
12,13,170,40,80,55,0,8,3
12,13,90,10,78,61,-1,8,-7
12,13,180,30,95,58,0,2,-10
12,13,190,20,96,70,0,5,5
12,13,210,50,124,119,1,8,0
12,13,200,40,162,105,0,8,-9
12,13,220,50,129,87,0,8,-1
12,13,200,50,144,118,0,8,-1
12,13,190,40,127,82,0,8,0
12,13,230,100,109,63,0,8,4
12,13,210,90,139,103,0,8,1
12,13,250,70,120,61,0,2,-5
12,13,200,70,140,76,0,8,-6
12,13,170,20,82,74,3,8,-1
12,13,230,60,146,101,0,3,-3
12,13,230,80,134,91,0,6,-2
12,13,100,30,108,55,0,6,7
12,13,200,40,103,62,0,8,0
12,13,150,40,95,54,0,5,2
12,13,230,80,100,41,0,4,0
12,13,240,40,60,46,0,8,4
12,13,50,40,80,67,7,8,2
12,13,150,20,60,13,0,0,-2
12,13,100,40,38,-31,0,0,1
12,13,120,20,52,-17,0,0,4
12,13,150,10,74,23,0,4,-3
12,13,200,40,98,40,0,8,3
12,13,200,50,90,23,0,8,1
12,13,210,50,118,83,0,8,-1
12,13,220,40,75,67,0,8,1
12,13,260,60,97,67,0,7,-7
12,13,210,20,80,62,0,8,-1
12,13,200,30,75,64,0,8,1
12,13,160,20,98,70,0,8,-7
12,13,120,30,73,65,0,8,6
12,13,130,30,77,39,0,8,1
12,13,220,20,59,58,-1,8,5
12,13,250,30,82,65,0,8,-1
12,13,140,20,71,32,0,2,-5
12,13,110,20,42,6,0,0,6
12,13,200,60,72,19,0,8,-1
12,13,220,40,61,55,0,8,2
12,13,200,50,80,54,0,8,1
12,13,240,70,79,42,0,8,2
12,13,230,80,98,89,0,8,-3
12,13,280,80,85,24,0,0,-4
12,13,270,40,85,53,0,0,-2
12,13,170,20,33,22,0,8,2
12,13,270,10,20,7,0,0,9
12,13,230,30,33,6,0,0,2
12,13,200,30,4,3,0,9,-1
12,13,330,30,31,7,0,7,1
12,13,220,20,-4,-7,0,9,1
12,13,230,50,20,15,-1,8,0
12,13,270,40,83,56,0,6,4
12,13,220,50,69,44,0,8,1
12,13,220,60,88,52,0,8,-4
12,13,200,100,60,39,1,8,-2
12,13,230,40,30,15,0,8,11
12,13,240,60,32,10,-1,8,0
12,13,140,60,2,-3,20,8,10
12,13,70,70,8,-3,3,8,1
12,13,230,60,17,5,0,8,-1
12,13,220,90,55,43,2,8,2
12,13,220,90,52,22,-1,7,-3
12,13,200,40,47,17,0,8,0
12,13,270,30,51,25,-1,8,-12
12,13,240,30,48,34,0,5,-3
12,13,340,40,69,58,1,8,1
12,13,240,40,71,45,-1,8,-2
12,13,260,10,83,80,-1,8,1
12,13,270,30,97,93,0,8,2
12,13,290,20,93,90,0,9,-1
12,13,240,50,95,75,0,8,1
12,13,240,60,102,75,0,8,0
12,13,220,70,75,43,0,8,-4
12,13,230,90,70,27,0,8,-6
12,13,190,40,72,32,0,7,-5
12,13,250,50,45,5,0,8,2
12,13,160,70,19,8,18,8,2
12,13,250,100,128,86,0,8,-1
12,13,220,120,141,89,-1,8,-18
12,13,190,50,88,56,0,8,-7
12,13,240,50,138,122,0,8,-2
12,13,230,60,122,108,5,8,1
12,13,270,20,87,38,0,1,-1
12,13,140,30,73,48,-1,8,-1
12,13,220,60,123,107,0,8,-4
12,13,200,80,118,98,-1,8,-7
12,13,250,80,101,50,0,8,4
12,13,300,50,89,66,-1,8,5
12,13,280,30,65,47,1,8,-3
12,13,300,30,74,27,0,1,-7
12,13,90,30,46,17,0,8,0
12,13,80,50,30,-19,0,1,1
12,13,60,40,15,-9,0,4,-1
12,13,150,50,8,-56,0,8,-1
12,13,210,40,25,23,0,9,2
12,13,230,50,78,62,0,8,7
12,13,160,40,92,51,0,8,-6
12,13,190,50,97,62,0,8,0
12,13,200,60,81,63,1,8,-4
12,13,240,100,131,105,7,8,-5
12,13,260,80,110,72,0,8,-2
12,13,180,20,86,80,6,8,-1
12,13,20,30,78,16,0,1,-3
12,13,240,50,61,18,0,5,-3
12,13,200,30,50,10,0,8,-5
12,13,230,10,45,-8,0,8,8
12,13,210,20,20,1,0,8,-5
12,13,220,70,64,56,0,8,3
12,13,220,40,85,63,-1,8,0
12,13,280,20,98,87,0,8,0
12,13,50,40,40,3,0,8,-5
12,13,270,30,79,55,0,2,4
12,13,200,30,53,45,0,6,2
12,13,120,20,12,9,0,8,-2
12,13,220,40,29,25,0,8,8
12,13,200,90,62,53,2,8,3
12,13,230,60,98,65,0,8,-3
12,13,250,100,111,58,0,8,-5
12,13,250,40,76,67,4,8,-4
12,13,190,70,58,17,0,8,0
12,13,210,40,65,53,0,8,0
12,13,180,60,62,22,0,1,-8
12,13,300,50,49,42,3,8,-1
12,13,220,100,69,31,-1,8,-5
12,13,220,80,91,35,0,8,-3
12,13,170,20,88,70,-1,8,-1
12,13,200,70,157,85,0,6,-9
12,13,180,30,97,59,0,5,-8
12,13,150,50,151,84,0,8,-7
12,13,180,60,131,97,-1,8,-4
12,13,180,60,88,51,0,7,-2
12,13,200,30,91,84,3,8,0
12,13,250,60,83,70,4,8,5
12,13,250,80,107,65,0,7,3
12,13,260,40,81,63,-1,8,-2
12,13,130,30,60,36,0,8,-2
12,13,80,30,55,29,0,6,-1
12,13,160,20,46,18,0,8,0
12,13,160,20,38,-4,0,8,2
12,13,210,50,90,-38,0,0,6
12,13,80,20,57,47,0,8,-4
12,13,340,60,95,55,0,8,-1
12,13,260,10,60,57,-1,8,-1
12,13,180,50,57,44,1,8,-3
12,13,190,60,74,22,0,8,-1
12,13,170,40,56,9,0,8,1
12,13,20,10,36,16,0,8,-3
12,13,200,40,29,27,6,8,0
12,13,100,30,49,12,0,8,-3
12,13,210,40,12,9,0,8,1
12,13,120,30,20,-2,0,8,10
12,13,130,40,41,32,3,8,2
12,13,210,30,87,85,2,8,2
12,13,200,50,88,54,0,8,-10
12,13,190,40,113,89,0,8,-1
12,13,210,30,99,94,3,8,2
12,13,130,30,91,74,0,8,1
12,13,210,70,111,69,0,7,-12
12,13,180,60,116,65,0,7,-3
12,13,200,70,118,78,-1,8,-5
12,13,220,50,106,67,0,,-5
12,13,150,60,82,72,7,8,-2
12,13,280,40,122,106,-1,8,-9
12,13,200,40,117,114,8,8,5
12,13,290,20,59,42,0,8,2
12,13,330,40,62,17,0,3,-1
12,13,210,80,51,22,0,8,0
12,13,190,120,64,29,-1,8,-2
12,13,130,30,52,21,0,8,1
12,13,220,70,42,31,-1,8,5
12,13,220,50,51,41,-1,8,4
12,13,330,20,31,19,0,8,0
12,13,0,0,26,25,0,8,5
12,13,50,26,5,2,0,8,2
12,13,0,0,-3,-7,-1,8,1
12,13,270,5,22,10,-1,8,2
12,13,50,51,48,6,0,4,0
12,13,220,15,35,-31,0,0,2
12,13,230,15,33,15,0,8,2
12,13,340,10,65,12,0,7,-2
12,13,80,26,43,12,0,1,-3
12,13,100,51,-6,-80,0,1,-1
12,13,150,57,11,-49,0,0,-3
12,13,200,26,36,-13,0,0,-1
12,13,220,41,33,-2,0,0,3
12,13,220,36,58,-18,0,0,-4
12,13,190,26,28,-31,0,2,-3
12,13,160,21,50,27,0,8,-1
12,13,210,36,63,60,0,8,7
12,13,270,57,76,29,0,7,-2
12,13,240,103,109,95,18,8,-1
12,13,240,72,31,15,7,7,5
12,13,210,31,58,54,17,8,26
12,13,270,77,132,109,0,8,0
12,13,220,108,121,82,-1,8,0
12,13,280,31,82,39,0,6,-3
12,13,260,15,63,18,0,7,0
12,13,260,51,87,68,0,8,1
12,13,330,36,78,25,0,7,-3
12,13,230,31,76,59,0,7,-5
12,13,270,21,57,39,-1,8,-4
12,13,0,0,68,59,0,8,1
12,13,160,41,46,7,0,8,1
12,13,210,82,99,39,0,2,-5
12,13,180,93,110,82,6,8,-2
12,13,190,77,89,41,0,4,1
12,13,100,36,38,28,14,8,-1
12,13,220,51,57,34,0,1,-1
12,13,200,46,56,33,0,2,1
12,13,170,31,87,75,0,7,4
12,13,180,5,50,50,0,8,-1
12,13,30,41,33,18,0,7,0
12,13,40,26,36,15,0,8,0
12,13,200,62,43,23,-1,8,-2
12,13,280,41,74,47,0,7,-3
12,13,240,51,63,51,0,7,5
12,13,250,72,94,73,0,8,0
12,13,210,57,59,31,0,3,-1
12,13,140,26,72,53,0,6,11
12,13,110,21,70,67,0,7,4
12,13,150,62,88,46,0,7,-4
12,13,70,36,72,65,1,8,1
12,13,30,46,35,28,1,8,-1
12,13,70,31,32,22,0,8,0
12,13,320,15,31,31,-1,8,0
12,13,60,10,31,31,0,8,1
12,13,90,26,54,53,0,8,-3
12,13,80,26,20,5,0,8,-1
12,13,60,41,-13,-19,0,8,-3
12,13,60,51,12,-1,0,3,3
12,13,90,36,5,-29,0,6,0
12,13,90,36,10,-54,0,4,2
12,13,80,21,23,-51,0,0,-4
12,13,990,5,-8,-40,0,0,0
12,13,230,36,5,-1,0,8,-3
12,13,230,67,81,81,0,8,5
12,13,230,67,100,67,0,7,-2
12,13,210,87,98,84,1,8,6
12,13,240,51,75,51,0,5,1
12,13,210,31,78,63,0,8,-3
12,13,220,113,64,50,13,8,-9
12,13,170,46,44,37,7,8,2
12,13,260,144,96,31,0,7,-2
12,13,210,93,78,67,-1,8,4
12,13,240,87,41,18,0,6,3
12,13,230,41,54,39,0,8,0
12,13,240,87,97,64,-1,7,-14
12,13,30,26,25,-18,0,7,-1
12,13,190,82,35,20,1,8,0
12,13,240,98,71,46,7,7,-8
12,13,250,51,62,45,0,7,-3
12,13,200,82,102,81,0,8,1
12,13,230,113,133,124,1,8,2
12,13,0,0,42,27,7,8,-2
12,13,360,57,21,8,0,8,2
12,13,210,82,47,37,4,8,3
12,13,220,72,48,25,0,7,2
12,13,270,26,43,37,1,8,1
12,13,320,15,19,6,0,7,-1
12,13,310,36,25,16,-1,8,1
12,13,270,21,33,23,-1,8,2
12,13,200,46,37,14,0,7,-5
12,13,180,72,73,53,0,8,-7
12,13,230,108,94,75,18,8,-5
12,13,220,62,81,62,0,7,-9
12,13,120,26,68,48,0,5,4
12,13,120,26,47,29,0,6,2
12,13,160,46,121,89,0,5,-2
12,13,210,77,116,108,-1,7,4
12,13,260,67,99,59,0,3,0
12,13,240,72,85,49,0,4,-5
12,13,200,67,102,64,0,7,2
12,13,200,134,97,80,5,8,-1
12,13,200,21,76,61,0,6,3
12,13,210,77,73,56,-1,8,-1
12,13,240,82,141,111,0,7,0
12,13,250,82,134,109,0,7,0
12,13,290,31,114,84,0,8,-3
12,13,320,41,71,35,0,6,-1
12,13,150,10,5,5,0,7,3
12,13,240,41,49,49,-1,6,7
12,13,190,51,24,24,0,8,7
12,13,170,67,58,33,0,7,5
12,13,220,51,70,53,0,4,3
12,13,240,46,54,34,0,1,-1
12,13,270,21,41,37,0,1,0
12,13,60,31,24,24,0,7,3
12,13,70,51,15,-4,0,2,-2
12,13,990,5,-4,-38,0,1,-5
12,13,190,41,-21,-31,0,8,4
12,13,210,67,16,16,0,8,0
12,13,230,98,108,108,21,8,1
12,13,240,82,131,129,3,8,2
12,13,220,123,117,94,-1,8,-4
12,13,220,134,76,38,0,7,-5
12,13,220,67,65,47,0,8,-6
12,13,150,31,38,17,0,8,-1
12,13,90,15,48,48,0,8,-1
12,13,90,31,39,38,0,8,1
12,13,50,57,15,-16,0,2,-6
12,13,70,87,-27,-80,0,3,-1
12,13,70,72,-37,-82,0,7,3
12,13,140,26,8,-38,0,6,-6
12,13,90,31,11,-10,0,6,-3
12,13,30,5,13,3,0,8,0
12,13,70,15,-7,-7,0,8,-1
12,13,240,21,0,0,0,8,10
12,13,60,46,41,6,0,1,-3
12,13,80,36,24,-35,0,1,-6
12,13,40,87,13,-14,0,7,-1
12,13,70,67,1,-34,0,7,1
12,13,70,57,6,-15,0,3,2
12,13,130,21,10,-1,0,7,-2
12,13,290,26,44,44,-1,8,-7
12,13,140,15,23,23,-1,8,7
12,13,20,36,24,23,0,7,-2
12,13,120,36,-6,-9,0,8,2
12,13,210,72,99,98,5,8,3
12,13,310,41,58,58,2,8,-7
12,13,60,31,13,-16,0,3,-7
12,13,230,41,-6,-6,0,8,4
12,13,80,15,5,5,6,6,4
12,13,120,10,-13,-32,0,0,1
12,13,90,21,-31,-49,0,1,1
12,13,80,31,-26,-66,0,0,1
12,13,90,67,-38,-83,0,7,1
12,13,80,36,-4,-4,-1,8,1
12,13,190,50,45,17,0,7,4
12,13,260,70,73,37,1,7,-2
12,13,180,80,62,50,6,8,2
12,13,210,50,82,44,0,6,-2
12,13,100,10,66,44,0,7,-2
12,13,30,30,61,51,0,7,1
12,13,80,20,50,47,0,8,-2
12,13,80,20,19,19,0,8,2
12,13,100,30,3,-13,0,8,-2
12,13,40,20,-1,-15,0,8,0
12,13,990,10,-12,-13,0,8,-1
12,13,230,30,3,-3,-1,8,1
12,13,30,30,26,17,0,7,6
12,13,230,50,22,-14,0,7,-1
12,13,260,60,77,57,0,7,0
12,13,180,20,64,50,0,7,-3
12,13,250,10,36,24,0,8,0
12,13,180,20,68,65,-1,8,3
12,13,80,50,78,75,13,8,-5
12,13,70,90,0,-24,0,8,-1
12,13,70,70,-18,-71,0,0,3
12,13,60,60,18,-107,0,4,-6
12,13,50,80,-13,-85,0,1,3
12,13,50,50,-25,-86,0,0,3
12,13,50,40,-3,-71,0,7,-2
12,13,90,20,-16,-58,0,1,2
12,13,140,20,-35,-101,0,7,0
12,13,50,60,-61,-141,0,3,2
12,13,230,50,-61,-76,-1,8,6
12,13,20,50,-11,-28,-1,8,-1
12,13,50,50,-105,-149,0,1,-4
12,13,240,40,73,26,0,1,-3
12,13,60,60,29,-13,0,8,-2
12,13,310,20,37,9,0,6,-3
12,13,30,30,27,1,0,8,-3
12,13,220,40,22,9,-1,7,4
12,13,210,70,26,3,2,8,0
12,13,220,40,50,24,0,7,-2
12,13,190,70,59,49,0,8,7
12,13,210,60,100,76,0,7,0
12,13,220,100,109,104,3,8,4
12,13,250,70,132,109,-1,6,-2
12,13,320,40,90,66,-1,7,0
12,13,270,40,85,53,0,3,-1
12,13,340,40,78,36,0,5,-13
12,13,40,60,14,-25,0,7,-1
12,13,90,70,-31,-89,0,0,-3
12,13,90,70,-25,-71,0,7,4
12,13,110,60,49,7,0,7,4
12,13,140,50,83,53,0,8,14
12,13,20,20,56,50,0,,5
12,13,10,20,35,35,3,8,-1
12,13,10,20,31,24,0,8,-2
12,13,200,20,35,32,1,8,0
12,13,220,70,121,119,-1,8,1
12,13,190,70,111,90,-1,8,4
12,13,240,110,87,62,-1,7,-6
12,13,230,50,69,63,-1,8,3
12,13,220,50,60,53,0,7,0
12,13,230,40,60,57,0,7,0
12,13,160,50,70,29,0,6,-2
12,13,210,60,97,91,1,8,-2
12,13,60,50,7,-17,0,3,-8
12,13,90,50,-14,-42,0,8,0
12,13,990,10,-4,-27,0,8,0
12,13,240,20,6,6,0,8,13
12,13,260,50,27,1,0,,-6
12,13,280,40,35,-5,0,,2
12,13,280,30,30,12,0,6,-4
12,13,190,50,3,3,0,8,-2
12,13,170,30,34,34,4,8,0
12,13,140,20,35,35,0,8,0
12,13,170,20,39,39,-1,8,7
12,13,210,60,89,89,-1,,4
12,13,270,90,91,50,0,,0
12,13,240,60,124,117,-1,8,-2
12,13,220,80,106,99,0,8,-4
12,13,230,40,88,77,0,7,1
12,13,180,20,100,46,0,,0
12,13,210,50,63,63,-1,8,3
12,13,250,90,63,49,-1,7,-2
12,13,340,40,53,24,0,4,-2
12,13,280,30,42,17,0,4,0
12,13,230,40,45,44,0,7,1
12,13,200,40,58,31,-1,7,1
12,13,240,40,44,44,0,6,-1
12,13,220,90,74,72,-1,8,4
12,13,210,60,82,60,-1,8,-2
12,13,140,40,64,60,4,8,10
12,13,210,70,79,69,2,8,-5
12,13,120,50,54,32,0,7,0
12,13,160,40,104,60,0,1,0
12,13,140,50,76,43,0,7,0
12,13,260,70,110,61,0,4,-1
12,13,280,70,77,14,0,6,2
12,13,220,160,100,60,-1,8,-8
12,13,230,70,58,23,0,,-1
12,13,280,30,60,41,0,,2
12,13,230,110,79,68,0,8,-6
12,13,220,90,86,79,-1,8,1
12,13,210,80,86,86,0,7,-2
12,13,220,90,92,53,0,6,-6
12,13,220,50,72,66,2,7,-5
12,13,190,80,93,90,6,,8
12,13,260,50,76,72,8,,2
12,13,230,70,63,36,0,4,-5
12,13,280,40,40,27,0,,-11
12,13,360,40,18,-16,0,4,-2
12,13,220,60,18,3,-1,7,0
12,13,220,140,52,45,4,8,1
12,13,290,30,54,9,0,,-4
12,13,260,40,31,6,0,,-10
12,13,290,30,37,6,0,6,-6
12,13,170,20,9,5,0,7,2
12,13,150,50,6,-34,0,7,2
12,13,220,60,73,63,0,7,-1
12,13,200,100,82,74,1,,4
12,13,240,90,75,23,0,,-8
12,13,270,100,69,34,0,,1
12,13,230,60,54,40,-1,,-1
12,13,250,30,40,40,0,,2
12,13,250,60,47,34,0,,-2
12,13,200,50,35,28,0,,4
12,13,180,20,39,39,0,,1
12,13,170,50,136,85,0,7,-1
12,13,180,20,121,99,0,,3
12,13,230,60,97,72,0,,3
12,13,170,60,94,54,-1,8,-13
12,13,120,50,111,80,0,7,4
12,13,140,40,106,99,2,8,0
12,13,120,50,108,92,0,8,-1
12,13,210,70,128,65,0,7,0
12,13,210,70,108,68,0,,-1
12,13,200,80,115,90,0,,-2
12,13,210,90,132,74,0,7,-3
12,13,210,80,128,116,1,8,1
12,13,230,100,106,65,2,7,-10
12,13,230,60,88,62,0,8,-2
12,13,280,60,65,40,3,,0
12,13,250,60,50,2,0,,-2
12,13,240,40,40,18,0,,3
12,13,120,30,44,21,0,8,-2
12,13,80,50,47,28,0,7,-10
12,13,120,70,28,-14,0,6,0
12,13,120,60,26,-42,0,,-1
12,13,130,40,8,-55,0,,0
12,13,200,20,39,-13,0,,4
12,13,40,20,12,-8,0,,0
12,13,40,70,-2,-29,0,,-3
12,13,50,50,-14,-37,0,,1
12,13,30,30,-2,-11,4,,-1
12,13,200,60,18,1,-1,,-5
12,13,220,70,10,-11,0,,-2
12,13,260,40,21,13,0,,2
12,13,200,50,14,12,0,,0
12,13,210,60,130,127,-1,,3
12,13,80,20,84,84,-1,,-1
12,13,110,20,97,97,1,8,2
12,13,220,70,99,90,1,8,6
12,13,190,80,90,65,-1,7,-8
12,13,330,50,95,50,0,4,-7
12,13,990,10,19,19,0,9,-1
12,13,120,40,48,20,0,,0
12,13,70,30,19,-3,0,,1
12,13,70,20,33,4,0,1,9
12,13,320,10,49,49,0,8,-2
12,13,20,20,30,30,0,8,1
12,13,60,60,40,-2,0,6,-8
12,13,40,40,-18,-66,0,1,2
12,13,20,20,4,-31,0,,4
12,13,40,40,12,-15,0,,-4
12,13,20,20,12,12,0,8,3
12,13,220,30,34,34,0,8,0
12,13,250,50,56,36,0,7,-1
12,13,230,20,24,-17,0,7,-4
12,13,240,100,48,42,13,8,4
12,13,260,50,24,10,0,,-6
12,13,220,30,-19,-51,0,,-5
12,13,230,90,20,18,3,,10
12,13,260,50,64,41,0,,-5
12,13,290,20,8,6,6,,8
12,13,210,100,14,10,6,,0
12,13,270,140,69,0,0,,-6
12,13,230,40,23,17,-1,,2
12,13,250,70,31,7,0,,-27
12,13,270,30,25,2,-1,,0
12,13,170,70,90,58,0,,-2
12,13,180,50,77,58,0,8,-2
12,13,40,10,81,81,0,7,1
12,13,180,40,51,51,0,,-2
12,13,30,30,71,42,0,7,0
12,13,60,70,12,-5,0,8,-2
12,13,60,60,0,-12,6,,-2
12,13,70,70,-7,-48,0,,3
12,13,60,80,-31,-93,0,1,-2
12,13,80,80,-25,-93,0,0,0
12,13,80,70,-25,-98,0,0,1
12,13,120,40,-2,-65,0,7,7
12,13,90,20,-1,-20,1,7,-1
12,13,60,40,18,3,0,,3
12,13,110,60,38,22,1,,-2
12,13,260,50,52,48,4,8,-3
12,13,10,30,24,10,0,8,-4
12,13,990,10,22,-16,0,6,1
12,13,110,40,37,13,0,2,0
12,13,200,20,11,-1,0,7,8
12,13,990,10,32,32,0,,0
12,13,170,50,93,92,29,,13
12,13,100,30,43,42,0,,2
12,13,190,50,112,97,0,,-5
12,13,150,30,111,99,0,,2
12,13,170,50,96,91,12,,10
12,13,170,40,116,107,0,,-2
12,13,260,40,96,82,0,,2
12,13,200,40,80,72,2,,-5
12,13,280,30,111,105,9,,-7
12,13,80,70,2,-24,0,,0
12,13,100,40,126,97,0,7,-7
12,13,80,30,96,62,0,6,-7
12,13,40,20,73,51,0,5,-3
12,13,50,50,48,42,-1,8,-1
12,13,90,10,33,24,0,8,2
12,13,50,90,66,-7,0,,-12
12,13,80,50,18,-50,0,,-2
12,13,120,30,22,-32,0,1,4
12,13,90,30,53,-57,0,1,6
12,13,220,20,38,-36,0,0,-5
12,13,180,50,26,-4,0,8,-2
12,13,160,20,29,26,0,8,-3
12,13,230,100,120,113,6,,0
12,13,300,40,75,57,5,,-3
12,13,320,60,50,2,0,2,-14
12,13,280,30,73,40,0,5,0
12,13,230,30,73,12,0,2,-4
12,13,140,30,66,10,0,0,1
12,13,230,30,65,36,0,1,-1
12,13,180,70,96,70,0,,4
12,13,280,80,75,36,10,,-3
12,13,310,30,2,-3,5,5,13
12,13,200,60,5,0,13,8,1
12,13,200,50,40,31,0,,1
12,13,220,50,84,69,0,,0
12,13,180,50,75,47,0,,-2
12,13,230,80,82,44,0,,-4
12,13,290,50,41,32,0,,-5
12,13,200,30,37,14,0,,3
12,13,220,20,56,18,0,,-4
12,13,60,30,33,12,0,,-6
12,13,160,20,26,19,8,,-1
12,13,200,20,68,40,0,,0
12,13,220,20,66,41,0,,-1
12,13,190,30,29,28,0,,4
12,13,240,40,82,81,0,,0
12,13,230,40,86,85,0,,-1
12,13,190,20,57,53,0,,2
12,13,130,20,69,53,0,,1
12,13,60,50,-5,-5,0,,1
12,13,230,20,-13,-13,0,,4
12,13,30,10,33,33,0,,-1
12,13,90,40,6,-6,0,,-2
12,13,200,30,-15,-30,0,,1
12,13,180,20,0,0,0,,5
12,13,200,40,65,25,0,,-1
12,13,190,60,78,51,0,,-6
12,13,190,40,53,43,5,,0
12,13,240,80,57,34,0,,-2
12,13,360,30,41,6,0,,0
12,13,200,30,16,-16,0,,4
12,13,180,20,-3,-37,0,,0
12,13,220,100,20,12,5,,1
12,13,270,80,114,73,0,,-2
12,13,240,60,98,42,0,,-12
12,13,230,70,54,27,0,,2
12,13,10,10,1,1,0,,-1
12,13,180,10,-25,-26,0,,2
12,13,280,40,26,23,3,,2
12,13,270,30,60,28,0,,1
12,13,210,70,61,54,0,,3
12,13,230,70,94,88,2,,-3
12,13,160,50,34,-18,0,,-1
12,13,130,50,36,-6,0,,10
12,13,190,70,86,38,0,,0
12,13,160,40,91,65,0,,-6
12,13,230,60,71,58,0,,0
12,13,210,30,60,47,0,,0
12,13,240,50,79,60,0,,-1
12,13,60,30,65,40,0,,-2
12,13,60,30,53,18,0,,-21
12,13,230,10,-13,-15,0,,0
12,13,200,30,27,12,0,,5
12,13,20,40,89,62,0,,-7
12,13,280,10,73,42,0,,1
12,13,350,30,83,58,1,,-1
12,13,270,60,86,64,0,,-2
12,13,300,60,66,25,3,,-11
12,13,300,30,19,6,3,,-9
12,13,240,40,38,18,0,,-9
12,13,250,30,58,51,1,,8
12,13,250,40,48,48,0,,-1
12,13,220,50,56,46,0,,2
12,13,270,30,86,71,0,,-1
12,13,250,40,80,59,0,,0
12,13,290,40,90,55,0,,-2
12,13,10,20,65,35,0,,-2
12,13,340,30,55,-1,0,,-45
12,13,50,60,-9,-34,0,,3
12,13,30,50,-6,-58,0,,-4
12,13,220,30,-1,-18,0,,-3
12,13,160,70,-5,-54,0,,0
12,13,220,80,61,54,3,,4
12,13,190,50,103,57,0,,-1
12,13,200,50,115,81,0,,0
12,13,200,90,103,80,8,,-4
12,13,240,60,109,82,0,,7
12,13,200,90,152,105,0,,-6
12,13,230,90,105,70,0,,-2
12,13,200,90,85,73,19,,8
12,13,170,80,112,94,-1,,9
12,13,250,40,84,59,0,,-5
12,13,220,60,69,45,0,,-4
12,13,210,90,75,65,8,,2
12,13,220,70,93,61,0,,-5
12,13,230,80,111,95,0,,1
12,13,220,80,101,73,0,,1
12,13,210,50,79,42,0,,-3
12,13,310,30,70,63,8,,-1
12,13,240,50,68,53,0,,-3
12,13,190,20,22,22,0,,2
12,13,340,20,57,54,0,,-5
12,13,230,20,16,15,0,,7
12,13,30,10,75,71,0,,-2
12,13,20,20,67,38,0,,-3
12,13,60,40,37,24,0,,-1
12,13,60,40,19,19,0,,1
12,13,40,20,55,49,0,,1
12,13,140,30,22,12,0,,-2
12,13,240,30,4,-10,0,,2
12,13,240,60,42,36,0,,0
12,13,180,50,70,18,0,,-6
12,13,210,90,96,81,0,,-3
12,13,220,90,90,78,3,,5
12,13,240,80,101,36,0,1,-12
12,13,200,90,95,86,24,8,3
12,13,280,90,79,23,0,2,-2
12,13,250,40,77,56,0,8,-3
12,13,210,100,117,91,-1,8,3
12,13,210,80,98,92,19,8,6
12,13,270,80,85,54,0,7,2
12,13,190,70,65,31,0,6,-1
12,13,210,60,85,48,0,5,-4
12,13,340,40,76,59,0,8,-4
12,13,340,40,68,29,0,6,-4
12,13,350,10,49,41,0,8,1
12,13,50,30,39,33,0,8,-3
12,13,70,40,25,12,0,8,1
12,13,60,50,36,5,0,0,2
12,13,40,30,15,-25,0,0,1
12,13,80,80,14,-28,0,8,-2
12,13,60,40,6,-19,0,6,-1
12,13,60,30,3,-22,0,0,-3
12,13,90,20,-36,-38,-1,9,0
12,13,160,10,-32,-33,0,8,0
12,13,140,20,-2,-10,0,0,7
12,13,220,20,44,25,0,0,-22
12,13,170,30,26,24,0,8,1
12,13,180,50,44,4,0,7,-1
12,13,230,50,48,39,0,8,-3
12,13,200,60,47,29,0,8,3
12,13,210,80,87,42,0,0,-1
12,13,220,60,86,56,0,7,-4
12,13,300,40,73,23,0,8,-2
12,13,250,20,62,43,0,8,-2
12,13,330,20,52,45,0,7,-1
12,13,220,80,43,33,-1,8,-4
12,13,220,50,31,19,0,7,1
12,13,150,50,6,5,15,8,0
12,13,200,40,65,53,0,8,0
12,13,290,20,73,58,0,8,-5
12,13,270,30,82,42,0,0,-5
12,13,230,50,35,21,0,2,-12
12,13,240,30,2,-1,7,8,3
12,13,220,30,48,26,0,0,-1
12,13,210,50,38,19,0,8,0
12,13,200,40,16,9,0,8,-4
12,13,140,70,3,-20,0,6,2
12,13,70,50,41,1,0,3,-5
12,13,30,30,32,21,0,8,-1
12,13,40,10,18,14,0,8,5
12,13,220,30,25,24,0,8,6
12,13,210,40,49,48,-1,8,1
12,13,280,50,70,29,0,2,-2
12,13,280,50,93,78,-1,8,-9
12,13,250,50,96,77,0,8,0
12,13,300,20,102,70,0,8,-5
12,13,230,10,42,42,0,9,-1
12,13,290,20,63,45,0,8,2
12,13,60,50,55,42,0,8,0
12,13,60,70,13,-32,0,0,-2
12,13,80,60,-4,-39,0,0,-1
12,13,70,60,-4,-30,0,0,-3
12,13,70,40,-5,-41,0,0,2
12,13,100,30,3,-41,0,0,4
12,13,340,10,-10,-32,0,0,2
12,13,360,20,73,41,0,8,-4
12,13,170,50,66,21,-1,8,-10
12,13,190,60,105,80,1,8,-12
12,13,210,60,45,31,0,8,1
12,13,200,70,75,66,-1,8,5
12,13,180,80,124,97,-1,8,-12
12,13,160,40,91,65,0,7,-3
12,13,240,60,83,62,0,7,1
12,13,190,40,81,77,0,8,8
12,13,280,60,96,69,-1,8,-9
12,13,30,50,69,39,0,8,-2
12,13,50,40,42,5,0,8,-2
12,13,50,50,22,-22,0,3,4
12,13,90,30,-10,-39,0,8,0
12,13,90,40,14,-43,0,0,-2
12,13,220,40,-7,-47,0,8,-5
12,13,150,40,-17,-19,3,8,1
12,13,340,30,-22,-45,-1,6,6
12,13,990,10,-85,-147,0,4,-15
12,13,210,60,-28,-34,3,8,6
12,13,120,40,-39,-78,0,8,1
12,13,220,70,10,6,0,8,3
12,13,200,40,10,-5,0,1,8
12,13,80,20,10,7,0,8,6
12,13,250,80,35,25,5,8,3
12,13,210,80,66,32,0,0,-3
12,13,200,70,42,23,0,8,-1
12,13,340,20,60,37,0,8,0
12,13,80,50,15,0,-1,8,-1
12,13,50,40,16,13,3,8,-2
12,13,20,30,0,-8,0,8,-1
12,13,60,80,-59,-102,0,8,-4
12,13,70,40,-65,-74,1,8,-1
12,13,220,20,-43,-56,0,1,-12
12,13,190,80,-9,-39,1,8,-5
12,13,230,40,17,16,-1,8,0
12,13,190,10,20,-5,0,8,-2
12,13,70,50,-19,-21,0,8,1
12,13,360,40,-9,-18,0,8,-2
12,13,280,40,22,2,-1,8,-3
12,13,220,30,40,39,-1,8,7
12,13,270,40,74,57,-1,8,-1
12,13,350,40,54,24,0,8,-16
12,13,230,30,-18,-45,0,7,2
12,13,340,20,-12,-43,0,8,2
12,13,10,40,25,-12,0,5,-3
12,13,220,80,13,10,18,8,6
12,13,230,50,-9,-17,-1,7,-1
12,13,190,30,-20,-43,0,7,0
12,13,60,30,-28,-30,0,8,-1
12,13,90,10,-74,-76,0,1,11
12,13,60,20,-21,-22,0,7,5
12,13,30,30,-14,-15,-1,8,-2
12,13,30,50,-6,-13,0,8,0
12,13,10,60,-17,-44,0,8,-2
12,13,340,20,-28,-63,0,2,-1
12,13,260,20,28,9,0,7,-2
12,13,190,30,-6,-22,0,8,1
12,13,130,20,5,-21,0,7,0
12,13,80,20,5,-11,0,8,2
12,13,40,10,-40,-42,0,7,5
12,13,270,10,16,16,0,9,-6
12,13,200,60,119,100,0,8,-2
12,13,260,50,92,52,0,7,-4
12,13,240,60,91,85,2,8,-4
12,13,230,60,82,51,0,8,1
12,13,230,80,45,23,1,3,-6
12,13,240,70,61,28,0,5,0
12,13,270,100,82,12,0,8,-3
12,13,200,80,79,42,0,8,10
12,13,250,50,74,13,1,8,-12
12,13,250,70,61,18,0,0,-6
12,13,210,50,59,24,0,8,1
12,13,250,60,76,17,0,3,-3
12,13,250,90,101,45,-1,8,-7
12,13,240,60,62,42,-1,8,-2
12,13,220,100,61,34,-1,8,5
12,13,300,40,33,27,4,8,4
12,13,270,40,62,25,0,3,1
12,13,260,50,29,-2,0,7,-24
12,13,220,50,41,18,0,1,-7
12,13,290,40,73,46,6,6,-2
12,13,260,40,64,53,0,8,-2
12,13,280,40,99,95,1,8,-1
12,13,220,70,103,87,0,7,-3
12,13,290,50,74,25,0,5,-1
12,13,220,70,84,81,-1,8,2
12,13,220,60,100,97,0,8,-1
12,13,210,30,85,64,0,8,-1
12,13,210,70,56,44,-1,8,1
12,13,230,90,42,32,10,8,8
12,13,290,50,68,26,0,7,-15
12,13,250,40,101,98,3,8,1
12,13,220,70,37,13,0,7,0
12,13,290,30,43,22,0,7,6
12,13,190,60,14,10,-1,8,4
12,13,250,80,54,40,4,8,-6
12,13,230,20,29,-2,0,7,-6
12,13,230,50,24,6,0,3,-4
12,13,140,50,-1,-4,6,8,0
12,13,220,20,-43,-53,0,0,4
12,13,250,60,56,52,8,8,13
12,13,360,50,38,13,-1,8,-6
12,13,350,30,15,-35,0,1,0
12,13,240,60,27,-13,0,8,1
12,13,140,30,-2,-50,0,8,0
12,13,130,70,53,32,0,8,2
12,13,200,50,97,66,0,8,1
12,13,220,30,80,70,5,8,0
12,13,200,40,73,62,11,8,1
12,13,220,30,65,53,0,8,-6
12,13,130,20,63,55,0,8,0
12,13,120,60,33,9,-1,8,-4
12,13,80,20,62,59,0,8,5
12,13,180,40,73,64,6,8,-2
12,13,230,70,122,116,1,8,0
12,13,180,50,116,100,0,8,0
12,13,190,70,95,74,-1,7,-3
12,13,230,80,83,50,0,8,-1
12,13,220,30,88,70,0,7,-2
12,13,180,40,72,54,1,8,-1
12,13,170,50,118,78,0,8,2
12,13,230,100,76,37,0,7,2
12,13,210,80,98,61,0,8,1
12,13,290,30,89,43,0,5,-4
12,13,90,30,79,30,0,3,-6
12,13,210,10,12,11,0,9,-1
12,13,230,60,68,51,0,8,-2
12,13,240,120,54,18,0,8,1
12,13,280,50,30,3,-1,7,-3
12,13,250,40,70,58,-1,7,6
12,13,230,80,88,65,0,7,-1
12,13,260,40,94,72,0,8,3
12,13,170,20,87,55,0,0,-2
12,13,130,20,35,35,0,9,5
12,13,180,40,40,32,0,6,2
12,13,170,30,46,19,0,0,1
12,13,250,50,79,50,0,7,-3
12,13,200,50,83,61,0,8,-3
12,13,200,70,123,46,0,0,-6
12,13,40,20,65,54,0,8,-2
12,13,200,60,93,51,0,7,-5
12,13,230,60,87,62,0,7,4
12,13,240,70,76,32,0,1,-3
12,13,200,80,79,29,0,8,-1
12,13,210,90,101,69,0,7,1
12,13,190,80,92,51,0,8,1
12,13,200,140,113,79,1,8,-4
12,13,180,40,78,43,0,7,-2
12,13,240,40,72,54,0,8,-2
12,13,190,80,80,69,1,8,3
12,13,230,40,87,60,0,1,-2
12,13,230,70,72,48,0,5,-1
12,13,170,70,68,22,0,8,-4
12,13,150,50,92,39,0,8,2
12,13,70,60,25,7,0,8,-4
12,13,50,40,16,-11,0,8,1
12,13,40,40,-16,-35,0,8,-2
12,13,80,30,12,-4,0,8,3
12,13,210,30,49,29,0,8,0
12,13,340,30,85,51,0,5,1
12,13,210,70,50,21,0,8,-9
12,13,240,60,47,21,-1,7,-5
12,13,190,30,21,21,0,9,3
12,13,250,60,92,27,0,2,-15
12,13,250,80,53,32,5,8,9
12,13,220,120,96,80,1,8,1
12,13,220,40,56,34,0,8,-3
12,13,200,40,32,12,0,1,4
12,13,230,60,67,52,0,8,-4
12,13,250,60,71,43,0,2,3
12,13,250,50,87,84,2,8,10
12,13,240,70,122,112,-1,8,2
12,13,270,40,85,71,2,8,3
12,13,270,90,84,38,0,7,2
12,13,220,60,71,51,0,8,1
12,13,240,90,105,93,2,8,12
12,13,240,100,120,75,0,8,-5
12,13,290,50,85,75,6,8,-11
12,13,270,50,69,39,-1,7,-9
12,13,230,30,44,34,0,7,0
12,13,70,70,6,1,36,8,4
12,13,40,20,-4,-47,0,0,1
12,13,340,30,40,14,0,4,2
12,13,260,30,41,12,0,8,-3
12,13,230,30,51,34,0,0,9
12,13,200,30,93,90,4,8,5
12,13,210,60,118,57,0,7,0
12,13,210,60,114,58,0,1,-4
12,13,250,60,105,51,0,1,-5
12,13,210,80,84,42,0,8,-3
12,13,210,80,113,67,0,8,1
12,13,200,30,132,89,0,8,4
12,13,170,40,124,76,0,4,-1
12,13,240,50,93,47,0,0,-6
12,13,200,70,75,27,0,2,-2
12,13,230,80,81,61,0,8,-1
12,13,190,30,80,54,0,8,-2
12,13,90,10,80,55,0,8,-1
12,13,180,40,94,59,0,2,-5
12,13,160,10,92,67,0,3,-1
12,13,210,60,126,118,-1,8,-1
12,13,210,50,155,106,0,5,-5
12,13,220,40,124,89,0,8,1
12,13,200,50,143,118,0,8,1
12,13,210,50,128,83,0,8,-3
12,13,220,90,110,63,0,8,0
12,13,210,90,135,103,0,8,2
12,13,260,90,122,40,0,2,-9
12,13,190,80,139,78,0,8,-6
12,13,200,40,86,69,-1,8,-4
12,13,220,70,139,99,0,3,1
12,13,230,80,128,92,0,8,1
12,13,100,30,109,69,0,7,6
12,13,180,30,105,63,0,7,-2
12,13,150,50,88,50,0,2,-2
12,13,220,90,103,44,0,6,-5
12,13,240,50,67,50,0,8,3
12,13,20,30,82,54,-1,8,-5
12,13,990,10,58,33,0,7,6
12,13,90,40,39,-25,0,0,-6
12,13,120,20,36,-15,0,0,7
12,13,120,20,46,12,0,4,-2
12,13,200,40,85,35,0,8,4
12,13,210,50,90,24,0,8,4
12,13,200,30,112,92,0,8,9
12,13,220,50,72,66,2,8,0
12,13,260,50,95,67,0,8,-2
12,13,210,20,78,65,0,8,0
12,13,210,30,73,62,0,8,1
12,13,140,20,99,76,0,8,4
12,13,140,50,77,62,0,8,3
12,13,120,40,75,35,0,8,-2
12,13,210,20,55,52,0,9,1
12,13,240,30,79,63,0,8,-2
12,13,110,20,63,36,0,5,2
12,13,90,30,41,7,0,0,-4
12,13,210,60,79,29,0,8,-5
12,13,230,40,64,56,0,8,0
12,13,200,70,89,56,0,8,-11
12,13,240,70,78,41,0,8,1
12,13,240,90,97,89,0,8,0
12,13,290,60,88,15,0,2,-4
12,13,270,40,88,47,0,0,-1
12,13,230,10,47,23,0,8,1
12,13,140,10,30,9,0,0,3
12,13,220,30,27,3,0,0,6
12,13,200,30,5,4,0,9,1
12,13,350,20,39,14,0,7,0
12,13,210,20,-11,-11,0,9,1
12,13,230,50,20,19,0,8,5
12,13,290,30,89,54,0,8,0
12,13,230,60,70,49,0,8,0
12,13,220,50,87,52,0,8,-1
12,13,200,100,62,37,0,8,-4
12,13,220,50,8,4,7,5,14
12,13,250,40,11,7,13,8,-3
12,13,210,80,0,0,50,8,0
12,13,70,100,4,-1,7,8,1
12,13,230,60,17,7,0,8,-2
12,13,210,100,46,38,2,8,2
12,13,220,100,52,24,-1,8,-1
12,13,200,30,43,23,0,8,2
12,13,280,40,58,21,-1,8,-15
12,13,220,30,45,28,0,4,-7
12,13,340,40,74,58,0,8,-1
12,13,230,30,71,52,-1,8,-1
12,13,270,10,79,78,0,8,2
12,13,280,20,95,92,-1,8,1
12,13,350,20,92,89,0,8,2
12,13,250,50,95,73,0,8,1
12,13,240,70,99,77,0,8,0
12,13,220,90,78,39,0,8,-6
12,13,230,100,71,25,0,7,-6
12,13,180,40,62,44,0,8,1
12,13,250,60,45,-6,0,5,3
12,13,160,70,25,13,11,8,-9
12,13,250,90,126,89,0,8,-2
12,13,210,90,139,93,0,8,-9
12,13,190,50,91,58,0,8,-2
12,13,250,60,133,123,1,8,-3
12,13,220,70,128,111,-1,7,-5
12,13,280,10,89,35,0,6,6
12,13,130,40,66,48,0,8,3
12,13,220,60,120,106,0,8,0
12,13,210,100,119,100,1,8,-6
12,13,250,100,102,52,0,8,-1
12,13,280,40,87,67,2,4,4
12,13,280,30,66,38,-1,7,1
12,13,300,20,73,31,0,6,-5
12,13,60,40,46,7,0,8,-3
12,13,70,70,28,-10,0,0,-2
12,13,50,40,14,-13,0,8,0
12,13,140,40,10,-48,0,8,0
12,13,160,30,17,17,0,9,4
12,13,250,50,72,63,2,8,5
12,13,160,40,81,49,0,8,-7
12,13,190,50,96,63,0,8,5
12,13,200,50,77,63,4,8,2
12,13,250,110,129,105,6,8,-3
12,13,270,60,105,74,0,8,1
12,13,210,20,86,81,3,8,-1
12,13,10,30,74,17,0,0,-2
12,13,220,50,59,26,0,8,0
12,13,210,30,39,23,0,8,2
12,13,220,10,47,-19,0,8,8
12,13,210,20,16,4,0,8,4
12,13,230,70,68,59,0,8,0
12,13,220,40,86,64,0,8,-5
12,13,280,20,97,88,0,8,-2
12,13,40,40,28,4,0,8,-1
12,13,290,20,75,53,0,2,11
12,13,210,40,55,45,0,7,0
12,13,110,20,12,12,0,9,8
12,13,220,40,26,24,0,8,5
12,13,210,90,64,53,2,8,3
12,13,240,50,96,67,0,8,0
12,13,260,90,110,59,-1,8,-4
12,13,260,50,78,58,-1,8,-6
12,13,200,80,60,15,0,7,-3
12,13,220,40,63,55,0,8,0
12,13,180,50,56,26,0,2,2
12,13,310,20,45,42,0,8,-1
12,13,220,80,72,31,0,8,-6
12,13,220,100,93,40,0,8,-2
12,13,180,20,87,71,-1,8,-1
12,13,190,70,153,81,0,4,-5
12,13,190,30,92,62,0,3,-6
12,13,140,40,145,88,0,8,-5
12,13,150,60,110,90,0,8,15
12,13,180,70,91,53,0,7,-3
12,13,210,40,90,86,1,8,1
12,13,240,50,81,72,1,8,5
12,13,250,80,107,71,-1,8,0
12,13,270,40,83,59,0,8,-2
12,13,120,30,63,46,0,8,-1
12,13,70,40,59,31,0,1,-1
12,13,140,30,30,13,0,8,2
12,13,150,20,26,-6,0,8,2
12,13,210,40,85,-26,0,0,-3
12,13,90,20,54,52,0,8,-3
12,13,330,50,93,53,0,8,1
12,13,180,10,57,48,0,8,0
12,13,180,50,61,39,0,8,-5
12,13,190,80,76,17,0,8,-1
12,13,190,20,55,14,0,8,3
12,13,10,20,34,16,-1,8,0
12,13,210,50,34,27,6,8,-1
12,13,100,20,50,23,0,8,-3
12,13,180,30,12,4,0,8,7
12,13,100,20,11,-2,0,8,-1
12,13,130,50,40,22,-1,8,2
12,13,220,30,85,79,-1,8,0
12,13,200,30,85,50,0,8,-3
12,13,200,50,111,86,0,8,-1
12,13,210,30,97,93,10,8,2
12,13,140,20,89,71,0,8,2
12,13,220,70,106,72,0,8,-3
12,13,180,50,117,67,0,1,-5
12,13,190,60,121,75,0,8,-6
12,13,220,50,104,74,0,8,-6
12,13,140,40,80,69,10,8,-1
12,13,290,30,109,98,3,8,-4
12,13,170,60,116,106,10,8,1
12,13,300,20,61,39,-1,8,0
12,13,310,30,53,14,0,1,3
12,13,210,80,48,18,0,8,3
12,13,190,120,64,27,0,8,0
12,13,120,40,51,20,0,8,-4
12,13,230,50,44,31,-1,8,-1
12,13,240,60,54,41,0,8,2
12,13,10,10,26,15,0,8,6
