12,21,80,46,4,4,0,9,0
12,21,50,26,-10,-10,0,8,0
12,21,70,31,-15,-15,0,8,-2
12,21,240,26,16,16,0,8,2
12,21,30,26,-8,-8,0,0,-4
12,21,210,21,-40,-40,0,0,-3
12,21,990,10,9,-1,0,8,0
12,21,40,36,27,11,0,7,-4
12,21,90,67,-9,-49,0,0,-2
12,21,70,51,-31,-100,0,0,-6
12,21,180,31,15,-21,0,7,3
12,21,200,26,-17,-33,0,0,-4
12,21,200,46,-7,-39,0,0,5
12,21,200,21,0,-25,0,0,5
12,21,200,51,27,-41,0,5,-3
12,21,200,36,44,44,2,8,-1
12,21,220,82,80,79,-1,8,-3
12,21,240,72,48,22,0,7,0
12,21,250,98,100,79,0,6,-4
12,21,260,62,30,6,2,7,4
12,21,260,82,110,107,4,8,-1
12,21,240,77,105,94,-1,8,1
12,21,280,67,86,59,2,8,-14
12,21,260,31,39,35,2,7,-2
12,21,200,41,17,16,0,0,8
12,21,300,57,74,50,0,7,-1
12,21,290,21,51,30,0,8,-1
12,21,200,21,46,39,0,7,-5
12,21,250,21,49,39,0,8,-1
12,21,80,5,42,41,0,8,0
12,21,250,46,26,17,0,8,0
12,21,210,67,47,32,0,2,10
12,21,220,123,101,77,18,3,4
12,21,210,82,48,44,1,8,9
12,21,210,82,38,34,2,7,4
12,21,200,51,22,18,0,5,4
12,21,160,62,41,11,0,8,-3
12,21,210,36,61,57,0,8,2
12,21,340,26,45,45,0,9,-1
12,21,40,41,27,26,0,8,2
12,21,990,5,26,16,0,8,-1
12,21,220,108,44,44,13,8,5
12,21,240,46,45,32,0,6,-2
12,21,220,93,58,57,1,8,4
12,21,230,51,73,54,0,8,-3
12,21,180,46,80,48,0,8,1
12,21,190,41,75,51,0,7,-13
12,21,170,36,50,38,0,0,11
12,21,200,72,96,63,1,8,2
12,21,70,21,60,60,0,6,0
12,21,20,46,22,22,10,8,-2
12,21,60,26,27,27,0,8,1
12,21,260,15,16,10,0,8,-2
12,21,60,26,39,39,0,9,2
12,21,100,41,21,21,-1,8,0
12,21,70,36,-8,-14,0,8,-2
12,21,50,36,-26,-30,0,8,-1
12,21,60,51,-18,-18,0,1,-4
12,21,60,36,-33,-46,0,2,1
12,21,80,26,-17,-118,0,2,-5
12,21,210,21,-24,-57,0,0,-15
12,21,210,15,-42,-66,0,0,2
12,21,210,57,20,20,0,8,-5
12,21,220,82,83,83,-1,8,-2
12,21,210,67,72,58,0,8,5
12,21,290,36,68,68,0,8,-6
12,21,230,62,62,56,0,7,0
12,21,200,46,61,51,0,7,-3
12,21,240,51,28,24,0,3,-5
12,21,220,154,100,89,1,8,4
12,21,230,72,64,36,0,7,0
12,21,240,62,61,52,0,6,-2
12,21,240,62,22,22,9,6,-1
12,21,190,77,42,36,12,8,2
12,21,220,87,80,49,-1,7,-1
12,21,210,41,4,-12,0,8,-1
12,21,220,93,40,25,0,8,2
12,21,250,67,55,28,-1,6,-7
12,21,230,57,74,74,5,8,13
12,21,210,103,108,94,0,8,1
12,21,290,62,100,71,1,7,-10
12,21,990,15,46,46,4,8,15
12,21,230,72,13,12,0,6,3
12,21,230,77,60,54,8,8,-4
12,21,200,51,44,44,1,8,3
12,21,350,41,29,29,2,8,3
12,21,990,15,-18,-18,0,4,2
12,21,310,36,18,18,4,8,-1
12,21,230,51,26,26,1,8,0
12,21,200,57,24,6,-1,7,2
12,21,210,57,68,68,3,7,0
12,21,210,134,97,87,1,8,-5
12,21,240,62,49,45,0,7,-1
12,21,110,31,15,5,0,1,-13
12,21,190,41,60,48,0,3,8
12,21,210,62,109,101,9,8,-7
12,21,220,72,118,90,0,6,0
12,21,210,93,90,65,0,8,12
12,21,200,57,54,36,0,1,-3
12,21,210,67,62,47,0,2,-3
12,21,210,118,99,75,0,6,-2
12,21,40,41,45,38,0,5,-10
12,21,220,108,113,103,-1,8,5
12,21,230,72,122,101,0,7,1
12,21,230,93,117,91,0,7,1
12,21,260,72,100,96,28,8,-39
12,21,990,15,28,21,0,0,-4
12,21,190,36,2,-14,0,2,-4
12,21,230,36,45,45,0,8,0
12,21,190,62,56,35,0,8,-3
12,21,200,51,65,54,1,8,2
12,21,200,57,57,42,0,7,2
12,21,210,41,19,13,0,3,-6
12,21,360,21,21,16,0,6,3
12,21,50,46,-5,-11,0,1,-3
12,21,60,31,-24,-32,0,2,-3
12,21,240,10,-51,-54,0,0,-1
12,21,220,67,-23,-39,0,1,-1
12,21,210,82,27,18,0,8,7
12,21,230,93,112,109,11,8,2
12,21,210,93,128,104,0,8,1
12,21,210,103,98,82,5,8,-1
12,21,230,108,51,25,0,5,2
12,21,240,51,37,24,-1,7,-9
12,21,130,15,-2,-5,0,1,-2
12,21,70,21,54,50,0,8,2
12,21,80,41,31,14,0,7,-5
12,21,50,62,-2,-32,0,8,-5
12,21,80,46,-44,-74,0,2,0
12,21,90,41,-27,-62,0,8,-1
12,21,990,15,-18,-20,0,7,-8
12,21,50,21,13,-2,0,8,2
12,21,80,26,5,5,0,7,-2
12,21,50,36,-8,-8,0,9,0
12,21,250,5,14,14,0,8,-1
12,21,30,57,14,9,0,8,1
12,21,50,46,-17,-31,0,2,1
12,21,50,72,12,-19,-1,8,-3
12,21,70,62,-20,-36,0,0,1
12,21,80,31,-11,-27,0,1,-5
12,21,200,21,32,23,0,8,1
12,21,240,36,44,44,-1,8,-15
12,21,230,46,43,42,-1,8,-1
12,21,40,21,-1,-12,0,4,-13
12,21,130,21,18,18,-1,8,6
12,21,200,62,102,91,0,7,6
12,21,350,51,30,27,2,8,-9
12,21,80,21,2,-1,0,8,-8
12,21,220,62,6,-12,0,7,-2
12,21,50,46,-14,-28,0,7,-9
12,21,130,15,-61,-70,0,0,8
12,21,70,36,-73,-89,0,0,4
12,21,90,62,-48,-116,0,1,-6
12,21,90,57,-20,-39,-1,8,-1
12,21,100,21,10,10,0,8,4
12,21,210,90,69,57,-1,8,5
12,21,230,60,57,27,0,7,-12
12,21,200,100,76,61,8,8,4
12,21,190,20,55,38,0,7,-3
12,21,20,20,51,51,5,8,-1
12,21,70,40,58,56,0,8,0
12,21,990,10,8,8,0,9,-3
12,21,60,40,-7,-15,0,0,-2
12,21,50,20,-1,-13,0,8,0
12,21,50,30,-3,-11,0,8,0
12,21,990,10,-11,-14,0,8,2
12,21,150,20,9,5,0,8,0
12,21,20,60,17,13,0,7,-8
12,21,200,40,-15,-26,0,0,-2
12,21,210,40,43,37,0,8,1
12,21,120,20,21,15,0,6,-2
12,21,90,10,40,39,0,7,0
12,21,180,40,92,66,0,7,-3
12,21,240,20,87,84,-1,8,-3
12,21,70,50,3,-10,0,8,3
12,21,60,60,-19,-38,0,4,0
12,21,70,80,-15,-106,0,7,1
12,21,50,80,-46,-83,0,4,-2
12,21,60,50,-64,-103,0,0,-5
12,21,50,40,-34,-47,0,0,-5
12,21,140,10,-64,-95,0,3,0
12,21,70,30,-63,-117,0,6,-13
12,21,30,30,-96,-156,0,2,-7
12,21,230,70,-43,-48,3,8,3
12,21,90,30,-53,-61,-1,8,-3
12,21,40,60,-135,-158,0,3,-7
12,21,180,20,14,3,0,6,5
12,21,40,60,10,-23,0,8,-3
12,21,20,50,8,-28,0,8,-3
12,21,40,20,14,-2,0,8,-9
12,21,200,50,6,-8,0,7,-1
12,21,210,80,31,11,1,8,1
12,21,170,50,28,-43,0,6,7
12,21,200,60,79,56,0,7,2
12,21,200,80,85,80,16,8,2
12,21,230,90,115,81,0,7,-2
12,21,230,80,105,85,-1,7,-3
12,21,300,30,55,41,0,1,-5
12,21,240,40,61,53,0,8,-1
12,21,30,60,39,17,0,7,-1
12,21,50,80,-1,-35,0,7,-3
12,21,80,100,-40,-70,0,0,-2
12,21,90,40,29,8,0,8,3
12,21,100,20,50,37,-1,8,0
12,21,150,30,43,41,0,3,2
12,21,340,10,35,35,1,8,-1
12,21,360,30,23,23,4,8,-1
12,21,70,10,25,25,0,8,-1
12,21,190,50,59,51,0,8,1
12,21,210,100,111,104,1,8,1
12,21,250,110,111,67,0,7,-2
12,21,250,70,63,53,2,7,-5
12,21,230,60,63,53,-1,8,-4
12,21,220,90,47,37,4,8,-4
12,21,210,50,39,33,0,8,-10
12,21,190,70,67,31,0,7,5
12,21,210,30,79,75,1,8,-1
12,21,40,40,-29,-42,0,0,-1
12,21,60,30,-21,-38,0,8,-1
12,21,260,10,-8,-27,0,8,-1
12,21,230,40,5,5,3,6,5
12,21,250,40,1,1,0,8,-1
12,21,250,40,-5,-9,0,4,4
12,21,210,20,-12,-13,0,6,8
12,21,190,40,21,6,-1,8,-4
12,21,200,40,35,30,-1,8,-1
12,21,150,20,30,30,0,7,0
12,21,230,50,67,58,0,8,2
12,21,200,80,113,112,5,8,5
12,21,230,50,78,65,0,8,3
12,21,220,70,111,99,0,8,3
12,21,220,70,90,80,0,8,-2
12,21,200,40,52,48,0,1,-6
12,21,180,60,93,-8,0,0,-2
12,21,210,60,75,70,0,8,2
12,21,240,70,56,31,0,7,-2
12,21,300,30,8,-1,0,1,-4
12,21,230,40,21,15,0,8,0
12,21,200,40,33,30,0,8,0
12,21,190,20,17,-7,0,7,0
12,21,200,60,17,6,0,2,1
12,21,200,110,78,60,0,7,-3
12,21,210,140,100,73,-1,8,-2
12,21,210,90,109,73,-1,7,5
12,21,210,70,62,41,0,5,-3
12,21,120,40,43,29,0,0,-1
12,21,150,40,56,31,0,0,0
12,21,80,30,49,17,0,7,3
12,21,230,40,73,64,0,3,0
12,21,220,60,48,21,0,3,6
12,21,260,80,60,-5,0,3,-6
12,21,230,40,22,7,-1,6,1
12,21,200,30,17,14,0,6,1
12,21,220,110,72,60,-1,8,1
12,21,230,90,78,58,4,7,-1
12,21,210,100,95,64,-1,8,3
12,21,210,80,64,34,0,2,-2
12,21,210,60,54,37,0,5,0
12,21,240,90,102,76,-1,8,0
12,21,250,60,55,46,1,8,-3
12,21,200,90,45,29,-1,5,9
12,21,240,30,14,8,0,8,2
12,21,300,20,-18,-23,0,2,-2
12,21,220,60,22,19,0,8,-5
12,21,220,100,60,54,8,8,1
12,21,210,10,19,-1,0,7,-6
12,21,260,30,-5,-6,0,5,-3
12,21,230,40,9,5,0,7,-1
12,21,190,50,-13,-34,0,1,-5
12,21,200,60,32,-59,0,7,-2
12,21,180,50,24,15,0,0,3
12,21,200,110,87,71,12,8,-2
12,21,220,100,46,13,0,7,2
12,21,180,60,40,29,27,8,-2
12,21,70,30,16,5,0,8,0
12,21,260,30,24,22,0,7,-1
12,21,240,40,20,14,0,6,1
12,21,200,70,27,19,-1,8,1
12,21,190,30,41,28,0,8,1
12,21,200,50,119,106,6,8,-1
12,21,100,20,107,85,0,7,1
12,21,180,30,61,37,0,1,-4
12,21,190,40,85,57,0,7,8
12,21,190,60,125,65,0,8,1
12,21,200,50,103,85,0,1,-3
12,21,170,80,130,98,-1,8,3
12,21,200,80,108,64,0,3,-3
12,21,210,70,94,66,-1,6,-5
12,21,230,110,100,59,0,6,4
12,21,210,70,119,106,11,8,5
12,21,190,80,123,75,-1,8,-1
12,21,230,110,100,59,0,2,-5
12,21,220,70,64,51,3,8,-2
12,21,240,50,35,20,0,4,0
12,21,240,30,27,-9,0,7,-2
12,21,180,30,10,-4,0,3,6
12,21,160,20,51,44,1,8,1
12,21,100,50,41,29,0,2,-3
12,21,90,60,12,-23,0,1,-2
12,21,90,30,-17,-45,0,1,-8
12,21,990,10,-32,-57,0,0,-5
12,21,200,30,26,-31,0,2,-21
12,21,40,30,20,7,0,8,-6
12,21,50,50,-8,-24,0,8,-1
12,21,50,30,-8,-12,0,8,0
12,21,990,10,-1,-4,2,8,1
12,21,200,50,-1,-16,0,0,3
12,21,230,50,2,-8,0,3,-1
12,21,250,40,8,3,0,5,-2
12,21,170,50,7,-24,0,7,2
12,21,290,20,102,96,1,7,-3
12,21,350,10,87,87,0,7,0
12,21,180,30,94,80,-1,8,-1
12,21,240,50,75,57,0,4,0
12,21,250,100,112,79,0,7,-5
12,21,990,10,42,30,0,1,-10
12,21,80,20,-3,-3,0,0,1
12,21,60,20,-3,-15,0,1,3
12,21,50,30,-10,-22,0,4,7
12,21,20,10,0,-34,0,0,1
12,21,280,20,26,26,-1,8,-1
12,21,40,30,21,20,0,8,1
12,21,60,50,-22,-60,0,0,-4
12,21,40,40,-48,-76,0,0,1
12,21,50,30,-6,-16,0,8,0
12,21,40,40,-22,-27,0,8,-1
12,21,80,20,-8,-9,0,8,2
12,21,210,20,17,17,1,8,0
12,21,240,60,28,9,0,8,-1
12,21,200,50,-7,-27,0,8,4
12,21,240,80,38,33,18,8,-11
12,21,260,40,-1,-1,10,8,1
12,21,210,50,-64,-73,0,1,1
12,21,230,110,47,39,2,8,1
12,21,250,50,32,23,1,7,-1
12,21,250,40,-7,-7,-1,7,-3
12,21,220,70,39,36,4,8,6
12,21,250,80,43,-11,0,7,-3
12,21,310,60,3,0,2,6,-4
12,21,300,20,-7,-11,0,7,-7
12,21,230,50,-7,-11,0,8,1
12,21,210,40,66,59,6,8,1
12,21,210,40,70,65,12,8,-1
12,21,70,20,64,57,0,8,-3
12,21,160,30,38,22,0,8,12
12,21,40,50,47,37,0,8,0
12,21,40,50,2,-17,0,8,-1
12,21,50,40,-1,-20,0,8,-2
12,21,50,40,-20,-57,0,0,0
12,21,40,30,-59,-93,0,0,-3
12,21,80,80,-44,-94,0,0,-4
12,21,90,70,-48,-88,0,0,-2
12,21,70,20,-33,-59,0,0,-4
12,21,180,20,31,22,-1,8,-2
12,21,100,40,18,5,0,8,3
12,21,190,50,82,64,-1,8,-1
12,21,280,40,53,49,3,8,-4
12,21,30,50,8,-3,0,8,0
12,21,130,10,-12,-33,0,4,4
12,21,80,30,-11,-24,0,1,-12
12,21,230,50,29,27,0,9,6
12,21,100,30,48,46,0,8,0
12,21,280,70,93,81,-1,8,-4
12,21,100,30,78,67,0,7,-8
12,21,190,50,110,88,-1,8,-5
12,21,170,30,87,67,0,6,2
12,21,190,50,101,79,0,1,2
12,21,170,30,111,90,1,8,-1
12,21,240,50,76,57,0,8,1
12,21,240,100,117,112,26,8,5
12,21,240,50,92,85,1,8,-29
12,21,70,30,9,-12,0,8,1
12,21,90,30,81,53,0,8,-2
12,21,210,30,51,43,0,4,1
12,21,20,60,32,31,-1,9,-2
12,21,60,20,48,40,0,8,1
12,21,340,20,32,26,0,8,1
12,21,40,30,-16,-57,0,0,0
12,21,60,40,-23,-51,0,0,0
12,21,160,20,-1,-54,0,0,-8
12,21,110,20,-12,-67,0,0,-6
12,21,220,70,10,-24,0,8,-11
12,21,220,70,51,47,4,8,3
12,21,200,60,80,65,-1,8,6
12,21,250,80,109,105,49,8,1
12,21,250,60,56,40,0,2,-5
12,21,260,40,21,10,0,4,1
12,21,230,40,50,40,0,8,-2
12,21,180,10,9,-15,0,0,-3
12,21,140,30,20,-3,0,0,-4
12,21,220,20,60,53,-1,8,2
12,21,230,120,105,76,4,8,-8
12,21,250,70,45,20,0,8,1
12,21,260,30,-9,-14,0,0,-1
12,21,190,50,17,12,-1,8,0
12,21,200,50,38,27,0,8,3
12,21,220,70,71,60,-1,8,-2
12,21,200,90,74,48,0,6,9
12,21,190,70,60,29,0,8,2
12,21,220,70,30,10,0,8,0
12,21,210,10,7,-3,0,1,-6
12,21,190,10,3,-7,0,8,3
12,21,90,30,-7,-9,0,9,-2
12,21,280,20,27,22,0,8,-1
12,21,80,20,9,2,0,7,-1
12,21,180,10,3,-4,0,1,-19
12,21,200,20,31,14,0,8,0
12,21,210,30,53,46,0,8,0
12,21,200,40,29,27,0,9,-2
12,21,90,10,57,43,0,8,1
12,21,50,30,20,10,0,0,-4
12,21,190,10,-23,-31,0,0,-16
12,21,250,20,-4,-6,0,9,0
12,21,70,30,11,-2,0,8,-1
12,21,100,30,-18,-29,0,8,-4
12,21,110,20,-49,-56,0,0,0
12,21,200,30,15,-21,0,0,-16
12,21,210,60,45,18,0,7,1
12,21,230,60,66,53,-1,8,1
12,21,290,60,36,30,5,8,7
12,21,230,70,39,25,0,7,-2
12,21,30,30,-9,-28,0,0,-4
12,21,110,40,-26,-47,0,0,-7
12,21,210,40,-6,-33,0,8,2
12,21,200,60,24,18,2,8,-2
12,21,230,90,91,71,0,8,-2
12,21,200,90,85,69,1,8,12
12,21,160,30,29,17,-1,8,3
12,21,350,10,-2,-6,0,9,-3
12,21,190,30,-37,-43,0,0,14
12,21,230,50,24,9,0,8,1
12,21,190,40,32,22,0,8,0
12,21,220,60,69,53,0,8,-1
12,21,260,50,88,83,-1,8,1
12,21,130,30,14,-28,0,0,-17
12,21,160,70,68,36,0,7,-3
12,21,210,80,80,62,9,8,-2
12,21,230,60,76,55,0,8,-6
12,21,220,60,63,41,-1,8,-3
12,21,220,40,46,38,0,8,0
12,21,220,40,53,38,0,8,2
12,21,30,30,7,3,0,1,16
12,21,10,10,-4,-8,0,2,-5
12,21,50,20,-16,-23,0,0,-8
12,21,230,20,-7,-17,0,5,13
12,21,30,50,44,36,0,7,4
12,21,240,20,43,29,0,8,4
12,21,310,30,51,41,0,8,-4
12,21,250,40,71,57,0,8,-2
12,21,300,40,27,9,0,7,-2
12,21,260,30,-2,-9,0,5,2
12,21,220,60,6,-13,0,8,0
12,21,240,30,37,35,0,8,1
12,21,240,40,30,22,0,8,1
12,21,220,60,47,19,0,8,-2
12,21,240,30,67,62,0,8,-3
12,21,230,50,59,42,0,8,1
12,21,280,20,60,57,0,8,1
12,21,300,10,18,4,0,8,-9
12,21,20,60,-11,-17,0,5,-3
12,21,40,70,-19,-23,-1,7,-3
12,21,290,10,-47,-60,0,8,-3
12,21,220,50,-10,-26,0,8,2
12,21,190,80,-5,-23,10,8,6
12,21,210,70,52,26,0,8,1
12,21,190,70,91,46,0,8,2
12,21,230,60,108,83,-1,8,-7
12,21,220,110,94,54,0,8,-7
12,21,200,80,107,100,14,8,16
12,21,250,50,107,92,6,8,7
12,21,210,80,82,52,0,8,-6
12,21,210,110,102,74,0,8,3
12,21,220,90,73,52,1,8,-3
12,21,240,30,55,42,0,8,-2
12,21,200,70,33,15,0,0,10
12,21,210,80,71,59,12,8,1
12,21,210,100,69,38,0,8,2
12,21,210,80,84,55,0,7,0
12,21,210,70,70,50,0,3,-6
12,21,200,80,72,-11,0,0,-9
12,21,250,20,44,40,0,2,2
12,21,230,30,38,34,-1,8,-5
12,21,40,20,28,21,0,8,0
12,21,40,10,23,22,0,9,-2
12,21,220,20,31,25,0,8,2
12,21,50,30,59,56,0,8,-7
12,21,60,40,40,24,0,8,-7
12,21,60,50,22,15,0,8,-2
12,21,60,40,5,5,0,9,-2
12,21,100,50,13,12,0,8,1
12,21,230,30,1,-2,0,8,-1
12,21,210,60,0,-16,0,8,2
12,21,200,40,31,29,1,8,1
12,21,200,70,75,-7,0,8,-1
12,21,220,150,106,86,1,8,12
12,21,210,110,113,88,-1,8,-1
12,21,200,120,76,44,0,8,-4
12,21,230,100,100,57,0,8,-17
12,21,240,50,53,43,15,7,-1
12,21,220,80,83,79,2,8,9
12,21,230,80,111,86,-1,8,-2
12,21,220,100,122,115,-1,8,3
12,21,240,50,61,36,0,6,1
12,21,200,130,63,34,0,8,8
12,21,180,70,66,47,3,8,0
12,21,300,20,56,52,0,8,4
12,21,300,10,25,17,0,0,-4
12,21,30,40,37,26,0,8,-2
12,21,40,20,-1,-2,0,0,-8
12,21,40,40,4,-21,0,8,3
12,21,110,50,1,-49,0,2,-12
12,21,50,40,-21,-34,0,8,-4
12,21,50,20,-20,-43,0,0,-15
12,21,40,30,-41,-44,0,0,-3
12,21,70,30,-16,-26,0,0,-4
12,21,50,10,-35,-35,0,9,0
12,21,140,10,-54,-55,0,0,6
12,21,200,40,5,-34,0,8,8
12,21,180,10,20,20,0,9,2
12,21,200,70,20,-5,0,0,-1
12,21,210,60,38,-11,0,4,-2
12,21,200,50,29,29,0,8,-2
12,21,190,60,59,46,0,8,3
12,21,200,70,38,25,0,0,0
12,21,220,80,49,27,0,3,3
12,21,260,20,47,35,0,8,-2
12,21,180,10,40,39,0,8,2
12,21,270,10,45,39,0,8,-4
12,21,190,90,28,12,2,8,-7
12,21,210,50,4,3,-1,7,1
12,21,200,70,53,42,0,7,0
12,21,240,30,47,46,7,8,4
12,21,270,20,50,43,0,8,-3
12,21,200,40,21,15,0,0,-7
12,21,140,20,-10,-13,0,7,14
12,21,270,30,23,20,0,7,-2
12,21,190,40,18,12,0,7,4
12,21,200,40,2,-11,0,5,8
12,21,160,50,-9,-29,0,0,-4
12,21,110,40,-15,-34,0,0,24
12,21,80,60,28,5,0,0,-3
12,21,40,30,14,13,0,8,0
12,21,990,10,-3,-3,0,9,-7
12,21,230,30,30,30,0,9,-1
12,21,200,50,50,46,0,8,9
12,21,220,70,50,25,0,8,5
12,21,320,20,71,68,2,8,-2
12,21,240,70,89,64,0,8,-3
12,21,270,20,70,68,0,8,-3
12,21,180,10,58,57,0,8,-2
12,21,330,30,54,52,0,8,-3
12,21,50,50,4,-10,0,1,5
12,21,50,60,-18,-44,0,0,-5
12,21,80,60,-28,-56,0,0,0
12,21,40,40,-39,-53,0,0,-3
12,21,130,20,-30,-58,0,0,-9
12,21,100,10,-44,-52,0,0,-13
12,21,320,20,-35,-38,0,0,-6
12,21,100,20,34,27,0,8,11
12,21,170,60,68,44,1,8,2
12,21,220,80,64,37,-1,8,-11
12,21,200,70,41,20,0,1,-4
12,21,190,40,89,77,9,8,4
12,21,210,70,77,55,0,0,-7
12,21,170,40,84,58,0,8,2
12,21,210,50,55,43,0,2,-6
12,21,200,50,90,82,0,8,3
12,21,280,30,75,63,3,8,2
12,21,10,30,39,26,0,7,-3
12,21,20,60,27,-1,0,8,-4
12,21,40,50,-12,-39,0,0,-4
12,21,40,20,-55,-67,0,0,11
12,21,40,20,-27,-52,0,8,-1
12,21,180,30,-23,-33,-1,8,-8
12,21,120,40,-16,-62,0,8,-2
12,21,330,50,-33,-44,-1,8,2
12,21,210,50,-109,-142,0,0,3
12,21,210,70,-31,-63,0,0,-3
12,21,90,20,5,-18,0,8,21
12,21,200,30,9,-4,0,8,-1
12,21,130,30,-8,-27,0,0,0
12,21,70,50,19,7,0,8,4
12,21,230,70,30,8,0,8,-6
12,21,200,90,23,-2,0,0,-1
12,21,220,50,39,18,0,8,-4
12,21,110,30,25,13,0,8,-18
12,21,90,20,29,25,27,8,4
12,21,20,30,15,11,1,8,-1
12,21,360,20,-8,-10,2,8,-1
12,21,60,60,-70,-96,-1,8,-2
12,21,50,30,-66,-74,-1,8,-1
12,21,210,50,-62,-70,0,1,3
12,21,200,100,14,-16,-1,8,5
12,21,230,20,5,5,0,9,-2
12,21,60,30,-31,-34,0,8,-3
12,21,40,40,-15,-16,-1,8,2
12,21,290,20,-28,-30,0,1,-6
12,21,240,50,18,6,0,8,0
12,21,240,60,39,34,0,8,-1
12,21,260,30,55,49,0,8,-3
12,21,30,60,-10,-51,0,8,-3
12,21,250,50,-22,-31,1,8,3
12,21,330,20,-22,-56,0,8,1
12,21,320,10,-45,-49,0,0,5
12,21,30,20,-12,-14,1,8,0
12,21,200,50,-59,-65,0,0,-1
12,21,120,40,-18,-34,-1,8,0
12,21,350,50,-22,-23,2,8,-5
12,21,130,20,-69,-74,0,1,2
12,21,80,40,11,10,0,6,-3
12,21,360,30,-16,-16,-1,9,-1
12,21,20,80,-13,-15,6,8,-3
12,21,20,80,-35,-52,0,8,-3
12,21,190,50,-58,-65,-1,8,2
12,21,230,50,1,1,0,9,-1
12,21,140,20,4,-48,0,8,5
12,21,170,30,24,-2,0,8,-8
12,21,120,10,22,13,0,8,-12
12,21,130,20,-21,-22,0,8,-6
12,21,220,30,5,5,1,9,1
12,21,200,90,109,95,2,8,6
12,21,200,70,40,21,0,7,7
12,21,230,70,82,65,0,8,-9
12,21,230,20,70,62,5,8,-3
12,21,220,70,36,16,0,7,-4
12,21,220,70,44,16,0,8,0
12,21,250,50,50,8,0,8,7
12,21,220,120,96,74,3,8,5
12,21,230,70,47,16,0,8,2
12,21,220,50,4,-21,0,0,0
12,21,200,60,55,22,0,8,6
12,21,200,90,57,27,0,2,1
12,21,210,90,66,27,0,8,-4
12,21,210,90,47,18,0,8,0
12,21,220,80,52,30,4,8,2
12,21,240,40,4,1,5,8,3
12,21,240,50,21,13,7,8,-16
12,21,230,50,9,-10,0,8,-2
12,21,200,90,11,-3,2,8,-3
12,21,250,30,36,28,5,8,2
12,21,210,30,48,46,0,9,1
12,21,240,40,90,86,0,8,0
12,21,200,70,72,53,0,8,0
12,21,220,70,48,26,0,8,-2
12,21,220,90,88,65,0,8,-3
12,21,220,60,91,84,0,8,-1
12,21,200,30,65,40,0,8,1
12,21,230,80,57,44,1,8,2
12,21,250,90,72,47,1,8,-25
12,21,200,50,27,6,0,8,2
12,21,230,70,102,99,2,8,1
12,21,230,80,17,5,-1,8,2
12,21,240,40,21,14,0,8,-3
12,21,250,30,55,49,0,5,-9
12,21,260,20,24,21,16,8,6
12,21,260,30,8,5,-1,8,2
12,21,200,70,1,-21,0,8,1
12,21,30,20,-2,-7,0,8,-3
12,21,220,60,-23,-40,0,1,-6
12,21,240,50,36,25,0,2,-2
12,21,340,40,8,-17,0,8,-7
12,21,220,30,-20,-35,0,8,4
12,21,180,30,-29,-54,0,1,-1
12,21,180,40,22,7,-1,8,6
12,21,200,70,95,82,14,8,5
12,21,190,60,82,62,0,8,0
12,21,190,40,61,53,-1,8,-1
12,21,230,50,63,54,0,8,-10
12,21,230,20,54,51,0,8,0
12,21,110,30,28,1,0,3,-6
12,21,100,30,32,29,6,8,2
12,21,230,50,75,68,0,8,-3
12,21,200,70,81,78,31,8,7
12,21,240,40,81,75,2,8,-2
12,21,220,90,123,81,0,8,1
12,21,230,70,83,66,13,8,-4
12,21,210,100,84,63,4,8,-3
12,21,300,30,60,57,-1,8,0
12,21,200,80,84,73,-1,8,2
12,21,220,100,116,60,-1,7,-22
12,21,220,100,75,52,2,8,5
12,21,210,130,97,51,0,8,-7
12,21,280,10,59,53,0,8,-2
12,21,360,10,10,2,0,0,-6
12,21,190,30,-1,-9,0,0,-2
12,21,260,20,46,43,0,1,-6
12,21,280,60,49,-3,0,1,-22
12,21,260,40,28,-26,0,8,-2
12,21,230,50,62,40,0,8,-3
12,21,230,60,71,50,0,8,-7
12,21,210,40,48,34,0,8,-15
12,21,160,20,18,14,0,0,9
12,21,90,30,17,17,0,9,-2
12,21,190,40,1,-24,0,0,-6
12,21,210,60,11,-4,0,0,1
12,21,190,100,48,26,0,8,-1
12,21,210,80,70,-9,0,0,2
12,21,210,60,92,26,0,8,-3
12,21,190,40,62,18,0,8,16
12,21,180,80,89,49,0,8,1
12,21,180,40,40,29,0,0,6
12,21,200,80,42,22,0,0,-1
12,21,210,110,64,-6,-1,8,-4
12,21,240,70,76,43,-1,6,-7
12,21,200,120,113,45,0,8,-2
12,21,170,30,73,69,9,8,-1
12,21,120,30,42,26,0,0,-1
12,21,220,70,50,34,0,1,-7
12,21,200,90,105,92,0,8,5
12,21,220,40,60,49,0,8,2
12,21,210,60,27,17,0,0,0
12,21,200,80,62,18,-1,8,-1
12,21,180,70,68,1,-1,8,-3
12,21,30,40,24,9,0,8,-1
12,21,20,50,9,-9,0,8,-2
12,21,40,40,-14,-27,0,8,-1
12,21,180,20,25,9,0,8,0
12,21,230,40,43,31,-1,8,-2
12,21,300,10,38,34,0,8,-8
12,21,240,40,50,43,-1,8,-7
12,21,250,20,19,16,0,8,0
12,21,200,60,41,20,0,8,-2
12,21,230,70,51,13,0,8,-4
12,21,220,100,66,39,0,8,0
12,21,270,30,66,58,16,8,1
12,21,290,10,17,14,0,8,-2
12,21,190,50,6,-5,0,1,-3
12,21,200,40,43,31,0,8,0
12,21,220,30,44,32,2,7,-10
12,21,220,40,98,95,0,8,0
12,21,230,110,114,101,0,8,3
12,21,220,40,51,25,0,2,-1
12,21,250,40,62,35,0,8,-3
12,21,230,110,74,52,0,8,1
12,21,230,70,109,87,3,8,-2
12,21,210,80,92,57,0,8,-1
12,21,280,40,57,42,-1,8,-1
12,21,250,20,35,27,0,8,-4
12,21,180,50,23,2,0,8,1
12,21,40,80,-3,-33,-1,8,-2
12,21,220,20,-45,-54,0,7,0
12,21,250,20,6,2,0,8,-6
12,21,210,30,16,9,0,8,2
12,21,190,30,12,9,0,0,-3
12,21,240,60,114,89,0,8,-3
12,21,190,40,89,49,0,8,0
12,21,190,50,72,40,0,8,0
12,21,200,70,60,38,0,0,-3
12,21,210,70,68,21,0,8,-3
12,21,200,50,105,74,0,8,0
12,21,170,30,112,72,0,8,-13
12,21,220,50,103,96,8,8,0
12,21,200,50,51,35,0,0,-2
12,21,200,70,34,3,0,8,-1
12,21,240,50,87,81,13,8,-4
12,21,220,110,97,69,0,8,0
12,21,220,20,80,73,0,8,-2
12,21,190,40,60,35,0,2,-2
12,21,180,40,103,74,-1,8,1
12,21,230,60,124,116,1,8,1
12,21,200,50,137,100,0,8,4
12,21,200,50,108,82,0,8,-1
12,21,180,50,123,90,0,4,-3
12,21,200,50,117,79,0,8,3
12,21,230,110,105,87,1,8,1
12,21,210,100,122,63,0,8,0
12,21,190,30,74,52,0,2,4
12,21,250,60,93,83,22,8,-3
12,21,210,90,126,93,0,1,-1
12,21,190,50,97,69,0,3,1
12,21,190,40,82,55,0,3,-3
12,21,150,20,82,36,0,5,-4
12,21,180,30,72,48,0,3,1
12,21,110,30,46,26,0,6,23
12,21,200,50,60,31,0,8,2
12,21,230,20,52,51,0,8,1
12,21,40,40,37,31,0,7,4
12,21,60,40,-8,-22,0,0,2
12,21,100,30,-8,-50,0,0,-3
12,21,130,10,-6,-11,0,2,28
12,21,190,20,23,-1,0,8,3
12,21,190,50,79,15,0,8,-2
12,21,200,50,79,30,-1,8,-1
12,21,200,60,77,50,0,8,-1
12,21,210,50,90,73,0,8,-3
12,21,250,40,73,52,0,8,-2
12,21,190,30,42,24,0,8,0
12,21,220,30,76,63,4,8,-1
12,21,90,10,57,44,0,0,-4
12,21,130,30,48,32,0,8,-3
12,21,100,10,34,22,0,8,0
12,21,270,10,59,50,0,8,0
12,21,300,10,62,62,-1,9,0
12,21,100,20,15,-11,0,0,-8
12,21,200,50,6,-14,0,4,-1
12,21,200,50,48,20,-1,8,2
12,21,240,30,59,47,0,8,1
12,21,200,80,60,28,0,8,1
12,21,230,60,75,49,0,8,3
12,21,220,80,89,83,1,8,1
12,21,230,30,30,1,0,0,-6
12,21,210,40,12,9,0,3,-8
12,21,130,20,-7,-13,0,0,-11
12,21,190,20,-25,-26,0,0,8
12,21,200,40,-10,-25,0,0,-1
12,21,240,40,-28,-31,0,9,6
12,21,360,20,6,4,0,8,-3
12,21,210,20,-10,-19,0,8,-2
12,21,220,40,18,15,0,8,2
12,21,250,30,58,49,0,8,-7
12,21,230,40,58,30,0,8,-1
12,21,210,60,62,24,0,8,-3
12,21,270,40,64,61,6,8,-5
12,21,240,60,10,-19,0,8,-3
12,21,220,60,11,-13,0,8,-2
12,21,260,100,46,16,10,8,-13
12,21,320,60,10,7,9,8,-10
12,21,190,40,5,-5,0,0,-3
12,21,270,50,60,46,34,7,3
12,21,220,30,19,16,2,8,0
12,21,990,10,33,14,0,8,-1
12,21,250,30,24,19,3,8,-1
12,21,200,70,22,-7,0,8,-4
12,21,20,40,37,25,0,8,-2
12,21,230,40,50,44,0,8,2
12,21,240,20,72,72,2,9,0
12,21,210,20,88,88,4,9,0
12,21,250,20,88,85,0,8,-2
12,21,230,60,87,80,0,8,0
12,21,220,70,82,63,0,8,-2
12,21,190,80,33,3,0,8,-2
12,21,170,50,54,24,0,8,7
12,21,260,40,44,36,-1,8,-10
12,21,230,50,13,-9,0,0,2
12,21,230,50,48,32,0,7,2
12,21,230,60,122,95,0,8,-5
12,21,220,70,93,73,1,8,-11
12,21,200,80,95,63,0,8,3
12,21,230,40,128,120,6,8,-2
12,21,230,50,110,98,2,8,2
12,21,160,20,34,21,0,7,-13
12,21,190,50,90,62,1,8,2
12,21,220,70,120,105,0,8,0
12,21,250,60,69,46,-1,8,-6
12,21,240,80,102,81,9,8,0
12,21,270,40,60,43,1,8,0
12,21,240,30,29,22,0,1,-2
12,21,260,10,40,25,0,8,-4
12,21,60,20,2,-9,0,1,-7
12,21,50,40,-14,-40,0,0,14
12,21,90,20,0,-25,0,8,0
12,21,140,40,-4,-54,0,8,5
12,21,200,40,28,21,0,8,10
12,21,190,40,51,42,0,8,7
12,21,160,40,66,2,0,8,6
12,21,190,40,69,48,0,8,-7
12,21,210,70,77,52,0,8,3
12,21,240,60,107,68,0,8,-3
12,21,230,30,73,59,-1,8,5
12,21,300,50,106,103,31,8,-37
12,21,190,20,7,0,0,0,-9
12,21,210,30,-16,-24,0,0,-7
12,21,180,30,-5,-22,0,8,7
12,21,190,20,25,-2,0,8,-5
12,21,230,30,20,6,0,8,-1
12,21,250,40,72,67,0,8,3
12,21,240,30,76,75,1,9,2
12,21,250,30,80,73,0,8,-2
12,21,10,40,10,-4,0,8,-15
12,21,210,20,45,43,1,8,0
12,21,160,20,18,15,0,0,0
12,21,170,10,-15,-17,0,9,3
12,21,200,70,12,-1,0,8,-8
12,21,210,100,73,61,-1,8,2
12,21,210,60,86,54,0,8,2
12,21,240,70,75,36,-1,8,-4
12,21,260,20,38,16,0,6,-1
12,21,190,100,58,-9,0,8,2
12,21,200,50,42,33,0,8,-3
12,21,170,70,44,8,0,8,6
12,21,220,60,55,32,0,8,1
12,21,200,60,59,28,0,8,2
12,21,190,50,51,20,0,8,-4
12,21,130,30,80,68,0,8,2
12,21,250,50,99,91,8,8,-13
12,21,160,50,88,67,0,1,6
12,21,150,60,131,68,0,8,4
12,21,210,70,79,40,0,6,-2
12,21,160,50,82,37,0,8,-2
12,21,240,50,75,56,0,8,-3
12,21,230,40,68,41,0,8,-4
12,21,230,60,87,62,0,8,-1
12,21,250,20,55,44,0,8,-4
12,21,190,40,56,45,-1,8,2
12,21,120,30,54,21,0,8,-3
12,21,130,20,-4,-13,0,8,4
12,21,190,30,34,-56,0,8,-6
12,21,200,60,57,-71,0,0,-9
12,21,80,40,28,28,0,9,1
12,21,20,60,70,62,-1,8,-2
12,21,200,30,51,41,0,8,-1
12,21,160,60,59,17,0,8,-1
12,21,150,30,32,-2,0,8,-14
12,21,80,20,-1,-21,0,8,10
12,21,230,30,23,18,0,8,-3
12,21,100,20,18,3,0,7,-14
12,21,220,10,13,6,0,8,-8
12,21,190,30,6,-10,0,1,-3
12,21,150,20,1,-22,0,8,-6
12,21,170,30,56,41,0,8,2
12,21,230,30,79,74,3,8,-1
12,21,180,60,71,24,0,8,2
12,21,180,40,95,56,-1,8,-2
12,21,190,30,68,63,0,0,-8
12,21,190,50,99,70,0,8,2
12,21,200,40,66,52,0,8,3
12,21,170,40,70,43,0,8,5
12,21,200,40,97,73,0,8,0
12,21,200,40,68,46,0,8,-7
12,21,200,70,102,88,0,8,9
12,21,200,20,110,103,3,8,1
12,21,230,70,109,68,0,6,-16
12,21,310,40,33,18,-1,8,1
12,21,190,20,10,0,0,8,2
12,21,200,90,38,9,0,8,0
12,21,190,60,36,28,6,8,0
12,21,160,20,23,-7,0,0,-8
12,21,210,30,23,9,0,8,-1
12,21,200,50,39,15,0,8,-2
12,21,20,20,21,17,-1,8,1
12,21,20,10,34,30,0,8,0
12,21,70,31,-2,-6,-1,7,-1
12,21,110,5,-4,-10,0,8,3
12,21,260,31,39,26,0,8,2
12,21,10,26,-4,-15,0,1,-1
12,21,240,26,-12,-25,0,6,6
12,21,200,15,20,10,0,8,-1
12,21,990,5,-3,-9,0,7,7
12,21,80,46,-6,-20,0,0,-7
12,21,100,36,-38,-104,0,0,-11
12,21,160,26,9,-41,0,8,0
12,21,220,21,-10,-30,0,0,-3
12,21,210,31,-5,-40,0,0,-1
12,21,190,36,4,-26,0,0,-5
12,21,200,31,2,-44,0,5,3
12,21,150,10,35,34,-1,8,0
12,21,220,57,78,75,28,8,5
12,21,250,41,60,19,0,8,-5
12,21,270,113,81,54,5,8,-18
12,21,280,77,45,1,0,4,2
12,21,270,93,119,93,-1,8,4
12,21,250,67,112,73,0,7,0
12,21,290,82,69,33,-1,1,-4
12,21,260,26,44,35,-1,6,0
12,21,220,41,31,21,0,7,-1
12,21,280,72,76,42,0,7,1
12,21,290,26,56,29,0,7,-3
12,21,200,21,29,25,0,4,5
12,21,240,26,50,44,0,8,0
12,21,120,15,46,40,0,8,0
12,21,190,41,35,28,0,8,-1
12,21,190,62,61,16,0,1,0
12,21,210,87,107,85,2,8,-9
12,21,230,51,64,41,0,8,-1
12,21,220,46,32,20,4,8,-3
12,21,210,36,31,22,0,1,-2
12,21,140,51,32,8,0,8,-3
12,21,200,31,57,51,0,5,-4
12,21,90,21,37,36,-1,8,3
12,21,30,36,31,12,0,8,0
12,21,990,10,34,3,0,8,-2
12,21,240,67,71,65,17,8,8
12,21,260,26,51,23,0,4,4
12,21,240,77,76,67,0,8,5
12,21,230,41,87,58,0,8,-5
12,21,190,57,78,35,0,7,3
12,21,190,26,56,46,0,1,0
12,21,140,46,41,34,0,0,7
12,21,200,93,95,83,7,8,5
12,21,60,57,59,31,0,8,-1
12,21,50,57,29,14,0,8,-2
12,21,40,15,32,17,0,8,1
12,21,20,41,35,29,2,8,0
12,21,30,26,37,33,0,8,0
12,21,80,41,46,34,0,8,-1
12,21,50,31,13,-9,0,8,-3
12,21,70,36,-10,-26,0,7,2
12,21,80,57,-3,-16,0,7,-3
12,21,100,31,-26,-61,0,0,-2
12,21,100,21,-32,-86,0,1,0
12,21,250,10,-60,-78,0,0,-12
12,21,280,21,-57,-62,0,0,-4
12,21,200,51,12,12,0,8,2
12,21,220,46,99,98,-1,8,-4
12,21,210,51,86,67,0,8,-3
12,21,270,26,57,47,0,3,-16
12,21,220,31,53,52,0,1,-6
12,21,210,46,65,59,0,7,2
12,21,240,26,25,13,0,1,-2
12,21,220,108,95,89,10,8,4
12,21,240,41,69,37,0,5,-4
12,21,260,36,57,34,0,6,-7
12,21,240,21,38,37,6,7,0
12,21,160,77,41,40,13,8,4
12,21,230,57,74,59,-1,8,-5
12,21,180,46,0,-13,0,8,4
12,21,210,72,37,27,0,7,0
12,21,280,67,62,21,0,3,-2
12,21,200,26,65,65,11,8,21
12,21,210,87,120,97,0,8,1
12,21,270,62,87,45,0,8,-9
12,21,140,36,30,30,-1,8,1
12,21,230,67,13,4,2,8,1
12,21,250,77,36,21,26,8,3
12,21,190,51,45,36,-1,8,2
12,21,360,62,35,23,6,8,1
12,21,280,21,-25,-30,0,1,15
12,21,350,31,31,13,0,8,-2
12,21,270,5,24,17,1,7,-2
12,21,170,51,20,7,-1,8,1
12,21,220,36,64,52,0,1,-5
12,21,250,72,91,77,47,8,-10
12,21,250,31,45,36,0,6,-7
12,21,130,31,26,19,0,3,-8
12,21,150,21,16,16,0,0,4
12,21,220,41,101,93,0,0,-10
12,21,210,51,114,73,0,6,-4
12,21,180,77,92,68,0,7,8
12,21,200,36,42,30,0,1,-8
12,21,200,57,65,55,-1,6,-3
12,21,200,57,103,100,4,8,-1
12,21,90,5,17,17,0,2,-22
12,21,240,67,129,120,0,8,2
12,21,250,62,129,103,0,7,1
12,21,250,62,128,103,0,7,-3
12,21,20,62,59,53,14,8,0
12,21,10,15,13,13,0,1,-18
12,21,210,26,6,6,0,0,-12
12,21,220,10,-1,-1,0,1,-1
12,21,190,57,60,51,0,7,1
12,21,200,41,63,60,-1,8,5
12,21,200,31,50,46,0,6,-2
12,21,220,26,22,19,0,1,2
12,21,0,0,-26,-26,0,1,-5
12,21,10,31,-11,-11,0,0,10
12,21,40,31,-39,-46,0,0,-4
12,21,200,15,-77,-81,0,4,27
12,21,200,67,-12,-26,0,8,0
12,21,200,98,31,28,0,8,7
12,21,250,46,118,116,9,8,1
12,21,220,72,134,109,-1,7,3
12,21,210,62,80,63,7,4,5
12,21,220,87,62,30,0,5,-4
12,21,250,31,28,22,3,5,-1
12,21,130,26,6,0,0,1,-1
12,21,80,26,44,44,0,8,-5
12,21,60,31,10,-3,0,5,-4
12,21,60,57,1,-38,0,8,-15
12,21,60,36,-45,-68,0,1,0
12,21,80,46,-41,-55,-1,8,0
12,21,170,36,-30,-37,0,3,3
12,21,60,15,10,-11,0,8,-1
12,21,20,31,1,-1,0,8,-14
12,21,70,10,-20,-20,0,8,-1
12,21,0,0,19,19,-1,8,2
12,21,10,31,15,9,0,7,-2
12,21,50,26,-39,-47,0,1,-3
12,21,60,82,15,-23,0,8,-6
12,21,60,41,-24,-35,0,0,-4
12,21,60,36,-19,-30,0,1,-2
12,21,160,15,15,8,-1,8,2
12,21,220,5,15,15,0,8,1
12,21,230,21,44,44,-1,8,-1
12,21,280,5,-32,-32,0,4,-3
12,21,90,15,5,5,0,8,1
12,21,190,51,107,96,0,7,3
12,21,10,31,18,15,6,8,-5
12,21,30,15,-42,-43,0,0,-8
12,21,250,46,20,-2,0,5,-3
12,21,30,26,-47,-55,0,0,-1
12,21,50,10,-85,-89,0,0,4
12,21,50,21,-81,-85,0,0,-19
12,21,80,57,-45,-111,0,1,-7
12,21,90,46,-21,-57,0,8,3
12,21,110,21,4,4,-1,8,1
12,21,230,40,79,73,1,7,6
12,21,270,50,66,25,0,4,-1
12,21,210,60,84,76,5,8,-1
12,21,190,30,45,33,0,7,-2
12,21,50,10,45,39,0,8,0
12,21,60,30,59,50,0,8,-1
12,21,70,20,34,31,0,8,1
12,21,70,30,12,6,0,8,1
12,21,120,20,-3,-17,0,8,0
12,21,40,30,-4,-15,0,8,0
12,21,180,20,-10,-13,-1,8,-2
12,21,990,10,1,-2,0,8,-2
12,21,360,30,3,-13,0,0,-11
12,21,220,50,4,-15,0,3,-3
12,21,230,30,67,60,0,8,0
12,21,80,20,30,24,0,8,6
12,21,120,10,28,22,0,8,3
12,21,170,20,91,74,0,7,3
12,21,50,10,79,78,1,8,-8
12,21,80,70,-2,-44,0,8,-2
12,21,70,50,-41,-91,0,0,-1
12,21,70,50,-24,-121,0,2,0
12,21,50,80,-39,-72,0,0,-2
12,21,40,50,-58,-92,0,0,-2
12,21,60,40,-34,-60,0,0,-1
12,21,140,30,-63,-82,0,7,-3
12,21,60,10,-71,-108,0,4,-17
12,21,50,30,-109,-156,0,0,-8
12,21,260,30,-5,-8,-1,8,16
12,21,40,50,-17,-31,-1,8,-11
12,21,60,50,-123,-153,0,0,2
12,21,190,20,23,22,0,5,3
12,21,20,60,11,-4,0,7,0
12,21,360,30,9,0,0,6,-6
12,21,350,10,-25,-25,0,0,4
12,21,210,20,6,-13,0,4,10
12,21,220,50,48,28,-1,8,-1
12,21,170,40,18,-14,0,7,-5
12,21,200,70,85,68,-1,7,-1
12,21,210,60,98,89,-1,8,2
12,21,240,70,122,94,0,7,-1
12,21,220,50,110,86,0,7,-9
12,21,300,30,41,26,0,2,0
12,21,240,20,70,64,-1,8,2
12,21,40,50,38,17,0,5,1
12,21,80,70,-5,-47,0,7,-3
12,21,90,80,-44,-78,0,0,-3
12,21,110,60,16,-18,0,8,2
12,21,120,50,46,34,-1,8,-1
12,21,160,40,77,62,0,7,-5
12,21,360,20,26,26,0,8,-1
12,21,10,30,33,32,0,8,-2
12,21,120,10,23,22,0,8,-1
12,21,190,50,63,60,0,8,1
12,21,220,80,120,106,-1,8,2
12,21,240,80,109,68,0,1,-4
12,21,250,30,60,56,-1,7,6
12,21,250,30,58,51,2,7,-3
12,21,230,50,55,49,9,8,0
12,21,210,30,40,36,0,8,0
12,21,190,60,71,44,0,6,5
12,21,240,30,73,66,0,7,-10
12,21,60,70,-18,-39,0,7,0
12,21,80,30,-17,-36,0,8,-1
12,21,990,10,-12,-29,0,8,0
12,21,270,20,10,5,-1,3,6
12,21,260,30,5,2,1,4,4
12,21,240,30,-1,-1,4,4,0
12,21,140,10,-29,-29,0,4,-20
12,21,170,50,14,12,6,8,0
12,21,200,20,34,34,0,8,-2
12,21,140,30,44,44,0,8,1
12,21,230,30,69,68,-1,8,-3
12,21,220,60,135,135,5,8,-1
12,21,220,30,77,67,0,8,5
12,21,220,50,123,114,0,2,-8
12,21,240,40,104,104,13,8,-3
12,21,210,40,53,53,0,2,1
12,21,200,20,30,-1,0,0,24
12,21,200,50,76,74,0,7,3
12,21,260,40,52,43,0,6,-7
12,21,280,30,4,-5,0,2,-2
12,21,230,30,25,20,0,7,-2
12,21,200,50,45,45,0,8,0
12,21,170,50,43,20,0,7,-19
12,21,200,60,31,20,0,7,5
12,21,200,100,92,86,6,8,1
12,21,220,110,116,97,-1,8,-9
12,21,210,50,102,97,-1,8,0
12,21,210,30,42,33,0,1,-4
12,21,140,40,42,35,0,7,3
12,21,150,30,47,35,0,3,4
12,21,130,50,63,24,0,7,-1
12,21,260,50,75,37,0,3,-6
12,21,220,40,56,26,0,7,3
12,21,270,80,62,-7,0,3,-4
12,21,240,20,21,11,8,6,1
12,21,200,30,13,9,0,3,1
12,21,220,80,85,75,-1,8,2
12,21,260,60,73,54,0,5,-2
12,21,210,80,104,71,0,7,2
12,21,210,70,70,25,0,1,-5
12,21,200,50,42,35,0,5,1
12,21,230,60,105,78,0,7,3
12,21,290,50,54,37,-1,6,2
12,21,230,80,69,40,-1,7,-18
12,21,260,40,21,12,1,7,-2
12,21,300,30,-23,-30,0,1,-2
12,21,220,30,23,21,0,7,-2
12,21,240,20,55,51,2,7,-8
12,21,220,10,-3,-7,0,4,7
12,21,260,20,-13,-13,-1,1,-4
12,21,230,20,12,7,0,7,2
12,21,160,50,-5,-14,0,4,-4
12,21,170,80,20,-14,6,8,0
12,21,190,80,47,34,0,7,0
12,21,190,120,93,80,21,8,1
12,21,220,60,54,17,0,2,-1
12,21,220,40,32,24,42,8,-4
12,21,80,30,14,11,0,7,4
12,21,260,30,18,14,0,3,-5
12,21,350,30,16,12,0,3,1
12,21,200,60,30,24,1,8,2
12,21,160,30,45,43,0,8,1
12,21,180,60,119,106,-1,8,0
12,21,150,20,102,93,0,8,-6
12,21,160,40,51,38,0,1,-5
12,21,180,60,76,53,0,4,-4
12,21,170,60,118,72,-1,7,2
12,21,200,40,91,77,0,1,-17
12,21,130,50,109,97,6,8,0
12,21,180,70,105,68,0,1,-3
12,21,200,50,85,57,0,2,1
12,21,250,70,108,64,0,6,1
12,21,210,80,130,116,3,8,1
12,21,190,90,119,88,-1,7,0
12,21,240,80,106,57,0,7,-2
12,21,220,40,62,48,0,2,-1
12,21,270,50,40,7,0,1,-1
12,21,230,20,10,-5,0,3,-15
12,21,170,20,9,-1,0,7,6
12,21,110,20,42,41,-1,8,1
12,21,110,50,46,33,0,8,1
12,21,120,50,16,-27,0,2,-3
12,21,110,40,-12,-43,0,2,-4
12,21,140,10,-41,-53,0,1,-2
12,21,40,20,-26,-37,0,1,-6
12,21,60,30,9,0,-1,8,0
12,21,60,60,-20,-48,0,7,-3
12,21,50,40,-18,-33,0,8,3
12,21,320,30,-7,-9,-1,8,0
12,21,220,30,1,-33,0,3,-2
12,21,220,40,1,0,9,8,-1
12,21,260,30,13,7,0,3,-9
12,21,150,50,7,-15,0,7,2
12,21,220,20,79,71,0,2,1
12,21,60,20,79,78,0,8,-2
12,21,170,30,95,91,0,7,-1
12,21,250,30,78,52,0,7,7
12,21,260,80,105,58,0,7,-11
12,21,0,0,-1,-6,0,0,-9
12,21,90,20,-6,-8,0,9,-2
12,21,990,10,-6,-12,0,4,-3
12,21,60,20,-20,-30,0,1,-5
12,21,990,10,-29,-40,0,1,-8
12,21,30,20,51,50,0,8,-3
12,21,40,30,33,23,0,8,-1
12,21,80,70,-11,-58,0,0,-9
12,21,40,30,-55,-81,0,0,2
12,21,50,50,6,-2,0,8,-2
12,21,990,10,-37,-43,0,1,-11
12,21,260,10,13,10,0,8,-1
12,21,990,10,30,29,0,7,18
12,21,250,40,48,24,0,8,-8
12,21,210,40,12,-3,0,7,8
12,21,320,40,38,23,10,8,-10
12,21,10,60,2,-16,0,8,-7
12,21,220,40,-29,-64,0,6,2
12,21,250,60,69,58,5,8,6
12,21,240,20,33,25,0,7,-17
12,21,260,30,4,1,6,7,-1
12,21,240,50,58,53,5,8,4
12,21,280,80,55,3,0,7,-3
12,21,310,60,-3,-10,1,8,-15
12,21,990,10,-41,-47,0,3,7
12,21,240,20,-4,-9,-1,6,5
12,21,190,50,74,68,0,,-3
12,21,200,30,70,67,1,,1
12,21,280,10,48,48,0,,-1
12,21,180,40,51,48,0,,-1
12,21,50,50,51,42,0,,-1
12,21,70,50,6,-14,0,,-1
12,21,80,60,-10,-30,0,,0
12,21,80,60,-16,-67,0,,-4
12,21,80,60,-63,-99,0,,-3
12,21,80,50,-54,-102,0,0,-2
12,21,90,60,-46,-92,0,,1
12,21,120,30,6,-27,0,,-1
12,21,0,0,-2,-15,0,,10
12,21,90,50,23,10,0,,-2
12,21,120,50,47,43,5,,9
12,21,320,40,25,22,0,,0
12,21,30,30,12,5,0,,2
12,21,990,10,-31,-38,0,,21
12,21,100,40,-9,-19,0,,-14
12,21,200,30,19,15,0,,1
12,21,120,30,36,36,0,,2
12,21,300,70,75,69,0,,-10
12,21,120,40,73,69,0,,5
12,21,170,30,101,98,4,,0
12,21,160,40,97,92,0,,-3
12,21,190,40,102,84,0,,-11
12,21,180,40,107,101,2,,1
12,21,260,30,83,60,0,,3
12,21,250,50,117,117,41,,3
12,21,40,60,34,32,7,,-3
12,21,110,30,5,-20,0,,-1
12,21,120,30,91,63,0,6,-6
12,21,60,20,50,48,0,6,-12
12,21,40,60,50,50,0,8,0
12,21,70,50,42,36,0,8,-1
12,21,210,20,35,25,0,8,-2
12,21,50,30,-9,-45,0,0,-10
12,21,70,40,-25,-50,0,1,4
12,21,150,10,-14,-36,0,1,-22
12,21,130,10,-27,-68,0,0,-7
12,21,220,30,-14,-32,0,1,2
12,21,260,40,54,51,-1,8,4
12,21,190,70,76,73,2,8,9
12,21,250,60,120,114,18,8,0
12,21,300,60,58,46,6,8,-4
12,21,300,30,36,10,0,8,6
12,21,220,20,49,35,0,5,-1
12,21,190,10,-19,-27,0,0,6
12,21,150,20,12,-3,0,1,-3
12,21,210,20,51,39,0,8,3
12,21,240,70,105,69,0,7,-7
12,21,280,80,54,28,-1,8,-16
12,21,260,20,-1,-7,0,7,-12
12,21,210,20,22,20,0,8,0
12,21,210,60,58,51,0,8,0
12,21,230,50,83,76,1,8,0
12,21,200,80,80,53,0,8,7
12,21,180,50,54,32,0,6,6
12,21,240,40,44,25,0,7,-8
12,21,220,20,20,6,0,8,-8
12,21,360,40,36,29,0,7,0
12,21,120,20,5,-6,0,8,-3
12,21,270,10,31,21,0,8,-9
12,21,990,10,-16,-19,0,1,-5
12,21,220,20,13,9,0,0,-7
12,21,210,20,42,40,0,9,1
12,21,240,20,62,60,0,9,-21
12,21,220,30,49,48,0,9,-2
12,21,170,10,59,56,0,8,0
12,21,40,20,22,11,0,0,-13
12,21,110,20,-6,-11,0,7,-2
12,21,200,30,17,14,0,7,1
12,21,80,40,35,16,0,8,-4
12,21,130,30,-10,-26,0,8,3
12,21,140,20,-19,-30,0,8,0
12,21,190,50,5,3,0,0,7
12,21,210,40,49,38,0,8,2
12,21,240,40,71,62,0,4,-3
12,21,330,90,55,27,1,7,-13
12,21,990,10,42,32,6,8,-7
12,21,300,10,-29,-39,0,0,-12
12,21,150,30,-40,-50,0,0,-10
12,21,200,30,-5,-18,0,8,11
12,21,210,40,46,42,5,8,3
12,21,250,70,106,76,-1,8,-2
12,21,200,80,88,81,26,8,4
12,21,190,30,1,-8,0,0,-4
12,21,320,10,-43,-47,0,0,-11
12,21,190,50,-22,-26,0,7,2
12,21,230,20,30,9,0,2,8
12,21,180,30,38,28,0,8,7
12,21,220,30,87,72,0,8,2
12,21,300,60,85,77,0,8,-10
12,21,140,40,8,-18,0,0,0
12,21,160,60,68,43,0,0,5
12,21,190,70,83,64,0,8,7
12,21,260,30,72,65,0,8,-2
12,21,220,20,64,55,-1,8,-4
12,21,220,30,47,43,0,8,3
12,21,230,20,46,40,0,7,-12
12,21,20,40,45,37,0,8,-1
12,21,40,10,-8,-9,0,9,-8
12,21,220,10,-31,-32,0,8,-1
12,21,210,30,36,15,0,8,1
12,21,360,40,58,39,0,8,-1
12,21,290,30,55,29,0,8,0
12,21,290,30,63,45,0,8,0
12,21,260,40,75,56,0,,0
12,21,290,50,31,4,0,4,-3
12,21,320,30,10,-7,0,1,0
12,21,210,30,5,-12,0,7,3
12,21,260,20,29,24,0,0,-2
12,21,220,30,32,31,0,8,-2
12,21,240,40,60,44,0,8,1
12,21,260,30,75,67,0,8,-1
12,21,240,30,76,52,0,8,0
12,21,280,20,37,34,0,9,-7
12,21,310,20,27,15,0,8,-3
12,21,20,30,-18,-38,0,0,-6
12,21,60,70,-7,-36,-1,8,1
12,21,330,20,-41,-54,0,8,-25
12,21,220,20,0,-7,0,8,-4
12,21,170,70,-2,-4,5,8,4
12,21,210,40,47,30,0,8,-1
12,21,190,70,94,58,0,8,-4
12,21,210,30,97,85,-1,8,-5
12,21,220,60,84,49,0,1,5
12,21,210,70,114,108,21,8,14
12,21,220,60,116,78,0,8,0
12,21,220,50,77,48,0,0,-4
12,21,240,80,101,51,1,8,3
12,21,220,50,75,66,10,8,0
12,21,240,20,45,31,-1,1,-4
12,21,200,80,42,23,0,8,3
12,21,230,30,84,76,11,8,0
12,21,220,70,82,54,1,8,-3
12,21,220,60,102,64,0,8,-4
12,21,220,50,84,56,0,,-3
12,21,220,40,63,18,0,0,-35
12,21,220,20,25,17,0,0,1
12,21,240,20,30,21,0,1,-3
12,21,0,0,7,7,0,9,2
12,21,200,10,-15,-15,0,9,-4
12,21,240,10,36,32,0,8,2
12,21,40,10,61,50,0,8,-1
12,21,80,40,53,17,0,8,-2
12,21,90,50,21,10,0,8,-1
12,21,70,40,25,22,0,8,1
12,21,100,20,53,42,0,8,-7
12,21,190,30,10,-3,0,8,0
12,21,200,30,4,-5,0,8,2
12,21,190,30,37,34,1,7,-1
12,21,180,70,71,7,0,8,-6
12,21,240,100,115,81,9,7,-9
12,21,210,80,117,96,-1,8,10
12,21,220,70,82,58,16,8,2
12,21,240,70,99,56,0,7,-7
12,21,270,10,45,40,7,8,0
12,21,220,60,97,92,0,8,4
12,21,240,70,111,81,0,4,1
12,21,220,60,130,126,5,8,1
12,21,270,50,79,36,0,7,-2
12,21,190,100,63,56,8,8,12
12,21,160,50,67,59,5,8,1
12,21,300,40,71,64,-1,8,0
12,21,300,20,22,7,0,1,-10
12,21,30,20,39,33,0,8,-4
12,21,70,20,23,16,0,8,-6
12,21,50,30,-22,-32,0,0,0
12,21,80,30,5,-34,0,8,-8
12,21,60,40,-19,-37,0,6,-6
12,21,80,60,-5,-31,0,0,-6
12,21,50,30,-34,-43,0,0,3
12,21,60,20,-39,-43,0,8,4
12,21,80,20,-37,-39,-1,9,-3
12,21,100,10,-60,-61,0,9,-3
12,21,190,30,-13,-33,0,0,3
12,21,210,20,23,17,0,8,-14
12,21,190,40,13,3,0,0,3
12,21,200,50,49,-13,0,8,-3
12,21,210,50,33,32,0,9,2
12,21,210,50,69,60,0,8,1
12,21,200,80,51,37,0,8,2
12,21,210,50,51,32,0,2,7
12,21,240,20,45,28,0,7,-7
12,21,130,20,47,45,0,7,4
12,21,250,20,41,38,-1,8,-1
12,21,200,80,26,16,9,8,3
12,21,220,20,11,7,0,0,-2
12,21,210,50,52,45,0,5,6
12,21,250,20,48,44,0,8,-17
12,21,290,30,51,39,-1,7,-6
12,21,220,20,23,22,0,0,-5
12,21,200,20,-1,-2,0,9,-1
12,21,280,20,17,13,0,6,2
12,21,200,30,12,9,0,5,13
12,21,200,30,14,3,0,4,-4
12,21,170,50,-4,-13,0,0,0
12,21,130,60,-2,-26,0,0,-1
12,21,20,30,-9,-18,0,8,2
12,21,60,40,36,16,0,8,0
12,21,200,40,13,9,0,8,-1
12,21,270,20,29,28,0,7,-13
12,21,210,40,74,69,0,8,3
12,21,210,50,58,32,-1,7,6
12,21,260,20,72,66,0,8,-1
12,21,250,50,92,68,0,8,1
12,21,240,10,24,23,0,1,-1
12,21,210,20,60,59,0,8,2
12,21,330,30,60,52,0,8,-13
12,21,70,70,13,-17,0,0,-3
12,21,50,40,-20,-50,0,0,-7
12,21,70,40,-23,-50,0,0,-2
12,21,80,40,-33,-55,0,0,-5
12,21,60,20,-59,-77,0,0,6
12,21,30,20,-57,-66,0,0,4
12,21,10,30,-42,-46,0,8,8
12,21,70,10,-4,-7,0,7,-5
12,21,160,50,62,50,3,8,1
12,21,230,40,56,32,0,8,-6
12,21,210,50,56,30,0,8,-11
12,21,190,40,91,81,3,8,0
12,21,200,40,74,58,0,0,2
12,21,160,40,82,59,0,8,-1
12,21,210,20,60,52,0,8,-8
12,21,190,40,91,88,0,8,1
12,21,330,40,87,61,-1,8,-7
12,21,360,40,52,34,0,7,3
12,21,20,30,17,3,0,8,6
12,21,30,20,-15,-28,0,0,-4
12,21,30,20,-42,-64,0,1,-13
12,21,10,20,-49,-62,0,2,-6
12,21,190,40,-36,-52,0,0,3
12,21,80,30,-18,-22,1,8,-1
12,21,360,40,-40,-53,0,8,6
12,21,190,50,-76,-118,0,8,7
12,21,230,40,-23,-36,-1,7,-1
12,21,120,30,-10,-15,0,8,1
12,21,200,30,-2,-9,0,8,-2
12,21,150,30,-35,-43,0,0,7
12,21,50,30,10,-1,0,8,-2
12,21,240,40,26,8,0,5,-2
12,21,200,50,29,9,0,0,-2
12,21,250,40,47,29,3,8,2
12,21,100,10,-5,-8,0,8,19
12,21,80,40,17,13,12,8,2
12,21,50,40,3,-1,-1,8,-1
12,21,30,50,-4,-16,0,8,2
12,21,70,60,-71,-104,-1,8,1
12,21,90,30,-68,-78,-1,7,-2
12,21,210,30,-56,-70,0,2,-5
12,21,190,80,1,-6,10,8,6
12,21,230,20,14,0,0,8,-6
12,21,40,20,-43,-45,0,8,2
12,21,70,40,-11,-16,0,8,0
12,21,270,20,-24,-30,-1,7,2
12,21,270,50,41,9,0,8,-2
12,21,260,50,58,52,0,8,3
12,21,280,50,65,45,0,8,-4
12,21,30,40,-13,-49,0,0,-10
12,21,290,30,7,-2,-1,8,10
12,21,320,20,-42,-58,0,2,5
12,21,230,10,-34,-43,0,1,14
12,21,310,10,-13,-14,0,7,7
12,21,200,30,-59,-71,0,0,14
12,21,120,40,-33,-48,6,8,0
12,21,360,50,-48,-57,-1,8,-4
12,21,150,20,-92,-93,0,3,-2
12,21,50,20,-4,-7,0,8,-1
12,21,20,50,-24,-34,-1,8,0
12,21,30,70,-10,-18,3,8,0
12,21,10,60,-23,-55,0,8,-3
12,21,220,30,-20,-29,5,8,2
12,21,250,30,13,4,0,8,-2
12,21,150,20,-15,-32,0,8,6
12,21,120,20,10,-13,0,8,-1
12,21,100,20,10,2,0,8,-1
12,21,250,10,-20,-26,0,8,5
12,21,250,20,21,20,0,9,0
12,21,170,50,107,101,9,8,9
12,21,200,40,41,25,0,6,6
12,21,230,30,69,43,0,7,5
12,21,250,20,71,45,0,8,-14
12,21,220,40,34,13,-1,7,3
12,21,220,30,46,19,0,8,-2
12,21,280,100,72,8,0,7,0
12,21,220,100,112,80,1,8,2
12,21,270,40,45,24,1,8,-8
12,21,220,30,20,2,0,1,-2
12,21,180,40,45,35,0,8,1
12,21,190,80,60,34,0,4,3
12,21,220,80,58,18,0,7,-6
12,21,210,80,43,23,0,7,8
12,21,210,50,55,36,0,8,-4
12,21,290,30,38,32,-1,8,0
12,21,250,20,27,22,25,8,3
12,21,230,20,10,7,-1,8,-3
12,21,190,70,16,9,2,8,0
12,21,260,30,47,35,4,8,5
12,21,190,30,58,55,2,8,0
12,21,250,30,93,87,0,8,3
12,21,200,70,79,67,7,8,-1
12,21,210,40,52,31,0,4,8
12,21,230,50,98,84,0,8,4
12,21,230,40,100,95,0,8,2
12,21,190,30,75,53,0,8,-3
12,21,250,50,68,40,0,1,-11
12,21,270,80,65,42,1,7,-4
12,21,200,30,32,16,0,8,6
12,21,220,30,107,101,1,8,1
12,21,220,30,26,22,2,7,2
12,21,240,20,15,11,0,8,8
12,21,230,30,42,35,0,2,1
12,21,250,20,32,28,4,8,-1
12,21,310,50,8,5,6,8,-3
12,21,190,60,4,-11,0,8,2
12,21,60,40,3,0,0,8,-2
12,21,210,30,6,-9,0,8,2
12,21,280,60,50,30,2,5,-1
12,21,330,20,12,-12,0,5,-6
12,21,230,20,5,-22,0,8,-1
12,21,200,30,-9,-34,0,8,-10
12,21,150,30,6,-6,-1,8,1
12,21,190,70,90,83,-1,5,8
12,21,190,50,82,71,-1,8,0
12,21,200,30,67,62,0,8,-15
12,21,220,30,59,55,0,7,-5
12,21,270,20,59,56,0,8,-3
12,21,110,30,30,27,0,1,-3
12,21,120,50,28,25,8,8,0
12,21,230,20,75,72,0,8,1
12,21,210,40,89,86,10,8,8
12,21,220,50,99,93,7,8,-4
12,21,240,50,119,85,0,8,-5
12,21,240,60,95,64,-1,8,-1
12,21,200,90,85,78,18,8,5
12,21,310,40,69,65,-1,8,-18
12,21,200,60,99,94,0,8,2
12,21,240,60,110,75,-1,8,-12
12,21,230,70,90,64,0,7,-4
12,21,210,80,92,82,11,8,-1
12,21,360,30,81,64,0,8,-3
12,21,30,10,13,10,0,1,-4
12,21,0,0,-14,-15,0,9,-3
12,21,240,20,30,21,0,0,-2
12,21,300,80,41,6,0,1,-11
12,21,300,80,39,7,1,8,1
12,21,240,30,71,53,0,8,-1
12,21,250,50,90,67,0,7,1
12,21,220,30,72,54,0,8,-10
12,21,160,10,-7,-10,0,0,8
12,21,120,20,19,19,0,9,0
12,21,190,30,-5,-12,0,0,-6
12,21,190,40,17,6,0,4,8
12,21,190,90,66,42,0,8,3
12,21,200,50,72,23,0,3,3
12,21,200,60,111,52,0,8,1
12,21,130,30,56,40,0,8,-1
12,21,170,70,84,58,0,7,4
12,21,170,30,35,27,0,0,-2
12,21,200,60,49,28,0,0,1
12,21,200,90,64,41,5,8,-1
12,21,230,50,78,45,0,1,-5
12,21,200,120,113,65,1,8,8
12,21,180,50,75,55,0,7,-2
12,21,110,20,19,15,0,0,12
12,21,200,30,22,4,0,1,3
12,21,200,40,89,78,-1,7,-2
12,21,210,30,52,43,0,8,0
12,21,200,40,33,18,0,0,2
12,21,210,60,74,43,0,8,-5
12,21,190,50,69,21,-1,8,-4
12,21,40,30,16,4,0,8,0
12,21,40,40,10,-11,0,8,0
12,21,80,40,-22,-38,0,8,0
12,21,150,10,15,4,0,8,1
12,21,230,30,51,48,4,8,0
12,21,230,10,-11,-13,0,0,-3
12,21,270,40,54,23,-1,1,-12
12,21,220,30,27,21,3,8,4
12,21,210,60,45,16,0,8,-2
12,21,220,30,41,10,0,0,-7
12,21,240,50,75,36,0,8,-8
12,21,280,30,62,27,0,8,-6
12,21,210,30,34,23,0,8,-3
12,21,200,60,23,5,0,8,-1
12,21,210,30,60,56,0,8,2
12,21,210,20,30,27,-1,7,14
12,21,240,30,106,98,0,8,1
12,21,230,60,119,114,2,8,2
12,21,260,50,69,27,0,0,0
12,21,280,50,72,40,0,5,-9
12,21,220,70,89,72,0,8,2
12,21,240,70,118,88,0,8,1
12,21,230,60,106,72,0,8,-3
12,21,240,30,47,16,0,5,-1
12,21,240,30,33,27,1,2,-7
12,21,170,50,31,21,0,8,-1
12,21,40,80,-3,-29,0,8,-4
12,21,240,30,-41,-49,0,8,9
12,21,260,10,0,0,0,8,17
12,21,230,20,23,15,0,7,3
12,21,220,20,18,13,0,0,-18
12,21,240,40,121,87,0,8,2
12,21,200,30,100,58,0,8,0
12,21,180,70,86,49,0,8,-3
12,21,220,50,83,55,0,0,0
12,21,210,60,75,25,0,8,-2
12,21,230,40,119,95,-1,8,-5
12,21,150,30,87,70,0,0,2
12,21,240,40,104,84,-1,1,-10
12,21,200,50,56,45,0,0,0
12,21,210,60,45,13,0,8,2
12,21,260,30,69,56,-1,1,-12
12,21,230,90,117,77,0,8,-5
12,21,130,30,69,66,3,8,0
12,21,200,20,45,40,0,7,3
12,21,140,40,97,78,-1,8,-1
12,21,250,50,126,119,0,8,4
12,21,200,50,137,108,1,8,-1
12,21,200,30,108,82,0,8,1
12,21,160,50,124,102,0,8,-1
12,21,210,50,125,96,-1,8,0
12,21,240,70,117,98,-1,8,3
12,21,210,90,136,84,0,8,-5
12,21,170,40,77,60,0,0,-2
12,21,240,40,100,55,-1,7,-5
12,21,220,60,134,99,0,8,3
12,21,200,60,107,77,0,7,0
12,21,200,50,122,83,0,8,-4
12,21,150,40,80,45,0,6,-8
12,21,170,50,82,64,0,4,-4
12,21,140,50,72,44,0,8,-4
12,21,170,50,59,31,0,2,7
12,21,260,20,76,69,0,8,1
12,21,10,20,9,8,0,0,0
12,21,50,10,-33,-36,0,5,3
12,21,100,30,-28,-56,0,0,-4
12,21,180,10,-27,-29,0,8,-2
12,21,160,20,12,7,0,8,6
12,21,210,40,79,36,0,8,-5
12,21,220,40,94,47,0,8,-1
12,21,200,40,80,63,0,8,-1
12,21,210,40,90,83,0,8,-3
12,21,270,30,83,67,0,8,-11
12,21,150,30,48,30,0,8,4
12,21,210,30,74,73,-1,8,-2
12,21,120,20,57,56,0,6,4
12,21,140,20,45,41,0,8,-4
12,21,170,10,36,29,0,8,5
12,21,200,20,69,65,0,8,-1
12,21,250,10,66,65,0,7,-12
12,21,70,10,24,20,0,1,-5
12,21,160,20,-11,-16,0,7,0
12,21,190,40,50,46,8,8,1
12,21,200,30,53,49,0,4,-5
12,21,200,80,60,37,0,8,10
12,21,250,60,91,57,-1,8,-8
12,21,230,60,115,98,0,8,0
12,21,240,40,38,9,0,0,5
12,21,990,10,28,26,0,7,5
12,21,160,10,-7,-7,0,0,-25
12,21,200,10,-35,-37,0,9,-3
12,21,300,10,-47,-49,0,5,16
12,21,220,40,-9,-9,0,9,-1
12,21,280,10,-37,-40,0,2,0
12,21,190,40,-9,-12,0,8,0
12,21,240,30,43,41,-1,8,-12
12,21,240,20,38,31,0,6,-4
12,21,230,30,71,31,0,8,-2
12,21,200,60,72,30,0,8,-2
12,21,240,40,61,52,0,8,-4
12,21,270,70,33,-33,0,7,-6
12,21,210,40,17,-9,-1,8,-5
12,21,280,60,27,11,-1,8,-1
12,21,350,60,0,-2,2,8,3
12,21,200,40,5,-5,0,4,-1
12,21,260,60,60,39,-1,7,-2
12,21,200,30,15,1,0,0,-7
12,21,360,20,37,25,0,8,-5
12,21,270,50,31,14,1,8,0
12,21,190,80,31,18,3,8,-3
12,21,360,20,43,31,0,5,-1
12,21,250,30,57,41,0,8,0
12,21,250,20,79,73,-1,8,-1
12,21,210,20,91,88,0,8,1
12,21,240,20,88,85,-1,8,0
12,21,240,50,95,79,0,8,-1
12,21,220,50,88,61,0,8,-2
12,21,180,80,51,25,0,7,0
12,21,150,50,49,22,0,8,6
12,21,310,30,40,15,-1,8,-12
12,21,210,30,17,-8,0,2,0
12,21,250,50,66,25,-1,8,2
12,21,240,60,124,94,0,8,-5
12,21,220,50,98,69,0,8,0
12,21,190,80,93,90,1,8,2
12,21,220,40,132,125,4,8,2
12,21,280,50,109,100,2,8,-19
12,21,180,10,10,7,0,7,-4
12,21,170,50,88,82,3,8,1
12,21,220,50,117,108,3,8,0
12,21,240,30,68,41,0,2,-1
12,21,250,70,110,75,0,7,-2
12,21,270,40,63,43,-1,7,-5
12,21,250,20,29,9,0,0,-8
12,21,290,10,39,29,0,7,-17
12,21,80,40,29,11,0,8,-16
12,21,40,40,-8,-17,0,0,6
12,21,90,20,3,-14,0,8,3
12,21,140,60,0,-48,0,8,2
12,21,160,40,29,28,0,9,-2
12,21,200,40,53,51,0,8,-4
12,21,140,50,60,16,0,8,-4
12,21,180,50,67,55,0,8,-4
12,21,210,50,80,71,1,8,1
12,21,250,60,110,74,0,8,-3
12,21,240,40,86,69,0,8,4
12,21,10,40,69,65,6,8,-5
12,21,270,10,48,35,0,8,7
12,21,200,30,4,-8,0,0,-6
12,21,990,10,-5,-11,0,8,7
12,21,210,20,10,-10,0,8,-3
12,21,230,30,33,27,0,8,1
12,21,300,70,94,56,0,7,-13
12,21,270,30,92,89,1,8,1
12,21,250,40,78,71,-1,8,-2
12,21,340,20,11,7,0,8,-7
12,21,240,20,60,56,1,8,2
12,21,190,30,13,8,0,0,-1
12,21,190,10,0,-1,0,9,-5
12,21,210,50,31,27,0,8,-8
12,21,220,60,95,83,6,8,2
12,21,210,50,89,62,0,8,6
12,21,230,60,79,34,0,1,-3
12,21,270,30,50,22,0,4,-4
12,21,190,100,70,20,0,8,3
12,21,190,40,45,39,0,2,3
12,21,160,80,55,19,-1,8,-8
12,21,210,40,67,33,-1,8,-6
12,21,200,40,54,15,0,7,-1
12,21,190,40,50,23,0,8,-5
12,21,100,20,71,68,0,8,1
12,21,270,50,88,80,1,8,-17
12,21,130,30,63,42,0,8,4
12,21,150,40,127,80,0,6,-3
12,21,200,60,84,40,0,0,-3
12,21,130,40,71,45,0,8,-1
12,21,240,30,70,52,0,8,2
12,21,240,30,73,50,0,4,-8
12,21,250,40,96,76,-1,8,1
12,21,220,20,57,54,0,8,-1
12,21,150,40,57,49,8,8,1
12,21,110,20,43,18,0,8,-4
12,21,140,10,0,-3,0,8,2
12,21,180,30,19,-20,0,8,8
12,21,230,30,35,-29,0,0,-7
12,21,100,40,29,26,0,8,2
12,21,360,40,76,61,0,8,-1
12,21,190,30,55,51,-1,8,0
12,21,140,60,52,41,4,8,1
12,21,130,20,18,-5,0,3,-1
12,21,110,30,18,-7,0,2,-5
12,21,270,10,20,17,0,8,5
12,21,160,10,4,0,0,8,-3
12,21,990,10,19,14,0,8,-21
12,21,170,30,31,22,0,8,1
12,21,140,40,1,-9,0,8,2
12,21,120,30,48,46,-1,8,0
12,21,230,20,80,77,0,8,0
12,21,170,60,69,42,-1,8,2
12,21,160,40,99,94,1,8,-1
12,21,200,20,59,56,0,0,-6
12,21,170,50,95,74,0,8,3
12,21,200,40,76,60,0,8,-8
12,21,160,50,84,62,0,8,-3
12,21,190,50,87,72,0,4,-7
12,21,210,40,80,56,0,5,-5
12,21,210,60,117,112,-1,8,5
12,21,100,10,97,94,10,8,4
12,21,230,40,105,84,9,8,-2
12,21,320,40,50,19,0,6,-5
12,21,230,30,12,5,0,1,-2
12,21,200,80,55,37,0,8,-1
12,21,190,40,46,39,-1,8,0
12,21,150,20,34,31,-1,8,-1
12,21,210,20,20,14,0,1,-11
12,21,200,30,36,22,0,7,-4
12,21,280,10,4,1,0,6,7
12,21,60,15,26,25,0,8,-1
12,21,60,41,-3,-6,-1,8,-1
12,21,80,21,-3,-13,0,8,0
12,21,250,26,34,24,0,8,2
12,21,0,0,-13,-19,0,0,-17
12,21,250,15,-34,-41,0,2,-3
12,21,230,10,13,6,0,8,0
12,21,50,10,-10,-18,0,2,-2
12,21,80,36,1,-23,0,0,-5
12,21,80,41,-26,-97,0,0,2
12,21,140,21,5,-36,0,7,3
12,21,190,15,-28,-36,0,0,0
12,21,210,36,0,-34,0,0,0
12,21,150,26,-39,-47,0,0,-1
12,21,190,36,10,-46,0,5,-5
12,21,150,26,40,37,-1,8,0
12,21,220,82,80,72,17,8,0
12,21,250,62,58,21,0,6,-2
12,21,250,93,106,80,-1,8,-25
12,21,270,62,41,1,0,2,-5
12,21,280,82,117,101,0,8,3
12,21,250,77,117,86,0,7,-1
12,21,310,67,81,39,0,5,-10
12,21,270,31,44,38,0,6,-1
12,21,220,46,33,26,0,7,2
12,21,300,82,83,41,0,7,-1
12,21,300,21,60,26,0,7,-1
12,21,210,31,34,33,0,0,0
12,21,240,15,50,44,-1,8,0
12,21,220,10,47,46,0,8,-1
12,21,230,46,38,26,-1,8,-3
12,21,190,57,61,29,0,1,-3
12,21,220,113,109,85,2,7,-2
12,21,220,67,63,49,0,7,-2
12,21,230,57,30,23,25,8,6
12,21,210,46,35,26,0,3,-1
12,21,130,57,31,8,0,8,4
12,21,190,31,61,57,0,1,-18
12,21,10,5,45,45,0,8,1
12,21,40,31,34,21,0,8,0
12,21,160,21,35,11,0,8,-1
12,21,240,103,62,59,6,8,6
12,21,250,36,28,19,0,3,16
12,21,230,72,71,67,-1,8,4
12,21,240,51,84,64,0,8,-4
12,21,180,36,80,49,0,8,6
12,21,170,31,35,34,0,1,-5
12,21,140,46,40,34,0,0,0
12,21,190,67,93,74,1,8,1
12,21,50,41,62,58,0,8,-1
12,21,40,41,27,21,1,8,-1
12,21,30,10,30,26,0,8,-2
12,21,20,36,34,34,1,8,0
12,21,40,15,36,35,0,8,0
12,21,70,36,46,33,0,8,-2
12,21,110,10,4,-12,0,8,0
12,21,60,36,-23,-34,0,8,-2
12,21,70,31,-7,-15,0,5,-1
12,21,90,31,-16,-46,0,1,-4
12,21,80,21,-24,-54,0,1,1
12,21,0,0,-58,-75,0,0,-11
12,21,0,0,-69,-73,0,0,-1
12,21,210,41,17,17,0,8,2
12,21,230,57,91,91,-1,8,-1
12,21,200,46,80,60,0,8,3
12,21,270,31,57,51,0,2,-10
12,21,230,46,58,52,0,3,-6
12,21,200,46,66,57,0,7,0
12,21,230,46,23,11,0,1,-6
12,21,220,129,100,92,5,8,4
12,21,250,67,73,34,0,6,-10
12,21,250,57,53,33,0,4,-1
12,21,240,57,28,27,1,7,0
12,21,170,72,41,35,15,8,6
12,21,230,72,70,55,3,7,1
12,21,180,36,-1,-15,0,7,3
12,21,210,77,36,26,0,8,2
12,21,280,77,60,19,0,3,-7
12,21,190,26,61,61,8,8,12
12,21,210,82,113,96,-1,8,2
12,21,290,67,87,39,0,5,0
12,21,150,36,30,30,-1,8,2
12,21,220,62,12,3,0,3,1
12,21,220,98,64,44,2,8,-25
12,21,190,41,44,31,0,7,2
12,21,360,51,37,24,1,8,-3
12,21,290,21,-10,-21,0,5,-1
12,21,330,31,25,13,-1,8,2
12,21,0,0,21,12,2,8,1
12,21,150,46,19,6,-1,8,4
12,21,220,41,71,60,0,4,-5
12,21,250,93,90,78,99,8,3
12,21,250,46,49,37,-1,7,1
12,21,120,31,23,14,0,1,-4
12,21,150,31,13,13,0,1,1
12,21,220,51,102,97,-1,3,-7
12,21,210,46,110,86,0,6,9
12,21,180,72,89,67,0,7,11
12,21,190,46,48,39,0,1,-1
12,21,210,72,63,54,0,2,-2
12,21,210,77,100,95,2,8,1
12,21,80,15,31,31,0,7,-17
12,21,240,93,121,118,-1,8,3
12,21,250,93,133,107,0,7,-2
12,21,240,72,128,105,0,7,-3
12,21,10,57,63,59,8,8,-2
12,21,300,10,-2,-2,0,1,6
12,21,180,26,-6,-6,0,1,2
12,21,220,26,27,27,0,7,-3
12,21,180,36,55,48,0,7,2
12,21,200,41,62,61,0,8,4
12,21,200,41,56,49,0,7,-6
12,21,230,31,18,18,0,3,3
12,21,300,5,4,4,0,9,-6
12,21,40,15,-14,-15,0,1,-6
12,21,60,26,-26,-33,0,1,0
12,21,0,0,-70,-71,0,3,3
12,21,210,62,-13,-21,0,8,1
12,21,200,87,30,29,0,8,5
12,21,240,62,115,115,12,8,2
12,21,210,72,133,112,-1,8,1
12,21,230,77,100,91,17,8,-3
12,21,230,108,57,34,0,6,-3
12,21,270,51,31,27,1,7,-8
12,21,140,26,-3,-7,0,1,12
12,21,60,26,42,42,-1,8,-4
12,21,70,31,20,1,0,7,-6
12,21,60,62,0,-56,0,8,-9
12,21,70,41,-40,-66,0,1,0
12,21,70,41,-35,-66,0,8,-1
12,21,180,21,-31,-41,0,7,1
12,21,60,21,12,-12,0,8,0
12,21,30,26,10,1,0,7,-5
12,21,990,5,-16,-16,0,8,-3
12,21,310,5,14,14,-1,8,3
12,21,30,41,19,12,0,8,-2
12,21,50,41,-30,-34,0,1,-3
12,21,60,77,14,-20,0,8,2
12,21,60,36,-20,-34,0,0,-3
12,21,70,36,-9,-28,0,0,0
12,21,150,21,14,13,-1,8,1
12,21,290,5,10,10,-1,8,0
12,21,230,31,43,43,-1,8,0
12,21,320,10,-27,-27,0,0,-9
12,21,120,15,7,7,-1,8,1
12,21,200,51,106,95,0,7,1
12,21,350,26,22,19,14,8,-1
12,21,70,10,-13,-19,0,5,-8
12,21,240,46,-1,-8,0,3,0
12,21,40,31,-34,-47,0,0,-9
12,21,50,5,-67,-67,0,0,-17
12,21,60,21,-67,-78,0,0,-7
12,21,80,41,-40,-112,0,2,-2
12,21,110,41,-15,-59,0,8,1
12,21,80,21,7,7,2,8,1
12,21,230,60,74,70,2,8,3
12,21,250,50,61,33,0,6,-16
12,21,190,70,79,71,5,8,0
12,21,180,30,41,34,0,4,0
12,21,10,10,49,46,4,8,1
12,21,70,30,57,53,0,8,0
12,21,70,20,35,32,0,8,-1
12,21,70,30,9,0,0,2,-8
12,21,90,30,-1,-15,0,8,0
12,21,70,20,-4,-14,0,8,-2
12,21,170,20,-11,-12,-1,8,1
12,21,330,10,0,-3,-1,8,0
12,21,10,30,-2,-16,0,2,-16
12,21,220,50,-1,-18,0,2,8
12,21,230,30,58,52,-1,7,-2
12,21,120,20,38,31,0,8,-1
12,21,70,10,32,23,0,8,3
12,21,160,10,82,76,0,8,-6
12,21,50,10,78,78,-1,8,-2
12,21,70,60,-1,-40,0,8,-2
12,21,70,50,-36,-88,0,1,-4
12,21,70,50,-21,-119,0,5,-3
12,21,50,70,-40,-74,0,6,-2
12,21,50,40,-57,-97,0,0,-2
12,21,70,50,-26,-52,0,2,-7
12,21,130,20,-49,-70,0,4,-9
12,21,110,20,-56,-130,0,7,-6
12,21,60,30,-95,-152,0,1,1
12,21,240,30,-20,-23,2,8,7
12,21,50,70,-21,-46,-1,8,-15
12,21,60,50,-124,-151,0,0,-2
12,21,180,30,34,28,0,7,-3
12,21,30,60,16,-15,0,8,-1
12,21,20,40,14,-8,0,6,-5
12,21,0,0,-23,-26,0,0,-10
12,21,210,30,5,-11,0,3,1
12,21,230,70,42,24,1,8,-2
12,21,160,40,9,-18,0,7,4
12,21,190,50,79,62,0,7,5
12,21,210,70,93,87,0,8,3
12,21,240,80,119,93,0,7,2
12,21,220,50,106,84,-1,7,-1
12,21,310,30,57,34,0,1,-6
12,21,260,40,72,65,0,7,-5
12,21,40,60,40,22,0,7,1
12,21,60,70,-4,-48,0,7,-4
12,21,80,60,-44,-78,0,0,-4
12,21,100,60,18,-14,0,8,1
12,21,110,40,42,29,0,7,-1
12,21,140,30,56,52,0,3,-5
12,21,20,10,16,16,0,7,7
12,21,10,30,29,29,-1,8,0
12,21,130,10,26,22,0,8,-1
12,21,190,40,61,60,0,8,0
12,21,210,80,115,109,-1,8,4
12,21,230,100,110,69,0,4,-4
12,21,250,40,57,53,2,7,5
12,21,240,40,53,50,1,7,0
12,21,230,80,50,46,19,8,1
12,21,210,50,41,38,0,8,-1
12,21,190,50,76,38,0,8,4
12,21,210,30,80,80,0,7,-7
12,21,50,60,-14,-39,0,7,-5
12,21,50,30,-16,-38,0,8,0
12,21,990,10,-13,-22,0,8,1
12,21,270,40,11,6,0,5,-2
12,21,290,20,2,2,4,5,0
12,21,260,40,-1,-7,-1,4,3
12,21,230,10,-42,-42,0,0,-8
12,21,150,40,12,5,-1,8,1
12,21,190,30,35,35,0,8,-1
12,21,130,30,36,36,0,8,-4
12,21,240,30,67,63,0,7,-2
12,21,210,70,132,132,4,8,2
12,21,220,40,75,63,0,7,8
12,21,220,70,124,110,0,7,-6
12,21,230,60,96,96,2,8,7
12,21,220,50,48,48,0,1,8
12,21,230,30,44,-3,0,0,-1
12,21,200,50,76,74,0,8,3
12,21,240,60,48,39,0,6,-1
12,21,270,20,3,-3,0,4,7
12,21,230,30,26,19,0,7,-3
12,21,180,30,42,41,0,8,1
12,21,160,40,25,6,0,6,1
12,21,190,60,26,13,0,7,3
12,21,200,100,87,77,-1,8,-1
12,21,210,100,106,95,-1,8,3
12,21,210,70,112,90,-1,8,-5
12,21,210,40,50,45,0,1,-1
12,21,120,40,47,33,0,7,1
12,21,130,30,50,37,0,1,-8
12,21,130,50,59,14,0,7,-1
12,21,240,40,57,38,0,2,6
12,21,220,70,47,23,0,3,5
12,21,260,80,62,3,0,1,-6
12,21,260,50,15,9,12,8,5
12,21,200,40,11,10,0,0,3
12,21,220,100,78,73,2,8,2
12,21,250,80,69,51,0,2,1
12,21,200,80,97,73,1,8,4
12,21,210,70,65,28,0,1,0
12,21,210,50,50,40,0,1,-6
12,21,230,90,102,82,0,7,1
12,21,270,40,55,42,0,5,-3
12,21,220,90,66,48,1,5,-5
12,21,250,30,11,8,0,6,6
12,21,300,30,-21,-28,0,2,-1
12,21,220,40,17,16,0,3,1
12,21,250,40,65,63,12,8,-15
12,21,210,10,-4,-7,0,3,7
12,21,290,40,-12,-15,0,1,-11
12,21,220,20,6,2,0,7,1
12,21,160,30,-16,-21,0,2,1
12,21,160,70,20,-30,1,8,3
12,21,200,70,40,30,0,8,5
12,21,190,110,91,80,27,8,0
12,21,220,80,46,21,0,4,3
12,21,210,20,42,34,19,8,-25
12,21,90,20,26,14,0,7,-5
12,21,260,20,0,-1,0,3,8
12,21,250,40,25,20,10,6,-4
12,21,200,50,30,24,-1,8,1
12,21,200,20,45,41,0,8,1
12,21,180,40,119,110,4,8,0
12,21,130,20,99,87,0,4,-1
12,21,170,40,41,35,0,1,-5
12,21,180,60,84,56,0,4,0
12,21,180,60,126,70,0,8,0
12,21,200,50,98,85,0,1,-10
12,21,130,50,107,95,4,8,2
12,21,180,60,109,69,0,2,-3
12,21,190,60,91,61,-1,6,-4
12,21,240,90,100,70,0,5,3
12,21,200,60,124,115,8,8,1
12,21,190,60,118,87,-1,7,4
12,21,230,120,101,58,0,7,1
12,21,210,50,56,44,0,2,3
12,21,260,50,33,2,0,0,-4
12,21,220,40,-4,-16,0,3,-5
12,21,180,30,14,-1,0,3,-1
12,21,120,20,43,37,0,8,0
12,21,110,50,47,28,0,8,-1
12,21,120,60,19,-33,0,6,-1
12,21,120,40,-7,-53,0,1,-5
12,21,140,30,-39,-61,0,0,-1
12,21,990,10,-18,-27,0,1,-14
12,21,50,40,9,-4,0,8,-1
12,21,50,60,-21,-47,0,6,-3
12,21,40,40,-14,-30,0,8,0
12,21,320,30,-6,-10,1,8,-1
12,21,210,60,2,-19,0,1,-4
12,21,230,60,-1,-8,-1,8,1
12,21,240,30,-18,-25,0,1,13
12,21,150,50,4,-16,0,7,2
12,21,260,20,99,93,0,,-29
12,21,990,10,81,81,0,,1
12,21,160,30,96,92,0,8,-2
12,21,240,40,67,49,0,4,11
12,21,270,90,104,58,0,7,-10
12,21,250,10,2,-1,0,0,-2
12,21,70,20,-3,-3,0,,-9
12,21,60,20,-15,-24,0,,17
12,21,50,20,-26,-36,0,,-2
12,21,250,10,-26,-33,0,1,-4
12,21,360,20,55,55,0,8,-1
12,21,20,40,22,20,0,8,3
12,21,80,70,-14,-63,0,0,-6
12,21,50,40,-45,-75,0,1,-8
12,21,50,50,4,-7,0,,1
12,21,40,20,-28,-30,0,,2
12,21,270,10,9,9,0,,0
12,21,250,20,20,20,0,6,16
12,21,240,60,41,16,0,8,1
12,21,220,50,9,-8,-1,7,1
12,21,330,40,40,31,19,8,-5
12,21,360,70,5,3,1,,-9
12,21,200,40,-56,-69,0,,8
12,21,230,90,56,52,5,,6
12,21,280,30,36,22,-1,,-18
12,21,280,40,3,3,4,,0
12,21,230,70,52,49,3,8,3
12,21,270,90,53,5,0,7,-3
12,21,300,50,-2,-12,0,,-4
12,21,330,20,-18,-18,0,,-13
12,21,240,40,2,2,12,,-2
12,21,180,40,72,66,1,,-2
12,21,190,20,75,70,0,7,-3
12,21,330,10,49,46,0,7,-3
12,21,140,30,43,41,0,7,0
12,21,60,50,52,39,0,8,0
12,21,60,70,6,-19,0,8,-1
12,21,70,60,-7,-31,0,,-2
12,21,70,60,-15,-69,0,,-4
12,21,70,60,-60,-100,0,0,-5
12,21,70,50,-49,-104,0,0,-2
12,21,90,50,-43,-92,0,0,1
12,21,120,20,2,-35,0,8,-4
12,21,110,20,15,-4,0,7,2
12,21,90,40,23,9,0,,0
12,21,130,50,43,38,9,8,6
12,21,310,40,33,30,-1,8,-10
12,21,20,40,0,-7,0,5,6
12,21,990,10,-25,-32,0,5,14
12,21,80,30,-7,-22,0,5,-3
12,21,210,30,21,18,0,8,2
12,21,100,20,40,39,0,,2
12,21,290,70,84,75,0,,-15
12,21,120,40,76,68,0,5,6
12,21,180,30,102,93,1,,1
12,21,170,30,96,88,0,,0
12,21,180,40,96,80,0,,-5
12,21,150,40,106,101,1,8,1
12,21,250,40,81,58,0,,0
12,21,230,50,112,111,32,,9
12,21,40,50,37,33,8,8,-6
12,21,80,30,5,-25,0,,-2
12,21,120,30,93,53,0,7,-4
12,21,50,20,45,38,0,7,8
12,21,20,60,42,42,0,8,1
12,21,50,30,45,39,0,8,-1
12,21,260,20,26,23,0,,0
12,21,40,40,-2,-45,0,,-19
12,21,70,30,-15,-50,0,,-4
12,21,140,20,-23,-47,0,1,2
12,21,110,20,7,-71,0,0,-23
12,21,220,40,-22,-39,0,0,3
12,21,240,60,50,47,-1,8,6
12,21,180,50,76,72,2,8,6
12,21,240,70,117,113,45,,1
12,21,290,60,64,43,6,,-7
12,21,300,30,31,4,0,4,-2
12,21,220,40,50,44,0,7,-2
12,21,160,20,-17,-22,0,,-3
12,21,140,30,19,4,0,0,-6
12,21,200,30,50,38,0,,2
12,21,230,90,106,75,0,,-7
12,21,260,60,52,21,1,,-3
12,21,180,20,-22,-27,0,2,3
12,21,160,20,15,12,0,8,0
12,21,190,50,49,41,0,,1
12,21,220,60,81,73,-1,,-1
12,21,190,90,76,48,0,,3
12,21,180,50,57,29,0,,3
12,21,220,60,37,22,0,,-6
12,21,180,20,13,5,0,7,-4
12,21,340,10,26,12,0,8,5
12,21,100,30,7,-7,0,,-10
12,21,260,20,30,24,0,,0
12,21,990,10,-3,-5,0,,-15
12,21,180,20,2,-1,0,,-2
12,21,230,30,42,39,0,,1
12,21,250,20,71,68,0,,-4
12,21,200,30,42,41,0,,-9
12,21,210,10,57,53,0,,0
12,21,60,30,33,26,0,,-18
12,21,0,0,-26,-30,0,,-17
12,21,170,20,6,5,0,,2
12,21,80,30,29,16,0,,-2
12,21,130,20,-6,-21,0,,-1
12,21,170,30,-16,-31,0,,1
12,21,170,30,-6,-8,0,,3
12,21,210,40,53,34,0,,-1
12,21,230,50,67,61,0,,-8
12,21,330,100,50,33,16,,-4
12,21,310,30,42,33,9,,-9
12,21,270,10,-32,-39,0,,3
12,21,140,30,-35,-49,0,,5
12,21,220,40,3,-19,0,,2
12,21,220,60,40,36,6,,3
12,21,240,80,102,78,0,,-1
12,21,210,70,87,76,39,,9
12,21,180,20,-2,-9,0,,7
12,21,300,10,-45,-49,0,,2
12,21,170,40,-24,-27,0,,1
12,21,240,30,22,10,0,,-9
12,21,200,30,42,33,0,,0
12,21,200,50,77,66,0,,2
12,21,290,50,92,88,0,,-11
12,21,130,50,17,-12,0,,-7
12,21,140,40,61,41,0,,6
12,21,190,50,83,65,0,,3
12,21,250,50,77,68,0,,-6
12,21,190,30,62,55,0,,0
12,21,230,30,49,47,0,,-6
12,21,230,50,44,42,0,,-6
12,21,10,30,43,38,0,,2
12,21,260,10,-13,-13,0,,-9
12,21,290,10,-27,-29,0,,-5
12,21,210,10,27,22,0,,0
12,21,10,50,63,35,0,,-3
12,21,270,20,59,41,0,,-5
12,21,280,20,62,48,0,,-3
12,21,260,50,74,58,0,,-1
12,21,260,30,18,9,-1,,1
12,21,310,30,8,0,0,,-5
12,21,210,40,4,-7,0,,2
12,21,260,30,21,18,0,,-5
12,21,230,40,32,31,0,,-2
12,21,230,60,53,36,0,,2
12,21,260,40,75,68,0,,-3
12,21,230,50,70,52,0,,-1
12,21,280,30,49,49,0,,-9
12,21,300,30,25,13,0,,0
12,21,20,40,-17,-35,0,,-4
12,21,50,60,-9,-30,0,,0
12,21,300,10,-61,-66,0,,-7
12,21,200,30,-4,-11,0,,2
12,21,160,60,-7,-12,7,,6
12,21,200,50,46,36,2,,1
12,21,190,60,100,53,0,8,0
12,21,210,40,97,88,0,8,3
12,21,210,80,88,55,0,6,3
12,21,200,70,110,101,21,8,15
12,21,210,60,111,82,-1,7,0
12,21,210,70,77,52,0,6,-4
12,21,210,100,108,50,0,6,-1
12,21,210,70,74,62,3,8,0
12,21,220,40,54,44,11,8,-14
12,21,190,60,42,25,0,5,4
12,21,210,70,80,72,4,8,0
12,21,210,90,81,49,0,8,1
12,21,220,80,96,63,0,6,0
12,21,210,50,74,52,0,5,-1
12,21,190,40,63,9,0,0,-12
12,21,230,20,20,15,0,0,-3
12,21,220,30,21,15,0,0,1
12,21,50,20,9,7,0,9,0
12,21,240,10,-20,-22,0,9,-1
12,21,280,10,30,27,0,8,0
12,21,30,30,60,54,0,8,0
12,21,70,40,55,24,0,8,-3
12,21,80,40,23,11,0,8,-2
12,21,60,50,21,19,0,7,1
12,21,120,20,31,24,0,8,-1
12,21,180,30,13,-2,0,8,1
12,21,200,30,1,-6,0,8,2
12,21,200,30,35,31,0,8,0
12,21,190,70,78,2,0,8,3
12,21,220,120,112,89,2,5,-7
12,21,200,90,112,97,1,8,11
12,21,200,80,88,46,-1,8,-4
12,21,230,90,93,58,0,7,5
12,21,260,20,48,44,32,8,1
12,21,210,70,91,87,-1,8,5
12,21,240,80,113,88,0,8,-2
12,21,220,90,127,123,2,8,3
12,21,260,60,75,37,0,8,-1
12,21,190,80,58,48,3,8,11
12,21,160,60,69,56,3,8,-2
12,21,310,30,71,61,-1,8,-4
12,21,320,30,26,10,0,3,-6
12,21,20,30,42,31,0,8,-6
12,21,30,20,15,9,0,8,-13
12,21,40,30,-9,-24,0,7,9
12,21,90,30,14,-41,0,8,-3
12,21,50,40,-16,-33,0,8,-4
12,21,70,50,-2,-30,0,0,-2
12,21,40,20,-33,-41,0,0,10
12,21,70,30,-29,-31,-1,9,-4
12,21,60,20,-37,-39,-1,9,-2
12,21,20,10,-48,-49,0,9,-5
12,21,180,10,-14,-18,0,0,-9
12,21,180,10,17,14,0,9,-5
12,21,190,30,22,3,0,4,0
12,21,190,50,44,-11,0,7,3
12,21,200,30,38,36,0,8,-2
12,21,200,60,70,58,0,8,0
12,21,180,60,46,33,0,3,0
12,21,210,60,54,31,0,0,5
12,21,250,30,44,36,-1,8,-13
12,21,140,10,55,53,0,8,-1
12,21,280,10,42,38,-1,8,-2
12,21,190,70,23,12,12,8,4
12,21,220,40,6,0,0,0,1
12,21,190,50,51,42,0,7,4
12,21,230,20,36,33,0,7,5
12,21,280,40,50,37,-1,7,-1
12,21,230,20,13,9,0,0,-4
12,21,990,10,-12,-18,0,6,-5
12,21,270,20,17,13,0,8,-2
12,21,180,30,26,17,0,8,-1
12,21,180,30,8,-4,0,2,5
12,21,170,40,-6,-19,0,0,-4
12,21,130,40,-2,-28,0,0,0
12,21,60,40,29,0,0,8,-18
12,21,60,40,31,15,0,8,1
12,21,180,30,13,1,0,8,-4
12,21,270,20,29,27,0,7,-5
12,21,210,50,71,67,0,8,3
12,21,210,60,55,30,-1,8,3
12,21,260,30,71,62,0,8,-1
12,21,240,60,90,66,0,8,0
12,21,230,20,34,32,0,7,-16
12,21,240,10,48,47,0,8,3
12,21,320,20,49,40,0,6,-6
12,21,60,60,12,-17,0,0,-1
12,21,60,50,-12,-51,0,0,-9
12,21,70,40,-19,-48,0,0,-6
12,21,70,40,-27,-55,0,0,-1
12,21,90,20,-28,-58,0,0,-4
12,21,30,30,-65,-79,0,0,9
12,21,310,30,-50,-51,0,9,2
12,21,30,10,0,-2,0,3,-6
12,21,140,40,64,49,-1,8,-1
12,21,210,50,71,57,0,8,-18
12,21,210,60,58,33,0,7,-9
12,21,190,50,91,82,2,8,-2
12,21,210,50,80,62,0,0,0
12,21,150,40,75,55,0,8,8
12,21,210,30,60,54,0,1,-3
12,21,190,30,92,88,0,8,0
12,21,310,50,88,63,0,8,-3
12,21,10,30,56,40,0,8,0
12,21,10,30,22,7,0,8,4
12,21,50,20,-2,-15,0,5,6
12,21,20,30,-37,-53,0,0,-6
12,21,50,20,-44,-61,0,6,-3
12,21,200,30,-31,-46,0,0,1
12,21,90,40,-7,-39,0,6,-1
12,21,330,40,-35,-44,-1,8,6
12,21,190,50,-85,-132,0,8,9
12,21,220,60,-36,-42,0,1,4
12,21,120,30,-6,-18,0,8,3
12,21,190,30,5,0,0,8,-1
12,21,140,40,-14,-23,0,0,-4
12,21,70,40,16,6,0,8,3
12,21,230,70,26,13,0,8,-5
12,21,190,50,28,8,0,5,-2
12,21,240,70,40,28,1,7,-4
12,21,90,30,34,26,0,8,1
12,21,80,40,20,18,5,8,1
12,21,40,40,4,2,-1,8,0
12,21,20,50,-5,-11,0,8,-1
12,21,70,60,-68,-101,1,8,0
12,21,70,30,-65,-78,-1,6,0
12,21,200,30,-51,-64,0,8,-7
12,21,180,70,1,-8,6,8,6
12,21,210,40,12,4,0,3,-8
12,21,40,20,-43,-47,0,0,-3
12,21,60,40,-11,-23,0,8,2
12,21,280,20,-25,-34,0,7,-14
12,21,270,60,36,10,0,8,-2
12,21,240,50,51,44,2,8,-1
12,21,270,40,61,46,0,8,3
12,21,30,50,-8,-53,0,0,-23
12,21,300,20,1,-14,1,8,5
12,21,320,20,-17,-63,0,5,-3
12,21,260,10,-28,-37,0,7,-7
12,21,320,20,-15,-18,0,8,1
12,21,190,40,-44,-55,0,0,-8
12,21,110,40,-39,-53,1,8,7
12,21,360,40,-38,-45,1,8,-7
12,21,130,30,-72,-78,0,3,-8
12,21,80,20,0,-3,0,8,4
12,21,10,50,-24,-26,0,8,0
12,21,20,80,-10,-16,4,8,-2
12,21,10,70,-26,-57,0,8,-6
12,21,190,40,-31,-49,-1,8,0
12,21,250,50,16,9,0,8,-3
12,21,140,30,-9,-29,0,8,1
12,21,140,20,8,-14,0,8,-1
12,21,90,20,16,-2,0,8,-1
12,21,990,10,-75,-77,0,1,23
12,21,240,30,11,10,0,9,-3
12,21,170,60,106,97,6,8,7
12,21,200,50,48,25,0,1,7
12,21,230,50,72,47,0,7,1
12,21,230,30,69,46,0,8,-4
12,21,250,40,35,14,2,7,-4
12,21,210,40,39,14,0,6,5
12,21,270,80,73,3,0,8,-1
12,21,210,120,112,75,-1,8,4
12,21,250,70,38,19,13,7,-1
12,21,220,40,10,-11,0,0,-2
12,21,160,30,40,28,-1,8,4
12,21,200,70,64,30,0,5,1
12,21,220,100,49,31,13,8,-3
12,21,200,90,41,21,0,5,9
12,21,210,70,56,34,0,8,-1
12,21,260,30,38,30,-1,8,-10
12,21,240,50,16,9,8,8,-1
12,21,240,40,14,5,0,8,-1
12,21,180,50,14,2,2,8,1
12,21,260,40,46,32,-1,7,0
12,21,210,20,54,51,0,8,1
12,21,240,30,93,90,0,8,2
12,21,190,60,74,68,1,8,3
12,21,220,50,47,30,0,2,5
12,21,220,70,91,87,0,8,1
12,21,230,50,98,95,-1,8,0
12,21,180,30,76,50,0,8,-2
12,21,240,60,65,56,2,3,-6
12,21,270,70,64,42,2,8,-5
12,21,190,30,30,19,0,7,0
12,21,230,50,106,103,2,8,0
12,21,240,50,26,23,6,8,0
12,21,230,30,1,-3,0,4,6
12,21,240,40,42,38,0,0,-6
12,21,250,20,32,28,1,8,0
12,21,280,30,9,5,2,8,-2
12,21,190,40,3,-10,0,8,2
12,21,80,40,1,-6,0,8,0
12,21,210,40,-9,-17,0,8,6
12,21,270,60,43,26,10,7,-1
12,21,340,40,19,-24,0,8,-2
12,21,240,40,0,-24,0,8,-4
12,21,190,30,-14,-42,0,7,2
12,21,150,20,9,-6,-1,8,2
12,21,190,60,96,86,0,7,0
12,21,180,40,82,72,0,8,-1
12,21,190,40,71,64,-1,8,-7
12,21,220,40,62,58,-1,8,3
12,21,290,10,52,49,0,8,2
12,21,100,20,31,28,0,5,-4
12,21,120,40,26,23,8,8,0
12,21,220,30,75,72,0,8,3
12,21,180,40,82,78,16,8,12
12,21,220,70,93,86,5,8,-1
12,21,230,80,124,91,0,7,-5
12,21,230,80,90,68,-1,7,1
12,21,210,90,83,73,36,8,3
12,21,290,30,66,62,1,8,0
12,21,190,60,91,88,1,8,2
12,21,240,90,96,83,28,8,5
12,21,220,80,87,61,0,8,-3
12,21,200,80,95,72,2,8,-7
12,21,320,10,69,62,-1,8,4
12,21,30,20,13,4,0,8,16
12,21,30,10,-17,-20,0,9,-8
12,21,250,30,27,20,0,0,-17
12,21,280,60,42,5,1,4,-9
12,21,280,50,34,6,0,8,5
12,21,250,30,66,50,0,8,-2
12,21,240,60,87,63,0,8,-2
12,21,210,30,61,50,0,8,4
12,21,150,10,11,9,0,0,-6
12,21,130,30,36,35,0,9,0
12,21,170,20,-7,-14,0,0,3
12,21,180,40,14,3,0,0,2
12,21,190,60,63,37,0,8,6
12,21,190,60,73,13,0,4,-1
12,21,190,50,98,36,0,8,2
12,21,120,20,56,35,0,8,0
12,21,160,60,84,55,0,7,4
12,21,160,30,30,25,0,0,4
12,21,200,60,55,26,0,0,-9
12,21,200,90,55,30,4,8,0
12,21,230,70,71,50,0,6,-3
12,21,190,110,121,54,-1,8,2
12,21,170,50,72,60,2,7,1
12,21,140,30,38,25,0,0,2
12,21,180,20,28,20,0,1,-1
12,21,220,50,93,86,6,8,-8
12,21,220,30,51,45,0,8,3
12,21,210,40,31,21,0,0,0
12,21,190,60,70,33,0,8,-2
12,21,180,40,71,15,-1,8,5
12,21,60,30,23,-6,0,8,-1
12,21,20,50,7,-18,0,8,1
12,21,70,50,-19,-40,0,8,1
12,21,0,0,19,6,0,8,-1
12,21,230,50,47,42,6,8,2
12,21,240,10,13,9,0,0,-13
12,21,250,40,53,39,2,7,-22
12,21,250,30,19,15,0,7,-3
12,21,190,60,45,27,0,8,-2
12,21,220,50,31,1,0,0,2
12,21,220,70,63,32,0,8,5
12,21,270,30,68,46,-1,8,-12
12,21,210,30,28,14,0,6,-18
12,21,200,50,18,2,0,8,-2
12,21,200,40,56,48,0,8,0
12,21,210,40,29,25,0,2,-2
12,21,230,50,103,97,0,8,2
12,21,240,100,123,107,-1,8,-1
12,21,240,40,43,23,0,0,-1
12,21,240,30,52,34,1,7,9
12,21,230,80,81,67,0,8,2
12,21,240,80,118,88,-1,8,3
12,21,210,80,104,68,0,8,-3
12,21,240,40,42,12,0,1,1
12,21,250,20,19,15,0,6,-4
12,21,160,40,24,13,0,8,1
12,21,40,80,-5,-42,0,8,-1
12,21,220,20,-56,-66,0,4,14
12,21,220,20,0,-3,0,7,-3
12,21,240,30,23,14,0,8,-2
12,21,210,30,12,4,0,0,-6
12,21,230,70,117,92,0,8,0
12,21,200,40,101,55,0,8,-2
12,21,180,50,83,47,0,7,0
12,21,200,60,74,51,0,0,1
12,21,200,60,69,16,0,8,1
12,21,220,60,112,94,-1,8,1
12,21,160,20,88,67,0,5,15
12,21,220,40,106,100,2,8,0
12,21,190,40,53,40,0,0,-1
12,21,200,70,44,14,0,8,-1
12,21,250,30,69,56,5,7,-7
12,21,230,120,110,79,-1,8,0
12,21,120,20,70,67,4,8,-1
12,21,190,20,48,40,0,8,1
12,21,130,30,93,73,0,8,4
12,21,240,60,127,120,0,8,0
12,21,190,50,142,107,-1,8,2
12,21,190,30,111,82,0,8,1
12,21,160,40,123,97,0,8,-3
12,21,200,60,124,91,-1,8,-3
12,21,240,70,111,101,3,8,4
12,21,210,90,133,82,0,8,-2
12,21,170,40,73,58,0,1,-2
12,21,230,70,91,66,3,8,-1
12,21,210,60,128,99,0,8,6
12,21,200,60,108,75,0,1,0
12,21,200,40,120,78,0,8,-11
12,21,130,30,73,40,0,4,-8
12,21,180,40,82,61,0,1,-10
12,21,130,50,70,41,0,8,0
12,21,180,40,59,32,0,3,0
12,21,250,30,75,68,0,8,0
12,21,10,20,29,28,0,8,-6
12,21,70,10,-32,-32,0,0,2
12,21,110,20,4,-43,0,0,-6
12,21,0,0,-33,-34,0,8,8
12,21,140,20,12,5,0,8,-5
12,21,200,40,75,28,0,8,-2
12,21,210,50,81,55,-1,8,7
12,21,200,30,79,62,0,8,-3
12,21,210,50,93,88,0,8,-1
12,21,260,40,78,66,0,8,-2
12,21,170,20,52,40,0,8,-13
12,21,180,20,73,72,1,8,1
12,21,120,20,62,60,0,3,-1
12,21,140,20,50,43,0,8,1
12,21,130,20,46,27,0,8,-4
12,21,230,20,67,66,0,8,-1
12,21,270,10,70,67,0,8,-3
12,21,100,10,30,16,0,8,-7
12,21,180,20,-7,-14,0,4,6
12,21,200,50,44,38,6,8,1
12,21,220,30,42,41,0,6,13
12,21,200,70,60,34,0,8,3
12,21,250,80,89,53,0,8,-8
12,21,230,70,107,100,-1,8,2
12,21,240,50,43,8,0,0,-15
12,21,220,20,-1,-2,0,8,29
12,21,0,0,-35,-36,0,1,-1
12,21,990,10,-57,-63,0,0,-4
12,21,200,20,-31,-31,0,1,-11
12,21,210,40,-10,-10,0,9,-6
12,21,230,10,-40,-44,0,7,9
12,21,190,40,-12,-16,0,8,1
12,21,240,40,35,31,-1,7,0
12,21,220,30,19,15,0,7,-8
12,21,230,50,65,32,0,8,-1
12,21,200,50,70,30,0,8,-1
12,21,260,40,57,50,0,8,3
12,21,290,10,15,0,-1,8,12
12,21,210,60,14,-11,0,8,-1
12,21,270,80,35,13,1,8,-6
12,21,350,50,2,-3,5,8,3
12,21,190,40,7,-2,0,1,-2
12,21,240,70,65,50,21,8,-8
12,21,210,40,16,5,0,0,-3
12,21,320,10,34,23,0,8,-2
12,21,270,40,27,16,0,8,-2
12,21,190,60,26,14,2,8,-3
12,21,60,20,50,36,0,8,-3
12,21,230,40,56,42,0,8,-1
12,21,240,30,80,77,-1,8,-1
12,21,190,20,92,89,0,9,0
12,21,250,30,90,87,0,8,-2
12,21,240,60,94,79,0,8,1
12,21,230,70,88,59,0,8,-5
12,21,190,60,51,20,0,8,-4
12,21,160,40,48,21,0,8,7
12,21,320,50,41,21,-1,8,-2
12,21,220,50,15,-3,0,1,-2
12,21,240,60,58,30,-1,8,0
12,21,240,70,122,93,0,8,1
12,21,220,90,98,76,0,8,-5
12,21,190,60,96,78,0,8,4
12,21,230,60,130,119,1,8,0
12,21,270,50,114,98,-1,8,-14
12,21,170,10,13,12,0,8,-1
12,21,160,40,88,64,0,8,2
12,21,240,90,120,102,-1,8,1
12,21,230,80,70,48,-1,6,-5
12,21,240,90,104,84,-1,7,4
12,21,260,40,60,46,2,8,2
12,21,240,30,13,3,0,6,5
12,21,290,10,34,24,0,8,-9
12,21,70,30,23,3,0,2,-8
12,21,50,40,2,-12,0,6,9
12,21,70,20,10,-17,0,8,0
12,21,130,60,1,-49,0,8,1
12,21,180,30,24,22,0,9,2
12,21,200,40,52,46,0,8,1
12,21,140,40,58,14,0,8,0
12,21,180,30,63,49,0,8,-2
12,21,200,60,78,68,4,8,2
12,21,240,90,111,67,0,8,-7
12,21,240,40,81,62,0,8,0
12,21,20,50,68,63,14,8,-2
12,21,180,10,27,21,0,8,8
12,21,210,30,-12,-20,0,1,-1
12,21,0,0,-3,-14,0,8,0
12,21,170,10,19,-9,0,8,-13
12,21,220,30,24,19,0,8,2
12,21,310,60,95,52,0,8,-8
12,21,260,40,89,87,-1,8,1
12,21,260,40,82,66,0,8,-6
12,21,90,10,9,-2,0,8,0
12,21,260,20,54,50,0,8,4
12,21,180,20,16,14,0,9,-7
12,21,280,10,8,6,0,9,-4
12,21,200,60,29,21,0,8,-8
12,21,220,100,87,72,-1,8,3
12,21,210,50,86,59,0,8,4
12,21,230,80,74,35,0,5,-10
12,21,290,30,44,14,0,0,5
12,21,190,90,65,2,0,8,3
12,21,190,40,44,38,0,8,-3
12,21,150,70,52,10,0,8,-3
12,21,220,60,56,37,-1,7,3
12,21,200,40,52,14,0,8,2
12,21,190,40,54,17,0,8,-3
12,21,120,20,77,68,0,8,-3
12,21,250,60,97,83,3,8,-8
12,21,130,40,68,44,0,7,0
12,21,130,40,124,75,0,8,-8
12,21,190,50,83,43,0,1,-8
12,21,130,40,75,38,0,8,-2
12,21,240,40,65,55,0,8,6
12,21,220,50,68,47,0,8,-11
12,21,240,50,95,71,-1,8,-1
12,21,240,20,55,50,0,8,5
12,21,140,30,55,44,1,8,0
12,21,80,20,52,17,0,8,-4
12,21,140,20,2,-5,0,8,2
12,21,170,20,10,-10,0,8,-5
12,21,230,40,41,-45,0,0,-8
12,21,100,30,31,24,0,8,-4
12,21,360,40,73,56,0,8,0
12,21,190,20,48,45,0,8,4
12,21,130,50,53,35,4,8,-2
12,21,130,20,24,-1,0,3,-1
12,21,100,10,21,-6,0,1,-21
12,21,260,10,24,22,0,8,2
12,21,130,20,6,3,0,8,-1
12,21,230,10,16,15,0,7,-6
12,21,170,30,30,17,0,8,-1
12,21,130,30,-3,-9,0,8,0
12,21,120,30,43,40,6,8,3
12,21,230,30,78,75,-1,8,-1
12,21,170,50,68,39,-1,8,4
12,21,170,40,97,92,2,8,-2
12,21,180,20,45,45,0,0,7
12,21,170,40,88,72,0,8,1
12,21,190,40,72,59,0,8,-1
12,21,150,40,68,55,0,8,-4
12,21,180,40,88,75,0,8,-11
12,21,200,50,70,51,0,,-10
12,21,200,70,110,106,-1,8,6
12,21,80,10,103,100,4,8,0
12,21,230,60,104,82,1,7,-2
12,21,300,30,31,14,0,7,5
12,21,250,20,3,-2,0,7,2
12,21,190,90,47,31,-1,8,2
12,21,200,40,46,38,3,8,-1
12,21,160,30,34,28,1,8,-1
12,21,210,30,5,1,0,8,0
12,21,180,30,34,20,0,8,-1
12,21,310,10,22,18,0,8,-5
12,21,0,0,26,25,0,8,1
12,21,90,26,1,0,0,8,-3
12,21,80,21,2,-5,0,8,0
12,21,260,21,44,29,0,8,4
12,21,340,21,-5,-12,0,0,1
12,21,250,26,8,-22,0,7,4
12,21,230,5,24,15,0,8,0
12,21,0,0,-2,-5,0,7,10
12,21,80,31,-8,-27,0,0,-3
12,21,70,31,-38,-77,0,0,8
12,21,150,26,9,-37,0,5,0
12,21,210,15,-22,-36,0,0,6
12,21,210,26,-16,-33,0,0,11
12,21,170,10,-30,-38,0,0,11
12,21,190,21,-4,-34,0,0,1
12,21,140,15,35,32,-1,8,3
12,21,230,77,83,75,4,8,-1
12,21,240,31,60,30,0,7,-1
12,21,270,103,101,75,6,8,-27
12,21,260,41,42,0,0,4,0
12,21,280,57,118,97,-1,8,-5
12,21,250,62,122,83,0,7,-4
12,21,290,51,78,44,-1,7,-9
12,21,270,26,47,32,0,6,1
12,21,230,51,38,26,0,7,-2
12,21,300,51,81,49,0,7,-1
12,21,270,15,60,32,0,7,-2
12,21,230,21,34,30,0,1,-4
12,21,240,21,52,46,0,8,1
12,21,0,0,54,48,0,8,1
12,21,230,36,41,31,-1,8,-4
12,21,200,62,63,24,0,1,-1
12,21,220,123,111,88,11,8,-5
12,21,220,77,63,48,0,6,1
12,21,220,87,37,25,10,8,-8
12,21,200,31,22,16,0,0,3
12,21,130,46,25,4,0,7,5
12,21,200,26,64,57,0,5,5
12,21,50,21,55,55,0,8,-4
12,21,40,31,35,22,0,8,0
12,21,160,15,38,10,0,8,-2
12,21,230,108,61,58,4,8,6
12,21,240,36,37,25,0,2,-10
12,21,230,77,70,69,0,8,6
12,21,220,31,86,71,0,8,-3
12,21,180,41,78,46,0,7,2
12,21,160,15,55,52,0,4,-9
12,21,130,31,33,29,0,0,0
12,21,180,62,85,68,1,8,11
12,21,40,31,62,45,0,8,-5
12,21,40,46,29,13,1,8,0
12,21,20,5,31,25,0,8,0
12,21,20,21,36,35,0,8,-1
12,21,20,21,35,35,0,8,1
12,21,60,31,42,33,0,8,-2
12,21,100,26,7,-3,0,8,-2
12,21,50,41,-22,-29,0,8,-5
12,21,60,46,-10,-13,0,8,0
12,21,80,31,-48,-56,0,3,-5
12,21,80,21,-47,-58,0,1,4
12,21,70,21,-38,-58,0,0,-11
12,21,70,10,-79,-83,0,0,-2
12,21,200,41,12,12,-1,8,6
12,21,220,67,92,92,-1,8,-2
12,21,200,51,84,55,0,8,0
12,21,270,31,60,46,0,3,-12
12,21,230,41,61,52,0,8,-8
12,21,210,41,67,53,0,8,0
12,21,240,36,25,10,-1,3,-9
12,21,220,123,99,87,4,8,0
12,21,240,72,73,30,0,7,-3
12,21,250,46,55,22,0,2,2
12,21,230,36,10,6,0,6,6
12,21,150,67,32,23,17,8,5
12,21,230,72,68,50,0,7,2
12,21,180,36,-2,-23,0,7,4
12,21,210,87,36,21,0,7,2
12,21,260,67,58,13,0,7,-5
12,21,190,10,57,51,9,8,-1
12,21,200,93,111,90,-1,8,4
12,21,270,93,88,38,0,7,-3
12,21,120,26,28,24,-1,8,3
12,21,220,57,8,-1,0,1,3
12,21,210,72,65,50,3,8,-30
12,21,180,41,42,35,0,7,1
12,21,350,51,36,26,0,8,-3
12,21,310,15,-10,-16,0,1,4
12,21,330,31,28,19,-1,8,0
12,21,230,10,20,17,3,8,1
12,21,140,41,21,14,0,8,1
12,21,210,51,72,68,0,6,-7
12,21,260,67,91,88,81,8,0
12,21,250,31,47,41,1,7,-4
12,21,110,15,14,13,0,6,-2
12,21,140,15,19,19,0,2,-3
12,21,200,57,107,104,-1,6,-11
12,21,220,62,106,78,0,3,-2
12,21,180,72,89,65,0,7,8
12,21,190,41,48,43,0,0,-3
12,21,200,72,67,61,0,3,-6
12,21,220,67,97,96,2,8,0
12,21,60,15,18,18,0,7,-13
12,21,230,77,118,118,-1,8,8
12,21,250,93,133,110,0,7,-2
12,21,240,77,126,107,0,5,2
12,21,360,41,56,53,21,8,-1
12,21,350,15,14,14,0,1,-12
12,21,190,15,-3,-3,0,1,-11
12,21,240,31,28,28,0,7,-6
12,21,170,41,50,43,0,8,-1
12,21,200,51,61,61,1,8,2
12,21,200,51,53,44,0,7,4
12,21,230,36,-2,-2,0,3,12
12,21,0,0,14,14,0,8,6
12,21,60,26,-20,-20,0,0,17
12,21,30,21,-25,-33,0,0,-3
12,21,0,0,-80,-80,0,1,-3
12,21,180,62,-13,-21,0,8,1
12,21,200,77,29,29,0,8,5
12,21,240,62,117,117,10,8,0
12,21,210,77,132,114,0,8,-1
12,21,230,93,93,81,36,7,8
12,21,220,108,59,42,0,5,-5
12,21,260,46,39,35,0,8,-7
12,21,130,15,15,5,0,1,-13
12,21,70,36,26,26,0,8,-4
12,21,60,41,-5,-11,0,6,0
12,21,50,51,-6,-45,0,6,-14
12,21,70,46,-36,-62,0,7,2
12,21,70,62,-45,-60,-1,8,2
12,21,60,5,-19,-33,0,8,-15
12,21,50,21,6,-15,0,8,1
12,21,10,26,6,-3,0,7,-12
12,21,990,5,-21,-21,0,8,0
12,21,300,10,21,21,-1,8,1
12,21,20,31,20,10,0,8,-2
12,21,50,26,-36,-39,0,1,-1
12,21,60,82,14,-22,0,8,-2
12,21,70,51,-31,-41,0,0,-5
12,21,70,51,-24,-32,0,0,-5
12,21,130,10,3,-3,-1,8,2
12,21,990,5,-7,-7,0,5,3
12,21,240,26,44,44,0,8,-2
12,21,240,5,-40,-40,0,0,1
12,21,80,21,2,2,0,8,1
12,21,200,62,106,97,0,8,-1
12,21,320,21,20,19,9,8,-12
12,21,50,15,-16,-20,0,7,-4
12,21,240,57,10,-5,0,2,-4
12,21,20,21,-45,-55,0,0,1
12,21,40,5,-91,-91,0,0,3
12,21,50,10,-93,-97,0,0,0
12,21,80,41,-86,-120,0,1,13
12,21,80,46,-32,-63,0,8,4
12,21,80,31,-4,-4,0,8,0
12,21,230,70,72,68,5,8,6
12,21,250,40,69,30,0,6,-12
12,21,190,80,79,70,10,8,-2
12,21,170,10,40,31,0,5,12
12,21,0,0,50,46,6,8,0
12,21,50,20,58,54,0,8,0
12,21,990,10,33,32,0,8,0
12,21,100,30,15,12,0,8,-3
12,21,80,20,-2,-13,0,8,1
12,21,80,30,-5,-15,0,8,1
12,21,990,10,-10,-13,-1,8,1
12,21,210,10,-1,-5,0,8,1
12,21,360,20,-2,-16,0,3,-8
12,21,220,60,2,-19,0,3,0
12,21,230,40,54,50,0,8,0
12,21,110,20,32,29,0,7,1
12,21,60,10,25,19,0,8,1
12,21,150,10,77,76,0,7,5
12,21,70,40,59,58,-1,8,-3
12,21,80,90,-6,-54,0,8,-2
12,21,70,60,-47,-97,0,1,-3
12,21,60,50,-30,-127,0,4,1
12,21,50,70,-43,-72,0,0,-2
12,21,40,30,-61,-96,0,0,-4
12,21,50,40,-43,-61,0,0,-5
12,21,130,20,-62,-73,0,6,-4
12,21,80,20,-90,-133,0,6,-1
12,21,50,40,-102,-155,0,0,-7
12,21,260,30,-19,-23,-1,8,-3
12,21,70,80,-34,-60,-1,7,-18
12,21,50,50,-130,-159,0,0,1
12,21,150,20,22,18,0,7,8
12,21,30,40,13,-11,0,8,-1
12,21,20,30,13,-9,0,4,-5
12,21,340,10,-22,-22,0,1,-10
12,21,220,40,0,-13,0,1,-4
12,21,230,60,45,35,-1,8,-1
12,21,160,30,15,-17,0,7,7
12,21,190,50,76,57,0,6,2
12,21,200,80,91,82,0,8,5
12,21,240,70,119,91,0,7,3
12,21,220,60,100,84,0,6,1
12,21,300,30,60,33,0,1,-2
12,21,250,40,69,62,-1,7,-25
12,21,30,60,40,22,0,7,-2
12,21,60,60,-8,-48,0,7,-5
12,21,70,70,-54,-83,0,0,-3
12,21,60,60,1,-42,0,8,0
12,21,120,50,37,21,0,8,1
12,21,170,30,64,54,0,,-7
12,21,340,20,25,25,0,,4
12,21,10,20,28,25,-1,8,0
12,21,110,10,24,23,0,8,-1
12,21,190,40,58,54,0,8,3
12,21,220,100,116,105,3,8,1
12,21,240,90,110,66,0,4,-4
12,21,250,50,62,53,0,7,-1
12,21,230,30,51,47,0,7,4
12,21,220,100,50,44,12,8,1
12,21,210,40,46,45,0,8,-2
12,21,190,50,79,41,0,7,-1
12,21,220,20,68,68,0,8,4
12,21,70,60,-18,-40,0,,-4
12,21,60,40,-17,-37,0,,-2
12,21,220,20,-12,-23,0,,1
12,21,280,40,15,5,1,,-11
12,21,270,50,1,1,-1,,-3
12,21,260,40,2,-17,0,,4
12,21,240,10,-59,-61,0,,-3
12,21,150,40,10,5,0,,-4
12,21,190,20,36,36,-1,,0
12,21,140,30,23,23,0,,-3
12,21,230,30,64,64,0,,4
12,21,200,70,123,123,1,,6
12,21,220,40,69,58,0,,7
12,21,220,60,118,111,0,,1
12,21,230,70,95,95,4,,4
12,21,230,50,52,52,0,,4
12,21,230,30,25,3,0,,24
12,21,210,50,75,74,0,8,0
12,21,250,50,51,44,0,3,-10
12,21,290,30,9,1,0,2,1
12,21,240,30,26,21,0,7,-5
12,21,160,40,40,40,0,8,2
12,21,150,30,26,16,0,8,-8
12,21,190,60,23,16,0,7,7
12,21,200,110,92,79,-1,8,-5
12,21,210,120,102,90,1,8,9
12,21,210,100,107,92,0,8,1
12,21,220,40,45,36,0,3,3
12,21,120,40,41,33,0,7,1
12,21,140,40,47,32,0,1,-7
12,21,130,40,51,20,0,7,-1
12,21,240,40,64,44,0,,2
12,21,220,60,45,27,0,,7
12,21,260,80,61,2,0,,-4
12,21,290,10,21,16,-1,,-10
12,21,200,30,1,1,0,,5
12,21,220,120,79,76,1,,3
12,21,250,80,72,57,0,,-2
12,21,200,110,94,75,1,,4
12,21,200,60,59,31,0,,-2
12,21,200,40,49,44,0,,-5
12,21,240,90,103,81,0,,-3
12,21,280,50,55,35,-1,,-2
12,21,200,100,65,49,0,,-2
12,21,240,30,6,5,0,,-4
12,21,290,20,-17,-21,0,,3
12,21,230,50,30,30,0,,-5
12,21,250,40,63,60,4,,-10
12,21,230,20,1,-10,0,,-1
12,21,270,30,-11,-15,0,,-5
12,21,250,20,14,9,0,,-8
12,21,160,20,-10,-19,0,,1
12,21,160,60,15,-42,-1,,1
12,21,190,60,42,33,0,,1
12,21,180,100,91,82,19,,1
12,21,220,90,43,23,0,,4
12,21,270,20,44,38,22,,-4
12,21,100,20,14,11,0,,-12
12,21,260,30,15,14,0,,5
12,21,260,40,25,18,0,,2
12,21,190,50,29,26,0,,1
12,21,180,20,43,43,0,,1
12,21,190,50,120,110,8,,-1
12,21,140,20,103,89,0,,0
12,21,170,30,48,39,0,,-5
12,21,190,50,80,55,0,,0
12,21,160,50,113,69,-1,,0
12,21,210,60,103,89,0,,-8
12,21,140,60,107,87,-1,,-2
12,21,180,70,111,67,0,,-4
12,21,190,60,91,62,0,,-4
12,21,240,80,103,62,0,,0
12,21,200,70,123,111,11,8,3
12,21,180,80,121,88,-1,,1
12,21,230,120,99,62,0,,3
12,21,210,50,57,46,0,,-3
12,21,260,60,42,15,0,,-5
12,21,220,30,0,-16,0,,5
12,21,190,20,13,2,0,,-7
12,21,110,20,37,32,0,,1
12,21,100,50,36,20,0,8,-18
12,21,110,70,16,-38,0,,-1
12,21,120,50,-9,-54,0,,-5
12,21,140,20,-37,-62,0,,-18
12,21,50,20,-37,-45,0,,5
12,21,40,40,7,-4,0,,-2
12,21,40,60,-25,-51,0,,-1
12,21,40,30,-17,-31,0,,1
12,21,320,20,-4,-8,2,,-2
12,21,220,60,-2,-26,0,,7
12,21,220,70,-2,-10,-1,,2
12,21,260,40,9,-5,0,,-8
12,21,140,50,1,-16,0,,3
12,21,270,20,97,87,0,,-15
12,21,990,10,81,81,0,,0
12,21,160,30,93,91,0,8,-1
12,21,250,50,78,59,0,5,1
12,21,260,90,104,65,0,,-8
12,21,290,10,-1,-2,0,,3
12,21,90,10,-6,-6,0,,0
12,21,70,30,-17,-21,0,,-5
12,21,70,20,-20,-25,0,,-10
12,21,240,10,-29,-33,0,1,8
12,21,990,10,41,41,0,,0
12,21,40,30,28,28,0,,4
12,21,80,60,-23,-58,0,,-5
12,21,50,20,-54,-79,0,,15
12,21,50,40,4,-2,0,,2
12,21,310,10,-53,-55,0,,-7
12,21,240,10,11,11,0,,1
12,21,290,10,35,35,-1,,6
12,21,240,60,41,21,0,,-2
12,21,220,70,12,-6,0,,-2
12,21,290,30,36,28,7,,0
12,21,10,70,0,-6,-1,,-11
12,21,200,50,-53,-65,0,,6
12,21,230,100,57,53,1,,0
12,21,280,30,35,22,-1,,-3
12,21,280,50,3,3,6,,-2
12,21,240,70,57,55,6,,2
12,21,260,100,52,4,0,,-5
12,21,330,40,-1,-6,0,,-1
12,21,330,20,-20,-21,0,,-5
12,21,230,40,-9,-10,1,,-2
12,21,160,60,68,64,7,,2
12,21,180,30,72,68,-1,7,-3
12,21,70,20,53,50,0,5,-13
12,21,110,30,18,16,0,,8
12,21,50,60,51,38,0,,-2
12,21,70,70,3,-16,0,,1
12,21,70,70,-14,-34,0,,0
12,21,70,90,-21,-70,0,,-5
12,21,70,70,-70,-99,0,0,-2
12,21,80,50,-67,-103,0,,-1
12,21,80,50,-56,-91,0,,-2
12,21,990,10,-27,-66,0,,-8
12,21,90,30,1,-20,0,,2
12,21,80,50,4,-6,0,,-1
12,21,120,60,32,27,12,,4
12,21,300,30,20,17,1,,-4
12,21,10,20,8,1,0,7,1
12,21,240,10,5,-7,0,,-3
12,21,80,30,-25,-29,0,,-3
12,21,210,30,16,13,0,8,1
12,21,80,30,22,22,0,,0
12,21,300,60,79,71,-1,,-33
12,21,100,30,63,60,0,,8
12,21,180,30,102,96,0,,-1
12,21,190,40,99,91,1,,-2
12,21,190,40,89,78,0,,4
12,21,160,30,108,102,5,,1
12,21,260,50,80,68,2,,0
12,21,160,10,75,74,21,,8
12,21,40,50,27,22,9,,-2
12,21,80,40,-7,-32,0,,0
12,21,110,40,90,48,0,6,-8
12,21,360,10,25,19,0,7,6
12,21,40,40,44,43,0,,2
12,21,40,40,41,34,0,,-1
12,21,230,30,30,26,0,,0
12,21,40,30,1,-41,0,,-8
12,21,80,30,-47,-65,0,,1
12,21,90,20,-43,-54,0,0,8
12,21,70,30,-34,-72,0,0,7
12,21,220,30,-32,-52,0,,9
12,21,240,60,47,42,-1,,7
12,21,170,40,60,54,3,,8
12,21,240,60,118,112,25,,-1
12,21,280,50,62,45,5,,-3
12,21,290,30,23,-1,0,3,4
12,21,230,40,49,36,0,,0
12,21,170,20,4,-3,0,,-6
12,21,140,30,22,-4,0,,-4
12,21,220,30,43,34,0,,3
12,21,240,100,109,74,0,,-10
12,21,270,50,48,26,9,,-1
12,21,240,20,-28,-38,0,4,18
12,21,160,20,12,8,0,,1
12,21,200,50,49,40,0,,0
12,21,220,70,80,72,-1,,1
12,21,200,90,78,48,0,,2
12,21,190,50,57,28,0,,-3
12,21,230,60,41,22,0,,-9
12,21,200,30,27,14,0,,-3
12,21,310,10,36,14,0,,2
12,21,70,10,-2,-16,0,,-10
12,21,250,20,30,28,0,,-1
12,21,250,10,-13,-14,0,,4
12,21,210,20,-6,-7,0,,2
12,21,190,30,40,39,0,,1
12,21,240,30,41,39,0,,17
12,21,210,30,54,50,0,,-6
12,21,210,30,62,58,0,,0
12,21,50,30,24,22,0,,-18
12,21,90,30,-28,-29,0,,10
12,21,200,20,4,4,0,,1
12,21,60,20,23,23,0,,1
12,21,120,30,5,-8,0,,-1
12,21,170,40,-16,-30,0,,1
12,21,170,20,-4,-4,0,,7
12,21,210,40,54,38,0,,-2
12,21,240,50,62,58,-1,,-6
12,21,310,50,50,39,2,,-2
12,21,230,20,32,22,9,,1
12,21,340,10,-26,-31,0,,-3
12,21,120,20,-51,-58,0,,5
12,21,190,30,-1,-19,0,,-1
12,21,220,70,41,39,3,,1
12,21,240,70,102,77,0,,-1
12,21,200,70,81,74,38,,6
12,21,180,30,4,-4,0,,-5
12,21,0,0,-41,-44,0,,2
12,21,180,20,-25,-26,0,,1
12,21,270,40,33,19,3,,-19
12,21,220,30,38,33,0,,2
12,21,220,60,78,69,0,,1
12,21,300,40,89,84,0,,-8
12,21,140,50,18,-16,0,,-3
12,21,150,50,55,29,0,,-1
12,21,190,70,82,58,0,,1
12,21,220,40,79,73,-1,,-4
12,21,200,30,66,55,0,,-2
12,21,230,40,56,49,1,,-3
12,21,230,40,47,40,0,,-3
12,21,10,30,48,32,0,,-1
12,21,0,0,-27,-30,0,,-5
12,21,200,10,-36,-39,0,,-3
12,21,210,20,32,25,0,,-1
12,21,20,20,62,36,0,,-1
12,21,290,30,62,35,0,,-5
12,21,280,30,60,48,0,,0
12,21,260,50,75,54,0,,0
12,21,290,50,32,6,0,,-12
12,21,320,30,14,2,0,,-5
12,21,240,50,8,-12,0,,0
12,21,260,30,32,29,0,,-1
12,21,230,40,35,32,0,,0
12,21,240,50,55,39,0,,0
12,21,270,50,79,72,-1,,-2
12,21,240,50,72,53,0,,0
12,21,270,30,46,44,0,,-2
12,21,290,20,33,16,0,,1
12,21,340,20,-21,-38,0,,3
12,21,50,60,-8,-42,0,,0
12,21,340,10,-43,-53,0,,-3
12,21,230,40,-4,-13,0,,-1
12,21,150,50,-14,-19,5,,3
12,21,210,60,48,34,0,,-1
12,21,190,60,99,59,0,,-2
12,21,210,40,96,87,0,,4
12,21,220,80,89,60,0,,-6
12,21,200,80,106,98,9,,10
12,21,210,70,111,89,0,,-1
12,21,220,90,76,51,0,,-2
12,21,220,110,106,54,0,,1
12,21,220,100,75,64,7,,-1
12,21,260,30,50,41,0,,-7
12,21,200,70,37,25,0,,6
12,21,230,60,80,76,4,,0
12,21,220,100,80,57,-1,,-2
12,21,220,80,98,68,0,,0
12,21,220,60,78,59,0,,-3
12,21,210,50,59,16,0,,-11
12,21,240,20,17,16,0,,-15
12,21,230,30,19,16,0,,-16
12,21,330,10,19,19,0,,-1
12,21,250,10,-25,-25,0,,-2
12,21,270,10,36,34,0,,5
12,21,20,10,65,59,0,,-5
12,21,70,40,51,25,0,,-3
12,21,70,40,21,15,0,,-2
12,21,60,40,31,30,0,,1
12,21,110,10,39,37,0,,-1
12,21,0,0,-1,-10,0,,-4
12,21,220,40,3,-4,0,,1
12,21,220,30,38,37,0,,1
12,21,190,60,75,7,0,,3
12,21,220,120,109,91,3,,2
12,21,210,90,110,98,1,,8
12,21,200,80,83,51,1,7,-4
12,21,230,90,95,59,0,7,-3
12,21,240,30,43,35,32,8,0
12,21,210,60,85,80,1,8,9
12,21,240,90,113,86,-1,8,-3
12,21,220,90,124,120,1,8,3
12,21,260,60,76,35,0,5,-1
12,21,180,80,52,44,5,8,13
12,21,150,50,70,51,1,8,-2
12,21,300,20,55,46,0,1,0
12,21,310,20,25,14,0,0,-5
12,21,30,10,37,24,0,8,-3
12,21,360,10,7,3,0,1,-26
12,21,20,20,-10,-28,0,7,10
12,21,60,40,-2,-36,0,8,-11
12,21,50,40,-19,-43,0,8,-3
12,21,80,40,-14,-37,0,0,-1
12,21,60,40,-18,-36,0,0,-12
12,21,70,30,-35,-37,0,9,0
12,21,90,20,-40,-41,0,9,-2
12,21,90,10,-53,-54,0,9,-2
12,21,180,10,-29,-36,0,0,-3
12,21,190,20,23,17,0,8,-2
12,21,180,40,16,-1,0,2,-1
12,21,180,40,36,-7,0,8,4
12,21,210,50,41,33,0,8,-2
12,21,210,60,67,55,0,8,1
12,21,180,60,44,28,0,0,-1
12,21,210,60,46,25,0,1,4
12,21,260,30,42,23,0,4,-6
12,21,170,10,42,38,1,8,-3
12,21,280,10,37,36,-1,8,3
12,21,180,60,24,14,3,8,-7
12,21,240,40,14,13,-1,3,-10
12,21,190,50,48,42,0,2,6
12,21,230,20,31,30,0,7,12
12,21,280,20,51,43,2,7,-2
12,21,220,30,-3,-5,0,0,2
12,21,150,10,0,-3,0,8,-11
12,21,280,30,13,9,0,6,2
12,21,190,40,23,17,0,8,-2
12,21,180,30,13,2,0,8,-3
12,21,170,40,-10,-17,0,0,-4
12,21,120,50,-5,-22,0,0,-2
12,21,60,40,19,3,0,5,-5
12,21,60,30,31,19,0,8,0
12,21,190,20,16,7,0,8,-5
12,21,280,20,39,36,0,7,-6
12,21,210,40,67,66,0,8,4
12,21,220,70,53,31,-1,7,0
12,21,260,20,55,47,0,5,9
12,21,240,60,91,69,0,8,1
12,21,240,20,21,21,0,3,10
12,21,230,20,47,47,0,8,3
12,21,340,10,44,41,0,4,9
12,21,70,60,3,-18,0,0,3
12,21,70,60,-24,-46,0,0,-3
12,21,60,50,-34,-46,0,0,2
12,21,60,40,-46,-58,0,0,-6
12,21,60,30,-55,-66,0,0,-11
12,21,40,20,-68,-72,0,0,5
12,21,300,20,-55,-57,0,8,0
12,21,70,10,-17,-18,0,2,1
12,21,140,40,56,46,2,8,2
12,21,210,40,67,57,0,8,1
12,21,220,70,59,37,0,8,-6
12,21,190,40,92,81,-1,8,-2
12,21,220,50,78,63,0,0,-1
12,21,140,40,72,47,0,8,-3
12,21,190,20,42,42,0,1,-3
12,21,180,30,89,86,1,8,2
12,21,290,40,87,68,0,8,-2
12,21,30,20,53,42,0,8,-7
12,21,10,40,27,1,0,8,-1
12,21,60,40,-11,-33,0,2,2
12,21,40,20,-55,-62,0,0,12
12,21,40,10,-38,-56,0,8,-11
12,21,190,30,-34,-44,0,1,0
12,21,90,40,-12,-29,0,8,-3
12,21,350,40,-31,-43,-1,7,0
12,21,190,40,-100,-136,0,7,12
12,21,220,70,-32,-40,0,3,-4
12,21,120,40,-9,-23,0,6,4
12,21,190,30,4,-1,0,8,-1
12,21,150,30,-14,-28,0,0,-3
12,21,60,50,14,6,0,7,0
12,21,250,70,30,13,0,8,-4
12,21,200,60,34,10,0,4,-1
12,21,240,70,40,24,0,6,1
12,21,100,20,2,-3,0,6,7
12,21,80,50,15,12,1,8,-1
12,21,40,30,1,-2,0,8,0
12,21,20,40,-9,-16,-1,8,2
12,21,70,70,-72,-97,1,8,0
12,21,110,10,-71,-78,-1,6,-5
12,21,210,40,-44,-53,-1,7,-8
12,21,190,60,0,-4,5,8,0
12,21,220,30,-15,-17,0,7,17
12,21,40,10,-47,-48,0,0,11
12,21,50,40,-13,-22,0,8,-1
12,21,270,30,-30,-34,0,2,2
12,21,260,60,35,14,0,7,3
12,21,250,50,51,50,2,8,4
12,21,280,50,65,40,0,8,-1
12,21,30,30,-16,-53,0,0,-5
12,21,330,20,7,1,0,8,6
12,21,320,10,-21,-56,0,7,-6
12,21,280,20,-24,-27,0,0,-27
12,21,290,10,-9,-11,0,7,1
12,21,200,40,-49,-57,0,0,-3
12,21,110,50,-39,-52,-1,8,3
12,21,360,30,-40,-43,2,8,-8
12,21,80,20,-110,-111,0,9,9
12,21,60,40,-10,-11,0,8,-3
12,21,360,30,-26,-27,0,7,-1
12,21,20,60,-12,-19,7,8,0
12,21,10,60,-29,-58,0,8,-8
12,21,210,40,-34,-50,0,8,1
12,21,250,40,17,12,-1,8,-1
12,21,130,20,-13,-25,0,8,5
12,21,80,20,-5,-20,0,7,0
12,21,70,20,2,-6,0,8,-1
12,21,990,10,-37,-39,0,8,8
12,21,240,30,10,10,0,9,-1
12,21,180,50,105,98,2,8,2
12,21,200,40,35,20,0,2,6
12,21,230,50,62,43,0,5,7
12,21,240,40,67,47,0,8,-5
12,21,220,60,29,10,0,5,-1
12,21,230,50,36,21,0,5,7
12,21,270,80,74,2,0,8,-1
12,21,210,130,103,79,3,8,9
12,21,220,50,32,16,-1,8,2
12,21,240,40,11,-4,0,0,-8
12,21,180,40,40,25,0,8,-2
12,21,200,70,60,32,0,8,6
12,21,220,120,50,33,5,7,1
12,21,210,100,41,20,0,7,4
12,21,220,70,55,35,0,8,-3
12,21,270,30,35,26,0,8,-1
12,21,250,60,23,14,7,8,-12
12,21,240,50,7,1,-1,7,3
12,21,190,60,7,4,4,8,1
12,21,260,40,46,27,0,7,-1
12,21,220,30,53,50,0,8,1
12,21,250,30,92,88,0,8,0
12,21,200,70,74,63,-1,8,1
12,21,230,60,46,28,0,5,7
12,21,230,70,92,85,-1,8,0
12,21,220,40,97,94,0,8,1
12,21,190,20,74,51,0,8,0
12,21,240,70,69,53,-1,7,-6
12,21,270,60,51,36,12,8,8
12,21,190,20,24,18,0,7,2
12,21,230,50,105,101,-1,8,-2
12,21,230,70,19,15,1,8,1
12,21,240,20,4,-2,0,4,-8
12,21,240,40,35,31,0,1,5
12,21,260,30,31,20,0,8,0
12,21,270,40,15,7,0,7,-3
12,21,190,60,4,-14,0,6,1
12,21,70,40,-3,-11,0,8,-1
12,21,220,40,-19,-29,0,8,13
12,21,270,60,39,20,-1,7,4
12,21,340,30,16,-29,0,8,-7
12,21,250,40,-6,-31,0,2,-17
12,21,210,30,-6,-41,0,8,0
12,21,140,20,5,-19,-1,8,-1
12,21,190,60,94,82,-1,7,-1
12,21,180,40,81,69,4,8,2
12,21,200,30,63,56,-1,8,0
12,21,240,50,63,56,0,8,-5
12,21,180,10,46,43,-1,8,0
12,21,100,30,23,20,0,1,-1
12,21,110,60,21,14,7,8,0
12,21,240,30,65,62,-1,8,8
12,21,160,40,69,65,24,8,5
12,21,220,70,98,90,13,8,-6
12,21,240,80,124,85,0,8,-6
12,21,230,90,89,64,0,7,-1
12,21,200,90,83,68,19,8,0
12,21,310,20,67,58,0,8,-5
12,21,200,70,90,83,-1,8,3
12,21,210,80,104,79,3,8,-9
12,21,230,100,84,57,0,7,0
12,21,200,100,95,69,3,8,-5
12,21,340,10,75,67,0,8,-2
12,21,80,20,12,1,0,0,1
12,21,230,20,4,4,0,9,-4
12,21,240,20,5,2,0,0,10
12,21,270,70,35,5,-1,6,-5
12,21,270,40,32,-9,0,8,-2
12,21,250,40,66,51,0,8,-7
12,21,250,70,90,64,0,6,-5
12,21,220,30,47,42,0,6,15
12,21,150,10,10,8,0,4,-22
12,21,120,30,43,42,0,9,2
12,21,170,30,6,-7,0,0,-2
12,21,190,40,16,4,0,0,-6
12,21,190,70,57,33,0,7,2
12,21,200,60,76,15,0,1,-6
12,21,190,50,101,37,0,8,1
12,21,100,20,46,41,0,8,10
12,21,160,50,78,54,0,4,1
12,21,180,30,35,29,0,0,-2
12,21,200,60,49,26,0,0,0
12,21,200,100,64,20,1,8,-7
12,21,230,70,73,52,0,8,-8
12,21,190,110,114,59,-1,8,7
12,21,160,40,71,57,8,8,3
12,21,170,30,46,26,0,0,-6
12,21,220,30,21,16,0,2,10
12,21,210,40,92,86,3,8,-3
12,21,220,30,43,39,0,8,13
12,21,230,40,19,12,0,0,2
12,21,200,70,68,28,0,8,-7
12,21,160,40,68,9,-1,8,-1
12,21,60,30,16,-5,0,8,1
12,21,30,40,8,-19,0,8,-1
12,21,70,50,-22,-41,0,8,0
12,21,0,0,12,5,0,8,0
12,21,230,50,47,42,0,8,1
12,21,270,10,48,39,0,8,-20
12,21,250,40,56,49,3,8,-29
12,21,220,40,-6,-9,0,2,-1
12,21,190,60,43,29,0,8,1
12,21,230,60,35,7,0,0,0
12,21,220,70,53,30,0,8,9
12,21,260,40,66,45,0,8,-7
12,21,200,20,29,19,0,8,-3
12,21,200,50,20,1,0,8,1
12,21,200,40,55,46,0,8,1
12,21,230,30,25,18,0,8,-2
12,21,240,40,98,93,0,8,1
12,21,240,100,122,108,-1,8,-3
12,21,250,50,55,25,0,0,-5
12,21,270,40,57,32,0,0,-3
12,21,230,100,83,71,0,8,2
12,21,240,100,119,87,0,8,0
12,21,220,90,105,70,0,8,-2
12,21,240,40,51,20,0,3,-13
12,21,260,30,27,18,0,6,-7
12,21,170,40,30,17,0,8,-3
12,21,40,70,-4,-54,0,1,-1
12,21,240,40,-34,-48,0,7,9
12,21,220,20,-4,-6,0,8,11
12,21,250,30,26,12,-1,8,1
12,21,220,20,3,-1,0,0,-8
12,21,240,60,112,91,0,8,1
12,21,200,40,95,55,0,8,3
12,21,190,50,84,45,0,8,-4
12,21,210,70,80,54,0,2,-7
12,21,210,60,65,16,0,8,2
12,21,220,60,114,94,0,8,0
12,21,120,10,71,65,0,3,20
12,21,220,50,107,99,0,8,-4
12,21,200,50,56,42,0,0,-3
12,21,200,70,47,15,0,4,-2
12,21,260,40,68,47,-1,6,-10
12,21,230,110,112,79,0,8,-2
12,21,110,30,65,60,0,8,1
12,21,200,30,57,43,0,8,-2
12,21,120,30,84,67,0,8,1
12,21,250,60,127,118,2,8,1
12,21,200,60,144,104,0,8,-1
12,21,190,40,112,79,0,8,-4
12,21,170,40,119,93,0,8,-7
12,21,210,70,125,88,-1,8,-3
12,21,240,90,109,93,1,8,8
12,21,210,90,134,85,0,8,-5
12,21,190,40,79,59,0,6,-1
12,21,240,50,95,68,2,8,-5
12,21,210,70,125,100,0,8,1
12,21,200,60,108,74,0,4,-3
12,21,210,40,121,82,0,8,-8
12,21,130,30,72,35,0,8,-2
12,21,180,40,78,59,0,1,-7
12,21,140,70,67,37,0,8,-2
12,21,190,40,54,28,0,1,4
12,21,260,30,78,67,0,8,1
12,21,10,10,21,14,0,2,1
12,21,50,20,-32,-33,0,7,-4
12,21,80,40,-30,-58,0,0,17
12,21,60,10,-40,-47,0,8,-4
12,21,100,10,-6,-11,0,8,4
12,21,210,50,76,29,0,8,-3
12,21,220,50,76,53,0,8,3
12,21,210,40,76,57,0,8,-1
12,21,210,60,91,86,-1,8,3
12,21,260,50,83,65,0,8,-1
12,21,170,20,56,44,0,8,-5
12,21,180,30,73,69,0,8,0
12,21,100,20,51,48,0,8,15
12,21,120,20,55,40,0,8,-5
12,21,150,20,41,19,0,8,-9
12,21,220,20,68,67,-1,8,0
12,21,280,10,70,62,0,8,-2
12,21,60,20,4,3,0,0,-11
12,21,210,10,-14,-20,0,8,3
12,21,200,50,44,35,9,8,2
12,21,210,30,31,29,0,7,20
12,21,200,80,60,31,0,8,5
12,21,250,60,88,51,0,8,-2
12,21,230,80,110,95,0,8,2
12,21,250,50,40,4,0,1,-1
12,21,260,20,51,43,0,8,0
12,21,0,0,-15,-18,0,8,-13
12,21,990,10,-44,-47,0,9,-1
12,21,220,30,-29,-33,0,0,6
12,21,220,50,0,-2,0,9,-2
12,21,320,10,-25,-26,0,2,1
12,21,210,30,-9,-12,0,8,-2
12,21,240,30,40,37,0,8,1
12,21,240,40,30,27,0,1,-14
12,21,230,50,65,38,0,8,-1
12,21,210,60,71,37,0,8,-2
12,21,250,40,60,53,0,8,0
12,21,260,40,4,1,17,8,5
12,21,230,50,13,-9,-1,8,2
12,21,270,90,24,5,0,8,-2
12,21,350,40,0,-3,9,8,3
12,21,190,40,10,2,0,1,-5
12,21,240,60,70,50,10,7,-9
12,21,210,30,14,7,0,4,-5
12,21,330,10,37,22,0,8,-5
12,21,230,30,16,12,1,7,6
12,21,200,70,30,14,2,8,-9
12,21,330,10,42,34,0,8,-1
12,21,250,30,56,48,0,8,1
12,21,230,30,78,75,-1,8,1
12,21,240,20,87,84,0,8,2
12,21,240,30,87,87,-1,8,3
12,21,240,70,95,80,0,8,-1
12,21,220,80,87,62,0,8,-1
12,21,170,60,48,20,0,8,0
12,21,170,50,44,18,0,8,6
12,21,320,40,38,21,-1,8,2
12,21,230,50,26,3,0,7,-12
12,21,230,60,48,35,-1,7,10
12,21,250,60,123,93,0,8,-6
12,21,220,90,97,78,-1,8,-2
12,21,190,70,95,78,0,8,2
12,21,220,50,127,118,-1,8,2
12,21,270,50,113,93,-1,8,-31
12,21,0,0,9,6,0,8,0
12,21,160,40,76,61,1,8,2
12,21,230,70,116,112,-1,8,-1
12,21,250,60,67,41,-1,2,-5
12,21,240,100,102,83,1,8,7
12,21,280,30,63,34,-1,3,-8
12,21,280,30,46,18,0,7,-11
12,21,290,10,15,11,0,7,-3
12,21,60,30,-9,-14,0,0,2
12,21,40,30,10,-4,0,8,-6
12,21,80,20,6,-23,0,8,-1
12,21,130,80,2,-47,0,8,2
12,21,170,30,23,23,0,9,0
12,21,200,30,24,21,0,8,7
12,21,140,50,54,20,0,8,0
12,21,180,30,60,49,0,8,0
12,21,210,70,78,64,-1,8,-2
12,21,250,60,102,78,2,8,-2
12,21,250,40,83,61,0,8,-6
12,21,10,30,65,61,10,8,-2
12,21,230,20,37,22,0,8,-4
12,21,210,30,-17,-23,0,1,7
12,21,0,0,-6,-14,0,8,4
12,21,220,20,10,-7,0,8,8
12,21,230,40,25,22,0,8,2
12,21,280,50,91,54,0,8,-4
12,21,270,30,90,87,1,8,1
12,21,260,50,83,62,0,8,-6
12,21,330,10,10,1,0,8,5
12,21,250,20,50,47,0,8,12
12,21,200,30,30,30,0,9,-1
12,21,80,20,-7,-7,0,9,-1
12,21,210,70,28,24,0,8,1
12,21,210,90,81,71,7,8,5
12,21,210,60,85,57,0,8,-1
12,21,230,90,71,40,0,7,-2
12,21,270,30,41,13,0,1,-3
12,21,190,90,64,0,0,8,4
12,21,190,30,43,38,0,8,-1
12,21,140,60,42,5,0,8,1
12,21,220,60,52,41,-1,7,8
12,21,210,50,46,10,0,7,2
12,21,200,40,54,18,0,8,-5
12,21,100,20,67,63,0,8,5
12,21,250,50,98,86,6,8,-8
12,21,130,40,66,47,0,6,2
12,21,130,50,110,71,0,8,-5
12,21,190,60,82,46,0,0,-6
12,21,130,40,68,37,0,8,-3
12,21,250,50,73,56,-1,8,-9
12,21,230,60,71,55,0,8,-1
12,21,240,60,96,73,-1,8,0
12,21,230,20,58,55,0,8,-2
12,21,140,40,58,37,-1,8,-7
12,21,60,30,13,0,0,8,-13
12,21,100,10,-9,-13,0,8,4
12,21,170,20,6,-15,0,8,-1
12,21,240,30,18,-39,0,0,3
12,21,90,20,17,12,0,8,-17
12,21,40,40,71,50,0,8,-5
12,21,190,20,52,48,0,8,1
12,21,130,60,47,29,2,8,0
12,21,150,30,27,-1,0,3,-13
12,21,80,20,-4,-21,0,6,-9
12,21,280,20,30,24,0,8,2
12,21,150,20,18,10,0,8,-15
12,21,0,0,28,25,-1,8,1
12,21,140,20,24,14,0,8,2
12,21,130,30,-5,-15,0,8,2
12,21,120,30,39,34,3,8,0
12,21,240,20,81,78,2,8,1
12,21,160,60,68,31,0,8,-5
12,21,170,40,95,88,14,8,-3
12,21,200,20,56,55,0,5,9
12,21,140,40,89,73,0,8,1
12,21,210,40,68,52,0,8,1
12,21,140,40,61,41,0,8,-1
12,21,190,40,90,72,0,8,-2
12,21,200,50,73,53,0,3,-7
12,21,210,80,106,99,3,8,6
12,21,110,10,95,92,11,8,-1
12,21,260,40,109,89,-1,8,-4
12,21,330,30,43,24,-1,7,2
12,21,260,20,8,-1,0,2,-5
12,21,200,90,46,27,0,8,2
12,21,200,50,48,37,3,8,-3
12,21,160,20,34,27,-1,8,-1
12,21,230,40,12,4,0,8,-1
12,21,200,40,32,12,0,8,5
12,21,320,10,23,12,0,8,1
