MM,HH,DD,FF,T,TD,RH,N,TC
12,5,90,21,-13,-13,0,0.0,-21
12,5,50,31,6,6,-1,8.0,-1
12,5,990,10,-12,-12,-1,8.0,0
12,5,80,26,-12,-12,-1,8.0,0
12,5,250,21,27,27,0,8.0,-1
12,5,50,31,-16,-16,0,9.0,2
12,5,210,21,-13,-13,0,8.0,0
12,5,990,10,9,3,0,8.0,2
12,5,60,31,3,3,0,5.0,5
12,5,80,67,-43,-95,0,0.0,-3
12,5,40,41,-54,-68,0,0.0,18
12,5,990,10,-7,-31,0,2.0,0
12,5,200,31,-31,-46,0,0.0,-5
12,5,200,51,-6,-41,0,0.0,-3
12,5,130,15,-30,-46,0,0.0,7
12,5,200,57,44,2,0,8.0,2
12,5,190,31,46,46,-1,8.0,2
12,5,280,77,65,55,-1,8.0,-5
12,5,210,82,57,56,8,8.0,10
12,5,270,62,35,9,-1,3.0,3
12,5,220,72,17,13,12,8.0,-10
12,5,260,67,110,110,10,8.0,1
12,5,230,118,108,87,-1,8.0,1
12,5,270,51,41,8,0,0.0,-4
12,5,270,36,28,28,0,5.0,1
12,5,230,113,36,12,0,8.0,1
12,5,320,67,65,28,0,8.0,-2
12,5,230,10,40,30,0,8.0,-2
12,5,220,41,48,41,0,8.0,1
12,5,210,10,42,42,-1,8.0,0
12,5,100,21,41,41,0,8.0,1
12,5,240,87,84,57,0,5.0,-5
12,5,190,72,87,67,0,2.0,-5
12,5,240,72,65,38,0,3.0,-4
12,5,200,72,47,26,0,8.0,-5
12,5,220,67,29,20,0,4.0,-5
12,5,220,62,41,29,0,7.0,-12
12,5,170,77,44,29,5,8.0,4
12,5,270,15,54,53,0,7.0,3
12,5,30,36,27,20,0,8.0,-1
12,5,20,46,28,28,-1,8.0,1
12,5,260,31,24,3,0,8.0,-1
12,5,290,36,77,77,20,8.0,-4
12,5,250,46,33,30,0,1.0,-3
12,5,230,77,76,70,0,8.0,1
12,5,180,15,17,16,0,0.0,-5
12,5,160,41,47,37,0,0.0,-10
12,5,210,36,31,31,0,1.0,2
12,5,180,41,57,37,0,0.0,5
12,5,200,77,96,85,0,8.0,-1
12,5,20,15,57,57,0,9.0,-2
12,5,40,36,18,18,0,8.0,-1
12,5,350,26,29,29,2,9.0,0
12,5,990,10,24,24,-1,9.0,5
12,5,90,26,27,27,0,0.0,9
12,5,70,51,5,5,0,8.0,-2
12,5,50,41,-15,-16,0,8.0,2
12,5,60,46,-40,-40,0,8.0,0
12,5,90,82,-31,-44,0,2.0,3
12,5,30,21,-53,-76,0,0.0,-3
12,5,990,5,-44,-108,0,0.0,-5
12,5,200,31,-70,-84,0,0.0,7
12,5,990,10,-16,-22,-1,8.0,1
12,5,210,93,38,38,1,8.0,2
12,5,230,103,85,81,0,8.0,2
12,5,220,87,68,53,0,8.0,4
12,5,220,46,18,18,0,2.0,0
12,5,200,41,59,59,0,8.0,-1
12,5,210,67,53,35,0,8.0,-2
12,5,230,72,23,20,0,2.0,5
12,5,240,185,86,50,-1,8.0,-2
12,5,220,67,66,51,0,7.0,-3
12,5,230,82,33,18,0,1.0,2
12,5,240,62,34,30,0,7.0,2
12,5,210,108,95,94,-1,8.0,4
12,5,360,72,19,19,13,8.0,-1
12,5,200,103,23,-6,0,8.0,2
12,5,210,108,37,33,15,8.0,-3
12,5,240,67,43,36,0,8.0,4
12,5,220,67,86,86,0,8.0,0
12,5,200,118,100,94,11,8.0,0
12,5,240,41,55,37,4,8.0,-5
12,5,240,82,65,58,1,5.0,2
12,5,240,98,27,15,0,5.0,2
12,5,250,67,36,16,0,6.0,-1
12,5,190,46,44,40,2,8.0,-6
12,5,330,31,13,10,0,8.0,-4
12,5,250,36,-6,-6,0,7.0,0
12,5,300,26,17,17,0,8.0,1
12,5,240,46,22,22,-1,8.0,1
12,5,210,62,31,31,0,8.0,-2
12,5,230,93,71,51,0,7.0,-6
12,5,240,72,87,86,10,7.0,2
12,5,200,5,2,0,0,0.0,0
12,5,80,10,-8,-14,0,0.0,-1
12,5,160,51,72,55,0,0.0,6
12,5,190,51,88,79,0,7.0,0
12,5,230,77,104,87,-1,8.0,-6
12,5,240,77,69,24,0,2.0,-5
12,5,170,77,52,15,0,1.0,0
12,5,200,93,71,45,0,5.0,6
12,5,260,57,84,76,3,8.0,-2
12,5,200,46,21,21,0,9.0,6
12,5,240,98,123,105,-1,8.0,-1
12,5,230,82,110,81,0,4.0,4
12,5,240,72,108,92,0,8.0,0
12,5,310,21,39,38,0,5.0,-5
12,5,200,15,-16,-16,0,0.0,4
12,5,200,62,0,-7,0,7.0,7
12,5,210,36,33,31,0,8.0,-6
12,5,180,67,36,20,0,4.0,-10
12,5,220,57,39,30,0,0.0,-6
12,5,220,26,42,34,0,7.0,0
12,5,210,41,18,14,0,3.0,-6
12,5,30,36,25,22,0,8.0,0
12,5,50,41,-14,-16,0,2.0,-2
12,5,50,31,-49,-54,0,1.0,-2
12,5,230,46,-35,-38,0,7.0,2
12,5,210,62,2,-4,1,7.0,2
12,5,220,118,78,70,0,8.0,11
12,5,230,87,118,115,9,8.0,3
12,5,210,123,106,91,10,8.0,-3
12,5,220,72,68,45,0,7.0,4
12,5,230,103,49,29,0,5.0,-2
12,5,110,10,-5,-6,0,0.0,9
12,5,120,15,37,33,0,8.0,0
12,5,40,21,38,36,0,8.0,0
12,5,90,57,-7,-20,0,3.0,1
12,5,40,57,-43,-70,-1,7.0,-1
12,5,80,46,-31,-54,-1,7.0,-2
12,5,80,51,-32,-55,0,4.0,-1
12,5,90,31,-46,-52,0,0.0,-6
12,5,20,21,13,8,-1,8.0,-1
12,5,40,31,-6,-6,0,9.0,-3
12,5,80,21,-14,-14,0,9.0,-1
12,5,360,15,24,24,-1,9.0,3
12,5,40,36,4,-16,0,7.0,-8
12,5,40,67,-7,-15,0,8.0,3
12,5,100,72,0,-31,0,8.0,-2
12,5,70,67,-25,-39,0,0.0,-3
12,5,100,21,-39,-42,0,0.0,-4
12,5,210,51,44,44,1,8.0,2
12,5,210,15,31,31,0,9.0,3
12,5,170,31,32,29,17,8.0,-6
12,5,90,15,-18,-19,0,5.0,-3
12,5,180,51,87,87,2,8.0,-4
12,5,190,82,106,99,25,8.0,0
12,5,40,26,12,9,0,8.0,0
12,5,230,15,-28,-28,0,7.0,4
12,5,220,57,-2,-11,0,7.0,4
12,5,10,21,-61,-62,0,1.0,-1
12,5,70,31,-80,-94,0,0.0,2
12,5,70,57,-80,-99,0,0.0,1
12,5,90,67,-70,-107,0,1.0,-2
12,5,90,41,-4,-4,1,8.0,2
12,5,220,30,4,-4,0,1.0,-2
12,5,270,70,63,35,0,7.0,-1
12,5,190,50,29,11,0,6.0,2
12,5,210,60,71,49,0,7.0,1
12,5,330,20,49,49,8,8.0,-1
12,5,30,50,49,49,1,8.0,0
12,5,70,50,31,30,0,7.0,-6
12,5,990,10,0,-1,0,9.0,-5
12,5,110,20,-10,-14,0,7.0,0
12,5,160,20,-3,-16,0,8.0,-1
12,5,60,20,-11,-11,0,8.0,-1
12,5,990,10,1,-8,0,8.0,1
12,5,40,20,9,5,0,8.0,0
12,5,10,30,-27,-34,0,0.0,-6
12,5,220,80,24,1,0,7.0,3
12,5,210,40,39,31,0,8.0,0
12,5,220,50,32,12,-1,8.0,-3
12,5,150,20,34,32,0,7.0,5
12,5,120,30,71,68,1,8.0,-3
12,5,30,40,53,53,-1,8.0,-10
12,5,70,70,-8,-32,0,1.0,-2
12,5,50,60,-39,-67,0,0.0,0
12,5,50,60,-44,-113,0,2.0,1
12,5,50,70,-65,-94,0,0.0,-1
12,5,40,30,-91,-110,0,0.0,0
12,5,50,30,-75,-82,0,0.0,0
12,5,80,20,-62,-96,0,6.0,0
12,5,60,50,-87,-146,0,3.0,-4
12,5,60,20,-95,-140,0,7.0,1
12,5,40,30,-39,-42,-1,8.0,1
12,5,40,60,-91,-106,-1,7.0,-12
12,5,300,30,27,23,0,3.0,-3
12,5,70,30,20,-2,0,8.0,-6
12,5,20,60,5,-12,0,8.0,1
12,5,30,30,12,8,-1,8.0,3
12,5,210,10,-35,-35,0,0.0,-2
12,5,220,40,11,-19,0,7.0,-5
12,5,200,70,12,-8,0,0.0,6
12,5,200,80,50,-53,0,8.0,-8
12,5,200,50,77,66,0,7.0,-1
12,5,210,90,99,91,-1,8.0,-1
12,5,210,70,107,89,0,8.0,1
12,5,250,70,81,78,5,8.0,-1
12,5,260,30,49,39,0,7.0,-1
12,5,250,30,57,57,1,8.0,4
12,5,30,50,17,2,0,7.0,-1
12,5,60,70,-12,-43,-1,8.0,0
12,5,80,110,-40,-73,0,2.0,1
12,5,110,60,57,27,0,7.0,8
12,5,40,30,53,51,0,7.0,-2
12,5,100,30,28,27,0,4.0,-14
12,5,320,30,31,31,-1,8.0,0
12,5,360,20,22,22,1,8.0,2
12,5,230,10,24,20,0,8.0,2
12,5,200,60,85,79,0,8.0,6
12,5,220,70,95,64,0,2.0,-2
12,5,220,130,96,48,0,7.0,-2
12,5,220,50,52,47,0,5.0,3
12,5,250,40,51,48,0,8.0,2
12,5,260,30,44,43,7,8.0,1
12,5,180,30,37,22,0,7.0,0
12,5,190,80,89,61,0,7.0,3
12,5,50,50,-1,-9,0,8.0,-2
12,5,70,60,-30,-56,0,8.0,-1
12,5,70,20,-15,-30,0,8.0,0
12,5,240,30,-13,-40,0,8.0,-3
12,5,250,40,2,2,-1,8.0,-2
12,5,250,50,-7,-8,0,7.0,0
12,5,270,40,5,4,0,8.0,0
12,5,210,30,-2,-8,0,6.0,-12
12,5,180,50,28,18,2,8.0,-3
12,5,190,20,27,25,-1,8.0,0
12,5,110,30,28,25,1,8.0,-2
12,5,190,60,68,61,1,8.0,3
12,5,260,110,102,57,0,7.0,-3
12,5,220,90,81,60,0,8.0,-5
12,5,210,60,103,91,0,8.0,-2
12,5,240,40,65,64,0,7.0,-15
12,5,180,20,21,10,0,2.0,5
12,5,240,70,35,22,0,8.0,-1
12,5,220,70,67,52,0,7.0,-1
12,5,220,30,25,19,0,4.0,-2
12,5,260,30,2,0,0,7.0,0
12,5,220,60,18,-7,0,8.0,-1
12,5,190,50,40,31,-1,8.0,2
12,5,210,50,2,-2,-1,8.0,-1
12,5,210,80,43,27,-1,8.0,1
12,5,240,100,79,40,0,1.0,-1
12,5,230,90,105,73,-1,8.0,-10
12,5,210,70,94,72,-1,8.0,1
12,5,180,40,34,20,0,1.0,-8
12,5,160,60,63,32,0,1.0,1
12,5,150,40,64,25,0,6.0,3
12,5,230,90,90,76,0,8.0,0
12,5,240,80,63,42,0,5.0,0
12,5,210,90,72,50,0,8.0,3
12,5,230,60,31,-7,0,3.0,0
12,5,240,50,17,13,0,8.0,-1
12,5,210,70,36,19,-1,8.0,2
12,5,210,100,75,59,0,8.0,3
12,5,220,60,57,45,0,0.0,-2
12,5,210,70,79,68,3,8.0,-1
12,5,220,90,55,37,-1,8.0,2
12,5,190,80,55,25,-1,7.0,4
12,5,190,60,91,84,17,8.0,-8
12,5,230,60,45,38,6,8.0,7
12,5,210,50,32,17,0,5.0,-1
12,5,220,40,4,-6,0,6.0,-3
12,5,270,20,-12,-18,0,7.0,-9
12,5,210,80,25,12,0,7.0,-2
12,5,260,40,45,44,0,8.0,-1
12,5,270,20,5,2,0,7.0,-2
12,5,240,30,-16,-19,0,2.0,1
12,5,230,40,1,-1,0,8.0,0
12,5,110,20,-31,-53,0,1.0,-4
12,5,190,100,53,18,-1,8.0,-13
12,5,180,80,52,26,0,7.0,1
12,5,220,120,90,68,12,8.0,2
12,5,190,80,57,37,2,8.0,5
12,5,230,80,27,19,3,8.0,5
12,5,340,30,12,7,0,8.0,1
12,5,250,30,14,11,0,5.0,2
12,5,210,40,16,13,-1,7.0,4
12,5,190,50,26,20,-1,8.0,2
12,5,160,40,110,83,0,3.0,3
12,5,200,40,107,90,0,4.0,-2
12,5,210,70,106,68,0,7.0,-15
12,5,170,40,51,25,0,1.0,4
12,5,170,60,88,63,0,0.0,-6
12,5,180,60,120,88,0,7.0,1
12,5,150,40,82,66,0,3.0,-2
12,5,190,80,150,95,0,7.0,-4
12,5,210,70,101,64,0,6.0,-7
12,5,190,70,91,59,-1,8.0,3
12,5,220,100,108,73,0,6.0,-2
12,5,220,90,134,115,0,8.0,0
12,5,240,150,111,70,0,3.0,1
12,5,240,90,87,55,0,7.0,-3
12,5,230,90,48,27,0,7.0,0
12,5,250,70,17,-4,0,4.0,3
12,5,200,20,-6,-15,0,4.0,-4
12,5,160,40,16,-6,0,7.0,2
12,5,70,20,54,48,1,8.0,-5
12,5,90,60,19,6,0,2.0,-1
12,5,90,40,-6,-36,0,2.0,-5
12,5,100,10,-42,-66,0,0.0,-3
12,5,150,10,-37,-55,0,0.0,3
12,5,190,30,7,-38,0,7.0,4
12,5,40,50,7,1,0,8.0,-3
12,5,50,50,-14,-18,1,8.0,1
12,5,60,40,-5,-9,-1,8.0,2
12,5,240,60,0,-3,1,8.0,2
12,5,220,50,1,-10,0,7.0,2
12,5,230,60,3,-9,0,7.0,0
12,5,230,40,9,4,0,8.0,2
12,5,210,40,118,116,0,8.0,0
12,5,320,20,78,76,0,8.0,-7
12,5,90,20,86,86,0,8.0,-1
12,5,200,50,93,82,0,8.0,2
12,5,220,40,60,46,0,8.0,-2
12,5,300,70,94,61,-1,8.0,-7
12,5,130,10,6,5,0,0.0,3
12,5,110,10,-13,-15,0,1.0,6
12,5,70,20,-21,-29,0,0.0,4
12,5,80,40,-14,-29,0,0.0,-4
12,5,70,20,-10,-13,0,8.0,21
12,5,50,20,25,25,0,8.0,0
12,5,30,40,24,22,0,8.0,1
12,5,60,30,-62,-109,0,0.0,-3
12,5,50,30,-58,-80,0,0.0,-3
12,5,40,40,-10,-18,0,8.0,4
12,5,250,30,-24,-30,0,8.0,-1
12,5,990,10,-3,-4,0,8.0,1
12,5,220,40,21,21,1,8.0,1
12,5,310,30,3,-5,0,1.0,-7
12,5,230,100,13,-11,0,8.0,-5
12,5,240,40,15,13,0,7.0,1
12,5,360,20,-37,-44,-1,0.0,0
12,5,220,80,-29,-59,-1,8.0,5
12,5,230,110,55,44,-1,8.0,0
12,5,250,50,17,9,-1,8.0,-7
12,5,210,40,-29,-34,0,3.0,4
12,5,230,70,67,59,3,8.0,0
12,5,210,50,23,0,-1,8.0,-17
12,5,220,50,-5,-19,0,8.0,1
12,5,230,20,-37,-40,0,9.0,2
12,5,160,40,57,42,0,7.0,-2
12,5,190,50,56,41,0,6.0,-3
12,5,170,20,66,62,1,8.0,0
12,5,230,20,47,44,0,9.0,0
12,5,80,20,43,26,0,8.0,-16
12,5,20,70,24,10,0,8.0,-6
12,5,50,50,10,-5,0,8.0,-1
12,5,70,50,-12,-40,0,8.0,1
12,5,40,50,-50,-80,0,0.0,-2
12,5,80,100,-53,-97,0,8.0,3
12,5,70,80,-65,-99,0,0.0,-3
12,5,90,40,-38,-71,0,7.0,7
12,5,70,20,-13,-28,0,8.0,3
12,5,80,20,28,19,0,8.0,2
12,5,100,40,23,15,-1,8.0,0
12,5,210,90,68,57,4,8.0,0
12,5,310,30,22,13,0,8.0,-1
12,5,30,30,-14,-26,0,0.0,-7
12,5,70,30,-6,-20,0,4.0,-7
12,5,170,10,-30,-44,0,0.0,-2
12,5,0,0,38,36,-1,8.0,-3
12,5,160,40,86,84,4,8.0,3
12,5,120,10,60,57,1,8.0,0
12,5,210,60,104,97,5,8.0,1
12,5,180,30,103,87,0,8.0,-2
12,5,150,50,90,65,0,8.0,2
12,5,190,60,123,96,1,8.0,-2
12,5,230,50,94,85,-1,8.0,1
12,5,220,70,66,53,0,3.0,5
12,5,240,100,124,101,-1,8.0,-4
12,5,40,40,4,0,4,8.0,4
12,5,160,60,116,85,-1,8.0,-2
12,5,210,10,69,51,0,7.0,4
12,5,120,20,59,54,0,8.0,-1
12,5,40,60,41,41,0,8.0,2
12,5,20,20,44,36,0,8.0,0
12,5,230,50,31,27,0,8.0,0
12,5,50,20,-30,-46,0,0.0,-4
12,5,80,40,-36,-55,0,0.0,-3
12,5,120,20,-42,-73,0,0.0,-9
12,5,240,10,-33,-68,0,0.0,-17
12,5,210,60,-6,-24,0,8.0,-1
12,5,210,20,8,7,0,9.0,11
12,5,210,100,108,101,28,8.0,2
12,5,270,60,70,49,-1,7.0,-1
12,5,270,50,23,1,0,8.0,-3
12,5,290,30,31,11,0,8.0,0
12,5,200,20,27,21,0,8.0,5
12,5,90,30,5,-21,0,0.0,9
12,5,200,50,27,11,0,0.0,5
12,5,210,40,81,72,0,8.0,1
12,5,240,110,55,8,0,5.0,-6
12,5,260,50,11,5,0,7.0,-2
12,5,220,50,3,0,-1,8.0,-3
12,5,190,30,12,-2,0,8.0,-4
12,5,210,70,55,42,0,8.0,2
12,5,200,60,63,47,0,8.0,-3
12,5,220,70,72,59,16,8.0,-4
12,5,190,110,84,57,-1,8.0,0
12,5,220,70,18,-3,0,4.0,-2
12,5,10,10,-17,-21,0,5.0,-1
12,5,10,30,19,12,0,8.0,1
12,5,350,20,14,12,0,9.0,-1
12,5,250,10,20,16,0,5.0,-12
12,5,110,20,-4,-9,0,0.0,-12
12,5,210,30,-11,-17,0,7.0,5
12,5,200,40,24,9,0,8.0,1
12,5,210,40,55,52,0,8.0,0
12,5,200,30,29,27,0,8.0,-2
12,5,70,30,52,35,0,8.0,3
12,5,80,60,2,-4,0,3.0,-2
12,5,240,10,-40,-47,0,9.0,4
12,5,170,20,8,6,0,8.0,1
12,5,60,40,-21,-25,0,9.0,1
12,5,170,20,-25,-39,0,8.0,-1
12,5,190,20,-47,-60,0,0.0,12
12,5,200,50,7,-39,0,0.0,10
12,5,190,50,34,7,0,0.0,0
12,5,230,80,58,38,0,8.0,-3
12,5,300,40,20,6,4,8.0,-1
12,5,50,30,20,15,0,8.0,-4
12,5,150,20,-58,-67,0,0.0,4
12,5,180,20,-56,-89,0,0.0,-10
12,5,200,50,2,-4,0,8.0,1
12,5,220,80,55,51,1,8.0,5
12,5,220,90,82,68,0,8.0,5
12,5,230,60,52,32,0,8.0,-4
12,5,0,0,14,8,0,8.0,3
12,5,340,10,-10,-13,0,9.0,-3
12,5,190,80,-1,-22,0,8.0,6
12,5,230,50,21,8,0,7.0,-2
12,5,200,70,37,16,0,8.0,2
12,5,220,70,81,68,0,8.0,3
12,5,180,60,-6,-41,0,0.0,-4
12,5,160,50,23,-29,0,0.0,2
12,5,190,80,68,31,0,2.0,-1
12,5,210,70,76,56,0,8.0,-2
12,5,220,60,57,45,0,8.0,1
12,5,220,60,50,28,0,8.0,-1
12,5,240,40,51,43,1,8.0,0
12,5,160,40,48,15,0,8.0,-5
12,5,30,30,24,5,0,7.0,2
12,5,40,10,-28,-32,0,9.0,-6
12,5,180,10,-33,-37,0,0.0,-2
12,5,350,20,21,-1,0,8.0,1
12,5,360,20,46,24,0,8.0,-5
12,5,250,30,37,31,3,8.0,1
12,5,270,20,50,46,0,7.0,0
12,5,240,70,70,65,23,8.0,6
12,5,290,30,9,2,1,8.0,-8
12,5,260,30,3,-1,1,8.0,1
12,5,210,80,4,1,2,8.0,-2
12,5,220,50,35,33,0,8.0,-3
12,5,210,40,27,19,0,8.0,-1
12,5,230,60,43,40,4,8.0,1
12,5,240,40,61,47,0,8.0,0
12,5,220,50,61,42,-1,8.0,-1
12,5,210,40,39,37,1,9.0,1
12,5,280,20,21,13,0,8.0,-3
12,5,50,40,-24,-30,-1,8.0,-2
12,5,30,50,-26,-30,1,8.0,1
12,5,230,30,-40,-45,2,8.0,3
12,5,190,50,-25,-43,0,6.0,-4
12,5,210,80,48,35,0,8.0,-2
12,5,190,70,79,51,0,1.0,-1
12,5,190,70,95,35,0,8.0,-1
12,5,190,50,88,67,0,1.0,7
12,5,220,90,88,57,-1,8.0,-2
12,5,220,110,131,96,0,8.0,1
12,5,220,90,101,70,0,7.0,-2
12,5,190,100,68,28,0,7.0,1
12,5,180,60,96,61,0,8.0,2
12,5,220,40,56,46,0,4.0,-8
12,5,210,40,22,15,0,0.0,3
12,5,200,110,53,17,0,8.0,-1
12,5,270,40,73,66,0,8.0,-7
12,5,220,80,82,62,0,8.0,4
12,5,210,80,77,53,0,8.0,2
12,5,200,70,57,17,0,0.0,5
12,5,200,80,68,23,0,8.0,0
12,5,190,50,32,29,0,4.0,-1
12,5,210,40,25,24,0,9.0,2
12,5,350,20,15,12,0,9.0,0
12,5,180,20,13,12,0,9.0,2
12,5,280,10,37,32,0,8.0,1
12,5,70,20,16,14,0,0.0,7
12,5,70,40,33,18,0,8.0,0
12,5,50,40,9,8,0,9.0,0
12,5,70,60,-1,-1,0,9.0,3
12,5,100,30,9,8,0,8.0,-2
12,5,250,30,-2,-16,0,8.0,1
12,5,210,60,14,-3,0,8.0,2
12,5,160,30,28,25,0,0.0,4
12,5,190,80,85,-9,0,8.0,3
12,5,230,100,91,56,-1,8.0,0
12,5,200,90,80,72,7,8.0,8
12,5,220,90,73,51,0,7.0,4
12,5,250,40,69,63,5,8.0,4
12,5,230,30,47,41,0,8.0,1
12,5,200,80,105,87,0,8.0,0
12,5,230,80,85,67,0,1.0,-1
12,5,230,110,129,115,3,8.0,-10
12,5,240,60,58,35,0,8.0,-2
12,5,230,70,80,58,-1,8.0,-4
12,5,240,60,63,60,17,8.0,1
12,5,320,50,58,40,-1,8.0,-3
12,5,220,20,9,9,0,9.0,4
12,5,30,20,8,7,0,8.0,2
12,5,40,20,-16,-17,0,8.0,5
12,5,80,40,-8,-37,0,0.0,-5
12,5,60,30,-31,-51,0,0.0,3
12,5,60,50,-33,-40,0,0.0,5
12,5,70,60,-29,-44,0,0.0,0
12,5,40,30,-49,-53,0,0.0,16
12,5,40,30,-46,-47,0,9.0,0
12,5,50,10,-47,-48,0,9.0,-4
12,5,190,30,-51,-59,0,0.0,8
12,5,210,40,4,-38,0,7.0,-15
12,5,190,30,-15,-15,0,1.0,4
12,5,190,50,18,-11,0,0.0,1
12,5,210,40,20,16,0,8.0,3
12,5,210,60,25,15,0,8.0,-8
12,5,190,70,63,50,0,8.0,-6
12,5,200,110,38,26,-1,8.0,10
12,5,250,50,54,48,3,8.0,-2
12,5,230,20,38,37,4,8.0,-3
12,5,190,20,26,9,0,1.0,-1
12,5,250,30,41,39,0,8.0,1
12,5,190,30,1,-2,5,8.0,0
12,5,190,40,-4,-11,0,8.0,3
12,5,210,60,62,42,-1,8.0,-3
12,5,240,30,46,42,-1,8.0,-1
12,5,280,20,42,39,-1,8.0,-1
12,5,200,40,-5,-7,0,3.0,2
12,5,220,50,4,-7,0,8.0,1
12,5,240,20,16,13,1,8.0,2
12,5,200,40,20,13,0,8.0,-7
12,5,190,50,-2,-8,0,1.0,1
12,5,110,40,-40,-51,0,0.0,2
12,5,140,40,44,9,0,8.0,3
12,5,40,50,-13,-15,0,0.0,6
12,5,70,30,17,11,0,8.0,0
12,5,220,50,-12,-13,0,8.0,0
12,5,210,50,18,18,0,8.0,5
12,5,260,30,78,75,4,8.0,-1
12,5,230,70,71,69,-1,8.0,6
12,5,260,40,93,92,1,8.0,-2
12,5,240,50,82,81,2,8.0,1
12,5,210,10,48,48,0,9.0,-6
12,5,260,10,56,55,0,8.0,1
12,5,40,40,36,35,0,8.0,-14
12,5,50,70,-15,-45,0,0.0,-1
12,5,60,50,-38,-49,0,0.0,-3
12,5,60,50,-42,-60,0,0.0,0
12,5,70,50,-50,-64,0,0.0,-4
12,5,0,0,-57,-65,0,0.0,-9
12,5,180,20,-30,-40,0,8.0,-5
12,5,120,20,39,26,0,8.0,-2
12,5,190,40,52,37,0,8.0,-9
12,5,190,80,92,66,0,8.0,-5
12,5,210,70,33,15,5,8.0,-7
12,5,170,80,44,22,8,8.0,6
12,5,200,80,111,83,0,8.0,-3
12,5,200,60,56,36,0,0.0,0
12,5,230,50,63,51,7,8.0,3
12,5,180,60,47,31,0,2.0,7
12,5,250,50,105,94,8,8.0,-6
12,5,310,40,77,66,-1,8.0,0
12,5,360,20,35,23,0,8.0,-1
12,5,20,50,10,-7,0,8.0,0
12,5,40,30,-45,-56,0,0.0,-7
12,5,30,30,-68,-81,0,0.0,4
12,5,260,10,-29,-43,0,8.0,-1
12,5,190,60,-30,-58,0,8.0,2
12,5,70,40,-43,-68,0,8.0,-8
12,5,50,50,-115,-148,0,4.0,-2
12,5,200,110,-57,-109,0,8.0,8
12,5,210,80,-40,-73,0,0.0,3
12,5,100,10,11,6,18,8.0,0
12,5,230,40,-8,-10,0,9.0,-3
12,5,140,20,-3,-15,0,0.0,-28
12,5,230,60,33,30,5,8.0,-21
12,5,200,70,19,4,0,0.0,0
12,5,200,90,27,-10,0,0.0,-1
12,5,230,60,31,6,0,8.0,1
12,5,90,40,-6,-22,0,0.0,6
12,5,200,40,88,74,0,8.0,-3
12,5,40,50,8,5,0,9.0,-1
12,5,50,90,-54,-85,0,8.0,-6
12,5,70,40,-72,-87,1,8.0,-1
12,5,40,20,-63,-68,0,8.0,-1
12,5,200,70,-54,-74,0,0.0,-1
12,5,200,90,15,10,6,8.0,2
12,5,170,20,-30,-31,0,1.0,-3
12,5,40,20,-34,-35,0,9.0,5
12,5,20,50,-14,-15,-1,8.0,0
12,5,240,40,-2,-3,0,8.0,0
12,5,260,20,24,23,1,8.0,1
12,5,260,40,50,45,0,8.0,1
12,5,300,30,33,21,0,2.0,-1
12,5,40,30,-59,-73,0,0.0,-5
12,5,20,80,-18,-40,0,8.0,-7
12,5,250,30,-32,-44,-1,8.0,3
12,5,200,60,-28,-30,0,8.0,3
12,5,270,30,-23,-25,0,8.0,0
12,5,210,40,-67,-73,0,7.0,4
12,5,220,40,-11,-17,-1,8.0,0
12,5,260,20,-39,-41,0,8.0,-3
12,5,60,20,-17,-19,1,8.0,1
12,5,60,40,4,3,0,9.0,-2
12,5,10,20,-29,-30,1,8.0,-1
12,5,20,100,-21,-22,4,8.0,1
12,5,20,50,-55,-71,0,7.0,-3
12,5,220,40,-22,-25,0,8.0,5
12,5,230,50,-13,-18,0,8.0,-1
12,5,100,30,-11,-36,0,8.0,0
12,5,90,20,9,-1,0,8.0,-3
12,5,90,10,7,5,0,8.0,0
12,5,170,30,-14,-14,0,9.0,-2
12,5,200,80,94,63,0,8.0,-1
12,5,220,90,108,77,0,8.0,-37
12,5,210,110,60,28,0,8.0,1
12,5,260,40,85,69,3,8.0,-4
12,5,260,50,36,14,-1,7.0,-6
12,5,230,60,26,10,0,4.0,1
12,5,220,90,65,46,-1,8.0,-1
12,5,230,60,31,0,0,2.0,-5
12,5,250,60,74,40,0,8.0,-7
12,5,230,40,16,0,0,1.0,-3
12,5,200,50,2,-12,0,6.0,-2
12,5,200,50,80,71,3,8.0,1
12,5,200,150,60,40,8,8.0,11
12,5,150,50,61,36,5,7.0,9
12,5,220,80,51,20,0,8.0,-2
12,5,140,80,59,46,50,8.0,15
12,5,280,30,26,20,1,8.0,-5
12,5,260,30,4,-2,8,8.0,-2
12,5,250,40,9,3,0,8.0,1
12,5,220,60,22,18,5,8.0,10
12,5,220,40,35,27,-1,4.0,1
12,5,210,40,66,65,0,9.0,14
12,5,230,50,85,76,0,8.0,2
12,5,300,50,48,36,4,8.0,-1
12,5,230,80,59,39,0,8.0,0
12,5,230,80,84,76,0,8.0,-1
12,5,240,40,85,68,0,8.0,-2
12,5,200,50,55,42,0,8.0,-1
12,5,240,60,39,16,0,5.0,-1
12,5,290,50,44,-2,-1,7.0,-4
12,5,200,80,38,28,4,8.0,1
12,5,220,40,14,11,0,8.0,4
12,5,250,40,5,2,8,8.0,1
12,5,200,60,-4,-24,0,2.0,4
12,5,240,40,35,26,0,8.0,-7
12,5,250,30,25,20,0,8.0,-3
12,5,270,30,-11,-22,0,1.0,-1
12,5,190,100,-1,-25,1,8.0,-2
12,5,20,20,-43,-51,0,0.0,-6
12,5,220,100,-3,-8,4,8.0,4
12,5,260,30,28,22,-1,8.0,0
12,5,350,40,-8,-23,-1,8.0,1
12,5,200,70,-27,-43,0,8.0,1
12,5,80,20,-46,-69,0,8.0,7
12,5,150,40,40,25,0,8.0,4
12,5,200,60,77,60,0,8.0,-7
12,5,220,80,75,54,-1,8.0,0
12,5,200,50,63,59,0,8.0,1
12,5,210,50,50,40,2,8.0,1
12,5,200,30,52,49,0,8.0,-1
12,5,90,40,19,1,0,8.0,-3
12,5,200,40,66,63,0,8.0,1
12,5,210,50,68,56,0,8.0,-1
12,5,230,90,119,114,12,8.0,1
12,5,210,10,86,83,2,8.0,4
12,5,220,90,114,63,-1,8.0,-18
12,5,230,50,69,59,3,8.0,-5
12,5,230,80,78,50,0,6.0,2
12,5,240,30,56,49,0,8.0,0
12,5,210,80,100,89,-1,8.0,1
12,5,220,90,70,33,0,8.0,1
12,5,210,90,73,44,0,0.0,1
12,5,250,20,43,43,0,9.0,-5
12,5,40,30,58,48,0,8.0,2
12,5,230,20,-10,-12,0,0.0,-11
12,5,230,40,25,18,0,8.0,3
12,5,200,50,11,8,0,6.0,-3
12,5,270,50,30,-29,0,1.0,-2
12,5,240,30,24,10,0,8.0,2
12,5,230,60,60,50,-1,7.0,1
12,5,230,70,60,31,0,7.0,1
12,5,150,10,24,19,0,0.0,-10
12,5,150,20,3,0,0,0.0,0
12,5,110,20,-16,-16,0,0.0,-6
12,5,200,40,-12,-21,0,0.0,10
12,5,210,40,47,44,8,8.0,0
12,5,210,90,71,17,-1,8.0,-6
12,5,210,60,66,22,0,1.0,-7
12,5,200,80,71,-2,0,0.0,-3
12,5,210,60,87,45,0,8.0,0
12,5,190,90,85,71,19,8.0,3
12,5,210,50,42,31,0,8.0,5
12,5,210,90,56,20,0,8.0,1
12,5,200,100,57,45,-1,8.0,5
12,5,220,60,59,35,0,7.0,-8
12,5,200,160,113,38,-1,8.0,-2
12,5,220,80,91,65,0,8.0,-7
12,5,160,10,50,32,0,8.0,2
12,5,190,90,61,22,0,8.0,4
12,5,990,10,67,64,27,8.0,-1
12,5,220,70,59,35,-1,8.0,-2
12,5,190,60,33,14,0,0.0,3
12,5,180,50,51,30,-1,8.0,2
12,5,50,60,22,13,0,8.0,0
12,5,50,30,12,9,-1,8.0,-1
12,5,40,40,2,-9,0,8.0,-1
12,5,40,30,-8,-18,0,8.0,3
12,5,170,10,26,12,0,8.0,1
12,5,250,20,44,41,0,8.0,0
12,5,210,40,22,22,0,9.0,-1
12,5,210,40,12,-5,0,0.0,-6
12,5,240,20,26,20,0,8.0,2
12,5,200,120,44,29,8,8.0,-1
12,5,230,100,54,31,0,5.0,4
12,5,210,120,82,46,-1,8.0,-5
12,5,220,40,55,32,0,8.0,-9
12,5,220,30,15,12,0,8.0,7
12,5,190,110,28,-5,0,8.0,0
12,5,220,40,51,47,0,8.0,1
12,5,200,60,43,26,-1,8.0,3
12,5,220,70,104,101,4,8.0,1
12,5,220,100,108,93,-1,8.0,-2
12,5,230,50,41,21,0,0.0,-4
12,5,200,30,24,19,0,8.0,18
12,5,230,120,82,60,0,8.0,-2
12,5,230,80,105,70,0,8.0,-4
12,5,210,120,80,45,0,8.0,0
12,5,230,50,35,9,0,0.0,2
12,5,240,20,26,23,0,8.0,-6
12,5,140,80,15,5,21,8.0,-1
12,5,40,100,-38,-74,0,3.0,-4
12,5,230,40,-12,-32,-1,8.0,2
12,5,210,40,16,13,0,8.0,3
12,5,210,30,25,13,0,8.0,1
12,5,270,30,92,89,14,8.0,-3
12,5,230,40,101,58,0,8.0,-3
12,5,200,60,79,40,0,8.0,-3
12,5,210,80,86,70,14,8.0,-2
12,5,200,90,55,30,0,8.0,-4
12,5,220,90,71,49,0,8.0,5
12,5,200,50,101,72,0,8.0,-1
12,5,170,50,92,57,0,0.0,-2
12,5,250,30,74,55,0,6.0,-10
12,5,190,80,37,17,0,0.0,-4
12,5,210,60,49,31,2,8.0,7
12,5,240,30,64,54,0,8.0,1
12,5,230,80,90,73,-1,8.0,-5
12,5,90,20,52,49,0,2.0,12
12,5,200,20,68,44,0,8.0,-2
12,5,200,60,99,92,1,8.0,2
12,5,200,60,119,107,0,8.0,6
12,5,230,40,118,99,0,7.0,1
12,5,200,40,107,89,0,8.0,0
12,5,190,60,121,71,0,7.0,-1
12,5,220,70,99,69,0,8.0,-7
12,5,200,80,103,95,20,8.0,1
12,5,220,100,105,89,1,8.0,4
12,5,190,40,92,66,0,8.0,5
12,5,220,60,82,50,0,8.0,-4
12,5,210,70,131,76,0,8.0,-16
12,5,200,50,96,57,0,8.0,-2
12,5,140,30,74,33,0,6.0,-6
12,5,190,60,67,33,0,5.0,6
12,5,150,20,60,37,0,1.0,7
12,5,200,80,77,56,8,8.0,1
12,5,210,30,16,-13,0,8.0,5
12,5,250,20,61,57,0,8.0,2
12,5,100,20,-15,-15,0,9.0,-7
12,5,80,40,-24,-44,0,0.0,-7
12,5,120,10,-30,-55,0,0.0,1
12,5,190,30,-11,-24,0,7.0,-1
12,5,200,40,37,8,0,8.0,6
12,5,210,40,51,0,0,8.0,8
12,5,220,40,78,43,0,8.0,1
12,5,200,50,58,37,0,8.0,-1
12,5,270,40,80,69,-1,8.0,-5
12,5,230,20,64,57,0,8.0,1
12,5,200,30,60,31,0,8.0,1
12,5,170,40,68,53,0,8.0,-2
12,5,60,30,21,18,0,4.0,5
12,5,110,10,31,20,0,8.0,1
12,5,200,30,21,14,0,2.0,5
12,5,230,20,53,47,0,8.0,0
12,5,80,20,48,42,0,8.0,-14
12,5,100,20,-19,-26,0,2.0,-1
12,5,200,50,10,-8,0,1.0,6
12,5,200,50,50,43,6,8.0,1
12,5,200,50,41,30,0,8.0,0
12,5,230,50,70,61,0,8.0,2
12,5,230,60,80,61,-1,8.0,3
12,5,220,70,100,88,-1,8.0,0
12,5,240,30,24,2,0,0.0,-7
12,5,200,20,26,25,0,9.0,0
12,5,0,0,-42,-48,0,0.0,-1
12,5,200,20,-40,-52,0,0.0,-1
12,5,240,20,-35,-43,0,0.0,-9
12,5,90,10,7,5,4,8.0,10
12,5,40,10,-2,-2,0,9.0,0
12,5,190,50,-8,-24,-1,8.0,3
12,5,220,30,36,33,-1,8.0,-1
12,5,220,50,50,31,0,8.0,-2
12,5,230,40,61,36,0,8.0,2
12,5,220,80,26,-1,0,8.0,-4
12,5,230,50,28,13,0,1.0,-5
12,5,230,50,-3,-27,0,7.0,3
12,5,200,60,14,-6,-1,8.0,2
12,5,60,60,20,10,0,8.0,-2
12,5,250,50,14,6,0,8.0,1
12,5,190,80,28,9,0,7.0,5
12,5,250,100,39,2,1,8.0,-5
12,5,220,50,32,16,0,8.0,1
12,5,240,20,23,20,-1,8.0,-2
12,5,250,40,9,3,1,8.0,-2
12,5,260,20,43,40,2,8.0,13
12,5,210,10,37,35,0,8.0,4
12,5,240,30,60,54,0,8.0,0
12,5,240,30,72,72,-1,9.0,1
12,5,260,30,94,93,1,8.0,0
12,5,250,30,82,75,0,8.0,0
12,5,230,90,84,62,0,8.0,-2
12,5,220,70,77,55,0,8.0,-2
12,5,210,100,72,28,-1,8.0,-13
12,5,180,60,56,22,-1,8.0,0
12,5,270,40,19,13,-1,8.0,-16
12,5,190,50,-2,-13,0,0.0,5
12,5,200,70,48,28,1,8.0,0
12,5,220,90,123,93,2,8.0,2
12,5,200,40,50,42,0,8.0,8
12,5,200,60,96,89,10,8.0,2
12,5,240,50,125,111,10,8.0,-1
12,5,270,30,68,61,-1,4.0,-8
12,5,150,20,30,9,0,8.0,7
12,5,220,50,99,95,1,8.0,4
12,5,210,70,106,101,4,8.0,1
12,5,240,80,70,42,-1,8.0,-7
12,5,260,70,88,49,1,8.0,0
12,5,250,30,39,29,7,8.0,-4
12,5,250,20,30,15,-1,8.0,-2
12,5,990,10,-12,-13,0,0.0,1
12,5,70,50,-4,-12,0,0.0,1
12,5,40,30,-4,-16,0,8.0,1
12,5,140,20,-3,-54,0,8.0,-1
12,5,190,40,3,-12,0,8.0,1
12,5,190,50,55,42,2,8.0,-1
12,5,180,40,52,30,0,8.0,-4
12,5,210,70,76,51,0,8.0,1
12,5,190,50,64,52,0,8.0,0
12,5,190,80,83,70,29,8.0,5
12,5,250,70,104,80,-1,7.0,-1
12,5,230,40,82,71,0,8.0,0
12,5,290,20,57,51,0,8.0,0
12,5,190,40,10,-2,0,8.0,-3
12,5,200,30,-25,-39,0,8.0,-1
12,5,180,20,-1,-51,0,8.0,-13
12,5,240,10,-10,-14,0,1.0,-8
12,5,200,60,19,16,1,8.0,3
12,5,270,30,66,45,0,8.0,-2
12,5,230,20,81,79,2,9.0,2
12,5,60,50,0,-6,0,8.0,2
12,5,210,30,-22,-24,0,2.0,10
12,5,210,30,49,49,0,9.0,0
12,5,990,10,-1,-5,0,0.0,-8
12,5,180,40,-12,-19,0,1.0,4
12,5,210,90,19,-10,-1,8.0,6
12,5,240,50,84,68,0,8.0,-2
12,5,210,90,98,62,0,8.0,2
12,5,200,90,66,39,1,8.0,-1
12,5,210,40,10,6,0,1.0,-1
12,5,200,70,54,38,-1,8.0,-4
12,5,230,40,45,36,1,8.0,-2
12,5,170,50,43,26,3,8.0,1
12,5,240,70,73,69,3,8.0,-24
12,5,220,100,105,68,-1,8.0,-34
12,5,190,40,70,51,0,8.0,-1
12,5,190,50,112,71,0,8.0,1
12,5,190,40,67,55,0,8.0,-4
12,5,160,40,113,75,0,8.0,-3
12,5,180,80,136,56,0,8.0,-2
12,5,180,60,74,47,0,8.0,-5
12,5,180,40,90,63,-1,8.0,1
12,5,240,50,72,59,-1,8.0,2
12,5,180,40,64,37,0,8.0,7
12,5,280,40,73,65,9,8.0,-5
12,5,160,20,48,43,0,8.0,1
12,5,50,40,54,51,0,8.0,0
12,5,180,10,16,5,0,8.0,-17
12,5,150,10,-20,-29,0,1.0,-2
12,5,220,30,11,-58,0,8.0,-3
12,5,210,10,20,-55,0,8.0,0
12,5,250,30,59,52,-1,8.0,-2
12,5,60,20,54,50,0,8.0,-1
12,5,200,40,51,34,0,8.0,-1
12,5,180,70,76,34,-1,8.0,-2
12,5,100,20,15,1,0,8.0,7
12,5,40,20,1,-4,0,8.0,9
12,5,230,40,16,10,-1,8.0,2
12,5,100,30,3,-11,0,8.0,-8
12,5,190,20,2,-5,0,8.0,1
12,5,140,30,-1,-21,0,2.0,-5
12,5,140,40,16,-11,0,8.0,3
12,5,200,40,64,55,0,8.0,-2
12,5,230,40,67,59,-1,8.0,-2
12,5,200,60,81,60,-1,8.0,8
12,5,190,40,84,75,12,8.0,0
12,5,130,30,52,38,0,8.0,-5
12,5,210,50,98,77,1,8.0,-5
12,5,190,50,70,46,0,4.0,-1
12,5,170,30,73,45,0,0.0,7
12,5,180,40,97,68,0,8.0,-4
12,5,180,50,68,40,0,8.0,3
12,5,220,80,133,120,5,8.0,-1
12,5,200,30,115,108,4,8.0,0
12,5,220,40,73,54,1,8.0,-4
12,5,340,20,17,9,0,8.0,-5
12,5,200,40,21,12,0,8.0,-3
12,5,200,110,47,12,0,8.0,5
12,5,170,30,24,13,0,3.0,-2
12,5,210,30,2,-5,0,8.0,-1
12,5,230,30,27,16,0,8.0,-2
12,5,170,30,24,15,8,8.0,-1
12,5,150,15,18,15,-1,9.0,2
12,5,50,26,36,32,0,8.0,0
12,5,20,21,-7,-11,-1,8.0,-1
12,5,60,10,3,-5,0,8.0,-1
12,5,330,26,57,47,-1,7.0,4
12,5,20,26,-13,-17,0,0.0,-7
12,5,240,21,9,-17,0,8.0,0
12,5,0,0,15,12,0,7.0,-2
12,5,20,10,-12,-13,0,7.0,10
12,5,90,51,-34,-79,0,0.0,-5
12,5,90,67,-20,-69,0,0.0,-2
12,5,180,26,-6,-36,0,7.0,-3
12,5,200,26,-20,-37,0,0.0,-5
12,5,220,36,-15,-53,0,0.0,3
12,5,170,31,-32,-46,0,0.0,0
12,5,180,36,17,-24,0,7.0,6
12,5,180,31,34,33,0,8.0,2
12,5,280,87,62,25,0,6.0,-1
12,5,210,77,69,65,30,8.0,17
12,5,260,51,42,-14,0,2.0,1
12,5,220,46,29,20,4,8.0,-7
12,5,270,77,110,104,5,8.0,-3
12,5,240,62,114,86,0,8.0,2
12,5,300,72,45,10,-1,5.0,-1
12,5,280,31,29,16,0,7.0,5
12,5,240,72,49,21,0,8.0,3
12,5,320,62,72,15,0,7.0,-2
12,5,240,15,41,31,0,6.0,2
12,5,260,26,49,39,0,8.0,0
12,5,220,5,48,47,0,8.0,-1
12,5,180,5,40,37,0,8.0,0
12,5,240,51,76,36,0,1.0,-6
12,5,180,67,63,48,0,3.0,7
12,5,240,46,64,19,0,6.0,-2
12,5,210,77,49,24,-1,7.0,0
12,5,190,46,16,7,0,1.0,1
12,5,210,31,15,9,0,1.0,0
12,5,140,67,35,29,9,8.0,5
12,5,160,10,3,0,0,9.0,5
12,5,60,31,23,22,-1,8.0,-5
12,5,20,31,30,21,0,8.0,1
12,5,210,31,21,6,0,8.0,3
12,5,320,51,72,61,1,8.0,-3
12,5,230,36,33,18,0,1.0,3
12,5,250,46,91,69,0,8.0,1
12,5,220,36,63,33,0,8.0,-3
12,5,180,51,56,24,0,0.0,-7
12,5,210,21,62,56,0,8.0,1
12,5,160,67,62,35,0,4.0,-3
12,5,310,36,94,86,4,8.0,-13
12,5,50,57,46,40,1,8.0,-8
12,5,70,46,25,7,0,8.0,0
12,5,330,15,17,11,0,8.0,6
12,5,30,41,30,24,-1,8.0,0
12,5,30,21,40,37,0,9.0,1
12,5,80,41,31,24,-1,8.0,-2
12,5,70,41,-6,-17,0,8.0,-2
12,5,60,57,-20,-34,0,3.0,-4
12,5,100,51,-23,-34,0,4.0,-1
12,5,70,21,-48,-65,0,1.0,-8
12,5,140,5,-62,-80,0,0.0,-1
12,5,160,5,-95,-103,0,0.0,1
12,5,200,21,-11,-11,-1,8.0,0
12,5,210,67,36,36,0,8.0,4
12,5,230,62,97,88,0,7.0,-2
12,5,200,87,87,67,0,8.0,-2
12,5,230,31,33,32,0,0.0,-6
12,5,210,26,60,60,0,8.0,0
12,5,200,72,64,34,0,7.0,1
12,5,230,41,28,18,0,6.0,-4
12,5,250,118,82,63,8,8.0,4
12,5,200,51,54,47,0,7.0,-4
12,5,240,57,37,25,9,7.0,-1
12,5,200,26,30,26,0,6.0,2
12,5,220,67,101,96,6,8.0,-1
12,5,10,67,30,21,1,8.0,1
12,5,180,103,25,-4,0,7.0,4
12,5,220,72,45,39,3,8.0,5
12,5,250,51,51,45,9,8.0,-3
12,5,220,36,92,87,0,7.0,0
12,5,210,118,110,104,23,8.0,5
12,5,230,21,66,46,-1,8.0,-6
12,5,240,46,67,55,1,7.0,-4
12,5,260,62,46,21,0,1.0,-1
12,5,270,51,37,-5,0,1.0,-5
12,5,180,31,44,34,5,8.0,-12
12,5,0,0,-14,-20,0,2.0,-3
12,5,270,26,0,-13,0,1.0,7
12,5,300,21,24,12,0,8.0,-2
12,5,250,21,21,14,0,8.0,1
12,5,200,46,36,30,0,8.0,3
12,5,230,57,69,42,0,3.0,-3
12,5,220,46,74,60,-1,8.0,9
12,5,0,0,-3,-3,0,0.0,-6
12,5,130,10,-10,-10,0,2.0,0
12,5,170,51,61,54,0,0.0,-2
12,5,180,31,67,67,0,7.0,9
12,5,230,51,103,79,-1,6.0,-6
12,5,250,62,76,27,0,1.0,-16
12,5,180,82,54,24,0,4.0,3
12,5,190,82,69,51,0,6.0,8
12,5,280,36,67,42,0,0.0,-14
12,5,220,26,12,12,0,7.0,4
12,5,240,87,132,100,0,8.0,-4
12,5,240,72,126,98,0,7.0,-7
12,5,260,62,125,107,0,7.0,-3
12,5,320,21,20,8,0,1.0,-17
12,5,0,0,-24,-24,0,0.0,14
12,5,190,41,12,6,-1,8.0,7
12,5,200,31,23,23,0,5.0,2
12,5,190,62,57,45,0,8.0,2
12,5,200,36,24,18,0,0.0,7
12,5,230,26,23,16,-1,5.0,-7
12,5,220,36,18,15,-1,6.0,1
12,5,350,21,-19,-19,0,3.0,-14
12,5,60,36,-15,-15,0,8.0,1
12,5,20,10,-69,-73,0,1.0,-12
12,5,210,41,-45,-49,0,8.0,-2
12,5,210,41,3,-1,7,8.0,1
12,5,220,82,93,85,6,8.0,1
12,5,250,41,123,121,9,8.0,2
12,5,210,82,112,99,7,8.0,-1
12,5,210,67,56,39,-1,5.0,1
12,5,240,62,55,33,0,5.0,-1
12,5,130,46,35,19,0,8.0,0
12,5,150,10,18,18,0,8.0,3
12,5,70,31,21,21,0,8.0,1
12,5,70,51,-14,-25,0,1.0,3
12,5,50,72,-35,-76,0,1.0,3
12,5,70,46,-30,-68,-1,8.0,-2
12,5,100,36,-32,-60,0,7.0,0
12,5,110,21,-49,-49,0,7.0,-16
12,5,20,26,6,2,0,8.0,0
12,5,40,26,-16,-16,0,8.0,1
12,5,30,5,-31,-31,0,9.0,-1
12,5,20,36,41,41,-1,7.0,-3
12,5,360,26,4,4,0,7.0,-2
12,5,40,67,-1,-8,0,8.0,7
12,5,70,62,-1,-42,0,8.0,-1
12,5,70,51,-37,-44,0,0.0,0
12,5,60,21,-49,-52,0,1.0,-3
12,5,230,21,34,34,1,8.0,0
12,5,140,10,17,17,-1,8.0,2
12,5,210,15,29,29,33,8.0,-16
12,5,110,15,-48,-48,0,7.0,8
12,5,170,21,34,34,-1,8.0,10
12,5,190,41,100,100,5,8.0,-3
12,5,40,26,12,6,0,8.0,-3
12,5,140,5,-38,-38,0,8.0,-1
12,5,270,15,8,8,-1,3.0,-9
12,5,10,10,-69,-72,0,0.0,-9
12,5,0,0,-89,-94,0,0.0,-18
12,5,60,15,-93,-101,0,1.0,-3
12,5,90,62,-73,-120,0,0.0,3
12,5,100,46,-10,-20,-1,8.0,0
12,5,270,10,2,-14,0,7.0,11
12,5,280,70,69,32,0,6.0,0
12,5,190,40,20,8,0,5.0,8
12,5,220,40,69,51,2,5.0,-5
12,5,180,20,44,38,0,8.0,-1
12,5,10,30,46,42,-1,8.0,2
12,5,90,40,56,49,-1,8.0,-2
12,5,120,10,27,21,0,8.0,-9
12,5,120,20,-1,-14,0,8.0,0
12,5,120,10,1,-13,0,8.0,0
12,5,60,20,-5,-12,0,8.0,-1
12,5,30,10,-9,-12,-1,8.0,2
12,5,110,10,4,1,0,8.0,1
12,5,0,0,-46,-50,0,0.0,-3
12,5,240,70,42,22,0,8.0,2
12,5,990,10,52,46,0,8.0,-1
12,5,230,20,37,25,0,8.0,-2
12,5,150,20,39,33,0,8.0,1
12,5,120,30,80,79,15,8.0,0
12,5,80,50,31,28,2,8.0,-8
12,5,60,60,-30,-58,0,0.0,-5
12,5,70,50,-52,-98,0,4.0,-2
12,5,70,60,-36,-141,0,7.0,-3
12,5,70,70,-52,-83,0,0.0,-1
12,5,50,10,-51,-74,0,7.0,9
12,5,30,20,-87,-96,0,0.0,1
12,5,160,40,-49,-108,0,8.0,0
12,5,40,40,-105,-128,0,1.0,-2
12,5,20,20,-96,-129,0,7.0,4
12,5,10,50,-9,-29,-1,7.0,-3
12,5,50,50,-98,-134,0,7.0,-5
12,5,270,10,-9,-12,0,1.0,31
12,5,50,20,26,25,1,8.0,-2
12,5,10,30,2,-6,0,8.0,-1
12,5,30,20,8,7,0,8.0,5
12,5,220,20,-30,-31,0,3.0,7
12,5,210,50,10,-17,0,7.0,-1
12,5,210,40,25,9,0,7.0,-19
12,5,190,60,44,-2,-1,8.0,1
12,5,200,50,87,73,0,7.0,-6
12,5,210,50,105,96,2,8.0,2
12,5,220,40,110,96,0,7.0,-4
12,5,270,40,90,81,0,7.0,-2
12,5,280,20,35,25,0,4.0,4
12,5,290,40,75,75,3,8.0,-1
12,5,40,60,16,0,0,7.0,3
12,5,70,80,-11,-50,0,8.0,-1
12,5,80,80,-54,-88,0,1.0,1
12,5,110,50,29,10,0,7.0,0
12,5,130,40,50,49,0,7.0,6
12,5,130,30,21,21,0,1.0,-9
12,5,350,40,27,24,-1,7.0,2
12,5,40,10,30,26,0,8.0,0
12,5,160,10,24,24,0,8.0,1
12,5,210,50,100,94,0,8.0,3
12,5,220,50,94,68,0,1.0,2
12,5,220,80,96,58,0,3.0,-3
12,5,230,30,50,47,0,5.0,3
12,5,250,20,31,31,0,0.0,-5
12,5,240,20,34,28,0,0.0,-1
12,5,170,30,34,25,0,8.0,2
12,5,190,80,86,69,-1,8.0,-2
12,5,60,40,0,-2,0,8.0,-4
12,5,70,60,-31,-57,0,8.0,0
12,5,100,20,-22,-34,0,8.0,0
12,5,220,30,-15,-18,-1,8.0,1
12,5,300,40,-2,-2,2,4.0,0
12,5,280,40,-1,-12,0,3.0,-3
12,5,260,30,0,0,0,7.0,2
12,5,160,20,-34,-34,0,3.0,0
12,5,180,50,21,21,3,8.0,1
12,5,990,10,28,28,0,8.0,1
12,5,140,40,30,30,7,8.0,2
12,5,180,40,73,73,0,8.0,1
12,5,260,80,96,64,0,2.0,-7
12,5,220,50,84,83,1,8.0,5
12,5,220,50,114,105,0,8.0,-2
12,5,240,20,49,49,0,1.0,3
12,5,180,40,41,41,0,8.0,-7
12,5,210,60,42,34,0,8.0,1
12,5,240,60,71,51,0,8.0,-4
12,5,10,10,34,33,1,7.0,-7
12,5,270,20,-16,-20,0,5.0,-3
12,5,210,40,18,15,1,8.0,3
12,5,200,50,43,42,0,8.0,3
12,5,230,20,4,4,5,8.0,5
12,5,210,60,55,55,3,8.0,2
12,5,250,60,73,44,0,5.0,-1
12,5,240,70,101,48,0,8.0,-2
12,5,200,40,86,82,0,7.0,0
12,5,170,20,20,20,0,1.0,-3
12,5,150,20,49,33,0,2.0,1
12,5,140,40,50,36,0,7.0,11
12,5,260,70,115,93,1,8.0,-6
12,5,270,60,78,30,0,7.0,-3
12,5,220,60,79,55,0,8.0,2
12,5,220,30,30,2,0,1.0,6
12,5,260,30,26,14,0,1.0,-9
12,5,200,60,43,28,-1,8.0,10
12,5,220,70,86,74,1,8.0,-1
12,5,200,30,38,19,0,1.0,8
12,5,220,50,83,61,0,7.0,-6
12,5,220,60,60,44,-1,7.0,0
12,5,180,90,52,35,1,8.0,2
12,5,210,50,96,86,2,8.0,-6
12,5,210,40,42,36,10,8.0,6
12,5,240,30,34,22,0,5.0,-8
12,5,10,50,5,3,10,8.0,0
12,5,260,20,-29,-33,0,6.0,-9
12,5,210,60,32,21,0,7.0,0
12,5,250,20,36,29,-1,7.0,-6
12,5,240,30,-1,-11,0,2.0,-14
12,5,270,30,-16,-21,0,1.0,18
12,5,230,30,-10,-11,0,9.0,-1
12,5,130,50,-26,-40,0,5.0,2
12,5,210,60,62,57,15,8.0,6
12,5,180,90,57,35,0,7.0,3
12,5,220,90,89,47,-1,6.0,-2
12,5,180,70,50,41,14,8.0,4
12,5,270,40,47,38,1,8.0,4
12,5,290,20,15,12,0,7.0,-13
12,5,260,30,15,11,0,2.0,-7
12,5,220,20,17,15,0,3.0,-7
12,5,170,20,30,28,-1,8.0,0
12,5,160,50,115,85,0,7.0,2
12,5,200,40,101,81,0,1.0,-29
12,5,190,50,100,90,4,8.0,-3
12,5,160,60,58,35,0,3.0,-2
12,5,180,60,74,57,0,1.0,3
12,5,190,40,113,86,0,7.0,0
12,5,190,50,92,76,8,7.0,-11
12,5,210,100,157,92,0,6.0,-7
12,5,210,50,85,64,0,1.0,1
12,5,180,70,83,64,-1,8.0,5
12,5,230,80,120,71,0,6.0,0
12,5,220,60,133,123,3,8.0,2
12,5,230,100,120,59,0,5.0,-3
12,5,230,60,86,59,0,3.0,-2
12,5,240,60,48,38,13,8.0,4
12,5,260,50,31,-11,0,3.0,-2
12,5,220,30,-3,-9,0,1.0,0
12,5,170,40,16,7,0,8.0,3
12,5,90,30,45,44,1,8.0,-1
12,5,110,50,23,7,0,6.0,-6
12,5,110,40,1,-36,0,1.0,-2
12,5,120,30,-32,-54,0,0.0,-5
12,5,990,10,-67,-77,0,0.0,12
12,5,20,20,-45,-52,0,2.0,12
12,5,60,70,8,1,-1,8.0,0
12,5,50,60,-34,-50,0,8.0,6
12,5,50,40,-14,-24,-1,8.0,2
12,5,250,20,1,0,-1,8.0,3
12,5,220,30,-12,-17,0,2.0,0
12,5,230,40,10,1,1,7.0,-1
12,5,250,20,-6,-8,0,3.0,11
12,5,210,40,126,124,-1,8.0,0
12,5,330,20,25,23,0,2.0,8
12,5,10,10,74,73,-1,8.0,-1
12,5,180,60,96,86,0,8.0,-1
12,5,210,30,59,45,0,6.0,-3
12,5,330,70,94,59,-1,8.0,-9
12,5,0,0,-26,-30,0,1.0,2
12,5,50,30,-12,-14,0,8.0,-1
12,5,50,30,-23,-27,0,1.0,4
12,5,70,20,-41,-47,0,0.0,3
12,5,990,10,15,11,-1,8.0,3
12,5,60,30,49,47,0,8.0,-6
12,5,40,40,32,24,0,8.0,-2
12,5,70,40,-57,-95,0,0.0,-5
12,5,30,30,-67,-84,0,1.0,-2
12,5,60,40,9,-8,0,7.0,-7
12,5,210,30,-31,-35,-1,7.0,9
12,5,230,20,7,6,0,8.0,1
12,5,250,20,42,38,-1,7.0,1
12,5,330,30,13,-27,0,2.0,-7
12,5,240,70,28,-7,0,7.0,-3
12,5,260,30,12,5,-1,2.0,-2
12,5,40,20,-44,-50,0,5.0,-2
12,5,210,80,-2,-28,0,8.0,8
12,5,260,80,78,62,8,8.0,-3
12,5,260,40,15,3,0,3.0,-1
12,5,210,40,-12,-17,0,4.0,1
12,5,240,50,70,60,3,8.0,1
12,5,220,30,26,7,0,8.0,-1
12,5,250,40,4,-18,0,1.0,6
12,5,260,20,-33,-38,0,2.0,5
12,5,160,40,68,62,0,,-2
12,5,220,60,60,46,0,3.0,2
12,5,210,20,46,45,0,6.0,2
12,5,990,10,54,54,0,8.0,-1
12,5,80,20,37,34,0,6.0,6
12,5,60,80,27,-1,0,7.0,0
12,5,60,50,13,-2,0,,2
12,5,80,60,-19,-45,0,,-3
12,5,70,60,-46,-92,0,,-4
12,5,70,60,-76,-105,0,0.0,2
12,5,80,60,-70,-103,0,0.0,2
12,5,110,40,-43,-77,0,7.0,6
12,5,100,30,-30,-49,0,7.0,-12
12,5,100,20,19,11,0,,-1
12,5,120,50,26,19,1,,2
12,5,240,60,66,64,19,8.0,-2
12,5,350,30,26,22,-1,8.0,-1
12,5,30,10,-25,-27,0,4.0,-12
12,5,0,0,-31,-34,0,5.0,9
12,5,160,10,-41,-46,0,3.0,1
12,5,200,10,24,23,-1,,0
12,5,120,50,50,50,19,,7
12,5,90,20,36,35,0,,1
12,5,210,30,102,99,13,,1
12,5,170,40,97,94,0,,-12
12,5,140,50,92,79,0,,2
12,5,180,70,116,106,1,,1
12,5,230,30,97,94,0,,1
12,5,220,20,59,48,0,,-8
12,5,250,80,128,104,0,,0
12,5,50,70,14,-6,0,,-2
12,5,120,40,85,81,2,8.0,5
12,5,160,10,59,48,0,8.0,-2
12,5,160,20,49,48,0,7.0,13
12,5,40,60,54,51,0,8.0,1
12,5,20,30,35,29,0,8.0,0
12,5,260,30,51,48,-1,8.0,11
12,5,50,30,-36,-48,0,0.0,13
12,5,90,30,-56,-72,0,1.0,22
12,5,100,10,-40,-53,0,1.0,-2
12,5,200,10,-68,-77,0,1.0,-10
12,5,200,60,13,8,0,8.0,2
12,5,240,10,-4,-5,0,1.0,-12
12,5,230,70,118,111,13,8.0,0
12,5,280,90,82,42,-1,6.0,-3
12,5,300,60,27,8,-1,7.0,0
12,5,310,30,34,18,-1,7.0,-1
12,5,200,30,37,26,0,5.0,0
12,5,140,20,-12,-18,0,0.0,2
12,5,210,30,13,5,0,3.0,-4
12,5,210,30,62,59,0,8.0,1
12,5,240,70,48,6,0,1.0,0
12,5,290,40,16,-7,0,8.0,-6
12,5,200,30,0,-3,0,2.0,5
12,5,180,40,22,22,0,9.0,1
12,5,210,50,76,63,0,8.0,0
12,5,210,50,77,63,0,8.0,-1
12,5,220,90,78,52,1,6.0,-3
12,5,190,90,84,69,5,8.0,4
12,5,210,50,38,12,0,8.0,-4
12,5,200,20,-2,-6,0,8.0,-2
12,5,30,40,17,14,0,9.0,-4
12,5,50,20,24,12,0,8.0,2
12,5,210,20,3,-1,0,4.0,-11
12,5,230,10,-9,-13,0,4.0,-8
12,5,210,30,-4,-5,0,9.0,-5
12,5,240,20,55,55,0,9.0,2
12,5,240,20,72,72,0,9.0,1
12,5,210,30,43,43,0,8.0,0
12,5,110,10,59,57,0,8.0,0
12,5,80,20,-8,-11,0,2.0,8
12,5,150,20,-14,-16,0,9.0,1
12,5,190,20,23,19,0,8.0,1
12,5,110,30,16,3,0,8.0,1
12,5,170,20,-17,-30,0,8.0,-1
12,5,200,30,-22,-29,0,5.0,5
12,5,190,40,9,-15,0,0.0,3
12,5,180,40,17,9,0,0.0,4
12,5,240,50,65,39,0,6.0,-6
12,5,270,50,40,20,-1,3.0,-11
12,5,50,30,11,6,0,5.0,-11
12,5,200,10,-61,-69,0,1.0,-1
12,5,170,20,-62,-72,0,0.0,-3
12,5,210,50,20,11,0,4.0,-1
12,5,230,50,87,84,0,8.0,4
12,5,250,70,101,54,0,8.0,1
12,5,250,40,46,20,0,0.0,-7
12,5,190,10,-13,-16,0,8.0,-11
12,5,990,10,-69,-78,0,0.0,-9
12,5,180,90,14,8,0,8.0,-3
12,5,270,30,36,20,0,0.0,-9
12,5,210,60,57,27,0,8.0,0
12,5,230,40,95,73,0,8.0,2
12,5,160,40,1,-14,0,0.0,-4
12,5,140,60,2,-26,0,0.0,3
12,5,180,70,68,37,0,2.0,10
12,5,200,50,69,57,-1,7.0,3
12,5,220,40,62,51,0,8.0,-8
12,5,200,40,52,47,0,8.0,1
12,5,230,30,54,50,0,8.0,1
12,5,130,30,36,31,0,8.0,1
12,5,360,20,5,0,0,7.0,11
12,5,0,0,-31,-33,0,9.0,1
12,5,170,20,-20,-21,0,8.0,7
12,5,260,10,40,24,0,8.0,-1
12,5,10,20,60,28,0,8.0,-2
12,5,280,50,63,49,-1,8.0,-1
12,5,300,50,67,49,0,8.0,1
12,5,280,90,88,83,22,,2
12,5,270,30,11,-17,-1,4.0,-6
12,5,250,30,4,-2,0,4.0,-1
12,5,210,60,22,16,5,8.0,4
12,5,230,40,29,29,0,9.0,4
12,5,220,30,34,30,0,8.0,0
12,5,250,30,72,69,2,8.0,4
12,5,250,30,71,56,0,8.0,-1
12,5,240,30,70,58,0,8.0,5
12,5,360,30,57,54,2,8.0,-5
12,5,320,30,32,19,0,8.0,-14
12,5,50,40,-13,-32,0,8.0,-5
12,5,30,50,-17,-34,0,8.0,-3
12,5,250,10,-79,-86,0,0.0,3
12,5,200,40,-28,-35,0,0.0,-6
12,5,210,40,44,40,0,3.0,5
12,5,190,50,67,52,0,0.0,-3
12,5,200,30,95,61,0,8.0,0
12,5,180,70,69,58,0,1.0,6
12,5,220,60,85,47,-1,8.0,-1
12,5,220,70,138,99,0,8.0,-3
12,5,220,60,104,66,0,6.0,-3
12,5,190,90,68,35,0,8.0,4
12,5,180,60,94,65,0,8.0,2
12,5,220,30,53,37,0,2.0,0
12,5,230,20,25,17,0,1.0,-8
12,5,200,90,55,38,1,8.0,1
12,5,220,20,47,36,0,0.0,-11
12,5,240,40,97,81,0,8.0,-3
12,5,220,60,92,63,0,8.0,-5
12,5,240,50,71,49,0,,-3
12,5,210,50,67,34,0,8.0,2
12,5,220,40,32,22,0,7.0,-8
12,5,190,20,11,5,0,7.0,-1
12,5,250,20,-2,-2,0,8.0,4
12,5,230,10,-30,-31,0,9.0,1
12,5,990,10,46,43,0,8.0,0
12,5,120,20,62,35,0,8.0,-6
12,5,70,50,41,12,0,8.0,0
12,5,80,30,10,7,0,9.0,1
12,5,90,50,36,26,0,8.0,0
12,5,90,40,25,17,0,8.0,0
12,5,220,10,-6,-16,0,8.0,3
12,5,210,50,19,8,4,8.0,1
12,5,150,30,39,33,0,8.0,-2
12,5,190,100,77,64,9,8.0,6
12,5,260,70,91,65,7,8.0,-2
12,5,220,80,101,80,-1,8.0,1
12,5,220,70,79,57,1,8.0,-3
12,5,310,60,72,59,1,8.0,-1
12,5,270,30,65,50,0,8.0,2
12,5,200,70,116,92,0,8.0,1
12,5,230,50,86,62,0,0.0,0
12,5,250,100,132,104,2,8.0,-6
12,5,270,40,70,36,0,8.0,-1
12,5,240,40,85,62,0,6.0,-9
12,5,330,40,72,68,0,8.0,-4
12,5,330,40,59,30,0,7.0,4
12,5,0,0,-20,-24,0,7.0,6
12,5,50,20,-18,-21,0,7.0,0
12,5,30,10,-15,-17,0,8.0,3
12,5,60,30,-2,-15,0,8.0,-7
12,5,50,20,-45,-64,0,0.0,12
12,5,70,50,-24,-37,0,1.0,1
12,5,60,20,-49,-62,0,0.0,9
12,5,70,30,-37,-44,0,0.0,-13
12,5,80,20,-43,-45,-1,8.0,-3
12,5,120,20,-45,-46,0,9.0,0
12,5,130,10,-90,-93,0,0.0,7
12,5,250,30,21,-1,0,8.0,-11
12,5,150,20,2,1,0,8.0,5
12,5,170,50,13,-5,0,0.0,8
12,5,220,30,34,32,0,9.0,-3
12,5,200,50,28,26,0,8.0,-1
12,5,210,60,74,63,0,8.0,-4
12,5,200,90,52,44,-1,8.0,12
12,5,280,50,64,54,-1,7.0,-1
12,5,220,10,35,31,0,8.0,2
12,5,140,10,37,36,-1,8.0,-4
12,5,280,20,38,35,1,8.0,-1
12,5,220,20,16,15,0,9.0,3
12,5,180,60,13,11,0,8.0,-6
12,5,200,40,43,36,0,7.0,2
12,5,240,20,41,38,5,8.0,1
12,5,300,30,19,12,0,1.0,-9
12,5,220,30,10,9,0,3.0,-5
12,5,210,20,2,1,0,8.0,0
12,5,270,20,12,9,0,6.0,-4
12,5,200,40,25,18,7,8.0,-1
12,5,220,40,19,11,0,8.0,0
12,5,140,50,-21,-34,0,0.0,-2
12,5,120,40,16,-11,0,8.0,3
12,5,50,50,21,17,0,8.0,5
12,5,50,20,-12,-13,0,9.0,-3
12,5,190,50,4,1,1,8.0,0
12,5,200,40,10,7,0,3.0,3
12,5,290,40,76,66,0,8.0,-9
12,5,250,60,97,83,0,8.0,1
12,5,280,50,92,87,2,8.0,0
12,5,270,40,100,83,0,8.0,3
12,5,210,10,1,1,0,9.0,-2
12,5,230,20,67,61,0,8.0,1
12,5,40,30,40,37,0,8.0,0
12,5,80,60,-11,-40,0,0.0,-2
12,5,70,50,-35,-55,0,0.0,-4
12,5,70,40,-39,-51,0,0.0,-1
12,5,80,30,-54,-68,0,0.0,-6
12,5,80,10,-73,-79,0,0.0,-11
12,5,990,10,-90,-100,0,0.0,3
12,5,50,10,36,29,0,8.0,4
12,5,160,20,15,12,0,1.0,9
12,5,170,50,86,75,0,8.0,3
12,5,210,40,30,23,0,8.0,0
12,5,170,60,50,34,-1,8.0,-2
12,5,180,60,107,93,0,8.0,1
12,5,210,50,64,41,0,2.0,-9
12,5,250,30,70,57,0,8.0,0
12,5,180,60,52,43,0,8.0,5
12,5,260,50,103,94,-1,5.0,2
12,5,340,50,87,70,0,8.0,1
12,5,360,30,26,16,0,1.0,-1
12,5,30,20,-8,-20,0,3.0,10
12,5,60,30,-32,-48,0,0.0,-12
12,5,30,20,-62,-70,0,0.0,-2
12,5,190,10,-40,-49,0,8.0,4
12,5,200,40,-11,-33,0,8.0,2
12,5,60,30,-47,-65,0,8.0,-22
12,5,50,30,-110,-162,0,2.0,-36
12,5,190,90,-47,-58,22,8.0,6
12,5,210,50,-38,-61,0,0.0,0
12,5,140,10,2,-1,5,8.0,0
12,5,220,30,3,0,0,8.0,-1
12,5,140,20,-33,-40,0,1.0,4
12,5,320,40,5,1,-1,8.0,-1
12,5,210,50,20,6,0,0.0,0
12,5,200,70,35,14,-1,6.0,-3
12,5,240,30,40,25,1,8.0,2
12,5,90,30,-10,-15,0,1.0,4
12,5,80,20,22,19,2,8.0,0
12,5,40,50,-2,-7,3,8.0,0
12,5,60,70,-53,-87,-1,8.0,-2
12,5,80,50,-70,-97,2,8.0,0
12,5,0,0,-110,-122,0,8.0,16
12,5,190,50,-66,-78,0,3.0,10
12,5,220,60,28,20,1,8.0,-1
12,5,200,10,3,-7,0,8.0,-3
12,5,20,30,-32,-33,0,9.0,1
12,5,50,40,-12,-19,0,8.0,0
12,5,250,30,1,-5,0,4.0,14
12,5,170,10,19,18,0,8.0,0
12,5,280,60,67,50,0,8.0,-1
12,5,300,40,38,19,0,7.0,1
12,5,0,0,-71,-83,0,0.0,-3
12,5,30,50,-37,-55,0,5.0,-9
12,5,280,40,-3,-16,-1,8.0,7
12,5,220,30,13,7,-1,8.0,2
12,5,230,30,-25,-26,0,9.0,0
12,5,170,30,-38,-50,-1,8.0,9
12,5,100,10,-35,-41,1,8.0,-5
12,5,190,20,-85,-87,0,2.0,0
12,5,60,30,-58,-67,2,8.0,6
12,5,70,40,-2,-7,0,8.0,-8
12,5,10,50,-21,-35,-1,8.0,1
12,5,20,80,-11,-18,3,8.0,2
12,5,350,30,-43,-62,0,7.0,-4
12,5,230,30,8,3,-1,8.0,-6
12,5,220,30,-17,-23,0,8.0,1
12,5,130,30,-1,-35,0,8.0,0
12,5,130,20,0,-12,0,8.0,0
12,5,40,20,-6,-11,0,8.0,-1
12,5,210,20,2,-4,0,8.0,2
12,5,190,80,79,65,2,8.0,7
12,5,320,30,65,55,1,8.0,-3
12,5,210,80,68,46,4,8.0,-3
12,5,240,40,81,48,0,6.0,-5
12,5,270,50,49,13,-1,6.0,-3
12,5,210,40,25,11,0,2.0,4
12,5,210,60,65,54,-1,8.0,8
12,5,220,30,44,16,0,2.0,-4
12,5,260,60,68,4,0,5.0,-5
12,5,220,30,16,3,0,0.0,-2
12,5,200,30,1,-13,0,2.0,9
12,5,210,40,81,74,4,8.0,1
12,5,200,130,77,63,9,8.0,6
12,5,170,60,58,42,16,8.0,-7
12,5,210,60,54,27,-1,7.0,2
12,5,90,90,34,26,30,8.0,1
12,5,290,40,15,3,0,0.0,1
12,5,280,40,18,13,2,8.0,-2
12,5,250,30,13,9,-1,7.0,-3
12,5,230,30,46,43,1,8.0,8
12,5,220,20,42,35,2,8.0,0
12,5,250,30,91,87,0,8.0,1
12,5,210,30,89,81,-1,8.0,2
12,5,320,40,49,37,17,8.0,0
12,5,220,40,76,59,0,8.0,-4
12,5,230,40,92,88,2,8.0,2
12,5,250,30,93,64,0,8.0,-3
12,5,190,70,66,48,0,8.0,-3
12,5,260,60,67,24,0,7.0,-2
12,5,310,60,41,23,6,8.0,6
12,5,200,40,43,39,4,8.0,6
12,5,210,30,25,22,2,8.0,-5
12,5,290,50,32,27,4,8.0,0
12,5,170,30,-1,-5,0,8.0,5
12,5,220,30,25,21,1,4.0,1
12,5,260,10,7,6,0,8.0,-5
12,5,280,20,-5,-16,-1,7.0,-3
12,5,170,80,6,3,10,8.0,-5
12,5,20,30,-40,-46,0,0.0,-7
12,5,220,50,17,16,0,8.0,5
12,5,320,50,42,15,0,6.0,1
12,5,350,40,-4,-30,0,4.0,-9
12,5,220,30,-4,-28,0,5.0,4
12,5,120,30,-30,-56,0,7.0,2
12,5,140,30,26,23,-1,8.0,3
12,5,210,50,76,59,0,0.0,1
12,5,220,50,74,60,1,8.0,0
12,5,190,40,63,60,1,8.0,-1
12,5,190,40,40,37,0,8.0,5
12,5,170,20,52,52,0,9.0,-1
12,5,110,40,28,21,0,4.0,-1
12,5,170,10,49,46,-1,8.0,7
12,5,210,20,66,63,0,8.0,4
12,5,240,60,124,121,23,8.0,2
12,5,200,30,80,76,-1,8.0,-2
12,5,240,30,89,85,9,8.0,-4
12,5,220,30,68,52,0,7.0,-2
12,5,220,40,76,54,0,1.0,-2
12,5,150,10,36,33,0,8.0,13
12,5,200,60,106,89,0,8.0,1
12,5,220,70,64,44,-1,7.0,-1
12,5,210,70,85,60,0,7.0,0
12,5,250,10,44,39,0,8.0,3
12,5,20,20,36,32,0,8.0,-2
12,5,10,10,-25,-25,0,8.0,-12
12,5,230,20,31,23,0,8.0,2
12,5,210,30,15,7,0,3.0,3
12,5,290,90,29,-7,-1,4.0,5
12,5,240,20,34,26,-1,8.0,0
12,5,220,30,64,54,1,8.0,0
12,5,250,50,83,63,0,8.0,0
12,5,170,20,-4,-10,0,0.0,10
12,5,170,20,1,-2,0,0.0,-20
12,5,150,20,3,3,0,9.0,-6
12,5,200,30,2,1,0,8.0,-2
12,5,230,20,49,46,1,8.0,6
12,5,220,80,64,44,6,8.0,5
12,5,200,70,86,53,0,8.0,4
12,5,200,30,67,20,0,7.0,8
12,5,190,50,83,50,0,8.0,3
12,5,200,80,91,81,3,8.0,1
12,5,230,30,46,34,0,8.0,4
12,5,200,90,74,25,0,8.0,-3
12,5,210,80,73,55,0,8.0,4
12,5,200,40,51,35,0,3.0,3
12,5,190,150,109,59,-1,8.0,-5
12,5,220,60,88,59,-1,8.0,-9
12,5,140,20,44,33,0,8.0,1
12,5,180,100,63,30,-1,8.0,3
12,5,190,30,69,64,20,8.0,0
12,5,240,20,47,35,5,7.0,-3
12,5,180,60,29,17,0,0.0,1
12,5,160,40,60,35,0,8.0,-3
12,5,50,40,22,12,0,8.0,-2
12,5,40,30,9,4,0,8.0,-1
12,5,40,70,13,-10,0,8.0,-3
12,5,60,40,-14,-30,0,8.0,1
12,5,180,10,21,15,0,8.0,2
12,5,290,20,53,50,1,8.0,-9
12,5,190,40,-4,-8,0,1.0,4
12,5,220,30,22,4,0,5.0,-3
12,5,320,30,18,12,0,0.0,-18
12,5,210,70,55,50,2,8.0,7
12,5,220,60,62,32,0,7.0,-4
12,5,220,100,87,54,-1,8.0,-4
12,5,230,20,43,16,0,8.0,-1
12,5,210,30,5,2,0,0.0,-5
12,5,210,60,38,27,7,8.0,3
12,5,250,30,62,59,3,8.0,-1
12,5,190,70,47,39,4,8.0,4
12,5,250,40,109,106,2,8.0,1
12,5,230,80,123,104,-1,8.0,-8
12,5,240,50,59,35,0,1.0,-2
12,5,220,30,44,39,0,8.0,-1
12,5,230,70,98,86,0,8.0,1
12,5,250,70,116,63,0,8.0,-3
12,5,230,70,96,62,-1,8.0,1
12,5,250,30,42,25,0,5.0,9
12,5,250,20,21,18,1,1.0,-1
12,5,120,80,2,2,44,9.0,0
12,5,40,70,-43,-71,0,0.0,-3
12,5,250,30,19,14,3,8.0,6
12,5,280,30,28,19,0,8.0,-3
12,5,230,10,24,17,0,8.0,2
12,5,260,20,81,77,2,8.0,-1
12,5,210,30,106,74,0,8.0,-2
12,5,210,40,96,56,0,8.0,-1
12,5,210,50,91,81,15,8.0,7
12,5,210,60,73,40,0,8.0,-2
12,5,210,70,81,55,0,8.0,4
12,5,210,30,103,95,-1,8.0,-3
12,5,170,50,84,64,0,0.0,1
12,5,240,20,64,48,0,1.0,-21
12,5,200,60,53,37,0,7.0,-6
12,5,200,70,52,43,5,8.0,6
12,5,220,30,40,32,0,7.0,1
12,5,310,20,71,63,11,8.0,-2
12,5,150,20,77,74,0,8.0,-1
12,5,180,10,55,47,0,8.0,-3
12,5,190,50,102,98,4,8.0,4
12,5,210,40,135,121,0,8.0,-1
12,5,260,50,128,92,0,8.0,-6
12,5,200,50,112,99,0,8.0,-4
12,5,180,60,109,70,0,2.0,1
12,5,210,40,105,79,0,6.0,0
12,5,210,60,117,107,5,8.0,1
12,5,240,40,114,99,15,8.0,-2
12,5,190,60,78,65,0,2.0,9
12,5,200,30,63,48,-1,6.0,11
12,5,220,60,134,93,0,5.0,-2
12,5,200,70,102,68,0,8.0,-1
12,5,140,10,49,40,0,6.0,7
12,5,150,30,48,32,0,6.0,6
12,5,160,40,58,46,0,6.0,-4
12,5,200,50,82,71,2,8.0,4
12,5,210,30,37,26,0,8.0,0
12,5,270,30,79,57,0,8.0,-1
12,5,0,0,-35,-37,0,9.0,-3
12,5,80,30,-34,-42,0,0.0,1
12,5,130,10,-32,-51,0,0.0,-9
12,5,0,0,-45,-50,0,0.0,-3
12,5,200,40,38,7,0,8.0,0
12,5,200,40,70,17,0,8.0,2
12,5,220,30,88,68,0,8.0,-3
12,5,210,30,65,45,0,8.0,-5
12,5,260,30,73,61,-1,1.0,-1
12,5,190,20,39,39,0,9.0,-23
12,5,190,30,55,53,2,8.0,1
12,5,180,20,72,70,0,8.0,-2
12,5,120,30,46,46,0,9.0,3
12,5,120,30,52,42,0,7.0,0
12,5,210,20,41,27,0,5.0,-2
12,5,240,20,63,58,0,8.0,0
12,5,90,20,62,61,0,8.0,1
12,5,60,20,-18,-22,0,0.0,-8
12,5,170,40,3,-4,0,8.0,12
12,5,220,30,57,53,8,8.0,0
12,5,200,30,42,37,0,8.0,-3
12,5,230,30,75,67,0,8.0,-2
12,5,220,60,93,74,-1,8.0,0
12,5,250,70,114,100,-1,8.0,-4
12,5,240,30,35,18,0,4.0,3
12,5,180,20,16,16,0,9.0,-2
12,5,180,10,-29,-29,0,9.0,-3
12,5,190,10,-54,-60,0,0.0,-2
12,5,190,30,-8,-8,0,9.0,0
12,5,80,20,17,10,0,8.0,-6
12,5,180,20,-17,-20,0,9.0,1
12,5,200,40,-1,-6,-1,7.0,2
12,5,250,30,60,52,1,8.0,-1
12,5,220,20,54,49,0,8.0,3
12,5,230,40,73,41,0,8.0,3
12,5,190,80,39,8,0,4.0,3
12,5,240,50,40,-3,-1,7.0,-10
12,5,250,50,27,-23,-1,8.0,0
12,5,180,50,19,7,-1,8.0,-1
12,5,90,50,4,-15,0,8.0,1
12,5,240,40,11,2,-1,8.0,-5
12,5,190,70,27,8,0,8.0,-2
12,5,270,80,37,23,5,8.0,6
12,5,190,50,13,3,-1,8.0,8
12,5,280,40,13,4,0,4.0,3
12,5,230,20,6,1,0,0.0,1
12,5,320,50,68,52,1,8.0,-2
12,5,250,10,10,9,0,8.0,23
12,5,240,10,65,54,0,8.0,3
12,5,230,20,78,75,-1,8.0,2
12,5,270,30,93,90,1,8.0,-2
12,5,250,30,86,73,0,8.0,3
12,5,250,40,92,75,0,8.0,1
12,5,200,60,85,66,0,8.0,0
12,5,220,90,66,41,2,8.0,-6
12,5,180,60,51,33,6,8.0,-5
12,5,230,30,29,16,4,8.0,3
12,5,200,40,-7,-19,0,0.0,-4
12,5,170,40,47,26,-1,8.0,-3
12,5,220,90,123,107,16,8.0,5
12,5,200,40,68,57,-1,8.0,-2
12,5,190,60,106,103,8,8.0,5
12,5,240,60,132,107,0,8.0,-5
12,5,270,20,66,49,1,8.0,-10
12,5,150,30,23,18,0,8.0,9
12,5,220,30,108,105,0,8.0,4
12,5,210,60,112,109,5,8.0,0
12,5,210,60,73,51,1,8.0,3
12,5,260,80,88,68,5,8.0,7
12,5,320,30,52,35,-1,7.0,-5
12,5,260,20,21,0,0,1.0,5
12,5,0,0,-32,-33,0,9.0,1
12,5,50,30,-11,-16,0,1.0,12
12,5,40,30,-17,-21,0,2.0,-5
12,5,130,20,1,-20,0,8.0,1
12,5,160,40,4,1,-1,8.0,1
12,5,170,50,54,50,6,8.0,5
12,5,160,40,70,60,0,8.0,2
12,5,190,40,61,58,7,8.0,9
12,5,190,50,66,57,0,8.0,6
12,5,170,80,84,79,16,8.0,3
12,5,260,60,98,80,4,8.0,-3
12,5,210,20,64,61,0,8.0,3
12,5,290,30,45,41,0,8.0,8
12,5,230,20,43,20,0,8.0,-8
12,5,200,30,5,-4,0,8.0,3
12,5,160,20,-21,-25,0,8.0,5
12,5,190,20,-33,-39,0,0.0,8
12,5,220,30,47,40,0,8.0,2
12,5,260,20,73,50,0,8.0,-8
12,5,260,20,91,88,0,8.0,-3
12,5,60,30,9,2,0,8.0,-3
12,5,260,10,-9,-12,-1,4.0,-5
12,5,190,10,16,15,0,4.0,8
12,5,0,0,-19,-19,0,0.0,6
12,5,190,30,-4,-4,0,9.0,-3
12,5,210,70,36,21,-1,8.0,1
12,5,250,50,93,70,0,8.0,-2
12,5,210,80,103,67,0,8.0,-10
12,5,190,50,60,48,31,8.0,5
12,5,220,30,23,14,0,2.0,-1
12,5,200,50,63,56,6,8.0,0
12,5,210,30,35,28,0,2.0,-8
12,5,130,50,40,33,1,8.0,-1
12,5,270,30,52,43,9,8.0,-1
12,5,240,70,90,57,2,8.0,-3
12,5,180,50,58,49,0,8.0,12
12,5,170,30,88,78,0,8.0,4
12,5,210,20,65,59,0,7.0,-7
12,5,150,40,101,77,0,8.0,1
12,5,140,50,123,70,0,8.0,4
12,5,160,30,56,46,0,2.0,0
12,5,150,30,76,73,6,8.0,5
12,5,250,40,79,71,-1,8.0,0
12,5,160,40,63,53,0,8.0,3
12,5,280,60,79,63,2,8.0,-2
12,5,160,10,31,30,0,4.0,2
12,5,70,40,61,58,0,8.0,-2
12,5,110,20,6,1,0,8.0,-13
12,5,170,10,-24,-27,0,8.0,5
12,5,210,50,31,-38,0,8.0,-1
12,5,240,10,31,5,0,8.0,-6
12,5,260,40,74,70,9,8.0,10
12,5,30,20,61,51,0,8.0,-1
12,5,200,40,60,52,-1,8.0,0
12,5,150,60,73,45,-1,8.0,1
12,5,130,30,6,-5,0,2.0,3
12,5,50,10,-11,-14,0,8.0,7
12,5,220,30,37,29,7,8.0,-2
12,5,100,20,-23,-26,0,4.0,15
12,5,180,30,-14,-15,0,9.0,9
12,5,110,30,4,-2,0,8.0,-1
12,5,130,50,7,-14,0,8.0,5
12,5,170,20,69,68,0,9.0,1
12,5,250,40,78,71,0,8.0,-2
12,5,180,60,83,78,2,8.0,6
12,5,180,40,92,84,0,8.0,-1
12,5,150,20,47,46,0,9.0,-2
12,5,220,30,93,89,9,8.0,-2
12,5,170,40,59,53,0,7.0,3
12,5,160,50,71,55,0,0.0,0
12,5,180,30,80,72,0,8.0,-4
12,5,160,40,60,50,0,8.0,1
12,5,240,60,135,126,5,8.0,0
12,5,200,50,123,116,11,8.0,0
12,5,210,30,75,61,0,8.0,-18
12,5,310,30,23,10,0,3.0,7
12,5,210,20,18,13,0,8.0,-3
12,5,190,120,53,36,12,8.0,-1
12,5,160,30,23,20,0,8.0,-2
12,5,230,10,33,28,-1,8.0,1
12,5,220,30,25,18,0,8.0,-1
12,5,180,30,31,24,-1,8.0,-2
12,5,160,10,4,3,0,9.0,1
12,5,40,31,34,33,0,8.0,-4
12,5,40,10,-10,-13,0,8.0,0
12,5,60,10,3,-5,0,8.0,1
12,5,310,21,50,44,0,7.0,1
12,5,30,31,-34,-37,0,0.0,11
12,5,220,10,0,-16,0,8.0,0
12,5,990,5,13,9,0,8.0,0
12,5,40,26,16,4,0,8.0,6
12,5,80,41,-30,-82,0,0.0,-2
12,5,80,31,-24,-69,0,0.0,-1
12,5,160,15,-22,-38,0,0.0,-17
12,5,190,15,-35,-45,0,0.0,1
12,5,230,41,-14,-56,0,0.0,-1
12,5,140,31,-45,-53,0,0.0,1
12,5,170,26,16,-23,0,7.0,6
12,5,170,31,38,35,0,8.0,0
12,5,270,82,65,38,0,2.0,-2
12,5,210,77,60,56,12,8.0,14
12,5,250,62,41,-3,0,6.0,0
12,5,230,72,28,19,5,8.0,-8
12,5,270,67,107,102,9,8.0,3
12,5,240,87,116,90,-1,8.0,5
12,5,290,51,46,6,0,2.0,1
12,5,280,26,38,25,0,6.0,1
12,5,240,82,47,19,0,8.0,2
12,5,320,57,70,23,0,7.0,0
12,5,220,5,40,34,0,4.0,-8
12,5,260,41,55,45,0,8.0,-2
12,5,260,5,47,44,-1,8.0,1
12,5,90,5,46,45,0,8.0,4
12,5,240,67,77,47,0,1.0,-4
12,5,180,57,64,52,0,1.0,12
12,5,230,62,65,33,0,6.0,-4
12,5,200,62,50,29,-1,7.0,2
12,5,200,46,17,13,0,0.0,0
12,5,210,46,21,15,0,0.0,-4
12,5,140,62,36,29,8,8.0,5
12,5,140,10,7,7,0,0.0,-5
12,5,70,15,23,17,0,8.0,0
12,5,20,26,33,27,0,8.0,1
12,5,230,26,23,13,0,8.0,-2
12,5,330,62,76,67,1,7.0,-5
12,5,250,41,29,25,0,1.0,1
12,5,240,62,85,74,0,8.0,0
12,5,210,41,61,39,0,8.0,-4
12,5,160,36,37,30,0,0.0,5
12,5,200,10,52,52,0,8.0,2
12,5,150,51,45,33,0,2.0,9
12,5,210,41,101,95,2,8.0,-1
12,5,60,46,46,45,-1,8.0,0
12,5,60,41,24,17,0,8.0,1
12,5,340,21,30,23,0,8.0,-1
12,5,10,31,30,30,0,8.0,0
12,5,40,21,43,43,0,8.0,1
12,5,90,21,33,23,0,8.0,2
12,5,60,36,-6,-10,0,8.0,-4
12,5,70,41,-35,-45,0,8.0,0
12,5,70,31,-25,-33,0,1.0,-2
12,5,60,10,-68,-80,0,1.0,1
12,5,120,15,-62,-80,0,0.0,7
12,5,240,5,-86,-94,0,0.0,-2
12,5,170,15,-14,-17,1,8.0,1
12,5,220,77,40,39,-1,8.0,4
12,5,230,82,94,85,0,8.0,-1
12,5,200,72,82,62,0,8.0,-3
12,5,230,36,20,20,0,0.0,2
12,5,210,36,58,58,0,8.0,1
12,5,190,67,62,35,0,7.0,-2
12,5,230,57,16,10,0,2.0,1
12,5,250,149,88,61,5,8.0,-8
12,5,200,51,60,45,0,7.0,-3
12,5,230,62,32,16,0,4.0,3
12,5,230,36,29,25,0,7.0,1
12,5,220,108,102,94,7,8.0,-2
12,5,360,62,28,19,1,8.0,-1
12,5,190,93,25,-9,0,8.0,2
12,5,220,98,43,34,3,8.0,3
12,5,240,41,46,36,7,8.0,1
12,5,230,67,91,85,0,7.0,0
12,5,200,118,108,100,27,8.0,2
12,5,270,51,71,22,-1,8.0,-11
12,5,280,31,60,53,2,5.0,-2
12,5,260,67,45,17,0,7.0,-5
12,5,270,57,36,1,-1,1.0,-4
12,5,150,31,45,36,4,8.0,-4
12,5,290,5,-12,-20,0,0.0,6
12,5,270,41,3,-13,0,1.0,3
12,5,300,15,25,13,0,8.0,1
12,5,240,26,22,13,0,8.0,2
12,5,200,46,33,23,0,7.0,3
12,5,230,62,66,39,0,4.0,0
12,5,230,51,71,56,1,4.0,11
12,5,120,15,9,9,0,0.0,-6
12,5,100,10,-15,-15,0,1.0,12
12,5,160,36,31,31,0,0.0,3
12,5,180,41,65,65,0,3.0,11
12,5,230,57,104,85,0,6.0,-2
12,5,250,67,67,33,0,1.0,-12
12,5,170,67,52,26,0,2.0,10
12,5,190,67,69,52,0,7.0,4
12,5,270,41,77,70,0,1.0,-17
12,5,220,15,0,0,0,4.0,15
12,5,250,98,127,108,0,6.0,2
12,5,230,72,117,94,0,7.0,-4
12,5,270,72,128,112,0,8.0,-1
12,5,320,15,27,26,0,0.0,-15
12,5,130,10,-13,-13,0,9.0,-2
12,5,190,46,7,6,0,7.0,4
12,5,210,36,33,33,0,6.0,0
12,5,180,41,51,39,0,7.0,-12
12,5,220,41,33,32,0,0.0,-2
12,5,210,31,20,20,0,4.0,1
12,5,220,31,5,5,0,2.0,7
12,5,30,5,-10,-10,0,7.0,-5
12,5,80,31,-5,-8,0,8.0,-1
12,5,20,5,-59,-59,0,1.0,0
12,5,220,36,-39,-39,0,8.0,2
12,5,210,51,3,2,1,8.0,3
12,5,230,108,90,84,3,8.0,3
12,5,240,67,121,121,5,8.0,2
12,5,220,113,112,103,4,8.0,-2
12,5,230,87,55,49,8,8.0,0
12,5,230,98,53,36,0,3.0,-5
12,5,120,36,35,17,0,8.0,-10
12,5,140,15,19,16,0,8.0,3
12,5,60,26,22,21,0,8.0,0
12,5,70,36,-10,-24,0,1.0,5
12,5,50,67,-36,-74,0,6.0,1
12,5,80,41,-30,-68,-1,8.0,-6
12,5,90,41,-31,-62,0,4.0,0
12,5,110,10,-52,-55,0,0.0,8
12,5,40,26,9,2,-1,8.0,-1
12,5,60,26,-12,-12,0,8.0,0
12,5,60,15,-25,-25,0,9.0,0
12,5,30,31,36,36,0,8.0,3
12,5,10,21,8,8,0,8.0,1
12,5,40,77,3,-3,0,8.0,5
12,5,70,51,0,-41,0,8.0,-3
12,5,70,41,-33,-40,0,0.0,1
12,5,80,21,-31,-39,0,0.0,-1
12,5,220,21,37,37,2,8.0,2
12,5,0,0,15,15,0,8.0,1
12,5,210,15,33,33,29,8.0,-21
12,5,120,15,-25,-25,0,0.0,-7
12,5,160,31,36,36,-1,8.0,12
12,5,180,46,102,100,19,8.0,0
12,5,20,26,14,11,-1,8.0,-2
12,5,170,10,-25,-25,0,9.0,0
12,5,250,36,3,3,2,7.0,2
12,5,10,15,-61,-61,0,0.0,-3
12,5,40,5,-85,-88,0,0.0,-3
12,5,70,15,-91,-104,0,0.0,2
12,5,90,51,-64,-123,0,1.0,-4
12,5,90,31,-11,-15,-1,8.0,1
12,5,260,20,-12,-19,0,3.0,9
12,5,270,70,66,36,0,3.0,2
12,5,200,40,21,9,0,3.0,4
12,5,200,50,70,55,0,3.0,-4
12,5,160,10,41,37,0,8.0,9
12,5,50,20,49,46,-1,8.0,3
12,5,80,30,55,51,0,8.0,-3
12,5,110,20,12,8,0,8.0,-11
12,5,90,30,0,-14,0,8.0,-1
12,5,130,20,3,-11,0,8.0,0
12,5,70,20,-3,-10,0,8.0,0
12,5,190,10,-2,-6,-1,8.0,1
12,5,120,10,7,6,0,8.0,1
12,5,300,10,-42,-43,0,0.0,-4
12,5,230,70,34,13,0,8.0,2
12,5,200,20,51,47,0,8.0,-2
12,5,210,20,33,20,0,8.0,2
12,5,140,20,40,34,0,7.0,-2
12,5,130,20,80,80,15,8.0,0
12,5,50,50,30,29,-1,8.0,-7
12,5,60,60,-26,-51,0,3.0,-6
12,5,70,50,-52,-94,0,3.0,2
12,5,70,60,-32,-145,0,6.0,-2
12,5,60,70,-53,-85,0,0.0,-2
12,5,50,30,-58,-92,0,6.0,8
12,5,40,30,-78,-91,0,0.0,12
12,5,140,30,-55,-90,0,8.0,-3
12,5,40,30,-100,-132,0,1.0,-2
12,5,20,20,-90,-136,0,7.0,3
12,5,10,40,-14,-27,-1,8.0,-2
12,5,60,60,-103,-134,0,3.0,-6
12,5,280,10,-1,-7,0,1.0,-8
12,5,40,20,21,15,0,8.0,2
12,5,20,50,9,-7,0,8.0,-5
12,5,10,40,17,10,0,8.0,-1
12,5,210,20,-38,-38,0,7.0,18
12,5,220,60,13,-18,0,7.0,-1
12,5,210,50,26,3,0,6.0,-9
12,5,190,40,33,10,-1,8.0,13
12,5,210,50,84,73,-1,7.0,1
12,5,210,70,104,95,2,6.0,3
12,5,230,60,110,96,0,7.0,0
12,5,270,50,91,85,0,8.0,-3
12,5,260,20,46,37,0,6.0,4
12,5,280,30,75,75,0,8.0,0
12,5,40,50,20,2,0,8.0,3
12,5,70,80,-10,-50,0,8.0,-3
12,5,70,70,-54,-89,0,1.0,-1
12,5,110,40,32,11,0,7.0,2
12,5,130,40,47,47,-1,8.0,4
12,5,130,20,20,20,0,1.0,-4
12,5,330,30,31,31,2,8.0,1
12,5,350,10,29,29,0,8.0,-1
12,5,140,20,26,26,0,8.0,0
12,5,200,60,96,93,0,8.0,4
12,5,220,80,95,68,0,3.0,-5
12,5,230,120,94,59,-1,7.0,-3
12,5,240,50,47,47,0,4.0,-4
12,5,250,30,29,29,0,1.0,-10
12,5,230,30,24,24,0,1.0,-11
12,5,150,20,30,24,0,7.0,0
12,5,190,70,90,61,-1,7.0,-2
12,5,60,50,0,-5,0,8.0,-2
12,5,70,50,-30,-62,0,8.0,0
12,5,60,20,-22,-35,0,8.0,1
12,5,240,30,-17,-25,-1,8.0,0
12,5,290,50,3,2,1,8.0,-1
12,5,260,40,-5,-13,0,4.0,8
12,5,260,30,2,2,0,6.0,-1
12,5,170,10,-24,-24,0,7.0,0
12,5,170,40,21,21,5,8.0,3
12,5,200,10,29,29,0,9.0,1
12,5,130,20,27,26,5,8.0,1
12,5,180,50,72,69,1,7.0,3
12,5,260,110,100,58,0,2.0,-4
12,5,220,50,81,79,1,8.0,6
12,5,220,60,113,100,0,8.0,-2
12,5,240,50,51,51,0,1.0,-7
12,5,180,30,37,37,0,8.0,-12
12,5,220,70,36,29,-1,8.0,2
12,5,260,50,71,56,-1,7.0,-3
12,5,250,20,32,32,0,7.0,-9
12,5,260,30,1,-2,0,3.0,0
12,5,210,50,14,8,1,8.0,6
12,5,190,40,41,35,1,8.0,3
12,5,220,30,3,3,8,8.0,2
12,5,200,80,51,49,2,8.0,1
12,5,250,90,78,37,0,5.0,-13
12,5,240,100,105,58,0,7.0,-6
12,5,200,40,95,90,0,8.0,0
12,5,160,30,18,15,0,2.0,-1
12,5,140,50,45,30,0,2.0,1
12,5,150,50,53,30,0,7.0,8
12,5,230,70,96,91,6,8.0,3
12,5,240,60,62,41,-1,5.0,5
12,5,220,90,79,59,0,7.0,1
12,5,230,50,24,-4,0,2.0,-3
12,5,240,40,9,6,0,4.0,3
12,5,200,80,38,24,-1,8.0,8
12,5,220,120,89,71,-1,8.0,-3
12,5,220,60,40,26,0,1.0,10
12,5,210,60,76,61,0,5.0,4
12,5,230,80,62,41,0,8.0,0
12,5,180,80,58,33,-1,8.0,-1
12,5,200,60,96,89,16,8.0,-5
12,5,220,50,40,34,22,8.0,-2
12,5,250,40,37,24,0,8.0,-14
12,5,250,30,0,-4,1,8.0,0
12,5,990,10,-38,-40,0,2.0,-6
12,5,210,80,31,21,0,8.0,0
12,5,260,30,40,33,0,8.0,-8
12,5,250,30,-2,-8,0,1.0,-2
12,5,280,30,-8,-14,0,2.0,11
12,5,210,40,-1,-2,0,8.0,-5
12,5,130,40,-25,-39,0,3.0,-2
12,5,200,60,52,42,5,8.0,-2
12,5,190,80,57,34,0,7.0,3
12,5,210,100,77,50,4,6.0,10
12,5,180,60,50,40,11,8.0,1
12,5,280,30,37,30,9,7.0,10
12,5,300,20,2,1,0,7.0,-8
12,5,240,30,0,-3,0,4.0,-4
12,5,220,40,17,15,0,7.0,0
12,5,180,20,28,25,0,8.0,1
12,5,150,30,102,83,0,7.0,0
12,5,160,30,89,81,0,1.0,0
12,5,190,50,103,73,0,7.0,-10
12,5,150,50,38,30,0,2.0,1
12,5,170,40,69,57,0,1.0,3
12,5,210,50,122,87,0,7.0,-4
12,5,190,30,87,75,1,5.0,-19
12,5,190,70,149,97,0,7.0,1
12,5,220,40,88,77,8,7.0,2
12,5,180,60,87,62,-1,7.0,0
12,5,220,100,116,76,0,7.0,-3
12,5,220,70,132,124,1,8.0,3
12,5,230,130,115,67,0,5.0,-2
12,5,230,80,84,53,0,3.0,-4
12,5,240,80,49,34,2,7.0,-1
12,5,260,60,28,-17,0,2.0,-13
12,5,230,20,-14,-24,0,2.0,-4
12,5,150,30,7,-3,0,5.0,5
12,5,80,30,44,39,-1,8.0,1
12,5,110,50,22,3,0,2.0,-5
12,5,110,40,0,-41,0,1.0,-1
12,5,120,30,-27,-61,0,0.0,-5
12,5,130,10,-48,-63,0,0.0,-2
12,5,990,10,-24,-34,0,1.0,-25
12,5,50,60,5,-1,-1,8.0,1
12,5,40,60,-36,-53,0,8.0,3
12,5,60,40,-12,-25,0,8.0,1
12,5,250,30,-1,-4,-1,8.0,3
12,5,220,40,-15,-22,0,3.0,0
12,5,230,60,6,-2,0,8.0,0
12,5,230,30,-27,-32,0,1.0,20
12,5,210,30,126,126,0,,0
12,5,0,0,25,25,0,,-3
12,5,330,10,79,79,2,8.0,-1
12,5,180,40,95,84,0,8.0,1
12,5,220,40,55,45,0,7.0,2
12,5,330,80,91,65,0,,-8
12,5,260,10,-28,-28,0,0.0,10
12,5,40,20,-33,-33,0,,5
12,5,60,40,-12,-18,0,,-5
12,5,80,20,-10,-27,0,0.0,-13
12,5,0,0,8,8,0,8.0,3
12,5,70,40,38,38,0,8.0,-4
12,5,40,30,30,22,0,7.0,-1
12,5,60,40,-58,-96,0,0.0,-3
12,5,40,30,-61,-81,0,,13
12,5,50,40,1,-12,0,,-9
12,5,230,40,-26,-27,0,8.0,6
12,5,280,30,10,10,0,8.0,1
12,5,260,30,37,37,1,8.0,-7
12,5,320,30,-2,-19,0,,-1
12,5,240,90,19,-10,0,7.0,3
12,5,250,30,6,1,2,,1
12,5,30,10,-68,-75,0,,4
12,5,210,90,-8,-31,0,6.0,5
12,5,240,90,72,62,3,,2
12,5,260,40,13,7,3,,1
12,5,210,60,-13,-14,0,1.0,3
12,5,230,70,66,62,5,8.0,1
12,5,220,30,21,2,0,,0
12,5,240,50,-9,-14,0,,3
12,5,220,20,-55,-60,0,6.0,12
12,5,160,40,66,61,0,,-3
12,5,180,50,47,38,0,2.0,2
12,5,150,20,53,52,0,7.0,-12
12,5,250,20,41,41,0,9.0,5
12,5,40,10,35,25,0,7.0,6
12,5,50,70,21,-7,0,7.0,0
12,5,60,60,14,-4,0,,0
12,5,70,50,-20,-51,0,,-3
12,5,70,70,-45,-94,0,0.0,-4
12,5,70,60,-74,-105,0,0.0,3
12,5,70,60,-68,-106,0,0.0,2
12,5,110,30,-39,-76,0,7.0,5
12,5,60,30,-27,-51,0,7.0,1
12,5,100,20,21,14,0,,1
12,5,120,50,28,18,3,,0
12,5,200,70,74,68,17,8.0,-5
12,5,330,30,23,20,0,8.0,0
12,5,10,10,-30,-35,0,0.0,-16
12,5,320,10,-35,-43,0,1.0,1
12,5,140,30,-36,-41,0,,-9
12,5,140,10,29,27,0,,0
12,5,120,40,51,50,6,,7
12,5,70,20,38,37,-1,8.0,0
12,5,190,40,105,100,-1,7.0,0
12,5,170,40,99,92,0,,-13
12,5,140,50,92,69,-1,,0
12,5,180,60,117,104,3,8.0,-1
12,5,230,40,96,92,0,,2
12,5,220,40,57,46,0,,6
12,5,250,110,129,100,0,8.0,-2
12,5,60,60,14,-5,0,8.0,-4
12,5,120,40,89,82,3,7.0,5
12,5,230,20,60,47,0,7.0,5
12,5,70,30,37,36,0,2.0,3
12,5,50,60,52,52,-1,8.0,0
12,5,40,20,36,35,-1,8.0,0
12,5,260,30,47,45,0,,5
12,5,40,40,-30,-46,0,,-7
12,5,100,30,-24,-55,0,,-2
12,5,110,20,-31,-52,0,,-13
12,5,140,10,-71,-84,0,,7
12,5,180,50,9,-1,0,,2
12,5,210,20,-9,-10,0,,-13
12,5,220,90,116,110,19,,0
12,5,280,70,74,48,2,,2
12,5,280,50,22,6,0,,-1
12,5,270,10,29,11,0,,-5
12,5,210,30,40,28,0,,-7
12,5,140,20,-25,-29,0,0.0,6
12,5,180,40,12,7,0,,-2
12,5,180,30,62,60,0,,2
12,5,240,110,49,2,0,,-2
12,5,270,40,11,3,0,,-7
12,5,210,40,4,1,0,,-1
12,5,180,40,20,18,0,8.0,0
12,5,210,50,67,57,0,,5
12,5,200,60,75,60,0,,-3
12,5,210,60,79,66,6,,-7
12,5,180,80,85,68,2,,8
12,5,220,60,27,1,0,7.0,2
12,5,140,30,-8,-11,0,7.0,-4
12,5,10,30,20,15,0,,-1
12,5,30,20,14,7,0,,3
12,5,190,10,29,23,0,,-1
12,5,0,0,-21,-24,0,,1
12,5,210,20,-11,-13,0,,4
12,5,220,20,51,49,0,,1
12,5,230,30,64,63,0,,-1
12,5,190,20,38,37,0,,-1
12,5,140,10,60,52,0,,5
12,5,80,20,-3,-7,0,,1
12,5,250,10,-29,-33,0,,-1
12,5,180,20,15,14,0,,2
12,5,70,40,16,-1,0,,-1
12,5,150,30,-19,-34,0,,0
12,5,150,30,-42,-48,0,,-1
12,5,170,50,11,-18,0,,0
12,5,180,50,27,10,0,,0
12,5,230,80,61,41,0,,-6
12,5,260,50,30,12,0,,-2
12,5,30,40,7,5,0,,-10
12,5,150,10,-55,-62,0,,-7
12,5,160,20,-63,-75,0,,-2
12,5,210,60,20,10,0,,1
12,5,220,60,76,74,0,,8
12,5,230,70,97,61,0,,0
12,5,240,60,47,31,2,,-6
12,5,340,10,-2,-5,0,,0
12,5,160,10,-57,-63,0,,3
12,5,190,70,5,-1,0,,2
12,5,250,30,23,15,0,,3
12,5,200,60,46,22,0,,2
12,5,230,60,88,73,0,,2
12,5,160,40,-6,-19,0,,-3
12,5,120,50,2,-24,0,,0
12,5,170,50,73,46,0,,3
12,5,190,40,71,63,2,,1
12,5,210,60,60,56,1,,-3
12,5,200,30,53,45,0,,-2
12,5,240,40,54,49,0,,2
12,5,130,30,38,33,0,,1
12,5,30,30,16,11,0,,1
12,5,130,10,-22,-22,0,,-4
12,5,170,10,-24,-26,0,,8
12,5,290,10,35,25,0,,1
12,5,320,30,55,31,0,,-1
12,5,260,40,57,48,0,,-1
12,5,270,40,65,54,-1,,-8
12,5,260,80,84,78,22,,3
12,5,280,30,7,0,-1,,-3
12,5,250,40,-3,-5,0,,6
12,5,190,70,15,10,2,,2
12,5,230,40,31,31,0,,0
12,5,200,30,35,32,0,,1
12,5,240,40,59,57,1,,1
12,5,230,40,63,55,0,,3
12,5,230,40,63,56,0,,5
12,5,310,20,51,48,0,,1
12,5,310,30,24,11,0,,-7
12,5,40,40,-19,-36,0,,-10
12,5,30,40,-17,-28,-1,,-3
12,5,240,20,-74,-81,0,,6
12,5,180,40,-29,-35,0,,-5
12,5,210,50,46,41,0,,4
12,5,170,40,62,51,0,4.0,6
12,5,190,50,97,50,0,8.0,2
12,5,170,50,74,63,0,0.0,3
12,5,220,90,81,48,-1,7.0,-2
12,5,220,110,140,98,0,8.0,-3
12,5,220,90,101,69,0,7.0,-3
12,5,180,80,69,36,0,7.0,3
12,5,180,50,98,67,0,7.0,-3
12,5,230,50,51,38,-1,3.0,-10
12,5,190,20,14,9,0,0.0,2
12,5,200,80,55,27,1,8.0,-2
12,5,220,30,39,35,0,0.0,6
12,5,220,70,86,73,0,8.0,3
12,5,220,80,91,64,0,8.0,0
12,5,230,30,53,37,0,8.0,2
12,5,200,60,65,29,0,8.0,2
12,5,220,50,27,21,0,2.0,-4
12,5,200,10,17,14,0,8.0,0
12,5,260,20,3,1,0,8.0,2
12,5,220,10,-36,-37,0,4.0,3
12,5,0,0,36,33,0,8.0,1
12,5,30,20,55,40,0,8.0,1
12,5,60,40,42,14,0,8.0,-1
12,5,50,40,9,4,0,8.0,2
12,5,70,40,34,28,0,8.0,3
12,5,110,40,21,13,0,8.0,1
12,5,210,10,-4,-14,0,8.0,4
12,5,200,50,18,2,1,8.0,-1
12,5,170,30,43,39,0,8.0,-3
12,5,190,80,84,23,-1,8.0,10
12,5,230,80,93,68,1,6.0,-7
12,5,210,70,89,81,3,8.0,5
12,5,220,100,80,54,0,7.0,0
12,5,280,60,74,65,9,8.0,-4
12,5,240,30,50,42,10,8.0,5
12,5,200,60,110,90,0,8.0,2
12,5,230,60,80,60,0,0.0,1
12,5,240,120,135,106,-1,8.0,-7
12,5,250,50,68,34,0,8.0,-1
12,5,230,60,84,62,-1,4.0,-5
12,5,290,20,70,67,-1,8.0,2
12,5,330,50,56,30,0,4.0,-6
12,5,310,10,-9,-10,0,5.0,2
12,5,20,20,-18,-19,0,0.0,7
12,5,40,20,-10,-12,0,8.0,5
12,5,70,30,5,-10,0,7.0,-6
12,5,70,30,-20,-46,0,0.0,-1
12,5,60,50,-23,-37,0,0.0,-1
12,5,70,40,-22,-35,0,0.0,0
12,5,60,30,-29,-37,0,0.0,-3
12,5,50,30,-44,-46,-1,8.0,0
12,5,100,10,-43,-45,0,7.0,0
12,5,130,10,-81,-84,0,0.0,-2
12,5,240,20,3,-16,0,7.0,6
12,5,140,20,-2,-2,0,9.0,0
12,5,180,40,19,-7,0,0.0,2
12,5,230,30,30,28,0,8.0,-1
12,5,190,50,25,22,0,8.0,0
12,5,200,50,70,59,0,8.0,-1
12,5,190,80,43,35,3,8.0,10
12,5,270,50,63,55,3,8.0,1
12,5,180,10,32,30,-1,8.0,1
12,5,0,0,16,13,0,7.0,5
12,5,240,30,35,32,-1,8.0,2
12,5,190,10,4,0,0,2.0,-1
12,5,180,50,3,0,0,8.0,1
12,5,200,40,56,44,0,8.0,-2
12,5,260,30,43,39,1,8.0,0
12,5,300,20,37,27,0,6.0,-8
12,5,210,30,0,-1,0,3.0,4
12,5,230,40,-3,-5,0,8.0,1
12,5,260,20,5,1,0,7.0,2
12,5,190,40,20,12,-1,8.0,-1
12,5,230,40,8,2,0,8.0,0
12,5,130,40,-24,-40,0,0.0,-2
12,5,120,30,16,-13,0,8.0,3
12,5,40,50,15,9,0,8.0,1
12,5,360,20,-4,-6,0,9.0,3
12,5,200,30,0,-5,-1,8.0,0
12,5,180,30,12,11,0,8.0,0
12,5,280,40,79,70,0,8.0,-4
12,5,250,70,88,79,-1,8.0,4
12,5,270,50,93,88,1,8.0,-1
12,5,260,60,99,87,0,8.0,1
12,5,170,10,23,22,0,9.0,2
12,5,210,30,63,60,0,8.0,0
12,5,60,40,29,28,0,7.0,6
12,5,70,60,-9,-47,0,0.0,-3
12,5,70,50,-33,-56,0,0.0,-3
12,5,70,40,-39,-54,0,0.0,-2
12,5,70,30,-43,-66,0,0.0,3
12,5,150,10,-76,-85,0,0.0,-9
12,5,350,10,-83,-93,0,0.0,-4
12,5,100,10,38,31,0,8.0,-7
12,5,150,30,21,20,0,6.0,7
12,5,170,40,85,76,0,7.0,5
12,5,200,50,36,31,-1,8.0,0
12,5,170,70,52,33,1,7.0,-2
12,5,180,50,108,95,0,8.0,1
12,5,190,40,55,39,0,1.0,-3
12,5,230,60,70,59,-1,8.0,1
12,5,170,40,40,35,0,6.0,3
12,5,260,60,106,97,9,5.0,-1
12,5,330,50,88,70,0,8.0,-5
12,5,340,30,37,15,0,6.0,1
12,5,30,40,7,-5,0,7.0,2
12,5,50,20,-33,-47,0,0.0,-9
12,5,60,20,-51,-57,0,0.0,-11
12,5,230,10,-49,-55,0,8.0,7
12,5,190,30,-29,-43,0,8.0,7
12,5,60,30,-49,-75,0,5.0,-14
12,5,50,30,-105,-155,0,8.0,-15
12,5,190,70,-51,-71,1,8.0,3
12,5,200,50,-37,-50,0,0.0,-4
12,5,120,10,2,1,7,8.0,1
12,5,230,40,2,1,0,8.0,-1
12,5,140,30,-34,-37,0,0.0,2
12,5,290,30,7,6,2,7.0,-1
12,5,200,50,17,7,0,0.0,4
12,5,200,60,32,6,0,7.0,0
12,5,230,60,38,22,0,8.0,0
12,5,100,30,7,1,0,0.0,-1
12,5,70,10,24,23,-1,8.0,1
12,5,30,40,0,-2,-1,8.0,-1
12,5,70,80,-50,-95,-1,8.0,-5
12,5,70,40,-69,-98,2,8.0,1
12,5,0,0,-107,-108,0,1.0,-10
12,5,190,50,-67,-82,0,0.0,6
12,5,210,80,25,14,4,8.0,-1
12,5,180,20,-5,-13,0,8.0,3
12,5,30,20,-20,-24,0,8.0,1
12,5,40,40,-9,-22,0,8.0,-1
12,5,240,40,-6,-13,-1,6.0,4
12,5,270,10,9,5,0,4.0,-13
12,5,250,50,60,49,0,8.0,1
12,5,280,30,46,18,0,6.0,4
12,5,360,10,-63,-76,0,0.0,-1
12,5,10,50,-28,-52,0,7.0,-7
12,5,270,30,-18,-30,3,8.0,8
12,5,210,50,2,-5,-1,8.0,3
12,5,250,20,-21,-26,0,7.0,2
12,5,160,30,-50,-61,-1,8.0,7
12,5,200,20,-26,-33,0,8.0,3
12,5,160,20,-108,-123,0,4.0,23
12,5,70,20,-43,-51,-1,8.0,3
12,5,60,40,-7,-11,-1,7.0,-2
12,5,360,40,-24,-32,-1,8.0,0
12,5,10,80,-14,-19,5,8.0,0
12,5,360,30,-54,-74,0,6.0,-5
12,5,250,30,4,-1,-1,8.0,1
12,5,230,50,-14,-20,0,8.0,0
12,5,140,20,-3,-32,0,8.0,1
12,5,130,20,-1,-16,0,8.0,3
12,5,20,20,-5,-11,0,8.0,0
12,5,190,20,-16,-23,0,8.0,4
12,5,190,70,94,65,-1,8.0,-5
12,5,340,40,63,53,13,8.0,-1
12,5,200,80,71,34,-1,7.0,-9
12,5,240,40,80,57,0,7.0,-2
12,5,260,80,43,10,1,7.0,2
12,5,220,70,28,10,0,1.0,2
12,5,210,60,66,52,-1,8.0,6
12,5,250,50,52,13,0,4.0,-18
12,5,260,70,69,6,0,6.0,-6
12,5,210,40,7,-3,0,0.0,-7
12,5,190,30,4,-12,0,5.0,-4
12,5,210,50,84,73,1,8.0,1
12,5,200,100,74,59,13,8.0,6
12,5,180,50,61,39,11,8.0,-6
12,5,210,70,60,21,-1,8.0,-1
12,5,100,70,37,27,35,8.0,2
12,5,260,30,22,12,0,6.0,-8
12,5,260,10,16,10,3,8.0,-1
12,5,230,30,-1,-3,0,6.0,-9
12,5,230,50,37,33,1,8.0,9
12,5,220,40,39,32,10,8.0,0
12,5,220,30,78,75,-1,8.0,12
12,5,210,40,89,86,0,8.0,0
12,5,310,60,54,38,3,7.0,-2
12,5,220,70,70,55,-1,8.0,0
12,5,220,60,91,88,1,8.0,1
12,5,220,50,92,69,0,8.0,0
12,5,190,60,67,51,0,8.0,-1
12,5,240,60,45,24,0,3.0,-2
12,5,270,50,46,22,4,7.0,-9
12,5,170,40,38,35,4,8.0,6
12,5,220,40,26,23,1,8.0,-2
12,5,270,30,23,19,1,7.0,0
12,5,180,30,-7,-13,0,5.0,10
12,5,240,40,23,19,0,4.0,-2
12,5,290,10,14,14,0,9.0,-2
12,5,260,30,-12,-21,0,6.0,-11
12,5,170,70,8,-6,1,8.0,-7
12,5,350,20,-57,-59,0,0.0,-4
12,5,220,80,12,6,-1,8.0,3
12,5,290,40,37,22,-1,6.0,3
12,5,350,30,-10,-28,-1,4.0,3
12,5,230,50,-4,-29,0,7.0,3
12,5,100,20,-23,-54,0,8.0,-2
12,5,130,40,27,19,0,8.0,5
12,5,200,50,86,61,0,7.0,-1
12,5,220,60,73,59,0,8.0,1
12,5,180,30,65,61,-1,8.0,2
12,5,190,20,46,43,4,8.0,0
12,5,160,20,55,55,0,8.0,0
12,5,100,50,30,19,0,0.0,-2
12,5,140,10,47,44,3,8.0,7
12,5,220,40,72,67,0,8.0,-2
12,5,240,80,125,121,21,8.0,-2
12,5,160,20,77,73,-1,8.0,0
12,5,230,40,91,85,15,8.0,0
12,5,230,50,69,58,0,8.0,4
12,5,220,60,70,51,0,1.0,4
12,5,100,10,35,32,0,8.0,6
12,5,190,50,102,92,0,8.0,2
12,5,240,70,60,46,9,8.0,4
12,5,210,90,80,56,0,7.0,3
12,5,270,10,30,27,0,8.0,3
12,5,20,20,51,38,0,8.0,-20
12,5,220,10,-29,-32,0,7.0,-2
12,5,230,40,26,20,-1,8.0,5
12,5,220,40,8,2,0,0.0,5
12,5,280,70,29,-11,0,3.0,4
12,5,240,40,30,12,0,7.0,-3
12,5,220,40,62,53,-1,8.0,-1
12,5,240,60,71,49,0,7.0,-1
12,5,140,10,8,5,0,0.0,-8
12,5,130,10,-17,-17,0,0.0,4
12,5,160,30,17,16,0,9.0,-8
12,5,160,20,-31,-35,0,0.0,-3
12,5,200,30,44,40,5,8.0,6
12,5,210,90,68,36,3,8.0,-1
12,5,200,60,84,47,0,8.0,3
12,5,230,30,54,9,0,1.0,6
12,5,200,50,89,50,0,8.0,1
12,5,200,70,89,79,6,8.0,2
12,5,200,30,44,34,0,6.0,2
12,5,190,70,64,23,0,7.0,5
12,5,190,50,65,54,1,8.0,7
12,5,200,50,54,36,0,1.0,-1
12,5,200,120,117,48,-1,8.0,-1
12,5,230,90,88,61,0,8.0,-7
12,5,140,20,46,31,0,8.0,1
12,5,180,80,63,27,0,8.0,6
12,5,190,40,70,62,26,8.0,-2
12,5,220,40,52,45,7,8.0,-4
12,5,170,50,31,17,0,0.0,-1
12,5,160,40,55,29,0,7.0,3
12,5,40,40,24,17,0,8.0,-4
12,5,50,30,7,0,0,8.0,1
12,5,40,60,9,-15,0,8.0,-3
12,5,50,30,-11,-29,0,8.0,2
12,5,160,20,26,12,0,8.0,2
12,5,290,10,47,44,0,8.0,1
12,5,180,30,-3,-4,0,9.0,-1
12,5,220,40,12,-2,0,4.0,0
12,5,360,40,33,24,0,8.0,-8
12,5,200,100,50,42,8,8.0,5
12,5,230,80,58,31,0,6.0,2
12,5,210,100,84,50,-1,8.0,4
12,5,200,30,41,25,0,8.0,-10
12,5,200,20,2,-1,0,0.0,-1
12,5,210,70,39,11,-1,8.0,0
12,5,220,40,61,53,0,8.0,1
12,5,190,50,46,33,3,8.0,2
12,5,220,50,107,104,2,8.0,2
12,5,230,100,114,105,3,8.0,-1
12,5,220,60,42,25,0,2.0,3
12,5,220,40,33,26,0,8.0,7
12,5,230,100,95,74,0,8.0,-1
12,5,250,80,113,67,0,8.0,2
12,5,220,90,93,55,0,8.0,-2
12,5,250,50,38,16,0,1.0,3
12,5,240,20,11,8,-1,6.0,-6
12,5,110,60,1,0,28,8.0,1
12,5,40,70,-38,-74,0,0.0,-5
12,5,260,50,12,4,7,7.0,5
12,5,250,20,16,12,0,8.0,6
12,5,220,30,17,8,0,8.0,0
12,5,300,10,80,77,6,8.0,0
12,5,210,40,105,73,0,8.0,0
12,5,200,40,94,51,0,8.0,-2
12,5,210,70,88,81,6,8.0,5
12,5,190,60,64,38,0,8.0,0
12,5,200,70,80,52,0,8.0,4
12,5,220,40,104,89,0,8.0,0
12,5,150,40,82,62,0,0.0,-4
12,5,250,20,53,43,0,0.0,-13
12,5,200,70,46,28,0,8.0,-2
12,5,190,70,51,44,10,8.0,4
12,5,220,20,36,33,0,8.0,2
12,5,320,40,73,67,11,8.0,-4
12,5,140,20,78,74,0,8.0,0
12,5,160,20,59,49,0,8.0,-6
12,5,180,40,101,97,6,8.0,3
12,5,200,50,135,121,0,8.0,-1
12,5,240,50,126,95,0,8.0,-4
12,5,190,40,112,95,0,8.0,2
12,5,180,60,124,70,0,6.0,0
12,5,220,70,102,80,0,4.0,1
12,5,200,70,115,106,12,8.0,-1
12,5,240,80,115,101,2,8.0,-3
12,5,150,30,67,58,0,5.0,14
12,5,200,40,74,53,0,8.0,1
12,5,210,80,131,89,0,6.0,-12
12,5,200,50,100,65,0,8.0,-2
12,5,130,30,64,49,0,6.0,-3
12,5,140,40,47,25,0,6.0,-3
12,5,150,40,57,43,0,6.0,-1
12,5,190,60,77,67,8,8.0,5
12,5,230,40,34,18,0,8.0,-4
12,5,280,30,74,64,-1,8.0,1
12,5,360,10,-32,-32,0,9.0,-6
12,5,80,30,-17,-29,0,0.0,-2
12,5,120,10,-38,-51,0,0.0,-3
12,5,170,10,-47,-49,0,5.0,1
12,5,160,30,23,7,0,8.0,-3
12,5,200,40,62,16,0,8.0,3
12,5,210,40,88,65,0,8.0,-4
12,5,220,40,58,42,0,8.0,1
12,5,270,30,76,67,0,7.0,0
12,5,190,10,52,51,0,6.0,-11
12,5,170,30,59,40,0,8.0,-4
12,5,170,20,66,61,0,8.0,1
12,5,120,30,57,57,0,9.0,0
12,5,130,30,55,41,0,8.0,-2
12,5,180,10,45,39,0,8.0,-12
12,5,250,20,65,63,0,8.0,0
12,5,110,10,67,60,0,8.0,-2
12,5,40,20,-30,-37,0,0.0,31
12,5,180,30,1,-7,0,4.0,7
12,5,190,40,54,51,13,8.0,1
12,5,210,40,41,36,0,8.0,-1
12,5,230,50,74,69,0,8.0,-3
12,5,230,90,89,72,-1,8.0,3
12,5,240,80,107,101,2,8.0,-1
12,5,230,40,15,9,0,1.0,15
12,5,220,20,40,39,0,9.0,-7
12,5,0,0,-45,-46,0,9.0,-6
12,5,170,10,-66,-73,0,0.0,7
12,5,170,30,-18,-18,0,9.0,2
12,5,20,20,13,5,0,8.0,-9
12,5,200,10,-22,-25,0,9.0,2
12,5,200,40,-2,-10,-1,8.0,2
12,5,240,40,46,41,0,8.0,4
12,5,230,30,48,41,-1,8.0,4
12,5,220,50,69,37,0,8.0,0
12,5,200,80,48,5,0,8.0,-8
12,5,230,50,25,-5,0,1.0,-2
12,5,230,70,8,-22,0,8.0,0
12,5,180,40,13,4,-1,8.0,0
12,5,70,40,6,-18,0,8.0,0
12,5,250,50,12,1,0,8.0,-4
12,5,180,60,28,7,0,8.0,5
12,5,270,70,37,18,4,8.0,2
12,5,200,40,28,15,-1,8.0,2
12,5,270,30,13,7,0,1.0,-10
12,5,230,30,0,-4,-1,2.0,-14
12,5,320,50,67,56,2,8.0,-2
12,5,230,20,32,28,0,8.0,5
12,5,210,20,56,52,0,8.0,5
12,5,240,30,78,75,-1,8.0,0
12,5,260,30,95,93,5,8.0,-1
12,5,260,30,86,76,0,8.0,1
12,5,240,50,96,73,0,8.0,-1
12,5,210,70,82,65,0,8.0,1
12,5,220,90,69,43,1,8.0,-10
12,5,170,60,54,32,6,8.0,-2
12,5,310,30,21,6,7,8.0,-3
12,5,190,40,-5,-17,0,0.0,3
12,5,180,40,49,23,0,8.0,-1
12,5,220,90,124,105,3,8.0,6
12,5,200,40,68,56,1,8.0,-5
12,5,190,60,102,94,6,8.0,2
12,5,240,70,131,105,0,7.0,-6
12,5,280,10,63,52,-1,7.0,-14
12,5,140,20,21,15,0,8.0,4
12,5,220,50,105,101,4,8.0,3
12,5,210,70,111,106,11,8.0,0
12,5,220,100,75,49,0,7.0,0
12,5,270,70,81,71,21,8.0,4
12,5,270,40,47,31,1,8.0,2
12,5,240,30,17,4,0,6.0,3
12,5,210,10,-33,-36,0,9.0,5
12,5,70,50,11,-2,0,0.0,-4
12,5,50,40,-8,-17,0,1.0,7
12,5,140,20,5,-40,0,8.0,0
12,5,160,40,0,-7,0,8.0,1
12,5,170,40,50,44,6,8.0,4
12,5,180,40,69,51,0,8.0,0
12,5,180,40,61,54,1,8.0,6
12,5,190,40,69,53,0,8.0,6
12,5,180,70,81,73,27,8.0,4
12,5,260,80,103,85,4,8.0,-10
12,5,230,50,73,69,0,8.0,4
12,5,300,20,52,43,0,8.0,6
12,5,220,30,36,19,0,8.0,-1
12,5,200,30,-8,-15,0,8.0,7
12,5,180,10,-13,-21,0,8.0,-5
12,5,190,10,-30,-38,0,0.0,-2
12,5,210,30,36,31,0,8.0,3
12,5,270,30,75,46,0,8.0,-7
12,5,270,20,92,90,0,8.0,-1
12,5,50,30,5,-6,0,8.0,0
12,5,260,10,-10,-14,0,8.0,2
12,5,220,10,37,35,0,6.0,-18
12,5,140,10,-19,-21,0,0.0,5
12,5,220,30,-2,-4,0,9.0,2
12,5,200,70,31,22,3,8.0,0
12,5,250,60,94,69,0,8.0,-2
12,5,200,80,102,61,0,8.0,0
12,5,190,70,63,46,23,8.0,-1
12,5,230,30,14,5,0,1.0,-7
12,5,200,50,60,54,13,8.0,0
12,5,210,40,41,31,0,8.0,-3
12,5,130,50,37,28,1,8.0,0
12,5,290,30,49,43,12,8.0,0
12,5,230,80,79,59,23,8.0,6
12,5,180,40,64,49,0,8.0,7
12,5,160,40,92,73,0,8.0,5
12,5,170,20,47,45,0,8.0,10
12,5,140,20,84,68,0,8.0,4
12,5,140,50,124,63,0,8.0,1
12,5,160,30,53,41,0,4.0,-2
12,5,140,30,73,67,5,8.0,5
12,5,240,50,74,66,9,8.0,3
12,5,170,40,61,48,0,8.0,5
12,5,280,50,78,59,1,7.0,-3
12,5,130,10,44,41,0,8.0,-12
12,5,60,40,58,53,1,8.0,-1
12,5,990,10,-17,-25,0,8.0,3
12,5,150,10,-17,-19,0,8.0,4
12,5,190,40,21,-54,0,5.0,5
12,5,210,30,24,-10,0,8.0,-3
12,5,250,40,65,60,0,7.0,2
12,5,30,20,59,53,0,8.0,-1
12,5,180,40,54,52,3,8.0,-1
12,5,150,60,70,39,-1,8.0,6
12,5,160,30,-4,-8,0,6.0,5
12,5,70,30,13,4,0,8.0,-13
12,5,240,40,33,29,5,8.0,2
12,5,110,10,14,6,0,8.0,4
12,5,210,30,-16,-16,0,9.0,7
12,5,110,20,-8,-15,0,8.0,-1
12,5,120,40,7,-13,0,8.0,2
12,5,140,30,62,59,0,8.0,2
12,5,240,40,77,70,0,8.0,-2
12,5,180,50,81,75,3,8.0,3
12,5,170,30,89,81,-1,8.0,-2
12,5,140,20,35,35,0,9.0,-9
12,5,220,60,96,91,10,8.0,-5
12,5,170,40,64,55,0,8.0,-1
12,5,150,30,49,44,0,0.0,1
12,5,170,30,87,73,0,8.0,0
12,5,180,40,57,47,0,,3
12,5,230,90,134,126,2,8.0,0
12,5,170,30,114,109,14,8.0,6
12,5,200,40,73,61,0,6.0,-5
12,5,310,30,14,6,0,1.0,-1
12,5,210,40,16,12,0,8.0,0
12,5,190,100,48,24,-1,8.0,-1
12,5,160,30,30,22,0,2.0,-9
12,5,240,20,27,17,0,8.0,3
12,5,210,40,25,15,0,8.0,0
12,5,170,30,20,14,1,8.0,-1
12,5,240,10,-6,-9,0,9.0,0
12,5,70,31,18,17,0,8.0,-7
12,5,50,5,-3,-6,-1,8.0,-1
12,5,180,10,4,-2,0,8.0,1
12,5,330,15,58,49,-1,8.0,-10
12,5,20,15,-13,-19,0,0.0,-2
12,5,240,15,18,-1,0,8.0,0
12,5,300,5,25,19,0,8.0,2
12,5,40,10,28,10,0,8.0,-9
12,5,70,36,-38,-67,0,0.0,-4
12,5,70,26,-38,-63,0,0.0,3
12,5,170,5,-20,-40,0,0.0,-6
12,5,200,15,-40,-51,0,0.0,-5
12,5,230,51,-9,-44,0,1.0,-1
12,5,140,5,-49,-53,0,0.0,7
12,5,170,21,16,-15,0,7.0,6
12,5,160,21,37,36,0,9.0,3
12,5,280,51,58,40,3,6.0,3
12,5,200,67,60,53,12,8.0,9
12,5,250,67,47,1,-1,4.0,-3
12,5,240,46,36,26,1,8.0,-6
12,5,260,46,109,101,2,8.0,0
12,5,240,77,118,90,0,7.0,3
12,5,290,31,45,19,-1,2.0,-1
12,5,280,15,48,23,0,7.0,-10
12,5,240,77,51,26,0,8.0,6
12,5,310,36,70,31,0,7.0,3
12,5,240,5,48,33,0,7.0,0
12,5,250,36,57,43,0,8.0,-1
12,5,290,10,53,49,-1,8.0,0
12,5,120,10,49,45,0,8.0,-2
12,5,240,67,83,45,0,1.0,-9
12,5,160,46,64,49,0,0.0,0
12,5,230,62,64,30,0,3.0,-5
12,5,200,67,49,28,0,4.0,2
12,5,200,41,20,10,0,1.0,-5
12,5,210,46,22,15,0,4.0,-9
12,5,140,62,34,25,8,8.0,5
12,5,0,0,15,15,0,8.0,0
12,5,40,15,25,6,0,8.0,1
12,5,20,26,35,26,0,8.0,0
12,5,230,31,27,12,0,8.0,-3
12,5,320,46,73,64,1,8.0,-2
12,5,240,31,43,34,-1,7.0,-11
12,5,240,51,86,75,0,8.0,-1
12,5,200,41,64,41,0,8.0,-3
12,5,170,36,54,41,0,0.0,-3
12,5,220,21,45,45,0,8.0,5
12,5,140,41,36,24,0,1.0,-1
12,5,210,57,101,92,4,8.0,-1
12,5,40,51,47,37,-1,8.0,-6
12,5,40,31,28,10,0,8.0,0
12,5,340,10,31,31,0,8.0,-1
12,5,30,15,29,29,0,8.0,-2
12,5,60,21,43,43,0,8.0,1
12,5,50,31,26,26,-1,8.0,0
12,5,70,41,-12,-12,0,8.0,-1
12,5,60,57,-33,-44,0,5.0,-7
12,5,70,31,-31,-35,0,0.0,-9
12,5,60,21,-61,-65,0,1.0,3
12,5,110,21,-56,-77,0,0.0,-9
12,5,60,5,-57,-78,0,0.0,-23
12,5,170,10,-16,-36,0,8.0,-5
12,5,210,72,41,41,-1,8.0,3
12,5,220,77,91,90,-1,8.0,1
12,5,200,77,81,54,0,8.0,-3
12,5,230,36,12,9,0,0.0,4
12,5,210,31,58,54,0,8.0,0
12,5,200,72,64,32,0,7.0,1
12,5,230,51,12,3,0,1.0,2
12,5,250,154,81,56,4,8.0,-4
12,5,210,51,59,41,0,7.0,2
12,5,230,82,38,14,-1,4.0,-8
12,5,230,36,29,20,0,5.0,3
12,5,220,98,99,90,11,8.0,-1
12,5,350,46,25,13,1,8.0,0
12,5,170,77,21,-13,0,8.0,0
12,5,220,103,42,30,3,8.0,4
12,5,240,57,45,28,3,5.0,-6
12,5,230,62,89,80,0,7.0,0
12,5,200,118,106,94,24,8.0,5
12,5,220,31,61,43,-1,7.0,6
12,5,240,46,61,49,-1,4.0,0
12,5,260,67,44,13,0,4.0,-3
12,5,270,36,37,21,2,8.0,0
12,5,160,26,43,39,4,8.0,0
12,5,310,15,2,-1,0,2.0,-5
12,5,270,41,4,-12,0,2.0,10
12,5,310,15,24,17,0,8.0,0
12,5,250,31,24,21,0,8.0,0
12,5,180,36,34,31,0,7.0,-1
12,5,240,72,67,47,0,3.0,-5
12,5,220,57,68,64,0,6.0,6
12,5,80,26,-5,-5,0,0.0,4
12,5,100,10,-19,-19,0,0.0,8
12,5,140,15,37,37,0,0.0,8
12,5,180,31,65,65,0,1.0,8
12,5,220,62,97,88,-1,3.0,-5
12,5,240,62,68,36,0,2.0,-6
12,5,150,51,43,22,0,4.0,-1
12,5,190,72,71,54,0,6.0,7
12,5,270,41,77,66,0,2.0,-12
12,5,230,26,-6,-6,0,5.0,4
12,5,250,98,131,115,0,6.0,-5
12,5,230,77,122,98,0,8.0,0
12,5,260,62,128,112,0,8.0,0
12,5,280,21,25,25,0,0.0,-3
12,5,60,5,-32,-32,0,4.0,6
12,5,190,46,8,8,0,8.0,5
12,5,190,31,29,29,0,5.0,2
12,5,170,46,47,40,0,7.0,-7
12,5,220,41,32,32,0,0.0,0
12,5,200,36,22,22,0,1.0,-11
12,5,210,31,3,3,0,4.0,7
12,5,360,10,-6,-6,0,1.0,-8
12,5,80,26,-8,-8,0,7.0,-2
12,5,60,10,-58,-58,0,0.0,-7
12,5,230,41,-35,-35,0,8.0,-4
12,5,210,46,5,5,2,8.0,0
12,5,220,103,86,85,2,8.0,6
12,5,240,57,120,120,6,8.0,1
12,5,210,98,112,104,6,8.0,-1
12,5,230,82,60,51,4,7.0,-2
12,5,230,93,54,42,1,4.0,-2
12,5,130,57,29,14,0,8.0,1
12,5,100,15,0,0,0,8.0,6
12,5,60,31,14,14,0,8.0,1
12,5,70,51,-19,-26,0,1.0,8
12,5,50,77,-34,-75,-1,6.0,-2
12,5,80,82,-39,-80,0,8.0,-3
12,5,80,46,-31,-59,0,7.0,-4
12,5,110,15,-67,-71,0,4.0,0
12,5,40,10,5,-1,0,8.0,0
12,5,60,21,-7,-7,0,8.0,-1
12,5,100,10,-31,-31,0,7.0,-1
12,5,40,31,37,37,-1,8.0,-7
12,5,20,10,10,6,0,8.0,-3
12,5,40,67,5,-1,-1,8.0,6
12,5,70,77,-3,-42,0,8.0,-1
12,5,50,41,-41,-46,0,0.0,-6
12,5,70,31,-50,-54,0,0.0,-7
12,5,220,15,27,27,-1,8.0,1
12,5,120,5,1,1,0,8.0,1
12,5,200,15,36,36,21,8.0,-10
12,5,80,10,-40,-40,0,5.0,8
12,5,130,15,20,20,0,8.0,5
12,5,190,46,103,100,9,8.0,-2
12,5,20,21,11,7,0,8.0,-4
12,5,200,21,-32,-32,0,8.0,6
12,5,230,41,1,1,4,5.0,3
12,5,360,21,-66,-69,0,0.0,-13
12,5,70,5,-98,-104,0,0.0,-13
12,5,70,21,-106,-114,0,0.0,-5
12,5,80,46,-92,-120,0,1.0,5
12,5,90,46,-19,-30,-1,8.0,1
12,5,250,20,-16,-29,0,3.0,15
12,5,280,50,64,36,2,5.0,0
12,5,200,30,19,7,0,3.0,3
12,5,210,60,71,56,0,7.0,-3
12,5,130,10,48,41,0,8.0,1
12,5,40,20,49,45,-1,8.0,2
12,5,80,30,52,46,0,8.0,-4
12,5,120,20,10,10,0,3.0,-5
12,5,120,30,0,-11,0,8.0,1
12,5,130,10,2,-15,0,8.0,0
12,5,90,30,-8,-12,0,8.0,1
12,5,220,20,-6,-10,0,8.0,0
12,5,990,10,4,1,0,8.0,-1
12,5,0,0,-54,-61,0,0.0,4
12,5,240,80,38,15,0,8.0,3
12,5,220,20,53,50,0,8.0,-2
12,5,200,20,31,19,0,8.0,1
12,5,140,20,40,34,0,8.0,2
12,5,100,30,70,69,8,8.0,1
12,5,70,70,19,15,-1,8.0,-4
12,5,60,70,-40,-66,0,0.0,-3
12,5,70,50,-61,-98,0,1.0,-2
12,5,60,50,-42,-133,0,6.0,6
12,5,60,70,-57,-83,0,0.0,-2
12,5,40,20,-49,-81,0,7.0,7
12,5,20,10,-92,-101,0,0.0,3
12,5,150,30,-61,-87,0,8.0,2
12,5,40,30,-100,-125,0,2.0,-4
12,5,330,10,-98,-131,0,7.0,5
12,5,360,30,-13,-20,-1,7.0,-7
12,5,50,50,-110,-144,0,2.0,-5
12,5,280,20,14,8,0,1.0,-22
12,5,70,20,11,5,0,8.0,1
12,5,20,30,7,-11,0,8.0,-2
12,5,30,20,16,1,0,8.0,0
12,5,220,20,-26,-26,0,8.0,8
12,5,230,60,16,-20,0,7.0,0
12,5,220,50,28,10,0,7.0,2
12,5,180,50,40,-24,0,8.0,1
12,5,210,60,84,72,0,7.0,-4
12,5,220,90,103,98,1,8.0,2
12,5,230,60,108,96,0,8.0,-1
12,5,270,60,92,84,0,8.0,-3
12,5,260,20,46,34,0,7.0,-1
12,5,310,30,66,64,0,6.0,-7
12,5,40,60,21,6,0,8.0,4
12,5,90,80,-13,-53,0,8.0,-2
12,5,80,80,-60,-94,0,0.0,-2
12,5,90,60,21,-2,0,7.0,-5
12,5,110,40,39,33,0,7.0,4
12,5,100,20,4,4,0,,2
12,5,360,30,30,27,0,,-3
12,5,350,20,29,26,0,8.0,0
12,5,140,10,22,22,0,8.0,0
12,5,210,60,91,86,-1,8.0,6
12,5,220,70,89,65,0,4.0,-1
12,5,220,120,93,59,-1,7.0,1
12,5,240,40,50,46,0,2.0,0
12,5,240,30,44,44,0,6.0,-30
12,5,240,30,22,22,0,1.0,-13
12,5,140,20,15,15,0,5.0,-2
12,5,190,70,87,58,0,6.0,4
12,5,40,50,-4,-8,0,8.0,0
12,5,80,70,-32,-61,0,7.0,1
12,5,70,20,-27,-34,0,8.0,1
12,5,230,50,-15,-30,0,,-1
12,5,260,60,4,4,-1,,-12
12,5,260,40,-4,-14,0,,6
12,5,280,30,1,-2,0,4.0,0
12,5,990,10,-29,-29,0,8.0,10
12,5,160,50,12,12,4,8.0,1
12,5,990,10,29,29,0,8.0,-3
12,5,110,30,20,20,0,7.0,2
12,5,200,40,70,69,-1,,3
12,5,260,120,100,60,0,,-4
12,5,210,70,74,74,10,8.0,8
12,5,220,80,114,104,0,8.0,-2
12,5,240,40,36,36,0,0.0,8
12,5,180,30,37,37,0,,-8
12,5,210,70,38,34,-1,8.0,-2
12,5,250,70,70,58,2,7.0,-1
12,5,270,10,34,34,-1,4.0,2
12,5,280,30,-3,-6,0,3.0,4
12,5,220,60,12,2,-1,8.0,3
12,5,200,50,41,38,-1,8.0,4
12,5,210,40,3,3,6,8.0,0
12,5,210,90,50,49,-1,8.0,1
12,5,250,100,79,46,0,6.0,-11
12,5,240,110,105,56,0,8.0,-6
12,5,180,40,91,84,0,7.0,1
12,5,150,20,23,22,0,1.0,-6
12,5,140,50,46,31,0,4.0,0
12,5,130,40,48,30,0,3.0,6
12,5,230,60,100,93,1,8.0,8
12,5,250,80,73,47,0,5.0,-1
12,5,220,90,77,55,0,8.0,4
12,5,220,50,19,1,0,,3
12,5,250,30,12,12,0,,-14
12,5,210,90,42,28,-1,8.0,6
12,5,230,100,89,78,1,8.0,-3
12,5,220,60,41,27,0,1.0,4
12,5,210,60,78,62,0,5.0,2
12,5,220,90,60,41,-1,6.0,1
12,5,170,60,50,32,-1,,9
12,5,200,80,96,89,5,,-3
12,5,230,70,44,39,4,8.0,-9
12,5,250,30,25,18,0,,-9
12,5,350,10,-1,-2,-1,8.0,2
12,5,280,30,-18,-20,0,2.0,-23
12,5,200,90,32,24,0,8.0,1
12,5,290,30,41,36,-1,,-8
12,5,240,30,-21,-29,0,,29
12,5,260,20,-17,-21,-1,1.0,-6
12,5,220,30,6,6,0,8.0,-4
12,5,140,40,-25,-36,0,2.0,3
12,5,200,70,54,39,2,8.0,-5
12,5,180,80,52,32,0,7.0,4
12,5,220,120,79,50,10,,5
12,5,190,70,54,36,1,,-4
12,5,310,30,39,35,7,,-7
12,5,330,30,11,11,0,,1
12,5,240,30,3,-2,0,,-7
12,5,230,30,14,14,0,,-4
12,5,180,20,27,27,-1,,1
12,5,160,50,108,85,0,6.0,-1
12,5,200,40,101,90,0,,-1
12,5,180,50,103,74,0,,1
12,5,140,40,40,26,0,,4
12,5,170,50,74,59,0,1.0,3
12,5,150,30,103,77,0,7.0,-4
12,5,170,20,84,70,-1,7.0,4
12,5,180,70,145,97,0,,4
12,5,220,70,89,73,7,,-1
12,5,180,70,90,60,0,,-2
12,5,220,100,112,79,0,,-1
12,5,220,90,133,123,1,,0
12,5,240,130,116,65,0,3.0,-1
12,5,230,80,85,59,6,7.0,-6
12,5,230,90,49,35,1,7.0,-2
12,5,260,70,40,-14,0,,0
12,5,230,30,17,1,0,,-2
12,5,160,30,15,-1,0,,0
12,5,70,40,38,33,0,8.0,0
12,5,90,50,-1,-16,0,1.0,-2
12,5,110,50,-4,-47,0,1.0,0
12,5,110,30,-40,-70,0,,-30
12,5,150,10,-51,-67,0,,-7
12,5,70,30,-45,-52,0,,10
12,5,40,70,4,-1,6,,0
12,5,40,50,-36,-52,0,,6
12,5,50,40,-14,-25,0,,1
12,5,250,30,-6,-8,-1,,2
12,5,220,50,-18,-25,0,,-8
12,5,230,60,5,3,14,,3
12,5,230,30,-30,-34,0,,-4
12,5,200,50,127,127,2,,-1
12,5,0,0,26,26,0,,5
12,5,340,10,78,78,2,,0
12,5,170,40,92,86,0,,1
12,5,220,40,44,40,0,5.0,7
12,5,330,70,84,66,2,7.0,1
12,5,0,0,-21,-21,0,0.0,-6
12,5,50,10,-8,-8,0,,-1
12,5,50,20,-22,-25,0,,-6
12,5,60,30,-32,-34,0,,-2
12,5,240,10,16,16,0,,4
12,5,70,40,32,32,0,8.0,-6
12,5,30,30,29,25,0,8.0,1
12,5,70,40,-73,-100,0,0.0,1
12,5,40,20,-53,-76,0,,14
12,5,50,50,5,-5,0,,-5
12,5,240,40,-27,-28,0,,4
12,5,210,10,12,12,0,,0
12,5,270,30,42,41,1,8.0,2
12,5,320,30,8,-16,0,1.0,2
12,5,240,100,24,-4,0,7.0,3
12,5,250,30,9,5,-1,,-7
12,5,30,10,-44,-51,0,,-1
12,5,220,90,-5,-25,0,,3
12,5,250,100,74,64,2,,0
12,5,250,30,14,5,-1,,-5
12,5,210,40,-13,-15,0,,0
12,5,240,70,66,64,6,,2
12,5,220,30,15,4,0,,1
12,5,240,50,-4,-20,0,,0
12,5,250,20,-35,-37,0,,-3
12,5,160,40,63,58,0,,1
12,5,190,50,55,46,0,,3
12,5,140,20,62,61,0,,-3
12,5,70,20,29,27,0,7.0,0
12,5,60,20,20,18,0,4.0,-6
12,5,50,70,17,-3,0,8.0,2
12,5,60,70,12,-2,0,,0
12,5,80,60,-35,-59,0,,2
12,5,70,60,-55,-95,0,,-5
12,5,70,60,-81,-106,0,,1
12,5,70,50,-81,-105,0,0.0,1
12,5,90,50,-47,-81,0,7.0,4
12,5,70,20,-52,-65,0,4.0,16
12,5,100,20,13,2,0,,-1
12,5,110,60,25,12,-1,,-1
12,5,180,50,69,65,14,,1
12,5,330,30,15,12,0,,2
12,5,0,0,-40,-44,0,0.0,-18
12,5,40,10,-20,-23,0,7.0,15
12,5,140,10,-47,-52,0,4.0,-4
12,5,990,10,19,18,0,,0
12,5,110,30,33,33,8,,9
12,5,60,20,28,26,0,,-5
12,5,180,40,95,89,0,,5
12,5,160,30,95,89,0,,5
12,5,150,50,93,71,0,,1
12,5,170,50,112,101,1,,-1
12,5,240,50,95,90,0,,-1
12,5,230,50,65,53,0,,-1
12,5,250,100,123,104,2,,4
12,5,50,70,7,-11,0,,1
12,5,120,50,87,79,1,,3
12,5,100,10,55,41,0,,3
12,5,70,20,16,13,0,,6
12,5,40,60,52,50,0,,1
12,5,360,20,33,28,0,,-1
12,5,270,30,52,48,0,,7
12,5,40,30,-27,-47,0,,-2
12,5,70,30,-63,-81,0,,-7
12,5,90,10,-56,-69,0,,-3
12,5,0,0,-66,-80,0,,6
12,5,200,60,9,2,0,,1
12,5,270,30,9,4,0,,-17
12,5,220,100,113,107,11,,1
12,5,270,70,72,45,-1,,4
12,5,280,30,17,-10,0,,4
12,5,280,30,37,17,0,,-3
12,5,220,50,41,27,0,,1
12,5,110,20,-26,-29,0,,1
12,5,190,30,8,-3,0,,-3
12,5,190,30,61,56,0,,0
12,5,240,100,44,7,0,,-2
12,5,280,40,13,1,0,,-6
12,5,210,30,5,1,0,,-3
12,5,190,50,20,17,0,,0
12,5,210,60,66,55,0,,3
12,5,200,60,76,61,0,,-2
12,5,220,70,79,63,2,,-22
12,5,170,70,77,65,6,,6
12,5,230,90,34,9,0,,-1
12,5,180,20,0,-5,0,,-4
12,5,360,30,16,11,0,,-1
12,5,50,20,20,16,0,,2
12,5,220,20,29,27,0,,1
12,5,240,20,14,14,0,,1
12,5,200,20,-13,-14,0,,6
12,5,210,30,53,53,0,,1
12,5,230,30,67,67,0,,1
12,5,210,40,42,41,0,,0
12,5,30,10,61,58,0,,0
12,5,60,30,-25,-27,0,,16
12,5,230,30,-43,-46,0,,0
12,5,190,20,13,13,0,,1
12,5,80,50,18,7,0,,-1
12,5,140,20,-15,-28,0,,-2
12,5,140,20,-44,-52,0,,-2
12,5,190,40,6,-21,0,,-3
12,5,180,40,24,14,0,,-6
12,5,240,70,63,50,1,,-3
12,5,260,40,34,7,1,,-2
12,5,30,20,-2,-3,0,,3
12,5,230,10,-62,-68,0,,8
12,5,150,20,-51,-66,0,,-19
12,5,210,70,19,14,0,,2
12,5,230,80,75,75,0,,7
12,5,240,80,97,60,0,,2
12,5,250,50,51,33,0,,-7
12,5,990,10,-27,-28,0,,10
12,5,220,10,-68,-74,0,,0
12,5,170,60,-3,-5,0,,-1
12,5,270,40,27,18,5,,-11
12,5,210,70,46,25,0,,3
12,5,230,40,84,74,0,,1
12,5,190,40,-1,-21,0,,1
12,5,120,60,-2,-31,0,,-2
12,5,150,50,54,30,0,,4
12,5,190,40,70,61,0,,0
12,5,250,40,61,51,0,,-1
12,5,210,40,54,45,-1,,-1
12,5,240,50,57,50,-1,,-6
12,5,140,30,36,30,0,,3
12,5,360,10,21,13,0,,0
12,5,990,10,-32,-34,0,,-1
12,5,210,10,-14,-16,0,,7
12,5,280,10,39,26,0,,0
12,5,330,20,59,28,0,,0
12,5,250,40,57,53,0,,3
12,5,270,40,64,52,0,,-5
12,5,260,100,87,78,15,,1
12,5,300,40,9,-13,0,,-14
12,5,250,20,-12,-24,0,,-13
12,5,210,80,14,7,6,,6
12,5,240,40,30,29,0,,2
12,5,220,40,34,31,0,,2
12,5,240,40,63,61,0,,2
12,5,240,40,66,58,0,,1
12,5,240,30,71,61,0,,0
12,5,340,20,55,50,5,,-5
12,5,310,30,30,17,0,,-3
12,5,50,40,-22,-49,0,,-3
12,5,30,40,-16,-37,0,,-3
12,5,320,10,-28,-34,0,,-4
12,5,190,30,-27,-35,0,,-1
12,5,230,70,40,37,-1,,5
12,5,170,50,64,52,0,,-1
12,5,190,50,103,54,0,,-3
12,5,170,40,73,68,0,,6
12,5,210,90,89,57,0,,-7
12,5,230,110,135,104,0,,3
12,5,220,90,101,73,0,,-4
12,5,180,90,68,40,0,,7
12,5,180,40,95,68,0,,-4
12,5,230,40,37,32,-1,,-7
12,5,230,30,4,2,0,,-14
12,5,200,90,53,33,2,,-1
12,5,230,40,32,31,0,,-6
12,5,230,70,85,77,0,,2
12,5,220,90,93,68,0,,0
12,5,230,80,68,55,0,,-1
12,5,210,70,64,32,0,,3
12,5,220,40,28,25,0,,2
12,5,250,20,11,10,0,,-6
12,5,990,10,4,3,0,,3
12,5,230,20,-35,-36,0,,2
12,5,360,10,56,49,0,,1
12,5,10,20,63,42,0,,-1
12,5,70,40,40,21,0,,0
12,5,50,40,12,9,0,,1
12,5,80,30,39,36,0,,3
12,5,120,40,29,25,0,,-2
12,5,210,20,10,-3,0,,-6
12,5,210,60,20,9,-1,,-2
12,5,170,20,41,41,0,,3
12,5,200,90,98,25,0,,2
12,5,230,60,83,58,0,,-1
12,5,210,100,91,80,1,8.0,0
12,5,220,110,75,53,0,4.0,5
12,5,290,40,68,56,12,7.0,-2
12,5,270,40,56,41,-1,8.0,0
12,5,200,70,110,91,0,8.0,-2
12,5,230,70,82,63,0,5.0,-6
12,5,240,120,127,111,4,8.0,-1
12,5,250,50,66,36,0,5.0,1
12,5,240,80,87,68,1,8.0,-13
12,5,0,0,65,61,-1,8.0,1
12,5,330,40,61,33,0,7.0,-3
12,5,350,20,19,17,0,8.0,4
12,5,20,20,-7,-10,0,0.0,-21
12,5,30,10,-6,-8,0,8.0,0
12,5,60,30,5,-11,0,8.0,1
12,5,70,40,-33,-53,0,0.0,-4
12,5,60,60,-25,-43,0,4.0,-2
12,5,60,40,-36,-50,0,0.0,-7
12,5,50,30,-37,-50,0,0.0,-5
12,5,100,20,-44,-46,-1,9.0,-1
12,5,80,20,-46,-47,0,9.0,-1
12,5,110,10,-70,-70,0,9.0,-17
12,5,240,30,10,2,0,8.0,-4
12,5,180,20,-1,-4,0,9.0,0
12,5,160,20,5,-12,0,0.0,2
12,5,230,50,30,26,0,7.0,-1
12,5,190,50,23,16,0,7.0,1
12,5,210,60,69,57,0,8.0,0
12,5,190,70,36,24,1,8.0,13
12,5,270,40,61,50,2,8.0,1
12,5,180,10,23,19,-1,7.0,1
12,5,90,10,9,9,0,4.0,-9
12,5,240,20,28,25,0,8.0,2
12,5,200,30,11,10,0,8.0,4
12,5,190,40,5,4,0,8.0,1
12,5,200,30,59,49,0,8.0,0
12,5,240,20,38,35,-1,8.0,3
12,5,320,10,37,32,0,7.0,-5
12,5,220,40,-3,-5,0,4.0,-2
12,5,240,30,-3,-4,0,8.0,-1
12,5,280,30,10,6,0,5.0,-14
12,5,190,40,26,23,4,8.0,-2
12,5,210,40,3,2,0,7.0,3
12,5,140,40,-28,-39,0,0.0,0
12,5,130,40,4,-14,0,1.0,6
12,5,40,50,19,16,0,3.0,5
12,5,10,10,0,0,0,9.0,-3
12,5,200,30,3,1,0,8.0,-2
12,5,200,20,5,2,0,8.0,3
12,5,280,30,77,73,-1,8.0,-3
12,5,250,60,90,82,-1,8.0,4
12,5,250,40,81,81,2,8.0,8
12,5,260,50,97,88,0,8.0,4
12,5,240,20,27,27,0,9.0,-2
12,5,230,30,64,63,0,8.0,2
12,5,60,50,33,30,0,8.0,-9
12,5,70,60,-17,-41,0,0.0,-3
12,5,60,40,-47,-58,0,0.0,0
12,5,70,40,-54,-61,0,0.0,-3
12,5,60,20,-69,-73,0,0.0,0
12,5,90,10,-71,-73,0,0.0,1
12,5,10,10,-92,-96,0,0.0,-4
12,5,80,10,30,27,0,8.0,1
12,5,150,20,9,8,0,7.0,17
12,5,170,40,82,75,0,7.0,7
12,5,190,40,25,20,18,8.0,7
12,5,170,60,50,32,1,8.0,-2
12,5,180,50,105,95,0,8.0,1
12,5,200,40,57,41,0,6.0,-2
12,5,240,50,71,64,3,8.0,-1
12,5,180,40,38,35,0,7.0,0
12,5,260,50,106,100,22,8.0,-1
12,5,330,40,88,68,0,8.0,-4
12,5,360,20,39,24,0,8.0,-3
12,5,20,30,12,-3,0,8.0,-3
12,5,90,40,-11,-37,0,8.0,-2
12,5,70,20,-52,-57,0,0.0,1
12,5,220,20,-61,-68,0,7.0,16
12,5,190,20,-41,-54,0,8.0,3
12,5,40,30,-65,-82,0,0.0,-9
12,5,60,20,-127,-163,0,2.0,-2
12,5,180,60,-45,-76,1,8.0,-2
12,5,210,50,-38,-60,0,0.0,0
12,5,130,20,2,0,7,8.0,-1
12,5,240,40,-1,-2,0,8.0,1
12,5,110,10,-60,-61,0,9.0,7
12,5,310,10,10,9,3,7.0,-3
12,5,210,50,18,8,0,5.0,4
12,5,200,60,30,4,0,6.0,3
12,5,230,80,37,25,0,8.0,-1
12,5,100,40,-3,-6,0,0.0,0
12,5,70,30,15,14,16,8.0,0
12,5,40,40,-3,-6,-1,8.0,-1
12,5,60,80,-61,-95,0,6.0,-4
12,5,70,60,-72,-92,-1,8.0,0
12,5,150,10,-110,-120,0,5.0,-4
12,5,200,50,-66,-79,0,0.0,5
12,5,210,80,23,21,3,8.0,-3
12,5,220,30,0,-7,0,8.0,0
12,5,30,30,-18,-19,0,8.0,-4
12,5,40,40,-13,-20,0,8.0,1
12,5,250,40,0,-9,-1,5.0,3
12,5,290,10,4,3,0,7.0,-18
12,5,270,50,64,52,0,8.0,-2
12,5,300,40,46,28,1,8.0,-4
12,5,340,10,-56,-61,0,8.0,-14
12,5,20,40,-44,-58,0,2.0,-6
12,5,270,40,-14,-17,3,8.0,10
12,5,210,40,-5,-8,0,8.0,4
12,5,240,20,-24,-25,0,8.0,1
12,5,140,20,-71,-80,0,7.0,-5
12,5,320,10,-34,-36,-1,8.0,-1
12,5,240,20,-69,-74,0,7.0,-11
12,5,60,20,-65,-70,2,8.0,3
12,5,40,30,-14,-15,0,8.0,1
12,5,10,30,-25,-31,-1,8.0,1
12,5,10,50,-18,-20,5,8.0,0
12,5,340,20,-65,-74,0,3.0,-3
12,5,250,40,3,2,0,8.0,-13
12,5,230,50,-7,-7,0,8.0,-6
12,5,130,30,-5,-25,0,8.0,-1
12,5,120,10,-22,-30,0,8.0,4
12,5,20,10,-51,-55,0,0.0,-7
12,5,230,40,-10,-11,0,4.0,4
12,5,170,60,73,54,0,8.0,8
12,5,320,40,63,53,5,8.0,-4
12,5,200,80,67,35,0,8.0,-6
12,5,240,50,75,51,0,7.0,-3
12,5,260,60,45,8,-1,2.0,-3
12,5,220,70,25,10,0,2.0,1
12,5,210,60,60,50,-1,8.0,9
12,5,230,40,22,3,0,1.0,3
12,5,260,70,68,3,0,7.0,-7
12,5,230,40,5,-5,0,0.0,8
12,5,200,40,1,-13,0,8.0,-4
12,5,200,50,79,73,1,8.0,3
12,5,190,110,63,51,9,8.0,15
12,5,190,60,61,34,2,8.0,-11
12,5,200,70,56,24,-1,8.0,0
12,5,100,90,33,23,23,8.0,-5
12,5,270,30,30,14,0,3.0,-13
12,5,270,20,12,8,1,7.0,2
12,5,230,40,1,-2,0,4.0,-6
12,5,230,60,31,28,1,8.0,7
12,5,240,40,36,31,0,8.0,3
12,5,220,40,70,70,-1,9.0,10
12,5,220,50,88,82,0,8.0,-3
12,5,310,40,56,40,-1,7.0,-4
12,5,220,70,68,55,-1,8.0,2
12,5,230,60,89,86,3,8.0,1
12,5,230,60,91,70,0,8.0,1
12,5,180,50,67,48,0,8.0,-1
12,5,240,70,49,26,0,7.0,4
12,5,280,50,29,14,2,7.0,14
12,5,170,40,34,31,5,8.0,2
12,5,240,40,30,25,-1,8.0,-7
12,5,270,40,27,21,-1,8.0,-2
12,5,210,40,-5,-12,0,1.0,5
12,5,240,40,16,12,0,4.0,1
12,5,330,20,14,13,0,9.0,-5
12,5,270,30,-10,-31,0,7.0,-1
12,5,170,60,15,-22,-1,8.0,-16
12,5,350,10,-83,-93,0,0.0,20
12,5,220,90,12,3,0,8.0,2
12,5,300,50,41,11,-1,5.0,-4
12,5,340,30,-4,-19,0,7.0,-2
12,5,240,50,3,-25,0,7.0,-2
12,5,100,30,-27,-40,0,8.0,-4
12,5,120,30,19,8,0,8.0,2
12,5,210,60,79,55,0,0.0,-1
12,5,220,70,73,58,0,8.0,0
12,5,180,20,59,55,0,8.0,3
12,5,210,30,44,39,-1,7.0,1
12,5,130,10,50,47,0,8.0,-2
12,5,100,50,15,7,0,0.0,0
12,5,110,20,29,26,-1,8.0,2
12,5,220,40,69,62,0,8.0,-5
12,5,240,70,120,114,19,8.0,3
12,5,190,30,80,73,2,8.0,-4
12,5,260,40,90,82,11,8.0,-2
12,5,220,70,71,53,0,8.0,-15
12,5,230,80,73,49,0,7.0,-5
12,5,140,10,32,28,0,7.0,9
12,5,190,60,100,85,0,4.0,4
12,5,250,70,60,46,14,8.0,-2
12,5,210,80,81,54,0,7.0,0
12,5,260,20,34,31,0,8.0,10
12,5,10,20,49,38,0,7.0,-23
12,5,80,10,-24,-26,0,3.0,-7
12,5,230,30,22,19,0,6.0,6
12,5,220,50,13,5,0,2.0,5
12,5,300,50,6,1,12,8.0,-2
12,5,230,30,22,12,0,8.0,-9
12,5,220,50,61,50,0,8.0,-1
12,5,250,60,75,57,0,8.0,4
12,5,180,10,23,17,0,0.0,-11
12,5,90,10,-24,-25,0,9.0,14
12,5,170,20,32,32,0,9.0,-4
12,5,190,20,-23,-27,0,0.0,12
12,5,220,40,37,34,8,8.0,4
12,5,210,100,69,37,5,8.0,-8
12,5,200,70,80,47,0,8.0,2
12,5,210,40,36,5,0,0.0,22
12,5,210,60,90,52,0,8.0,1
12,5,190,70,88,78,8,8.0,2
12,5,200,30,39,33,0,7.0,5
12,5,200,90,64,24,0,8.0,2
12,5,200,70,65,51,0,8.0,4
12,5,220,60,53,36,0,6.0,-2
12,5,200,170,123,49,-1,8.0,0
12,5,220,80,88,69,0,7.0,-8
12,5,160,20,55,37,0,8.0,-2
12,5,180,90,62,26,0,8.0,6
12,5,170,20,70,66,30,8.0,-1
12,5,210,40,52,43,6,8.0,-6
12,5,180,50,28,17,0,0.0,-5
12,5,170,40,56,30,0,8.0,-2
12,5,50,50,18,13,0,8.0,-2
12,5,50,30,5,-6,0,8.0,0
12,5,40,50,3,-16,0,8.0,-4
12,5,50,40,-15,-30,0,8.0,3
12,5,130,10,20,12,0,8.0,2
12,5,260,20,47,44,0,8.0,0
12,5,220,30,-11,-13,0,0.0,9
12,5,230,40,10,0,0,7.0,3
12,5,50,20,8,5,0,8.0,4
12,5,210,100,49,40,6,8.0,5
12,5,230,90,57,30,0,5.0,0
12,5,200,90,78,52,1,8.0,2
12,5,220,30,37,22,0,8.0,-10
12,5,210,30,-17,-19,0,0.0,12
12,5,210,90,39,14,1,8.0,-2
12,5,220,40,59,51,-1,8.0,-1
12,5,190,60,47,31,3,8.0,2
12,5,220,50,105,102,2,8.0,0
12,5,230,110,115,105,4,8.0,-2
12,5,240,80,50,31,0,0.0,-2
12,5,230,50,36,32,0,8.0,2
12,5,230,110,91,81,0,8.0,1
12,5,240,100,113,67,0,8.0,0
12,5,230,110,93,58,0,8.0,-10
12,5,250,60,49,24,0,8.0,-4
12,5,250,30,-2,-5,0,1.0,3
12,5,100,110,5,5,7,8.0,-3
12,5,40,60,-37,-74,0,0.0,-1
12,5,260,50,16,9,5,8.0,3
12,5,260,20,27,15,0,8.0,3
12,5,240,30,21,14,0,8.0,-6
12,5,240,20,78,68,1,8.0,-2
12,5,220,50,104,79,0,8.0,0
12,5,210,50,93,53,0,8.0,0
12,5,220,80,90,79,10,8.0,6
12,5,200,70,67,37,0,8.0,-2
12,5,210,80,75,48,0,8.0,3
12,5,200,40,100,93,-1,8.0,1
12,5,150,40,82,62,0,0.0,0
12,5,250,30,63,50,0,0.0,-28
12,5,210,80,47,29,0,8.0,-4
12,5,200,70,51,42,10,8.0,2
12,5,230,30,25,22,0,0.0,-9
12,5,280,20,71,63,8,8.0,-1
12,5,150,20,73,70,0,8.0,1
12,5,160,10,53,46,-1,8.0,-4
12,5,160,40,95,91,3,8.0,3
12,5,220,40,132,121,0,8.0,1
12,5,250,50,127,91,0,8.0,-2
12,5,190,40,112,94,0,7.0,-3
12,5,160,50,110,66,0,3.0,4
12,5,220,70,103,80,-1,7.0,-4
12,5,200,80,116,105,9,8.0,-1
12,5,260,50,109,104,13,8.0,1
12,5,160,40,74,57,0,7.0,5
12,5,220,50,68,49,0,2.0,-1
12,5,220,90,128,90,0,3.0,1
12,5,200,80,103,65,0,8.0,0
12,5,100,30,53,44,0,6.0,-2
12,5,120,30,48,23,0,4.0,-3
12,5,150,40,48,34,0,6.0,1
12,5,180,40,69,53,16,8.0,9
12,5,230,50,37,20,0,8.0,-1
12,5,280,20,76,58,0,8.0,0
12,5,340,10,-36,-37,0,6.0,8
12,5,90,20,-46,-49,0,0.0,0
12,5,80,10,-38,-61,0,0.0,-2
12,5,120,10,-37,-39,0,7.0,-17
12,5,170,20,21,1,0,8.0,6
12,5,220,40,67,18,0,8.0,-1
12,5,220,60,87,65,0,8.0,-3
12,5,230,40,62,43,0,8.0,0
12,5,290,40,82,64,0,8.0,-3
12,5,240,30,40,39,0,8.0,10
12,5,180,30,57,35,0,8.0,-1
12,5,200,20,70,66,0,8.0,-2
12,5,130,30,63,63,0,9.0,1
12,5,110,30,43,32,0,8.0,5
12,5,180,10,40,27,0,8.0,1
12,5,250,30,65,60,0,8.0,1
12,5,100,10,56,52,0,8.0,-22
12,5,60,20,-12,-21,0,0.0,-6
12,5,190,40,2,-11,0,1.0,10
12,5,210,30,52,48,10,8.0,1
12,5,220,40,43,34,0,8.0,-4
12,5,220,50,67,58,0,7.0,2
12,5,230,80,88,69,-1,8.0,2
12,5,230,70,108,98,1,8.0,-1
12,5,250,20,37,23,1,8.0,-5
12,5,230,30,39,38,0,8.0,-1
12,5,0,0,-26,-27,0,9.0,-1
12,5,0,0,-54,-55,0,9.0,-4
12,5,220,40,-13,-15,0,9.0,-1
12,5,350,20,-5,-8,0,5.0,9
12,5,210,10,-26,-27,0,9.0,-1
12,5,210,40,-1,-4,-1,8.0,1
12,5,250,30,54,51,-1,8.0,-4
12,5,230,50,52,48,0,8.0,0
12,5,230,50,67,40,0,8.0,-1
12,5,200,80,47,7,0,8.0,-6
12,5,230,40,15,-4,-1,1.0,12
12,5,250,60,12,-14,-1,7.0,3
12,5,200,50,8,2,1,8.0,2
12,5,90,20,-19,-29,0,8.0,17
12,5,260,50,16,2,0,8.0,-2
12,5,190,60,25,5,0,8.0,7
12,5,260,90,38,22,-1,8.0,2
12,5,210,50,26,16,0,8.0,0
12,5,280,20,17,13,0,1.0,-6
12,5,250,30,6,3,0,0.0,-17
12,5,300,30,62,60,3,8.0,5
12,5,260,20,44,44,0,8.0,3
12,5,230,20,50,48,0,8.0,8
12,5,240,30,76,76,1,9.0,0
12,5,270,20,93,90,2,8.0,-1
12,5,260,40,81,75,-1,8.0,4
12,5,240,60,94,74,0,8.0,-1
12,5,210,70,83,69,0,8.0,0
12,5,200,80,73,36,0,8.0,-11
12,5,160,50,55,27,1,8.0,-3
12,5,250,30,23,12,5,7.0,-8
12,5,200,40,-5,-16,0,0.0,0
12,5,190,40,45,23,-1,8.0,-4
12,5,220,100,118,112,12,8.0,6
12,5,210,40,66,55,0,8.0,-1
12,5,180,60,100,95,7,8.0,1
12,5,240,60,131,109,0,8.0,-4
12,5,270,20,69,52,-1,7.0,-10
12,5,130,20,20,15,0,8.0,1
12,5,220,40,101,99,1,8.0,3
12,5,210,80,112,108,16,8.0,0
12,5,230,100,70,49,-1,8.0,3
12,5,260,90,88,67,13,8.0,1
12,5,270,40,45,26,-1,3.0,-8
12,5,260,20,29,9,-1,8.0,-1
12,5,10,10,-11,-15,0,8.0,6
12,5,70,40,-2,-10,0,0.0,3
12,5,40,40,-8,-15,0,0.0,2
12,5,120,30,2,-36,0,8.0,0
12,5,150,30,-4,-9,2,8.0,2
12,5,160,30,44,38,2,8.0,3
12,5,190,40,67,51,0,8.0,0
12,5,190,50,61,46,-1,8.0,-1
12,5,180,40,68,54,0,8.0,3
12,5,180,60,80,73,11,8.0,0
12,5,250,70,100,84,1,8.0,-1
12,5,230,40,67,65,0,8.0,5
12,5,300,20,53,46,0,8.0,1
12,5,230,30,36,25,0,8.0,3
12,5,230,50,1,-5,0,8.0,3
12,5,200,10,-7,-15,0,8.0,-3
12,5,220,20,-22,-27,0,0.0,-9
12,5,220,40,40,38,0,8.0,2
12,5,270,30,74,52,0,8.0,2
12,5,270,20,92,89,0,8.0,-1
12,5,50,40,0,-2,0,8.0,-3
12,5,280,20,10,7,-1,7.0,-2
12,5,250,20,55,51,0,8.0,-21
12,5,0,0,-16,-17,0,0.0,1
12,5,230,30,0,0,0,9.0,0
12,5,210,80,34,25,-1,8.0,2
12,5,250,60,94,67,0,8.0,-2
12,5,200,90,97,61,0,8.0,4
12,5,200,60,64,47,7,8.0,-4
12,5,230,30,-3,-9,0,1.0,-3
12,5,210,60,62,54,8,8.0,-1
12,5,220,50,42,32,0,8.0,-1
12,5,130,50,30,21,2,8.0,2
12,5,270,40,47,35,30,8.0,2
12,5,220,100,85,64,17,8.0,-2
12,5,180,50,58,43,0,8.0,10
12,5,160,40,96,72,0,8.0,10
12,5,190,30,62,59,0,8.0,2
12,5,140,40,84,66,0,8.0,-1
12,5,130,50,98,56,0,8.0,3
12,5,170,40,58,44,0,4.0,0
12,5,140,40,71,61,1,8.0,2
12,5,240,50,74,65,-1,8.0,4
12,5,170,40,63,52,0,8.0,0
12,5,270,50,82,59,0,8.0,-4
12,5,0,0,48,48,-1,8.0,-10
12,5,70,40,55,51,0,8.0,-2
12,5,0,0,-16,-19,0,8.0,0
12,5,130,10,-23,-29,0,8.0,5
12,5,200,30,16,-43,0,8.0,0
12,5,250,10,29,10,-1,8.0,-5
12,5,240,30,66,57,0,8.0,2
12,5,60,30,56,50,0,8.0,0
12,5,190,40,54,48,4,8.0,0
12,5,140,70,49,26,-1,8.0,2
12,5,140,10,-14,-18,0,8.0,-2
12,5,50,20,-6,-18,0,8.0,6
12,5,250,30,38,32,4,8.0,3
12,5,100,20,8,3,0,8.0,4
12,5,230,40,-1,-3,0,9.0,-5
12,5,110,30,-19,-26,0,0.0,-4
12,5,120,50,6,-15,0,8.0,3
12,5,150,20,52,49,0,8.0,3
12,5,240,40,79,73,1,8.0,0
12,5,170,50,80,65,1,8.0,0
12,5,170,30,84,75,0,8.0,1
12,5,110,20,30,28,0,9.0,-4
12,5,200,60,96,86,7,8.0,-2
12,5,180,40,54,45,0,8.0,3
12,5,140,40,53,42,0,0.0,2
12,5,200,50,93,73,0,8.0,-2
12,5,170,40,57,45,0,8.0,-4
12,5,240,80,133,125,8,8.0,1
12,5,170,40,112,108,12,8.0,5
12,5,220,40,76,61,0,8.0,-1
12,5,330,10,14,4,0,3.0,7
12,5,220,40,17,11,0,8.0,-5
12,5,200,120,51,19,0,8.0,-1
12,5,170,20,37,29,0,8.0,-12
12,5,240,30,29,22,-1,8.0,4
12,5,210,40,24,15,-1,8.0,3
12,5,190,30,23,14,1,8.0,-3
