MM,HH,DD,FF,T,TD,RH,N,TC
1,2,260,31,52,43,0,8.0,-3
1,2,200,118,58,48,22,8.0,-2
1,2,260,82,94,88,40,8.0,-3
1,2,240,72,74,62,2,8.0,-10
1,2,220,82,37,17,0,3.0,-2
1,2,230,123,48,9,0,2.0,-2
1,2,210,57,54,36,0,8.0,3
1,2,210,82,61,34,0,4.0,2
1,2,210,144,82,51,2,8.0,-5
1,2,200,144,104,85,14,8.0,3
1,2,210,72,74,63,2,8.0,6
1,2,220,72,42,27,0,5.0,-2
1,2,10,36,25,19,0,7.0,2
1,2,50,36,-5,-8,0,0.0,1
1,2,50,72,-19,-82,0,0.0,-2
1,2,90,46,-13,-106,0,0.0,0
1,2,150,36,-55,-84,0,0.0,13
1,2,990,10,2,-8,0,0.0,-17
1,2,190,57,7,-27,0,4.0,-4
1,2,220,41,4,4,0,9.0,6
1,2,220,82,34,33,2,8.0,-1
1,2,30,36,23,23,2,8.0,0
1,2,80,21,-5,-8,0,0.0,-10
1,2,20,26,-11,-15,0,8.0,0
1,2,40,26,-27,-31,0,0.0,0
1,2,50,31,-23,-24,0,0.0,-2
1,2,70,15,-2,-6,0,8.0,0
1,2,80,36,15,-12,0,8.0,0
1,2,140,15,-29,-42,0,0.0,-10
1,2,60,10,-32,-42,0,0.0,-14
1,2,90,26,-37,-55,0,0.0,0
1,2,210,67,17,16,-1,8.0,2
1,2,220,98,37,27,0,8.0,-6
1,2,210,82,12,-4,0,7.0,-5
1,2,210,98,61,36,0,7.0,0
1,2,220,51,54,51,-1,7.0,2
1,2,240,82,94,82,2,8.0,-1
1,2,210,51,22,13,0,0.0,4
1,2,200,87,55,11,0,8.0,2
1,2,210,87,106,77,2,7.0,-3
1,2,50,41,49,49,-1,8.0,-1
1,2,50,31,-15,-19,0,0.0,0
1,2,210,15,9,9,0,8.0,3
1,2,20,15,17,17,-1,8.0,0
1,2,240,26,25,10,0,8.0,0
1,2,300,26,47,40,0,8.0,-2
1,2,990,15,52,20,0,8.0,-1
1,2,260,31,43,42,0,8.0,4
1,2,300,15,35,6,0,8.0,-2
1,2,240,46,31,22,0,8.0,0
1,2,350,57,50,50,-1,8.0,-4
1,2,80,62,-40,-74,0,0.0,-4
1,2,40,57,-55,-99,0,0.0,-4
1,2,90,26,-52,-69,0,0.0,-7
1,2,160,10,-51,-55,0,0.0,2
1,2,90,26,-32,-33,0,0.0,-9
1,2,210,26,-19,-20,0,8.0,0
1,2,360,21,-3,-3,0,1.0,3
1,2,50,21,-42,-42,0,0.0,5
1,2,70,57,-26,-26,0,0.0,-2
1,2,40,36,-15,-15,0,9.0,-1
1,2,80,46,-6,-6,0,9.0,-4
1,2,220,21,-59,-74,0,0.0,-6
1,2,990,15,-68,-90,0,0.0,-1
1,2,80,41,-82,-110,0,0.0,-2
1,2,110,31,-79,-114,0,0.0,-5
1,2,200,46,-35,-89,0,7.0,-8
1,2,210,77,58,58,4,8.0,3
1,2,240,72,92,92,21,8.0,-2
1,2,220,82,93,90,-1,7.0,-1
1,2,180,31,-2,-9,0,3.0,4
1,2,210,77,98,95,0,8.0,0
1,2,220,108,95,92,1,8.0,1
1,2,220,67,71,67,12,8.0,-2
1,2,200,57,40,19,0,3.0,-2
1,2,230,82,83,54,0,7.0,0
1,2,180,67,53,33,0,2.0,4
1,2,230,93,111,90,0,6.0,-1
1,2,200,72,92,58,0,1.0,-5
1,2,240,41,76,72,0,8.0,-5
1,2,170,31,15,9,0,5.0,11
1,2,220,98,91,72,-1,8.0,0
1,2,230,93,103,94,0,8.0,-1
1,2,230,134,110,102,10,8.0,2
1,2,260,87,68,41,0,5.0,-4
1,2,230,190,112,71,0,8.0,-1
1,2,260,144,47,12,-1,7.0,-9
1,2,250,36,-9,-10,0,0.0,1
1,2,290,31,46,46,1,8.0,2
1,2,180,21,29,28,0,8.0,0
1,2,230,62,74,74,7,8.0,0
1,2,60,31,28,28,0,8.0,-2
1,2,120,10,-16,-16,0,1.0,3
1,2,240,41,34,34,0,7.0,-6
1,2,170,67,36,19,0,8.0,4
1,2,240,57,67,61,0,7.0,-2
1,2,220,87,58,33,0,2.0,-7
1,2,230,72,47,42,0,7.0,-6
1,2,170,51,62,48,0,8.0,0
1,2,210,62,49,41,0,8.0,-1
1,2,200,46,31,27,0,8.0,-3
1,2,110,36,-3,-9,0,3.0,1
1,2,100,41,19,15,0,7.0,-1
1,2,210,36,47,29,0,7.0,7
1,2,210,67,63,46,-1,8.0,2
1,2,220,149,124,99,-1,8.0,-27
1,2,230,93,76,45,1,7.0,-3
1,2,230,72,48,28,0,7.0,-1
1,2,140,10,5,-3,0,4.0,-1
1,2,10,26,-19,-24,0,4.0,2
1,2,220,62,-16,-17,0,8.0,2
1,2,210,67,-2,-25,0,8.0,1
1,2,240,36,12,12,0,9.0,-3
1,2,200,46,18,10,0,8.0,0
1,2,220,72,45,30,0,8.0,-1
1,2,210,87,76,75,1,8.0,4
1,2,240,62,44,20,0,6.0,-2
1,2,220,46,63,63,0,8.0,3
1,2,260,93,58,41,0,6.0,8
1,2,230,118,67,54,-1,8.0,4
1,2,270,108,47,40,-1,7.0,-7
1,2,250,51,-4,-6,0,0.0,7
1,2,220,103,61,53,1,8.0,2
1,2,250,46,29,10,0,2.0,5
1,2,240,36,17,15,0,3.0,0
1,2,260,57,5,5,0,8.0,-2
1,2,330,26,12,2,0,7.0,0
1,2,100,31,-29,-31,0,1.0,-11
1,2,100,31,-60,-84,0,0.0,-6
1,2,190,67,-43,-86,0,8.0,0
1,2,220,10,-1,-1,0,9.0,1
1,2,160,31,-58,-66,0,8.0,6
1,2,240,36,19,19,0,7.0,2
1,2,260,82,75,55,5,8.0,-18
1,2,350,62,26,26,0,8.0,-2
1,2,270,46,8,2,-1,8.0,2
1,2,300,26,-3,-17,0,2.0,2
1,2,210,46,28,28,2,8.0,0
1,2,220,62,55,51,0,8.0,-1
1,2,180,31,51,38,0,7.0,-9
1,2,180,62,31,-7,0,0.0,2
1,2,170,87,85,17,0,8.0,4
1,2,190,46,40,24,0,7.0,1
1,2,200,108,92,23,0,7.0,-6
1,2,200,62,44,32,2,8.0,1
1,2,210,129,86,59,-1,8.0,-3
1,2,220,103,82,52,0,7.0,-22
1,2,230,98,54,24,0,7.0,-1
1,2,190,41,41,30,3,8.0,-1
1,2,220,108,119,96,0,7.0,-5
1,2,270,51,13,4,-1,3.0,0
1,2,210,103,66,57,6,8.0,6
1,2,230,93,65,51,1,8.0,2
1,2,260,46,78,74,16,8.0,-9
1,2,190,31,-6,-11,0,0.0,3
1,2,180,10,20,20,0,6.0,-6
1,2,40,21,7,7,0,8.0,3
1,2,990,5,-9,-10,0,7.0,4
1,2,70,15,-7,-7,0,3.0,-4
1,2,90,67,-10,-33,0,6.0,1
1,2,70,51,-38,-68,0,6.0,3
1,2,110,41,-4,-13,-1,8.0,36
1,2,190,51,58,49,0,1.0,2
1,2,100,51,35,21,0,6.0,8
1,2,120,31,55,48,0,7.0,6
1,2,130,26,49,49,0,7.0,6
1,2,190,57,99,66,0,7.0,0
1,2,190,46,79,64,0,3.0,-8
1,2,90,26,46,33,0,2.0,2
1,2,90,36,4,0,0,0.0,1
1,2,990,10,21,14,0,1.0,-11
1,2,990,15,-2,-3,0,3.0,-9
1,2,990,10,-4,-4,0,7.0,-2
1,2,90,26,-32,-32,0,7.0,4
1,2,90,51,-34,-48,0,3.0,-2
1,2,90,57,-3,-32,0,7.0,1
1,2,90,67,0,-35,0,8.0,2
1,2,80,72,-19,-50,0,4.0,-2
1,2,80,62,-8,-34,-1,8.0,-1
1,2,80,82,-28,-76,0,8.0,-15
1,2,50,62,-71,-131,0,8.0,1
1,2,70,31,-56,-65,-1,8.0,2
1,2,50,62,-54,-68,0,7.0,-8
1,2,90,93,-32,-50,0,8.0,-2
1,2,80,62,-20,-38,0,0.0,0
1,2,40,41,-44,-75,0,1.0,-11
1,2,50,50,-152,-173,0,2.0,-2
1,2,990,10,-154,-169,0,4.0,18
1,2,50,40,-104,-121,0,5.0,-7
1,2,50,50,-60,-77,0,8.0,1
1,2,40,30,-55,-65,-1,8.0,1
1,2,130,10,-46,-61,0,8.0,3
1,2,50,30,-88,-100,0,7.0,5
1,2,110,20,-107,-117,0,0.0,11
1,2,40,30,-63,-78,0,7.0,-2
1,2,40,40,-66,-77,0,8.0,3
1,2,270,20,-48,-60,0,8.0,-1
1,2,160,10,-72,-89,0,1.0,-3
1,2,200,20,15,-19,0,7.0,-3
1,2,160,20,14,-19,0,0.0,-9
1,2,200,50,-6,-54,0,0.0,-5
1,2,160,20,0,-33,0,0.0,-9
1,2,180,20,14,-34,0,0.0,-4
1,2,220,50,60,44,-1,8.0,-2
1,2,90,40,-6,-6,0,6.0,7
1,2,220,30,45,45,0,9.0,1
1,2,80,30,15,7,0,8.0,-6
1,2,110,50,25,8,0,6.0,-2
1,2,200,40,52,42,0,3.0,4
1,2,130,20,39,39,0,8.0,6
1,2,80,20,21,20,0,7.0,-9
1,2,40,20,1,1,0,9.0,5
1,2,290,20,-7,-7,0,8.0,0
1,2,990,10,-31,-33,0,2.0,-1
1,2,300,20,7,7,0,7.0,1
1,2,90,40,17,-2,0,8.0,2
1,2,990,10,14,7,0,8.0,-1
1,2,200,30,52,52,0,4.0,-6
1,2,190,100,57,41,5,8.0,-1
1,2,220,90,66,49,0,4.0,4
1,2,230,130,62,25,0,7.0,-1
1,2,230,140,53,20,0,7.0,0
1,2,260,110,51,29,0,6.0,-4
1,2,210,70,97,89,2,8.0,4
1,2,220,100,90,64,0,8.0,3
1,2,220,90,96,73,0,0.0,-2
1,2,170,30,70,50,0,0.0,-10
1,2,110,20,44,7,0,6.0,3
1,2,200,60,75,39,0,5.0,6
1,2,180,40,60,40,0,2.0,2
1,2,180,70,98,56,0,2.0,-4
1,2,220,60,45,26,0,2.0,0
1,2,210,50,84,78,0,7.0,0
1,2,270,40,43,34,0,1.0,-5
1,2,200,70,39,19,0,7.0,0
1,2,210,80,58,37,-1,7.0,-1
1,2,280,40,3,3,7,8.0,3
1,2,20,40,10,-13,0,8.0,-1
1,2,80,30,-8,-41,0,7.0,-2
1,2,40,20,-13,-17,0,8.0,1
1,2,360,30,-3,-5,0,8.0,1
1,2,40,50,8,6,-1,8.0,3
1,2,60,40,-40,-52,0,0.0,-9
1,2,40,20,-58,-60,0,0.0,-7
1,2,190,10,-65,-70,0,0.0,12
1,2,210,20,2,2,0,9.0,0
1,2,310,20,3,3,0,8.0,1
1,2,220,30,10,7,0,8.0,-1
1,2,120,20,45,15,0,7.0,1
1,2,170,50,54,30,0,1.0,-3
1,2,220,80,56,46,4,8.0,1
1,2,200,50,61,44,-1,8.0,-3
1,2,220,80,126,110,0,7.0,-2
1,2,210,60,96,67,0,4.0,-4
1,2,210,90,104,45,0,7.0,3
1,2,220,100,68,57,3,8.0,1
1,2,100,30,35,28,11,8.0,-5
1,2,990,10,-2,-9,-1,8.0,5
1,2,40,60,-12,-22,0,8.0,-1
1,2,230,30,-39,-48,0,3.0,11
1,2,220,70,1,1,2,8.0,13
1,2,220,80,44,39,8,8.0,4
1,2,230,110,63,42,0,8.0,0
1,2,210,90,76,44,0,8.0,-5
1,2,220,60,73,64,3,8.0,-12
1,2,210,40,26,22,0,3.0,-3
1,2,190,80,45,14,0,6.0,0
1,2,190,80,86,57,0,7.0,2
1,2,190,40,70,42,0,7.0,1
1,2,990,10,77,77,-1,8.0,-1
1,2,0,0,64,64,0,7.0,-5
1,2,200,60,32,18,0,4.0,8
1,2,200,70,90,80,-1,8.0,-2
1,2,230,60,58,40,-1,8.0,0
1,2,230,100,32,23,5,8.0,7
1,2,210,60,32,26,5,8.0,6
1,2,20,70,17,5,0,8.0,-10
1,2,300,20,-40,-50,0,0.0,-3
1,2,10,20,-20,-70,0,7.0,-4
1,2,200,30,43,33,0,8.0,2
1,2,200,20,49,49,0,7.0,3
1,2,210,50,72,55,0,7.0,-1
1,2,210,60,61,58,6,8.0,2
1,2,260,30,50,23,0,1.0,-8
1,2,180,50,54,33,0,2.0,4
1,2,230,50,73,62,-1,8.0,0
1,2,200,60,49,20,0,7.0,3
1,2,210,20,55,53,0,6.0,5
1,2,220,20,-15,-15,0,5.0,-2
1,2,210,10,-27,-27,0,1.0,6
1,2,190,50,-11,-27,0,0.0,-9
1,2,180,50,10,-15,0,8.0,2
1,2,200,40,19,9,-1,8.0,1
1,2,50,20,27,21,0,8.0,0
1,2,990,10,14,-8,0,7.0,-5
1,2,260,40,47,46,0,8.0,0
1,2,290,40,56,54,1,8.0,0
1,2,310,40,35,10,0,7.0,-1
1,2,300,20,28,19,-1,7.0,-2
1,2,270,40,42,39,1,8.0,1
1,2,240,50,33,28,0,8.0,-1
1,2,300,40,32,26,-1,7.0,0
1,2,990,10,-47,-61,0,2.0,-3
1,2,200,30,-55,-68,0,3.0,8
1,2,200,40,-23,-53,0,7.0,-1
1,2,220,40,11,-25,0,8.0,0
1,2,210,50,-16,-50,0,6.0,2
1,2,210,110,48,33,2,8.0,3
1,2,290,100,84,67,21,8.0,-9
1,2,240,120,96,58,0,7.0,-3
1,2,160,80,27,-39,-1,8.0,3
1,2,190,60,73,53,0,1.0,0
1,2,210,80,84,55,3,8.0,-8
1,2,180,70,72,37,-1,8.0,-1
1,2,190,70,78,52,0,8.0,-1
1,2,310,50,62,58,34,8.0,-1
1,2,200,60,39,29,0,3.0,0
1,2,200,40,21,17,0,4.0,-1
1,2,230,40,44,38,0,8.0,0
1,2,90,40,8,-5,0,5.0,-3
1,2,60,70,24,22,7,8.0,0
1,2,60,60,-6,-17,0,0.0,-1
1,2,60,30,-15,-32,0,0.0,-5
1,2,50,30,-26,-42,0,1.0,-2
1,2,60,60,-30,-57,0,0.0,3
1,2,90,40,-38,-65,0,0.0,-4
1,2,160,10,-60,-71,0,0.0,-11
1,2,90,20,-16,-36,0,8.0,9
1,2,990,10,8,8,0,8.0,-1
1,2,210,20,-4,-5,0,8.0,10
1,2,210,30,-7,-13,0,8.0,-2
1,2,200,60,44,40,17,8.0,9
1,2,190,60,76,61,1,7.0,0
1,2,190,80,116,83,1,8.0,-5
1,2,170,60,56,26,0,5.0,7
1,2,200,50,50,35,0,4.0,-4
1,2,150,50,56,21,-1,8.0,-5
1,2,200,40,10,4,0,0.0,4
1,2,240,20,29,26,3,8.0,-1
1,2,230,20,-2,-2,0,7.0,-4
1,2,120,20,12,-2,0,8.0,0
1,2,240,40,-2,-3,0,8.0,0
1,2,210,30,-60,-66,0,0.0,4
1,2,80,40,5,-7,0,7.0,-8
1,2,80,30,-51,-110,0,3.0,-6
1,2,120,30,-53,-98,0,1.0,4
1,2,190,30,-36,-49,0,1.0,4
1,2,220,20,8,8,0,8.0,-4
1,2,70,20,17,16,0,8.0,-1
1,2,0,0,-13,-24,0,0.0,-7
1,2,990,10,-16,-36,0,0.0,0
1,2,190,30,22,6,0,7.0,5
1,2,210,50,12,7,0,8.0,6
1,2,150,20,16,-25,0,1.0,5
1,2,200,20,6,-12,0,4.0,-3
1,2,190,50,27,3,0,7.0,-1
1,2,200,40,19,17,7,8.0,1
1,2,200,60,15,6,0,7.0,8
1,2,200,80,33,26,5,8.0,1
1,2,200,80,49,33,0,8.0,1
1,2,230,60,53,40,0,7.0,0
1,2,240,80,103,95,0,8.0,0
1,2,190,50,70,30,0,2.0,1
1,2,200,60,60,41,0,3.0,-4
1,2,200,100,101,68,0,6.0,1
1,2,260,40,48,22,-1,6.0,-2
1,2,220,120,100,77,0,8.0,3
1,2,220,130,105,93,13,8.0,1
1,2,220,100,124,105,-1,8.0,-1
1,2,210,80,81,50,0,1.0,1
1,2,210,50,96,81,0,8.0,2
1,2,210,70,111,79,0,8.0,-7
1,2,230,10,14,2,0,8.0,0
1,2,230,100,97,84,2,8.0,-5
1,2,240,80,77,62,8,8.0,3
1,2,20,50,19,8,0,8.0,-6
1,2,10,50,-30,-59,0,8.0,-1
1,2,240,40,-12,-22,-1,8.0,2
1,2,30,50,-39,-67,0,8.0,-2
1,2,80,40,-79,-123,0,1.0,-4
1,2,40,50,-94,-126,0,0.0,1
1,2,150,10,-107,-125,0,0.0,-4
1,2,50,30,-46,-75,0,8.0,-4
1,2,210,10,-61,-68,0,8.0,3
1,2,220,80,-1,-18,0,8.0,0
1,2,230,60,55,46,-1,8.0,-1
1,2,230,90,50,14,0,8.0,-2
1,2,230,60,44,36,0,8.0,3
1,2,200,50,33,17,0,8.0,-5
1,2,210,60,29,11,-1,8.0,0
1,2,140,40,1,-11,0,1.0,17
1,2,210,80,67,46,0,8.0,0
1,2,200,70,77,56,0,8.0,0
1,2,180,50,81,45,0,8.0,-3
1,2,240,40,58,42,0,8.0,-2
1,2,300,20,18,5,0,7.0,-2
1,2,190,40,-4,-22,0,1.0,-2
1,2,230,30,46,41,0,8.0,-2
1,2,220,40,65,63,0,9.0,3
1,2,240,80,86,81,10,8.0,-1
1,2,240,80,28,19,1,8.0,-2
1,2,330,40,5,-2,1,8.0,-4
1,2,340,20,-45,-73,0,8.0,-1
1,2,100,10,-38,-41,0,9.0,7
1,2,80,40,-7,-12,1,8.0,-2
1,2,60,20,-63,-72,0,0.0,-14
1,2,210,60,-37,-61,0,7.0,1
1,2,220,40,22,18,-1,8.0,1
1,2,200,60,35,34,3,8.0,2
1,2,230,40,67,62,0,8.0,1
1,2,170,20,25,19,0,6.0,10
1,2,200,50,62,53,1,8.0,1
1,2,240,50,42,32,0,6.0,-10
1,2,190,70,87,81,2,8.0,1
1,2,230,80,50,30,0,3.0,-2
1,2,200,60,59,42,0,7.0,1
1,2,250,90,59,24,0,7.0,1
1,2,280,70,27,21,6,8.0,0
1,2,200,110,49,30,9,8.0,1
1,2,240,70,49,22,0,8.0,-2
1,2,360,70,37,25,-1,8.0,1
1,2,210,70,3,-23,0,8.0,0
1,2,290,50,86,83,8,8.0,-2
1,2,220,10,-10,-32,0,8.0,-1
1,2,210,20,-22,-43,0,8.0,4
1,2,150,10,-4,-10,-1,8.0,-1
1,2,180,20,6,-57,0,8.0,10
1,2,220,30,24,21,2,7.0,-3
1,2,170,30,-3,-13,0,1.0,0
1,2,30,40,-11,-25,0,7.0,-3
1,2,240,50,3,-5,0,8.0,-2
1,2,320,40,-12,-14,-1,8.0,-3
1,2,230,90,0,-31,0,4.0,-4
1,2,200,90,28,-30,0,8.0,0
1,2,270,30,62,54,0,8.0,-1
1,2,250,70,77,26,0,5.0,-2
1,2,230,60,29,4,0,4.0,3
1,2,240,90,73,55,-1,8.0,1
1,2,230,70,54,46,2,8.0,1
1,2,240,70,74,60,3,8.0,2
1,2,210,90,87,62,0,8.0,3
1,2,220,120,99,53,0,8.0,-8
1,2,230,80,64,24,0,8.0,-1
1,2,220,80,113,88,0,8.0,-1
1,2,230,80,90,77,2,8.0,0
1,2,210,70,95,82,7,8.0,0
1,2,230,70,45,25,0,1.0,-2
1,2,220,30,-1,-16,0,0.0,-2
1,2,70,20,-25,-30,0,0.0,-4
1,2,150,20,-22,-52,0,0.0,-7
1,2,210,60,36,18,0,8.0,2
1,2,200,90,71,54,2,8.0,-2
1,2,250,50,40,21,0,7.0,0
1,2,220,100,66,59,5,8.0,9
1,2,310,130,66,22,-1,8.0,0
1,2,250,40,23,1,0,3.0,-2
1,2,330,20,15,6,0,7.0,-3
1,2,310,10,-4,-19,0,5.0,1
1,2,320,20,-35,-50,0,3.0,-3
1,2,30,70,-22,-53,0,8.0,-3
1,2,290,10,-28,-49,0,8.0,3
1,2,280,20,-5,-9,0,8.0,-4
1,2,80,20,-4,-11,-1,8.0,0
1,2,220,60,6,-26,0,8.0,-7
1,2,240,30,43,38,1,8.0,1
1,2,210,60,48,28,-1,8.0,-4
1,2,350,20,3,-2,0,1.0,-7
1,2,350,10,9,6,0,8.0,-3
1,2,80,20,-11,-15,0,8.0,4
1,2,80,40,-6,-21,0,8.0,2
1,2,80,30,-7,-23,0,0.0,-4
1,2,100,10,-6,-26,0,0.0,-23
1,2,100,30,-7,-24,0,8.0,-10
1,2,90,20,-35,-44,0,0.0,16
1,2,190,40,-1,-23,0,1.0,-2
1,2,200,90,13,-12,0,0.0,1
1,2,190,20,29,28,0,9.0,2
1,2,130,20,3,-3,0,0.0,-2
1,2,170,40,3,-20,0,0.0,4
1,2,180,20,-28,-48,0,0.0,-5
1,2,170,30,-20,-47,0,0.0,-2
1,2,190,60,40,22,-1,8.0,-3
1,2,270,30,45,37,0,8.0,-2
1,2,170,20,35,33,0,9.0,1
1,2,210,70,79,60,0,8.0,2
1,2,240,60,47,23,0,8.0,1
1,2,20,30,24,6,0,8.0,-1
1,2,60,40,-25,-46,0,0.0,-4
1,2,90,40,-46,-90,0,0.0,-2
1,2,220,50,-31,-76,0,8.0,1
1,2,20,80,0,-4,-1,8.0,-7
1,2,50,40,-61,-92,0,8.0,-3
1,2,40,60,-71,-95,0,0.0,1
1,2,50,60,-51,-86,0,0.0,-4
1,2,40,40,-43,-88,0,0.0,-9
1,2,60,60,9,-4,0,8.0,-1
1,2,250,80,119,87,19,8.0,-17
1,2,250,50,50,36,8,8.0,-13
1,2,250,30,51,45,0,8.0,2
1,2,210,100,77,54,-1,8.0,-5
1,2,250,40,77,58,-1,8.0,-4
1,2,230,70,103,91,0,8.0,2
1,2,260,70,76,62,1,8.0,-1
1,2,200,110,82,51,0,8.0,1
1,2,230,90,125,110,1,8.0,5
1,2,210,90,121,82,0,8.0,0
1,2,220,80,55,27,0,8.0,2
1,2,260,50,82,39,0,1.0,-3
1,2,240,60,113,83,0,8.0,-7
1,2,240,90,100,86,3,8.0,-7
1,2,200,40,35,20,0,3.0,2
1,2,220,70,57,40,0,8.0,-1
1,2,210,70,87,64,0,8.0,-1
1,2,220,50,89,79,6,8.0,3
1,2,240,40,80,70,7,8.0,9
1,2,230,100,123,111,-1,8.0,3
1,2,220,80,65,34,0,8.0,-2
1,2,220,70,42,21,0,1.0,0
1,2,40,40,-36,-54,0,0.0,-3
1,2,360,20,-42,-77,0,5.0,3
1,2,40,60,-34,-44,0,8.0,-8
1,2,200,20,-45,-65,0,8.0,2
1,2,260,30,25,19,-1,8.0,-1
1,2,230,60,47,38,-1,8.0,2
1,2,260,40,63,57,-1,8.0,0
1,2,290,20,67,64,-1,8.0,-1
1,2,230,40,66,53,0,8.0,-1
1,2,130,10,35,35,0,8.0,3
1,2,90,30,-20,-30,0,0.0,-6
1,2,90,70,-11,-54,0,1.0,5
1,2,100,40,15,-11,0,8.0,3
1,2,180,90,79,43,0,8.0,2
1,2,230,50,57,50,-1,8.0,0
1,2,170,70,68,47,1,8.0,1
1,2,220,70,48,25,0,0.0,-2
1,2,200,60,50,22,0,8.0,8
1,2,200,80,46,30,0,0.0,-2
1,2,200,90,98,62,0,8.0,1
1,2,190,100,78,43,0,8.0,2
1,2,190,60,35,15,0,0.0,3
1,2,180,60,42,-6,0,8.0,5
1,2,200,80,79,55,0,6.0,0
1,2,200,110,83,55,0,8.0,2
1,2,190,30,44,40,0,0.0,-10
1,2,230,80,87,61,0,8.0,1
1,2,230,100,121,105,1,8.0,-3
1,2,240,80,118,101,0,8.0,-2
1,2,230,80,105,72,0,8.0,-11
1,2,230,60,91,69,0,8.0,-17
1,2,200,50,18,0,0,8.0,6
1,2,210,70,75,43,0,8.0,5
1,2,200,40,11,5,0,0.0,-5
1,2,230,60,69,42,0,8.0,-6
1,2,230,70,51,37,0,8.0,-3
1,2,210,30,67,56,0,8.0,-1
1,2,230,20,58,23,0,8.0,-1
1,2,220,40,24,9,0,8.0,0
1,2,190,40,15,11,0,8.0,-7
1,2,320,20,-63,-64,-1,9.0,1
1,2,240,10,-20,-25,0,8.0,0
1,2,60,20,-53,-57,0,0.0,-4
1,2,230,40,-15,-48,0,8.0,2
1,2,220,50,-15,-16,4,8.0,1
1,2,30,40,-104,-111,0,0.0,-19
1,2,200,30,-145,-148,-1,8.0,4
1,2,50,10,-25,-25,0,9.0,3
1,2,210,20,-131,-132,0,9.0,-6
1,2,160,10,-115,-120,0,0.0,-8
1,2,190,40,-46,-84,0,0.0,-6
1,2,200,80,17,-64,0,8.0,-6
1,2,210,70,50,14,-1,8.0,0
1,2,200,40,28,23,0,8.0,2
1,2,180,20,20,11,0,8.0,4
1,2,100,30,-19,-29,0,4.0,10
1,2,210,40,42,28,0,8.0,0
1,2,190,90,76,42,0,8.0,3
1,2,190,70,30,13,0,7.0,2
1,2,220,70,24,10,6,6.0,12
1,2,180,40,24,6,0,2.0,-7
1,2,190,60,22,-7,0,8.0,0
1,2,160,60,47,34,5,8.0,1
1,2,230,60,32,8,0,6.0,-8
1,2,180,40,8,3,0,0.0,0
1,2,100,20,-9,-24,0,8.0,1
1,2,40,10,-31,-31,0,0.0,-7
1,2,180,10,-61,-63,0,0.0,4
1,2,100,20,-20,-35,0,0.0,-8
1,2,100,10,-24,-44,0,0.0,-9
1,2,80,60,-18,-38,0,0.0,-3
1,2,30,50,-11,-15,-1,8.0,-1
1,2,230,20,-50,-57,0,7.0,-4
1,2,220,70,5,0,-1,8.0,1
1,2,50,10,-51,-70,0,8.0,-21
1,2,200,50,-26,-33,-1,8.0,2
1,2,330,20,-59,-65,0,8.0,-14
1,2,0,0,-47,-54,11,8.0,0
1,2,50,40,-99,-101,-1,8.0,14
1,2,50,70,-32,-49,1,8.0,2
1,2,30,40,-22,-47,0,8.0,-1
1,2,20,10,-23,-36,0,8.0,2
1,2,330,20,-17,-22,-1,8.0,-1
1,2,80,50,-22,-45,0,4.0,-8
1,2,140,20,22,8,0,8.0,3
1,2,130,20,-36,-40,0,1.0,-1
1,2,180,20,14,-1,0,8.0,3
1,2,200,60,38,29,0,8.0,2
1,2,230,30,41,32,0,8.0,0
1,2,220,50,37,28,-1,8.0,0
1,2,120,20,30,-2,0,7.0,-9
1,2,80,10,20,0,0,8.0,0
1,2,120,10,26,13,0,8.0,-1
1,2,140,30,33,0,0,8.0,-4
1,2,100,20,7,-11,0,8.0,-4
1,2,0,0,3,-1,0,9.0,-1
1,2,30,30,-32,-47,0,8.0,-3
1,2,50,20,-94,-110,0,1.0,2
1,2,250,30,17,15,-1,9.0,10
1,2,230,50,13,4,0,8.0,1
1,2,240,60,-2,-13,-1,8.0,3
1,2,280,30,6,3,-1,8.0,-1
1,2,220,30,8,7,0,9.0,0
1,2,270,10,0,-3,0,8.0,3
1,2,250,30,-7,-9,0,8.0,3
1,2,200,30,-8,-12,0,8.0,-7
1,2,190,60,-32,-67,0,1.0,5
1,2,190,50,35,29,12,8.0,3
1,2,270,10,43,41,0,8.0,0
1,2,190,70,104,75,0,8.0,-9
1,2,290,30,61,56,12,8.0,-7
1,2,200,30,3,0,0,0.0,-3
1,2,120,40,-1,-19,0,1.0,7
1,2,250,40,44,31,0,8.0,0
1,2,240,50,105,104,6,8.0,0
1,2,240,80,119,111,0,8.0,2
1,2,240,60,89,69,0,8.0,-2
1,2,210,80,78,56,0,8.0,-2
1,2,200,60,62,41,0,1.0,0
1,2,230,40,84,67,0,8.0,-1
1,2,270,20,37,28,-1,8.0,-1
1,2,310,20,18,17,7,8.0,2
1,2,30,20,-36,-41,0,2.0,8
1,2,230,10,2,1,2,8.0,1
1,2,10,30,31,28,0,8.0,-5
1,2,340,40,37,36,0,8.0,-3
1,2,240,50,32,26,0,8.0,-1
1,2,240,10,8,5,0,8.0,-6
1,2,50,30,-16,-23,0,6.0,-10
1,2,60,60,-25,-48,0,0.0,-3
1,2,70,30,-31,-46,0,0.0,-10
1,2,60,30,-45,-50,0,8.0,-2
1,2,50,20,-30,-32,0,7.0,0
1,2,230,70,108,96,0,8.0,-2
1,2,220,60,95,86,5,8.0,-4
1,2,200,80,43,21,0,7.0,-1
1,2,230,60,52,24,0,0.0,0
1,2,230,110,73,58,11,8.0,6
1,2,290,30,27,14,16,7.0,5
1,2,220,90,45,32,1,8.0,3
1,2,260,40,63,31,0,8.0,-1
1,2,220,40,51,42,0,8.0,2
1,2,260,20,79,76,0,8.0,-1
1,2,220,40,79,57,0,8.0,1
1,2,230,80,77,54,0,8.0,-1
1,2,250,30,33,19,0,0.0,-3
1,2,250,20,29,-2,0,8.0,-1
1,2,70,10,-12,-21,0,0.0,-1
1,2,80,30,-15,-31,0,0.0,0
1,2,190,30,-32,-50,0,0.0,8
1,2,210,40,-12,-46,0,0.0,-9
1,2,210,60,49,44,11,8.0,0
1,2,280,50,45,22,0,8.0,-2
1,2,220,50,35,30,-1,8.0,0
1,2,250,50,61,16,0,8.0,-2
1,2,260,30,49,30,0,8.0,-3
1,2,250,20,21,13,-1,6.0,-2
1,2,140,20,30,5,0,8.0,0
1,2,150,30,57,30,0,8.0,0
1,2,200,40,36,26,0,2.0,-7
1,2,200,40,5,-9,0,0.0,1
1,2,40,40,4,-27,0,8.0,-10
1,2,20,20,-25,-35,2,8.0,0
1,2,80,30,-17,-29,-1,8.0,-10
1,2,210,100,75,56,1,8.0,0
1,2,230,50,38,18,0,8.0,-4
1,2,220,90,64,60,8,8.0,3
1,2,250,30,93,90,-1,8.0,-2
1,2,260,30,70,67,1,8.0,-1
1,2,240,30,71,68,-1,8.0,3
1,2,250,20,74,70,0,8.0,0
1,2,230,60,46,36,0,8.0,-2
1,2,210,60,49,31,0,8.0,0
1,2,230,20,36,33,0,8.0,6
1,2,50,50,26,21,5,8.0,-5
1,2,50,30,-48,-59,0,0.0,9
1,2,80,50,-14,-58,0,8.0,-2
1,2,340,20,-23,-32,-1,8.0,-8
1,2,160,50,-10,-61,-1,8.0,-4
1,2,330,40,-41,-48,-1,8.0,-2
1,2,10,30,-42,-51,0,8.0,-3
1,2,340,10,-45,-48,-1,8.0,2
1,2,90,50,-19,-49,0,8.0,-1
1,2,50,70,-55,-80,0,8.0,-2
1,2,200,50,-14,-44,0,8.0,-3
1,2,50,20,-17,-21,0,8.0,-3
1,2,40,30,-31,-37,0,8.0,2
1,2,50,40,-50,-62,0,1.0,-11
1,2,40,30,-30,-48,0,8.0,1
1,2,120,30,-66,-82,0,8.0,2
1,2,200,100,15,-3,0,7.0,6
1,2,200,60,23,10,0,0.0,-2
1,2,210,130,76,65,-1,8.0,5
1,2,220,90,122,92,0,8.0,0
1,2,240,70,70,41,0,4.0,-2
1,2,200,70,59,45,0,8.0,2
1,2,190,100,98,60,0,8.0,2
1,2,180,60,82,54,0,7.0,6
1,2,200,80,63,24,0,0.0,5
1,2,230,50,72,63,1,8.0,-3
1,2,200,110,87,50,0,8.0,-1
1,2,220,90,107,60,0,5.0,-5
1,2,190,90,104,81,-1,8.0,8
1,2,190,70,107,89,6,8.0,-4
1,2,230,50,50,28,0,0.0,-5
1,2,200,50,19,8,0,0.0,-4
1,2,210,40,7,2,0,4.0,1
1,2,200,80,40,22,0,2.0,12
1,2,160,40,55,31,0,0.0,-7
1,2,200,40,23,12,0,5.0,-2
1,2,180,60,75,54,-1,8.0,-1
1,2,190,70,73,42,0,7.0,6
1,2,180,50,70,24,0,8.0,-5
1,2,80,40,53,21,0,7.0,-4
1,2,340,20,50,46,0,8.0,2
1,2,300,20,19,13,-1,8.0,0
1,2,190,20,20,8,0,8.0,-1
1,2,190,30,-3,-12,0,4.0,7
1,2,250,30,21,12,0,5.0,-1
1,2,160,20,3,-14,0,8.0,-6
1,2,280,60,49,24,0,8.0,1
1,2,240,40,49,20,0,7.0,-2
1,2,190,70,34,11,0,0.0,-3
1,2,90,50,10,-17,0,2.0,-5
1,2,120,40,17,-18,0,8.0,-12
1,2,200,10,3,-3,0,8.0,4
1,2,200,40,4,-2,0,0.0,-2
1,2,200,110,42,-14,0,8.0,-1
1,2,190,30,24,2,0,7.0,1
1,2,230,20,21,18,0,7.0,-2
1,2,220,30,2,-5,0,0.0,-9
1,2,180,20,-17,-41,0,0.0,-1
1,2,230,30,38,34,0,8.0,-2
1,2,200,90,41,31,2,8.0,3
1,2,220,90,66,50,0,8.0,4
1,2,240,90,131,104,0,8.0,-5
1,2,240,40,29,-6,0,0.0,-2
1,2,230,80,64,39,0,8.0,0
1,2,210,100,84,50,0,6.0,1
1,2,270,70,37,28,22,8.0,-6
1,2,190,100,65,42,-1,7.0,5
1,2,220,70,58,16,0,6.0,-2
1,2,240,30,33,26,0,8.0,-5
1,2,200,70,22,-13,0,8.0,-2
1,2,100,10,-7,-24,0,8.0,-1
1,2,200,10,1,-2,0,8.0,0
1,2,120,20,-18,-49,0,7.0,4
1,2,30,30,-7,-21,0,8.0,1
1,2,20,30,-1,-18,0,8.0,-3
1,2,200,50,-11,-26,0,0.0,7
1,2,220,30,-6,-9,0,4.0,5
1,2,190,50,18,15,-1,8.0,0
1,2,260,20,23,16,0,1.0,-2
1,2,190,40,35,28,0,8.0,1
1,2,230,70,14,-21,0,2.0,4
1,2,250,40,4,-5,0,8.0,-4
1,2,220,50,11,4,0,8.0,1
1,2,210,40,65,39,0,8.0,-2
1,2,100,30,53,19,0,8.0,-4
1,2,180,50,74,63,13,8.0,-3
1,2,180,40,40,23,6,8.0,0
1,2,190,60,70,42,0,8.0,0
1,2,170,30,60,36,0,8.0,-2
1,2,180,40,59,30,0,8.0,-2
1,2,230,60,43,9,0,0.0,-4
1,2,210,30,37,14,0,8.0,-12
1,2,190,70,88,56,-1,8.0,0
1,2,180,50,37,20,0,0.0,0
1,2,240,50,54,35,-1,8.0,-1
1,2,250,70,49,35,4,8.0,-1
1,2,180,60,19,-1,0,2.0,3
1,2,240,60,10,2,1,8.0,2
1,2,250,20,10,4,0,8.0,-2
1,2,270,30,0,-3,1,8.0,0
1,2,170,20,-46,-73,0,0.0,-3
1,2,160,10,-68,-80,0,3.0,-8
1,2,210,40,-24,-58,0,8.0,-1
1,2,200,20,3,-5,2,8.0,-3
1,2,170,30,-14,-39,0,0.0,6
1,2,230,50,46,46,0,9.0,2
1,2,200,40,39,18,0,8.0,0
1,2,190,60,88,72,0,8.0,1
1,2,230,40,99,74,0,8.0,-2
1,2,210,100,98,65,0,8.0,2
1,2,250,50,95,84,7,8.0,-14
1,2,210,80,36,5,0,5.0,3
1,2,210,100,88,54,-1,8.0,-4
1,2,230,50,41,15,0,8.0,1
1,2,230,40,-36,-44,0,2.0,3
1,2,230,40,-3,-10,-1,8.0,-2
1,2,240,30,10,4,-1,8.0,-1
1,2,240,60,23,18,2,8.0,1
1,2,280,20,9,-3,0,1.0,1
1,2,60,10,-53,-78,0,2.0,-1
1,2,200,60,-37,-90,0,8.0,1
1,2,220,20,3,3,0,9.0,0
1,2,220,10,13,12,0,8.0,3
1,2,190,70,41,28,15,8.0,-2
1,2,200,40,42,35,1,8.0,0
1,2,230,50,34,-4,0,8.0,1
1,2,280,90,1,-4,3,8.0,2
1,2,290,40,20,4,0,8.0,-7
1,2,260,20,-1,-5,-1,7.0,0
1,2,280,20,0,-5,0,8.0,1
1,2,60,50,-33,-47,0,8.0,-3
1,2,50,30,-65,-76,0,0.0,7
1,2,60,30,-44,-64,0,0.0,0
1,2,60,30,-39,-68,0,0.0,-3
1,2,50,40,-40,-61,0,8.0,7
1,2,200,10,-41,-74,0,0.0,-12
1,2,200,10,-39,-54,0,8.0,0
1,2,230,10,-3,-13,-1,8.0,2
1,2,60,20,-6,-16,0,8.0,-1
1,2,130,20,-56,-76,0,0.0,-8
1,2,90,20,-43,-69,0,0.0,-12
1,2,140,20,37,-21,0,8.0,19
1,2,200,40,44,32,0,8.0,3
1,2,180,80,50,31,9,8.0,1
1,2,340,20,14,12,0,8.0,0
1,2,230,100,77,37,0,8.0,-8
1,2,240,50,58,41,-1,8.0,-2
1,2,200,110,100,89,24,8.0,6
1,2,240,60,65,40,0,4.0,1
1,2,210,70,76,45,-1,8.0,-9
1,2,200,40,39,25,0,7.0,-5
1,2,40,70,40,31,-1,8.0,-6
1,2,50,80,19,-1,0,8.0,1
1,2,80,40,36,18,0,8.0,2
1,2,180,30,74,53,0,8.0,5
1,2,60,20,39,30,0,8.0,1
1,2,350,20,52,51,0,8.0,-1
1,2,70,20,13,12,0,7.0,-4
1,2,80,40,32,6,0,1.0,-6
1,2,190,50,41,10,0,8.0,0
1,2,230,60,60,42,0,8.0,2
1,2,250,60,33,15,1,7.0,0
1,2,210,80,44,23,-1,8.0,-7
1,2,230,40,28,19,0,8.0,4
1,2,220,50,26,12,0,8.0,0
1,2,280,30,21,19,-1,8.0,-1
1,2,200,60,38,35,-1,8.0,5
1,2,230,30,54,39,-1,7.0,4
1,2,210,70,106,92,0,8.0,4
1,2,230,50,72,67,4,8.0,-1
1,2,200,30,57,50,0,8.0,1
1,2,320,20,54,51,0,8.0,-3
1,2,220,70,50,47,2,8.0,5
1,2,230,70,92,83,0,8.0,0
1,2,220,20,34,31,0,7.0,-8
1,2,210,60,88,83,2,8.0,4
1,2,250,50,71,60,-1,8.0,-6
1,2,300,20,29,1,0,4.0,5
1,2,190,10,8,1,0,8.0,6
1,2,280,20,22,16,1,8.0,1
1,2,240,30,34,32,0,9.0,4
1,2,310,40,47,37,0,8.0,-4
1,2,210,20,37,30,0,8.0,-2
1,2,300,50,75,53,1,4.0,-6
1,2,290,40,37,13,0,8.0,-2
1,2,10,30,14,-9,0,8.0,-6
1,2,220,40,10,7,-1,8.0,1
1,2,260,20,54,50,0,8.0,1
1,2,250,40,66,64,4,8.0,0
1,2,290,50,63,40,0,8.0,-2
1,2,230,30,33,25,0,8.0,1
1,2,220,70,56,37,-1,8.0,1
1,2,230,50,49,46,10,8.0,3
1,2,260,20,7,3,0,8.0,-4
1,2,120,20,-23,-47,0,8.0,0
1,2,70,20,-41,-63,0,0.0,-7
1,2,20,10,-54,-68,0,0.0,-10
1,2,180,20,-46,-76,0,0.0,-3
1,2,170,40,-23,-46,0,6.0,-14
1,2,340,30,-29,-59,0,8.0,-2
1,2,230,20,-4,-14,0,8.0,0
1,2,230,50,44,43,-1,8.0,3
1,2,200,80,64,49,1,8.0,-3
1,2,230,90,23,12,5,8.0,-4
1,2,240,30,11,7,-1,8.0,1
1,2,70,40,-11,-32,0,8.0,5
1,2,190,30,-26,-36,0,1.0,-5
1,2,80,20,-1,-1,0,9.0,-10
1,2,210,40,-3,-9,0,8.0,0
1,2,200,60,76,60,0,8.0,3
1,2,210,30,31,27,0,8.0,-6
1,2,220,30,54,52,0,8.0,0
1,2,190,30,55,17,0,8.0,-2
1,2,220,40,48,45,3,8.0,7
1,2,190,70,78,56,0,8.0,7
1,2,180,50,106,99,0,8.0,3
1,2,220,60,90,64,3,8.0,-1
1,2,180,30,38,36,0,8.0,0
1,2,200,70,33,8,0,6.0,-2
1,2,220,50,69,51,0,8.0,-5
1,2,200,100,97,64,0,8.0,2
1,2,200,80,107,65,0,0.0,0
1,2,180,20,47,35,0,0.0,3
1,2,180,50,96,40,0,8.0,-1
1,2,220,50,37,14,0,6.0,-2
1,2,280,30,16,5,0,7.0,1
1,2,40,10,19,16,0,8.0,3
1,2,160,10,-33,-36,0,0.0,7
1,2,990,10,-32,-32,-1,9.0,-4
1,2,70,30,18,18,0,9.0,-4
1,2,270,20,9,9,0,9.0,-2
1,2,190,20,1,-8,0,8.0,-1
1,2,90,30,18,15,0,8.0,4
1,2,200,80,78,49,-1,8.0,1
1,2,240,50,56,39,3,8.0,8
1,2,230,50,33,15,0,7.0,4
1,2,220,60,57,31,0,8.0,3
1,2,250,60,119,111,1,8.0,-4
1,2,240,31,39,19,0,5.0,-10
1,2,200,144,69,54,12,8.0,3
1,2,240,51,85,73,0,7.0,2
1,2,240,41,79,50,0,7.0,-2
1,2,220,62,39,13,0,1.0,-2
1,2,220,113,53,5,0,2.0,2
1,2,210,62,68,31,0,7.0,1
1,2,210,62,67,42,1,8.0,-6
1,2,240,82,75,46,31,8.0,2
1,2,200,118,103,87,9,8.0,13
1,2,200,62,75,60,-1,8.0,3
1,2,200,36,34,14,0,1.0,-2
1,2,330,26,13,9,0,7.0,8
1,2,40,26,-18,-24,0,0.0,1
1,2,70,62,-12,-100,0,0.0,1
1,2,100,36,-22,-107,0,0.0,3
1,2,130,36,-41,-84,0,0.0,1
1,2,130,21,-25,-33,0,0.0,0
1,2,170,57,5,-14,0,2.0,5
1,2,0,0,-17,-20,0,0.0,1
1,2,240,36,58,54,4,8.0,4
1,2,20,57,42,36,0,8.0,-4
1,2,90,21,9,3,0,5.0,-5
1,2,120,31,-3,-14,0,8.0,-1
1,2,40,15,-35,-42,0,0.0,3
1,2,80,41,20,-2,0,8.0,-1
1,2,50,26,23,-6,0,8.0,-4
1,2,50,26,31,15,0,8.0,2
1,2,130,26,-30,-35,0,0.0,-9
1,2,90,26,-44,-51,0,0.0,16
1,2,130,36,-39,-54,0,0.0,-8
1,2,210,51,34,24,-1,8.0,0
1,2,210,72,57,39,0,8.0,-2
1,2,210,62,44,13,0,8.0,-7
1,2,210,77,75,45,0,8.0,5
1,2,220,26,40,37,0,5.0,8
1,2,250,77,97,89,10,8.0,0
1,2,190,46,30,27,0,2.0,0
1,2,200,41,36,0,0,6.0,12
1,2,190,57,89,67,0,5.0,3
1,2,50,46,38,35,0,8.0,2
1,2,20,31,-21,-25,0,0.0,-5
1,2,270,15,-23,-24,0,8.0,3
1,2,10,21,14,14,0,6.0,2
1,2,250,31,34,8,-1,8.0,-1
1,2,280,26,54,45,-1,8.0,-4
1,2,300,21,52,15,0,8.0,-1
1,2,280,36,55,46,0,7.0,1
1,2,250,15,35,0,0,7.0,-2
1,2,250,36,45,42,0,8.0,2
1,2,10,77,44,40,3,8.0,0
1,2,70,46,-42,-73,0,0.0,-4
1,2,60,36,-66,-104,0,0.0,-2
1,2,50,21,-74,-85,0,0.0,-1
1,2,190,10,-64,-68,0,0.0,-2
1,2,270,5,-77,-80,0,0.0,-8
1,2,240,21,-12,-12,0,8.0,6
1,2,350,36,21,12,0,6.0,1
1,2,70,21,-19,-22,0,9.0,-2
1,2,70,36,-20,-24,0,0.0,-6
1,2,70,31,-4,-7,0,9.0,2
1,2,100,31,-7,-10,0,8.0,-1
1,2,340,15,-73,-78,0,9.0,4
1,2,160,21,-69,-78,0,0.0,-8
1,2,120,36,-77,-133,0,0.0,-6
1,2,150,31,-93,-113,0,0.0,-4
1,2,200,57,-16,-73,0,8.0,-2
1,2,220,62,61,57,-1,8.0,7
1,2,310,36,71,67,2,8.0,-7
1,2,240,62,102,88,-1,8.0,0
1,2,170,51,10,4,0,7.0,3
1,2,230,41,98,87,-1,8.0,0
1,2,220,82,116,85,0,8.0,-2
1,2,230,67,73,50,4,8.0,-15
1,2,210,57,50,4,0,7.0,2
1,2,250,57,83,39,0,3.0,0
1,2,170,57,48,31,0,5.0,3
1,2,250,72,110,64,0,7.0,-3
1,2,200,62,98,58,0,6.0,-3
1,2,250,31,65,38,0,7.0,-2
1,2,200,51,40,25,0,6.0,-1
1,2,220,82,94,78,10,8.0,4
1,2,250,67,102,78,0,4.0,-5
1,2,240,87,112,101,1,8.0,2
1,2,260,62,66,21,0,1.0,1
1,2,240,129,121,64,-1,8.0,-12
1,2,280,108,45,-5,0,2.0,4
1,2,240,36,9,-9,0,0.0,-6
1,2,300,41,40,31,0,1.0,3
1,2,160,21,37,21,-1,8.0,0
1,2,250,41,86,80,-1,8.0,1
1,2,80,41,18,-1,0,8.0,0
1,2,110,15,-21,-28,0,0.0,12
1,2,240,26,24,14,0,6.0,-5
1,2,160,62,28,12,0,8.0,5
1,2,240,21,48,38,0,2.0,0
1,2,220,57,58,31,0,1.0,-3
1,2,220,51,53,35,0,7.0,-8
1,2,150,31,50,35,0,7.0,7
1,2,210,57,49,23,0,6.0,1
1,2,210,21,23,17,0,1.0,-5
1,2,150,31,3,-10,0,2.0,-9
1,2,130,51,29,13,0,6.0,-4
1,2,180,21,51,38,-1,8.0,0
1,2,210,46,72,65,-1,8.0,-2
1,2,230,72,116,97,-1,7.0,-1
1,2,230,82,78,42,0,1.0,-1
1,2,250,41,61,41,0,7.0,-1
1,2,40,15,8,8,0,6.0,5
1,2,310,10,-36,-37,0,1.0,-5
1,2,210,31,-5,-11,0,3.0,4
1,2,210,67,20,-6,0,8.0,-3
1,2,230,21,8,7,0,3.0,-4
1,2,200,36,39,33,0,8.0,1
1,2,210,36,54,50,1,8.0,3
1,2,210,41,86,83,2,8.0,6
1,2,240,31,33,7,0,7.0,-2
1,2,210,31,60,59,0,8.0,4
1,2,270,72,68,34,-1,3.0,1
1,2,230,72,83,52,0,8.0,2
1,2,280,108,57,7,-1,8.0,1
1,2,250,26,7,-7,0,4.0,-2
1,2,240,57,74,63,-1,8.0,1
1,2,270,31,43,18,0,3.0,3
1,2,280,31,18,5,0,2.0,7
1,2,280,62,19,-2,-1,5.0,-6
1,2,330,15,4,-13,0,6.0,3
1,2,130,26,-37,-41,0,0.0,-2
1,2,140,36,-61,-76,0,0.0,-7
1,2,170,51,-40,-45,5,8.0,-2
1,2,50,15,-2,-2,0,8.0,0
1,2,180,41,-40,-41,0,8.0,5
1,2,280,21,22,15,0,5.0,-8
1,2,290,108,75,36,2,1.0,-3
1,2,320,46,32,29,0,6.0,4
1,2,300,46,24,12,1,6.0,1
1,2,270,21,-5,-9,0,3.0,-8
1,2,210,31,44,43,-1,8.0,0
1,2,220,31,69,66,1,8.0,-5
1,2,190,41,62,58,0,7.0,-5
1,2,170,67,24,1,0,2.0,4
1,2,170,98,91,24,0,8.0,-4
1,2,170,41,22,16,0,1.0,0
1,2,200,123,100,37,0,8.0,0
1,2,210,62,60,33,0,7.0,-1
1,2,200,77,81,73,2,8.0,4
1,2,240,57,69,46,1,8.0,-14
1,2,250,77,53,38,10,8.0,9
1,2,170,31,43,40,5,8.0,0
1,2,230,82,129,90,0,7.0,-8
1,2,270,31,20,7,1,7.0,4
1,2,210,72,87,84,12,8.0,5
1,2,230,51,75,61,1,7.0,0
1,2,300,36,64,55,0,7.0,-6
1,2,190,26,-15,-18,0,3.0,11
1,2,90,15,7,7,0,8.0,0
1,2,50,26,-19,-19,0,6.0,0
1,2,80,5,-21,-26,0,5.0,2
1,2,120,21,4,4,-1,8.0,0
1,2,120,41,-8,-38,0,7.0,-3
1,2,110,51,-26,-75,0,1.0,-2
1,2,110,51,-3,-22,0,8.0,0
1,2,190,36,32,32,0,1.0,7
1,2,120,41,32,28,0,7.0,6
1,2,180,10,37,37,0,2.0,4
1,2,130,31,61,61,-1,8.0,-3
1,2,160,41,92,75,-1,8.0,0
1,2,180,62,76,65,0,3.0,-6
1,2,130,15,24,24,0,0.0,1
1,2,120,26,2,-1,0,0.0,-4
1,2,120,15,-2,-2,0,2.0,7
1,2,130,21,-2,-2,0,6.0,-1
1,2,130,36,-9,-9,-1,8.0,3
1,2,120,21,-16,-16,0,8.0,-3
1,2,110,57,-17,-30,0,8.0,1
1,2,100,57,3,-40,0,7.0,-2
1,2,100,62,8,-40,0,7.0,0
1,2,90,67,-31,-62,0,5.0,-1
1,2,80,72,-20,-40,4,8.0,-2
1,2,80,82,-49,-108,0,8.0,-5
1,2,70,77,-76,-150,0,8.0,-4
1,2,80,36,-73,-97,0,8.0,0
1,2,60,51,-55,-87,0,8.0,-9
1,2,70,67,-30,-71,0,8.0,-6
1,2,90,62,-27,-40,0,0.0,0
1,2,50,31,-57,-75,0,0.0,5
1,2,50,50,-128,-154,0,0.0,-1
1,2,50,20,-159,-174,0,0.0,-8
1,2,50,40,-125,-142,0,0.0,6
1,2,70,60,-53,-74,0,8.0,2
1,2,40,50,-37,-63,0,8.0,-3
1,2,60,20,-37,-57,0,8.0,-1
1,2,70,40,-77,-92,-1,8.0,4
1,2,60,20,-100,-110,0,8.0,-1
1,2,60,20,-69,-88,0,8.0,-1
1,2,70,30,-48,-65,0,8.0,4
1,2,170,20,-41,-65,0,8.0,-4
1,2,160,30,-59,-70,0,2.0,4
1,2,190,40,14,11,-1,8.0,1
1,2,170,10,-21,-35,0,3.0,-1
1,2,190,20,-17,-54,0,0.0,-26
1,2,180,20,-51,-71,0,0.0,5
1,2,170,30,-7,-32,0,0.0,-9
1,2,230,30,58,46,0,8.0,0
1,2,110,30,12,12,0,8.0,-4
1,2,260,20,39,39,0,8.0,-6
1,2,70,10,8,7,0,8.0,1
1,2,110,40,23,4,0,3.0,1
1,2,170,30,34,34,0,6.0,-11
1,2,90,20,27,27,0,8.0,-4
1,2,90,10,-19,-19,0,0.0,-6
1,2,50,20,4,4,0,8.0,4
1,2,360,30,-10,-14,0,8.0,-1
1,2,0,0,-12,-18,0,8.0,1
1,2,290,20,24,24,0,8.0,1
1,2,990,10,10,10,0,8.0,2
1,2,290,10,18,14,0,8.0,2
1,2,220,30,46,45,0,1.0,-4
1,2,190,80,61,49,10,8.0,2
1,2,220,40,64,42,0,0.0,-8
1,2,220,70,65,29,0,7.0,-2
1,2,240,90,63,28,0,7.0,-6
1,2,280,70,55,40,17,7.0,-4
1,2,200,60,99,93,-1,8.0,6
1,2,210,70,67,52,15,7.0,10
1,2,230,50,110,80,0,7.0,-4
1,2,190,30,55,46,0,1.0,-2
1,2,130,20,32,22,0,1.0,-20
1,2,170,30,40,27,0,5.0,12
1,2,140,20,40,31,0,7.0,7
1,2,170,90,99,59,0,1.0,-2
1,2,210,40,43,28,0,4.0,-7
1,2,210,30,74,67,0,1.0,-10
1,2,250,20,33,26,0,3.0,-3
1,2,210,50,48,27,0,7.0,-11
1,2,210,80,64,39,0,7.0,3
1,2,290,50,14,11,0,2.0,12
1,2,10,30,-4,-23,0,3.0,11
1,2,0,0,-63,-68,0,4.0,4
1,2,50,30,-35,-40,0,1.0,5
1,2,290,10,5,1,-1,8.0,1
1,2,40,80,17,-5,0,7.0,1
1,2,50,30,-38,-52,0,0.0,3
1,2,20,20,-68,-72,0,1.0,5
1,2,220,20,-18,-35,0,8.0,-2
1,2,240,20,27,27,-1,8.0,-4
1,2,240,20,14,14,0,9.0,0
1,2,280,10,27,26,0,8.0,9
1,2,150,40,55,20,-1,8.0,0
1,2,170,60,54,37,0,4.0,-3
1,2,210,40,54,48,-1,5.0,-5
1,2,190,50,56,51,14,8.0,3
1,2,220,50,121,121,8,8.0,3
1,2,200,40,86,68,0,6.0,3
1,2,220,60,107,76,-1,8.0,-2
1,2,260,80,75,66,5,8.0,-7
1,2,30,30,40,40,-1,8.0,-1
1,2,30,30,-12,-20,0,7.0,-12
1,2,40,50,-31,-38,0,2.0,1
1,2,0,0,-39,-45,0,5.0,7
1,2,260,40,25,25,-1,7.0,-1
1,2,280,40,57,57,18,8.0,3
1,2,240,70,70,59,-1,8.0,-1
1,2,210,90,79,67,5,8.0,-1
1,2,190,30,51,51,-1,8.0,2
1,2,200,30,29,27,0,3.0,-7
1,2,190,90,58,40,-1,8.0,3
1,2,200,70,86,62,0,8.0,3
1,2,200,30,77,72,1,8.0,-1
1,2,360,20,61,61,-1,8.0,-5
1,2,290,10,11,11,0,9.0,2
1,2,200,50,46,42,0,7.0,8
1,2,200,80,91,91,1,8.0,8
1,2,250,20,46,25,0,3.0,-9
1,2,270,60,25,22,28,8.0,16
1,2,230,40,46,45,5,8.0,14
1,2,30,40,6,-12,0,7.0,2
1,2,300,10,-71,-73,0,1.0,-10
1,2,300,10,-17,-36,0,7.0,-5
1,2,200,30,51,49,0,8.0,2
1,2,170,10,57,55,0,8.0,-4
1,2,200,50,73,66,0,6.0,-1
1,2,220,40,74,69,9,8.0,-1
1,2,230,20,33,20,0,1.0,-9
1,2,190,50,47,40,0,2.0,-4
1,2,240,20,72,65,0,7.0,-5
1,2,190,70,58,37,0,8.0,3
1,2,220,20,16,13,0,1.0,3
1,2,990,10,-33,-34,0,5.0,-2
1,2,190,40,-17,-18,0,5.0,5
1,2,190,60,-4,-16,0,4.0,-1
1,2,180,40,9,-14,0,7.0,5
1,2,200,30,14,11,-1,8.0,0
1,2,30,20,23,22,0,8.0,1
1,2,290,20,18,8,0,8.0,4
1,2,280,50,45,35,0,5.0,0
1,2,320,50,66,60,1,8.0,1
1,2,320,20,38,18,1,7.0,-1
1,2,290,30,35,25,0,7.0,2
1,2,310,40,47,41,0,2.0,-9
1,2,240,40,42,35,1,7.0,2
1,2,340,40,45,28,3,5.0,-2
1,2,100,10,-52,-78,0,7.0,1
1,2,990,10,-25,-57,0,8.0,2
1,2,220,20,12,-17,0,7.0,-2
1,2,220,30,-3,-25,0,2.0,-5
1,2,200,30,-22,-42,0,1.0,-1
1,2,210,90,56,42,4,8.0,1
1,2,280,90,92,59,2,7.0,-3
1,2,240,90,100,62,0,7.0,1
1,2,150,70,20,-18,1,8.0,-2
1,2,170,50,63,53,0,3.0,2
1,2,220,50,86,57,1,8.0,-7
1,2,180,70,76,49,0,7.0,2
1,2,180,70,68,45,0,6.0,3
1,2,270,30,68,65,2,8.0,0
1,2,200,50,51,36,0,5.0,-11
1,2,200,30,15,11,0,1.0,1
1,2,220,30,48,42,0,7.0,-1
1,2,70,20,-20,-21,0,7.0,12
1,2,60,70,32,13,-1,8.0,-3
1,2,50,40,-16,-50,0,1.0,-14
1,2,50,30,-19,-30,0,1.0,-3
1,2,60,50,-17,-39,0,1.0,-7
1,2,70,50,-32,-48,0,0.0,-2
1,2,990,10,-67,-77,0,0.0,5
1,2,340,10,-71,-78,0,0.0,-10
1,2,100,10,-84,-92,0,2.0,8
1,2,90,10,-25,-26,0,8.0,-2
1,2,180,20,-27,-28,0,8.0,18
1,2,200,30,-5,-19,0,8.0,-2
1,2,100,30,10,10,1,8.0,-1
1,2,170,50,59,55,0,7.0,5
1,2,180,120,111,88,1,7.0,4
1,2,160,50,43,27,0,3.0,6
1,2,200,40,30,17,0,1.0,9
1,2,140,30,40,25,2,8.0,-3
1,2,220,30,13,7,0,0.0,-5
1,2,280,10,36,35,1,7.0,0
1,2,240,10,15,14,0,7.0,2
1,2,120,30,4,3,0,9.0,1
1,2,230,30,-6,-12,0,2.0,-5
1,2,220,30,-31,-35,0,6.0,-5
1,2,80,30,-9,-20,0,4.0,0
1,2,110,60,-42,-109,0,1.0,-1
1,2,140,20,-56,-90,0,0.0,-2
1,2,210,30,2,-19,0,7.0,2
1,2,280,10,12,11,0,8.0,1
1,2,50,30,26,16,0,8.0,0
1,2,140,10,-48,-54,0,0.0,14
1,2,150,20,-27,-32,0,1.0,8
1,2,170,30,19,4,-1,8.0,1
1,2,210,20,18,15,2,8.0,3
1,2,150,20,-3,-21,0,0.0,-1
1,2,150,30,27,7,0,8.0,-4
1,2,180,50,30,19,0,5.0,0
1,2,290,20,40,37,0,6.0,-5
1,2,190,50,37,28,7,8.0,1
1,2,210,40,45,39,2,8.0,1
1,2,200,50,56,46,2,8.0,2
1,2,210,30,57,44,0,3.0,-7
1,2,250,60,114,104,3,8.0,-2
1,2,180,60,57,44,0,2.0,1
1,2,210,50,64,42,0,2.0,-3
1,2,200,100,104,71,-1,8.0,4
1,2,280,40,43,18,0,2.0,-5
1,2,230,80,104,87,3,8.0,4
1,2,250,60,105,99,54,8.0,-4
1,2,230,70,126,108,-1,8.0,0
1,2,230,70,93,60,0,6.0,-5
1,2,220,20,86,75,0,7.0,-4
1,2,250,60,102,87,8,8.0,-4
1,2,140,30,4,-13,0,,0
1,2,250,50,106,97,-1,,-4
1,2,250,50,83,67,0,,0
1,2,40,80,11,-14,0,,-4
1,2,10,10,-55,-72,0,,-13
1,2,250,30,-13,-18,0,,3
1,2,40,50,-33,-66,0,,-13
1,2,80,40,-48,-83,0,,-6
1,2,50,40,-89,-116,0,,1
1,2,0,0,-68,-99,0,,4
1,2,40,30,-68,-82,0,,-5
1,2,240,20,-38,-54,0,,1
1,2,220,50,10,-2,3,,6
1,2,250,60,72,53,0,,3
1,2,220,70,61,25,0,,-2
1,2,240,40,49,43,0,,-2
1,2,190,60,42,35,0,,0
1,2,220,40,34,25,0,,2
1,2,160,60,24,6,0,,-6
1,2,220,50,70,57,1,,3
1,2,190,50,78,71,1,,2
1,2,140,40,69,61,3,,4
1,2,250,30,54,46,0,,4
1,2,280,30,5,-3,0,,-2
1,2,210,30,11,1,0,,-9
1,2,240,30,21,18,0,,0
1,2,290,50,99,96,0,,-5
1,2,300,100,77,73,34,,-12
1,2,280,50,42,34,11,,3
1,2,320,30,12,3,4,,1
1,2,300,30,-55,-71,0,,7
1,2,140,40,-10,-15,0,9.0,-2
1,2,100,40,-2,-6,2,8.0,-2
1,2,40,10,-63,-68,0,0.0,-6
1,2,210,50,-25,-47,-1,8.0,1
1,2,240,20,37,28,0,8.0,-1
1,2,210,40,49,47,0,8.0,3
1,2,240,20,48,45,0,5.0,11
1,2,170,60,55,41,0,4.0,-5
1,2,200,50,65,56,0,7.0,0
1,2,240,20,37,27,0,5.0,6
1,2,200,60,95,91,3,8.0,6
1,2,240,40,53,27,0,0.0,0
1,2,190,70,56,44,0,7.0,3
1,2,270,70,64,27,0,6.0,-1
1,2,260,40,35,24,0,7.0,14
1,2,210,100,57,45,6,8.0,7
1,2,260,50,59,31,0,8.0,-1
1,2,10,90,36,16,0,8.0,-3
1,2,220,40,26,7,-1,7.0,2
1,2,320,70,90,84,5,8.0,-1
1,2,0,0,-8,-18,0,8.0,0
1,2,170,30,-1,-28,0,8.0,2
1,2,170,40,7,0,0,8.0,0
1,2,160,40,17,-29,0,8.0,2
1,2,260,20,32,23,0,5.0,-9
1,2,200,10,-39,-43,0,9.0,23
1,2,20,40,-14,-23,0,0.0,1
1,2,260,30,7,-1,-1,7.0,-3
1,2,300,40,-25,-30,0,1.0,7
1,2,230,40,12,-13,0,3.0,-1
1,2,210,80,40,-22,-1,8.0,1
1,2,260,20,39,36,0,2.0,-23
1,2,280,80,75,14,0,2.0,-22
1,2,280,70,57,21,0,5.0,1
1,2,240,60,91,52,0,8.0,-4
1,2,250,30,71,59,0,8.0,-1
1,2,280,70,86,64,0,7.0,-6
1,2,220,70,97,70,0,8.0,5
1,2,210,80,112,67,0,8.0,-4
1,2,230,40,62,23,0,0.0,0
1,2,210,70,121,97,0,8.0,0
1,2,250,40,97,91,3,8.0,4
1,2,240,50,96,88,1,8.0,-3
1,2,240,40,52,22,0,1.0,-6
1,2,230,10,10,1,0,0.0,-5
1,2,160,30,3,2,0,7.0,-2
1,2,150,30,-25,-37,0,0.0,-7
1,2,210,40,48,36,0,8.0,0
1,2,220,70,83,72,5,8.0,-2
1,2,270,50,52,16,0,7.0,-5
1,2,260,70,96,88,0,7.0,8
1,2,300,110,70,8,-1,7.0,-14
1,2,270,40,35,4,0,2.0,3
1,2,350,20,3,-2,0,2.0,-9
1,2,350,60,1,-3,1,7.0,1
1,2,330,20,-26,-34,0,4.0,-12
1,2,30,50,-32,-61,0,0.0,-3
1,2,260,10,-15,-26,0,8.0,4
1,2,200,20,9,6,0,8.0,-1
1,2,100,20,10,2,-1,8.0,-1
1,2,240,20,25,20,1,7.0,5
1,2,270,30,53,48,0,8.0,1
1,2,210,40,35,23,0,5.0,-5
1,2,300,10,-20,-21,0,9.0,-1
1,2,0,0,-48,-50,0,6.0,-3
1,2,130,20,7,1,-1,7.0,-2
1,2,60,40,-4,-19,0,8.0,3
1,2,80,30,8,-9,0,7.0,-12
1,2,70,40,19,5,0,8.0,0
1,2,70,30,-8,-14,0,7.0,6
1,2,90,20,-20,-27,0,0.0,6
1,2,220,30,0,-12,0,0.0,-5
1,2,210,50,19,7,0,8.0,-1
1,2,170,20,10,10,0,9.0,8
1,2,150,30,23,12,0,8.0,-12
1,2,170,30,3,-8,0,8.0,-3
1,2,150,30,-15,-42,0,0.0,-10
1,2,150,30,-40,-52,0,0.0,0
1,2,190,70,50,30,0,8.0,1
1,2,260,30,47,36,0,8.0,-4
1,2,200,20,3,3,0,9.0,10
1,2,230,40,90,81,0,8.0,-3
1,2,280,70,63,31,0,6.0,-10
1,2,360,20,30,2,0,8.0,0
1,2,70,30,-17,-42,0,8.0,-2
1,2,130,30,-39,-87,0,0.0,-2
1,2,260,10,-58,-74,0,8.0,-6
1,2,30,90,18,-15,0,8.0,-2
1,2,60,50,-25,-68,0,1.0,-5
1,2,50,30,-72,-96,0,0.0,1
1,2,60,40,-47,-88,0,0.0,-12
1,2,30,20,-37,-43,0,0.0,11
1,2,70,30,23,2,0,8.0,-5
1,2,260,70,102,64,-1,2.0,-1
1,2,260,40,37,24,9,8.0,13
1,2,260,20,46,34,0,4.0,-10
1,2,210,80,93,65,0,8.0,1
1,2,270,40,79,54,0,7.0,-9
1,2,260,50,108,90,0,8.0,-9
1,2,270,50,75,58,2,8.0,2
1,2,200,80,88,55,0,7.0,1
1,2,240,70,131,110,-1,8.0,2
1,2,210,70,125,86,0,5.0,-1
1,2,230,50,62,27,0,7.0,0
1,2,270,50,90,45,0,7.0,0
1,2,250,50,111,92,1,8.0,-4
1,2,290,90,86,48,-1,1.0,-3
1,2,210,40,41,26,0,4.0,-2
1,2,210,40,64,45,0,8.0,5
1,2,220,40,87,72,0,8.0,2
1,2,200,30,76,63,2,8.0,5
1,2,250,40,89,74,7,8.0,7
1,2,230,70,133,104,0,8.0,3
1,2,220,60,71,34,0,7.0,2
1,2,220,30,36,14,0,0.0,0
1,2,360,10,-47,-58,0,2.0,5
1,2,360,10,-50,-61,0,0.0,-18
1,2,50,40,-16,-35,0,8.0,-6
1,2,220,30,-22,-56,0,8.0,3
1,2,300,30,20,8,0,3.0,12
1,2,270,50,67,42,0,8.0,-2
1,2,270,40,77,64,-1,8.0,-1
1,2,320,30,73,65,-1,8.0,-1
1,2,260,20,68,54,0,8.0,-1
1,2,190,20,44,43,0,8.0,-2
1,2,90,40,-15,-21,0,0.0,-5
1,2,90,60,-11,-44,0,7.0,-7
1,2,120,50,19,-22,0,8.0,0
1,2,170,70,74,61,12,8.0,-1
1,2,240,20,45,42,-1,8.0,5
1,2,170,70,57,47,6,8.0,5
1,2,220,30,41,12,0,0.0,0
1,2,190,70,64,41,-1,8.0,7
1,2,210,60,57,30,0,6.0,-3
1,2,200,70,98,80,3,8.0,-2
1,2,180,60,79,53,-1,8.0,-9
1,2,180,50,36,19,0,0.0,2
1,2,150,40,25,-2,0,8.0,15
1,2,200,70,82,57,0,8.0,0
1,2,210,70,85,53,0,5.0,-1
1,2,210,30,33,31,0,8.0,1
1,2,260,60,89,69,3,7.0,4
1,2,250,80,126,112,-1,8.0,-1
1,2,240,60,121,106,0,8.0,0
1,2,250,60,105,90,1,8.0,-2
1,2,290,60,74,62,4,8.0,-33
1,2,190,40,27,15,0,8.0,5
1,2,220,40,93,67,0,8.0,3
1,2,220,30,23,3,0,0.0,1
1,2,230,40,63,47,0,0.0,-5
1,2,260,50,77,59,0,8.0,1
1,2,210,20,75,65,0,8.0,0
1,2,210,20,64,34,0,8.0,-3
1,2,220,30,43,29,0,8.0,-1
1,2,200,40,5,-4,0,2.0,2
1,2,990,10,-32,-33,0,8.0,2
1,2,250,20,-7,-26,0,8.0,0
1,2,30,20,-71,-72,0,4.0,7
1,2,260,20,8,-23,0,8.0,1
1,2,220,40,0,-3,6,8.0,0
1,2,40,40,-94,-111,0,0.0,4
1,2,220,20,-101,-112,0,8.0,13
1,2,40,10,-45,-46,0,9.0,-22
1,2,140,10,-82,-83,0,8.0,-18
1,2,80,10,-122,-130,0,0.0,-14
1,2,200,30,-78,-87,0,0.0,12
1,2,190,50,0,-53,0,0.0,4
1,2,210,70,47,39,1,8.0,-1
1,2,220,30,39,39,0,9.0,2
1,2,170,20,28,22,0,8.0,0
1,2,130,30,2,-17,0,8.0,-2
1,2,200,40,37,28,0,8.0,2
1,2,170,100,76,47,0,7.0,-1
1,2,190,60,25,10,0,5.0,5
1,2,220,50,34,10,0,7.0,-6
1,2,190,30,20,14,0,8.0,7
1,2,180,50,23,-2,0,8.0,-1
1,2,130,40,47,42,26,8.0,0
1,2,240,40,35,20,1,8.0,1
1,2,180,30,-2,-4,0,0.0,5
1,2,130,40,7,-14,0,4.0,-3
1,2,40,20,-23,-26,0,0.0,-8
1,2,190,30,-26,-29,0,9.0,3
1,2,130,30,-22,-26,0,0.0,-10
1,2,130,20,-24,-39,0,0.0,-14
1,2,100,60,-8,-36,0,0.0,-1
1,2,40,60,-3,-26,0,8.0,-1
1,2,240,20,-48,-56,0,8.0,2
1,2,330,30,1,-2,13,8.0,-18
1,2,200,10,-134,-141,0,3.0,-2
1,2,220,20,-3,-5,3,8.0,-10
1,2,210,20,-58,-65,0,5.0,-25
1,2,190,20,-51,-59,-1,8.0,3
1,2,20,10,-139,-141,0,8.0,29
1,2,40,90,-25,-53,0,8.0,-8
1,2,40,50,-7,-21,-1,8.0,1
1,2,50,20,-13,-29,0,8.0,1
1,2,350,20,-6,-18,-1,8.0,-1
1,2,90,40,-36,-61,0,5.0,-2
1,2,150,10,6,2,0,8.0,0
1,2,120,20,2,-11,0,6.0,-3
1,2,140,40,17,7,0,8.0,2
1,2,210,30,25,23,0,8.0,0
1,2,250,20,46,36,0,7.0,-2
1,2,260,20,51,47,5,8.0,0
1,2,90,20,36,31,0,8.0,0
1,2,100,20,22,1,0,8.0,-3
1,2,130,20,26,17,0,8.0,-3
1,2,130,30,17,2,0,8.0,0
1,2,130,20,-1,-3,0,8.0,0
1,2,20,30,2,0,0,8.0,0
1,2,40,50,-59,-80,0,8.0,-7
1,2,10,20,-95,-113,0,0.0,2
1,2,320,50,35,17,7,7.0,-11
1,2,220,30,20,11,-1,7.0,1
1,2,260,60,3,0,9,8.0,8
1,2,260,30,-5,-11,0,2.0,0
1,2,230,20,26,25,0,9.0,3
1,2,310,30,6,-2,0,8.0,2
1,2,260,30,8,1,-1,8.0,0
1,2,220,20,3,-3,0,8.0,1
1,2,180,50,-23,-52,0,6.0,0
1,2,190,50,38,31,6,8.0,1
1,2,220,20,32,28,0,8.0,-21
1,2,150,30,80,77,12,8.0,11
1,2,230,20,51,35,0,8.0,1
1,2,220,30,-6,-11,0,0.0,-8
1,2,150,60,0,-17,0,7.0,-1
1,2,270,20,47,21,0,7.0,-2
1,2,260,50,100,97,6,8.0,1
1,2,250,60,124,112,2,8.0,1
1,2,250,50,87,70,0,8.0,-7
1,2,210,60,91,65,0,8.0,-5
1,2,200,30,54,41,0,6.0,9
1,2,210,10,59,52,1,8.0,-4
1,2,270,20,29,20,0,7.0,4
1,2,340,40,25,17,-1,8.0,-2
1,2,70,20,-11,-18,0,7.0,-14
1,2,340,20,37,25,0,8.0,2
1,2,360,40,23,12,0,8.0,3
1,2,320,20,41,32,0,8.0,3
1,2,250,40,43,26,0,8.0,1
1,2,0,0,-14,-18,0,8.0,-2
1,2,50,50,-3,-16,0,8.0,4
1,2,60,50,-28,-57,0,0.0,-1
1,2,50,20,-45,-54,0,0.0,-4
1,2,50,30,-60,-73,0,2.0,-8
1,2,50,10,-23,-36,0,8.0,-2
1,2,230,40,116,103,0,8.0,-4
1,2,220,40,99,90,4,8.0,3
1,2,210,60,49,28,0,6.0,4
1,2,230,50,59,16,0,7.0,-3
1,2,250,90,95,62,5,8.0,-7
1,2,310,70,53,28,0,5.0,4
1,2,220,50,54,49,1,8.0,7
1,2,280,60,70,41,0,7.0,3
1,2,230,20,63,56,-1,8.0,4
1,2,270,20,79,70,0,8.0,-11
1,2,240,20,88,67,0,8.0,0
1,2,240,40,78,69,0,8.0,-2
1,2,250,20,32,18,0,2.0,2
1,2,300,20,29,6,0,8.0,7
1,2,0,0,4,0,0,8.0,-2
1,2,80,20,-26,-36,0,0.0,3
1,2,0,0,-47,-52,0,0.0,3
1,2,210,30,-5,-39,0,0.0,-3
1,2,220,40,62,59,8,8.0,5
1,2,290,80,50,13,0,0.0,3
1,2,210,40,44,40,6,8.0,9
1,2,280,70,60,24,0,0.0,-4
1,2,240,20,40,25,0,1.0,-1
1,2,270,20,23,16,0,1.0,-9
1,2,130,30,33,22,0,8.0,0
1,2,140,30,57,47,0,8.0,-5
1,2,190,40,28,24,0,2.0,2
1,2,140,20,17,13,0,8.0,10
1,2,80,30,3,-14,0,8.0,-2
1,2,40,30,-13,-32,0,8.0,-1
1,2,60,30,-10,-26,-1,8.0,-3
1,2,220,60,83,77,16,8.0,0
1,2,230,30,57,45,0,8.0,-12
1,2,230,50,78,75,1,8.0,3
1,2,260,30,98,95,-1,8.0,-1
1,2,260,20,79,76,0,8.0,1
1,2,250,20,82,79,0,8.0,-1
1,2,230,10,79,76,0,8.0,0
1,2,240,30,60,50,0,8.0,-2
1,2,210,40,57,48,-1,8.0,2
1,2,250,20,49,45,0,8.0,0
1,2,70,40,7,0,-1,8.0,-9
1,2,140,20,-7,-26,0,8.0,-1
1,2,70,50,-17,-47,0,8.0,-2
1,2,320,10,-52,-58,0,1.0,-3
1,2,130,50,-24,-26,5,8.0,1
1,2,330,10,-103,-128,0,1.0,24
1,2,360,20,-64,-66,0,8.0,-4
1,2,40,10,-49,-51,-1,8.0,4
1,2,80,60,-23,-43,0,8.0,-1
1,2,70,60,-56,-81,0,7.0,1
1,2,150,30,-30,-39,-1,8.0,-1
1,2,60,20,-23,-29,0,8.0,-1
1,2,40,20,-93,-96,0,0.0,0
1,2,50,30,-37,-60,0,8.0,1
1,2,30,10,-47,-62,0,7.0,-15
1,2,170,40,-29,-51,0,8.0,-5
1,2,190,80,21,16,0,8.0,3
1,2,210,40,28,22,0,0.0,-5
1,2,220,70,90,86,7,8.0,8
1,2,220,80,133,106,0,8.0,-1
1,2,260,70,76,37,0,8.0,-2
1,2,220,50,66,50,0,8.0,-12
1,2,180,80,101,70,0,8.0,4
1,2,170,60,74,55,0,1.0,7
1,2,200,50,68,30,0,0.0,1
1,2,270,30,74,51,0,7.0,-11
1,2,190,90,92,66,0,8.0,3
1,2,220,70,109,63,0,6.0,-6
1,2,200,40,93,81,6,8.0,4
1,2,200,50,100,84,-1,8.0,2
1,2,230,30,53,31,0,3.0,-8
1,2,210,50,40,25,0,8.0,-1
1,2,230,20,9,5,0,1.0,-16
1,2,180,50,40,24,0,8.0,14
1,2,160,40,39,31,0,1.0,1
1,2,200,40,24,14,0,8.0,-1
1,2,190,50,75,65,0,8.0,2
1,2,180,50,67,44,0,5.0,5
1,2,170,50,76,47,0,8.0,-5
1,2,120,40,54,23,0,8.0,3
1,2,310,10,62,55,2,8.0,-4
1,2,320,10,25,21,1,8.0,0
1,2,190,40,33,14,0,8.0,-2
1,2,180,40,21,4,0,8.0,-6
1,2,270,20,24,11,1,7.0,4
1,2,170,20,7,-12,0,8.0,1
1,2,300,100,61,27,1,8.0,1
1,2,250,40,48,23,0,4.0,-7
1,2,190,60,33,10,0,1.0,1
1,2,110,50,25,-8,0,6.0,-4
1,2,110,40,12,-20,0,8.0,4
1,2,80,10,-9,-18,0,8.0,-6
1,2,200,40,6,1,0,0.0,5
1,2,210,60,46,23,-1,8.0,6
1,2,220,30,35,9,0,7.0,-2
1,2,250,30,26,13,0,2.0,-4
1,2,200,30,-6,-8,0,3.0,3
1,2,180,30,23,4,0,8.0,-4
1,2,240,30,41,36,0,3.0,-5
1,2,210,60,48,39,3,,5
1,2,230,50,69,56,0,8.0,0
1,2,250,90,133,107,0,8.0,-1
1,2,250,40,39,-1,0,1.0,-4
1,2,230,60,76,40,0,8.0,-9
1,2,210,80,104,81,2,8.0,3
1,2,230,40,41,27,1,7.0,4
1,2,180,80,62,53,6,8.0,8
1,2,220,60,59,18,0,3.0,-4
1,2,250,30,20,16,0,1.0,-4
1,2,200,50,29,3,0,8.0,-1
1,2,200,10,2,-1,5,8.0,1
1,2,110,10,-2,-4,0,8.0,3
1,2,140,20,-11,-24,0,8.0,-4
1,2,40,30,-35,-46,0,1.0,1
1,2,20,30,-28,-36,0,8.0,-16
1,2,200,70,-7,-23,0,8.0,-1
1,2,260,20,11,3,0,1.0,-11
1,2,210,20,44,37,0,8.0,-2
1,2,270,20,24,10,0,0.0,0
1,2,200,40,45,41,0,8.0,1
1,2,220,50,20,-15,0,3.0,-2
1,2,280,30,4,-1,-1,8.0,-1
1,2,230,30,15,12,0,7.0,-2
1,2,200,30,65,51,-1,6.0,-8
1,2,120,50,59,27,0,8.0,2
1,2,170,50,82,74,3,8.0,-1
1,2,150,40,47,40,3,8.0,1
1,2,170,40,72,52,0,7.0,-11
1,2,170,20,57,49,-1,8.0,-5
1,2,140,40,52,44,0,8.0,2
1,2,230,50,49,14,0,3.0,-1
1,2,200,30,43,32,0,8.0,-13
1,2,180,80,82,63,1,8.0,-2
1,2,170,40,31,24,0,1.0,0
1,2,230,30,55,43,0,8.0,1
1,2,300,120,61,43,6,8.0,0
1,2,180,60,26,10,0,6.0,0
1,2,300,40,38,25,1,8.0,0
1,2,230,20,-1,-4,0,4.0,11
1,2,320,20,10,-12,0,8.0,-10
1,2,150,20,-56,-63,0,0.0,-1
1,2,130,10,-77,-85,0,1.0,3
1,2,230,20,-4,-38,0,8.0,2
1,2,120,10,-42,-44,0,9.0,18
1,2,160,30,-17,-30,0,0.0,-1
1,2,250,30,67,63,0,8.0,-8
1,2,190,40,48,36,0,8.0,1
1,2,210,20,78,74,0,5.0,6
1,2,250,40,101,77,0,2.0,-11
1,2,210,50,106,69,0,8.0,4
1,2,270,50,88,69,-1,8.0,-4
1,2,220,60,58,16,0,8.0,2
1,2,210,80,89,74,8,8.0,0
1,2,220,40,39,8,1,8.0,-1
1,2,210,40,-5,-5,-1,9.0,0
1,2,250,30,5,3,1,8.0,1
1,2,240,30,16,11,-1,7.0,-2
1,2,270,60,59,50,1,8.0,1
1,2,290,30,10,-4,0,3.0,7
1,2,0,0,-67,-69,0,8.0,7
1,2,210,40,-25,-35,6,8.0,2
1,2,280,30,18,18,0,8.0,-1
1,2,180,30,30,29,0,8.0,7
1,2,290,70,58,49,4,8.0,-5
1,2,200,40,52,47,0,8.0,2
1,2,250,50,57,11,0,8.0,-1
1,2,310,90,10,7,38,8.0,6
1,2,290,50,23,-5,3,5.0,-1
1,2,280,40,2,-2,1,7.0,-1
1,2,230,10,0,-1,-1,8.0,1
1,2,50,20,-40,-42,0,9.0,-1
1,2,80,30,-37,-41,0,8.0,0
1,2,60,20,-48,-52,0,2.0,-14
1,2,20,10,-39,-55,0,0.0,-6
1,2,70,20,-25,-61,0,8.0,6
1,2,190,10,-72,-76,0,0.0,-1
1,2,0,0,3,-6,0,8.0,3
1,2,240,20,6,6,0,9.0,0
1,2,140,10,-2,-17,0,8.0,-1
1,2,130,20,-52,-64,0,0.0,-5
1,2,130,20,-52,-65,0,0.0,-1
1,2,130,40,35,-15,0,8.0,-9
1,2,200,40,45,35,0,8.0,-2
1,2,170,60,53,46,3,8.0,1
1,2,360,30,33,14,0,8.0,-1
1,2,230,70,73,53,16,8.0,5
1,2,250,30,59,49,1,8.0,4
1,2,200,100,110,97,16,8.0,2
1,2,250,60,74,38,0,7.0,-2
1,2,200,50,79,42,-1,8.0,-9
1,2,210,20,42,30,0,8.0,-7
1,2,40,60,24,5,0,8.0,5
1,2,60,70,10,-19,0,8.0,1
1,2,70,40,14,0,0,8.0,1
1,2,160,30,69,59,-1,8.0,4
1,2,180,10,45,43,0,1.0,-29
1,2,10,20,56,53,0,8.0,-1
1,2,120,20,49,44,0,8.0,-9
1,2,80,40,45,5,0,8.0,1
1,2,190,30,18,3,0,8.0,18
1,2,230,40,64,43,0,8.0,3
1,2,250,60,32,6,2,7.0,2
1,2,200,60,42,26,7,8.0,-3
1,2,250,40,33,22,3,7.0,-2
1,2,210,30,14,3,3,5.0,-6
1,2,260,20,17,9,0,0.0,0
1,2,170,40,29,26,-1,8.0,8
1,2,240,30,70,40,0,8.0,0
1,2,210,40,121,103,0,8.0,-2
1,2,210,50,76,61,-1,8.0,-6
1,2,190,30,45,43,0,8.0,-13
1,2,240,20,50,41,0,8.0,2
1,2,220,60,71,64,2,8.0,4
1,2,240,60,109,77,0,8.0,2
1,2,230,20,28,24,0,0.0,-17
1,2,200,60,86,82,10,8.0,8
1,2,250,30,76,66,0,8.0,-1
1,2,320,40,57,-15,0,7.0,-16
1,2,300,30,35,18,0,8.0,0
1,2,280,20,30,28,0,8.0,4
1,2,290,40,61,50,0,8.0,2
1,2,280,40,52,46,0,8.0,1
1,2,240,10,48,37,0,8.0,-13
1,2,280,60,67,41,0,0.0,5
1,2,320,50,41,23,16,8.0,-3
1,2,330,20,12,-9,0,7.0,-7
1,2,220,30,34,31,2,8.0,1
1,2,250,30,61,54,0,8.0,1
1,2,260,40,79,76,2,8.0,4
1,2,300,80,78,45,0,7.0,-2
1,2,220,20,28,24,0,1.0,2
1,2,220,50,70,60,0,8.0,-3
1,2,220,30,45,41,0,8.0,3
1,2,270,30,-4,-10,0,0.0,-3
1,2,130,10,-20,-21,0,9.0,-7
1,2,110,30,-29,-54,0,0.0,0
1,2,0,0,-76,-83,0,0.0,-11
1,2,170,40,-34,-60,0,8.0,3
1,2,150,30,-4,-19,0,8.0,-12
1,2,10,30,-13,-30,0,8.0,0
1,2,100,10,-10,-23,0,8.0,1
1,2,240,40,65,62,0,8.0,-3
1,2,200,70,76,62,-1,8.0,1
1,2,260,70,30,23,19,8.0,14
1,2,220,20,12,7,4,8.0,-4
1,2,110,30,5,-23,0,8.0,1
1,2,200,30,-15,-21,0,2.0,-5
1,2,150,30,32,20,0,8.0,-3
1,2,200,30,17,14,0,8.0,2
1,2,200,60,87,66,0,8.0,3
1,2,240,40,48,32,0,8.0,-5
1,2,230,10,66,60,0,8.0,-1
1,2,190,40,63,56,0,8.0,1
1,2,230,20,63,58,0,8.0,4
1,2,200,60,93,80,0,8.0,6
1,2,190,60,111,108,1,8.0,1
1,2,220,20,83,68,3,8.0,-2
1,2,220,20,53,44,0,8.0,-7
1,2,200,60,59,22,0,8.0,0
1,2,200,40,67,58,0,8.0,-8
1,2,190,80,99,83,4,8.0,0
1,2,200,80,117,74,0,6.0,-1
1,2,200,30,43,37,0,0.0,-3
1,2,160,50,90,48,0,8.0,6
1,2,210,40,42,22,0,5.0,-4
1,2,290,10,15,8,-1,7.0,8
1,2,0,0,-13,-14,0,8.0,-9
1,2,190,20,-13,-16,0,5.0,0
1,2,210,10,3,3,0,9.0,0
1,2,0,0,32,31,0,9.0,3
1,2,210,20,17,16,0,9.0,-2
1,2,200,20,12,9,0,8.0,0
1,2,140,20,19,18,0,9.0,-3
1,2,190,60,78,71,13,8.0,3
1,2,220,40,59,48,10,8.0,1
1,2,240,50,47,27,0,8.0,2
1,2,210,50,63,44,0,8.0,-6
1,2,250,50,114,94,0,8.0,-1
1,2,260,36,38,28,0,8.0,-7
1,2,210,113,61,47,24,8.0,0
1,2,260,46,81,73,-1,7.0,9
1,2,250,41,85,73,0,8.0,-5
1,2,230,72,39,21,0,1.0,1
1,2,240,118,55,14,0,4.0,-3
1,2,200,46,56,36,0,7.0,4
1,2,230,82,69,44,2,8.0,-11
1,2,240,108,85,65,16,8.0,-10
1,2,210,113,101,89,8,8.0,7
1,2,200,51,70,63,-1,8.0,10
1,2,220,51,41,28,0,0.0,-6
1,2,320,21,8,2,0,6.0,0
1,2,50,26,0,-6,0,0.0,-11
1,2,70,51,-6,-92,0,0.0,-3
1,2,100,41,-8,-107,0,0.0,-5
1,2,140,26,-40,-81,0,0.0,0
1,2,150,26,-17,-28,0,0.0,-11
1,2,160,46,-16,-26,0,2.0,6
1,2,200,10,-16,-22,0,9.0,2
1,2,250,51,41,35,4,8.0,4
1,2,30,36,40,33,-1,8.0,-5
1,2,90,21,-1,-7,0,9.0,0
1,2,20,15,-9,-16,0,8.0,0
1,2,70,21,-23,-31,0,0.0,-1
1,2,80,26,15,-3,0,8.0,0
1,2,50,31,23,-4,0,8.0,0
1,2,80,26,34,14,0,8.0,0
1,2,130,21,-30,-37,0,0.0,-4
1,2,110,26,-18,-35,0,0.0,-1
1,2,130,26,-35,-48,0,2.0,-9
1,2,220,57,31,24,-1,8.0,0
1,2,230,82,58,41,0,8.0,-3
1,2,220,67,46,18,0,8.0,-6
1,2,220,93,76,46,0,8.0,4
1,2,230,31,45,42,0,6.0,4
1,2,240,77,94,88,9,8.0,1
1,2,210,51,23,20,0,8.0,-2
1,2,190,41,33,2,0,5.0,15
1,2,190,62,94,67,0,6.0,7
1,2,50,57,40,27,0,8.0,1
1,2,30,31,-23,-28,0,0.0,2
1,2,270,5,-11,-12,0,8.0,1
1,2,10,10,16,15,0,9.0,0
1,2,250,26,34,19,-1,8.0,3
1,2,320,31,52,45,0,8.0,0
1,2,300,15,50,25,0,8.0,0
1,2,280,36,54,48,0,8.0,1
1,2,280,21,25,4,0,7.0,0
1,2,260,51,41,38,0,8.0,0
1,2,360,67,44,40,2,8.0,2
1,2,60,36,-44,-76,0,0.0,-2
1,2,60,51,-55,-118,0,0.0,-3
1,2,50,15,-60,-74,0,0.0,-9
1,2,160,15,-66,-70,0,0.0,0
1,2,90,5,-75,-80,0,0.0,3
1,2,180,15,-28,-31,0,3.0,3
1,2,350,31,-5,-8,0,1.0,-1
1,2,70,21,-19,-22,0,8.0,-2
1,2,70,26,-21,-24,0,0.0,-3
1,2,70,21,-1,-2,0,9.0,2
1,2,90,26,-5,-6,0,8.0,-1
1,2,0,0,-74,-79,0,9.0,-1
1,2,100,15,-50,-79,0,0.0,-1
1,2,110,31,-62,-123,0,0.0,-1
1,2,160,26,-85,-112,0,0.0,0
1,2,180,41,-21,-74,0,8.0,-5
1,2,210,67,57,51,1,8.0,4
1,2,300,36,74,68,5,8.0,-6
1,2,240,77,99,83,0,4.0,-2
1,2,170,41,-3,-9,0,4.0,6
1,2,220,57,100,94,5,8.0,0
1,2,220,87,112,86,0,7.0,1
1,2,230,62,74,60,3,8.0,-4
1,2,200,46,50,9,0,5.0,-7
1,2,250,72,84,44,0,7.0,-3
1,2,160,46,33,18,0,5.0,7
1,2,230,98,112,69,0,3.0,-4
1,2,200,62,93,59,0,4.0,-4
1,2,230,31,61,39,0,7.0,-3
1,2,190,41,34,22,0,6.0,-2
1,2,220,103,93,74,11,8.0,-1
1,2,240,77,106,78,0,7.0,-5
1,2,240,123,116,97,1,8.0,0
1,2,250,82,65,33,0,1.0,0
1,2,230,154,121,68,0,6.0,-21
1,2,290,93,43,1,8,1.0,4
1,2,260,41,3,-11,0,1.0,-6
1,2,310,51,53,38,0,7.0,-11
1,2,200,15,32,16,-1,8.0,1
1,2,240,46,82,76,-1,8.0,0
1,2,70,31,20,-4,0,8.0,0
1,2,140,15,-3,-14,0,8.0,3
1,2,240,36,24,15,0,3.0,1
1,2,160,51,28,9,0,7.0,6
1,2,240,46,52,40,0,2.0,-1
1,2,230,82,61,26,0,2.0,0
1,2,240,57,52,32,0,7.0,-9
1,2,140,41,53,38,0,7.0,3
1,2,210,41,56,28,0,7.0,-2
1,2,210,36,37,19,0,1.0,-9
1,2,140,21,2,-8,0,0.0,-10
1,2,120,62,25,10,0,6.0,2
1,2,170,21,43,30,0,8.0,6
1,2,200,46,68,54,-1,8.0,10
1,2,220,123,115,107,9,8.0,0
1,2,240,93,79,39,0,4.0,-6
1,2,240,62,58,36,0,7.0,2
1,2,170,5,4,4,0,4.0,2
1,2,320,15,-23,-24,0,2.0,-2
1,2,220,41,-8,-8,0,8.0,4
1,2,220,77,17,-7,0,8.0,-2
1,2,230,26,6,6,0,4.0,-1
1,2,210,41,38,34,0,8.0,-1
1,2,220,62,52,46,-1,8.0,1
1,2,220,62,87,84,-1,8.0,3
1,2,240,41,29,10,0,7.0,-6
1,2,210,36,57,57,0,8.0,5
1,2,270,103,72,34,5,7.0,-2
1,2,220,98,76,54,0,8.0,-1
1,2,280,103,53,9,-1,7.0,3
1,2,260,36,5,-8,0,5.0,-7
1,2,230,77,68,61,-1,8.0,-1
1,2,270,36,45,20,0,6.0,-3
1,2,270,41,19,13,0,1.0,-6
1,2,260,46,11,-2,0,3.0,1
1,2,300,21,5,1,0,6.0,-1
1,2,120,10,-36,-39,0,0.0,6
1,2,150,26,-67,-76,0,0.0,-1
1,2,170,57,-31,-65,-1,8.0,-11
1,2,20,15,-6,-6,0,9.0,0
1,2,190,26,-46,-47,0,4.0,2
1,2,300,21,21,18,0,2.0,-3
1,2,300,82,69,47,29,1.0,1
1,2,340,36,27,26,-1,8.0,1
1,2,270,51,14,11,1,7.0,5
1,2,280,21,-4,-12,0,2.0,0
1,2,200,31,40,40,-1,8.0,-1
1,2,230,51,64,64,-1,8.0,-1
1,2,190,36,62,59,0,8.0,-4
1,2,170,57,17,3,0,1.0,-4
1,2,170,87,90,28,0,8.0,5
1,2,180,41,25,18,0,1.0,7
1,2,180,87,85,39,-1,7.0,1
1,2,190,51,55,38,0,7.0,0
1,2,200,72,79,75,10,8.0,10
1,2,240,62,67,50,1,8.0,-5
1,2,250,108,56,36,4,8.0,-6
1,2,180,41,45,44,4,8.0,-1
1,2,230,98,120,101,0,7.0,4
1,2,280,41,18,3,-1,7.0,1
1,2,210,82,75,75,14,8.0,12
1,2,220,72,68,64,1,7.0,0
1,2,320,36,72,68,4,8.0,-10
1,2,160,21,-14,-15,0,3.0,1
1,2,80,15,8,8,0,8.0,2
1,2,60,31,-8,-9,0,4.0,2
1,2,60,15,-12,-22,0,7.0,0
1,2,120,21,6,6,-1,8.0,4
1,2,110,46,-6,-43,0,7.0,0
1,2,110,46,-24,-81,0,1.0,-1
1,2,120,41,-5,-25,0,8.0,5
1,2,180,36,43,43,0,1.0,-4
1,2,120,36,40,30,0,7.0,5
1,2,120,26,43,37,0,3.0,1
1,2,130,26,54,51,0,7.0,-6
1,2,140,31,74,60,-1,8.0,-1
1,2,180,57,80,66,0,4.0,8
1,2,120,21,33,32,0,0.0,0
1,2,130,36,6,0,0,0.0,-2
1,2,130,10,5,5,0,2.0,-9
1,2,130,31,10,10,0,9.0,0
1,2,140,26,-7,-7,0,8.0,2
1,2,90,21,-16,-16,0,8.0,3
1,2,120,41,-17,-28,0,8.0,-1
1,2,100,46,4,-42,0,8.0,-1
1,2,100,57,7,-43,0,7.0,-1
1,2,80,46,-25,-65,0,2.0,-3
1,2,90,62,-17,-57,-1,8.0,0
1,2,70,72,-50,-107,0,8.0,-6
1,2,70,72,-76,-150,0,8.0,-2
1,2,60,26,-74,-86,-1,8.0,5
1,2,60,51,-59,-83,0,1.0,-3
1,2,70,57,-31,-71,0,8.0,-10
1,2,80,41,-19,-35,0,0.0,1
1,2,60,46,-44,-72,0,0.0,-5
1,2,70,50,-131,-157,0,0.0,-3
1,2,30,20,-165,-180,0,1.0,-3
1,2,60,40,-117,-133,0,0.0,6
1,2,70,60,-54,-72,0,8.0,3
1,2,50,50,-36,-59,-1,8.0,-1
1,2,40,20,-38,-50,0,8.0,0
1,2,60,30,-76,-91,0,8.0,6
1,2,80,20,-95,-104,0,0.0,-12
1,2,60,30,-69,-85,0,7.0,1
1,2,70,30,-46,-63,0,8.0,3
1,2,180,20,-37,-60,0,8.0,-5
1,2,160,30,-65,-77,0,0.0,3
1,2,200,30,18,0,-1,8.0,1
1,2,140,20,-18,-28,0,3.0,0
1,2,150,20,-39,-56,0,0.0,1
1,2,140,20,-26,-40,0,0.0,-11
1,2,140,20,-37,-49,0,0.0,3
1,2,230,50,59,42,0,8.0,-4
1,2,100,30,11,11,-1,8.0,1
1,2,250,20,47,47,0,8.0,0
1,2,30,10,7,7,0,8.0,-17
1,2,120,40,28,10,0,6.0,0
1,2,180,30,38,35,0,1.0,-14
1,2,20,20,21,21,0,8.0,5
1,2,40,10,-16,-16,0,9.0,-2
1,2,30,20,5,5,-1,8.0,3
1,2,340,20,-2,-2,0,8.0,-4
1,2,170,10,-29,-29,0,7.0,9
1,2,290,20,21,21,0,8.0,0
1,2,0,0,9,9,0,8.0,0
1,2,0,0,14,13,0,8.0,-1
1,2,210,20,45,45,0,2.0,-2
1,2,190,80,60,48,6,8.0,-1
1,2,220,50,56,41,0,0.0,1
1,2,220,100,65,28,0,7.0,1
1,2,240,130,62,27,0,7.0,-5
1,2,290,70,46,36,7,6.0,5
1,2,190,50,95,94,2,8.0,6
1,2,260,80,75,64,38,8.0,0
1,2,230,60,99,77,0,6.0,0
1,2,160,30,37,34,0,1.0,8
1,2,110,20,31,25,0,2.0,-20
1,2,190,40,72,38,0,5.0,0
1,2,140,20,53,44,0,5.0,-10
1,2,180,70,101,61,0,1.0,-2
1,2,210,50,42,24,0,7.0,-3
1,2,210,30,70,69,0,4.0,-8
1,2,260,30,34,27,0,1.0,9
1,2,200,60,45,24,0,8.0,-5
1,2,210,90,69,37,0,7.0,-3
1,2,280,40,10,10,0,5.0,3
1,2,10,40,16,-16,0,8.0,-4
1,2,50,10,-26,-51,0,7.0,16
1,2,30,30,-31,-36,0,0.0,2
1,2,320,10,5,2,0,8.0,-2
1,2,40,80,20,-4,0,8.0,-1
1,2,60,30,-32,-49,0,0.0,-11
1,2,40,20,-71,-76,0,0.0,1
1,2,220,10,-42,-46,0,7.0,6
1,2,190,10,13,13,0,9.0,-7
1,2,230,10,2,2,0,8.0,2
1,2,270,20,19,19,0,8.0,-1
1,2,130,40,50,9,0,7.0,0
1,2,160,40,46,29,0,5.0,2
1,2,220,70,61,56,3,7.0,-6
1,2,180,40,58,48,3,8.0,2
1,2,200,60,122,121,11,8.0,1
1,2,210,50,92,66,0,4.0,1
1,2,220,100,104,68,-1,8.0,0
1,2,230,80,67,62,3,6.0,7
1,2,10,20,41,41,2,8.0,-1
1,2,30,30,-21,-25,0,7.0,9
1,2,40,60,-20,-28,0,8.0,-1
1,2,270,40,-20,-30,-1,6.0,2
1,2,240,50,14,14,3,8.0,8
1,2,230,70,53,52,5,8.0,-1
1,2,230,100,69,51,-1,8.0,4
1,2,200,90,75,64,4,8.0,0
1,2,160,40,55,55,7,8.0,3
1,2,210,40,27,25,0,2.0,-1
1,2,190,80,60,29,0,7.0,0
1,2,190,60,89,55,0,8.0,2
1,2,170,40,73,59,2,8.0,-1
1,2,360,20,73,73,0,8.0,-3
1,2,350,10,29,29,0,8.0,3
1,2,200,60,42,33,0,7.0,2
1,2,190,70,89,83,-1,8.0,7
1,2,230,30,37,19,0,1.0,4
1,2,220,60,38,35,22,8.0,-16
1,2,200,50,39,35,4,8.0,13
1,2,10,70,6,-16,0,6.0,-1
1,2,290,10,-60,-63,0,1.0,-2
1,2,320,20,-18,-44,0,7.0,-14
1,2,200,30,47,45,0,8.0,2
1,2,190,10,57,57,0,8.0,-7
1,2,200,50,70,63,0,5.0,-3
1,2,210,60,72,68,-1,8.0,-2
1,2,240,40,30,16,0,1.0,-15
1,2,180,40,40,33,0,1.0,-13
1,2,210,30,60,58,0,5.0,-6
1,2,190,70,54,32,0,7.0,1
1,2,220,20,30,30,0,6.0,-2
1,2,990,10,-36,-37,0,1.0,13
1,2,170,20,-25,-26,0,4.0,1
1,2,190,50,-1,-11,0,1.0,0
1,2,170,40,14,-10,0,7.0,0
1,2,180,30,17,8,-1,8.0,0
1,2,990,10,25,23,0,8.0,1
1,2,990,10,11,5,0,7.0,7
1,2,280,40,48,43,0,7.0,-5
1,2,300,60,65,60,-1,8.0,0
1,2,300,30,38,20,0,7.0,1
1,2,300,20,30,20,-1,7.0,-4
1,2,290,40,56,44,-1,6.0,-11
1,2,250,50,40,29,-1,7.0,0
1,2,300,40,38,26,-1,7.0,0
1,2,80,20,-47,-77,0,7.0,-3
1,2,260,10,-41,-71,0,7.0,8
1,2,220,30,4,-25,0,7.0,3
1,2,230,40,4,-31,0,8.0,-15
1,2,220,50,-23,-48,0,0.0,0
1,2,210,110,55,38,4,8.0,1
1,2,280,80,95,62,1,6.0,-2
1,2,240,110,102,57,0,8.0,0
1,2,140,80,22,-26,0,8.0,-8
1,2,160,50,62,49,0,7.0,-7
1,2,200,70,88,61,-1,7.0,-4
1,2,170,60,72,49,-1,8.0,6
1,2,180,50,65,44,0,2.0,7
1,2,260,30,65,59,-1,8.0,1
1,2,190,50,37,27,0,3.0,-2
1,2,210,30,21,14,0,0.0,-4
1,2,230,50,44,37,-1,7.0,0
1,2,100,20,25,20,0,5.0,-6
1,2,60,60,28,16,3,8.0,1
1,2,60,30,-16,-38,0,1.0,-12
1,2,60,30,-14,-28,0,1.0,-3
1,2,50,40,-20,-40,0,1.0,-4
1,2,70,60,-29,-51,0,1.0,-3
1,2,50,20,-62,-84,0,0.0,30
1,2,990,10,-77,-88,0,0.0,-16
1,2,990,10,-74,-84,0,7.0,12
1,2,300,10,-10,-14,0,8.0,-3
1,2,200,20,-18,-22,0,8.0,11
1,2,210,30,-13,-20,0,8.0,-3
1,2,110,30,10,5,14,8.0,1
1,2,170,50,62,53,-1,8.0,4
1,2,180,90,112,92,5,6.0,8
1,2,160,40,31,19,0,1.0,13
1,2,180,40,37,28,0,1.0,5
1,2,140,40,39,18,-1,8.0,3
1,2,220,40,7,0,0,0.0,-6
1,2,990,10,29,25,0,6.0,-13
1,2,190,10,-2,-7,0,8.0,2
1,2,100,20,11,6,0,4.0,-2
1,2,240,30,-22,-22,0,,6
1,2,250,30,-31,-33,0,,-4
1,2,70,40,1,-14,0,,-3
1,2,110,50,-43,-108,0,,-1
1,2,140,30,-67,-103,0,,-1
1,2,220,20,-21,-35,0,,16
1,2,350,10,11,11,0,,-1
1,2,60,30,25,15,0,,-1
1,2,130,10,-33,-36,0,,-2
1,2,140,20,-34,-39,0,,10
1,2,140,30,9,1,0,,1
1,2,210,30,18,16,0,,2
1,2,160,20,-9,-16,0,,0
1,2,160,20,13,-6,0,,4
1,2,180,40,31,14,0,,-3
1,2,270,10,46,46,0,,5
1,2,190,50,27,18,0,,4
1,2,200,50,39,34,3,,2
1,2,190,50,54,40,0,,-1
1,2,220,60,49,41,0,,4
1,2,240,80,111,105,2,,-1
1,2,160,40,41,32,0,,3
1,2,200,50,61,39,0,,-6
1,2,190,80,107,69,0,,1
1,2,260,40,49,25,0,,-2
1,2,230,100,105,84,1,,3
1,2,240,90,108,101,23,,-3
1,2,230,90,123,114,0,,-4
1,2,230,90,90,57,0,,-5
1,2,210,40,84,72,0,,0
1,2,220,80,106,89,12,,-2
1,2,130,20,3,-21,0,,0
1,2,240,60,105,99,2,,-3
1,2,240,60,84,64,0,,-1
1,2,30,50,10,-9,0,,-3
1,2,20,30,-57,-79,0,,1
1,2,240,40,-5,-6,-1,,2
1,2,30,50,-31,-59,0,,-3
1,2,60,20,-60,-89,0,,1
1,2,50,50,-83,-119,0,,-4
1,2,280,10,-101,-115,0,,19
1,2,30,30,-67,-85,0,,15
1,2,210,20,-40,-51,0,,7
1,2,220,70,6,0,-1,,4
1,2,220,50,65,52,0,,0
1,2,220,70,62,22,0,,-3
1,2,240,50,51,45,0,,-4
1,2,200,50,40,28,0,,0
1,2,220,70,33,25,1,,0
1,2,140,40,7,0,0,,2
1,2,200,60,69,56,-1,,2
1,2,190,50,80,64,0,,2
1,2,150,50,71,51,-1,,4
1,2,250,40,55,47,0,,2
1,2,270,10,-26,-31,0,,16
1,2,190,30,-5,-14,0,,-2
1,2,240,30,24,24,0,,-1
1,2,290,40,97,95,1,,-1
1,2,260,70,89,83,28,,-19
1,2,280,50,37,27,18,,1
1,2,300,50,5,1,8,,-1
1,2,320,20,-49,-75,0,,-13
1,2,140,30,-15,-20,0,,-3
1,2,90,30,0,-5,1,,-2
1,2,50,20,-63,-68,0,,-13
1,2,200,50,-32,-56,0,,3
1,2,230,30,25,20,0,,5
1,2,190,40,45,43,9,,3
1,2,230,30,42,39,0,,7
1,2,150,50,49,37,0,,-4
1,2,190,50,66,55,0,,2
1,2,260,30,45,32,0,,-7
1,2,190,50,91,86,-1,,3
1,2,230,60,46,32,0,,-2
1,2,180,50,57,46,0,,5
1,2,260,80,63,33,1,,-4
1,2,260,50,34,24,3,,2
1,2,200,100,53,40,6,,1
1,2,250,70,57,27,0,,0
1,2,20,90,37,20,0,,-1
1,2,230,60,16,-6,0,,0
1,2,320,70,91,86,6,,-2
1,2,260,10,0,-12,0,,-10
1,2,160,30,-2,-29,0,,-2
1,2,170,40,4,-2,0,,0
1,2,150,30,5,-32,0,,-1
1,2,250,40,21,18,0,,-9
1,2,130,20,-4,-6,0,,12
1,2,20,40,-16,-25,0,,1
1,2,250,40,5,-1,0,,0
1,2,310,40,-8,-14,0,,-14
1,2,230,70,9,-14,0,,-4
1,2,200,80,37,-35,0,,-1
1,2,250,30,38,35,0,,-15
1,2,270,70,75,23,0,,-4
1,2,260,50,45,18,0,,7
1,2,240,70,83,58,0,,-1
1,2,230,50,67,53,0,,-1
1,2,260,80,85,65,0,,-1
1,2,220,80,94,68,0,,3
1,2,210,100,113,61,0,,-5
1,2,220,70,64,26,0,,2
1,2,210,80,120,96,0,,2
1,2,240,50,94,87,2,,3
1,2,220,70,99,92,1,,-5
1,2,230,60,42,21,0,,1
1,2,230,30,-2,-10,0,,-6
1,2,150,10,-17,-20,0,,-4
1,2,140,30,-33,-44,0,,6
1,2,190,50,42,27,0,,3
1,2,200,80,75,67,8,,3
1,2,270,60,44,16,0,,1
1,2,250,70,85,77,-1,,14
1,2,280,80,83,31,0,,-11
1,2,260,40,28,6,0,,3
1,2,330,20,-11,-15,0,,-1
1,2,340,60,2,-10,0,,-4
1,2,320,10,-26,-36,0,,7
1,2,20,50,-35,-60,0,,7
1,2,230,20,-26,-34,0,,-5
1,2,150,10,-2,-6,0,,3
1,2,50,30,2,-6,0,,-3
1,2,220,20,21,12,0,,2
1,2,270,30,51,45,0,,-2
1,2,200,40,41,30,0,,-5
1,2,350,10,-17,-17,0,,-7
1,2,0,0,-41,-41,0,,-2
1,2,120,10,2,-2,0,,2
1,2,50,40,-2,-17,0,,4
1,2,70,30,13,-5,0,,-3
1,2,60,30,21,7,0,,0
1,2,70,40,7,-1,0,,0
1,2,70,30,-8,-19,0,,-3
1,2,200,10,-17,-20,0,,-2
1,2,210,50,8,-6,0,,-7
1,2,190,20,38,38,0,,0
1,2,160,20,1,-3,0,,4
1,2,160,30,-20,-27,0,,4
1,2,140,30,-23,-35,0,,-9
1,2,140,30,-40,-52,0,,2
1,2,180,50,45,26,0,,1
1,2,270,40,48,40,0,,-5
1,2,160,10,7,7,0,,8
1,2,220,50,87,82,-1,,0
1,2,260,60,57,30,0,,-3
1,2,360,30,28,4,0,,-2
1,2,70,30,-18,-43,0,,-7
1,2,120,30,-38,-91,0,,0
1,2,320,10,-54,-70,0,,-4
1,2,20,80,14,-18,0,,-4
1,2,60,50,-35,-90,0,,-12
1,2,50,30,-70,-95,0,,2
1,2,50,50,-46,-89,0,,-4
1,2,20,30,-35,-44,0,,8
1,2,40,50,20,2,0,,-4
1,2,250,70,102,72,1,5.0,-5
1,2,260,50,32,18,26,8.0,8
1,2,240,30,30,23,0,1.0,-5
1,2,210,90,87,66,-1,8.0,-5
1,2,250,40,77,54,0,7.0,-3
1,2,230,60,106,94,-1,8.0,-3
1,2,270,50,75,63,-1,8.0,-1
1,2,190,70,87,52,0,7.0,2
1,2,230,80,125,113,-1,8.0,4
1,2,210,70,124,86,0,7.0,3
1,2,210,60,53,28,0,8.0,6
1,2,260,70,87,44,0,1.0,3
1,2,250,70,110,92,-1,8.0,-5
1,2,280,80,99,77,12,6.0,-17
1,2,210,40,38,24,0,0.0,9
1,2,210,60,63,43,0,8.0,2
1,2,200,40,84,70,-1,8.0,6
1,2,200,40,86,66,-1,8.0,-3
1,2,240,40,84,75,11,8.0,7
1,2,230,90,131,105,-1,8.0,4
1,2,220,80,66,35,0,5.0,6
1,2,220,50,31,16,0,0.0,2
1,2,40,10,-35,-44,0,0.0,3
1,2,320,10,-40,-47,0,0.0,-11
1,2,30,30,-30,-45,0,7.0,7
1,2,210,20,-31,-55,0,8.0,4
1,2,270,30,26,12,1,3.0,3
1,2,230,50,55,45,0,8.0,5
1,2,260,40,72,64,5,8.0,0
1,2,280,20,70,65,1,8.0,-2
1,2,260,20,69,60,0,8.0,-2
1,2,140,20,49,48,-1,8.0,-1
1,2,90,30,-11,-18,0,0.0,-3
1,2,100,60,3,-59,0,8.0,-3
1,2,120,40,19,-29,0,7.0,2
1,2,170,70,75,56,8,8.0,-4
1,2,240,30,36,35,0,5.0,11
1,2,160,50,48,35,6,8.0,6
1,2,230,60,43,14,0,0.0,-10
1,2,190,60,66,35,0,8.0,4
1,2,190,50,50,28,0,7.0,1
1,2,200,60,101,74,2,8.0,-3
1,2,180,60,80,52,1,8.0,-9
1,2,180,50,38,20,0,0.0,-2
1,2,140,40,22,-8,0,8.0,3
1,2,190,60,84,55,0,8.0,2
1,2,200,80,84,56,-1,8.0,-6
1,2,210,40,42,40,0,4.0,1
1,2,250,80,91,67,1,8.0,5
1,2,240,80,127,113,-1,8.0,-1
1,2,220,100,116,108,4,8.0,2
1,2,240,80,108,82,-1,8.0,-11
1,2,280,50,69,59,25,8.0,-20
1,2,170,30,18,3,0,8.0,8
1,2,210,40,85,58,0,8.0,3
1,2,220,30,11,1,0,0.0,5
1,2,230,70,57,43,0,0.0,-2
1,2,260,60,74,55,0,8.0,2
1,2,220,40,73,63,0,8.0,-1
1,2,210,30,63,32,0,8.0,-2
1,2,210,40,44,25,0,8.0,-3
1,2,190,30,7,0,0,0.0,-1
1,2,170,10,-40,-46,0,8.0,3
1,2,240,20,-12,-30,0,8.0,0
1,2,50,20,-64,-65,0,0.0,-6
1,2,240,30,1,-36,0,8.0,5
1,2,220,40,-6,-10,6,8.0,-1
1,2,30,60,-90,-108,0,0.0,-3
1,2,210,20,-124,-139,0,8.0,20
1,2,130,10,-31,-36,0,8.0,10
1,2,20,10,-124,-125,0,6.0,-5
1,2,20,10,-123,-132,0,0.0,-9
1,2,190,20,-76,-92,0,4.0,-8
1,2,190,60,17,-57,0,2.0,1
1,2,200,60,47,34,0,8.0,-3
1,2,210,40,35,32,0,9.0,1
1,2,160,20,20,15,0,8.0,3
1,2,120,30,6,-18,0,8.0,-1
1,2,210,40,37,26,0,8.0,4
1,2,170,80,78,44,0,7.0,2
1,2,180,50,26,9,0,7.0,2
1,2,220,70,39,7,0,7.0,-4
1,2,170,40,28,15,0,8.0,-4
1,2,180,40,23,-7,0,8.0,1
1,2,130,40,46,37,19,8.0,-5
1,2,240,50,36,12,0,8.0,-1
1,2,170,30,0,-3,0,0.0,1
1,2,110,30,7,-13,0,6.0,-1
1,2,30,20,-33,-39,0,1.0,-5
1,2,200,10,-47,-48,0,9.0,-2
1,2,120,20,-24,-32,0,0.0,1
1,2,110,20,-15,-35,0,0.0,2
1,2,100,50,-4,-39,0,0.0,-6
1,2,30,60,-6,-20,0,8.0,0
1,2,240,20,-53,-57,0,7.0,10
1,2,310,20,3,2,8,8.0,-1
1,2,250,10,-107,-115,0,1.0,-7
1,2,190,20,-14,-19,-1,8.0,2
1,2,250,10,-66,-67,0,8.0,-1
1,2,190,10,-41,-51,-1,8.0,-2
1,2,20,20,-102,-108,0,2.0,52
1,2,40,80,-21,-50,0,8.0,-8
1,2,40,60,-9,-29,0,8.0,1
1,2,40,30,-13,-28,0,8.0,0
1,2,330,10,-7,-10,-1,8.0,-1
1,2,80,40,-31,-56,0,1.0,-1
1,2,100,10,8,3,0,8.0,1
1,2,110,20,4,-11,0,5.0,3
1,2,170,30,19,8,0,8.0,-1
1,2,160,20,16,16,0,9.0,4
1,2,240,30,46,38,0,8.0,-3
1,2,260,30,47,47,-1,9.0,-2
1,2,90,20,39,35,0,8.0,-1
1,2,110,20,30,3,0,8.0,-1
1,2,130,10,30,17,0,8.0,-6
1,2,120,30,26,9,0,7.0,0
1,2,120,20,-1,-7,-1,8.0,0
1,2,30,20,6,5,0,9.0,-2
1,2,40,50,-45,-70,0,8.0,-13
1,2,320,10,-93,-117,0,0.0,1
1,2,300,60,32,14,4,8.0,-2
1,2,220,50,14,7,-1,7.0,3
1,2,260,60,1,-4,12,8.0,1
1,2,260,40,6,-2,2,8.0,-7
1,2,230,30,15,14,0,9.0,0
1,2,300,20,8,-2,0,7.0,-1
1,2,250,20,-8,-16,0,8.0,-2
1,2,210,20,3,-3,0,8.0,-9
1,2,180,50,-24,-60,0,1.0,-1
1,2,190,50,35,25,7,8.0,1
1,2,190,20,26,22,0,8.0,0
1,2,170,20,85,79,11,8.0,8
1,2,220,20,52,39,-1,8.0,-3
1,2,190,20,-15,-25,0,0.0,2
1,2,140,40,-8,-23,0,0.0,0
1,2,270,40,52,25,0,8.0,-4
1,2,250,40,104,100,12,8.0,0
1,2,240,70,128,112,0,8.0,0
1,2,240,60,89,69,0,8.0,-5
1,2,190,40,84,59,0,8.0,-3
1,2,180,20,59,40,0,0.0,0
1,2,300,20,71,58,-1,8.0,-5
1,2,280,20,33,19,1,4.0,2
1,2,320,30,15,11,-1,2.0,-2
1,2,30,20,-8,-24,0,8.0,-1
1,2,300,10,27,22,-1,8.0,0
1,2,360,30,33,15,0,8.0,-10
1,2,330,20,41,26,0,8.0,-2
1,2,250,50,42,27,0,8.0,-1
1,2,220,10,-21,-23,0,5.0,6
1,2,30,40,-15,-25,0,0.0,16
1,2,50,50,-28,-58,0,0.0,1
1,2,50,30,-36,-49,0,0.0,1
1,2,50,40,-56,-68,0,2.0,-16
1,2,20,20,-17,-36,0,8.0,-4
1,2,220,50,111,108,-1,8.0,0
1,2,220,60,101,97,0,8.0,0
1,2,190,50,45,29,0,7.0,2
1,2,230,70,53,13,0,1.0,2
1,2,240,100,85,71,13,8.0,1
1,2,290,60,47,23,0,5.0,9
1,2,220,70,49,46,2,8.0,8
1,2,270,50,73,42,0,8.0,-1
1,2,210,30,54,51,-1,8.0,5
1,2,260,30,78,75,0,8.0,-11
1,2,230,40,86,74,0,8.0,0
1,2,230,70,83,79,0,8.0,-2
1,2,250,40,32,28,0,2.0,-3
1,2,270,20,27,1,0,8.0,0
1,2,0,0,9,5,0,8.0,1
1,2,80,30,-6,-17,0,0.0,-3
1,2,0,0,-44,-46,0,0.0,0
1,2,190,20,-12,-45,0,0.0,-5
1,2,210,50,60,57,7,8.0,6
1,2,280,60,48,22,0,0.0,2
1,2,200,40,40,37,4,8.0,6
1,2,270,70,65,25,0,8.0,-8
1,2,240,30,34,30,0,1.0,5
1,2,240,20,-2,-4,0,4.0,0
1,2,140,30,35,22,0,8.0,-1
1,2,130,30,44,31,0,8.0,-2
1,2,170,30,25,22,0,1.0,1
1,2,150,30,31,22,0,8.0,2
1,2,70,40,5,-24,0,8.0,-1
1,2,60,20,-15,-33,-1,8.0,-4
1,2,60,30,-10,-30,-1,8.0,-3
1,2,200,70,82,73,10,8.0,0
1,2,240,40,46,35,-1,8.0,-6
1,2,220,80,75,72,-1,8.0,2
1,2,250,40,101,98,0,8.0,-2
1,2,260,20,78,75,1,8.0,-1
1,2,230,30,77,74,-1,8.0,3
1,2,280,20,82,79,0,8.0,-2
1,2,250,40,64,48,0,8.0,-3
1,2,210,50,61,43,0,8.0,-2
1,2,230,30,47,43,0,8.0,-1
1,2,50,40,3,-12,-1,8.0,-6
1,2,50,10,-39,-44,0,6.0,4
1,2,70,40,-17,-56,0,8.0,-5
1,2,320,20,-39,-43,-1,8.0,4
1,2,120,40,-28,-30,7,8.0,2
1,2,300,20,-76,-78,0,8.0,-2
1,2,20,20,-56,-59,0,8.0,-3
1,2,360,10,-48,-51,0,8.0,2
1,2,60,40,-20,-45,0,8.0,-2
1,2,60,60,-57,-83,0,8.0,1
1,2,170,20,-24,-38,-1,8.0,2
1,2,80,30,-24,-35,0,8.0,-2
1,2,40,20,-87,-89,0,0.0,9
1,2,50,40,-37,-62,0,8.0,2
1,2,0,0,-71,-74,0,8.0,-11
1,2,140,40,-41,-63,0,8.0,-7
1,2,190,60,19,9,0,8.0,6
1,2,200,40,24,17,0,1.0,-3
1,2,210,90,86,80,4,8.0,7
1,2,220,100,130,101,0,8.0,0
1,2,250,80,75,30,0,4.0,-1
1,2,180,40,62,51,0,8.0,-4
1,2,180,80,102,66,0,8.0,3
1,2,170,50,74,53,0,3.0,10
1,2,190,40,70,24,0,0.0,-9
1,2,260,50,74,61,3,8.0,-7
1,2,190,70,89,59,0,8.0,3
1,2,210,70,108,65,0,6.0,-2
1,2,190,50,97,79,4,7.0,0
1,2,180,50,107,83,-1,7.0,1
1,2,230,50,40,24,0,0.0,0
1,2,200,30,34,23,0,7.0,2
1,2,230,30,-7,-13,0,0.0,10
1,2,180,40,32,15,0,5.0,13
1,2,140,30,27,20,0,0.0,3
1,2,190,30,24,13,0,6.0,-5
1,2,180,50,74,57,0,8.0,5
1,2,180,50,69,43,0,0.0,2
1,2,170,30,75,43,-1,8.0,-7
1,2,120,20,55,23,-1,7.0,-1
1,2,20,30,58,46,-1,8.0,-7
1,2,20,10,26,13,0,8.0,0
1,2,190,30,31,15,0,8.0,-2
1,2,160,20,1,-11,0,3.0,-4
1,2,250,30,12,4,0,0.0,-2
1,2,140,20,12,-8,0,7.0,-8
1,2,290,70,56,23,-1,7.0,-3
1,2,250,50,50,25,-1,8.0,-9
1,2,170,40,38,12,0,6.0,1
1,2,110,40,22,-7,0,0.0,-2
1,2,110,30,18,-22,0,8.0,3
1,2,80,10,8,-11,0,4.0,-13
1,2,210,40,4,3,0,9.0,-2
1,2,210,90,40,4,-1,8.0,2
1,2,210,30,30,3,0,8.0,0
1,2,250,30,15,6,0,1.0,-5
1,2,210,40,-1,-3,0,6.0,-6
1,2,170,20,15,-9,0,8.0,-3
1,2,250,40,44,37,0,7.0,-7
1,2,190,60,44,34,2,8.0,5
1,2,230,70,64,52,0,8.0,6
1,2,250,100,136,107,0,8.0,-2
1,2,230,50,24,-8,0,1.0,0
1,2,220,90,68,43,0,8.0,2
1,2,210,90,104,72,1,8.0,4
1,2,220,60,38,24,7,6.0,1
1,2,180,80,66,49,2,8.0,2
1,2,210,70,56,18,0,0.0,-6
1,2,230,20,2,-3,0,1.0,3
1,2,200,60,27,-1,0,8.0,-5
1,2,210,20,8,3,-1,8.0,2
1,2,350,10,0,-8,0,8.0,1
1,2,130,20,-7,-42,0,8.0,-1
1,2,30,40,-29,-41,0,0.0,6
1,2,20,30,-34,-43,0,0.0,-4
1,2,200,50,-7,-26,0,8.0,-2
1,2,230,30,-17,-21,0,3.0,-1
1,2,190,30,35,30,0,8.0,0
1,2,270,20,22,7,0,0.0,-4
1,2,200,40,38,33,0,8.0,3
1,2,220,70,12,-19,0,1.0,2
1,2,260,40,4,-10,0,7.0,-2
1,2,220,40,11,5,0,6.0,0
1,2,210,40,70,43,-1,8.0,-11
1,2,120,60,62,25,0,8.0,0
1,2,170,50,77,72,5,8.0,1
1,2,140,60,44,36,8,8.0,2
1,2,160,40,71,54,0,8.0,-2
1,2,140,20,51,45,-1,8.0,4
1,2,160,30,53,40,0,8.0,-1
1,2,230,70,44,8,0,5.0,-1
1,2,170,20,29,17,0,8.0,-8
1,2,180,30,74,61,7,8.0,9
1,2,170,30,31,24,0,0.0,-1
1,2,240,50,54,40,0,8.0,0
1,2,270,80,58,47,12,8.0,2
1,2,180,50,25,7,0,8.0,2
1,2,260,50,22,15,3,8.0,12
1,2,240,20,-20,-22,0,4.0,15
1,2,290,30,7,-5,-1,8.0,-8
1,2,0,0,-62,-66,0,0.0,9
1,2,50,10,-76,-83,0,1.0,3
1,2,210,30,-11,-53,0,8.0,1
1,2,990,10,-22,-23,0,8.0,13
1,2,140,30,-24,-33,0,0.0,-1
1,2,250,50,60,57,0,8.0,7
1,2,180,30,43,28,0,8.0,3
1,2,220,30,83,77,0,8.0,2
1,2,230,50,101,79,0,3.0,3
1,2,220,90,106,69,0,8.0,1
1,2,270,50,93,76,-1,8.0,-6
1,2,210,80,49,10,0,8.0,4
1,2,210,90,86,75,8,8.0,0
1,2,220,60,31,4,0,8.0,6
1,2,210,40,-13,-14,0,9.0,0
1,2,240,30,3,2,2,8.0,1
1,2,230,30,-2,-3,0,3.0,10
1,2,250,60,53,47,-1,8.0,1
1,2,290,20,11,-10,0,4.0,8
1,2,0,0,-73,-81,0,2.0,-1
1,2,220,50,-22,-56,-1,8.0,-6
1,2,240,10,12,11,0,8.0,-1
1,2,170,10,23,23,0,9.0,1
1,2,200,60,52,46,7,8.0,5
1,2,200,40,55,52,-1,8.0,0
1,2,250,60,52,10,0,6.0,2
1,2,310,90,5,4,14,8.0,8
1,2,270,50,25,2,0,4.0,-8
1,2,270,20,-14,-16,0,3.0,-2
1,2,0,0,-2,-3,0,,-3
1,2,40,30,-43,-48,-1,8.0,-5
1,2,80,20,-38,-45,0,8.0,0
1,2,80,10,-57,-60,0,0.0,2
1,2,50,20,-59,-74,0,0.0,1
1,2,50,20,-27,-68,0,8.0,-3
1,2,150,10,-72,-77,0,0.0,6
1,2,290,10,6,-8,0,8.0,0
1,2,240,30,8,7,0,9.0,-2
1,2,240,10,-8,-19,0,8.0,-1
1,2,110,20,-42,-63,0,0.0,-9
1,2,100,20,-37,-61,0,0.0,-7
1,2,130,30,31,-28,0,8.0,-16
1,2,180,40,45,37,0,8.0,-6
1,2,170,50,53,45,4,8.0,0
1,2,300,10,26,18,0,8.0,1
1,2,230,120,74,47,2,8.0,-3
1,2,230,50,55,48,2,8.0,0
1,2,200,100,107,96,35,8.0,6
1,2,240,80,73,37,0,7.0,-4
1,2,210,70,81,47,-1,8.0,-11
1,2,210,30,27,17,0,8.0,4
1,2,40,80,33,8,0,8.0,-1
1,2,60,60,15,-15,0,8.0,2
1,2,70,60,28,6,0,8.0,0
1,2,170,30,69,55,0,8.0,4
1,2,120,10,59,56,0,8.0,-1
1,2,350,20,56,51,0,8.0,-1
1,2,110,20,38,35,0,9.0,4
1,2,80,40,51,3,0,8.0,-1
1,2,170,30,13,-2,0,8.0,11
1,2,230,60,60,44,0,8.0,1
1,2,250,80,31,3,-1,8.0,-7
1,2,190,60,42,26,4,8.0,-5
1,2,240,30,29,22,2,8.0,-2
1,2,200,50,16,5,0,5.0,-3
1,2,250,30,10,6,0,0.0,-3
1,2,160,40,25,21,2,8.0,4
1,2,230,30,69,44,0,8.0,-3
1,2,210,50,119,104,0,8.0,0
1,2,220,60,76,64,1,8.0,0
1,2,200,20,45,41,0,8.0,0
1,2,200,20,21,18,0,4.0,-3
1,2,220,80,65,58,-1,8.0,2
1,2,230,80,103,85,0,8.0,1
1,2,220,30,8,3,0,6.0,10
1,2,200,60,85,83,5,8.0,8
1,2,240,40,74,65,-1,8.0,-1
1,2,310,30,38,-3,0,2.0,4
1,2,310,20,41,14,0,8.0,-1
1,2,330,10,27,23,-1,8.0,4
1,2,270,30,56,47,-1,8.0,-1
1,2,280,30,51,42,0,8.0,2
1,2,230,20,41,32,0,8.0,-10
1,2,270,50,70,37,0,1.0,-5
1,2,320,50,44,13,-1,7.0,-9
1,2,320,20,-7,-20,0,8.0,4
1,2,220,40,25,22,2,8.0,1
1,2,260,30,58,53,1,8.0,0
1,2,250,40,75,71,3,8.0,3
1,2,290,60,76,44,0,8.0,-7
1,2,230,40,17,12,0,6.0,-6
1,2,220,80,65,52,0,8.0,-3
1,2,230,30,40,36,0,8.0,8
1,2,260,20,-17,-23,0,0.0,-7
1,2,130,20,-24,-27,0,8.0,-2
1,2,100,30,-22,-56,0,3.0,-3
1,2,330,10,-76,-83,0,0.0,2
1,2,160,30,-43,-65,0,8.0,4
1,2,130,30,-14,-34,0,5.0,-10
1,2,40,20,-23,-54,0,8.0,-1
1,2,0,0,-14,-32,0,8.0,0
1,2,230,50,59,56,0,8.0,5
1,2,200,60,69,59,2,8.0,1
1,2,240,90,21,11,23,8.0,7
1,2,240,30,5,-1,0,4.0,4
1,2,110,30,6,-27,0,8.0,1
1,2,200,30,-15,-22,0,7.0,-4
1,2,120,20,29,18,0,8.0,-4
1,2,210,20,11,9,0,9.0,1
1,2,190,50,82,61,0,8.0,4
1,2,230,40,35,26,0,8.0,-11
1,2,230,30,65,58,0,8.0,-2
1,2,200,30,58,52,1,8.0,2
1,2,230,40,57,51,0,8.0,5
1,2,200,50,86,66,0,8.0,0
1,2,180,40,110,104,-1,8.0,1
1,2,230,30,81,67,10,8.0,-3
1,2,200,30,41,38,0,8.0,3
1,2,190,50,46,15,0,8.0,2
1,2,220,50,75,59,0,8.0,-1
1,2,190,90,105,75,2,8.0,-3
1,2,200,80,114,69,0,2.0,1
1,2,190,30,48,39,0,0.0,-7
1,2,150,30,80,40,0,8.0,1
1,2,210,50,36,18,0,3.0,-5
1,2,270,20,7,-3,-1,3.0,-5
1,2,310,10,-18,-20,0,9.0,1
1,2,180,20,-4,-6,0,9.0,-2
1,2,200,10,-13,-15,0,9.0,1
1,2,130,10,41,38,0,8.0,0
1,2,220,20,13,11,0,9.0,-2
1,2,170,20,9,4,0,8.0,-1
1,2,110,30,20,18,0,9.0,-4
1,2,190,60,77,63,2,8.0,2
1,2,220,60,59,47,6,8.0,-6
1,2,220,60,34,20,0,8.0,1
1,2,220,70,58,37,0,7.0,-1
1,2,250,70,116,92,-1,8.0,-3
1,2,240,26,38,17,0,7.0,-4
1,2,200,118,61,43,26,8.0,-3
1,2,280,41,78,54,1,7.0,5
1,2,240,46,83,63,-1,8.0,-7
1,2,230,57,30,11,0,1.0,0
1,2,230,103,47,8,0,4.0,1
1,2,210,51,51,28,0,7.0,5
1,2,230,62,65,38,-1,,0
1,2,220,113,85,54,8,,-10
1,2,200,103,100,81,5,,5
1,2,200,62,75,56,-1,,2
1,2,230,57,34,13,0,0.0,0
1,2,310,21,7,3,0,2.0,0
1,2,20,15,-18,-24,0,0.0,0
1,2,80,72,-13,-92,0,0.0,-1
1,2,90,51,-30,-88,0,0.0,0
1,2,140,26,-46,-87,0,0.0,0
1,2,120,5,-31,-44,0,0.0,-1
1,2,160,31,-19,-41,0,2.0,2
1,2,200,26,-15,-18,0,0.0,0
1,2,240,46,44,38,1,8.0,2
1,2,30,36,38,26,-1,8.0,-3
1,2,90,36,0,-6,0,8.0,-3
1,2,90,15,-11,-18,-1,8.0,-1
1,2,60,10,-25,-32,0,0.0,-6
1,2,80,21,11,-5,0,8.0,2
1,2,990,5,20,-9,0,8.0,-2
1,2,70,21,29,8,0,8.0,-1
1,2,90,26,-40,-45,0,0.0,-1
1,2,90,31,-29,-45,0,1.0,-4
1,2,120,26,-34,-51,0,2.0,-9
1,2,230,51,35,26,-1,8.0,1
1,2,230,82,63,45,0,8.0,-2
1,2,210,62,48,20,0,8.0,-5
1,2,220,82,73,46,0,8.0,3
1,2,230,36,56,47,0,2.0,-3
1,2,250,67,101,92,6,8.0,0
1,2,210,31,29,22,0,0.0,-5
1,2,180,41,25,2,0,2.0,3
1,2,190,41,96,70,0,8.0,1
1,2,50,41,40,25,0,8.0,1
1,2,30,15,-17,-27,0,0.0,-7
1,2,290,5,-16,-17,0,9.0,3
1,2,990,5,19,19,0,8.0,1
1,2,260,31,41,20,-1,8.0,2
1,2,310,15,52,48,1,8.0,1
1,2,300,5,55,23,0,8.0,-3
1,2,280,26,58,44,0,7.0,0
1,2,260,15,32,1,0,5.0,1
1,2,250,36,44,38,0,7.0,2
1,2,360,41,50,46,-1,8.0,-4
1,2,70,41,-44,-70,0,0.0,-1
1,2,70,46,-54,-100,0,0.0,0
1,2,60,10,-63,-75,0,0.0,-6
1,2,990,5,-70,-75,0,0.0,-8
1,2,60,5,-81,-85,0,3.0,3
1,2,200,5,-26,-27,0,8.0,3
1,2,330,10,-5,-9,0,0.0,5
1,2,80,31,-19,-20,0,8.0,-4
1,2,60,21,-21,-24,0,0.0,-3
1,2,60,21,6,3,0,8.0,-1
1,2,70,26,-4,-7,0,8.0,0
1,2,100,5,-87,-92,0,0.0,-3
1,2,100,26,-62,-79,0,0.0,2
1,2,110,31,-80,-115,0,0.0,0
1,2,130,31,-83,-107,0,0.0,-8
1,2,180,36,-19,-68,0,8.0,-2
1,2,210,77,56,56,-1,8.0,5
1,2,290,31,73,73,-1,8.0,-4
1,2,240,67,96,84,1,7.0,-1
1,2,170,31,4,-5,0,3.0,4
1,2,240,36,97,86,-1,8.0,-1
1,2,210,98,112,84,0,8.0,0
1,2,220,82,75,53,1,8.0,-5
1,2,210,67,53,12,0,4.0,-4
1,2,250,72,86,42,0,6.0,-2
1,2,150,41,32,14,0,4.0,3
1,2,240,82,109,65,0,6.0,-1
1,2,200,67,101,57,0,3.0,-3
1,2,240,36,63,33,0,7.0,1
1,2,190,46,39,23,0,4.0,-2
1,2,220,108,93,76,9,8.0,0
1,2,250,72,108,80,0,8.0,-7
1,2,240,129,118,99,-1,8.0,-5
1,2,250,72,64,21,0,1.0,2
1,2,230,159,122,69,0,8.0,-22
1,2,280,87,46,4,1,4.0,1
1,2,240,41,-5,-19,0,1.0,6
1,2,280,41,49,40,0,7.0,1
1,2,200,5,27,14,0,8.0,5
1,2,250,36,82,78,-1,8.0,1
1,2,80,41,4,-17,0,8.0,1
1,2,110,21,-28,-33,0,0.0,11
1,2,230,36,18,15,0,1.0,-8
1,2,150,41,20,11,0,7.0,2
1,2,240,41,45,41,0,2.0,2
1,2,220,87,59,37,0,1.0,0
1,2,240,57,53,41,0,7.0,-2
1,2,140,31,54,44,0,7.0,-1
1,2,200,46,57,42,0,8.0,-3
1,2,210,31,30,23,0,1.0,-12
1,2,130,21,-6,-9,0,3.0,-2
1,2,120,46,18,14,0,5.0,7
1,2,150,26,30,24,0,7.0,-1
1,2,200,57,63,53,-1,8.0,3
1,2,230,103,113,108,10,6.0,2
1,2,230,87,79,43,0,5.0,-5
1,2,240,51,62,39,0,7.0,-2
1,2,20,5,28,25,-1,7.0,-1
1,2,330,15,-27,-28,0,0.0,-1
1,2,220,57,-7,-7,0,8.0,3
1,2,210,82,17,-7,0,8.0,-1
1,2,230,31,13,13,0,8.0,-7
1,2,220,41,37,36,0,8.0,0
1,2,220,51,52,48,0,8.0,2
1,2,210,57,84,81,0,8.0,4
1,2,240,41,29,8,0,4.0,-11
1,2,200,36,52,52,0,8.0,4
1,2,260,87,70,34,-1,6.0,-2
1,2,220,87,76,54,0,8.0,0
1,2,270,108,53,12,-1,7.0,0
1,2,250,36,3,-14,0,2.0,9
1,2,230,87,71,67,1,8.0,-1
1,2,270,41,52,20,0,6.0,-3
1,2,260,31,16,13,0,0.0,-11
1,2,260,51,17,-1,0,2.0,-1
1,2,310,21,19,9,0,7.0,-2
1,2,110,15,-47,-47,0,0.0,-7
1,2,120,21,-70,-75,0,0.0,8
1,2,140,46,-43,-69,0,8.0,2
1,2,40,21,-16,-16,0,8.0,-1
1,2,180,31,-35,-42,0,7.0,2
1,2,290,21,22,22,0,3.0,-1
1,2,280,72,68,43,4,2.0,2
1,2,300,10,24,24,0,8.0,4
1,2,260,41,17,10,0,3.0,3
1,2,280,26,2,-9,0,5.0,6
1,2,200,31,38,38,-1,8.0,0
1,2,220,51,65,65,1,8.0,1
1,2,180,31,61,61,0,8.0,-2
1,2,170,41,20,-8,0,1.0,-7
1,2,170,77,86,17,-1,8.0,0
1,2,150,21,19,13,0,4.0,8
1,2,170,82,86,32,-1,7.0,3
1,2,200,57,55,32,0,5.0,-1
1,2,190,62,76,70,13,7.0,9
1,2,220,62,66,44,-1,8.0,-4
1,2,240,98,53,35,5,8.0,-2
1,2,190,26,44,35,3,8.0,-1
1,2,220,51,118,92,0,7.0,1
1,2,280,51,25,-3,0,5.0,-4
1,2,210,93,69,68,15,8.0,8
1,2,220,72,67,60,1,8.0,1
1,2,310,46,66,52,0,7.0,-6
1,2,180,15,-16,-19,0,4.0,6
1,2,80,26,-1,-1,0,8.0,0
1,2,60,41,-12,-15,0,5.0,3
1,2,60,31,-24,-31,0,8.0,0
1,2,100,15,1,-5,0,8.0,5
1,2,120,46,-13,-45,0,8.0,3
1,2,100,46,-42,-76,0,1.0,-6
1,2,110,46,-5,-24,0,7.0,7
1,2,170,10,30,30,0,1.0,1
1,2,120,57,39,33,0,7.0,-1
1,2,120,31,52,46,0,7.0,-9
1,2,120,31,49,40,-1,7.0,-4
1,2,130,31,75,51,-1,8.0,3
1,2,150,21,60,54,0,3.0,1
1,2,110,26,21,21,0,0.0,2
1,2,120,31,6,2,0,0.0,0
1,2,120,15,-4,-4,0,1.0,0
1,2,150,26,15,15,0,8.0,-3
1,2,150,26,-7,-7,0,8.0,-2
1,2,110,26,-17,-17,0,8.0,2
1,2,100,46,-16,-24,0,8.0,-1
1,2,100,57,-2,-48,0,8.0,-5
1,2,90,51,-6,-36,0,7.0,-8
1,2,80,67,-44,-72,0,0.0,-3
1,2,80,72,-30,-61,0,8.0,1
1,2,70,98,-61,-120,0,8.0,-5
1,2,70,93,-81,-151,0,8.0,-2
1,2,80,51,-74,-93,-1,8.0,3
1,2,60,51,-63,-89,0,7.0,-2
1,2,80,72,-39,-80,0,8.0,-5
1,2,70,31,-52,-59,0,0.0,17
1,2,70,46,-58,-79,0,0.0,-14
1,2,50,50,-134,-162,0,0.0,-8
1,2,50,20,-174,-190,0,0.0,0
1,2,50,40,-118,-137,0,0.0,9
1,2,60,70,-51,-71,0,8.0,2
1,2,40,40,-38,-67,0,7.0,-6
1,2,40,20,-40,-52,0,8.0,-4
1,2,40,40,-67,-83,0,8.0,7
1,2,70,30,-112,-124,0,0.0,-5
1,2,60,30,-82,-98,0,8.0,-1
1,2,60,20,-40,-58,0,8.0,6
1,2,130,20,-32,-61,0,8.0,-3
1,2,150,20,-72,-83,0,0.0,2
1,2,200,30,14,10,-1,8.0,0
1,2,100,20,-31,-42,0,2.0,8
1,2,150,10,-32,-50,0,0.0,-2
1,2,110,10,-48,-59,0,0.0,-3
1,2,110,20,-40,-55,0,0.0,9
1,2,220,40,56,34,0,8.0,-6
1,2,120,30,20,20,0,8.0,0
1,2,240,20,43,43,-1,8.0,2
1,2,80,10,8,8,0,7.0,4
1,2,90,40,5,-2,0,3.0,18
1,2,190,20,45,39,0,7.0,-9
1,2,30,10,19,18,0,8.0,1
1,2,90,10,-31,-33,0,6.0,-4
1,2,360,20,7,6,0,8.0,3
1,2,300,10,-14,-18,0,8.0,0
1,2,220,10,-20,-23,-1,7.0,5
1,2,330,10,25,25,0,8.0,-1
1,2,60,10,8,8,0,8.0,1
1,2,280,10,21,14,0,8.0,3
1,2,220,30,43,43,0,2.0,-3
1,2,190,80,59,49,6,8.0,2
1,2,230,70,58,43,0,2.0,1
1,2,220,90,57,22,0,4.0,9
1,2,240,130,65,26,-1,7.0,-4
1,2,280,80,60,21,0,2.0,-5
1,2,200,60,93,87,1,8.0,5
1,2,230,140,77,65,2,6.0,-1
1,2,220,60,96,75,0,7.0,-3
1,2,180,30,69,52,0,1.0,-13
1,2,150,10,13,13,0,2.0,-17
1,2,170,20,45,30,0,6.0,18
1,2,140,20,40,33,0,6.0,-13
1,2,170,60,97,62,0,1.0,-3
1,2,210,50,44,28,0,7.0,-3
1,2,210,40,75,72,0,3.0,-6
1,2,270,30,43,30,0,3.0,-6
1,2,200,50,46,26,0,8.0,-6
1,2,210,90,67,37,0,8.0,-3
1,2,290,40,18,12,0,7.0,2
1,2,350,30,14,-17,0,8.0,-4
1,2,130,20,-7,-48,0,7.0,2
1,2,40,50,-6,-15,0,6.0,2
1,2,990,10,7,3,-1,8.0,-2
1,2,30,70,17,-3,-1,8.0,1
1,2,40,30,-31,-46,0,0.0,0
1,2,20,10,-62,-64,0,0.0,-20
1,2,220,30,-22,-30,0,8.0,2
1,2,210,10,12,12,0,8.0,0
1,2,250,20,9,9,0,8.0,3
1,2,310,10,32,32,6,8.0,-1
1,2,110,40,41,17,0,7.0,-1
1,2,160,40,47,30,0,4.0,1
1,2,220,60,59,55,1,8.0,-1
1,2,200,50,63,45,0,7.0,-5
1,2,210,50,115,115,2,8.0,6
1,2,210,50,90,72,0,3.0,-1
1,2,220,100,103,67,-1,7.0,-4
1,2,210,90,67,63,16,8.0,4
1,2,20,20,32,32,0,,0
1,2,30,30,-10,-15,0,,-4
1,2,30,50,-20,-25,0,,1
1,2,270,30,-19,-30,0,,2
1,2,230,60,10,10,0,,7
1,2,260,40,48,48,11,,6
1,2,220,80,67,58,1,,8
1,2,200,120,78,63,2,,-4
1,2,140,40,52,51,5,,3
1,2,200,40,8,8,0,,4
1,2,190,70,60,33,0,,-1
1,2,200,60,89,60,0,,-1
1,2,170,20,70,55,2,,-3
1,2,360,20,66,66,-1,8.0,-4
1,2,350,10,22,22,0,9.0,3
1,2,200,60,39,35,0,8.0,4
1,2,200,70,92,84,0,8.0,1
1,2,250,40,54,31,0,5.0,-11
1,2,210,70,35,30,13,8.0,0
1,2,200,50,36,33,11,8.0,1
1,2,20,40,7,-24,0,3.0,0
1,2,990,10,-65,-66,0,,-8
1,2,320,20,-17,-59,0,,-2
1,2,200,30,46,44,0,8.0,0
1,2,210,20,55,55,0,,2
1,2,200,50,73,68,0,,-2
1,2,210,70,70,69,4,,0
1,2,230,30,15,4,0,,-8
1,2,190,40,43,38,0,,-9
1,2,220,30,61,61,0,,-1
1,2,200,70,56,33,0,,2
1,2,210,20,-3,-3,0,,9
1,2,270,10,-38,-38,0,,4
1,2,180,20,-13,-13,0,,-4
1,2,190,40,-5,-13,0,,-1
1,2,170,40,10,-10,0,,0
1,2,180,30,18,4,0,,-1
1,2,230,10,26,23,0,,-1
1,2,300,10,23,10,0,,2
1,2,290,40,55,44,0,,-4
1,2,300,50,65,59,0,,1
1,2,310,30,41,14,0,,-1
1,2,270,20,25,17,-1,,9
1,2,290,30,47,40,0,,-1
1,2,240,50,38,28,0,,1
1,2,300,40,38,27,-1,,0
1,2,990,10,-74,-86,0,,-4
1,2,230,10,-36,-60,0,,6
1,2,220,30,-25,-38,0,,9
1,2,240,50,9,-18,0,,-17
1,2,220,50,-21,-41,0,,-1
1,2,210,110,57,40,2,,-3
1,2,280,80,93,39,0,,-12
1,2,240,120,102,63,0,,-1
1,2,140,80,15,-27,0,,0
1,2,160,40,59,47,0,,3
1,2,200,70,90,60,-1,,-5
1,2,160,60,70,43,0,,-7
1,2,180,60,64,42,0,,1
1,2,240,20,69,66,2,,-1
1,2,200,50,40,27,0,,8
1,2,200,30,19,12,0,,-12
1,2,240,40,39,35,0,,5
1,2,80,30,-5,-7,0,,4
1,2,60,80,27,12,0,,0
1,2,50,20,-32,-52,0,,2
1,2,40,30,-23,-30,0,,3
1,2,40,40,-22,-40,0,,-13
1,2,70,50,-43,-56,0,,-1
1,2,80,30,-70,-82,0,,12
1,2,990,10,-78,-87,0,,-8
1,2,80,10,-65,-74,0,,-9
1,2,300,10,5,2,0,,0
1,2,180,10,-15,-15,0,,-10
1,2,170,20,-9,-10,0,,0
1,2,110,40,8,5,10,,0
1,2,140,30,52,45,0,,6
1,2,190,90,118,86,1,,-1
1,2,150,40,32,19,0,,8
1,2,170,30,31,24,0,,1
1,2,130,50,38,20,0,,3
1,2,230,40,11,4,0,,-4
1,2,990,10,20,15,0,,0
1,2,220,20,-20,-21,0,,15
1,2,70,30,0,0,0,,2
1,2,240,40,-25,-26,0,,-9
1,2,250,50,-21,-22,0,,-6
1,2,80,50,2,1,0,,-8
1,2,100,40,-54,-93,0,,-2
1,2,150,20,-59,-97,0,,-4
1,2,230,20,-27,-42,0,,16
1,2,990,10,16,16,0,,4
1,2,60,20,19,17,0,,-1
1,2,120,10,-47,-48,0,,9
1,2,990,10,-37,-38,0,,-16
1,2,150,20,0,-9,0,,3
1,2,220,40,19,17,1,,0
1,2,140,10,-15,-19,0,,11
1,2,150,20,-3,-13,0,,4
1,2,160,50,19,3,0,,-1
1,2,150,10,36,36,3,,-2
1,2,200,50,27,20,0,,0
1,2,210,60,40,36,5,,-1
1,2,200,50,51,38,0,,1
1,2,220,60,42,37,0,,5
1,2,250,60,115,103,0,,-4
1,2,160,40,60,43,0,,-1
1,2,200,50,61,41,0,,-7
1,2,190,70,101,72,0,,5
1,2,270,40,36,13,0,,5
1,2,220,100,98,84,3,,4
1,2,250,60,103,99,42,,-1
1,2,230,90,124,111,0,,-2
1,2,230,80,82,56,0,,0
1,2,220,40,85,75,0,,0
1,2,210,70,100,88,5,,0
1,2,120,20,-5,-26,0,,0
1,2,240,60,104,98,7,,-1
1,2,260,70,85,64,0,,-3
1,2,40,40,9,-12,0,,-2
1,2,350,20,-52,-69,-1,,-4
1,2,260,40,-11,-14,1,,3
1,2,20,50,-38,-63,0,,-13
1,2,60,30,-53,-79,0,,-19
1,2,60,50,-88,-133,0,,-5
1,2,20,10,-91,-117,0,,13
1,2,30,20,-45,-74,0,,-4
1,2,220,30,-54,-69,0,,19
1,2,220,80,9,-13,0,,3
1,2,240,50,69,52,0,,0
1,2,220,70,61,26,0,,-1
1,2,240,50,49,39,0,,-2
1,2,200,60,42,29,0,,-3
1,2,220,70,32,21,1,,2
1,2,140,40,6,-6,0,,7
1,2,210,70,65,50,4,,2
1,2,180,60,75,59,0,,3
1,2,140,50,73,46,0,,-4
1,2,250,40,58,48,0,,-2
1,2,290,20,0,-8,0,,0
1,2,200,30,-4,-15,0,,4
1,2,220,40,-1,-3,0,,8
1,2,290,30,95,90,0,,-2
1,2,290,60,81,69,21,,-5
1,2,270,60,35,24,24,,-1
1,2,280,40,7,0,6,,1
1,2,350,20,-42,-73,0,,-2
1,2,120,30,-15,-23,0,,-1
1,2,90,40,2,-20,0,,-3
1,2,10,10,-40,-47,0,,10
1,2,190,40,-36,-50,-1,,4
1,2,250,30,40,31,0,,-4
1,2,200,50,43,40,2,,2
1,2,240,40,58,55,0,,-2
1,2,150,30,34,27,0,,-2
1,2,180,40,68,55,0,,-5
1,2,260,40,48,37,0,,-13
1,2,190,50,87,81,3,,4
1,2,240,70,52,30,0,,-9
1,2,200,70,57,46,0,,3
1,2,270,80,66,28,0,,-5
1,2,290,40,37,25,0,,5
1,2,200,100,55,39,10,,0
1,2,250,70,57,26,0,,0
1,2,20,60,37,17,0,,-3
1,2,230,70,19,-5,0,,-1
1,2,310,50,90,83,1,,-17
1,2,250,20,7,-7,0,,-2
1,2,170,20,-1,-38,0,,-1
1,2,170,40,8,-3,0,,1
1,2,150,20,1,-36,0,,1
1,2,240,30,12,7,0,,0
1,2,100,10,-24,-27,0,,10
1,2,20,20,-11,-23,0,,5
1,2,240,40,0,-8,0,,4
1,2,300,40,-8,-17,0,,-7
1,2,240,70,14,-10,0,,-5
1,2,200,70,27,-29,-1,,8
1,2,270,40,61,55,0,,-33
1,2,260,80,74,33,0,,-5
1,2,270,70,56,24,0,,0
1,2,240,70,85,60,0,,0
1,2,240,50,70,61,-1,,-2
1,2,270,70,85,66,-1,,-3
1,2,220,70,89,69,0,,6
1,2,210,100,111,71,0,,-3
1,2,230,60,47,21,0,,9
1,2,210,80,117,97,0,,1
1,2,240,60,90,85,7,,3
1,2,220,80,99,92,1,,-4
1,2,240,50,53,30,0,,-9
1,2,230,30,-6,-9,0,,0
1,2,130,10,-15,-15,0,,-7
1,2,140,30,-28,-38,0,,6
1,2,210,50,37,25,0,,6
1,2,200,70,73,66,4,,2
1,2,260,60,45,19,0,,2
1,2,240,70,81,75,-1,,16
1,2,290,70,81,37,0,,-13
1,2,280,50,34,5,0,,4
1,2,310,20,4,-5,0,,-6
1,2,340,30,-2,-10,1,,-1
1,2,330,20,-19,-27,0,,7
1,2,30,40,-28,-53,0,,4
1,2,230,10,-19,-27,0,,-1
1,2,230,20,-4,-4,0,,2
1,2,50,30,-8,-11,0,,-4
1,2,220,40,19,14,0,,2
1,2,260,30,52,49,0,,0
1,2,210,40,45,31,0,,-1
1,2,350,20,-5,-6,0,,2
1,2,300,10,-42,-46,0,,13
1,2,110,30,4,-1,0,,0
1,2,60,60,1,-15,0,,0
1,2,80,40,16,-2,0,,-2
1,2,70,50,16,4,0,,-1
1,2,70,30,15,2,0,,2
1,2,70,30,-29,-40,0,,-7
1,2,180,10,-18,-25,0,,-3
1,2,210,50,8,-8,0,,-4
1,2,190,20,39,38,0,,0
1,2,130,10,-2,-8,0,,-9
1,2,150,20,-19,-32,0,,-3
1,2,120,20,-28,-42,0,,-4
1,2,120,30,-47,-61,0,,1
1,2,170,40,38,23,0,,5
1,2,280,50,50,35,0,,-5
1,2,990,10,-14,-15,0,,7
1,2,210,50,84,82,1,,2
1,2,260,70,61,33,0,,0
1,2,360,10,26,3,0,,0
1,2,80,40,-38,-57,0,,-9
1,2,110,40,-44,-92,0,,-2
1,2,0,0,-56,-78,0,,-14
1,2,30,70,12,-25,0,,-4
1,2,50,50,-36,-87,0,,-10
1,2,50,30,-75,-104,0,,6
1,2,40,20,-54,-94,0,,-10
1,2,30,30,-23,-35,0,,5
1,2,50,40,19,1,0,,-2
1,2,260,80,103,66,1,,-6
1,2,270,60,48,32,5,,-9
1,2,240,30,27,24,0,,4
1,2,210,80,84,68,-1,,0
1,2,260,40,65,49,0,,-6
1,2,230,70,107,98,1,,-2
1,2,280,50,69,59,0,,5
1,2,190,70,82,55,0,,5
1,2,230,90,122,114,0,,6
1,2,220,80,123,90,0,,2
1,2,220,70,52,32,0,,5
1,2,270,80,87,43,0,,2
1,2,250,60,107,99,4,,-2
1,2,280,80,101,71,3,,-15
1,2,240,40,38,27,0,,5
1,2,200,50,50,35,0,,13
1,2,210,60,82,72,1,,3
1,2,210,40,78,68,-1,,3
1,2,270,80,85,61,3,,-5
1,2,230,80,125,110,-1,,4
1,2,220,90,62,40,0,,6
1,2,230,70,34,19,0,,-8
1,2,10,10,-48,-53,0,,-1
1,2,360,10,-52,-58,0,,-11
1,2,40,20,-27,-38,0,,6
1,2,230,30,-31,-49,0,,4
1,2,280,30,32,15,0,,-3
1,2,250,60,59,50,0,,3
1,2,270,40,74,67,-1,,3
1,2,280,30,70,67,0,,0
1,2,260,30,69,57,0,,-6
1,2,80,20,30,27,0,9.0,-6
1,2,90,40,-10,-13,0,3.0,-2
1,2,90,50,-3,-44,0,8.0,0
1,2,100,50,11,-18,0,8.0,10
1,2,150,50,54,34,2,8.0,10
1,2,250,20,43,38,0,7.0,-6
1,2,140,60,44,26,1,8.0,-1
1,2,230,50,36,13,0,0.0,-7
1,2,180,70,57,29,0,8.0,-1
1,2,190,60,45,22,0,1.0,3
1,2,200,70,95,70,2,8.0,1
1,2,170,60,80,48,-1,8.0,-6
1,2,190,50,34,15,0,0.0,1
1,2,140,50,17,-6,0,2.0,-1
1,2,190,70,77,51,-1,7.0,2
1,2,200,100,83,54,-1,7.0,-7
1,2,200,20,34,28,0,6.0,-4
1,2,250,80,83,63,1,7.0,0
1,2,250,90,124,106,-1,8.0,-6
1,2,240,90,117,103,2,8.0,-3
1,2,230,70,96,84,1,8.0,0
1,2,290,60,70,52,8,8.0,-33
1,2,170,30,14,-3,0,8.0,0
1,2,210,60,83,56,0,8.0,-1
1,2,240,40,14,-5,0,0.0,-13
1,2,230,70,51,38,0,3.0,0
1,2,260,70,75,52,0,8.0,1
1,2,230,30,70,59,0,8.0,0
1,2,240,20,59,35,0,8.0,-1
1,2,230,40,43,24,0,8.0,-3
1,2,200,40,1,-8,0,0.0,1
1,2,220,20,-41,-42,0,8.0,2
1,2,250,20,-8,-24,0,8.0,4
1,2,130,10,-90,-91,0,5.0,1
1,2,240,30,-2,-20,-1,8.0,6
1,2,220,40,0,-1,6,8.0,-1
1,2,50,40,-78,-103,0,0.0,-7
1,2,210,20,-112,-117,0,8.0,12
1,2,110,10,-31,-32,0,8.0,3
1,2,80,10,-122,-123,0,5.0,-4
1,2,80,10,-93,-97,0,0.0,-4
1,2,200,30,-83,-88,0,4.0,16
1,2,180,40,0,-57,0,1.0,-1
1,2,210,70,43,36,2,8.0,0
1,2,220,40,36,36,0,9.0,1
1,2,170,10,15,14,0,8.0,1
1,2,100,30,-5,-16,0,0.0,4
1,2,200,40,34,26,0,8.0,2
1,2,160,70,67,45,0,6.0,4
1,2,190,50,25,11,0,0.0,0
1,2,220,60,42,14,0,8.0,-12
1,2,160,20,5,0,0,1.0,-1
1,2,170,30,16,-1,0,8.0,0
1,2,130,40,40,35,9,8.0,-6
1,2,230,60,35,19,0,8.0,-1
1,2,200,30,0,-3,0,0.0,0
1,2,120,30,0,-9,0,0.0,-1
1,2,60,30,-20,-23,0,0.0,-3
1,2,80,10,-56,-57,0,0.0,-13
1,2,100,20,-45,-46,0,1.0,1
1,2,110,30,-17,-33,0,4.0,-2
1,2,90,50,-22,-37,0,0.0,-8
1,2,30,50,-7,-25,0,8.0,-1
1,2,240,10,-57,-63,0,7.0,17
1,2,20,20,0,-2,8,8.0,-25
1,2,270,10,-88,-91,0,1.0,-12
1,2,190,30,-18,-22,0,8.0,1
1,2,990,10,-87,-89,0,9.0,2
1,2,240,10,-38,-45,-1,8.0,-1
1,2,120,10,-87,-88,0,6.0,12
1,2,30,70,-29,-52,0,8.0,-6
1,2,30,40,-7,-31,0,8.0,0
1,2,40,20,-12,-28,0,8.0,0
1,2,10,10,-7,-13,-1,8.0,-1
1,2,80,50,-47,-69,0,5.0,-1
1,2,130,20,0,-7,0,8.0,1
1,2,120,20,17,-3,0,8.0,-1
1,2,130,30,12,6,0,8.0,-1
1,2,150,20,14,13,0,8.0,-3
1,2,240,40,41,36,0,7.0,-5
1,2,250,30,52,49,6,8.0,0
1,2,80,30,30,29,0,8.0,0
1,2,100,30,29,3,0,8.0,0
1,2,100,20,23,12,0,8.0,-1
1,2,140,30,27,7,0,8.0,-2
1,2,110,30,-1,-18,-1,8.0,0
1,2,30,20,0,-8,0,8.0,-2
1,2,40,30,-72,-91,0,6.0,-5
1,2,40,10,-103,-123,0,1.0,-4
1,2,330,60,26,10,4,8.0,-3
1,2,220,40,14,9,0,8.0,3
1,2,230,50,-5,-8,8,8.0,5
1,2,270,20,-2,-4,2,7.0,2
1,2,240,30,13,13,0,2.0,1
1,2,290,20,5,-1,0,8.0,-5
1,2,270,20,-16,-19,0,0.0,-21
1,2,220,30,1,0,0,8.0,-4
1,2,190,40,-17,-51,0,8.0,-3
1,2,190,40,33,28,8,8.0,2
1,2,210,10,30,27,0,8.0,-7
1,2,170,20,78,74,7,8.0,8
1,2,230,30,51,41,-1,8.0,-4
1,2,210,30,-31,-32,0,0.0,-3
1,2,150,40,-12,-26,0,0.0,4
1,2,280,40,50,20,0,8.0,-2
1,2,250,30,94,93,15,8.0,3
1,2,250,60,121,116,30,8.0,2
1,2,250,60,92,70,0,8.0,-2
1,2,200,60,83,60,0,8.0,0
1,2,200,30,54,44,0,1.0,0
1,2,270,10,65,53,0,8.0,-6
1,2,290,20,37,19,0,8.0,-1
1,2,310,20,17,14,0,3.0,-4
1,2,40,20,-17,-28,0,8.0,0
1,2,310,20,28,27,-1,8.0,0
1,2,340,30,22,9,0,8.0,-7
1,2,330,10,38,27,0,8.0,-1
1,2,240,50,39,27,0,7.0,2
1,2,190,10,-14,-15,0,7.0,1
1,2,30,20,0,-9,0,8.0,2
1,2,50,60,-32,-56,0,0.0,-3
1,2,30,20,-44,-50,0,0.0,-1
1,2,50,20,-71,-78,0,0.0,7
1,2,40,20,-20,-33,0,8.0,-2
1,2,220,60,108,104,2,8.0,3
1,2,230,50,97,89,-1,8.0,0
1,2,200,70,42,24,0,7.0,1
1,2,230,80,48,14,0,0.0,6
1,2,250,110,80,68,12,8.0,0
1,2,300,50,52,21,0,2.0,4
1,2,220,70,48,41,1,8.0,6
1,2,270,40,70,43,0,8.0,-1
1,2,230,30,54,47,-1,8.0,5
1,2,260,20,67,56,0,6.0,-16
1,2,240,40,84,66,0,8.0,-2
1,2,230,60,83,71,0,8.0,-2
1,2,250,40,33,16,0,0.0,0
1,2,290,30,44,4,0,7.0,-5
1,2,360,10,14,7,0,8.0,0
1,2,90,30,-24,-33,0,0.0,-3
1,2,100,10,-42,-43,0,0.0,4
1,2,210,20,-26,-50,0,0.0,-8
1,2,210,50,56,53,6,8.0,3
1,2,270,60,45,20,0,4.0,3
1,2,220,40,35,30,1,8.0,4
1,2,270,70,63,19,0,7.0,-8
1,2,240,40,40,32,0,3.0,-3
1,2,250,20,2,-6,0,1.0,-3
1,2,120,20,27,22,0,8.0,-3
1,2,130,30,34,24,0,8.0,0
1,2,190,30,31,28,0,2.0,-7
1,2,140,20,24,13,0,8.0,-2
1,2,40,30,5,-17,0,8.0,-4
1,2,40,20,-24,-27,1,8.0,-1
1,2,60,50,-19,-43,0,8.0,-3
1,2,210,80,80,69,16,8.0,0
1,2,240,40,45,34,-1,7.0,-2
1,2,230,70,74,68,-1,8.0,2
1,2,260,50,99,92,0,8.0,-1
1,2,280,30,79,73,0,8.0,-1
1,2,220,40,75,71,0,8.0,4
1,2,270,20,79,73,0,8.0,0
1,2,240,40,63,48,0,8.0,-1
1,2,210,50,59,43,0,8.0,-5
1,2,250,20,49,40,0,8.0,0
1,2,60,40,-13,-29,0,0.0,-5
1,2,100,10,-28,-34,0,8.0,10
1,2,60,40,-44,-60,0,0.0,-1
1,2,10,20,-22,-34,-1,8.0,-2
1,2,100,60,-35,-40,15,8.0,2
1,2,320,20,-66,-76,0,7.0,-4
1,2,30,20,-57,-64,0,8.0,-3
1,2,70,20,-26,-36,0,8.0,1
1,2,70,70,-28,-53,0,8.0,-2
1,2,70,80,-57,-85,0,8.0,2
1,2,150,20,-13,-15,1,8.0,-4
1,2,70,30,-30,-44,0,8.0,0
1,2,20,20,-97,-107,0,0.0,-5
1,2,50,50,-37,-64,0,8.0,-2
1,2,10,10,-39,-60,0,8.0,-9
1,2,150,30,-46,-69,0,8.0,1
1,2,190,50,15,3,0,8.0,5
1,2,210,50,23,14,0,0.0,-6
1,2,220,90,81,74,8,8.0,7
1,2,220,110,129,102,0,8.0,2
1,2,250,80,71,32,0,1.0,1
1,2,200,60,61,48,0,8.0,3
1,2,180,70,101,66,0,8.0,1
1,2,170,50,73,51,0,7.0,5
1,2,180,50,72,23,0,0.0,-8
1,2,240,50,74,66,3,8.0,-2
1,2,180,60,84,49,0,8.0,5
1,2,210,80,106,68,0,6.0,-2
1,2,190,50,98,76,-1,8.0,-3
1,2,190,60,104,80,0,7.0,-2
1,2,230,50,43,28,0,2.0,-12
1,2,220,40,37,25,0,8.0,-1
1,2,230,20,-9,-11,0,0.0,-2
1,2,160,30,17,-7,0,1.0,11
1,2,150,30,30,21,0,0.0,-5
1,2,210,30,38,27,0,8.0,-8
1,2,160,30,66,55,0,8.0,2
1,2,180,60,69,44,0,3.0,-7
1,2,180,40,77,43,-1,8.0,-5
1,2,100,40,55,25,0,8.0,-4
1,2,20,20,47,37,0,7.0,-1
1,2,360,10,18,15,0,8.0,0
1,2,190,20,35,17,0,8.0,-4
1,2,150,20,-3,-16,0,2.0,-1
1,2,270,20,29,21,-1,7.0,5
1,2,100,20,22,19,0,4.0,4
1,2,300,60,58,27,1,7.0,-5
1,2,240,50,39,26,4,7.0,-2
1,2,170,40,39,17,0,6.0,3
1,2,90,40,7,-11,0,0.0,-3
1,2,80,40,-2,-24,0,8.0,2
1,2,50,20,-3,-17,0,6.0,-11
1,2,220,30,-12,-14,0,0.0,14
1,2,220,100,43,10,1,8.0,3
1,2,220,50,25,5,0,8.0,2
1,2,250,30,11,7,0,7.0,7
1,2,230,50,7,4,0,8.0,-15
1,2,190,20,26,0,0,8.0,-3
1,2,230,30,24,21,0,1.0,10
1,2,200,70,43,31,2,8.0,3
1,2,230,70,59,47,0,8.0,7
1,2,250,110,137,106,0,8.0,-2
1,2,240,40,24,-7,0,1.0,1
1,2,230,80,63,42,0,8.0,5
1,2,210,90,96,80,4,8.0,11
1,2,230,60,41,25,11,7.0,-2
1,2,180,90,70,39,-1,8.0,-3
1,2,220,90,59,19,0,0.0,-7
1,2,250,30,21,15,0,2.0,-12
1,2,200,50,24,0,0,8.0,2
1,2,190,10,14,10,1,8.0,1
1,2,280,10,1,-6,0,8.0,-1
1,2,110,20,-13,-28,0,8.0,3
1,2,40,20,-25,-42,0,0.0,-4
1,2,10,20,-30,-37,0,6.0,12
1,2,200,60,-10,-25,0,8.0,2
1,2,240,30,-11,-13,0,0.0,-3
1,2,190,40,33,29,0,8.0,1
1,2,270,30,25,7,0,2.0,1
1,2,210,40,40,33,0,8.0,0
1,2,220,80,13,-17,0,1.0,3
1,2,270,40,5,-4,1,6.0,0
1,2,230,40,8,3,0,7.0,-2
1,2,210,40,67,41,0,8.0,-9
1,2,110,60,57,27,0,8.0,-2
1,2,140,50,65,60,10,8.0,2
1,2,150,50,45,32,9,8.0,-5
1,2,160,30,69,53,-1,7.0,-1
1,2,90,20,51,44,0,8.0,7
1,2,140,30,54,45,0,8.0,2
1,2,230,70,43,12,-1,0.0,-4
1,2,180,20,23,10,0,8.0,9
1,2,160,40,66,45,1,8.0,8
1,2,190,40,35,25,0,3.0,-4
1,2,240,50,52,41,1,8.0,2
1,2,270,70,62,48,6,8.0,2
1,2,170,40,19,5,0,7.0,-1
1,2,280,40,28,10,0,8.0,1
1,2,240,30,-27,-29,0,0.0,33
1,2,260,20,-6,-15,0,1.0,2
1,2,170,10,-65,-68,0,0.0,-1
1,2,110,10,-63,-70,0,4.0,-2
1,2,220,40,-9,-42,0,8.0,0
1,2,120,20,-6,-8,0,9.0,-1
1,2,120,20,-33,-41,0,0.0,7
1,2,240,40,58,55,0,8.0,8
1,2,200,40,43,30,0,8.0,2
1,2,230,30,58,56,0,3.0,9
1,2,240,40,93,77,0,6.0,7
1,2,220,100,104,71,0,8.0,4
1,2,280,30,78,65,10,8.0,4
1,2,210,70,49,11,0,7.0,5
1,2,210,100,87,73,3,8.0,0
1,2,230,50,26,4,0,4.0,5
1,2,200,50,-11,-12,0,9.0,0
1,2,260,30,5,1,3,8.0,1
1,2,240,30,-5,-9,0,7.0,5
1,2,260,60,57,47,1,8.0,2
1,2,290,30,20,-5,0,8.0,4
1,2,70,10,-77,-87,0,2.0,3
1,2,210,40,-19,-63,0,8.0,-5
1,2,260,20,9,8,0,9.0,15
1,2,160,20,28,26,0,9.0,-4
1,2,180,50,49,41,19,8.0,2
1,2,220,30,55,49,0,8.0,1
1,2,260,60,58,7,0,8.0,-5
1,2,310,70,4,1,9,8.0,5
1,2,290,40,33,-13,0,1.0,-6
1,2,270,30,-4,-12,0,0.0,-3
1,2,270,10,-4,-4,0,9.0,-1
1,2,70,20,-43,-53,0,8.0,-3
1,2,90,40,-37,-48,0,8.0,1
1,2,80,20,-54,-64,0,5.0,5
1,2,50,10,-54,-68,0,0.0,14
1,2,60,30,-19,-46,0,8.0,-4
1,2,0,0,-67,-69,0,0.0,1
1,2,300,10,-16,-25,0,7.0,-3
1,2,220,10,7,7,0,9.0,0
1,2,330,10,-2,-13,0,8.0,-2
1,2,100,30,-46,-69,0,0.0,-6
1,2,100,20,-44,-68,0,0.0,2
1,2,120,30,27,-36,0,8.0,-10
1,2,200,40,45,35,0,8.0,2
1,2,150,50,47,36,5,8.0,4
1,2,350,20,30,8,0,8.0,-1
1,2,220,120,84,40,-1,8.0,-11
1,2,230,40,47,42,0,7.0,4
1,2,190,100,99,91,15,8.0,10
1,2,250,80,77,39,0,7.0,-7
1,2,220,80,75,41,0,8.0,1
1,2,210,30,29,21,0,8.0,5
1,2,40,70,30,5,0,8.0,-5
1,2,60,80,7,-20,0,8.0,-1
1,2,60,50,9,-2,0,8.0,2
1,2,140,20,70,51,0,8.0,-1
1,2,170,10,60,57,0,8.0,-10
1,2,340,20,48,46,0,8.0,-1
1,2,110,20,40,38,0,9.0,2
1,2,70,50,38,11,0,,1
1,2,170,30,11,-6,0,,8
1,2,230,50,50,31,-1,8.0,8
1,2,240,40,27,14,8,7.0,4
1,2,190,60,40,13,-1,8.0,-1
1,2,240,30,24,18,-1,8.0,6
1,2,200,40,11,2,-1,3.0,4
1,2,270,30,19,14,-1,2.0,-5
1,2,150,40,23,19,2,8.0,3
1,2,230,30,63,45,0,8.0,4
1,2,220,60,115,103,-1,8.0,-3
1,2,220,70,78,66,1,8.0,-1
1,2,200,20,42,40,0,8.0,-3
1,2,180,10,15,12,0,5.0,9
1,2,220,80,66,59,1,8.0,1
1,2,230,90,105,85,0,8.0,-1
1,2,240,30,20,18,0,3.0,-10
1,2,190,40,76,72,1,8.0,11
1,2,240,50,75,62,0,8.0,-1
1,2,300,40,49,-5,0,6.0,4
1,2,300,20,43,14,0,8.0,-3
1,2,310,10,37,23,0,8.0,-1
1,2,270,30,57,49,-1,8.0,2
1,2,290,30,54,37,0,8.0,-1
1,2,240,20,23,20,0,0.0,-22
1,2,270,50,72,37,0,1.0,-1
1,2,290,30,36,13,0,6.0,4
1,2,330,10,-6,-17,0,8.0,-8
1,2,220,50,25,22,2,8.0,2
1,2,260,30,59,53,-1,8.0,-5
1,2,240,40,74,72,1,8.0,5
1,2,300,60,68,40,4,8.0,-8
1,2,240,30,13,9,0,8.0,-3
1,2,220,70,69,53,0,8.0,-5
1,2,240,30,41,34,0,8.0,-1
1,2,280,20,-3,-12,0,0.0,-4
1,2,110,10,-36,-39,0,8.0,-13
1,2,90,30,-53,-76,0,7.0,4
1,2,330,10,-71,-77,0,0.0,-4
1,2,170,20,-46,-66,0,7.0,3
1,2,120,30,-17,-28,0,8.0,-16
1,2,350,10,-27,-59,0,8.0,-2
1,2,0,0,-29,-47,0,8.0,0
1,2,230,50,60,57,0,8.0,7
1,2,200,80,69,59,-1,8.0,1
1,2,230,100,18,11,7,8.0,9
1,2,240,30,4,-3,0,3.0,-11
1,2,90,30,-3,-26,0,8.0,-2
1,2,210,30,-32,-33,0,5.0,13
1,2,60,30,-14,-14,0,9.0,5
1,2,220,50,1,1,0,8.0,4
1,2,200,60,81,61,0,8.0,2
1,2,240,40,25,18,0,8.0,-2
1,2,230,20,60,58,0,8.0,1
1,2,200,30,61,48,0,8.0,-2
1,2,230,50,56,52,0,8.0,3
1,2,200,70,85,67,0,8.0,4
1,2,180,40,104,102,1,8.0,6
1,2,260,40,85,70,14,8.0,-5
1,2,210,20,16,13,0,7.0,2
1,2,200,60,43,16,0,8.0,2
1,2,220,40,77,63,0,8.0,-3
1,2,190,90,105,74,-1,8.0,-1
1,2,200,90,112,70,0,8.0,-1
1,2,210,30,38,32,0,0.0,4
1,2,160,30,84,45,0,8.0,0
1,2,220,50,38,23,0,0.0,-3
1,2,260,20,14,7,0,0.0,3
1,2,320,10,8,5,0,0.0,-17
1,2,170,10,-4,-4,0,9.0,-3
1,2,210,20,-6,-6,0,9.0,-2
1,2,140,20,41,41,0,9.0,-2
1,2,130,10,16,14,0,8.0,-3
1,2,180,30,7,3,0,8.0,-2
1,2,140,30,21,21,0,9.0,-6
1,2,200,70,80,60,1,8.0,0
1,2,240,100,63,45,13,8.0,-3
1,2,220,70,35,22,0,7.0,4
1,2,220,70,53,37,0,7.0,6
1,2,260,70,115,95,-1,8.0,-2
