MM,HH,DD,FF,T,TD,RH,N,TC
2,21,990,5,-64,-75,0,0.0,-5
2,21,70,10,-51,-78,0,0.0,-2
2,21,40,26,-48,-69,0,0.0,-10
2,21,60,36,-46,-82,0,3.0,-7
2,21,360,67,-12,-18,-1,8.0,0
2,21,70,82,-116,-161,0,0.0,-3
2,21,80,98,-56,-97,0,3.0,-3
2,21,110,41,-93,-136,0,0.0,14
2,21,120,26,-45,-73,0,7.0,3
2,21,210,57,-42,-60,-1,8.0,-2
2,21,220,41,-13,-14,2,8.0,3
2,21,270,21,-23,-24,0,8.0,-5
2,21,270,21,-41,-41,-1,4.0,4
2,21,260,57,1,1,-1,8.0,0
2,21,270,51,14,14,8,8.0,1
2,21,70,31,-13,-30,0,3.0,-6
2,21,70,15,-27,-38,0,1.0,-6
2,21,990,15,-18,-29,0,1.0,-7
2,21,180,21,17,1,0,5.0,-3
2,21,260,21,-1,-1,0,9.0,-1
2,21,170,62,76,33,0,7.0,-2
2,21,190,77,62,19,0,5.0,3
2,21,210,77,88,64,0,8.0,-1
2,21,200,36,62,42,0,4.0,10
2,21,60,31,72,72,0,8.0,1
2,21,60,5,62,55,0,5.0,-15
2,21,80,41,41,20,0,4.0,-6
2,21,990,10,47,47,0,8.0,3
2,21,990,5,-26,-26,0,9.0,-1
2,21,240,57,-15,-15,0,9.0,2
2,21,240,51,27,11,0,1.0,-3
2,21,250,26,9,9,0,9.0,1
2,21,260,51,58,54,0,8.0,-1
2,21,210,36,65,55,0,8.0,-4
2,21,180,21,36,21,0,0.0,-6
2,21,190,36,38,7,0,0.0,-6
2,21,210,93,79,59,-1,8.0,-3
2,21,220,72,64,41,0,7.0,-1
2,21,210,36,85,84,2,8.0,2
2,21,190,72,122,96,0,7.0,4
2,21,240,62,54,45,0,6.0,-5
2,21,210,108,77,52,-1,8.0,1
2,21,240,77,58,30,0,7.0,-7
2,21,280,62,2,1,6,8.0,3
2,21,360,21,-17,-54,0,1.0,-5
2,21,270,21,-16,-56,0,0.0,-4
2,21,230,26,3,-19,0,8.0,-5
2,21,290,15,21,15,0,6.0,-3
2,21,230,41,36,20,0,8.0,0
2,21,220,108,35,2,0,8.0,1
2,21,200,41,58,58,0,8.0,0
2,21,100,21,64,60,0,7.0,-2
2,21,200,51,74,47,0,7.0,-4
2,21,210,21,49,42,0,5.0,3
2,21,150,31,47,41,0,0.0,7
2,21,190,31,67,44,0,0.0,3
2,21,180,46,91,29,0,0.0,-13
2,21,220,15,-29,-29,0,3.0,2
2,21,190,21,-1,-1,0,9.0,1
2,21,40,15,-17,-17,0,9.0,0
2,21,240,36,-20,-20,0,9.0,1
2,21,200,31,-8,-8,0,8.0,2
2,21,220,46,30,30,-1,8.0,1
2,21,80,15,53,53,1,8.0,-2
2,21,70,41,37,27,0,8.0,-7
2,21,60,46,19,19,0,9.0,-2
2,21,990,15,4,4,0,7.0,-2
2,21,170,10,-12,-12,0,0.0,1
2,21,100,10,6,3,0,0.0,-4
2,21,50,26,-11,-11,0,9.0,-4
2,21,180,21,-11,-11,0,9.0,1
2,21,990,10,-4,-8,0,8.0,1
2,21,200,41,27,24,0,7.0,2
2,21,350,36,57,53,0,8.0,-2
2,21,230,108,53,43,-1,8.0,-5
2,21,280,57,42,29,0,7.0,1
2,21,250,87,41,35,8,8.0,1
2,21,320,57,15,0,-1,6.0,-2
2,21,350,26,-7,-10,0,3.0,-4
2,21,80,15,-19,-26,-1,7.0,1
2,21,990,15,-40,-40,0,9.0,-7
2,21,220,46,17,17,1,8.0,-1
2,21,200,46,23,14,0,8.0,1
2,21,280,31,-17,-37,0,1.0,-4
2,21,190,21,-12,-15,0,4.0,3
2,21,210,108,53,39,1,8.0,8
2,21,130,21,28,12,-1,8.0,4
2,21,180,36,70,61,2,8.0,4
2,21,80,31,56,49,0,8.0,-7
2,21,130,15,33,23,0,8.0,0
2,21,160,26,11,5,0,0.0,-2
2,21,220,26,51,28,0,8.0,-6
2,21,200,36,19,12,0,0.0,0
2,21,230,41,53,47,-1,5.0,-1
2,21,300,46,42,30,-1,7.0,-3
2,21,50,31,27,13,0,8.0,-4
2,21,70,36,-4,-36,0,3.0,-3
2,21,80,103,-67,-129,0,5.0,-12
2,21,100,108,-17,-110,0,0.0,-8
2,21,990,15,-2,-39,0,5.0,-4
2,21,990,15,-21,-74,0,0.0,-12
2,21,100,21,-16,-65,0,3.0,-2
2,21,60,41,-13,-72,0,0.0,-8
2,21,50,26,-24,-93,0,0.0,-10
2,21,30,41,-61,-90,0,2.0,-6
2,21,70,10,-32,-68,0,0.0,-7
2,21,990,15,6,6,3,8.0,-4
2,21,110,31,42,42,8,8.0,-3
2,21,350,31,28,28,0,9.0,-6
2,21,90,31,31,31,0,8.0,1
2,21,200,51,105,63,0,8.0,5
2,21,230,62,96,74,-1,8.0,-3
2,21,990,15,78,77,2,8.0,-1
2,21,240,67,97,78,12,8.0,-5
2,21,200,21,23,5,0,3.0,-7
2,21,210,67,57,15,0,7.0,0
2,21,270,41,79,73,0,8.0,-2
2,21,220,72,88,79,0,8.0,3
2,21,240,93,87,64,0,7.0,-1
2,21,230,93,72,55,-1,8.0,-2
2,21,40,46,24,21,0,8.0,-2
2,21,130,15,16,-14,0,4.0,-13
2,21,200,67,63,50,0,3.0,0
2,21,210,123,108,81,-1,8.0,-7
2,21,180,67,76,44,0,4.0,-16
2,21,200,67,96,79,0,7.0,-2
2,21,190,87,84,43,0,6.0,1
2,21,230,82,86,49,0,7.0,1
2,21,200,108,82,53,-1,8.0,2
2,21,220,62,47,29,0,5.0,-5
2,21,220,67,44,19,0,3.0,-6
2,21,220,118,96,86,1,8.0,3
2,21,200,72,101,86,0,4.0,4
2,21,240,51,29,19,0,3.0,0
2,21,190,77,40,-10,0,6.0,-2
2,21,210,67,38,20,0,6.0,2
2,21,260,26,43,41,-1,8.0,0
2,21,250,31,37,34,0,7.0,-2
2,21,300,31,17,6,-1,2.0,-5
2,21,220,118,45,28,5,8.0,4
2,21,220,98,96,64,0,8.0,-2
2,21,150,26,-24,-46,0,0.0,5
2,21,330,21,-1,-1,-1,8.0,-1
2,21,990,15,-19,-26,-1,6.0,0
2,21,220,10,-36,-57,0,7.0,2
2,21,110,46,-42,-59,0,0.0,-7
2,21,90,36,-45,-81,0,4.0,-9
2,21,70,41,-30,-59,0,8.0,-2
2,21,260,26,-18,-35,-1,8.0,-3
2,21,140,36,14,-35,0,8.0,0
2,21,190,62,38,16,0,6.0,3
2,21,220,67,48,32,0,7.0,-1
2,21,200,62,32,19,-1,7.0,-1
2,21,360,82,4,4,-1,8.0,1
2,21,20,41,-3,-23,0,8.0,-3
2,21,210,67,-2,-5,3,8.0,5
2,21,260,41,59,42,0,4.0,-3
2,21,210,36,33,7,-1,7.0,5
2,21,210,82,43,23,-1,7.0,-18
2,21,340,36,-19,-19,-1,8.0,5
2,21,30,77,-37,-41,2,8.0,1
2,21,330,41,-44,-79,-1,7.0,-19
2,21,170,26,-21,-35,-1,7.0,-1
2,21,190,57,-7,-35,0,8.0,-1
2,21,190,87,47,27,1,7.0,-3
2,21,180,87,88,28,0,6.0,-2
2,21,130,10,42,41,0,7.0,4
2,21,40,41,38,38,3,8.0,-1
2,21,10,36,46,40,0,3.0,-15
2,21,280,26,33,33,-1,8.0,3
2,21,130,30,-15,-29,0,0.0,-2
2,21,220,50,5,-8,0,8.0,0
2,21,210,50,4,-10,0,2.0,-6
2,21,210,100,49,40,11,8.0,2
2,21,230,30,21,14,0,3.0,-14
2,21,190,40,37,-3,0,3.0,3
2,21,210,60,80,30,0,8.0,-10
2,21,190,20,68,67,0,8.0,5
2,21,200,60,80,52,0,5.0,-5
2,21,250,100,87,51,-1,7.0,-12
2,21,210,70,63,37,-1,8.0,-6
2,21,210,90,100,78,3,8.0,3
2,21,270,90,54,-1,-1,8.0,-1
2,21,360,30,40,13,0,7.0,-8
2,21,260,20,24,8,0,3.0,3
2,21,160,50,39,-10,0,3.0,0
2,21,200,80,84,50,-1,8.0,1
2,21,260,80,55,2,0,6.0,-2
2,21,200,100,78,15,0,8.0,0
2,21,230,80,86,40,-1,7.0,0
2,21,250,60,95,84,0,8.0,0
2,21,170,20,72,48,0,6.0,-8
2,21,200,70,98,66,0,8.0,4
2,21,200,110,111,89,-1,8.0,-2
2,21,220,110,102,63,0,8.0,-1
2,21,250,70,57,42,2,7.0,3
2,21,200,50,70,27,0,7.0,3
2,21,230,50,121,9,0,2.0,-7
2,21,130,10,-48,-89,0,6.0,-12
2,21,240,50,-1,-12,-1,8.0,1
2,21,200,20,-25,-35,0,1.0,3
2,21,220,50,2,-21,0,2.0,-12
2,21,190,30,33,16,0,7.0,1
2,21,170,20,2,-21,0,0.0,-6
2,21,220,40,7,-6,0,0.0,-5
2,21,200,50,30,11,0,2.0,-4
2,21,210,50,50,-18,0,7.0,8
2,21,220,20,51,36,0,0.0,9
2,21,210,80,96,37,0,4.0,-11
2,21,220,60,97,68,0,5.0,1
2,21,200,30,86,72,0,3.0,-4
2,21,210,30,86,76,0,0.0,-3
2,21,200,60,114,44,0,8.0,2
2,21,250,80,82,72,-1,8.0,-3
2,21,190,20,16,6,0,0.0,1
2,21,190,20,63,14,0,3.0,11
2,21,200,40,85,83,0,8.0,-3
2,21,180,60,114,51,0,5.0,3
2,21,220,70,95,78,0,8.0,-3
2,21,320,40,47,41,0,5.0,-9
2,21,230,50,83,48,0,8.0,-1
2,21,280,20,97,81,0,8.0,-1
2,21,130,10,93,72,0,8.0,-3
2,21,240,70,76,62,-1,8.0,0
2,21,250,130,87,34,-1,8.0,-5
2,21,210,50,18,5,0,1.0,-1
2,21,320,30,49,49,-1,8.0,-1
2,21,250,40,53,46,0,8.0,0
2,21,230,60,70,62,0,8.0,1
2,21,250,80,96,79,0,8.0,0
2,21,240,50,28,11,0,7.0,1
2,21,230,30,28,25,4,8.0,5
2,21,260,60,-6,-7,-1,8.0,-3
2,21,190,40,-2,-19,0,6.0,-2
2,21,200,40,-19,-26,0,1.0,-1
2,21,300,20,-18,-20,4,4.0,-3
2,21,20,10,-28,-29,0,2.0,-17
2,21,80,20,-48,-73,0,0.0,-7
2,21,20,40,-9,-42,0,8.0,-6
2,21,190,40,-9,-38,0,7.0,1
2,21,210,60,12,0,0,8.0,2
2,21,240,70,39,1,0,7.0,1
2,21,240,30,4,-1,-1,7.0,2
2,21,240,40,64,64,1,8.0,3
2,21,240,50,95,95,2,8.0,0
2,21,230,40,50,13,0,6.0,-8
2,21,250,60,41,30,11,6.0,7
2,21,260,50,5,5,8,7.0,7
2,21,250,40,23,20,0,7.0,0
2,21,10,20,3,-15,0,2.0,5
2,21,220,70,45,0,0,6.0,-2
2,21,200,40,50,17,0,2.0,1
2,21,210,50,62,44,-1,7.0,2
2,21,210,90,73,38,0,7.0,2
2,21,220,70,79,53,0,7.0,0
2,21,240,50,43,31,0,1.0,-1
2,21,210,40,57,39,0,8.0,3
2,21,220,90,68,47,0,8.0,-5
2,21,180,50,97,-25,0,2.0,-3
2,21,210,70,89,60,-1,8.0,-1
2,21,210,110,78,60,-1,7.0,5
2,21,260,70,84,30,0,7.0,-1
2,21,220,60,45,22,0,1.0,7
2,21,250,40,42,32,-1,7.0,-5
2,21,200,30,3,-13,0,0.0,3
2,21,230,70,50,39,0,3.0,6
2,21,250,30,32,5,0,7.0,-2
2,21,210,70,67,61,4,8.0,5
2,21,200,40,51,34,0,8.0,5
2,21,200,60,11,-12,0,7.0,12
2,21,230,40,19,-8,0,8.0,-3
2,21,210,30,37,31,15,7.0,21
2,21,340,80,34,7,-1,8.0,-1
2,21,210,20,-3,-7,0,1.0,12
2,21,220,60,50,10,-1,8.0,-3
2,21,140,10,23,-1,0,7.0,5
2,21,200,60,80,30,-1,8.0,-2
2,21,100,20,55,46,12,8.0,-4
2,21,280,20,33,-6,0,0.0,-25
2,21,190,20,26,-5,0,1.0,-20
2,21,190,80,113,45,0,7.0,3
2,21,230,60,59,41,0,1.0,-5
2,21,220,90,77,58,-1,7.0,0
2,21,270,20,-2,-2,-1,9.0,-1
2,21,200,30,1,1,4,8.0,0
2,21,230,50,60,53,0,8.0,-3
2,21,200,80,90,79,5,8.0,-3
2,21,220,100,103,91,2,8.0,0
2,21,210,80,105,75,0,5.0,-1
2,21,130,20,94,87,6,8.0,-1
2,21,230,90,83,46,0,8.0,-10
2,21,60,20,22,-14,0,5.0,-11
2,21,190,70,42,9,0,8.0,5
2,21,200,70,103,83,0,7.0,-2
2,21,40,20,101,99,10,8.0,-1
2,21,50,30,43,23,0,5.0,-7
2,21,50,20,31,11,0,4.0,-8
2,21,90,20,52,23,0,1.0,8
2,21,330,40,37,34,9,8.0,-6
2,21,30,50,36,13,0,8.0,-2
2,21,990,10,31,21,0,8.0,2
2,21,280,40,32,22,1,8.0,1
2,21,240,30,42,25,0,4.0,-3
2,21,250,50,67,66,2,8.0,1
2,21,230,40,43,24,0,6.0,3
2,21,230,40,7,7,0,7.0,-2
2,21,0,0,-24,-61,0,1.0,-11
2,21,240,50,6,-5,0,8.0,0
2,21,180,50,-1,-34,0,0.0,-1
2,21,160,40,35,-7,0,8.0,-10
2,21,180,20,41,-6,0,8.0,-3
2,21,200,100,118,70,0,4.0,-2
2,21,170,40,101,45,0,2.0,5
2,21,200,70,135,19,0,8.0,2
2,21,200,100,105,27,-1,8.0,-3
2,21,210,80,99,67,0,7.0,-12
2,21,240,50,57,18,0,6.0,-1
2,21,210,100,52,31,11,8.0,-1
2,21,210,80,108,97,-1,8.0,2
2,21,240,70,84,57,0,8.0,-6
2,21,220,90,86,55,0,8.0,4
2,21,220,120,113,96,-1,8.0,2
2,21,260,20,93,84,4,8.0,-5
2,21,30,40,65,44,0,8.0,-5
2,21,50,50,6,-33,0,0.0,-7
2,21,30,50,18,-34,0,0.0,-9
2,21,40,30,24,-38,0,0.0,-11
2,21,250,40,40,3,0,7.0,-7
2,21,210,30,20,5,0,2.0,-15
2,21,230,90,72,55,1,8.0,3
2,21,280,50,31,16,4,8.0,-3
2,21,200,60,18,-43,0,7.0,4
2,21,240,60,75,41,0,7.0,-1
2,21,240,60,18,-9,0,2.0,1
2,21,200,50,25,16,4,8.0,0
2,21,210,110,97,78,7,8.0,1
2,21,250,130,84,61,21,8.0,0
2,21,240,90,56,28,-1,8.0,-3
2,21,230,40,46,33,1,7.0,-2
2,21,210,70,-12,-29,-1,8.0,0
2,21,220,110,46,32,3,8.0,0
2,21,230,40,17,-16,0,1.0,-7
2,21,240,70,3,1,3,8.0,9
2,21,250,40,7,-2,0,5.0,4
2,21,190,40,11,-3,0,8.0,2
2,21,210,40,31,26,-1,8.0,1
2,21,180,30,57,46,1,8.0,-5
2,21,110,10,17,6,0,0.0,-10
2,21,200,20,-22,-34,0,0.0,12
2,21,90,30,-15,-28,0,0.0,-5
2,21,100,20,-38,-66,0,0.0,-6
2,21,80,30,-23,-57,0,0.0,-7
2,21,60,30,-15,-68,0,4.0,-5
2,21,50,40,-17,-41,0,8.0,2
2,21,60,40,-36,-70,0,0.0,-1
2,21,60,30,-28,-66,0,1.0,-3
2,21,60,40,-14,-58,0,0.0,-8
2,21,90,60,10,-34,0,0.0,-6
2,21,150,20,2,-36,0,0.0,-5
2,21,110,20,19,-28,0,0.0,-5
2,21,120,30,1,-28,0,0.0,-4
2,21,170,30,42,-2,0,0.0,-9
2,21,80,10,42,-13,0,0.0,-10
2,21,120,30,23,-24,0,0.0,-3
2,21,110,10,60,5,0,5.0,-10
2,21,160,20,83,26,0,8.0,-14
2,21,170,40,87,53,0,8.0,5
2,21,200,100,103,77,1,7.0,-5
2,21,220,60,114,89,0,8.0,2
2,21,210,80,129,73,0,8.0,-2
2,21,200,80,137,66,0,8.0,5
2,21,230,80,140,80,0,8.0,-3
2,21,210,90,118,97,7,8.0,-7
2,21,230,90,57,28,0,7.0,3
2,21,290,80,33,-2,0,8.0,2
2,21,250,30,28,-8,0,8.0,-4
2,21,240,80,32,19,2,8.0,1
2,21,40,30,46,35,0,8.0,-2
2,21,230,30,51,33,0,8.0,1
2,21,220,20,61,52,0,8.0,1
2,21,210,20,56,48,0,8.0,4
2,21,0,0,41,37,0,9.0,-6
2,21,50,30,28,21,0,8.0,-2
2,21,280,20,40,32,-1,8.0,0
2,21,350,30,26,19,5,8.0,4
2,21,60,70,1,-51,0,8.0,-1
2,21,70,30,3,-36,0,5.0,-12
2,21,40,20,9,-20,0,5.0,-10
2,21,340,40,-1,-33,0,7.0,-8
2,21,330,30,-8,-39,0,0.0,-7
2,21,210,80,12,0,1,8.0,-4
2,21,250,40,-6,-17,0,6.0,0
2,21,200,30,-34,-55,0,7.0,10
2,21,220,60,2,-13,0,7.0,-2
2,21,360,20,-12,-21,0,3.0,-8
2,21,40,30,-20,-34,0,2.0,-11
2,21,300,30,35,15,0,8.0,-2
2,21,300,40,51,41,1,8.0,-1
2,21,180,10,47,30,0,8.0,-1
2,21,120,20,16,-17,0,0.0,0
2,21,150,40,26,-13,0,8.0,-20
2,21,90,30,2,-27,0,0.0,-5
2,21,210,10,-9,-24,0,0.0,1
2,21,190,30,33,4,0,6.0,-7
2,21,210,60,66,31,0,8.0,6
2,21,240,90,80,70,7,8.0,-1
2,21,240,30,72,68,1,8.0,2
2,21,280,90,45,30,16,7.0,5
2,21,300,40,18,10,-1,8.0,-2
2,21,10,60,19,-1,0,8.0,-8
2,21,30,60,-8,-39,0,8.0,-1
2,21,30,50,-1,-54,0,8.0,-5
2,21,80,20,-17,-68,0,8.0,1
2,21,210,80,2,-3,5,8.0,1
2,21,260,30,9,1,-1,8.0,-3
2,21,360,20,0,-6,-1,8.0,-4
2,21,50,50,6,-8,0,7.0,-6
2,21,20,50,-21,-52,0,8.0,-4
2,21,240,30,-20,-26,-1,8.0,-2
2,21,130,30,-20,-52,0,3.0,-1
2,21,30,20,-5,-28,0,8.0,5
2,21,20,60,-6,-17,-1,8.0,0
2,21,30,50,-47,-105,0,0.0,-5
2,21,190,40,-56,-109,0,4.0,-5
2,21,990,10,-31,-36,0,9.0,1
2,21,50,20,-46,-53,0,9.0,0
2,21,220,20,-13,-15,-1,8.0,0
2,21,50,30,19,17,0,9.0,-2
2,21,340,10,25,23,0,9.0,6
2,21,240,40,25,14,0,8.0,-1
2,21,230,70,54,35,0,8.0,0
2,21,260,40,25,12,-1,8.0,2
2,21,280,30,13,2,2,8.0,2
2,21,990,10,17,1,0,8.0,-2
2,21,170,10,7,-9,0,8.0,1
2,21,180,50,2,-5,2,8.0,2
2,21,190,40,26,1,0,8.0,-1
2,21,210,60,49,36,0,0.0,5
2,21,210,50,82,54,0,8.0,-6
2,21,200,50,48,32,0,8.0,4
2,21,220,70,61,29,-1,8.0,-2
2,21,230,30,40,32,0,8.0,-4
2,21,60,70,52,40,8,8.0,-1
2,21,30,60,14,8,7,,2
2,21,60,70,24,9,0,8.0,0
2,21,50,40,4,-27,0,8.0,0
2,21,60,40,-1,-56,0,8.0,-2
2,21,50,90,5,-37,0,8.0,-3
2,21,40,70,-19,-46,0,0.0,-6
2,21,320,20,-7,-49,0,8.0,0
2,21,230,40,13,6,3,8.0,-4
2,21,260,40,-4,-6,1,8.0,-1
2,21,260,20,90,89,0,9.0,0
2,21,360,50,73,56,0,8.0,-11
2,21,10,20,37,30,0,0.0,-5
2,21,180,20,17,5,0,0.0,-2
2,21,260,10,30,26,-1,8.0,-1
2,21,10,20,1,-3,14,8.0,0
2,21,200,30,-16,-19,0,9.0,-5
2,21,220,100,47,16,0,6.0,1
2,21,70,40,30,11,0,8.0,3
2,21,190,60,78,52,0,8.0,-1
2,21,220,70,85,61,0,8.0,-10
2,21,220,100,75,55,1,8.0,-8
2,21,200,50,63,29,0,7.0,-1
2,21,290,40,59,47,-1,8.0,0
2,21,180,40,62,15,0,4.0,1
2,21,90,40,71,-1,0,8.0,-5
2,21,200,60,81,22,0,7.0,-8
2,21,10,20,51,30,0,8.0,-2
2,21,230,60,67,47,0,8.0,-5
2,21,200,40,75,32,0,0.0,-5
2,21,190,40,51,38,0,2.0,0
2,21,170,40,87,43,0,8.0,-1
2,21,180,50,96,73,0,8.0,-1
2,21,210,70,87,60,0,8.0,0
2,21,240,40,64,58,3,8.0,6
2,21,290,40,59,40,-1,8.0,-3
2,21,220,100,111,94,-1,8.0,-1
2,21,230,100,91,51,0,8.0,-4
2,21,220,80,36,18,0,2.0,-2
2,21,190,70,15,-27,0,0.0,0
2,21,150,50,58,-3,0,8.0,3
2,21,200,50,38,31,0,0.0,-1
2,21,210,100,104,82,0,8.0,3
2,21,270,20,43,28,0,0.0,-6
2,21,180,40,36,10,0,0.0,2
2,21,110,30,63,-14,0,0.0,-19
2,21,100,40,59,-5,0,0.0,2
2,21,80,20,65,11,0,0.0,-20
2,21,80,30,56,24,0,0.0,-4
2,21,40,40,20,7,0,0.0,21
2,21,50,30,20,20,0,9.0,-3
2,21,50,40,31,30,0,8.0,1
2,21,70,50,-3,-43,0,0.0,-6
2,21,80,20,-11,-81,0,0.0,-13
2,21,130,10,5,-59,0,0.0,-14
2,21,100,20,-11,-26,0,0.0,-12
2,21,100,20,17,6,0,0.0,-3
2,21,210,40,29,26,0,0.0,-5
2,21,220,90,91,70,-1,8.0,1
2,21,240,70,100,76,0,8.0,-2
2,21,220,60,90,57,0,6.0,1
2,21,190,50,97,67,0,3.0,7
2,21,200,60,99,73,0,8.0,-2
2,21,240,60,85,55,0,8.0,-8
2,21,210,20,46,23,0,2.0,-5
2,21,120,20,72,70,3,8.0,-1
2,21,220,130,75,60,17,8.0,2
2,21,70,50,-8,-68,0,8.0,-2
2,21,80,30,31,-21,0,8.0,3
2,21,250,20,-1,-1,3,8.0,-1
2,21,120,30,12,11,0,8.0,0
2,21,200,40,53,32,0,6.0,-5
2,21,240,20,35,19,0,8.0,-2
2,21,250,20,1,-6,0,3.0,-5
2,21,190,40,14,2,0,8.0,3
2,21,130,50,31,24,32,8.0,11
2,21,290,40,13,7,6,7.0,2
2,21,290,30,15,11,0,8.0,-3
2,21,260,20,-4,-9,0,6.0,-1
2,21,300,20,1,0,0,4.0,1
2,21,280,10,-7,-32,0,6.0,-11
2,21,210,70,2,1,4,8.0,5
2,21,250,30,59,58,9,8.0,1
2,21,50,40,5,-13,0,3.0,-8
2,21,100,20,-6,-52,0,8.0,0
2,21,210,50,14,13,1,8.0,4
2,21,290,20,42,32,0,8.0,-1
2,21,230,50,49,32,0,8.0,0
2,21,280,30,55,50,-1,8.0,-2
2,21,310,30,49,33,0,8.0,-1
2,21,270,10,36,14,0,8.0,-1
2,21,230,50,52,46,0,8.0,-1
2,21,260,40,69,32,0,8.0,-5
2,21,220,40,73,73,1,9.0,1
2,21,70,30,52,40,0,0.0,-2
2,21,270,10,-5,-8,0,7.0,-5
2,21,230,90,47,38,1,8.0,2
2,21,160,30,25,9,0,8.0,-1
2,21,90,40,29,15,0,1.0,-7
2,21,200,40,41,31,0,0.0,-1
2,21,300,10,40,39,-1,9.0,-2
2,21,50,20,20,14,0,8.0,0
2,21,70,50,-31,-51,0,8.0,-3
2,21,360,50,-40,-84,0,8.0,1
2,21,30,50,-51,-66,-1,8.0,-4
2,21,20,70,-35,-64,0,8.0,-4
2,21,30,30,-47,-58,-1,8.0,-4
2,21,270,20,-32,-49,3,8.0,-1
2,21,30,40,-40,-47,1,8.0,2
2,21,120,10,-37,-48,2,8.0,3
2,21,90,20,-40,-68,0,0.0,-10
2,21,150,30,21,13,1,8.0,6
2,21,190,70,59,21,0,8.0,-9
2,21,230,40,17,-10,0,7.0,-5
2,21,200,50,10,-15,0,8.0,5
2,21,190,70,39,5,0,8.0,3
2,21,230,90,93,74,5,8.0,-1
2,21,90,10,33,29,5,8.0,4
2,21,180,60,82,50,0,1.0,6
2,21,190,50,93,67,0,8.0,6
2,21,230,90,52,3,0,0.0,-1
2,21,140,30,90,4,0,7.0,3
2,21,240,70,41,25,2,8.0,1
2,21,220,50,-9,-9,8,8.0,3
2,21,210,90,23,9,0,8.0,0
2,21,210,70,30,21,0,3.0,2
2,21,230,120,99,55,0,8.0,0
2,21,230,100,104,69,0,8.0,3
2,21,230,70,78,33,0,8.0,-1
2,21,240,70,104,56,0,8.0,-7
2,21,150,20,26,4,0,0.0,-7
2,21,180,40,75,20,0,8.0,-1
2,21,220,90,93,86,19,8.0,4
2,21,230,20,102,91,0,8.0,-6
2,21,220,50,82,66,0,8.0,-3
2,21,130,30,63,29,0,8.0,-3
2,21,270,20,51,48,19,8.0,-6
2,21,170,40,60,31,0,6.0,-1
2,21,80,30,45,37,0,0.0,0
2,21,50,50,14,-1,0,8.0,-2
2,21,80,40,21,4,0,8.0,0
2,21,90,40,37,8,0,8.0,-2
2,21,70,50,5,-29,0,8.0,-4
2,21,80,50,-10,-46,0,8.0,-7
2,21,150,30,-2,-75,0,8.0,-5
2,21,180,60,4,-15,6,8.0,-2
2,21,210,30,63,63,0,9.0,2
2,21,200,40,61,55,-1,8.0,-3
2,21,240,40,58,53,0,8.0,2
2,21,270,40,43,33,3,8.0,-6
2,21,30,20,31,23,0,8.0,-8
2,21,50,80,-75,-150,0,0.0,-4
2,21,40,50,-99,-153,0,0.0,-2
2,21,80,20,-96,-112,0,0.0,-13
2,21,250,10,-130,-138,0,0.0,1
2,21,170,10,-73,-134,0,8.0,1
2,21,70,10,-94,-149,0,3.0,-9
2,21,50,70,-73,-111,0,8.0,1
2,21,50,40,-77,-115,0,0.0,-6
2,21,40,30,-59,-69,0,0.0,-9
2,21,60,30,-72,-127,0,0.0,-3
2,21,60,30,-88,-120,0,8.0,3
2,21,230,30,-36,-53,-1,8.0,-2
2,21,230,40,7,4,-1,8.0,-2
2,21,260,40,30,26,-1,8.0,0
2,21,360,30,29,19,4,8.0,-2
2,21,240,40,48,38,0,8.0,-4
2,21,210,60,56,46,-1,8.0,-1
2,21,230,90,74,51,1,8.0,-4
2,21,260,20,-3,-13,0,8.0,-3
2,21,200,40,-10,-37,0,1.0,5
2,21,200,40,24,-2,0,4.0,7
2,21,220,90,58,1,0,8.0,2
2,21,220,80,88,75,0,8.0,1
2,21,240,40,88,85,1,7.0,-1
2,21,300,30,55,16,0,8.0,-2
2,21,290,20,56,36,0,8.0,-8
2,21,240,40,70,62,0,8.0,1
2,21,240,40,88,83,0,8.0,0
2,21,210,10,88,83,0,8.0,-2
2,21,320,50,34,26,0,8.0,-2
2,21,310,20,20,-1,0,8.0,1
2,21,230,80,42,35,1,8.0,4
2,21,230,70,58,33,2,8.0,3
2,21,200,60,7,-6,0,7.0,5
2,21,310,20,15,1,-1,8.0,-3
2,21,260,20,2,-1,0,8.0,1
2,21,310,20,-12,-20,0,3.0,2
2,21,190,20,-12,-34,0,5.0,2
2,21,120,90,-19,-72,0,1.0,-2
2,21,80,30,-1,-54,0,8.0,-1
2,21,40,30,-13,-77,0,8.0,-2
2,21,150,30,-24,-84,0,0.0,-4
2,21,200,60,-2,-15,-1,8.0,1
2,21,210,30,21,16,0,7.0,11
2,21,190,10,35,28,0,8.0,0
2,21,90,20,10,-6,0,0.0,-14
2,21,0,0,3,-20,0,7.0,-1
2,21,350,20,32,25,1,8.0,1
2,21,40,40,-18,-51,0,8.0,-6
2,21,50,60,-22,-52,-1,1.0,2
2,21,50,50,-42,-72,0,1.0,-5
2,21,30,50,-23,-37,1,8.0,0
2,21,20,60,-3,-10,-1,8.0,2
2,21,40,30,6,3,0,8.0,2
2,21,20,50,22,16,0,8.0,-1
2,21,50,30,0,-7,0,8.0,0
2,21,360,30,21,-5,0,8.0,-6
2,21,190,60,53,23,0,8.0,0
2,21,190,40,34,11,0,1.0,0
2,21,140,40,36,7,0,8.0,1
2,21,150,40,49,12,0,0.0,-6
2,21,200,120,75,33,-1,8.0,-3
2,21,190,60,93,30,0,8.0,3
2,21,200,70,41,22,0,0.0,1
2,21,210,80,63,36,5,8.0,-11
2,21,200,70,47,4,0,1.0,2
2,21,230,50,37,29,0,8.0,1
2,21,230,60,47,34,5,8.0,-4
2,21,200,120,51,23,-1,8.0,2
2,21,230,60,39,10,0,1.0,-3
2,21,190,120,101,60,0,8.0,-1
2,21,220,90,75,37,0,8.0,4
2,21,200,50,42,22,0,3.0,-2
2,21,160,30,56,24,0,0.0,-4
2,21,210,60,68,34,-1,8.0,-6
2,21,210,30,69,54,-1,8.0,-4
2,21,200,80,93,77,-1,8.0,2
2,21,200,50,40,15,0,4.0,-1
2,21,190,50,39,11,0,0.0,-1
2,21,170,40,64,33,0,0.0,-7
2,21,180,50,97,25,0,0.0,-3
2,21,220,40,89,57,-1,8.0,-3
2,21,210,40,40,20,0,1.0,7
2,21,200,40,38,31,4,8.0,3
2,21,130,40,65,34,0,8.0,-3
2,21,250,10,20,17,0,8.0,-2
2,21,230,20,10,-11,0,8.0,-5
2,21,310,20,4,-1,0,7.0,-1
2,21,50,30,-5,-14,0,8.0,-11
2,21,40,80,-14,-53,0,4.0,0
2,21,30,50,-22,-51,0,0.0,-7
2,21,300,30,27,24,1,8.0,2
2,21,250,20,27,-2,0,8.0,1
2,21,300,30,44,37,-1,8.0,-2
2,21,60,30,48,29,0,8.0,-2
2,21,120,10,3,0,0,0.0,-3
2,21,190,30,24,-10,0,0.0,-12
2,21,170,70,72,21,0,0.0,3
2,21,100,40,67,32,0,8.0,-6
2,21,70,20,12,-6,0,0.0,7
2,21,190,40,9,-11,0,2.0,-3
2,21,350,30,29,16,0,0.0,-9
2,21,180,20,10,-4,0,0.0,-9
2,21,180,50,26,-13,0,8.0,8
2,21,200,110,57,39,1,8.0,0
2,21,240,20,24,18,1,8.0,-8
2,21,180,80,30,-18,0,8.0,7
2,21,210,70,36,0,0,0.0,-1
2,21,290,30,29,19,13,8.0,4
2,21,200,10,42,39,0,8.0,-1
2,21,190,70,71,61,5,8.0,0
2,21,280,20,19,-9,0,0.0,-14
2,21,190,90,64,-29,0,8.0,1
2,21,220,120,107,79,-1,8.0,-4
2,21,240,60,63,33,0,7.0,-4
2,21,250,40,39,17,0,4.0,-1
2,21,300,30,58,43,0,8.0,-12
2,21,200,50,97,74,0,8.0,0
2,21,170,80,111,44,0,8.0,-2
2,21,200,90,67,16,0,0.0,1
2,21,230,130,78,19,-1,8.0,-2
2,21,230,60,40,20,0,8.0,-6
2,21,250,30,41,33,0,8.0,-1
2,21,190,40,32,14,0,8.0,5
2,21,80,40,14,-20,0,0.0,-16
2,21,60,40,26,20,-1,8.0,0
2,21,310,30,8,0,0,8.0,-2
2,21,30,50,-2,-37,0,0.0,-18
2,21,130,20,-17,-41,0,0.0,-7
2,21,170,20,22,-13,0,8.0,2
2,21,220,20,0,-35,0,5.0,5
2,21,190,60,33,-1,0,0.0,5
2,21,240,80,101,93,5,8.0,1
2,21,240,90,109,87,0,8.0,-2
2,21,220,10,30,22,7,8.0,0
2,21,240,20,21,8,0,1.0,-3
2,21,70,20,5,-21,0,0.0,-4
2,21,210,30,16,-1,0,8.0,-4
2,21,100,30,26,-18,0,8.0,-1
2,21,40,60,10,-37,0,7.0,-4
2,21,30,60,17,-41,0,8.0,-4
2,21,30,40,-7,-48,0,0.0,-15
2,21,170,40,73,53,-1,8.0,3
2,21,180,60,112,59,0,8.0,0
2,21,160,50,83,32,0,8.0,2
2,21,240,50,48,41,4,8.0,-2
2,21,50,30,55,33,-1,8.0,-6
2,21,140,10,39,18,0,8.0,-3
2,21,120,20,48,40,0,8.0,0
2,21,30,40,25,7,0,8.0,-6
2,21,50,40,-8,-30,0,7.0,-2
2,21,60,30,5,-23,0,8.0,-3
2,21,70,30,8,5,5,8.0,2
2,21,70,50,35,3,0,1.0,-6
2,21,80,40,48,-12,0,0.0,-15
2,21,180,10,34,2,0,0.0,4
2,21,200,30,91,46,0,4.0,7
2,21,240,20,66,40,0,8.0,3
2,21,280,10,68,49,0,8.0,-2
2,21,180,20,37,1,0,8.0,-7
2,21,240,20,75,59,-1,8.0,-2
2,21,230,60,103,95,0,8.0,-2
2,21,240,70,99,90,-1,8.0,-1
2,21,240,80,97,86,14,8.0,-1
2,21,260,110,62,28,10,8.0,1
2,21,210,20,11,2,0,0.0,8
2,21,210,70,63,11,0,8.0,-3
2,21,200,70,98,60,0,8.0,3
2,21,210,80,77,31,0,8.0,-3
2,21,230,80,36,7,2,8.0,-7
2,21,220,50,19,-3,0,0.0,5
2,21,250,20,25,22,0,8.0,2
2,21,200,30,16,10,0,8.0,8
2,21,40,50,-15,-29,0,4.0,5
2,21,80,60,-10,-46,0,0.0,-8
2,21,40,30,-16,-33,-1,8.0,3
2,21,20,20,-34,-75,0,0.0,0
2,21,180,30,-25,-57,0,0.0,-3
2,21,200,50,-1,-3,2,8.0,1
2,21,190,70,13,-21,0,8.0,4
2,21,220,40,11,-4,0,6.0,4
2,21,210,30,3,-34,0,2.0,-7
2,21,110,30,-13,-56,0,0.0,-5
2,21,160,50,34,-46,0,8.0,3
2,21,250,10,40,25,0,6.0,-7
2,21,160,20,-6,-24,0,8.0,9
2,21,120,20,2,-23,0,0.0,-5
2,21,170,30,14,-34,0,1.0,-9
2,21,110,10,19,-19,0,8.0,-3
2,21,40,50,-3,-30,0,0.0,-4
2,21,30,50,-15,-46,0,0.0,-8
2,21,60,70,-8,-50,0,0.0,-5
2,21,60,50,-16,-75,0,0.0,-5
2,21,60,60,-13,-86,0,0.0,-1
2,21,50,90,-29,-106,0,8.0,-8
2,21,30,50,-55,-93,0,0.0,5
2,21,60,30,-65,-115,0,0.0,-4
2,21,80,90,-73,-144,0,8.0,1
2,21,120,10,0,-3,0,8.0,5
2,21,360,50,11,7,0,8.0,2
2,21,220,30,1,-7,0,7.0,-7
2,21,210,80,29,-12,0,8.0,-4
2,21,160,10,21,6,0,8.0,-7
2,21,190,60,68,44,0,8.0,-1
2,21,210,70,60,27,0,8.0,-9
2,21,200,100,89,44,0,8.0,-3
2,21,210,70,81,35,0,8.0,0
2,21,280,70,36,27,9,8.0,-4
2,21,300,20,22,4,0,0.0,-5
2,21,190,30,22,3,0,8.0,-3
2,21,150,20,34,4,0,8.0,-15
2,21,130,20,68,1,0,0.0,-5
2,21,180,30,85,-10,0,0.0,-2
2,21,160,30,76,15,0,8.0,-10
2,21,190,40,94,3,0,0.0,-7
2,21,190,40,80,20,0,8.0,-4
2,21,220,30,62,22,0,8.0,-18
2,21,200,30,52,26,0,1.0,9
2,21,240,20,109,71,0,8.0,-2
2,21,70,20,64,56,0,8.0,1
2,21,100,40,59,-13,0,1.0,-6
2,21,90,20,93,-35,0,8.0,-15
2,21,90,20,84,9,0,0.0,8
2,21,90,30,103,34,0,0.0,6
2,21,200,30,83,39,0,0.0,-4
2,21,220,60,92,72,-1,8.0,-5
2,21,230,60,81,44,0,7.0,-4
2,21,230,60,109,79,-1,7.0,3
2,21,240,40,72,65,15,8.0,-9
2,21,330,30,51,47,0,5.0,-11
2,21,190,30,30,9,0,8.0,-1
2,21,70,30,12,-5,0,0.0,-6
2,21,160,30,42,-24,0,0.0,3
2,21,230,30,87,61,0,8.0,-3
2,21,200,140,112,95,2,8.0,10
2,21,250,90,71,34,1,4.0,-10
2,21,240,70,41,2,0,8.0,-2
2,21,220,50,38,2,0,8.0,4
2,21,270,40,69,57,0,8.0,4
2,21,210,50,77,41,0,8.0,-4
2,21,200,100,115,48,0,8.0,-1
2,21,230,70,81,73,29,8.0,-5
2,21,230,70,72,38,0,8.0,-1
2,21,210,80,71,25,0,8.0,2
2,21,220,50,54,37,-1,8.0,2
2,21,280,70,49,35,13,8.0,-11
2,21,210,90,67,19,0,8.0,-1
2,21,240,70,94,81,6,8.0,-1
2,21,290,30,72,37,0,8.0,-6
2,21,230,90,104,82,0,8.0,0
2,21,230,60,53,22,0,8.0,-10
2,21,210,30,25,15,8,8.0,4
2,21,280,30,14,9,-1,8.0,0
2,21,200,100,54,35,0,8.0,6
2,21,210,80,61,9,0,8.0,-11
2,21,30,10,-69,-76,0,0.0,-6
2,21,30,15,-65,-94,0,0.0,5
2,21,40,26,-73,-95,0,0.0,-7
2,21,40,31,-56,-98,0,0.0,5
2,21,10,57,5,-29,0,8.0,-1
2,21,60,62,-117,-166,0,0.0,-2
2,21,80,62,-73,-108,-1,8.0,-5
2,21,130,36,-108,-139,0,0.0,2
2,21,20,21,-49,-76,0,8.0,2
2,21,210,31,-35,-49,0,8.0,0
2,21,30,82,-15,-26,-1,8.0,-10
2,21,0,0,-12,-20,0,7.0,-10
2,21,260,21,-23,-26,1,8.0,3
2,21,250,31,13,-6,0,7.0,-3
2,21,290,41,24,17,0,8.0,-3
2,21,100,10,-28,-32,0,0.0,-6
2,21,180,5,-38,-45,0,0.0,-2
2,21,60,31,-9,-22,0,1.0,-6
2,21,200,10,-16,-39,0,0.0,13
2,21,230,31,15,11,0,8.0,-4
2,21,180,62,73,26,-1,8.0,-2
2,21,180,87,70,11,-1,7.0,2
2,21,210,57,104,50,0,8.0,-3
2,21,210,26,92,23,0,3.0,-5
2,21,70,15,55,49,0,7.0,0
2,21,30,15,25,21,0,4.0,-2
2,21,80,57,32,-4,0,1.0,-5
2,21,0,0,33,29,0,8.0,-14
2,21,990,5,-22,-25,0,9.0,-1
2,21,210,57,-8,-11,0,8.0,2
2,21,270,51,46,6,0,1.0,-6
2,21,240,26,17,13,0,7.0,0
2,21,250,31,62,40,0,7.0,4
2,21,220,15,68,46,0,8.0,1
2,21,210,21,34,13,0,0.0,-5
2,21,180,41,44,13,0,0.0,-5
2,21,200,51,70,48,2,8.0,-6
2,21,230,46,68,38,0,5.0,-5
2,21,150,10,77,73,1,8.0,4
2,21,180,67,122,98,3,8.0,0
2,21,230,36,52,39,0,1.0,0
2,21,200,77,78,56,5,8.0,6
2,21,240,51,63,6,0,5.0,-2
2,21,310,57,16,0,-1,5.0,-2
2,21,330,21,-22,-60,0,0.0,-6
2,21,280,5,-36,-69,0,1.0,-6
2,21,270,15,-12,-15,0,1.0,-1
2,21,240,10,-16,-29,0,1.0,5
2,21,230,21,27,11,0,2.0,-4
2,21,210,67,52,-2,-1,8.0,3
2,21,170,10,37,34,0,0.0,-3
2,21,0,0,46,34,0,7.0,-6
2,21,80,10,59,44,0,7.0,2
2,21,180,31,67,39,0,8.0,6
2,21,150,26,59,37,0,0.0,-2
2,21,150,21,76,62,0,1.0,-6
2,21,180,31,91,29,0,0.0,-8
2,21,160,26,-3,-6,0,8.0,6
2,21,200,31,24,21,0,8.0,0
2,21,60,21,-2,-5,0,9.0,-3
2,21,230,26,-12,-13,0,9.0,4
2,21,230,26,25,15,0,8.0,-1
2,21,250,26,56,53,-1,8.0,0
2,21,30,36,54,41,-1,8.0,-3
2,21,80,72,48,35,0,8.0,-2
2,21,110,26,45,42,0,8.0,-3
2,21,120,31,27,17,0,8.0,-1
2,21,90,10,-4,-5,0,2.0,-13
2,21,70,15,-1,-2,0,9.0,-3
2,21,110,15,-7,-8,0,9.0,0
2,21,230,21,3,-10,0,8.0,1
2,21,220,21,19,3,-1,8.0,-2
2,21,240,26,52,43,-1,8.0,1
2,21,340,31,66,38,0,7.0,-9
2,21,260,57,69,63,3,8.0,2
2,21,330,72,60,6,0,4.0,-6
2,21,270,87,59,32,4,8.0,6
2,21,350,67,19,1,1,7.0,-10
2,21,360,31,5,-13,0,1.0,-5
2,21,310,26,-13,-62,0,1.0,3
2,21,150,15,-11,-25,0,8.0,-1
2,21,200,36,28,21,0,8.0,1
2,21,270,26,20,11,6,8.0,0
2,21,270,26,-4,-20,0,3.0,-20
2,21,270,21,-4,-12,0,1.0,-11
2,21,220,67,65,51,-1,8.0,8
2,21,50,5,19,4,0,6.0,-8
2,21,130,46,48,45,3,7.0,4
2,21,90,5,37,36,0,7.0,14
2,21,300,5,34,28,0,8.0,6
2,21,140,21,9,6,0,0.0,-3
2,21,230,15,52,49,7,8.0,-2
2,21,190,21,10,9,0,0.0,-9
2,21,250,31,51,30,0,7.0,-3
2,21,320,26,43,31,1,7.0,-1
2,21,60,21,30,20,0,7.0,-7
2,21,60,46,7,-22,0,7.0,-2
2,21,80,98,-73,-133,0,1.0,-1
2,21,90,77,-27,-114,0,0.0,-3
2,21,140,31,19,-52,0,8.0,-2
2,21,100,5,-40,-76,0,0.0,-4
2,21,100,5,-35,-69,0,1.0,-6
2,21,80,41,-14,-102,0,0.0,-13
2,21,80,36,-34,-113,0,0.0,-3
2,21,40,26,-69,-93,0,0.0,-9
2,21,140,5,-84,-87,0,3.0,-23
2,21,40,31,-16,-19,3,8.0,-4
2,21,80,46,6,-4,6,8.0,-1
2,21,10,10,5,5,0,9.0,-3
2,21,110,31,18,18,-1,8.0,3
2,21,160,26,68,53,0,8.0,7
2,21,230,10,81,81,1,8.0,-8
2,21,180,15,74,74,0,8.0,-2
2,21,280,15,76,73,10,8.0,-2
2,21,200,10,8,-3,0,8.0,-7
2,21,220,51,68,45,-1,8.0,4
2,21,280,26,81,72,0,7.0,-2
2,21,230,41,82,74,0,8.0,8
2,21,250,62,94,67,0,7.0,-2
2,21,240,51,84,69,0,7.0,2
2,21,60,21,22,16,-1,8.0,-2
2,21,140,10,-20,-24,0,1.0,-7
2,21,190,51,60,59,0,7.0,-1
2,21,210,113,111,95,3,8.0,3
2,21,190,36,59,42,0,7.0,3
2,21,180,62,87,78,0,7.0,4
2,21,190,72,86,48,-1,8.0,1
2,21,240,67,90,56,0,3.0,-4
2,21,200,113,84,62,6,8.0,4
2,21,240,41,58,31,-1,1.0,-5
2,21,210,41,44,23,0,4.0,1
2,21,220,72,112,99,-1,7.0,-4
2,21,200,62,101,98,0,8.0,12
2,21,240,36,33,27,0,1.0,-1
2,21,190,82,52,0,0,7.0,0
2,21,220,51,50,25,0,4.0,0
2,21,230,21,35,34,0,6.0,1
2,21,210,10,29,22,0,4.0,-9
2,21,330,41,29,-5,0,1.0,-9
2,21,230,72,52,48,6,8.0,5
2,21,220,62,103,59,0,7.0,0
2,21,110,10,-44,-76,0,0.0,5
2,21,80,5,4,-7,-1,8.0,1
2,21,350,31,-22,-33,0,7.0,1
2,21,260,21,-15,-43,0,8.0,0
2,21,130,26,-42,-62,0,1.0,1
2,21,100,41,-44,-78,0,2.0,-7
2,21,60,41,-33,-82,0,8.0,0
2,21,30,15,-47,-95,0,8.0,-5
2,21,160,51,24,-48,0,8.0,-2
2,21,180,62,48,28,-1,6.0,0
2,21,210,41,51,47,4,8.0,-2
2,21,90,31,29,28,7,8.0,-3
2,21,360,87,5,-1,-1,8.0,1
2,21,360,21,-13,-33,0,8.0,-2
2,21,240,46,26,7,-1,8.0,2
2,21,280,51,60,19,0,4.0,-4
2,21,220,26,42,21,0,7.0,0
2,21,230,31,29,23,2,7.0,-1
2,21,10,36,-10,-21,-1,7.0,1
2,21,30,108,-35,-71,-1,7.0,-7
2,21,320,21,-49,-72,0,1.0,-9
2,21,210,21,-7,-17,-1,8.0,-1
2,21,180,57,2,-20,0,8.0,-1
2,21,180,82,48,38,-1,8.0,5
2,21,230,15,79,67,1,8.0,-13
2,21,210,5,4,3,0,6.0,-2
2,21,360,10,13,13,0,5.0,5
2,21,40,41,23,20,0,1.0,-13
2,21,340,36,46,40,-1,8.0,-13
2,21,0,0,-34,-41,0,0.0,10
2,21,220,30,7,4,-1,8.0,1
2,21,200,50,18,18,0,8.0,-8
2,21,220,60,65,58,2,8.0,-1
2,21,240,20,19,13,0,1.0,-6
2,21,190,50,35,0,0,6.0,-5
2,21,260,30,73,70,1,8.0,-2
2,21,190,20,57,53,0,7.0,-11
2,21,210,20,90,70,0,7.0,-5
2,21,260,80,72,25,0,0.0,-10
2,21,200,60,61,46,1,8.0,-2
2,21,210,80,106,85,4,8.0,-5
2,21,270,80,62,1,-1,8.0,-1
2,21,350,20,16,1,0,7.0,-16
2,21,250,30,36,18,0,6.0,-16
2,21,150,40,34,5,0,7.0,8
2,21,190,70,87,49,-1,7.0,0
2,21,260,80,58,12,0,6.0,-5
2,21,210,110,89,45,-1,8.0,-5
2,21,220,70,90,48,0,7.0,0
2,21,260,40,97,80,0,7.0,-4
2,21,200,40,102,73,0,7.0,-1
2,21,190,70,101,66,0,8.0,2
2,21,200,110,101,87,20,8.0,10
2,21,240,80,111,65,-1,7.0,-11
2,21,290,80,66,49,3,8.0,-3
2,21,200,50,71,30,0,6.0,4
2,21,250,30,102,41,0,7.0,10
2,21,320,10,-90,-112,0,1.0,-1
2,21,230,30,11,10,3,7.0,1
2,21,220,20,-8,-11,0,1.0,1
2,21,220,30,19,4,0,6.0,0
2,21,220,30,42,24,0,8.0,-4
2,21,200,40,53,5,0,8.0,-38
2,21,240,20,27,14,0,3.0,-2
2,21,200,40,36,26,0,5.0,-3
2,21,220,30,56,8,0,7.0,-8
2,21,200,30,65,50,0,7.0,-16
2,21,220,40,92,65,0,7.0,0
2,21,250,30,105,91,0,7.0,3
2,21,230,20,101,84,0,7.0,-4
2,21,210,20,85,63,0,0.0,-4
2,21,210,40,115,66,0,7.0,-8
2,21,300,90,84,76,-1,8.0,-6
2,21,210,10,15,5,0,1.0,5
2,21,0,0,25,12,0,6.0,15
2,21,200,30,92,92,0,8.0,-2
2,21,170,40,108,62,0,6.0,-10
2,21,220,40,89,77,-1,7.0,0
2,21,250,20,46,37,0,7.0,2
2,21,250,20,78,75,2,8.0,2
2,21,290,20,92,80,-1,8.0,-5
2,21,220,10,87,72,0,8.0,-2
2,21,260,40,65,42,0,8.0,0
2,21,240,80,89,31,0,8.0,-1
2,21,210,30,14,-10,0,1.0,12
2,21,330,40,63,60,-1,8.0,-1
2,21,250,20,38,38,0,7.0,-3
2,21,240,40,79,72,0,8.0,1
2,21,280,90,102,86,-1,7.0,-19
2,21,290,50,35,14,-1,6.0,3
2,21,210,20,34,33,1,8.0,6
2,21,280,50,-4,-5,-1,2.0,-3
2,21,250,20,1,-2,-1,8.0,1
2,21,240,20,-4,-4,-1,6.0,3
2,21,300,20,-17,-17,0,1.0,-10
2,21,0,0,-47,-48,0,4.0,-30
2,21,990,10,-72,-72,0,0.0,-9
2,21,10,30,-62,-71,0,0.0,-4
2,21,200,40,-4,-19,1,8.0,-7
2,21,220,50,15,15,-1,8.0,0
2,21,260,70,60,14,-1,7.0,2
2,21,270,40,18,8,-1,6.0,0
2,21,240,20,68,68,2,8.0,1
2,21,280,50,92,92,11,8.0,-6
2,21,220,30,37,21,0,7.0,0
2,21,280,90,56,22,0,6.0,1
2,21,280,60,24,12,4,6.0,2
2,21,260,30,35,29,0,7.0,-9
2,21,340,10,-16,-26,0,0.0,-3
2,21,230,50,55,8,0,7.0,-1
2,21,220,30,58,48,0,7.0,-7
2,21,230,30,65,61,0,6.0,-9
2,21,220,90,93,46,0,8.0,1
2,21,220,50,85,55,-1,8.0,0
2,21,250,30,53,35,0,1.0,-4
2,21,210,30,60,42,0,7.0,0
2,21,240,60,71,57,4,8.0,0
2,21,220,20,79,2,0,7.0,-25
2,21,200,70,84,73,3,8.0,1
2,21,220,70,85,77,2,8.0,5
2,21,270,80,79,9,0,2.0,-2
2,21,200,40,44,31,0,3.0,7
2,21,270,30,40,20,0,2.0,-3
2,21,210,30,33,5,0,1.0,-3
2,21,230,40,50,26,0,1.0,-4
2,21,250,20,25,9,0,1.0,-5
2,21,210,40,71,67,8,8.0,11
2,21,190,30,54,25,0,8.0,-5
2,21,220,40,33,1,1,7.0,4
2,21,220,30,24,2,0,7.0,2
2,21,260,30,64,49,4,7.0,-5
2,21,340,70,32,-3,0,2.0,-2
2,21,0,0,-27,-36,0,3.0,4
2,21,240,20,47,34,-1,8.0,-1
2,21,0,0,13,6,0,7.0,-9
2,21,200,50,84,58,0,8.0,1
2,21,130,20,46,35,15,8.0,-2
2,21,220,20,18,9,0,0.0,-2
2,21,180,30,19,-16,0,0.0,-17
2,21,180,70,109,55,0,7.0,9
2,21,220,40,62,30,0,1.0,-6
2,21,260,50,70,61,37,8.0,-3
2,21,220,20,3,3,0,9.0,1
2,21,130,30,2,2,5,8.0,1
2,21,240,30,51,51,0,3.0,-1
2,21,200,60,97,82,-1,8.0,1
2,21,240,50,106,83,0,7.0,-1
2,21,210,70,110,77,0,5.0,-2
2,21,140,30,97,91,6,8.0,-1
2,21,340,70,53,48,15,8.0,-12
2,21,290,10,-21,-26,0,1.0,-5
2,21,180,70,45,28,2,8.0,0
2,21,210,60,124,98,0,7.0,-3
2,21,30,90,78,69,15,8.0,-6
2,21,20,40,30,21,0,1.0,-15
2,21,60,20,13,10,0,1.0,8
2,21,110,10,13,6,0,0.0,13
2,21,350,40,42,40,0,8.0,2
2,21,20,30,38,16,0,7.0,-9
2,21,70,20,54,23,0,7.0,-3
2,21,260,30,47,44,1,8.0,5
2,21,240,30,36,27,0,7.0,-4
2,21,290,60,77,75,6,8.0,0
2,21,260,20,47,38,11,8.0,-27
2,21,280,20,2,1,10,8.0,-3
2,21,250,30,-40,-59,0,3.0,1
2,21,260,30,10,7,0,6.0,-4
2,21,160,50,7,-18,0,5.0,-1
2,21,130,30,34,-8,0,7.0,1
2,21,30,20,26,17,0,7.0,3
2,21,200,90,125,69,0,,0
2,21,180,40,74,23,0,,2
2,21,170,50,123,37,0,,22
2,21,200,100,92,59,9,,3
2,21,200,50,88,60,0,,-9
2,21,260,30,63,52,-1,5.0,5
2,21,210,80,53,41,8,,2
2,21,230,50,121,103,0,,-2
2,21,260,40,81,47,0,,0
2,21,230,50,95,70,0,,3
2,21,240,80,123,109,11,,-3
2,21,240,30,93,64,2,8.0,-5
2,21,30,70,60,35,0,5.0,0
2,21,40,40,-5,-40,0,1.0,-5
2,21,30,40,-7,-40,0,,-1
2,21,20,30,-16,-38,0,,1
2,21,230,10,-10,-22,0,,10
2,21,220,30,35,13,0,,-2
2,21,220,50,75,64,1,,3
2,21,270,30,44,33,1,,-9
2,21,200,50,40,-8,0,,4
2,21,270,60,69,35,6,,-3
2,21,270,40,35,-12,0,,0
2,21,200,50,32,23,5,,-2
2,21,220,90,101,88,4,,1
2,21,240,60,74,58,7,,2
2,21,210,50,43,29,-1,,6
2,21,220,50,50,30,0,,1
2,21,220,30,-7,-13,0,,4
2,21,240,60,46,36,4,,6
2,21,250,30,17,-12,0,1.0,-11
2,21,300,60,37,21,-1,5.0,3
2,21,270,30,26,0,0,,4
2,21,190,50,21,5,0,,-3
2,21,220,30,52,51,0,,0
2,21,200,20,67,64,0,,-4
2,21,130,30,53,40,0,,-5
2,21,160,20,-15,-23,0,1.0,0
2,21,70,20,-9,-11,0,9.0,-6
2,21,80,40,-30,-48,0,0.0,-4
2,21,70,30,-30,-62,0,1.0,1
2,21,40,30,-26,-65,0,1.0,-3
2,21,90,70,1,-39,0,8.0,1
2,21,60,30,-37,-78,0,1.0,-1
2,21,60,40,-23,-68,0,0.0,-6
2,21,60,40,-19,-63,0,1.0,-5
2,21,90,60,9,-29,0,2.0,-7
2,21,80,30,-8,-37,0,1.0,-14
2,21,50,10,10,-21,0,1.0,-14
2,21,140,30,17,-23,0,1.0,-19
2,21,170,20,18,-1,0,1.0,21
2,21,120,30,62,-6,0,0.0,-15
2,21,80,30,37,-42,0,1.0,-13
2,21,100,20,54,29,-1,6.0,9
2,21,170,10,94,32,0,6.0,1
2,21,170,60,95,62,0,8.0,-8
2,21,200,80,103,84,8,8.0,3
2,21,240,40,119,87,0,8.0,0
2,21,220,60,142,75,0,7.0,2
2,21,220,80,155,68,0,8.0,-3
2,21,240,60,125,101,0,8.0,-8
2,21,240,60,117,97,1,8.0,-2
2,21,240,60,65,34,-1,4.0,-2
2,21,300,90,43,-6,0,7.0,-3
2,21,280,20,32,10,-1,7.0,-6
2,21,250,60,53,42,14,8.0,7
2,21,50,30,46,33,0,8.0,-1
2,21,260,20,62,51,0,8.0,0
2,21,250,10,71,61,0,8.0,-1
2,21,280,20,65,52,0,8.0,-2
2,21,360,20,63,45,0,8.0,0
2,21,80,20,33,28,0,8.0,-4
2,21,310,20,51,42,1,8.0,5
2,21,20,40,30,19,-1,0.0,2
2,21,60,30,-13,-52,0,1.0,10
2,21,100,30,1,-36,0,0.0,-7
2,21,20,40,8,-20,0,7.0,2
2,21,310,30,-16,-36,0,0.0,-2
2,21,280,20,-23,-41,0,1.0,-5
2,21,230,40,21,13,9,8.0,-2
2,21,260,20,-11,-15,0,6.0,0
2,21,220,20,-14,-40,0,3.0,-5
2,21,340,20,-3,-23,0,8.0,-12
2,21,300,10,-49,-55,0,9.0,-11
2,21,40,30,-16,-33,0,0.0,0
2,21,280,20,32,19,0,2.0,2
2,21,310,50,60,46,0,8.0,2
2,21,330,10,68,55,0,8.0,-4
2,21,120,10,-8,-15,0,0.0,11
2,21,150,40,34,-5,0,8.0,1
2,21,80,10,-14,-31,0,0.0,1
2,21,70,10,-19,-35,0,0.0,-11
2,21,170,20,10,-3,0,6.0,7
2,21,230,50,80,52,1,8.0,-1
2,21,270,50,85,79,23,8.0,-3
2,21,180,30,67,62,1,8.0,0
2,21,280,80,60,53,6,8.0,-14
2,21,340,70,41,-3,0,0.0,-8
2,21,360,60,15,-4,10,8.0,-3
2,21,20,50,4,-37,0,8.0,-2
2,21,40,40,1,-48,0,8.0,-1
2,21,180,10,-4,-27,0,8.0,2
2,21,240,40,40,33,11,8.0,3
2,21,270,30,16,2,0,5.0,-6
2,21,330,30,6,-7,0,6.0,7
2,21,50,40,10,-10,0,2.0,1
2,21,40,60,-11,-26,-1,7.0,-5
2,21,340,10,2,-7,-1,8.0,-1
2,21,60,20,-27,-53,0,0.0,1
2,21,20,30,8,-8,0,8.0,-2
2,21,30,70,-5,-18,-1,8.0,1
2,21,20,40,-47,-106,0,0.0,-8
2,21,210,40,-40,-105,0,0.0,5
2,21,280,10,-34,-36,0,9.0,-2
2,21,80,20,-29,-31,0,8.0,0
2,21,270,10,18,12,0,8.0,-1
2,21,50,20,31,8,0,8.0,-2
2,21,360,30,50,49,1,8.0,-2
2,21,240,40,41,22,0,8.0,2
2,21,230,50,71,33,0,8.0,-2
2,21,300,70,30,15,7,7.0,1
2,21,310,70,37,-18,0,7.0,-11
2,21,350,20,26,6,0,8.0,-4
2,21,0,0,-23,-34,0,7.0,4
2,21,160,50,5,3,3,8.0,3
2,21,180,40,29,23,0,8.0,-1
2,21,210,40,56,43,-1,5.0,-3
2,21,230,30,76,57,0,1.0,-4
2,21,220,40,55,32,0,1.0,0
2,21,220,50,57,45,0,8.0,-3
2,21,250,20,37,31,0,8.0,-18
2,21,70,60,58,37,1,8.0,-7
2,21,30,70,29,5,0,8.0,-5
2,21,70,60,33,12,0,8.0,0
2,21,80,40,9,-28,0,8.0,-1
2,21,60,30,-6,-47,0,8.0,-4
2,21,70,70,15,-38,0,0.0,-1
2,21,60,80,-11,-45,0,8.0,-2
2,21,300,40,-22,-47,0,1.0,16
2,21,270,30,23,16,6,8.0,-5
2,21,280,50,2,-11,-1,4.0,-3
2,21,270,20,74,71,0,9.0,-2
2,21,330,20,44,23,0,0.0,-14
2,21,20,10,4,-10,0,0.0,-6
2,21,10,20,15,6,0,0.0,-16
2,21,270,20,13,10,0,0.0,-8
2,21,250,10,-13,-17,0,4.0,-14
2,21,210,40,-11,-15,0,8.0,1
2,21,240,40,43,28,1,8.0,2
2,21,90,40,17,0,0,8.0,-2
2,21,180,60,77,61,3,7.0,2
2,21,210,30,70,55,0,0.0,-3
2,21,250,60,77,66,12,8.0,4
2,21,190,40,54,28,0,7.0,3
2,21,300,50,66,54,0,8.0,3
2,21,140,40,58,23,0,0.0,-4
2,21,130,60,84,9,0,2.0,-5
2,21,190,10,30,9,0,7.0,11
2,21,60,10,56,38,0,8.0,4
2,21,200,20,67,45,0,8.0,-2
2,21,170,20,92,63,0,8.0,-9
2,21,220,20,63,42,0,4.0,-3
2,21,160,40,79,45,0,7.0,8
2,21,160,40,88,69,0,7.0,-2
2,21,220,50,93,61,0,8.0,-1
2,21,300,50,78,65,0,8.0,0
2,21,270,30,59,33,0,3.0,-1
2,21,250,70,112,98,18,8.0,3
2,21,230,70,96,63,1,8.0,3
2,21,250,60,44,-5,0,0.0,5
2,21,200,60,23,-15,0,0.0,2
2,21,150,50,43,-5,0,7.0,-4
2,21,210,50,40,27,0,0.0,0
2,21,220,60,114,94,-1,7.0,-4
2,21,250,30,28,18,0,0.0,-9
2,21,210,30,65,34,0,8.0,-1
2,21,150,20,42,-4,0,0.0,-12
2,21,60,10,19,-9,0,0.0,4
2,21,110,20,31,-10,0,0.0,3
2,21,60,20,40,16,0,0.0,-11
2,21,30,10,28,13,0,0.0,-10
2,21,90,20,15,12,0,8.0,-4
2,21,60,20,44,30,0,8.0,1
2,21,70,50,2,-63,0,0.0,-7
2,21,70,30,-23,-67,0,0.0,7
2,21,220,10,-30,-67,0,0.0,-14
2,21,100,10,-18,-23,0,0.0,-17
2,21,60,20,-29,-35,0,6.0,5
2,21,220,20,8,7,0,0.0,13
2,21,230,70,95,69,0,8.0,-4
2,21,260,60,108,84,0,8.0,-1
2,21,250,30,103,68,0,8.0,-6
2,21,990,10,92,76,1,8.0,-5
2,21,200,40,86,65,0,7.0,2
2,21,250,40,80,51,0,0.0,-5
2,21,230,20,32,18,0,1.0,0
2,21,0,0,74,67,0,8.0,1
2,21,230,90,81,67,4,8.0,6
2,21,70,70,-13,-61,0,1.0,1
2,21,110,60,33,-16,0,8.0,0
2,21,250,20,-2,-4,-1,8.0,-2
2,21,140,10,0,-4,0,7.0,1
2,21,210,30,65,52,0,8.0,-28
2,21,200,10,51,41,0,8.0,0
2,21,240,30,4,-6,0,7.0,-5
2,21,190,30,4,-12,0,2.0,6
2,21,120,60,21,14,26,8.0,0
2,21,310,50,26,15,0,7.0,-2
2,21,350,40,13,-1,0,3.0,-15
2,21,250,30,3,-5,0,8.0,-2
2,21,340,40,12,-4,0,7.0,-5
2,21,240,10,-34,-41,0,0.0,-5
2,21,230,30,31,27,15,8.0,4
2,21,280,40,66,62,7,8.0,1
2,21,80,30,5,-16,0,1.0,-6
2,21,0,0,-25,-41,0,7.0,-4
2,21,250,30,33,24,0,8.0,2
2,21,310,30,49,45,0,8.0,-1
2,21,220,20,57,40,0,8.0,2
2,21,270,30,57,48,1,8.0,2
2,21,330,30,57,41,-1,8.0,-4
2,21,190,20,13,-8,0,5.0,4
2,21,240,30,60,56,-1,8.0,-1
2,21,270,40,69,42,0,8.0,3
2,21,240,20,77,73,0,8.0,-1
2,21,90,10,20,12,0,6.0,-7
2,21,230,20,-28,-30,0,1.0,2
2,21,350,80,32,20,17,8.0,-14
2,21,150,20,18,3,0,8.0,4
2,21,130,20,38,23,0,5.0,-5
2,21,190,20,37,33,0,1.0,-7
2,21,40,40,22,20,1,8.0,-6
2,21,70,30,17,16,0,9.0,2
2,21,80,50,-36,-60,0,8.0,0
2,21,20,40,-18,-63,0,8.0,0
2,21,50,30,-32,-38,8,8.0,0
2,21,20,60,-44,-67,0,3.0,-4
2,21,40,60,-27,-54,0,8.0,-3
2,21,300,30,-21,-48,0,8.0,7
2,21,40,20,-38,-51,-1,8.0,-6
2,21,150,20,-44,-60,0,8.0,5
2,21,140,30,-20,-50,0,0.0,-4
2,21,120,10,11,2,1,8.0,0
2,21,180,70,63,33,0,8.0,-3
2,21,220,40,13,-7,0,3.0,0
2,21,200,10,-34,-43,0,0.0,8
2,21,190,60,37,13,0,5.0,-5
2,21,250,50,85,78,3,8.0,-8
2,21,110,30,23,16,2,8.0,-1
2,21,140,40,71,57,0,4.0,12
2,21,150,50,83,70,-1,8.0,-2
2,21,240,80,63,13,-1,2.0,-4
2,21,130,30,73,14,0,8.0,4
2,21,270,80,39,25,12,8.0,0
2,21,230,30,6,3,0,9.0,1
2,21,200,70,34,25,3,8.0,1
2,21,210,60,46,36,0,1.0,5
2,21,240,100,109,64,0,8.0,1
2,21,240,90,109,84,0,8.0,0
2,21,240,50,96,41,0,8.0,0
2,21,280,70,94,54,0,8.0,-9
2,21,190,10,-11,-26,0,0.0,-3
2,21,160,20,46,12,0,8.0,-1
2,21,220,50,103,96,3,8.0,3
2,21,40,10,86,85,42,8.0,-1
2,21,240,20,77,69,0,8.0,2
2,21,140,40,67,39,0,8.0,0
2,21,170,10,57,52,0,7.0,-6
2,21,160,40,63,44,0,8.0,-1
2,21,50,10,43,24,0,0.0,-4
2,21,60,30,12,-12,0,1.0,-2
2,21,80,40,18,-6,0,8.0,0
2,21,90,50,30,2,-1,7.0,-4
2,21,80,60,1,-47,0,8.0,-6
2,21,90,50,-23,-71,0,0.0,-6
2,21,140,20,-12,-64,0,6.0,-17
2,21,160,60,13,6,6,8.0,3
2,21,230,10,76,74,0,8.0,-7
2,21,180,50,81,79,0,9.0,0
2,21,280,50,61,54,-1,8.0,-1
2,21,310,40,45,37,15,8.0,-4
2,21,40,20,34,27,0,8.0,-1
2,21,50,70,-54,-154,0,0.0,-3
2,21,60,40,-75,-159,0,0.0,1
2,21,50,20,-137,-153,-1,4.0,16
2,21,140,10,-157,-164,0,1.0,-1
2,21,90,10,-65,-106,0,8.0,1
2,21,70,10,-105,-144,0,0.0,-1
2,21,50,40,-54,-98,0,7.0,-4
2,21,50,30,-72,-102,0,0.0,-11
2,21,50,30,-69,-88,0,0.0,-23
2,21,40,30,-88,-131,0,0.0,11
2,21,20,20,-78,-99,0,8.0,0
2,21,230,10,-21,-30,-1,8.0,4
2,21,230,30,20,17,-1,8.0,1
2,21,280,60,40,34,8,8.0,2
2,21,320,50,56,52,5,8.0,2
2,21,230,30,43,35,0,7.0,-5
2,21,220,30,74,69,0,8.0,0
2,21,220,60,69,56,19,8.0,-30
2,21,240,30,0,-7,0,0.0,-5
2,21,210,40,17,-32,0,1.0,-1
2,21,210,40,40,18,0,1.0,-2
2,21,220,60,56,32,-1,8.0,3
2,21,240,40,106,98,0,8.0,-1
2,21,280,40,82,73,-1,8.0,-7
2,21,280,30,53,31,0,8.0,1
2,21,270,20,58,43,0,8.0,-2
2,21,230,30,72,68,0,8.0,1
2,21,250,20,92,92,0,7.0,0
2,21,170,10,83,76,0,8.0,1
2,21,250,20,26,23,0,6.0,0
2,21,310,40,33,14,-1,7.0,-7
2,21,240,50,69,64,0,8.0,4
2,21,250,40,69,24,0,7.0,-3
2,21,200,50,17,-7,0,8.0,1
2,21,300,40,17,13,0,7.0,7
2,21,270,40,12,8,-1,8.0,-5
2,21,300,30,-23,-27,0,3.0,-4
2,21,200,20,-3,-5,1,8.0,0
2,21,120,70,-9,-51,0,7.0,-1
2,21,80,60,-8,-68,0,7.0,-5
2,21,330,10,-16,-53,0,8.0,2
2,21,160,30,-19,-50,0,0.0,-4
2,21,210,40,9,3,3,8.0,1
2,21,240,20,45,34,0,8.0,-6
2,21,0,0,31,26,0,8.0,-3
2,21,50,10,-19,-22,0,5.0,11
2,21,210,10,-1,-19,0,0.0,-8
2,21,60,50,39,31,-1,8.0,-8
2,21,50,30,-25,-60,0,0.0,-3
2,21,50,50,-10,-62,0,8.0,-2
2,21,60,50,-22,-82,-1,8.0,-6
2,21,30,50,-4,-51,0,7.0,0
2,21,20,40,3,0,-1,8.0,1
2,21,60,50,18,9,0,8.0,2
2,21,30,30,35,22,0,8.0,1
2,21,70,50,10,-10,0,8.0,0
2,21,20,20,17,0,0,8.0,2
2,21,200,50,51,17,0,1.0,-6
2,21,180,40,42,21,0,1.0,1
2,21,140,30,45,18,0,8.0,3
2,21,130,40,45,12,0,0.0,-4
2,21,200,80,82,47,3,8.0,3
2,21,160,50,69,47,-1,8.0,7
2,21,210,50,55,27,0,2.0,-9
2,21,200,90,69,23,0,1.0,-8
2,21,200,60,49,12,0,5.0,-11
2,21,220,20,43,34,0,8.0,-1
2,21,230,30,55,42,0,7.0,-5
2,21,200,100,54,37,3,8.0,3
2,21,220,30,30,15,-1,0.0,2
2,21,160,70,82,62,0,8.0,12
2,21,230,60,78,36,3,8.0,-4
2,21,200,20,35,16,0,6.0,-7
2,21,170,30,54,28,0,1.0,0
2,21,190,50,64,52,6,8.0,-5
2,21,210,30,78,50,0,8.0,-7
2,21,220,50,100,93,2,8.0,-4
2,21,200,50,51,22,0,0.0,-7
2,21,180,40,51,33,0,0.0,-3
2,21,170,40,77,47,0,8.0,-6
2,21,170,30,85,42,0,1.0,-7
2,21,200,40,76,60,6,6.0,-9
2,21,190,20,45,28,0,6.0,1
2,21,200,30,45,35,0,2.0,-1
2,21,70,30,61,46,4,8.0,1
2,21,310,40,24,14,2,8.0,-2
2,21,220,30,3,0,-1,5.0,-1
2,21,20,30,3,-14,0,5.0,-6
2,21,40,20,-20,-27,0,0.0,-1
2,21,30,60,-5,-34,0,8.0,2
2,21,40,50,-10,-43,0,0.0,-7
2,21,290,30,34,31,0,5.0,16
2,21,270,30,30,19,0,7.0,-6
2,21,290,40,49,46,-1,8.0,-1
2,21,60,20,53,39,0,8.0,-2
2,21,70,10,7,4,0,0.0,-4
2,21,170,10,-10,-10,0,5.0,10
2,21,150,60,77,26,0,8.0,-1
2,21,110,30,70,33,-1,7.0,-5
2,21,40,20,1,-9,0,8.0,-13
2,21,190,40,22,22,0,8.0,-12
2,21,280,10,-16,-17,0,0.0,-2
2,21,190,40,14,14,0,9.0,0
2,21,190,50,26,-4,0,7.0,2
2,21,190,80,65,53,11,8.0,-3
2,21,230,20,17,11,0,1.0,-7
2,21,180,100,42,3,0,8.0,-6
2,21,220,60,52,5,0,5.0,-7
2,21,240,30,56,20,0,5.0,-6
2,21,200,30,44,44,0,8.0,2
2,21,220,30,84,81,17,8.0,-8
2,21,230,20,9,1,0,0.0,-2
2,21,200,90,75,9,0,8.0,0
2,21,240,60,112,94,2,8.0,2
2,21,260,40,66,26,0,5.0,0
2,21,260,30,41,23,-1,7.0,0
2,21,270,20,40,28,0,1.0,-19
2,21,210,50,96,87,-1,8.0,0
2,21,160,70,98,45,0,8.0,7
2,21,190,90,71,17,0,8.0,0
2,21,240,90,81,46,15,8.0,9
2,21,230,30,35,18,0,1.0,1
2,21,240,20,37,24,0,5.0,-9
2,21,200,20,16,11,0,1.0,-10
2,21,60,20,-3,-24,0,1.0,8
2,21,60,50,29,20,-1,8.0,1
2,21,360,40,12,7,12,8.0,6
2,21,360,10,-3,-13,0,1.0,-35
2,21,0,0,-35,-51,0,0.0,-4
2,21,160,10,9,-13,0,8.0,0
2,21,200,10,13,4,0,8.0,3
2,21,190,70,44,10,0,2.0,3
2,21,250,80,107,98,3,8.0,3
2,21,230,80,119,86,0,8.0,0
2,21,220,20,45,34,0,8.0,0
2,21,250,20,24,9,0,1.0,-2
2,21,260,10,-23,-25,0,0.0,-2
2,21,240,20,1,-5,0,2.0,-16
2,21,90,30,19,-18,0,8.0,6
2,21,50,40,14,-43,0,7.0,-6
2,21,20,40,13,-24,0,0.0,-8
2,21,30,10,-18,-29,0,0.0,-12
2,21,150,40,66,60,-1,8.0,7
2,21,150,40,108,73,-1,8.0,1
2,21,130,50,66,30,0,8.0,7
2,21,270,30,55,53,2,8.0,-3
2,21,20,40,41,32,0,8.0,-10
2,21,90,20,44,15,0,8.0,11
2,21,80,30,37,32,-1,8.0,-4
2,21,30,40,6,-10,0,8.0,-3
2,21,60,50,-10,-39,0,8.0,-5
2,21,40,30,-10,-25,0,8.0,3
2,21,20,30,2,1,12,8.0,0
2,21,80,50,20,-2,0,0.0,-6
2,21,90,60,48,-13,0,0.0,-15
2,21,140,20,54,1,0,0.0,-7
2,21,260,20,107,62,0,7.0,-9
2,21,230,20,63,54,0,8.0,-4
2,21,0,0,62,54,0,8.0,-2
2,21,190,20,31,8,0,8.0,-2
2,21,240,10,72,59,0,8.0,2
2,21,250,50,111,103,12,8.0,-2
2,21,220,50,104,96,2,8.0,0
2,21,260,50,103,96,25,8.0,1
2,21,270,140,65,28,-1,8.0,-12
2,21,240,20,28,18,0,7.0,-20
2,21,210,50,82,25,0,8.0,1
2,21,200,50,104,69,0,8.0,6
2,21,230,80,69,15,0,6.0,-1
2,21,170,20,14,10,8,7.0,18
2,21,250,40,36,13,3,8.0,-2
2,21,310,30,37,17,0,8.0,-4
2,21,340,10,11,8,0,8.0,7
2,21,50,40,20,-6,-1,8.0,0
2,21,70,40,-9,-41,0,0.0,-4
2,21,10,40,-30,-62,0,0.0,-2
2,21,340,10,-53,-70,0,3.0,3
2,21,180,40,-15,-30,0,7.0,1
2,21,170,30,6,1,1,8.0,3
2,21,180,80,32,-12,0,8.0,-5
2,21,230,30,25,-5,-1,7.0,4
2,21,190,30,-18,-45,0,7.0,0
2,21,130,30,2,-50,0,1.0,-3
2,21,150,70,40,-27,0,8.0,2
2,21,220,20,10,1,0,0.0,8
2,21,180,10,-20,-35,0,8.0,-5
2,21,70,10,-32,-42,0,0.0,4
2,21,160,20,4,-17,0,1.0,2
2,21,110,10,26,6,-1,8.0,-5
2,21,30,30,-14,-36,0,0.0,-1
2,21,30,30,-27,-52,0,0.0,10
2,21,50,40,-6,-39,0,0.0,-5
2,21,70,60,-10,-68,0,2.0,-4
2,21,70,80,-7,-80,0,0.0,-3
2,21,60,70,-27,-96,0,0.0,-4
2,21,20,40,-46,-92,0,2.0,-10
2,21,50,30,-52,-87,0,3.0,-1
2,21,80,100,-70,-146,0,8.0,-4
2,21,40,30,30,28,0,8.0,0
2,21,360,30,24,17,-1,8.0,0
2,21,240,20,7,0,0,0.0,-5
2,21,210,60,27,21,1,8.0,0
2,21,150,20,16,15,0,8.0,1
2,21,180,50,71,68,2,8.0,1
2,21,220,60,75,41,0,8.0,-1
2,21,190,100,85,72,12,8.0,1
2,21,200,40,79,42,0,8.0,8
2,21,300,80,45,35,14,8.0,2
2,21,260,20,22,7,0,1.0,-5
2,21,210,30,55,30,0,8.0,-9
2,21,190,30,29,11,0,7.0,-5
2,21,90,10,41,-8,0,0.0,11
2,21,170,20,49,19,0,0.0,14
2,21,170,10,30,19,0,8.0,2
2,21,180,30,67,4,0,8.0,-16
2,21,180,20,59,32,0,8.0,18
2,21,220,20,53,26,0,8.0,-11
2,21,200,40,58,21,0,0.0,-5
2,21,290,20,90,83,0,8.0,-1
2,21,60,10,73,70,0,6.0,-10
2,21,120,20,64,1,0,0.0,-6
2,21,330,10,44,-7,0,0.0,-10
2,21,0,0,53,22,0,0.0,-18
2,21,90,10,58,30,0,3.0,-16
2,21,240,10,58,37,0,0.0,2
2,21,210,40,99,85,-1,8.0,-3
2,21,240,50,87,55,0,5.0,0
2,21,240,60,113,85,0,8.0,-1
2,21,310,20,62,53,14,8.0,-1
2,21,310,30,31,26,0,0.0,-13
2,21,220,10,59,40,0,8.0,-1
2,21,120,10,-2,-5,0,0.0,-12
2,21,140,40,39,-5,0,2.0,0
2,21,200,40,77,72,0,4.0,8
2,21,240,100,121,101,58,8.0,1
2,21,270,70,53,32,17,8.0,0
2,21,260,60,64,-20,-1,7.0,-5
2,21,220,30,45,9,0,2.0,-12
2,21,280,60,73,62,0,8.0,-4
2,21,200,50,79,45,0,8.0,-4
2,21,200,110,130,68,0,8.0,3
2,21,220,70,89,60,1,8.0,-1
2,21,240,70,83,49,0,8.0,-6
2,21,210,70,77,40,-1,8.0,-2
2,21,190,60,58,44,2,8.0,3
2,21,260,50,42,27,9,8.0,11
2,21,220,60,86,36,0,8.0,1
2,21,240,50,99,86,2,8.0,-2
2,21,310,50,63,-6,0,8.0,-21
2,21,230,70,103,92,1,8.0,5
2,21,200,40,40,31,0,8.0,-10
2,21,200,20,27,8,0,3.0,7
2,21,280,40,27,3,-1,2.0,-8
2,21,200,80,63,56,0,8.0,12
2,21,210,90,64,11,0,7.0,-8
2,21,350,10,-76,-85,0,0.0,0
2,21,20,10,-63,-87,0,0.0,-12
2,21,50,21,-65,-87,0,2.0,3
2,21,60,26,-38,-86,0,0.0,2
2,21,30,62,-1,-23,-1,8.0,1
2,21,80,41,-116,-154,0,0.0,-2
2,21,80,62,-69,-98,0,8.0,-8
2,21,150,36,-90,-120,0,0.0,0
2,21,70,15,-43,-61,0,8.0,-8
2,21,220,26,-40,-51,0,8.0,1
2,21,40,51,-20,-26,-1,8.0,-1
2,21,360,5,-35,-40,0,7.0,-7
2,21,260,21,-40,-45,-1,7.0,11
2,21,270,36,6,0,0,7.0,-1
2,21,310,36,20,14,0,8.0,-4
2,21,90,15,-23,-34,0,2.0,12
2,21,990,5,-45,-52,0,0.0,-8
2,21,80,26,-1,-11,0,1.0,-1
2,21,180,5,-12,-20,0,8.0,5
2,21,210,26,15,11,0,8.0,-4
2,21,170,46,69,39,0,7.0,6
2,21,190,77,68,23,0,7.0,2
2,21,200,51,99,70,0,7.0,-9
2,21,190,10,50,35,0,6.0,20
2,21,70,26,75,69,0,8.0,-1
2,21,70,15,69,52,0,3.0,-35
2,21,70,31,40,9,0,1.0,-9
2,21,0,0,39,35,-1,8.0,1
2,21,190,21,-15,-16,0,9.0,-4
2,21,220,62,-10,-11,-1,8.0,-2
2,21,280,57,40,17,0,2.0,-5
2,21,240,21,-1,-2,0,4.0,11
2,21,260,36,60,51,0,7.0,3
2,21,220,26,69,60,0,8.0,-2
2,21,190,26,22,12,0,0.0,-7
2,21,160,41,35,23,0,0.0,-8
2,21,210,57,70,63,6,8.0,-5
2,21,220,51,64,47,0,7.0,-6
2,21,190,10,80,79,1,8.0,5
2,21,180,57,124,101,-1,7.0,-2
2,21,220,41,50,40,0,1.0,-1
2,21,200,72,79,57,2,8.0,4
2,21,230,57,56,23,-1,3.0,9
2,21,280,36,6,3,0,5.0,6
2,21,290,15,-23,-49,0,0.0,-9
2,21,310,21,-26,-64,0,1.0,-8
2,21,990,5,-12,-15,0,0.0,1
2,21,280,15,-6,-12,0,0.0,-4
2,21,260,31,29,11,0,1.0,-15
2,21,220,87,48,4,-1,8.0,3
2,21,190,5,59,58,0,9.0,-2
2,21,110,21,66,51,0,7.0,-3
2,21,80,5,54,33,0,6.0,-1
2,21,160,26,52,45,0,7.0,16
2,21,0,0,39,35,0,0.0,-6
2,21,160,5,55,46,0,0.0,-8
2,21,160,31,84,28,0,0.0,-15
2,21,190,15,5,-5,0,8.0,2
2,21,160,10,17,17,-1,8.0,0
2,21,30,10,-4,-4,0,9.0,-5
2,21,210,15,-13,-13,0,9.0,2
2,21,220,31,18,11,0,8.0,0
2,21,240,31,46,46,-1,8.0,2
2,21,350,15,53,46,-1,8.0,-2
2,21,70,36,45,38,0,8.0,-1
2,21,70,31,36,36,0,8.0,-3
2,21,80,15,16,12,0,5.0,-3
2,21,30,5,-13,-17,0,0.0,-6
2,21,60,15,-11,-11,0,9.0,-3
2,21,90,10,-7,-7,0,9.0,-2
2,21,120,15,4,-3,0,8.0,1
2,21,200,21,16,1,0,8.0,-1
2,21,250,41,55,49,0,8.0,-3
2,21,320,36,65,47,0,8.0,-2
2,21,240,72,65,65,5,8.0,4
2,21,310,67,55,30,-1,7.0,-5
2,21,270,103,54,47,13,8.0,7
2,21,340,36,18,6,4,8.0,-12
2,21,330,26,0,-10,0,2.0,-2
2,21,300,21,-6,-39,0,6.0,3
2,21,140,15,-28,-29,0,4.0,2
2,21,210,31,25,25,0,8.0,1
2,21,220,41,28,28,1,8.0,-1
2,21,260,41,-13,-19,0,3.0,0
2,21,230,21,-11,-11,0,2.0,-7
2,21,220,82,61,52,2,8.0,9
2,21,80,10,31,5,0,8.0,1
2,21,140,46,48,45,1,8.0,2
2,21,100,10,72,61,0,8.0,-2
2,21,990,5,33,27,0,8.0,2
2,21,150,26,13,12,0,0.0,0
2,21,250,15,53,46,0,8.0,-3
2,21,200,21,15,14,0,1.0,-6
2,21,240,31,29,20,0,3.0,14
2,21,330,31,44,31,1,7.0,-7
2,21,60,31,32,19,0,8.0,0
2,21,60,41,7,-18,0,6.0,-3
2,21,80,67,-70,-128,0,1.0,0
2,21,100,62,-16,-109,0,0.0,0
2,21,140,36,17,-64,0,7.0,-2
2,21,120,21,-6,-87,0,0.0,-7
2,21,60,10,-16,-71,0,3.0,3
2,21,80,36,-5,-101,0,0.0,-5
2,21,80,36,-20,-113,0,0.0,-7
2,21,40,31,-57,-86,0,0.0,-9
2,21,120,5,-68,-76,0,1.0,0
2,21,40,31,-15,-15,3,8.0,-1
2,21,80,26,7,0,4,8.0,0
2,21,20,5,7,7,0,6.0,1
2,21,120,31,23,22,0,8.0,1
2,21,150,36,65,50,0,7.0,-4
2,21,230,15,82,82,16,8.0,-2
2,21,160,5,72,72,8,8.0,-13
2,21,300,21,85,85,12,8.0,-4
2,21,190,5,7,4,0,6.0,0
2,21,210,57,64,37,-1,8.0,1
2,21,270,26,79,75,0,8.0,-1
2,21,230,46,86,83,0,8.0,3
2,21,250,67,91,71,0,8.0,1
2,21,240,36,80,76,2,8.0,0
2,21,70,26,20,17,1,8.0,0
2,21,0,0,-23,-31,0,2.0,7
2,21,190,41,57,57,0,2.0,-2
2,21,210,108,107,98,4,8.0,3
2,21,190,36,70,47,0,7.0,-3
2,21,180,57,92,86,0,7.0,0
2,21,190,72,89,53,-1,8.0,2
2,21,240,87,89,53,0,7.0,-4
2,21,200,87,78,64,8,8.0,7
2,21,220,57,47,40,0,2.0,1
2,21,210,46,43,25,0,0.0,0
2,21,220,98,107,101,2,8.0,0
2,21,190,51,101,98,0,7.0,6
2,21,250,51,30,26,0,3.0,1
2,21,190,77,49,9,0,7.0,0
2,21,220,67,47,29,0,6.0,-1
2,21,220,15,24,24,0,5.0,6
2,21,280,26,31,30,0,7.0,-10
2,21,320,31,19,6,0,1.0,-6
2,21,220,93,46,45,5,8.0,5
2,21,230,93,101,70,0,7.0,0
2,21,120,21,-19,-68,0,0.0,-11
2,21,340,15,3,-5,-1,8.0,-2
2,21,330,21,-21,-31,0,7.0,2
2,21,270,21,-17,-47,0,7.0,-2
2,21,130,36,-27,-49,0,0.0,-5
2,21,90,41,-37,-80,0,2.0,-5
2,21,80,36,-22,-81,0,8.0,-7
2,21,360,15,-58,-95,0,7.0,0
2,21,140,51,20,-37,0,8.0,-4
2,21,190,51,41,21,-1,7.0,3
2,21,210,51,48,44,-1,8.0,-1
2,21,120,26,29,26,12,8.0,-1
2,21,10,87,10,0,-1,8.0,-1
2,21,350,21,-8,-28,0,8.0,-1
2,21,230,62,12,3,-1,8.0,4
2,21,260,46,45,22,0,2.0,5
2,21,210,36,36,10,0,7.0,5
2,21,240,41,24,20,3,6.0,-6
2,21,360,46,-9,-22,-1,8.0,3
2,21,40,67,-31,-57,-1,8.0,-2
2,21,310,26,-61,-82,0,1.0,-1
2,21,180,21,-13,-24,0,8.0,2
2,21,180,41,1,-26,0,8.0,-1
2,21,180,82,48,41,2,8.0,7
2,21,200,26,94,38,0,8.0,-3
2,21,170,10,22,22,0,3.0,-8
2,21,30,21,34,27,0,7.0,2
2,21,20,41,25,22,0,1.0,3
2,21,350,36,47,44,-1,7.0,-19
2,21,110,30,7,-23,0,1.0,-8
2,21,230,30,8,2,0,8.0,-2
2,21,200,30,3,3,0,4.0,-1
2,21,220,80,61,55,1,8.0,-3
2,21,240,30,10,6,0,3.0,-5
2,21,190,40,42,4,0,3.0,-8
2,21,260,20,69,63,2,8.0,1
2,21,230,10,61,57,0,8.0,7
2,21,200,40,88,64,0,3.0,0
2,21,260,90,82,40,-1,4.0,-16
2,21,200,50,65,35,-1,8.0,-8
2,21,210,100,107,85,-1,8.0,-6
2,21,270,80,53,14,-1,8.0,4
2,21,340,10,9,-2,0,4.0,-5
2,21,250,20,34,16,0,7.0,-5
2,21,140,50,37,4,0,2.0,-8
2,21,190,70,89,53,0,7.0,0
2,21,260,90,59,18,0,7.0,-3
2,21,200,120,83,39,-1,8.0,-1
2,21,220,70,80,51,0,2.0,6
2,21,250,60,100,84,0,8.0,-1
2,21,190,40,105,74,0,7.0,-16
2,21,190,60,101,68,0,7.0,-2
2,21,190,80,102,93,13,8.0,10
2,21,220,80,108,71,0,7.0,-13
2,21,280,70,63,49,5,7.0,0
2,21,180,40,77,37,0,7.0,-3
2,21,220,30,89,27,0,4.0,12
2,21,80,10,-71,-106,0,1.0,-14
2,21,230,60,10,10,0,7.0,-4
2,21,210,20,-29,-32,0,1.0,1
2,21,220,30,-6,-16,0,2.0,-1
2,21,210,30,39,21,0,7.0,1
2,21,190,30,33,9,0,7.0,-22
2,21,240,40,26,16,0,5.0,-9
2,21,200,40,35,17,0,6.0,-3
2,21,200,30,57,-6,0,7.0,-6
2,21,200,10,26,22,0,5.0,2
2,21,220,60,89,56,0,7.0,-2
2,21,230,50,99,82,0,7.0,2
2,21,220,30,89,81,0,5.0,-16
2,21,220,30,63,43,0,0.0,15
2,21,190,40,113,62,0,6.0,-2
2,21,280,80,85,76,-1,8.0,-6
2,21,190,10,0,-6,0,1.0,1
2,21,160,20,48,28,0,2.0,-15
2,21,180,20,87,87,0,7.0,-1
2,21,150,30,100,60,0,6.0,-18
2,21,210,50,88,79,0,7.0,1
2,21,270,10,31,25,0,3.0,0
2,21,250,40,81,72,-1,8.0,-4
2,21,300,20,92,75,0,8.0,-4
2,21,230,10,85,76,0,8.0,-1
2,21,260,40,71,71,0,8.0,-4
2,21,240,100,89,25,0,8.0,0
2,21,210,40,9,-13,0,1.0,5
2,21,330,30,56,56,1,8.0,2
2,21,240,30,22,22,0,7.0,3
2,21,240,40,78,68,0,8.0,-2
2,21,270,110,108,82,-1,8.0,-14
2,21,280,70,34,11,-1,7.0,3
2,21,220,40,32,29,2,8.0,3
2,21,270,50,-3,-3,0,6.0,-1
2,21,210,40,-1,-1,-1,8.0,-8
2,21,210,40,-15,-16,0,3.0,-4
2,21,270,20,-28,-28,0,1.0,3
2,21,230,10,-65,-68,0,0.0,-5
2,21,70,20,-47,-70,0,0.0,-14
2,21,350,10,-55,-68,0,0.0,-8
2,21,190,40,-1,-48,-1,8.0,-5
2,21,210,60,14,11,0,8.0,0
2,21,260,90,56,11,-1,7.0,0
2,21,260,40,10,3,0,6.0,3
2,21,240,40,63,63,2,8.0,4
2,21,310,50,101,101,24,8.0,-8
2,21,200,40,30,16,0,6.0,-13
2,21,270,80,57,30,0,2.0,-1
2,21,280,70,23,17,1,7.0,-4
2,21,260,30,32,27,6,7.0,-3
2,21,340,10,-3,-19,0,0.0,-10
2,21,230,70,51,7,0,8.0,0
2,21,180,40,60,47,0,7.0,-7
2,21,220,50,67,64,0,7.0,-12
2,21,210,100,90,41,0,7.0,0
2,21,220,70,85,52,0,8.0,1
2,21,250,40,42,27,0,0.0,-3
2,21,210,40,56,40,0,7.0,5
2,21,240,70,69,53,1,8.0,0
2,21,190,50,96,-4,0,7.0,-15
2,21,200,50,84,65,6,8.0,-3
2,21,220,100,83,73,2,8.0,8
2,21,260,70,76,20,0,2.0,-3
2,21,200,40,44,16,0,2.0,-1
2,21,260,40,35,19,0,1.0,-6
2,21,190,30,24,-4,0,1.0,-5
2,21,230,60,39,22,0,1.0,-1
2,21,250,30,12,-2,0,1.0,-9
2,21,200,60,67,60,4,8.0,6
2,21,190,40,55,30,0,7.0,2
2,21,240,80,28,-6,-1,7.0,6
2,21,220,40,19,-3,0,8.0,0
2,21,240,40,60,41,1,8.0,0
2,21,340,60,32,-4,0,4.0,-6
2,21,200,10,-17,-24,0,3.0,-2
2,21,240,40,46,32,-1,8.0,-1
2,21,110,10,22,9,0,7.0,-9
2,21,200,50,84,41,0,8.0,-1
2,21,100,20,46,33,13,8.0,0
2,21,220,30,5,-8,0,0.0,4
2,21,190,20,0,-18,0,0.0,-5
2,21,190,60,115,49,0,7.0,6
2,21,220,50,53,29,0,0.0,-2
2,21,230,90,76,62,15,8.0,-3
2,21,250,30,0,-2,-1,8.0,0
2,21,130,20,2,0,4,8.0,1
2,21,240,40,56,50,0,7.0,-3
2,21,190,60,96,79,-1,7.0,0
2,21,240,90,103,84,-1,4.0,-3
2,21,200,70,111,72,0,7.0,-5
2,21,150,40,99,89,-1,8.0,-3
2,21,220,20,71,62,3,8.0,0
2,21,0,0,-17,-29,0,1.0,3
2,21,190,60,43,18,-1,8.0,-3
2,21,210,60,116,91,0,6.0,2
2,21,30,70,89,83,4,8.0,-15
2,21,30,30,27,17,0,4.0,-7
2,21,50,20,26,17,0,4.0,-16
2,21,0,0,17,4,0,0.0,-9
2,21,330,30,38,36,2,8.0,3
2,21,20,30,36,6,0,8.0,-1
2,21,340,20,50,12,0,7.0,-3
2,21,260,40,41,34,-1,8.0,5
2,21,250,30,35,22,0,7.0,-7
2,21,280,40,74,70,7,8.0,2
2,21,250,50,45,27,0,6.0,-5
2,21,990,10,2,-3,14,8.0,1
2,21,260,20,-57,-75,0,1.0,2
2,21,250,30,3,-3,5,8.0,5
2,21,160,50,6,-23,0,0.0,-6
2,21,140,40,40,-10,0,8.0,-4
2,21,110,10,40,1,0,7.0,3
2,21,200,80,117,73,0,5.0,0
2,21,160,20,91,37,0,,-18
2,21,180,90,143,29,0,,-12
2,21,200,90,101,48,1,8.0,-7
2,21,220,70,86,68,7,7.0,-7
2,21,280,20,61,50,-1,7.0,-2
2,21,210,90,53,39,4,8.0,-1
2,21,230,80,119,110,-1,7.0,0
2,21,240,60,78,51,0,,1
2,21,220,80,94,65,0,,0
2,21,230,110,116,111,5,8.0,-1
2,21,240,50,92,61,2,8.0,-7
2,21,30,60,61,40,0,6.0,-2
2,21,60,50,15,-31,0,1.0,-16
2,21,30,50,1,-32,0,0.0,1
2,21,20,30,-2,-33,0,,8
2,21,230,20,16,-9,0,,1
2,21,220,40,11,-2,0,3.0,16
2,21,220,70,71,66,2,8.0,3
2,21,250,40,38,26,-1,4.0,-15
2,21,200,50,35,-19,0,8.0,4
2,21,260,90,77,41,0,,-10
2,21,260,50,32,-11,0,,-1
2,21,190,40,29,24,4,,0
2,21,210,110,100,88,6,8.0,-1
2,21,230,60,72,61,16,8.0,5
2,21,220,60,47,32,0,6.0,1
2,21,230,80,45,34,15,7.0,5
2,21,200,40,-9,-11,-1,,3
2,21,230,80,50,36,1,,-4
2,21,250,30,4,-20,0,1.0,-9
2,21,280,60,32,18,1,7.0,5
2,21,240,40,21,-1,0,6.0,4
2,21,180,30,15,2,0,7.0,2
2,21,200,40,50,48,0,8.0,-1
2,21,190,30,61,59,0,,-2
2,21,130,40,46,20,0,,-13
2,21,230,20,-25,-29,0,1.0,-5
2,21,40,20,-36,-39,0,1.0,6
2,21,90,30,-25,-55,0,0.0,-5
2,21,70,50,-12,-73,0,0.0,-4
2,21,40,40,-12,-73,0,3.0,-2
2,21,70,40,1,-42,0,,1
2,21,60,40,-26,-77,0,,-8
2,21,50,60,-20,-68,0,1.0,0
2,21,60,40,-13,-64,0,0.0,-5
2,21,80,50,12,-30,0,0.0,-6
2,21,60,30,21,-28,0,2.0,-12
2,21,70,30,31,-23,0,1.0,-26
2,21,150,30,14,-27,0,,1
2,21,150,30,37,8,0,,-24
2,21,120,30,63,-9,0,1.0,-9
2,21,100,30,60,-36,0,0.0,-12
2,21,110,20,70,35,0,8.0,-4
2,21,140,30,88,41,0,7.0,-19
2,21,160,50,88,58,0,5.0,2
2,21,200,80,104,83,4,,-2
2,21,240,50,117,88,0,7.0,-6
2,21,200,70,139,74,0,6.0,-2
2,21,220,80,150,64,0,7.0,1
2,21,240,70,136,94,0,8.0,-3
2,21,230,90,120,100,4,7.0,-4
2,21,230,90,59,34,0,,4
2,21,300,90,46,-6,0,7.0,-7
2,21,270,30,29,17,-1,7.0,-13
2,21,240,60,42,35,8,8.0,13
2,21,40,30,48,30,0,8.0,-1
2,21,260,20,60,48,0,8.0,1
2,21,250,20,67,57,0,,-4
2,21,240,20,47,34,0,,-7
2,21,40,20,56,39,0,,-29
2,21,90,20,29,25,0,8.0,-2
2,21,290,20,46,38,-1,8.0,1
2,21,10,50,27,20,-1,2.0,1
2,21,60,60,-3,-55,0,1.0,-4
2,21,80,30,16,-35,0,0.0,-2
2,21,20,40,13,-22,0,,0
2,21,320,30,-7,-36,0,,-8
2,21,300,10,-26,-39,0,1.0,-3
2,21,210,60,16,10,11,8.0,2
2,21,220,40,-17,-20,0,2.0,-3
2,21,210,30,-25,-46,0,1.0,-14
2,21,360,20,-1,-1,3,7.0,-10
2,21,990,10,-47,-51,0,,-11
2,21,20,20,-26,-41,0,,-4
2,21,280,30,34,22,0,,3
2,21,300,40,59,48,0,,-3
2,21,230,10,39,29,0,,4
2,21,120,20,22,16,0,,-7
2,21,150,50,37,-5,0,,-2
2,21,90,20,16,-22,0,,-7
2,21,60,10,-32,-56,0,,10
2,21,150,10,12,-4,0,,-8
2,21,210,60,79,49,0,,2
2,21,270,40,90,84,39,,-2
2,21,180,30,63,59,1,,1
2,21,280,90,62,38,1,,2
2,21,290,20,19,11,11,,1
2,21,350,40,16,0,0,,2
2,21,20,70,0,-36,0,,-2
2,21,20,50,-1,-49,0,,-1
2,21,200,10,-4,-40,0,,-1
2,21,220,60,23,16,17,,6
2,21,280,30,13,0,0,,-4
2,21,320,20,-7,-15,0,,-1
2,21,60,40,15,-11,0,,-4
2,21,50,50,-9,-37,0,,-1
2,21,270,10,-4,-10,0,,0
2,21,60,20,-13,-49,0,,-14
2,21,320,10,6,-15,0,,3
2,21,30,70,-5,-20,0,,0
2,21,20,50,-43,-101,0,,-6
2,21,210,40,-44,-113,0,,-3
2,21,220,10,-38,-39,0,,0
2,21,40,20,-35,-35,0,,-3
2,21,250,20,4,4,0,,3
2,21,40,40,28,14,0,,-8
2,21,340,30,34,31,0,,1
2,21,230,50,33,20,0,,1
2,21,220,70,67,35,0,,-3
2,21,280,50,24,14,5,,3
2,21,300,40,24,-1,0,,4
2,21,320,20,18,7,0,,-4
2,21,210,10,4,-5,0,,-1
2,21,170,60,5,3,5,,2
2,21,180,30,30,18,0,,-3
2,21,200,50,57,44,0,,0
2,21,210,40,73,52,0,,1
2,21,190,30,46,39,0,,0
2,21,220,70,51,41,-1,,3
2,21,220,30,44,37,0,,1
2,21,60,50,59,39,2,,-5
2,21,30,60,20,12,3,,-1
2,21,60,60,33,10,0,,0
2,21,60,40,11,-29,0,,-2
2,21,70,30,3,-45,0,,-1
2,21,70,60,15,-41,0,,-1
2,21,50,60,-16,-45,0,,0
2,21,320,20,-6,-41,0,,-6
2,21,240,50,20,14,3,,-6
2,21,260,40,1,-1,1,,-2
2,21,270,20,83,79,0,8.0,-9
2,21,340,30,67,42,0,8.0,-19
2,21,330,10,9,-2,0,0.0,5
2,21,360,10,6,3,0,0.0,-8
2,21,260,20,24,17,0,4.0,-15
2,21,270,10,3,-1,-1,7.0,-3
2,21,190,30,-16,-17,0,9.0,-2
2,21,230,60,42,24,-1,8.0,1
2,21,80,40,22,2,0,7.0,-1
2,21,180,50,76,58,0,8.0,4
2,21,210,40,71,59,0,1.0,-3
2,21,240,70,77,62,2,8.0,-5
2,21,180,30,58,30,0,5.0,2
2,21,300,40,59,47,0,7.0,2
2,21,140,30,55,28,0,3.0,1
2,21,120,60,88,9,0,7.0,-3
2,21,150,30,54,24,0,0.0,4
2,21,30,20,55,40,0,8.0,4
2,21,150,30,67,44,0,8.0,-1
2,21,160,30,82,59,0,8.0,-6
2,21,220,40,49,41,0,0.0,-3
2,21,150,40,77,45,0,2.0,0
2,21,170,40,94,71,0,3.0,-2
2,21,220,60,84,59,0,5.0,6
2,21,280,50,77,70,-1,8.0,-1
2,21,270,40,61,42,-1,8.0,-7
2,21,230,90,107,100,19,8.0,3
2,21,230,90,88,68,14,8.0,0
2,21,230,60,33,5,0,1.0,-1
2,21,190,50,19,-24,0,0.0,4
2,21,140,50,36,-10,0,4.0,4
2,21,180,50,39,26,0,0.0,-5
2,21,210,80,114,88,3,8.0,-3
2,21,250,30,28,19,0,0.0,-9
2,21,190,30,59,30,0,3.0,-10
2,21,130,30,60,0,0,0.0,-3
2,21,120,20,61,-29,0,0.0,-10
2,21,100,10,53,2,0,0.0,-24
2,21,70,20,33,11,0,0.0,-6
2,21,50,20,36,12,0,2.0,-9
2,21,30,30,11,10,0,8.0,-5
2,21,60,30,45,27,0,8.0,1
2,21,70,40,4,-67,0,0.0,-2
2,21,80,30,-2,-66,0,0.0,-5
2,21,0,0,-30,-68,0,0.0,-7
2,21,0,0,-26,-33,0,0.0,-6
2,21,40,10,-3,-6,0,0.0,-6
2,21,210,10,3,-8,0,1.0,14
2,21,230,90,96,70,0,8.0,-3
2,21,250,80,109,80,0,7.0,-2
2,21,230,70,101,66,0,8.0,-3
2,21,170,40,92,71,-1,7.0,11
2,21,190,40,92,62,0,7.0,-1
2,21,240,60,79,52,0,0.0,-10
2,21,230,20,12,1,0,0.0,1
2,21,140,20,80,67,0,8.0,-1
2,21,230,110,77,64,5,8.0,5
2,21,60,80,-11,-62,-1,1.0,-2
2,21,90,40,30,-18,0,7.0,0
2,21,270,20,0,-4,1,8.0,-2
2,21,170,10,1,0,0,9.0,1
2,21,200,30,59,46,0,7.0,-18
2,21,120,20,40,36,0,8.0,3
2,21,260,30,-5,-17,0,2.0,-13
2,21,190,40,10,-12,0,7.0,2
2,21,130,50,17,10,32,8.0,3
2,21,280,40,18,8,0,6.0,3
2,21,340,40,15,2,0,5.0,-12
2,21,270,30,0,-11,0,8.0,-12
2,21,320,30,3,-6,0,3.0,5
2,21,330,10,-28,-39,0,0.0,-6
2,21,230,50,23,16,2,8.0,1
2,21,280,40,64,59,7,8.0,3
2,21,70,40,6,-18,0,0.0,-6
2,21,990,10,-35,-56,0,1.0,3
2,21,230,40,25,12,0,8.0,3
2,21,300,30,49,40,0,8.0,-1
2,21,220,40,52,37,0,8.0,5
2,21,280,30,59,47,-1,8.0,-1
2,21,330,40,57,36,0,8.0,-2
2,21,270,20,40,8,0,8.0,-3
2,21,230,60,59,50,0,8.0,-1
2,21,260,40,63,43,-1,8.0,3
2,21,240,20,78,74,-1,8.0,0
2,21,50,20,31,24,0,0.0,11
2,21,220,20,-31,-33,0,1.0,-11
2,21,250,70,64,54,7,8.0,-50
2,21,150,20,16,3,0,7.0,5
2,21,120,40,48,27,0,5.0,-4
2,21,180,30,37,34,0,7.0,-8
2,21,40,30,20,14,-1,8.0,-3
2,21,50,20,22,13,0,8.0,1
2,21,50,50,-31,-59,0,8.0,1
2,21,360,80,-25,-87,0,8.0,-2
2,21,40,50,-38,-53,-1,8.0,-1
2,21,20,60,-44,-73,0,0.0,-3
2,21,30,30,-26,-55,-1,7.0,-3
2,21,290,20,-13,-49,0,8.0,2
2,21,30,20,-40,-52,-1,8.0,-1
2,21,140,20,-55,-65,0,2.0,18
2,21,130,30,-12,-57,0,0.0,-6
2,21,130,20,12,1,0,8.0,0
2,21,170,50,55,24,0,8.0,5
2,21,210,50,13,-7,0,7.0,3
2,21,230,10,-2,-12,-1,1.0,-16
2,21,190,50,35,5,0,8.0,-4
2,21,240,80,91,82,8,8.0,-2
2,21,100,20,25,15,2,8.0,-1
2,21,160,40,79,62,0,7.0,3
2,21,150,40,83,65,-1,8.0,-2
2,21,230,100,60,11,-1,1.0,-5
2,21,130,30,90,22,0,7.0,-2
2,21,260,80,41,28,7,8.0,0
2,21,230,50,4,-1,-1,8.0,1
2,21,200,70,33,17,0,8.0,-3
2,21,200,60,44,34,0,5.0,0
2,21,240,130,112,60,0,8.0,-2
2,21,240,90,105,86,-1,8.0,-1
2,21,230,70,92,39,0,8.0,1
2,21,250,70,106,68,-1,8.0,-13
2,21,990,10,-6,-21,0,0.0,-7
2,21,150,30,59,18,0,8.0,-1
2,21,220,70,100,93,6,8.0,3
2,21,10,10,90,86,28,8.0,-1
2,21,240,20,78,71,0,8.0,0
2,21,130,40,74,36,0,8.0,-2
2,21,220,30,64,54,-1,8.0,-3
2,21,150,30,63,39,0,8.0,0
2,21,70,10,37,17,0,0.0,-21
2,21,80,50,14,-13,0,8.0,-4
2,21,50,30,19,-6,0,8.0,1
2,21,80,40,34,-1,0,8.0,0
2,21,80,50,0,-51,0,8.0,-3
2,21,80,40,-16,-71,0,0.0,-3
2,21,130,20,-4,-66,0,8.0,1
2,21,160,60,10,-4,9,8.0,-1
2,21,160,20,78,77,0,8.0,-3
2,21,160,40,72,67,-1,8.0,-1
2,21,270,40,63,53,-1,8.0,-2
2,21,300,50,42,30,11,8.0,-10
2,21,20,20,34,26,0,8.0,1
2,21,50,70,-55,-157,0,0.0,-5
2,21,60,40,-78,-164,0,0.0,-1
2,21,60,20,-108,-110,0,0.0,-26
2,21,130,10,-158,-177,0,0.0,-10
2,21,120,10,-74,-106,0,8.0,5
2,21,60,20,-107,-158,0,0.0,-6
2,21,50,50,-54,-107,0,4.0,-2
2,21,40,30,-65,-101,0,0.0,7
2,21,40,30,-79,-99,0,0.0,-2
2,21,50,30,-75,-136,0,0.0,-14
2,21,30,10,-82,-105,0,8.0,-1
2,21,240,30,-23,-39,-1,8.0,1
2,21,220,30,18,15,0,8.0,-1
2,21,260,60,38,32,7,8.0,0
2,21,320,40,50,44,-1,8.0,-5
2,21,240,40,47,41,0,8.0,-3
2,21,210,40,70,67,-1,8.0,-3
2,21,240,70,71,60,16,8.0,-22
2,21,260,30,1,-6,0,7.0,-18
2,21,200,50,18,-39,0,7.0,-1
2,21,210,50,36,14,0,0.0,-2
2,21,220,90,58,26,1,8.0,-1
2,21,220,50,103,96,0,8.0,1
2,21,290,20,90,86,8,8.0,-6
2,21,270,30,50,24,0,1.0,2
2,21,280,20,54,40,0,8.0,-20
2,21,230,50,72,69,-1,8.0,1
2,21,240,20,93,93,-1,9.0,1
2,21,250,10,86,78,0,8.0,-1
2,21,300,30,28,24,0,7.0,-1
2,21,300,40,34,11,-1,7.0,1
2,21,230,60,62,58,1,8.0,-4
2,21,230,50,66,23,0,6.0,-6
2,21,180,40,12,-7,0,8.0,2
2,21,290,30,22,10,-1,7.0,1
2,21,260,20,-1,-3,0,2.0,0
2,21,280,20,-19,-22,0,1.0,1
2,21,160,30,-4,-6,4,8.0,0
2,21,120,60,-8,-62,0,2.0,-1
2,21,70,50,-1,-61,0,8.0,-8
2,21,340,10,-11,-55,0,8.0,-1
2,21,150,30,-21,-43,0,0.0,-5
2,21,200,30,8,5,-1,8.0,0
2,21,230,20,35,32,0,8.0,-2
2,21,220,10,29,28,0,8.0,-2
2,21,50,10,-13,-13,0,4.0,21
2,21,240,10,-6,-14,0,2.0,-6
2,21,60,60,34,21,1,8.0,-7
2,21,40,30,-33,-54,0,0.0,7
2,21,50,40,-5,-53,0,8.0,-4
2,21,60,60,-26,-70,0,7.0,-8
2,21,10,60,-2,-46,0,8.0,-1
2,21,360,40,4,-6,-1,8.0,1
2,21,60,50,17,8,-1,8.0,0
2,21,20,30,33,20,0,8.0,0
2,21,70,40,8,-10,0,8.0,2
2,21,350,20,17,-1,0,8.0,3
2,21,160,50,45,21,0,0.0,6
2,21,170,40,37,12,0,1.0,-7
2,21,140,40,49,14,0,8.0,-1
2,21,130,50,51,8,0,0.0,-3
2,21,200,90,80,43,1,8.0,0
2,21,140,50,71,47,-1,8.0,6
2,21,200,50,49,26,0,2.0,-4
2,21,200,70,67,30,0,1.0,-5
2,21,200,70,49,11,-1,2.0,-6
2,21,240,20,28,21,0,7.0,11
2,21,220,50,56,43,1,8.0,-2
2,21,190,80,57,30,-1,8.0,1
2,21,210,50,31,15,-1,5.0,1
2,21,150,50,75,58,0,8.0,12
2,21,220,90,79,29,0,4.0,0
2,21,190,30,45,20,0,1.0,0
2,21,160,30,46,22,0,0.0,-2
2,21,200,40,65,42,1,8.0,-5
2,21,200,40,78,52,0,8.0,0
2,21,200,60,97,85,2,8.0,-6
2,21,200,50,47,17,0,0.0,-5
2,21,190,40,47,25,0,0.0,-6
2,21,170,40,72,37,0,1.0,-7
2,21,160,30,81,31,0,0.0,-7
2,21,190,60,94,66,1,8.0,-5
2,21,180,20,49,26,0,0.0,-1
2,21,200,40,45,32,-1,4.0,0
2,21,80,40,69,41,2,8.0,-2
2,21,290,20,14,4,0,5.0,7
2,21,240,40,3,-1,0,7.0,2
2,21,10,30,8,-9,0,7.0,-20
2,21,30,30,-22,-34,0,0.0,-7
2,21,40,60,-1,-35,0,8.0,-3
2,21,30,60,-13,-46,0,0.0,-5
2,21,300,30,39,33,0,7.0,-4
2,21,240,20,10,-6,0,4.0,6
2,21,310,30,52,47,-1,8.0,-1
2,21,60,20,55,47,0,8.0,-1
2,21,30,20,-16,-20,0,0.0,5
2,21,990,10,-19,-22,0,6.0,-10
2,21,140,50,69,22,0,6.0,-1
2,21,100,30,69,25,0,6.0,-2
2,21,50,20,-5,-16,0,0.0,-9
2,21,200,20,-1,-6,0,0.0,6
2,21,230,10,-8,-11,0,0.0,-6
2,21,160,20,12,11,0,9.0,-4
2,21,180,50,34,-5,0,8.0,-2
2,21,200,70,63,49,6,8.0,-3
2,21,220,20,9,6,0,7.0,-3
2,21,180,80,41,-4,0,8.0,-2
2,21,220,70,44,7,0,5.0,-3
2,21,220,40,35,20,-1,7.0,10
2,21,190,10,42,39,0,8.0,5
2,21,190,40,80,75,8,8.0,0
2,21,230,20,-3,-16,0,0.0,6
2,21,190,70,71,-5,0,8.0,0
2,21,230,90,114,87,-1,8.0,-9
2,21,230,50,57,30,0,2.0,7
2,21,250,30,36,18,-1,7.0,3
2,21,300,10,55,47,0,8.0,-21
2,21,190,50,97,85,0,8.0,0
2,21,150,50,91,43,0,8.0,2
2,21,190,70,68,15,0,1.0,2
2,21,230,140,79,46,2,8.0,2
2,21,230,70,34,25,0,3.0,0
2,21,230,40,34,27,0,5.0,-1
2,21,210,20,14,10,0,0.0,-4
2,21,50,20,-8,-33,0,0.0,-11
2,21,60,50,29,19,-1,8.0,0
2,21,340,30,6,2,6,8.0,0
2,21,270,10,-15,-34,0,0.0,-10
2,21,100,20,3,-39,0,0.0,-7
2,21,40,10,-25,-34,0,7.0,13
2,21,250,10,17,-10,0,8.0,-2
2,21,180,50,37,2,0,1.0,5
2,21,240,90,103,96,5,8.0,2
2,21,230,120,122,84,0,8.0,-5
2,21,220,30,42,35,-1,8.0,-2
2,21,260,20,15,3,0,3.0,-20
2,21,220,10,-16,-18,0,0.0,-13
2,21,220,30,-23,-29,0,0.0,0
2,21,80,30,35,-24,0,8.0,-3
2,21,40,50,18,-44,0,7.0,-4
2,21,20,40,12,-27,0,8.0,3
2,21,10,10,-22,-52,0,0.0,-16
2,21,150,40,53,46,-1,8.0,1
2,21,140,30,100,67,0,8.0,-1
2,21,140,40,72,32,0,8.0,2
2,21,220,30,54,52,5,8.0,-2
2,21,40,40,51,33,0,8.0,-9
2,21,110,20,60,22,0,8.0,-5
2,21,50,20,42,41,3,8.0,-1
2,21,40,40,6,-1,-1,8.0,0
2,21,40,40,-14,-38,0,6.0,-4
2,21,60,30,-2,-26,0,8.0,1
2,21,50,40,5,4,9,8.0,3
2,21,80,40,23,-2,0,1.0,-3
2,21,70,60,49,-11,0,0.0,-9
2,21,120,30,57,0,0,0.0,-14
2,21,190,40,104,60,0,7.0,-12
2,21,240,30,63,55,0,8.0,-12
2,21,260,20,68,61,0,8.0,-4
2,21,180,30,38,8,0,8.0,-16
2,21,230,20,70,61,0,8.0,-1
2,21,240,50,110,106,5,8.0,0
2,21,220,80,102,97,-1,8.0,-2
2,21,240,70,102,96,11,8.0,-1
2,21,260,120,71,21,-1,8.0,-11
2,21,230,20,3,-6,0,0.0,-5
2,21,200,70,75,23,0,8.0,1
2,21,200,50,102,70,0,8.0,1
2,21,220,60,72,50,0,8.0,-6
2,21,240,30,43,18,-1,8.0,-13
2,21,240,70,35,7,0,8.0,-10
2,21,320,30,38,21,0,8.0,-3
2,21,350,10,26,19,-1,8.0,3
2,21,40,40,9,-6,-1,8.0,0
2,21,70,40,-5,-45,0,0.0,-4
2,21,20,40,-12,-49,0,8.0,-6
2,21,0,0,-51,-64,0,1.0,-9
2,21,180,30,-15,-43,0,5.0,-3
2,21,170,30,5,-2,-1,8.0,1
2,21,190,60,27,-18,0,8.0,-1
2,21,220,50,8,-4,-1,8.0,5
2,21,200,30,0,-31,0,8.0,-1
2,21,130,30,7,-48,0,0.0,-6
2,21,140,50,32,-40,0,8.0,-1
2,21,220,30,21,13,0,0.0,-7
2,21,190,10,-15,-28,0,8.0,-1
2,21,0,0,-27,-34,0,0.0,-3
2,21,150,30,4,-15,0,7.0,-19
2,21,110,10,29,-9,0,8.0,-3
2,21,40,40,-5,-31,0,0.0,-14
2,21,40,40,-9,-44,0,0.0,-13
2,21,60,50,0,-52,0,0.0,-10
2,21,60,60,-8,-69,0,0.0,-5
2,21,70,70,-4,-89,0,0.0,-4
2,21,60,60,-26,-102,0,0.0,-8
2,21,20,40,-50,-91,0,1.0,-12
2,21,50,30,-50,-108,0,3.0,0
2,21,70,70,-69,-146,0,8.0,-2
2,21,40,20,32,26,0,8.0,-6
2,21,360,40,22,11,0,8.0,-8
2,21,230,20,-10,-13,0,0.0,9
2,21,200,60,22,15,3,8.0,2
2,21,170,30,26,18,0,8.0,-7
2,21,180,40,68,62,4,8.0,1
2,21,230,70,72,34,0,8.0,-4
2,21,190,90,89,60,7,8.0,-5
2,21,200,50,79,40,0,8.0,5
2,21,290,60,43,31,11,8.0,0
2,21,270,20,17,2,0,4.0,-11
2,21,210,50,50,21,0,8.0,-10
2,21,180,30,35,7,0,8.0,-5
2,21,130,10,63,0,0,0.0,-15
2,21,150,30,59,20,0,0.0,-9
2,21,190,10,21,-1,0,8.0,10
2,21,180,30,86,-7,0,8.0,-21
2,21,200,50,94,27,0,8.0,-11
2,21,210,30,46,18,0,8.0,-12
2,21,210,30,35,0,0,1.0,5
2,21,280,20,99,81,0,8.0,-3
2,21,20,20,60,56,0,8.0,14
2,21,130,30,71,-5,0,7.0,-9
2,21,90,10,61,-15,0,8.0,9
2,21,40,10,52,9,0,0.0,-12
2,21,70,20,73,26,0,8.0,-16
2,21,280,20,48,25,0,0.0,-3
2,21,210,50,91,79,1,7.0,2
2,21,240,60,80,50,0,1.0,-1
2,21,230,60,110,81,0,8.0,1
2,21,270,50,69,61,13,8.0,-13
2,21,320,20,37,33,0,0.0,-9
2,21,210,20,57,32,0,8.0,-1
2,21,120,10,4,-1,0,0.0,-3
2,21,140,40,37,-4,0,0.0,-7
2,21,200,40,81,73,0,7.0,-5
2,21,230,110,118,107,102,8.0,-5
2,21,280,100,61,38,5,8.0,-10
2,21,240,70,49,-7,1,8.0,-3
2,21,210,40,31,-5,0,2.0,-1
2,21,280,50,72,61,-1,8.0,-2
2,21,190,40,80,42,0,8.0,-3
2,21,190,80,120,60,0,8.0,4
2,21,220,100,82,65,7,8.0,-1
2,21,240,80,80,47,0,8.0,0
2,21,210,70,71,36,1,8.0,4
2,21,200,50,58,37,-1,8.0,0
2,21,290,110,40,22,11,8.0,4
2,21,220,80,84,31,0,8.0,-1
2,21,230,70,95,81,2,8.0,-1
2,21,300,50,68,9,-1,8.0,-8
2,21,240,80,101,90,2,8.0,1
2,21,190,40,38,28,-1,8.0,3
2,21,240,20,27,15,0,8.0,4
2,21,270,30,20,6,-1,2.0,-8
2,21,190,80,57,47,-1,8.0,8
2,21,200,60,50,24,0,7.0,-3
2,21,360,5,-65,-73,0,0.0,-5
2,21,10,5,-57,-87,0,0.0,-7
2,21,40,15,-69,-96,0,0.0,-4
2,21,60,41,-35,-73,0,0.0,-10
2,21,20,46,-1,-31,-1,5.0,-8
2,21,70,41,-117,-152,0,0.0,-3
2,21,70,77,-76,-104,0,3.0,-5
2,21,130,15,-125,-141,0,1.0,-3
2,21,40,10,-53,-71,0,8.0,3
2,21,230,26,-35,-49,0,8.0,-2
2,21,60,31,-20,-27,2,8.0,-3
2,21,350,5,-46,-50,0,0.0,-8
2,21,280,5,-45,-50,0,5.0,6
2,21,250,21,5,1,4,8.0,2
2,21,300,31,15,9,0,8.0,-2
2,21,20,10,0,-30,0,7.0,-2
2,21,240,10,-44,-49,0,1.0,10
2,21,80,15,-23,-30,0,0.0,4
2,21,220,5,-31,-38,0,0.0,4
2,21,190,21,12,8,0,8.0,0
2,21,150,36,64,25,0,8.0,-1
2,21,200,72,67,20,0,7.0,0
2,21,230,51,96,60,0,7.0,-7
2,21,200,10,66,29,0,4.0,-4
2,21,70,10,49,42,0,7.0,-1
2,21,80,15,49,34,0,4.0,-8
2,21,90,57,18,-16,0,2.0,-8
2,21,150,10,34,28,1,8.0,0
2,21,160,5,-23,-26,0,9.0,2
2,21,210,62,-9,-10,-1,8.0,-3
2,21,270,36,47,22,-1,7.0,-9
2,21,250,21,11,10,0,1.0,-9
2,21,250,36,63,45,-1,8.0,-1
2,21,230,26,70,55,0,8.0,-2
2,21,210,15,31,19,0,1.0,-3
2,21,150,15,21,11,0,0.0,8
2,21,190,67,72,58,1,8.0,-3
2,21,220,51,56,44,1,8.0,4
2,21,130,10,71,68,0,8.0,1
2,21,190,46,120,97,0,8.0,-4
2,21,230,41,53,38,0,3.0,-5
2,21,200,72,72,50,2,8.0,1
2,21,250,57,55,11,0,7.0,7
2,21,290,26,7,-4,-1,5.0,1
2,21,310,5,-29,-49,0,0.0,-4
2,21,300,5,-9,-55,0,6.0,-3
2,21,280,15,1,-2,0,0.0,-4
2,21,260,5,0,-6,0,2.0,-7
2,21,270,21,43,22,0,8.0,3
2,21,220,103,44,6,-1,8.0,2
2,21,210,15,25,24,0,0.0,15
2,21,140,15,69,51,0,8.0,-8
2,21,90,10,54,37,0,6.0,-7
2,21,190,15,50,33,0,4.0,14
2,21,160,10,47,40,0,0.0,-5
2,21,990,5,56,46,0,0.0,-15
2,21,180,26,72,29,0,0.0,-1
2,21,190,10,-33,-33,0,7.0,1
2,21,190,21,13,13,-1,8.0,1
2,21,50,15,-9,-9,0,9.0,-4
2,21,260,26,-16,-16,0,9.0,0
2,21,220,46,20,20,0,8.0,1
2,21,250,31,48,48,-1,9.0,1
2,21,100,5,51,47,0,8.0,-2
2,21,90,46,44,40,0,8.0,-1
2,21,90,31,42,42,-1,8.0,-5
2,21,80,36,17,17,0,8.0,-2
2,21,70,5,-10,-18,0,3.0,-9
2,21,80,21,-15,-16,0,9.0,-3
2,21,90,26,-17,-18,0,9.0,0
2,21,250,5,0,0,0,8.0,0
2,21,180,26,6,-3,0,8.0,-1
2,21,250,36,57,43,0,8.0,-4
2,21,330,46,64,42,0,7.0,-4
2,21,240,67,62,62,-1,8.0,8
2,21,290,57,57,25,0,6.0,-6
2,21,260,93,56,39,10,8.0,6
2,21,310,31,19,7,-1,5.0,-14
2,21,330,21,-5,-13,0,3.0,-1
2,21,280,10,3,-38,0,7.0,-4
2,21,130,10,-26,-34,0,7.0,3
2,21,220,36,23,20,0,8.0,1
2,21,210,46,29,28,2,8.0,-2
2,21,290,36,-13,-19,2,6.0,-4
2,21,200,21,-12,-13,0,1.0,8
2,21,210,87,59,50,-1,8.0,7
2,21,70,10,17,10,0,8.0,-10
2,21,130,41,46,45,4,8.0,3
2,21,70,31,56,56,0,7.0,2
2,21,30,10,38,31,0,8.0,1
2,21,140,15,27,23,0,3.0,-7
2,21,240,15,57,45,0,8.0,-3
2,21,220,31,34,34,0,8.0,-9
2,21,230,36,40,27,0,7.0,1
2,21,350,36,37,25,0,4.0,-8
2,21,40,26,30,23,-1,8.0,-8
2,21,60,46,4,-12,0,7.0,0
2,21,80,118,-73,-129,0,6.0,2
2,21,90,103,-30,-119,0,0.0,-3
2,21,130,46,17,-84,0,7.0,-10
2,21,100,21,-26,-68,0,0.0,-5
2,21,50,15,-29,-69,0,2.0,-1
2,21,70,62,-20,-91,0,0.0,-9
2,21,60,41,-46,-96,0,0.0,2
2,21,20,10,-72,-90,0,0.0,-15
2,21,160,10,-28,-33,0,7.0,-29
2,21,30,26,-18,-18,3,8.0,-2
2,21,80,51,6,-10,-1,8.0,0
2,21,350,5,6,6,0,8.0,0
2,21,110,26,11,11,0,8.0,2
2,21,120,21,65,50,0,7.0,3
2,21,230,31,79,79,12,8.0,-1
2,21,320,5,79,79,22,8.0,-6
2,21,290,31,83,79,12,8.0,-4
2,21,0,0,12,11,0,6.0,-4
2,21,220,62,66,32,0,8.0,-1
2,21,290,21,83,69,0,8.0,-9
2,21,230,62,80,74,0,7.0,2
2,21,240,77,90,66,0,8.0,2
2,21,240,46,84,59,-1,8.0,-2
2,21,40,15,20,11,0,8.0,-1
2,21,0,0,1,-13,0,5.0,-7
2,21,190,26,51,51,0,3.0,0
2,21,200,108,105,94,2,8.0,1
2,21,190,31,67,42,0,4.0,-6
2,21,170,36,90,79,0,7.0,-1
2,21,190,62,87,49,0,8.0,5
2,21,230,93,90,50,0,7.0,0
2,21,190,93,78,59,3,8.0,3
2,21,230,62,52,40,7,8.0,-6
2,21,210,36,38,23,0,2.0,3
2,21,230,108,107,96,1,8.0,-1
2,21,180,46,92,89,-1,8.0,12
2,21,240,51,31,24,0,2.0,-1
2,21,190,82,51,1,0,7.0,0
2,21,220,62,42,19,0,3.0,-3
2,21,230,31,10,7,0,1.0,-2
2,21,260,15,36,33,0,7.0,-11
2,21,310,21,25,6,-1,3.0,-6
2,21,220,118,46,42,3,8.0,4
2,21,230,87,100,63,0,8.0,1
2,21,70,15,-52,-78,0,0.0,-17
2,21,310,10,3,-4,0,8.0,-2
2,21,360,15,-18,-28,0,7.0,2
2,21,260,26,-7,-46,0,7.0,-2
2,21,110,31,-38,-50,0,0.0,-4
2,21,80,51,-54,-86,0,2.0,-2
2,21,60,46,-38,-94,0,7.0,-2
2,21,310,5,-123,-141,0,2.0,-3
2,21,140,41,15,-34,0,8.0,1
2,21,180,51,39,16,0,6.0,3
2,21,200,46,47,43,1,8.0,-1
2,21,110,36,19,15,5,8.0,-2
2,21,10,72,11,-1,-1,8.0,-1
2,21,350,21,-8,-30,0,8.0,-1
2,21,240,62,14,2,-1,8.0,1
2,21,260,51,46,21,0,1.0,5
2,21,230,31,19,4,0,6.0,11
2,21,230,51,30,23,-1,8.0,-4
2,21,360,26,-8,-16,-1,8.0,10
2,21,30,77,-33,-66,0,8.0,-5
2,21,330,15,-58,-85,0,0.0,-4
2,21,190,26,-18,-26,0,7.0,-4
2,21,180,41,3,-27,0,8.0,-1
2,21,170,62,43,34,3,8.0,3
2,21,180,36,86,34,-1,8.0,2
2,21,190,10,22,22,0,4.0,-4
2,21,20,15,35,25,0,7.0,1
2,21,30,31,25,22,0,8.0,-1
2,21,330,21,28,22,0,3.0,-8
2,21,100,20,-15,-38,0,0.0,-2
2,21,220,30,6,0,0,8.0,0
2,21,200,30,12,12,0,8.0,-7
2,21,220,90,60,56,4,8.0,0
2,21,220,30,-5,-11,0,1.0,-2
2,21,190,40,43,-3,0,2.0,-8
2,21,210,40,68,64,5,8.0,1
2,21,200,10,55,52,0,8.0,-8
2,21,210,40,88,64,0,8.0,-6
2,21,250,90,78,29,0,3.0,-11
2,21,200,60,66,29,0,7.0,-5
2,21,210,90,105,88,6,8.0,-2
2,21,260,90,55,12,-1,8.0,6
2,21,320,10,7,-11,0,4.0,0
2,21,240,20,26,14,0,6.0,-4
2,21,150,40,32,-8,0,4.0,-1
2,21,180,60,86,48,0,8.0,3
2,21,260,80,62,13,0,3.0,-2
2,21,190,110,83,25,0,8.0,-5
2,21,220,110,85,47,0,4.0,-1
2,21,260,50,99,85,0,8.0,-1
2,21,190,40,105,74,0,7.0,-2
2,21,190,60,103,68,0,8.0,-5
2,21,180,90,97,83,5,8.0,12
2,21,220,70,101,75,2,8.0,-8
2,21,270,60,69,44,-1,7.0,-1
2,21,200,50,80,33,0,8.0,-4
2,21,230,40,88,26,0,7.0,-13
2,21,80,10,-74,-100,0,1.0,-11
2,21,240,50,7,7,0,7.0,0
2,21,210,20,-27,-31,0,1.0,-11
2,21,220,40,4,-6,0,4.0,-15
2,21,230,30,31,19,0,8.0,1
2,21,190,40,39,11,0,7.0,-18
2,21,230,40,23,14,0,2.0,-4
2,21,210,50,41,26,0,6.0,-3
2,21,210,40,33,-4,0,7.0,0
2,21,220,30,30,26,0,1.0,4
2,21,220,70,91,58,0,7.0,-4
2,21,230,60,104,86,0,6.0,1
2,21,230,30,84,81,0,6.0,-8
2,21,220,30,66,42,0,0.0,-5
2,21,200,40,107,62,0,6.0,-8
2,21,270,80,87,76,-1,8.0,-5
2,21,220,20,15,6,0,2.0,-11
2,21,120,10,46,30,0,1.0,1
2,21,200,30,90,90,-1,8.0,0
2,21,150,30,91,60,0,4.0,-3
2,21,220,60,89,78,0,5.0,1
2,21,290,20,36,28,0,0.0,-5
2,21,240,40,78,75,-1,8.0,1
2,21,280,10,89,77,0,8.0,-3
2,21,220,20,87,75,0,8.0,-1
2,21,260,30,68,66,-1,8.0,-3
2,21,230,110,87,24,0,,1
2,21,210,30,-12,-25,0,,14
2,21,330,30,57,58,-1,,-1
2,21,250,30,37,37,0,,5
2,21,240,40,74,70,0,,3
2,21,290,70,100,79,0,,-13
2,21,280,70,36,3,0,,4
2,21,230,50,32,28,0,,-5
2,21,270,40,3,0,5,,-5
2,21,230,20,-19,-20,0,,-2
2,21,220,30,-26,-26,0,,3
2,21,280,30,-18,-18,0,,-1
2,21,90,20,-9,-15,0,,3
2,21,60,20,-48,-55,0,,-8
2,21,30,10,-31,-47,0,,-10
2,21,200,40,-10,-41,0,,4
2,21,220,70,14,13,0,,-1
2,21,260,90,57,18,-1,,-2
2,21,260,30,4,4,0,,7
2,21,220,30,52,52,3,,6
2,21,280,40,92,92,15,,-4
2,21,230,40,36,27,0,,2
2,21,280,80,56,38,0,,-4
2,21,270,60,20,13,-1,,-1
2,21,280,40,30,20,0,,1
2,21,320,20,2,-7,0,,-6
2,21,220,80,47,13,0,,3
2,21,190,30,56,52,0,,5
2,21,220,60,65,64,0,,-6
2,21,210,100,87,45,0,,-2
2,21,230,70,83,58,-1,8.0,0
2,21,240,50,43,32,0,0.0,-6
2,21,200,20,30,24,0,,14
2,21,240,80,71,60,1,,0
2,21,200,40,85,5,0,,-3
2,21,200,60,82,68,2,,2
2,21,220,100,80,72,1,,8
2,21,270,100,81,18,0,,-5
2,21,210,40,32,15,0,,7
2,21,260,40,41,26,0,,-8
2,21,210,30,10,-9,0,,11
2,21,220,50,30,22,0,,6
2,21,240,30,19,3,0,,-21
2,21,210,70,67,61,5,,2
2,21,190,40,54,33,0,,1
2,21,220,60,25,-11,-1,,-3
2,21,240,40,18,5,0,,3
2,21,250,60,53,42,20,,-2
2,21,340,60,34,-2,0,,-6
2,21,0,0,-15,-26,0,,-10
2,21,230,40,47,32,-1,,0
2,21,130,10,4,0,0,,-11
2,21,200,50,84,47,0,,-3
2,21,200,30,55,30,2,,-11
2,21,240,30,4,-7,0,,-1
2,21,190,30,8,-8,0,,0
2,21,190,70,113,51,0,,1
2,21,220,60,55,39,0,,-6
2,21,240,90,74,63,15,,-8
2,21,230,30,6,5,0,,-3
2,21,130,30,3,2,1,,-1
2,21,230,30,26,26,0,,12
2,21,190,60,91,81,3,,4
2,21,230,100,104,86,0,,-8
2,21,200,80,111,74,0,,-3
2,21,130,30,96,90,0,,5
2,21,350,30,72,64,0,,-3
2,21,360,10,-14,-19,0,,-2
2,21,180,50,44,19,0,,-1
2,21,210,70,115,90,0,,-1
2,21,20,60,82,74,4,8.0,-10
2,21,360,20,33,21,0,2.0,-5
2,21,40,20,25,20,0,,-3
2,21,20,10,15,7,0,,1
2,21,330,20,36,29,6,,5
2,21,360,30,36,7,0,,-9
2,21,290,10,52,19,0,,0
2,21,260,50,46,40,-1,8.0,6
2,21,240,40,39,26,0,6.0,-3
2,21,340,30,59,55,-1,,-4
2,21,260,50,46,29,0,,-4
2,21,270,20,6,1,1,,-1
2,21,270,20,-32,-59,0,,-17
2,21,260,40,13,3,-1,,-4
2,21,170,40,15,-19,0,,-11
2,21,130,20,34,-12,0,,1
2,21,90,20,23,0,0,,3
2,21,200,90,120,75,0,,0
2,21,160,30,81,30,0,,-2
2,21,160,60,131,33,0,,-2
2,21,200,90,90,54,1,,1
2,21,210,60,95,81,4,8.0,-8
2,21,250,50,65,51,-1,,-1
2,21,210,90,55,38,2,,-3
2,21,220,60,115,109,-1,,2
2,21,240,50,78,59,0,,-5
2,21,220,90,87,67,-1,,0
2,21,230,110,114,110,22,,1
2,21,250,50,96,70,3,,-7
2,21,30,60,61,33,0,,-4
2,21,60,40,0,-37,0,,3
2,21,40,40,10,-31,0,,-1
2,21,30,30,12,-31,0,,-26
2,21,250,20,-1,-14,0,,0
2,21,230,40,4,-7,0,3.0,16
2,21,210,60,59,54,5,8.0,12
2,21,280,50,33,22,5,,-9
2,21,200,60,31,-28,0,,2
2,21,250,60,73,40,0,,-13
2,21,270,60,37,-6,0,,-7
2,21,200,40,23,18,3,,4
2,21,210,120,99,90,3,8.0,0
2,21,240,90,72,62,15,,-2
2,21,210,70,44,33,5,,-1
2,21,220,70,48,36,0,,-1
2,21,190,40,-16,-23,4,,5
2,21,230,100,50,38,7,,-8
2,21,240,30,-4,-27,0,2.0,-5
2,21,290,50,32,18,2,6.0,3
2,21,270,70,33,2,0,,0
2,21,190,30,16,2,0,,0
2,21,210,40,50,48,0,,0
2,21,230,30,57,53,1,,1
2,21,130,20,25,8,0,,-29
2,21,150,20,-18,-33,0,0.0,-8
2,21,10,10,-36,-40,0,0.0,3
2,21,80,30,-52,-63,0,,3
2,21,70,40,-35,-73,0,,-9
2,21,30,40,-8,-96,0,,-10
2,21,70,50,2,-38,0,,-1
2,21,60,50,-40,-80,0,,-3
2,21,50,40,-34,-73,0,,-2
2,21,70,60,-28,-63,0,,-4
2,21,70,50,-26,-46,0,,5
2,21,80,40,-23,-48,0,,-8
2,21,70,30,3,-28,0,,-13
2,21,100,30,11,-34,0,,-5
2,21,140,30,35,-4,0,,-3
2,21,990,10,29,-7,0,1.0,-22
2,21,90,20,10,-31,0,0.0,15
2,21,990,10,54,23,1,,0
2,21,160,30,93,39,0,,-7
2,21,160,30,78,53,0,,9
2,21,200,80,107,73,0,,-6
2,21,250,60,117,87,0,,-3
2,21,210,70,132,74,0,,-3
2,21,220,100,147,68,0,,1
2,21,240,50,128,95,0,,-8
2,21,250,50,108,100,31,,7
2,21,240,90,58,37,0,,-2
2,21,300,80,43,-5,0,,0
2,21,260,30,24,9,0,,-6
2,21,240,70,45,36,9,,9
2,21,70,40,41,22,0,,-5
2,21,270,30,62,56,0,,1
2,21,280,10,73,63,0,,-9
2,21,270,10,59,46,0,,-6
2,21,50,10,60,43,0,,-3
2,21,20,10,23,22,0,,1
2,21,300,20,50,39,-1,6.0,3
2,21,10,40,29,21,0,,0
2,21,60,70,-7,-51,0,,-1
2,21,70,30,-14,-38,0,,-3
2,21,20,30,14,-23,0,,-2
2,21,290,20,-6,-35,0,,-6
2,21,300,20,-15,-44,0,,-13
2,21,220,80,19,10,2,,-1
2,21,240,30,-8,-12,1,,-26
2,21,220,40,-20,-38,0,,-12
2,21,310,10,-12,-16,0,,-2
2,21,290,20,-41,-62,0,,6
2,21,30,30,-8,-33,0,,-3
2,21,290,30,38,22,0,,4
2,21,300,40,59,52,7,,-2
2,21,0,0,43,32,0,,1
2,21,100,20,1,0,0,,16
2,21,150,30,29,1,0,,4
2,21,60,30,-12,-29,0,,-6
2,21,100,20,-18,-47,0,,-8
2,21,130,10,-11,-21,0,,-3
2,21,220,70,78,50,0,,2
2,21,350,10,60,58,8,,-4
2,21,180,20,59,55,0,,0
2,21,270,80,56,33,1,,-15
2,21,320,50,25,11,0,,-5
2,21,350,30,16,7,0,,-2
2,21,40,60,-1,-35,0,,-5
2,21,30,30,-2,-43,0,,-3
2,21,160,20,-6,-43,0,,-1
2,21,230,70,20,15,14,,7
2,21,280,40,11,0,0,,0
2,21,340,20,5,-5,0,,1
2,21,60,60,12,-15,0,,-1
2,21,40,40,-9,-27,0,,0
2,21,300,10,-1,-5,-1,,1
2,21,60,20,-27,-48,0,,-7
2,21,340,10,10,-3,0,,0
2,21,40,60,-5,-18,0,,2
2,21,20,30,-47,-101,0,,-4
2,21,220,40,-42,-97,0,,0
2,21,300,10,-38,-43,0,,-4
2,21,110,10,-40,-45,0,,1
2,21,250,20,9,9,0,,0
2,21,60,50,17,4,0,,-3
2,21,330,20,34,27,0,,-3
2,21,240,50,34,21,0,,-1
2,21,230,60,66,35,0,,-3
2,21,280,50,31,10,0,,4
2,21,300,50,28,-8,0,,-5
2,21,340,10,16,5,0,,1
2,21,140,10,6,2,0,,0
2,21,150,40,7,4,0,,4
2,21,190,30,36,11,0,,-3
2,21,200,50,58,46,0,,-1
2,21,210,30,60,48,0,,5
2,21,190,40,44,34,0,,2
2,21,230,70,53,46,2,,-1
2,21,250,20,26,17,0,,-4
2,21,60,60,55,30,0,,-8
2,21,30,40,20,8,2,,-2
2,21,70,60,30,11,0,,1
2,21,60,60,7,-39,0,,-2
2,21,60,30,-7,-45,0,,-7
2,21,60,80,10,-41,0,,-3
2,21,60,90,-16,-53,0,,2
2,21,330,20,4,-39,0,,-7
2,21,230,50,20,15,9,,0
2,21,250,40,-1,-12,0,,1
2,21,280,30,83,81,0,,-3
2,21,310,20,56,42,0,,-5
2,21,310,20,7,3,0,,5
2,21,330,10,6,3,0,,-21
2,21,270,20,23,20,0,,-9
2,21,240,10,6,4,0,,-2
2,21,210,40,-15,-16,0,,0
2,21,210,60,39,31,4,,2
2,21,90,20,-1,-7,0,,7
2,21,160,50,67,58,-1,,4
2,21,220,50,71,61,0,,-2
2,21,230,90,77,68,1,,-2
2,21,220,30,54,35,0,,3
2,21,300,30,57,50,0,,-1
2,21,130,20,46,26,0,,2
2,21,120,70,82,23,0,,-6
2,21,170,20,52,24,0,,-2
2,21,360,20,58,40,0,,-5
2,21,140,20,60,41,0,,-2
2,21,120,20,83,61,0,,-1
2,21,220,40,56,48,0,,-8
2,21,150,40,76,44,0,,0
2,21,170,40,95,73,0,,-4
2,21,220,70,84,63,0,,3
2,21,270,40,72,68,8,,5
2,21,280,40,58,40,0,,-2
2,21,230,80,101,97,17,,8
2,21,220,100,88,64,0,,-6
2,21,220,80,33,1,0,0.0,-4
2,21,190,50,10,-29,0,0.0,4
2,21,140,50,26,-18,0,1.0,5
2,21,190,40,30,16,0,0.0,0
2,21,220,70,106,86,36,8.0,-5
2,21,260,20,29,12,0,0.0,-15
2,21,210,40,50,23,0,6.0,-9
2,21,140,40,61,-10,0,0.0,-16
2,21,100,20,31,-31,0,0.0,9
2,21,70,20,11,-10,0,0.0,-3
2,21,60,20,43,15,0,0.0,-13
2,21,40,20,26,3,0,0.0,-11
2,21,80,30,12,10,0,8.0,3
2,21,40,30,44,24,0,8.0,-2
2,21,60,40,-15,-61,0,0.0,-4
2,21,90,30,-31,-67,0,0.0,-11
2,21,0,0,-35,-68,0,0.0,-4
2,21,90,10,-31,-33,0,3.0,-8
2,21,60,20,-1,-7,0,0.0,-18
2,21,240,20,4,-4,0,0.0,-4
2,21,230,90,87,67,0,8.0,-2
2,21,250,70,104,76,0,8.0,0
2,21,230,50,91,61,0,8.0,0
2,21,170,30,82,62,-1,7.0,11
2,21,190,40,80,51,0,6.0,-1
2,21,240,60,77,47,0,0.0,-8
2,21,220,20,25,15,0,0.0,-10
2,21,190,20,78,58,0,8.0,-4
2,21,230,110,71,58,12,8.0,4
2,21,60,90,-15,-54,0,2.0,-3
2,21,90,40,18,-9,0,6.0,3
2,21,280,20,1,-3,5,8.0,0
2,21,160,10,4,1,0,8.0,-1
2,21,210,40,64,49,0,8.0,-12
2,21,190,10,37,32,0,8.0,9
2,21,260,20,-1,-15,0,5.0,-26
2,21,180,30,2,-16,0,3.0,-1
2,21,120,80,20,10,9,8.0,-4
2,21,290,40,24,10,0,7.0,-1
2,21,330,40,6,-9,0,0.0,-5
2,21,260,20,-6,-20,0,7.0,6
2,21,320,30,7,-6,0,8.0,2
2,21,230,10,-42,-50,0,1.0,-1
2,21,230,50,19,13,1,8.0,5
2,21,270,30,62,56,9,8.0,2
2,21,70,30,-12,-40,0,4.0,7
2,21,80,10,-31,-50,0,7.0,-1
2,21,230,40,20,10,0,8.0,4
2,21,290,20,49,38,0,8.0,-2
2,21,220,40,53,35,0,8.0,3
2,21,270,30,54,40,0,8.0,0
2,21,320,20,54,14,0,8.0,-3
2,21,220,20,38,11,0,8.0,0
2,21,230,50,56,50,1,8.0,0
2,21,260,50,63,45,0,8.0,4
2,21,240,30,77,73,1,8.0,-2
2,21,0,0,21,17,0,0.0,-13
2,21,230,20,-40,-42,0,1.0,-11
2,21,350,50,11,5,54,8.0,-7
2,21,150,20,11,-2,0,8.0,0
2,21,110,30,35,29,0,5.0,0
2,21,190,10,45,45,0,7.0,-10
2,21,40,20,13,10,-1,8.0,1
2,21,60,30,17,10,0,8.0,-3
2,21,40,50,-35,-56,0,8.0,0
2,21,40,30,-33,-77,0,8.0,-2
2,21,30,30,-39,-52,-1,8.0,0
2,21,10,40,-43,-69,0,1.0,-1
2,21,40,50,-36,-61,0,4.0,3
2,21,310,10,-14,-41,0,8.0,2
2,21,40,20,-39,-54,-1,7.0,3
2,21,160,20,-38,-49,0,8.0,-19
2,21,130,30,-16,-53,0,0.0,-6
2,21,110,20,8,2,0,8.0,0
2,21,160,40,42,20,0,7.0,9
2,21,220,40,8,-5,0,7.0,1
2,21,210,20,-17,-23,0,0.0,-1
2,21,180,40,31,7,0,7.0,-3
2,21,250,80,87,83,10,8.0,-2
2,21,90,50,22,11,-1,8.0,-3
2,21,160,30,71,65,0,1.0,10
2,21,150,40,83,69,0,8.0,-2
2,21,240,100,64,13,-1,8.0,-11
2,21,150,40,85,26,0,3.0,-7
2,21,270,80,41,30,4,8.0,-5
2,21,230,50,3,2,1,7.0,0
2,21,200,70,31,18,0,8.0,-1
2,21,200,60,39,32,0,5.0,10
2,21,240,120,107,59,0,8.0,2
2,21,240,110,110,80,0,8.0,-1
2,21,240,90,92,39,0,8.0,-2
2,21,280,70,100,53,-1,8.0,-14
2,21,70,10,-9,-20,0,0.0,-6
2,21,150,30,47,3,0,4.0,0
2,21,220,80,96,91,3,8.0,4
2,21,60,50,68,66,10,8.0,-13
2,21,240,40,77,75,0,8.0,0
2,21,120,40,67,45,0,8.0,-1
2,21,240,10,61,56,10,8.0,-8
2,21,150,30,60,48,0,6.0,0
2,21,50,20,44,28,0,0.0,-18
2,21,60,60,8,-12,0,8.0,-2
2,21,70,30,13,-4,0,8.0,-1
2,21,80,60,18,-10,0,7.0,0
2,21,80,60,-8,-56,0,8.0,-4
2,21,80,40,-33,-73,0,0.0,-5
2,21,100,30,-12,-61,0,8.0,-5
2,21,150,50,5,-1,10,8.0,-1
2,21,120,20,44,44,0,9.0,3
2,21,180,40,65,60,-1,8.0,-1
2,21,260,40,62,56,-1,8.0,-1
2,21,330,30,25,20,12,8.0,-11
2,21,40,10,35,29,0,8.0,0
2,21,50,70,-57,-161,0,0.0,-5
2,21,60,60,-81,-159,0,0.0,-6
2,21,320,10,-127,-133,-1,0.0,-10
2,21,0,0,-137,-139,0,0.0,-7
2,21,90,10,-62,-106,0,8.0,0
2,21,70,30,-90,-138,0,0.0,-14
2,21,40,50,-50,-95,0,2.0,-1
2,21,50,30,-51,-87,0,0.0,-10
2,21,20,20,-49,-76,0,0.0,-3
2,21,60,40,-77,-118,0,0.0,-8
2,21,10,20,-68,-91,0,8.0,-3
2,21,270,30,-24,-40,-1,8.0,1
2,21,230,30,13,10,0,8.0,4
2,21,260,60,40,36,12,8.0,1
2,21,310,20,36,26,-1,8.0,-1
2,21,250,50,47,37,0,6.0,2
2,21,230,30,66,61,-1,8.0,0
2,21,240,100,66,54,18,8.0,-27
2,21,270,30,5,-7,0,1.0,-17
2,21,210,50,14,-33,0,3.0,1
2,21,220,50,37,15,0,0.0,-2
2,21,220,100,60,22,3,8.0,-3
2,21,230,70,105,94,0,8.0,-1
2,21,300,20,84,76,0,7.0,-3
2,21,280,30,54,24,0,8.0,0
2,21,290,20,61,28,0,8.0,-4
2,21,240,40,71,63,0,8.0,0
2,21,250,40,94,91,-1,9.0,-1
2,21,280,10,88,80,0,8.0,-3
2,21,300,20,26,23,0,7.0,2
2,21,290,30,34,12,-1,8.0,0
2,21,250,60,69,62,4,8.0,-3
2,21,250,50,67,19,0,7.0,0
2,21,190,50,9,-10,0,7.0,3
2,21,300,20,22,13,0,7.0,-10
2,21,260,30,4,-1,0,7.0,4
2,21,320,20,-8,-19,0,7.0,0
2,21,180,30,-3,-8,-1,8.0,-3
2,21,120,70,-12,-63,0,0.0,-2
2,21,70,70,-21,-50,0,0.0,0
2,21,330,10,-11,-46,0,8.0,0
2,21,130,20,-26,-42,0,0.0,3
2,21,190,40,5,2,1,8.0,0
2,21,240,20,34,29,0,8.0,0
2,21,90,10,40,37,0,8.0,-4
2,21,60,20,0,-8,0,8.0,-2
2,21,240,10,5,-11,0,0.0,1
2,21,70,60,24,9,0,8.0,-3
2,21,40,30,-24,-47,0,0.0,-3
2,21,40,40,-9,-53,0,8.0,-6
2,21,50,50,-34,-73,0,1.0,-7
2,21,10,40,-3,-41,-1,8.0,-1
2,21,20,30,7,-1,-1,8.0,-1
2,21,60,60,16,12,0,8.0,0
2,21,30,30,29,22,0,8.0,-8
2,21,60,20,9,-3,0,8.0,1
2,21,350,10,6,-2,0,8.0,7
2,21,180,60,53,23,0,7.0,3
2,21,180,40,39,13,0,1.0,0
2,21,150,40,48,16,0,8.0,-1
2,21,140,40,46,9,0,0.0,0
2,21,200,100,82,41,-1,8.0,1
2,21,140,60,69,48,1,8.0,5
2,21,200,50,46,29,0,0.0,-1
2,21,200,80,69,33,0,2.0,-5
2,21,200,70,44,11,0,3.0,5
2,21,140,10,35,31,-1,8.0,0
2,21,240,50,39,31,44,8.0,5
2,21,190,90,59,30,1,8.0,0
2,21,220,50,28,17,0,4.0,2
2,21,140,70,66,50,0,8.0,7
2,21,210,80,75,36,0,5.0,0
2,21,210,10,28,10,0,0.0,0
2,21,160,30,55,30,0,7.0,-10
2,21,210,40,66,34,0,7.0,-4
2,21,210,20,71,54,0,8.0,0
2,21,190,70,96,85,7,8.0,0
2,21,200,50,48,19,0,0.0,-5
2,21,190,50,50,27,0,1.0,-7
2,21,150,30,63,34,0,2.0,-3
2,21,160,30,79,30,0,4.0,-6
2,21,160,60,102,52,0,8.0,-9
2,21,180,20,57,32,0,7.0,-18
2,21,190,30,38,26,0,7.0,-10
2,21,70,40,61,36,-1,8.0,0
2,21,280,30,9,2,0,2.0,2
2,21,230,40,-3,-7,0,8.0,3
2,21,10,20,4,-18,0,0.0,-15
2,21,360,20,-11,-34,0,0.0,-18
2,21,40,60,2,-39,0,8.0,-9
2,21,40,50,-6,-44,0,0.0,-4
2,21,290,30,38,34,0,7.0,-3
2,21,260,20,22,7,0,2.0,-11
2,21,290,20,53,49,0,8.0,0
2,21,50,20,53,46,0,8.0,-3
2,21,40,10,-10,-12,0,0.0,-4
2,21,350,10,-16,-16,0,3.0,-7
2,21,130,50,56,18,0,1.0,-2
2,21,90,30,47,20,0,5.0,6
2,21,40,20,-9,-18,0,0.0,-1
2,21,180,20,15,3,0,0.0,-1
2,21,270,10,-11,-13,0,0.0,-4
2,21,200,30,15,15,0,9.0,-2
2,21,190,60,32,-5,0,8.0,3
2,21,200,70,62,49,5,8.0,-1
2,21,230,20,4,1,0,3.0,7
2,21,180,70,34,-7,0,8.0,5
2,21,210,70,45,10,0,4.0,-4
2,21,180,20,43,30,-1,8.0,0
2,21,190,20,46,42,0,8.0,-6
2,21,180,50,76,72,6,8.0,1
2,21,250,10,1,-8,0,0.0,-8
2,21,190,80,69,-6,0,8.0,0
2,21,230,100,114,84,0,8.0,-7
2,21,250,50,67,24,0,5.0,-16
2,21,260,40,38,23,4,7.0,0
2,21,280,10,46,39,0,8.0,-8
2,21,200,50,96,84,0,8.0,-1
2,21,150,50,87,39,0,8.0,0
2,21,200,90,71,13,0,0.0,-1
2,21,240,120,75,48,11,8.0,1
2,21,230,60,32,21,0,7.0,-1
2,21,280,40,50,24,-1,8.0,-28
2,21,210,20,9,2,0,0.0,-8
2,21,50,20,0,-27,0,1.0,1
2,21,60,60,28,19,4,8.0,-1
2,21,340,30,3,0,5,8.0,1
2,21,300,10,-27,-40,0,0.0,-4
2,21,100,20,-17,-46,0,0.0,-4
2,21,0,0,-31,-33,0,5.0,5
2,21,220,10,17,-10,0,8.0,-6
2,21,180,50,38,0,0,1.0,1
2,21,250,80,103,94,3,8.0,3
2,21,240,110,117,91,0,8.0,1
2,21,230,40,41,32,0,8.0,-2
2,21,250,20,11,-2,0,0.0,1
2,21,220,10,-17,-22,0,0.0,-10
2,21,230,30,-20,-23,0,0.0,5
2,21,70,20,15,-15,0,8.0,0
2,21,40,50,19,-45,0,7.0,-4
2,21,20,40,23,-24,0,8.0,-4
2,21,20,20,-15,-51,0,0.0,-11
2,21,140,40,47,33,2,8.0,3
2,21,140,40,92,61,0,8.0,-4
2,21,130,30,58,29,0,7.0,3
2,21,210,10,53,49,8,8.0,0
2,21,30,30,36,21,0,8.0,-4
2,21,110,30,43,23,0,8.0,-4
2,21,70,40,22,19,1,8.0,0
2,21,50,40,4,-20,0,8.0,-2
2,21,50,40,-20,-45,0,5.0,-4
2,21,60,40,-6,-31,0,8.0,1
2,21,50,40,4,0,6,8.0,-2
2,21,80,60,8,-13,0,0.0,-4
2,21,70,50,27,-23,0,0.0,-1
2,21,90,20,25,-10,0,0.0,5
2,21,190,20,90,58,0,4.0,-6
2,21,240,40,69,52,0,8.0,-22
2,21,270,20,67,57,0,8.0,-2
2,21,200,30,38,7,0,8.0,-17
2,21,220,30,65,57,0,8.0,-1
2,21,250,50,110,104,20,8.0,2
2,21,220,70,103,90,0,8.0,-1
2,21,260,50,90,83,29,8.0,-1
2,21,260,110,70,19,-1,8.0,-15
2,21,240,20,14,3,0,0.0,-18
2,21,210,70,75,23,0,8.0,0
2,21,200,60,101,66,0,8.0,2
2,21,210,50,69,48,-1,7.0,-2
2,21,240,50,26,17,20,8.0,-9
2,21,230,60,30,7,0,7.0,-2
2,21,320,20,39,18,0,8.0,-2
2,21,340,20,26,14,0,8.0,-16
2,21,40,40,13,-3,-1,8.0,-5
2,21,70,40,-16,-45,0,0.0,-19
2,21,20,30,-16,-56,0,8.0,-10
2,21,320,10,-51,-77,0,0.0,-7
2,21,190,30,-21,-49,0,3.0,-3
2,21,160,30,7,-6,-1,8.0,0
2,21,190,60,28,-23,0,8.0,-2
2,21,240,40,15,-2,0,8.0,-4
2,21,200,20,-17,-37,0,3.0,0
2,21,110,20,-5,-46,0,0.0,-7
2,21,150,60,29,-50,0,8.0,-1
2,21,220,30,16,10,0,0.0,-8
2,21,190,10,-19,-25,0,8.0,-4
2,21,60,10,-30,-36,0,0.0,-5
2,21,160,20,-6,-8,0,4.0,-1
2,21,80,10,9,-12,0,8.0,5
2,21,20,30,0,-27,0,0.0,-6
2,21,40,40,-2,-44,0,0.0,-6
2,21,40,30,-11,-51,0,0.0,-1
2,21,60,60,-20,-69,0,0.0,-3
2,21,70,80,-14,-87,0,0.0,1
2,21,50,60,-33,-89,0,0.0,-6
2,21,20,30,-45,-86,0,1.0,-5
2,21,60,40,-63,-85,0,8.0,-5
2,21,80,100,-73,-144,0,8.0,-2
2,21,20,10,18,15,0,8.0,-7
2,21,350,30,14,6,0,8.0,-12
2,21,240,20,-19,-23,0,0.0,-4
2,21,210,70,22,16,2,8.0,2
2,21,150,30,32,25,0,8.0,-6
2,21,180,40,69,67,6,8.0,0
2,21,230,70,72,35,0,8.0,-5
2,21,190,90,86,64,8,8.0,1
2,21,210,50,74,41,0,8.0,1
2,21,290,50,34,26,22,8.0,7
2,21,270,30,23,5,0,2.0,-6
2,21,220,50,51,27,0,8.0,-15
2,21,170,20,35,11,0,8.0,-10
2,21,60,10,22,-1,0,0.0,6
2,21,140,10,41,24,0,0.0,24
2,21,50,10,24,14,0,8.0,-5
2,21,180,30,72,-12,0,8.0,10
2,21,210,40,76,31,0,8.0,-14
2,21,210,20,40,15,0,8.0,-4
2,21,210,20,50,12,0,1.0,-15
2,21,280,20,88,85,0,8.0,-3
2,21,50,20,67,61,0,8.0,-7
2,21,120,20,63,-14,0,7.0,-10
2,21,70,10,72,-6,0,8.0,11
2,21,60,10,67,15,0,0.0,-23
2,21,50,10,61,33,0,8.0,-12
2,21,270,20,71,39,0,0.0,-11
2,21,220,50,96,82,-1,8.0,-3
2,21,250,70,87,46,0,0.0,0
2,21,240,60,111,83,0,7.0,-4
2,21,280,20,59,48,17,8.0,1
2,21,300,20,29,26,0,0.0,-5
2,21,250,20,58,25,0,8.0,-1
2,21,210,10,39,17,0,8.0,-6
2,21,160,40,40,-9,0,0.0,-5
2,21,200,40,80,73,0,8.0,-6
2,21,240,140,113,105,37,8.0,4
2,21,260,90,68,33,1,8.0,-9
2,21,260,60,51,-10,1,7.0,-1
2,21,220,40,21,-6,0,0.0,3
2,21,250,40,71,63,1,8.0,-4
2,21,190,50,73,41,0,8.0,-4
2,21,200,100,118,58,0,8.0,6
2,21,230,100,84,63,3,8.0,-2
2,21,230,70,75,50,-1,8.0,7
2,21,210,80,69,39,1,8.0,2
2,21,220,60,61,31,-1,8.0,-4
2,21,260,60,54,30,-1,8.0,1
2,21,220,110,83,32,0,8.0,-1
2,21,240,70,99,83,1,8.0,0
2,21,280,40,65,15,0,8.0,-8
2,21,240,80,99,90,2,8.0,3
2,21,210,50,37,24,0,8.0,0
2,21,230,40,21,11,0,5.0,11
2,21,290,30,28,8,-1,1.0,-9
2,21,190,60,52,44,1,8.0,8
2,21,200,80,53,16,0,1.0,-3
