MM,HH,DD,FF,T,TD,RH,N,TC
2,5,140,31,-36,-54,0,8.0,-3
2,5,10,5,-86,-97,0,0.0,4
2,5,130,5,-82,-93,0,0.0,-3
2,5,990,15,-68,-84,0,6.0,-2
2,5,40,15,-51,-68,0,8.0,4
2,5,50,51,-75,-99,3,6.0,-3
2,5,60,41,-121,-150,0,3.0,4
2,5,80,72,-56,-85,-1,8.0,2
2,5,100,31,-88,-116,0,4.0,4
2,5,190,21,-55,-72,0,3.0,5
2,5,200,46,-34,-48,-1,8.0,1
2,5,350,26,-42,-49,0,8.0,0
2,5,240,26,-38,-38,-1,8.0,2
2,5,80,10,-29,-29,2,8.0,-1
2,5,210,72,-11,-22,0,8.0,5
2,5,270,46,15,15,4,8.0,0
2,5,60,26,-48,-48,0,0.0,3
2,5,70,31,-48,-51,0,3.0,3
2,5,990,10,-24,-32,0,7.0,14
2,5,200,21,-4,-7,0,0.0,8
2,5,190,26,-7,-7,0,0.0,4
2,5,230,77,31,16,0,0.0,1
2,5,210,98,73,58,0,8.0,3
2,5,200,67,56,44,0,0.0,-3
2,5,200,36,67,55,0,7.0,-7
2,5,50,15,13,13,0,9.0,-5
2,5,170,15,25,25,0,0.0,-6
2,5,90,36,28,9,-1,7.0,0
2,5,0,0,-27,-27,0,9.0,0
2,5,990,15,-30,-30,0,9.0,0
2,5,230,77,-2,-3,0,8.0,2
2,5,230,57,21,3,-1,8.0,-10
2,5,250,46,39,39,4,8.0,14
2,5,220,41,48,47,0,7.0,0
2,5,210,31,52,49,0,8.0,-2
2,5,160,26,6,2,0,0.0,-9
2,5,180,46,15,-9,0,0.0,18
2,5,230,82,48,38,-1,8.0,6
2,5,200,62,61,46,-1,8.0,1
2,5,200,41,88,88,4,8.0,1
2,5,240,57,90,87,4,8.0,-6
2,5,230,62,42,35,0,6.0,-4
2,5,210,98,81,77,4,8.0,1
2,5,240,77,20,-1,0,0.0,-1
2,5,320,62,0,-11,0,8.0,-1
2,5,360,10,-42,-56,0,2.0,5
2,5,200,15,-42,-52,0,7.0,7
2,5,230,26,0,0,6,8.0,0
2,5,240,21,-10,-11,0,2.0,4
2,5,210,31,-3,-4,0,6.0,3
2,5,220,113,48,23,0,8.0,3
2,5,210,41,55,52,0,8.0,-2
2,5,90,21,46,46,0,7.0,-4
2,5,210,46,64,37,0,7.0,2
2,5,180,31,55,46,0,7.0,-16
2,5,200,46,54,33,0,0.0,11
2,5,190,41,70,43,0,3.0,10
2,5,90,31,-40,-41,0,0.0,-5
2,5,230,41,-18,-18,0,0.0,0
2,5,120,10,-7,-7,-1,9.0,-1
2,5,990,5,-26,-26,0,9.0,0
2,5,250,46,-16,-16,-1,8.0,0
2,5,210,46,-7,-7,0,8.0,-2
2,5,210,36,32,32,-1,8.0,0
2,5,60,21,43,43,-1,8.0,-2
2,5,70,46,8,5,0,5.0,0
2,5,110,21,3,3,0,5.0,-2
2,5,130,21,-4,-5,0,8.0,4
2,5,130,10,-24,-24,0,0.0,-2
2,5,990,15,-29,-29,0,9.0,-1
2,5,990,5,-23,-23,0,9.0,0
2,5,220,21,-18,-18,0,8.0,1
2,5,200,36,-3,-3,-1,9.0,2
2,5,240,62,46,46,1,8.0,2
2,5,300,21,42,21,0,8.0,-3
2,5,270,72,54,31,0,7.0,-1
2,5,280,36,22,16,0,7.0,4
2,5,300,72,29,-9,-1,7.0,3
2,5,300,36,2,2,-1,8.0,0
2,5,30,67,-23,-39,0,0.0,-6
2,5,190,15,-39,-39,0,1.0,-2
2,5,190,21,-28,-28,0,7.0,7
2,5,190,46,10,10,0,8.0,0
2,5,230,36,5,5,6,8.0,-2
2,5,240,41,-29,-29,0,5.0,-1
2,5,200,46,36,8,0,8.0,1
2,5,260,62,48,4,0,4.0,-5
2,5,90,46,12,-8,0,6.0,2
2,5,150,26,60,52,-1,8.0,4
2,5,60,31,54,45,0,8.0,-5
2,5,260,31,49,49,-1,8.0,1
2,5,170,36,7,-4,0,0.0,3
2,5,300,26,39,27,-1,8.0,-3
2,5,190,67,16,3,0,7.0,8
2,5,260,62,38,26,2,8.0,3
2,5,10,21,24,-11,0,8.0,-3
2,5,60,41,3,-1,0,4.0,4
2,5,60,62,0,-26,0,7.0,-2
2,5,80,103,-72,-128,0,0.0,1
2,5,110,87,-33,-143,0,3.0,0
2,5,90,31,4,-53,0,8.0,-2
2,5,120,15,-49,-85,0,0.0,-6
2,5,110,21,-32,-63,0,2.0,2
2,5,120,21,-61,-94,0,0.0,5
2,5,60,36,-64,-96,0,0.0,2
2,5,210,10,-89,-96,0,0.0,-4
2,5,80,36,-36,-77,0,5.0,8
2,5,70,46,-13,-13,1,8.0,3
2,5,990,15,42,37,0,8.0,-11
2,5,150,10,8,8,0,9.0,1
2,5,130,26,44,39,0,5.0,-12
2,5,190,51,107,52,0,8.0,-12
2,5,180,26,65,58,0,7.0,10
2,5,210,93,83,65,0,8.0,7
2,5,260,21,66,63,-1,8.0,0
2,5,170,31,13,-4,0,4.0,0
2,5,210,62,59,49,2,8.0,-3
2,5,250,46,63,63,0,7.0,-2
2,5,240,67,90,90,1,8.0,1
2,5,230,93,75,56,0,8.0,2
2,5,230,98,80,71,0,8.0,3
2,5,40,41,15,5,0,8.0,-2
2,5,130,21,-6,-29,0,7.0,-5
2,5,200,72,76,57,0,8.0,0
2,5,240,98,86,53,0,6.0,-8
2,5,180,51,75,43,0,7.0,-1
2,5,240,103,64,45,3,7.0,-2
2,5,200,93,79,72,21,8.0,6
2,5,210,67,59,36,0,2.0,5
2,5,230,108,59,38,-1,6.0,-4
2,5,220,57,37,24,0,5.0,4
2,5,200,72,57,35,-1,8.0,7
2,5,250,82,99,60,0,7.0,-7
2,5,210,72,89,67,0,4.0,-8
2,5,200,51,15,1,0,0.0,1
2,5,220,82,20,13,2,8.0,3
2,5,180,46,38,19,1,8.0,-2
2,5,210,51,50,46,3,8.0,6
2,5,260,26,18,16,0,8.0,1
2,5,290,26,3,-11,0,1.0,-9
2,5,230,103,71,57,0,8.0,4
2,5,80,41,-42,-89,0,0.0,-5
2,5,50,10,-21,-28,0,7.0,-3
2,5,310,15,-5,-5,-1,8.0,-2
2,5,30,41,-23,-31,-1,8.0,-4
2,5,210,31,-43,-50,0,8.0,2
2,5,70,41,-62,-75,0,0.0,1
2,5,100,26,-40,-67,0,7.0,3
2,5,30,41,-39,-66,-1,8.0,-3
2,5,990,10,-26,-31,0,8.0,1
2,5,180,46,17,-34,0,8.0,0
2,5,200,57,32,22,0,2.0,-2
2,5,190,77,44,29,1,7.0,0
2,5,300,36,7,7,-1,8.0,-4
2,5,20,87,5,-4,0,8.0,-2
2,5,330,21,-18,-32,-1,8.0,0
2,5,230,72,20,20,-1,8.0,2
2,5,260,93,53,23,1,8.0,-6
2,5,210,93,44,37,6,8.0,-2
2,5,210,62,23,17,0,7.0,-2
2,5,20,93,-22,-30,2,8.0,-4
2,5,20,57,-63,-78,0,2.0,-3
2,5,210,31,-89,-94,0,3.0,20
2,5,170,31,-38,-57,0,3.0,-19
2,5,170,62,-10,-29,0,5.0,5
2,5,200,93,59,38,-1,7.0,0
2,5,170,57,69,25,0,6.0,0
2,5,40,21,39,39,0,8.0,-1
2,5,30,36,34,34,0,8.0,0
2,5,20,31,8,8,0,9.0,-5
2,5,990,10,12,0,0,8.0,-3
2,5,180,20,-22,-38,0,1.0,-4
2,5,220,30,7,7,1,8.0,-1
2,5,210,70,16,1,0,8.0,2
2,5,210,60,46,43,17,8.0,1
2,5,210,60,13,7,0,8.0,2
2,5,200,70,35,-20,0,0.0,-3
2,5,210,20,55,55,1,8.0,0
2,5,210,30,77,61,0,7.0,3
2,5,200,70,59,29,0,7.0,1
2,5,200,50,18,-1,0,0.0,6
2,5,250,100,103,95,-1,8.0,3
2,5,230,100,78,51,-1,7.0,-5
2,5,220,60,26,12,0,3.0,1
2,5,270,20,8,6,0,7.0,3
2,5,190,30,24,8,0,7.0,-3
2,5,190,40,40,14,0,8.0,2
2,5,200,90,79,68,6,8.0,1
2,5,220,40,21,-4,0,0.0,1
2,5,250,80,64,0,0,0.0,-6
2,5,220,100,86,49,0,7.0,1
2,5,220,50,70,57,0,3.0,-7
2,5,190,40,74,47,0,5.0,-2
2,5,200,100,109,75,0,8.0,-1
2,5,230,120,105,87,15,8.0,-3
2,5,240,100,86,45,0,3.0,-3
2,5,290,50,56,41,0,8.0,0
2,5,200,70,61,19,0,6.0,0
2,5,100,40,-69,-118,0,1.0,-4
2,5,210,30,-90,-104,0,1.0,-6
2,5,250,30,4,4,0,8.0,-2
2,5,180,30,-43,-55,0,0.0,3
2,5,200,40,-4,-14,0,5.0,11
2,5,210,40,33,8,0,7.0,2
2,5,200,60,12,-9,0,7.0,4
2,5,200,50,10,7,0,2.0,-5
2,5,200,50,31,2,0,5.0,7
2,5,210,60,51,-3,0,5.0,-14
2,5,200,40,31,23,0,2.0,4
2,5,210,60,71,49,0,4.0,-9
2,5,220,50,99,77,0,7.0,-4
2,5,210,40,58,54,0,1.0,0
2,5,200,50,67,57,0,0.0,-5
2,5,210,70,119,66,0,8.0,0
2,5,310,40,56,38,-1,8.0,-4
2,5,190,30,10,0,0,0.0,-9
2,5,230,70,58,34,0,1.0,-5
2,5,170,40,63,52,0,1.0,-9
2,5,210,60,89,44,0,3.0,-6
2,5,190,30,71,67,0,3.0,-3
2,5,230,20,33,33,0,9.0,-1
2,5,250,30,77,77,-1,8.0,1
2,5,290,20,66,66,0,7.0,3
2,5,200,10,83,74,0,8.0,2
2,5,230,80,70,56,0,8.0,0
2,5,230,130,75,42,0,8.0,-6
2,5,230,30,15,-18,0,8.0,2
2,5,330,30,46,46,-1,8.0,2
2,5,240,50,41,32,0,4.0,-3
2,5,240,60,73,72,-1,8.0,1
2,5,260,90,62,14,0,3.0,2
2,5,250,40,14,12,-1,7.0,3
2,5,280,40,19,1,0,2.0,1
2,5,260,60,-6,-6,1,6.0,3
2,5,20,20,-13,-16,-1,7.0,0
2,5,220,40,-20,-21,0,8.0,-4
2,5,330,40,-22,-32,0,7.0,1
2,5,990,10,-77,-80,0,2.0,0
2,5,320,10,-83,-89,0,0.0,-16
2,5,320,10,-38,-45,0,1.0,-2
2,5,210,70,-9,-10,-1,8.0,0
2,5,230,90,25,23,1,8.0,3
2,5,320,90,0,-3,5,8.0,1
2,5,180,20,5,5,1,8.0,1
2,5,210,70,71,70,-1,8.0,3
2,5,270,30,69,69,13,8.0,-3
2,5,240,70,49,32,0,8.0,-1
2,5,280,60,23,4,3,3.0,-16
2,5,250,50,3,3,8,8.0,2
2,5,200,40,8,3,0,7.0,0
2,5,190,20,-32,-33,0,1.0,3
2,5,220,90,47,0,0,7.0,-6
2,5,200,60,28,14,0,2.0,4
2,5,220,70,40,27,0,2.0,-2
2,5,220,70,87,58,0,8.0,-1
2,5,210,70,67,48,0,8.0,2
2,5,240,50,34,21,0,1.0,-2
2,5,220,60,53,48,-1,8.0,2
2,5,210,80,57,31,0,4.0,-2
2,5,220,60,89,25,0,7.0,-9
2,5,220,100,88,77,3,8.0,-11
2,5,220,90,85,51,0,8.0,2
2,5,290,90,39,12,2,7.0,3
2,5,210,60,58,19,0,7.0,0
2,5,220,30,2,-7,0,0.0,2
2,5,200,50,13,-6,0,6.0,2
2,5,230,60,44,29,3,6.0,5
2,5,210,30,-5,-10,0,1.0,-8
2,5,230,50,78,73,0,8.0,-1
2,5,260,80,48,18,-1,7.0,-8
2,5,240,50,11,-4,0,4.0,0
2,5,180,50,3,2,4,8.0,0
2,5,250,50,44,38,-1,7.0,-2
2,5,310,40,1,-9,0,2.0,0
2,5,200,20,-14,-15,0,6.0,11
2,5,190,30,31,27,0,8.0,-5
2,5,180,20,22,17,0,7.0,8
2,5,200,70,69,64,2,8.0,5
2,5,260,90,100,88,17,8.0,-54
2,5,190,30,-5,-18,0,1.0,2
2,5,190,40,6,-11,0,1.0,-3
2,5,200,100,115,57,0,7.0,0
2,5,190,50,43,28,0,2.0,-1
2,5,290,20,-15,-16,0,9.0,0
2,5,220,30,1,-1,0,8.0,1
2,5,200,30,13,13,7,8.0,4
2,5,230,60,51,38,-1,8.0,-2
2,5,210,90,83,65,3,8.0,2
2,5,200,90,99,76,-1,8.0,1
2,5,200,50,87,78,6,8.0,-1
2,5,220,120,110,58,0,7.0,-5
2,5,10,40,28,12,0,8.0,1
2,5,120,20,-15,-23,0,2.0,2
2,5,210,80,75,30,0,8.0,1
2,5,190,70,99,79,0,8.0,-4
2,5,20,70,52,43,0,6.0,0
2,5,70,40,22,22,0,9.0,7
2,5,40,10,21,4,0,1.0,-9
2,5,240,20,35,10,0,1.0,-26
2,5,340,50,33,31,-1,8.0,-4
2,5,360,30,6,-5,0,6.0,-2
2,5,230,20,30,12,0,6.0,-5
2,5,300,30,33,28,0,7.0,-1
2,5,230,60,31,20,0,8.0,0
2,5,260,30,35,33,0,6.0,2
2,5,290,50,32,13,-1,8.0,-7
2,5,310,20,2,-4,0,7.0,-1
2,5,210,30,-50,-59,0,6.0,5
2,5,220,50,-8,-16,0,4.0,-9
2,5,160,50,2,-40,0,7.0,-9
2,5,120,40,24,-26,0,8.0,6
2,5,210,70,82,72,-1,8.0,4
2,5,190,50,96,47,0,3.0,6
2,5,170,60,89,15,0,2.0,-5
2,5,230,100,67,23,0,2.0,-2
2,5,200,90,106,88,2,8.0,9
2,5,240,90,63,44,17,7.0,1
2,5,250,30,45,38,0,4.0,-2
2,5,220,70,74,68,-1,8.0,1
2,5,220,90,116,87,0,8.0,-1
2,5,230,90,63,38,5,8.0,3
2,5,220,110,92,74,6,8.0,-1
2,5,240,90,110,101,5,8.0,2
2,5,210,40,72,66,6,8.0,2
2,5,40,60,40,20,0,8.0,-5
2,5,40,40,-24,-43,0,0.0,-3
2,5,30,30,-26,-49,0,0.0,7
2,5,200,40,-8,-42,0,0.0,-1
2,5,200,40,23,1,0,8.0,5
2,5,220,100,36,9,-1,7.0,11
2,5,230,120,78,66,28,8.0,0
2,5,320,50,11,-15,0,7.0,-3
2,5,210,120,29,2,1,8.0,7
2,5,240,90,53,11,0,8.0,-8
2,5,280,90,16,8,4,8.0,-3
2,5,240,70,76,71,9,8.0,2
2,5,210,100,96,84,12,8.0,2
2,5,240,80,59,19,0,7.0,-9
2,5,210,90,42,8,0,6.0,4
2,5,200,40,-65,-84,0,7.0,1
2,5,210,50,12,6,0,8.0,0
2,5,240,90,39,23,2,8.0,-20
2,5,220,40,1,-6,-1,7.0,1
2,5,280,50,9,2,3,8.0,1
2,5,330,30,0,-19,0,8.0,-1
2,5,200,50,11,0,1,8.0,-1
2,5,200,40,38,34,1,8.0,0
2,5,180,20,47,36,0,8.0,0
2,5,150,20,-1,-8,0,8.0,9
2,5,120,10,-27,-36,0,0.0,-4
2,5,80,30,-34,-41,0,0.0,-5
2,5,70,40,-50,-66,0,1.0,-1
2,5,90,40,-44,-81,0,0.0,-12
2,5,30,50,-44,-81,0,0.0,-7
2,5,50,30,-12,-61,0,8.0,0
2,5,50,30,-56,-80,0,0.0,-5
2,5,60,30,-65,-84,0,0.0,3
2,5,80,40,-42,-80,0,0.0,-5
2,5,90,40,-18,-46,0,0.0,-5
2,5,130,10,-20,-50,0,0.0,4
2,5,130,10,-28,-44,0,0.0,3
2,5,170,40,14,-24,0,0.0,9
2,5,170,30,27,-8,0,0.0,3
2,5,100,20,-13,-36,0,0.0,2
2,5,160,20,30,-51,0,0.0,-19
2,5,120,20,54,-4,0,8.0,-8
2,5,190,40,77,32,0,8.0,-5
2,5,220,140,106,61,0,8.0,-6
2,5,230,100,115,79,0,8.0,-5
2,5,210,80,104,75,0,8.0,-9
2,5,220,70,122,66,0,7.0,-1
2,5,230,80,128,71,0,8.0,-3
2,5,200,40,101,82,0,8.0,-2
2,5,240,130,70,45,6,8.0,-4
2,5,230,90,23,10,10,7.0,8
2,5,260,50,9,-1,0,7.0,6
2,5,220,30,-3,-28,0,7.0,-16
2,5,290,40,71,70,2,8.0,1
2,5,20,10,18,10,0,8.0,-8
2,5,230,30,52,45,0,8.0,1
2,5,190,20,49,43,0,8.0,5
2,5,210,20,47,40,0,8.0,3
2,5,220,10,16,16,0,9.0,-2
2,5,280,10,22,14,0,8.0,0
2,5,300,20,35,14,0,7.0,0
2,5,40,50,2,-6,0,0.0,-3
2,5,40,60,-25,-57,0,1.0,0
2,5,50,40,-9,-43,0,5.0,-1
2,5,350,30,-1,-21,0,8.0,0
2,5,330,30,-19,-36,0,4.0,2
2,5,200,40,-23,-31,0,8.0,2
2,5,250,30,3,2,2,8.0,1
2,5,210,50,-26,-37,0,4.0,-5
2,5,180,40,-40,-60,0,6.0,1
2,5,270,20,-18,-41,0,8.0,-1
2,5,300,10,-19,-22,0,7.0,-3
2,5,310,50,32,16,0,7.0,1
2,5,260,30,39,34,1,8.0,4
2,5,290,40,46,38,2,8.0,-2
2,5,170,20,42,26,0,8.0,-3
2,5,190,10,-17,-36,0,0.0,-7
2,5,160,20,-3,-26,0,1.0,0
2,5,80,40,-31,-50,0,0.0,0
2,5,200,30,-30,-43,0,0.0,-6
2,5,200,50,19,-4,0,2.0,9
2,5,220,90,73,40,-1,8.0,1
2,5,230,60,76,67,16,8.0,-1
2,5,230,110,102,92,-1,8.0,-1
2,5,250,120,35,15,2,8.0,-4
2,5,280,30,14,-2,-1,8.0,-1
2,5,340,50,1,-14,-1,8.0,1
2,5,20,70,-18,-47,0,8.0,-4
2,5,360,30,-16,-52,0,8.0,-1
2,5,200,20,-24,-66,0,8.0,-10
2,5,240,20,15,12,0,9.0,-2
2,5,240,40,2,-1,-1,8.0,1
2,5,260,10,-2,-7,2,8.0,0
2,5,40,70,-5,-36,0,8.0,-5
2,5,20,40,-33,-50,-1,8.0,-1
2,5,190,40,-32,-48,-1,8.0,-4
2,5,60,20,-43,-61,0,0.0,-10
2,5,320,10,-4,-12,0,8.0,-1
2,5,40,60,-41,-72,0,1.0,-4
2,5,30,20,-76,-100,0,0.0,3
2,5,70,20,-48,-55,0,9.0,-5
2,5,230,20,-35,-39,0,9.0,-2
2,5,90,20,-55,-62,0,8.0,1
2,5,300,10,-5,-7,0,9.0,3
2,5,330,10,3,1,0,9.0,1
2,5,200,20,16,14,-1,8.0,1
2,5,230,50,33,20,0,8.0,2
2,5,230,110,50,35,11,8.0,-5
2,5,270,30,16,3,-1,8.0,0
2,5,290,30,7,-1,3,8.0,5
2,5,210,10,2,-3,0,8.0,3
2,5,210,30,-7,-21,0,8.0,-3
2,5,180,60,8,-21,0,8.0,-6
2,5,200,50,34,16,0,8.0,-1
2,5,190,80,59,38,0,8.0,1
2,5,230,50,60,52,1,8.0,2
2,5,200,60,47,22,-1,8.0,-1
2,5,180,40,28,8,0,0.0,3
2,5,180,40,42,26,0,0.0,-1
2,5,50,50,37,26,0,8.0,-1
2,5,30,60,5,2,4,,0
2,5,70,70,22,2,0,8.0,-1
2,5,30,40,-7,-36,0,8.0,-1
2,5,80,70,-6,-54,0,8.0,2
2,5,50,80,-19,-53,0,0.0,-4
2,5,50,50,-30,-40,-1,8.0,-2
2,5,220,30,-28,-39,0,8.0,3
2,5,220,70,8,1,0,8.0,2
2,5,240,30,67,66,0,9.0,2
2,5,250,20,78,77,0,8.0,-8
2,5,310,20,29,25,0,0.0,-3
2,5,30,20,-20,-23,0,9.0,14
2,5,210,40,13,2,0,0.0,-6
2,5,240,20,16,14,0,9.0,-4
2,5,280,10,-4,-6,0,9.0,-2
2,5,80,30,-35,-39,0,8.0,8
2,5,250,60,43,10,-1,8.0,-9
2,5,90,30,40,32,1,8.0,0
2,5,180,60,85,56,-1,8.0,-1
2,5,180,60,73,55,6,8.0,-5
2,5,240,60,72,48,1,8.0,-2
2,5,170,40,67,29,-1,8.0,-2
2,5,280,30,55,32,0,8.0,-15
2,5,100,30,19,-22,0,8.0,-5
2,5,90,40,42,-17,0,0.0,-16
2,5,240,20,43,29,0,8.0,-5
2,5,170,10,43,28,0,8.0,-1
2,5,110,20,43,32,0,8.0,3
2,5,180,40,73,43,0,8.0,6
2,5,190,50,45,27,0,5.0,4
2,5,190,50,76,53,0,5.0,4
2,5,160,50,97,64,-1,8.0,0
2,5,150,60,83,70,17,8.0,-2
2,5,270,50,70,54,-1,8.0,-1
2,5,240,40,40,25,0,8.0,0
2,5,240,90,99,57,0,8.0,-3
2,5,240,80,52,38,14,8.0,3
2,5,260,50,9,8,10,8.0,0
2,5,190,50,10,-23,0,0.0,-3
2,5,190,80,72,10,-1,8.0,-7
2,5,180,80,51,21,0,8.0,5
2,5,240,80,87,67,7,8.0,-9
2,5,190,30,14,11,0,0.0,-1
2,5,130,30,10,-35,0,0.0,3
2,5,110,30,13,-45,0,0.0,3
2,5,70,10,37,-38,0,0.0,-12
2,5,70,50,30,7,0,0.0,-2
2,5,60,20,13,1,0,0.0,-3
2,5,50,30,-10,-10,0,9.0,1
2,5,70,30,-4,-4,0,9.0,4
2,5,70,50,20,7,0,8.0,-1
2,5,50,30,-41,-64,0,0.0,1
2,5,100,30,-40,-82,0,0.0,-2
2,5,200,20,-27,-65,0,0.0,3
2,5,60,40,-9,-9,0,9.0,-3
2,5,200,40,35,-20,0,8.0,0
2,5,210,40,46,40,-1,8.0,11
2,5,230,80,86,61,0,8.0,-2
2,5,230,30,72,67,0,6.0,3
2,5,220,40,83,56,0,8.0,-4
2,5,320,40,72,61,0,8.0,-10
2,5,200,100,116,72,0,8.0,2
2,5,240,50,49,35,0,8.0,-2
2,5,200,30,34,25,0,5.0,10
2,5,320,30,70,70,-1,9.0,-1
2,5,50,50,-14,-69,0,8.0,1
2,5,60,60,-17,-48,0,8.0,5
2,5,130,20,29,-6,0,8.0,-2
2,5,0,0,-5,-6,0,8.0,0
2,5,90,30,5,2,0,7.0,-2
2,5,170,50,49,27,0,1.0,-4
2,5,240,10,26,21,0,8.0,-1
2,5,230,30,7,0,-1,8.0,-1
2,5,200,80,16,-6,-1,8.0,3
2,5,180,60,79,66,22,8.0,-1
2,5,250,20,1,-5,0,8.0,4
2,5,310,20,-2,-5,-1,8.0,-2
2,5,210,20,1,0,0,8.0,2
2,5,10,50,-5,-26,0,8.0,-3
2,5,200,40,-38,-47,0,0.0,-2
2,5,240,20,24,24,1,9.0,3
2,5,290,30,55,54,2,8.0,0
2,5,120,40,-18,-44,0,8.0,0
2,5,200,20,-27,-47,0,8.0,12
2,5,260,30,43,42,0,8.0,2
2,5,320,20,34,33,0,7.0,-3
2,5,240,50,53,43,0,8.0,0
2,5,280,30,47,36,-1,8.0,-2
2,5,360,10,35,18,0,8.0,2
2,5,190,20,7,0,0,8.0,0
2,5,250,30,55,52,3,8.0,1
2,5,240,40,57,35,0,4.0,-4
2,5,220,40,71,60,0,8.0,-3
2,5,230,60,2,-15,-1,8.0,0
2,5,200,60,-4,-24,0,8.0,1
2,5,220,30,8,6,0,8.0,3
2,5,210,60,58,47,0,8.0,-3
2,5,150,50,49,14,0,5.0,2
2,5,160,40,32,18,0,4.0,-6
2,5,40,20,7,4,0,8.0,0
2,5,70,30,10,-1,0,8.0,-9
2,5,80,50,-46,-71,0,8.0,-1
2,5,330,10,-66,-87,0,0.0,-9
2,5,30,60,-46,-61,1,8.0,2
2,5,350,50,-49,-65,0,8.0,-3
2,5,360,30,-40,-61,0,8.0,-1
2,5,310,20,-36,-47,1,8.0,0
2,5,310,10,-48,-55,2,8.0,-2
2,5,180,50,-30,-62,0,1.0,-1
2,5,90,30,-40,-67,0,8.0,-2
2,5,220,50,28,25,1,8.0,-1
2,5,190,60,49,22,0,8.0,3
2,5,220,60,8,-14,0,8.0,1
2,5,200,20,3,0,-1,8.0,4
2,5,190,60,49,13,0,8.0,2
2,5,10,40,33,32,1,9.0,-4
2,5,200,50,69,62,0,8.0,0
2,5,210,100,81,64,10,8.0,1
2,5,200,90,96,57,0,8.0,-3
2,5,200,60,36,6,0,1.0,5
2,5,110,50,60,50,16,8.0,21
2,5,220,30,-46,-49,0,7.0,-4
2,5,200,50,-1,-2,0,8.0,0
2,5,220,70,34,33,13,8.0,3
2,5,210,100,56,34,0,6.0,4
2,5,230,110,99,58,0,8.0,-2
2,5,230,90,98,59,0,8.0,-2
2,5,220,60,63,28,0,8.0,-3
2,5,270,30,61,29,0,8.0,-9
2,5,170,20,-4,-8,0,0.0,5
2,5,210,70,55,13,0,8.0,-4
2,5,240,40,102,95,1,8.0,-4
2,5,90,20,79,78,0,8.0,4
2,5,200,30,28,25,0,0.0,-1
2,5,150,40,53,24,0,0.0,5
2,5,150,30,34,21,0,8.0,-7
2,5,180,30,45,32,0,4.0,-3
2,5,70,40,17,16,0,0.0,1
2,5,80,40,16,-3,0,8.0,-1
2,5,130,10,23,10,0,8.0,1
2,5,80,50,14,2,2,8.0,-6
2,5,90,50,-9,-48,0,8.0,-2
2,5,80,50,-42,-68,0,0.0,-5
2,5,190,40,-28,-74,0,8.0,4
2,5,200,70,17,13,6,8.0,3
2,5,200,30,66,66,0,9.0,0
2,5,170,40,60,47,-1,8.0,2
2,5,280,40,55,50,-1,8.0,-1
2,5,310,10,17,12,0,8.0,0
2,5,40,60,-94,-120,0,0.0,-1
2,5,40,70,-103,-152,0,0.0,-2
2,5,40,30,-145,-174,0,0.0,4
2,5,60,10,-128,-131,0,0.0,-4
2,5,180,40,-94,-153,0,8.0,-1
2,5,140,20,-80,-125,0,8.0,1
2,5,80,30,-130,-167,0,0.0,-16
2,5,50,80,-64,-104,0,2.0,-3
2,5,30,20,-116,-131,0,0.0,8
2,5,40,20,-75,-91,0,8.0,-4
2,5,40,40,-130,-154,0,0.0,10
2,5,170,10,-96,-112,0,8.0,-11
2,5,230,40,-22,-25,0,9.0,2
2,5,340,20,15,12,6,8.0,6
2,5,310,70,48,35,4,8.0,-2
2,5,280,20,30,27,-1,8.0,1
2,5,220,60,38,35,1,8.0,0
2,5,220,60,64,57,0,8.0,-2
2,5,250,30,18,5,0,8.0,0
2,5,210,40,-21,-27,0,0.0,-11
2,5,220,60,11,-39,0,8.0,-3
2,5,210,40,21,-8,0,8.0,2
2,5,230,70,55,52,3,8.0,2
2,5,240,50,89,88,1,9.0,-1
2,5,250,20,77,74,0,8.0,-5
2,5,240,30,46,24,0,8.0,0
2,5,200,40,31,27,0,8.0,-5
2,5,230,50,71,67,0,8.0,1
2,5,230,30,85,85,0,9.0,1
2,5,220,80,70,46,0,7.0,1
2,5,260,20,34,31,-1,8.0,2
2,5,280,30,25,15,-1,8.0,-1
2,5,240,50,70,66,-1,8.0,4
2,5,210,100,46,23,0,3.0,-4
2,5,210,50,13,5,2,8.0,-9
2,5,270,30,8,2,-1,8.0,-5
2,5,260,20,0,-3,1,8.0,1
2,5,300,10,-18,-21,-1,8.0,-2
2,5,180,40,-15,-48,0,7.0,-2
2,5,90,60,-18,-72,-1,8.0,0
2,5,60,40,-39,-64,0,4.0,0
2,5,80,10,-25,-60,0,7.0,3
2,5,110,40,-39,-84,0,1.0,6
2,5,210,50,6,0,2,8.0,1
2,5,220,30,28,21,0,8.0,0
2,5,70,20,15,12,0,8.0,8
2,5,80,10,-26,-33,0,0.0,0
2,5,210,30,-10,-20,0,4.0,3
2,5,60,50,-16,-30,0,0.0,-1
2,5,40,40,-50,-68,0,0.0,9
2,5,40,50,-35,-69,0,5.0,5
2,5,30,60,-50,-73,-1,7.0,0
2,5,10,40,-19,-25,5,8.0,1
2,5,30,40,0,0,2,9.0,2
2,5,60,30,7,4,0,8.0,-2
2,5,40,40,0,-3,0,8.0,-1
2,5,70,20,-1,-6,0,8.0,0
2,5,190,100,67,12,0,8.0,4
2,5,200,70,32,16,0,4.0,-4
2,5,130,20,7,-7,0,0.0,-2
2,5,180,40,44,7,0,0.0,7
2,5,160,90,72,5,0,8.0,3
2,5,220,90,71,27,0,7.0,-9
2,5,190,100,103,50,0,8.0,3
2,5,190,80,68,30,0,7.0,3
2,5,220,110,53,6,0,5.0,-3
2,5,140,50,43,0,0,8.0,-6
2,5,230,70,47,14,0,8.0,0
2,5,220,70,32,16,0,7.0,-2
2,5,210,80,60,25,0,8.0,-1
2,5,200,70,20,3,0,0.0,1
2,5,220,110,108,41,0,8.0,-5
2,5,220,80,62,38,0,8.0,0
2,5,190,50,49,24,0,6.0,2
2,5,180,40,58,10,0,8.0,1
2,5,230,50,65,55,4,8.0,2
2,5,190,60,55,40,0,5.0,-2
2,5,220,60,69,55,14,8.0,-7
2,5,190,70,33,11,0,5.0,7
2,5,190,60,38,9,0,0.0,-3
2,5,120,20,52,10,0,1.0,-4
2,5,180,50,78,30,0,4.0,0
2,5,230,30,69,53,0,8.0,-5
2,5,170,40,38,12,0,0.0,4
2,5,180,40,39,24,0,5.0,0
2,5,220,60,14,4,0,8.0,-3
2,5,270,30,13,8,-1,8.0,-8
2,5,210,30,0,-14,1,8.0,-1
2,5,60,10,-19,-26,0,8.0,-3
2,5,50,20,-25,-40,0,8.0,-5
2,5,40,90,-28,-55,0,0.0,-2
2,5,30,30,-59,-72,0,0.0,7
2,5,340,40,27,7,0,1.0,2
2,5,240,40,27,19,0,8.0,2
2,5,300,20,41,38,1,8.0,0
2,5,90,30,30,7,0,8.0,-3
2,5,140,20,-9,-16,0,0.0,1
2,5,160,30,8,-16,0,0.0,5
2,5,150,50,68,33,0,8.0,0
2,5,90,20,35,18,0,7.0,-11
2,5,170,20,0,-20,0,0.0,-6
2,5,200,30,15,10,0,8.0,2
2,5,170,20,-14,-14,0,9.0,8
2,5,200,60,10,-8,0,6.0,6
2,5,200,80,48,3,0,8.0,1
2,5,280,30,27,19,2,8.0,-3
2,5,210,30,12,9,0,8.0,-6
2,5,200,90,25,15,22,8.0,2
2,5,200,70,35,2,0,8.0,-1
2,5,200,40,12,3,0,0.0,1
2,5,190,20,41,37,0,8.0,6
2,5,320,30,44,34,-1,8.0,1
2,5,180,30,-6,-24,0,0.0,2
2,5,240,60,105,100,3,8.0,0
2,5,270,80,91,81,12,8.0,-4
2,5,250,40,50,24,0,8.0,-7
2,5,230,70,28,11,0,8.0,2
2,5,200,50,59,47,0,8.0,7
2,5,190,60,79,52,0,0.0,-1
2,5,200,80,99,60,-1,8.0,-6
2,5,200,130,89,55,1,8.0,-6
2,5,220,90,67,27,-1,8.0,0
2,5,230,100,31,16,2,8.0,0
2,5,230,40,34,25,0,8.0,-8
2,5,190,40,20,-4,0,7.0,4
2,5,170,10,-18,-30,0,8.0,2
2,5,240,20,24,20,9,8.0,-2
2,5,350,70,5,1,12,8.0,-1
2,5,0,0,-29,-36,0,8.0,-4
2,5,100,10,-53,-65,0,0.0,-3
2,5,190,30,2,-43,0,5.0,-3
2,5,190,20,6,2,-1,8.0,4
2,5,200,90,47,35,7,8.0,5
2,5,240,80,101,91,-1,8.0,1
2,5,230,100,97,69,0,8.0,0
2,5,220,40,21,16,0,8.0,0
2,5,240,30,7,2,0,7.0,3
2,5,190,30,-30,-35,0,1.0,5
2,5,190,30,5,-6,0,8.0,0
2,5,60,40,8,-24,0,8.0,-3
2,5,40,60,-16,-43,0,7.0,0
2,5,20,60,-6,-31,0,0.0,-5
2,5,110,20,-26,-34,0,8.0,25
2,5,170,30,75,54,0,8.0,-2
2,5,210,40,98,69,0,8.0,-1
2,5,190,40,50,23,0,5.0,-1
2,5,160,20,33,16,0,2.0,-4
2,5,30,30,1,-4,0,3.0,12
2,5,0,0,40,20,0,8.0,-1
2,5,80,30,38,31,-1,8.0,-1
2,5,20,20,-8,-17,0,8.0,-3
2,5,60,40,-12,-40,0,8.0,2
2,5,70,30,-2,-8,-1,8.0,-1
2,5,120,10,22,15,0,8.0,4
2,5,60,60,3,-14,0,0.0,0
2,5,80,40,10,-38,0,0.0,-14
2,5,180,10,24,-7,0,0.0,7
2,5,200,30,59,40,0,7.0,1
2,5,230,40,51,43,0,8.0,3
2,5,210,10,49,46,0,8.0,0
2,5,190,40,12,-7,0,4.0,1
2,5,220,50,68,64,1,8.0,3
2,5,250,40,96,92,1,8.0,2
2,5,230,80,91,79,1,8.0,4
2,5,230,100,84,73,0,8.0,2
2,5,250,30,28,14,0,7.0,4
2,5,200,40,8,1,0,4.0,-4
2,5,210,60,67,17,-1,8.0,-1
2,5,210,60,103,58,0,8.0,-2
2,5,210,80,47,-1,-1,8.0,-1
2,5,200,50,14,-1,0,0.0,0
2,5,240,60,28,20,-1,8.0,5
2,5,230,10,13,10,0,8.0,4
2,5,20,60,-7,-28,0,8.0,-2
2,5,40,60,-24,-36,0,5.0,-2
2,5,70,40,-29,-54,0,8.0,1
2,5,360,40,-30,-48,0,8.0,-3
2,5,180,30,-70,-79,0,8.0,-3
2,5,180,40,-29,-56,0,8.0,1
2,5,210,30,10,9,0,8.0,1
2,5,200,100,27,15,1,8.0,5
2,5,240,50,11,-7,-1,8.0,0
2,5,180,40,-4,-32,0,0.0,6
2,5,170,10,-29,-75,0,0.0,-5
2,5,180,50,23,5,4,8.0,-1
2,5,200,30,-4,-8,0,0.0,0
2,5,80,20,5,-15,0,8.0,-3
2,5,180,20,-19,-32,0,0.0,3
2,5,150,10,-19,-30,0,8.0,3
2,5,360,10,-5,-21,0,8.0,0
2,5,60,30,-30,-47,0,5.0,-12
2,5,50,50,-27,-52,0,0.0,-2
2,5,60,40,-34,-57,0,0.0,0
2,5,70,80,-44,-112,0,0.0,-4
2,5,70,60,-47,-113,0,0.0,-4
2,5,40,40,-68,-89,0,1.0,8
2,5,50,60,-73,-113,0,0.0,-7
2,5,70,40,-87,-137,0,0.0,0
2,5,200,50,17,4,0,8.0,-2
2,5,40,30,13,12,8,8.0,5
2,5,320,20,9,7,0,8.0,-6
2,5,200,40,-9,-18,0,8.0,5
2,5,200,40,17,13,0,8.0,0
2,5,180,60,33,-41,0,8.0,-5
2,5,190,80,79,60,-1,8.0,0
2,5,200,70,58,43,2,8.0,1
2,5,230,70,77,42,0,8.0,0
2,5,190,80,82,71,6,8.0,4
2,5,250,40,33,17,0,8.0,-7
2,5,200,40,-8,-10,0,9.0,8
2,5,200,50,4,-12,0,2.0,0
2,5,130,20,-3,-40,0,8.0,11
2,5,110,10,20,-42,0,0.0,-6
2,5,190,40,46,-7,0,0.0,0
2,5,210,20,52,10,0,8.0,-13
2,5,200,40,54,-9,0,0.0,-3
2,5,220,40,66,53,-1,8.0,-1
2,5,190,40,40,17,0,8.0,-1
2,5,190,40,60,38,0,8.0,-1
2,5,990,10,86,78,0,8.0,-2
2,5,110,30,36,28,0,8.0,-11
2,5,140,20,15,-37,0,0.0,-15
2,5,180,20,37,-27,0,8.0,-17
2,5,180,20,38,8,0,6.0,-2
2,5,180,10,50,20,0,0.0,-5
2,5,190,40,49,29,0,0.0,2
2,5,200,60,107,103,19,8.0,0
2,5,210,60,71,44,0,8.0,-2
2,5,250,50,101,74,0,8.0,-5
2,5,250,40,43,21,-1,8.0,0
2,5,280,10,31,28,0,8.0,-8
2,5,200,30,13,2,0,8.0,-7
2,5,90,10,0,-13,0,0.0,-6
2,5,190,40,67,24,0,8.0,7
2,5,200,80,82,56,0,8.0,6
2,5,240,90,87,48,-1,8.0,-15
2,5,250,80,51,-13,0,4.0,-4
2,5,240,70,36,5,0,8.0,-2
2,5,170,50,41,11,0,8.0,9
2,5,250,40,54,39,-1,8.0,1
2,5,200,60,73,40,0,8.0,1
2,5,200,130,110,89,12,8.0,3
2,5,220,50,74,40,0,8.0,0
2,5,230,60,56,27,0,8.0,-2
2,5,270,50,48,26,1,6.0,-8
2,5,200,60,70,55,0,8.0,5
2,5,230,50,26,1,0,1.0,2
2,5,210,70,49,8,0,6.0,3
2,5,220,60,88,77,8,8.0,5
2,5,170,20,49,10,0,8.0,4
2,5,230,50,74,40,0,1.0,1
2,5,240,80,26,10,6,8.0,-24
2,5,180,40,18,4,0,8.0,3
2,5,230,40,7,-9,0,1.0,-8
2,5,200,80,88,54,0,8.0,-6
2,5,120,36,-25,-38,-1,8.0,0
2,5,20,10,-92,-100,0,0.0,5
2,5,30,10,-104,-113,0,1.0,2
2,5,30,15,-100,-119,0,0.0,1
2,5,30,26,-33,-41,0,8.0,8
2,5,60,51,-53,-94,0,0.0,-4
2,5,70,51,-111,-145,0,6.0,5
2,5,70,72,-74,-109,-1,7.0,9
2,5,90,21,-119,-138,0,3.0,8
2,5,0,0,-54,-74,-1,8.0,-2
2,5,130,15,-33,-40,0,8.0,3
2,5,240,15,-76,-87,-1,6.0,12
2,5,220,10,-54,-61,0,7.0,0
2,5,310,5,-48,-52,-1,1.0,-16
2,5,200,46,-10,-17,0,8.0,1
2,5,290,51,24,3,-1,7.0,0
2,5,40,15,-46,-51,0,1.0,25
2,5,990,5,-43,-48,0,6.0,5
2,5,40,5,-55,-60,0,0.0,-10
2,5,190,21,7,-3,0,8.0,2
2,5,180,26,14,11,0,9.0,-2
2,5,210,51,35,9,0,0.0,-5
2,5,220,77,91,53,0,8.0,2
2,5,190,51,55,32,0,0.0,-2
2,5,260,15,80,76,8,8.0,-1
2,5,70,21,40,34,0,0.0,-11
2,5,20,21,10,6,0,1.0,-6
2,5,110,46,23,-18,0,8.0,2
2,5,140,15,-19,-22,0,8.0,-4
2,5,280,15,-31,-34,0,8.0,0
2,5,240,72,41,40,1,8.0,6
2,5,250,41,34,14,7,8.0,-8
2,5,290,72,76,72,2,8.0,-1
2,5,250,31,60,46,0,7.0,-3
2,5,200,26,40,30,0,0.0,0
2,5,280,21,5,-1,0,0.0,-1
2,5,170,57,24,3,0,0.0,-1
2,5,280,62,46,29,7,7.0,6
2,5,190,51,62,52,3,8.0,0
2,5,180,36,88,84,-1,8.0,5
2,5,250,57,85,60,0,8.0,-9
2,5,220,36,36,20,0,1.0,-4
2,5,210,67,98,82,-1,8.0,-2
2,5,260,62,37,-18,0,3.0,3
2,5,340,46,8,-19,1,7.0,0
2,5,0,0,-48,-56,0,1.0,-10
2,5,220,21,-20,-53,0,7.0,8
2,5,270,15,-8,-11,0,7.0,6
2,5,240,15,-1,-12,0,7.0,4
2,5,200,31,9,-4,0,5.0,-6
2,5,240,67,59,20,0,3.0,5
2,5,220,31,67,64,-1,8.0,0
2,5,50,26,46,42,0,7.0,3
2,5,200,36,68,29,0,8.0,-5
2,5,180,21,72,49,0,7.0,-2
2,5,190,26,35,28,0,0.0,4
2,5,170,26,49,36,0,0.0,-2
2,5,60,31,-46,-53,0,0.0,6
2,5,230,36,9,6,0,8.0,-1
2,5,180,26,23,20,-1,8.0,-2
2,5,200,10,-16,-17,0,9.0,-2
2,5,260,51,-7,-8,-1,8.0,3
2,5,220,41,23,16,0,8.0,0
2,5,360,21,62,59,-1,8.0,-1
2,5,70,26,42,38,0,8.0,1
2,5,80,51,37,34,-1,8.0,0
2,5,110,21,29,22,0,8.0,0
2,5,200,15,7,1,0,8.0,2
2,5,40,21,-24,-27,0,0.0,-4
2,5,120,15,-20,-21,0,9.0,-2
2,5,140,31,-13,-14,0,9.0,1
2,5,990,5,0,-17,0,8.0,-1
2,5,270,15,29,28,0,9.0,-3
2,5,300,46,73,70,2,8.0,3
2,5,260,10,41,35,0,7.0,5
2,5,280,77,52,6,0,0.0,0
2,5,290,31,34,11,-1,7.0,-4
2,5,330,103,45,-24,-1,7.0,-27
2,5,350,31,10,0,-1,5.0,-4
2,5,30,26,-25,-47,0,0.0,-4
2,5,360,21,-45,-50,0,1.0,14
2,5,160,10,-13,-24,0,7.0,7
2,5,200,26,11,8,0,8.0,2
2,5,350,41,31,19,-1,7.0,-5
2,5,260,21,-27,-37,0,2.0,10
2,5,200,36,40,5,0,7.0,-2
2,5,250,46,41,1,0,3.0,0
2,5,120,31,4,-7,0,6.0,4
2,5,150,21,45,44,0,7.0,0
2,5,70,31,41,41,0,8.0,2
2,5,240,10,47,44,-1,8.0,2
2,5,150,31,9,0,0,1.0,7
2,5,260,21,35,34,0,6.0,-4
2,5,190,57,29,28,0,7.0,0
2,5,300,62,53,41,5,7.0,-5
2,5,10,10,10,-1,0,7.0,-3
2,5,60,31,-8,-18,0,0.0,-2
2,5,60,57,1,-18,0,8.0,-1
2,5,80,103,-75,-133,0,0.0,1
2,5,110,36,-27,-150,0,0.0,4
2,5,120,15,9,-64,0,6.0,-4
2,5,50,10,-74,-102,0,0.0,8
2,5,70,21,-78,-102,0,0.0,-3
2,5,80,10,-62,-109,0,0.0,-6
2,5,80,31,-68,-87,0,0.0,-2
2,5,170,5,-108,-122,0,0.0,-3
2,5,110,21,-44,-49,0,8.0,4
2,5,100,41,-20,-27,2,8.0,2
2,5,110,5,4,4,-1,9.0,0
2,5,350,5,-2,-2,0,9.0,0
2,5,130,26,27,27,0,5.0,8
2,5,180,21,61,47,0,8.0,3
2,5,180,26,51,51,0,8.0,15
2,5,210,72,110,91,-1,8.0,4
2,5,290,26,38,32,0,3.0,-18
2,5,180,46,21,6,0,8.0,3
2,5,210,41,74,73,1,8.0,1
2,5,210,21,59,59,0,8.0,5
2,5,260,46,99,96,-1,8.0,0
2,5,260,51,86,57,0,8.0,-1
2,5,250,46,90,87,17,8.0,5
2,5,10,15,5,-6,0,3.0,-4
2,5,120,26,-4,-23,0,7.0,1
2,5,200,57,72,66,-1,7.0,3
2,5,260,77,89,51,-1,4.0,-11
2,5,160,31,75,53,0,7.0,-8
2,5,260,57,66,56,1,7.0,3
2,5,200,82,89,86,10,8.0,8
2,5,230,62,76,29,0,5.0,-5
2,5,260,62,72,27,0,6.0,-5
2,5,220,31,43,28,0,7.0,-2
2,5,210,72,70,48,1,8.0,-5
2,5,260,62,92,63,0,5.0,-5
2,5,200,57,95,71,0,7.0,-1
2,5,210,41,27,8,0,0.0,-6
2,5,230,51,31,16,-1,3.0,0
2,5,130,26,43,40,-1,8.0,0
2,5,110,15,31,30,-1,8.0,0
2,5,270,21,8,4,0,7.0,5
2,5,240,21,-4,-14,0,1.0,3
2,5,240,57,92,81,0,8.0,1
2,5,60,31,-62,-92,0,0.0,3
2,5,0,0,-48,-53,0,7.0,13
2,5,320,21,-10,-32,0,8.0,-4
2,5,360,21,-20,-26,0,8.0,0
2,5,230,21,-18,-43,0,8.0,-1
2,5,110,46,-51,-66,0,5.0,2
2,5,110,36,-60,-86,0,7.0,6
2,5,20,21,-55,-97,0,7.0,-2
2,5,90,26,-50,-102,0,8.0,1
2,5,160,41,14,-18,-1,8.0,3
2,5,190,51,21,14,0,7.0,0
2,5,180,62,42,39,1,8.0,-1
2,5,330,41,17,14,0,8.0,-6
2,5,20,87,0,-16,0,8.0,-4
2,5,260,10,-18,-45,0,8.0,-2
2,5,250,36,47,41,-1,8.0,2
2,5,270,103,62,19,0,7.0,-4
2,5,210,82,52,48,9,8.0,5
2,5,170,21,24,23,-1,8.0,-2
2,5,30,103,-28,-51,-1,8.0,-1
2,5,20,41,-61,-84,0,1.0,1
2,5,260,21,-35,-55,0,8.0,7
2,5,190,31,-29,-36,-1,3.0,-5
2,5,170,51,4,-9,0,7.0,1
2,5,200,72,74,50,-1,8.0,-2
2,5,210,15,56,53,4,8.0,-2
2,5,0,0,4,4,0,6.0,-5
2,5,30,62,21,21,7,8.0,1
2,5,30,26,7,7,0,9.0,-4
2,5,80,10,17,-24,0,8.0,2
2,5,180,30,-17,-30,0,1.0,-1
2,5,280,20,1,1,0,2.0,-6
2,5,210,60,27,12,-1,8.0,2
2,5,60,40,55,54,39,8.0,-14
2,5,210,40,18,18,0,8.0,6
2,5,210,60,52,6,0,8.0,1
2,5,200,10,12,12,0,6.0,-10
2,5,240,30,71,68,0,7.0,0
2,5,200,50,65,45,0,7.0,-6
2,5,230,50,37,8,0,1.0,6
2,5,260,70,104,92,0,8.0,2
2,5,240,70,77,48,0,7.0,-1
2,5,220,30,20,2,0,0.0,-5
2,5,300,30,2,1,0,6.0,11
2,5,190,20,9,6,0,6.0,0
2,5,190,40,40,19,0,8.0,6
2,5,210,60,89,81,9,8.0,4
2,5,260,20,27,-2,0,1.0,-7
2,5,250,60,62,9,0,0.0,0
2,5,230,60,89,60,-1,7.0,7
2,5,230,40,75,64,0,7.0,4
2,5,180,40,67,53,0,7.0,-4
2,5,200,100,112,73,-1,7.0,-2
2,5,250,100,123,59,-1,7.0,-2
2,5,250,60,79,39,0,2.0,1
2,5,300,20,56,42,0,7.0,-2
2,5,200,70,63,29,0,7.0,-3
2,5,100,30,-66,-108,0,2.0,-1
2,5,210,10,-119,-127,0,1.0,24
2,5,290,20,-3,-7,-1,2.0,-2
2,5,210,20,-21,-21,0,0.0,-2
2,5,230,20,19,16,0,7.0,-6
2,5,220,20,35,19,0,7.0,-1
2,5,190,40,5,-8,0,8.0,5
2,5,210,30,4,3,0,3.0,-1
2,5,200,40,24,5,0,6.0,-2
2,5,990,10,21,3,0,7.0,-2
2,5,210,30,61,41,0,8.0,-1
2,5,230,30,75,55,0,3.0,-1
2,5,250,30,117,87,0,8.0,1
2,5,0,0,39,36,0,5.0,7
2,5,240,30,70,55,0,0.0,-4
2,5,230,40,115,72,0,8.0,4
2,5,320,60,64,36,-1,8.0,0
2,5,200,20,12,5,0,0.0,-7
2,5,230,30,39,29,0,2.0,15
2,5,180,30,82,79,0,8.0,0
2,5,200,40,92,63,0,3.0,-5
2,5,190,20,44,44,0,2.0,-3
2,5,220,20,17,17,0,0.0,-6
2,5,270,30,83,80,0,7.0,-3
2,5,290,20,51,51,0,1.0,-26
2,5,210,20,86,75,0,8.0,1
2,5,230,50,79,52,0,8.0,1
2,5,310,100,41,34,57,8.0,5
2,5,280,20,42,41,-1,8.0,6
2,5,340,30,59,55,0,8.0,2
2,5,200,20,38,36,0,7.0,6
2,5,250,50,89,83,0,8.0,0
2,5,270,90,70,28,0,7.0,2
2,5,290,60,32,24,3,8.0,-10
2,5,300,100,16,2,1,8.0,6
2,5,280,80,0,-1,1,8.0,-3
2,5,310,20,-8,-8,-1,8.0,-1
2,5,230,20,-1,-1,15,7.0,-1
2,5,310,30,-34,-40,0,1.0,-14
2,5,90,10,-92,-96,0,1.0,-5
2,5,990,10,-119,-125,0,0.0,-12
2,5,0,0,-116,-122,0,0.0,-6
2,5,210,40,2,2,-1,8.0,1
2,5,220,60,38,38,-1,8.0,3
2,5,320,80,9,9,6,8.0,10
2,5,190,10,13,13,-1,8.0,-3
2,5,220,40,79,79,1,8.0,3
2,5,300,30,60,40,0,8.0,-5
2,5,250,40,53,33,0,8.0,-4
2,5,280,90,32,4,-1,7.0,-2
2,5,300,70,11,10,19,8.0,2
2,5,200,20,2,2,0,5.0,1
2,5,0,0,-37,-37,0,1.0,-8
2,5,220,60,57,43,0,8.0,-3
2,5,190,60,47,34,0,8.0,1
2,5,220,40,44,38,0,1.0,-6
2,5,220,50,91,72,0,7.0,0
2,5,220,40,69,64,12,8.0,0
2,5,260,40,50,33,0,1.0,-4
2,5,210,50,70,58,0,8.0,-1
2,5,210,40,55,37,0,4.0,0
2,5,220,20,56,32,0,7.0,-13
2,5,270,60,81,61,1,6.0,-4
2,5,250,70,82,42,0,3.0,-1
2,5,280,100,56,1,0,7.0,0
2,5,200,80,63,15,0,7.0,-3
2,5,230,20,6,-5,0,0.0,-1
2,5,200,50,24,3,0,1.0,-3
2,5,240,40,62,33,0,6.0,2
2,5,220,20,-6,-9,0,0.0,7
2,5,260,40,77,73,6,8.0,-1
2,5,280,100,44,10,0,7.0,-7
2,5,280,40,19,-4,0,2.0,-2
2,5,160,60,6,0,9,8.0,4
2,5,280,40,54,43,-1,8.0,3
2,5,290,40,-3,-9,0,1.0,-4
2,5,160,10,-36,-39,0,6.0,2
2,5,240,20,33,30,0,7.0,0
2,5,180,20,-27,-28,0,5.0,4
2,5,230,50,90,85,-1,8.0,3
2,5,360,40,43,40,16,8.0,1
2,5,210,30,1,-9,0,4.0,1
2,5,180,40,6,-10,0,4.0,2
2,5,210,70,121,65,0,7.0,-3
2,5,190,60,35,22,0,7.0,3
2,5,290,20,-21,-22,0,8.0,1
2,5,210,20,3,3,0,9.0,-1
2,5,120,20,3,3,5,8.0,1
2,5,230,40,57,41,0,8.0,-5
2,5,210,80,84,67,1,8.0,0
2,5,200,80,105,84,-1,8.0,-4
2,5,200,60,96,78,-1,8.0,0
2,5,200,80,105,81,-1,8.0,4
2,5,340,40,35,13,0,8.0,-6
2,5,140,10,-37,-38,0,6.0,3
2,5,210,70,82,52,0,8.0,0
2,5,200,60,106,85,0,7.0,-4
2,5,20,80,58,43,0,7.0,1
2,5,30,40,6,6,0,8.0,0
2,5,110,10,-4,-4,0,0.0,-3
2,5,990,10,-22,-23,0,2.0,-2
2,5,360,50,39,18,0,8.0,0
2,5,360,40,25,5,0,8.0,-2
2,5,230,20,41,14,0,6.0,-5
2,5,320,30,23,21,0,4.0,2
2,5,250,40,47,41,-1,8.0,3
2,5,280,40,50,48,0,7.0,4
2,5,310,40,23,13,5,7.0,-3
2,5,50,50,-3,-3,-1,7.0,-11
2,5,230,30,-24,-50,0,6.0,-6
2,5,280,50,5,4,3,8.0,-2
2,5,140,50,7,-27,0,7.0,0
2,5,110,30,23,-10,-1,6.0,1
2,5,200,40,79,64,0,2.0,-3
2,5,180,70,96,52,0,,1
2,5,170,70,82,35,0,,-3
2,5,220,70,73,39,0,6.0,-6
2,5,200,80,113,103,10,8.0,6
2,5,220,50,61,43,0,2.0,0
2,5,250,20,35,29,0,5.0,3
2,5,250,50,99,91,0,,-3
2,5,230,70,116,97,-1,,-1
2,5,240,50,75,54,6,,-1
2,5,230,80,101,84,2,8.0,2
2,5,250,80,124,92,0,7.0,-5
2,5,270,30,89,78,0,8.0,-3
2,5,40,60,24,8,0,1.0,-3
2,5,20,40,-27,-45,0,1.0,-8
2,5,20,40,-28,-49,0,,-5
2,5,990,10,-43,-52,0,,9
2,5,220,40,36,18,0,8.0,1
2,5,230,70,57,38,3,8.0,9
2,5,260,80,97,81,1,8.0,0
2,5,350,40,23,-26,0,4.0,-1
2,5,210,90,46,30,-1,8.0,8
2,5,270,60,47,12,3,,9
2,5,320,60,17,2,8,,3
2,5,270,10,63,59,10,8.0,-3
2,5,210,90,107,94,9,8.0,1
2,5,240,50,59,32,0,5.0,-8
2,5,220,70,45,15,0,5.0,-5
2,5,190,60,-45,-65,0,,-2
2,5,220,40,12,10,0,,1
2,5,240,60,41,23,-1,8.0,5
2,5,230,30,1,-4,0,4.0,-4
2,5,300,50,13,-5,0,2.0,-4
2,5,30,10,-12,-17,0,6.0,-27
2,5,200,50,22,16,1,8.0,0
2,5,210,30,55,55,0,,1
2,5,180,40,55,50,0,,0
2,5,990,10,-8,-15,0,1.0,-9
2,5,180,20,2,1,0,8.0,2
2,5,80,20,-24,-25,0,5.0,-8
2,5,40,10,-61,-68,0,1.0,-3
2,5,90,10,-54,-87,0,0.0,0
2,5,50,40,-25,-38,0,8.0,1
2,5,80,50,-11,-57,0,7.0,-19
2,5,60,20,-70,-88,0,1.0,1
2,5,40,30,-79,-90,0,1.0,3
2,5,90,50,-46,-76,0,1.0,-1
2,5,110,30,-29,-55,0,1.0,7
2,5,80,10,-51,-58,0,2.0,-9
2,5,130,20,-17,-34,0,1.0,-6
2,5,150,30,-14,-33,0,0.0,0
2,5,160,20,23,0,0,7.0,2
2,5,110,30,-4,-34,0,1.0,-1
2,5,110,20,-24,-46,0,1.0,8
2,5,170,20,29,14,0,8.0,-3
2,5,200,30,74,41,0,8.0,-4
2,5,230,70,106,82,17,8.0,-3
2,5,250,70,119,86,0,8.0,-1
2,5,220,50,115,86,0,2.0,3
2,5,220,50,119,87,3,8.0,7
2,5,240,50,122,107,3,8.0,2
2,5,210,30,104,87,0,8.0,-1
2,5,260,90,73,35,4,8.0,3
2,5,270,90,32,17,10,8.0,23
2,5,300,50,27,-14,-1,6.0,-3
2,5,220,30,2,-21,0,8.0,-2
2,5,330,60,81,75,-1,8.0,-2
2,5,110,10,32,18,0,8.0,-5
2,5,250,10,63,59,0,9.0,0
2,5,240,10,61,57,0,8.0,-4
2,5,230,10,47,43,0,9.0,3
2,5,290,10,6,1,0,1.0,-5
2,5,200,20,25,16,0,8.0,-1
2,5,300,40,43,22,0,8.0,6
2,5,40,40,-1,-10,0,1.0,-2
2,5,60,70,-18,-53,0,0.0,-3
2,5,70,50,-15,-47,0,0.0,1
2,5,10,60,11,-19,0,8.0,-9
2,5,330,30,-3,-31,0,0.0,10
2,5,240,20,-2,-13,0,8.0,3
2,5,230,20,-4,-7,0,0.0,-1
2,5,220,50,-16,-34,0,8.0,-3
2,5,200,50,-18,-39,0,8.0,2
2,5,270,10,-73,-81,0,0.0,2
2,5,30,30,-46,-52,0,7.0,-1
2,5,310,40,45,13,0,7.0,1
2,5,310,40,60,55,1,8.0,-3
2,5,320,40,61,45,0,8.0,-1
2,5,190,10,51,47,0,8.0,1
2,5,140,30,-14,-28,0,0.0,-2
2,5,130,30,-3,-19,0,1.0,3
2,5,80,20,-32,-39,0,0.0,-2
2,5,160,10,-49,-56,0,0.0,-3
2,5,200,30,10,3,0,0.0,1
2,5,220,60,80,54,0,8.0,-2
2,5,50,10,67,64,5,8.0,-2
2,5,230,60,104,99,2,8.0,0
2,5,280,110,51,16,1,7.0,-2
2,5,320,50,24,8,3,3.0,2
2,5,350,40,10,-1,0,8.0,2
2,5,30,40,-24,-48,0,0.0,0
2,5,30,10,-8,-38,0,8.0,-1
2,5,200,40,-3,-48,0,8.0,0
2,5,300,40,18,15,-1,7.0,3
2,5,260,20,9,3,2,8.0,1
2,5,320,30,4,-7,-1,8.0,0
2,5,60,70,-5,-43,0,1.0,-1
2,5,40,40,-21,-36,-1,6.0,-2
2,5,140,10,-5,-11,0,8.0,-1
2,5,30,10,-45,-55,0,0.0,-18
2,5,340,20,9,3,-1,8.0,-1
2,5,40,60,-32,-64,0,0.0,-5
2,5,330,10,-93,-115,0,0.0,-18
2,5,130,20,-38,-41,-1,7.0,0
2,5,330,10,-30,-32,0,6.0,2
2,5,200,10,-26,-28,0,8.0,0
2,5,30,30,29,20,0,8.0,-1
2,5,170,10,-10,-16,0,8.0,1
2,5,240,20,39,39,0,8.0,2
2,5,260,40,54,39,-1,8.0,2
2,5,260,70,65,54,32,8.0,0
2,5,290,50,17,3,-1,7.0,1
2,5,310,50,19,9,-1,8.0,-4
2,5,0,0,5,0,0,8.0,0
2,5,200,20,-8,-26,0,7.0,7
2,5,160,40,10,0,0,8.0,1
2,5,180,30,31,30,0,8.0,2
2,5,190,70,58,52,8,8.0,0
2,5,200,20,64,61,2,8.0,3
2,5,200,60,46,31,-1,8.0,3
2,5,200,40,42,27,0,8.0,-17
2,5,150,20,18,15,0,1.0,-1
2,5,50,70,34,25,6,8.0,-3
2,5,30,70,19,10,2,8.0,0
2,5,70,80,28,6,0,8.0,-2
2,5,20,30,-5,-36,0,8.0,-2
2,5,80,50,-23,-55,0,0.0,4
2,5,50,70,-18,-51,0,0.0,0
2,5,60,50,-6,-47,0,8.0,3
2,5,260,20,4,-6,0,8.0,-2
2,5,210,40,7,3,10,8.0,-2
2,5,280,20,86,80,0,8.0,0
2,5,260,20,65,62,0,9.0,2
2,5,310,20,-9,-11,0,0.0,-9
2,5,10,20,47,41,0,8.0,2
2,5,300,20,-15,-16,0,9.0,12
2,5,250,10,-24,-26,0,4.0,0
2,5,210,20,-22,-23,0,9.0,6
2,5,120,40,-32,-38,0,8.0,0
2,5,250,30,38,22,0,8.0,-3
2,5,100,50,22,9,0,8.0,3
2,5,160,60,80,60,-1,7.0,-3
2,5,160,50,74,62,2,8.0,-1
2,5,270,70,81,53,0,8.0,0
2,5,170,50,63,41,-1,8.0,-3
2,5,230,20,39,27,0,0.0,-7
2,5,130,50,32,3,0,2.0,4
2,5,120,40,50,-3,0,0.0,-4
2,5,280,20,49,48,0,9.0,5
2,5,110,20,48,30,0,8.0,-1
2,5,170,30,48,40,0,8.0,4
2,5,180,30,68,52,0,8.0,3
2,5,190,40,39,27,0,8.0,-8
2,5,170,40,64,51,0,0.0,2
2,5,150,40,89,63,0,8.0,6
2,5,200,50,73,62,36,8.0,-6
2,5,290,70,74,51,-1,8.0,-1
2,5,240,20,39,28,0,7.0,0
2,5,220,60,101,66,0,8.0,-7
2,5,240,70,66,23,0,7.0,-3
2,5,280,30,11,10,20,8.0,17
2,5,180,50,8,-16,0,0.0,-5
2,5,180,100,77,28,-1,8.0,-5
2,5,180,90,52,23,-1,8.0,-6
2,5,230,60,92,73,1,7.0,2
2,5,220,40,16,8,0,8.0,5
2,5,160,20,11,4,0,0.0,-4
2,5,140,20,7,-27,0,0.0,0
2,5,0,0,7,-29,0,0.0,-19
2,5,110,20,-11,-20,0,0.0,44
2,5,90,10,-7,-12,0,0.0,-4
2,5,80,30,-4,-5,0,9.0,4
2,5,50,30,5,5,0,9.0,-1
2,5,80,40,31,-7,0,8.0,-4
2,5,100,30,-38,-67,0,0.0,-2
2,5,0,0,-69,-99,0,0.0,-2
2,5,110,10,-69,-79,0,0.0,-9
2,5,100,10,5,1,0,8.0,7
2,5,0,0,-4,-5,0,3.0,-13
2,5,210,30,32,28,0,1.0,9
2,5,240,60,94,70,0,8.0,1
2,5,230,20,64,59,0,7.0,-1
2,5,230,40,88,46,0,8.0,1
2,5,310,20,59,48,0,8.0,0
2,5,210,70,120,82,0,8.0,4
2,5,250,40,54,37,0,4.0,-3
2,5,210,30,26,18,0,7.0,5
2,5,220,10,61,57,0,1.0,-9
2,5,60,40,-5,-50,0,8.0,-13
2,5,70,60,-8,-43,0,8.0,3
2,5,140,30,35,1,-1,8.0,-1
2,5,280,10,-3,-5,0,8.0,-1
2,5,110,30,9,5,0,7.0,-5
2,5,150,10,24,22,0,8.0,-10
2,5,340,30,37,32,8,8.0,-2
2,5,240,20,-5,-10,0,1.0,-1
2,5,180,50,13,4,-1,8.0,-1
2,5,170,50,85,74,11,8.0,-7
2,5,250,20,6,-10,0,5.0,-2
2,5,290,30,-7,-11,0,1.0,-4
2,5,220,10,2,0,0,8.0,1
2,5,350,30,-17,-28,0,0.0,-1
2,5,230,20,-19,-27,0,2.0,-1
2,5,270,30,47,46,-1,8.0,1
2,5,310,50,61,58,2,8.0,1
2,5,100,30,-6,-41,0,8.0,-3
2,5,210,10,-37,-48,0,6.0,14
2,5,300,40,52,47,0,8.0,-1
2,5,0,0,9,7,0,8.0,-1
2,5,280,40,58,42,0,8.0,-1
2,5,280,30,58,37,0,8.0,-1
2,5,360,30,41,16,0,8.0,-1
2,5,210,20,28,9,0,8.0,1
2,5,260,30,62,49,0,6.0,-5
2,5,260,30,60,40,0,8.0,1
2,5,230,30,75,67,0,8.0,-2
2,5,240,30,-3,-8,5,7.0,-4
2,5,210,60,3,-17,0,8.0,4
2,5,250,30,9,4,0,3.0,-1
2,5,210,40,66,54,-1,8.0,-4
2,5,130,40,23,11,0,4.0,5
2,5,140,10,3,2,0,7.0,-16
2,5,60,10,11,6,0,8.0,-1
2,5,90,50,0,-4,0,8.0,-3
2,5,60,60,-46,-68,0,8.0,-2
2,5,60,30,-45,-75,-1,8.0,-1
2,5,40,60,-24,-42,1,8.0,5
2,5,350,10,-85,-94,0,7.0,23
2,5,40,50,-30,-62,0,8.0,2
2,5,280,10,-29,-41,0,8.0,3
2,5,30,20,-43,-63,0,6.0,-5
2,5,180,60,-17,-39,0,8.0,0
2,5,110,30,-44,-67,0,0.0,0
2,5,230,20,18,15,0,9.0,0
2,5,180,50,47,28,0,8.0,1
2,5,220,30,-6,-15,0,0.0,-2
2,5,180,10,-36,-40,0,3.0,7
2,5,170,30,29,6,0,8.0,2
2,5,40,60,20,14,0,8.0,1
2,5,190,20,41,39,0,8.0,5
2,5,220,70,80,70,12,8.0,1
2,5,170,30,86,72,1,8.0,5
2,5,200,60,44,16,0,5.0,6
2,5,110,50,63,46,4,8.0,-3
2,5,220,30,-40,-54,0,8.0,0
2,5,200,30,14,13,0,9.0,2
2,5,250,40,52,47,0,8.0,4
2,5,230,70,80,44,-1,8.0,1
2,5,250,90,111,69,0,8.0,-2
2,5,250,90,108,69,0,8.0,-6
2,5,210,50,81,36,0,8.0,-4
2,5,260,20,43,21,0,0.0,-13
2,5,170,20,-16,-23,0,0.0,-10
2,5,220,40,51,32,0,8.0,0
2,5,260,40,90,76,0,7.0,-6
2,5,120,50,52,47,18,8.0,1
2,5,200,20,29,25,0,1.0,8
2,5,160,40,58,36,0,8.0,-2
2,5,130,30,22,16,0,8.0,2
2,5,190,30,37,27,0,0.0,0
2,5,40,20,5,2,0,1.0,-3
2,5,60,40,6,-15,0,8.0,-1
2,5,100,30,16,0,0,8.0,0
2,5,90,50,11,-17,-1,8.0,-3
2,5,90,60,-13,-57,0,8.0,-1
2,5,90,40,-50,-82,0,0.0,-5
2,5,180,30,-11,-49,0,8.0,-1
2,5,190,40,27,23,3,8.0,2
2,5,240,20,77,76,0,8.0,-2
2,5,190,50,73,69,0,8.0,0
2,5,300,80,61,47,-1,8.0,-7
2,5,350,40,18,9,-1,8.0,-1
2,5,50,60,-77,-106,0,0.0,-1
2,5,50,60,-84,-144,0,0.0,-1
2,5,10,10,-110,-129,0,3.0,12
2,5,0,0,-156,-157,0,9.0,-1
2,5,140,40,-99,-125,0,8.0,11
2,5,90,10,-80,-113,0,8.0,-14
2,5,50,30,-132,-155,0,0.0,-7
2,5,60,70,-35,-70,0,8.0,0
2,5,20,30,-104,-113,0,0.0,-1
2,5,30,20,-92,-100,0,5.0,-6
2,5,50,30,-129,-150,0,0.0,4
2,5,0,0,-119,-129,0,7.0,20
2,5,230,30,-2,-3,2,9.0,4
2,5,330,40,37,31,0,8.0,-2
2,5,310,70,59,43,1,8.0,-8
2,5,300,40,47,44,0,8.0,1
2,5,260,40,55,52,-1,8.0,0
2,5,220,40,72,69,0,8.0,2
2,5,270,40,24,13,-1,7.0,-6
2,5,230,20,-7,-10,0,8.0,6
2,5,220,40,21,-24,0,8.0,1
2,5,220,30,50,21,0,8.0,0
2,5,240,40,70,67,2,8.0,5
2,5,260,40,93,88,0,8.0,1
2,5,240,30,38,38,0,9.0,-2
2,5,270,30,46,33,0,8.0,3
2,5,200,30,16,13,0,5.0,12
2,5,250,30,80,77,1,8.0,0
2,5,240,10,93,92,0,8.0,-1
2,5,230,50,78,59,0,7.0,-4
2,5,280,30,41,37,1,8.0,0
2,5,240,20,18,10,-1,6.0,-3
2,5,250,50,85,73,0,8.0,3
2,5,250,70,52,33,15,7.0,-21
2,5,290,10,7,4,6,8.0,-5
2,5,310,60,23,13,-1,8.0,-5
2,5,310,30,5,2,0,8.0,2
2,5,260,10,-42,-44,0,8.0,13
2,5,170,40,-10,-14,0,8.0,-6
2,5,110,70,-18,-66,0,8.0,3
2,5,60,40,-34,-68,0,0.0,-2
2,5,40,20,-16,-30,0,7.0,-6
2,5,160,50,-18,-74,0,7.0,2
2,5,230,20,17,14,-1,8.0,1
2,5,260,20,38,34,0,8.0,-5
2,5,80,20,31,30,0,9.0,1
2,5,150,10,-41,-45,0,8.0,3
2,5,230,10,-8,-11,0,9.0,2
2,5,50,40,-17,-36,0,0.0,-1
2,5,40,40,-39,-61,0,0.0,-1
2,5,50,50,-33,-57,0,6.0,-5
2,5,40,40,-51,-82,0,0.0,3
2,5,20,60,-8,-19,1,8.0,0
2,5,20,50,7,2,0,8.0,2
2,5,80,40,21,13,0,8.0,-1
2,5,50,60,7,-1,0,8.0,-1
2,5,80,30,10,-11,0,8.0,1
2,5,180,110,61,43,3,8.0,-2
2,5,200,50,35,10,0,0.0,-4
2,5,140,20,3,0,0,0.0,0
2,5,160,60,43,12,0,7.0,11
2,5,150,60,58,11,0,7.0,7
2,5,220,70,73,29,0,3.0,-4
2,5,190,100,107,65,0,7.0,1
2,5,180,90,70,43,1,8.0,1
2,5,220,90,63,12,0,8.0,-2
2,5,140,30,39,21,0,8.0,-5
2,5,240,50,58,36,0,8.0,-3
2,5,210,40,34,16,0,4.0,-6
2,5,220,50,43,19,2,7.0,-3
2,5,210,50,22,8,0,0.0,-1
2,5,210,100,113,44,0,8.0,-3
2,5,230,40,57,38,0,1.0,-1
2,5,170,30,45,29,0,8.0,5
2,5,170,40,49,21,0,8.0,-3
2,5,220,30,65,56,0,8.0,0
2,5,180,50,61,48,0,4.0,5
2,5,260,40,56,48,15,8.0,2
2,5,200,50,49,21,0,8.0,0
2,5,170,40,31,23,0,0.0,0
2,5,140,40,33,20,0,8.0,1
2,5,170,50,80,38,0,7.0,3
2,5,200,30,37,33,0,6.0,-6
2,5,170,40,30,21,0,0.0,-1
2,5,150,30,35,29,-1,6.0,6
2,5,260,30,19,16,2,8.0,2
2,5,250,30,9,5,-1,7.0,1
2,5,220,30,-4,-6,0,8.0,3
2,5,290,20,-31,-33,0,4.0,-13
2,5,240,10,-29,-31,-1,8.0,11
2,5,50,70,-16,-34,0,8.0,3
2,5,20,30,-40,-52,0,0.0,-2
2,5,330,60,46,10,0,8.0,0
2,5,280,30,33,30,0,8.0,3
2,5,310,20,47,44,-1,8.0,-2
2,5,120,30,51,25,0,8.0,-3
2,5,110,10,9,5,0,8.0,-2
2,5,160,20,-5,-9,0,8.0,-3
2,5,130,30,62,36,-1,8.0,-6
2,5,70,20,46,21,0,8.0,-13
2,5,150,10,-27,-29,0,0.0,1
2,5,200,20,34,31,0,8.0,1
2,5,190,20,-26,-26,0,9.0,3
2,5,210,40,17,14,0,8.0,-4
2,5,200,70,44,32,6,8.0,4
2,5,240,20,31,28,-1,7.0,-8
2,5,210,30,1,-4,0,0.0,0
2,5,200,60,43,33,2,8.0,-1
2,5,210,90,43,14,-1,8.0,-5
2,5,190,40,4,-4,0,1.0,2
2,5,150,30,43,43,0,9.0,-3
2,5,330,60,54,23,0,8.0,-4
2,5,180,30,-17,-25,0,0.0,11
2,5,250,60,118,105,1,8.0,-3
2,5,250,70,106,56,0,8.0,-1
2,5,240,30,37,21,-1,5.0,-3
2,5,220,30,30,16,0,8.0,3
2,5,210,30,67,59,0,8.0,9
2,5,190,50,93,69,0,8.0,-1
2,5,210,90,105,67,2,8.0,-31
2,5,210,90,86,62,10,8.0,0
2,5,220,60,64,35,0,8.0,-5
2,5,230,40,35,26,13,8.0,3
2,5,210,20,12,4,0,1.0,3
2,5,160,30,25,18,0,8.0,2
2,5,110,20,-7,-23,0,8.0,-2
2,5,10,30,9,5,4,8.0,-3
2,5,10,80,23,-16,-1,8.0,-6
2,5,0,0,-49,-55,0,0.0,-2
2,5,130,30,-41,-56,0,0.0,-9
2,5,190,40,0,-27,0,7.0,-15
2,5,220,10,5,2,1,8.0,0
2,5,210,60,59,53,3,8.0,5
2,5,250,70,116,93,-1,8.0,-4
2,5,230,70,99,91,10,8.0,0
2,5,210,30,31,26,0,8.0,3
2,5,230,10,3,0,0,5.0,11
2,5,240,20,-16,-20,0,2.0,16
2,5,990,10,1,-3,0,8.0,-1
2,5,60,20,3,-19,0,8.0,-2
2,5,40,40,-14,-36,0,7.0,-4
2,5,40,30,-16,-33,0,0.0,6
2,5,130,30,2,1,0,9.0,4
2,5,170,40,69,63,0,8.0,4
2,5,210,30,96,81,0,8.0,-3
2,5,160,20,28,23,0,0.0,12
2,5,200,20,31,30,0,7.0,-9
2,5,340,10,11,7,0,8.0,10
2,5,110,30,39,17,0,8.0,-1
2,5,50,40,23,17,0,8.0,-2
2,5,50,40,-9,-21,1,8.0,1
2,5,30,30,-39,-52,0,8.0,12
2,5,40,30,-11,-28,-1,8.0,2
2,5,70,30,11,5,0,8.0,0
2,5,80,50,-1,-17,0,0.0,-1
2,5,90,40,-2,-38,0,0.0,-12
2,5,150,10,-5,-10,0,0.0,18
2,5,200,30,35,33,0,5.0,-3
2,5,240,30,64,52,0,8.0,0
2,5,180,10,40,40,0,9.0,-1
2,5,200,30,21,8,0,8.0,3
2,5,210,40,77,73,-1,8.0,2
2,5,250,30,89,79,-1,4.0,7
2,5,250,70,101,88,8,8.0,-1
2,5,230,70,93,82,1,8.0,-4
2,5,270,40,37,22,5,7.0,-1
2,5,210,30,18,-2,0,8.0,0
2,5,210,50,67,45,3,8.0,2
2,5,200,80,103,48,0,5.0,1
2,5,210,70,51,8,-1,8.0,-1
2,5,200,40,6,-8,0,0.0,1
2,5,270,60,41,25,5,8.0,-8
2,5,230,20,10,6,0,8.0,-6
2,5,10,30,-1,-31,0,8.0,1
2,5,50,40,-3,-20,0,1.0,-2
2,5,40,40,-36,-61,0,0.0,-1
2,5,360,40,-45,-75,0,2.0,-3
2,5,190,20,-25,-51,0,8.0,-3
2,5,170,40,-15,-47,0,8.0,-2
2,5,210,10,21,19,0,9.0,0
2,5,200,90,43,34,2,8.0,4
2,5,260,30,23,-11,0,5.0,-2
2,5,180,40,-14,-32,0,0.0,5
2,5,130,40,-25,-60,0,0.0,-1
2,5,160,60,22,14,6,8.0,2
2,5,220,20,-5,-9,0,0.0,7
2,5,90,20,-6,-23,0,8.0,-11
2,5,150,10,-45,-49,0,0.0,3
2,5,170,30,-1,-19,0,8.0,-1
2,5,70,10,-31,-34,0,8.0,13
2,5,10,30,-40,-51,0,0.0,2
2,5,40,40,-38,-63,0,0.0,8
2,5,40,40,-44,-56,0,0.0,9
2,5,70,60,-33,-103,0,0.0,-2
2,5,70,60,-38,-108,0,0.0,-3
2,5,40,40,-58,-86,0,0.0,-5
2,5,50,30,-72,-99,0,0.0,1
2,5,70,40,-69,-92,0,6.0,-4
2,5,90,30,-5,-8,1,8.0,2
2,5,10,30,21,17,-1,8.0,-2
2,5,320,40,10,3,0,0.0,-22
2,5,190,50,-3,-17,0,8.0,5
2,5,210,30,30,26,0,8.0,0
2,5,190,40,25,-4,0,8.0,5
2,5,190,80,87,82,7,8.0,2
2,5,200,70,67,50,-1,8.0,1
2,5,220,80,84,42,0,7.0,-6
2,5,180,80,81,75,16,8.0,7
2,5,240,20,27,19,0,3.0,3
2,5,220,20,6,2,0,8.0,0
2,5,200,40,34,19,0,8.0,6
2,5,180,10,-18,-26,0,8.0,10
2,5,130,10,-6,-22,0,0.0,14
2,5,200,30,40,0,0,2.0,0
2,5,160,20,31,5,0,8.0,-4
2,5,170,10,5,-14,0,0.0,10
2,5,240,30,64,50,0,8.0,-10
2,5,200,30,34,15,0,8.0,-1
2,5,200,30,41,35,0,8.0,7
2,5,270,10,69,66,0,8.0,1
2,5,110,30,46,45,0,0.0,-11
2,5,90,10,-9,-36,0,0.0,6
2,5,130,10,18,-30,0,1.0,5
2,5,320,10,3,-8,0,8.0,-9
2,5,180,10,18,9,0,0.0,-5
2,5,230,20,42,38,0,0.0,-20
2,5,210,50,115,110,3,8.0,0
2,5,200,30,75,49,0,8.0,-2
2,5,250,60,101,71,0,8.0,0
2,5,270,60,53,19,0,2.0,5
2,5,270,10,2,-1,0,8.0,4
2,5,210,30,18,9,0,1.0,-2
2,5,110,30,9,-6,0,0.0,-3
2,5,160,30,57,21,0,8.0,5
2,5,200,90,86,59,0,8.0,1
2,5,250,90,99,54,0,8.0,-33
2,5,250,80,63,-13,-1,7.0,-1
2,5,240,50,50,1,0,8.0,0
2,5,170,60,42,15,0,8.0,7
2,5,280,40,62,35,0,8.0,-1
2,5,190,40,79,53,0,8.0,7
2,5,200,110,121,103,8,8.0,2
2,5,210,50,70,16,0,1.0,-3
2,5,220,40,56,26,0,6.0,-2
2,5,260,40,50,20,-1,3.0,2
2,5,210,50,84,61,0,8.0,0
2,5,210,30,38,12,0,7.0,-4
2,5,210,80,72,22,0,8.0,2
2,5,220,60,91,74,21,8.0,-4
2,5,170,20,48,19,0,8.0,-2
2,5,240,40,73,22,0,7.0,-14
2,5,230,30,9,5,-1,8.0,8
2,5,180,40,19,7,0,8.0,3
2,5,210,30,15,0,0,7.0,-7
2,5,200,70,103,68,0,8.0,-5
2,5,130,21,-30,-46,0,8.0,1
2,5,350,5,-93,-99,0,0.0,1
2,5,360,10,-100,-112,0,3.0,5
2,5,40,15,-92,-107,0,0.0,-6
2,5,50,31,-25,-33,0,8.0,4
2,5,70,57,-60,-89,0,1.0,-4
2,5,70,51,-105,-133,0,5.0,4
2,5,70,62,-74,-99,0,7.0,4
2,5,100,21,-80,-92,-1,5.0,-2
2,5,990,5,-58,-69,-1,8.0,-3
2,5,190,21,-33,-40,0,8.0,3
2,5,300,15,-80,-85,0,6.0,-10
2,5,250,5,-56,-61,0,9.0,-19
2,5,990,5,-71,-76,-1,9.0,-14
2,5,220,51,-19,-26,0,8.0,2
2,5,300,36,17,10,0,5.0,2
2,5,50,15,-30,-35,0,7.0,5
2,5,990,5,-52,-59,0,2.0,-2
2,5,100,5,-55,-60,0,0.0,-12
2,5,180,21,-14,-21,0,3.0,-6
2,5,180,26,0,-4,0,9.0,-4
2,5,210,62,35,19,0,1.0,-6
2,5,220,87,82,68,-1,8.0,3
2,5,190,46,56,44,0,0.0,-2
2,5,250,10,66,59,6,8.0,-2
2,5,80,5,45,41,0,1.0,-12
2,5,60,15,16,12,0,0.0,-1
2,5,100,26,22,-9,0,8.0,6
2,5,0,0,-22,-23,0,9.0,4
2,5,330,21,-32,-33,0,9.0,3
2,5,230,87,24,23,-1,8.0,4
2,5,240,57,24,14,2,8.0,-4
2,5,260,41,45,44,1,8.0,33
2,5,250,21,57,50,0,8.0,-1
2,5,210,26,54,47,0,2.0,-7
2,5,160,15,-3,-4,0,0.0,-13
2,5,160,41,19,7,0,0.0,0
2,5,240,62,49,40,3,8.0,-2
2,5,170,41,62,56,1,8.0,-4
2,5,180,26,86,85,1,8.0,6
2,5,250,51,94,75,0,8.0,-8
2,5,220,57,30,21,0,0.0,1
2,5,210,82,95,86,-1,8.0,-6
2,5,240,77,34,-1,0,4.0,0
2,5,310,36,-2,-12,0,4.0,3
2,5,290,10,-46,-49,0,0.0,-6
2,5,220,21,-30,-44,0,7.0,6
2,5,270,10,-5,-6,-1,7.0,11
2,5,230,26,-17,-20,0,3.0,15
2,5,200,36,5,-1,0,6.0,-2
2,5,230,72,54,28,0,8.0,0
2,5,200,36,65,64,-1,8.0,-1
2,5,60,15,31,30,0,6.0,4
2,5,180,26,62,40,0,8.0,6
2,5,150,21,61,51,0,7.0,3
2,5,180,21,28,25,0,0.0,6
2,5,170,36,49,40,0,0.0,-15
2,5,80,31,-34,-54,0,0.0,1
2,5,240,41,5,4,0,8.0,-2
2,5,140,10,15,15,0,8.0,-1
2,5,260,5,-21,-21,0,9.0,-1
2,5,270,36,-11,-11,0,8.0,2
2,5,210,36,18,14,-1,8.0,0
2,5,230,5,51,51,-1,9.0,0
2,5,360,15,44,43,-1,8.0,1
2,5,80,36,33,33,0,8.0,1
2,5,100,21,28,24,0,7.0,-3
2,5,140,21,7,-6,0,8.0,1
2,5,50,10,-34,-34,0,0.0,-4
2,5,80,10,-22,-22,0,9.0,0
2,5,130,31,-10,-10,0,8.0,-1
2,5,0,0,-1,-12,0,8.0,-2
2,5,250,21,16,16,0,9.0,6
2,5,280,41,67,67,2,8.0,6
2,5,290,15,42,42,0,7.0,1
2,5,280,72,53,25,0,2.0,-4
2,5,300,31,34,22,0,4.0,-20
2,5,320,87,34,-36,0,4.0,-14
2,5,310,31,2,-5,-1,8.0,2
2,5,30,41,-25,-55,0,0.0,-5
2,5,0,0,-40,-40,0,1.0,5
2,5,140,15,-20,-23,0,7.0,3
2,5,220,31,17,17,0,8.0,0
2,5,350,41,19,19,6,8.0,10
2,5,260,31,-32,-32,0,2.0,-6
2,5,200,36,45,14,0,8.0,-1
2,5,260,41,39,11,0,2.0,-4
2,5,120,46,13,-5,0,1.0,-2
2,5,130,21,43,42,0,7.0,6
2,5,30,15,34,34,0,7.0,5
2,5,250,15,44,41,-1,8.0,4
2,5,150,31,4,0,0,1.0,4
2,5,260,21,46,42,0,8.0,0
2,5,180,41,21,12,0,7.0,8
2,5,280,72,49,34,-1,7.0,-1
2,5,30,10,16,7,0,7.0,6
2,5,60,36,1,-10,0,0.0,-1
2,5,60,46,2,-19,0,8.0,-1
2,5,80,72,-73,-129,0,0.0,0
2,5,110,77,-26,-143,0,0.0,1
2,5,120,31,10,-72,0,7.0,-4
2,5,50,26,-54,-85,0,0.0,4
2,5,80,10,-49,-81,0,0.0,5
2,5,90,21,-42,-108,0,0.0,-5
2,5,80,21,-57,-78,0,0.0,-2
2,5,220,10,-101,-113,0,0.0,-2
2,5,90,10,-37,-45,0,8.0,4
2,5,100,26,-20,-20,2,8.0,1
2,5,40,5,6,6,0,9.0,0
2,5,190,0,1,1,0,9.0,0
2,5,130,26,30,29,0,7.0,4
2,5,180,21,71,54,0,7.0,-9
2,5,170,21,52,52,0,8.0,4
2,5,210,87,99,85,0,8.0,6
2,5,320,31,58,51,0,5.0,-13
2,5,170,31,13,7,0,7.0,6
2,5,210,62,70,70,2,8.0,1
2,5,220,31,60,60,0,8.0,1
2,5,250,62,97,97,3,8.0,3
2,5,260,67,87,63,-1,8.0,1
2,5,240,82,88,87,7,8.0,1
2,5,20,15,4,3,0,3.0,-5
2,5,130,31,4,-23,0,1.0,-2
2,5,200,46,75,69,0,8.0,-1
2,5,250,93,92,65,2,3.0,-11
2,5,170,36,65,48,0,4.0,-2
2,5,270,72,65,53,2,7.0,-4
2,5,200,72,86,83,15,8.0,5
2,5,230,108,77,50,0,6.0,-10
2,5,260,72,68,36,0,4.0,1
2,5,240,46,37,28,0,6.0,-2
2,5,200,67,68,46,0,7.0,-4
2,5,260,77,93,71,4,3.0,-5
2,5,190,51,81,72,0,2.0,5
2,5,210,57,25,10,0,0.0,-7
2,5,230,72,27,20,0,6.0,-3
2,5,150,31,43,39,-1,8.0,-2
2,5,130,21,32,32,5,8.0,-1
2,5,270,15,8,8,0,1.0,-13
2,5,250,21,-23,-28,0,1.0,12
2,5,230,87,82,78,0,7.0,3
2,5,80,41,-39,-89,0,0.0,-4
2,5,130,10,-33,-46,0,5.0,4
2,5,330,15,-13,-29,0,8.0,-1
2,5,10,21,-20,-26,0,8.0,-1
2,5,280,26,-14,-51,-1,8.0,-1
2,5,100,41,-46,-64,0,4.0,-1
2,5,110,31,-49,-85,0,7.0,4
2,5,30,26,-57,-99,0,8.0,0
2,5,70,15,-50,-100,0,8.0,-1
2,5,140,41,13,-23,0,7.0,7
2,5,190,51,28,18,0,6.0,0
2,5,180,67,40,36,-1,8.0,-1
2,5,340,26,11,11,10,8.0,3
2,5,10,62,5,-11,0,8.0,-2
2,5,300,15,-17,-44,0,8.0,1
2,5,240,46,34,34,-1,8.0,6
2,5,280,93,64,17,-1,7.0,-1
2,5,200,82,50,43,6,8.0,3
2,5,170,26,18,18,2,7.0,4
2,5,20,98,-28,-45,-1,8.0,-2
2,5,20,57,-53,-77,0,6.0,1
2,5,250,21,-53,-62,0,7.0,7
2,5,170,36,-18,-26,-1,8.0,-1
2,5,170,57,-4,-20,0,7.0,0
2,5,200,82,74,42,0,8.0,0
2,5,200,26,66,56,5,8.0,-7
2,5,0,0,9,9,0,8.0,-2
2,5,40,67,29,29,2,8.0,1
2,5,50,21,8,8,0,8.0,-1
2,5,80,10,22,-21,0,8.0,0
2,5,140,30,-24,-32,0,1.0,4
2,5,270,10,13,13,0,8.0,0
2,5,200,60,21,9,0,8.0,2
2,5,210,40,55,54,40,8.0,-3
2,5,210,60,13,12,0,6.0,2
2,5,200,50,47,3,0,7.0,1
2,5,280,10,31,31,0,8.0,-5
2,5,230,40,79,75,0,8.0,-4
2,5,190,40,55,37,0,1.0,5
2,5,220,50,27,6,0,0.0,-1
2,5,250,80,108,100,-1,8.0,1
2,5,240,100,79,50,0,5.0,-6
2,5,230,50,17,4,0,0.0,-8
2,5,270,20,-8,-9,0,5.0,-5
2,5,160,20,0,-1,0,1.0,3
2,5,180,40,47,14,0,7.0,-1
2,5,200,70,85,79,15,8.0,3
2,5,260,40,25,1,0,1.0,-6
2,5,260,90,66,9,0,0.0,-3
2,5,230,90,92,59,0,8.0,3
2,5,220,60,73,64,0,4.0,2
2,5,170,40,60,50,0,7.0,6
2,5,200,90,116,75,0,8.0,-12
2,5,240,140,129,65,0,6.0,-4
2,5,250,90,82,46,0,3.0,-5
2,5,290,30,58,40,0,7.0,-9
2,5,190,60,64,29,0,5.0,0
2,5,90,30,-62,-115,0,2.0,-2
2,5,220,10,-117,-125,0,0.0,7
2,5,250,30,1,0,0,6.0,-3
2,5,190,10,-41,-41,0,0.0,2
2,5,220,30,6,5,0,7.0,-2
2,5,210,40,36,15,0,7.0,0
2,5,180,40,6,-12,0,7.0,4
2,5,230,30,-11,-11,0,1.0,1
2,5,200,50,29,1,0,7.0,-6
2,5,220,20,13,-9,0,5.0,16
2,5,190,20,51,44,0,8.0,-1
2,5,230,50,73,53,0,3.0,2
2,5,230,40,104,88,0,7.0,2
2,5,200,20,61,61,0,1.0,-13
2,5,250,30,74,67,0,6.0,1
2,5,220,80,118,69,0,8.0,2
2,5,310,50,61,44,0,8.0,-3
2,5,200,20,5,2,0,0.0,-4
2,5,230,50,40,30,0,1.0,9
2,5,180,30,82,79,0,8.0,1
2,5,200,30,82,53,0,3.0,0
2,5,180,20,39,39,0,3.0,11
2,5,250,30,21,21,0,8.0,-2
2,5,270,30,79,79,0,8.0,-3
2,5,300,20,56,56,0,4.0,-11
2,5,210,20,86,72,0,8.0,0
2,5,220,70,77,50,0,8.0,0
2,5,260,80,44,32,7,8.0,-3
2,5,280,20,31,24,0,8.0,5
2,5,340,30,57,55,-1,8.0,-2
2,5,230,30,39,38,0,7.0,-1
2,5,230,60,79,79,1,8.0,2
2,5,270,100,71,22,0,8.0,-2
2,5,990,10,23,17,3,7.0,1
2,5,320,50,19,11,2,6.0,3
2,5,260,40,-6,-6,-1,5.0,5
2,5,190,10,-18,-18,0,8.0,7
2,5,250,40,0,0,1,7.0,-6
2,5,310,20,-47,-51,0,5.0,6
2,5,990,10,-73,-76,0,2.0,4
2,5,90,20,-95,-102,0,0.0,3
2,5,310,10,-90,-93,0,0.0,0
2,5,200,40,-2,-2,0,8.0,1
2,5,230,80,31,31,0,8.0,3
2,5,280,60,7,7,6,8.0,9
2,5,130,10,6,6,-1,8.0,1
2,5,220,70,77,76,-1,8.0,2
2,5,280,20,72,72,0,8.0,-10
2,5,230,60,48,30,0,7.0,-2
2,5,270,60,29,6,-1,7.0,-3
2,5,290,60,16,12,4,8.0,-5
2,5,180,10,1,0,0,7.0,-2
2,5,0,0,-37,-37,0,1.0,8
2,5,230,70,52,33,0,8.0,0
2,5,180,40,40,31,0,7.0,4
2,5,230,60,43,33,0,3.0,-5
2,5,210,50,88,69,0,8.0,0
2,5,220,60,68,58,7,8.0,-1
2,5,260,40,46,29,0,1.0,0
2,5,210,60,67,50,0,8.0,-1
2,5,220,50,56,32,0,7.0,-4
2,5,220,40,54,22,0,7.0,-3
2,5,260,60,82,66,17,8.0,-5
2,5,250,90,82,37,0,4.0,0
2,5,280,90,56,-1,0,4.0,-2
2,5,200,70,67,10,0,7.0,-9
2,5,240,30,-6,-16,0,0.0,-4
2,5,200,50,19,-3,0,2.0,1
2,5,230,60,55,28,0,6.0,0
2,5,230,30,-15,-21,0,0.0,0
2,5,250,40,77,69,2,8.0,0
2,5,280,90,46,20,1,7.0,-8
2,5,270,40,15,-8,0,4.0,-5
2,5,160,60,5,-1,15,8.0,0
2,5,280,40,55,45,-1,8.0,-5
2,5,310,20,5,-8,0,3.0,6
2,5,140,20,-30,-36,0,2.0,2
2,5,240,20,31,25,0,8.0,-2
2,5,150,10,-11,-16,0,4.0,-3
2,5,220,70,86,78,1,8.0,5
2,5,360,50,40,34,18,8.0,-1
2,5,210,10,-12,-24,0,4.0,5
2,5,180,40,-2,-18,0,1.0,2
2,5,210,80,124,61,0,7.0,-5
2,5,190,60,44,24,0,1.0,-1
2,5,290,20,-21,-24,0,9.0,-1
2,5,210,20,-1,-2,0,8.0,0
2,5,120,20,3,1,7,8.0,2
2,5,220,50,50,38,0,8.0,-1
2,5,200,80,81,64,-1,8.0,5
2,5,200,70,101,84,-1,8.0,2
2,5,190,50,93,80,1,7.0,1
2,5,200,100,111,71,0,7.0,-4
2,5,310,20,26,19,0,7.0,-1
2,5,0,0,-36,-41,0,5.0,7
2,5,190,50,78,40,0,8.0,2
2,5,200,60,105,82,0,7.0,2
2,5,20,80,53,36,0,8.0,3
2,5,30,40,15,12,0,8.0,-2
2,5,990,10,-2,-8,0,0.0,1
2,5,190,10,-10,-14,0,0.0,-10
2,5,350,50,34,14,0,8.0,2
2,5,360,30,13,-2,0,8.0,3
2,5,260,20,22,0,0,1.0,-15
2,5,300,30,23,19,0,3.0,0
2,5,240,50,43,32,0,8.0,1
2,5,260,40,40,36,0,7.0,4
2,5,300,50,26,18,4,7.0,-5
2,5,50,40,-4,-9,2,8.0,-6
2,5,220,40,-32,-57,0,3.0,4
2,5,240,40,4,1,-1,8.0,-3
2,5,140,60,1,-32,0,6.0,-1
2,5,110,20,28,-23,-1,7.0,-12
2,5,210,50,79,72,-1,5.0,-8
2,5,180,60,96,54,0,,-6
2,5,170,50,70,32,0,,2
2,5,220,100,67,35,0,6.0,-3
2,5,190,80,109,101,6,8.0,5
2,5,220,70,56,41,-1,2.0,-3
2,5,250,30,30,28,0,3.0,3
2,5,230,50,92,91,0,8.0,0
2,5,230,90,117,95,1,,2
2,5,230,80,67,49,1,,-1
2,5,220,100,97,83,2,8.0,2
2,5,240,80,118,99,0,5.0,1
2,5,240,30,81,77,-1,8.0,0
2,5,40,70,30,5,0,1.0,-7
2,5,50,30,-24,-46,0,1.0,-17
2,5,30,40,-17,-50,0,,0
2,5,150,30,-38,-43,0,,-7
2,5,220,40,31,14,0,7.0,3
2,5,230,110,49,29,2,8.0,4
2,5,250,90,93,84,16,8.0,4
2,5,330,50,17,-13,0,4.0,-4
2,5,210,120,40,28,-1,8.0,5
2,5,280,90,37,15,4,,2
2,5,290,60,21,0,0,,-7
2,5,990,10,65,65,5,8.0,-2
2,5,210,110,105,95,9,8.0,2
2,5,230,70,55,34,0,4.0,-5
2,5,220,90,46,15,0,6.0,-3
2,5,180,40,-54,-73,0,,-2
2,5,220,50,13,12,0,,0
2,5,240,70,37,24,2,5.0,2
2,5,230,40,-6,-11,0,6.0,-3
2,5,270,30,10,-6,0,4.0,-1
2,5,60,20,-4,-22,0,7.0,-11
2,5,190,40,17,12,2,8.0,0
2,5,210,30,52,52,0,,-1
2,5,160,30,50,46,0,,0
2,5,120,20,-9,-19,0,0.0,-14
2,5,150,30,-4,-4,0,9.0,0
2,5,100,20,-31,-35,0,0.0,0
2,5,40,20,-73,-81,0,0.0,21
2,5,70,20,-43,-89,0,0.0,-17
2,5,30,50,-29,-44,0,,0
2,5,60,50,-4,-55,0,,-9
2,5,60,40,-51,-78,0,0.0,-3
2,5,30,30,-78,-90,0,0.0,1
2,5,90,40,-36,-80,0,1.0,1
2,5,110,30,-8,-43,0,0.0,-7
2,5,120,10,-44,-51,0,3.0,7
2,5,120,20,-13,-36,0,,-7
2,5,130,30,-17,-35,0,,0
2,5,110,20,0,-13,0,1.0,-8
2,5,120,20,-1,-33,0,0.0,-4
2,5,110,20,-5,-40,0,0.0,0
2,5,140,20,17,2,0,5.0,5
2,5,180,30,75,33,0,7.0,2
2,5,220,100,100,79,18,,8
2,5,250,80,119,84,0,,0
2,5,200,50,102,78,0,,-1
2,5,230,80,128,82,-1,,-3
2,5,240,60,125,91,1,8.0,-5
2,5,210,50,106,88,0,,0
2,5,260,90,72,48,13,,0
2,5,250,80,41,7,0,,-4
2,5,320,60,26,-4,4,7.0,0
2,5,220,30,-15,-28,0,,0
2,5,320,50,79,76,-1,8.0,-1
2,5,0,0,22,12,0,,-11
2,5,260,20,61,58,0,,0
2,5,0,0,56,52,0,,-3
2,5,320,10,48,45,0,,-4
2,5,0,0,-6,-8,0,,-1
2,5,280,20,18,13,0,,2
2,5,310,30,35,15,0,,11
2,5,30,60,1,-8,0,,0
2,5,50,60,-19,-53,0,0.0,1
2,5,60,40,-13,-48,0,,-1
2,5,360,50,6,-26,0,,1
2,5,320,30,-14,-33,0,,-3
2,5,230,30,-18,-25,0,6.0,3
2,5,260,30,6,4,0,8.0,-1
2,5,210,50,-26,-35,0,3.0,10
2,5,160,50,-39,-49,0,,8
2,5,220,20,-73,-80,0,,5
2,5,350,10,-34,-37,0,,-21
2,5,310,40,36,14,0,,3
2,5,280,40,55,51,2,,2
2,5,310,40,59,47,-1,,-4
2,5,180,10,49,41,0,,2
2,5,130,30,-6,-26,0,,-4
2,5,130,30,5,-16,0,,-1
2,5,80,30,-23,-54,0,,-2
2,5,180,20,-43,-51,0,,6
2,5,220,30,14,1,0,,-5
2,5,210,80,79,54,0,,4
2,5,0,0,72,69,10,,2
2,5,230,100,103,98,3,,-1
2,5,270,80,48,20,4,,-3
2,5,310,50,26,7,0,,-7
2,5,330,40,7,-3,0,,4
2,5,30,50,-19,-42,0,,-4
2,5,40,30,-10,-53,0,,0
2,5,210,30,-13,-51,0,,2
2,5,260,20,2,-1,0,,11
2,5,250,40,2,-3,0,,3
2,5,280,20,-1,-6,13,,2
2,5,50,70,-4,-42,0,,-1
2,5,20,40,-26,-44,0,,-2
2,5,180,20,-7,-11,6,,-2
2,5,10,20,-45,-54,0,,-23
2,5,300,10,4,-1,0,,1
2,5,40,60,-31,-66,0,,-6
2,5,350,10,-87,-105,0,,-10
2,5,90,20,-33,-33,0,,-1
2,5,260,20,-40,-40,0,,-1
2,5,180,20,-36,-36,0,,1
2,5,50,20,14,12,0,,-4
2,5,200,10,-8,-9,0,,4
2,5,220,10,25,25,0,,2
2,5,250,50,52,38,0,,-3
2,5,240,70,56,48,38,,4
2,5,260,60,17,6,0,,-2
2,5,300,30,21,11,0,,2
2,5,270,10,2,-1,0,,2
2,5,190,20,-8,-16,0,,6
2,5,150,40,12,-2,0,,0
2,5,180,30,29,27,0,,2
2,5,180,70,64,45,0,,-6
2,5,190,30,62,60,2,,3
2,5,190,50,47,29,0,,2
2,5,190,40,28,19,0,,-6
2,5,140,20,33,29,0,,-5
2,5,40,80,34,27,16,,0
2,5,30,60,15,11,5,,-1
2,5,70,70,28,5,0,,-4
2,5,20,30,-3,-40,0,,-1
2,5,80,40,-15,-52,0,,2
2,5,50,60,-14,-50,0,,-3
2,5,50,50,-9,-51,0,,4
2,5,280,20,-5,-13,0,,3
2,5,200,60,15,10,6,,-6
2,5,310,20,83,79,0,8.0,-3
2,5,260,30,75,73,0,9.0,-4
2,5,280,20,-2,-3,0,0.0,-5
2,5,350,10,38,34,0,8.0,5
2,5,240,10,-22,-25,0,9.0,9
2,5,250,30,-16,-19,0,2.0,3
2,5,210,20,-17,-18,0,9.0,0
2,5,110,30,-33,-37,0,8.0,6
2,5,250,40,35,22,1,8.0,0
2,5,90,30,24,9,0,3.0,4
2,5,160,60,81,60,0,8.0,-2
2,5,160,50,74,62,1,7.0,-2
2,5,260,80,77,53,0,8.0,3
2,5,140,30,63,38,-1,8.0,-5
2,5,260,30,41,26,0,0.0,-20
2,5,130,40,36,6,0,1.0,3
2,5,130,30,56,-5,0,0.0,-6
2,5,250,20,42,42,0,9.0,2
2,5,360,10,45,34,0,8.0,-1
2,5,150,30,44,41,0,5.0,7
2,5,170,30,67,52,-1,7.0,2
2,5,170,30,39,32,0,8.0,-5
2,5,150,40,58,50,0,0.0,-3
2,5,140,50,91,67,0,8.0,2
2,5,150,30,80,73,39,7.0,-7
2,5,280,50,72,53,-1,8.0,0
2,5,230,20,33,28,0,4.0,3
2,5,230,80,99,67,0,8.0,-6
2,5,230,90,63,37,0,8.0,-2
2,5,280,60,7,7,8,8.0,-2
2,5,170,30,6,-17,0,0.0,1
2,5,170,60,70,10,-1,8.0,2
2,5,170,80,50,19,0,7.0,0
2,5,220,50,84,69,26,8.0,3
2,5,220,30,1,-2,0,0.0,10
2,5,150,30,8,0,0,7.0,-9
2,5,140,30,18,-22,0,0.0,-1
2,5,140,10,16,-34,0,0.0,0
2,5,100,20,16,8,0,0.0,3
2,5,360,10,-15,-19,0,0.0,-2
2,5,70,20,6,5,0,9.0,2
2,5,60,30,10,10,0,8.0,-2
2,5,70,50,36,-4,0,8.0,-4
2,5,70,40,-19,-65,0,0.0,-2
2,5,110,10,-37,-79,0,0.0,-17
2,5,40,10,-56,-66,0,0.0,-10
2,5,80,30,15,12,0,8.0,0
2,5,150,20,6,2,0,8.0,-3
2,5,220,40,43,41,0,8.0,3
2,5,230,70,91,69,0,8.0,-1
2,5,230,40,83,74,0,8.0,-6
2,5,220,30,82,53,0,8.0,0
2,5,300,30,52,42,0,5.0,5
2,5,190,60,115,79,0,8.0,8
2,5,230,50,44,27,0,0.0,3
2,5,200,20,19,15,0,0.0,-4
2,5,260,10,69,65,0,8.0,-6
2,5,60,60,-3,-47,0,8.0,-10
2,5,70,60,-6,-45,0,8.0,1
2,5,140,30,36,-3,-1,8.0,-3
2,5,240,10,-4,-7,0,8.0,0
2,5,120,30,11,7,0,8.0,-1
2,5,130,10,8,7,0,0.0,-8
2,5,180,10,23,20,0,8.0,13
2,5,240,30,-13,-19,0,1.0,6
2,5,170,40,14,0,-1,8.0,2
2,5,160,50,83,69,-1,8.0,-6
2,5,260,30,1,-14,0,1.0,-1
2,5,290,20,-13,-20,0,3.0,-1
2,5,230,20,-7,-12,0,8.0,2
2,5,360,30,-19,-32,0,0.0,-8
2,5,210,20,-29,-38,0,5.0,-1
2,5,290,30,47,45,0,8.0,-1
2,5,300,40,61,57,4,8.0,1
2,5,100,20,-9,-51,0,8.0,-1
2,5,250,10,-24,-33,0,8.0,4
2,5,310,30,50,44,-1,8.0,1
2,5,300,20,37,34,0,8.0,0
2,5,260,30,56,42,0,8.0,1
2,5,280,30,56,35,-1,8.0,0
2,5,340,20,42,15,0,8.0,-1
2,5,200,30,32,7,0,8.0,1
2,5,250,50,66,54,0,8.0,-6
2,5,260,40,63,38,0,8.0,-1
2,5,200,30,76,68,0,8.0,-2
2,5,220,50,-1,-12,-1,8.0,0
2,5,200,60,1,-18,0,7.0,4
2,5,240,30,7,0,-1,5.0,-1
2,5,190,40,61,53,1,7.0,-1
2,5,120,30,24,7,0,1.0,4
2,5,110,10,12,11,0,7.0,-12
2,5,30,10,11,3,0,8.0,1
2,5,70,30,0,-8,0,8.0,-1
2,5,40,50,-41,-66,0,8.0,-3
2,5,40,20,-50,-76,0,8.0,-2
2,5,30,60,-30,-53,-1,8.0,6
2,5,20,50,-54,-72,0,8.0,1
2,5,10,30,-32,-70,0,8.0,4
2,5,290,10,-29,-48,-1,8.0,0
2,5,360,20,-42,-60,-1,8.0,-4
2,5,160,40,-32,-49,0,7.0,4
2,5,120,20,-42,-71,0,1.0,0
2,5,210,20,21,19,-1,9.0,2
2,5,190,40,51,25,0,8.0,2
2,5,220,60,-4,-17,0,1.0,1
2,5,150,10,-19,-22,0,0.0,11
2,5,150,30,20,2,0,8.0,3
2,5,30,50,22,16,0,8.0,1
2,5,170,30,41,40,0,8.0,11
2,5,210,80,83,69,3,8.0,-1
2,5,180,40,94,62,0,7.0,-9
2,5,200,40,42,11,0,1.0,4
2,5,120,50,63,44,7,8.0,-2
2,5,240,30,-41,-57,0,8.0,-1
2,5,200,30,11,9,0,9.0,0
2,5,230,50,47,42,0,8.0,1
2,5,210,80,65,39,-1,8.0,11
2,5,240,110,111,66,0,8.0,0
2,5,250,110,109,67,0,8.0,-2
2,5,210,50,81,33,0,8.0,-5
2,5,260,20,41,20,0,1.0,-17
2,5,130,10,-15,-21,0,0.0,-2
2,5,210,30,58,32,0,8.0,-3
2,5,250,50,94,80,0,5.0,-8
2,5,100,20,54,49,4,8.0,0
2,5,200,30,32,27,0,1.0,-2
2,5,130,30,50,31,0,8.0,-7
2,5,130,20,32,26,0,8.0,4
2,5,190,30,51,35,0,1.0,-7
2,5,50,20,6,5,0,0.0,17
2,5,60,30,10,-18,0,8.0,-2
2,5,80,20,19,-1,0,8.0,0
2,5,80,50,13,-23,0,8.0,-1
2,5,80,50,-12,-61,0,8.0,-1
2,5,80,40,-47,-81,0,0.0,-2
2,5,160,40,-16,-64,0,7.0,-2
2,5,170,40,24,18,3,8.0,2
2,5,220,20,77,76,0,9.0,0
2,5,190,40,70,63,0,8.0,0
2,5,290,60,61,51,2,8.0,-4
2,5,330,20,18,11,-1,8.0,0
2,5,50,60,-78,-111,0,0.0,-2
2,5,50,60,-85,-150,0,0.0,-2
2,5,10,10,-116,-150,0,0.0,7
2,5,0,0,-185,-196,0,0.0,-9
2,5,140,30,-104,-135,-1,8.0,0
2,5,130,10,-70,-120,0,8.0,-24
2,5,60,30,-118,-156,0,0.0,-8
2,5,60,60,-39,-79,0,8.0,1
2,5,350,10,-106,-116,0,0.0,-8
2,5,50,30,-68,-90,0,1.0,-4
2,5,50,40,-105,-139,0,0.0,-3
2,5,330,10,-116,-127,0,2.0,6
2,5,230,30,-10,-10,-1,9.0,5
2,5,330,40,33,28,0,8.0,-4
2,5,320,70,58,44,2,8.0,-5
2,5,310,20,40,37,0,8.0,2
2,5,240,40,48,45,2,8.0,3
2,5,200,50,70,67,0,8.0,2
2,5,270,30,20,10,-1,4.0,-2
2,5,240,30,-36,-40,0,0.0,9
2,5,220,60,15,-35,0,7.0,6
2,5,220,50,47,13,0,8.0,-3
2,5,230,60,64,61,1,8.0,3
2,5,250,50,98,95,0,8.0,0
2,5,220,10,56,56,0,9.0,0
2,5,280,20,48,31,0,8.0,0
2,5,190,20,5,2,0,6.0,0
2,5,230,40,79,76,0,8.0,0
2,5,230,20,93,93,0,9.0,-1
2,5,230,60,78,54,0,8.0,-3
2,5,260,20,33,29,4,8.0,4
2,5,250,20,17,12,0,7.0,-13
2,5,240,50,80,71,0,8.0,6
2,5,220,90,59,29,0,8.0,-33
2,5,220,30,12,8,4,8.0,-8
2,5,290,30,14,10,6,8.0,-3
2,5,330,20,7,4,-1,8.0,0
2,5,280,10,-50,-51,0,5.0,6
2,5,160,30,-12,-20,0,8.0,-3
2,5,100,60,-15,-74,0,8.0,3
2,5,50,40,-33,-55,0,0.0,1
2,5,20,20,-16,-22,0,8.0,9
2,5,150,40,-25,-69,0,6.0,3
2,5,190,20,14,11,-1,8.0,-3
2,5,250,10,32,29,0,8.0,-4
2,5,80,20,35,35,0,7.0,-1
2,5,20,10,-49,-50,0,9.0,6
2,5,280,10,-7,-14,0,8.0,1
2,5,50,40,-11,-24,0,0.0,3
2,5,40,40,-36,-51,0,0.0,-3
2,5,40,50,-30,-50,0,1.0,-4
2,5,20,50,-52,-73,0,0.0,1
2,5,10,50,-11,-22,2,8.0,2
2,5,20,60,8,-1,0,8.0,0
2,5,70,40,20,10,0,8.0,0
2,5,40,50,5,-4,0,8.0,0
2,5,50,30,10,-5,0,8.0,-1
2,5,180,80,70,31,-1,8.0,-5
2,5,200,50,34,10,0,0.0,-2
2,5,130,30,7,0,0,0.0,-4
2,5,150,40,32,4,0,2.0,11
2,5,140,50,56,10,0,7.0,17
2,5,210,80,76,30,0,6.0,-6
2,5,180,80,103,62,0,7.0,1
2,5,180,80,71,37,-1,8.0,-3
2,5,210,100,62,9,0,8.0,-1
2,5,130,20,30,9,0,1.0,3
2,5,230,70,53,32,1,8.0,-2
2,5,220,50,30,13,0,2.0,0
2,5,230,50,46,25,-1,7.0,7
2,5,190,50,20,5,0,0.0,1
2,5,200,90,111,44,0,5.0,-1
2,5,230,70,64,37,0,7.0,-1
2,5,170,30,50,29,0,8.0,5
2,5,150,30,35,17,0,7.0,-1
2,5,220,40,64,52,0,8.0,3
2,5,170,40,57,45,0,7.0,-6
2,5,200,50,71,57,2,8.0,-4
2,5,190,50,39,14,0,5.0,3
2,5,170,40,31,17,0,0.0,-1
2,5,130,30,37,15,0,0.0,-7
2,5,160,30,68,30,0,2.0,-3
2,5,190,20,32,26,0,1.0,-2
2,5,160,40,24,14,0,0.0,-2
2,5,150,20,42,33,-1,8.0,-2
2,5,210,30,9,6,0,8.0,2
2,5,260,40,10,2,-1,7.0,-5
2,5,220,30,-17,-21,0,3.0,11
2,5,310,10,-34,-38,0,1.0,-12
2,5,0,0,-19,-24,-1,8.0,-5
2,5,40,70,-20,-39,0,8.0,-2
2,5,20,30,-46,-62,0,0.0,-1
2,5,330,50,34,1,0,2.0,6
2,5,260,20,30,24,0,8.0,0
2,5,320,20,49,46,1,8.0,-2
2,5,120,30,48,16,0,8.0,-4
2,5,120,10,-22,-23,0,9.0,2
2,5,150,30,-11,-19,0,3.0,0
2,5,120,40,56,26,0,8.0,-7
2,5,90,20,52,17,0,8.0,-17
2,5,130,10,-38,-40,0,0.0,1
2,5,200,10,31,28,0,8.0,1
2,5,170,10,-36,-38,0,9.0,0
2,5,200,30,-4,-8,0,0.0,-2
2,5,190,60,41,23,2,8.0,4
2,5,250,30,26,19,1,7.0,-3
2,5,260,20,-2,-12,0,8.0,-11
2,5,200,80,38,26,1,8.0,0
2,5,200,80,40,10,-1,8.0,1
2,5,190,30,7,-1,0,0.0,-4
2,5,150,30,40,39,0,9.0,3
2,5,320,50,52,31,0,8.0,-2
2,5,160,30,-14,-22,0,0.0,3
2,5,250,70,115,109,2,8.0,0
2,5,250,80,108,61,0,8.0,-7
2,5,230,50,38,22,6,7.0,-2
2,5,230,50,29,14,0,8.0,4
2,5,190,30,59,52,0,8.0,13
2,5,180,40,89,65,0,8.0,0
2,5,190,90,110,61,-1,8.0,-16
2,5,200,100,82,66,33,8.0,-4
2,5,220,80,63,39,2,7.0,-7
2,5,220,70,35,24,6,8.0,2
2,5,240,30,16,9,0,0.0,-1
2,5,160,20,21,16,0,8.0,2
2,5,110,10,0,-20,0,8.0,4
2,5,330,30,15,10,3,8.0,-7
2,5,350,60,19,3,2,8.0,0
2,5,250,10,-54,-56,0,0.0,-3
2,5,160,10,-37,-51,0,0.0,-3
2,5,200,40,5,-42,0,1.0,-11
2,5,220,20,5,2,1,8.0,1
2,5,210,80,56,49,3,8.0,4
2,5,240,70,110,97,2,8.0,-1
2,5,230,90,94,88,13,8.0,3
2,5,230,30,31,24,-1,8.0,0
2,5,240,20,-10,-13,0,4.0,-12
2,5,0,0,-27,-30,0,1.0,-11
2,5,210,20,0,-9,0,8.0,-6
2,5,50,30,3,-22,0,6.0,-9
2,5,30,40,-17,-43,0,7.0,-3
2,5,30,40,-9,-18,0,0.0,-10
2,5,130,30,7,-1,0,8.0,4
2,5,150,30,53,52,0,8.0,4
2,5,200,40,90,81,0,7.0,0
2,5,170,30,43,33,0,0.0,-11
2,5,200,20,46,41,0,8.0,-10
2,5,10,20,19,18,0,8.0,4
2,5,100,40,42,18,0,8.0,0
2,5,50,40,25,22,1,8.0,-2
2,5,60,30,-3,-18,0,8.0,0
2,5,50,40,-23,-41,0,8.0,5
2,5,50,40,-4,-23,0,8.0,-3
2,5,70,30,19,13,0,8.0,2
2,5,80,50,7,-15,0,0.0,-7
2,5,80,30,7,-34,0,0.0,-5
2,5,130,10,11,-3,0,0.0,3
2,5,200,20,36,35,0,6.0,0
2,5,240,30,57,53,0,8.0,3
2,5,0,0,42,41,0,9.0,-2
2,5,210,30,12,7,0,6.0,10
2,5,210,50,74,73,1,8.0,3
2,5,260,30,88,85,0,6.0,0
2,5,240,80,99,86,-1,8.0,-3
2,5,230,90,90,84,2,8.0,-2
2,5,280,50,33,15,5,8.0,-2
2,5,200,30,7,-4,0,5.0,1
2,5,210,50,70,37,2,8.0,2
2,5,200,60,106,65,0,8.0,-4
2,5,210,90,54,2,0,8.0,-1
2,5,200,50,12,-5,0,0.0,-2
2,5,230,60,39,27,1,8.0,-6
2,5,220,30,0,-4,0,8.0,8
2,5,30,40,-2,-40,0,8.0,2
2,5,50,50,-6,-19,0,0.0,-2
2,5,40,40,-37,-62,0,1.0,5
2,5,360,20,-50,-74,0,0.0,-6
2,5,0,0,-70,-82,0,7.0,10
2,5,180,40,-23,-51,0,8.0,1
2,5,210,30,18,14,0,8.0,-1
2,5,200,90,35,26,1,8.0,3
2,5,250,40,18,-7,0,8.0,-7
2,5,170,30,-13,-31,0,0.0,3
2,5,130,30,-21,-59,0,0.0,-3
2,5,150,50,18,9,9,8.0,3
2,5,210,30,-13,-18,0,0.0,8
2,5,90,20,11,-17,0,8.0,-21
2,5,130,20,-35,-43,0,0.0,0
2,5,160,20,-9,-26,0,8.0,3
2,5,30,20,-26,-36,0,8.0,10
2,5,10,30,-41,-57,0,0.0,-8
2,5,60,40,-20,-56,0,0.0,-2
2,5,40,40,-38,-52,0,0.0,9
2,5,70,60,-33,-106,0,0.0,1
2,5,70,60,-38,-112,0,0.0,-3
2,5,40,40,-57,-87,0,2.0,-2
2,5,40,30,-74,-104,0,0.0,-17
2,5,80,30,-64,-119,0,1.0,-2
2,5,80,20,-3,-5,1,8.0,4
2,5,10,20,17,12,1,8.0,-1
2,5,320,30,4,-1,0,2.0,-4
2,5,180,50,0,-16,0,8.0,0
2,5,210,40,27,19,0,8.0,0
2,5,230,30,26,-13,0,8.0,4
2,5,180,60,83,72,1,8.0,0
2,5,200,60,63,46,1,8.0,3
2,5,220,90,78,43,0,8.0,-4
2,5,170,70,79,70,16,8.0,6
2,5,240,40,26,16,0,8.0,6
2,5,230,30,-7,-12,0,8.0,3
2,5,210,40,24,5,0,8.0,-7
2,5,140,20,-7,-14,0,8.0,-1
2,5,130,20,3,-25,0,0.0,-3
2,5,180,10,18,-13,0,0.0,-21
2,5,990,10,19,0,0,8.0,-3
2,5,150,20,20,-17,0,0.0,8
2,5,220,30,61,48,0,8.0,-4
2,5,190,20,40,18,0,8.0,1
2,5,190,30,39,29,0,1.0,-4
2,5,290,10,80,71,0,8.0,-2
2,5,110,30,57,44,0,0.0,-5
2,5,140,20,20,-35,0,0.0,-9
2,5,140,20,28,-44,0,8.0,-6
2,5,40,10,-2,-14,0,8.0,6
2,5,160,10,10,-1,0,0.0,0
2,5,230,30,27,21,0,0.0,-6
2,5,200,70,113,106,15,8.0,-1
2,5,210,40,71,52,0,8.0,3
2,5,240,60,102,70,0,8.0,-4
2,5,260,60,53,19,0,6.0,-5
2,5,300,10,18,16,0,8.0,8
2,5,210,20,15,6,0,7.0,-12
2,5,110,30,15,-9,0,0.0,1
2,5,160,30,42,8,0,8.0,7
2,5,190,70,79,58,0,8.0,3
2,5,240,110,90,57,2,8.0,-6
2,5,240,100,56,-14,-1,7.0,-2
2,5,220,80,31,-1,-1,8.0,3
2,5,170,60,45,13,0,8.0,7
2,5,270,40,58,40,0,8.0,3
2,5,190,50,76,47,0,8.0,1
2,5,200,100,115,99,7,8.0,3
2,5,210,70,69,27,0,8.0,1
2,5,230,80,54,25,0,1.0,-5
2,5,260,40,44,22,0,5.0,0
2,5,190,50,79,57,0,8.0,4
2,5,220,60,28,8,0,1.0,-3
2,5,210,100,68,15,0,8.0,5
2,5,230,80,89,74,16,8.0,-2
2,5,180,30,47,11,0,8.0,-1
2,5,250,50,75,28,0,8.0,-15
2,5,250,30,6,2,17,8.0,3
2,5,180,30,19,6,0,8.0,0
2,5,210,40,3,-7,0,3.0,-4
2,5,200,80,102,65,0,8.0,-10
2,5,140,21,-38,-49,0,8.0,-1
2,5,60,5,-90,-101,0,0.0,4
2,5,30,5,-98,-107,0,1.0,2
2,5,50,15,-82,-103,0,0.0,-6
2,5,30,15,-25,-38,0,8.0,8
2,5,70,67,-63,-98,-1,1.0,-10
2,5,50,41,-107,-132,0,7.0,7
2,5,80,72,-75,-102,0,3.0,3
2,5,80,26,-82,-93,-1,8.0,-16
2,5,990,5,-60,-75,0,8.0,-10
2,5,200,21,-36,-47,0,8.0,-6
2,5,260,10,-72,-77,0,5.0,7
2,5,250,5,-66,-70,0,6.0,4
2,5,990,5,-50,-54,0,9.0,-4
2,5,210,46,-18,-29,0,8.0,1
2,5,290,36,20,7,0,7.0,-4
2,5,0,0,-14,-27,0,8.0,0
2,5,990,5,-20,-24,0,8.0,4
2,5,80,5,-65,-69,0,0.0,-10
2,5,200,5,-9,-15,0,8.0,7
2,5,160,15,2,-2,0,9.0,-5
2,5,220,46,29,10,0,2.0,-2
2,5,230,67,71,56,0,8.0,9
2,5,200,41,57,35,0,0.0,-4
2,5,250,15,72,66,4,8.0,-6
2,5,70,10,11,7,0,9.0,3
2,5,70,15,10,6,0,1.0,-3
2,5,100,51,8,-22,0,8.0,2
2,5,120,5,-21,-24,-1,8.0,-1
2,5,290,5,-29,-32,0,9.0,0
2,5,240,82,24,23,-1,8.0,9
2,5,240,46,29,16,1,8.0,-1
2,5,240,31,27,26,4,8.0,38
2,5,260,15,62,48,0,8.0,-4
2,5,220,21,44,37,0,1.0,-5
2,5,200,15,-5,-6,0,0.0,3
2,5,170,26,12,-3,0,0.0,1
2,5,220,77,52,39,-1,7.0,-16
2,5,210,57,59,52,1,8.0,-1
2,5,180,21,82,78,2,8.0,2
2,5,260,41,94,72,0,8.0,-11
2,5,240,62,34,24,0,1.0,-6
2,5,210,82,91,83,1,8.0,0
2,5,250,67,32,-6,0,3.0,3
2,5,330,36,4,-17,0,6.0,1
2,5,0,0,-53,-58,0,0.0,-6
2,5,240,15,-7,-51,0,7.0,3
2,5,310,5,8,5,-1,7.0,0
2,5,240,15,-3,-13,0,7.0,1
2,5,210,26,0,-6,0,6.0,-2
2,5,240,67,57,30,0,8.0,-1
2,5,210,31,61,58,0,8.0,0
2,5,90,15,39,35,0,7.0,4
2,5,190,15,54,36,0,8.0,5
2,5,170,15,64,49,0,8.0,0
2,5,200,26,25,16,0,0.0,0
2,5,210,15,41,32,0,0.0,-5
2,5,70,31,-59,-67,0,0.0,-3
2,5,220,31,1,1,0,8.0,0
2,5,190,21,15,15,-1,8.0,-2
2,5,250,10,-22,-23,0,9.0,-2
2,5,240,41,-6,-6,0,8.0,-2
2,5,220,46,21,17,0,8.0,-1
2,5,990,5,49,49,-1,8.0,1
2,5,50,15,47,47,0,8.0,-1
2,5,70,51,35,35,-1,8.0,-1
2,5,80,36,20,20,0,8.0,-2
2,5,110,21,-5,-9,0,8.0,1
2,5,50,15,-29,-29,0,0.0,2
2,5,100,15,-26,-26,0,9.0,-1
2,5,100,31,-19,-19,0,9.0,0
2,5,240,15,-4,-8,0,8.0,0
2,5,260,21,19,19,0,8.0,5
2,5,280,46,70,70,12,8.0,3
2,5,300,5,32,29,0,6.0,10
2,5,270,72,53,20,0,1.0,-4
2,5,290,31,32,14,0,1.0,-10
2,5,320,67,21,2,-1,6.0,1
2,5,300,21,3,2,6,4.0,1
2,5,20,31,-24,-55,0,0.0,-4
2,5,50,10,-20,-21,0,0.0,-5
2,5,140,10,-23,-31,0,7.0,1
2,5,210,31,19,16,0,8.0,-4
2,5,340,26,25,24,6,8.0,4
2,5,250,41,-24,-29,0,1.0,2
2,5,200,41,46,18,0,8.0,-1
2,5,260,67,42,-4,0,3.0,-5
2,5,120,31,-3,-6,0,3.0,-4
2,5,110,21,42,42,0,7.0,0
2,5,20,5,47,43,0,7.0,0
2,5,270,10,37,34,-1,8.0,2
2,5,150,15,4,1,0,0.0,-1
2,5,260,15,47,47,1,8.0,1
2,5,200,51,21,20,0,6.0,4
2,5,270,51,50,38,1,8.0,0
2,5,320,15,16,6,0,7.0,1
2,5,70,51,-3,-11,0,0.0,-3
2,5,50,62,1,-20,0,8.0,-3
2,5,80,98,-76,-130,0,0.0,0
2,5,90,67,-43,-131,0,0.0,0
2,5,90,26,-22,-81,0,4.0,6
2,5,50,21,-49,-93,0,0.0,-13
2,5,60,26,-77,-102,0,0.0,4
2,5,80,31,-83,-110,0,0.0,8
2,5,50,26,-70,-84,0,0.0,-2
2,5,230,10,-103,-112,0,0.0,8
2,5,60,21,-52,-55,0,8.0,5
2,5,100,26,-20,-20,-1,8.0,0
2,5,70,26,1,1,-1,8.0,0
2,5,360,10,-1,-1,0,8.0,0
2,5,100,26,23,23,0,7.0,1
2,5,200,31,72,53,0,7.0,-4
2,5,160,21,60,60,0,7.0,1
2,5,210,103,93,77,0,8.0,7
2,5,290,10,57,51,0,3.0,-15
2,5,190,26,23,10,0,8.0,3
2,5,220,46,69,66,0,8.0,1
2,5,230,26,51,51,0,7.0,7
2,5,260,51,96,96,2,8.0,3
2,5,260,72,86,57,-1,8.0,0
2,5,230,67,83,80,2,8.0,5
2,5,350,15,-1,-8,0,1.0,-7
2,5,100,26,0,-13,0,8.0,0
2,5,190,51,77,65,-1,8.0,-1
2,5,250,82,93,57,0,7.0,-9
2,5,170,36,65,45,0,8.0,1
2,5,250,82,69,55,3,8.0,-3
2,5,200,77,84,78,14,8.0,4
2,5,220,82,71,46,0,5.0,-1
2,5,250,57,69,28,-1,7.0,0
2,5,250,36,42,30,1,6.0,-1
2,5,220,82,66,43,-1,8.0,1
2,5,260,82,95,57,0,1.0,-5
2,5,200,57,87,73,0,2.0,5
2,5,220,67,27,9,0,0.0,-3
2,5,230,82,30,17,-1,7.0,-7
2,5,160,31,43,37,-1,8.0,-1
2,5,130,15,33,33,-1,8.0,-2
2,5,260,15,2,-2,0,2.0,-3
2,5,250,21,-20,-31,0,1.0,15
2,5,230,82,82,74,0,8.0,1
2,5,70,31,-86,-101,0,0.0,-7
2,5,70,15,-50,-60,0,7.0,10
2,5,330,21,-17,-37,0,8.0,0
2,5,360,15,-19,-26,0,8.0,-1
2,5,990,10,-12,-37,1,8.0,-4
2,5,80,41,-64,-76,0,3.0,1
2,5,90,41,-81,-106,0,6.0,11
2,5,50,26,-68,-108,0,7.0,-3
2,5,70,26,-94,-109,0,8.0,4
2,5,140,41,8,-31,-1,8.0,2
2,5,190,41,26,17,0,6.0,2
2,5,180,62,40,33,-1,8.0,-1
2,5,330,26,13,13,4,8.0,2
2,5,10,46,6,-12,0,8.0,-3
2,5,290,15,-14,-39,0,8.0,-1
2,5,250,46,42,42,-1,8.0,2
2,5,270,93,59,20,0,4.0,-2
2,5,210,87,49,45,4,8.0,0
2,5,210,26,26,23,0,7.0,-1
2,5,30,77,-28,-51,-1,8.0,-2
2,5,10,41,-49,-75,0,8.0,-6
2,5,270,21,-63,-70,0,6.0,14
2,5,130,21,-40,-44,0,3.0,4
2,5,170,46,-10,-27,0,7.0,3
2,5,190,72,70,41,-1,8.0,-1
2,5,180,36,71,46,2,8.0,-9
2,5,0,0,4,4,0,7.0,2
2,5,40,46,27,27,-1,8.0,2
2,5,90,21,6,6,0,9.0,-2
2,5,60,10,11,-20,0,8.0,4
2,5,140,10,-24,-37,0,4.0,-1
2,5,260,20,13,13,-1,8.0,0
2,5,200,70,22,7,0,8.0,1
2,5,30,40,38,35,32,8.0,-4
2,5,210,60,14,11,0,8.0,-2
2,5,190,40,45,1,0,7.0,4
2,5,260,10,30,30,0,5.0,-4
2,5,240,40,76,75,0,8.0,0
2,5,180,40,54,36,0,1.0,3
2,5,280,60,27,-6,0,0.0,-6
2,5,260,80,108,96,1,8.0,-1
2,5,240,100,82,50,-1,8.0,-7
2,5,230,50,16,-2,0,0.0,-3
2,5,300,10,12,8,0,7.0,-5
2,5,180,10,3,-3,0,3.0,2
2,5,180,40,45,14,1,8.0,1
2,5,200,80,84,76,12,8.0,2
2,5,260,40,30,-1,0,0.0,-11
2,5,250,70,62,-1,0,0.0,0
2,5,220,100,89,58,0,7.0,4
2,5,220,40,69,58,0,6.0,6
2,5,160,30,67,52,0,7.0,3
2,5,190,100,116,71,0,7.0,-9
2,5,240,120,130,59,0,7.0,-5
2,5,250,90,83,41,0,5.0,-8
2,5,300,30,52,26,0,7.0,-8
2,5,200,60,65,28,0,6.0,-2
2,5,90,40,-74,-117,0,1.0,-4
2,5,250,20,-108,-117,0,0.0,-6
2,5,240,30,-11,-13,0,4.0,6
2,5,210,30,-47,-47,0,0.0,14
2,5,220,40,12,10,0,7.0,-15
2,5,210,30,31,18,0,7.0,1
2,5,190,50,6,-12,0,7.0,0
2,5,210,40,-8,-8,0,0.0,-15
2,5,210,40,28,2,0,7.0,1
2,5,210,40,13,-6,0,7.0,-9
2,5,220,50,53,41,0,7.0,2
2,5,220,60,73,52,0,5.0,-4
2,5,240,50,110,88,0,7.0,0
2,5,140,10,35,35,0,1.0,-8
2,5,220,50,72,64,0,7.0,1
2,5,220,70,111,70,0,8.0,9
2,5,310,40,62,50,-1,8.0,-3
2,5,210,20,-5,-10,0,1.0,-6
2,5,220,40,23,17,0,2.0,17
2,5,170,30,81,76,0,8.0,1
2,5,190,20,69,44,0,3.0,-1
2,5,180,20,39,39,0,1.0,-22
2,5,230,30,21,21,0,8.0,-7
2,5,250,30,83,80,0,8.0,-2
2,5,990,10,69,69,0,6.0,-8
2,5,210,20,88,75,0,8.0,0
2,5,210,80,75,50,0,8.0,1
2,5,260,110,63,49,8,,-20
2,5,280,30,33,33,-1,8.0,6
2,5,340,30,58,57,0,8.0,-3
2,5,240,40,44,44,0,7.0,-1
2,5,240,60,86,84,-1,8.0,-1
2,5,260,120,71,29,0,8.0,-5
2,5,270,50,17,9,-1,,3
2,5,280,70,21,7,-1,,-3
2,5,240,30,-7,-7,3,4.0,3
2,5,240,10,-26,-26,0,5.0,6
2,5,230,40,-5,-5,-1,7.0,3
2,5,330,20,-25,-29,0,4.0,7
2,5,20,10,-43,-47,0,7.0,6
2,5,70,20,-85,-86,0,,-11
2,5,320,10,-75,-76,0,,-11
2,5,200,40,-6,-6,0,8.0,2
2,5,240,80,30,30,0,8.0,4
2,5,290,50,10,10,2,,2
2,5,180,20,6,6,-1,8.0,2
2,5,220,70,75,75,0,8.0,1
2,5,250,30,72,72,0,,-8
2,5,230,60,47,33,0,,1
2,5,270,80,33,4,0,7.0,-9
2,5,290,70,22,13,0,7.0,-4
2,5,220,30,-22,-22,0,4.0,7
2,5,250,20,-31,-31,0,1.0,2
2,5,220,70,51,35,0,8.0,3
2,5,200,50,41,34,0,,2
2,5,220,70,45,39,0,,-6
2,5,210,60,87,73,0,8.0,0
2,5,220,60,70,64,6,8.0,-1
2,5,260,50,46,32,0,1.0,5
2,5,210,60,67,55,0,8.0,0
2,5,220,60,55,40,0,,0
2,5,230,40,54,29,0,,-9
2,5,270,60,84,70,11,8.0,-9
2,5,240,70,83,50,0,8.0,-6
2,5,280,110,55,5,-1,7.0,-10
2,5,210,100,63,12,0,3.0,3
2,5,230,30,-14,-20,0,0.0,4
2,5,200,50,17,1,0,,4
2,5,230,40,37,23,0,,9
2,5,230,30,-26,-30,0,0.0,1
2,5,260,40,73,66,3,8.0,1
2,5,290,80,41,28,6,8.0,1
2,5,270,40,17,-4,0,2.0,0
2,5,160,60,5,-1,9,8.0,0
2,5,260,40,56,47,0,,2
2,5,290,20,11,-3,0,,10
2,5,200,10,-40,-44,0,3.0,4
2,5,260,20,38,33,0,8.0,-8
2,5,130,10,-17,-19,0,3.0,-18
2,5,220,60,80,78,3,8.0,6
2,5,360,40,34,33,17,8.0,-2
2,5,200,20,-19,-21,0,,4
2,5,170,20,1,-11,0,,5
2,5,200,80,123,68,0,8.0,-4
2,5,190,50,41,28,0,6.0,2
2,5,300,20,-25,-27,0,9.0,2
2,5,200,30,2,2,-1,8.0,-1
2,5,100,30,1,0,9,,0
2,5,230,50,47,40,0,,1
2,5,200,70,81,65,-1,8.0,3
2,5,200,90,103,85,-1,8.0,-2
2,5,190,60,94,79,2,8.0,2
2,5,200,90,110,69,0,6.0,-2
2,5,310,20,33,25,0,7.0,-6
2,5,70,10,-30,-33,0,,-3
2,5,200,60,75,40,0,,3
2,5,200,60,108,83,0,7.0,-4
2,5,20,30,54,40,0,8.0,3
2,5,50,40,16,15,0,8.0,-2
2,5,70,20,-1,-2,0,0.0,-7
2,5,220,10,-13,-17,0,0.0,-3
2,5,10,40,32,19,0,,-2
2,5,330,10,18,3,0,,4
2,5,250,20,18,11,0,,-8
2,5,300,30,35,24,0,,-1
2,5,240,50,45,39,-1,8.0,4
2,5,260,50,38,32,0,4.0,7
2,5,290,30,22,9,3,7.0,-2
2,5,50,60,-15,-25,-1,,-7
2,5,220,40,-28,-51,0,,4
2,5,240,40,7,3,1,8.0,-3
2,5,130,50,-8,-31,0,5.0,1
2,5,80,30,15,-13,1,6.0,-14
2,5,220,60,84,78,1,8.0,-10
2,5,170,50,93,57,0,,1
2,5,190,50,89,34,0,,-15
2,5,230,90,63,36,0,,0
2,5,200,80,106,98,11,,5
2,5,220,70,64,48,4,4.0,-12
2,5,260,30,47,38,0,3.0,-6
2,5,240,60,87,86,0,8.0,6
2,5,230,80,115,101,1,,0
2,5,240,70,68,51,-1,,-1
2,5,220,120,96,85,3,8.0,2
2,5,240,100,121,96,0,6.0,-1
2,5,250,30,79,70,4,8.0,2
2,5,40,60,24,1,0,2.0,-6
2,5,30,30,-23,-45,0,1.0,-1
2,5,20,30,-18,-45,0,,-2
2,5,130,10,-50,-60,0,,20
2,5,230,50,32,15,0,,2
2,5,230,110,44,30,3,,4
2,5,260,90,94,83,7,8.0,0
2,5,350,50,15,-19,0,3.0,-1
2,5,210,130,38,27,1,8.0,6
2,5,260,80,49,7,0,,-5
2,5,300,60,21,8,-1,,-2
2,5,120,10,35,33,3,,2
2,5,210,100,101,100,9,,3
2,5,230,90,51,36,0,4.0,-1
2,5,220,80,39,16,0,6.0,1
2,5,190,30,-52,-69,0,,5
2,5,220,50,10,8,0,,1
2,5,230,70,35,25,1,,2
2,5,230,40,-2,-7,0,,-6
2,5,310,30,18,-5,0,5.0,-11
2,5,360,10,-2,-24,0,,-7
2,5,190,40,17,7,2,8.0,-1
2,5,210,40,50,49,0,,0
2,5,160,30,54,49,0,,0
2,5,120,30,-19,-29,0,,-5
2,5,160,20,-25,-27,0,9.0,7
2,5,70,30,-57,-63,0,3.0,22
2,5,50,20,-63,-72,0,0.0,-12
2,5,80,30,-72,-102,0,0.0,8
2,5,40,40,-24,-46,0,,1
2,5,50,40,-16,-62,0,,-15
2,5,40,30,-59,-81,0,,0
2,5,50,20,-78,-91,0,,-1
2,5,80,40,-62,-85,0,1.0,7
2,5,80,40,-51,-65,0,1.0,9
2,5,80,20,-34,-47,0,6.0,-16
2,5,90,20,-42,-58,0,,15
2,5,120,30,-14,-36,0,,-7
2,5,990,10,-11,-22,0,,-12
2,5,90,40,-17,-42,0,,5
2,5,80,20,-19,-54,0,0.0,-4
2,5,990,10,33,10,0,7.0,-18
2,5,200,20,73,31,0,7.0,-2
2,5,220,70,97,88,14,,6
2,5,250,60,116,83,0,,-3
2,5,210,60,101,78,0,,-2
2,5,230,80,128,81,0,,-8
2,5,240,60,124,103,1,,-2
2,5,210,50,105,88,0,,-1
2,5,250,100,74,49,34,,-1
2,5,250,70,38,8,0,,-8
2,5,280,40,15,1,2,,3
2,5,220,40,-9,-18,0,,2
2,5,310,30,80,75,-1,,-1
2,5,60,10,11,2,0,,-8
2,5,280,20,63,58,0,,0
2,5,240,10,57,47,0,,-2
2,5,290,10,51,46,0,,0
2,5,0,0,-8,-11,0,,-3
2,5,240,30,21,19,0,,-2
2,5,330,30,41,19,0,,3
2,5,30,40,2,-8,0,,2
2,5,50,50,-24,-53,0,,-1
2,5,70,40,-30,-54,0,,-2
2,5,360,50,3,-27,0,,-4
2,5,300,20,-6,-30,0,,1
2,5,210,20,-35,-44,0,,10
2,5,250,40,2,-3,0,,-3
2,5,210,50,-26,-32,0,,8
2,5,190,30,-36,-55,0,,2
2,5,260,10,-101,-113,0,,-6
2,5,350,20,-68,-76,0,,22
2,5,310,30,35,13,0,,5
2,5,290,30,56,54,1,,1
2,5,290,30,55,46,0,,-1
2,5,230,10,50,48,0,,0
2,5,140,20,-7,-29,0,,-7
2,5,120,40,9,-12,0,,2
2,5,80,30,-44,-63,0,,-8
2,5,130,10,-48,-52,0,,-1
2,5,200,20,9,3,0,,4
2,5,220,100,80,56,0,,1
2,5,110,10,57,57,11,,1
2,5,230,90,101,100,3,,2
2,5,280,90,23,11,13,,18
2,5,300,30,25,11,1,,-6
2,5,350,40,10,-9,0,,0
2,5,10,40,-15,-36,0,,-4
2,5,10,10,-10,-47,0,,-1
2,5,220,20,-13,-42,0,,6
2,5,250,20,6,6,0,,14
2,5,260,30,8,5,0,,2
2,5,360,30,2,-1,8,,1
2,5,50,70,-8,-40,0,,0
2,5,20,20,-30,-49,0,,0
2,5,200,30,-3,-5,0,,-1
2,5,360,10,-62,-69,0,,9
2,5,330,10,8,4,0,,1
2,5,40,50,-36,-64,0,,-1
2,5,340,10,-86,-105,0,,-13
2,5,130,30,-40,-44,0,,1
2,5,260,20,-41,-46,0,,3
2,5,190,10,-37,-41,0,,2
2,5,350,10,9,7,0,,-5
2,5,0,0,6,-8,0,,-1
2,5,180,10,11,10,0,,2
2,5,250,50,52,43,-1,,-1
2,5,240,80,57,44,32,,1
2,5,270,60,19,-1,0,,-1
2,5,290,40,19,5,0,,-3
2,5,0,0,2,-1,0,,0
2,5,210,20,-10,-17,0,,5
2,5,150,30,14,-5,0,,0
2,5,180,30,29,25,0,,1
2,5,180,60,59,42,0,,0
2,5,200,30,61,57,3,,0
2,5,190,40,41,26,0,,3
2,5,200,50,38,24,0,,-11
2,5,120,30,30,28,0,,1
2,5,40,60,34,22,3,,0
2,5,30,50,16,8,4,,-1
2,5,70,80,22,-2,0,,-5
2,5,30,20,-4,-46,0,,-1
2,5,80,50,-28,-52,0,,2
2,5,50,60,-19,-56,0,,0
2,5,50,60,-5,-50,0,,0
2,5,280,30,2,-9,0,,1
2,5,210,60,13,7,5,,-5
2,5,290,20,84,81,0,,-4
2,5,240,30,70,70,0,,1
2,5,290,20,22,20,0,,-2
2,5,350,20,52,48,0,,0
2,5,240,10,-6,-6,0,,2
2,5,240,20,-29,-31,0,,2
2,5,230,30,-18,-19,0,,0
2,5,120,40,-29,-31,0,,0
2,5,240,50,36,27,-1,,0
2,5,90,50,14,9,0,,2
2,5,150,50,77,62,0,,0
2,5,160,40,72,65,0,,2
2,5,270,70,74,60,3,,4
2,5,150,40,61,41,0,,-1
2,5,280,30,50,34,0,,-25
2,5,130,40,31,13,0,,5
2,5,110,50,47,5,0,,-3
2,5,280,30,43,42,0,,1
2,5,340,10,39,31,0,,-2
2,5,160,20,45,40,0,,-5
2,5,170,20,60,44,0,,7
2,5,180,20,29,25,0,,4
2,5,150,20,57,45,0,,-3
2,5,140,50,89,69,0,,3
2,5,140,50,80,71,28,,-4
2,5,280,50,69,62,4,,0
2,5,250,30,45,35,2,,-11
2,5,220,80,91,68,0,,0
2,5,230,90,59,26,0,8.0,-2
2,5,260,50,12,9,4,8.0,4
2,5,170,30,3,-21,0,0.0,-1
2,5,150,50,45,-6,-1,7.0,3
2,5,180,60,44,18,0,7.0,4
2,5,230,60,78,64,22,7.0,1
2,5,220,30,-18,-24,0,3.0,14
2,5,170,10,8,-6,0,8.0,8
2,5,120,30,0,-20,0,0.0,5
2,5,110,20,21,-30,0,0.0,-21
2,5,70,20,7,2,0,0.0,-8
2,5,50,10,-9,-18,0,0.0,-3
2,5,80,20,15,12,0,9.0,0
2,5,70,30,8,6,0,8.0,-1
2,5,40,30,18,-9,0,7.0,-6
2,5,80,30,-47,-81,0,0.0,-3
2,5,100,10,-46,-81,0,0.0,-12
2,5,240,10,-74,-84,0,0.0,19
2,5,90,20,15,10,0,8.0,1
2,5,90,10,-6,-13,0,7.0,0
2,5,230,40,38,35,0,8.0,-2
2,5,240,70,88,65,0,8.0,-2
2,5,230,40,59,50,0,7.0,17
2,5,240,30,77,49,0,8.0,-6
2,5,280,20,41,32,0,0.0,-1
2,5,210,80,109,78,0,8.0,4
2,5,220,50,32,18,0,0.0,1
2,5,200,20,-1,-8,0,6.0,0
2,5,230,10,59,53,0,8.0,0
2,5,50,40,-20,-46,0,6.0,-2
2,5,80,60,-8,-36,0,8.0,3
2,5,120,30,31,4,-1,8.0,-1
2,5,210,10,-2,-7,0,8.0,-1
2,5,90,30,-1,-3,0,7.0,5
2,5,90,20,8,3,0,6.0,-11
2,5,340,20,31,29,0,7.0,6
2,5,220,30,-31,-36,0,2.0,10
2,5,180,40,14,-4,-1,8.0,0
2,5,130,40,67,57,1,8.0,0
2,5,280,20,4,-15,0,3.0,-8
2,5,290,20,-17,-25,0,6.0,6
2,5,230,20,-5,-10,-1,8.0,4
2,5,350,20,-24,-36,0,0.0,-3
2,5,210,30,-52,-62,0,6.0,9
2,5,280,30,42,39,1,8.0,1
2,5,300,30,58,53,2,8.0,1
2,5,90,30,-19,-48,0,7.0,-3
2,5,200,10,-22,-37,0,8.0,-3
2,5,270,30,46,36,-1,8.0,0
2,5,290,20,37,34,0,8.0,0
2,5,260,40,56,42,0,8.0,-2
2,5,290,40,56,32,-1,7.0,0
2,5,340,20,41,14,0,8.0,-1
2,5,200,30,31,5,0,8.0,-1
2,5,250,40,62,50,0,8.0,-4
2,5,260,40,63,40,0,8.0,-1
2,5,220,40,75,69,0,8.0,-2
2,5,230,60,2,0,0,8.0,1
2,5,200,60,3,-8,0,7.0,4
2,5,250,40,6,3,0,3.0,-15
2,5,210,50,58,52,-1,8.0,-1
2,5,100,30,18,11,0,2.0,2
2,5,90,20,-17,-17,0,8.0,7
2,5,40,10,7,2,0,8.0,1
2,5,70,60,-11,-14,0,8.0,-3
2,5,40,50,-47,-70,0,8.0,0
2,5,40,20,-72,-81,0,8.0,4
2,5,30,60,-27,-49,-1,8.0,3
2,5,30,40,-53,-65,0,8.0,5
2,5,30,30,-27,-63,0,8.0,-3
2,5,320,10,-31,-42,1,8.0,-1
2,5,360,20,-51,-63,1,8.0,0
2,5,170,30,-34,-45,0,7.0,5
2,5,100,30,-52,-73,0,1.0,-8
2,5,200,30,18,16,0,9.0,0
2,5,180,40,47,30,0,8.0,5
2,5,210,40,-9,-16,0,2.0,0
2,5,140,10,-35,-37,0,6.0,-7
2,5,140,20,22,6,0,8.0,4
2,5,20,40,19,16,-1,8.0,1
2,5,160,10,33,32,0,8.0,11
2,5,210,80,83,71,9,8.0,-1
2,5,170,30,89,70,0,8.0,5
2,5,220,70,46,21,0,5.0,-6
2,5,120,60,67,42,-1,8.0,-8
2,5,210,20,-42,-51,0,8.0,0
2,5,200,40,10,10,0,7.0,0
2,5,240,50,44,41,0,8.0,3
2,5,210,100,58,39,-1,8.0,10
2,5,250,120,111,65,0,8.0,-1
2,5,250,110,108,68,0,8.0,-3
2,5,210,60,80,35,0,8.0,-3
2,5,260,30,45,23,0,0.0,-13
2,5,90,10,-26,-28,0,0.0,1
2,5,200,30,51,29,0,8.0,-2
2,5,260,50,94,71,0,8.0,-2
2,5,90,50,44,40,13,8.0,-2
2,5,220,40,44,42,0,8.0,-2
2,5,140,40,51,35,0,7.0,-9
2,5,110,20,6,5,0,7.0,21
2,5,190,40,54,41,0,3.0,-10
2,5,40,20,4,3,0,0.0,-9
2,5,70,40,4,-19,0,8.0,-1
2,5,80,40,9,-4,0,8.0,0
2,5,80,60,2,-28,0,8.0,0
2,5,80,70,-29,-70,0,8.0,-6
2,5,70,40,-65,-82,0,0.0,2
2,5,150,30,-26,-67,0,8.0,1
2,5,160,40,12,11,4,8.0,3
2,5,120,10,51,51,0,9.0,5
2,5,170,40,63,60,0,8.0,2
2,5,280,50,57,52,5,8.0,-2
2,5,350,20,10,9,-1,8.0,1
2,5,50,50,-80,-112,0,0.0,0
2,5,50,70,-87,-149,0,0.0,-3
2,5,10,10,-112,-138,0,0.0,5
2,5,30,10,-160,-162,0,0.0,-16
2,5,140,30,-96,-120,0,8.0,0
2,5,100,20,-99,-142,0,7.0,-18
2,5,50,30,-132,-161,0,0.0,-4
2,5,50,70,-37,-73,0,8.0,0
2,5,350,10,-95,-101,0,1.0,17
2,5,50,40,-73,-94,0,0.0,2
2,5,60,30,-122,-144,0,0.0,-1
2,5,0,0,-103,-110,0,7.0,22
2,5,240,30,-6,-6,0,9.0,4
2,5,330,30,28,24,-1,7.0,1
2,5,300,60,56,32,-1,8.0,-6
2,5,280,20,24,21,0,8.0,5
2,5,250,40,52,49,2,8.0,2
2,5,210,50,65,62,0,8.0,3
2,5,260,30,19,9,-1,3.0,0
2,5,220,20,-37,-40,0,0.0,3
2,5,220,60,15,-27,0,7.0,5
2,5,220,50,45,16,0,8.0,1
2,5,240,60,64,60,1,8.0,4
2,5,250,60,100,92,0,8.0,-2
2,5,220,30,42,41,0,9.0,2
2,5,270,20,50,32,0,8.0,2
2,5,210,20,5,2,0,1.0,8
2,5,230,40,78,73,0,8.0,0
2,5,270,20,95,92,0,8.0,-3
2,5,240,40,69,58,2,7.0,2
2,5,250,30,33,29,2,8.0,3
2,5,280,30,26,9,0,4.0,-8
2,5,250,50,81,71,0,8.0,1
2,5,210,100,51,30,1,7.0,-16
2,5,80,40,1,0,30,8.0,0
2,5,280,20,6,1,-1,7.0,7
2,5,310,10,5,2,-1,8.0,1
2,5,320,10,-35,-37,0,1.0,13
2,5,170,40,-5,-17,0,8.0,-5
2,5,90,60,-25,-75,0,8.0,3
2,5,40,40,-26,-57,0,7.0,11
2,5,20,20,-9,-22,0,8.0,0
2,5,150,40,-24,-66,0,4.0,0
2,5,200,20,7,7,1,9.0,0
2,5,250,20,35,32,1,8.0,1
2,5,80,30,15,12,0,8.0,-8
2,5,70,10,-19,-20,0,9.0,-14
2,5,270,20,6,-1,0,8.0,-1
2,5,50,40,-15,-27,0,0.0,-4
2,5,40,40,-25,-43,0,8.0,3
2,5,40,40,-27,-52,0,8.0,1
2,5,30,40,-44,-71,0,0.0,1
2,5,10,40,-10,-13,2,8.0,-1
2,5,30,40,8,5,0,8.0,-1
2,5,60,30,17,14,0,8.0,1
2,5,70,60,3,0,0,8.0,1
2,5,70,30,7,-5,0,8.0,0
2,5,170,60,60,27,1,8.0,0
2,5,190,40,31,12,0,0.0,-11
2,5,100,10,-13,-17,0,0.0,13
2,5,160,40,38,9,0,7.0,13
2,5,140,50,49,13,0,8.0,7
2,5,210,70,69,31,0,6.0,-2
2,5,180,80,102,66,-1,7.0,0
2,5,180,80,67,37,1,8.0,3
2,5,200,80,62,15,0,8.0,-2
2,5,140,30,35,12,0,8.0,-8
2,5,230,60,52,38,0,8.0,1
2,5,220,70,29,15,0,0.0,-3
2,5,220,70,58,20,0,6.0,-13
2,5,200,60,20,6,0,0.0,-2
2,5,210,110,108,44,0,1.0,-2
2,5,230,70,62,39,0,8.0,-2
2,5,180,20,38,25,0,8.0,7
2,5,150,20,36,17,0,8.0,1
2,5,230,50,61,54,3,8.0,2
2,5,180,40,64,51,0,8.0,-3
2,5,200,50,74,62,1,7.0,-2
2,5,190,60,42,14,0,5.0,3
2,5,190,40,26,12,0,0.0,-2
2,5,120,40,30,10,0,0.0,1
2,5,160,40,69,32,0,0.0,6
2,5,230,20,42,33,0,4.0,-3
2,5,170,40,25,15,0,0.0,1
2,5,180,30,38,30,0,8.0,-6
2,5,200,40,7,4,0,8.0,3
2,5,250,50,8,2,-1,8.0,0
2,5,220,30,5,2,0,8.0,0
2,5,300,10,-19,-26,0,0.0,6
2,5,0,0,-15,-20,-1,8.0,-1
2,5,40,70,-18,-38,0,7.0,-2
2,5,350,20,-38,-52,0,0.0,1
2,5,330,40,39,3,0,7.0,3
2,5,270,30,41,28,0,8.0,1
2,5,320,20,51,46,-1,8.0,-2
2,5,100,30,48,22,0,8.0,-1
2,5,90,10,-27,-27,0,8.0,4
2,5,150,20,-11,-18,0,0.0,-1
2,5,120,40,42,15,0,8.0,-2
2,5,80,20,10,3,0,7.0,-7
2,5,150,10,-50,-50,0,4.0,19
2,5,240,20,30,27,0,8.0,1
2,5,200,10,-32,-32,0,9.0,-3
2,5,200,40,-4,-8,0,0.0,0
2,5,200,60,41,17,-1,8.0,3
2,5,280,20,27,21,3,7.0,-1
2,5,220,30,-33,-35,0,0.0,-7
2,5,200,80,36,25,-1,8.0,3
2,5,200,90,39,10,-1,8.0,0
2,5,220,40,3,-6,0,0.0,-7
2,5,140,30,36,36,0,9.0,5
2,5,320,40,52,34,0,8.0,-2
2,5,190,30,-8,-18,0,0.0,-1
2,5,260,80,118,103,1,8.0,-3
2,5,250,80,103,50,0,8.0,-1
2,5,240,50,33,16,-1,2.0,-9
2,5,230,50,25,12,0,8.0,5
2,5,180,30,56,44,0,8.0,6
2,5,180,40,91,64,0,8.0,-3
2,5,180,80,112,53,-1,8.0,-15
2,5,200,130,83,62,15,8.0,-3
2,5,210,80,62,35,0,8.0,1
2,5,230,90,32,19,19,8.0,2
2,5,230,40,15,9,0,2.0,-9
2,5,160,20,25,17,0,8.0,6
2,5,70,20,-27,-35,0,2.0,3
2,5,350,20,11,5,3,8.0,-5
2,5,350,50,16,-2,2,8.0,0
2,5,0,0,-52,-60,0,0.0,4
2,5,120,30,-32,-54,0,0.0,-3
2,5,180,30,11,-12,0,8.0,-11
2,5,230,20,7,3,1,8.0,-3
2,5,210,90,54,44,2,8.0,3
2,5,250,80,109,97,-1,8.0,-1
2,5,230,80,94,90,10,8.0,1
2,5,230,30,31,24,0,8.0,-1
2,5,250,20,3,-1,0,8.0,-3
2,5,240,30,-33,-39,0,1.0,12
2,5,210,20,0,-7,0,8.0,-4
2,5,60,30,-7,-26,0,7.0,-5
2,5,20,20,-16,-40,0,7.0,5
2,5,20,30,-4,-15,0,0.0,-6
2,5,140,30,0,-14,0,8.0,-4
2,5,140,30,49,43,0,8.0,2
2,5,200,40,93,80,0,8.0,-4
2,5,190,40,50,36,0,0.0,-3
2,5,250,30,50,40,0,8.0,-3
2,5,350,20,18,15,0,8.0,2
2,5,80,50,30,15,0,8.0,-1
2,5,70,50,15,6,-1,8.0,-1
2,5,50,40,-8,-31,0,8.0,1
2,5,40,30,-21,-45,0,8.0,3
2,5,40,30,-3,-27,-1,8.0,-5
2,5,70,40,11,3,0,8.0,1
2,5,80,50,-9,-22,0,0.0,0
2,5,80,50,-3,-35,0,0.0,-7
2,5,110,10,8,-12,0,0.0,-7
2,5,210,30,40,34,0,4.0,-2
2,5,240,40,58,51,0,8.0,4
2,5,280,10,46,46,0,9.0,-2
2,5,210,40,20,10,0,8.0,5
2,5,220,60,73,67,0,8.0,2
2,5,260,30,78,65,0,7.0,6
2,5,240,90,99,83,1,8.0,-1
2,5,230,90,91,85,2,8.0,-1
2,5,270,40,32,12,0,8.0,-3
2,5,210,30,-6,-16,0,8.0,14
2,5,210,60,71,33,1,8.0,-4
2,5,190,70,105,63,0,8.0,-3
2,5,200,90,55,4,0,8.0,-3
2,5,210,50,12,-5,0,0.0,-5
2,5,240,60,41,29,4,8.0,-3
2,5,210,20,-6,-10,0,8.0,-10
2,5,20,20,-1,-39,0,8.0,-1
2,5,40,30,-8,-19,0,3.0,-2
2,5,40,40,-35,-61,0,0.0,-5
2,5,360,20,-47,-71,0,8.0,-6
2,5,220,10,-72,-80,0,4.0,-7
2,5,180,40,-24,-50,0,8.0,2
2,5,220,30,17,13,0,8.0,0
2,5,200,100,35,25,2,8.0,3
2,5,240,40,7,-12,0,8.0,-16
2,5,190,40,-6,-28,0,0.0,-4
2,5,130,30,-23,-58,0,0.0,3
2,5,150,50,7,2,8,8.0,3
2,5,230,30,-11,-14,0,0.0,-11
2,5,90,20,-12,-23,0,8.0,2
2,5,110,20,-50,-59,0,0.0,22
2,5,180,20,-4,-24,0,8.0,0
2,5,340,10,-39,-42,0,4.0,15
2,5,10,20,-28,-47,0,0.0,-2
2,5,40,30,-28,-58,0,0.0,-5
2,5,40,30,-18,-33,0,8.0,-1
2,5,60,50,-51,-99,0,0.0,4
2,5,70,80,-44,-112,0,0.0,-3
2,5,40,40,-52,-83,0,0.0,-1
2,5,20,20,-72,-97,0,0.0,-4
2,5,60,40,-94,-106,0,6.0,22
2,5,90,40,-6,-9,2,8.0,2
2,5,30,20,11,6,-1,8.0,-1
2,5,320,20,7,3,0,7.0,-4
2,5,200,50,-3,-15,0,8.0,3
2,5,220,50,27,25,0,8.0,-1
2,5,200,40,22,-14,0,8.0,-5
2,5,180,60,78,71,-1,8.0,3
2,5,200,60,59,46,1,8.0,5
2,5,230,90,78,45,0,8.0,-2
2,5,180,60,77,69,20,8.0,4
2,5,250,40,34,23,0,8.0,1
2,5,240,30,-6,-9,0,8.0,6
2,5,210,40,16,7,0,8.0,11
2,5,140,10,5,0,0,8.0,-20
2,5,90,10,8,-17,0,0.0,1
2,5,210,20,24,-8,0,0.0,5
2,5,0,0,6,0,0,8.0,-7
2,5,150,10,29,-5,0,0.0,3
2,5,230,50,59,48,0,8.0,-14
2,5,210,20,27,15,0,8.0,9
2,5,210,30,30,23,0,5.0,-2
2,5,300,10,80,77,0,8.0,-2
2,5,80,30,22,19,0,1.0,6
2,5,90,10,-6,-36,0,0.0,-13
2,5,50,20,30,-35,0,4.0,-15
2,5,0,0,12,-10,0,4.0,-5
2,5,110,10,6,0,0,0.0,-2
2,5,240,20,35,26,0,0.0,-6
2,5,220,70,113,105,11,8.0,-2
2,5,220,60,73,50,0,8.0,-1
2,5,250,70,105,69,0,8.0,-4
2,5,260,50,56,17,-1,7.0,-4
2,5,310,10,33,27,0,7.0,-9
2,5,220,30,-1,-6,0,0.0,3
2,5,110,20,5,-13,0,0.0,-1
2,5,160,30,41,2,0,8.0,6
2,5,200,80,81,60,0,8.0,3
2,5,250,100,99,45,-1,8.0,-10
2,5,250,90,58,-10,0,8.0,-2
2,5,250,50,36,5,-1,7.0,-2
2,5,170,50,35,10,0,8.0,6
2,5,260,40,58,43,3,8.0,-2
2,5,190,60,77,47,0,8.0,-1
2,5,200,120,116,98,6,8.0,4
2,5,220,70,65,21,0,8.0,2
2,5,240,90,55,26,0,1.0,-5
2,5,260,40,42,24,-1,8.0,-1
2,5,200,50,79,60,0,8.0,-1
2,5,220,60,27,11,0,1.0,-3
2,5,210,80,67,24,0,8.0,5
2,5,240,70,84,73,33,8.0,-2
2,5,200,30,40,14,0,8.0,2
2,5,260,60,72,20,0,5.0,-3
2,5,250,50,4,1,10,8.0,0
2,5,200,30,17,9,0,8.0,0
2,5,220,40,0,-8,0,5.0,-4
2,5,200,70,100,71,0,8.0,-6
