MM,HH,DD,FF,T,TD,RH,N,TC
3,20,30,31,44,28,0,5.0,0
3,20,200,41,69,55,0,6.0,-6
3,20,200,31,62,32,0,2.0,-9
3,20,90,31,71,53,0,6.0,2
3,20,80,31,93,87,0,7.0,1
3,20,110,51,128,70,0,5.0,-9
3,20,100,67,122,83,0,7.0,5
3,20,150,26,120,85,0,8.0,-4
3,20,220,31,97,73,0,7.0,5
3,20,230,51,123,66,-1,8.0,-9
3,20,230,10,103,82,0,6.0,-28
3,20,80,26,102,73,0,1.0,3
3,20,110,26,122,56,0,0.0,-13
3,20,230,46,131,103,0,7.0,1
3,20,140,26,100,94,0,8.0,-2
3,20,130,46,127,74,0,5.0,-20
3,20,110,26,80,69,0,3.0,-13
3,20,200,36,89,75,0,7.0,1
3,20,240,93,120,104,0,7.0,0
3,20,210,72,136,125,0,8.0,-2
3,20,230,36,68,67,-1,8.0,-4
3,20,210,21,58,52,0,6.0,0
3,20,40,51,75,39,0,6.0,-2
3,20,30,51,65,50,0,6.0,3
3,20,50,103,49,16,0,8.0,2
3,20,70,46,58,8,0,5.0,-4
3,20,50,36,60,17,0,0.0,-4
3,20,60,31,45,-15,0,3.0,0
3,20,60,26,41,-15,0,0.0,-3
3,20,180,15,54,-13,0,2.0,-12
3,20,250,26,97,62,0,8.0,-4
3,20,190,41,99,8,0,0.0,-4
3,20,230,46,49,5,0,2.0,0
3,20,230,57,82,65,0,8.0,-1
3,20,90,26,88,74,0,0.0,-9
3,20,220,72,124,53,0,8.0,-14
3,20,170,21,52,31,0,1.0,-6
3,20,200,26,81,30,0,7.0,1
3,20,270,15,93,69,0,8.0,-7
3,20,110,21,58,44,0,0.0,3
3,20,240,82,79,62,3,8.0,-1
3,20,200,36,29,22,0,1.0,15
3,20,240,123,85,82,7,8.0,0
3,20,250,51,45,36,-1,8.0,0
3,20,240,72,47,32,-1,7.0,3
3,20,280,26,24,18,0,6.0,-4
3,20,160,21,35,6,0,3.0,7
3,20,310,21,96,74,0,5.0,-3
3,20,230,26,112,61,0,5.0,-22
3,20,210,21,85,51,0,3.0,-15
3,20,250,67,93,93,2,8.0,0
3,20,260,87,84,13,-1,7.0,-6
3,20,280,31,46,42,0,6.0,-7
3,20,300,26,37,37,0,7.0,-6
3,20,10,67,42,29,0,7.0,5
3,20,220,41,35,12,0,7.0,0
3,20,150,5,37,36,2,8.0,1
3,20,320,41,43,27,-1,8.0,-4
3,20,300,57,33,4,-1,7.0,-6
3,20,160,46,54,36,-1,8.0,1
3,20,130,62,87,35,0,4.0,4
3,20,210,10,53,52,4,8.0,-1
3,20,50,67,10,-11,0,7.0,-5
3,20,60,62,16,-22,0,7.0,-7
3,20,40,51,-23,-45,0,0.0,-5
3,20,320,26,2,-15,0,8.0,-2
3,20,240,51,21,17,0,8.0,-4
3,20,320,36,55,52,0,8.0,0
3,20,50,21,49,39,0,6.0,-1
3,20,100,72,30,-21,0,0.0,-6
3,20,160,41,43,1,0,0.0,-17
3,20,240,10,88,54,0,7.0,-8
3,20,140,21,73,43,0,3.0,-5
3,20,140,26,73,39,0,0.0,5
3,20,140,31,76,27,0,1.0,-6
3,20,170,21,103,57,0,7.0,3
3,20,210,26,111,50,0,0.0,-14
3,20,260,72,101,92,-1,8.0,-2
3,20,240,77,109,76,0,7.0,-9
3,20,230,67,98,65,0,8.0,0
3,20,350,21,59,-13,0,0.0,-7
3,20,210,10,79,-6,0,0.0,-4
3,20,220,41,117,70,0,7.0,-26
3,20,220,82,115,92,1,8.0,-1
3,20,260,31,71,-13,0,7.0,-8
3,20,290,26,43,-13,0,1.0,-10
3,20,340,46,40,9,-1,5.0,0
3,20,990,15,43,-32,0,1.0,-14
3,20,80,31,8,-70,0,1.0,-2
3,20,80,41,25,-68,0,0.0,-15
3,20,90,31,32,-76,0,0.0,-2
3,20,130,21,79,-8,0,6.0,12
3,20,120,46,130,61,0,6.0,16
3,20,250,36,59,57,3,7.0,-17
3,20,270,46,54,31,0,2.0,-4
3,20,280,62,70,43,0,5.0,-11
3,20,170,46,64,12,0,6.0,-12
3,20,230,46,113,31,0,8.0,-7
3,20,240,41,69,48,-1,8.0,-7
3,20,240,72,92,87,0,8.0,1
3,20,220,72,116,102,0,7.0,2
3,20,270,41,98,72,0,7.0,-7
3,20,340,21,62,-10,0,2.0,-14
3,20,190,26,73,26,0,7.0,3
3,20,220,62,62,9,0,5.0,0
3,20,270,62,78,8,0,5.0,-3
3,20,230,93,102,70,0,8.0,-3
3,20,270,51,66,60,-1,6.0,1
3,20,270,77,41,14,9,6.0,16
3,20,220,46,21,-17,0,2.0,11
3,20,230,103,79,70,6,8.0,-1
3,20,260,26,41,-10,0,7.0,-2
3,20,290,15,45,-13,0,7.0,-20
3,20,40,41,45,5,0,1.0,-10
3,20,210,67,76,63,2,8.0,4
3,20,220,123,119,106,-1,8.0,4
3,20,210,46,81,47,0,5.0,8
3,20,250,93,102,80,0,7.0,-31
3,20,300,31,37,13,0,4.0,-8
3,20,120,41,47,15,0,6.0,-4
3,20,200,67,113,88,0,8.0,4
3,20,230,51,117,89,0,8.0,-5
3,20,170,51,161,97,0,3.0,-1
3,20,180,87,114,29,0,7.0,3
3,20,230,67,61,21,0,0.0,-5
3,20,190,57,40,5,0,7.0,8
3,20,210,51,12,-21,0,2.0,-4
3,20,160,21,-8,-27,0,0.0,7
3,20,210,77,27,21,-1,8.0,5
3,20,230,87,32,2,0,5.0,-9
3,20,170,82,51,-9,0,6.0,3
3,20,200,41,20,10,0,4.0,7
3,20,170,46,42,4,0,2.0,-12
3,20,110,31,59,-11,0,6.0,-8
3,20,180,31,92,27,0,2.0,-9
3,20,50,31,94,53,0,1.0,-7
3,20,70,31,61,17,0,0.0,-10
3,20,120,31,41,10,0,7.0,1
3,20,180,41,18,12,7,7.0,6
3,20,190,62,48,21,0,6.0,-2
3,20,250,87,67,37,7,7.0,0
3,20,220,51,72,45,1,7.0,4
3,20,320,31,48,1,0,7.0,-14
3,20,300,51,41,-3,0,7.0,-1
3,20,340,36,50,-11,0,7.0,-5
3,20,200,10,45,-7,0,0.0,-6
3,20,180,26,79,11,0,0.0,-25
3,20,210,36,78,52,0,5.0,15
3,20,230,31,58,9,0,6.0,-8
3,20,240,93,82,57,0,7.0,-3
3,20,330,77,19,-62,0,1.0,-8
3,20,200,77,1,1,21,8.0,2
3,20,340,67,30,-21,0,1.0,-4
3,20,190,31,30,-17,0,3.0,-7
3,20,220,46,71,71,2,8.0,-1
3,20,20,57,16,-7,0,2.0,-1
3,20,270,21,18,-25,0,7.0,-4
3,20,360,31,13,-35,0,2.0,-8
3,20,240,31,21,21,0,8.0,2
3,20,310,41,15,2,0,8.0,-1
3,20,290,21,37,26,0,8.0,0
3,20,60,51,28,-8,0,5.0,-2
3,20,90,36,31,-18,0,0.0,2
3,20,100,62,36,-24,0,0.0,-7
3,20,50,46,26,-49,0,0.0,-10
3,20,60,62,-19,-65,0,0.0,-4
3,20,70,62,-21,-73,0,0.0,-5
3,20,100,57,-2,-59,0,3.0,-6
3,20,80,36,33,-41,0,5.0,0
3,20,60,36,41,-18,0,6.0,-9
3,20,240,26,56,16,0,7.0,-3
3,20,250,10,47,29,0,7.0,-1
3,20,990,10,52,37,0,8.0,-1
3,20,50,21,58,31,0,7.0,2
3,20,60,26,87,36,0,6.0,-10
3,20,200,21,79,66,0,7.0,6
3,20,180,10,74,57,0,7.0,8
3,20,210,26,107,96,0,8.0,-2
3,20,40,31,60,50,0,3.0,-7
3,20,90,31,96,51,0,7.0,0
3,20,40,62,20,-5,0,8.0,1
3,20,40,21,21,-96,0,0.0,-5
3,20,270,62,44,-2,-1,8.0,-21
3,20,290,31,20,15,0,7.0,-2
3,20,300,36,17,-32,0,2.0,-9
3,20,240,21,16,8,-1,6.0,-3
3,20,210,60,113,87,0,7.0,-1
3,20,270,50,90,86,13,8.0,0
3,20,990,10,71,50,5,8.0,-3
3,20,200,30,112,92,0,7.0,4
3,20,250,60,76,53,0,6.0,-8
3,20,80,40,79,75,0,8.0,0
3,20,150,20,86,56,0,2.0,-11
3,20,80,20,95,66,0,0.0,-1
3,20,100,30,108,34,0,0.0,-1
3,20,260,20,119,42,0,0.0,-12
3,20,50,30,59,52,0,0.0,-8
3,20,220,40,109,71,0,0.0,10
3,20,250,50,106,76,0,7.0,-8
3,20,260,30,93,81,0,6.0,-1
3,20,240,50,108,101,0,8.0,0
3,20,280,50,100,84,0,8.0,-2
3,20,300,20,103,67,0,6.0,-12
3,20,290,90,71,48,12,7.0,-4
3,20,350,70,49,29,0,7.0,-4
3,20,250,50,62,45,-1,8.0,-5
3,20,300,30,41,2,0,1.0,-9
3,20,110,30,45,-3,0,0.0,0
3,20,250,20,68,65,0,7.0,0
3,20,300,20,74,52,0,7.0,-5
3,20,220,10,70,59,0,7.0,-14
3,20,220,90,126,67,0,8.0,-4
3,20,220,110,121,73,0,6.0,-3
3,20,280,30,53,2,0,1.0,-5
3,20,310,30,72,32,0,7.0,-7
3,20,280,20,93,29,0,6.0,-15
3,20,220,10,106,54,0,0.0,-11
3,20,200,50,22,19,1,8.0,7
3,20,220,50,73,63,5,8.0,3
3,20,220,140,131,108,-1,8.0,-5
3,20,240,40,72,58,0,8.0,0
3,20,230,60,58,23,0,7.0,4
3,20,230,100,97,94,18,8.0,0
3,20,230,90,93,60,0,6.0,1
3,20,20,70,20,-20,0,6.0,-10
3,20,20,20,28,-23,0,0.0,-4
3,20,180,60,55,-45,0,8.0,-3
3,20,230,20,39,30,-1,8.0,-4
3,20,330,20,27,-11,0,2.0,-7
3,20,250,40,49,48,-1,8.0,1
3,20,320,30,68,63,-1,7.0,0
3,20,310,30,90,76,0,8.0,-2
3,20,290,20,89,58,0,8.0,-3
3,20,230,30,93,73,0,8.0,-2
3,20,280,20,72,40,0,6.0,-2
3,20,330,30,58,1,0,3.0,-15
3,20,310,40,71,71,3,8.0,-1
3,20,0,0,50,-8,0,3.0,-6
3,20,340,30,64,41,-1,8.0,-6
3,20,60,50,16,-39,0,0.0,-6
3,20,120,20,44,-45,0,3.0,-26
3,20,170,20,53,-53,0,7.0,-12
3,20,190,70,66,35,1,8.0,2
3,20,210,40,105,96,-1,8.0,2
3,20,130,30,121,89,0,6.0,-3
3,20,120,40,157,89,0,6.0,-1
3,20,250,20,158,123,0,7.0,-8
3,20,80,20,125,96,0,0.0,3
3,20,240,80,105,96,0,8.0,-1
3,20,220,100,122,103,0,7.0,1
3,20,190,60,72,52,0,7.0,0
3,20,170,40,63,39,0,7.0,-7
3,20,230,40,36,33,2,8.0,1
3,20,210,40,30,18,0,6.0,4
3,20,190,60,28,20,3,8.0,0
3,20,150,30,43,22,-1,7.0,-1
3,20,230,20,48,27,0,7.0,-19
3,20,290,20,31,21,0,1.0,-8
3,20,100,50,63,12,0,5.0,-11
3,20,150,30,108,72,0,6.0,-9
3,20,310,20,120,76,0,2.0,-18
3,20,340,20,101,73,0,7.0,-2
3,20,50,30,72,34,0,5.0,-12
3,20,50,20,88,28,0,7.0,-7
3,20,50,20,75,25,0,6.0,1
3,20,320,60,72,70,5,8.0,-9
3,20,300,40,63,23,0,7.0,-5
3,20,240,40,78,30,0,8.0,-2
3,20,230,50,52,43,8,8.0,-3
3,20,290,30,44,8,0,7.0,-2
3,20,230,50,88,86,-1,7.0,2
3,20,80,30,76,56,0,2.0,-6
3,20,200,50,114,83,0,8.0,-3
3,20,250,60,89,77,-1,7.0,-6
3,20,350,40,86,41,0,6.0,-2
3,20,90,20,68,8,0,0.0,-8
3,20,160,20,93,25,0,1.0,-7
3,20,990,10,118,75,0,5.0,-9
3,20,120,40,126,61,0,1.0,-21
3,20,310,40,39,28,6,7.0,-6
3,20,210,110,60,22,1,8.0,2
3,20,210,50,26,21,0,7.0,0
3,20,280,40,2,2,3,6.0,2
3,20,250,40,55,9,0,7.0,-4
3,20,230,70,78,12,0,8.0,-2
3,20,220,70,78,64,8,8.0,4
3,20,240,90,112,98,-1,8.0,-2
3,20,300,50,101,74,2,8.0,-5
3,20,250,90,95,69,0,8.0,-3
3,20,290,30,67,37,0,4.0,-5
3,20,190,20,63,35,0,7.0,-5
3,20,260,40,91,83,0,8.0,-2
3,20,300,40,54,23,0,3.0,-5
3,20,270,50,59,-4,0,8.0,-2
3,20,280,30,79,64,0,8.0,-2
3,20,340,50,73,56,-1,8.0,-1
3,20,310,50,50,28,1,8.0,-7
3,20,40,20,27,13,0,2.0,-1
3,20,100,20,45,14,0,4.0,0
3,20,20,30,70,44,0,2.0,-4
3,20,280,20,114,18,0,2.0,-18
3,20,100,30,118,49,0,7.0,-18
3,20,190,30,87,84,0,7.0,7
3,20,220,50,81,62,2,8.0,-9
3,20,130,20,52,42,1,7.0,-8
3,20,30,60,67,52,-1,8.0,-9
3,20,50,50,28,23,-1,8.0,-3
3,20,30,60,60,49,0,8.0,1
3,20,300,20,57,53,0,8.0,-1
3,20,190,20,56,48,0,8.0,-14
3,20,230,30,22,5,0,7.0,-3
3,20,50,40,8,-7,0,5.0,-4
3,20,60,40,2,-29,0,8.0,0
3,20,330,30,20,16,0,8.0,1
3,20,120,50,17,-24,0,5.0,-12
3,20,100,40,44,4,0,4.0,-3
3,20,180,30,101,87,0,7.0,-10
3,20,230,70,104,74,0,8.0,-5
3,20,210,50,91,77,-1,6.0,4
3,20,230,70,111,97,1,8.0,-1
3,20,190,60,128,117,-1,8.0,3
3,20,170,30,45,16,0,2.0,20
3,20,270,40,49,34,1,6.0,-10
3,20,200,40,55,42,0,7.0,5
3,20,170,20,81,72,3,8.0,0
3,20,60,60,84,68,0,8.0,-4
3,20,90,10,67,59,0,6.0,-8
3,20,190,60,93,76,0,8.0,-7
3,20,330,20,16,-17,0,3.0,-1
3,20,80,50,37,-30,-1,8.0,-2
3,20,230,50,96,86,0,7.0,-5
3,20,220,30,56,44,0,8.0,5
3,20,250,50,104,82,0,7.0,-4
3,20,50,50,78,60,0,8.0,-15
3,20,20,50,24,6,0,8.0,-2
3,20,80,30,19,-5,0,2.0,-7
3,20,110,60,45,12,0,6.0,-7
3,20,200,70,62,37,0,4.0,-1
3,20,180,30,55,41,0,4.0,-11
3,20,210,20,58,43,0,7.0,4
3,20,220,40,117,72,0,6.0,-24
3,20,40,30,28,10,0,3.0,-2
3,20,270,20,25,-55,0,0.0,-11
3,20,240,40,57,18,0,8.0,-9
3,20,90,20,65,38,0,1.0,-10
3,20,270,20,72,30,0,8.0,-2
3,20,230,90,76,70,4,8.0,6
3,20,280,20,81,15,0,5.0,-6
3,20,180,30,70,26,0,6.0,-7
3,20,240,100,80,16,0,7.0,-3
3,20,200,60,79,-3,0,2.0,-2
3,20,200,20,91,21,0,7.0,-8
3,20,20,10,95,86,5,8.0,-4
3,20,50,50,34,25,14,8.0,0
3,20,90,110,22,12,1,8.0,1
3,20,150,50,99,65,0,7.0,-3
3,20,120,30,102,77,0,7.0,7
3,20,210,40,120,80,0,7.0,-9
3,20,220,80,104,70,3,6.0,-3
3,20,210,40,88,47,-1,8.0,-5
3,20,220,40,92,81,7,8.0,-5
3,20,290,40,105,81,0,7.0,-4
3,20,360,60,67,12,0,7.0,-10
3,20,10,30,68,-4,0,7.0,-13
3,20,60,20,33,-22,0,2.0,2
3,20,100,20,47,-22,0,4.0,-6
3,20,50,20,45,-30,0,3.0,-9
3,20,40,30,41,-32,0,0.0,0
3,20,100,20,81,-36,0,0.0,-8
3,20,200,10,101,7,0,0.0,-13
3,20,150,30,98,31,0,8.0,-4
3,20,990,10,106,73,-1,8.0,-5
3,20,140,40,85,76,18,8.0,0
3,20,310,70,67,61,27,8.0,-10
3,20,140,30,44,25,0,4.0,-13
3,20,190,30,88,49,0,8.0,-7
3,20,130,30,98,62,0,8.0,1
3,20,270,20,50,34,0,0.0,-12
3,20,180,60,73,35,0,6.0,0
3,20,220,80,89,45,0,8.0,-4
3,20,200,50,104,36,0,6.0,0
3,20,200,50,102,70,0,8.0,-4
3,20,260,60,101,92,11,8.0,-8
3,20,350,50,62,39,0,8.0,-2
3,20,40,30,49,-11,0,0.0,-16
3,20,60,50,51,0,0,0.0,-6
3,20,70,30,54,11,0,0.0,-6
3,20,90,20,74,5,0,0.0,-19
3,20,50,40,35,7,0,1.0,4
3,20,40,30,66,19,0,0.0,-3
3,20,330,20,63,23,0,0.0,-5
3,20,140,20,46,12,0,0.0,-13
3,20,80,30,49,-6,0,0.0,-4
3,20,100,30,76,-60,0,0.0,-18
3,20,120,20,109,-35,0,0.0,-10
3,20,280,30,155,59,0,5.0,-9
3,20,60,10,102,66,0,7.0,-6
3,20,60,20,117,60,0,1.0,-3
3,20,40,20,117,13,0,0.0,-4
3,20,170,10,158,69,0,4.0,-6
3,20,320,10,139,107,1,8.0,-18
3,20,360,60,104,49,0,1.0,-15
3,20,50,20,83,12,0,0.0,-8
3,20,290,30,13,-44,0,8.0,-1
3,20,270,20,19,-15,0,3.0,-9
3,20,170,20,16,-19,0,4.0,-4
3,20,170,20,62,-12,0,8.0,-1
3,20,110,40,15,6,8,8.0,-2
3,20,260,30,25,15,0,7.0,-4
3,20,240,20,38,26,-1,8.0,0
3,20,330,30,19,-2,0,2.0,0
3,20,50,40,3,-14,0,6.0,4
3,20,40,40,6,0,-1,8.0,-1
3,20,110,40,10,-16,0,7.0,-12
3,20,140,40,50,38,6,8.0,11
3,20,200,40,58,21,0,4.0,0
3,20,200,70,104,37,0,7.0,1
3,20,210,70,113,72,0,5.0,-1
3,20,150,20,116,80,0,7.0,-11
3,20,340,20,143,74,0,6.0,-12
3,20,260,90,126,79,0,8.0,-11
3,20,220,130,112,90,-1,8.0,-6
3,20,230,150,131,99,-1,8.0,2
3,20,230,80,80,34,-1,7.0,-2
3,20,210,10,46,3,0,5.0,8
3,20,30,20,52,16,0,7.0,-10
3,20,350,40,54,20,0,8.0,-3
3,20,50,20,40,-2,0,8.0,-3
3,20,30,20,17,3,0,7.0,6
3,20,140,20,40,-30,0,2.0,-9
3,20,160,10,58,-26,0,0.0,-4
3,20,60,30,75,13,0,0.0,-7
3,20,100,30,107,-2,0,0.0,1
3,20,140,30,133,45,0,8.0,1
3,20,210,60,-15,-96,0,8.0,-1
3,20,150,30,1,-71,0,7.0,5
3,20,20,60,-12,-30,0,8.0,0
3,20,220,60,-21,-35,-1,8.0,-3
3,20,40,30,-12,-20,-1,8.0,3
3,20,290,20,-6,-10,5,8.0,7
3,20,290,40,31,17,-1,8.0,-1
3,20,280,40,39,21,0,8.0,-3
3,20,320,30,39,22,0,8.0,-8
3,20,280,20,35,-7,0,7.0,-8
3,20,240,90,54,28,3,8.0,1
3,20,260,60,26,9,-1,8.0,2
3,20,230,40,42,-9,0,8.0,-4
3,20,230,30,60,2,0,8.0,-3
3,20,230,50,102,39,0,6.0,-16
3,20,200,70,159,73,0,2.0,0
3,20,240,70,116,83,0,8.0,-10
3,20,260,30,126,83,0,8.0,-3
3,20,50,20,106,99,0,8.0,-3
3,20,70,40,92,41,0,8.0,-8
3,20,100,40,111,-5,0,1.0,-11
3,20,210,40,124,111,0,8.0,-8
3,20,90,20,116,68,0,2.0,2
3,20,280,50,113,104,1,8.0,-5
3,20,90,20,109,86,-1,8.0,-1
3,20,50,30,118,86,0,0.0,-11
3,20,120,20,119,111,0,8.0,-2
3,20,340,20,94,81,0,0.0,-1
3,20,110,20,123,92,2,8.0,-4
3,20,0,0,104,99,5,8.0,-2
3,20,80,20,102,72,0,4.0,-2
3,20,220,60,-6,-54,0,5.0,-4
3,20,200,70,-10,-27,0,5.0,2
3,20,330,20,-6,-21,0,8.0,-3
3,20,230,30,1,-20,0,8.0,-3
3,20,260,40,10,-8,-1,8.0,-5
3,20,260,30,5,-9,-1,8.0,-4
3,20,170,40,25,-42,0,8.0,-3
3,20,220,70,89,81,1,8.0,3
3,20,210,70,73,62,12,7.0,4
3,20,240,40,31,21,8,8.0,2
3,20,350,50,-30,-66,0,4.0,-2
3,20,60,20,-31,-70,0,0.0,-5
3,20,90,30,-8,-67,0,0.0,2
3,20,90,40,24,-38,0,8.0,-9
3,20,40,50,12,-27,0,0.0,-10
3,20,40,40,12,-34,0,8.0,-7
3,20,50,50,14,-25,0,8.0,-1
3,20,40,30,6,-14,0,0.0,-8
3,20,50,30,-4,-28,0,0.0,0
3,20,90,20,34,8,0,8.0,-1
3,20,30,60,34,-43,0,8.0,-9
3,20,40,40,13,-54,0,0.0,-10
3,20,100,60,56,-53,0,0.0,-7
3,20,180,30,108,79,0,8.0,-1
3,20,190,50,117,90,0,8.0,-1
3,20,190,50,144,123,-1,8.0,3
3,20,220,60,122,69,0,4.0,-4
3,20,220,80,79,45,0,7.0,-3
3,20,190,40,93,50,0,8.0,1
3,20,210,60,113,106,8,8.0,-5
3,20,230,50,106,81,-1,8.0,-2
3,20,280,50,62,28,-1,8.0,10
3,20,150,30,59,1,0,8.0,4
3,20,210,40,50,31,0,5.0,-12
3,20,130,50,115,30,0,8.0,1
3,20,180,40,74,15,0,1.0,6
3,20,200,120,84,60,2,8.0,-3
3,20,260,20,72,34,0,6.0,-6
3,20,200,20,71,34,0,2.0,-12
3,20,310,30,53,35,0,0.0,-11
3,20,230,30,84,35,0,8.0,1
3,20,80,30,88,46,0,0.0,3
3,20,100,40,108,29,0,0.0,-11
3,20,350,30,92,54,0,4.0,-9
3,20,40,10,73,23,0,0.0,-11
3,20,320,10,91,21,0,0.0,-14
3,20,240,50,89,61,0,7.0,-7
3,20,230,80,109,76,0,8.0,-4
3,20,230,60,35,-14,0,8.0,-2
3,20,280,10,24,5,0,7.0,-6
3,20,340,50,45,17,0,8.0,-4
3,20,360,30,32,2,0,8.0,-8
3,20,330,60,57,9,0,8.0,-1
3,20,60,40,39,6,0,1.0,1
3,20,40,40,84,58,0,8.0,-3
3,20,40,30,60,19,0,3.0,-9
3,20,90,50,128,27,0,0.0,-20
3,20,100,40,99,3,0,0.0,1
3,20,140,10,102,27,0,1.0,-10
3,20,160,20,75,56,0,0.0,-8
3,20,30,30,84,59,0,8.0,-5
3,20,70,50,128,50,0,8.0,-5
3,20,230,70,81,41,0,8.0,-3
3,20,250,50,99,60,-1,7.0,-3
3,20,210,40,33,-12,0,6.0,8
3,20,350,50,7,4,9,8.0,1
3,20,210,30,1,-36,0,0.0,-6
3,20,220,50,70,47,0,8.0,-1
3,20,230,40,71,38,0,8.0,-4
3,20,190,60,69,5,0,7.0,0
3,20,220,60,63,52,2,8.0,-3
3,20,190,120,71,29,-1,8.0,5
3,20,230,90,110,96,6,8.0,2
3,20,240,70,65,10,0,1.0,-7
3,20,220,50,84,51,0,8.0,-5
3,20,330,20,73,0,0,8.0,-22
3,20,110,40,111,72,0,8.0,-8
3,20,340,60,75,73,-1,8.0,-8
3,20,320,40,40,-3,0,8.0,-3
3,20,290,20,31,-3,0,2.0,-4
3,20,300,30,30,-5,0,6.0,-7
3,20,230,110,46,36,8,8.0,-3
3,20,240,30,23,15,0,8.0,-1
3,20,10,70,14,-12,1,8.0,-6
3,20,170,30,9,-51,0,2.0,3
3,20,260,20,-2,-8,-1,2.0,-1
3,20,250,40,0,-38,0,0.0,-1
3,20,80,30,35,33,-1,8.0,0
3,20,240,30,56,53,-1,8.0,-1
3,20,200,120,68,52,16,8.0,5
3,20,170,30,94,25,0,6.0,-4
3,20,180,40,82,77,4,8.0,1
3,20,70,20,90,31,0,0.0,-5
3,20,230,40,96,77,1,7.0,2
3,20,280,10,53,18,0,1.0,-9
3,20,170,60,63,-6,0,7.0,-2
3,20,170,30,54,43,3,8.0,-2
3,20,330,60,43,19,-1,8.0,-4
3,20,290,30,30,-2,0,2.0,-6
3,20,210,70,75,35,0,8.0,-1
3,20,220,80,61,-1,0,7.0,-1
3,20,220,50,49,10,0,7.0,4
3,20,310,40,55,36,0,8.0,-2
3,20,190,20,38,-9,0,1.0,-2
3,20,250,50,82,77,4,8.0,-1
3,20,150,20,86,37,0,8.0,0
3,20,260,20,84,73,0,8.0,0
3,20,330,40,87,42,0,8.0,-3
3,20,160,20,61,32,0,0.0,-14
3,20,40,40,59,22,0,0.0,-23
3,20,80,20,48,-18,0,0.0,-6
3,20,30,40,34,-18,0,0.0,-12
3,20,60,20,34,-40,0,0.0,-4
3,20,300,20,67,-23,0,0.0,-3
3,20,270,30,82,25,0,8.0,-2
3,20,270,40,43,25,0,7.0,-5
3,20,280,20,31,-12,0,0.0,-12
3,20,300,30,55,27,-1,8.0,-3
3,20,220,100,81,66,1,8.0,2
3,20,220,60,57,28,-1,8.0,-5
3,20,230,60,59,38,1,8.0,-2
3,20,300,30,50,11,0,1.0,-11
3,20,350,10,71,-32,0,0.0,-13
3,20,30,40,77,3,0,0.0,-15
3,20,260,10,26,0,0,1.0,-2
3,20,320,20,22,-30,0,0.0,-11
3,20,60,60,26,-25,0,8.0,-4
3,20,350,40,13,-29,0,0.0,-9
3,20,240,70,6,-1,7,8.0,5
3,20,50,50,-24,-70,0,0.0,-7
3,20,50,60,-11,-89,0,0.0,-8
3,20,30,40,-21,-34,0,0.0,-1
3,20,50,50,-12,-85,0,0.0,-2
3,20,20,80,6,-43,0,0.0,-10
3,20,220,10,-16,-36,0,1.0,8
3,20,210,20,28,-7,0,8.0,-4
3,20,300,50,42,5,0,8.0,0
3,20,250,30,45,27,0,8.0,-1
3,20,300,50,60,42,6,8.0,-3
3,20,130,20,41,21,0,1.0,9
3,20,190,30,87,18,0,8.0,-4
3,20,180,40,134,23,0,7.0,-3
3,20,180,40,146,76,-1,4.0,5
3,20,200,80,134,112,2,7.0,1
3,20,240,30,76,67,0,8.0,-1
3,20,200,30,77,37,0,1.0,-8
3,20,110,40,104,69,0,0.0,-1
3,20,140,20,139,63,0,8.0,-2
3,20,160,30,141,77,0,1.0,-20
3,20,200,40,90,49,0,1.0,-5
3,20,230,50,95,56,0,8.0,-2
3,20,230,50,95,72,0,8.0,-4
3,20,130,50,109,83,0,8.0,3
3,20,230,60,51,34,9,8.0,-6
3,20,220,80,43,13,3,4.0,-1
3,20,30,60,29,18,0,1.0,-4
3,20,50,50,20,-29,0,0.0,-4
3,20,50,50,18,-40,0,0.0,-2
3,20,30,30,16,-8,0,0.0,-2
3,20,50,40,35,4,0,8.0,-2
3,20,60,30,8,-43,0,0.0,-3
3,20,80,30,21,-95,0,0.0,-10
3,20,210,60,67,-16,0,0.0,7
3,20,210,40,47,36,9,8.0,4
3,20,230,100,83,47,0,8.0,3
3,20,180,20,66,18,0,1.0,-7
3,20,200,30,113,41,-1,8.0,-11
3,20,180,20,96,80,1,8.0,-1
3,20,60,30,106,84,0,8.0,-4
3,20,80,50,124,61,0,0.0,-16
3,20,50,60,60,35,0,8.0,-2
3,20,280,30,45,42,0,8.0,-1
3,20,110,30,65,57,4,8.0,-1
3,20,30,30,32,-15,0,0.0,3
3,20,0,0,49,-25,0,0.0,-2
3,20,70,10,69,-17,0,0.0,-7
3,20,40,20,94,44,0,0.0,-6
3,20,40,30,91,59,0,0.0,-12
3,20,60,30,108,59,0,8.0,-9
3,20,20,40,113,51,0,7.0,-13
3,20,50,40,61,29,0,5.0,-1
3,20,20,20,97,24,0,0.0,-37
3,20,60,30,68,11,0,0.0,-12
3,20,40,10,96,8,0,0.0,-5
3,20,230,50,111,86,-1,8.0,-1
3,20,230,80,136,109,0,8.0,-1
3,20,60,30,89,85,0,8.0,-4
3,20,100,30,94,80,0,8.0,3
3,20,250,20,98,66,0,8.0,2
3,20,140,40,89,67,1,8.0,-3
3,20,180,60,37,5,0,8.0,1
3,20,200,10,46,18,0,8.0,-5
3,20,220,90,38,28,4,8.0,4
3,20,280,20,43,8,0,0.0,-17
3,20,230,30,90,47,0,8.0,-3
3,20,290,20,84,77,0,6.0,-2
3,20,330,30,87,52,0,1.0,-7
3,20,210,10,97,71,0,8.0,-6
3,20,60,20,73,37,0,8.0,0
3,20,60,30,53,29,0,0.0,-4
3,20,160,40,136,65,0,0.0,-6
3,20,190,40,143,42,0,0.0,-4
3,20,210,50,94,65,-1,8.0,-2
3,20,290,20,64,40,-1,8.0,-11
3,20,330,20,64,4,0,0.0,-15
3,20,250,10,96,30,0,7.0,-18
3,20,50,30,84,40,0,0.0,-4
3,20,50,30,131,78,0,0.0,-19
3,20,40,20,128,70,0,0.0,-4
3,20,30,40,129,78,0,1.0,3
3,20,30,40,111,22,0,0.0,-20
3,20,30,40,118,52,0,8.0,-10
3,20,10,20,126,70,0,0.0,-9
3,20,340,20,124,46,0,0.0,-22
3,20,310,40,89,45,0,8.0,-4
3,20,280,30,73,59,-1,8.0,-1
3,20,340,40,46,-14,0,1.0,-6
3,20,30,40,26,-18,0,8.0,-3
3,20,990,10,14,-27,0,8.0,1
3,20,70,40,35,-5,0,8.0,-3
3,20,100,30,48,-21,0,0.0,-9
3,20,180,30,107,-12,0,0.0,-2
3,20,80,30,91,12,0,7.0,2
3,20,150,30,103,93,11,8.0,-2
3,20,170,30,120,93,1,8.0,-4
3,20,250,40,73,62,0,8.0,-5
3,20,20,60,-9,-32,0,8.0,-2
3,20,50,80,-35,-56,-1,8.0,1
3,20,30,50,-34,-82,0,8.0,-4
3,20,210,30,-39,-71,0,1.0,18
3,20,350,10,-17,-84,0,0.0,-18
3,20,190,60,22,-33,0,7.0,-3
3,20,170,80,58,-66,0,8.0,2
3,20,140,30,55,25,1,8.0,-6
3,20,170,30,55,-14,0,1.0,-7
3,20,150,20,30,14,0,0.0,1
3,20,320,20,2,-8,0,8.0,2
3,20,130,20,-3,-41,0,0.0,-6
3,20,70,90,20,-27,0,8.0,-3
3,20,80,80,13,-51,0,8.0,-6
3,20,80,90,10,-109,0,2.0,-7
3,20,60,50,-2,-73,0,8.0,-3
3,20,60,50,2,-81,0,0.0,-7
3,20,50,30,18,-70,0,8.0,-4
3,20,10,30,19,-26,-1,8.0,-9
3,20,40,10,-6,-52,0,8.0,3
3,20,360,30,0,-32,0,3.0,-6
3,20,50,30,-4,-31,0,8.0,-3
3,20,220,50,52,34,0,8.0,-2
3,20,160,40,44,-15,0,8.0,-1
3,20,150,30,70,13,0,6.0,-20
3,20,240,30,57,33,0,8.0,-15
3,20,150,10,50,11,0,0.0,-4
3,20,140,20,64,15,0,0.0,11
3,20,270,10,101,36,0,8.0,-10
3,20,100,20,104,26,0,0.0,-8
3,20,120,10,135,26,0,0.0,1
3,20,10,40,123,47,0,0.0,-14
3,20,40,40,85,58,0,0.0,-3
3,20,50,30,83,26,0,0.0,-4
3,20,360,30,121,35,0,0.0,-30
3,20,240,30,100,41,0,0.0,-17
3,20,240,40,85,46,0,8.0,0
3,20,250,10,96,51,0,3.0,-31
3,20,280,10,95,50,0,8.0,-3
3,20,240,80,94,55,-1,8.0,-5
3,20,230,70,112,61,0,8.0,-9
3,20,200,80,160,40,0,0.0,-10
3,20,170,20,61,18,0,8.0,-2
3,20,200,40,45,27,0,0.0,-2
3,20,230,40,39,14,0,2.0,-1
3,20,70,10,41,6,0,1.0,-5
3,20,40,30,43,-2,0,6.0,-2
3,20,130,10,54,7,0,8.0,-28
3,20,130,30,99,13,0,8.0,-22
3,20,110,40,118,30,0,1.0,-2
3,20,120,40,131,32,0,0.0,-1
3,20,100,20,152,47,0,6.0,-3
3,20,100,30,166,44,0,6.0,-5
3,20,200,30,73,51,1,8.0,13
3,20,240,40,34,-14,0,1.0,1
3,20,310,40,30,17,4,8.0,-11
3,20,300,50,45,13,-1,8.0,0
3,20,270,10,36,7,0,0.0,8
3,20,190,20,44,15,0,0.0,-10
3,20,190,40,85,9,0,0.0,-2
3,20,260,20,115,25,0,0.0,-20
3,20,160,10,61,58,0,1.0,3
3,20,360,40,64,22,0,0.0,-9
3,20,80,40,37,-4,0,0.0,-1
3,20,50,20,60,7,0,0.0,-12
3,20,60,30,50,-27,0,8.0,1
3,20,50,50,31,18,0,8.0,-1
3,20,70,30,53,24,0,8.0,-4
3,20,100,20,63,26,0,0.0,5
3,20,30,20,119,42,0,8.0,-8
3,20,330,40,68,53,0,8.0,-4
3,20,60,30,61,44,0,8.0,-1
3,20,350,40,39,22,0,8.0,0
3,20,360,50,56,44,3,8.0,2
3,20,40,30,12,-12,0,0.0,-3
3,20,340,10,76,14,0,6.0,-23
3,20,20,30,79,14,0,8.0,-9
3,20,290,30,54,47,1,8.0,-2
3,20,230,50,60,50,1,8.0,4
3,20,270,10,60,-1,0,2.0,-12
3,20,200,60,103,95,1,8.0,5
3,20,280,80,95,60,-1,8.0,-3
3,20,210,60,75,16,0,8.0,-2
3,20,280,60,58,22,0,0.0,-14
3,20,200,80,43,33,1,8.0,5
3,20,210,110,38,9,0,8.0,-5
3,20,250,10,28,1,0,5.0,-14
3,20,190,10,27,22,-1,8.0,-2
3,20,200,20,14,9,0,5.0,-1
3,20,240,20,16,12,-1,8.0,1
3,20,120,10,2,-10,0,0.0,0
3,20,180,40,29,2,0,8.0,-6
3,20,100,50,47,-18,0,8.0,-12
3,20,40,50,38,1,0,8.0,-3
3,20,50,40,56,13,0,8.0,-8
3,20,50,40,19,-9,0,0.0,-10
3,20,50,70,43,9,0,0.0,-15
3,20,50,50,42,-25,0,8.0,-22
3,20,30,40,48,35,0,8.0,-15
3,20,60,50,39,-21,0,0.0,-13
3,20,360,20,63,-5,0,0.0,-22
3,20,220,20,36,26,0,8.0,3
3,20,330,20,52,7,0,8.0,-2
3,20,290,30,69,41,0,8.0,-1
3,20,250,30,74,28,0,8.0,-3
3,20,350,30,76,48,0,8.0,-4
3,20,360,20,79,31,0,8.0,-5
3,20,240,60,79,34,-1,8.0,-8
3,20,280,20,74,44,0,8.0,-7
3,20,170,60,115,54,0,8.0,4
3,20,200,70,97,36,0,6.0,-8
3,20,210,60,81,46,-1,8.0,-5
3,20,170,30,94,23,0,8.0,0
3,20,280,30,83,45,-1,8.0,-12
3,20,50,40,55,35,-1,8.0,0
3,20,190,30,61,52,1,8.0,19
3,20,240,40,64,6,0,8.0,-10
3,20,170,50,117,47,0,8.0,-4
3,20,160,20,77,62,1,8.0,-2
3,20,210,50,55,32,0,8.0,5
3,20,290,30,53,43,0,8.0,-3
3,20,280,20,47,21,0,2.0,-15
3,20,270,30,101,95,2,8.0,-3
3,20,280,20,76,38,0,6.0,-3
3,20,80,30,62,24,0,8.0,-5
3,20,70,30,73,26,0,8.0,1
3,20,110,40,101,5,0,8.0,-11
3,20,330,30,89,63,0,8.0,-14
3,20,250,20,99,71,0,8.0,2
3,20,50,30,81,32,0,1.0,11
3,20,200,20,120,52,0,7.0,-22
3,20,240,70,83,6,0,8.0,-5
3,20,240,50,109,102,-1,8.0,-4
3,20,230,70,110,63,0,8.0,-1
3,20,220,80,105,64,0,8.0,3
3,20,190,20,53,-27,0,8.0,-8
3,20,120,30,71,18,0,8.0,-6
3,20,40,60,99,45,0,2.0,-8
3,20,60,40,90,33,0,2.0,-11
3,20,50,80,98,-28,0,0.0,-5
3,20,50,30,68,28,0,8.0,12
3,20,130,20,135,-17,0,0.0,-17
3,20,240,30,146,66,0,7.0,-5
3,20,220,30,136,85,0,8.0,-9
3,20,150,20,174,69,0,8.0,-25
3,20,210,30,137,86,0,8.0,5
3,20,80,90,-21,-126,0,8.0,-4
3,20,90,50,-31,-44,6,8.0,2
3,20,100,20,4,-15,0,8.0,0
3,20,180,60,82,40,-1,8.0,-13
3,20,100,30,61,18,0,8.0,1
3,20,200,20,57,30,0,3.0,-4
3,20,260,70,44,31,12,8.0,3
3,20,220,60,43,21,0,0.0,-3
3,20,130,30,75,69,26,8.0,4
3,20,190,50,124,101,0,8.0,-1
3,20,160,30,111,77,0,8.0,-8
3,20,210,60,89,71,0,8.0,-1
3,20,220,10,41,38,0,8.0,4
3,20,100,40,70,27,0,8.0,-1
3,20,110,40,66,53,8,8.0,1
3,20,40,50,30,23,0,8.0,-7
3,20,60,70,-25,-66,0,8.0,0
3,20,100,60,-4,-86,0,8.0,-5
3,20,40,60,-8,-91,0,0.0,-9
3,20,360,50,28,-65,0,0.0,-13
3,20,210,20,16,-12,0,8.0,-2
3,20,260,30,59,49,0,8.0,-1
3,20,180,40,51,28,0,8.0,-2
3,20,70,30,61,14,0,0.0,-10
3,20,10,30,92,22,0,8.0,-11
3,20,270,20,57,13,0,1.0,-13
3,20,210,40,66,63,2,8.0,9
3,20,270,70,39,20,0,8.0,-3
3,20,170,30,74,0,0,8.0,-1
3,20,230,30,73,60,1,8.0,-1
3,20,50,10,71,57,8,8.0,-4
3,20,220,20,54,38,0,8.0,1
3,20,230,60,98,76,0,8.0,-4
3,20,210,100,117,79,0,8.0,1
3,20,240,100,57,34,2,8.0,2
3,20,190,40,64,30,0,8.0,4
3,20,190,60,108,80,1,8.0,2
3,20,220,100,75,27,0,0.0,-3
3,20,190,40,76,42,0,8.0,0
3,20,240,30,88,35,0,8.0,3
3,20,250,60,52,12,-1,6.0,2
3,20,260,20,38,8,0,8.0,-19
3,20,220,110,86,37,1,8.0,-39
3,20,250,30,59,36,-1,8.0,-9
3,20,260,30,82,37,0,8.0,-4
3,20,280,60,104,96,63,8.0,-2
3,20,210,80,100,56,0,8.0,1
3,20,220,50,30,2,0,4.0,1
3,20,310,10,43,-24,0,0.0,-8
3,20,200,20,62,21,0,8.0,-3
3,20,170,10,93,59,0,8.0,-6
3,20,50,20,99,58,0,8.0,-9
3,20,280,20,140,32,0,8.0,-27
3,20,350,30,94,80,0,8.0,-2
3,20,310,30,65,5,0,0.0,-12
3,20,350,60,63,19,0,4.0,0
3,20,220,10,68,27,0,8.0,2
3,20,200,10,84,36,0,8.0,-3
3,20,110,20,85,41,0,0.0,-3
3,20,110,30,121,57,0,0.0,-11
3,20,330,20,140,48,0,0.0,-9
3,20,50,70,83,34,0,2.0,-8
3,20,190,40,46,39,4,8.0,0
3,20,290,30,59,55,8,8.0,-1
3,20,190,30,26,7,0,7.0,6
3,20,170,30,56,18,0,8.0,0
3,20,90,40,58,55,13,8.0,0
3,20,300,30,45,38,-1,8.0,4
3,20,220,60,82,24,0,8.0,-2
3,20,200,50,70,63,-1,8.0,-3
3,20,220,60,76,33,0,8.0,-3
3,20,240,90,125,100,0,8.0,0
3,20,220,80,127,110,2,8.0,4
3,20,230,80,66,21,-1,8.0,-11
3,20,320,10,62,38,0,8.0,-11
3,20,180,60,75,37,0,3.0,-7
3,20,150,20,95,42,0,4.0,6
3,20,300,30,107,71,0,8.0,-8
3,20,200,20,89,12,0,8.0,-12
3,20,240,20,112,66,0,8.0,-15
3,20,50,50,118,91,0,8.0,-11
3,20,30,80,45,35,5,8.0,-1
3,20,50,50,42,-18,0,0.0,-1
3,20,90,70,54,-53,0,0.0,-7
3,20,120,40,46,-94,0,0.0,-14
3,20,110,40,47,-92,0,0.0,-4
3,20,70,40,56,-65,0,6.0,-5
3,20,60,40,62,-22,0,1.0,-13
3,20,20,40,105,17,0,0.0,-34
3,20,360,70,69,15,0,1.0,-8
3,20,30,80,34,-68,0,8.0,-12
3,20,310,20,48,13,0,2.0,7
3,20,50,30,31,-47,0,0.0,-14
3,20,60,26,51,39,2,8.0,-5
3,20,180,21,57,43,0,7.0,2
3,20,200,26,55,11,0,5.0,-2
3,20,130,51,78,40,0,7.0,-4
3,20,120,31,104,92,0,7.0,-8
3,20,110,36,110,66,0,5.0,0
3,20,120,41,111,60,0,3.0,-1
3,20,140,31,120,88,0,7.0,-5
3,20,200,10,101,85,0,7.0,0
3,20,200,62,118,71,-1,8.0,-13
3,20,180,21,105,81,-1,7.0,-1
3,20,120,10,84,53,0,3.0,-5
3,20,130,10,91,51,0,0.0,-11
3,20,240,15,119,76,-1,7.0,-10
3,20,120,5,92,84,0,8.0,3
3,20,130,41,135,79,0,1.0,-8
3,20,120,21,74,60,0,2.0,-9
3,20,190,41,100,73,0,8.0,-5
3,20,250,67,120,94,0,8.0,-2
3,20,210,57,131,125,2,8.0,4
3,20,280,26,78,54,0,7.0,-5
3,20,10,15,46,20,0,1.0,-11
3,20,20,36,67,-3,0,7.0,-3
3,20,30,41,67,26,0,6.0,-6
3,20,60,113,68,-16,0,8.0,-2
3,20,70,57,66,-6,0,0.0,1
3,20,50,31,62,-1,0,0.0,-4
3,20,30,15,46,7,0,1.0,-4
3,20,50,26,36,-34,0,0.0,-10
3,20,290,21,59,-6,0,6.0,2
3,20,250,26,95,55,0,6.0,-4
3,20,180,46,105,16,0,1.0,-5
3,20,220,31,53,5,0,4.0,0
3,20,220,26,86,78,-1,8.0,0
3,20,150,15,103,79,0,7.0,0
3,20,210,57,130,25,-1,8.0,-22
3,20,160,10,48,27,0,3.0,-2
3,20,210,26,91,13,0,4.0,-7
3,20,300,26,81,66,0,8.0,-4
3,20,140,5,43,10,0,0.0,7
3,20,220,67,84,44,1,8.0,-37
3,20,220,41,61,12,0,7.0,1
3,20,250,103,95,76,6,8.0,-4
3,20,270,77,54,24,2,8.0,6
3,20,240,46,48,30,0,7.0,8
3,20,300,36,20,-31,0,5.0,4
3,20,190,31,76,15,0,8.0,1
3,20,180,15,89,58,0,6.0,-37
3,20,180,31,85,54,0,6.0,-4
3,20,200,26,83,23,0,7.0,-6
3,20,260,46,104,93,0,8.0,0
3,20,270,77,81,6,0,4.0,0
3,20,300,41,43,22,-1,1.0,-2
3,20,300,31,27,11,0,6.0,3
3,20,10,72,52,22,0,3.0,0
3,20,200,36,42,7,0,7.0,4
3,20,300,5,49,43,1,7.0,-4
3,20,320,51,43,-1,0,7.0,-10
3,20,280,26,28,5,0,7.0,-9
3,20,130,41,54,37,8,8.0,0
3,20,120,46,89,9,0,6.0,-1
3,20,60,31,59,53,-1,8.0,-4
3,20,60,67,20,-18,0,6.0,-4
3,20,70,67,17,-30,0,8.0,-7
3,20,40,31,-24,-54,0,0.0,-1
3,20,290,15,12,-22,0,8.0,-4
3,20,260,36,37,34,-1,8.0,6
3,20,340,36,61,44,0,7.0,0
3,20,990,10,47,29,0,7.0,2
3,20,120,31,30,-31,0,1.0,-12
3,20,120,26,31,-22,0,0.0,-8
3,20,220,15,75,34,0,7.0,3
3,20,190,10,57,39,0,1.0,-10
3,20,160,10,78,23,0,0.0,1
3,20,210,21,107,18,0,1.0,-18
3,20,200,15,119,64,0,6.0,-17
3,20,230,15,94,42,0,0.0,-2
3,20,260,57,93,67,0,8.0,-1
3,20,240,62,104,62,0,3.0,-6
3,20,280,57,91,65,-1,8.0,-4
3,20,270,10,30,-14,0,1.0,-3
3,20,0,0,38,5,0,0.0,-17
3,20,290,5,70,23,0,8.0,-17
3,20,270,46,101,96,11,8.0,-2
3,20,250,36,63,18,0,1.0,-1
3,20,280,31,42,14,0,1.0,-7
3,20,330,51,52,15,0,6.0,-2
3,20,20,26,27,-34,0,0.0,-12
3,20,100,31,20,-56,0,1.0,-6
3,20,100,51,35,-54,0,0.0,-13
3,20,100,41,42,-64,0,1.0,-6
3,20,130,31,98,19,0,7.0,-7
3,20,130,41,148,76,0,7.0,-5
3,20,250,21,56,53,1,8.0,-4
3,20,250,31,39,33,0,0.0,2
3,20,290,57,54,31,0,1.0,4
3,20,170,41,59,20,0,6.0,-5
3,20,250,41,101,89,5,8.0,-4
3,20,220,36,76,46,0,8.0,4
3,20,220,41,104,88,0,8.0,1
3,20,240,62,106,82,0,8.0,-4
3,20,250,46,89,81,2,8.0,-2
3,20,250,5,19,7,0,1.0,-3
3,20,240,15,61,11,0,7.0,-7
3,20,210,31,55,12,0,1.0,4
3,20,280,103,70,9,0,0.0,-4
3,20,250,62,106,77,0,7.0,-4
3,20,280,41,70,63,0,7.0,-1
3,20,250,41,52,31,0,3.0,7
3,20,250,21,39,6,0,1.0,-4
3,20,230,72,84,76,9,8.0,1
3,20,260,21,42,14,0,6.0,-12
3,20,230,15,39,4,0,7.0,-2
3,20,350,21,32,-4,0,2.0,-19
3,20,210,51,78,69,1,8.0,4
3,20,240,103,131,108,0,8.0,-1
3,20,250,36,94,46,0,7.0,-2
3,20,300,57,68,54,11,7.0,-2
3,20,300,21,27,3,0,1.0,0
3,20,130,31,56,2,0,7.0,-3
3,20,210,67,126,91,0,8.0,1
3,20,220,10,102,76,0,7.0,2
3,20,160,46,155,98,0,3.0,1
3,20,190,62,112,37,-1,7.0,-13
3,20,230,51,66,7,0,1.0,-6
3,20,140,51,31,16,0,7.0,6
3,20,230,31,26,-12,0,5.0,2
3,20,190,26,7,3,0,1.0,-5
3,20,200,31,27,26,5,7.0,6
3,20,220,36,23,14,9,7.0,-2
3,20,170,103,59,9,0,4.0,0
3,20,180,41,25,19,0,3.0,8
3,20,150,26,36,13,0,7.0,-5
3,20,120,57,70,-1,0,3.0,-3
3,20,130,10,90,46,0,7.0,-11
3,20,360,31,78,51,0,0.0,-9
3,20,30,31,46,13,0,0.0,-11
3,20,170,31,51,9,0,8.0,0
3,20,200,57,23,14,4,8.0,-2
3,20,190,51,54,24,0,7.0,7
3,20,260,87,72,19,0,1.0,-4
3,20,230,36,67,42,-1,3.0,-2
3,20,250,21,27,-1,0,3.0,4
3,20,290,51,43,23,-1,8.0,7
3,20,350,31,45,-5,0,2.0,-26
3,20,180,10,24,-4,0,0.0,-7
3,20,190,21,72,13,0,0.0,-5
3,20,220,36,91,65,0,3.0,2
3,20,200,26,53,21,0,5.0,-4
3,20,240,67,94,65,1,8.0,-2
3,20,320,57,22,-29,0,3.0,-14
3,20,140,31,3,3,13,8.0,1
3,20,10,77,33,-3,1,2.0,-2
3,20,200,21,41,-5,0,3.0,-8
3,20,260,26,97,91,-1,8.0,-2
3,20,360,41,6,-16,0,1.0,-6
3,20,280,15,19,-10,-1,8.0,-7
3,20,340,21,5,-13,0,5.0,-3
3,20,290,36,39,39,2,8.0,-1
3,20,0,0,19,13,0,8.0,2
3,20,310,31,23,13,0,5.0,8
3,20,80,62,33,-11,0,0.0,-1
3,20,110,51,53,-25,0,0.0,-9
3,20,80,41,28,-27,0,0.0,-7
3,20,40,36,12,-42,0,0.0,1
3,20,80,57,-16,-75,0,0.0,-3
3,20,80,62,-23,-84,0,0.0,-2
3,20,70,51,-21,-65,0,0.0,-3
3,20,80,51,25,-38,0,0.0,-5
3,20,50,36,28,-21,0,3.0,-16
3,20,70,36,67,24,0,8.0,-13
3,20,280,10,54,33,0,8.0,-3
3,20,0,0,49,29,0,8.0,-7
3,20,360,31,47,29,0,8.0,-8
3,20,80,31,86,34,0,7.0,-2
3,20,990,10,64,64,0,7.0,9
3,20,100,10,66,66,-1,8.0,-7
3,20,220,26,94,91,0,8.0,-12
3,20,70,41,65,43,0,8.0,-14
3,20,60,36,86,42,0,6.0,-15
3,20,30,67,33,-11,0,7.0,-9
3,20,30,21,3,-70,0,1.0,-12
3,20,290,26,21,17,-1,6.0,-9
3,20,310,21,9,-1,0,1.0,6
3,20,330,41,18,-27,0,1.0,-7
3,20,360,21,11,-8,0,2.0,-11
3,20,210,60,125,86,0,8.0,-2
3,20,240,30,78,66,0,5.0,0
3,20,130,10,81,24,-1,8.0,-7
3,20,160,20,96,85,0,7.0,3
3,20,230,20,80,63,0,6.0,-9
3,20,110,10,45,35,0,0.0,-9
3,20,150,10,96,58,0,7.0,0
3,20,30,30,71,62,0,0.0,4
3,20,80,20,83,59,0,0.0,-2
3,20,990,10,65,56,0,0.0,-14
3,20,90,30,56,46,0,0.0,-12
3,20,270,30,107,68,0,0.0,-12
3,20,250,50,94,61,0,8.0,-4
3,20,280,30,97,86,0,7.0,-2
3,20,270,40,110,96,0,8.0,-3
3,20,260,30,98,76,0,3.0,-11
3,20,90,10,79,59,0,6.0,-16
3,20,260,20,62,50,0,2.0,5
3,20,340,50,50,20,-1,8.0,-3
3,20,250,20,62,47,-1,8.0,-2
3,20,350,30,44,19,0,3.0,-13
3,20,140,30,45,-1,0,2.0,2
3,20,280,10,70,66,0,8.0,-7
3,20,0,0,57,57,0,7.0,-7
3,20,0,0,51,50,0,6.0,1
3,20,240,50,106,103,7,8.0,2
3,20,230,70,121,82,0,7.0,2
3,20,300,40,53,11,0,1.0,-9
3,20,300,40,73,50,0,7.0,-2
3,20,290,20,66,39,0,1.0,-16
3,20,0,0,70,36,0,0.0,-16
3,20,200,20,21,20,0,4.0,-1
3,20,230,50,77,66,8,8.0,-2
3,20,240,70,129,124,11,8.0,0
3,20,210,20,45,28,0,7.0,9
3,20,220,40,68,23,0,7.0,8
3,20,240,80,104,98,18,8.0,-2
3,20,260,40,83,74,28,8.0,5
3,20,30,60,8,-42,0,1.0,-8
3,20,300,20,21,-10,0,1.0,-33
3,20,190,60,61,-22,0,8.0,-1
3,20,330,20,43,42,2,8.0,2
3,20,300,30,5,-11,0,3.0,11
3,20,290,30,57,56,2,7.0,4
3,20,290,40,73,62,0,7.0,0
3,20,300,40,87,75,0,8.0,-3
3,20,260,20,86,54,0,8.0,-2
3,20,230,20,92,80,0,8.0,0
3,20,310,20,58,38,0,7.0,-7
3,20,290,10,29,1,0,1.0,-3
3,20,330,50,75,71,1,8.0,-1
3,20,360,30,48,9,0,2.0,-13
3,20,330,40,69,52,0,8.0,0
3,20,70,30,15,-41,0,0.0,-8
3,20,110,10,13,-37,0,7.0,8
3,20,140,30,65,-32,0,7.0,-7
3,20,200,60,79,76,5,8.0,1
3,20,200,30,114,108,0,8.0,0
3,20,100,20,126,107,0,7.0,0
3,20,90,10,129,101,0,7.0,15
3,20,300,30,131,113,0,7.0,-2
3,20,10,30,109,90,0,1.0,-12
3,20,260,50,97,97,7,8.0,-3
3,20,210,80,128,109,0,6.0,1
3,20,200,60,78,36,0,5.0,-17
3,20,160,20,36,21,0,5.0,19
3,20,260,30,43,33,0,6.0,0
3,20,220,30,34,21,-1,8.0,0
3,20,180,70,37,26,2,8.0,-3
3,20,120,30,43,34,2,8.0,-2
3,20,240,20,33,29,0,5.0,-15
3,20,360,10,12,1,0,4.0,12
3,20,100,40,59,11,0,7.0,-2
3,20,170,10,108,77,0,6.0,1
3,20,290,10,79,72,0,3.0,-8
3,20,330,20,59,30,0,5.0,-24
3,20,990,10,48,23,0,1.0,-11
3,20,60,20,85,25,0,8.0,-11
3,20,40,20,50,23,0,4.0,2
3,20,330,50,66,45,0,8.0,1
3,20,320,50,66,6,0,7.0,-6
3,20,240,20,66,50,0,8.0,-3
3,20,220,30,52,42,0,7.0,4
3,20,270,40,48,10,0,8.0,-5
3,20,240,20,92,78,0,8.0,0
3,20,990,10,43,32,0,3.0,-7
3,20,200,50,113,74,0,8.0,-1
3,20,230,20,86,77,0,8.0,-2
3,20,10,30,59,25,0,4.0,-6
3,20,170,10,42,9,0,1.0,-10
3,20,160,30,113,23,0,7.0,-1
3,20,200,20,128,99,0,8.0,-3
3,20,80,30,119,66,0,0.0,4
3,20,300,50,35,12,-1,2.0,5
3,20,220,90,64,47,13,8.0,-1
3,20,260,30,47,19,2,7.0,-20
3,20,360,20,0,0,0,4.0,3
3,20,210,20,26,14,0,7.0,-1
3,20,240,60,79,26,0,8.0,-1
3,20,240,50,90,81,13,8.0,-1
3,20,260,70,116,106,7,8.0,4
3,20,290,40,97,69,0,8.0,-2
3,20,250,50,99,82,-1,8.0,-5
3,20,290,30,63,41,0,4.0,4
3,20,200,20,89,43,0,7.0,-4
3,20,260,20,91,82,0,8.0,-2
3,20,320,40,64,24,-1,7.0,-21
3,20,260,40,65,30,-1,8.0,2
3,20,270,20,76,66,-1,8.0,-2
3,20,320,40,79,55,0,8.0,-2
3,20,320,40,53,45,13,8.0,4
3,20,10,20,37,23,0,5.0,-8
3,20,300,20,54,38,0,5.0,-8
3,20,60,30,54,36,0,3.0,-6
3,20,290,10,70,35,0,7.0,-6
3,20,80,30,100,60,0,7.0,-4
3,20,190,20,66,60,0,3.0,2
3,20,0,0,78,67,0,8.0,-16
3,20,80,10,42,38,0,7.0,4
3,20,20,70,57,36,2,8.0,-8
3,20,40,70,39,22,0,8.0,-1
3,20,50,50,71,45,0,8.0,-3
3,20,260,10,63,41,0,8.0,0
3,20,110,10,57,46,-1,8.0,3
3,20,340,20,22,12,0,8.0,-1
3,20,70,50,17,0,0,7.0,-2
3,20,80,50,0,-37,0,8.0,-7
3,20,40,30,26,5,0,8.0,-1
3,20,110,20,-1,-35,0,0.0,-5
3,20,110,50,50,-1,0,4.0,-1
3,20,990,10,57,56,0,4.0,29
3,20,250,70,93,72,0,8.0,-1
3,20,210,30,99,81,0,7.0,-5
3,20,240,40,113,95,0,7.0,-2
3,20,190,70,130,125,11,8.0,3
3,20,180,40,51,19,0,3.0,10
3,20,240,30,35,20,0,1.0,-4
3,20,0,0,19,8,0,1.0,-9
3,20,200,20,85,61,-1,8.0,-4
3,20,50,60,78,43,0,8.0,-3
3,20,30,30,51,45,-1,8.0,-1
3,20,340,40,36,32,8,8.0,-8
3,20,10,20,8,-38,0,4.0,-19
3,20,80,60,40,-35,0,8.0,-1
3,20,250,20,47,46,0,8.0,5
3,20,210,20,51,37,0,8.0,0
3,20,260,30,81,71,-1,8.0,-1
3,20,60,60,46,34,0,8.0,-3
3,20,30,40,30,5,0,8.0,-1
3,20,80,30,31,3,0,8.0,-1
3,20,120,50,45,4,0,7.0,-1
3,20,170,60,72,58,6,6.0,-6
3,20,190,30,52,50,0,3.0,-14
3,20,210,20,40,30,0,1.0,-4
3,20,210,50,120,84,0,7.0,-3
3,20,20,30,8,-20,0,,-6
3,20,260,20,29,-10,0,,-2
3,20,230,20,51,32,0,,2
3,20,990,10,70,42,0,,-8
3,20,230,20,38,19,0,,-2
3,20,240,60,97,80,0,,3
3,20,280,20,62,29,0,,1
3,20,190,40,68,36,0,,10
3,20,280,120,70,13,2,,-5
3,20,200,30,71,19,0,,-6
3,20,180,10,70,23,0,5.0,-9
3,20,50,30,87,80,5,,-2
3,20,50,40,36,15,0,6.0,0
3,20,90,100,32,18,1,,2
3,20,120,40,82,60,0,,-2
3,20,110,30,119,71,0,,-6
3,20,180,30,97,91,0,,-1
3,20,210,60,101,71,0,1.0,2
3,20,220,30,94,60,0,,0
3,20,990,10,96,83,12,8.0,-2
3,20,250,30,99,82,0,6.0,-9
3,20,350,40,53,18,0,,-8
3,20,10,30,49,13,0,,-10
3,20,70,30,26,-11,0,,-5
3,20,990,10,40,-8,0,7.0,-12
3,20,360,20,44,4,0,1.0,-13
3,20,80,30,38,-46,0,,2
3,20,50,30,46,-14,0,0.0,14
3,20,160,10,57,-1,0,,-1
3,20,140,30,99,30,0,,-8
3,20,180,10,90,66,0,,-1
3,20,160,40,94,82,2,8.0,-3
3,20,310,50,59,49,-1,7.0,0
3,20,160,20,51,41,0,1.0,0
3,20,180,40,77,70,3,8.0,4
3,20,130,20,118,83,0,8.0,-2
3,20,190,20,32,26,0,0.0,-3
3,20,180,80,77,46,3,8.0,-21
3,20,220,60,80,63,4,8.0,0
3,20,220,20,89,55,0,1.0,-17
3,20,210,40,103,55,0,8.0,-13
3,20,240,40,91,84,11,6.0,-2
3,20,350,40,65,40,0,8.0,-8
3,20,30,30,31,12,0,1.0,0
3,20,70,40,61,-4,0,1.0,-8
3,20,70,40,59,8,0,1.0,-6
3,20,50,10,39,-7,0,1.0,-13
3,20,30,30,21,1,0,1.0,-2
3,20,10,10,39,10,0,1.0,-2
3,20,350,30,42,22,0,0.0,-9
3,20,360,10,30,11,0,1.0,-18
3,20,70,40,55,-9,0,1.0,-3
3,20,80,20,63,-51,0,1.0,0
3,20,140,10,59,-11,0,1.0,-11
3,20,290,30,111,35,0,7.0,1
3,20,40,10,83,45,0,1.0,-3
3,20,10,30,91,17,0,1.0,-12
3,20,20,20,80,47,0,1.0,-17
3,20,40,30,127,62,0,2.0,13
3,20,290,10,110,76,0,1.0,-22
3,20,350,30,65,42,0,0.0,-2
3,20,40,10,57,17,0,0.0,-17
3,20,290,30,17,-14,0,8.0,4
3,20,250,20,11,-11,0,0.0,-10
3,20,150,10,10,-23,0,6.0,11
3,20,110,30,75,11,0,8.0,-2
3,20,70,30,44,2,-1,8.0,-11
3,20,260,20,26,13,0,7.0,3
3,20,10,30,36,18,0,3.0,-8
3,20,330,30,46,6,0,4.0,-16
3,20,40,60,16,-23,0,0.0,-7
3,20,30,40,14,4,0,7.0,1
3,20,90,20,13,-23,0,2.0,0
3,20,130,40,39,31,6,8.0,5
3,20,190,20,58,38,0,6.0,15
3,20,210,100,110,54,-1,7.0,2
3,20,220,40,130,82,0,8.0,-4
3,20,160,10,98,80,0,1.0,1
3,20,310,20,101,71,0,1.0,-18
3,20,240,40,101,71,0,0.0,-4
3,20,270,60,107,91,3,8.0,-11
3,20,250,100,120,97,2,8.0,1
3,20,220,60,79,48,1,8.0,-16
3,20,260,10,54,32,2,8.0,-4
3,20,360,20,37,20,0,0.0,-19
3,20,360,40,45,19,0,2.0,-10
3,20,10,30,22,-11,0,0.0,-9
3,20,50,30,22,10,0,6.0,-12
3,20,310,10,33,-5,0,5.0,8
3,20,200,10,41,5,0,1.0,-15
3,20,50,20,68,25,0,0.0,-19
3,20,80,50,116,18,0,0.0,-22
3,20,90,50,142,49,0,7.0,-1
3,20,210,60,-3,-53,0,8.0,-7
3,20,120,20,-12,-17,1,8.0,1
3,20,40,70,-25,-51,0,8.0,-10
3,20,180,50,-17,-22,4,8.0,-2
3,20,60,70,-16,-52,0,7.0,-7
3,20,320,50,20,4,-1,8.0,8
3,20,330,50,45,31,-1,8.0,2
3,20,320,50,51,38,1,8.0,4
3,20,340,30,26,6,0,2.0,-6
3,20,250,20,22,1,0,1.0,-9
3,20,310,50,20,14,9,8.0,-3
3,20,290,70,40,17,0,8.0,-2
3,20,230,20,25,-8,0,8.0,4
3,20,210,20,33,-15,0,7.0,2
3,20,220,40,113,58,0,8.0,0
3,20,210,50,171,76,0,6.0,-19
3,20,250,50,111,82,0,0.0,-7
3,20,270,20,114,78,0,8.0,-3
3,20,70,20,107,95,0,8.0,-1
3,20,90,30,80,34,0,6.0,-1
3,20,120,50,127,7,0,1.0,-6
3,20,200,20,105,100,0,8.0,0
3,20,90,10,103,64,0,1.0,10
3,20,270,30,108,98,2,8.0,-1
3,20,300,10,89,82,-1,8.0,0
3,20,30,30,107,86,0,2.0,-11
3,20,0,0,113,105,0,8.0,-5
3,20,250,10,83,72,0,8.0,-5
3,20,70,40,106,92,29,8.0,-3
3,20,120,30,116,108,1,8.0,-3
3,20,60,10,111,70,0,6.0,-6
3,20,240,30,1,-20,-1,3.0,-1
3,20,200,40,-7,-18,0,0.0,6
3,20,290,10,-41,-48,0,3.0,0
3,20,260,10,-7,-36,0,7.0,-1
3,20,310,60,11,2,3,7.0,1
3,20,280,30,21,-1,0,7.0,-12
3,20,160,30,38,-19,0,8.0,-2
3,20,260,30,95,92,6,8.0,-2
3,20,200,40,75,68,1,8.0,7
3,20,190,20,39,34,2,8.0,2
3,20,360,40,-28,-51,0,7.0,2
3,20,100,20,-25,-88,0,0.0,-6
3,20,100,40,0,-58,0,0.0,-6
3,20,100,30,29,-41,0,7.0,-4
3,20,60,40,12,-25,0,0.0,-6
3,20,50,50,16,-35,0,8.0,-3
3,20,60,50,12,-41,0,8.0,-1
3,20,60,50,1,-15,0,1.0,-6
3,20,50,40,46,22,0,8.0,-3
3,20,30,60,26,-3,0,0.0,-4
3,20,20,50,15,-28,0,0.0,-10
3,20,40,30,-1,-40,0,0.0,-8
3,20,90,40,41,-42,0,0.0,5
3,20,120,30,94,78,0,7.0,-1
3,20,200,50,123,88,0,8.0,-4
3,20,190,40,143,134,1,8.0,-1
3,20,240,70,125,69,0,0.0,-8
3,20,240,50,94,26,0,0.0,-8
3,20,170,20,80,67,0,7.0,-3
3,20,220,40,122,104,-1,8.0,-2
3,20,230,20,110,71,0,0.0,-1
3,20,260,60,88,24,0,8.0,-1
3,20,130,30,39,-1,0,8.0,9
3,20,220,20,57,39,0,2.0,-2
3,20,130,50,113,48,0,8.0,-4
3,20,180,50,76,23,0,2.0,0
3,20,190,70,86,75,12,8.0,1
3,20,260,30,72,60,-1,7.0,-3
3,20,230,20,59,38,0,0.0,-14
3,20,290,30,42,22,0,0.0,3
3,20,240,20,64,36,0,0.0,-1
3,20,160,10,80,62,0,0.0,0
3,20,30,10,69,26,0,0.0,3
3,20,360,20,88,40,0,8.0,-11
3,20,300,10,60,32,0,1.0,-25
3,20,250,10,36,14,0,0.0,-6
3,20,210,30,63,51,0,5.0,5
3,20,250,50,115,73,0,7.0,-11
3,20,260,70,24,6,40,7.0,4
3,20,270,20,30,12,0,8.0,-16
3,20,350,60,42,10,0,3.0,-7
3,20,340,20,39,8,0,8.0,-3
3,20,340,60,53,8,0,0.0,-4
3,20,30,30,51,20,0,8.0,3
3,20,60,40,106,60,0,8.0,-12
3,20,20,20,48,7,0,0.0,-16
3,20,90,50,118,25,0,0.0,-7
3,20,80,30,114,18,0,0.0,-45
3,20,110,10,82,29,0,0.0,13
3,20,110,10,71,68,0,1.0,14
3,20,30,30,82,60,0,1.0,-13
3,20,50,50,131,46,0,8.0,-10
3,20,250,60,88,47,0,7.0,-5
3,20,240,30,76,40,0,,6
3,20,230,20,34,-3,0,8.0,3
3,20,360,50,6,0,4,7.0,3
3,20,260,30,30,-3,0,1.0,5
3,20,220,30,79,65,0,8.0,0
3,20,230,20,52,46,0,8.0,-11
3,20,200,60,86,31,0,8.0,1
3,20,210,40,62,56,-1,7.0,-1
3,20,190,140,79,41,-1,8.0,-1
3,20,250,80,117,90,0,7.0,2
3,20,260,60,79,1,0,0.0,-9
3,20,220,30,85,52,-1,8.0,-1
3,20,180,10,49,23,0,8.0,-24
3,20,80,30,101,81,0,1.0,-3
3,20,20,70,67,53,-1,8.0,-1
3,20,290,20,16,0,0,5.0,5
3,20,280,20,29,5,0,3.0,3
3,20,310,30,37,10,0,8.0,-1
3,20,240,70,56,44,29,8.0,6
3,20,260,30,33,24,0,8.0,-13
3,20,30,70,9,-33,0,6.0,-7
3,20,270,20,13,0,1,7.0,-4
3,20,290,30,1,0,1,7.0,4
3,20,250,30,19,-26,-1,7.0,-16
3,20,110,20,39,31,1,8.0,-1
3,20,310,20,59,53,-1,8.0,-4
3,20,200,80,76,65,1,8.0,5
3,20,170,50,98,34,0,4.0,-4
3,20,170,40,90,80,-1,6.0,1
3,20,130,10,65,39,0,0.0,-14
3,20,240,20,102,76,0,8.0,-5
3,20,230,20,32,17,0,0.0,-17
3,20,170,50,72,9,0,6.0,1
3,20,200,30,56,33,0,8.0,-4
3,20,330,60,50,19,0,8.0,1
3,20,300,30,14,-6,0,3.0,2
3,20,210,40,78,56,0,8.0,-1
3,20,260,80,49,35,21,8.0,-8
3,20,260,40,72,17,-1,7.0,0
3,20,320,50,58,36,0,8.0,-3
3,20,210,20,47,7,0,3.0,-7
3,20,270,40,89,83,-1,8.0,-3
3,20,150,10,74,33,0,7.0,8
3,20,250,20,85,70,0,8.0,1
3,20,310,30,62,40,0,4.0,1
3,20,180,10,54,41,0,3.0,9
3,20,30,40,60,34,0,0.0,-12
3,20,0,0,28,-49,0,2.0,10
3,20,30,20,50,3,0,0.0,1
3,20,40,10,23,-31,0,0.0,-9
3,20,290,20,44,-9,0,0.0,-40
3,20,250,30,85,46,0,8.0,0
3,20,290,50,49,12,0,6.0,0
3,20,240,20,33,-1,0,4.0,1
3,20,290,50,61,34,0,7.0,1
3,20,240,60,94,78,2,8.0,-15
3,20,210,50,64,18,0,5.0,-12
3,20,250,30,56,46,1,8.0,-1
3,20,270,20,34,-8,0,5.0,-31
3,20,300,20,51,5,0,0.0,-26
3,20,30,30,74,41,0,0.0,-10
3,20,250,20,15,5,0,0.0,-8
3,20,300,20,-12,-35,0,0.0,-12
3,20,70,30,29,-10,0,8.0,-10
3,20,360,40,9,-41,0,0.0,-12
3,20,270,40,28,22,9,8.0,15
3,20,50,30,-17,-60,0,0.0,1
3,20,50,30,-20,-88,0,0.0,-10
3,20,60,20,-16,-38,0,1.0,-7
3,20,50,30,1,-54,0,0.0,-19
3,20,40,70,-2,-21,0,8.0,-5
3,20,330,30,38,5,0,8.0,-1
3,20,310,10,28,3,0,8.0,3
3,20,260,30,49,13,0,8.0,-1
3,20,290,40,59,39,0,8.0,-2
3,20,290,40,61,53,13,8.0,0
3,20,150,20,38,18,0,2.0,0
3,20,200,30,75,16,0,5.0,7
3,20,180,50,129,16,0,1.0,-17
3,20,170,30,141,96,0,5.0,1
3,20,210,30,128,118,109,8.0,12
3,20,320,20,59,42,0,7.0,-7
3,20,210,30,108,49,0,8.0,-4
3,20,130,20,107,71,0,3.0,-4
3,20,150,20,130,73,0,5.0,-16
3,20,140,10,106,86,0,6.0,28
3,20,190,40,103,56,0,8.0,-7
3,20,260,30,101,41,0,8.0,-3
3,20,210,20,82,58,0,8.0,5
3,20,130,40,119,90,0,8.0,1
3,20,210,30,57,42,8,8.0,-2
3,20,220,60,50,29,1,8.0,-3
3,20,30,50,22,9,0,8.0,1
3,20,50,50,18,-22,0,0.0,-9
3,20,50,50,14,-23,0,0.0,-9
3,20,20,40,1,-22,0,0.0,-5
3,20,30,40,33,5,0,6.0,-23
3,20,20,30,3,-28,0,0.0,-9
3,20,120,20,32,-89,0,0.0,6
3,20,210,30,71,1,0,0.0,-31
3,20,230,20,69,30,0,8.0,-15
3,20,250,70,99,62,0,8.0,-1
3,20,150,10,49,10,0,8.0,9
3,20,160,20,103,50,0,7.0,16
3,20,160,30,102,86,-1,8.0,-4
3,20,60,30,112,93,0,8.0,-2
3,20,70,50,121,82,0,0.0,-6
3,20,60,50,64,36,0,8.0,-8
3,20,290,60,50,39,0,8.0,-1
3,20,40,60,57,51,7,8.0,-2
3,20,320,10,10,-29,0,0.0,-2
3,20,30,10,28,-25,0,0.0,-16
3,20,300,10,51,0,0,0.0,-17
3,20,350,30,99,61,0,0.0,-17
3,20,30,20,89,60,0,0.0,-12
3,20,70,10,102,67,0,3.0,-12
3,20,10,30,98,62,0,7.0,-17
3,20,50,30,60,25,0,7.0,-9
3,20,10,40,70,16,0,4.0,-14
3,20,10,10,58,10,0,0.0,-23
3,20,0,0,64,8,0,0.0,-9
3,20,200,30,101,94,1,8.0,1
3,20,240,50,127,104,0,7.0,2
3,20,20,30,76,73,0,8.0,0
3,20,110,20,94,73,0,8.0,-6
3,20,220,20,100,66,0,8.0,-6
3,20,130,30,87,83,1,8.0,0
3,20,130,40,28,21,-1,8.0,0
3,20,210,10,18,6,0,7.0,-4
3,20,290,50,62,55,2,8.0,-1
3,20,250,30,42,28,0,0.0,-8
3,20,230,20,88,53,0,8.0,-3
3,20,260,20,84,79,0,8.0,1
3,20,300,30,69,50,0,8.0,-13
3,20,360,30,89,71,0,8.0,-11
3,20,20,20,80,55,0,8.0,-3
3,20,50,10,36,24,0,0.0,-6
3,20,160,20,95,40,0,0.0,-16
3,20,310,20,86,73,0,0.0,-27
3,20,200,30,91,71,0,8.0,-3
3,20,10,30,69,47,0,8.0,-7
3,20,250,10,18,-11,0,0.0,-3
3,20,310,10,72,29,0,3.0,-17
3,20,50,10,86,40,0,0.0,-7
3,20,60,40,136,82,0,0.0,-14
3,20,10,20,118,86,0,0.0,-28
3,20,10,30,110,80,0,5.0,-17
3,20,30,30,92,66,0,0.0,-4
3,20,20,40,103,58,0,5.0,-17
3,20,360,20,103,64,0,0.0,-7
3,20,290,20,91,0,0,0.0,-12
3,20,310,40,87,52,0,7.0,-1
3,20,310,40,79,60,0,8.0,0
3,20,360,30,43,0,0,3.0,-6
3,20,20,50,27,-16,0,8.0,-2
3,20,350,30,30,-16,0,8.0,-5
3,20,110,30,41,-8,0,8.0,-8
3,20,130,40,70,-19,0,0.0,-11
3,20,130,30,97,6,0,0.0,-10
3,20,50,20,88,9,0,7.0,-5
3,20,80,30,100,65,-1,8.0,-3
3,20,90,30,104,82,-1,8.0,-7
3,20,270,50,43,21,0,8.0,-4
3,20,40,60,-4,-40,0,8.0,-2
3,20,50,60,-27,-48,2,8.0,0
3,20,20,20,-44,-102,0,0.0,-12
3,20,250,10,-28,-31,0,1.0,-11
3,20,0,0,-33,-81,0,0.0,-10
3,20,180,60,33,-20,-1,8.0,0
3,20,140,50,43,-47,0,8.0,1
3,20,130,40,53,38,7,8.0,-5
3,20,30,20,34,14,0,1.0,-20
3,20,80,10,28,19,0,8.0,-6
3,20,350,20,10,-17,0,8.0,-2
3,20,90,10,-16,-39,0,0.0,15
3,20,80,90,13,-49,0,7.0,-1
3,20,80,80,-2,-89,0,8.0,-4
3,20,80,90,6,-136,0,8.0,-4
3,20,80,90,9,-102,0,8.0,-1
3,20,80,60,12,-99,0,0.0,-7
3,20,60,30,11,-88,0,0.0,-3
3,20,20,50,1,-46,-1,8.0,-8
3,20,0,0,-13,-53,0,8.0,-4
3,20,20,30,13,-27,0,,-10
3,20,60,30,14,-42,0,8.0,-4
3,20,220,20,58,41,0,8.0,0
3,20,160,60,57,2,0,8.0,-3
3,20,120,20,48,14,0,0.0,0
3,20,190,10,27,17,0,7.0,16
3,20,0,0,37,18,0,0.0,-20
3,20,200,20,60,5,0,0.0,-11
3,20,280,20,99,75,0,8.0,-3
3,20,140,40,118,52,0,0.0,-11
3,20,160,10,79,28,0,0.0,-9
3,20,10,60,84,79,0,8.0,1
3,20,40,30,81,55,0,0.0,-4
3,20,30,10,77,59,0,0.0,-19
3,20,20,20,96,66,0,0.0,-25
3,20,240,30,82,49,0,3.0,1
3,20,240,30,96,51,0,8.0,3
3,20,210,20,82,56,0,0.0,3
3,20,210,20,80,38,0,8.0,-28
3,20,250,60,89,80,25,8.0,7
3,20,240,30,114,49,0,3.0,-4
3,20,200,40,144,54,0,1.0,-25
3,20,190,30,52,14,0,0.0,-10
3,20,220,10,47,16,0,5.0,-23
3,20,270,10,29,5,0,4.0,1
3,20,20,10,35,-4,0,0.0,-17
3,20,20,20,50,-15,0,0.0,-16
3,20,40,10,32,13,0,4.0,-4
3,20,80,40,103,24,0,1.0,-5
3,20,90,80,137,31,0,7.0,-14
3,20,90,20,131,30,0,0.0,-6
3,20,60,10,138,63,0,6.0,2
3,20,100,30,157,70,0,6.0,2
3,20,210,40,83,28,0,8.0,-5
3,20,250,30,39,-10,0,1.0,-3
3,20,240,20,40,13,0,6.0,1
3,20,300,70,46,20,-1,7.0,3
3,20,240,20,36,7,0,2.0,-23
3,20,190,40,41,22,0,1.0,13
3,20,200,40,79,7,0,0.0,6
3,20,270,40,88,64,0,7.0,-3
3,20,180,30,87,60,0,8.0,-4
3,20,350,30,55,28,0,0.0,-12
3,20,0,0,20,-19,0,0.0,-4
3,20,90,30,58,10,0,0.0,1
3,20,70,60,59,-21,0,8.0,-4
3,20,60,40,43,29,-1,8.0,1
3,20,70,50,62,26,0,8.0,-1
3,20,90,10,49,23,0,0.0,-17
3,20,50,10,78,43,0,0.0,-10
3,20,350,40,61,52,0,8.0,-2
3,20,210,10,49,40,0,8.0,-19
3,20,220,30,38,34,0,8.0,3
3,20,20,70,67,36,0,8.0,-4
3,20,20,10,3,-16,0,0.0,-6
3,20,290,10,27,5,0,0.0,-9
3,20,330,20,79,58,-1,8.0,-10
3,20,300,40,56,38,0,8.0,-1
3,20,240,20,65,61,1,7.0,-1
3,20,190,10,22,11,0,0.0,-13
3,20,230,60,121,96,-1,8.0,-7
3,20,280,60,82,55,-1,5.0,-1
3,20,240,50,77,-2,-1,8.0,-10
3,20,290,70,55,14,-1,6.0,6
3,20,210,60,66,60,2,8.0,5
3,20,250,40,35,25,5,8.0,-2
3,20,210,20,6,-16,0,0.0,1
3,20,200,10,-5,-6,0,0.0,-14
3,20,170,20,16,-4,0,8.0,7
3,20,270,20,26,15,-1,8.0,2
3,20,0,0,-9,-13,0,0.0,-5
3,20,160,40,39,16,0,8.0,-6
3,20,100,30,42,-11,0,8.0,-4
3,20,50,30,49,10,0,7.0,-6
3,20,50,40,42,20,0,0.0,-11
3,20,90,40,33,-4,0,0.0,-15
3,20,70,50,44,0,0,0.0,-14
3,20,30,30,40,-13,0,8.0,-7
3,20,50,40,62,42,0,8.0,-4
3,20,60,40,45,-19,0,0.0,-3
3,20,10,30,40,8,0,0.0,-3
3,20,20,20,56,46,0,8.0,2
3,20,20,50,61,16,0,8.0,-1
3,20,330,40,75,61,0,8.0,-3
3,20,310,40,65,35,0,8.0,-2
3,20,330,20,78,54,0,8.0,-3
3,20,330,30,81,55,0,8.0,-3
3,20,210,20,71,58,1,8.0,2
3,20,260,30,53,41,0,0.0,-11
3,20,160,50,123,65,0,8.0,4
3,20,190,70,78,47,0,1.0,2
3,20,230,50,90,31,0,8.0,-3
3,20,160,10,71,25,0,8.0,8
3,20,0,0,64,59,0,8.0,-1
3,20,20,40,79,45,0,8.0,-3
3,20,150,30,60,54,2,8.0,-1
3,20,220,40,68,16,0,7.0,-9
3,20,150,30,88,42,0,8.0,12
3,20,260,20,76,72,27,8.0,-9
3,20,200,50,56,43,0,7.0,1
3,20,290,30,59,52,0,8.0,-8
3,20,250,20,47,32,0,3.0,-25
3,20,250,20,83,76,0,8.0,-10
3,20,320,40,70,32,0,0.0,-9
3,20,130,20,63,15,0,8.0,-17
3,20,90,20,79,30,0,8.0,-17
3,20,50,10,61,11,0,5.0,-7
3,20,290,20,50,32,0,8.0,-25
3,20,240,10,87,75,0,8.0,4
3,20,290,10,69,32,0,1.0,-17
3,20,230,10,98,62,0,8.0,-18
3,20,240,50,88,0,0,8.0,-12
3,20,270,30,101,97,4,8.0,-3
3,20,240,60,116,81,0,8.0,-3
3,20,220,60,100,88,1,8.0,-3
3,20,170,20,38,-7,0,8.0,-11
3,20,110,30,75,25,0,8.0,-10
3,20,50,60,98,39,0,4.0,-12
3,20,50,50,92,24,0,1.0,-2
3,20,50,50,97,-16,0,1.0,-15
3,20,40,40,79,45,0,8.0,-17
3,20,40,10,95,6,0,0.0,-31
3,20,230,20,114,93,-1,3.0,-1
3,20,250,30,145,80,-1,8.0,-15
3,20,120,20,156,86,0,8.0,-4
3,20,340,20,132,104,-1,8.0,-6
3,20,80,100,-26,-134,0,8.0,-3
3,20,100,50,-24,-48,1,8.0,-3
3,20,100,40,-17,-55,0,5.0,8
3,20,130,40,63,54,14,8.0,4
3,20,110,30,69,35,0,8.0,-7
3,20,110,20,22,18,0,2.0,6
3,20,260,50,48,38,2,8.0,1
3,20,230,30,58,14,0,0.0,-5
3,20,120,30,75,67,11,8.0,-1
3,20,190,40,118,111,-1,8.0,-15
3,20,140,30,105,79,0,1.0,-4
3,20,190,50,93,78,-1,8.0,-4
3,20,250,20,53,38,0,8.0,-2
3,20,100,50,76,20,0,8.0,-9
3,20,110,50,71,57,9,8.0,-1
3,20,60,60,18,7,-1,8.0,-5
3,20,80,110,-20,-84,0,8.0,0
3,20,70,70,-10,-105,0,8.0,-2
3,20,30,40,-16,-115,0,0.0,-10
3,20,340,30,20,-41,0,1.0,-5
3,20,220,20,7,-13,0,8.0,10
3,20,240,20,65,54,0,8.0,-4
3,20,170,40,65,35,0,8.0,-2
3,20,360,40,61,25,0,0.0,-18
3,20,350,40,80,36,0,8.0,-8
3,20,250,20,35,20,0,0.0,1
3,20,140,20,66,63,0,8.0,3
3,20,280,50,44,30,-1,8.0,-2
3,20,120,30,78,15,0,8.0,3
3,20,150,30,73,64,23,8.0,-3
3,20,40,30,64,49,45,8.0,-7
3,20,250,20,52,34,0,8.0,-6
3,20,220,60,99,66,0,7.0,-2
3,20,200,90,126,84,-1,8.0,2
3,20,240,60,72,37,-1,8.0,4
3,20,170,40,65,37,0,8.0,7
3,20,180,70,113,87,0,8.0,-5
3,20,220,80,90,35,0,8.0,-10
3,20,210,40,87,30,0,8.0,-15
3,20,260,40,92,19,0,8.0,1
3,20,230,30,32,8,-1,0.0,14
3,20,250,20,43,8,0,0.0,-26
3,20,270,70,47,34,19,8.0,1
3,20,270,60,67,31,-1,4.0,-8
3,20,280,60,86,41,0,7.0,0
3,20,280,60,101,91,-1,8.0,-1
3,20,220,50,117,69,0,8.0,-2
3,20,210,30,39,12,0,3.0,-2
3,20,270,20,18,-19,0,0.0,-25
3,20,200,20,64,33,0,8.0,-19
3,20,320,10,102,90,0,8.0,-4
3,20,360,20,77,64,0,1.0,-14
3,20,280,40,81,71,0,8.0,-11
3,20,10,50,73,29,0,8.0,-19
3,20,260,20,56,16,0,1.0,-9
3,20,340,50,72,37,0,6.0,2
3,20,300,40,75,44,0,8.0,-5
3,20,320,30,99,31,0,8.0,-12
3,20,0,0,66,64,0,0.0,-15
3,20,50,10,91,60,0,0.0,-6
3,20,30,10,104,67,0,6.0,-12
3,20,50,50,79,12,0,0.0,-7
3,20,220,20,65,23,0,8.0,-7
3,20,300,60,60,46,1,8.0,-8
3,20,210,20,46,26,0,7.0,-15
3,20,140,30,51,36,0,8.0,4
3,20,50,50,61,56,30,8.0,-3
3,20,300,40,64,42,-1,8.0,-1
3,20,200,50,90,43,0,8.0,0
3,20,210,30,83,70,-1,8.0,-1
3,20,210,40,82,40,0,8.0,-2
3,20,240,60,130,104,-1,8.0,0
3,20,210,50,120,101,-1,8.0,-2
3,20,250,60,75,21,0,7.0,-6
3,20,190,20,59,41,0,8.0,-11
3,20,180,60,85,51,-1,8.0,-2
3,20,180,20,99,65,0,7.0,-16
3,20,220,10,73,40,0,7.0,-1
3,20,200,30,89,16,0,5.0,-13
3,20,210,10,118,75,0,8.0,-5
3,20,40,40,92,74,0,8.0,-3
3,20,60,50,55,35,3,8.0,1
3,20,70,70,52,-31,0,0.0,-7
3,20,80,60,53,-43,0,0.0,-6
3,20,100,50,58,-93,0,0.0,-2
3,20,120,40,65,-85,0,1.0,-12
3,20,40,40,50,-60,0,4.0,20
3,20,50,40,64,-34,0,0.0,-11
3,20,10,30,92,18,0,0.0,-8
3,20,360,70,61,21,0,1.0,-6
3,20,20,60,17,-79,0,0.0,-8
3,20,340,30,53,27,0,7.0,-8
3,20,20,20,25,-21,0,0.0,-6
3,20,40,15,48,35,2,8.0,-8
3,20,170,15,58,49,0,8.0,2
3,20,190,5,36,16,0,2.0,9
3,20,120,51,74,45,0,6.0,-2
3,20,110,31,91,80,0,5.0,1
3,20,110,36,112,73,0,1.0,-4
3,20,110,31,110,71,0,2.0,0
3,20,160,10,115,89,0,7.0,-3
3,20,170,26,92,81,0,7.0,4
3,20,220,62,125,65,0,8.0,-24
3,20,180,10,75,66,0,2.0,2
3,20,100,10,104,62,0,0.0,-3
3,20,130,5,93,59,0,0.0,-9
3,20,0,0,117,87,0,7.0,-10
3,20,160,21,100,91,0,8.0,-7
3,20,120,36,133,90,0,0.0,-7
3,20,120,15,68,57,0,0.0,3
3,20,190,36,90,81,0,7.0,-4
3,20,240,62,122,101,-1,7.0,-1
3,20,210,51,127,122,0,6.0,3
3,20,290,5,80,61,0,7.0,-8
3,20,330,10,44,14,0,2.0,-17
3,20,10,46,70,11,0,7.0,-9
3,20,20,26,61,38,0,4.0,-5
3,20,60,113,64,3,0,8.0,-2
3,20,60,51,70,5,0,1.0,-4
3,20,30,31,67,4,0,1.0,-15
3,20,70,5,63,-23,0,2.0,-9
3,20,50,31,58,-23,0,0.0,-9
3,20,310,5,51,10,0,4.0,-11
3,20,260,10,95,73,0,7.0,-6
3,20,180,46,101,27,0,1.0,-10
3,20,210,36,39,6,0,4.0,7
3,20,230,46,83,80,-1,8.0,1
3,20,110,5,109,87,0,7.0,-10
3,20,210,72,131,48,-1,8.0,-16
3,20,130,21,50,40,0,2.0,-10
3,20,160,21,94,36,0,7.0,-23
3,20,220,5,77,73,0,8.0,2
3,20,0,0,40,34,0,0.0,0
3,20,210,82,84,55,1,8.0,-34
3,20,210,36,46,18,0,5.0,7
3,20,240,98,91,80,5,8.0,-3
3,20,260,72,49,28,1,8.0,3
3,20,250,31,39,32,10,7.0,12
3,20,300,26,36,-8,0,7.0,-9
3,20,170,31,63,29,0,7.0,-1
3,20,40,5,74,65,0,3.0,-17
3,20,190,15,65,53,0,4.0,13
3,20,190,15,83,49,0,7.0,-11
3,20,240,51,104,99,0,8.0,-1
3,20,260,82,79,15,0,3.0,0
3,20,250,31,41,29,0,2.0,-4
3,20,310,15,38,22,0,5.0,-17
3,20,360,57,50,33,0,7.0,3
3,20,200,31,37,14,0,7.0,2
3,20,990,5,45,41,0,8.0,1
3,20,310,46,36,8,0,3.0,2
3,20,280,31,28,4,0,6.0,3
3,20,100,36,53,38,2,8.0,1
3,20,100,46,91,20,0,2.0,-5
3,20,30,15,53,50,8,8.0,0
3,20,60,62,19,-7,0,6.0,-2
3,20,70,72,16,-16,0,4.0,-3
3,20,40,31,-22,-53,0,0.0,-4
3,20,310,15,8,-16,0,8.0,1
3,20,260,46,31,28,2,8.0,3
3,20,310,41,62,48,0,8.0,-2
3,20,10,15,33,21,0,4.0,-1
3,20,110,21,35,-27,0,2.0,-2
3,20,130,36,41,-19,0,0.0,-18
3,20,230,5,71,32,0,7.0,-4
3,20,150,21,63,41,0,1.0,1
3,20,160,21,78,29,0,0.0,-6
3,20,150,21,102,23,0,1.0,-26
3,20,0,0,110,62,0,7.0,-13
3,20,230,26,93,41,0,1.0,-12
3,20,260,62,100,73,0,8.0,-1
3,20,240,67,108,64,0,3.0,-9
3,20,290,67,109,70,0,8.0,-19
3,20,300,21,49,-9,0,0.0,-33
3,20,0,0,48,8,0,1.0,-20
3,20,330,10,75,36,0,4.0,-10
3,20,230,62,111,106,0,7.0,-9
3,20,240,36,42,4,0,1.0,-5
3,20,280,21,33,5,0,0.0,-13
3,20,330,41,44,24,1,5.0,-4
3,20,30,41,29,-50,0,0.0,-8
3,20,90,21,33,-56,0,2.0,-9
3,20,80,36,33,-56,0,1.0,-7
3,20,90,26,45,-67,0,1.0,-7
3,20,140,41,99,-18,0,7.0,3
3,20,140,51,153,76,0,7.0,-4
3,20,280,26,60,57,2,8.0,-2
3,20,240,36,37,30,0,0.0,-5
3,20,290,62,64,34,0,1.0,-7
3,20,180,36,52,15,0,7.0,-1
3,20,260,57,110,77,2,8.0,-12
3,20,220,57,74,47,0,6.0,-2
3,20,230,57,101,89,0,8.0,1
3,20,240,57,105,81,0,8.0,-3
3,20,260,41,96,82,-1,8.0,-3
3,20,230,5,37,11,0,0.0,-15
3,20,250,15,57,32,0,7.0,-1
3,20,200,41,58,10,0,1.0,-1
3,20,280,82,76,19,0,1.0,-8
3,20,250,77,107,78,0,8.0,-6
3,20,280,41,72,66,0,7.0,-2
3,20,250,77,44,29,-1,1.0,11
3,20,230,31,28,4,-1,2.0,-3
3,20,230,87,82,76,7,8.0,1
3,20,240,41,45,15,0,7.0,-9
3,20,240,10,33,0,0,7.0,-7
3,20,10,10,37,-1,0,1.0,-16
3,20,220,51,78,74,2,8.0,3
3,20,230,98,124,116,-1,8.0,3
3,20,230,36,91,41,0,7.0,-6
3,20,310,77,72,58,28,8.0,-4
3,20,300,26,37,13,0,1.0,-6
3,20,120,41,66,-1,0,7.0,-8
3,20,190,62,117,94,0,7.0,5
3,20,220,26,107,85,0,7.0,-5
3,20,160,51,151,103,0,0.0,-8
3,20,190,77,121,31,-1,8.0,-2
3,20,240,62,63,10,0,1.0,-10
3,20,150,46,27,12,-1,8.0,5
3,20,210,41,11,-23,0,3.0,4
3,20,160,26,-4,-8,0,1.0,-5
3,20,180,31,22,19,0,8.0,14
3,20,230,67,37,4,-1,6.0,-19
3,20,170,93,55,-3,0,6.0,0
3,20,190,41,27,15,0,4.0,6
3,20,170,31,33,12,0,3.0,-3
3,20,120,62,81,-9,0,7.0,-7
3,20,120,10,93,35,0,3.0,-10
3,20,20,21,77,63,0,1.0,-8
3,20,60,26,60,13,0,1.0,0
3,20,140,31,43,-1,0,8.0,1
3,20,170,21,33,15,0,6.0,-6
3,20,190,46,59,25,0,7.0,-3
3,20,250,103,74,8,0,1.0,-6
3,20,230,41,64,36,-1,2.0,-11
3,20,290,15,29,-13,0,1.0,-25
3,20,280,41,40,15,-1,8.0,2
3,20,350,10,38,-10,0,1.0,-24
3,20,210,10,27,-7,0,0.0,-4
3,20,180,31,66,9,0,0.0,6
3,20,220,36,75,60,0,5.0,10
3,20,230,26,50,18,0,7.0,-1
3,20,240,77,91,62,1,8.0,-3
3,20,330,62,16,-39,0,3.0,-12
3,20,140,51,3,3,15,8.0,1
3,20,350,51,38,-26,0,1.0,-9
3,20,190,15,27,-9,0,1.0,-7
3,20,270,26,92,91,1,8.0,2
3,20,360,46,10,-12,0,0.0,-13
3,20,270,15,17,-15,0,8.0,1
3,20,330,31,10,-11,0,5.0,-12
3,20,270,31,35,35,2,8.0,1
3,20,20,5,13,6,-1,8.0,-1
3,20,310,31,35,28,0,5.0,-1
3,20,70,51,34,-8,0,6.0,-1
3,20,110,46,53,-32,0,0.0,-7
3,20,80,26,37,-25,0,0.0,2
3,20,50,46,25,-49,0,0.0,-6
3,20,70,31,-14,-77,0,1.0,-5
3,20,80,51,-19,-86,0,0.0,-2
3,20,70,46,-13,-62,0,0.0,-3
3,20,90,41,32,-40,0,1.0,-6
3,20,60,46,42,-18,0,2.0,-8
3,20,50,15,67,24,0,8.0,-7
3,20,220,10,54,33,0,8.0,-2
3,20,80,5,57,27,0,8.0,-13
3,20,340,10,44,29,0,5.0,-20
3,20,80,26,102,35,0,7.0,1
3,20,180,31,78,77,0,3.0,-9
3,20,230,10,73,67,0,8.0,-4
3,20,250,15,97,96,-1,8.0,0
3,20,50,26,55,38,0,2.0,-22
3,20,60,36,89,43,0,7.0,-8
3,20,20,62,34,-10,0,8.0,-3
3,20,20,41,18,-41,0,1.0,-18
3,20,280,36,26,22,6,8.0,-3
3,20,310,26,18,6,0,2.0,-4
3,20,300,31,9,-36,0,1.0,-6
3,20,280,10,-8,-12,0,2.0,-13
3,20,190,50,121,84,0,7.0,0
3,20,240,20,70,64,0,7.0,1
3,20,180,30,82,24,-1,8.0,-10
3,20,130,30,95,86,0,7.0,0
3,20,240,40,85,63,0,7.0,-23
3,20,120,20,66,54,0,1.0,1
3,20,160,10,100,62,0,3.0,-12
3,20,40,30,88,77,0,0.0,-2
3,20,70,30,111,70,0,0.0,-9
3,20,300,10,80,58,0,0.0,-3
3,20,80,40,52,45,0,6.0,-3
3,20,250,30,103,70,0,0.0,0
3,20,260,50,97,71,0,8.0,-3
3,20,260,30,97,85,0,7.0,-2
3,20,270,30,111,102,0,8.0,-2
3,20,260,40,99,77,0,8.0,-6
3,20,330,10,94,58,0,7.0,-7
3,20,260,30,62,53,-1,3.0,-1
3,20,350,60,48,22,-1,8.0,-4
3,20,260,30,61,43,0,7.0,-2
3,20,350,30,32,11,0,2.0,-6
3,20,130,10,44,-8,0,3.0,-2
3,20,280,10,69,62,0,8.0,-3
3,20,250,10,72,55,-1,8.0,-6
3,20,260,20,56,50,0,1.0,-2
3,20,250,90,115,91,1,8.0,-11
3,20,240,110,124,69,0,5.0,-2
3,20,300,50,62,-1,0,1.0,-7
3,20,300,40,76,44,0,7.0,-2
3,20,340,20,71,37,0,1.0,-23
3,20,0,0,77,36,0,0.0,-17
3,20,180,30,20,20,0,1.0,-1
3,20,240,70,74,63,3,8.0,-4
3,20,230,100,128,122,1,8.0,-1
3,20,220,30,41,29,0,5.0,7
3,20,210,50,57,12,0,7.0,9
3,20,240,90,98,97,14,8.0,-1
3,20,250,60,96,69,0,7.0,-3
3,20,20,50,6,-40,0,1.0,-4
3,20,310,20,26,-3,0,3.0,-22
3,20,170,70,63,-33,0,8.0,-1
3,20,330,10,37,36,-1,8.0,0
3,20,300,20,15,-3,0,3.0,1
3,20,260,30,58,58,-1,7.0,-2
3,20,300,30,69,62,0,7.0,1
3,20,310,30,88,77,0,8.0,-9
3,20,280,20,87,53,0,8.0,-3
3,20,260,20,91,75,0,8.0,-3
3,20,300,20,65,35,0,7.0,-8
3,20,300,10,46,11,0,2.0,-10
3,20,320,50,72,69,-1,8.0,-2
3,20,350,20,33,7,0,1.0,-2
3,20,330,40,64,47,0,8.0,0
3,20,60,30,21,-48,0,1.0,-15
3,20,990,10,14,-31,0,5.0,-19
3,20,130,20,65,-26,0,7.0,-6
3,20,190,60,68,64,1,8.0,-1
3,20,190,30,106,101,0,7.0,0
3,20,110,30,134,100,0,7.0,-12
3,20,110,20,175,89,0,7.0,-12
3,20,280,10,134,118,0,7.0,-13
3,20,40,20,109,90,0,0.0,-10
3,20,280,50,101,97,19,8.0,-3
3,20,200,80,122,106,0,7.0,6
3,20,190,60,76,47,0,4.0,-5
3,20,150,30,49,33,0,3.0,-7
3,20,220,30,34,32,-1,7.0,9
3,20,220,40,35,25,0,7.0,1
3,20,180,50,33,24,2,8.0,0
3,20,120,30,45,35,-1,8.0,0
3,20,210,20,27,26,0,4.0,-12
3,20,330,10,26,17,0,1.0,-18
3,20,110,30,69,16,0,2.0,-4
3,20,130,30,119,84,0,7.0,-14
3,20,300,40,106,86,0,6.0,-28
3,20,340,30,76,46,0,3.0,-20
3,20,50,20,60,23,0,0.0,-6
3,20,60,30,88,30,0,7.0,-5
3,20,0,0,64,11,0,2.0,16
3,20,330,60,69,54,0,8.0,-2
3,20,310,40,64,31,0,8.0,-4
3,20,270,30,70,47,0,8.0,-8
3,20,210,40,54,51,-1,7.0,0
3,20,260,30,46,13,0,7.0,0
3,20,240,30,88,86,-1,7.0,1
3,20,100,10,38,27,0,0.0,26
3,20,170,40,117,75,0,7.0,4
3,20,240,40,88,80,2,8.0,-3
3,20,340,50,76,37,0,6.0,-16
3,20,0,0,48,14,0,1.0,3
3,20,160,30,82,33,0,2.0,-1
3,20,240,20,134,99,0,8.0,-5
3,20,80,30,145,80,0,0.0,-9
3,20,300,50,42,10,0,1.0,-2
3,20,220,110,61,39,12,8.0,5
3,20,230,20,34,15,0,7.0,7
3,20,290,40,2,-3,1,8.0,-1
3,20,220,30,20,7,0,4.0,-1
3,20,240,70,81,8,0,8.0,0
3,20,240,70,84,70,4,8.0,3
3,20,260,80,117,104,5,8.0,5
3,20,290,40,100,69,0,8.0,-9
3,20,250,60,97,80,-1,8.0,-1
3,20,290,30,70,41,0,5.0,0
3,20,190,30,86,46,0,7.0,-1
3,20,240,30,89,80,0,8.0,0
3,20,310,40,60,23,0,6.0,-13
3,20,260,50,61,23,-1,8.0,4
3,20,280,40,77,65,0,8.0,-3
3,20,320,30,77,52,0,8.0,0
3,20,320,40,52,42,6,8.0,1
3,20,220,10,26,12,0,4.0,1
3,20,0,0,48,32,0,5.0,-2
3,20,60,20,50,27,0,2.0,7
3,20,310,20,98,38,0,4.0,-22
3,20,80,40,115,55,0,7.0,-2
3,20,200,20,81,71,0,7.0,-19
3,20,180,30,86,58,0,7.0,5
3,20,140,30,64,36,0,7.0,-2
3,20,30,70,62,39,-1,8.0,-7
3,20,30,60,38,20,-1,8.0,-1
3,20,50,50,70,44,-1,8.0,0
3,20,280,10,61,45,0,8.0,-3
3,20,0,0,62,44,0,8.0,-1
3,20,310,10,21,13,2,8.0,2
3,20,60,40,13,-2,0,8.0,2
3,20,60,40,1,-37,0,7.0,-4
3,20,20,30,25,3,0,8.0,-1
3,20,110,20,15,-29,0,2.0,-5
3,20,110,50,55,-10,0,3.0,-5
3,20,320,10,87,84,0,7.0,-7
3,20,240,60,102,77,0,8.0,-7
3,20,200,40,94,82,0,7.0,-2
3,20,230,50,112,99,0,8.0,0
3,20,180,50,128,121,2,8.0,3
3,20,180,40,61,19,0,1.0,-4
3,20,250,30,31,17,0,1.0,-3
3,20,200,20,36,10,0,1.0,1
3,20,180,30,88,60,0,8.0,-6
3,20,50,70,81,48,0,8.0,-3
3,20,30,20,55,48,0,8.0,0
3,20,340,50,50,48,33,8.0,-8
3,20,340,30,15,-35,0,6.0,-17
3,20,70,50,43,-32,0,8.0,-4
3,20,250,30,62,57,0,8.0,-2
3,20,200,20,47,36,0,8.0,2
3,20,250,70,88,69,0,7.0,-3
3,20,50,60,48,34,0,8.0,-3
3,20,20,40,27,2,0,8.0,-2
3,20,70,30,31,0,0,8.0,-2
3,20,120,50,47,1,0,6.0,-3
3,20,180,60,73,37,0,6.0,-10
3,20,170,10,43,41,0,7.0,-15
3,20,230,20,47,36,0,1.0,-1
3,20,210,50,116,75,0,7.0,-3
3,20,10,30,2,-23,0,4.0,-1
3,20,250,30,7,-16,0,,19
3,20,230,30,51,31,0,7.0,-13
3,20,0,0,25,12,0,1.0,-4
3,20,260,20,67,41,0,7.0,-16
3,20,230,80,90,79,0,8.0,4
3,20,270,20,67,23,0,2.0,-13
3,20,180,30,74,33,0,3.0,1
3,20,260,130,85,9,0,,-23
3,20,200,40,87,18,0,1.0,-6
3,20,160,10,62,9,0,4.0,-9
3,20,40,20,85,79,2,8.0,-3
3,20,50,50,42,16,0,8.0,-9
3,20,90,80,31,19,1,8.0,2
3,20,110,30,87,62,0,7.0,2
3,20,90,20,124,65,0,,-2
3,20,160,20,99,87,0,7.0,-4
3,20,200,70,98,74,0,4.0,1
3,20,220,40,93,57,0,7.0,-2
3,20,990,10,94,73,-1,8.0,0
3,20,260,30,94,83,0,3.0,-1
3,20,10,40,62,22,0,4.0,-15
3,20,10,40,53,13,0,,-18
3,20,40,30,19,-15,0,4.0,16
3,20,310,10,27,-13,0,6.0,-6
3,20,990,10,44,1,0,3.0,-19
3,20,50,40,51,-31,0,0.0,-23
3,20,70,40,103,-14,0,0.0,-11
3,20,160,10,68,10,0,0.0,-17
3,20,140,30,102,43,0,,-7
3,20,170,20,93,73,0,,2
3,20,150,40,96,79,1,,-5
3,20,320,50,59,52,1,8.0,2
3,20,170,30,47,31,0,4.0,-7
3,20,180,40,90,56,-1,8.0,-10
3,20,120,30,127,77,0,7.0,-11
3,20,220,20,25,17,0,1.0,3
3,20,190,70,75,41,2,7.0,-2
3,20,230,90,85,55,-1,,-4
3,20,210,30,72,34,0,6.0,6
3,20,190,40,101,74,0,7.0,-2
3,20,260,40,94,88,14,8.0,-3
3,20,350,30,66,37,0,7.0,-3
3,20,40,30,26,-19,0,0.0,3
3,20,70,40,64,-2,0,1.0,-6
3,20,60,40,64,9,0,,-7
3,20,990,10,40,-8,0,2.0,-14
3,20,40,30,29,1,0,3.0,-3
3,20,360,10,42,14,0,1.0,-19
3,20,10,20,37,10,0,1.0,-11
3,20,50,20,41,16,0,3.0,3
3,20,60,40,66,-8,0,4.0,-4
3,20,100,20,91,-66,0,,-11
3,20,140,10,71,-15,0,0.0,-23
3,20,320,30,128,48,0,7.0,-7
3,20,40,10,87,47,0,4.0,-18
3,20,30,20,94,8,0,3.0,-5
3,20,10,10,87,23,0,3.0,-17
3,20,70,40,159,55,0,6.0,-9
3,20,290,10,131,86,0,,-7
3,20,330,30,76,30,0,,-14
3,20,990,10,56,7,0,4.0,-15
3,20,300,20,23,-19,0,7.0,-9
3,20,260,30,6,-15,0,2.0,-4
3,20,150,20,-6,-24,0,5.0,2
3,20,130,20,78,7,0,8.0,-1
3,20,130,30,45,4,-1,8.0,-8
3,20,260,20,15,-5,0,,-4
3,20,340,20,38,21,0,,-11
3,20,310,20,15,-5,0,1.0,-8
3,20,30,40,4,-19,0,6.0,8
3,20,50,30,14,2,-1,8.0,-2
3,20,110,20,26,-18,0,7.0,-1
3,20,130,40,37,30,6,8.0,2
3,20,180,30,55,35,0,,-2
3,20,200,80,106,53,0,,0
3,20,200,40,121,74,0,7.0,1
3,20,150,30,96,84,0,5.0,-14
3,20,260,10,102,80,0,4.0,-4
3,20,240,80,110,72,0,5.0,-8
3,20,260,80,107,101,26,8.0,-5
3,20,250,140,130,95,0,,-3
3,20,220,60,59,41,0,,7
3,20,240,10,23,3,0,3.0,21
3,20,340,30,40,17,0,4.0,-14
3,20,360,40,60,25,0,7.0,-15
3,20,50,30,37,-22,0,2.0,-25
3,20,300,10,22,12,0,7.0,1
3,20,150,10,25,-10,0,,-19
3,20,250,10,33,-14,0,,-7
3,20,60,20,78,15,0,1.0,-34
3,20,70,40,124,12,0,0.0,-7
3,20,80,40,149,39,0,4.0,-6
3,20,210,70,-5,-60,0,,-1
3,20,200,10,-12,-20,1,,0
3,20,20,60,-19,-41,0,,-2
3,20,160,40,-20,-30,2,,0
3,20,40,60,-19,-51,0,,-8
3,20,320,50,16,10,0,,-2
3,20,320,50,39,27,-1,,1
3,20,300,50,47,35,-1,,2
3,20,320,10,12,1,0,,-11
3,20,180,10,16,-1,0,,-10
3,20,330,70,18,7,5,,-6
3,20,280,50,35,15,0,,-1
3,20,200,20,28,-5,0,,-7
3,20,250,20,40,-9,0,,-14
3,20,210,50,107,56,0,,2
3,20,190,50,164,77,0,,3
3,20,240,60,116,82,0,,-7
3,20,260,20,118,85,0,,0
3,20,40,20,106,98,0,,4
3,20,70,30,94,37,0,,-6
3,20,120,50,128,9,0,,-8
3,20,200,20,119,113,0,,-7
3,20,80,30,138,70,0,,-6
3,20,250,30,110,101,3,,-3
3,20,350,10,105,94,1,,-2
3,20,70,30,124,80,0,,-34
3,20,130,20,127,114,0,,-2
3,20,300,20,91,82,0,,-2
3,20,360,30,122,104,0,,-9
3,20,110,10,116,108,11,,0
3,20,30,20,84,57,0,,15
3,20,240,60,2,-37,0,,-6
3,20,190,50,-6,-13,0,,-2
3,20,300,10,-21,-24,0,,-6
3,20,220,20,-17,-41,0,,4
3,20,260,50,18,8,0,,-9
3,20,280,40,20,-1,0,,-6
3,20,160,40,33,-26,0,,-1
3,20,230,30,91,91,20,,4
3,20,180,30,76,71,2,,3
3,20,180,20,33,28,10,,3
3,20,350,50,-28,-60,0,,2
3,20,80,30,-18,-90,0,,-3
3,20,80,40,1,-55,0,,-3
3,20,60,30,28,-48,0,,-4
3,20,50,60,14,-26,0,,-8
3,20,50,50,16,-34,0,,-4
3,20,50,50,11,-36,0,,-1
3,20,60,60,2,-14,0,,-5
3,20,30,50,41,20,0,,-2
3,20,40,50,36,-1,0,,-6
3,20,20,40,14,-43,0,,-7
3,20,60,30,19,-46,0,,-29
3,20,100,40,65,-57,0,,-6
3,20,120,20,100,82,0,,-3
3,20,190,50,124,84,0,,-7
3,20,190,40,144,131,-1,,-2
3,20,220,60,110,79,0,,-7
3,20,240,70,94,25,0,,-5
3,20,180,30,84,72,0,,-1
3,20,210,40,116,104,6,,1
3,20,230,50,103,65,0,,4
3,20,250,80,80,30,0,8.0,3
3,20,130,20,48,0,0,5.0,10
3,20,190,20,52,40,0,7.0,-10
3,20,130,50,117,46,0,8.0,-4
3,20,180,40,74,21,0,0.0,-2
3,20,200,60,85,75,12,8.0,0
3,20,270,20,69,62,2,8.0,-14
3,20,230,20,58,40,0,0.0,-13
3,20,300,20,49,34,0,0.0,-36
3,20,230,20,52,36,0,1.0,-2
3,20,150,10,67,59,0,0.0,-10
3,20,330,30,65,36,0,0.0,7
3,20,360,30,82,26,0,5.0,-4
3,20,360,10,56,31,0,0.0,-11
3,20,300,10,49,30,0,0.0,-10
3,20,220,30,63,56,0,3.0,10
3,20,230,70,109,77,0,6.0,-5
3,20,300,60,19,5,4,7.0,4
3,20,320,20,24,-8,0,2.0,-13
3,20,330,40,37,14,0,1.0,-2
3,20,340,30,31,3,0,4.0,1
3,20,340,70,61,9,0,8.0,-1
3,20,40,30,55,11,0,8.0,-3
3,20,40,40,99,59,0,8.0,1
3,20,20,30,51,12,0,0.0,12
3,20,80,40,137,12,0,0.0,-6
3,20,100,20,124,2,0,0.0,-17
3,20,10,10,95,30,0,0.0,-19
3,20,160,20,95,73,0,5.0,-7
3,20,90,20,109,59,0,5.0,-11
3,20,50,60,137,38,0,6.0,-5
3,20,250,60,88,43,0,7.0,-3
3,20,250,40,89,39,0,8.0,2
3,20,240,40,37,-8,0,8.0,2
3,20,340,50,8,4,-1,8.0,-6
3,20,260,20,12,-19,0,0.0,-13
3,20,210,50,74,67,0,7.0,2
3,20,220,30,54,46,-1,6.0,-17
3,20,190,50,84,21,0,8.0,0
3,20,200,40,59,51,-1,3.0,0
3,20,180,90,77,36,1,8.0,-10
3,20,240,90,114,90,0,8.0,7
3,20,260,80,76,0,0,0.0,-10
3,20,200,40,86,44,0,8.0,-5
3,20,990,10,49,15,0,8.0,-9
3,20,90,20,114,84,0,6.0,-5
3,20,10,60,68,57,-1,8.0,-4
3,20,310,40,37,3,0,8.0,-10
3,20,300,30,30,1,0,4.0,-14
3,20,310,40,38,7,0,6.0,3
3,20,240,110,50,40,22,8.0,3
3,20,240,30,17,8,0,5.0,9
3,20,20,90,12,-28,-1,8.0,-7
3,20,180,20,28,-25,0,7.0,-5
3,20,290,20,2,-8,-1,4.0,-2
3,20,260,30,18,-35,0,8.0,-17
3,20,120,20,39,30,0,8.0,-1
3,20,50,20,61,52,-1,8.0,1
3,20,200,60,74,60,9,8.0,3
3,20,160,50,94,27,0,4.0,2
3,20,180,30,88,80,4,8.0,1
3,20,110,20,80,43,0,0.0,-16
3,20,230,40,101,78,-1,8.0,-2
3,20,240,10,21,7,0,0.0,-8
3,20,160,50,76,6,0,7.0,1
3,20,140,40,59,48,0,8.0,-2
3,20,320,60,48,23,0,8.0,0
3,20,300,20,29,0,0,2.0,-3
3,20,200,40,80,46,0,8.0,-5
3,20,240,110,60,21,-1,8.0,-26
3,20,250,50,70,13,0,8.0,-6
3,20,320,50,58,38,0,8.0,-3
3,20,200,10,30,8,0,6.0,0
3,20,270,40,89,84,3,8.0,1
3,20,290,20,62,39,0,7.0,8
3,20,240,30,82,71,0,8.0,2
3,20,310,20,85,53,0,8.0,-7
3,20,120,20,50,40,0,0.0,-1
3,20,30,40,62,19,0,0.0,-25
3,20,0,0,32,-42,0,1.0,-11
3,20,40,20,41,-5,0,0.0,-4
3,20,60,10,34,-31,0,0.0,-17
3,20,290,30,53,-29,0,0.0,-12
3,20,260,40,82,43,0,8.0,1
3,20,270,40,43,17,0,7.0,-5
3,20,270,20,21,-18,0,5.0,-7
3,20,280,30,57,30,0,8.0,-1
3,20,230,80,88,79,-1,8.0,-2
3,20,210,60,61,20,0,1.0,-8
3,20,230,40,58,46,-1,8.0,0
3,20,280,30,42,2,0,1.0,-13
3,20,990,10,36,-2,0,0.0,-14
3,20,50,20,74,9,0,0.0,-13
3,20,270,20,18,-19,0,0.0,-11
3,20,280,10,-5,-34,0,0.0,2
3,20,50,40,36,-14,0,8.0,-8
3,20,350,40,11,-47,0,0.0,-12
3,20,250,60,10,3,10,8.0,14
3,20,40,40,-13,-65,0,2.0,-1
3,20,40,30,-14,-87,0,0.0,0
3,20,40,40,-10,-29,0,1.0,0
3,20,50,30,4,-69,0,0.0,-3
3,20,30,60,-1,-29,0,0.0,-5
3,20,300,20,32,-6,0,8.0,-3
3,20,240,10,28,-4,0,8.0,-1
3,20,260,30,45,11,0,8.0,2
3,20,280,30,58,34,0,8.0,1
3,20,290,40,60,49,11,8.0,1
3,20,150,20,47,19,0,6.0,-4
3,20,180,30,89,17,0,5.0,-8
3,20,170,30,127,12,0,6.0,-10
3,20,150,30,136,91,0,7.0,2
3,20,190,60,146,112,-1,8.0,0
3,20,300,20,67,44,0,4.0,-11
3,20,210,20,94,45,0,8.0,4
3,20,100,20,115,66,0,6.0,0
3,20,150,20,148,72,0,6.0,-17
3,20,140,20,138,84,0,4.0,0
3,20,200,50,100,48,-1,6.0,-5
3,20,240,30,94,49,0,8.0,-5
3,20,200,20,77,61,0,6.0,8
3,20,120,40,120,87,0,8.0,-1
3,20,230,60,56,40,11,8.0,-1
3,20,220,70,54,18,-1,8.0,-5
3,20,40,70,31,11,0,8.0,-4
3,20,50,60,22,-29,0,0.0,-4
3,20,40,50,23,-28,0,0.0,-6
3,20,30,40,12,-39,0,0.0,-9
3,20,40,30,37,13,0,2.0,-23
3,20,40,30,5,-49,0,0.0,-4
3,20,120,40,53,-109,0,0.0,-9
3,20,190,30,59,-6,0,0.0,4
3,20,220,30,46,32,0,6.0,0
3,20,240,80,96,56,0,8.0,2
3,20,170,30,60,13,0,8.0,-3
3,20,170,20,109,48,0,7.0,6
3,20,160,10,96,89,3,8.0,0
3,20,70,20,117,93,0,8.0,-2
3,20,60,50,128,78,0,0.0,-6
3,20,60,60,61,31,0,8.0,-4
3,20,280,30,55,42,0,8.0,-3
3,20,80,10,69,66,14,8.0,-3
3,20,0,0,25,-18,0,0.0,-9
3,20,0,0,30,-22,0,0.0,-14
3,20,350,10,57,-5,0,0.0,-22
3,20,350,10,82,54,0,7.0,0
3,20,50,20,94,55,0,0.0,-17
3,20,70,20,125,67,0,0.0,-30
3,20,360,20,92,42,0,1.0,2
3,20,80,30,71,23,0,7.0,-6
3,20,320,10,70,9,0,0.0,-24
3,20,40,20,61,15,0,0.0,-23
3,20,0,0,72,14,0,0.0,-14
3,20,180,30,100,93,10,8.0,2
3,20,240,80,133,106,0,7.0,0
3,20,30,30,74,71,0,8.0,0
3,20,100,10,84,73,0,5.0,7
3,20,220,40,102,66,0,8.0,-5
3,20,130,40,91,83,2,8.0,-2
3,20,150,50,32,17,-1,8.0,4
3,20,180,10,52,34,0,8.0,-2
3,20,230,50,52,49,3,8.0,9
3,20,260,20,28,15,0,0.0,-3
3,20,230,30,89,50,0,8.0,-4
3,20,260,20,85,80,0,8.0,3
3,20,320,20,84,58,0,5.0,-7
3,20,350,20,109,78,0,8.0,-7
3,20,20,20,86,47,0,8.0,-5
3,20,50,20,36,14,0,0.0,4
3,20,140,30,113,67,0,0.0,-29
3,20,0,0,72,64,0,0.0,-3
3,20,190,30,90,72,0,8.0,0
3,20,20,20,63,39,0,8.0,-9
3,20,280,10,53,2,0,0.0,-20
3,20,360,10,91,43,0,8.0,-17
3,20,50,20,91,35,0,0.0,-16
3,20,50,40,141,79,0,0.0,-8
3,20,20,20,115,65,0,0.0,-12
3,20,350,30,122,79,0,0.0,-23
3,20,30,30,93,22,0,0.0,2
3,20,20,40,113,63,0,1.0,-21
3,20,20,30,103,68,0,0.0,-6
3,20,300,20,109,11,0,0.0,-19
3,20,300,50,88,52,0,8.0,-2
3,20,310,40,77,57,0,8.0,-4
3,20,350,30,40,-10,0,1.0,9
3,20,20,40,32,-9,0,8.0,-3
3,20,290,10,25,-14,0,8.0,0
3,20,80,30,46,-5,0,8.0,-2
3,20,120,30,74,-21,0,0.0,-9
3,20,140,20,98,2,0,4.0,-15
3,20,50,30,86,19,0,8.0,20
3,20,70,30,104,61,1,8.0,-8
3,20,80,20,105,85,1,8.0,-3
3,20,260,40,50,40,0,8.0,-2
3,20,50,50,-3,-30,0,8.0,-3
3,20,50,70,-27,-35,2,8.0,2
3,20,20,40,-52,-96,0,7.0,-15
3,20,270,10,-25,-27,0,7.0,15
3,20,0,0,-32,-70,0,0.0,-12
3,20,170,50,34,-23,0,8.0,0
3,20,130,50,51,-52,0,8.0,1
3,20,120,50,52,35,1,8.0,-5
3,20,160,30,59,10,0,2.0,2
3,20,340,10,33,30,0,8.0,9
3,20,280,20,8,5,0,8.0,-1
3,20,70,20,5,-35,0,0.0,6
3,20,80,90,15,-42,0,8.0,-2
3,20,70,100,0,-87,0,8.0,-4
3,20,70,80,7,-126,0,7.0,-4
3,20,70,70,12,-92,0,8.0,-3
3,20,70,60,12,-88,0,0.0,-7
3,20,50,40,7,-69,0,0.0,2
3,20,20,50,0,-18,1,8.0,-5
3,20,330,10,-9,-46,0,5.0,-5
3,20,360,30,5,-16,-1,7.0,-3
3,20,60,30,16,-34,0,8.0,-2
3,20,180,20,50,33,0,7.0,5
3,20,160,40,54,-2,0,8.0,-7
3,20,100,20,62,12,0,0.0,-9
3,20,200,20,24,12,0,5.0,18
3,20,240,10,23,6,0,0.0,-10
3,20,140,20,53,4,0,0.0,-22
3,20,300,20,106,72,0,8.0,-3
3,20,130,30,121,51,0,0.0,-18
3,20,160,10,81,29,0,0.0,-8
3,20,360,50,94,77,0,0.0,-9
3,20,30,30,75,54,0,0.0,12
3,20,0,0,75,37,0,0.0,-15
3,20,20,30,85,42,0,0.0,-10
3,20,240,40,81,47,0,0.0,3
3,20,240,40,93,51,0,8.0,1
3,20,230,20,68,41,0,0.0,-8
3,20,220,10,73,34,0,7.0,-8
3,20,250,60,93,72,6,7.0,0
3,20,230,50,111,78,0,3.0,-4
3,20,200,50,152,54,0,0.0,-1
3,20,160,30,51,18,0,1.0,-20
3,20,180,20,38,7,0,0.0,1
3,20,220,30,33,13,0,4.0,-6
3,20,170,20,42,13,0,0.0,-2
3,20,30,30,44,-12,0,0.0,-18
3,20,50,30,38,11,0,1.0,-15
3,20,70,50,112,19,0,0.0,-3
3,20,70,60,133,32,0,6.0,-14
3,20,80,30,150,26,0,0.0,-7
3,20,60,20,124,59,0,2.0,33
3,20,70,20,170,59,0,8.0,-21
3,20,210,50,75,31,0,7.0,2
3,20,260,30,31,-10,-1,1.0,3
3,20,230,50,34,12,0,2.0,3
3,20,290,40,42,16,-1,4.0,1
3,20,250,10,21,-2,0,0.0,-16
3,20,170,30,40,12,0,0.0,0
3,20,190,30,84,7,0,0.0,1
3,20,290,20,84,59,0,0.0,-8
3,20,150,20,63,49,0,4.0,2
3,20,360,20,53,21,0,0.0,-10
3,20,70,20,42,4,0,2.0,-19
3,20,80,40,80,15,0,0.0,-3
3,20,70,40,63,-25,0,8.0,-5
3,20,50,40,41,25,-1,8.0,1
3,20,70,50,61,26,0,8.0,-1
3,20,30,10,40,15,0,0.0,-11
3,20,320,10,75,38,0,8.0,-8
3,20,320,40,69,56,0,8.0,-1
3,20,0,0,33,29,0,7.0,6
3,20,240,20,20,19,0,8.0,14
3,20,10,70,66,38,0,8.0,-4
3,20,30,10,10,-14,0,0.0,-14
3,20,310,20,53,20,0,1.0,-14
3,20,0,0,83,22,-1,8.0,-10
3,20,280,30,59,46,0,8.0,-3
3,20,240,50,65,58,4,8.0,-4
3,20,280,10,26,0,0,0.0,-13
3,20,230,90,118,102,0,8.0,-3
3,20,290,70,81,57,38,8.0,-2
3,20,180,40,68,2,0,8.0,0
3,20,280,70,49,8,5,8.0,3
3,20,200,60,54,49,2,8.0,7
3,20,210,70,32,20,1,8.0,-3
3,20,210,20,0,-21,0,0.0,-14
3,20,190,10,-4,-6,0,1.0,-6
3,20,200,10,0,-3,0,2.0,-4
3,20,260,20,18,13,0,8.0,-3
3,20,300,10,1,-6,0,1.0,-12
3,20,170,40,37,17,0,8.0,-2
3,20,110,30,56,-13,0,8.0,-4
3,20,50,40,54,7,0,5.0,-19
3,20,50,50,42,16,0,0.0,-10
3,20,70,40,38,-9,0,0.0,-9
3,20,60,50,40,-2,0,0.0,-6
3,20,40,30,39,-20,0,8.0,-10
3,20,30,30,36,26,0,1.0,-4
3,20,40,40,35,-20,0,0.0,2
3,20,360,20,41,2,0,0.0,-3
3,20,350,30,57,41,0,8.0,0
3,20,360,30,58,16,0,8.0,1
3,20,310,30,73,57,0,8.0,0
3,20,310,40,70,33,-1,8.0,-4
3,20,330,30,71,56,0,8.0,-7
3,20,330,30,80,58,0,8.0,-3
3,20,240,50,75,57,1,8.0,-2
3,20,260,20,41,23,0,0.0,0
3,20,150,50,120,67,0,8.0,1
3,20,180,40,81,55,7,4.0,2
3,20,220,60,88,35,0,8.0,-19
3,20,150,30,64,42,0,8.0,15
3,20,320,20,79,30,0,8.0,-8
3,20,20,40,86,31,0,8.0,-2
3,20,120,20,61,58,1,8.0,0
3,20,220,40,51,14,0,7.0,-6
3,20,160,30,95,45,0,8.0,-4
3,20,170,30,80,74,24,8.0,-1
3,20,190,40,50,42,0,7.0,1
3,20,270,30,52,33,0,8.0,-6
3,20,260,20,36,26,0,1.0,-6
3,20,260,20,84,76,0,6.0,-8
3,20,310,50,73,30,0,0.0,-10
3,20,110,10,68,13,0,8.0,2
3,20,60,10,64,20,0,8.0,21
3,20,30,20,53,5,0,8.0,-8
3,20,300,20,67,43,0,8.0,-15
3,20,230,30,93,80,0,8.0,2
3,20,240,10,60,39,0,0.0,-11
3,20,200,20,96,50,0,8.0,-17
3,20,240,50,90,6,0,8.0,-6
3,20,270,30,102,95,3,8.0,-3
3,20,230,80,116,75,0,8.0,-4
3,20,220,90,110,71,0,8.0,-10
3,20,160,20,26,-12,0,8.0,-5
3,20,120,30,81,24,0,8.0,-10
3,20,50,70,98,39,0,0.0,-9
3,20,40,60,91,27,0,0.0,0
3,20,40,60,95,-11,0,1.0,-5
3,20,30,30,69,28,0,8.0,6
3,20,350,10,79,3,0,0.0,-20
3,20,250,30,115,87,4,7.0,4
3,20,200,30,141,86,0,8.0,-16
3,20,120,20,147,86,0,8.0,12
3,20,180,30,137,100,0,8.0,-5
3,20,70,70,-22,-140,0,8.0,-4
3,20,90,50,-23,-45,2,8.0,-5
3,20,90,30,-8,-44,0,8.0,4
3,20,140,50,67,52,10,8.0,-2
3,20,110,20,80,31,0,8.0,-7
3,20,0,0,24,21,0,0.0,-20
3,20,240,40,51,41,6,8.0,-3
3,20,230,50,46,12,0,2.0,-3
3,20,130,30,74,66,17,8.0,1
3,20,180,30,123,107,0,8.0,-9
3,20,150,20,107,79,0,1.0,-3
3,20,200,50,92,79,1,8.0,-4
3,20,260,20,49,39,0,8.0,-1
3,20,90,40,78,18,0,8.0,-8
3,20,110,30,73,56,8,8.0,-3
3,20,70,60,16,1,2,8.0,-3
3,20,70,90,-21,-90,0,8.0,1
3,20,70,60,-8,-114,0,8.0,-3
3,20,30,40,-11,-126,0,0.0,-19
3,20,350,40,29,-36,0,5.0,-10
3,20,240,20,7,-23,0,8.0,1
3,20,250,20,64,50,0,8.0,0
3,20,180,30,64,28,0,8.0,-1
3,20,40,20,42,7,0,0.0,-8
3,20,10,50,82,28,0,8.0,-8
3,20,260,20,43,25,0,4.0,-12
3,20,130,10,66,63,1,8.0,1
3,20,280,60,37,23,-1,8.0,5
3,20,120,30,81,4,0,8.0,-1
3,20,200,40,75,63,26,8.0,-4
3,20,260,20,73,53,-1,8.0,-4
3,20,230,30,58,37,0,8.0,0
3,20,230,80,93,66,0,8.0,0
3,20,200,80,120,86,-1,8.0,5
3,20,240,70,60,41,4,8.0,1
3,20,170,30,61,31,0,8.0,4
3,20,190,50,115,84,-1,8.0,-3
3,20,220,110,78,34,0,7.0,4
3,20,210,50,86,24,0,8.0,-17
3,20,240,50,80,20,0,8.0,-3
3,20,230,30,25,9,10,2.0,4
3,20,250,30,39,3,0,0.0,-24
3,20,280,80,46,32,10,8.0,1
3,20,260,50,67,38,0,1.0,-3
3,20,270,40,84,37,0,7.0,-5
3,20,280,50,107,90,0,8.0,-6
3,20,200,70,115,62,0,8.0,-1
3,20,210,60,37,4,0,4.0,3
3,20,290,10,15,-26,0,0.0,-13
3,20,200,20,44,18,0,8.0,-4
3,20,290,10,111,81,0,8.0,-9
3,20,360,20,85,67,0,7.0,-8
3,20,310,30,118,62,0,8.0,-17
3,20,10,40,92,58,0,8.0,-11
3,20,250,20,47,7,0,0.0,-11
3,20,320,30,64,22,0,3.0,-1
3,20,280,20,75,31,0,8.0,-2
3,20,340,30,100,39,0,8.0,-5
3,20,30,20,60,40,0,0.0,-8
3,20,50,10,102,54,0,0.0,-18
3,20,90,10,109,56,0,3.0,-19
3,20,40,40,72,16,0,0.0,6
3,20,210,30,59,23,0,8.0,-2
3,20,310,40,63,53,3,8.0,-5
3,20,230,40,40,21,-1,4.0,-11
3,20,170,20,53,33,0,8.0,0
3,20,70,50,64,54,30,8.0,-7
3,20,310,20,58,40,0,8.0,-2
3,20,200,60,88,35,0,8.0,0
3,20,190,50,82,70,0,8.0,-8
3,20,210,50,75,36,0,8.0,0
3,20,240,90,129,102,-1,8.0,-2
3,20,220,80,120,108,-1,8.0,0
3,20,230,80,72,26,0,8.0,-1
3,20,220,10,57,46,0,7.0,-14
3,20,180,40,82,43,0,7.0,3
3,20,180,20,101,62,0,7.0,-1
3,20,300,10,91,46,-1,8.0,-6
3,20,200,30,89,3,0,8.0,-11
3,20,230,10,113,63,0,8.0,-27
3,20,30,40,93,74,0,8.0,-2
3,20,40,70,54,34,3,8.0,-2
3,20,60,70,53,-32,0,0.0,-7
3,20,80,40,60,-51,0,0.0,-8
3,20,110,40,66,-103,0,0.0,-12
3,20,110,30,72,-101,0,3.0,-15
3,20,50,50,78,-70,0,8.0,-1
3,20,50,60,79,-37,0,0.0,-10
3,20,40,50,107,13,0,0.0,-6
3,20,360,60,64,17,0,3.0,-8
3,20,20,70,21,-83,0,0.0,-9
3,20,320,20,41,26,-1,1.0,-4
3,20,60,20,39,-63,0,0.0,-15
3,20,50,10,41,20,-1,8.0,-1
3,20,990,5,62,48,-1,8.0,-4
3,20,210,5,35,11,0,3.0,-8
3,20,130,36,74,45,0,7.0,-1
3,20,120,15,84,72,0,5.0,-6
3,20,120,21,109,65,0,4.0,2
3,20,110,26,95,62,0,2.0,-1
3,20,110,10,108,87,-1,8.0,-12
3,20,200,5,79,70,0,8.0,2
3,20,180,26,116,50,0,8.0,0
3,20,190,15,88,61,0,1.0,-14
3,20,90,5,84,65,0,1.0,-4
3,20,0,0,85,60,0,0.0,-10
3,20,230,5,120,96,0,7.0,-12
3,20,150,5,96,84,0,8.0,0
3,20,130,26,124,91,0,3.0,-8
3,20,90,5,63,56,0,3.0,-2
3,20,210,26,100,86,0,7.0,-11
3,20,250,67,120,96,-1,7.0,-2
3,20,210,46,124,116,1,8.0,4
3,20,280,10,84,59,0,8.0,-3
3,20,350,5,47,17,0,1.0,-17
3,20,10,21,69,4,0,7.0,-6
3,20,50,26,86,38,0,7.0,-6
3,20,60,82,62,5,0,8.0,-1
3,20,60,51,65,4,0,2.0,-5
3,20,40,15,64,7,0,0.0,-9
3,20,70,5,45,-24,0,2.0,-23
3,20,60,21,45,-19,0,0.0,-17
3,20,300,10,50,0,0,1.0,5
3,20,260,15,99,53,0,8.0,-4
3,20,210,46,102,28,0,0.0,-8
3,20,240,41,43,15,0,0.0,0
3,20,250,36,82,76,-1,8.0,2
3,20,110,10,104,85,0,8.0,1
3,20,210,51,130,64,0,8.0,-9
3,20,150,5,34,21,0,2.0,5
3,20,140,21,78,40,0,7.0,-4
3,20,300,15,82,70,0,8.0,0
3,20,120,5,37,31,0,0.0,8
3,20,220,77,83,59,3,8.0,-4
3,20,240,36,47,24,0,1.0,3
3,20,260,82,94,78,10,8.0,-2
3,20,260,77,58,17,0,7.0,-5
3,20,260,57,51,19,0,6.0,-7
3,20,310,21,39,-7,0,6.0,-3
3,20,170,15,59,31,0,6.0,2
3,20,0,0,77,71,0,8.0,-9
3,20,230,10,65,56,0,5.0,-6
3,20,240,15,89,53,0,7.0,-17
3,20,260,41,102,93,0,8.0,3
3,20,280,77,82,18,0,4.0,-4
3,20,300,26,47,26,0,4.0,-4
3,20,270,10,17,11,0,2.0,-3
3,20,10,41,49,31,0,4.0,3
3,20,240,31,47,10,0,7.0,-14
3,20,110,10,40,33,0,8.0,0
3,20,320,26,40,14,0,5.0,-8
3,20,310,26,33,7,-1,6.0,1
3,20,120,36,51,26,0,8.0,-2
3,20,120,36,79,26,0,5.0,7
3,20,300,15,55,48,4,8.0,-2
3,20,50,62,18,-13,0,4.0,1
3,20,60,72,10,-22,0,6.0,-3
3,20,40,31,-15,-45,0,0.0,0
3,20,300,10,9,-13,0,7.0,0
3,20,250,46,35,35,-1,8.0,3
3,20,320,31,61,55,-1,8.0,-1
3,20,10,10,34,27,0,7.0,10
3,20,80,46,20,-16,0,1.0,-2
3,20,120,31,28,-23,0,0.0,-5
3,20,270,21,85,38,0,7.0,-24
3,20,160,15,57,30,0,0.0,-5
3,20,150,15,71,33,0,0.0,-2
3,20,100,21,91,20,0,1.0,0
3,20,210,5,109,72,-1,7.0,-4
3,20,250,26,102,39,0,1.0,-23
3,20,250,46,97,75,0,8.0,-4
3,20,250,62,109,68,0,6.0,-15
3,20,270,51,101,68,-1,8.0,-13
3,20,260,15,43,-3,0,1.0,-23
3,20,0,0,42,21,0,1.0,-6
3,20,280,15,108,43,0,7.0,-26
3,20,220,72,111,106,4,8.0,-7
3,20,240,41,52,6,0,1.0,4
3,20,280,26,37,9,0,0.0,-5
3,20,320,36,44,19,-1,5.0,-4
3,20,20,26,38,-79,0,0.0,-14
3,20,80,31,-2,-50,0,4.0,-7
3,20,80,41,8,-48,0,0.0,-15
3,20,80,31,10,-54,0,0.0,-15
3,20,130,26,83,-20,0,7.0,-11
3,20,120,31,136,80,0,7.0,6
3,20,290,10,63,56,0,8.0,-1
3,20,240,46,40,31,0,0.0,-6
3,20,290,62,66,36,0,4.0,-7
3,20,160,26,56,17,0,7.0,3
3,20,240,46,99,80,6,8.0,-1
3,20,230,51,72,45,0,6.0,1
3,20,220,51,101,92,0,8.0,-1
3,20,250,82,110,84,0,8.0,-3
3,20,250,51,94,83,-1,8.0,-2
3,20,280,5,31,8,0,0.0,-12
3,20,280,10,55,23,0,7.0,-1
3,20,200,46,54,4,0,5.0,-3
3,20,280,77,77,15,0,5.0,-5
3,20,250,77,109,78,0,8.0,-5
3,20,290,36,69,63,0,5.0,-5
3,20,260,87,45,22,1,7.0,-3
3,20,260,36,43,8,0,6.0,-13
3,20,220,72,78,75,6,8.0,5
3,20,280,31,46,11,0,6.0,-14
3,20,230,21,24,-2,0,7.0,2
3,20,360,10,25,-6,0,1.0,-12
3,20,210,67,76,70,3,8.0,3
3,20,230,118,130,112,0,8.0,0
3,20,240,36,89,39,0,7.0,-1
3,20,290,57,70,55,7,8.0,-2
3,20,300,26,38,10,0,1.0,-13
3,20,120,31,48,4,0,6.0,0
3,20,190,62,114,98,-1,8.0,3
3,20,220,21,94,78,0,6.0,-2
3,20,160,46,159,102,0,4.0,-8
3,20,190,62,120,33,0,8.0,-2
3,20,230,72,64,9,0,1.0,-11
3,20,150,36,27,12,0,7.0,5
3,20,220,51,16,-15,0,3.0,6
3,20,170,21,5,-14,0,1.0,2
3,20,200,41,21,18,-1,8.0,3
3,20,210,31,27,4,0,6.0,-4
3,20,160,77,51,-3,0,7.0,2
3,20,190,31,21,18,0,2.0,1
3,20,150,21,40,15,0,1.0,-8
3,20,120,51,71,-1,0,5.0,-5
3,20,110,15,69,22,0,1.0,-12
3,20,20,21,72,36,0,0.0,-9
3,20,50,36,51,14,0,0.0,-4
3,20,110,31,29,-9,0,7.0,-2
3,20,180,31,32,11,0,7.0,2
3,20,190,51,55,23,0,7.0,2
3,20,270,67,64,23,0,4.0,3
3,20,220,82,71,42,0,6.0,-19
3,20,250,10,26,-5,0,2.0,-16
3,20,280,51,45,17,0,8.0,7
3,20,300,10,27,-15,0,2.0,-7
3,20,220,5,27,1,0,0.0,-11
3,20,180,15,74,4,0,0.0,-15
3,20,220,41,76,64,0,7.0,7
3,20,220,26,47,12,0,8.0,-5
3,20,260,57,91,64,2,8.0,-1
3,20,310,51,14,-20,0,1.0,-7
3,20,140,46,5,5,8,8.0,0
3,20,350,36,34,-23,0,0.0,-7
3,20,180,10,28,-10,0,1.0,0
3,20,270,36,92,92,0,8.0,2
3,20,360,21,4,-23,0,0.0,-8
3,20,280,15,20,-11,-1,8.0,-5
3,20,340,15,-5,-13,0,1.0,-3
3,20,270,21,33,33,5,8.0,4
3,20,280,10,11,2,0,8.0,0
3,20,290,26,37,22,0,7.0,3
3,20,80,77,28,-8,0,1.0,-9
3,20,90,36,25,-24,0,0.0,-12
3,20,80,36,15,-34,0,0.0,-17
3,20,50,46,15,-54,0,0.0,-17
3,20,80,62,-20,-87,0,0.0,-8
3,20,70,51,-31,-80,0,0.0,1
3,20,70,51,-25,-63,0,0.0,1
3,20,80,57,14,-35,0,1.0,-6
3,20,60,62,32,-17,0,2.0,-12
3,20,70,57,53,16,0,8.0,-9
3,20,180,5,59,37,0,8.0,-8
3,20,50,15,49,24,0,8.0,-4
3,20,320,15,50,32,0,3.0,-13
3,20,70,26,68,32,0,7.0,-17
3,20,120,10,72,71,0,6.0,-18
3,20,130,5,71,71,-1,8.0,7
3,20,230,26,96,96,1,8.0,-2
3,20,50,21,45,33,0,2.0,-6
3,20,60,36,70,34,0,7.0,-2
3,20,40,57,30,-10,0,7.0,-7
3,20,360,31,16,-49,0,0.0,-12
3,20,270,36,29,25,5,8.0,-6
3,20,310,21,25,15,0,7.0,-3
3,20,290,10,7,-27,0,0.0,-8
3,20,310,21,10,-11,0,3.0,-18
3,20,200,50,121,82,0,7.0,-1
3,20,250,30,74,65,0,6.0,0
3,20,990,10,75,34,0,8.0,6
3,20,110,20,81,69,0,6.0,-1
3,20,230,40,77,60,0,5.0,7
3,20,100,20,46,36,0,2.0,-3
3,20,140,20,85,49,0,5.0,6
3,20,20,20,87,73,0,0.0,-11
3,20,70,30,71,51,0,0.0,4
3,20,310,20,93,60,0,0.0,-8
3,20,80,30,49,42,0,8.0,-2
3,20,250,40,110,75,0,0.0,-7
3,20,270,40,96,79,0,8.0,-1
3,20,250,20,97,81,0,7.0,0
3,20,260,30,105,99,1,8.0,1
3,20,260,40,100,79,0,8.0,-2
3,20,70,30,63,48,0,4.0,-16
3,20,250,40,55,48,0,3.0,9
3,20,340,40,43,8,0,8.0,-4
3,20,250,30,60,45,0,7.0,-4
3,20,350,30,40,20,0,2.0,-11
3,20,150,10,50,-6,0,5.0,2
3,20,280,20,73,64,0,8.0,-6
3,20,0,0,68,61,0,8.0,-2
3,20,200,10,61,58,0,5.0,6
3,20,250,90,112,93,2,8.0,-8
3,20,240,70,119,62,0,7.0,2
3,20,300,60,66,5,0,2.0,-5
3,20,290,30,73,48,0,7.0,0
3,20,290,20,71,35,0,0.0,-8
3,20,320,10,66,30,0,0.0,-13
3,20,200,30,11,11,0,,7
3,20,240,60,76,65,1,,-5
3,20,230,120,128,123,12,,-2
3,20,240,30,53,38,0,,-10
3,20,220,50,51,16,0,,8
3,20,240,80,104,100,16,8.0,-1
3,20,250,80,94,69,-1,7.0,-12
3,20,20,40,10,-46,0,1.0,-5
3,20,330,20,22,-5,0,1.0,-29
3,20,180,60,65,-41,0,7.0,-3
3,20,990,10,40,38,1,8.0,-1
3,20,300,20,14,-9,0,3.0,5
3,20,280,40,64,61,-1,,-5
3,20,280,30,71,67,-1,,1
3,20,320,30,87,85,0,,0
3,20,250,30,88,63,0,,-3
3,20,250,30,94,85,0,,-2
3,20,290,20,63,45,0,,-8
3,20,280,20,46,14,0,,-9
3,20,320,40,75,72,1,,-2
3,20,350,20,48,8,0,,-8
3,20,330,30,67,49,-1,,-10
3,20,40,20,1,-52,0,,8
3,20,80,10,5,-28,0,,-5
3,20,140,30,61,-50,0,,-10
3,20,190,70,72,58,-1,,-2
3,20,190,30,105,101,0,,1
3,20,100,20,109,88,0,,0
3,20,100,20,149,88,0,,-2
3,20,990,10,145,127,0,,-18
3,20,990,10,95,84,0,,-14
3,20,260,50,100,95,1,,-2
3,20,200,80,119,109,0,,4
3,20,190,70,79,51,0,,-9
3,20,150,20,53,33,0,,-7
3,20,280,20,40,34,2,8.0,3
3,20,220,40,36,26,0,7.0,0
3,20,170,50,34,27,3,8.0,-2
3,20,120,40,43,37,1,8.0,0
3,20,240,20,44,41,0,5.0,-16
3,20,990,10,14,11,0,1.0,-6
3,20,80,40,40,22,0,6.0,1
3,20,140,40,112,82,0,7.0,-11
3,20,290,20,103,88,0,3.0,-9
3,20,330,20,76,47,0,2.0,-9
3,20,990,10,45,30,0,0.0,-9
3,20,60,30,73,37,0,7.0,-3
3,20,350,10,55,29,0,5.0,-13
3,20,340,50,69,59,-1,8.0,-3
3,20,290,40,63,35,-1,8.0,-5
3,20,260,30,67,53,0,8.0,-6
3,20,210,50,55,51,2,8.0,-1
3,20,280,30,47,15,0,8.0,0
3,20,230,30,85,85,4,8.0,0
3,20,80,10,44,38,0,0.0,-9
3,20,190,40,123,78,0,7.0,-2
3,20,250,30,90,83,1,8.0,-4
3,20,350,40,79,39,0,4.0,-13
3,20,230,10,51,26,0,1.0,-18
3,20,170,20,96,20,0,1.0,-9
3,20,240,20,124,83,0,6.0,6
3,20,70,40,101,79,0,0.0,2
3,20,290,40,43,23,0,,-4
3,20,220,110,57,44,12,,4
3,20,280,20,48,24,0,6.0,-17
3,20,280,50,-4,-7,5,,2
3,20,240,30,24,11,0,,-12
3,20,230,70,78,22,0,,-1
3,20,230,70,85,74,8,,-1
3,20,260,100,125,106,-1,,-3
3,20,290,30,94,73,0,,-4
3,20,260,60,99,97,0,,-4
3,20,310,30,77,50,0,,-3
3,20,170,30,75,47,0,,3
3,20,250,40,91,84,0,8.0,-1
3,20,310,60,52,38,1,5.0,-2
3,20,260,60,61,33,-1,,3
3,20,280,40,78,67,1,,-3
3,20,340,40,76,56,-1,,-4
3,20,310,20,51,47,5,,1
3,20,990,10,18,11,0,,0
3,20,310,10,67,48,0,,9
3,20,10,20,28,18,0,,5
3,20,310,20,88,54,0,,-16
3,20,60,40,86,59,0,,8
3,20,230,20,74,67,0,,-6
3,20,270,20,79,67,0,,-8
3,20,140,30,61,41,0,,-5
3,20,20,40,58,38,0,,-7
3,20,40,50,36,24,0,,0
3,20,50,60,71,49,0,,-5
3,20,990,10,60,50,0,,-2
3,20,0,0,59,40,0,,-6
3,20,300,10,17,12,0,,2
3,20,50,30,11,-2,0,,-2
3,20,50,40,-3,-24,0,,-4
3,20,10,20,23,-2,0,,-3
3,20,80,30,-10,-30,0,2.0,7
3,20,90,50,38,-10,0,4.0,-7
3,20,100,20,68,62,0,,4
3,20,210,70,107,82,0,,-10
3,20,200,50,97,79,0,,-3
3,20,220,60,114,103,1,,-3
3,20,170,60,126,121,6,,3
3,20,170,30,65,17,0,2.0,-6
3,20,260,30,40,18,0,3.0,-17
3,20,200,10,29,12,0,,-12
3,20,150,20,84,46,0,,-7
3,20,60,70,73,38,0,,-2
3,20,40,20,53,46,0,,-9
3,20,340,30,52,49,29,,-5
3,20,350,20,2,-43,0,2.0,-15
3,20,80,70,36,-28,0,8.0,-7
3,20,990,10,29,26,0,,7
3,20,190,20,41,27,0,,5
3,20,260,70,88,68,0,,-3
3,20,50,60,43,30,0,,-4
3,20,20,30,25,-4,0,,-1
3,20,80,50,26,-1,0,8.0,-1
3,20,110,70,41,-7,0,5.0,-6
3,20,180,70,75,39,0,,-7
3,20,180,20,35,30,0,,0
3,20,250,20,43,31,0,,-11
3,20,210,50,120,76,0,,-3
3,20,20,20,20,-16,0,,-5
3,20,270,30,34,-1,0,,-5
3,20,240,40,56,35,0,,-5
3,20,0,0,28,19,0,0.0,-10
3,20,250,20,69,45,0,7.0,-12
3,20,240,80,92,81,0,,1
3,20,270,30,67,24,0,,-8
3,20,190,40,78,33,0,,-6
3,20,280,110,75,25,5,,-15
3,20,200,60,83,16,0,,0
3,20,210,10,54,4,0,6.0,-8
3,20,10,20,82,77,6,8.0,-2
3,20,40,40,33,14,0,,1
3,20,90,80,32,19,8,,-2
3,20,100,40,62,45,0,,2
3,20,70,20,85,57,0,,0
3,20,160,20,100,93,-1,,-2
3,20,210,70,98,70,0,,1
3,20,230,30,80,60,0,7.0,0
3,20,220,40,92,77,3,,-2
3,20,260,40,100,87,0,,-6
3,20,350,20,44,5,0,,-7
3,20,360,30,51,17,0,,-5
3,20,30,20,27,-16,0,,-22
3,20,990,10,13,-13,0,5.0,6
3,20,30,20,45,-14,0,2.0,-27
3,20,40,40,42,-22,0,,-9
3,20,60,30,69,-4,0,,-15
3,20,0,0,54,8,0,,-10
3,20,140,20,102,31,0,,-15
3,20,990,10,95,75,0,,-10
3,20,140,40,103,71,0,,-12
3,20,310,40,61,54,0,,-1
3,20,160,20,53,32,0,,-19
3,20,180,30,95,46,0,,-7
3,20,120,20,121,77,0,,-3
3,20,250,20,36,25,0,,-10
3,20,180,50,74,33,0,,-4
3,20,230,80,78,58,2,,1
3,20,220,40,68,36,0,,-9
3,20,190,40,103,69,0,7.0,-4
3,20,250,50,92,82,6,8.0,0
3,20,320,30,65,41,0,,0
3,20,30,20,40,-9,0,,-3
3,20,60,50,41,-2,0,,-1
3,20,50,40,43,3,0,,-18
3,20,990,10,22,-7,0,,-9
3,20,10,10,31,5,0,7.0,-12
3,20,990,10,41,13,0,3.0,-20
3,20,350,20,35,12,0,4.0,6
3,20,80,10,12,-6,0,,-7
3,20,60,40,30,-22,0,,-7
3,20,70,30,56,-46,0,,-19
3,20,0,0,53,-23,0,,-13
3,20,290,30,130,25,0,7.0,-7
3,20,990,10,78,39,0,2.0,-11
3,20,10,20,60,2,0,,19
3,20,320,10,82,31,0,,-39
3,20,60,40,132,46,0,,-8
3,20,260,10,129,87,0,,-10
3,20,350,30,75,41,0,,-5
3,20,350,10,58,1,0,6.0,-19
3,20,280,30,22,-17,0,7.0,-7
3,20,280,40,30,-2,0,5.0,-11
3,20,130,10,-9,-29,0,,-4
3,20,80,40,52,4,0,,-5
3,20,60,30,42,-10,0,,0
3,20,280,30,10,-21,0,,-5
3,20,350,20,45,21,0,,-13
3,20,320,20,25,4,0,1.0,-3
3,20,50,50,11,-21,0,2.0,0
3,20,50,30,10,2,0,,1
3,20,80,30,0,-15,0,,16
3,20,120,50,36,28,4,,3
3,20,190,30,76,39,0,,-9
3,20,200,80,114,42,0,,-7
3,20,210,50,118,78,0,7.0,2
3,20,170,10,106,96,0,6.0,-11
3,20,300,20,122,83,0,,-17
3,20,250,90,115,73,0,,-15
3,20,260,50,103,95,46,,-1
3,20,250,140,130,94,0,,-7
3,20,220,80,67,43,0,,-13
3,20,260,10,30,16,0,1.0,0
3,20,330,20,39,18,0,3.0,-2
3,20,360,30,49,13,0,,-15
3,20,20,10,16,-16,0,,10
3,20,20,10,9,0,0,,-3
3,20,230,10,16,-18,0,,-15
3,20,310,10,40,-7,0,,-10
3,20,30,10,61,23,0,0.0,-4
3,20,70,50,89,21,0,0.0,1
3,20,70,30,99,52,0,,-9
3,20,220,90,-4,-59,0,,-1
3,20,90,10,-11,-12,-1,,-2
3,20,30,50,-21,-43,0,,-3
3,20,200,30,-17,-28,-1,,0
3,20,50,50,-23,-58,0,,-3
3,20,320,20,10,8,4,,5
3,20,320,30,38,30,2,,1
3,20,300,30,45,37,1,,5
3,20,340,20,22,6,0,,-12
3,20,220,20,11,-8,0,,-8
3,20,280,40,9,5,19,,4
3,20,280,70,39,24,0,,2
3,20,230,30,6,-22,0,,0
3,20,260,30,48,0,0,,-16
3,20,220,60,111,63,0,,-2
3,20,200,60,168,81,0,,0
3,20,250,70,129,90,0,,-10
3,20,270,40,114,78,0,,-1
3,20,50,40,101,90,0,,-10
3,20,80,40,72,32,0,,-8
3,20,100,40,101,40,0,,-7
3,20,230,20,118,115,-1,,-2
3,20,70,30,103,68,0,,1
3,20,270,40,119,111,0,,-8
3,20,320,20,105,92,0,,-5
3,20,50,20,94,69,0,,1
3,20,120,20,126,115,0,,-7
3,20,270,20,94,81,0,,-1
3,20,50,40,107,98,0,,-5
3,20,100,30,114,110,2,,0
3,20,50,30,99,34,0,,-13
3,20,230,60,2,-34,0,,-2
3,20,200,50,-5,-19,0,,-5
3,20,300,10,-17,-24,0,,-8
3,20,250,20,-25,-50,0,,16
3,20,250,40,14,2,0,,2
3,20,290,30,15,-1,1,,2
3,20,150,40,28,-29,0,,-2
3,20,170,10,69,68,20,,-3
3,20,190,30,72,69,1,,0
3,20,230,40,34,24,0,,-1
3,20,360,40,-30,-58,0,,-3
3,20,80,10,-31,-78,0,,-9
3,20,80,40,-15,-53,0,,2
3,20,80,40,4,-46,0,,-5
3,20,50,40,4,-31,0,,-8
3,20,60,50,13,-29,0,,-2
3,20,50,50,9,-36,0,,-3
3,20,70,30,-16,-29,0,,3
3,20,50,40,41,18,0,,-4
3,20,40,50,30,-15,0,,-14
3,20,10,20,16,-52,0,,-1
3,20,30,20,3,-47,0,,-11
3,20,90,30,21,-48,0,,11
3,20,100,30,75,64,0,,2
3,20,190,40,125,73,0,,-3
3,20,210,50,148,130,0,,-5
3,20,220,60,107,76,0,,-2
3,20,230,60,85,27,0,,1
3,20,180,20,80,65,3,,-7
3,20,210,60,119,100,0,,1
3,20,230,50,104,72,0,,-4
3,20,260,90,87,26,0,,-6
3,20,120,20,15,-9,0,,15
3,20,220,30,39,33,0,,-4
3,20,120,50,108,55,0,,1
3,20,180,50,72,28,0,,0
3,20,190,80,84,74,8,,-1
3,20,260,50,73,53,0,,-6
3,20,230,20,44,30,0,,-4
3,20,270,20,42,30,0,,-21
3,20,230,20,51,35,0,,-12
3,20,160,20,68,61,0,,-13
3,20,20,20,67,36,0,,6
3,20,340,20,74,31,0,,-5
3,20,270,10,44,31,0,,-7
3,20,280,10,47,35,0,,3
3,20,230,30,48,39,0,,12
3,20,220,60,108,83,0,,0
3,20,290,60,19,6,6,,0
3,20,300,20,23,-2,0,,-9
3,20,340,40,39,12,0,,-9
3,20,320,20,27,8,0,,2
3,20,340,60,61,5,0,,-3
3,20,20,20,57,15,0,,2
3,20,60,50,104,54,0,,-8
3,20,60,40,64,29,0,,14
3,20,70,40,86,19,0,,-10
3,20,80,30,93,11,0,,-17
3,20,20,10,76,22,0,,-13
3,20,50,10,79,74,0,,6
3,20,40,30,96,66,0,,0
3,20,50,60,133,42,0,,-12
3,20,250,60,84,30,0,8.0,-4
3,20,240,40,64,33,0,6.0,-16
3,20,240,50,32,-10,0,8.0,1
3,20,330,30,0,-8,4,8.0,-2
3,20,240,30,1,-35,0,7.0,11
3,20,230,50,69,61,0,8.0,0
3,20,240,30,58,50,0,8.0,-1
3,20,190,60,78,18,0,8.0,0
3,20,210,40,58,46,5,8.0,-3
3,20,170,80,67,30,2,8.0,5
3,20,240,90,107,83,0,8.0,0
3,20,260,90,71,4,0,1.0,-2
3,20,240,30,68,41,0,8.0,4
3,20,260,10,49,18,0,8.0,-6
3,20,70,40,74,56,0,2.0,-4
3,20,360,50,60,47,-1,8.0,-3
3,20,290,20,26,-5,0,8.0,-1
3,20,280,20,32,10,0,7.0,-7
3,20,310,40,37,2,0,7.0,-7
3,20,230,100,44,31,20,8.0,2
3,20,250,20,4,-8,0,5.0,-5
3,20,20,60,7,-31,-1,8.0,-3
3,20,200,20,15,-29,0,7.0,0
3,20,270,20,-6,-12,9,8.0,-4
3,20,270,50,2,-10,1,8.0,3
3,20,130,20,32,21,0,8.0,-2
3,20,70,20,52,44,0,8.0,0
3,20,180,60,66,52,20,8.0,3
3,20,160,40,84,21,0,2.0,2
3,20,170,30,83,73,6,8.0,-2
3,20,70,10,59,40,0,0.0,-2
3,20,220,50,93,76,1,8.0,-2
3,20,270,20,23,7,0,0.0,-16
3,20,160,40,65,5,0,3.0,-4
3,20,170,40,60,39,-1,8.0,-5
3,20,340,50,49,30,-1,8.0,-4
3,20,290,30,28,4,0,0.0,-7
3,20,200,40,76,42,0,8.0,-2
3,20,230,90,66,8,-1,7.0,-37
3,20,250,40,67,18,0,8.0,0
3,20,320,30,55,33,0,8.0,0
3,20,210,10,28,7,0,1.0,5
3,20,270,40,86,80,-1,8.0,-1
3,20,70,10,52,33,0,7.0,-4
3,20,250,30,83,69,0,8.0,2
3,20,310,20,81,57,0,8.0,-2
3,20,180,10,45,37,0,3.0,8
3,20,20,20,58,2,0,0.0,-9
3,20,20,10,18,-33,0,0.0,-17
3,20,10,20,41,-13,0,0.0,5
3,20,40,10,14,-37,0,0.0,-9
3,20,290,20,56,-18,0,0.0,-17
3,20,250,40,74,54,-1,8.0,1
3,20,280,40,41,10,0,1.0,1
3,20,280,20,20,-20,0,0.0,-23
3,20,280,30,52,33,0,7.0,5
3,20,230,90,90,76,0,8.0,-14
3,20,190,30,41,31,0,4.0,6
3,20,210,30,54,43,0,8.0,0
3,20,320,10,56,14,0,8.0,-6
3,20,0,0,32,0,0,0.0,-16
3,20,30,30,81,30,0,0.0,-10
3,20,300,20,26,3,0,0.0,-20
3,20,290,20,14,-7,0,0.0,-7
3,20,30,20,20,-8,0,8.0,0
3,20,340,20,0,-39,0,0.0,-8
3,20,260,60,15,10,4,8.0,14
3,20,40,40,-13,-54,0,0.0,-4
3,20,50,30,-15,-92,0,0.0,-3
3,20,50,30,-16,-39,0,0.0,2
3,20,50,40,3,-61,0,0.0,-11
3,20,30,50,-5,-26,0,0.0,-3
3,20,320,20,33,7,0,8.0,-1
3,20,270,20,41,3,0,8.0,-3
3,20,260,50,47,19,0,8.0,0
3,20,290,50,60,39,0,8.0,-3
3,20,290,50,55,43,14,8.0,2
3,20,180,20,34,15,0,6.0,4
3,20,190,20,77,18,0,8.0,-15
3,20,170,30,126,9,0,5.0,-8
3,20,190,30,138,87,0,7.0,-1
3,20,200,50,142,107,0,8.0,-11
3,20,290,10,48,34,0,8.0,-7
3,20,200,20,75,38,0,7.0,11
3,20,100,20,101,62,0,8.0,-6
3,20,150,20,147,67,0,7.0,-28
3,20,150,20,137,74,0,1.0,-4
3,20,190,50,102,52,0,8.0,-14
3,20,250,30,98,38,0,8.0,-2
3,20,200,10,78,68,0,6.0,-7
3,20,110,40,106,77,0,6.0,2
3,20,240,90,60,32,-1,8.0,-3
3,20,220,70,56,17,-1,7.0,-5
3,20,40,60,24,10,0,8.0,-1
3,20,50,50,15,-32,0,0.0,-4
3,20,40,40,16,-25,0,0.0,-6
3,20,360,20,7,-26,0,0.0,-13
3,20,30,30,25,-13,0,0.0,-7
3,20,40,30,7,-49,0,0.0,-2
3,20,110,20,18,-72,0,0.0,-3
3,20,190,40,55,-11,0,0.0,-17
3,20,240,30,46,22,0,8.0,6
3,20,240,90,94,56,0,8.0,3
3,20,110,10,21,-7,0,2.0,21
3,20,170,20,108,46,0,5.0,4
3,20,180,10,96,88,3,8.0,-1
3,20,60,20,98,90,0,8.0,1
3,20,60,60,108,84,0,0.0,-8
3,20,60,60,54,29,0,8.0,-3
3,20,290,40,54,50,0,8.0,-2
3,20,40,20,63,62,14,8.0,-8
3,20,990,10,11,-20,0,0.0,-9
3,20,0,0,20,-41,0,0.0,-3
3,20,0,0,44,-12,0,0.0,-7
3,20,360,20,88,41,0,0.0,-4
3,20,360,10,60,43,0,0.0,12
3,20,30,10,82,63,0,4.0,-6
3,20,350,30,101,58,0,8.0,-11
3,20,60,20,42,18,0,8.0,2
3,20,20,10,45,-6,0,0.0,6
3,20,0,0,34,2,0,0.0,-11
3,20,360,20,49,13,0,0.0,0
3,20,210,40,100,91,1,8.0,0
3,20,240,60,124,100,0,6.0,3
3,20,30,20,77,72,0,8.0,0
3,20,100,10,66,54,0,1.0,6
3,20,240,30,99,62,0,8.0,-3
3,20,140,40,87,80,1,8.0,0
3,20,160,50,41,8,0,8.0,0
3,20,160,10,42,18,0,8.0,0
3,20,220,40,46,40,3,8.0,7
3,20,280,20,42,20,0,0.0,-36
3,20,240,30,85,48,0,8.0,0
3,20,250,30,89,80,0,8.0,-1
3,20,290,20,79,55,0,3.0,-5
3,20,10,20,100,67,0,8.0,-5
3,20,30,20,80,43,0,8.0,-4
3,20,10,10,21,11,0,0.0,-11
3,20,130,20,72,50,0,0.0,-7
3,20,70,10,77,63,0,0.0,-22
3,20,190,40,89,70,-1,8.0,0
3,20,330,10,44,28,0,1.0,0
3,20,280,20,56,2,0,0.0,-30
3,20,290,10,93,38,0,8.0,-21
3,20,40,10,74,32,0,0.0,5
3,20,50,40,133,81,0,0.0,-12
3,20,10,10,100,56,0,0.0,-20
3,20,350,20,117,74,0,0.0,-12
3,20,360,20,102,50,0,0.0,0
3,20,340,20,109,65,0,0.0,-16
3,20,340,20,112,80,0,0.0,-13
3,20,300,30,107,16,0,0.0,-13
3,20,290,30,86,59,0,8.0,-2
3,20,290,30,78,59,0,8.0,-3
3,20,350,30,46,-8,0,4.0,-17
3,20,360,30,30,-11,0,8.0,-1
3,20,350,20,30,-14,0,8.0,-2
3,20,100,30,46,3,0,8.0,-5
3,20,130,40,66,-12,0,0.0,2
3,20,130,20,86,-2,0,3.0,7
3,20,50,40,106,15,0,7.0,-18
3,20,80,40,88,56,2,8.0,-5
3,20,70,40,94,75,-1,8.0,-6
3,20,260,30,46,36,0,8.0,0
3,20,40,60,-8,-37,0,8.0,-2
3,20,50,60,-26,-43,-1,8.0,1
3,20,20,20,-37,-91,0,0.0,-6
3,20,280,20,-13,-20,0,5.0,-1
3,20,340,10,-24,-61,0,0.0,-14
3,20,170,30,24,-8,0,7.0,2
3,20,140,70,53,-55,0,8.0,-2
3,20,120,40,47,34,-1,8.0,-3
3,20,110,30,51,0,0,7.0,-31
3,20,70,40,28,17,0,8.0,-4
3,20,270,10,5,2,0,8.0,0
3,20,80,20,-6,-21,0,4.0,-5
3,20,80,100,8,-46,0,8.0,-3
3,20,70,110,-10,-90,0,8.0,-3
3,20,80,100,0,-121,0,8.0,-6
3,20,70,90,4,-92,0,8.0,-4
3,20,80,70,6,-84,0,0.0,-16
3,20,60,50,8,-72,0,0.0,-14
3,20,30,40,3,-34,-1,7.0,-6
3,20,60,10,-30,-46,0,0.0,-9
3,20,350,10,4,-15,-1,8.0,-4
3,20,50,20,11,-24,0,8.0,0
3,20,190,20,45,34,0,7.0,7
3,20,160,50,50,-1,0,8.0,-7
3,20,110,30,41,5,0,1.0,-13
3,20,240,10,46,20,0,7.0,9
3,20,0,0,30,17,0,0.0,-10
3,20,170,20,80,6,0,0.0,-25
3,20,240,10,100,69,0,8.0,-4
3,20,130,40,111,45,0,0.0,-7
3,20,120,10,74,33,0,0.0,-6
3,20,350,30,90,75,0,0.0,-8
3,20,50,50,100,59,0,0.0,-15
3,20,20,10,63,35,0,0.0,-13
3,20,350,20,91,46,0,0.0,-9
3,20,230,40,59,36,0,2.0,24
3,20,250,50,93,50,0,8.0,2
3,20,220,30,59,40,0,7.0,-2
3,20,230,20,78,44,0,8.0,-11
3,20,260,70,92,67,6,8.0,-8
3,20,230,50,98,56,0,1.0,-15
3,20,200,50,154,56,0,2.0,-4
3,20,170,20,48,12,0,0.0,-3
3,20,190,20,25,6,0,0.0,15
3,20,240,20,34,18,0,0.0,-22
3,20,230,10,23,1,0,0.0,-11
3,20,20,20,49,-19,0,0.0,-5
3,20,40,20,38,3,0,0.0,-11
3,20,70,60,97,25,0,8.0,-3
3,20,60,50,101,50,0,0.0,-16
3,20,60,20,90,33,0,0.0,-10
3,20,40,10,114,63,0,8.0,-1
3,20,60,20,148,63,0,8.0,-15
3,20,220,60,71,28,0,8.0,3
3,20,270,60,47,-18,0,6.0,-10
3,20,220,30,18,7,0,5.0,9
3,20,290,40,49,28,4,7.0,0
3,20,240,20,14,-5,0,0.0,7
3,20,180,30,40,16,0,0.0,1
3,20,200,40,83,12,0,0.0,-9
3,20,280,30,88,57,0,0.0,-8
3,20,160,20,72,59,0,7.0,2
3,20,360,20,46,11,0,0.0,-4
3,20,60,20,18,-14,0,0.0,-16
3,20,60,30,43,6,0,0.0,4
3,20,60,40,40,-21,0,7.0,-11
3,20,50,30,40,29,-1,7.0,2
3,20,60,50,58,25,0,8.0,-1
3,20,40,10,40,21,0,2.0,-7
3,20,360,20,80,40,0,4.0,7
3,20,340,30,70,55,0,8.0,-4
3,20,80,10,24,24,0,6.0,14
3,20,230,20,34,28,0,8.0,6
3,20,10,50,61,38,-1,8.0,-5
3,20,330,10,0,-13,0,0.0,-6
3,20,310,10,47,19,0,1.0,-18
3,20,80,10,69,31,0,8.0,12
3,20,290,20,59,45,0,8.0,-1
3,20,220,50,60,54,-1,8.0,-1
3,20,280,10,54,14,0,0.0,-27
3,20,220,80,113,102,-1,8.0,5
3,20,270,70,81,47,2,8.0,-2
3,20,180,30,63,-1,0,8.0,2
3,20,270,80,51,3,2,4.0,3
3,20,200,80,51,44,4,8.0,5
3,20,200,70,38,20,-1,8.0,-5
3,20,210,20,-1,-19,0,0.0,5
3,20,230,10,4,2,0,9.0,-6
3,20,0,0,0,-5,0,2.0,-14
3,20,270,20,22,9,-1,8.0,-6
3,20,220,10,-5,-13,0,0.0,-3
3,20,180,40,35,17,0,8.0,0
3,20,100,30,37,-15,0,8.0,-6
3,20,50,30,41,3,0,8.0,-7
3,20,60,50,19,4,0,0.0,-12
3,20,80,30,10,-18,0,0.0,-16
3,20,70,40,5,-19,0,0.0,13
3,20,40,40,56,-11,0,8.0,-13
3,20,30,20,49,36,0,2.0,3
3,20,50,40,37,-19,0,0.0,-8
3,20,340,20,51,-1,0,0.0,-9
3,20,350,20,58,29,0,8.0,-3
3,20,330,20,59,18,0,8.0,-2
3,20,320,20,73,64,-1,8.0,-2
3,20,300,30,67,31,0,8.0,-5
3,20,340,30,80,47,0,7.0,-12
3,20,330,20,77,42,0,7.0,-3
3,20,230,20,66,47,-1,8.0,4
3,20,290,10,52,39,0,0.0,-6
3,20,160,60,120,60,0,8.0,-10
3,20,190,50,82,54,20,3.0,1
3,20,230,60,86,30,0,8.0,-8
3,20,160,30,61,37,0,3.0,9
3,20,280,10,73,11,0,8.0,-3
3,20,30,40,86,29,0,8.0,-6
3,20,170,20,61,50,4,,-3
3,20,230,40,38,13,0,3.0,5
3,20,130,30,84,33,0,8.0,6
3,20,190,50,79,69,31,8.0,-3
3,20,190,30,51,40,0,7.0,-2
3,20,310,20,62,36,0,8.0,-8
3,20,270,20,48,29,0,2.0,-13
3,20,280,30,83,68,0,7.0,-12
3,20,290,30,69,36,0,0.0,2
3,20,90,20,42,20,0,8.0,10
3,20,60,30,67,29,0,8.0,-9
3,20,50,10,59,4,0,8.0,11
3,20,280,20,68,49,0,8.0,-9
3,20,270,30,98,75,0,7.0,-3
3,20,300,10,61,25,0,0.0,-10
3,20,220,10,115,46,0,7.0,-18
3,20,220,40,77,15,0,8.0,8
3,20,270,30,102,97,1,8.0,-1
3,20,230,70,113,76,0,8.0,1
3,20,220,100,112,70,0,8.0,-14
3,20,170,10,30,-20,0,8.0,-5
3,20,100,20,54,15,0,8.0,-3
3,20,60,60,88,42,0,7.0,-8
3,20,50,50,94,18,0,2.0,-11
3,20,30,40,92,-2,0,4.0,-14
3,20,40,30,91,39,0,8.0,-17
3,20,340,10,74,7,0,0.0,-18
3,20,280,30,131,89,-1,7.0,-7
3,20,210,30,140,92,0,8.0,-10
3,20,100,10,127,82,0,8.0,6
3,20,110,10,124,112,0,8.0,-3
3,20,80,110,-36,-133,0,8.0,-2
3,20,90,70,-16,-115,0,8.0,-1
3,20,80,40,-28,-55,0,3.0,4
3,20,120,50,69,46,7,8.0,-4
3,20,90,20,59,24,0,8.0,-15
3,20,0,0,33,32,0,8.0,-27
3,20,250,60,55,43,4,8.0,-6
3,20,240,60,62,7,0,5.0,-23
3,20,120,30,74,57,2,8.0,-3
3,20,180,40,119,108,1,8.0,1
3,20,120,20,102,77,0,5.0,5
3,20,200,50,91,79,1,8.0,-1
3,20,250,30,51,39,0,8.0,-2
3,20,80,50,62,19,0,8.0,-6
3,20,130,30,74,57,15,8.0,-3
3,20,60,80,12,-8,0,8.0,-5
3,20,80,100,-20,-89,0,8.0,1
3,20,70,80,-15,-114,0,8.0,0
3,20,10,20,-12,-128,0,0.0,-1
3,20,340,30,19,-26,0,5.0,-9
3,20,250,30,29,-14,0,8.0,-23
3,20,260,20,49,39,0,6.0,-9
3,20,190,40,65,27,0,8.0,-3
3,20,30,10,35,3,0,0.0,-4
3,20,350,30,72,33,0,8.0,-9
3,20,270,10,53,27,0,6.0,-12
3,20,140,30,63,59,5,8.0,0
3,20,280,50,30,20,-1,8.0,8
3,20,110,30,55,23,0,8.0,-1
3,20,190,60,89,58,-1,8.0,-13
3,20,170,10,54,50,0,8.0,9
3,20,230,20,52,32,0,8.0,1
3,20,230,80,98,80,0,8.0,-9
3,20,200,100,118,88,-1,8.0,5
3,20,240,90,75,30,0,8.0,-15
3,20,190,40,63,33,0,8.0,-3
3,20,200,50,116,86,-1,8.0,-1
3,20,220,120,80,33,0,7.0,2
3,20,220,60,80,28,0,8.0,-6
3,20,260,50,81,29,0,8.0,1
3,20,260,40,34,8,7,4.0,-12
3,20,270,30,50,12,0,1.0,-28
3,20,270,80,48,31,9,8.0,-2
3,20,250,50,64,40,0,1.0,-1
3,20,280,40,81,39,0,2.0,4
3,20,280,30,88,55,0,8.0,-8
3,20,210,70,111,64,0,8.0,2
3,20,220,50,32,9,0,3.0,1
3,20,290,20,36,-2,0,0.0,-13
3,20,210,10,49,22,0,8.0,-7
3,20,310,10,109,83,0,8.0,-3
3,20,340,20,85,68,0,4.0,-17
3,20,300,20,128,53,0,8.0,-21
3,20,350,30,84,54,0,8.0,-12
3,20,280,20,55,9,0,0.0,-10
3,20,340,20,62,29,0,1.0,-8
3,20,300,20,78,35,0,8.0,-5
3,20,300,20,100,40,0,8.0,-4
3,20,350,10,61,53,0,6.0,-12
3,20,60,10,94,60,0,0.0,-6
3,20,10,10,125,74,0,8.0,-21
3,20,40,40,75,10,0,0.0,-10
3,20,200,10,51,20,0,8.0,1
3,20,270,50,65,55,2,8.0,-6
3,20,210,20,34,20,6,7.0,4
3,20,160,20,49,36,0,8.0,-2
3,20,100,30,60,55,38,8.0,-1
3,20,280,20,46,23,0,2.0,0
3,20,200,50,86,31,0,8.0,1
3,20,200,40,84,76,-1,8.0,-2
3,20,200,40,75,42,0,8.0,1
3,20,240,110,130,102,0,8.0,1
3,20,220,80,125,99,-1,8.0,-8
3,20,230,70,72,25,0,8.0,-1
3,20,260,10,49,41,0,8.0,-2
3,20,180,60,86,42,0,8.0,-1
3,20,0,0,88,67,0,7.0,-13
3,20,300,10,88,55,-1,8.0,-4
3,20,220,30,70,9,0,8.0,-11
3,20,210,20,121,82,0,8.0,-3
3,20,40,40,88,71,0,8.0,-3
3,20,50,50,53,31,2,8.0,-3
3,20,60,80,38,-27,0,0.0,-9
3,20,80,60,40,-50,0,0.0,-9
3,20,140,30,48,-92,0,0.0,-17
3,20,130,10,44,-89,0,1.0,-25
3,20,50,50,61,-55,0,8.0,4
3,20,40,50,69,-31,0,0.0,-7
3,20,40,40,117,8,0,0.0,-10
3,20,10,60,65,-3,0,0.0,-11
3,20,30,40,21,-91,0,0.0,-17
3,20,320,20,50,26,0,7.0,-8
3,20,40,10,22,-66,0,0.0,-1
