MM,HH,DD,FF,T,TD,RH,N,TC
4,10,240,93,115,54,0,6.0,9
4,10,230,103,129,41,0,5.0,18
4,10,230,67,89,78,-1,7.0,4
4,10,190,87,105,38,0,2.0,14
4,10,200,72,90,30,0,6.0,12
4,10,200,51,99,62,0,4.0,5
4,10,230,93,96,60,0,6.0,15
4,10,240,67,104,67,0,7.0,-10
4,10,260,21,120,71,0,6.0,4
4,10,130,36,154,61,0,4.0,9
4,10,150,57,178,70,0,7.0,11
4,10,150,26,182,25,0,3.0,14
4,10,60,46,173,49,0,0.0,10
4,10,20,26,122,81,0,0.0,17
4,10,30,36,158,65,0,0.0,14
4,10,360,62,83,21,0,7.0,7
4,10,330,67,61,33,-1,7.0,17
4,10,290,31,45,3,0,7.0,-4
4,10,20,46,37,33,-1,8.0,15
4,10,40,41,42,-31,0,4.0,4
4,10,280,26,63,-39,0,1.0,11
4,10,210,62,56,53,8,7.0,-7
4,10,260,57,73,30,0,5.0,-3
4,10,230,15,77,24,0,4.0,7
4,10,90,67,102,41,0,2.0,8
4,10,70,46,100,46,0,0.0,14
4,10,40,31,120,30,0,2.0,6
4,10,330,26,83,43,0,4.0,18
4,10,240,41,76,44,0,7.0,10
4,10,90,72,71,71,-1,8.0,2
4,10,240,51,75,46,0,7.0,5
4,10,200,67,70,36,-1,8.0,-9
4,10,300,36,63,46,8,7.0,3
4,10,10,21,64,13,0,4.0,5
4,10,350,26,70,13,0,6.0,-2
4,10,230,72,98,29,0,6.0,-7
4,10,170,31,111,29,0,7.0,9
4,10,80,62,114,34,0,7.0,11
4,10,80,62,124,17,0,0.0,7
4,10,80,31,125,32,0,1.0,7
4,10,990,10,144,47,0,5.0,11
4,10,240,72,124,36,0,4.0,14
4,10,240,103,89,35,0,7.0,-18
4,10,240,108,88,40,0,5.0,6
4,10,210,113,79,34,-1,7.0,-13
4,10,320,72,32,23,1,8.0,3
4,10,250,67,63,22,-1,8.0,-8
4,10,270,41,106,106,7,8.0,0
4,10,300,51,103,77,0,8.0,-1
4,10,990,10,86,32,0,4.0,9
4,10,90,31,120,38,0,7.0,18
4,10,230,46,122,89,0,7.0,5
4,10,220,41,100,79,2,7.0,-6
4,10,200,62,148,110,0,7.0,2
4,10,240,72,150,110,0,8.0,-1
4,10,240,123,166,86,0,8.0,-2
4,10,240,87,112,67,0,6.0,9
4,10,210,31,96,85,1,8.0,12
4,10,270,46,96,67,0,5.0,3
4,10,240,57,98,72,0,2.0,17
4,10,190,36,153,71,0,7.0,-7
4,10,250,51,69,22,0,7.0,3
4,10,990,15,92,25,0,3.0,10
4,10,250,46,75,32,-1,8.0,0
4,10,190,93,99,27,0,7.0,-2
4,10,230,108,84,37,-1,7.0,9
4,10,300,41,77,34,0,7.0,3
4,10,60,21,81,8,0,7.0,13
4,10,80,46,116,29,0,4.0,21
4,10,230,31,105,40,0,2.0,15
4,10,190,36,101,80,1,8.0,5
4,10,340,10,119,62,0,7.0,8
4,10,990,15,118,75,0,7.0,-1
4,10,200,26,120,69,0,5.0,13
4,10,300,21,86,75,0,7.0,13
4,10,240,26,67,66,0,7.0,6
4,10,240,82,109,63,-1,8.0,-10
4,10,240,93,118,81,0,7.0,5
4,10,240,67,112,86,0,8.0,3
4,10,200,46,178,104,0,4.0,13
4,10,210,51,195,76,0,1.0,17
4,10,250,72,185,90,0,6.0,4
4,10,170,57,160,101,0,5.0,8
4,10,210,62,185,85,0,7.0,12
4,10,230,36,163,80,0,7.0,7
4,10,230,67,174,83,0,6.0,15
4,10,50,93,203,125,0,4.0,16
4,10,70,93,221,17,0,2.0,13
4,10,70,57,217,72,0,1.0,9
4,10,90,67,236,92,0,0.0,6
4,10,240,175,106,24,0,6.0,-11
4,10,240,113,65,11,0,6.0,2
4,10,230,62,59,20,0,6.0,13
4,10,210,98,66,60,4,8.0,10
4,10,210,93,54,16,0,5.0,-5
4,10,240,46,63,35,0,6.0,-5
4,10,170,41,83,14,0,6.0,13
4,10,240,57,76,43,0,2.0,14
4,10,220,72,58,8,0,7.0,-20
4,10,80,26,61,3,0,4.0,10
4,10,30,72,61,41,0,8.0,9
4,10,350,62,66,50,0,8.0,6
4,10,340,93,114,46,0,6.0,2
4,10,310,57,58,-6,0,6.0,19
4,10,200,41,54,38,0,8.0,5
4,10,40,67,116,26,0,0.0,10
4,10,30,98,94,20,0,5.0,9
4,10,340,21,61,26,0,7.0,14
4,10,360,31,79,18,0,1.0,10
4,10,220,31,104,35,0,7.0,17
4,10,200,46,133,62,0,7.0,8
4,10,210,26,150,69,0,4.0,16
4,10,160,77,202,55,0,2.0,10
4,10,170,36,181,104,0,6.0,3
4,10,260,31,101,94,-1,8.0,4
4,10,220,67,119,94,0,7.0,4
4,10,240,62,140,131,-1,8.0,3
4,10,240,46,150,130,0,7.0,5
4,10,250,26,192,136,0,1.0,13
4,10,260,41,214,145,0,5.0,-1
4,10,240,57,108,105,0,8.0,2
4,10,240,93,128,110,0,4.0,8
4,10,250,62,105,83,0,7.0,9
4,10,300,36,109,83,0,7.0,8
4,10,230,15,91,12,0,7.0,19
4,10,260,31,103,85,0,8.0,1
4,10,230,82,135,102,0,3.0,7
4,10,10,77,78,4,0,5.0,10
4,10,350,31,63,5,0,6.0,4
4,10,240,51,64,59,-1,8.0,3
4,10,990,10,77,66,0,8.0,15
4,10,350,41,126,67,0,1.0,13
4,10,30,57,97,49,0,4.0,10
4,10,340,31,89,41,0,6.0,12
4,10,210,41,98,79,0,8.0,8
4,10,330,51,84,19,0,3.0,-3
4,10,250,77,83,79,-1,8.0,2
4,10,240,129,110,80,0,7.0,-8
4,10,80,26,58,29,0,7.0,0
4,10,230,46,65,20,0,4.0,5
4,10,70,62,95,48,0,7.0,4
4,10,190,36,145,108,0,7.0,4
4,10,50,51,145,61,0,5.0,8
4,10,360,21,102,102,-1,7.0,8
4,10,40,51,176,130,0,1.0,11
4,10,340,31,150,122,0,3.0,5
4,10,340,36,93,89,-1,8.0,-2
4,10,10,36,76,18,0,5.0,14
4,10,60,21,132,79,0,8.0,8
4,10,990,10,125,125,-1,8.0,-1
4,10,50,36,18,-16,0,3.0,12
4,10,10,46,25,-59,0,5.0,11
4,10,60,82,46,-27,0,5.0,1
4,10,40,67,47,-8,0,5.0,11
4,10,60,67,71,12,0,7.0,4
4,10,130,26,102,29,0,1.0,12
4,10,220,41,101,54,0,4.0,19
4,10,260,21,69,42,0,8.0,7
4,10,230,21,120,65,0,1.0,15
4,10,990,10,141,72,0,3.0,13
4,10,300,26,92,85,0,8.0,6
4,10,60,57,28,-1,0,7.0,14
4,10,90,82,61,-22,0,2.0,10
4,10,70,57,93,6,0,1.0,10
4,10,990,15,129,-5,0,4.0,2
4,10,230,31,152,-2,0,1.0,10
4,10,990,15,176,-21,0,3.0,10
4,10,240,51,127,72,0,3.0,15
4,10,210,51,172,80,0,4.0,12
4,10,190,46,207,59,0,7.0,15
4,10,180,46,204,44,0,1.0,15
4,10,170,51,215,80,0,4.0,6
4,10,210,77,155,108,0,8.0,1
4,10,240,72,143,74,0,4.0,2
4,10,240,57,122,66,0,3.0,11
4,10,250,31,143,55,0,1.0,12
4,10,70,31,181,87,0,1.0,10
4,10,990,5,121,88,-1,8.0,8
4,10,350,31,90,33,0,6.0,8
4,10,210,26,118,21,0,4.0,11
4,10,210,20,137,69,0,1.0,17
4,10,60,30,115,36,0,1.0,14
4,10,250,60,82,56,0,7.0,7
4,10,320,70,79,-17,0,6.0,2
4,10,230,80,78,70,13,8.0,6
4,10,30,50,69,-26,0,4.0,3
4,10,70,30,61,-32,0,1.0,9
4,10,70,30,93,-29,0,1.0,16
4,10,990,10,132,-19,0,6.0,16
4,10,320,20,128,-7,0,5.0,10
4,10,310,70,96,68,0,8.0,6
4,10,330,50,67,9,0,7.0,7
4,10,10,20,72,-15,0,3.0,10
4,10,240,40,89,34,0,8.0,7
4,10,340,50,65,-8,0,7.0,5
4,10,0,0,57,21,0,7.0,11
4,10,50,50,98,-20,0,3.0,12
4,10,350,30,78,27,0,5.0,18
4,10,10,60,65,-5,0,7.0,7
4,10,30,70,48,-53,0,3.0,13
4,10,80,20,84,-69,0,1.0,0
4,10,360,50,75,-4,0,7.0,0
4,10,230,30,90,-22,0,4.0,7
4,10,250,80,134,14,0,3.0,8
4,10,230,30,126,24,0,8.0,13
4,10,990,10,123,86,0,7.0,7
4,10,240,30,105,102,11,8.0,4
4,10,220,80,123,106,0,8.0,5
4,10,270,50,104,80,-1,8.0,6
4,10,330,40,116,69,0,4.0,11
4,10,230,90,138,99,0,8.0,7
4,10,210,60,133,108,0,7.0,9
4,10,200,60,125,106,7,8.0,-8
4,10,200,110,100,60,0,7.0,9
4,10,220,100,112,64,0,7.0,-12
4,10,220,80,100,62,0,6.0,14
4,10,70,50,84,54,0,8.0,-1
4,10,240,50,78,62,0,7.0,6
4,10,190,30,99,68,0,7.0,2
4,10,210,30,84,59,0,7.0,2
4,10,240,40,82,56,0,7.0,3
4,10,270,20,71,12,0,7.0,-6
4,10,240,80,48,5,0,7.0,2
4,10,210,80,63,12,0,7.0,1
4,10,170,80,70,37,-1,8.0,15
4,10,230,90,73,8,0,6.0,8
4,10,70,50,83,35,-1,7.0,6
4,10,990,10,93,38,0,6.0,9
4,10,230,40,85,47,0,7.0,9
4,10,190,70,100,84,6,8.0,3
4,10,220,40,121,71,0,7.0,7
4,10,160,20,183,80,0,5.0,13
4,10,180,40,203,95,0,3.0,8
4,10,240,80,107,93,-1,8.0,8
4,10,200,60,144,118,0,7.0,3
4,10,990,10,105,90,1,8.0,0
4,10,360,40,101,91,1,8.0,4
4,10,210,20,124,86,0,5.0,-24
4,10,70,30,143,73,0,3.0,12
4,10,10,20,122,107,0,7.0,4
4,10,80,60,148,69,0,1.0,19
4,10,80,30,169,73,0,1.0,11
4,10,230,30,154,83,0,7.0,-5
4,10,290,40,109,85,0,7.0,11
4,10,220,60,130,125,14,7.0,4
4,10,200,60,166,135,0,7.0,12
4,10,270,70,105,81,0,7.0,-11
4,10,330,40,96,69,0,7.0,0
4,10,230,40,121,81,0,2.0,16
4,10,240,70,117,94,0,8.0,6
4,10,280,50,107,51,0,5.0,4
4,10,200,90,72,64,2,8.0,29
4,10,260,100,61,29,-1,7.0,-6
4,10,240,30,51,14,0,7.0,-6
4,10,240,30,36,20,0,7.0,20
4,10,200,40,67,18,0,7.0,6
4,10,60,30,97,21,0,2.0,3
4,10,330,20,72,-8,0,5.0,11
4,10,990,10,69,38,0,4.0,17
4,10,170,60,107,37,0,6.0,10
4,10,220,80,134,68,0,5.0,11
4,10,220,100,113,89,0,7.0,-6
4,10,170,20,147,83,0,5.0,0
4,10,190,50,117,77,0,7.0,14
4,10,990,10,137,79,0,4.0,8
4,10,70,50,171,112,0,7.0,13
4,10,30,60,128,101,0,7.0,8
4,10,20,50,133,98,0,7.0,10
4,10,40,50,91,61,0,7.0,5
4,10,70,20,158,66,0,0.0,15
4,10,250,30,71,50,0,7.0,15
4,10,200,20,122,70,0,7.0,5
4,10,100,30,112,58,0,7.0,27
4,10,190,60,132,68,0,2.0,15
4,10,20,100,39,6,-1,8.0,10
4,10,40,70,66,-45,0,1.0,6
4,10,80,30,91,24,0,6.0,6
4,10,250,10,113,2,0,7.0,7
4,10,90,80,128,36,0,7.0,7
4,10,40,50,90,20,0,0.0,8
4,10,990,10,101,12,0,2.0,8
4,10,220,100,74,9,0,4.0,-1
4,10,210,100,83,24,0,7.0,-5
4,10,230,50,93,47,0,7.0,-3
4,10,200,90,107,53,0,7.0,3
4,10,190,40,96,27,0,2.0,14
4,10,230,80,107,59,0,7.0,10
4,10,210,70,112,60,0,7.0,7
4,10,230,40,145,85,0,2.0,4
4,10,170,50,167,69,0,6.0,6
4,10,250,70,150,85,0,7.0,8
4,10,990,10,164,89,-1,7.0,20
4,10,250,30,115,114,2,8.0,6
4,10,240,40,117,75,0,7.0,8
4,10,160,60,172,90,0,3.0,11
4,10,170,50,203,110,0,1.0,7
4,10,50,30,172,124,0,7.0,17
4,10,220,30,179,137,0,5.0,29
4,10,260,40,124,105,0,8.0,-1
4,10,70,20,151,124,0,7.0,7
4,10,210,30,148,103,0,6.0,9
4,10,170,40,188,84,0,5.0,16
4,10,240,80,125,59,0,7.0,-1
4,10,180,110,120,68,-1,8.0,-19
4,10,230,80,82,42,0,7.0,6
4,10,230,100,120,83,0,7.0,-3
4,10,250,60,88,37,0,4.0,9
4,10,290,40,77,52,0,8.0,8
4,10,180,50,83,56,0,8.0,7
4,10,240,70,82,71,9,7.0,-7
4,10,350,20,76,70,3,8.0,11
4,10,300,30,58,21,0,7.0,15
4,10,350,40,47,-22,0,7.0,9
4,10,230,20,42,-51,0,6.0,3
4,10,290,40,85,68,-1,7.0,-1
4,10,300,40,65,45,0,7.0,14
4,10,320,40,67,9,0,7.0,10
4,10,310,60,57,7,0,7.0,10
4,10,250,60,44,32,4,7.0,7
4,10,230,40,42,15,0,7.0,-3
4,10,350,40,62,24,0,6.0,13
4,10,990,10,89,24,0,1.0,13
4,10,320,20,91,40,0,8.0,16
4,10,160,60,131,29,0,7.0,8
4,10,200,30,106,92,-1,8.0,4
4,10,240,80,80,61,3,7.0,18
4,10,230,60,101,86,-1,8.0,4
4,10,220,80,96,82,11,8.0,13
4,10,210,60,129,83,0,7.0,2
4,10,100,30,162,112,0,3.0,9
4,10,130,20,147,66,0,1.0,13
4,10,130,50,190,38,0,1.0,5
4,10,90,80,151,48,0,1.0,18
4,10,70,70,142,23,0,4.0,13
4,10,80,50,116,-16,0,0.0,14
4,10,60,70,71,-23,0,1.0,9
4,10,70,60,89,-21,0,1.0,5
4,10,60,50,89,-26,0,0.0,16
4,10,40,50,97,-36,0,6.0,5
4,10,50,80,94,-14,0,0.0,7
4,10,70,50,96,13,0,1.0,6
4,10,30,60,106,32,0,2.0,7
4,10,360,70,72,37,0,8.0,6
4,10,240,40,84,27,0,4.0,17
4,10,250,40,53,42,-1,8.0,4
4,10,330,30,72,63,-1,8.0,-2
4,10,290,20,82,73,-1,8.0,6
4,10,240,50,120,59,0,7.0,7
4,10,270,30,107,51,0,7.0,3
4,10,990,10,96,70,0,1.0,19
4,10,20,20,132,62,0,2.0,9
4,10,250,30,154,92,0,7.0,10
4,10,250,20,149,109,0,7.0,5
4,10,250,30,147,112,0,7.0,22
4,10,240,40,131,117,0,8.0,-7
4,10,210,50,117,76,0,8.0,9
4,10,240,70,89,29,0,5.0,6
4,10,210,80,78,63,11,8.0,3
4,10,210,130,104,35,0,6.0,-39
4,10,210,100,117,56,0,7.0,2
4,10,230,90,128,-2,0,3.0,17
4,10,320,80,43,24,7,7.0,30
4,10,340,70,54,6,-1,8.0,-4
4,10,260,20,70,13,0,0.0,13
4,10,340,50,89,21,0,3.0,12
4,10,350,50,50,0,0,8.0,16
4,10,70,50,39,-107,0,1.0,8
4,10,50,40,52,-100,0,0.0,1
4,10,80,50,45,-76,0,4.0,0
4,10,40,20,24,-17,0,8.0,6
4,10,230,50,66,-17,0,2.0,5
4,10,60,30,114,-19,0,1.0,11
4,10,110,20,156,40,0,0.0,6
4,10,100,80,178,45,0,1.0,11
4,10,90,60,190,49,0,0.0,15
4,10,90,100,202,42,0,0.0,10
4,10,80,70,182,12,0,0.0,8
4,10,50,70,162,-5,0,0.0,-1
4,10,50,70,66,24,0,8.0,11
4,10,90,50,114,50,0,5.0,5
4,10,250,20,186,81,0,0.0,16
4,10,340,20,134,68,0,7.0,14
4,10,350,30,136,54,0,0.0,21
4,10,110,20,195,59,0,0.0,8
4,10,990,10,220,79,0,3.0,6
4,10,180,20,148,143,12,8.0,4
4,10,240,100,127,81,-1,8.0,10
4,10,170,40,156,106,-1,7.0,18
4,10,240,90,150,100,0,6.0,10
4,10,210,50,137,129,14,8.0,3
4,10,190,30,177,67,0,2.0,2
4,10,160,40,155,65,0,6.0,8
4,10,200,90,127,54,0,7.0,-6
4,10,240,90,109,40,0,6.0,5
4,10,260,70,79,42,5,7.0,9
4,10,290,50,50,29,3,8.0,-11
4,10,270,50,58,41,2,8.0,0
4,10,350,30,72,34,0,6.0,6
4,10,60,20,58,17,0,8.0,2
4,10,330,30,77,29,0,8.0,1
4,10,50,40,58,-2,0,8.0,5
4,10,50,40,88,9,0,2.0,15
4,10,360,40,89,57,1,8.0,7
4,10,10,10,119,57,0,1.0,18
4,10,180,40,160,36,0,0.0,7
4,10,120,40,175,49,0,0.0,10
4,10,200,40,189,67,0,0.0,6
4,10,190,100,118,30,0,7.0,3
4,10,210,70,80,22,0,8.0,15
4,10,210,40,118,44,0,3.0,15
4,10,200,50,152,111,0,8.0,-2
4,10,240,30,160,126,0,8.0,8
4,10,350,40,136,80,0,7.0,10
4,10,330,20,121,59,0,8.0,9
4,10,30,50,140,69,0,0.0,10
4,10,80,20,165,45,0,0.0,9
4,10,80,40,194,86,0,0.0,3
4,10,140,40,199,101,0,2.0,0
4,10,230,30,143,93,0,8.0,5
4,10,80,50,183,135,0,8.0,13
4,10,100,10,136,63,0,0.0,18
4,10,90,30,128,24,0,0.0,9
4,10,210,40,179,51,0,0.0,15
4,10,200,50,178,58,0,0.0,10
4,10,260,40,93,59,0,8.0,3
4,10,210,110,121,33,0,7.0,3
4,10,240,120,102,27,0,8.0,2
4,10,270,40,72,40,0,8.0,-12
4,10,340,60,51,-43,0,5.0,10
4,10,230,50,86,61,0,8.0,1
4,10,230,20,94,57,0,8.0,8
4,10,210,10,124,74,0,7.0,14
4,10,200,50,119,85,0,7.0,13
4,10,200,50,148,68,0,7.0,6
4,10,180,80,145,63,0,7.0,4
4,10,10,60,71,61,10,8.0,3
4,10,270,40,96,96,0,9.0,6
4,10,210,50,142,70,0,0.0,9
4,10,310,10,93,64,1,8.0,-3
4,10,340,30,83,72,-1,8.0,3
4,10,110,50,103,-15,0,0.0,8
4,10,80,20,127,2,0,0.0,7
4,10,100,50,162,-11,0,0.0,2
4,10,80,20,166,89,0,4.0,3
4,10,40,40,143,114,0,8.0,1
4,10,240,50,148,84,0,3.0,4
4,10,250,80,134,60,0,8.0,11
4,10,210,30,152,70,0,7.0,10
4,10,240,40,145,137,-1,8.0,7
4,10,260,20,177,119,0,8.0,12
4,10,220,90,128,86,0,8.0,6
4,10,200,100,102,78,3,8.0,4
4,10,300,40,83,34,0,8.0,16
4,10,280,40,66,-9,0,7.0,16
4,10,360,50,47,-19,0,6.0,10
4,10,230,50,79,2,0,0.0,11
4,10,230,50,89,24,0,1.0,5
4,10,230,90,98,14,0,8.0,6
4,10,230,60,87,11,0,6.0,6
4,10,20,60,52,0,0,8.0,8
4,10,260,30,66,-16,0,7.0,18
4,10,270,40,88,41,-1,8.0,-2
4,10,230,70,89,73,0,8.0,10
4,10,250,70,115,66,0,8.0,3
4,10,90,50,130,97,0,7.0,8
4,10,250,40,100,87,-1,8.0,21
4,10,240,40,94,83,2,8.0,7
4,10,220,60,121,68,0,8.0,1
4,10,220,60,122,54,0,8.0,1
4,10,230,20,137,46,0,2.0,12
4,10,240,20,160,53,0,4.0,12
4,10,310,30,83,45,0,8.0,9
4,10,230,30,110,46,0,4.0,5
4,10,70,40,149,74,0,8.0,19
4,10,220,30,197,103,0,0.0,6
4,10,250,30,129,123,1,8.0,-1
4,10,350,50,133,70,0,8.0,3
4,10,340,50,120,33,0,4.0,2
4,10,320,40,94,7,0,6.0,7
4,10,220,40,63,33,-1,8.0,10
4,10,60,70,130,39,0,0.0,13
4,10,50,50,147,37,0,0.0,13
4,10,330,30,69,23,0,7.0,16
4,10,40,90,81,-6,0,2.0,10
4,10,360,20,95,27,0,1.0,13
4,10,230,30,144,82,0,0.0,8
4,10,340,40,98,35,0,8.0,-1
4,10,990,10,118,41,0,0.0,14
4,10,230,40,129,57,0,3.0,16
4,10,230,50,138,83,0,8.0,12
4,10,140,20,143,60,0,8.0,2
4,10,70,40,177,97,0,0.0,13
4,10,50,30,191,109,0,4.0,15
4,10,50,40,220,112,0,0.0,10
4,10,60,20,262,91,0,0.0,5
4,10,990,10,250,55,0,2.0,4
4,10,340,30,145,83,0,0.0,13
4,10,990,10,109,23,0,2.0,15
4,10,250,40,133,59,0,1.0,10
4,10,30,30,110,15,0,0.0,4
4,10,50,40,110,18,0,0.0,13
4,10,260,20,183,61,0,0.0,10
4,10,210,40,216,76,0,0.0,14
4,10,230,30,205,83,0,0.0,14
4,10,190,40,254,97,0,0.0,4
4,10,80,40,251,93,0,4.0,2
4,10,60,40,238,90,0,0.0,15
4,10,50,40,250,99,0,0.0,9
4,10,40,50,198,117,0,0.0,12
4,10,90,80,167,25,0,0.0,17
4,10,220,80,121,60,0,5.0,3
4,10,280,50,87,49,-1,8.0,1
4,10,340,30,77,60,-1,8.0,4
4,10,240,30,69,50,0,8.0,6
4,10,230,50,88,77,0,8.0,-20
4,10,10,30,49,3,0,8.0,3
4,10,990,10,67,-1,0,0.0,-4
4,10,140,30,71,2,0,4.0,5
4,10,50,30,81,10,0,8.0,10
4,10,50,20,98,6,0,4.0,6
4,10,360,20,94,29,0,8.0,11
4,10,220,90,125,31,0,7.0,-10
4,10,190,30,82,54,1,8.0,15
4,10,290,10,66,57,7,8.0,11
4,10,290,20,69,46,0,8.0,6
4,10,50,40,67,6,0,8.0,6
4,10,60,60,82,-7,0,4.0,10
4,10,80,70,81,23,0,7.0,8
4,10,80,50,102,54,0,8.0,10
4,10,70,50,137,87,0,0.0,5
4,10,50,70,138,81,0,0.0,5
4,10,20,60,141,75,0,0.0,10
4,10,170,20,164,87,0,8.0,5
4,10,240,60,147,86,0,7.0,1
4,10,250,40,119,61,0,6.0,12
4,10,190,40,164,69,0,0.0,10
4,10,170,60,194,55,0,1.0,8
4,10,200,30,124,116,14,8.0,-21
4,10,220,70,125,57,0,5.0,16
4,10,190,70,130,67,-1,8.0,8
4,10,50,70,126,34,0,0.0,8
4,10,70,70,140,60,0,0.0,8
4,10,990,10,170,86,0,0.0,19
4,10,260,50,113,89,0,8.0,10
4,10,340,10,102,80,0,8.0,10
4,10,70,20,161,105,0,0.0,12
4,10,250,50,142,89,0,8.0,-1
4,10,200,110,130,40,0,7.0,-9
4,10,210,50,153,99,0,4.0,2
4,10,170,60,213,88,0,0.0,5
4,10,240,40,177,87,0,7.0,18
4,10,990,10,154,112,0,7.0,1
4,10,220,40,118,96,0,8.0,18
4,10,50,20,152,112,0,0.0,17
4,10,50,40,201,109,0,0.0,17
4,10,240,30,159,92,0,7.0,5
4,10,230,40,95,91,35,8.0,3
4,10,350,30,120,75,0,0.0,11
4,10,90,40,132,86,0,5.0,13
4,10,350,30,155,103,0,0.0,15
4,10,20,30,166,81,0,0.0,11
4,10,340,20,126,77,0,0.0,12
4,10,20,20,104,43,0,8.0,5
4,10,100,60,143,55,0,0.0,7
4,10,200,70,172,71,0,0.0,-12
4,10,210,30,165,120,0,4.0,9
4,10,220,100,138,64,0,7.0,12
4,10,230,50,86,72,3,8.0,3
4,10,40,20,141,65,0,3.0,11
4,10,990,10,161,83,0,2.0,1
4,10,240,80,59,2,0,7.0,13
4,10,180,70,96,7,0,6.0,14
4,10,190,70,92,54,-1,8.0,-4
4,10,200,80,78,47,-1,8.0,-10
4,10,220,60,85,44,0,3.0,4
4,10,180,50,129,17,0,0.0,11
4,10,210,40,159,64,0,7.0,5
4,10,300,30,88,85,11,8.0,1
4,10,260,10,112,59,0,0.0,8
4,10,350,40,95,37,0,8.0,4
4,10,50,60,78,37,0,8.0,17
4,10,30,60,72,42,0,8.0,28
4,10,20,50,114,59,0,0.0,16
4,10,360,40,73,48,0,8.0,23
4,10,40,50,108,44,0,0.0,13
4,10,20,50,73,20,0,8.0,4
4,10,50,20,103,13,0,0.0,16
4,10,0,0,159,26,0,0.0,8
4,10,30,20,61,42,0,8.0,3
4,10,270,40,131,51,0,0.0,8
4,10,990,10,86,20,0,8.0,-2
4,10,60,30,74,-8,0,2.0,12
4,10,60,50,118,25,0,0.0,11
4,10,80,40,163,18,0,0.0,9
4,10,220,20,197,53,0,8.0,22
4,10,230,50,137,99,0,8.0,12
4,10,310,20,149,90,0,2.0,17
4,10,180,30,203,83,0,0.0,3
4,10,230,60,237,107,0,2.0,-1
4,10,240,90,145,85,0,7.0,3
4,10,230,70,138,121,0,8.0,10
4,10,160,60,202,106,0,0.0,13
4,10,250,40,116,91,-1,8.0,-9
4,10,240,40,106,69,0,8.0,10
4,10,210,80,119,47,-1,7.0,2
4,10,240,60,162,82,0,4.0,13
4,10,230,50,173,81,0,0.0,9
4,10,220,30,144,89,0,7.0,9
4,10,50,20,112,40,0,0.0,14
4,10,60,50,147,51,0,2.0,14
4,10,230,30,191,95,0,0.0,10
4,10,330,70,103,35,3,6.0,3
4,10,290,40,113,19,0,7.0,6
4,10,340,10,102,27,0,8.0,11
4,10,80,40,135,-1,0,0.0,6
4,10,250,30,128,8,0,8.0,14
4,10,130,30,154,-3,0,0.0,7
4,10,90,60,171,33,0,0.0,7
4,10,210,40,206,46,0,0.0,17
4,10,80,30,210,22,0,0.0,8
4,10,200,30,223,64,0,0.0,9
4,10,70,50,238,56,-1,7.0,11
4,10,50,40,197,112,0,7.0,7
4,10,20,40,218,97,0,0.0,7
4,10,80,50,203,41,0,0.0,8
4,10,60,50,188,59,0,0.0,10
4,10,330,30,88,72,3,8.0,3
4,10,50,40,121,107,-1,8.0,-5
4,10,80,60,181,106,0,7.0,11
4,10,60,70,172,94,0,0.0,7
4,10,330,20,69,2,0,2.0,6
4,10,190,10,96,28,0,8.0,4
4,10,30,20,127,49,0,8.0,5
4,10,250,30,80,54,0,8.0,-2
4,10,50,60,65,37,0,8.0,3
4,10,340,20,77,7,0,2.0,9
4,10,10,60,38,23,-1,8.0,17
4,10,240,20,61,-36,0,8.0,7
4,10,220,70,89,74,-1,8.0,2
4,10,210,90,102,81,-1,8.0,3
4,10,240,40,90,39,0,8.0,10
4,10,220,40,81,52,-1,6.0,28
4,10,990,10,84,44,0,8.0,4
4,10,20,40,101,62,0,7.0,3
4,10,360,50,66,27,0,8.0,11
4,10,350,40,70,-12,0,6.0,-1
4,10,200,90,84,-33,0,7.0,4
4,10,190,90,107,35,0,8.0,-8
4,10,190,70,108,25,0,8.0,3
4,10,210,70,131,56,0,7.0,-17
4,10,200,80,102,55,0,7.0,-39
4,10,230,50,95,54,19,6.0,15
4,10,230,70,100,36,0,6.0,11
4,10,210,20,95,52,-1,8.0,7
4,10,180,70,112,50,0,7.0,7
4,10,200,110,125,63,0,4.0,3
4,10,220,80,129,65,0,8.0,-1
4,10,320,20,185,139,0,7.0,6
4,10,210,40,144,132,0,8.0,21
4,10,50,40,196,96,0,4.0,2
4,10,60,90,32,-71,0,1.0,9
4,10,80,70,41,-55,0,0.0,7
4,10,70,80,35,-36,0,8.0,6
4,10,70,70,45,-34,0,8.0,9
4,10,40,70,22,-25,0,8.0,2
4,10,30,40,25,11,-1,8.0,6
4,10,990,10,79,-52,0,0.0,8
4,10,90,70,77,-23,0,2.0,4
4,10,150,20,68,52,8,8.0,12
4,10,240,40,79,72,1,8.0,1
4,10,240,80,122,73,-1,8.0,-8
4,10,210,100,115,58,-1,8.0,-1
4,10,230,80,114,63,0,7.0,15
4,10,190,60,163,92,0,8.0,23
4,10,300,40,179,102,0,8.0,-19
4,10,240,70,172,78,0,8.0,4
4,10,220,50,177,101,0,8.0,19
4,10,250,70,140,28,0,0.0,8
4,10,260,30,96,42,0,8.0,4
4,10,50,60,84,-8,0,0.0,9
4,10,330,20,103,32,0,8.0,9
4,10,210,40,110,13,0,0.0,20
4,10,230,70,117,85,0,8.0,7
4,10,230,60,177,96,0,0.0,14
4,10,260,30,204,115,0,2.0,18
4,10,10,20,159,102,0,8.0,-3
4,10,10,50,75,22,0,7.0,10
4,10,70,20,82,-18,0,5.0,11
4,10,230,90,103,-12,0,8.0,12
4,10,40,30,119,18,0,8.0,13
4,10,220,30,171,88,0,2.0,13
4,10,340,20,193,88,0,5.0,6
4,10,200,70,190,76,0,0.0,2
4,10,300,10,145,105,0,8.0,4
4,10,240,40,117,88,0,7.0,5
4,10,210,50,155,97,0,7.0,10
4,10,210,40,188,118,0,2.0,17
4,10,240,90,92,37,0,8.0,6
4,10,250,50,117,50,0,7.0,-1
4,10,240,30,135,69,0,2.0,15
4,10,50,50,130,71,0,7.0,-1
4,10,200,30,108,79,0,0.0,22
4,10,260,40,116,79,0,8.0,7
4,10,300,50,110,29,-1,7.0,0
4,10,340,40,70,4,0,7.0,10
4,10,80,40,111,21,0,0.0,12
4,10,200,50,141,7,0,8.0,6
4,10,330,50,94,15,0,6.0,10
4,10,60,70,114,40,0,7.0,8
4,10,100,90,189,85,0,1.0,3
4,10,40,40,164,80,0,1.0,21
4,10,200,30,130,81,-1,8.0,18
4,10,200,10,170,112,0,0.0,0
4,10,270,20,172,110,0,7.0,8
4,10,60,50,198,127,0,2.0,19
4,10,200,30,166,79,0,1.0,-4
4,10,230,20,149,77,0,8.0,7
4,10,110,20,161,78,0,8.0,2
4,10,220,40,135,106,-1,8.0,-1
4,10,290,20,130,118,0,8.0,18
4,10,280,70,61,14,0,4.0,9
4,10,320,70,50,9,-1,7.0,21
4,10,200,30,77,8,0,7.0,5
4,10,40,60,35,26,2,8.0,19
4,10,340,30,68,18,0,6.0,4
4,10,230,20,54,16,0,8.0,6
4,10,240,30,102,23,0,3.0,10
4,10,60,30,79,54,0,8.0,-1
4,10,240,30,154,58,0,0.0,10
4,10,100,10,176,78,0,0.0,10
4,10,220,100,125,88,0,8.0,-11
4,10,220,40,117,13,0,0.0,11
4,10,270,20,99,34,0,5.0,13
4,10,240,60,173,92,0,1.0,16
4,10,230,40,204,92,0,0.0,13
4,10,40,50,125,80,0,2.0,10
4,10,40,70,113,10,0,8.0,12
4,10,50,70,120,2,0,2.0,-3
4,10,40,40,102,40,0,3.0,18
4,10,50,40,157,34,0,0.0,13
4,10,330,20,152,62,0,0.0,15
4,10,350,40,86,40,0,8.0,21
4,10,320,20,132,66,0,0.0,3
4,10,230,40,172,54,0,0.0,12
4,10,240,40,139,105,0,8.0,2
4,10,200,40,141,122,-1,8.0,-2
4,10,360,60,83,49,0,8.0,6
4,10,250,60,98,11,0,3.0,12
4,10,200,70,129,16,0,4.0,3
4,10,230,60,90,47,-1,8.0,2
4,10,80,30,93,45,0,3.0,0
4,10,80,20,108,48,0,8.0,8
4,10,190,50,171,112,0,1.0,5
4,10,240,40,110,92,2,8.0,19
4,10,260,20,109,92,1,8.0,9
4,10,230,70,112,58,0,8.0,3
4,10,230,70,89,28,0,6.0,3
4,10,220,20,84,47,0,8.0,6
4,10,190,40,125,44,0,0.0,10
4,10,40,20,110,71,0,8.0,3
4,10,90,50,178,80,0,0.0,19
4,10,220,40,156,75,0,0.0,2
4,10,60,20,107,87,0,8.0,9
4,10,190,20,142,81,0,4.0,-2
4,10,240,80,126,70,0,8.0,16
4,10,230,60,116,63,0,7.0,9
4,10,320,40,82,23,0,7.0,12
4,10,240,40,100,21,0,0.0,7
4,10,280,30,114,46,0,6.0,6
4,10,50,50,108,41,0,0.0,4
4,10,60,40,149,47,0,3.0,17
4,10,50,60,117,45,0,8.0,9
4,10,360,50,74,10,0,8.0,6
4,10,270,60,53,10,2,8.0,13
4,10,210,50,66,26,0,8.0,4
4,10,250,50,38,21,2,8.0,4
4,10,240,50,42,34,8,8.0,3
4,10,220,50,94,25,0,6.0,-14
4,10,220,100,109,27,0,8.0,-3
4,10,990,10,77,46,-1,8.0,0
4,10,210,40,136,104,0,8.0,6
4,10,990,10,139,71,0,0.0,1
4,10,30,20,75,74,0,8.0,9
4,10,990,10,144,64,0,5.0,3
4,10,290,20,77,69,0,8.0,8
4,10,320,40,83,36,0,7.0,-4
4,10,260,40,109,43,0,1.0,18
4,10,990,10,117,72,0,8.0,8
4,10,230,20,170,83,0,0.0,17
4,10,300,40,113,68,0,8.0,2
4,10,210,40,97,56,0,8.0,16
4,10,250,70,122,41,0,8.0,5
4,10,260,50,101,48,0,7.0,6
4,10,250,40,110,29,0,8.0,0
4,10,290,50,87,77,7,8.0,11
4,10,260,50,100,31,0,5.0,-3
4,10,20,40,62,37,0,8.0,10
4,10,350,40,75,8,0,3.0,-1
4,10,60,60,64,-40,0,5.0,6
4,10,280,20,78,-44,0,8.0,12
4,10,210,50,98,6,0,8.0,21
4,10,280,20,83,53,0,8.0,18
4,10,360,40,87,2,0,7.0,-1
4,10,230,60,127,23,0,8.0,10
4,10,260,60,72,-8,0,8.0,-6
4,10,260,20,89,4,-1,5.0,2
4,10,300,30,82,-6,0,8.0,7
4,10,210,30,87,44,0,8.0,8
4,10,310,20,102,25,0,8.0,11
4,10,140,60,174,7,0,8.0,10
4,10,250,50,67,36,0,8.0,10
4,10,170,60,105,25,0,8.0,13
4,10,190,60,127,54,0,8.0,8
4,10,190,60,130,89,0,8.0,2
4,10,280,60,66,40,1,8.0,0
4,10,110,50,118,-2,0,1.0,19
4,10,180,60,184,59,0,8.0,13
4,10,200,30,191,75,0,8.0,16
4,10,40,40,135,97,0,8.0,12
4,10,110,30,147,95,-1,8.0,13
4,10,160,10,102,81,8,8.0,1
4,10,40,40,113,102,0,8.0,17
4,10,250,40,133,84,0,8.0,7
4,10,990,10,138,97,0,8.0,10
4,10,200,50,166,112,0,8.0,6
4,10,250,40,152,95,0,8.0,3
4,10,210,40,176,75,0,8.0,8
4,10,100,30,211,92,0,6.0,10
4,10,140,40,258,88,0,8.0,11
4,10,220,30,248,129,0,1.0,9
4,10,340,20,195,136,0,0.0,11
4,10,180,20,226,139,0,8.0,8
4,10,240,50,161,88,0,7.0,1
4,10,230,60,120,78,0,8.0,10
4,10,270,50,143,93,-1,5.0,1
4,10,230,60,113,46,0,5.0,5
4,10,180,40,150,22,0,8.0,7
4,10,230,60,142,72,0,8.0,19
4,10,40,50,125,97,0,8.0,14
4,10,190,80,126,73,0,8.0,-6
4,10,60,50,103,35,0,0.0,14
4,10,210,40,115,74,-1,8.0,-10
4,10,190,50,77,44,0,8.0,3
4,10,990,10,73,27,0,8.0,5
4,10,60,50,102,27,0,8.0,-2
4,10,110,30,123,55,0,8.0,6
4,10,50,30,166,94,0,0.0,13
4,10,230,20,110,88,0,8.0,13
4,10,30,40,121,87,0,8.0,6
4,10,40,70,102,27,0,8.0,11
4,10,40,50,88,0,0,0.0,14
4,10,70,60,60,-48,0,8.0,26
4,10,50,50,47,-23,0,4.0,1
4,10,50,40,73,20,0,8.0,13
4,10,70,50,104,41,0,8.0,15
4,10,70,40,159,46,0,8.0,13
4,10,210,20,119,97,-1,8.0,11
4,10,70,50,183,55,0,0.0,15
4,10,70,70,202,43,0,0.0,9
4,10,40,50,203,75,0,0.0,18
4,10,60,40,207,60,0,0.0,20
4,10,80,60,223,31,0,0.0,2
4,10,80,70,159,50,0,8.0,12
4,10,190,60,217,88,0,4.0,16
4,10,150,60,169,78,0,8.0,-3
4,10,220,40,128,77,0,8.0,6
4,10,210,50,94,72,-1,8.0,-2
4,10,240,40,92,53,-1,8.0,8
4,10,350,20,132,66,0,3.0,11
4,10,350,40,129,73,0,8.0,7
4,10,60,30,74,-43,0,0.0,9
4,10,230,20,79,0,0,2.0,-5
4,10,270,50,85,27,0,8.0,8
4,10,130,20,113,-13,0,0.0,10
4,10,140,50,181,4,0,0.0,5
4,10,200,70,187,26,0,0.0,16
4,10,60,30,156,99,0,0.0,17
4,10,990,10,217,60,0,0.0,12
4,10,50,30,185,98,0,0.0,11
4,10,40,50,170,84,0,8.0,17
4,10,50,30,175,57,0,8.0,15
4,10,200,30,199,69,0,0.0,10
4,10,30,70,76,31,-1,8.0,3
4,10,20,40,67,-12,0,8.0,9
4,10,60,30,124,0,0,8.0,18
4,10,990,10,191,26,0,5.0,14
4,10,40,40,153,77,0,0.0,19
4,10,240,40,144,97,-1,8.0,-2
4,10,40,30,110,85,0,8.0,0
4,10,90,90,154,-2,0,0.0,15
4,10,60,80,170,-21,0,0.0,18
4,10,80,70,176,3,0,0.0,15
4,10,70,40,203,37,0,0.0,7
4,10,260,30,171,64,0,3.0,12
4,10,60,20,105,34,0,8.0,9
4,10,40,30,149,52,0,0.0,6
4,10,240,40,177,46,0,8.0,14
4,10,320,20,169,108,0,8.0,-19
4,10,240,70,129,83,2,7.0,14
4,10,220,80,131,45,0,1.0,7
4,10,250,67,120,65,0,6.0,19
4,10,220,62,107,78,0,7.0,14
4,10,240,72,107,65,-1,6.0,12
4,10,190,103,107,20,0,3.0,9
4,10,200,93,96,31,0,5.0,9
4,10,230,57,118,25,0,3.0,0
4,10,230,82,106,54,0,6.0,9
4,10,240,51,109,57,0,7.0,3
4,10,990,10,128,26,0,2.0,11
4,10,180,51,154,35,0,5.0,8
4,10,160,51,182,61,0,7.0,11
4,10,120,41,180,49,0,1.0,14
4,10,40,26,195,63,0,0.0,11
4,10,20,46,130,77,0,0.0,20
4,10,30,51,173,53,0,0.0,12
4,10,340,67,89,16,0,7.0,4
4,10,360,72,73,30,1,6.0,9
4,10,310,36,63,8,-1,7.0,-6
4,10,50,51,45,24,1,8.0,16
4,10,360,36,59,-37,0,6.0,-1
4,10,210,51,75,-42,0,3.0,2
4,10,310,31,55,28,1,6.0,34
4,10,330,57,45,25,10,7.0,12
4,10,120,36,98,9,0,5.0,0
4,10,110,51,108,5,0,2.0,8
4,10,70,57,120,30,0,1.0,9
4,10,50,41,115,35,0,0.0,13
4,10,350,36,93,10,0,4.0,10
4,10,280,36,100,-2,0,6.0,8
4,10,80,67,80,60,-1,8.0,3
4,10,230,31,82,48,0,5.0,11
4,10,190,62,70,29,-1,7.0,3
4,10,340,31,78,29,0,7.0,2
4,10,320,36,66,11,0,7.0,10
4,10,250,26,76,-14,0,3.0,7
4,10,220,51,79,34,0,7.0,7
4,10,160,51,104,32,0,6.0,16
4,10,60,41,126,30,0,7.0,11
4,10,80,36,135,15,0,1.0,2
4,10,70,36,135,27,0,1.0,9
4,10,40,31,144,38,0,7.0,10
4,10,250,51,112,63,0,1.0,10
4,10,250,77,70,29,28,7.0,7
4,10,240,62,92,36,0,7.0,6
4,10,210,77,63,46,7,8.0,1
4,10,350,82,60,-12,0,6.0,7
4,10,260,51,59,44,1,8.0,1
4,10,280,57,115,102,0,8.0,7
4,10,300,72,102,33,0,7.0,0
4,10,60,26,97,11,0,3.0,5
4,10,140,41,125,18,0,7.0,10
4,10,290,31,125,68,0,7.0,11
4,10,220,51,94,80,-1,8.0,3
4,10,220,72,135,75,0,7.0,3
4,10,230,51,116,100,-1,8.0,4
4,10,220,46,125,99,9,8.0,6
4,10,250,82,115,56,0,7.0,14
4,10,200,51,93,64,-1,7.0,8
4,10,270,51,112,71,4,6.0,-12
4,10,210,57,110,64,0,5.0,14
4,10,150,21,119,100,-1,8.0,-2
4,10,240,57,78,29,0,7.0,11
4,10,990,10,96,13,0,1.0,13
4,10,240,31,65,55,4,8.0,2
4,10,180,103,98,48,0,8.0,-8
4,10,250,72,86,59,4,8.0,6
4,10,280,41,81,54,-1,8.0,2
4,10,40,15,90,12,0,7.0,3
4,10,120,62,109,22,0,7.0,11
4,10,990,5,89,62,0,7.0,11
4,10,160,26,95,87,7,8.0,8
4,10,990,10,118,71,0,6.0,17
4,10,30,21,92,56,0,8.0,8
4,10,990,10,120,77,0,3.0,11
4,10,20,26,87,75,0,7.0,16
4,10,990,15,97,71,0,6.0,13
4,10,250,51,97,94,3,8.0,1
4,10,240,72,131,101,0,8.0,6
4,10,260,46,112,98,0,8.0,3
4,10,170,51,181,125,0,2.0,14
4,10,190,46,200,101,1,4.0,15
4,10,200,57,157,117,0,8.0,8
4,10,180,67,167,112,0,6.0,2
4,10,160,67,187,84,0,7.0,11
4,10,210,31,175,92,0,4.0,12
4,10,230,62,162,112,0,7.0,24
4,10,60,87,204,108,0,7.0,19
4,10,70,62,248,61,0,3.0,12
4,10,100,67,240,63,0,0.0,9
4,10,120,41,250,97,0,1.0,10
4,10,240,108,95,49,2,8.0,-4
4,10,260,57,48,25,1,6.0,-10
4,10,230,46,70,31,0,6.0,14
4,10,210,62,83,80,7,8.0,11
4,10,200,77,54,33,-1,7.0,-5
4,10,240,31,79,41,0,5.0,-16
4,10,150,46,92,34,0,7.0,0
4,10,230,51,75,64,-1,7.0,0
4,10,210,57,72,19,0,6.0,-3
4,10,990,10,54,13,0,5.0,27
4,10,20,87,114,57,0,1.0,12
4,10,20,72,123,64,0,5.0,10
4,10,340,87,104,41,0,6.0,15
4,10,280,51,56,24,1,3.0,18
4,10,170,10,74,44,0,7.0,1
4,10,60,62,125,42,0,2.0,11
4,10,20,93,101,20,0,3.0,-4
4,10,20,51,78,5,0,4.0,11
4,10,990,10,71,3,0,7.0,0
4,10,100,21,104,37,0,7.0,19
4,10,210,36,115,45,-1,7.0,10
4,10,140,46,158,48,0,2.0,15
4,10,160,72,202,79,0,7.0,10
4,10,170,51,187,95,0,7.0,11
4,10,260,26,112,96,-1,7.0,8
4,10,220,51,127,106,-1,8.0,7
4,10,230,36,140,134,0,8.0,1
4,10,260,36,142,117,0,8.0,12
4,10,220,21,188,111,0,3.0,12
4,10,290,31,183,134,0,6.0,13
4,10,270,36,115,102,0,8.0,10
4,10,240,57,138,96,0,0.0,16
4,10,260,51,96,72,0,8.0,7
4,10,280,51,123,90,0,7.0,9
4,10,170,21,104,34,0,7.0,19
4,10,270,31,115,89,0,8.0,5
4,10,270,57,143,103,0,4.0,2
4,10,350,62,82,2,0,4.0,8
4,10,340,36,75,-2,0,6.0,4
4,10,250,21,79,78,2,8.0,9
4,10,230,21,105,84,0,6.0,10
4,10,350,51,133,90,0,4.0,2
4,10,40,51,96,63,0,7.0,15
4,10,30,51,103,68,-1,8.0,8
4,10,250,31,93,77,-1,8.0,15
4,10,280,36,74,44,-1,8.0,13
4,10,270,67,93,67,-1,8.0,6
4,10,270,87,100,73,1,8.0,8
4,10,20,10,80,5,0,6.0,-1
4,10,190,41,76,33,-1,4.0,7
4,10,60,46,94,46,0,7.0,3
4,10,140,31,140,104,0,7.0,3
4,10,30,51,156,71,0,4.0,8
4,10,20,15,113,111,0,8.0,27
4,10,50,77,193,118,0,1.0,2
4,10,20,57,166,109,0,5.0,13
4,10,340,41,85,73,-1,8.0,5
4,10,60,21,86,15,0,7.0,6
4,10,80,41,111,48,0,7.0,13
4,10,10,21,91,86,2,8.0,6
4,10,50,41,39,-50,0,1.0,4
4,10,40,31,33,-28,0,6.0,12
4,10,60,62,55,-19,0,3.0,4
4,10,50,77,74,-18,0,0.0,15
4,10,70,72,93,12,0,3.0,15
4,10,120,36,73,37,0,8.0,22
4,10,290,36,112,47,0,1.0,9
4,10,240,31,75,46,0,8.0,7
4,10,220,21,96,65,0,7.0,9
4,10,140,21,143,64,0,7.0,12
4,10,320,31,103,75,0,7.0,3
4,10,80,82,50,-28,0,5.0,10
4,10,90,57,64,-22,0,6.0,18
4,10,100,46,102,-6,0,1.0,9
4,10,990,10,135,5,0,1.0,10
4,10,220,31,169,-22,0,3.0,6
4,10,150,31,174,-13,0,7.0,12
4,10,200,57,132,61,0,7.0,25
4,10,230,51,176,62,0,6.0,2
4,10,180,36,212,81,0,7.0,12
4,10,170,57,217,19,0,3.0,11
4,10,150,41,216,78,0,7.0,15
4,10,210,51,152,118,-1,8.0,16
4,10,200,36,138,64,0,6.0,19
4,10,230,26,132,70,0,2.0,1
4,10,250,31,148,81,0,7.0,19
4,10,360,15,175,94,0,1.0,9
4,10,330,31,161,73,0,2.0,-1
4,10,350,26,92,34,0,7.0,4
4,10,190,21,124,14,0,3.0,8
4,10,260,20,139,48,0,1.0,14
4,10,80,10,136,42,0,6.0,-1
4,10,280,60,113,74,0,7.0,-1
4,10,320,60,74,-15,0,4.0,11
4,10,260,70,91,86,10,8.0,0
4,10,30,60,76,-8,0,2.0,9
4,10,100,40,69,-45,0,1.0,10
4,10,100,30,103,-65,0,5.0,19
4,10,100,10,149,11,0,8.0,11
4,10,50,10,141,44,0,6.0,8
4,10,330,90,105,53,0,8.0,-5
4,10,350,50,94,29,0,7.0,0
4,10,10,20,77,18,0,7.0,10
4,10,270,30,115,74,0,7.0,11
4,10,330,50,76,12,-1,7.0,8
4,10,20,30,68,31,-1,8.0,0
4,10,70,40,117,-21,0,1.0,1
4,10,360,40,90,36,0,7.0,-2
4,10,360,60,71,1,0,7.0,4
4,10,30,70,74,-34,0,5.0,5
4,10,220,30,88,-58,0,1.0,11
4,10,30,50,94,11,0,3.0,5
4,10,240,30,99,-12,0,4.0,7
4,10,250,80,140,10,0,6.0,8
4,10,990,10,129,71,0,8.0,10
4,10,110,40,111,80,0,7.0,16
4,10,280,40,126,105,0,8.0,7
4,10,220,50,127,118,1,8.0,3
4,10,280,80,109,85,-1,8.0,-1
4,10,320,40,115,84,0,4.0,19
4,10,40,10,125,114,0,8.0,0
4,10,240,30,117,112,1,8.0,7
4,10,190,80,132,106,1,8.0,0
4,10,190,100,102,74,1,8.0,3
4,10,200,70,118,67,0,7.0,-9
4,10,210,50,108,71,-1,7.0,8
4,10,100,30,100,71,0,7.0,2
4,10,290,30,101,66,0,7.0,-3
4,10,140,30,93,72,0,7.0,18
4,10,180,20,86,72,2,7.0,7
4,10,240,50,77,57,0,8.0,12
4,10,280,50,83,-6,0,6.0,-3
4,10,240,40,35,33,10,8.0,5
4,10,210,70,64,19,0,7.0,3
4,10,140,50,55,46,9,8.0,9
4,10,230,70,84,20,0,5.0,8
4,10,120,30,99,38,0,6.0,16
4,10,150,30,110,47,0,6.0,9
4,10,250,20,106,62,0,6.0,2
4,10,190,60,105,93,-1,8.0,6
4,10,200,30,130,77,0,7.0,3
4,10,120,30,179,103,0,7.0,12
4,10,180,40,195,97,0,5.0,8
4,10,250,50,123,105,0,8.0,-7
4,10,190,60,150,134,-1,7.0,-8
4,10,230,30,116,73,0,7.0,3
4,10,60,20,136,80,0,8.0,3
4,10,230,30,127,72,0,7.0,4
4,10,110,30,156,88,0,4.0,3
4,10,30,30,129,102,0,8.0,1
4,10,120,70,165,57,0,0.0,14
4,10,140,40,167,67,0,0.0,18
4,10,200,30,121,102,2,8.0,0
4,10,300,40,98,86,0,8.0,26
4,10,220,30,129,124,2,8.0,7
4,10,220,50,160,134,0,7.0,-4
4,10,300,50,103,83,-1,6.0,1
4,10,340,50,90,60,0,8.0,0
4,10,220,40,130,92,0,7.0,4
4,10,230,40,109,85,0,8.0,6
4,10,280,60,100,47,0,5.0,0
4,10,260,60,103,86,5,6.0,6
4,10,300,80,76,31,0,5.0,-3
4,10,230,30,68,19,0,6.0,-17
4,10,190,50,78,-5,0,3.0,-6
4,10,190,30,75,24,0,7.0,6
4,10,350,20,90,18,0,4.0,0
4,10,330,30,82,-6,0,6.0,3
4,10,990,10,93,26,0,6.0,15
4,10,160,70,113,24,0,7.0,22
4,10,230,40,156,86,0,4.0,0
4,10,210,60,129,80,0,7.0,3
4,10,160,40,151,88,0,7.0,2
4,10,170,70,123,86,0,8.0,4
4,10,150,40,155,81,0,3.0,-3
4,10,70,50,168,110,-1,7.0,11
4,10,60,80,156,98,0,2.0,6
4,10,40,70,166,66,0,1.0,9
4,10,70,60,111,69,0,4.0,22
4,10,20,30,158,61,0,1.0,8
4,10,250,20,68,40,-1,8.0,11
4,10,190,50,125,78,0,7.0,4
4,10,140,40,141,51,0,7.0,12
4,10,200,70,138,76,0,2.0,2
4,10,40,100,70,-9,0,7.0,-7
4,10,50,50,72,-7,0,5.0,11
4,10,360,20,101,35,0,2.0,6
4,10,200,20,110,21,0,7.0,5
4,10,60,70,128,56,0,4.0,19
4,10,50,60,93,-9,0,1.0,8
4,10,200,30,99,-4,0,5.0,11
4,10,200,60,71,22,0,7.0,6
4,10,220,70,62,36,-1,7.0,1
4,10,260,30,84,46,-1,7.0,9
4,10,200,70,119,73,0,7.0,1
4,10,220,40,90,19,0,2.0,24
4,10,220,50,134,70,0,7.0,4
4,10,220,60,125,61,0,5.0,3
4,10,210,40,155,80,0,2.0,10
4,10,210,70,142,73,-1,7.0,13
4,10,240,50,157,88,0,6.0,3
4,10,100,30,135,117,1,7.0,10
4,10,300,30,117,106,0,8.0,-2
4,10,250,20,129,96,0,7.0,9
4,10,170,70,168,89,0,6.0,13
4,10,200,40,198,113,0,2.0,9
4,10,60,20,179,113,0,6.0,3
4,10,280,30,201,137,0,5.0,21
4,10,280,30,116,108,-1,8.0,7
4,10,30,10,147,112,0,7.0,11
4,10,220,40,131,103,0,7.0,17
4,10,150,30,186,99,0,2.0,20
4,10,270,60,123,54,0,5.0,14
4,10,210,80,96,78,12,8.0,-3
4,10,210,70,107,48,0,6.0,6
4,10,250,60,130,82,0,7.0,-3
4,10,230,60,99,38,0,4.0,18
4,10,300,60,99,64,0,6.0,-1
4,10,150,50,83,57,0,8.0,4
4,10,280,60,115,84,0,7.0,-2
4,10,10,60,82,69,0,8.0,6
4,10,330,50,84,6,-1,5.0,8
4,10,350,60,56,-25,0,7.0,9
4,10,240,30,45,-59,0,8.0,4
4,10,320,60,98,65,-1,7.0,2
4,10,340,40,82,41,-1,7.0,-3
4,10,290,40,72,18,0,7.0,0
4,10,320,70,73,0,-1,6.0,8
4,10,270,40,34,4,-1,6.0,32
4,10,280,30,69,49,-1,7.0,1
4,10,10,50,81,45,0,4.0,14
4,10,100,20,100,1,0,4.0,12
4,10,990,10,97,29,0,8.0,14
4,10,150,60,142,40,0,7.0,15
4,10,200,50,118,93,0,7.0,19
4,10,240,50,102,78,0,7.0,24
4,10,230,30,106,84,-1,7.0,7
4,10,220,70,107,86,2,8.0,10
4,10,190,40,122,83,-1,5.0,25
4,10,990,10,151,106,0,6.0,-2
4,10,190,20,143,66,0,,13
4,10,140,40,178,52,0,3.0,17
4,10,120,70,168,45,0,2.0,8
4,10,70,50,144,37,0,1.0,19
4,10,80,70,120,-16,0,0.0,15
4,10,60,80,67,-26,0,,23
4,10,70,40,94,13,0,,11
4,10,80,70,112,-39,0,0.0,11
4,10,40,20,101,-8,0,8.0,14
4,10,60,90,104,-5,0,2.0,16
4,10,70,60,111,12,0,3.0,7
4,10,20,70,111,27,0,4.0,2
4,10,350,70,85,39,0,,2
4,10,320,30,89,10,0,,5
4,10,300,30,69,51,-1,8.0,3
4,10,330,40,90,67,-1,8.0,2
4,10,290,30,101,54,0,7.0,8
4,10,230,30,113,77,0,7.0,6
4,10,240,30,122,43,0,6.0,8
4,10,280,20,111,65,0,,10
4,10,100,20,142,59,0,,13
4,10,240,30,170,63,0,7.0,18
4,10,290,40,164,106,0,7.0,13
4,10,250,20,186,122,0,6.0,9
4,10,260,40,103,101,0,8.0,12
4,10,220,60,122,74,0,8.0,-9
4,10,250,60,101,63,2,,11
4,10,210,70,97,79,0,,-1
4,10,230,80,49,31,50,8.0,44
4,10,190,90,119,70,0,,2
4,10,220,60,127,32,0,2.0,2
4,10,310,70,64,55,6,7.0,20
4,10,340,70,75,-1,0,6.0,-22
4,10,270,30,78,24,0,8.0,3
4,10,350,70,99,25,0,2.0,10
4,10,30,50,57,-5,0,8.0,9
4,10,80,60,50,-79,0,1.0,4
4,10,70,40,57,-106,0,1.0,5
4,10,60,50,56,-78,0,1.0,3
4,10,20,40,36,-22,0,7.0,2
4,10,220,40,59,6,0,8.0,11
4,10,100,20,118,-22,0,1.0,7
4,10,120,40,157,29,0,0.0,10
4,10,120,80,177,27,0,1.0,11
4,10,100,60,200,57,0,0.0,20
4,10,120,50,215,57,0,1.0,9
4,10,90,70,193,17,0,1.0,20
4,10,80,80,173,20,0,1.0,4
4,10,70,80,76,15,0,8.0,8
4,10,120,40,125,44,0,0.0,14
4,10,200,20,204,80,0,1.0,7
4,10,340,40,157,33,0,0.0,8
4,10,10,40,144,54,0,0.0,14
4,10,140,50,197,32,0,1.0,15
4,10,990,10,199,120,0,6.0,22
4,10,180,30,147,135,1,8.0,3
4,10,240,50,114,93,11,7.0,21
4,10,170,60,164,113,0,8.0,22
4,10,250,70,153,83,0,3.0,-1
4,10,200,40,152,120,0,8.0,-10
4,10,150,40,159,75,0,8.0,26
4,10,140,50,159,63,-1,6.0,3
4,10,190,100,129,69,0,8.0,-8
4,10,250,70,112,51,0,5.0,-17
4,10,240,40,77,58,65,6.0,-6
4,10,310,80,36,23,17,8.0,42
4,10,310,60,74,56,1,7.0,10
4,10,320,60,88,33,-1,7.0,12
4,10,20,30,78,38,0,8.0,-2
4,10,260,20,70,60,-1,8.0,4
4,10,30,30,83,30,-1,8.0,-1
4,10,30,30,99,28,0,8.0,3
4,10,10,40,102,71,0,7.0,9
4,10,40,10,127,67,0,0.0,-1
4,10,160,40,160,36,0,0.0,10
4,10,140,30,181,53,0,0.0,12
4,10,210,30,184,61,0,3.0,3
4,10,180,120,111,39,0,8.0,7
4,10,190,70,84,35,-1,8.0,5
4,10,250,20,114,60,0,3.0,10
4,10,200,40,144,111,0,8.0,14
4,10,360,30,155,109,0,7.0,7
4,10,20,50,158,53,0,1.0,2
4,10,0,0,118,65,0,8.0,3
4,10,60,40,163,60,0,0.0,11
4,10,990,10,175,59,0,3.0,12
4,10,110,40,202,81,0,7.0,5
4,10,130,30,189,116,0,4.0,18
4,10,190,80,147,98,0,8.0,4
4,10,70,50,165,111,0,8.0,34
4,10,120,30,141,64,0,0.0,22
4,10,120,40,131,2,0,0.0,13
4,10,230,30,172,73,0,0.0,16
4,10,210,50,176,76,0,0.0,11
4,10,240,40,106,23,0,1.0,11
4,10,210,60,114,40,0,7.0,10
4,10,230,90,87,49,-1,7.0,17
4,10,310,40,80,34,0,7.0,7
4,10,340,60,68,-19,0,1.0,-6
4,10,270,40,92,63,0,8.0,2
4,10,270,30,140,72,0,0.0,13
4,10,150,20,156,62,0,0.0,-5
4,10,210,50,115,85,0,8.0,7
4,10,190,50,131,102,0,8.0,12
4,10,160,60,158,81,0,4.0,3
4,10,350,40,75,65,8,8.0,2
4,10,230,20,135,108,0,5.0,11
4,10,190,70,151,80,0,1.0,6
4,10,210,10,107,75,-1,8.0,-2
4,10,40,40,85,78,2,8.0,-1
4,10,120,50,123,-9,0,0.0,6
4,10,120,30,135,-1,0,0.0,10
4,10,130,30,168,34,0,0.0,7
4,10,70,60,170,74,0,0.0,7
4,10,90,30,133,98,1,8.0,17
4,10,250,20,125,98,0,8.0,22
4,10,250,60,134,58,0,3.0,7
4,10,190,60,160,78,0,7.0,5
4,10,300,30,152,116,0,8.0,9
4,10,210,30,174,136,0,8.0,13
4,10,220,40,122,105,2,3.0,19
4,10,220,60,100,90,8,8.0,8
4,10,290,60,93,23,0,5.0,-3
4,10,290,70,82,29,-1,2.0,6
4,10,320,80,27,0,3,7.0,39
4,10,250,50,91,-6,0,0.0,9
4,10,280,40,88,45,0,8.0,7
4,10,220,70,97,45,0,8.0,-39
4,10,260,40,87,19,0,5.0,-14
4,10,40,50,75,15,0,7.0,3
4,10,240,40,75,-10,0,1.0,17
4,10,280,50,94,53,0,8.0,9
4,10,280,60,120,89,0,7.0,6
4,10,280,60,116,76,0,8.0,11
4,10,120,50,100,82,0,8.0,2
4,10,280,50,123,88,0,4.0,11
4,10,300,60,125,34,0,7.0,13
4,10,250,40,127,70,0,7.0,-5
4,10,240,40,126,86,0,4.0,3
4,10,230,40,147,70,0,5.0,3
4,10,20,20,176,48,0,0.0,6
4,10,320,30,84,48,0,8.0,4
4,10,210,20,122,58,0,1.0,14
4,10,80,30,160,105,0,2.0,12
4,10,250,20,206,73,0,2.0,11
4,10,250,20,142,116,0,7.0,9
4,10,10,50,145,62,0,1.0,11
4,10,360,40,123,25,0,0.0,5
4,10,330,60,94,1,0,6.0,-7
4,10,990,10,70,26,-1,8.0,11
4,10,80,70,144,42,0,0.0,10
4,10,40,40,139,49,0,0.0,19
4,10,360,50,84,61,0,8.0,-2
4,10,30,70,97,22,0,5.0,5
4,10,280,30,94,56,0,5.0,19
4,10,240,40,142,78,0,0.0,20
4,10,20,40,105,58,0,8.0,7
4,10,240,20,118,55,0,4.0,14
4,10,290,80,143,66,0,0.0,3
4,10,300,50,144,100,0,8.0,10
4,10,290,30,162,92,0,4.0,-3
4,10,80,40,169,90,0,0.0,16
4,10,60,40,188,116,0,0.0,25
4,10,70,40,228,111,0,2.0,23
4,10,170,20,256,99,0,0.0,15
4,10,40,20,241,106,0,0.0,16
4,10,350,50,146,95,0,4.0,1
4,10,10,30,126,42,0,8.0,9
4,10,280,50,148,51,0,0.0,5
4,10,50,30,113,22,0,3.0,7
4,10,80,30,120,8,0,4.0,4
4,10,220,20,167,25,0,0.0,16
4,10,230,30,211,81,0,0.0,11
4,10,310,30,204,113,0,4.0,14
4,10,160,40,262,106,0,0.0,9
4,10,40,20,245,130,0,0.0,20
4,10,70,60,249,68,0,0.0,7
4,10,40,40,224,122,0,0.0,20
4,10,70,60,201,86,0,0.0,10
4,10,70,80,168,10,0,0.0,19
4,10,210,80,107,69,0,8.0,10
4,10,290,80,96,55,-1,8.0,0
4,10,360,50,86,47,0,8.0,3
4,10,210,30,84,59,0,8.0,12
4,10,270,20,81,75,13,8.0,-2
4,10,350,40,72,0,0,6.0,-9
4,10,230,20,67,7,0,3.0,8
4,10,160,20,89,4,0,2.0,-9
4,10,70,30,96,-23,0,1.0,4
4,10,40,20,100,8,0,0.0,7
4,10,20,20,100,33,0,0.0,18
4,10,230,50,100,32,0,7.0,18
4,10,240,20,84,64,2,8.0,10
4,10,20,50,94,55,0,8.0,-6
4,10,360,50,83,31,0,6.0,12
4,10,10,30,86,-8,0,2.0,8
4,10,50,50,72,12,0,6.0,17
4,10,80,80,99,33,0,3.0,13
4,10,80,70,112,49,0,5.0,10
4,10,110,50,123,93,0,3.0,17
4,10,80,50,143,70,0,0.0,16
4,10,60,60,146,66,0,0.0,15
4,10,170,40,170,79,0,0.0,14
4,10,240,30,144,102,0,6.0,15
4,10,260,30,135,85,0,4.0,2
4,10,200,40,174,70,0,6.0,3
4,10,180,60,202,66,0,0.0,6
4,10,260,30,131,99,0,8.0,-3
4,10,210,50,123,57,0,6.0,15
4,10,190,70,107,78,2,8.0,25
4,10,70,70,130,37,0,1.0,14
4,10,70,60,140,62,0,0.0,17
4,10,60,20,171,86,0,0.0,15
4,10,260,40,103,71,0,7.0,6
4,10,990,10,126,83,0,2.0,12
4,10,160,30,163,90,0,6.0,15
4,10,270,30,118,79,-1,8.0,4
4,10,200,90,112,53,-1,8.0,-12
4,10,210,60,148,118,0,8.0,5
4,10,190,80,208,87,0,1.0,9
4,10,210,30,183,88,-1,8.0,12
4,10,340,40,156,115,0,7.0,10
4,10,310,30,148,87,0,1.0,21
4,10,40,30,140,78,0,5.0,29
4,10,80,40,205,101,0,0.0,18
4,10,260,30,175,106,0,5.0,0
4,10,280,20,106,103,0,8.0,12
4,10,40,50,127,48,0,0.0,17
4,10,110,40,151,74,0,5.0,1
4,10,40,40,164,97,0,1.0,10
4,10,20,40,167,76,0,0.0,12
4,10,10,50,147,49,0,3.0,4
4,10,50,20,113,49,0,8.0,12
4,10,130,70,153,38,0,0.0,10
4,10,160,70,180,34,0,0.0,9
4,10,250,10,127,119,1,8.0,10
4,10,210,80,124,72,-1,7.0,9
4,10,250,30,89,77,4,8.0,5
4,10,90,30,143,61,0,1.0,14
4,10,210,20,169,74,0,2.0,7
4,10,250,70,60,8,-1,7.0,3
4,10,180,90,106,1,0,2.0,17
4,10,210,30,75,64,8,8.0,17
4,10,220,40,99,66,0,7.0,-21
4,10,240,40,92,19,0,2.0,4
4,10,170,60,138,35,0,0.0,8
4,10,180,30,164,56,0,1.0,9
4,10,340,50,92,80,-1,8.0,7
4,10,280,40,136,55,0,0.0,14
4,10,20,40,96,55,0,8.0,10
4,10,40,70,87,31,0,8.0,3
4,10,50,80,114,31,0,1.0,16
4,10,30,60,132,40,0,0.0,15
4,10,20,50,107,61,0,0.0,17
4,10,30,50,117,22,0,0.0,14
4,10,360,50,90,38,0,8.0,13
4,10,350,20,112,12,0,0.0,12
4,10,40,20,163,19,0,0.0,6
4,10,90,50,104,32,0,0.0,16
4,10,320,60,112,47,0,7.0,13
4,10,320,30,101,-20,0,6.0,-7
4,10,30,20,82,12,0,8.0,20
4,10,20,30,115,3,0,0.0,13
4,10,90,50,163,-1,0,1.0,9
4,10,180,20,211,36,0,5.0,10
4,10,260,50,142,96,0,8.0,16
4,10,210,20,167,90,0,2.0,7
4,10,190,50,213,61,0,0.0,9
4,10,220,30,233,88,0,2.0,10
4,10,250,50,119,110,1,8.0,-6
4,10,240,40,139,117,0,8.0,6
4,10,170,60,192,118,0,0.0,22
4,10,260,40,125,92,0,7.0,-3
4,10,240,40,115,78,0,7.0,6
4,10,220,50,115,48,0,8.0,8
4,10,250,50,169,121,0,2.0,20
4,10,300,60,171,86,0,0.0,3
4,10,280,30,151,93,0,7.0,6
4,10,30,20,119,63,0,0.0,15
4,10,80,40,149,4,0,0.0,14
4,10,260,20,196,67,0,0.0,13
4,10,330,70,63,38,12,8.0,31
4,10,280,50,120,23,0,2.0,7
4,10,250,20,95,54,0,8.0,5
4,10,80,20,140,25,0,0.0,4
4,10,990,10,146,30,0,8.0,8
4,10,60,20,148,68,0,0.0,16
4,10,90,50,176,30,0,0.0,7
4,10,110,30,203,74,0,0.0,14
4,10,90,40,221,52,0,0.0,4
4,10,120,20,216,71,0,0.0,20
4,10,130,30,237,83,0,6.0,15
4,10,70,40,238,89,0,0.0,10
4,10,70,40,239,84,0,0.0,15
4,10,100,70,219,28,0,0.0,7
4,10,50,50,199,56,0,0.0,10
4,10,10,60,148,71,0,3.0,3
4,10,60,50,142,105,-1,7.0,-12
4,10,70,40,189,124,0,1.0,12
4,10,60,70,173,78,0,0.0,12
4,10,280,30,80,10,0,4.0,2
4,10,990,10,118,51,0,3.0,-1
4,10,160,20,125,44,0,2.0,11
4,10,250,20,96,70,0,7.0,1
4,10,80,50,65,29,0,8.0,11
4,10,320,20,71,-8,0,4.0,13
4,10,10,50,68,21,0,7.0,6
4,10,990,10,74,-13,0,7.0,2
4,10,220,50,111,81,-1,8.0,0
4,10,220,40,103,93,6,8.0,-1
4,10,240,30,98,44,0,7.0,7
4,10,290,20,98,63,0,4.0,10
4,10,990,10,94,48,0,8.0,5
4,10,20,40,97,43,0,7.0,12
4,10,360,60,74,31,0,8.0,9
4,10,340,40,73,0,0,6.0,15
4,10,200,90,94,-17,0,6.0,-1
4,10,190,80,105,44,0,8.0,-1
4,10,180,70,108,54,0,8.0,0
4,10,210,40,95,64,-1,8.0,6
4,10,220,50,93,45,0,8.0,-5
4,10,230,50,103,59,3,7.0,12
4,10,210,60,103,28,0,1.0,21
4,10,990,10,105,59,-1,8.0,9
4,10,180,100,114,54,0,8.0,8
4,10,210,80,119,78,1,8.0,14
4,10,220,70,143,66,0,7.0,15
4,10,60,20,151,121,0,7.0,5
4,10,360,40,129,102,-1,8.0,21
4,10,120,30,199,87,0,0.0,7
4,10,70,70,59,-33,0,7.0,-3
4,10,80,90,59,-82,0,0.0,6
4,10,70,80,39,-55,0,8.0,7
4,10,80,70,44,-45,0,7.0,8
4,10,50,70,26,-28,0,8.0,-2
4,10,30,50,46,-9,0,8.0,5
4,10,990,10,54,-5,0,0.0,29
4,10,90,70,94,-38,0,5.0,5
4,10,150,40,83,41,-1,8.0,-6
4,10,260,40,82,59,0,8.0,2
4,10,230,60,94,82,1,8.0,0
4,10,190,60,101,86,13,8.0,22
4,10,230,50,113,64,0,8.0,12
4,10,190,50,168,108,0,8.0,10
4,10,250,10,122,107,17,8.0,3
4,10,220,60,154,67,0,8.0,18
4,10,180,50,161,124,0,7.0,20
4,10,240,80,132,32,0,4.0,5
4,10,250,40,96,49,0,8.0,0
4,10,30,70,91,2,0,3.0,4
4,10,360,20,98,21,0,8.0,14
4,10,240,40,110,42,0,0.0,15
4,10,250,50,120,88,0,8.0,-5
4,10,210,60,177,89,0,1.0,9
4,10,210,20,176,111,0,8.0,29
4,10,10,50,97,90,6,8.0,-9
4,10,40,40,94,25,0,1.0,7
4,10,990,10,103,7,0,5.0,2
4,10,240,50,94,38,0,8.0,18
4,10,10,30,127,37,0,7.0,10
4,10,260,30,169,87,0,5.0,12
4,10,100,20,191,89,0,3.0,9
4,10,190,20,189,73,0,1.0,23
4,10,240,20,138,100,0,8.0,6
4,10,230,30,138,94,0,7.0,4
4,10,190,50,154,122,-1,8.0,13
4,10,190,50,191,130,0,8.0,12
4,10,260,80,106,48,-1,5.0,-14
4,10,280,60,134,50,0,4.0,-3
4,10,250,30,135,88,0,8.0,16
4,10,10,50,142,56,0,7.0,1
4,10,280,30,132,29,0,0.0,7
4,10,290,50,130,60,0,8.0,-6
4,10,310,80,106,48,2,5.0,19
4,10,350,70,86,24,0,8.0,2
4,10,140,40,112,17,0,0.0,8
4,10,240,30,145,20,0,3.0,12
4,10,340,70,104,28,0,7.0,8
4,10,90,60,113,49,0,7.0,4
4,10,70,60,196,103,0,1.0,11
4,10,60,40,168,69,0,7.0,-7
4,10,230,40,148,72,0,8.0,16
4,10,170,20,171,96,0,1.0,15
4,10,10,30,160,120,-1,7.0,10
4,10,70,60,197,130,0,4.0,14
4,10,170,40,165,87,0,1.0,6
4,10,130,20,132,83,0,7.0,16
4,10,50,20,172,89,0,7.0,-4
4,10,280,20,155,118,0,8.0,-4
4,10,280,30,134,110,0,8.0,11
4,10,280,100,62,3,0,7.0,20
4,10,340,90,70,-8,-1,4.0,7
4,10,150,50,73,0,0,7.0,9
4,10,50,50,51,9,-1,8.0,5
4,10,30,30,80,-8,0,1.0,7
4,10,0,0,80,44,0,8.0,1
4,10,290,30,109,43,0,5.0,4
4,10,50,10,70,61,0,8.0,19
4,10,150,20,148,68,0,0.0,14
4,10,990,10,166,79,0,2.0,14
4,10,250,60,119,90,1,8.0,1
4,10,210,60,120,12,0,0.0,10
4,10,250,30,108,28,0,2.0,5
4,10,250,50,174,90,0,2.0,12
4,10,250,40,213,79,0,0.0,16
4,10,40,50,132,65,0,0.0,14
4,10,40,60,108,36,0,8.0,5
4,10,80,60,127,14,0,1.0,7
4,10,50,20,101,26,0,4.0,4
4,10,20,60,161,38,0,4.0,3
4,10,20,20,151,50,0,0.0,18
4,10,360,60,110,56,0,8.0,5
4,10,180,10,115,56,0,1.0,5
4,10,240,40,176,60,0,3.0,20
4,10,210,60,144,106,0,8.0,3
4,10,260,40,139,93,0,8.0,7
4,10,360,70,111,17,0,4.0,-1
4,10,270,60,97,46,6,2.0,12
4,10,190,80,136,10,0,7.0,0
4,10,240,40,110,33,0,4.0,3
4,10,990,10,104,48,0,7.0,6
4,10,160,30,110,57,0,8.0,3
4,10,230,50,161,110,0,5.0,21
4,10,220,60,112,83,4,8.0,24
4,10,260,30,114,93,0,8.0,3
4,10,210,60,106,41,0,8.0,-2
4,10,220,70,92,28,0,7.0,1
4,10,180,20,105,51,0,6.0,-2
4,10,160,60,126,45,0,5.0,7
4,10,90,10,111,35,0,1.0,15
4,10,110,70,160,56,0,1.0,14
4,10,210,30,143,69,0,2.0,15
4,10,140,40,119,74,0,6.0,14
4,10,200,40,141,60,0,1.0,9
4,10,220,60,116,94,2,8.0,-19
4,10,250,70,115,41,0,7.0,-11
4,10,280,50,90,32,-1,5.0,4
4,10,250,50,116,2,0,1.0,2
4,10,280,50,126,21,0,2.0,-8
4,10,70,40,109,20,0,0.0,10
4,10,80,40,144,36,0,0.0,17
4,10,60,40,116,36,0,8.0,11
4,10,350,50,89,18,0,2.0,-16
4,10,330,30,62,21,3,4.0,-2
4,10,220,50,76,29,0,8.0,2
4,10,280,50,45,19,5,5.0,13
4,10,270,50,73,28,0,6.0,1
4,10,250,40,75,1,-1,7.0,-3
4,10,210,70,87,40,-1,8.0,8
4,10,360,30,100,21,0,8.0,2
4,10,250,30,120,100,-1,8.0,9
4,10,250,30,141,97,0,2.0,4
4,10,120,20,82,71,0,8.0,9
4,10,340,20,149,52,0,1.0,5
4,10,360,40,120,44,0,7.0,12
4,10,330,50,92,35,0,8.0,6
4,10,280,40,130,76,0,6.0,2
4,10,990,10,113,39,0,8.0,0
4,10,990,10,164,72,0,0.0,19
4,10,310,40,119,64,0,8.0,0
4,10,260,50,132,55,0,4.0,9
4,10,250,50,110,61,0,8.0,8
4,10,280,50,106,44,0,8.0,5
4,10,230,30,107,61,0,8.0,5
4,10,290,70,105,61,0,8.0,6
4,10,290,80,103,40,-1,8.0,15
4,10,10,50,96,47,0,6.0,-5
4,10,340,30,75,6,0,7.0,17
4,10,60,70,71,-29,0,8.0,-1
4,10,240,30,87,-43,0,8.0,14
4,10,280,50,151,81,0,3.0,-12
4,10,350,60,103,15,0,8.0,0
4,10,290,30,94,6,0,8.0,-5
4,10,230,60,129,38,0,4.0,11
4,10,300,50,78,29,-1,4.0,14
4,10,20,20,102,-8,0,3.0,-10
4,10,340,30,107,2,0,7.0,-8
4,10,270,30,97,39,0,7.0,0
4,10,990,10,124,37,0,5.0,-6
4,10,120,80,171,17,0,7.0,14
4,10,270,30,71,48,-1,8.0,-11
4,10,150,50,96,46,-1,8.0,9
4,10,190,70,139,89,-1,8.0,10
4,10,180,60,135,95,0,8.0,-3
4,10,300,80,63,35,4,8.0,7
4,10,120,60,115,6,0,3.0,0
4,10,150,60,176,67,0,8.0,9
4,10,50,20,182,104,0,8.0,20
4,10,30,50,153,100,0,8.0,24
4,10,120,40,161,93,0,8.0,11
4,10,360,10,128,111,0,8.0,-3
4,10,50,40,110,96,0,8.0,4
4,10,210,20,134,97,0,8.0,9
4,10,990,10,135,86,0,7.0,1
4,10,200,30,159,110,0,7.0,13
4,10,240,30,145,84,0,8.0,-1
4,10,170,60,177,71,0,8.0,8
4,10,160,30,213,87,0,7.0,10
4,10,150,50,251,90,0,2.0,13
4,10,220,20,251,144,0,0.0,12
4,10,60,40,189,111,0,0.0,15
4,10,180,30,213,134,-1,3.0,38
4,10,250,50,154,89,0,7.0,-4
4,10,220,60,114,86,-1,8.0,9
4,10,270,60,122,72,0,8.0,4
4,10,240,70,124,44,0,6.0,9
4,10,170,30,131,41,0,8.0,19
4,10,190,50,136,91,-1,8.0,4
4,10,20,40,103,98,1,8.0,7
4,10,170,50,124,98,3,8.0,6
4,10,80,40,101,14,0,0.0,19
4,10,190,60,144,61,0,8.0,-20
4,10,160,60,84,38,0,8.0,12
4,10,120,20,74,50,0,8.0,16
4,10,100,40,112,35,0,2.0,8
4,10,110,30,110,69,0,8.0,8
4,10,70,40,184,96,0,1.0,14
4,10,240,20,137,103,0,5.0,17
4,10,50,60,111,56,0,8.0,14
4,10,50,70,101,8,0,0.0,7
4,10,50,50,91,-4,0,0.0,3
4,10,50,50,72,-53,0,8.0,-1
4,10,30,60,59,-32,0,2.0,8
4,10,50,40,60,7,0,7.0,24
4,10,110,50,113,40,0,1.0,19
4,10,100,60,162,18,0,1.0,19
4,10,100,40,149,93,0,8.0,-5
4,10,90,60,201,54,0,0.0,1
4,10,70,50,213,56,0,0.0,12
4,10,60,50,226,57,0,0.0,14
4,10,60,30,201,55,0,0.0,19
4,10,100,40,237,40,0,0.0,12
4,10,90,70,176,47,0,8.0,12
4,10,160,80,222,101,0,1.0,9
4,10,160,60,167,85,0,8.0,15
4,10,230,30,142,83,0,7.0,9
4,10,220,60,119,52,0,8.0,10
4,10,220,40,90,62,0,8.0,7
4,10,60,20,142,59,0,2.0,17
4,10,20,30,117,82,0,8.0,6
4,10,10,30,78,-36,0,0.0,8
4,10,230,40,93,14,0,6.0,2
4,10,280,60,94,18,0,8.0,-4
4,10,150,40,123,-21,0,0.0,12
4,10,130,60,176,13,0,0.0,12
4,10,190,60,197,37,0,0.0,14
4,10,110,40,170,70,0,8.0,16
4,10,150,20,212,72,0,8.0,15
4,10,70,30,177,67,0,8.0,11
4,10,40,40,163,63,0,0.0,14
4,10,60,30,170,11,0,8.0,17
4,10,190,30,205,50,0,7.0,20
4,10,30,80,86,-17,0,7.0,11
4,10,60,30,78,-4,0,8.0,4
4,10,90,20,124,6,0,0.0,18
4,10,60,20,191,24,0,0.0,18
4,10,50,60,145,56,0,1.0,16
4,10,990,10,136,64,0,8.0,3
4,10,40,50,127,58,0,8.0,32
4,10,70,90,161,-12,0,0.0,16
4,10,80,80,165,-6,0,0.0,15
4,10,70,80,181,11,0,0.0,18
4,10,110,30,201,31,0,0.0,18
4,10,350,50,179,41,0,2.0,9
4,10,50,20,106,30,0,8.0,18
4,10,350,20,138,51,0,2.0,9
4,10,210,40,190,44,0,1.0,8
4,10,50,30,114,93,-1,8.0,11
4,10,250,50,134,92,-1,7.0,4
4,10,220,60,139,50,0,4.0,8
4,10,230,77,122,79,0,7.0,15
4,10,210,82,105,81,0,7.0,16
4,10,230,62,104,82,0,7.0,1
4,10,200,98,107,35,0,1.0,8
4,10,200,82,100,40,0,3.0,11
4,10,240,62,120,45,0,2.0,1
4,10,230,103,97,64,-1,7.0,-12
4,10,250,67,108,62,0,7.0,7
4,10,280,21,124,34,0,2.0,11
4,10,130,41,150,55,0,3.0,11
4,10,130,46,167,68,0,6.0,18
4,10,130,46,173,53,0,1.0,13
4,10,70,26,187,72,0,0.0,8
4,10,10,36,141,79,0,0.0,24
4,10,20,41,174,69,0,0.0,12
4,10,330,62,90,32,0,7.0,12
4,10,330,57,79,39,0,5.0,-5
4,10,310,21,50,18,-1,6.0,9
4,10,50,41,45,32,-1,8.0,8
4,10,20,26,48,-47,0,5.0,13
4,10,200,15,62,-45,0,6.0,13
4,10,340,57,53,30,-1,7.0,16
4,10,350,57,46,34,5,8.0,6
4,10,340,10,95,41,0,4.0,0
4,10,90,36,106,22,0,1.0,7
4,10,60,46,117,37,0,1.0,9
4,10,10,26,115,47,0,1.0,16
4,10,360,26,98,22,0,4.0,-3
4,10,270,26,87,35,0,7.0,13
4,10,100,41,75,68,-1,7.0,6
4,10,250,31,78,56,0,6.0,16
4,10,170,67,64,34,-1,8.0,3
4,10,300,31,60,53,11,7.0,20
4,10,310,31,67,20,0,7.0,7
4,10,260,36,74,-1,0,4.0,5
4,10,200,57,79,36,0,7.0,10
4,10,150,31,115,35,0,7.0,13
4,10,60,36,132,36,0,6.0,8
4,10,20,36,133,16,0,1.0,2
4,10,120,15,137,35,0,4.0,9
4,10,30,36,147,41,0,3.0,11
4,10,230,57,122,49,0,4.0,9
4,10,210,77,88,38,0,7.0,-16
4,10,210,77,93,55,0,7.0,8
4,10,190,87,66,46,3,8.0,3
4,10,320,67,42,27,1,8.0,23
4,10,230,62,59,41,-1,8.0,7
4,10,260,46,113,104,0,8.0,6
4,10,290,62,107,25,0,7.0,5
4,10,990,15,103,17,0,3.0,-5
4,10,120,31,123,27,0,7.0,7
4,10,220,15,123,88,0,7.0,14
4,10,200,57,100,81,-1,8.0,-3
4,10,170,67,142,94,0,8.0,5
4,10,250,46,110,98,1,8.0,15
4,10,210,82,148,83,-1,8.0,-14
4,10,230,67,117,66,0,7.0,6
4,10,190,36,88,76,3,7.0,17
4,10,280,57,118,61,0,6.0,-30
4,10,210,62,109,59,0,3.0,12
4,10,210,21,138,93,-1,7.0,0
4,10,260,41,78,46,0,6.0,10
4,10,50,15,101,27,0,1.0,4
4,10,220,46,84,53,-1,8.0,-19
4,10,180,87,105,44,0,8.0,-2
4,10,240,93,87,65,3,8.0,2
4,10,270,46,76,56,0,8.0,6
4,10,70,10,89,6,0,6.0,5
4,10,140,67,112,28,0,7.0,7
4,10,210,10,85,60,0,7.0,10
4,10,160,31,92,91,10,8.0,7
4,10,320,5,122,69,0,7.0,7
4,10,290,5,93,62,0,8.0,11
4,10,320,10,119,89,0,6.0,2
4,10,350,31,76,76,0,8.0,27
4,10,260,26,78,78,0,7.0,9
4,10,230,62,104,92,1,8.0,-6
4,10,230,93,134,109,0,7.0,-1
4,10,280,57,115,101,0,8.0,1
4,10,160,41,180,118,0,1.0,12
4,10,240,67,204,102,0,4.0,-11
4,10,220,51,180,118,0,7.0,3
4,10,200,62,159,107,0,7.0,13
4,10,200,72,189,88,0,7.0,11
4,10,240,41,181,97,0,5.0,0
4,10,240,62,172,108,0,6.0,17
4,10,60,87,212,98,0,3.0,11
4,10,60,67,250,42,0,2.0,19
4,10,90,51,238,42,0,0.0,14
4,10,110,31,249,84,0,0.0,12
4,10,250,129,102,41,-1,7.0,-18
4,10,240,62,39,24,11,7.0,14
4,10,260,51,72,25,0,4.0,-1
4,10,210,82,78,75,5,8.0,9
4,10,200,82,49,31,2,8.0,-3
4,10,290,31,72,40,0,5.0,10
4,10,140,46,93,41,0,6.0,-1
4,10,240,67,71,48,0,8.0,-3
4,10,230,62,66,15,0,5.0,3
4,10,990,15,58,12,0,4.0,3
4,10,20,77,103,59,0,4.0,15
4,10,10,77,112,73,0,6.0,7
4,10,350,103,112,33,0,5.0,11
4,10,310,57,76,12,-1,4.0,4
4,10,170,31,63,45,0,8.0,2
4,10,60,72,121,28,0,3.0,9
4,10,20,67,93,41,0,6.0,20
4,10,10,46,79,13,0,3.0,7
4,10,280,26,70,-2,0,5.0,16
4,10,120,26,105,31,0,6.0,8
4,10,160,26,126,58,0,7.0,3
4,10,130,46,145,48,0,3.0,20
4,10,150,67,197,84,0,6.0,17
4,10,150,36,187,95,0,7.0,13
4,10,270,31,105,96,2,8.0,14
4,10,220,67,125,104,0,8.0,7
4,10,220,41,140,137,6,8.0,2
4,10,250,46,145,127,0,8.0,4
4,10,240,26,191,119,0,2.0,9
4,10,310,46,198,137,0,7.0,-2
4,10,260,41,111,100,-1,8.0,10
4,10,240,93,131,103,0,1.0,17
4,10,250,72,100,71,0,8.0,6
4,10,310,46,120,81,0,7.0,9
4,10,990,15,107,33,0,7.0,11
4,10,270,36,116,86,0,7.0,7
4,10,280,62,136,93,0,8.0,10
4,10,340,77,81,-1,0,4.0,10
4,10,320,51,67,-3,0,7.0,9
4,10,260,36,75,71,-1,8.0,6
4,10,990,10,92,66,0,6.0,21
4,10,330,51,137,77,0,4.0,-11
4,10,50,62,97,51,0,7.0,20
4,10,360,26,93,64,0,8.0,2
4,10,250,36,102,71,-1,8.0,-12
4,10,310,72,73,24,0,7.0,8
4,10,270,57,94,73,-1,8.0,0
4,10,250,72,103,84,5,7.0,-5
4,10,320,21,62,13,-1,7.0,12
4,10,220,46,77,26,0,3.0,5
4,10,80,31,98,19,0,7.0,5
4,10,130,26,145,93,0,7.0,8
4,10,20,57,157,62,0,6.0,4
4,10,40,21,130,109,0,6.0,34
4,10,60,67,187,118,0,1.0,13
4,10,10,62,169,98,0,4.0,15
4,10,340,46,93,76,0,8.0,3
4,10,40,46,80,0,0,7.0,11
4,10,50,26,114,44,0,6.0,13
4,10,360,21,108,84,0,8.0,3
4,10,80,36,37,-45,0,1.0,4
4,10,40,31,31,-39,0,4.0,3
4,10,50,67,49,-27,0,3.0,4
4,10,60,72,63,-28,0,0.0,14
4,10,80,51,82,4,0,2.0,8
4,10,140,21,84,33,0,4.0,22
4,10,270,26,119,53,0,3.0,17
4,10,260,21,79,36,0,8.0,0
4,10,230,15,123,66,0,7.0,9
4,10,90,26,135,57,0,6.0,8
4,10,330,26,102,86,0,8.0,-2
4,10,70,72,46,-52,0,6.0,10
4,10,70,51,67,-22,0,3.0,8
4,10,120,36,99,-9,0,1.0,10
4,10,170,31,136,6,0,1.0,11
4,10,160,36,170,-2,0,3.0,11
4,10,150,31,173,-14,0,3.0,16
4,10,210,41,129,78,0,3.0,14
4,10,210,57,174,63,0,6.0,12
4,10,180,31,217,75,0,7.0,17
4,10,160,51,220,16,0,2.0,13
4,10,170,51,227,69,0,6.0,6
4,10,210,82,168,113,0,7.0,3
4,10,230,41,137,66,0,7.0,8
4,10,230,51,144,75,0,3.0,-14
4,10,240,46,153,58,0,7.0,11
4,10,330,10,174,91,0,0.0,13
4,10,360,41,161,68,0,2.0,2
4,10,10,15,96,22,0,7.0,0
4,10,310,21,124,-1,0,3.0,22
4,10,300,20,142,73,0,0.0,16
4,10,10,20,128,40,0,1.0,12
4,10,270,50,108,77,0,7.0,11
4,10,300,80,76,-8,0,6.0,1
4,10,260,70,93,84,6,8.0,-2
4,10,20,50,77,-3,0,2.0,7
4,10,110,20,66,-48,0,1.0,15
4,10,120,40,105,-55,0,4.0,11
4,10,990,10,143,-22,0,7.0,11
4,10,990,10,140,23,0,6.0,8
4,10,320,90,107,57,0,7.0,-13
4,10,350,80,82,-3,0,4.0,-1
4,10,290,10,87,-1,0,2.0,6
4,10,240,40,108,66,0,7.0,12
4,10,10,50,76,19,-1,7.0,4
4,10,340,20,70,29,0,7.0,4
4,10,50,50,98,-20,0,3.0,17
4,10,320,20,84,26,0,5.0,19
4,10,350,50,71,-4,0,7.0,1
4,10,60,70,75,-52,0,3.0,10
4,10,990,10,88,-66,0,1.0,16
4,10,320,50,76,1,0,7.0,5
4,10,200,20,94,-13,0,3.0,17
4,10,240,80,141,7,0,7.0,8
4,10,990,10,130,61,-1,7.0,8
4,10,120,30,122,90,0,7.0,-1
4,10,280,40,108,105,2,8.0,7
4,10,230,70,127,119,-1,8.0,0
4,10,280,70,98,98,2,8.0,12
4,10,360,40,115,84,0,3.0,16
4,10,250,20,134,102,0,7.0,11
4,10,230,30,116,108,1,8.0,6
4,10,190,60,128,105,6,8.0,2
4,10,180,100,103,63,-1,8.0,12
4,10,210,50,109,61,0,7.0,7
4,10,200,60,105,74,-1,7.0,9
4,10,80,30,96,60,0,7.0,4
4,10,260,40,109,65,0,5.0,-7
4,10,160,30,99,72,0,7.0,3
4,10,150,10,81,69,2,8.0,9
4,10,230,60,81,62,0,8.0,-7
4,10,260,30,76,29,0,6.0,10
4,10,240,80,33,27,14,8.0,14
4,10,220,80,55,11,-1,7.0,19
4,10,140,50,56,49,12,8.0,13
4,10,230,90,82,16,0,6.0,18
4,10,80,40,98,25,0,7.0,11
4,10,160,20,114,44,0,2.0,1
4,10,250,20,95,53,0,7.0,10
4,10,190,50,98,92,4,8.0,12
4,10,210,40,128,67,0,6.0,19
4,10,140,30,179,95,0,6.0,12
4,10,140,40,193,95,0,3.0,18
4,10,240,50,108,105,9,8.0,1
4,10,190,70,143,120,2,7.0,8
4,10,230,30,114,81,0,8.0,2
4,10,30,40,126,75,0,8.0,4
4,10,240,20,124,74,0,7.0,12
4,10,100,40,152,85,0,3.0,2
4,10,330,20,119,103,0,8.0,6
4,10,130,70,162,55,0,1.0,10
4,10,110,30,170,70,0,1.0,17
4,10,170,30,135,108,-1,8.0,-4
4,10,280,50,110,92,0,7.0,15
4,10,210,40,122,122,29,8.0,11
4,10,210,50,164,142,0,7.0,16
4,10,280,50,93,87,3,7.0,17
4,10,360,50,91,68,0,8.0,6
4,10,240,50,140,94,0,7.0,12
4,10,240,60,114,84,0,7.0,4
4,10,260,70,105,47,0,7.0,3
4,10,230,80,91,84,-1,8.0,25
4,10,290,80,90,26,0,5.0,-39
4,10,350,30,62,7,0,6.0,-6
4,10,180,30,71,5,0,6.0,7
4,10,190,30,76,30,0,7.0,1
4,10,50,20,102,21,0,6.0,-5
4,10,300,30,87,9,0,7.0,0
4,10,0,0,80,25,0,7.0,9
4,10,170,70,113,30,0,6.0,15
4,10,220,80,152,84,0,4.0,-2
4,10,220,80,122,97,-1,7.0,11
4,10,160,20,149,85,0,7.0,-6
4,10,170,60,124,85,0,7.0,3
4,10,130,30,147,85,0,4.0,6
4,10,60,50,159,110,1,6.0,29
4,10,50,60,130,100,0,6.0,7
4,10,50,70,154,95,0,1.0,10
4,10,60,50,103,70,0,7.0,22
4,10,10,30,160,74,0,1.0,12
4,10,270,30,73,48,0,8.0,3
4,10,190,40,126,71,0,7.0,10
4,10,120,30,141,49,0,7.0,20
4,10,190,60,147,70,0,3.0,14
4,10,20,90,52,-20,0,8.0,11
4,10,40,70,70,-7,0,6.0,8
4,10,340,10,97,26,0,5.0,11
4,10,990,10,108,13,0,7.0,10
4,10,70,60,126,32,0,6.0,12
4,10,70,60,96,-15,0,1.0,5
4,10,150,20,101,-8,0,5.0,10
4,10,210,90,73,11,0,7.0,3
4,10,220,70,58,43,16,8.0,-3
4,10,230,50,92,37,0,6.0,7
4,10,200,80,120,62,0,7.0,5
4,10,230,50,99,24,0,5.0,11
4,10,220,100,125,62,0,6.0,13
4,10,190,60,132,78,0,6.0,2
4,10,180,40,157,81,0,3.0,13
4,10,190,60,171,75,0,7.0,-10
4,10,230,60,163,90,0,6.0,2
4,10,110,20,151,102,0,7.0,12
4,10,250,30,122,106,0,8.0,4
4,10,250,30,129,89,0,7.0,8
4,10,170,70,177,76,0,4.0,9
4,10,140,30,203,110,0,1.0,19
4,10,50,30,179,119,0,7.0,13
4,10,320,30,209,136,0,2.0,13
4,10,270,40,121,109,0,8.0,11
4,10,310,10,153,114,0,7.0,5
4,10,240,40,139,107,1,7.0,29
4,10,150,30,183,89,0,3.0,21
4,10,260,70,133,54,0,5.0,4
4,10,200,40,99,83,10,8.0,-12
4,10,230,80,105,36,0,3.0,14
4,10,250,90,131,78,0,7.0,-3
4,10,230,70,115,47,0,5.0,8
4,10,290,60,103,54,-1,6.0,7
4,10,150,60,85,52,0,8.0,2
4,10,290,50,104,63,-1,7.0,0
4,10,350,50,82,75,1,8.0,-3
4,10,310,50,80,9,0,5.0,13
4,10,340,60,57,-33,0,7.0,2
4,10,300,20,44,-68,0,7.0,12
4,10,290,50,103,68,0,7.0,2
4,10,340,50,89,46,2,7.0,11
4,10,320,40,72,16,0,7.0,-2
4,10,320,90,67,-9,0,6.0,15
4,10,220,50,68,50,1,6.0,-4
4,10,240,20,47,16,-1,7.0,11
4,10,40,40,74,33,0,2.0,11
4,10,310,10,99,2,0,3.0,7
4,10,990,10,97,20,0,8.0,19
4,10,160,60,143,36,0,7.0,4
4,10,200,40,116,92,-1,7.0,6
4,10,220,60,94,72,-1,6.0,18
4,10,240,40,108,88,-1,7.0,-5
4,10,210,90,110,88,9,7.0,12
4,10,190,70,152,72,0,5.0,-8
4,10,140,20,157,107,0,5.0,2
4,10,150,30,147,64,0,3.0,10
4,10,110,40,183,46,0,2.0,14
4,10,110,80,162,39,0,1.0,15
4,10,70,50,144,21,0,3.0,16
4,10,80,50,116,-31,0,0.0,8
4,10,50,70,63,-32,0,,16
4,10,50,40,93,9,0,1.0,14
4,10,70,70,109,-41,0,0.0,8
4,10,40,30,108,-33,0,7.0,4
4,10,50,70,108,-4,0,1.0,7
4,10,60,50,110,18,0,1.0,3
4,10,20,70,118,41,0,2.0,2
4,10,10,80,99,34,0,5.0,7
4,10,320,30,86,19,0,4.0,7
4,10,300,40,68,58,-1,8.0,2
4,10,320,30,82,77,1,8.0,1
4,10,330,20,92,79,0,8.0,1
4,10,200,40,94,77,3,8.0,1
4,10,240,20,116,61,0,5.0,0
4,10,330,20,112,74,0,4.0,-1
4,10,110,10,149,56,0,3.0,7
4,10,990,10,174,94,0,7.0,7
4,10,320,40,163,108,0,7.0,1
4,10,990,10,177,122,0,5.0,12
4,10,270,40,104,104,0,8.0,6
4,10,210,80,127,77,0,8.0,-2
4,10,250,50,82,59,9,6.0,22
4,10,200,90,89,79,-1,8.0,9
4,10,210,120,88,45,2,7.0,-6
4,10,200,90,117,64,0,8.0,7
4,10,230,80,128,16,0,6.0,24
4,10,290,60,85,58,-1,6.0,-21
4,10,340,70,72,5,0,4.0,-9
4,10,240,30,76,17,0,6.0,9
4,10,330,70,98,37,0,4.0,11
4,10,340,50,56,-9,0,4.0,13
4,10,60,60,40,-112,0,1.0,13
4,10,20,40,55,-119,0,1.0,0
4,10,70,50,54,-88,0,6.0,1
4,10,40,30,40,-38,0,5.0,14
4,10,240,60,61,-9,0,7.0,18
4,10,110,20,119,-27,0,4.0,12
4,10,80,30,151,30,0,0.0,19
4,10,120,80,171,16,0,7.0,12
4,10,100,40,197,43,0,2.0,21
4,10,100,50,217,37,0,2.0,7
4,10,80,60,192,9,0,0.0,15
4,10,60,70,171,11,0,4.0,-2
4,10,60,60,79,16,0,7.0,0
4,10,70,50,127,34,0,,20
4,10,220,20,197,71,0,4.0,17
4,10,300,30,153,50,0,2.0,7
4,10,330,30,142,64,0,1.0,13
4,10,80,40,201,48,0,6.0,7
4,10,160,30,213,86,0,6.0,17
4,10,190,20,144,136,5,8.0,7
4,10,220,80,134,88,-1,7.0,17
4,10,170,70,175,113,-1,7.0,11
4,10,250,70,158,93,0,4.0,1
4,10,190,30,138,129,7,8.0,5
4,10,150,30,176,65,0,3.0,17
4,10,140,60,166,54,-1,7.0,2
4,10,200,90,133,71,0,4.0,-9
4,10,250,90,119,61,0,6.0,6
4,10,260,60,84,61,8,3.0,14
4,10,280,70,63,46,5,7.0,-14
4,10,290,60,60,44,3,8.0,17
4,10,340,30,84,49,3,5.0,6
4,10,340,30,74,21,0,7.0,10
4,10,240,30,60,55,1,8.0,7
4,10,20,30,79,11,0,,9
4,10,50,30,104,16,0,4.0,4
4,10,40,30,109,72,0,5.0,0
4,10,990,10,127,48,0,1.0,9
4,10,150,30,161,42,0,0.0,13
4,10,130,40,181,49,0,0.0,8
4,10,160,30,180,56,0,4.0,21
4,10,190,90,125,37,0,7.0,4
4,10,200,70,89,24,0,7.0,1
4,10,160,40,116,40,0,3.0,3
4,10,200,40,152,117,-1,7.0,5
4,10,340,30,156,122,0,5.0,1
4,10,350,40,146,58,0,2.0,14
4,10,350,10,126,48,0,7.0,2
4,10,80,50,156,48,0,4.0,7
4,10,120,20,175,54,0,6.0,8
4,10,100,40,198,72,0,5.0,9
4,10,90,30,192,103,0,3.0,12
4,10,190,50,155,93,0,7.0,0
4,10,60,30,180,124,0,7.0,31
4,10,110,30,136,51,0,,16
4,10,120,50,129,7,0,,14
4,10,190,30,180,60,0,,18
4,10,220,60,182,72,0,,6
4,10,250,30,103,49,0,,13
4,10,210,60,119,48,0,,4
4,10,220,120,96,42,0,,-10
4,10,290,30,83,55,0,,1
4,10,330,50,62,-35,0,,2
4,10,230,50,89,64,0,,5
4,10,280,30,137,67,0,,10
4,10,990,10,144,45,0,,2
4,10,190,40,115,86,0,,18
4,10,190,40,132,96,-1,,15
4,10,170,90,159,66,0,,-2
4,10,340,40,77,66,2,,4
4,10,280,30,139,106,0,,26
4,10,200,40,151,78,0,,6
4,10,300,10,100,73,4,,-4
4,10,30,40,81,75,5,,-2
4,10,100,40,114,-16,0,,11
4,10,70,20,137,16,0,,6
4,10,90,20,162,20,0,,14
4,10,100,30,169,84,0,,7
4,10,60,40,137,96,0,,11
4,10,250,30,122,109,-1,,22
4,10,250,70,144,75,0,,-4
4,10,160,50,162,79,0,,8
4,10,250,30,145,133,0,,2
4,10,210,20,179,141,0,,9
4,10,260,40,99,88,39,,10
4,10,200,70,100,88,8,,19
4,10,290,50,89,20,0,,12
4,10,310,40,79,6,0,,13
4,10,330,30,59,-12,0,,15
4,10,240,60,92,-2,0,,12
4,10,240,40,80,36,0,,15
4,10,230,100,104,39,0,,-2
4,10,250,60,94,9,0,,9
4,10,20,50,74,5,0,,0
4,10,250,40,80,-11,0,,1
4,10,280,60,91,56,3,,9
4,10,240,70,108,91,0,,8
4,10,270,60,112,58,0,,15
4,10,100,40,94,75,0,,10
4,10,270,60,114,87,0,,21
4,10,270,50,133,58,0,,-6
4,10,230,50,127,74,0,,9
4,10,210,50,135,70,0,,10
4,10,270,50,142,58,0,,10
4,10,20,20,169,49,0,,13
4,10,310,40,81,44,0,,10
4,10,200,20,118,34,0,,18
4,10,80,40,160,73,0,,9
4,10,260,20,207,67,0,,16
4,10,270,30,128,122,0,,12
4,10,20,50,149,64,0,,8
4,10,340,40,126,-5,0,,10
4,10,30,60,73,22,0,,-3
4,10,150,20,58,30,0,,8
4,10,60,50,138,21,0,0.0,17
4,10,60,30,141,33,0,0.0,15
4,10,330,50,75,48,0,8.0,2
4,10,50,90,90,5,0,2.0,4
4,10,300,30,80,42,0,4.0,25
4,10,270,40,150,80,0,0.0,13
4,10,20,50,105,38,0,8.0,4
4,10,290,20,120,47,0,0.0,17
4,10,270,50,150,68,0,1.0,5
4,10,280,40,146,90,0,8.0,10
4,10,290,20,158,73,0,4.0,0
4,10,90,40,167,84,0,0.0,17
4,10,120,30,193,100,0,5.0,20
4,10,60,30,228,112,0,0.0,11
4,10,110,20,247,102,0,0.0,20
4,10,990,10,251,86,0,0.0,10
4,10,320,50,144,90,0,4.0,8
4,10,20,20,119,21,0,3.0,8
4,10,280,50,137,38,0,0.0,14
4,10,20,50,105,8,0,2.0,10
4,10,50,40,105,3,0,0.0,15
4,10,990,10,171,44,0,0.0,15
4,10,240,40,217,72,0,5.0,16
4,10,250,20,201,105,0,0.0,12
4,10,210,30,262,95,0,0.0,7
4,10,90,20,257,111,0,0.0,8
4,10,60,40,239,99,0,0.0,8
4,10,50,40,235,106,0,0.0,17
4,10,50,70,192,91,0,0.0,12
4,10,70,70,165,25,0,0.0,13
4,10,200,80,113,61,0,7.0,6
4,10,290,50,93,60,-1,8.0,3
4,10,340,50,84,61,-1,8.0,5
4,10,220,40,83,55,0,8.0,6
4,10,280,30,72,65,25,8.0,6
4,10,330,40,62,-23,0,5.0,5
4,10,290,20,75,-39,0,0.0,-17
4,10,190,20,70,-34,0,1.0,15
4,10,60,30,90,1,0,5.0,4
4,10,340,10,105,6,0,2.0,8
4,10,320,30,98,18,0,0.0,15
4,10,240,70,105,41,0,8.0,6
4,10,210,40,97,40,-1,8.0,3
4,10,350,40,105,53,0,8.0,-6
4,10,330,40,74,42,-1,6.0,10
4,10,20,40,77,-21,0,7.0,2
4,10,60,50,77,13,0,3.0,4
4,10,90,70,100,24,0,2.0,12
4,10,80,60,104,42,0,7.0,13
4,10,90,50,114,79,0,5.0,27
4,10,60,60,138,64,0,4.0,13
4,10,60,60,139,57,0,0.0,14
4,10,160,30,166,73,0,3.0,16
4,10,220,50,151,106,0,3.0,9
4,10,270,50,130,82,0,6.0,11
4,10,210,40,174,73,0,7.0,10
4,10,150,50,195,79,0,3.0,19
4,10,270,30,120,111,2,8.0,0
4,10,220,50,131,72,0,5.0,10
4,10,200,60,123,88,2,8.0,19
4,10,50,80,130,38,0,0.0,8
4,10,50,50,145,64,0,0.0,16
4,10,220,10,182,77,0,0.0,14
4,10,240,50,112,81,0,8.0,10
4,10,260,10,116,81,0,7.0,19
4,10,170,30,161,89,0,3.0,18
4,10,270,40,138,81,0,8.0,-4
4,10,200,80,120,42,-1,7.0,2
4,10,190,50,158,117,0,8.0,22
4,10,180,50,213,71,0,2.0,13
4,10,210,30,193,103,-1,7.0,16
4,10,350,30,153,116,0,7.0,15
4,10,270,30,125,91,0,5.0,16
4,10,30,30,166,66,0,1.0,13
4,10,80,40,208,94,0,0.0,11
4,10,260,40,180,104,0,2.0,-4
4,10,280,30,120,111,0,8.0,0
4,10,20,50,127,56,0,0.0,10
4,10,120,40,147,71,0,7.0,7
4,10,50,40,171,87,0,2.0,1
4,10,20,30,169,66,0,0.0,11
4,10,340,30,139,75,0,4.0,6
4,10,340,20,115,44,0,6.0,11
4,10,130,60,148,45,0,0.0,14
4,10,180,60,186,33,0,0.0,2
4,10,260,30,155,124,0,7.0,16
4,10,210,90,134,80,1,5.0,11
4,10,240,30,94,86,2,8.0,-3
4,10,90,20,151,67,0,4.0,-2
4,10,140,20,168,62,0,1.0,5
4,10,230,100,61,3,0,8.0,6
4,10,170,70,107,5,0,8.0,8
4,10,170,30,79,64,16,8.0,14
4,10,210,70,96,54,0,8.0,-3
4,10,230,50,98,28,0,3.0,7
4,10,170,40,135,26,0,0.0,13
4,10,180,30,167,52,0,1.0,11
4,10,330,40,88,79,-1,8.0,11
4,10,270,30,135,53,0,1.0,13
4,10,20,40,102,52,0,8.0,0
4,10,50,70,92,31,0,7.0,-1
4,10,20,70,109,35,0,1.0,14
4,10,20,70,131,31,0,4.0,21
4,10,20,40,109,54,0,7.0,20
4,10,30,50,120,9,0,0.0,17
4,10,30,60,94,16,0,8.0,11
4,10,990,10,117,-3,0,0.0,4
4,10,990,10,168,-7,0,0.0,15
4,10,60,30,88,25,0,7.0,16
4,10,280,60,125,58,0,5.0,-4
4,10,330,50,105,-34,0,6.0,-7
4,10,350,20,86,-11,0,8.0,1
4,10,50,30,118,-11,0,0.0,7
4,10,90,30,163,3,0,1.0,8
4,10,160,20,205,29,0,7.0,15
4,10,260,50,147,102,0,7.0,8
4,10,300,20,160,95,0,7.0,16
4,10,220,40,209,56,0,0.0,6
4,10,210,40,248,88,0,2.0,10
4,10,230,70,125,100,0,8.0,-8
4,10,240,70,145,118,0,8.0,6
4,10,150,60,188,123,0,0.0,25
4,10,250,30,125,112,-1,7.0,-1
4,10,250,50,111,77,0,8.0,11
4,10,210,60,118,53,0,7.0,9
4,10,260,60,171,115,0,2.0,20
4,10,280,40,168,79,0,3.0,14
4,10,260,30,151,89,0,2.0,7
4,10,360,20,125,64,0,0.0,15
4,10,40,30,148,19,0,0.0,14
4,10,200,20,202,81,0,0.0,10
4,10,330,80,89,32,4,7.0,-12
4,10,280,50,125,23,0,2.0,3
4,10,190,10,98,39,0,8.0,5
4,10,120,20,141,11,0,0.0,0
4,10,990,10,151,24,0,8.0,0
4,10,990,10,159,48,0,1.0,10
4,10,120,40,176,14,0,0.0,5
4,10,160,20,202,63,0,0.0,17
4,10,120,20,215,58,0,0.0,11
4,10,140,20,215,82,0,0.0,20
4,10,120,30,238,87,0,0.0,23
4,10,60,30,236,99,0,0.0,9
4,10,60,40,236,83,0,0.0,17
4,10,70,60,215,30,0,0.0,10
4,10,50,50,201,58,0,0.0,5
4,10,360,50,131,76,0,7.0,7
4,10,60,40,131,110,1,8.0,8
4,10,50,50,185,118,0,0.0,21
4,10,60,60,168,77,0,0.0,20
4,10,290,20,84,7,0,6.0,3
4,10,40,10,107,47,0,3.0,9
4,10,110,20,126,38,0,7.0,9
4,10,220,20,105,65,0,8.0,-8
4,10,70,50,68,31,0,8.0,3
4,10,10,20,79,-1,0,1.0,13
4,10,20,50,69,18,0,8.0,-4
4,10,260,20,78,-33,0,1.0,8
4,10,230,70,106,77,0,8.0,6
4,10,200,60,107,97,3,8.0,4
4,10,210,40,99,59,0,7.0,11
4,10,200,30,97,57,0,2.0,0
4,10,200,20,86,44,0,4.0,14
4,10,30,50,101,55,0,7.0,-1
4,10,360,70,84,31,0,8.0,4
4,10,330,50,82,-6,0,3.0,-1
4,10,190,90,92,-21,0,6.0,7
4,10,180,80,111,36,0,6.0,6
4,10,180,60,106,41,0,7.0,3
4,10,230,60,107,49,-1,8.0,11
4,10,220,70,95,43,0,8.0,4
4,10,230,70,112,55,0,4.0,-11
4,10,230,70,121,36,0,6.0,2
4,10,180,20,106,42,0,7.0,4
4,10,180,70,124,52,0,7.0,-1
4,10,190,90,132,67,0,8.0,6
4,10,200,60,138,72,0,8.0,-2
4,10,140,20,170,129,0,7.0,3
4,10,340,30,130,105,0,8.0,25
4,10,130,30,200,60,0,0.0,16
4,10,60,70,45,-48,0,0.0,14
4,10,70,70,48,-67,0,0.0,11
4,10,60,70,35,-50,0,8.0,15
4,10,60,60,42,-36,0,8.0,4
4,10,40,50,27,-16,0,8.0,1
4,10,30,40,39,0,0,8.0,5
4,10,80,20,79,-52,0,1.0,-2
4,10,100,50,91,-37,0,8.0,-1
4,10,140,40,85,43,-1,8.0,-12
4,10,270,40,92,71,0,8.0,6
4,10,230,70,109,95,8,8.0,-7
4,10,210,80,96,78,13,8.0,13
4,10,220,60,117,66,0,8.0,-3
4,10,190,50,172,108,0,8.0,20
4,10,320,20,128,102,9,8.0,11
4,10,220,80,163,55,0,8.0,9
4,10,210,40,165,121,0,7.0,20
4,10,250,90,141,30,0,2.0,2
4,10,240,50,102,46,0,8.0,4
4,10,50,60,88,3,0,5.0,3
4,10,30,20,119,19,0,6.0,13
4,10,220,40,122,-1,0,0.0,13
4,10,220,60,117,90,0,8.0,8
4,10,220,60,182,89,0,0.0,15
4,10,200,20,183,115,0,8.0,24
4,10,350,40,111,106,8,8.0,-13
4,10,30,50,94,30,0,5.0,7
4,10,990,10,88,14,0,8.0,10
4,10,220,80,97,36,-1,8.0,6
4,10,40,30,130,38,0,4.0,9
4,10,240,30,182,82,0,3.0,14
4,10,120,20,188,85,0,3.0,16
4,10,190,30,211,70,0,3.0,9
4,10,310,10,139,98,0,8.0,1
4,10,250,30,135,91,0,3.0,17
4,10,200,40,158,119,1,8.0,8
4,10,210,60,194,125,0,6.0,9
4,10,250,100,76,41,3,7.0,11
4,10,270,70,125,43,0,5.0,10
4,10,230,20,144,77,0,8.0,13
4,10,20,40,130,56,0,8.0,11
4,10,270,30,127,57,0,0.0,14
4,10,270,50,128,54,0,7.0,-1
4,10,330,60,108,45,0,6.0,-11
4,10,350,50,93,9,0,7.0,2
4,10,140,30,114,18,0,0.0,13
4,10,220,50,156,20,0,7.0,4
4,10,320,60,108,24,0,5.0,-5
4,10,50,60,122,46,0,3.0,12
4,10,70,60,200,91,0,2.0,9
4,10,40,50,165,82,0,7.0,-5
4,10,230,70,161,63,0,4.0,4
4,10,140,20,185,89,0,1.0,1
4,10,300,20,165,102,0,8.0,11
4,10,70,60,199,124,0,4.0,19
4,10,140,30,164,90,0,2.0,4
4,10,90,20,132,89,0,7.0,10
4,10,130,20,179,79,0,4.0,-8
4,10,310,10,152,116,3,8.0,7
4,10,300,10,135,117,0,8.0,15
4,10,280,80,69,-2,-1,8.0,3
4,10,320,80,76,1,0,6.0,-1
4,10,160,40,72,-3,0,8.0,14
4,10,50,40,54,7,-1,7.0,2
4,10,10,30,85,1,0,1.0,5
4,10,330,20,76,35,0,8.0,5
4,10,230,30,112,29,0,5.0,6
4,10,50,10,74,51,0,8.0,17
4,10,220,20,153,60,0,0.0,19
4,10,990,10,178,55,0,1.0,11
4,10,230,90,119,95,5,8.0,4
4,10,210,50,126,10,0,1.0,10
4,10,230,20,106,26,0,6.0,15
4,10,230,60,181,88,0,0.0,17
4,10,240,60,219,64,0,0.0,7
4,10,40,30,138,63,0,0.0,12
4,10,30,60,113,28,0,7.0,-3
4,10,50,60,125,7,0,2.0,2
4,10,50,20,110,31,0,7.0,16
4,10,50,40,166,18,0,3.0,5
4,10,20,30,166,44,0,1.0,14
4,10,10,50,119,50,0,6.0,6
4,10,990,10,102,58,0,8.0,23
4,10,220,50,182,53,0,4.0,15
4,10,210,50,138,103,0,8.0,12
4,10,270,30,145,96,0,8.0,16
4,10,30,70,112,10,0,5.0,8
4,10,270,90,60,36,5,8.0,51
4,10,200,70,136,7,0,7.0,0
4,10,220,70,131,46,0,2.0,-4
4,10,120,20,104,39,0,7.0,11
4,10,150,30,112,49,0,8.0,2
4,10,220,50,172,116,0,6.0,20
4,10,210,70,118,90,4,8.0,15
4,10,250,30,127,91,0,8.0,-5
4,10,220,80,101,47,0,8.0,10
4,10,230,70,88,18,0,7.0,8
4,10,210,20,99,33,0,8.0,13
4,10,170,40,128,45,0,1.0,9
4,10,50,20,110,43,0,4.0,14
4,10,100,70,158,51,0,0.0,15
4,10,160,30,146,70,0,3.0,6
4,10,110,20,106,81,0,7.0,16
4,10,210,30,141,59,0,3.0,10
4,10,230,70,122,90,0,8.0,11
4,10,260,70,118,61,0,6.0,8
4,10,310,40,85,17,0,7.0,14
4,10,260,50,118,17,0,1.0,0
4,10,290,50,117,20,0,6.0,11
4,10,30,40,112,17,0,0.0,8
4,10,50,40,150,40,0,0.0,22
4,10,70,50,122,31,0,8.0,6
4,10,10,40,89,15,0,8.0,-14
4,10,310,60,61,8,0,5.0,21
4,10,210,70,88,32,0,8.0,-1
4,10,250,70,67,34,2,5.0,-3
4,10,290,50,78,31,0,6.0,6
4,10,210,50,97,30,0,3.0,-10
4,10,210,60,82,53,3,8.0,14
4,10,310,20,109,35,0,7.0,0
4,10,230,40,125,100,1,8.0,-2
4,10,250,20,143,86,0,1.0,9
4,10,90,20,81,64,0,8.0,18
4,10,290,20,137,59,0,7.0,19
4,10,310,40,106,71,0,8.0,16
4,10,320,30,91,33,0,8.0,4
4,10,320,40,126,66,0,7.0,1
4,10,0,0,113,43,0,8.0,4
4,10,990,10,162,68,0,0.0,22
4,10,340,50,122,57,0,8.0,4
4,10,210,50,126,38,0,6.0,0
4,10,250,60,113,62,0,8.0,18
4,10,300,50,108,42,0,7.0,8
4,10,240,40,107,52,0,8.0,5
4,10,290,40,113,71,0,7.0,3
4,10,270,50,99,48,-1,6.0,-9
4,10,20,50,92,29,0,5.0,8
4,10,340,30,82,-1,0,6.0,9
4,10,50,70,66,-41,0,4.0,6
4,10,250,20,90,-59,0,8.0,10
4,10,220,40,144,64,0,4.0,6
4,10,350,60,109,20,0,7.0,-3
4,10,330,40,99,22,0,8.0,-5
4,10,240,80,130,26,0,7.0,15
4,10,290,60,81,17,-1,4.0,-11
4,10,20,30,95,-28,0,3.0,-4
4,10,250,30,94,8,0,4.0,-6
4,10,240,20,104,39,0,7.0,12
4,10,180,20,108,21,0,7.0,7
4,10,120,70,170,16,0,8.0,8
4,10,270,30,76,55,0,8.0,-1
4,10,150,50,96,42,0,8.0,21
4,10,200,70,132,77,-1,8.0,5
4,10,190,50,139,83,0,8.0,-3
4,10,280,70,59,29,-1,8.0,11
4,10,130,60,108,3,0,5.0,11
4,10,160,60,174,54,0,6.0,24
4,10,130,20,190,100,0,8.0,21
4,10,40,60,159,85,0,8.0,16
4,10,100,30,151,99,-1,8.0,23
4,10,220,20,124,109,-1,8.0,-2
4,10,40,50,120,101,0,8.0,-1
4,10,220,40,133,96,0,8.0,5
4,10,990,10,134,83,0,3.0,20
4,10,190,30,171,105,0,1.0,-2
4,10,250,40,145,84,0,8.0,5
4,10,200,50,183,56,0,3.0,9
4,10,130,20,213,74,0,8.0,17
4,10,130,40,247,91,0,3.0,14
4,10,240,30,265,127,0,8.0,5
4,10,40,30,191,108,0,0.0,15
4,10,220,20,227,124,-1,3.0,22
4,10,260,60,160,73,0,6.0,3
4,10,220,60,124,84,-1,8.0,5
4,10,270,50,116,66,0,8.0,11
4,10,250,70,118,45,0,7.0,14
4,10,150,40,140,31,0,8.0,10
4,10,200,60,143,80,0,8.0,1
4,10,20,30,106,98,3,8.0,6
4,10,190,30,125,92,0,8.0,18
4,10,80,30,101,14,0,0.0,21
4,10,200,60,137,55,0,8.0,-18
4,10,150,50,82,35,0,8.0,6
4,10,990,10,71,30,0,8.0,10
4,10,50,40,109,28,0,5.0,8
4,10,120,20,118,66,0,7.0,6
4,10,70,30,189,90,0,8.0,14
4,10,150,20,129,89,0,4.0,27
4,10,30,50,112,60,0,8.0,11
4,10,50,60,102,4,0,0.0,9
4,10,20,50,92,0,0,0.0,8
4,10,50,50,69,-52,0,8.0,-4
4,10,50,60,52,-32,0,2.0,17
4,10,50,50,69,4,0,3.0,26
4,10,100,40,114,41,0,5.0,20
4,10,90,60,162,5,0,6.0,13
4,10,100,30,142,90,0,8.0,6
4,10,90,50,192,46,0,0.0,5
4,10,90,40,210,42,0,0.0,12
4,10,70,50,220,47,0,0.0,17
4,10,80,30,211,37,0,0.0,14
4,10,90,50,227,27,0,1.0,23
4,10,80,50,173,47,0,8.0,14
4,10,160,90,226,89,0,2.0,12
4,10,150,60,163,82,0,7.0,21
4,10,210,30,135,88,0,8.0,16
4,10,230,60,112,65,0,8.0,9
4,10,220,40,97,53,0,8.0,5
4,10,330,20,145,68,0,6.0,6
4,10,360,30,121,72,0,8.0,14
4,10,70,20,77,-41,0,0.0,10
4,10,240,40,87,-9,0,8.0,9
4,10,290,50,90,32,0,8.0,7
4,10,150,40,119,-26,0,0.0,7
4,10,120,50,168,9,0,0.0,15
4,10,190,50,198,33,0,0.0,13
4,10,70,30,162,70,0,8.0,21
4,10,80,10,214,75,0,0.0,13
4,10,60,30,172,67,0,8.0,13
4,10,70,40,156,56,0,3.0,16
4,10,60,30,168,33,0,5.0,16
4,10,220,20,209,31,0,4.0,17
4,10,20,70,90,-6,0,8.0,6
4,10,10,30,77,-7,0,8.0,8
4,10,120,20,124,-5,0,4.0,14
4,10,30,20,187,12,0,0.0,16
4,10,50,60,141,51,0,3.0,15
4,10,990,10,156,59,0,8.0,-10
4,10,40,50,129,55,0,8.0,22
4,10,70,80,157,-13,0,0.0,12
4,10,70,70,161,-9,0,0.0,13
4,10,70,50,181,4,0,0.0,6
4,10,100,30,205,30,0,0.0,8
4,10,340,40,174,50,0,7.0,18
4,10,300,20,102,18,0,8.0,17
4,10,30,20,140,49,0,1.0,9
4,10,230,40,190,37,0,1.0,14
4,10,40,30,134,83,-1,8.0,19
4,10,240,60,134,98,-1,8.0,6
4,10,230,70,127,46,0,3.0,25
4,10,230,41,118,75,0,8.0,4
4,10,230,67,102,76,1,7.0,10
4,10,230,51,99,75,-1,8.0,5
4,10,200,103,105,35,0,3.0,13
4,10,210,72,106,39,0,4.0,-2
4,10,230,51,120,52,0,2.0,-2
4,10,240,67,98,63,-1,6.0,5
4,10,240,72,110,57,0,7.0,7
4,10,250,26,125,27,0,2.0,5
4,10,180,31,146,49,0,4.0,15
4,10,150,51,168,66,0,7.0,17
4,10,140,46,181,60,0,2.0,9
4,10,110,31,186,71,0,0.0,16
4,10,40,36,151,59,0,0.0,26
4,10,50,31,175,64,0,0.0,15
4,10,330,41,88,24,0,7.0,4
4,10,30,36,75,37,-1,7.0,12
4,10,350,15,53,-7,0,7.0,0
4,10,70,62,55,14,0,7.0,2
4,10,80,36,50,-14,0,4.0,1
4,10,210,36,65,-43,0,1.0,8
4,10,350,46,48,30,-1,7.0,23
4,10,270,51,60,38,1,7.0,-10
4,10,110,26,75,50,0,4.0,-9
4,10,120,57,105,24,0,0.0,8
4,10,80,46,119,44,0,1.0,5
4,10,50,26,112,42,0,1.0,14
4,10,360,26,96,18,0,3.0,-1
4,10,240,36,88,36,0,7.0,4
4,10,110,57,90,85,-1,8.0,1
4,10,270,26,70,45,0,7.0,4
4,10,200,51,59,34,0,7.0,12
4,10,320,36,74,45,-1,8.0,-9
4,10,330,26,67,16,0,7.0,6
4,10,300,15,69,4,0,4.0,13
4,10,220,51,82,31,0,7.0,7
4,10,140,41,114,39,0,6.0,11
4,10,100,36,122,44,0,4.0,15
4,10,70,26,128,32,0,0.0,7
4,10,70,21,134,40,0,5.0,6
4,10,70,21,145,45,0,5.0,15
4,10,240,57,123,33,0,5.0,7
4,10,230,82,85,41,0,7.0,-47
4,10,250,77,88,40,0,8.0,5
4,10,210,77,66,48,1,7.0,3
4,10,360,72,44,9,-1,8.0,16
4,10,250,62,56,34,-1,8.0,-4
4,10,270,31,110,98,-1,8.0,9
4,10,300,51,99,25,0,6.0,11
4,10,10,15,95,21,0,5.0,6
4,10,150,36,113,26,0,7.0,17
4,10,250,26,124,83,0,7.0,15
4,10,250,57,107,68,0,8.0,5
4,10,200,72,141,95,0,7.0,5
4,10,270,36,107,91,-1,8.0,8
4,10,230,87,141,85,-1,8.0,1
4,10,250,72,109,65,-1,7.0,16
4,10,240,46,86,74,9,8.0,15
4,10,300,15,108,62,0,6.0,-4
4,10,200,57,99,70,0,5.0,23
4,10,200,51,148,76,0,7.0,5
4,10,250,41,74,45,0,7.0,4
4,10,10,10,95,12,0,5.0,3
4,10,230,31,86,44,0,8.0,5
4,10,180,77,112,42,0,7.0,-1
4,10,220,82,87,73,3,8.0,-1
4,10,290,41,79,48,0,8.0,9
4,10,50,26,81,45,0,7.0,10
4,10,120,72,111,32,0,6.0,12
4,10,230,26,94,56,0,7.0,6
4,10,210,31,97,71,-1,8.0,-1
4,10,20,10,97,89,0,7.0,18
4,10,70,15,93,60,0,7.0,7
4,10,80,15,113,92,0,5.0,16
4,10,290,26,88,88,0,7.0,26
4,10,250,26,71,71,0,6.0,21
4,10,230,57,110,88,-1,8.0,-5
4,10,230,93,134,108,0,7.0,3
4,10,260,41,107,102,1,8.0,3
4,10,160,41,174,121,0,2.0,9
4,10,210,72,207,102,0,5.0,12
4,10,230,51,184,128,0,6.0,15
4,10,180,67,165,104,0,4.0,4
4,10,180,51,194,101,0,7.0,4
4,10,220,41,185,111,0,6.0,9
4,10,230,87,171,120,0,6.0,17
4,10,60,82,204,93,0,3.0,12
4,10,80,98,246,59,0,3.0,9
4,10,100,62,237,85,0,0.0,10
4,10,120,31,243,119,0,0.0,9
4,10,240,149,105,40,-1,7.0,7
4,10,220,87,42,32,3,6.0,26
4,10,230,46,73,30,0,5.0,2
4,10,210,93,75,72,6,8.0,9
4,10,200,62,49,34,8,8.0,4
4,10,220,31,71,48,0,6.0,-25
4,10,150,36,88,44,0,7.0,6
4,10,210,51,69,52,0,7.0,5
4,10,220,67,68,17,0,7.0,7
4,10,120,15,65,16,0,4.0,3
4,10,30,67,104,56,0,3.0,14
4,10,360,46,101,66,0,7.0,-9
4,10,340,98,110,35,0,7.0,3
4,10,340,46,57,16,0,7.0,16
4,10,170,41,67,39,0,7.0,2
4,10,50,62,122,42,0,2.0,5
4,10,10,72,92,36,0,4.0,15
4,10,20,41,84,-11,0,3.0,14
4,10,10,15,72,9,0,7.0,6
4,10,80,21,99,45,0,7.0,11
4,10,190,36,123,48,0,7.0,12
4,10,120,46,145,56,0,4.0,16
4,10,150,57,199,95,0,5.0,13
4,10,160,46,193,95,0,7.0,11
4,10,280,31,110,88,-1,8.0,7
4,10,220,51,123,97,-1,8.0,9
4,10,220,41,142,132,1,8.0,0
4,10,260,36,145,124,0,8.0,5
4,10,990,15,183,121,0,3.0,7
4,10,310,36,187,136,0,7.0,11
4,10,260,41,110,99,0,8.0,12
4,10,230,82,139,114,0,0.0,13
4,10,260,57,96,74,0,8.0,4
4,10,290,31,118,85,0,7.0,0
4,10,220,15,104,25,0,5.0,13
4,10,260,31,110,86,0,8.0,16
4,10,270,62,135,96,0,8.0,2
4,10,340,77,81,-1,0,4.0,18
4,10,320,46,70,-9,0,6.0,3
4,10,250,21,78,75,0,8.0,3
4,10,210,15,94,77,0,7.0,12
4,10,340,51,116,81,0,6.0,22
4,10,30,46,101,55,0,7.0,14
4,10,990,10,88,69,0,8.0,3
4,10,230,46,101,73,0,7.0,-16
4,10,300,41,71,33,-1,7.0,15
4,10,260,46,94,80,0,8.0,-2
4,10,240,93,111,85,-1,7.0,-22
4,10,290,10,68,7,0,7.0,5
4,10,200,62,78,16,0,5.0,12
4,10,90,51,96,36,0,7.0,10
4,10,140,15,143,109,0,5.0,16
4,10,40,51,148,69,0,4.0,12
4,10,80,36,171,132,0,3.0,23
4,10,60,67,185,129,0,1.0,9
4,10,20,41,163,95,0,4.0,13
4,10,350,41,94,80,0,8.0,3
4,10,30,21,78,21,0,7.0,3
4,10,60,31,109,52,0,7.0,12
4,10,350,21,98,93,-1,8.0,8
4,10,70,36,35,-42,0,1.0,4
4,10,10,41,39,-36,0,5.0,5
4,10,50,72,46,-29,0,3.0,16
4,10,60,67,70,-14,0,1.0,12
4,10,70,72,95,9,0,3.0,-6
4,10,100,36,82,37,0,8.0,25
4,10,270,15,111,56,0,4.0,15
4,10,270,26,75,30,0,8.0,5
4,10,220,21,119,60,0,7.0,5
4,10,110,15,115,80,-1,7.0,14
4,10,30,10,91,90,0,8.0,1
4,10,60,82,52,-44,0,7.0,4
4,10,60,46,67,-1,0,5.0,12
4,10,80,36,105,0,0,3.0,5
4,10,150,36,134,8,0,1.0,10
4,10,170,21,162,-5,0,3.0,13
4,10,110,46,177,-26,0,3.0,7
4,10,220,41,116,81,0,3.0,24
4,10,210,46,179,73,0,6.0,10
4,10,160,31,215,81,0,5.0,16
4,10,210,62,226,-2,0,1.0,0
4,10,150,51,224,66,0,7.0,11
4,10,220,103,189,115,0,6.0,1
4,10,220,36,148,72,0,6.0,5
4,10,230,46,139,72,0,4.0,-5
4,10,230,51,149,62,0,6.0,15
4,10,990,15,176,98,0,1.0,10
4,10,10,31,148,59,0,4.0,18
4,10,990,10,97,16,0,7.0,2
4,10,990,10,124,-5,0,4.0,12
4,10,230,30,138,64,0,0.0,15
4,10,60,10,130,44,0,1.0,12
4,10,260,50,120,79,0,7.0,-2
4,10,290,40,53,25,2,6.0,27
4,10,270,80,93,84,1,8.0,-3
4,10,350,50,76,-1,0,4.0,13
4,10,90,20,66,-45,0,1.0,9
4,10,120,50,109,-55,0,4.0,11
4,10,990,10,129,-7,0,7.0,16
4,10,280,10,137,63,0,7.0,14
4,10,320,60,101,49,-1,8.0,-4
4,10,340,50,81,15,0,6.0,4
4,10,20,10,84,9,0,3.0,2
4,10,230,50,111,72,0,6.0,15
4,10,310,50,70,27,0,6.0,11
4,10,30,20,77,30,0,8.0,6
4,10,50,40,108,-16,0,1.0,12
4,10,300,30,91,43,0,6.0,-8
4,10,360,40,68,-11,0,7.0,5
4,10,40,60,62,-51,0,1.0,9
4,10,210,30,94,-56,0,1.0,8
4,10,310,30,75,-2,0,6.0,6
4,10,210,20,104,-23,0,2.0,6
4,10,250,80,138,8,0,4.0,8
4,10,280,10,112,63,-1,8.0,14
4,10,100,30,114,79,0,7.0,8
4,10,360,10,118,107,0,8.0,7
4,10,220,80,119,114,2,8.0,7
4,10,270,50,98,92,3,8.0,8
4,10,320,30,113,76,0,4.0,15
4,10,70,10,136,106,0,8.0,7
4,10,220,60,126,112,-1,7.0,-9
4,10,200,90,125,102,1,8.0,10
4,10,190,100,105,60,-1,7.0,6
4,10,190,70,109,58,0,5.0,6
4,10,210,80,110,67,0,7.0,15
4,10,80,40,96,67,0,7.0,4
4,10,290,20,92,71,0,8.0,4
4,10,180,40,94,67,0,7.0,15
4,10,160,30,84,72,-1,7.0,14
4,10,230,60,80,64,-1,8.0,13
4,10,280,50,76,-6,0,7.0,9
4,10,230,90,21,17,-1,8.0,14
4,10,210,80,67,15,0,7.0,5
4,10,130,60,57,43,10,8.0,12
4,10,220,100,81,23,0,7.0,15
4,10,70,40,89,36,-1,7.0,29
4,10,120,20,113,52,0,,5
4,10,240,40,100,70,0,,2
4,10,190,60,102,87,3,8.0,-2
4,10,220,30,123,78,0,5.0,13
4,10,140,40,175,92,0,6.0,8
4,10,130,50,192,87,0,1.0,15
4,10,240,60,115,103,-1,8.0,9
4,10,170,40,142,131,2,,9
4,10,220,30,116,86,0,,-1
4,10,40,20,123,74,0,7.0,3
4,10,230,30,127,83,0,5.0,-1
4,10,100,40,157,99,0,2.0,5
4,10,10,20,116,116,0,,2
4,10,110,60,164,78,0,0.0,16
4,10,120,50,172,61,0,2.0,11
4,10,170,50,163,88,0,5.0,-8
4,10,300,50,96,87,0,7.0,5
4,10,210,40,127,120,-1,8.0,-2
4,10,220,60,160,144,-1,7.0,9
4,10,290,40,94,89,11,7.0,19
4,10,320,40,92,73,0,7.0,4
4,10,240,50,135,96,0,7.0,12
4,10,210,60,114,90,0,7.0,4
4,10,280,60,94,54,0,6.0,14
4,10,210,80,79,74,5,8.0,28
4,10,290,60,85,40,-1,6.0,-32
4,10,330,20,63,24,0,6.0,-8
4,10,180,30,61,3,0,6.0,-6
4,10,170,40,84,48,0,5.0,-4
4,10,50,20,111,49,0,3.0,-7
4,10,300,30,80,12,0,7.0,3
4,10,60,20,89,15,0,6.0,-2
4,10,140,50,111,42,0,6.0,9
4,10,210,80,144,86,0,5.0,18
4,10,210,70,119,96,0,7.0,17
4,10,140,30,135,97,0,5.0,19
4,10,160,50,131,89,0,7.0,1
4,10,140,30,143,94,0,5.0,7
4,10,80,60,182,123,0,7.0,13
4,10,40,60,118,94,0,7.0,20
4,10,40,50,157,102,0,1.0,15
4,10,70,60,117,73,0,5.0,19
4,10,350,30,159,70,0,,8
4,10,280,20,71,46,0,,7
4,10,200,30,121,57,0,,7
4,10,120,40,144,53,0,7.0,11
4,10,210,70,142,62,0,4.0,14
4,10,20,70,51,-26,0,8.0,14
4,10,70,70,82,7,0,4.0,5
4,10,20,20,98,15,0,5.0,6
4,10,990,10,107,24,0,,8
4,10,70,70,135,44,0,,5
4,10,50,60,95,-8,0,1.0,1
4,10,130,20,99,1,0,4.0,8
4,10,220,80,79,20,0,4.0,0
4,10,220,120,56,39,7,8.0,-5
4,10,230,50,97,53,0,7.0,-11
4,10,200,70,115,81,0,,5
4,10,230,50,88,22,0,,16
4,10,230,80,114,72,0,7.0,22
4,10,190,70,117,68,0,7.0,10
4,10,190,20,152,88,0,2.0,15
4,10,190,60,176,82,0,7.0,4
4,10,240,70,157,96,0,6.0,16
4,10,110,30,156,101,0,,8
4,10,280,20,119,114,0,,2
4,10,230,20,127,88,0,,7
4,10,160,60,169,92,0,3.0,16
4,10,180,40,206,123,0,1.0,10
4,10,60,40,181,126,0,7.0,15
4,10,320,30,202,149,0,1.0,13
4,10,270,40,127,121,15,,-3
4,10,990,10,141,121,0,,4
4,10,220,50,141,105,0,,9
4,10,130,30,178,97,0,3.0,14
4,10,260,60,127,50,0,4.0,8
4,10,170,50,105,85,8,8.0,-10
4,10,230,80,106,43,0,4.0,2
4,10,240,80,128,83,0,6.0,-4
4,10,230,70,90,42,0,,18
4,10,280,50,92,51,0,,22
4,10,150,50,86,46,0,8.0,3
4,10,270,60,86,57,1,7.0,23
4,10,350,30,84,75,-1,8.0,-6
4,10,310,50,79,9,0,5.0,3
4,10,340,50,47,-11,-1,7.0,6
4,10,270,30,43,-65,0,,5
4,10,290,60,87,60,0,,14
4,10,340,40,78,38,0,,12
4,10,300,30,72,5,0,8.0,2
4,10,330,60,61,3,-1,6.0,6
4,10,240,70,60,36,1,6.0,8
4,10,210,20,51,14,-1,7.0,10
4,10,20,40,74,23,0,,12
4,10,990,10,105,13,0,,3
4,10,80,20,116,10,0,7.0,11
4,10,170,60,144,19,0,7.0,5
4,10,190,40,116,95,-1,8.0,0
4,10,240,50,106,82,1,7.0,17
4,10,220,40,112,83,0,6.0,12
4,10,200,80,98,81,11,,12
4,10,160,40,131,86,0,,25
4,10,110,20,141,97,0,,19
4,10,230,20,142,67,0,,18
4,10,120,50,181,54,0,3.0,21
4,10,100,90,164,48,0,2.0,8
4,10,70,60,142,32,0,5.0,12
4,10,90,80,121,-23,0,0.0,10
4,10,80,90,72,-54,0,,10
4,10,60,50,96,2,0,,17
4,10,80,70,113,-22,0,0.0,4
4,10,50,30,102,-29,0,7.0,3
4,10,60,90,111,-13,0,1.0,3
4,10,70,70,114,16,0,1.0,4
4,10,20,60,119,44,0,4.0,14
4,10,10,60,100,37,0,,-1
4,10,260,40,94,20,0,,4
4,10,300,40,67,55,-1,8.0,3
4,10,330,30,93,77,0,8.0,-4
4,10,990,10,83,82,1,8.0,5
4,10,250,40,110,78,-1,7.0,-11
4,10,180,20,117,60,0,4.0,-16
4,10,340,20,106,72,0,,8
4,10,100,20,146,64,0,,5
4,10,240,30,173,74,0,7.0,6
4,10,300,40,158,107,0,7.0,0
4,10,280,20,173,125,0,6.0,25
4,10,260,40,111,111,0,8.0,3
4,10,200,70,124,76,0,8.0,-1
4,10,260,80,79,50,5,5.0,28
4,10,210,80,89,78,2,,7
4,10,210,130,98,42,-1,8.0,-33
4,10,200,80,119,69,0,,7
4,10,220,70,120,15,0,5.0,16
4,10,300,60,81,41,0,5.0,-23
4,10,310,50,61,19,-1,6.0,11
4,10,250,40,80,17,0,7.0,5
4,10,330,60,94,28,0,,14
4,10,340,40,66,-18,0,,3
4,10,40,50,50,-112,0,1.0,1
4,10,70,60,55,-99,0,0.0,2
4,10,40,30,47,-86,0,7.0,6
4,10,90,30,34,-26,0,4.0,7
4,10,240,50,57,2,0,8.0,10
4,10,110,40,111,-15,0,,16
4,10,100,30,148,20,0,,18
4,10,110,90,175,12,0,5.0,20
4,10,120,60,197,44,0,1.0,17
4,10,110,70,218,32,0,1.0,10
4,10,90,60,201,14,0,0.0,8
4,10,70,80,170,6,0,5.0,1
4,10,60,80,74,19,0,,0
4,10,80,40,132,36,0,,14
4,10,60,10,199,78,0,,15
4,10,290,20,148,64,0,5.0,16
4,10,340,30,144,72,0,0.0,12
4,10,90,40,203,42,0,3.0,12
4,10,200,20,206,102,0,8.0,20
4,10,180,20,144,136,7,,3
4,10,220,90,136,98,1,,-17
4,10,170,70,166,113,-1,8.0,14
4,10,240,90,157,93,0,3.0,7
4,10,30,20,131,124,40,,7
4,10,110,40,177,76,0,1.0,11
4,10,120,50,164,66,0,5.0,5
4,10,190,70,135,66,0,,7
4,10,250,90,116,53,0,,14
4,10,240,70,62,42,1,7.0,30
4,10,280,50,62,45,3,6.0,2
4,10,300,40,67,52,2,7.0,-7
4,10,290,50,88,27,0,7.0,-29
4,10,340,30,76,40,0,7.0,3
4,10,270,30,61,57,0,,11
4,10,50,40,84,18,0,,7
4,10,360,20,92,17,0,,13
4,10,360,30,101,69,0,7.0,9
4,10,990,10,124,57,0,1.0,9
4,10,170,30,156,48,0,0.0,11
4,10,130,40,183,68,0,0.0,11
4,10,170,40,191,55,0,,14
4,10,180,90,126,29,0,,8
4,10,190,70,95,23,0,7.0,1
4,10,200,40,114,44,0,2.0,14
4,10,190,50,150,110,0,6.0,9
4,10,340,20,157,126,0,8.0,5
4,10,10,40,145,81,0,2.0,7
4,10,320,20,127,76,0,,7
4,10,80,30,155,61,0,,11
4,10,140,20,180,36,0,7.0,6
4,10,100,40,195,95,0,6.0,7
4,10,90,40,161,117,0,3.0,24
4,10,180,70,163,92,0,6.0,-7
4,10,60,60,190,128,0,,15
4,10,120,30,129,50,0,,17
4,10,120,60,142,15,0,,11
4,10,180,30,177,67,0,,13
4,10,180,60,184,70,0,,8
4,10,280,40,103,46,0,,14
4,10,220,70,121,47,0,,4
4,10,220,120,98,49,0,,-30
4,10,300,30,75,56,0,,1
4,10,320,50,61,-29,0,,8
4,10,250,50,90,64,0,,3
4,10,290,30,128,72,0,,7
4,10,170,20,150,70,0,,-4
4,10,220,60,109,88,0,,9
4,10,220,40,133,100,0,,15
4,10,200,50,183,94,0,,-17
4,10,350,30,79,72,2,,-1
4,10,30,30,132,106,0,,-6
4,10,170,40,141,99,0,,16
4,10,250,40,108,82,0,,-5
4,10,30,30,76,72,5,,9
4,10,90,40,118,12,0,,3
4,10,990,10,135,21,0,,4
4,10,90,30,155,37,0,,16
4,10,90,50,160,92,0,,4
4,10,50,40,140,78,0,,21
4,10,240,30,115,107,2,,12
4,10,260,70,133,79,0,,13
4,10,170,40,160,91,0,,14
4,10,250,40,149,137,0,,17
4,10,230,20,176,136,0,,0
4,10,240,60,100,86,40,,13
4,10,200,70,105,88,4,,0
4,10,290,50,88,19,0,,4
4,10,280,60,85,19,0,,-12
4,10,340,40,60,-9,0,,15
4,10,230,60,98,12,0,,1
4,10,250,40,82,35,0,,11
4,10,230,110,98,39,0,,22
4,10,240,50,90,8,0,,11
4,10,40,30,81,15,0,,0
4,10,220,50,82,-2,0,,3
4,10,280,50,90,48,0,,6
4,10,230,70,97,88,0,,11
4,10,280,40,108,57,0,,3
4,10,110,50,104,76,0,,6
4,10,280,50,114,79,0,,11
4,10,270,50,122,56,0,,8
4,10,230,60,133,74,0,,0
4,10,220,50,132,68,0,,13
4,10,240,50,153,78,0,,-3
4,10,990,10,175,66,0,,8
4,10,310,30,84,43,0,,4
4,10,260,20,110,47,0,,11
4,10,90,30,147,91,0,,25
4,10,240,20,201,87,0,,18
4,10,230,30,131,124,0,,0
4,10,350,40,145,63,0,,9
4,10,330,30,122,29,0,,13
4,10,330,60,82,20,1,,12
4,10,990,10,64,22,0,,5
4,10,70,80,140,31,0,,14
4,10,60,40,139,50,0,,21
4,10,330,30,74,55,0,,3
4,10,40,70,87,18,0,2.0,19
4,10,270,30,90,57,0,7.0,23
4,10,240,30,142,87,0,0.0,16
4,10,350,30,103,50,0,8.0,9
4,10,240,30,118,63,0,3.0,14
4,10,280,60,141,65,0,1.0,13
4,10,270,40,146,97,0,7.0,7
4,10,280,20,156,87,0,6.0,-1
4,10,90,40,161,101,0,0.0,18
4,10,100,30,197,118,0,0.0,15
4,10,50,30,231,116,0,0.0,11
4,10,70,20,245,110,0,0.0,19
4,10,990,10,246,95,0,0.0,15
4,10,320,40,143,90,0,2.0,6
4,10,350,30,119,27,0,2.0,12
4,10,260,50,142,45,0,0.0,12
4,10,360,20,109,12,0,4.0,0
4,10,70,40,110,8,0,0.0,4
4,10,210,20,168,47,0,0.0,19
4,10,250,40,216,74,0,0.0,13
4,10,240,20,192,119,0,5.0,21
4,10,160,20,253,124,0,0.0,11
4,10,90,30,260,116,0,0.0,8
4,10,60,50,238,99,0,0.0,13
4,10,50,20,236,109,0,0.0,21
4,10,60,60,190,92,0,0.0,14
4,10,80,80,169,16,0,0.0,9
4,10,200,80,111,62,0,7.0,7
4,10,290,50,83,51,-1,8.0,-3
4,10,340,50,79,43,0,8.0,6
4,10,220,40,77,54,0,8.0,11
4,10,280,30,70,63,31,8.0,-1
4,10,340,30,55,-14,0,6.0,2
4,10,50,20,70,-25,0,2.0,7
4,10,190,30,74,0,0,6.0,12
4,10,120,30,91,-1,0,4.0,3
4,10,140,20,102,4,0,1.0,6
4,10,20,20,76,36,0,7.0,17
4,10,230,90,98,36,0,8.0,6
4,10,230,50,97,53,-1,8.0,-11
4,10,340,40,87,55,0,8.0,11
4,10,320,20,78,41,0,7.0,-12
4,10,30,30,71,-2,0,7.0,12
4,10,60,50,68,12,0,5.0,21
4,10,70,90,93,33,0,8.0,11
4,10,70,70,110,48,0,7.0,5
4,10,110,50,111,78,0,8.0,21
4,10,70,70,136,70,0,0.0,11
4,10,60,60,139,67,0,2.0,6
4,10,140,50,167,81,0,5.0,12
4,10,220,50,139,102,0,7.0,16
4,10,260,50,132,84,0,3.0,4
4,10,210,40,158,75,0,8.0,9
4,10,160,60,192,72,0,3.0,7
4,10,270,20,115,104,2,8.0,1
4,10,210,40,122,65,0,6.0,8
4,10,140,50,159,76,0,8.0,-31
4,10,40,60,131,51,0,0.0,12
4,10,70,70,144,71,0,0.0,17
4,10,110,20,175,88,0,0.0,16
4,10,240,50,109,85,0,8.0,7
4,10,990,10,116,92,0,8.0,7
4,10,130,30,156,101,0,6.0,15
4,10,280,30,140,91,0,8.0,3
4,10,200,100,117,50,-1,7.0,6
4,10,200,60,160,122,0,7.0,6
4,10,140,40,193,103,0,6.0,22
4,10,200,30,200,105,0,7.0,2
4,10,330,20,145,114,0,8.0,9
4,10,270,30,134,91,0,7.0,5
4,10,20,30,155,108,0,0.0,21
4,10,60,50,198,123,0,0.0,16
4,10,270,20,166,109,0,6.0,14
4,10,10,30,140,95,0,2.0,2
4,10,50,50,128,60,0,0.0,17
4,10,90,30,150,89,0,1.0,6
4,10,40,50,166,92,0,0.0,16
4,10,10,30,170,75,0,0.0,14
4,10,340,40,139,64,0,1.0,12
4,10,90,20,115,41,0,6.0,2
4,10,130,70,155,52,0,0.0,10
4,10,160,60,187,47,0,0.0,0
4,10,220,30,168,114,0,6.0,12
4,10,200,90,120,63,-1,8.0,23
4,10,240,40,101,88,4,8.0,-4
4,10,60,30,141,79,0,8.0,6
4,10,20,20,165,75,0,0.0,10
4,10,240,100,62,7,0,7.0,-23
4,10,170,70,105,8,0,0.0,14
4,10,180,50,83,53,3,8.0,4
4,10,210,70,88,45,0,8.0,10
4,10,230,60,96,22,0,1.0,14
4,10,160,50,131,21,0,0.0,6
4,10,160,30,155,49,0,5.0,23
4,10,340,30,90,77,-1,8.0,4
4,10,280,40,134,58,0,2.0,17
4,10,360,40,112,45,0,5.0,-5
4,10,60,70,78,27,0,8.0,9
4,10,30,70,106,30,0,0.0,18
4,10,30,60,134,32,0,1.0,11
4,10,40,50,116,49,0,0.0,19
4,10,30,40,115,13,0,2.0,22
4,10,20,40,91,13,0,8.0,8
4,10,990,10,108,-3,0,0.0,14
4,10,990,10,170,12,0,0.0,4
4,10,50,30,98,28,0,0.0,18
4,10,290,50,117,56,0,6.0,9
4,10,290,40,89,-33,0,7.0,0
4,10,230,20,86,23,0,8.0,2
4,10,90,30,116,-7,0,0.0,7
4,10,80,50,163,-6,0,0.0,7
4,10,180,40,229,34,0,7.0,-6
4,10,240,60,145,103,0,8.0,14
4,10,200,20,168,93,0,6.0,2
4,10,210,40,204,61,0,2.0,9
4,10,240,30,242,82,0,0.0,12
4,10,230,90,124,103,0,8.0,2
4,10,240,60,137,117,0,8.0,6
4,10,160,50,192,126,0,0.0,11
4,10,240,40,127,107,0,7.0,-1
4,10,240,50,111,75,0,8.0,15
4,10,210,60,114,50,0,8.0,6
4,10,260,60,151,111,0,8.0,22
4,10,280,50,165,81,0,0.0,10
4,10,280,30,143,82,0,0.0,11
4,10,340,20,124,48,0,0.0,12
4,10,70,20,138,19,0,0.0,20
4,10,220,20,187,62,0,2.0,16
4,10,330,50,102,28,-1,7.0,-2
4,10,290,50,122,30,0,3.0,-9
4,10,210,20,96,35,0,8.0,8
4,10,70,20,143,25,0,2.0,2
4,10,990,10,143,23,0,6.0,11
4,10,990,10,156,25,0,8.0,12
4,10,80,50,174,21,0,0.0,3
4,10,160,20,204,54,0,0.0,15
4,10,50,30,211,67,0,0.0,12
4,10,100,30,214,83,0,0.0,23
4,10,110,30,240,93,0,0.0,15
4,10,60,30,236,86,0,0.0,13
4,10,70,60,238,61,0,0.0,13
4,10,80,60,214,32,0,0.0,10
4,10,40,50,194,55,0,0.0,11
4,10,20,30,122,76,0,7.0,1
4,10,50,40,128,113,5,8.0,11
4,10,50,40,175,123,0,8.0,25
4,10,50,60,168,77,0,0.0,12
4,10,280,30,79,8,0,7.0,-1
4,10,990,10,99,49,0,8.0,28
4,10,110,20,113,60,0,8.0,14
4,10,40,30,86,74,0,8.0,0
4,10,50,50,70,36,0,8.0,2
4,10,320,20,69,-5,0,2.0,14
4,10,360,50,60,10,0,7.0,7
4,10,260,20,73,-23,0,2.0,9
4,10,220,70,103,80,-1,8.0,3
4,10,200,60,99,88,5,8.0,6
4,10,230,70,102,51,0,2.0,2
4,10,250,30,97,54,0,6.0,7
4,10,220,20,81,42,0,8.0,16
4,10,40,40,91,53,0,3.0,7
4,10,10,50,76,29,0,8.0,2
4,10,360,40,78,3,0,4.0,-9
4,10,200,90,88,-23,0,5.0,9
4,10,190,70,110,40,0,8.0,4
4,10,170,70,111,42,0,7.0,6
4,10,200,60,126,38,0,7.0,-16
4,10,210,90,96,54,4,4.0,3
4,10,220,70,109,71,0,3.0,-10
4,10,210,50,112,57,-1,3.0,12
4,10,210,20,107,47,0,8.0,5
4,10,170,60,125,58,0,7.0,-1
4,10,200,90,136,74,0,7.0,3
4,10,220,80,153,80,0,4.0,1
4,10,80,30,164,135,0,7.0,3
4,10,350,20,129,102,0,7.0,11
4,10,50,20,200,81,0,0.0,11
4,10,80,80,44,-53,0,0.0,10
4,10,60,90,55,-69,0,0.0,7
4,10,80,100,48,-55,0,1.0,4
4,10,70,80,32,-32,0,8.0,2
4,10,60,70,24,-18,0,8.0,7
4,10,40,50,38,-6,0,8.0,8
4,10,160,10,67,-15,0,0.0,17
4,10,100,50,94,-31,0,5.0,0
4,10,120,30,95,39,0,8.0,-1
4,10,250,40,91,71,0,8.0,15
4,10,250,90,105,87,7,8.0,-4
4,10,200,70,128,59,0,7.0,-23
4,10,230,60,112,63,0,8.0,3
4,10,190,40,155,101,-1,8.0,26
4,10,270,40,146,87,-1,7.0,-18
4,10,230,70,161,70,0,7.0,13
4,10,210,60,162,130,0,7.0,18
4,10,240,110,147,34,0,1.0,12
4,10,260,50,102,43,0,8.0,1
4,10,50,60,78,4,0,2.0,14
4,10,80,10,119,34,0,3.0,10
4,10,230,40,124,12,0,0.0,11
4,10,220,60,116,85,0,8.0,3
4,10,230,60,176,81,0,0.0,14
4,10,190,40,163,112,0,8.0,19
4,10,360,30,109,103,12,8.0,-12
4,10,360,40,82,21,0,5.0,16
4,10,90,20,87,11,0,1.0,16
4,10,220,80,96,47,-1,8.0,-2
4,10,360,20,128,31,0,5.0,7
4,10,240,30,173,91,0,7.0,18
4,10,100,30,187,100,0,2.0,3
4,10,140,30,203,71,0,0.0,16
4,10,250,10,144,107,0,8.0,3
4,10,220,20,128,96,0,7.0,13
4,10,210,30,140,111,1,8.0,17
4,10,190,40,188,124,0,6.0,7
4,10,250,100,94,35,-1,7.0,-14
4,10,260,70,124,46,0,6.0,9
4,10,240,40,133,86,0,8.0,19
4,10,40,30,122,42,0,8.0,10
4,10,260,30,123,39,0,0.0,12
4,10,290,40,124,52,0,7.0,-1
4,10,300,60,114,27,-1,4.0,3
4,10,340,40,88,34,-1,8.0,5
4,10,100,40,113,23,0,0.0,17
4,10,240,60,149,12,0,8.0,6
4,10,340,60,100,17,0,7.0,22
4,10,70,70,119,50,0,2.0,13
4,10,70,90,197,97,0,0.0,11
4,10,50,40,142,89,0,8.0,3
4,10,210,70,165,70,0,3.0,11
4,10,200,30,176,98,0,7.0,4
4,10,330,20,197,101,0,4.0,14
4,10,70,50,195,132,0,0.0,17
4,10,190,30,160,85,0,1.0,13
4,10,120,20,120,100,-1,8.0,6
4,10,90,30,149,112,0,8.0,7
4,10,310,10,146,111,-1,8.0,5
4,10,260,20,143,121,0,8.0,7
4,10,270,40,52,33,6,7.0,15
4,10,330,70,73,-22,0,4.0,10
4,10,170,30,74,11,0,8.0,10
4,10,40,40,53,5,0,8.0,19
4,10,360,20,86,17,0,1.0,5
4,10,340,20,74,50,0,8.0,13
4,10,240,40,107,35,0,6.0,6
4,10,140,10,83,56,0,8.0,25
4,10,200,20,150,71,0,0.0,11
4,10,990,10,170,85,0,2.0,10
4,10,220,80,125,105,-1,8.0,-1
4,10,220,40,122,33,0,3.0,10
4,10,250,30,107,30,0,3.0,2
4,10,250,60,178,100,0,2.0,9
4,10,240,60,203,78,0,0.0,17
4,10,30,40,128,62,0,1.0,11
4,10,40,50,96,33,0,7.0,9
4,10,40,50,121,22,0,2.0,19
4,10,30,20,99,26,0,8.0,21
4,10,30,50,155,27,0,0.0,13
4,10,20,20,163,46,0,0.0,17
4,10,350,40,118,47,0,5.0,15
4,10,320,20,107,64,0,8.0,10
4,10,220,60,177,66,0,4.0,13
4,10,210,50,138,99,0,8.0,18
4,10,230,40,154,104,0,7.0,4
4,10,10,60,106,-3,0,4.0,10
4,10,260,120,57,29,3,7.0,29
4,10,200,70,136,13,0,4.0,-5
4,10,290,40,90,48,0,8.0,43
4,10,110,20,102,47,0,7.0,8
4,10,150,30,113,55,0,8.0,5
4,10,190,40,164,114,0,7.0,11
4,10,230,70,118,96,3,8.0,7
4,10,160,10,127,94,0,8.0,2
4,10,220,80,109,57,0,7.0,1
4,10,230,90,92,34,0,7.0,7
4,10,250,30,99,45,0,4.0,10
4,10,150,50,127,39,0,0.0,16
4,10,80,20,105,55,0,8.0,5
4,10,100,70,156,51,0,0.0,19
4,10,200,30,150,71,0,1.0,-1
4,10,130,20,102,86,0,7.0,10
4,10,220,40,143,68,0,5.0,11
4,10,240,80,126,91,2,8.0,-11
4,10,230,100,120,53,0,7.0,6
4,10,300,40,93,19,0,6.0,-16
4,10,230,70,117,11,0,2.0,6
4,10,300,40,116,36,0,6.0,16
4,10,70,40,106,25,0,4.0,10
4,10,70,40,146,45,0,1.0,11
4,10,70,50,121,52,0,8.0,1
4,10,350,40,85,14,0,8.0,-2
4,10,320,50,68,-9,-1,6.0,-21
4,10,220,80,81,15,0,8.0,6
4,10,250,80,68,35,-1,6.0,-15
4,10,280,60,68,29,-1,6.0,20
4,10,220,70,70,-13,-1,7.0,11
4,10,220,70,76,46,1,8.0,16
4,10,330,20,101,25,0,7.0,13
4,10,230,30,115,104,4,8.0,11
4,10,230,20,112,101,0,4.0,31
4,10,140,20,80,60,0,8.0,10
4,10,210,20,149,62,0,7.0,-1
4,10,320,20,108,71,-1,8.0,11
4,10,340,20,73,62,-1,8.0,9
4,10,320,30,119,65,0,8.0,10
4,10,270,20,111,40,0,8.0,5
4,10,990,10,159,72,0,0.0,15
4,10,310,40,119,56,0,8.0,5
4,10,240,50,117,37,0,6.0,17
4,10,260,60,112,62,0,8.0,6
4,10,270,40,110,45,0,8.0,4
4,10,240,50,99,59,0,8.0,9
4,10,280,40,111,53,0,,-4
4,10,270,50,99,43,-1,,-15
4,10,10,50,97,21,0,,0
4,10,350,40,82,4,0,,-19
4,10,60,70,70,-40,0,4.0,-4
4,10,240,20,92,-44,0,8.0,11
4,10,240,50,134,72,0,8.0,15
4,10,340,40,104,4,0,6.0,-5
4,10,300,30,91,7,0,8.0,4
4,10,230,80,126,34,0,7.0,19
4,10,270,40,76,33,2,3.0,7
4,10,340,30,88,-19,0,2.0,16
4,10,260,20,104,10,0,6.0,-10
4,10,280,20,98,45,-1,8.0,7
4,10,340,10,106,13,0,5.0,11
4,10,130,70,163,13,0,8.0,6
4,10,300,20,68,46,0,8.0,-3
4,10,140,40,87,49,0,8.0,17
4,10,200,70,146,80,0,8.0,-11
4,10,190,50,137,85,0,7.0,2
4,10,280,70,60,32,1,8.0,-2
4,10,120,70,102,12,0,2.0,14
4,10,170,70,175,55,0,8.0,5
4,10,130,20,185,101,0,8.0,14
4,10,40,50,153,82,0,8.0,10
4,10,130,40,169,92,0,8.0,4
4,10,70,40,120,107,0,8.0,9
4,10,40,40,111,94,0,8.0,9
4,10,230,30,140,96,0,8.0,2
4,10,990,10,136,76,0,7.0,8
4,10,170,30,164,108,0,8.0,0
4,10,230,40,158,86,0,8.0,-6
4,10,210,50,178,73,0,8.0,11
4,10,110,30,208,84,0,8.0,8
4,10,130,30,239,97,0,5.0,24
4,10,210,40,253,116,0,3.0,13
4,10,20,40,187,117,0,0.0,15
4,10,210,30,217,126,0,8.0,31
4,10,250,60,160,76,0,6.0,8
4,10,230,70,125,84,-1,8.0,-3
4,10,270,50,121,73,0,8.0,0
4,10,270,40,112,72,3,7.0,-19
4,10,150,30,134,41,0,7.0,14
4,10,220,60,141,79,0,8.0,5
4,10,40,20,114,102,1,8.0,-3
4,10,190,50,123,99,3,8.0,7
4,10,80,50,99,20,0,0.0,18
4,10,190,60,139,61,0,8.0,-13
4,10,140,40,79,36,0,8.0,7
4,10,240,20,75,37,0,8.0,14
4,10,70,40,105,32,0,2.0,17
4,10,120,50,124,61,0,7.0,12
4,10,70,40,179,91,0,8.0,12
4,10,210,20,142,96,0,4.0,27
4,10,50,60,107,47,0,8.0,20
4,10,50,70,95,14,0,0.0,6
4,10,20,50,90,-4,0,0.0,7
4,10,40,40,63,-24,0,8.0,0
4,10,50,60,53,-21,0,1.0,9
4,10,70,60,75,1,0,1.0,19
4,10,80,50,117,56,0,1.0,16
4,10,70,60,155,31,0,0.0,13
4,10,120,40,136,90,0,8.0,5
4,10,80,50,191,66,0,0.0,8
4,10,70,40,206,67,0,2.0,13
4,10,70,50,224,38,0,0.0,12
4,10,80,40,207,49,0,0.0,19
4,10,90,40,227,39,0,6.0,19
4,10,60,70,178,61,0,8.0,14
4,10,160,60,228,98,0,1.0,15
4,10,140,60,163,82,0,4.0,18
4,10,220,30,131,85,0,8.0,13
4,10,230,60,119,77,-1,8.0,2
4,10,210,40,98,52,0,8.0,-1
4,10,10,20,145,67,0,8.0,9
4,10,10,20,116,75,0,8.0,-5
4,10,360,20,74,-65,0,0.0,9
4,10,240,40,89,-8,0,7.0,7
4,10,260,40,97,33,0,8.0,-5
4,10,150,40,119,-21,0,0.0,8
4,10,140,80,168,8,0,0.0,5
4,10,200,50,194,29,0,0.0,14
4,10,80,40,162,63,0,8.0,15
4,10,990,10,210,73,0,7.0,16
4,10,70,40,174,69,0,7.0,10
4,10,20,40,145,67,0,6.0,19
4,10,90,30,159,22,0,8.0,20
4,10,220,20,203,33,0,0.0,3
4,10,20,60,82,-19,0,7.0,3
4,10,40,20,75,-8,0,8.0,9
4,10,60,20,118,5,0,1.0,11
4,10,990,10,172,23,0,0.0,21
4,10,50,50,137,56,0,0.0,11
4,10,60,30,149,69,0,8.0,14
4,10,50,50,140,53,0,2.0,13
4,10,70,90,151,-2,0,0.0,10
4,10,70,110,157,-4,0,0.0,15
4,10,80,80,178,21,0,0.0,10
4,10,120,40,199,37,0,0.0,9
4,10,350,30,178,30,0,7.0,8
4,10,990,10,105,27,0,8.0,15
4,10,990,10,141,54,0,1.0,2
4,10,220,30,189,31,0,0.0,3
4,10,50,40,124,85,0,8.0,12
4,10,230,70,116,99,-1,8.0,17
4,10,230,80,136,59,0,7.0,12
