MM,HH,DD,FF,T,TD,RH,N,TC
4,9,230,93,107,55,0,7.0,8
4,9,230,103,109,46,0,5.0,20
4,9,230,77,85,73,-1,8.0,4
4,9,200,82,96,46,0,1.0,9
4,9,210,72,81,39,0,5.0,9
4,9,230,57,89,63,0,5.0,10
4,9,230,98,99,61,0,6.0,-3
4,9,240,72,91,71,0,7.0,13
4,9,990,15,111,80,0,6.0,9
4,9,160,36,138,76,0,4.0,16
4,9,170,41,168,85,0,7.0,10
4,9,100,31,157,41,0,3.0,25
4,9,40,31,158,57,0,0.0,15
4,9,990,15,100,76,0,0.0,22
4,9,30,31,139,50,0,0.0,19
4,9,360,51,74,23,0,5.0,9
4,9,330,31,51,31,-1,7.0,10
4,9,330,36,44,4,0,7.0,1
4,9,350,41,37,28,-1,8.0,0
4,9,10,46,41,-27,0,3.0,1
4,9,210,31,50,-12,0,1.0,13
4,9,220,82,54,50,-1,7.0,2
4,9,290,46,59,31,0,5.0,14
4,9,240,21,68,41,0,2.0,9
4,9,90,62,83,41,0,1.0,19
4,9,60,46,87,39,0,1.0,13
4,9,990,15,119,39,0,0.0,1
4,9,60,26,77,50,0,5.0,6
4,9,240,41,76,56,0,7.0,0
4,9,90,67,67,67,4,8.0,4
4,9,260,36,63,43,0,7.0,12
4,9,190,57,68,39,-1,7.0,2
4,9,260,36,61,47,0,8.0,2
4,9,360,31,50,24,0,7.0,14
4,9,320,21,51,19,0,3.0,19
4,9,220,62,75,14,0,7.0,23
4,9,170,41,99,27,0,7.0,12
4,9,80,46,103,27,0,7.0,11
4,9,70,26,106,22,0,0.0,18
4,9,70,26,112,40,0,2.0,13
4,9,990,10,127,54,0,6.0,17
4,9,240,57,110,45,0,1.0,14
4,9,240,93,75,34,0,7.0,14
4,9,240,98,80,42,0,6.0,8
4,9,210,108,80,38,-1,7.0,-1
4,9,320,62,30,26,3,8.0,2
4,9,240,62,60,30,-1,7.0,3
4,9,270,36,104,104,1,8.0,2
4,9,310,41,104,85,0,8.0,-1
4,9,990,10,68,32,0,4.0,18
4,9,990,15,103,33,0,7.0,17
4,9,240,46,116,88,0,7.0,6
4,9,230,62,85,73,2,8.0,15
4,9,210,72,130,102,0,8.0,18
4,9,220,62,143,107,0,8.0,7
4,9,220,113,156,97,0,7.0,10
4,9,240,82,106,71,0,7.0,6
4,9,240,72,88,73,2,8.0,8
4,9,260,41,84,72,0,7.0,12
4,9,240,51,80,65,0,2.0,18
4,9,210,31,147,60,0,7.0,6
4,9,240,57,62,25,0,7.0,7
4,9,990,10,82,29,0,1.0,10
4,9,230,51,77,28,-1,8.0,-2
4,9,180,93,92,23,0,3.0,7
4,9,230,118,84,42,0,7.0,0
4,9,300,41,70,31,0,8.0,7
4,9,990,15,76,19,0,6.0,5
4,9,80,51,96,20,0,5.0,20
4,9,260,41,89,49,0,6.0,16
4,9,170,26,85,71,5,8.0,16
4,9,990,15,100,60,0,7.0,19
4,9,990,5,101,64,-1,7.0,17
4,9,210,26,105,66,0,6.0,15
4,9,990,15,77,71,-1,7.0,9
4,9,260,31,61,60,0,7.0,6
4,9,230,82,109,70,0,7.0,0
4,9,240,77,112,82,0,7.0,6
4,9,240,72,109,85,0,8.0,3
4,9,200,36,162,98,0,4.0,16
4,9,200,51,182,82,0,1.0,13
4,9,220,62,174,91,0,3.0,11
4,9,190,62,148,96,0,4.0,12
4,9,180,57,170,74,0,7.0,15
4,9,200,26,159,100,0,5.0,4
4,9,230,77,149,86,0,7.0,25
4,9,60,93,194,127,0,3.0,9
4,9,70,87,201,46,0,2.0,20
4,9,90,62,199,66,0,1.0,18
4,9,90,51,225,103,0,0.0,11
4,9,240,165,105,39,0,6.0,1
4,9,240,98,58,15,0,7.0,7
4,9,240,57,54,32,0,4.0,5
4,9,200,113,58,47,5,8.0,8
4,9,210,87,44,13,0,7.0,10
4,9,240,57,49,28,0,7.0,14
4,9,190,31,77,28,0,6.0,6
4,9,220,62,66,49,0,7.0,10
4,9,230,82,51,25,0,7.0,7
4,9,100,31,53,10,0,3.0,8
4,9,20,72,57,39,0,8.0,4
4,9,360,67,63,47,0,8.0,3
4,9,350,93,102,40,0,7.0,12
4,9,310,46,61,-5,0,5.0,-3
4,9,180,41,48,38,0,8.0,6
4,9,50,57,103,30,0,0.0,13
4,9,20,93,85,21,0,5.0,9
4,9,70,21,44,14,0,7.0,17
4,9,350,41,64,4,0,0.0,15
4,9,210,26,87,44,0,7.0,17
4,9,180,26,106,46,0,7.0,27
4,9,990,15,145,70,0,4.0,5
4,9,160,67,185,78,0,3.0,17
4,9,180,31,177,103,0,4.0,4
4,9,280,21,94,89,-1,8.0,7
4,9,210,72,110,86,0,7.0,9
4,9,220,62,151,127,0,7.0,-11
4,9,230,46,149,128,0,7.0,1
4,9,990,15,182,134,0,1.0,10
4,9,250,41,204,149,0,3.0,10
4,9,230,46,106,104,0,8.0,2
4,9,230,93,108,100,0,7.0,20
4,9,250,82,102,83,0,7.0,3
4,9,250,46,104,92,0,7.0,5
4,9,990,10,82,36,0,6.0,9
4,9,260,41,101,88,0,8.0,2
4,9,230,82,122,97,0,2.0,13
4,9,350,67,65,6,0,5.0,13
4,9,330,41,53,2,0,7.0,10
4,9,230,57,60,56,2,8.0,4
4,9,990,10,71,60,0,8.0,6
4,9,20,36,119,77,0,3.0,7
4,9,40,51,86,55,-1,5.0,11
4,9,30,21,77,45,0,4.0,12
4,9,190,46,82,71,0,7.0,16
4,9,350,57,69,37,0,5.0,15
4,9,250,72,79,79,2,8.0,4
4,9,230,108,107,82,0,7.0,3
4,9,60,21,45,35,-1,7.0,13
4,9,210,62,65,42,0,2.0,0
4,9,70,46,83,28,0,5.0,12
4,9,90,10,125,100,0,7.0,20
4,9,40,57,132,72,0,6.0,13
4,9,990,10,96,96,-1,7.0,6
4,9,40,51,162,127,0,1.0,14
4,9,350,36,132,123,1,7.0,18
4,9,360,41,97,87,0,7.0,-4
4,9,30,46,65,7,0,5.0,11
4,9,990,10,117,72,0,4.0,15
4,9,990,10,121,121,-1,8.0,4
4,9,50,26,-3,-3,0,5.0,21
4,9,40,21,23,-33,0,2.0,2
4,9,40,57,28,-19,0,1.0,18
4,9,40,62,37,-11,0,6.0,10
4,9,50,46,54,-1,0,7.0,17
4,9,130,36,87,29,0,1.0,15
4,9,230,41,78,45,0,3.0,23
4,9,280,36,62,45,-1,8.0,7
4,9,200,21,103,62,0,1.0,17
4,9,990,10,128,72,0,3.0,13
4,9,290,26,88,85,0,8.0,4
4,9,60,62,23,3,0,8.0,5
4,9,80,62,46,-39,0,3.0,15
4,9,100,41,80,12,0,1.0,13
4,9,220,31,110,-1,0,1.0,19
4,9,210,36,136,23,0,1.0,16
4,9,990,15,159,-8,0,2.0,17
4,9,240,62,106,70,0,2.0,21
4,9,210,41,151,75,0,2.0,21
4,9,200,62,191,70,0,6.0,16
4,9,180,57,194,32,0,1.0,10
4,9,200,57,202,72,0,4.0,13
4,9,190,62,153,122,0,7.0,2
4,9,210,57,136,87,0,6.0,7
4,9,220,51,111,69,0,4.0,11
4,9,220,41,128,54,0,1.0,15
4,9,90,26,171,94,0,0.0,10
4,9,40,21,113,88,-1,8.0,8
4,9,360,21,85,37,0,6.0,5
4,9,990,10,106,35,0,2.0,12
4,9,220,20,115,75,0,0.0,22
4,9,40,20,102,42,0,1.0,13
4,9,230,60,89,54,0,6.0,-7
4,9,330,70,69,-7,0,5.0,10
4,9,230,90,76,66,4,8.0,2
4,9,30,60,64,-1,0,5.0,5
4,9,90,40,51,-29,0,1.0,10
4,9,80,30,78,-43,0,1.0,15
4,9,990,10,120,-19,0,5.0,12
4,9,270,20,103,29,0,7.0,25
4,9,270,50,106,57,0,7.0,-10
4,9,320,50,64,17,0,5.0,3
4,9,990,10,59,3,0,4.0,13
4,9,240,40,80,33,0,8.0,9
4,9,340,50,66,6,0,7.0,-1
4,9,330,20,50,24,0,8.0,7
4,9,70,40,87,1,0,1.0,11
4,9,350,40,68,23,0,5.0,10
4,9,40,40,57,-2,0,7.0,8
4,9,50,80,51,-58,0,2.0,-3
4,9,180,20,75,-63,0,1.0,9
4,9,30,50,68,7,0,5.0,7
4,9,990,10,84,-12,0,3.0,6
4,9,240,80,118,6,0,2.0,16
4,9,250,30,115,14,0,8.0,11
4,9,990,10,105,77,0,7.0,18
4,9,250,40,101,100,26,8.0,4
4,9,210,80,118,105,2,8.0,5
4,9,270,70,107,78,-1,7.0,-3
4,9,350,30,110,70,0,6.0,6
4,9,230,70,131,99,0,8.0,7
4,9,210,60,123,109,0,7.0,10
4,9,210,90,134,101,-1,8.0,-9
4,9,210,110,97,56,0,7.0,3
4,9,210,70,97,63,0,7.0,15
4,9,210,70,98,65,0,7.0,2
4,9,60,30,83,55,0,7.0,1
4,9,260,40,79,66,0,7.0,-1
4,9,990,10,85,66,-1,7.0,14
4,9,160,20,86,63,-1,7.0,-2
4,9,240,30,73,61,3,5.0,9
4,9,280,40,67,27,0,7.0,4
4,9,240,80,52,-1,0,3.0,-4
4,9,210,70,54,9,0,7.0,9
4,9,170,80,63,34,-1,8.0,7
4,9,240,100,75,24,0,4.0,-2
4,9,100,60,77,36,-1,7.0,6
4,9,990,10,91,51,0,4.0,2
4,9,240,30,74,53,0,7.0,11
4,9,190,50,101,83,3,8.0,-1
4,9,220,50,111,75,0,6.0,10
4,9,160,40,168,90,0,7.0,15
4,9,170,50,188,91,0,3.0,15
4,9,230,100,105,92,-1,8.0,2
4,9,210,50,138,119,-1,8.0,6
4,9,990,10,99,90,3,8.0,6
4,9,340,40,100,93,2,8.0,1
4,9,240,20,101,77,0,7.0,23
4,9,90,20,135,68,0,3.0,8
4,9,360,30,119,108,0,7.0,3
4,9,80,60,131,66,0,1.0,17
4,9,80,30,149,71,0,0.0,20
4,9,200,30,146,91,0,7.0,8
4,9,290,50,101,80,0,7.0,8
4,9,210,50,126,107,0,8.0,4
4,9,200,50,144,123,0,7.0,22
4,9,270,60,100,76,0,7.0,5
4,9,320,40,95,75,0,7.0,1
4,9,200,40,100,77,0,3.0,21
4,9,240,70,115,93,0,8.0,2
4,9,270,60,102,56,0,5.0,5
4,9,200,90,68,57,18,8.0,4
4,9,270,80,67,44,1,7.0,-6
4,9,260,30,41,19,0,7.0,10
4,9,190,30,33,24,0,8.0,3
4,9,200,50,73,30,0,5.0,-6
4,9,350,20,85,38,0,1.0,12
4,9,350,30,68,-2,0,6.0,4
4,9,210,20,48,38,0,7.0,21
4,9,160,60,100,35,0,1.0,7
4,9,240,90,136,85,0,5.0,-2
4,9,210,80,110,93,4,7.0,3
4,9,180,30,134,85,0,4.0,13
4,9,200,60,118,76,0,7.0,-1
4,9,80,20,132,78,0,4.0,5
4,9,70,40,165,105,0,6.0,6
4,9,40,50,140,109,0,6.0,-12
4,9,20,40,117,93,-1,8.0,16
4,9,50,50,87,59,0,7.0,4
4,9,30,20,145,80,0,0.0,13
4,9,230,30,65,53,0,7.0,6
4,9,190,30,110,71,0,6.0,12
4,9,80,30,93,47,0,7.0,19
4,9,180,50,126,77,0,2.0,6
4,9,20,80,37,25,-1,8.0,2
4,9,50,50,50,-20,0,1.0,16
4,9,80,30,83,40,0,3.0,8
4,9,990,10,99,17,0,6.0,14
4,9,100,70,118,28,0,7.0,10
4,9,50,50,75,15,0,0.0,15
4,9,360,10,93,23,0,2.0,8
4,9,210,110,72,4,0,5.0,2
4,9,210,100,74,18,0,7.0,9
4,9,230,60,77,45,0,7.0,16
4,9,200,70,104,73,0,7.0,3
4,9,210,50,75,16,0,4.0,21
4,9,220,80,109,77,0,7.0,-2
4,9,200,70,101,55,0,7.0,11
4,9,200,50,129,78,0,1.0,16
4,9,200,60,148,69,0,7.0,19
4,9,230,80,152,94,0,6.0,-2
4,9,990,10,152,86,0,7.0,12
4,9,280,30,114,112,-1,8.0,1
4,9,240,30,111,86,0,8.0,6
4,9,170,70,159,86,0,6.0,13
4,9,170,60,191,103,0,1.0,12
4,9,30,30,159,114,0,7.0,13
4,9,240,50,167,137,0,4.0,12
4,9,260,30,123,108,0,8.0,1
4,9,30,20,144,127,0,7.0,7
4,9,200,30,129,93,0,3.0,19
4,9,200,30,168,90,0,5.0,20
4,9,230,90,130,63,0,6.0,-5
4,9,190,100,114,77,1,8.0,6
4,9,230,80,78,42,0,4.0,4
4,9,240,90,117,81,0,7.0,3
4,9,240,60,90,42,0,4.0,-2
4,9,310,30,79,52,0,8.0,-2
4,9,180,50,77,49,-1,8.0,6
4,9,230,50,98,81,2,7.0,-16
4,9,310,20,81,69,0,8.0,-5
4,9,330,20,55,24,0,7.0,3
4,9,340,40,39,-13,0,7.0,8
4,9,990,10,31,-47,0,7.0,11
4,9,280,50,85,71,1,7.0,0
4,9,290,40,69,50,0,7.0,-4
4,9,290,30,64,15,0,7.0,3
4,9,300,70,39,25,3,8.0,18
4,9,260,70,47,16,0,7.0,-3
4,9,240,30,33,11,0,8.0,9
4,9,40,30,57,36,0,7.0,5
4,9,990,10,76,38,0,0.0,13
4,9,990,10,82,32,0,8.0,9
4,9,160,40,125,36,0,6.0,6
4,9,200,40,104,89,2,8.0,2
4,9,230,80,97,73,2,7.0,-17
4,9,220,60,93,81,4,8.0,8
4,9,220,70,97,74,4,8.0,-1
4,9,220,80,125,75,0,7.0,4
4,9,70,20,152,105,0,5.0,10
4,9,120,20,130,67,0,2.0,17
4,9,130,40,172,50,0,1.0,18
4,9,90,90,136,42,0,1.0,15
4,9,90,80,125,21,0,2.0,17
4,9,90,70,102,-23,0,1.0,14
4,9,60,60,56,-26,0,0.0,15
4,9,70,70,75,-17,0,1.0,14
4,9,50,40,75,-21,0,0.0,14
4,9,40,40,83,-22,0,5.0,14
4,9,50,60,83,-9,0,1.0,11
4,9,60,40,79,8,0,0.0,17
4,9,20,60,89,35,0,1.0,17
4,9,350,60,67,36,0,8.0,5
4,9,220,20,67,35,0,5.0,17
4,9,230,40,48,35,-1,8.0,5
4,9,330,30,69,64,3,8.0,3
4,9,270,30,74,70,2,8.0,8
4,9,230,60,117,57,0,7.0,3
4,9,240,30,97,57,0,6.0,10
4,9,220,20,71,68,0,3.0,25
4,9,90,30,118,59,0,3.0,14
4,9,210,30,151,83,0,7.0,3
4,9,260,30,131,101,0,7.0,18
4,9,230,40,140,105,0,7.0,7
4,9,250,40,126,112,0,8.0,5
4,9,190,50,104,79,0,8.0,13
4,9,250,80,85,35,0,6.0,4
4,9,200,90,77,61,10,8.0,1
4,9,220,130,102,35,0,4.0,2
4,9,210,80,108,62,0,7.0,9
4,9,210,60,116,15,0,1.0,12
4,9,290,50,56,40,1,8.0,-13
4,9,320,40,49,16,0,6.0,5
4,9,330,20,57,17,0,4.0,13
4,9,350,70,74,29,0,6.0,15
4,9,350,50,44,6,0,8.0,6
4,9,60,50,29,-84,0,0.0,10
4,9,30,40,40,-100,0,0.0,12
4,9,80,70,32,-86,0,7.0,13
4,9,40,20,16,-19,0,7.0,8
4,9,230,30,54,-1,0,1.0,12
4,9,100,30,103,-13,0,0.0,11
4,9,90,40,141,56,0,1.0,15
4,9,80,70,148,35,0,0.0,30
4,9,100,80,177,46,0,0.0,13
4,9,80,70,187,56,0,1.0,15
4,9,80,70,167,20,0,0.0,15
4,9,60,70,156,22,0,0.0,6
4,9,50,70,67,24,0,8.0,-1
4,9,70,50,97,48,0,0.0,17
4,9,230,30,176,84,0,0.0,10
4,9,320,30,119,73,0,8.0,15
4,9,10,30,131,66,0,1.0,5
4,9,70,20,180,70,0,1.0,15
4,9,200,20,204,87,0,1.0,16
4,9,190,20,146,141,5,8.0,2
4,9,230,80,125,89,0,8.0,2
4,9,180,60,149,103,-1,7.0,7
4,9,240,70,132,101,0,8.0,18
4,9,170,20,143,129,7,8.0,-6
4,9,190,50,163,63,0,2.0,14
4,9,180,30,152,63,0,8.0,3
4,9,210,70,124,63,0,8.0,3
4,9,250,90,108,47,0,4.0,1
4,9,250,80,67,38,5,8.0,12
4,9,250,70,59,30,-1,8.0,-9
4,9,260,50,52,40,2,8.0,6
4,9,300,50,71,39,0,6.0,1
4,9,360,40,48,18,0,8.0,10
4,9,280,30,72,34,0,7.0,5
4,9,30,30,53,-6,0,8.0,5
4,9,60,20,83,30,0,1.0,5
4,9,20,40,84,56,-1,8.0,5
4,9,100,10,102,59,0,1.0,17
4,9,190,40,149,36,0,0.0,11
4,9,120,20,166,71,0,0.0,9
4,9,250,20,175,86,0,1.0,14
4,9,190,100,111,30,0,3.0,7
4,9,200,80,76,22,0,7.0,4
4,9,190,50,109,45,0,2.0,9
4,9,200,40,143,107,0,8.0,9
4,9,210,30,156,131,0,1.0,4
4,9,350,30,127,76,0,5.0,9
4,9,320,20,106,65,0,8.0,15
4,9,30,40,131,78,0,0.0,9
4,9,140,10,162,50,0,0.0,3
4,9,50,20,173,91,0,0.0,21
4,9,150,40,189,103,0,0.0,10
4,9,190,40,141,95,0,4.0,2
4,9,80,40,172,136,0,6.0,11
4,9,990,10,133,61,0,0.0,3
4,9,80,50,111,4,0,0.0,17
4,9,200,30,168,72,0,0.0,11
4,9,210,50,167,61,0,2.0,11
4,9,270,40,85,61,0,8.0,8
4,9,200,70,110,45,0,7.0,11
4,9,220,140,100,40,0,8.0,2
4,9,240,50,65,48,1,8.0,7
4,9,360,70,47,-22,0,5.0,4
4,9,240,50,70,55,0,8.0,16
4,9,200,20,83,59,0,8.0,11
4,9,230,10,97,66,0,5.0,27
4,9,220,60,113,82,0,6.0,6
4,9,190,60,135,68,0,7.0,13
4,9,180,50,145,69,0,8.0,0
4,9,350,50,68,62,15,8.0,3
4,9,290,20,87,87,0,8.0,9
4,9,190,40,128,68,0,0.0,14
4,9,290,10,92,59,1,8.0,1
4,9,330,30,79,70,-1,8.0,4
4,9,80,60,96,-5,0,0.0,7
4,9,100,20,121,19,0,0.0,6
4,9,60,20,151,33,0,0.0,11
4,9,100,30,157,93,0,1.0,9
4,9,70,20,139,112,0,8.0,4
4,9,240,50,130,92,0,3.0,18
4,9,240,80,125,62,0,7.0,9
4,9,200,40,145,72,0,6.0,7
4,9,220,40,139,132,-1,8.0,6
4,9,220,30,171,126,0,8.0,6
4,9,210,80,122,90,0,8.0,6
4,9,200,110,109,67,0,8.0,-7
4,9,290,40,70,35,0,8.0,13
4,9,290,40,61,8,0,8.0,5
4,9,10,40,46,-19,0,7.0,1
4,9,220,60,64,5,0,0.0,15
4,9,240,50,75,23,0,1.0,14
4,9,230,90,93,16,0,1.0,5
4,9,240,50,73,29,0,6.0,14
4,9,20,60,49,10,0,8.0,3
4,9,240,40,50,-9,0,7.0,16
4,9,260,40,82,52,-1,8.0,6
4,9,230,70,75,64,0,8.0,14
4,9,250,50,111,72,0,8.0,4
4,9,80,40,105,88,0,8.0,25
4,9,270,50,90,83,7,8.0,10
4,9,240,30,93,80,0,8.0,1
4,9,230,60,109,74,0,8.0,12
4,9,210,60,109,53,0,4.0,13
4,9,210,30,117,56,0,8.0,20
4,9,220,20,149,60,0,0.0,11
4,9,320,40,78,54,0,8.0,5
4,9,210,20,105,47,0,8.0,5
4,9,80,40,127,71,0,8.0,22
4,9,210,40,184,106,0,0.0,13
4,9,240,30,122,117,2,8.0,7
4,9,360,30,115,67,0,8.0,18
4,9,350,60,106,36,0,1.0,14
4,9,320,50,86,2,0,4.0,8
4,9,230,40,51,35,2,8.0,12
4,9,60,60,117,34,0,0.0,13
4,9,60,40,125,41,0,0.0,22
4,9,340,30,59,25,0,6.0,10
4,9,40,90,70,-11,0,0.0,11
4,9,990,10,72,22,0,0.0,23
4,9,220,30,126,80,0,0.0,18
4,9,340,40,91,35,0,8.0,7
4,9,80,10,106,47,0,0.0,12
4,9,230,40,113,50,0,8.0,16
4,9,230,50,125,78,0,8.0,13
4,9,170,20,132,73,0,8.0,11
4,9,70,40,157,93,0,0.0,20
4,9,70,40,185,109,0,0.0,6
4,9,60,30,207,115,0,0.0,13
4,9,70,10,231,103,0,0.0,31
4,9,990,10,223,78,0,0.0,27
4,9,360,30,129,88,0,1.0,16
4,9,350,30,100,43,0,3.0,9
4,9,250,30,118,52,0,0.0,15
4,9,40,40,102,24,0,0.0,8
4,9,30,40,99,12,0,0.0,11
4,9,210,30,154,52,0,0.0,29
4,9,200,40,194,79,0,0.0,22
4,9,220,20,193,97,0,0.0,12
4,9,210,30,240,122,0,0.0,14
4,9,70,20,237,100,0,0.0,14
4,9,60,40,219,93,0,0.0,19
4,9,30,20,219,118,0,0.0,31
4,9,40,50,186,110,0,0.0,12
4,9,70,70,151,23,0,0.0,16
4,9,200,60,111,62,0,6.0,10
4,9,260,40,88,51,-1,8.0,-1
4,9,320,40,69,58,2,8.0,8
4,9,230,30,63,48,0,8.0,6
4,9,240,50,86,78,-1,8.0,2
4,9,350,30,35,9,-1,6.0,14
4,9,990,10,66,17,0,2.0,1
4,9,120,30,66,-2,0,0.0,5
4,9,100,10,71,14,0,8.0,10
4,9,0,0,74,36,0,2.0,24
4,9,320,20,86,45,0,1.0,8
4,9,230,90,112,30,0,5.0,13
4,9,190,20,81,65,2,8.0,1
4,9,20,40,64,58,8,8.0,2
4,9,270,20,64,43,-1,7.0,5
4,9,50,40,60,12,0,2.0,7
4,9,60,50,70,15,0,0.0,12
4,9,90,70,84,25,0,2.0,-3
4,9,100,60,93,43,0,8.0,9
4,9,70,50,123,92,0,0.0,14
4,9,60,70,121,69,0,0.0,17
4,9,40,60,124,74,0,0.0,17
4,9,150,20,152,82,0,1.0,12
4,9,210,50,145,102,0,1.0,2
4,9,240,50,116,77,0,8.0,3
4,9,200,40,150,79,0,5.0,14
4,9,190,60,186,45,0,1.0,8
4,9,230,20,126,111,4,8.0,-2
4,9,210,70,111,55,0,7.0,14
4,9,180,90,145,57,0,8.0,-15
4,9,50,50,106,35,0,0.0,20
4,9,60,70,122,52,0,0.0,18
4,9,230,20,149,80,0,0.0,21
4,9,250,40,99,92,0,8.0,14
4,9,290,10,95,77,0,8.0,7
4,9,80,20,139,95,0,1.0,22
4,9,250,50,148,92,0,1.0,-6
4,9,200,110,126,50,0,0.0,4
4,9,190,50,143,119,0,8.0,10
4,9,160,50,198,91,0,4.0,15
4,9,280,20,194,86,-1,5.0,-17
4,9,250,20,132,105,0,6.0,22
4,9,230,30,96,84,0,8.0,22
4,9,70,20,135,107,0,1.0,17
4,9,60,30,185,98,0,0.0,16
4,9,230,30,157,102,0,6.0,2
4,9,240,50,96,92,40,8.0,-1
4,9,10,20,108,74,0,0.0,12
4,9,100,60,120,86,0,8.0,12
4,9,340,20,144,100,0,0.0,11
4,9,330,20,145,90,0,4.0,21
4,9,310,20,104,70,0,4.0,22
4,9,60,20,106,53,0,7.0,-2
4,9,100,70,128,50,0,0.0,15
4,9,170,70,167,58,0,0.0,5
4,9,240,40,163,121,0,4.0,2
4,9,210,90,122,76,0,8.0,16
4,9,230,40,83,70,1,8.0,3
4,9,40,20,134,65,0,6.0,7
4,9,130,20,142,91,0,8.0,19
4,9,230,90,49,7,0,7.0,10
4,9,180,60,82,8,0,4.0,14
4,9,180,70,86,49,-1,8.0,6
4,9,200,80,76,49,2,8.0,2
4,9,220,50,71,42,0,6.0,14
4,9,170,60,119,19,0,0.0,10
4,9,200,20,155,61,0,4.0,4
4,9,310,30,89,86,8,8.0,-1
4,9,200,20,82,51,0,7.0,30
4,9,30,30,95,40,0,8.0,0
4,9,30,50,70,36,0,7.0,8
4,9,350,40,49,34,0,8.0,23
4,9,30,50,94,55,0,0.0,20
4,9,350,40,63,45,0,8.0,10
4,9,350,40,98,50,0,0.0,10
4,9,30,40,71,22,0,8.0,2
4,9,70,20,90,15,0,0.0,13
4,9,250,10,153,25,0,0.0,6
4,9,350,30,56,44,0,8.0,5
4,9,250,30,126,44,0,0.0,5
4,9,990,10,66,22,0,8.0,20
4,9,40,20,76,-5,0,8.0,-2
4,9,40,40,107,15,0,2.0,11
4,9,70,40,147,20,0,0.0,16
4,9,990,10,163,75,0,8.0,34
4,9,260,40,117,92,0,8.0,20
4,9,270,20,141,85,0,1.0,8
4,9,190,30,189,79,0,0.0,14
4,9,190,40,222,99,0,0.0,15
4,9,240,70,133,93,0,8.0,12
4,9,240,50,139,113,0,8.0,-1
4,9,170,50,182,106,0,0.0,20
4,9,280,30,121,91,0,8.0,-5
4,9,240,60,109,78,0,8.0,-3
4,9,210,70,110,42,0,8.0,9
4,9,240,60,153,78,0,1.0,9
4,9,290,40,165,88,0,0.0,8
4,9,990,10,129,65,0,8.0,15
4,9,60,20,95,45,0,1.0,17
4,9,60,40,124,45,0,0.0,23
4,9,210,30,158,79,0,5.0,33
4,9,340,60,90,54,4,4.0,13
4,9,260,30,99,37,0,1.0,14
4,9,990,10,96,18,0,8.0,6
4,9,100,10,125,9,0,0.0,10
4,9,210,30,121,27,0,8.0,7
4,9,160,30,148,3,0,2.0,6
4,9,70,50,156,34,0,0.0,15
4,9,210,20,196,62,0,0.0,10
4,9,100,20,207,41,0,0.0,3
4,9,200,50,202,77,0,0.0,21
4,9,70,40,192,89,0,8.0,46
4,9,40,40,184,103,0,7.0,13
4,9,300,10,195,116,0,0.0,23
4,9,90,50,195,46,0,0.0,8
4,9,50,50,175,66,0,2.0,13
4,9,340,40,88,65,-1,8.0,0
4,9,50,30,119,109,0,8.0,2
4,9,70,50,167,106,0,6.0,14
4,9,60,60,159,89,0,0.0,13
4,9,990,10,57,2,0,0.0,12
4,9,220,20,73,22,0,5.0,23
4,9,990,10,112,49,0,8.0,15
4,9,240,30,81,59,-1,8.0,-1
4,9,50,60,63,42,0,8.0,2
4,9,330,20,61,1,0,8.0,16
4,9,360,30,65,37,0,8.0,-27
4,9,80,20,60,-15,0,5.0,1
4,9,210,80,88,71,1,8.0,1
4,9,210,90,102,74,0,8.0,0
4,9,220,70,90,50,0,7.0,0
4,9,270,20,80,55,0,6.0,1
4,9,990,10,73,51,0,7.0,11
4,9,340,20,88,66,0,6.0,13
4,9,10,50,57,26,-1,8.0,9
4,9,350,40,60,-2,0,5.0,10
4,9,200,70,81,-29,0,7.0,3
4,9,210,70,95,44,0,8.0,12
4,9,190,80,107,42,0,4.0,1
4,9,200,50,112,52,0,7.0,19
4,9,230,70,86,38,3,8.0,16
4,9,230,70,83,42,0,7.0,12
4,9,210,80,92,38,0,1.0,8
4,9,180,30,92,51,-1,7.0,3
4,9,170,80,110,54,0,8.0,2
4,9,200,120,114,60,0,7.0,11
4,9,220,80,125,69,0,8.0,4
4,9,250,20,186,135,0,7.0,-1
4,9,20,20,135,125,-1,7.0,9
4,9,70,30,187,86,0,3.0,9
4,9,60,80,21,-72,0,6.0,11
4,9,70,70,30,-52,0,0.0,11
4,9,60,70,24,-39,0,8.0,11
4,9,70,70,29,-41,0,8.0,16
4,9,40,60,21,-22,0,8.0,1
4,9,30,40,24,12,0,8.0,1
4,9,110,20,70,-28,0,0.0,9
4,9,90,60,64,-33,0,8.0,13
4,9,140,30,66,41,2,8.0,2
4,9,230,60,75,69,4,8.0,4
4,9,230,90,122,77,0,8.0,0
4,9,200,90,112,61,0,7.0,3
4,9,230,70,94,60,0,7.0,20
4,9,200,70,156,93,0,8.0,7
4,9,250,30,188,105,0,2.0,-9
4,9,220,80,163,82,0,6.0,9
4,9,210,60,167,113,-1,6.0,10
4,9,250,70,133,25,0,0.0,7
4,9,260,40,87,34,0,8.0,9
4,9,40,60,73,0,0,1.0,11
4,9,350,20,92,15,0,8.0,11
4,9,220,30,96,10,0,0.0,14
4,9,250,50,107,78,0,8.0,10
4,9,230,40,160,90,0,0.0,17
4,9,210,30,180,113,0,8.0,24
4,9,260,30,164,110,-1,8.0,-5
4,9,360,40,69,20,0,6.0,6
4,9,70,20,63,4,0,8.0,19
4,9,230,80,98,-14,0,8.0,5
4,9,40,30,110,18,0,7.0,9
4,9,200,20,151,82,0,2.0,20
4,9,230,10,174,89,0,1.0,19
4,9,180,60,184,75,0,1.0,6
4,9,260,20,144,93,-1,8.0,1
4,9,220,30,114,87,0,8.0,3
4,9,200,40,141,97,0,8.0,14
4,9,200,40,184,127,0,1.0,4
4,9,240,80,102,51,0,6.0,-10
4,9,240,50,102,55,0,0.0,15
4,9,230,50,127,74,0,1.0,8
4,9,30,50,125,79,0,8.0,5
4,9,200,30,77,74,0,8.0,31
4,9,250,40,105,77,0,8.0,11
4,9,310,50,97,33,0,8.0,13
4,9,330,40,77,5,0,7.0,-7
4,9,80,30,90,14,0,0.0,21
4,9,210,40,134,16,0,5.0,7
4,9,330,60,91,21,0,4.0,3
4,9,70,30,89,49,0,1.0,25
4,9,80,60,173,104,0,0.0,16
4,9,50,20,145,74,0,8.0,19
4,9,220,40,127,86,0,8.0,3
4,9,240,20,156,114,0,0.0,14
4,9,220,40,161,109,0,2.0,11
4,9,70,50,183,125,0,0.0,15
4,9,180,20,149,67,0,0.0,17
4,9,230,40,127,78,0,8.0,22
4,9,990,10,146,76,0,6.0,15
4,9,230,30,140,106,0,8.0,-5
4,9,990,10,120,114,0,8.0,10
4,9,260,70,56,17,-1,3.0,5
4,9,330,60,52,17,0,8.0,-2
4,9,190,20,64,6,0,7.0,13
4,9,30,60,33,23,5,8.0,2
4,9,50,20,60,14,0,0.0,8
4,9,230,20,48,21,0,8.0,6
4,9,220,30,81,21,0,0.0,21
4,9,40,20,77,50,0,7.0,2
4,9,180,10,138,64,0,0.0,16
4,9,130,10,158,62,0,2.0,18
4,9,210,80,125,87,0,8.0,0
4,9,230,40,105,31,0,0.0,12
4,9,360,30,89,39,0,8.0,10
4,9,220,70,163,91,0,3.0,10
4,9,220,30,185,89,0,0.0,19
4,9,40,40,116,78,0,0.0,9
4,9,50,70,106,13,0,7.0,7
4,9,50,50,96,28,0,0.0,24
4,9,50,30,81,43,0,8.0,21
4,9,50,40,142,35,0,0.0,15
4,9,30,20,142,61,0,0.0,10
4,9,40,50,79,45,0,8.0,7
4,9,350,20,112,67,0,0.0,20
4,9,210,30,156,71,0,0.0,16
4,9,210,40,132,106,0,7.0,7
4,9,210,40,138,109,0,8.0,3
4,9,10,50,82,53,0,8.0,1
4,9,250,50,100,35,0,8.0,-2
4,9,190,70,118,18,0,4.0,11
4,9,220,60,102,58,0,8.0,-12
4,9,30,20,76,46,0,7.0,17
4,9,100,20,97,51,0,8.0,11
4,9,190,60,158,107,0,5.0,13
4,9,220,40,116,98,4,8.0,-6
4,9,260,20,108,97,1,8.0,1
4,9,220,80,95,58,0,6.0,17
4,9,230,70,79,30,0,8.0,10
4,9,240,20,80,50,0,8.0,4
4,9,200,30,111,36,0,0.0,14
4,9,70,20,92,61,0,8.0,18
4,9,90,50,156,70,0,0.0,22
4,9,230,30,144,74,0,0.0,12
4,9,80,30,97,77,0,8.0,10
4,9,160,20,120,68,0,2.0,22
4,9,230,70,118,83,0,8.0,8
4,9,240,70,114,62,0,4.0,2
4,9,280,40,70,1,0,6.0,12
4,9,250,40,86,35,0,1.0,14
4,9,240,30,101,60,0,8.0,13
4,9,60,40,92,25,0,0.0,16
4,9,70,50,129,42,0,3.0,20
4,9,60,60,104,30,0,8.0,13
4,9,20,40,68,13,0,8.0,6
4,9,300,10,50,1,0,8.0,3
4,9,220,60,55,17,0,8.0,11
4,9,250,60,34,16,2,8.0,4
4,9,260,50,34,27,4,8.0,8
4,9,220,30,69,25,0,6.0,25
4,9,210,90,98,27,0,8.0,11
4,9,160,10,68,37,1,8.0,9
4,9,210,40,124,102,1,8.0,12
4,9,240,20,122,84,0,0.0,17
4,9,20,20,72,72,0,9.0,3
4,9,990,10,129,67,0,7.0,15
4,9,330,20,79,68,0,8.0,-2
4,9,330,30,77,42,0,8.0,6
4,9,240,40,94,45,0,8.0,15
4,9,990,10,104,73,0,8.0,13
4,9,200,20,141,71,0,0.0,29
4,9,300,30,112,74,0,8.0,1
4,9,210,40,74,50,0,8.0,23
4,9,240,60,119,62,0,8.0,3
4,9,270,40,98,53,0,8.0,3
4,9,220,40,103,47,0,8.0,7
4,9,250,40,90,86,1,8.0,-3
4,9,270,40,89,40,0,4.0,11
4,9,30,60,51,33,-1,8.0,11
4,9,310,40,63,13,0,8.0,12
4,9,40,70,53,-37,0,2.0,11
4,9,280,20,71,-40,0,8.0,7
4,9,210,40,86,5,0,8.0,12
4,9,260,20,73,55,0,7.0,10
4,9,20,30,87,14,0,8.0,0
4,9,230,60,112,12,0,8.0,15
4,9,260,50,69,-3,0,6.0,3
4,9,270,20,66,9,0,8.0,23
4,9,270,30,65,4,0,5.0,17
4,9,210,40,69,30,0,8.0,18
4,9,260,20,98,22,0,6.0,4
4,9,120,50,157,13,0,8.0,17
4,9,270,50,64,38,0,8.0,3
4,9,170,40,90,29,0,8.0,15
4,9,190,50,122,60,0,8.0,5
4,9,190,60,127,87,-1,8.0,3
4,9,280,60,55,37,3,8.0,11
4,9,120,40,98,3,0,0.0,20
4,9,170,50,171,52,0,8.0,13
4,9,190,30,163,75,0,7.0,28
4,9,30,40,129,99,0,8.0,6
4,9,100,20,127,99,2,8.0,20
4,9,260,10,101,82,10,8.0,1
4,9,20,40,106,100,0,8.0,7
4,9,250,20,125,85,0,8.0,8
4,9,50,10,127,97,0,3.0,11
4,9,180,40,153,114,0,8.0,13
4,9,280,30,143,95,0,7.0,9
4,9,210,20,163,80,0,8.0,13
4,9,90,30,201,96,0,4.0,10
4,9,150,50,241,88,0,8.0,17
4,9,180,20,228,132,0,8.0,20
4,9,990,10,175,121,0,6.0,20
4,9,210,30,215,133,0,8.0,11
4,9,240,50,158,99,0,3.0,3
4,9,220,50,111,75,0,8.0,9
4,9,250,50,151,90,0,7.0,-8
4,9,240,60,102,44,0,8.0,11
4,9,200,30,140,47,0,8.0,10
4,9,210,50,133,73,0,8.0,9
4,9,40,40,100,83,-1,8.0,25
4,9,200,60,119,76,0,8.0,7
4,9,60,60,81,22,0,0.0,22
4,9,200,50,120,64,-1,8.0,-5
4,9,170,50,69,36,0,8.0,8
4,9,150,10,68,28,0,8.0,5
4,9,60,30,89,39,0,0.0,13
4,9,90,30,105,55,0,8.0,18
4,9,70,30,147,91,0,0.0,19
4,9,250,20,104,89,0,8.0,6
4,9,30,40,103,81,0,8.0,18
4,9,40,60,87,20,0,8.0,15
4,9,50,40,68,-3,0,0.0,20
4,9,50,70,55,-50,0,8.0,5
4,9,20,50,53,-15,0,5.0,-6
4,9,50,50,46,12,0,8.0,27
4,9,90,60,85,29,0,2.0,19
4,9,70,40,144,36,0,8.0,15
4,9,230,20,117,95,0,8.0,2
4,9,70,40,167,55,0,0.0,16
4,9,70,60,184,48,0,0.0,18
4,9,50,40,188,71,0,0.0,15
4,9,20,30,179,76,0,0.0,28
4,9,100,30,213,47,0,0.0,10
4,9,90,60,149,43,0,8.0,10
4,9,170,80,208,89,0,1.0,9
4,9,170,60,144,73,0,8.0,25
4,9,230,40,115,78,0,8.0,13
4,9,210,50,88,62,1,8.0,6
4,9,230,40,82,51,-1,8.0,10
4,9,990,10,124,63,0,1.0,8
4,9,30,50,113,74,0,8.0,16
4,9,990,10,65,-40,0,0.0,9
4,9,230,20,56,0,0,8.0,23
4,9,240,50,89,24,0,7.0,-4
4,9,130,40,103,-15,0,0.0,10
4,9,150,40,169,5,0,0.0,12
4,9,200,60,171,29,0,0.0,16
4,9,70,30,146,102,0,2.0,10
4,9,990,10,193,52,0,5.0,24
4,9,30,20,170,95,0,0.0,15
4,9,50,40,153,87,0,6.0,17
4,9,50,30,159,59,0,8.0,16
4,9,240,20,181,72,0,0.0,18
4,9,30,70,63,42,1,8.0,13
4,9,20,40,64,-6,0,8.0,3
4,9,80,20,109,3,0,8.0,15
4,9,240,20,169,36,0,0.0,22
4,9,40,40,131,69,0,0.0,22
4,9,280,20,141,75,0,8.0,3
4,9,350,10,98,80,0,8.0,12
4,9,90,80,137,5,0,0.0,17
4,9,60,80,146,-15,0,0.0,24
4,9,80,80,159,4,0,0.0,17
4,9,80,40,187,34,0,0.0,16
4,9,240,30,157,74,0,8.0,14
4,9,50,20,92,31,0,8.0,13
4,9,30,20,128,62,0,0.0,21
4,9,230,30,167,55,0,2.0,10
4,9,330,20,159,103,0,8.0,10
4,9,230,60,117,91,0,8.0,12
4,9,220,70,119,59,0,1.0,12
4,9,240,57,113,68,0,7.0,7
4,9,210,62,94,73,-1,8.0,13
4,9,230,51,95,73,-1,7.0,12
4,9,170,93,95,33,0,1.0,12
4,9,210,77,83,32,0,5.0,13
4,9,230,46,108,45,0,1.0,10
4,9,230,77,102,60,0,6.0,4
4,9,240,51,99,64,0,7.0,10
4,9,280,21,118,20,0,2.0,10
4,9,170,41,139,45,0,4.0,15
4,9,150,57,154,53,0,7.0,28
4,9,130,46,158,39,0,1.0,22
4,9,90,10,174,54,0,0.0,21
4,9,20,51,115,78,0,1.0,15
4,9,40,36,150,66,0,0.0,23
4,9,340,67,79,11,0,7.0,10
4,9,10,82,72,27,-1,8.0,1
4,9,290,46,38,15,2,8.0,25
4,9,60,36,42,29,-1,8.0,3
4,9,40,36,60,-31,0,5.0,-1
4,9,210,41,59,-54,0,4.0,16
4,9,330,57,49,28,-1,7.0,6
4,9,290,57,73,26,-1,6.0,-28
4,9,60,15,82,4,0,1.0,16
4,9,100,41,93,12,0,0.0,15
4,9,60,51,106,32,0,0.0,14
4,9,20,36,102,35,0,1.0,13
4,9,360,41,90,17,0,3.0,3
4,9,290,36,91,8,0,6.0,9
4,9,90,77,75,63,7,8.0,5
4,9,250,26,55,52,0,4.0,27
4,9,200,67,71,20,0,7.0,-1
4,9,300,36,73,58,1,7.0,5
4,9,340,41,67,20,0,7.0,-1
4,9,270,31,68,-2,0,2.0,8
4,9,230,46,69,42,0,7.0,10
4,9,150,41,94,29,0,7.0,10
4,9,30,31,115,38,0,7.0,11
4,9,40,26,116,31,0,0.0,19
4,9,30,26,125,42,0,2.0,10
4,9,40,15,121,41,0,7.0,23
4,9,250,41,98,56,0,7.0,14
4,9,230,77,80,38,0,7.0,-10
4,9,250,62,88,44,0,7.0,4
4,9,210,77,61,38,2,8.0,2
4,9,350,82,50,0,-1,7.0,10
4,9,260,51,56,34,2,8.0,3
4,9,280,51,110,104,0,8.0,5
4,9,310,67,93,26,0,7.0,9
4,9,40,26,87,11,0,3.0,10
4,9,150,41,106,22,0,7.0,19
4,9,290,31,121,86,0,7.0,4
4,9,240,51,102,71,-1,8.0,-8
4,9,200,72,130,91,0,7.0,5
4,9,250,41,106,98,1,8.0,10
4,9,220,77,136,80,-1,8.0,-11
4,9,240,72,111,63,0,7.0,4
4,9,210,62,85,68,2,8.0,8
4,9,270,46,100,60,-1,6.0,12
4,9,210,51,84,67,0,6.0,26
4,9,120,21,101,93,6,8.0,18
4,9,250,41,68,43,0,7.0,10
4,9,990,10,87,18,0,1.0,9
4,9,240,31,73,58,1,8.0,-8
4,9,180,87,97,45,0,8.0,1
4,9,240,72,88,55,-1,8.0,-2
4,9,290,41,70,55,-1,8.0,11
4,9,20,21,82,29,0,7.0,8
4,9,110,41,94,23,0,7.0,15
4,9,240,21,80,60,0,8.0,9
4,9,170,21,88,76,8,8.0,7
4,9,270,10,104,69,0,5.0,14
4,9,10,21,77,52,0,7.0,15
4,9,20,21,104,73,0,4.0,16
4,9,340,31,73,72,0,8.0,14
4,9,280,21,68,68,0,8.0,29
4,9,240,57,109,90,-1,8.0,-12
4,9,230,62,122,103,0,7.0,9
4,9,270,46,109,98,0,8.0,3
4,9,180,41,163,112,0,3.0,18
4,9,200,57,186,97,0,7.0,14
4,9,210,31,138,117,0,8.0,19
4,9,190,72,148,102,0,6.0,19
4,9,180,87,187,81,0,7.0,0
4,9,240,41,174,105,0,4.0,1
4,9,200,67,146,110,0,7.0,16
4,9,60,77,187,113,0,7.0,17
4,9,60,62,221,89,0,6.0,27
4,9,90,62,223,81,0,0.0,17
4,9,120,21,225,122,0,1.0,25
4,9,250,123,99,36,0,8.0,-4
4,9,240,21,36,27,19,8.0,12
4,9,230,41,65,35,0,5.0,5
4,9,200,77,73,70,10,8.0,10
4,9,210,67,40,28,9,7.0,14
4,9,250,41,71,37,0,5.0,8
4,9,160,36,73,35,0,6.0,19
4,9,230,46,62,50,-1,8.0,13
4,9,220,57,62,19,0,5.0,10
4,9,160,15,55,20,0,6.0,-1
4,9,30,87,95,55,0,1.0,19
4,9,10,72,102,48,0,5.0,21
4,9,350,93,91,27,0,7.0,13
4,9,340,46,53,18,-1,5.0,3
4,9,180,21,62,44,0,8.0,12
4,9,60,51,108,45,0,0.0,17
4,9,20,82,91,53,0,4.0,10
4,9,10,51,78,25,0,4.0,0
4,9,270,21,64,1,0,7.0,7
4,9,140,10,83,36,0,7.0,21
4,9,170,31,108,51,-1,7.0,7
4,9,130,41,139,48,0,5.0,19
4,9,160,62,187,81,0,6.0,15
4,9,190,51,172,94,0,7.0,15
4,9,270,21,106,94,4,8.0,6
4,9,220,46,113,99,-1,8.0,14
4,9,220,36,135,133,4,8.0,5
4,9,260,36,135,121,0,8.0,7
4,9,250,21,178,114,0,2.0,10
4,9,300,46,181,138,0,7.0,2
4,9,270,31,107,98,0,8.0,8
4,9,240,51,126,98,0,0.0,12
4,9,260,51,90,70,0,8.0,6
4,9,310,46,109,85,0,7.0,14
4,9,180,26,90,32,0,7.0,14
4,9,290,46,107,86,0,8.0,8
4,9,270,51,130,93,0,7.0,13
4,9,330,62,68,0,0,4.0,14
4,9,360,31,77,20,0,6.0,-2
4,9,250,36,73,70,-1,8.0,6
4,9,190,15,92,73,0,7.0,13
4,9,360,36,122,81,0,3.0,11
4,9,40,51,91,64,0,7.0,5
4,9,20,46,98,65,0,8.0,5
4,9,240,26,85,71,-1,8.0,8
4,9,310,67,61,38,1,7.0,13
4,9,270,51,98,82,-1,8.0,-5
4,9,250,67,104,75,-1,7.0,-4
4,9,990,10,72,29,0,7.0,8
4,9,220,41,64,25,0,6.0,12
4,9,60,36,84,35,0,7.0,10
4,9,120,31,117,87,0,7.0,23
4,9,20,36,137,72,0,5.0,19
4,9,10,21,102,102,0,8.0,11
4,9,60,77,183,109,0,2.0,10
4,9,350,31,154,108,0,3.0,12
4,9,360,41,79,75,-1,8.0,6
4,9,40,31,79,11,0,7.0,7
4,9,60,31,94,36,0,7.0,17
4,9,360,21,87,83,12,8.0,4
4,9,60,36,24,-43,0,1.0,15
4,9,40,26,35,-18,0,4.0,-2
4,9,60,57,42,-10,0,0.0,13
4,9,60,62,49,-24,0,0.0,25
4,9,70,62,66,-4,0,3.0,27
4,9,120,36,65,35,0,8.0,8
4,9,280,31,95,47,0,1.0,17
4,9,250,21,71,44,0,8.0,4
4,9,160,15,81,62,0,7.0,15
4,9,120,10,136,72,0,6.0,7
4,9,290,36,97,83,0,8.0,6
4,9,70,72,39,-17,0,5.0,11
4,9,90,67,54,-27,0,4.0,10
4,9,110,51,92,1,0,1.0,10
4,9,130,21,116,10,0,1.0,19
4,9,240,36,154,-8,0,1.0,15
4,9,160,31,161,-15,0,6.0,13
4,9,210,41,111,70,0,7.0,21
4,9,220,46,164,65,0,7.0,12
4,9,170,31,181,75,0,7.0,31
4,9,180,46,204,32,0,3.0,13
4,9,190,21,200,90,0,7.0,16
4,9,190,72,157,132,2,7.0,-5
4,9,210,31,130,77,0,2.0,8
4,9,270,31,119,82,0,1.0,13
4,9,230,31,135,75,0,7.0,13
4,9,990,15,157,100,0,1.0,18
4,9,350,41,145,73,0,1.0,16
4,9,360,26,78,37,0,7.0,14
4,9,260,26,112,15,0,4.0,12
4,9,250,20,120,63,0,0.0,19
4,9,120,10,127,42,0,2.0,9
4,9,270,60,108,80,0,7.0,5
4,9,330,80,78,-12,0,3.0,-4
4,9,270,60,93,87,19,8.0,-2
4,9,40,50,75,0,0,3.0,1
4,9,110,30,58,-33,0,1.0,11
4,9,120,20,89,-57,0,3.0,14
4,9,990,10,123,-9,0,7.0,26
4,9,0,0,124,46,0,6.0,17
4,9,330,60,102,67,0,7.0,3
4,9,330,60,76,12,0,7.0,18
4,9,50,20,74,25,0,4.0,3
4,9,270,30,98,69,0,8.0,17
4,9,340,40,77,-3,-1,7.0,-1
4,9,20,20,65,31,-1,8.0,3
4,9,70,40,101,-4,0,0.0,16
4,9,50,20,81,43,0,3.0,9
4,9,10,60,73,7,0,7.0,-2
4,9,40,80,71,-29,0,2.0,3
4,9,190,20,86,-56,0,1.0,2
4,9,350,50,83,1,0,3.0,11
4,9,210,20,89,1,0,4.0,10
4,9,250,60,128,15,0,5.0,12
4,9,240,20,113,72,-1,8.0,16
4,9,110,40,112,88,0,7.0,-1
4,9,280,30,117,117,1,8.0,9
4,9,220,50,115,115,3,8.0,12
4,9,290,70,98,92,1,8.0,11
4,9,340,30,108,84,0,6.0,7
4,9,20,30,113,108,-1,7.0,12
4,9,200,30,110,108,5,8.0,7
4,9,250,40,117,96,-1,7.0,15
4,9,190,100,97,66,0,7.0,5
4,9,210,70,100,58,0,7.0,18
4,9,200,60,101,82,5,7.0,7
4,9,90,20,91,79,0,7.0,9
4,9,260,30,101,72,0,7.0,0
4,9,150,40,81,70,0,7.0,12
4,9,170,30,74,67,6,8.0,12
4,9,240,30,77,74,0,7.0,0
4,9,290,50,79,26,0,5.0,4
4,9,220,40,11,10,37,8.0,24
4,9,220,50,46,12,0,7.0,18
4,9,130,70,49,38,12,8.0,6
4,9,230,70,81,36,0,4.0,3
4,9,100,50,90,39,-1,6.0,9
4,9,160,30,111,61,0,5.0,-1
4,9,240,20,98,65,0,6.0,8
4,9,180,70,98,89,2,8.0,7
4,9,250,20,114,82,0,7.0,16
4,9,130,30,158,92,0,7.0,21
4,9,160,40,185,103,0,3.0,10
4,9,250,40,112,103,-1,8.0,11
4,9,170,40,129,127,10,8.0,21
4,9,220,30,108,80,0,7.0,8
4,9,40,10,121,80,0,8.0,15
4,9,990,10,118,83,0,7.0,9
4,9,110,30,138,84,0,3.0,18
4,9,20,30,123,107,0,7.0,6
4,9,110,60,150,71,0,0.0,15
4,9,120,40,149,69,0,0.0,18
4,9,180,30,119,94,-1,8.0,2
4,9,290,40,90,84,0,8.0,8
4,9,220,30,120,116,20,8.0,9
4,9,210,40,144,124,0,7.0,16
4,9,300,70,93,79,1,7.0,10
4,9,330,60,94,59,0,8.0,-4
4,9,220,40,116,84,0,7.0,14
4,9,230,40,110,79,0,8.0,-1
4,9,280,60,105,56,0,4.0,-5
4,9,210,70,78,68,13,8.0,25
4,9,300,90,77,23,0,5.0,-1
4,9,220,30,51,22,0,7.0,17
4,9,200,30,72,23,0,4.0,6
4,9,190,30,71,33,0,3.0,4
4,9,20,30,90,30,0,1.0,0
4,9,300,30,75,1,0,7.0,7
4,9,70,20,71,26,0,5.0,22
4,9,160,70,109,36,0,6.0,4
4,9,200,50,143,88,0,3.0,13
4,9,220,50,122,84,0,7.0,7
4,9,140,30,134,93,0,7.0,17
4,9,160,60,115,79,0,7.0,8
4,9,150,50,140,77,0,2.0,15
4,9,80,40,161,112,0,6.0,7
4,9,60,70,149,97,0,3.0,7
4,9,60,60,156,54,0,1.0,10
4,9,50,60,105,69,0,7.0,6
4,9,30,30,144,78,0,0.0,14
4,9,240,20,64,43,-1,8.0,4
4,9,190,40,109,80,0,7.0,16
4,9,130,40,124,55,0,7.0,17
4,9,190,70,128,79,0,2.0,10
4,9,20,100,48,-18,0,7.0,22
4,9,30,30,65,13,0,7.0,7
4,9,130,10,94,36,0,3.0,7
4,9,990,10,100,36,0,7.0,10
4,9,60,70,111,50,0,5.0,17
4,9,50,70,77,-15,0,1.0,16
4,9,230,30,82,5,0,5.0,17
4,9,210,70,59,16,0,7.0,12
4,9,210,60,55,43,3,7.0,7
4,9,240,30,83,57,0,7.0,1
4,9,200,60,108,93,0,7.0,11
4,9,230,40,81,22,0,4.0,9
4,9,220,50,116,77,0,6.0,18
4,9,200,70,116,62,0,3.0,9
4,9,210,30,145,87,0,2.0,10
4,9,190,80,148,78,0,7.0,-6
4,9,220,60,152,93,0,5.0,5
4,9,130,20,119,107,8,8.0,16
4,9,310,20,116,111,-1,8.0,1
4,9,220,20,111,94,0,7.0,18
4,9,170,80,155,78,0,5.0,13
4,9,190,60,175,101,-1,5.0,23
4,9,60,20,166,113,0,6.0,13
4,9,290,40,192,135,0,5.0,9
4,9,260,20,114,109,-1,8.0,2
4,9,20,20,140,118,0,7.0,7
4,9,220,40,124,100,0,8.0,7
4,9,160,30,162,105,0,2.0,24
4,9,260,60,113,61,0,5.0,10
4,9,180,90,100,81,3,8.0,-4
4,9,230,50,96,54,0,2.0,11
4,9,240,60,119,83,0,7.0,11
4,9,230,60,98,46,0,4.0,1
4,9,280,50,89,63,0,7.0,10
4,9,160,50,78,53,0,8.0,5
4,9,300,50,105,84,3,7.0,10
4,9,10,70,76,71,-1,8.0,6
4,9,320,60,78,17,-1,6.0,6
4,9,340,50,55,-30,0,7.0,1
4,9,290,30,37,-64,0,7.0,8
4,9,300,60,85,69,1,7.0,13
4,9,310,60,74,41,-1,7.0,8
4,9,300,40,65,17,0,7.0,7
4,9,340,80,63,4,0,6.0,10
4,9,250,50,57,36,3,7.0,-23
4,9,990,10,48,28,0,7.0,21
4,9,360,40,66,44,0,2.0,15
4,9,70,10,89,21,0,1.0,11
4,9,990,10,87,19,0,8.0,10
4,9,160,50,135,49,0,7.0,7
4,9,200,40,111,99,1,7.0,7
4,9,230,40,89,75,-1,7.0,13
4,9,190,30,100,82,0,8.0,6
4,9,200,70,89,80,22,8.0,18
4,9,180,60,132,84,0,4.0,-10
4,9,70,20,129,99,0,6.0,22
4,9,180,20,122,81,0,,21
4,9,160,40,159,48,0,3.0,19
4,9,110,90,152,40,0,3.0,16
4,9,70,50,127,30,0,1.0,17
4,9,100,70,104,-19,0,0.0,16
4,9,60,60,55,-27,0,,12
4,9,70,50,77,13,0,,17
4,9,60,60,101,-21,0,0.0,11
4,9,30,20,85,13,0,5.0,16
4,9,60,60,88,-1,0,0.0,16
4,9,60,60,99,18,0,1.0,12
4,9,20,70,99,46,0,1.0,12
4,9,350,70,86,40,0,,-1
4,9,320,30,81,26,0,,8
4,9,310,30,67,53,1,8.0,2
4,9,320,40,88,74,1,8.0,2
4,9,270,30,96,65,0,7.0,5
4,9,230,20,106,80,-1,7.0,7
4,9,210,30,113,48,0,6.0,9
4,9,990,10,104,68,0,,7
4,9,110,20,139,77,0,,3
4,9,250,20,164,65,0,7.0,6
4,9,320,40,157,106,0,7.0,7
4,9,260,10,167,121,0,6.0,19
4,9,240,40,95,94,0,8.0,8
4,9,200,70,122,84,0,8.0,0
4,9,280,90,67,36,8,,34
4,9,200,80,84,74,5,,13
4,9,210,110,94,39,-1,8.0,-45
4,9,190,90,104,64,0,,15
4,9,210,50,93,29,0,0.0,34
4,9,310,70,66,47,1,7.0,-2
4,9,340,60,69,13,0,7.0,6
4,9,230,20,71,38,0,8.0,7
4,9,10,70,89,32,0,3.0,10
4,9,40,40,52,2,0,8.0,5
4,9,70,50,41,-63,0,0.0,9
4,9,70,40,50,-103,0,0.0,7
4,9,90,50,48,-72,0,1.0,8
4,9,40,30,22,-17,0,7.0,14
4,9,230,40,49,4,0,7.0,10
4,9,990,10,100,-11,0,0.0,18
4,9,120,30,149,46,0,0.0,8
4,9,110,70,161,24,0,0.0,16
4,9,110,60,178,50,0,1.0,22
4,9,100,40,202,73,0,1.0,13
4,9,90,70,179,21,0,1.0,14
4,9,70,60,168,33,0,1.0,5
4,9,60,70,70,11,0,8.0,6
4,9,80,40,105,48,0,0.0,20
4,9,180,20,186,82,0,0.0,18
4,9,350,20,144,54,0,1.0,13
4,9,30,30,120,73,0,1.0,24
4,9,110,40,193,42,0,1.0,4
4,9,180,20,172,113,0,2.0,27
4,9,190,30,143,135,8,7.0,4
4,9,230,50,133,89,0,7.0,-19
4,9,170,60,152,107,0,5.0,12
4,9,260,70,136,82,0,7.0,17
4,9,160,30,146,119,0,3.0,6
4,9,150,30,154,77,0,5.0,5
4,9,140,40,142,63,0,6.0,17
4,9,190,80,124,71,0,7.0,5
4,9,260,70,106,53,0,6.0,6
4,9,240,50,87,57,-1,7.0,-10
4,9,280,80,54,32,8,8.0,-18
4,9,320,60,60,44,8,7.0,14
4,9,310,70,80,30,0,7.0,8
4,9,20,20,69,33,0,8.0,9
4,9,290,20,63,50,-1,8.0,7
4,9,20,30,76,32,-1,8.0,7
4,9,70,20,98,26,0,5.0,1
4,9,20,30,97,77,1,8.0,5
4,9,990,10,110,69,0,0.0,17
4,9,180,30,142,41,0,0.0,18
4,9,170,30,168,67,0,0.0,13
4,9,170,40,161,58,0,1.0,23
4,9,180,100,105,41,0,7.0,6
4,9,190,90,79,36,0,8.0,5
4,9,210,30,102,60,0,4.0,12
4,9,190,50,132,98,0,8.0,12
4,9,320,30,151,120,0,8.0,4
4,9,10,40,147,74,0,0.0,11
4,9,0,0,116,70,0,8.0,2
4,9,70,30,155,45,0,1.0,8
4,9,990,10,170,60,0,0.0,5
4,9,100,30,187,89,0,6.0,15
4,9,120,20,172,120,-1,7.0,17
4,9,180,80,139,97,0,8.0,8
4,9,50,50,152,105,0,5.0,13
4,9,140,30,121,63,0,0.0,20
4,9,120,50,115,0,0,0.0,16
4,9,200,40,157,60,0,0.0,15
4,9,200,50,159,67,0,1.0,17
4,9,280,40,103,50,0,1.0,3
4,9,200,60,113,54,0,7.0,1
4,9,230,90,96,38,-1,7.0,-9
4,9,300,30,74,48,-1,7.0,6
4,9,340,50,60,-41,0,3.0,8
4,9,260,30,87,60,0,8.0,5
4,9,290,30,128,66,0,0.0,12
4,9,170,20,139,56,0,0.0,17
4,9,200,50,113,83,0,8.0,2
4,9,200,50,121,97,0,7.0,10
4,9,150,30,136,94,0,6.0,22
4,9,350,50,74,58,-1,8.0,1
4,9,990,10,122,96,0,8.0,13
4,9,170,40,131,82,0,0.0,20
4,9,180,10,103,73,0,8.0,4
4,9,10,30,92,84,-1,8.0,-7
4,9,130,60,113,-1,0,0.0,10
4,9,150,20,129,19,0,0.0,6
4,9,120,30,146,3,0,0.0,22
4,9,100,40,165,75,0,0.0,5
4,9,70,40,130,89,1,8.0,3
4,9,230,30,109,100,-1,8.0,16
4,9,250,60,130,79,0,5.0,4
4,9,160,50,151,81,0,7.0,9
4,9,290,30,152,128,0,8.0,0
4,9,200,20,164,134,0,8.0,10
4,9,230,40,110,96,12,8.0,12
4,9,210,70,98,87,13,8.0,2
4,9,300,70,90,25,0,2.0,3
4,9,290,60,73,24,0,3.0,9
4,9,340,50,61,-1,0,5.0,-34
4,9,240,40,84,23,0,0.0,7
4,9,250,30,76,41,0,8.0,12
4,9,220,60,85,48,0,8.0,12
4,9,260,40,75,23,0,5.0,12
4,9,30,50,68,21,0,7.0,7
4,9,250,40,74,12,0,1.0,1
4,9,290,50,84,59,0,8.0,10
4,9,250,50,105,87,0,8.0,15
4,9,280,50,107,71,0,7.0,9
4,9,110,40,91,76,0,8.0,9
4,9,280,50,104,83,0,6.0,19
4,9,280,40,125,66,0,1.0,0
4,9,260,40,128,80,0,7.0,-1
4,9,220,40,93,72,0,8.0,33
4,9,240,50,138,67,0,1.0,9
4,9,60,20,167,49,0,0.0,9
4,9,330,30,81,48,0,8.0,3
4,9,180,20,105,51,0,2.0,17
4,9,60,30,139,101,0,8.0,21
4,9,280,20,193,77,0,0.0,13
4,9,280,30,127,117,0,8.0,15
4,9,360,40,141,68,0,0.0,4
4,9,350,30,112,46,0,0.0,11
4,9,330,60,87,0,0,4.0,7
4,9,100,20,61,25,0,8.0,9
4,9,80,70,125,28,0,0.0,19
4,9,50,40,125,56,0,0.0,14
4,9,350,40,85,47,0,7.0,-1
4,9,60,60,79,13,0,0.0,18
4,9,290,30,75,50,0,8.0,19
4,9,260,30,123,76,0,0.0,19
4,9,30,50,96,59,0,8.0,9
4,9,230,30,100,55,0,1.0,18
4,9,290,60,133,64,0,0.0,10
4,9,280,40,132,98,0,7.0,12
4,9,290,40,153,75,0,8.0,9
4,9,80,40,153,93,0,0.0,16
4,9,70,30,171,109,0,0.0,17
4,9,70,40,212,112,0,0.0,16
4,9,140,10,230,107,0,0.0,26
4,9,30,20,215,104,0,0.0,26
4,9,10,50,130,101,0,6.0,16
4,9,10,30,112,39,0,8.0,14
4,9,260,50,130,51,0,0.0,18
4,9,30,40,101,24,0,8.0,12
4,9,100,20,112,9,0,0.0,8
4,9,990,10,160,25,0,0.0,7
4,9,260,30,197,76,0,0.0,14
4,9,230,30,184,106,0,2.0,20
4,9,200,40,245,122,0,2.0,17
4,9,40,20,221,134,0,0.0,24
4,9,70,40,227,97,0,0.0,22
4,9,30,30,196,117,0,2.0,28
4,9,70,60,186,104,0,0.0,15
4,9,70,70,151,17,0,0.0,17
4,9,200,70,99,69,0,7.0,8
4,9,300,70,88,58,-1,8.0,8
4,9,350,60,82,53,-1,8.0,4
4,9,230,30,76,55,0,8.0,8
4,9,290,30,76,70,14,8.0,5
4,9,310,40,53,-11,0,4.0,19
4,9,320,10,56,11,0,6.0,11
4,9,180,20,71,-9,0,0.0,18
4,9,30,20,89,16,0,0.0,7
4,9,50,10,88,24,0,0.0,12
4,9,990,10,86,35,0,0.0,14
4,9,230,60,95,45,0,8.0,5
4,9,230,30,84,64,2,8.0,0
4,9,10,40,87,57,0,5.0,7
4,9,360,50,75,42,-1,6.0,8
4,9,20,20,78,-5,0,0.0,8
4,9,50,50,76,15,0,6.0,-4
4,9,100,70,90,35,0,4.0,9
4,9,90,70,101,42,0,4.0,11
4,9,110,50,102,81,0,8.0,21
4,9,70,50,127,68,0,0.0,16
4,9,50,50,132,58,0,0.0,14
4,9,180,40,159,82,0,0.0,11
4,9,220,40,128,96,0,6.0,16
4,9,280,40,121,80,0,6.0,14
4,9,210,40,159,67,0,8.0,15
4,9,170,50,187,70,0,2.0,15
4,9,260,20,123,105,0,8.0,8
4,9,210,40,122,75,0,5.0,1
4,9,170,60,143,72,-1,7.0,-36
4,9,60,50,120,54,0,0.0,10
4,9,80,60,123,63,0,0.0,17
4,9,20,10,143,87,0,0.0,28
4,9,250,40,94,69,0,8.0,9
4,9,990,10,117,89,0,0.0,9
4,9,120,20,138,96,0,7.0,25
4,9,280,50,122,86,0,7.0,-4
4,9,200,90,115,45,-1,7.0,-3
4,9,200,50,138,131,1,8.0,10
4,9,170,50,195,91,0,0.0,13
4,9,180,40,197,77,0,7.0,-14
4,9,350,30,145,106,0,6.0,11
4,9,290,30,128,90,0,3.0,20
4,9,20,20,120,83,-1,8.0,20
4,9,70,40,189,105,0,0.0,16
4,9,250,30,166,106,0,8.0,9
4,9,280,30,104,100,-1,8.0,2
4,9,30,50,107,54,0,0.0,20
4,9,100,40,146,81,0,0.0,5
4,9,30,30,153,103,0,0.0,11
4,9,20,30,144,79,0,0.0,23
4,9,350,40,134,85,0,2.0,13
4,9,50,20,111,42,0,8.0,2
4,9,130,70,139,52,0,0.0,14
4,9,160,40,170,63,0,0.0,10
4,9,250,10,124,119,2,8.0,3
4,9,210,70,118,89,0,6.0,6
4,9,250,30,85,77,5,8.0,4
4,9,60,20,131,76,0,1.0,12
4,9,160,20,154,75,0,0.0,15
4,9,240,60,54,7,0,8.0,6
4,9,170,60,84,12,0,2.0,22
4,9,190,50,78,59,3,8.0,-3
4,9,210,50,87,58,0,8.0,12
4,9,230,40,79,28,0,1.0,13
4,9,170,40,125,40,0,0.0,13
4,9,160,30,143,57,0,4.0,21
4,9,330,30,87,75,-1,8.0,5
4,9,310,30,127,54,0,0.0,9
4,9,350,20,83,55,0,8.0,13
4,9,60,70,91,39,0,7.0,-4
4,9,40,60,87,36,0,1.0,27
4,9,20,60,105,50,0,5.0,27
4,9,20,50,85,55,0,4.0,22
4,9,30,50,105,18,0,0.0,12
4,9,350,50,85,41,0,8.0,5
4,9,990,10,96,11,0,0.0,16
4,9,40,10,141,39,0,0.0,22
4,9,60,50,95,25,0,1.0,9
4,9,300,60,112,66,0,6.0,0
4,9,330,30,94,-47,0,8.0,7
4,9,230,20,81,11,0,8.0,1
4,9,20,30,106,13,0,0.0,9
4,9,110,30,147,5,0,2.0,16
4,9,150,30,190,37,0,6.0,21
4,9,250,40,134,94,0,8.0,8
4,9,990,10,157,90,0,0.0,10
4,9,180,40,201,68,0,0.0,12
4,9,230,20,215,97,0,1.0,18
4,9,230,50,115,108,1,8.0,4
4,9,250,50,135,116,0,8.0,4
4,9,160,60,172,120,0,0.0,20
4,9,250,30,119,92,0,7.0,6
4,9,250,40,101,73,0,8.0,14
4,9,210,50,104,44,-1,8.0,11
4,9,250,40,148,111,0,8.0,21
4,9,290,50,152,80,0,2.0,19
4,9,280,30,141,86,0,1.0,10
4,9,20,30,103,65,0,3.0,16
4,9,80,30,127,-12,0,0.0,22
4,9,220,20,177,77,0,0.0,19
4,9,320,70,98,34,-1,5.0,-35
4,9,290,60,115,31,0,0.0,5
4,9,230,10,88,52,0,8.0,7
4,9,140,20,129,27,0,0.0,11
4,9,240,10,131,49,0,8.0,15
4,9,80,20,136,73,0,1.0,12
4,9,110,40,164,33,0,0.0,12
4,9,140,20,182,55,0,0.0,21
4,9,50,30,203,58,0,0.0,18
4,9,80,20,193,87,0,1.0,23
4,9,120,30,222,91,0,0.0,15
4,9,100,30,222,93,0,0.0,16
4,9,30,30,216,83,0,0.0,23
4,9,90,40,207,50,0,0.0,12
4,9,70,50,192,61,0,0.0,7
4,9,360,70,141,56,0,7.0,7
4,9,50,40,140,108,0,8.0,2
4,9,70,40,162,114,0,3.0,27
4,9,80,70,152,64,0,0.0,21
4,9,310,50,66,12,0,6.0,14
4,9,990,10,102,46,0,8.0,16
4,9,90,20,116,36,0,8.0,9
4,9,310,10,93,73,-1,2.0,3
4,9,60,60,61,26,0,8.0,4
4,9,360,40,61,-7,0,3.0,10
4,9,20,60,67,32,2,8.0,1
4,9,270,30,65,-16,0,5.0,9
4,9,230,50,96,75,-1,8.0,15
4,9,210,60,98,87,7,8.0,5
4,9,220,40,95,58,0,2.0,3
4,9,290,20,90,60,0,7.0,8
4,9,990,10,85,44,0,8.0,9
4,9,40,50,96,49,0,3.0,1
4,9,360,70,73,36,0,8.0,1
4,9,360,50,66,5,0,1.0,7
4,9,200,80,78,-12,0,6.0,16
4,9,180,90,94,42,0,7.0,11
4,9,190,60,101,51,0,8.0,7
4,9,210,50,99,49,0,8.0,-4
4,9,210,50,84,48,-1,7.0,9
4,9,240,50,96,65,0,8.0,7
4,9,210,50,98,54,0,4.0,5
4,9,220,10,89,64,1,8.0,16
4,9,170,80,121,68,0,6.0,-7
4,9,200,60,120,84,1,8.0,-1
4,9,210,70,141,84,0,7.0,2
4,9,70,30,136,121,0,8.0,15
4,9,140,30,126,98,0,8.0,3
4,9,110,30,188,82,0,0.0,11
4,9,60,50,40,-28,0,3.0,19
4,9,70,90,43,-76,0,0.0,16
4,9,80,70,31,-55,0,4.0,8
4,9,80,80,36,-44,0,6.0,8
4,9,50,60,27,-27,0,8.0,-1
4,9,40,50,38,-8,0,8.0,8
4,9,360,20,22,-5,0,1.0,32
4,9,100,50,77,-27,0,8.0,17
4,9,130,40,80,30,0,8.0,3
4,9,280,40,82,63,0,7.0,0
4,9,240,50,103,82,-1,8.0,-9
4,9,190,70,114,68,-1,8.0,-13
4,9,230,50,100,62,0,8.0,13
4,9,200,50,150,104,0,8.0,18
4,9,280,50,118,95,6,8.0,4
4,9,210,60,141,78,0,7.0,13
4,9,180,40,143,123,0,8.0,18
4,9,230,80,131,38,0,4.0,1
4,9,250,40,94,47,0,8.0,2
4,9,50,70,75,-13,0,1.0,16
4,9,30,10,79,27,0,8.0,19
4,9,240,40,97,38,0,0.0,13
4,9,240,50,113,89,0,8.0,7
4,9,210,50,157,88,0,8.0,20
4,9,180,30,155,108,0,8.0,21
4,9,10,40,100,93,10,8.0,-3
4,9,30,40,79,21,0,3.0,15
4,9,270,20,74,12,0,7.0,29
4,9,250,60,95,39,0,8.0,-1
4,9,20,30,113,40,0,1.0,14
4,9,230,30,148,91,0,7.0,21
4,9,110,20,172,91,0,3.0,19
4,9,130,20,172,86,0,4.0,17
4,9,210,20,133,101,0,8.0,5
4,9,220,30,124,93,0,6.0,14
4,9,200,40,138,115,2,8.0,16
4,9,200,50,174,130,0,8.0,17
4,9,270,60,85,59,3,8.0,21
4,9,270,50,121,54,0,1.0,13
4,9,240,20,120,84,0,8.0,15
4,9,20,50,128,53,0,8.0,14
4,9,280,20,107,70,0,1.0,25
4,9,280,50,124,54,0,5.0,6
4,9,300,90,103,36,-1,7.0,3
4,9,350,40,90,18,-1,7.0,-4
4,9,130,30,96,9,0,0.0,16
4,9,220,50,129,13,0,7.0,16
4,9,340,60,92,29,0,6.0,12
4,9,70,60,104,52,0,3.0,9
4,9,70,50,163,101,0,8.0,33
4,9,90,30,162,76,0,7.0,6
4,9,230,50,132,83,0,8.0,16
4,9,990,10,165,99,0,0.0,6
4,9,360,30,148,114,0,7.0,12
4,9,100,50,177,122,0,2.0,20
4,9,170,50,155,88,0,1.0,10
4,9,180,20,126,86,0,7.0,6
4,9,990,10,165,93,0,6.0,7
4,9,290,20,147,121,-1,8.0,8
4,9,300,30,127,109,0,8.0,7
4,9,290,110,70,3,0,8.0,-8
4,9,340,70,66,6,1,6.0,4
4,9,160,40,66,12,0,8.0,7
4,9,70,40,40,21,1,8.0,11
4,9,30,30,71,27,0,1.0,9
4,9,290,20,74,43,0,8.0,6
4,9,250,30,100,50,0,5.0,9
4,9,990,10,59,56,0,8.0,11
4,9,160,20,131,72,0,0.0,17
4,9,990,10,146,88,0,6.0,20
4,9,210,50,115,107,3,8.0,4
4,9,220,40,108,32,0,0.0,12
4,9,290,30,95,38,0,4.0,13
4,9,220,40,151,92,0,0.0,23
4,9,250,30,196,81,0,0.0,17
4,9,50,40,123,73,0,1.0,9
4,9,50,50,106,21,0,8.0,2
4,9,80,60,113,15,0,0.0,14
4,9,40,30,83,29,0,5.0,18
4,9,60,50,146,32,0,4.0,15
4,9,30,30,137,63,0,1.0,14
4,9,10,70,105,53,0,7.0,5
4,9,990,10,104,63,0,3.0,11
4,9,240,40,161,65,0,3.0,15
4,9,200,50,134,103,0,8.0,10
4,9,280,50,143,102,0,8.0,-4
4,9,30,80,107,11,0,3.0,4
4,9,250,50,76,33,5,7.0,21
4,9,200,80,121,3,0,7.0,15
4,9,210,60,105,51,-1,4.0,5
4,9,990,10,80,43,0,7.0,24
4,9,190,30,99,55,0,8.0,11
4,9,200,50,152,115,0,8.0,9
4,9,210,60,122,103,5,8.0,-10
4,9,230,20,112,93,0,8.0,2
4,9,220,60,103,58,0,8.0,3
4,9,230,60,78,28,0,7.0,14
4,9,190,20,85,62,0,8.0,20
4,9,190,50,116,50,0,4.0,10
4,9,990,10,104,44,0,3.0,7
4,9,110,70,131,49,0,4.0,29
4,9,200,30,130,69,0,1.0,13
4,9,120,20,106,74,0,7.0,13
4,9,220,40,128,72,0,2.0,13
4,9,240,50,120,97,4,7.0,-4
4,9,240,60,110,54,0,7.0,5
4,9,310,40,78,23,-1,7.0,12
4,9,240,50,112,32,0,1.0,4
4,9,290,60,123,31,0,3.0,3
4,9,80,40,96,14,0,0.0,13
4,9,70,40,126,37,0,0.0,18
4,9,80,60,108,35,0,8.0,8
4,9,20,60,73,27,-1,7.0,16
4,9,340,60,75,3,-1,4.0,-13
4,9,210,60,73,26,0,8.0,3
4,9,260,40,51,34,5,3.0,-6
4,9,280,60,64,32,-1,3.0,9
4,9,200,40,87,20,0,5.0,-12
4,9,210,70,76,49,1,8.0,11
4,9,350,20,97,30,0,8.0,3
4,9,220,30,116,101,-1,8.0,4
4,9,220,20,120,93,0,1.0,21
4,9,50,10,76,73,0,8.0,6
4,9,310,20,134,68,0,0.0,15
4,9,350,50,107,47,-1,7.0,13
4,9,320,30,89,38,0,8.0,3
4,9,290,40,116,74,0,4.0,14
4,9,330,10,104,34,0,8.0,9
4,9,170,20,142,68,0,0.0,22
4,9,310,50,117,55,0,8.0,2
4,9,230,30,119,46,0,7.0,13
4,9,250,60,111,64,0,8.0,-1
4,9,280,60,104,49,0,8.0,2
4,9,220,20,99,68,0,8.0,8
4,9,310,30,100,72,-1,8.0,5
4,9,270,50,85,37,-1,8.0,18
4,9,360,50,77,44,0,8.0,19
4,9,20,20,81,18,0,3.0,-6
4,9,40,50,62,-25,0,3.0,9
4,9,200,30,82,-48,0,8.0,5
4,9,240,50,133,78,0,2.0,18
4,9,340,50,102,30,0,5.0,1
4,9,320,40,93,17,0,7.0,1
4,9,230,50,113,22,0,7.0,16
4,9,280,60,74,26,1,6.0,4
4,9,340,30,82,-6,0,4.0,20
4,9,240,30,87,15,0,7.0,20
4,9,260,20,87,59,-1,8.0,10
4,9,220,30,108,40,0,3.0,16
4,9,110,60,149,17,0,7.0,22
4,9,270,40,81,58,0,7.0,-10
4,9,130,40,75,44,-1,8.0,21
4,9,200,70,139,87,0,8.0,0
4,9,180,60,121,90,0,8.0,14
4,9,290,90,63,34,0,8.0,0
4,9,110,60,98,20,0,2.0,17
4,9,160,60,156,56,0,8.0,20
4,9,990,10,168,102,0,8.0,14
4,9,40,30,132,87,0,8.0,21
4,9,150,40,158,92,0,8.0,3
4,9,340,10,126,111,0,8.0,2
4,9,50,40,101,90,0,8.0,9
4,9,200,30,120,91,0,8.0,14
4,9,180,10,127,88,0,2.0,8
4,9,180,40,144,114,0,4.0,15
4,9,260,30,135,82,0,8.0,10
4,9,190,60,162,61,0,8.0,15
4,9,190,20,204,91,0,7.0,9
4,9,150,50,232,83,0,1.0,19
4,9,190,20,233,140,0,1.0,18
4,9,70,30,173,117,0,0.0,16
4,9,180,50,196,122,0,4.0,17
4,9,260,40,134,80,0,3.0,20
4,9,220,50,114,86,-1,8.0,0
4,9,270,50,112,76,0,8.0,10
4,9,240,60,115,69,-1,2.0,9
4,9,160,30,118,37,0,8.0,13
4,9,190,40,133,99,2,8.0,3
4,9,30,30,94,90,24,8.0,9
4,9,190,40,118,105,5,8.0,6
4,9,60,40,78,6,0,0.0,23
4,9,180,60,144,59,0,8.0,0
4,9,150,50,83,47,0,7.0,1
4,9,160,10,52,34,0,8.0,22
4,9,120,30,96,38,0,0.0,16
4,9,120,30,100,68,0,8.0,10
4,9,50,30,167,100,0,0.0,17
4,9,990,10,120,96,0,6.0,17
4,9,50,50,96,55,0,8.0,15
4,9,50,70,87,6,0,0.0,14
4,9,20,50,72,7,0,0.0,19
4,9,50,40,65,-33,0,6.0,7
4,9,20,60,55,-21,0,1.0,4
4,9,60,40,48,12,0,6.0,12
4,9,120,50,97,33,0,4.0,16
4,9,90,50,140,19,0,3.0,22
4,9,110,30,141,93,0,8.0,8
4,9,90,60,181,54,0,0.0,20
4,9,80,40,198,51,0,0.0,15
4,9,50,40,205,60,0,0.0,21
4,9,40,30,177,56,0,0.0,24
4,9,110,40,211,46,0,8.0,26
4,9,70,60,165,45,0,8.0,11
4,9,180,80,214,99,0,0.0,8
4,9,150,60,143,79,0,7.0,24
4,9,220,30,126,88,0,8.0,16
4,9,220,50,109,57,0,8.0,10
4,9,200,40,89,63,0,8.0,1
4,9,990,10,128,71,0,3.0,14
4,9,20,30,116,79,0,8.0,1
4,9,30,30,67,-36,0,0.0,11
4,9,230,30,85,15,0,7.0,8
4,9,290,60,90,36,0,8.0,4
4,9,170,50,113,-20,0,0.0,10
4,9,130,60,153,12,0,0.0,23
4,9,190,50,179,33,0,0.0,18
4,9,90,40,152,70,0,6.0,18
4,9,60,10,201,70,0,5.0,11
4,9,40,30,155,77,0,8.0,22
4,9,50,20,137,62,0,4.0,26
4,9,60,30,151,14,0,8.0,19
4,9,220,20,176,60,0,4.0,29
4,9,20,90,81,-14,0,8.0,5
4,9,40,40,75,-2,0,8.0,3
4,9,200,10,109,3,0,1.0,15
4,9,990,10,168,15,0,0.0,23
4,9,50,60,122,48,0,0.0,23
4,9,30,30,108,58,1,8.0,28
4,9,70,50,127,67,0,8.0,0
4,9,70,70,142,-5,0,0.0,19
4,9,80,90,149,0,0,0.0,16
4,9,80,80,168,12,0,0.0,13
4,9,110,30,187,40,0,0.0,14
4,9,20,40,163,59,0,7.0,16
4,9,40,20,99,22,0,8.0,7
4,9,360,20,122,57,0,0.0,16
4,9,220,30,180,48,0,0.0,10
4,9,70,30,112,100,3,8.0,2
4,9,220,50,113,104,-1,8.0,21
4,9,230,60,119,52,0,4.0,20
4,9,230,67,107,78,0,8.0,15
4,9,210,77,95,78,-1,8.0,10
4,9,220,51,95,84,-1,8.0,9
4,9,190,77,93,43,0,1.0,14
4,9,200,82,89,45,0,6.0,11
4,9,220,36,104,67,0,1.0,16
4,9,230,93,103,72,0,5.0,-6
4,9,250,67,100,76,0,7.0,8
4,9,210,5,121,36,0,1.0,3
4,9,140,21,127,61,0,3.0,23
4,9,130,41,151,67,0,7.0,16
4,9,120,41,155,45,0,1.0,18
4,9,110,26,167,68,0,0.0,20
4,9,10,31,122,83,0,0.0,19
4,9,20,31,152,70,0,0.0,22
4,9,330,51,77,36,0,7.0,13
4,9,320,62,63,40,0,7.0,16
4,9,310,36,51,14,0,7.0,-1
4,9,50,51,35,28,-1,8.0,10
4,9,350,31,48,-47,0,2.0,0
4,9,210,26,61,-41,0,4.0,1
4,9,330,72,43,37,38,8.0,10
4,9,330,67,35,22,3,7.0,11
4,9,280,10,75,30,0,3.0,20
4,9,110,31,87,31,0,0.0,19
4,9,70,36,102,35,0,0.0,15
4,9,30,15,97,53,0,1.0,18
4,9,360,36,85,23,0,2.0,13
4,9,270,21,85,61,0,6.0,2
4,9,90,36,64,58,8,8.0,11
4,9,220,21,43,42,0,8.0,35
4,9,180,67,74,35,0,7.0,-10
4,9,280,51,53,44,6,7.0,7
4,9,290,36,64,25,0,7.0,3
4,9,300,10,63,8,0,4.0,11
4,9,190,46,73,41,0,7.0,6
4,9,150,31,99,32,0,7.0,16
4,9,100,26,115,28,0,5.0,17
4,9,20,26,124,23,0,0.0,9
4,9,100,15,120,40,0,5.0,17
4,9,990,5,133,52,0,3.0,14
4,9,210,51,118,45,0,2.0,4
4,9,200,82,80,44,0,7.0,8
4,9,220,72,86,48,0,7.0,7
4,9,190,57,61,46,6,8.0,5
4,9,310,67,28,22,2,8.0,14
4,9,240,62,58,41,1,8.0,1
4,9,260,41,108,102,-1,8.0,5
4,9,290,46,96,29,0,7.0,11
4,9,340,21,93,15,0,3.0,10
4,9,120,31,104,30,0,7.0,19
4,9,250,15,112,89,-1,7.0,11
4,9,210,51,98,76,0,7.0,2
4,9,170,62,131,99,0,8.0,11
4,9,220,62,125,102,-1,8.0,-15
4,9,200,77,146,83,0,7.0,2
4,9,210,82,114,73,0,6.0,3
4,9,220,51,80,74,24,8.0,8
4,9,260,57,107,72,0,5.0,11
4,9,200,46,92,72,0,4.0,17
4,9,180,26,131,80,-1,7.0,7
4,9,240,46,65,50,0,8.0,13
4,9,990,5,91,22,0,1.0,10
4,9,220,31,87,41,0,8.0,-3
4,9,180,93,105,44,0,7.0,0
4,9,230,93,80,61,-1,8.0,7
4,9,280,36,73,54,0,8.0,3
4,9,30,10,90,32,0,6.0,-1
4,9,120,57,98,33,0,7.0,14
4,9,240,21,80,63,0,8.0,5
4,9,170,26,87,83,5,8.0,5
4,9,100,5,115,89,0,7.0,7
4,9,340,10,86,62,0,7.0,7
4,9,150,5,107,88,0,5.0,12
4,9,350,31,66,66,0,8.0,10
4,9,230,21,62,62,0,8.0,16
4,9,240,62,105,89,-1,8.0,-1
4,9,230,77,125,106,0,7.0,9
4,9,260,46,113,105,0,8.0,2
4,9,170,36,167,120,0,2.0,13
4,9,200,36,196,121,0,4.0,8
4,9,210,51,174,123,0,7.0,6
4,9,190,57,150,108,0,6.0,9
4,9,190,62,176,82,0,7.0,13
4,9,200,31,172,108,0,4.0,9
4,9,220,77,157,121,0,7.0,15
4,9,50,82,197,107,0,4.0,15
4,9,70,51,230,54,0,3.0,20
4,9,100,46,225,59,0,0.0,13
4,9,130,41,229,97,0,0.0,20
4,9,240,159,102,37,0,7.0,0
4,9,310,21,33,23,1,7.0,6
4,9,240,51,62,37,0,4.0,10
4,9,200,93,68,64,7,8.0,10
4,9,220,67,41,29,1,8.0,8
4,9,220,26,62,42,0,6.0,10
4,9,140,31,68,34,0,6.0,25
4,9,240,46,65,48,0,8.0,6
4,9,240,72,63,22,0,5.0,3
4,9,250,15,35,29,0,6.0,23
4,9,20,72,84,52,0,3.0,19
4,9,10,67,95,60,0,7.0,17
4,9,360,103,98,33,0,6.0,14
4,9,310,51,73,3,0,3.0,3
4,9,180,31,60,48,0,7.0,3
4,9,50,62,109,35,0,0.0,12
4,9,20,82,85,49,0,4.0,8
4,9,20,51,72,21,0,3.0,7
4,9,340,5,67,8,0,7.0,3
4,9,130,15,87,29,0,7.0,18
4,9,160,21,101,51,0,8.0,25
4,9,130,41,138,44,0,6.0,7
4,9,150,62,182,93,0,6.0,15
4,9,150,41,184,95,0,6.0,3
4,9,280,31,101,95,2,8.0,4
4,9,220,62,118,99,0,7.0,7
4,9,230,46,140,137,8,8.0,0
4,9,250,46,144,130,0,8.0,1
4,9,990,15,178,125,0,2.0,13
4,9,290,36,192,138,0,7.0,6
4,9,260,41,108,100,-1,8.0,3
4,9,240,72,109,97,0,3.0,22
4,9,260,51,93,69,0,8.0,7
4,9,300,36,110,80,0,7.0,10
4,9,160,15,88,24,0,7.0,19
4,9,280,36,106,82,0,7.0,10
4,9,250,62,130,91,0,7.0,6
4,9,330,77,79,4,0,6.0,2
4,9,360,31,68,-18,0,7.0,-1
4,9,240,41,68,65,1,8.0,7
4,9,990,10,100,78,0,7.0,-8
4,9,360,31,129,76,0,1.0,8
4,9,20,51,90,54,0,7.0,7
4,9,30,21,80,61,0,8.0,13
4,9,230,46,112,77,0,7.0,-10
4,9,330,41,88,40,0,4.0,-15
4,9,260,57,88,79,-1,8.0,6
4,9,240,82,104,80,-1,7.0,-1
4,9,360,15,65,12,0,5.0,-3
4,9,200,41,66,36,0,2.0,11
4,9,110,41,85,25,0,7.0,13
4,9,130,31,126,85,0,7.0,19
4,9,40,41,141,65,0,7.0,16
4,9,30,15,109,103,0,7.0,21
4,9,50,77,175,111,0,1.0,12
4,9,350,31,160,107,0,3.0,9
4,9,340,41,91,82,0,8.0,2
4,9,60,31,80,3,0,7.0,0
4,9,40,21,98,46,0,6.0,16
4,9,20,21,103,81,0,8.0,5
4,9,40,26,21,-34,0,1.0,16
4,9,10,36,30,-29,0,2.0,1
4,9,50,51,41,-11,0,1.0,8
4,9,60,62,45,-19,0,0.0,18
4,9,60,51,57,-12,0,6.0,25
4,9,120,31,67,33,0,8.0,17
4,9,280,26,102,58,0,2.0,17
4,9,200,15,75,43,0,8.0,4
4,9,190,15,112,67,0,7.0,11
4,9,130,21,122,71,0,6.0,13
4,9,320,26,95,89,0,7.0,7
4,9,80,62,33,-20,0,3.0,13
4,9,90,41,55,-16,0,3.0,12
4,9,110,36,89,-4,0,1.0,10
4,9,170,15,114,8,0,1.0,22
4,9,160,21,157,22,0,3.0,13
4,9,130,36,153,-26,0,4.0,20
4,9,210,41,99,72,0,6.0,30
4,9,220,46,167,74,0,6.0,7
4,9,180,31,199,76,0,7.0,18
4,9,190,51,206,15,0,2.0,14
4,9,160,31,202,65,0,5.0,25
4,9,190,67,160,122,-1,7.0,8
4,9,230,41,136,67,0,7.0,1
4,9,210,36,119,80,0,1.0,25
4,9,240,62,138,47,0,7.0,15
4,9,10,15,152,106,0,0.0,22
4,9,10,46,160,67,0,3.0,1
4,9,220,15,96,20,0,6.0,0
4,9,990,10,110,1,0,4.0,14
4,9,250,20,125,82,0,0.0,17
4,9,0,0,121,50,0,1.0,7
4,9,250,40,89,69,0,7.0,19
4,9,310,90,70,-2,0,6.0,6
4,9,260,70,93,84,15,8.0,0
4,9,360,40,70,5,0,3.0,7
4,9,80,20,56,-43,0,1.0,10
4,9,110,30,92,-47,0,4.0,13
4,9,230,10,121,-14,0,7.0,22
4,9,330,10,116,36,0,6.0,24
4,9,330,70,103,68,0,7.0,4
4,9,330,60,77,18,0,5.0,5
4,9,10,20,73,18,0,2.0,14
4,9,260,40,95,60,0,8.0,13
4,9,350,40,69,16,-1,7.0,7
4,9,20,30,63,33,0,8.0,7
4,9,50,40,98,-4,0,0.0,0
4,9,330,20,73,32,0,3.0,11
4,9,350,60,81,6,0,6.0,-10
4,9,40,80,65,-49,0,2.0,10
4,9,990,10,85,-76,0,1.0,3
4,9,20,50,89,6,0,6.0,-13
4,9,170,20,90,-3,0,3.0,4
4,9,240,70,128,9,0,6.0,13
4,9,220,20,109,59,-1,8.0,21
4,9,130,40,105,76,0,8.0,17
4,9,280,20,112,112,9,8.0,-4
4,9,210,70,117,112,0,8.0,10
4,9,280,60,97,92,2,8.0,1
4,9,330,30,106,79,0,4.0,9
4,9,150,20,122,101,0,7.0,12
4,9,230,40,114,106,2,7.0,2
4,9,200,90,134,102,-1,8.0,-6
4,9,190,90,103,61,-1,8.0,0
4,9,200,60,106,62,0,7.0,3
4,9,200,70,107,72,0,7.0,-2
4,9,100,20,91,64,0,7.0,5
4,9,260,40,97,76,0,5.0,12
4,9,140,40,79,64,0,8.0,20
4,9,160,40,70,64,6,8.0,11
4,9,230,50,78,59,0,8.0,3
4,9,240,30,50,35,5,6.0,26
4,9,240,80,24,17,10,8.0,9
4,9,210,60,60,19,0,7.0,-5
4,9,130,50,49,37,11,8.0,7
4,9,230,90,78,35,0,6.0,4
4,9,100,40,90,24,0,7.0,8
4,9,180,20,102,48,0,2.0,12
4,9,240,20,88,58,0,7.0,7
4,9,190,70,103,83,1,8.0,-5
4,9,240,30,115,72,0,4.0,13
4,9,130,30,164,89,0,5.0,15
4,9,150,50,176,86,0,4.0,17
4,9,220,60,116,98,0,8.0,-8
4,9,160,30,126,123,3,8.0,17
4,9,220,30,104,80,0,7.0,10
4,9,50,20,119,85,0,8.0,7
4,9,240,20,107,75,0,7.0,17
4,9,110,30,143,82,0,2.0,9
4,9,10,20,114,106,-1,8.0,5
4,9,110,40,148,74,0,0.0,14
4,9,130,40,151,63,0,0.0,19
4,9,160,30,135,108,0,7.0,0
4,9,300,50,102,84,0,7.0,8
4,9,210,40,125,121,3,8.0,-3
4,9,220,60,149,133,0,7.0,15
4,9,280,50,98,86,1,8.0,-5
4,9,320,50,93,70,0,8.0,-2
4,9,220,40,120,86,0,7.0,20
4,9,220,70,110,83,0,7.0,4
4,9,270,60,107,66,0,4.0,-2
4,9,200,80,75,68,3,8.0,16
4,9,290,70,81,39,0,5.0,9
4,9,220,30,56,37,-1,3.0,6
4,9,220,40,52,32,0,6.0,19
4,9,180,30,73,35,0,4.0,3
4,9,10,20,93,40,0,1.0,9
4,9,310,40,74,0,0,7.0,13
4,9,0,0,77,32,0,7.0,3
4,9,160,70,98,40,0,5.0,15
4,9,240,70,143,100,0,4.0,9
4,9,200,70,119,98,-1,8.0,3
4,9,170,30,133,87,0,7.0,16
4,9,160,70,119,79,0,7.0,5
4,9,160,40,134,94,0,3.0,13
4,9,90,30,158,107,0,7.0,1
4,9,60,70,130,98,0,6.0,0
4,9,50,50,142,98,0,2.0,12
4,9,60,60,91,70,0,8.0,12
4,9,30,20,144,84,0,0.0,16
4,9,260,20,68,59,-1,8.0,5
4,9,180,30,108,70,0,7.0,18
4,9,130,40,118,50,0,7.0,23
4,9,170,60,128,73,0,4.0,19
4,9,10,90,48,-10,0,8.0,4
4,9,40,40,62,-4,0,6.0,8
4,9,30,20,84,23,0,5.0,13
4,9,990,10,97,29,0,7.0,11
4,9,70,60,123,34,0,7.0,3
4,9,60,80,79,-17,0,1.0,17
4,9,230,20,88,10,0,3.0,13
4,9,220,60,64,18,0,7.0,9
4,9,200,80,63,39,3,8.0,-5
4,9,220,60,91,43,0,5.0,1
4,9,200,70,113,78,-1,7.0,7
4,9,220,50,90,22,0,3.0,9
4,9,210,80,117,71,0,6.0,8
4,9,190,60,117,69,0,6.0,15
4,9,210,30,138,73,0,2.0,19
4,9,190,80,158,60,0,7.0,13
4,9,230,70,149,108,0,5.0,14
4,9,50,10,135,99,-1,8.0,16
4,9,310,10,121,110,0,8.0,1
4,9,250,20,119,92,0,7.0,10
4,9,170,70,166,83,0,3.0,11
4,9,180,50,187,101,0,2.0,16
4,9,40,20,167,112,0,7.0,12
4,9,300,20,194,132,0,2.0,15
4,9,270,20,122,112,1,8.0,-1
4,9,40,10,144,114,0,7.0,9
4,9,230,50,137,102,0,7.0,2
4,9,170,40,157,88,0,3.0,26
4,9,240,80,123,53,0,5.0,10
4,9,170,70,104,71,2,7.0,-5
4,9,230,70,99,53,0,2.0,6
4,9,240,90,120,82,0,7.0,11
4,9,230,70,95,48,0,5.0,20
4,9,280,60,94,56,0,6.0,9
4,9,160,50,81,47,0,8.0,4
4,9,280,40,104,77,0,7.0,0
4,9,350,40,96,78,-1,8.0,-14
4,9,310,50,74,24,0,7.0,6
4,9,340,50,54,-31,0,7.0,3
4,9,250,20,41,-62,0,7.0,3
4,9,300,40,86,68,1,7.0,17
4,9,320,40,88,51,0,7.0,1
4,9,330,40,72,11,0,6.0,0
4,9,320,90,56,2,0,6.0,11
4,9,240,70,42,31,15,6.0,26
4,9,990,10,42,21,0,7.0,5
4,9,20,40,62,33,0,2.0,12
4,9,40,10,87,21,0,1.0,12
4,9,990,10,84,16,0,8.0,13
4,9,160,60,134,27,0,7.0,9
4,9,120,40,114,93,0,8.0,2
4,9,240,60,100,68,-1,7.0,-6
4,9,220,40,104,84,0,7.0,4
4,9,200,50,92,80,14,8.0,18
4,9,200,50,130,92,0,6.0,22
4,9,990,10,137,91,0,7.0,20
4,9,990,10,142,72,0,3.0,5
4,9,130,40,163,43,0,2.0,20
4,9,100,70,151,36,0,2.0,11
4,9,80,40,131,24,0,3.0,13
4,9,70,60,101,-28,0,0.0,15
4,9,60,80,51,-32,0,,12
4,9,50,40,76,20,0,1.0,17
4,9,80,60,96,-30,0,0.0,13
4,9,20,40,97,-24,0,7.0,11
4,9,50,60,93,1,0,0.0,15
4,9,70,50,93,9,0,1.0,17
4,9,20,70,102,40,0,1.0,16
4,9,10,60,88,42,0,7.0,11
4,9,250,10,90,63,0,4.0,-4
4,9,300,30,65,61,-1,8.0,3
4,9,320,40,80,74,-1,8.0,2
4,9,310,20,83,82,-1,8.0,9
4,9,250,40,109,70,0,7.0,-15
4,9,240,20,113,67,0,4.0,3
4,9,20,10,97,83,0,6.0,15
4,9,990,10,140,68,0,3.0,9
4,9,220,20,150,90,0,7.0,24
4,9,310,40,159,111,0,7.0,4
4,9,990,10,156,115,0,5.0,21
4,9,260,40,100,100,0,8.0,4
4,9,200,50,115,79,0,8.0,12
4,9,290,90,88,29,-1,7.0,-6
4,9,200,80,80,71,3,8.0,9
4,9,210,140,103,32,0,6.0,-15
4,9,200,70,108,60,0,8.0,9
4,9,210,50,98,19,0,7.0,30
4,9,310,70,54,38,7,7.0,31
4,9,340,50,76,20,0,4.0,-4
4,9,270,10,75,26,0,6.0,1
4,9,350,70,89,24,0,4.0,9
4,9,20,60,63,-4,0,4.0,-7
4,9,70,40,34,-78,0,1.0,6
4,9,50,50,45,-111,0,0.0,10
4,9,60,50,43,-69,0,5.0,11
4,9,50,30,27,-30,0,5.0,13
4,9,240,50,49,-7,0,8.0,12
4,9,120,20,94,-21,0,4.0,25
4,9,110,20,139,32,0,0.0,12
4,9,100,50,156,21,0,7.0,15
4,9,110,40,174,41,0,1.0,23
4,9,120,40,198,53,0,2.0,19
4,9,80,60,171,8,0,0.0,21
4,9,60,70,160,24,0,3.0,11
4,9,50,80,68,10,0,7.0,11
4,9,90,40,108,35,0,,19
4,9,240,30,183,79,0,4.0,14
4,9,320,20,141,66,0,3.0,12
4,9,350,20,111,69,0,1.0,31
4,9,80,30,182,50,0,4.0,19
4,9,210,20,191,96,0,6.0,22
4,9,200,20,143,138,8,8.0,1
4,9,230,70,129,91,0,8.0,5
4,9,170,60,156,105,-1,7.0,19
4,9,250,80,139,92,0,4.0,19
4,9,990,10,134,125,56,7.0,4
4,9,160,30,157,64,0,4.0,19
4,9,130,30,152,57,0,7.0,14
4,9,190,60,116,70,0,5.0,17
4,9,250,80,106,54,-1,7.0,13
4,9,250,70,86,50,2,7.0,-2
4,9,290,60,44,31,12,7.0,19
4,9,280,50,63,49,3,7.0,-3
4,9,310,60,77,40,1,3.0,7
4,9,330,30,69,30,0,7.0,5
4,9,260,20,59,44,-1,8.0,1
4,9,30,40,73,8,0,,6
4,9,40,30,93,25,0,1.0,11
4,9,40,20,89,75,0,7.0,20
4,9,990,10,109,57,0,1.0,18
4,9,150,30,134,38,0,0.0,27
4,9,120,20,160,60,0,0.0,21
4,9,180,40,173,51,0,5.0,7
4,9,170,100,117,31,0,7.0,8
4,9,190,70,80,19,0,7.0,9
4,9,220,40,97,47,0,4.0,19
4,9,200,40,124,110,-1,8.0,28
4,9,330,30,159,128,0,7.0,-3
4,9,20,40,137,65,0,1.0,9
4,9,330,20,121,50,0,7.0,5
4,9,80,40,149,48,0,3.0,7
4,9,170,20,160,51,0,6.0,15
4,9,100,30,177,81,0,4.0,21
4,9,110,30,168,106,0,3.0,24
4,9,200,70,146,85,0,7.0,9
4,9,60,50,155,108,0,6.0,25
4,9,120,20,116,37,0,,20
4,9,110,40,116,2,0,,13
4,9,180,30,162,55,0,,18
4,9,180,40,167,61,0,,15
4,9,260,40,99,58,0,,4
4,9,190,60,113,56,0,,6
4,9,220,110,92,45,0,,4
4,9,310,20,65,49,0,,18
4,9,330,70,52,-22,0,,10
4,9,250,50,81,59,0,,8
4,9,290,40,129,60,0,,8
4,9,990,10,144,63,0,,0
4,9,200,50,105,85,0,,10
4,9,190,40,124,97,0,,8
4,9,160,50,158,81,0,,1
4,9,20,40,74,64,6,,3
4,9,990,10,138,103,0,,1
4,9,160,40,129,80,0,,22
4,9,40,10,100,69,0,,0
4,9,350,20,87,83,6,,-6
4,9,110,40,108,-12,0,,6
4,9,160,20,126,5,0,,11
4,9,80,20,152,31,0,,10
4,9,90,30,157,83,0,,12
4,9,60,30,124,93,-1,,13
4,9,230,40,107,101,4,,15
4,9,250,70,124,81,0,,20
4,9,160,40,149,78,0,,13
4,9,250,40,148,136,0,,-3
4,9,990,10,169,137,0,,10
4,9,210,70,124,95,0,,-25
4,9,200,70,103,82,3,,-3
4,9,280,50,77,25,0,,12
4,9,320,60,70,4,0,,9
4,9,330,40,58,-14,0,,1
4,9,230,70,78,17,0,,14
4,9,260,40,75,34,0,,5
4,9,220,100,88,37,0,,16
4,9,240,50,80,19,0,,14
4,9,10,60,63,8,0,,11
4,9,260,40,64,4,0,,16
4,9,280,40,82,59,0,,9
4,9,230,70,88,80,0,,20
4,9,260,60,112,73,0,,0
4,9,120,40,81,72,0,,13
4,9,280,60,105,88,2,,9
4,9,250,40,109,89,-1,,24
4,9,230,40,108,69,0,,19
4,9,220,50,116,67,0,,19
4,9,250,50,144,62,0,,-2
4,9,340,10,160,66,0,,9
4,9,310,30,77,42,0,,4
4,9,260,20,108,46,0,,10
4,9,110,30,146,65,0,,14
4,9,990,10,196,84,0,,11
4,9,260,20,126,123,-1,,2
4,9,10,40,119,66,0,,30
4,9,350,40,111,7,0,,15
4,9,320,50,91,3,0,,-18
4,9,170,10,51,31,0,,7
4,9,70,60,123,16,0,0.0,15
4,9,50,40,122,26,0,1.0,19
4,9,340,40,80,29,0,7.0,-5
4,9,50,80,75,5,0,1.0,15
4,9,290,30,69,40,0,4.0,11
4,9,250,40,130,79,0,0.0,20
4,9,360,50,100,48,0,8.0,5
4,9,200,20,108,53,0,0.0,12
4,9,260,50,125,57,0,1.0,25
4,9,270,40,138,88,0,8.0,8
4,9,270,20,146,76,0,2.0,12
4,9,70,40,152,77,0,0.0,15
4,9,90,30,182,103,0,0.0,11
4,9,70,30,206,104,0,0.0,22
4,9,100,20,221,96,0,0.0,26
4,9,330,10,225,93,0,0.0,26
4,9,350,40,137,83,0,1.0,7
4,9,340,30,110,47,0,1.0,9
4,9,250,50,128,45,0,0.0,9
4,9,50,30,102,18,0,2.0,3
4,9,70,20,103,9,0,0.0,2
4,9,240,10,150,38,0,0.0,21
4,9,240,50,200,64,0,0.0,17
4,9,220,20,187,110,0,0.0,14
4,9,160,30,248,121,0,2.0,14
4,9,150,20,237,120,0,3.0,20
4,9,50,50,217,99,0,0.0,22
4,9,50,30,212,112,0,3.0,23
4,9,60,50,176,95,0,0.0,16
4,9,80,50,147,23,0,0.0,18
4,9,200,50,106,65,0,8.0,7
4,9,300,60,94,47,-1,8.0,-1
4,9,330,50,81,59,0,8.0,3
4,9,230,30,74,58,0,8.0,9
4,9,290,40,81,75,11,8.0,-9
4,9,340,30,57,-5,0,6.0,5
4,9,180,10,72,-5,0,2.0,3
4,9,170,10,71,0,0,0.0,-1
4,9,90,20,74,8,0,0.0,16
4,9,10,10,93,13,0,0.0,12
4,9,990,10,90,29,0,4.0,8
4,9,220,80,103,36,0,7.0,2
4,9,210,50,95,55,-1,8.0,2
4,9,10,30,91,51,0,8.0,14
4,9,300,30,70,45,0,8.0,4
4,9,360,20,77,0,0,1.0,0
4,9,40,50,70,13,0,3.0,7
4,9,80,70,86,23,0,2.0,14
4,9,70,60,97,38,0,7.0,7
4,9,110,40,97,76,0,8.0,17
4,9,50,50,130,66,0,1.0,8
4,9,50,50,133,62,0,0.0,6
4,9,110,30,156,74,0,0.0,10
4,9,230,30,133,103,0,7.0,18
4,9,240,40,127,88,0,5.0,3
4,9,220,40,162,74,0,1.0,12
4,9,150,50,179,66,0,3.0,16
4,9,280,20,118,111,4,8.0,2
4,9,210,50,117,71,0,6.0,14
4,9,150,60,150,63,0,7.0,-27
4,9,50,50,114,43,0,0.0,16
4,9,50,40,126,61,0,0.0,19
4,9,110,10,156,74,0,0.0,26
4,9,240,50,102,83,0,8.0,10
4,9,310,10,106,86,0,8.0,10
4,9,140,30,140,90,0,0.0,21
4,9,280,50,136,87,0,7.0,2
4,9,200,80,124,49,0,7.0,-4
4,9,190,40,142,122,0,7.0,16
4,9,160,50,197,86,0,6.0,16
4,9,170,30,173,110,0,8.0,20
4,9,320,30,142,111,0,7.0,11
4,9,260,30,114,85,0,4.0,11
4,9,40,40,148,57,0,8.0,18
4,9,100,30,183,99,0,0.0,25
4,9,270,20,168,97,0,7.0,12
4,9,300,40,111,107,0,8.0,9
4,9,30,50,110,50,0,0.0,17
4,9,130,40,148,73,0,2.0,-1
4,9,30,40,153,89,0,0.0,18
4,9,10,20,149,66,0,0.0,20
4,9,310,20,120,86,0,2.0,19
4,9,360,30,109,36,0,5.0,6
4,9,130,60,138,48,0,0.0,10
4,9,140,40,172,60,0,0.0,14
4,9,150,20,149,115,0,8.0,6
4,9,200,60,119,93,-1,7.0,15
4,9,260,30,90,82,5,8.0,4
4,9,40,30,133,74,0,5.0,18
4,9,990,10,152,75,0,0.0,16
4,9,230,90,60,8,0,5.0,1
4,9,170,60,82,5,0,6.0,25
4,9,180,50,85,53,1,8.0,-6
4,9,200,60,89,51,-1,8.0,7
4,9,220,60,81,38,0,3.0,17
4,9,150,40,118,27,0,0.0,17
4,9,160,30,147,42,0,5.0,20
4,9,320,40,87,80,3,8.0,1
4,9,290,20,113,52,0,8.0,22
4,9,350,20,84,50,0,8.0,18
4,9,30,80,80,31,0,7.0,12
4,9,30,60,80,35,0,8.0,29
4,9,30,70,114,43,0,0.0,17
4,9,20,20,85,47,0,1.0,24
4,9,30,50,100,15,0,0.0,20
4,9,20,60,85,19,0,8.0,9
4,9,990,10,99,-4,0,0.0,18
4,9,990,10,152,14,0,0.0,16
4,9,60,30,73,29,0,8.0,15
4,9,270,50,126,51,0,0.0,-1
4,9,310,40,94,-37,0,4.0,11
4,9,990,10,82,-4,0,8.0,4
4,9,50,30,109,-9,0,1.0,9
4,9,70,40,144,6,0,1.0,19
4,9,170,30,189,37,0,6.0,16
4,9,240,60,137,106,0,8.0,10
4,9,230,20,147,99,0,1.0,13
4,9,190,40,197,62,0,0.0,12
4,9,220,20,224,83,0,6.0,24
4,9,230,70,121,100,0,8.0,4
4,9,230,70,139,117,0,8.0,6
4,9,150,50,167,112,0,0.0,21
4,9,240,40,120,107,0,8.0,5
4,9,250,40,108,75,0,8.0,3
4,9,200,60,106,45,-1,8.0,12
4,9,250,80,153,106,0,4.0,18
4,9,270,40,156,78,0,0.0,12
4,9,310,20,140,84,0,1.0,11
4,9,30,20,113,61,0,1.0,12
4,9,80,30,128,11,0,0.0,20
4,9,230,10,173,92,0,0.0,29
4,9,330,90,94,45,0,6.0,-5
4,9,300,50,113,40,0,0.0,12
4,9,150,20,85,39,0,8.0,13
4,9,130,20,131,33,0,0.0,10
4,9,170,10,130,49,0,8.0,21
4,9,990,10,132,63,0,6.0,27
4,9,90,30,159,36,0,0.0,17
4,9,140,30,184,63,0,0.0,18
4,9,990,10,199,64,0,0.0,16
4,9,130,20,198,88,0,0.0,17
4,9,100,30,223,92,0,0.0,15
4,9,60,20,217,103,0,0.0,19
4,9,60,20,215,96,0,0.0,21
4,9,80,40,211,57,0,0.0,4
4,9,70,40,188,65,0,0.0,13
4,9,360,50,119,73,0,7.0,12
4,9,60,50,133,101,0,8.0,-2
4,9,50,50,166,114,0,2.0,19
4,9,50,50,152,71,0,0.0,16
4,9,300,30,76,10,0,6.0,8
4,9,990,10,94,44,0,2.0,13
4,9,990,10,116,57,0,8.0,10
4,9,250,10,107,61,0,8.0,-2
4,9,60,70,61,29,0,8.0,7
4,9,990,10,74,-5,0,6.0,5
4,9,10,50,59,36,4,8.0,10
4,9,160,20,69,-13,0,4.0,9
4,9,230,70,104,83,0,8.0,2
4,9,200,60,102,90,2,8.0,5
4,9,220,50,103,63,0,5.0,-4
4,9,210,20,69,61,0,7.0,28
4,9,200,10,75,45,0,7.0,11
4,9,10,50,91,63,0,8.0,10
4,9,360,60,78,32,0,8.0,6
4,9,340,40,64,-2,0,7.0,18
4,9,190,60,83,-15,0,6.0,9
4,9,180,70,103,43,0,7.0,8
4,9,170,70,99,38,0,6.0,7
4,9,200,50,127,55,0,7.0,-20
4,9,210,60,83,56,3,8.0,12
4,9,210,80,106,66,0,7.0,6
4,9,200,60,100,49,0,4.0,21
4,9,250,20,98,54,0,8.0,8
4,9,170,70,117,54,0,4.0,7
4,9,190,90,130,68,-1,7.0,2
4,9,220,80,142,77,0,6.0,-4
4,9,60,20,150,126,0,7.0,20
4,9,140,20,130,105,0,7.0,0
4,9,100,30,189,76,0,0.0,11
4,9,60,60,30,-52,0,0.0,15
4,9,70,80,37,-65,0,0.0,11
4,9,70,50,28,-48,0,8.0,7
4,9,70,60,30,-37,0,8.0,12
4,9,70,60,25,-19,0,8.0,2
4,9,30,40,32,4,0,8.0,7
4,9,990,10,71,-11,0,0.0,8
4,9,90,40,69,-30,0,8.0,22
4,9,130,30,81,33,0,8.0,4
4,9,260,40,87,72,0,8.0,5
4,9,250,60,101,95,23,8.0,8
4,9,200,70,119,66,0,8.0,-23
4,9,240,60,100,62,0,8.0,17
4,9,180,30,147,102,-1,8.0,25
4,9,300,50,153,87,0,8.0,-25
4,9,220,60,152,86,0,8.0,11
4,9,190,30,154,126,0,8.0,11
4,9,240,100,140,37,0,1.0,1
4,9,250,50,98,42,0,7.0,4
4,9,40,60,75,8,0,5.0,13
4,9,990,10,92,30,0,3.0,27
4,9,220,40,111,0,0,0.0,11
4,9,220,50,107,86,0,8.0,10
4,9,220,60,159,82,0,0.0,23
4,9,160,20,162,114,0,8.0,21
4,9,10,30,111,105,11,8.0,0
4,9,10,40,82,33,0,5.0,12
4,9,120,20,81,12,0,4.0,7
4,9,210,60,84,29,-1,8.0,13
4,9,20,20,108,42,0,3.0,22
4,9,250,30,167,91,0,7.0,15
4,9,120,20,171,91,0,1.0,17
4,9,150,40,185,74,0,6.0,26
4,9,280,10,138,99,0,8.0,1
4,9,230,20,120,91,0,7.0,15
4,9,190,30,145,106,-1,8.0,13
4,9,190,40,178,126,0,7.0,16
4,9,250,100,110,54,0,6.0,-34
4,9,270,60,117,53,0,1.0,8
4,9,210,20,129,82,0,7.0,15
4,9,20,40,121,67,0,8.0,9
4,9,270,20,102,60,0,5.0,25
4,9,280,50,127,62,0,6.0,1
4,9,300,70,106,35,-1,7.0,2
4,9,340,50,85,4,0,7.0,8
4,9,120,20,103,14,0,0.0,11
4,9,210,60,139,1,0,4.0,17
4,9,320,60,108,25,0,6.0,0
4,9,70,50,107,43,0,6.0,15
4,9,60,50,168,102,0,4.0,32
4,9,50,30,157,76,0,7.0,8
4,9,210,60,143,73,0,7.0,18
4,9,210,20,170,94,0,1.0,15
4,9,290,20,159,103,0,8.0,6
4,9,90,40,184,118,0,4.0,15
4,9,170,30,157,83,0,1.0,7
4,9,990,10,126,87,0,8.0,6
4,9,10,20,162,93,0,8.0,17
4,9,330,10,150,104,0,8.0,2
4,9,290,20,129,116,0,8.0,6
4,9,280,90,67,1,0,8.0,2
4,9,310,60,52,15,3,7.0,24
4,9,150,40,65,-1,0,8.0,7
4,9,40,40,39,9,-1,7.0,15
4,9,10,30,74,13,0,1.0,11
4,9,270,20,68,34,0,8.0,8
4,9,240,40,106,30,0,7.0,6
4,9,30,20,66,53,0,8.0,8
4,9,180,20,137,61,0,0.0,16
4,9,200,10,159,85,0,1.0,19
4,9,220,70,120,103,-1,8.0,-1
4,9,230,40,114,28,0,2.0,12
4,9,290,30,91,28,0,6.0,15
4,9,220,60,162,85,0,0.0,19
4,9,260,40,194,77,0,0.0,25
4,9,50,30,116,67,0,3.0,22
4,9,40,50,108,26,0,8.0,5
4,9,50,50,113,12,0,0.0,12
4,9,20,40,90,35,0,5.0,20
4,9,60,40,148,24,0,2.0,18
4,9,10,20,147,43,0,1.0,19
4,9,350,20,97,60,0,8.0,22
4,9,990,10,79,52,0,8.0,23
4,9,210,50,168,58,0,0.0,14
4,9,200,40,136,90,0,7.0,2
4,9,220,40,149,94,0,7.0,-4
4,9,30,70,102,30,0,3.0,10
4,9,250,60,111,34,0,3.0,-51
4,9,190,60,127,-2,0,7.0,9
4,9,220,60,116,38,0,1.0,15
4,9,120,20,83,42,0,7.0,21
4,9,180,20,102,47,0,8.0,10
4,9,180,60,160,113,0,5.0,12
4,9,220,80,125,89,-1,8.0,-7
4,9,220,20,122,94,0,8.0,5
4,9,210,80,97,57,0,8.0,4
4,9,230,80,80,28,0,7.0,8
4,9,240,20,92,47,0,5.0,7
4,9,150,40,112,55,0,0.0,16
4,9,290,20,109,59,0,6.0,1
4,9,100,60,143,48,0,0.0,15
4,9,170,10,141,75,0,1.0,5
4,9,120,20,89,75,0,7.0,17
4,9,220,20,132,67,0,2.0,9
4,9,230,80,121,102,2,8.0,1
4,9,250,80,117,57,0,7.0,1
4,9,280,40,78,14,0,7.0,7
4,9,240,50,104,31,0,0.0,14
4,9,290,50,117,27,0,4.0,0
4,9,50,30,98,8,0,0.0,14
4,9,70,40,132,41,0,0.0,18
4,9,50,50,112,31,0,8.0,10
4,9,340,30,66,40,-1,8.0,23
4,9,330,40,60,19,9,5.0,1
4,9,210,60,76,28,0,8.0,12
4,9,260,80,61,26,1,7.0,6
4,9,260,60,66,39,-1,7.0,12
4,9,210,50,89,22,0,7.0,8
4,9,220,60,77,54,4,8.0,5
4,9,990,10,100,34,0,4.0,9
4,9,210,20,112,106,24,8.0,13
4,9,250,20,123,89,0,1.0,20
4,9,120,10,74,67,0,8.0,7
4,9,990,10,126,75,0,5.0,11
4,9,320,30,100,85,-1,8.0,6
4,9,330,40,87,31,0,7.0,4
4,9,250,40,118,67,0,4.0,8
4,9,20,10,107,53,0,8.0,6
4,9,110,20,146,65,0,0.0,16
4,9,330,50,119,59,0,8.0,3
4,9,250,30,103,59,0,7.0,23
4,9,230,70,110,63,0,8.0,3
4,9,290,30,106,66,0,7.0,2
4,9,230,40,95,53,0,8.0,12
4,9,290,30,106,83,2,8.0,7
4,9,290,30,72,45,10,7.0,27
4,9,10,60,78,46,0,8.0,14
4,9,340,40,75,18,0,5.0,7
4,9,50,60,65,-34,0,3.0,1
4,9,240,20,84,-56,0,8.0,6
4,9,230,40,122,54,0,8.0,22
4,9,330,60,100,22,0,3.0,9
4,9,320,50,87,-5,0,7.0,12
4,9,240,60,111,13,0,8.0,19
4,9,260,70,75,27,-1,3.0,6
4,9,320,30,87,-14,0,3.0,8
4,9,270,20,81,-2,0,8.0,13
4,9,260,40,87,52,-1,8.0,17
4,9,200,20,96,32,0,8.0,12
4,9,120,60,152,18,0,8.0,18
4,9,270,40,68,55,-1,8.0,8
4,9,140,30,76,42,0,8.0,20
4,9,190,70,140,85,0,8.0,-8
4,9,170,50,119,91,0,7.0,20
4,9,270,60,63,35,0,8.0,-4
4,9,130,60,92,3,0,6.0,16
4,9,150,60,156,48,0,8.0,18
4,9,140,10,166,98,0,8.0,24
4,9,40,50,142,84,0,8.0,17
4,9,120,30,150,91,0,8.0,1
4,9,210,20,120,110,-1,8.0,4
4,9,50,40,108,94,0,8.0,12
4,9,200,30,126,87,0,8.0,7
4,9,990,10,127,76,0,8.0,7
4,9,180,30,157,111,0,1.0,14
4,9,260,30,140,84,0,8.0,5
4,9,190,50,171,69,0,8.0,12
4,9,150,20,205,85,0,7.0,8
4,9,120,30,233,82,0,2.0,14
4,9,220,40,248,119,0,0.0,17
4,9,50,30,173,94,0,0.0,18
4,9,180,30,214,120,0,2.0,13
4,9,240,60,155,82,0,3.0,5
4,9,230,70,120,85,-1,8.0,4
4,9,270,50,120,76,0,8.0,-4
4,9,240,70,128,63,0,7.0,-10
4,9,140,40,128,28,0,8.0,12
4,9,210,70,137,76,0,8.0,6
4,9,30,20,101,90,1,8.0,5
4,9,190,40,119,98,2,8.0,6
4,9,70,40,81,4,0,0.0,20
4,9,170,50,134,53,0,8.0,3
4,9,160,40,77,36,0,8.0,5
4,9,160,20,62,33,0,8.0,9
4,9,70,40,95,31,0,1.0,14
4,9,120,30,104,65,0,8.0,14
4,9,80,20,167,85,0,8.0,22
4,9,240,20,111,95,0,8.0,18
4,9,40,50,100,58,0,8.0,12
4,9,50,60,74,1,0,2.0,28
4,9,20,40,77,-1,0,0.0,15
4,9,60,50,66,-49,0,8.0,3
4,9,30,60,52,-24,0,4.0,0
4,9,40,40,53,14,0,2.0,16
4,9,110,40,94,36,0,5.0,20
4,9,90,40,143,14,0,6.0,19
4,9,140,20,136,89,0,8.0,6
4,9,90,40,179,50,0,0.0,13
4,9,100,30,192,40,0,5.0,18
4,9,30,40,205,56,0,0.0,15
4,9,90,30,191,39,0,0.0,20
4,9,110,40,208,40,0,8.0,19
4,9,80,60,160,39,0,8.0,13
4,9,180,70,219,92,0,1.0,7
4,9,150,40,140,74,0,8.0,23
4,9,240,40,122,86,0,8.0,13
4,9,230,60,109,76,1,8.0,3
4,9,210,30,93,56,0,8.0,4
4,9,990,10,138,61,0,7.0,7
4,9,40,30,113,71,0,8.0,8
4,9,30,20,66,-42,0,0.0,11
4,9,250,40,83,-5,0,0.0,4
4,9,270,50,95,41,0,8.0,-5
4,9,150,40,104,-22,0,0.0,15
4,9,120,50,152,10,0,0.0,16
4,9,200,50,181,23,0,0.0,17
4,9,70,30,150,70,0,8.0,12
4,9,990,10,193,75,0,6.0,21
4,9,50,30,157,66,0,8.0,15
4,9,40,30,134,52,0,6.0,22
4,9,60,30,144,23,0,7.0,24
4,9,240,20,193,40,0,0.0,16
4,9,30,70,77,3,-1,8.0,13
4,9,360,20,73,7,0,8.0,4
4,9,990,10,111,2,0,6.0,13
4,9,990,10,171,1,0,0.0,16
4,9,50,60,123,46,0,3.0,18
4,9,360,20,131,48,0,8.0,25
4,9,40,50,117,61,0,8.0,12
4,9,80,50,140,-11,0,0.0,17
4,9,70,80,143,-9,0,0.0,18
4,9,70,60,164,4,0,0.0,17
4,9,110,30,180,25,0,0.0,25
4,9,360,40,164,53,0,7.0,10
4,9,50,30,96,16,0,8.0,6
4,9,990,10,130,64,0,0.0,10
4,9,220,40,176,42,0,2.0,14
4,9,40,30,112,84,-1,8.0,22
4,9,230,80,117,92,-1,8.0,17
4,9,230,80,125,68,0,4.0,2
4,9,230,41,106,71,0,8.0,12
4,9,230,62,87,73,-1,8.0,15
4,9,220,57,94,80,-1,8.0,5
4,9,210,62,94,42,0,1.0,11
4,9,200,62,95,47,0,5.0,11
4,9,240,41,106,62,0,3.0,14
4,9,240,77,100,58,0,7.0,-2
4,9,260,51,100,62,0,4.0,10
4,9,240,15,115,23,0,1.0,10
4,9,210,26,130,57,0,4.0,16
4,9,150,46,150,58,0,7.0,18
4,9,140,51,159,52,0,2.0,22
4,9,120,26,170,65,0,0.0,16
4,9,30,31,132,68,0,0.0,19
4,9,40,26,146,67,0,0.0,29
4,9,360,36,80,25,0,7.0,8
4,9,30,46,69,26,0,7.0,6
4,9,290,21,49,1,0,7.0,4
4,9,70,51,42,24,-1,8.0,13
4,9,90,26,48,-16,0,5.0,2
4,9,230,36,57,-39,0,1.0,8
4,9,320,36,37,30,47,8.0,11
4,9,260,36,43,30,16,6.0,17
4,9,120,21,69,39,0,5.0,6
4,9,90,41,86,30,0,0.0,19
4,9,80,46,100,37,0,0.0,19
4,9,40,15,96,42,0,1.0,16
4,9,30,36,82,14,0,2.0,14
4,9,230,26,71,46,0,7.0,17
4,9,110,51,81,50,-1,8.0,9
4,9,250,26,70,47,0,7.0,0
4,9,190,46,79,41,0,6.0,-20
4,9,310,26,70,53,0,7.0,4
4,9,330,21,62,17,0,6.0,5
4,9,300,15,63,12,0,4.0,6
4,9,220,46,73,43,0,7.0,9
4,9,140,36,99,36,0,6.0,15
4,9,90,31,108,43,0,3.0,14
4,9,60,21,115,40,0,0.0,13
4,9,110,10,124,51,0,5.0,10
4,9,70,10,137,53,0,5.0,8
4,9,250,41,119,46,0,4.0,4
4,9,230,72,81,45,0,7.0,4
4,9,250,72,88,44,0,7.0,0
4,9,220,72,64,42,-1,7.0,2
4,9,350,77,45,14,-1,8.0,-1
4,9,240,51,52,35,2,8.0,4
4,9,280,26,108,100,-1,8.0,2
4,9,300,36,99,47,0,7.0,0
4,9,330,15,83,19,0,5.0,12
4,9,120,31,100,33,0,7.0,13
4,9,260,21,114,79,-1,7.0,10
4,9,240,46,110,71,0,7.0,-3
4,9,200,62,130,100,0,8.0,11
4,9,250,51,128,105,-1,8.0,-21
4,9,220,77,143,85,0,8.0,-2
4,9,280,72,111,65,-1,7.0,-2
4,9,260,15,90,75,5,8.0,-4
4,9,280,21,98,62,0,7.0,10
4,9,210,51,97,75,0,6.0,2
4,9,140,26,153,73,-1,7.0,-5
4,9,250,51,71,44,0,7.0,3
4,9,160,10,84,35,0,3.0,11
4,9,240,26,82,39,0,8.0,4
4,9,180,72,100,46,0,7.0,12
4,9,220,98,82,58,-1,8.0,5
4,9,290,21,73,51,0,8.0,6
4,9,60,21,85,56,0,5.0,-4
4,9,130,62,96,38,0,5.0,15
4,9,260,21,88,57,0,7.0,6
4,9,200,36,95,69,0,8.0,2
4,9,70,15,87,87,0,6.0,10
4,9,30,15,83,59,0,7.0,10
4,9,100,5,106,90,0,5.0,7
4,9,340,26,64,64,0,8.0,24
4,9,270,31,61,61,0,8.0,10
4,9,230,62,102,85,-1,8.0,8
4,9,230,87,129,103,0,7.0,5
4,9,260,46,103,100,-1,8.0,4
4,9,200,51,153,107,0,3.0,21
4,9,230,31,189,112,0,3.0,18
4,9,220,36,158,125,0,5.0,26
4,9,180,51,153,111,0,4.0,12
4,9,170,67,183,88,0,7.0,11
4,9,210,31,172,108,0,6.0,13
4,9,210,57,159,123,0,6.0,12
4,9,50,98,186,97,0,3.0,18
4,9,70,82,232,81,0,4.0,14
4,9,80,57,221,106,0,0.0,16
4,9,110,41,221,121,0,1.0,22
4,9,240,149,99,39,0,7.0,6
4,9,230,82,37,27,-1,7.0,5
4,9,230,51,64,41,0,4.0,9
4,9,200,93,63,59,5,8.0,12
4,9,200,77,50,25,0,8.0,-1
4,9,230,36,61,41,0,7.0,10
4,9,150,31,67,42,0,7.0,21
4,9,220,62,69,52,0,7.0,0
4,9,220,72,57,25,0,7.0,11
4,9,990,10,52,17,0,4.0,13
4,9,20,46,91,53,0,3.0,13
4,9,340,41,94,59,0,7.0,7
4,9,340,82,101,27,0,7.0,9
4,9,300,41,59,5,0,7.0,-2
4,9,200,26,67,45,0,7.0,0
4,9,40,41,107,50,0,1.0,15
4,9,10,57,79,45,0,3.0,13
4,9,30,31,72,6,0,4.0,12
4,9,990,10,70,17,0,7.0,2
4,9,100,15,82,42,0,7.0,17
4,9,190,31,107,50,0,7.0,16
4,9,120,36,132,50,0,6.0,13
4,9,140,46,184,97,0,5.0,15
4,9,150,36,180,99,0,7.0,13
4,9,280,26,107,91,-1,8.0,3
4,9,200,62,111,83,-1,8.0,12
4,9,210,46,144,124,0,8.0,-2
4,9,250,46,142,122,0,8.0,3
4,9,230,21,175,124,0,3.0,8
4,9,290,31,191,133,0,6.0,-4
4,9,260,41,107,98,0,8.0,3
4,9,230,72,127,106,0,0.0,12
4,9,250,57,92,72,0,8.0,4
4,9,300,41,104,78,0,8.0,14
4,9,180,21,88,15,0,5.0,16
4,9,270,46,107,83,0,8.0,3
4,9,250,62,130,91,0,7.0,5
4,9,340,67,85,7,0,4.0,-4
4,9,330,36,69,-3,0,6.0,1
4,9,240,41,73,72,1,8.0,5
4,9,200,15,75,64,0,8.0,19
4,9,330,31,130,85,0,2.0,-14
4,9,40,57,91,55,0,7.0,10
4,9,10,15,85,68,-1,8.0,3
4,9,230,46,102,81,0,7.0,-1
4,9,310,41,82,35,0,6.0,-11
4,9,270,46,90,82,2,8.0,4
4,9,240,87,102,81,-1,8.0,9
4,9,990,15,79,30,0,7.0,-11
4,9,210,57,74,31,0,1.0,4
4,9,90,51,88,40,0,5.0,8
4,9,120,26,119,93,0,7.0,24
4,9,360,31,139,70,0,4.0,9
4,9,70,26,150,129,0,3.0,21
4,9,60,72,172,112,0,1.0,13
4,9,20,46,155,94,0,3.0,8
4,9,340,41,90,78,0,8.0,4
4,9,340,26,70,7,0,7.0,8
4,9,50,31,97,53,0,7.0,12
4,9,350,15,93,90,-1,8.0,5
4,9,60,31,21,-36,0,1.0,14
4,9,50,36,35,-20,0,3.0,4
4,9,50,57,40,-12,0,0.0,6
4,9,40,62,52,-24,0,0.0,18
4,9,60,72,63,-7,0,3.0,32
4,9,100,36,65,31,0,8.0,17
4,9,240,21,85,54,0,5.0,26
4,9,240,26,71,48,-1,8.0,4
4,9,990,10,109,63,0,7.0,10
4,9,120,21,97,78,-1,7.0,18
4,9,30,5,90,90,0,8.0,1
4,9,70,82,33,-35,0,7.0,19
4,9,80,62,52,-17,0,4.0,15
4,9,90,41,88,5,0,1.0,17
4,9,130,21,107,2,0,1.0,27
4,9,990,5,154,35,0,4.0,8
4,9,140,46,166,-15,0,4.0,11
4,9,210,51,86,69,0,8.0,30
4,9,220,51,166,73,0,6.0,13
4,9,160,31,196,80,0,7.0,19
4,9,190,51,211,19,0,2.0,15
4,9,160,41,209,68,0,6.0,15
4,9,200,57,162,127,-1,6.0,27
4,9,230,41,149,89,0,6.0,-1
4,9,230,36,115,78,0,4.0,24
4,9,250,51,146,54,0,6.0,3
4,9,990,15,158,103,0,0.0,18
4,9,10,31,150,55,0,3.0,-2
4,9,360,10,94,23,0,6.0,3
4,9,350,5,114,-1,0,4.0,10
4,9,230,20,120,75,0,0.0,18
4,9,990,10,121,43,0,2.0,9
4,9,240,50,103,75,0,4.0,17
4,9,300,70,69,-1,-1,6.0,-16
4,9,260,70,91,83,6,8.0,2
4,9,350,40,69,-1,0,4.0,7
4,9,100,30,52,-36,0,1.0,14
4,9,130,40,96,-47,0,4.0,13
4,9,170,10,107,-4,0,7.0,22
4,9,310,10,124,65,0,6.0,13
4,9,320,50,109,68,0,7.0,-8
4,9,320,30,68,39,2,5.0,13
4,9,310,20,76,19,0,2.0,8
4,9,240,30,96,65,0,7.0,15
4,9,330,40,72,23,-1,6.0,-2
4,9,360,20,65,24,0,8.0,12
4,9,70,20,96,-23,0,0.0,12
4,9,300,20,83,51,0,3.0,8
4,9,360,50,66,-6,0,7.0,2
4,9,40,60,60,-42,0,1.0,2
4,9,200,30,80,-51,0,2.0,14
4,9,20,20,67,4,0,5.0,8
4,9,200,20,85,-24,0,3.0,19
4,9,240,80,127,8,0,6.0,11
4,9,270,20,111,50,0,8.0,1
4,9,80,30,110,84,0,7.0,4
4,9,70,10,114,108,1,8.0,4
4,9,210,70,116,107,1,8.0,3
4,9,270,50,97,92,4,8.0,1
4,9,320,30,96,70,0,5.0,17
4,9,100,20,121,105,0,7.0,15
4,9,230,50,114,108,-1,8.0,12
4,9,200,90,142,106,0,8.0,-17
4,9,180,90,103,58,0,7.0,2
4,9,200,70,105,61,0,6.0,4
4,9,200,80,104,71,0,7.0,6
4,9,100,20,92,67,0,7.0,4
4,9,270,30,84,68,0,8.0,8
4,9,140,30,81,67,0,7.0,13
4,9,150,20,83,68,0,8.0,1
4,9,220,50,77,68,0,8.0,3
4,9,280,40,72,17,0,6.0,4
4,9,240,90,25,18,15,8.0,-4
4,9,200,90,56,14,0,6.0,11
4,9,150,70,54,32,5,8.0,3
4,9,240,80,80,38,0,6.0,1
4,9,100,50,89,21,0,7.0,0
4,9,990,10,101,62,0,,12
4,9,230,40,85,69,0,,15
4,9,180,50,101,83,-1,8.0,1
4,9,220,30,104,83,0,3.0,19
4,9,130,40,157,92,0,6.0,18
4,9,130,50,173,72,0,1.0,19
4,9,230,60,115,100,0,8.0,0
4,9,170,20,128,123,1,8.0,14
4,9,210,40,105,80,0,,11
4,9,60,30,111,84,0,8.0,12
4,9,220,30,110,89,0,8.0,17
4,9,90,40,138,98,0,1.0,19
4,9,10,20,107,107,0,,9
4,9,110,50,144,87,0,1.0,20
4,9,120,40,155,69,0,1.0,17
4,9,160,30,154,96,0,4.0,9
4,9,280,50,94,89,0,8.0,2
4,9,200,40,124,116,-1,8.0,3
4,9,210,60,144,134,-1,8.0,16
4,9,280,60,106,95,-1,7.0,-12
4,9,330,40,86,65,0,8.0,6
4,9,210,50,111,88,0,6.0,24
4,9,240,50,108,93,0,8.0,6
4,9,280,50,106,67,0,5.0,-12
4,9,200,90,72,66,14,8.0,7
4,9,280,60,70,51,2,5.0,15
4,9,250,30,48,25,0,6.0,15
4,9,220,40,66,18,0,5.0,-5
4,9,190,40,67,38,0,5.0,17
4,9,20,30,90,44,0,1.0,21
4,9,270,30,75,10,0,7.0,5
4,9,80,20,85,25,0,3.0,4
4,9,160,60,100,45,0,2.0,11
4,9,240,60,134,97,0,5.0,10
4,9,210,70,121,99,-1,7.0,-2
4,9,170,30,125,98,0,4.0,10
4,9,180,60,121,85,0,7.0,10
4,9,170,30,132,96,0,4.0,11
4,9,90,50,164,113,0,7.0,18
4,9,50,50,115,97,0,7.0,3
4,9,60,50,143,104,0,3.0,14
4,9,50,60,96,71,0,8.0,21
4,9,10,20,149,89,0,,10
4,9,240,30,59,48,0,,12
4,9,190,30,104,67,0,,17
4,9,120,50,122,50,0,7.0,22
4,9,200,60,130,65,0,2.0,12
4,9,10,70,48,-21,0,8.0,3
4,9,30,30,59,10,0,4.0,23
4,9,60,10,86,30,0,4.0,12
4,9,170,20,95,31,0,,12
4,9,70,70,111,53,0,,24
4,9,50,60,78,-10,0,1.0,17
4,9,990,10,88,4,0,2.0,11
4,9,200,100,72,19,0,5.0,7
4,9,190,70,56,41,6,8.0,0
4,9,230,40,87,54,0,7.0,10
4,9,180,30,95,85,3,,20
4,9,230,70,90,25,0,,-2
4,9,220,90,114,81,0,7.0,0
4,9,200,70,109,74,0,6.0,8
4,9,190,30,135,84,0,4.0,17
4,9,170,70,151,75,0,7.0,25
4,9,220,60,155,114,0,7.0,2
4,9,350,10,137,105,1,,19
4,9,280,20,116,112,0,,3
4,9,240,20,113,93,0,,14
4,9,170,60,160,98,0,3.0,9
4,9,150,50,193,114,0,2.0,13
4,9,50,20,168,123,0,7.0,13
4,9,290,30,184,144,0,1.0,18
4,9,290,30,122,116,56,8.0,5
4,9,990,10,135,124,0,,6
4,9,210,50,129,99,0,,12
4,9,140,30,158,98,0,3.0,20
4,9,250,90,115,41,0,6.0,12
4,9,170,50,109,74,2,8.0,-4
4,9,230,80,94,50,0,1.0,12
4,9,240,90,115,82,0,8.0,13
4,9,230,70,104,58,0,,-14
4,9,270,40,97,53,0,,-5
4,9,160,50,82,46,0,8.0,4
4,9,280,40,104,81,0,7.0,-18
4,9,360,30,95,63,0,8.0,-11
4,9,310,50,67,14,0,6.0,12
4,9,320,30,52,-17,0,6.0,-5
4,9,240,30,37,-71,0,,6
4,9,290,60,89,62,0,,-2
4,9,350,30,85,48,0,,-7
4,9,300,30,69,12,0,7.0,3
4,9,320,70,46,20,1,7.0,15
4,9,230,70,53,36,1,3.0,7
4,9,180,20,47,22,0,7.0,4
4,9,30,40,66,34,0,,8
4,9,190,10,85,16,0,,20
4,9,80,20,96,27,0,7.0,20
4,9,140,40,135,35,0,5.0,9
4,9,200,50,115,95,0,8.0,1
4,9,240,60,89,72,1,8.0,17
4,9,200,40,100,82,1,7.0,12
4,9,200,60,95,75,10,,3
4,9,170,60,119,81,0,,12
4,9,260,20,130,102,0,,11
4,9,990,10,133,77,0,,9
4,9,130,40,158,58,0,2.0,23
4,9,100,90,151,43,0,3.0,13
4,9,80,50,123,28,0,3.0,19
4,9,80,90,102,-19,0,0.0,19
4,9,60,70,49,-33,0,,23
4,9,60,50,80,18,0,,16
4,9,90,80,102,-23,0,0.0,11
4,9,50,20,97,-11,0,7.0,5
4,9,60,70,92,-2,0,0.0,19
4,9,60,70,99,19,0,0.0,15
4,9,10,40,101,50,0,5.0,18
4,9,360,50,84,40,0,,16
4,9,270,30,87,27,0,,7
4,9,290,30,66,59,-1,8.0,1
4,9,340,30,84,79,-1,8.0,9
4,9,330,20,81,81,3,8.0,2
4,9,230,50,118,80,0,7.0,-8
4,9,220,20,107,60,0,3.0,10
4,9,50,10,109,102,0,,-3
4,9,90,10,136,70,0,,10
4,9,990,10,148,85,0,7.0,25
4,9,300,30,153,109,0,7.0,5
4,9,990,10,159,121,0,7.0,14
4,9,240,30,103,103,0,7.0,8
4,9,200,60,120,89,0,8.0,4
4,9,260,70,107,47,0,6.0,-28
4,9,200,80,80,71,6,,9
4,9,220,120,113,47,0,3.0,-15
4,9,200,70,106,63,0,,13
4,9,210,60,92,19,0,7.0,28
4,9,300,50,72,38,0,5.0,9
4,9,330,40,53,21,-1,7.0,8
4,9,220,30,75,28,0,4.0,5
4,9,360,70,89,23,0,,5
4,9,10,40,50,-6,0,,16
4,9,60,50,38,-79,0,1.0,12
4,9,60,60,48,-121,0,0.0,7
4,9,80,40,43,-67,0,6.0,4
4,9,60,30,24,-24,0,4.0,10
4,9,240,50,52,5,0,8.0,5
4,9,110,20,89,-12,0,,22
4,9,100,30,132,26,0,,16
4,9,100,70,157,21,0,5.0,18
4,9,110,60,182,47,0,1.0,15
4,9,120,50,204,59,0,2.0,14
4,9,80,60,175,21,0,0.0,26
4,9,60,70,154,17,0,3.0,16
4,9,60,90,69,11,0,,5
4,9,120,50,113,50,0,,19
4,9,180,20,177,92,0,,22
4,9,990,10,129,81,0,7.0,19
4,9,330,30,126,76,0,1.0,18
4,9,100,30,185,66,0,4.0,18
4,9,130,20,193,95,0,8.0,13
4,9,200,20,144,136,3,,0
4,9,230,80,125,93,0,,11
4,9,170,50,153,113,-1,8.0,13
4,9,250,70,141,100,0,5.0,16
4,9,100,20,143,118,0,,-12
4,9,120,30,155,67,0,2.0,22
4,9,130,50,147,62,0,4.0,17
4,9,200,70,120,72,0,,15
4,9,250,90,105,61,0,,11
4,9,240,70,81,61,2,7.0,-19
4,9,280,60,59,45,2,7.0,3
4,9,270,60,58,49,4,7.0,9
4,9,310,50,76,31,0,5.0,12
4,9,330,30,66,37,0,7.0,10
4,9,260,20,55,50,1,,6
4,9,60,50,84,8,0,,0
4,9,30,20,94,26,0,,-2
4,9,350,30,99,65,0,6.0,2
4,9,990,10,107,63,0,0.0,17
4,9,140,30,131,42,0,0.0,25
4,9,130,30,161,77,0,0.0,22
4,9,130,20,178,72,0,,13
4,9,180,80,118,35,0,,8
4,9,190,80,95,14,-1,7.0,0
4,9,200,40,105,56,0,2.0,9
4,9,190,50,142,98,0,7.0,8
4,9,330,20,155,122,0,7.0,2
4,9,360,30,134,88,0,1.0,11
4,9,340,20,112,71,0,,15
4,9,80,30,147,70,0,,8
4,9,150,20,160,63,0,7.0,20
4,9,80,30,179,97,0,5.0,16
4,9,90,20,152,112,0,4.0,9
4,9,200,60,157,103,0,6.0,6
4,9,60,60,163,117,0,,27
4,9,110,30,111,43,0,,18
4,9,100,50,121,22,0,,21
4,9,170,30,159,54,0,,18
4,9,190,40,163,69,0,,21
4,9,300,40,95,57,0,,8
4,9,190,60,108,60,0,,13
4,9,230,100,96,50,0,,2
4,9,290,30,64,56,4,,11
4,9,320,60,52,-20,0,,9
4,9,250,50,89,68,0,,1
4,9,290,30,120,60,0,,8
4,9,230,10,136,66,0,,14
4,9,230,50,110,89,0,,-1
4,9,200,50,130,92,0,,3
4,9,140,40,156,90,0,,27
4,9,340,30,75,72,6,,4
4,9,30,20,129,106,0,,3
4,9,160,40,122,96,0,,19
4,9,250,10,111,84,0,,-3
4,9,50,30,68,64,5,,8
4,9,90,30,105,14,0,,13
4,9,140,10,124,47,0,,11
4,9,80,30,138,52,0,,17
4,9,90,40,157,89,0,,3
4,9,40,40,125,75,0,,15
4,9,240,10,106,93,0,,9
4,9,260,70,123,91,0,,10
4,9,200,30,148,74,0,,12
4,9,260,30,140,135,0,,9
4,9,230,20,172,146,0,,4
4,9,220,80,119,100,2,,-19
4,9,200,80,102,79,2,,3
4,9,300,40,70,18,0,,18
4,9,310,50,72,22,0,,13
4,9,330,40,60,-7,0,,0
4,9,220,70,78,17,0,,20
4,9,240,50,73,32,0,,9
4,9,220,80,88,40,0,,10
4,9,220,50,73,23,0,,17
4,9,30,40,65,2,0,,16
4,9,270,40,71,-14,0,,11
4,9,280,50,82,55,0,,8
4,9,230,70,86,81,0,,11
4,9,270,40,107,65,0,,1
4,9,100,60,92,86,0,,12
4,9,280,40,102,93,1,,12
4,9,260,50,109,80,0,,13
4,9,220,50,116,69,0,,17
4,9,200,60,117,67,0,,15
4,9,250,50,141,69,0,,12
4,9,990,10,165,65,0,,10
4,9,290,30,82,43,0,,2
4,9,230,30,95,45,0,,15
4,9,70,20,140,93,0,,7
4,9,990,10,188,89,0,,13
4,9,210,30,127,124,5,,4
4,9,350,40,128,61,0,,17
4,9,330,40,111,25,0,,11
4,9,340,60,59,18,1,,23
4,9,990,10,60,21,0,,4
4,9,70,80,123,27,0,,17
4,9,60,50,113,44,0,,26
4,9,360,40,71,41,0,,3
4,9,40,60,81,22,0,1.0,6
4,9,270,30,68,47,0,7.0,22
4,9,230,40,123,81,0,0.0,19
4,9,350,40,101,44,0,8.0,2
4,9,240,30,110,78,0,1.0,8
4,9,270,50,130,68,0,0.0,11
4,9,270,40,133,102,0,7.0,13
4,9,270,20,147,89,0,8.0,9
4,9,80,40,147,98,0,0.0,14
4,9,100,20,182,116,0,0.0,15
4,9,80,30,208,118,0,0.0,23
4,9,100,20,225,114,0,0.0,20
4,9,990,10,226,98,0,0.0,20
4,9,360,30,129,81,0,3.0,14
4,9,350,30,112,42,0,2.0,7
4,9,260,50,133,55,0,0.0,9
4,9,10,30,95,1,0,3.0,14
4,9,120,30,101,13,0,0.0,9
4,9,230,20,151,59,0,0.0,17
4,9,240,40,200,77,0,4.0,16
4,9,300,20,171,120,0,8.0,21
4,9,180,20,234,131,0,0.0,19
4,9,110,30,237,121,0,0.0,23
4,9,50,40,228,102,0,0.0,10
4,9,50,20,213,115,0,0.0,23
4,9,40,60,173,93,0,0.0,17
4,9,80,80,149,12,0,0.0,20
4,9,200,50,99,61,0,8.0,12
4,9,280,60,83,44,-1,8.0,0
4,9,360,40,81,51,0,8.0,-2
4,9,230,30,69,50,0,8.0,8
4,9,290,30,76,71,12,8.0,-6
4,9,340,40,51,-13,0,2.0,4
4,9,100,20,60,-1,0,0.0,10
4,9,130,20,64,12,0,1.0,10
4,9,110,10,83,15,0,0.0,8
4,9,90,10,91,27,0,0.0,11
4,9,100,10,65,37,0,5.0,11
4,9,220,100,96,34,0,7.0,2
4,9,220,50,92,55,0,7.0,5
4,9,350,20,81,56,0,8.0,6
4,9,310,30,65,26,1,8.0,13
4,9,350,20,60,6,0,8.0,11
4,9,70,40,63,25,0,5.0,5
4,9,90,70,84,33,0,7.0,9
4,9,80,80,93,40,0,8.0,17
4,9,110,50,93,70,0,8.0,18
4,9,60,60,121,67,0,0.0,15
4,9,60,50,124,60,0,0.0,15
4,9,150,40,153,71,0,0.0,14
4,9,220,40,127,99,0,7.0,12
4,9,260,40,120,87,0,3.0,12
4,9,220,30,142,72,0,8.0,16
4,9,150,40,180,65,0,5.0,12
4,9,270,20,116,108,7,8.0,-1
4,9,220,50,114,71,0,3.0,8
4,9,140,70,146,64,0,7.0,13
4,9,70,60,114,52,0,0.0,17
4,9,70,70,125,63,0,0.0,19
4,9,80,10,159,88,0,0.0,16
4,9,260,40,98,90,0,8.0,11
4,9,310,10,104,83,0,8.0,12
4,9,120,30,135,97,0,3.0,21
4,9,280,40,144,89,0,3.0,-4
4,9,200,110,128,54,0,6.0,-11
4,9,190,40,140,124,0,8.0,20
4,9,170,50,188,99,0,7.0,5
4,9,160,20,177,121,0,4.0,23
4,9,330,20,141,118,0,8.0,4
4,9,270,20,124,96,0,1.0,10
4,9,350,20,137,96,0,0.0,18
4,9,90,40,183,118,0,0.0,15
4,9,240,30,152,109,0,5.0,14
4,9,30,30,128,92,0,6.0,12
4,9,40,40,108,49,0,0.0,20
4,9,90,40,140,88,0,0.0,10
4,9,50,40,157,97,0,0.0,9
4,9,10,30,154,76,0,0.0,16
4,9,310,20,113,87,0,6.0,26
4,9,350,20,102,42,0,8.0,13
4,9,140,50,140,64,0,0.0,15
4,9,150,40,174,79,0,0.0,13
4,9,230,20,157,125,0,8.0,11
4,9,210,70,126,97,0,8.0,-6
4,9,180,40,121,87,-1,8.0,-20
4,9,50,20,132,78,0,2.0,9
4,9,60,10,157,69,0,0.0,8
4,9,230,100,50,12,2,8.0,12
4,9,170,60,98,14,0,2.0,7
4,9,180,60,92,49,0,8.0,-9
4,9,190,50,86,53,2,8.0,2
4,9,220,50,80,43,0,0.0,16
4,9,160,30,115,36,0,0.0,16
4,9,170,40,146,42,0,0.0,9
4,9,330,30,91,79,2,8.0,-1
4,9,260,30,113,54,0,8.0,21
4,9,340,30,92,52,0,7.0,20
4,9,40,60,83,32,0,5.0,-5
4,9,50,60,93,40,0,1.0,13
4,9,30,50,110,29,0,6.0,24
4,9,30,40,94,50,0,0.0,22
4,9,40,40,100,7,0,0.0,15
4,9,20,40,85,22,0,8.0,6
4,9,990,10,97,7,0,0.0,11
4,9,990,10,154,12,0,0.0,16
4,9,50,40,90,34,0,4.0,8
4,9,270,60,129,43,0,6.0,-12
4,9,310,30,82,-15,0,6.0,7
4,9,260,20,78,9,0,8.0,8
4,9,70,30,112,2,0,0.0,4
4,9,90,40,149,-1,0,0.0,14
4,9,180,40,209,25,0,0.0,20
4,9,240,60,136,103,0,7.0,9
4,9,990,10,150,92,0,1.0,18
4,9,190,40,193,71,0,0.0,11
4,9,220,30,221,93,0,2.0,21
4,9,230,80,118,96,0,8.0,6
4,9,230,60,132,114,0,8.0,5
4,9,150,40,163,112,0,0.0,29
4,9,240,40,122,106,0,7.0,5
4,9,250,60,104,72,0,8.0,7
4,9,210,60,100,47,-1,7.0,14
4,9,260,50,141,108,0,8.0,10
4,9,290,40,156,75,0,0.0,9
4,9,290,30,131,73,0,0.0,12
4,9,360,30,112,57,0,1.0,12
4,9,60,20,119,10,0,0.0,19
4,9,220,10,165,69,0,0.0,22
4,9,310,50,86,23,0,4.0,16
4,9,280,50,119,49,0,0.0,3
4,9,180,10,86,43,0,8.0,10
4,9,990,10,131,45,0,0.0,12
4,9,210,20,119,39,0,5.0,24
4,9,0,0,147,49,0,7.0,9
4,9,90,30,167,33,0,0.0,7
4,9,130,30,185,50,0,0.0,19
4,9,60,20,197,61,0,0.0,14
4,9,80,20,192,83,0,0.0,22
4,9,110,30,219,99,0,1.0,21
4,9,60,20,215,92,0,0.0,21
4,9,60,30,214,75,0,0.0,24
4,9,80,40,207,66,0,0.0,7
4,9,40,60,185,49,0,0.0,9
4,9,10,30,113,76,0,7.0,9
4,9,70,60,126,103,1,7.0,2
4,9,50,40,167,119,0,1.0,8
4,9,50,60,149,65,0,0.0,19
4,9,300,30,74,9,0,4.0,5
4,9,100,20,91,52,0,7.0,8
4,9,80,20,100,55,0,7.0,13
4,9,40,20,84,69,0,8.0,2
4,9,40,50,62,33,0,8.0,8
4,9,10,20,62,-4,0,1.0,7
4,9,360,40,60,18,-1,8.0,0
4,9,240,10,53,-17,0,7.0,20
4,9,220,60,96,86,2,8.0,7
4,9,200,60,98,87,3,8.0,1
4,9,230,50,96,70,0,7.0,6
4,9,210,20,98,61,0,4.0,-1
4,9,270,20,68,39,0,8.0,13
4,9,40,40,86,59,0,4.0,5
4,9,360,40,70,31,0,8.0,6
4,9,350,30,76,2,0,4.0,2
4,9,190,70,85,-6,0,5.0,3
4,9,180,70,97,43,0,7.0,13
4,9,190,70,103,43,0,4.0,8
4,9,190,50,112,52,0,8.0,14
4,9,220,70,80,51,-1,8.0,16
4,9,220,40,87,70,6,5.0,22
4,9,200,50,89,61,-1,7.0,23
4,9,200,20,100,52,0,7.0,7
4,9,160,60,120,61,0,4.0,5
4,9,200,100,127,71,-1,8.0,9
4,9,230,80,135,72,0,8.0,18
4,9,70,60,144,120,0,7.0,20
4,9,110,30,126,101,0,7.0,3
4,9,110,20,188,93,0,0.0,12
4,9,50,40,30,-50,0,0.0,14
4,9,60,90,44,-66,0,0.0,11
4,9,80,90,41,-47,0,6.0,7
4,9,70,70,33,-34,0,8.0,-1
4,9,40,50,23,-19,0,8.0,1
4,9,40,40,34,-1,0,8.0,4
4,9,990,10,30,-5,0,1.0,37
4,9,90,60,68,-26,0,7.0,26
4,9,120,40,74,34,0,7.0,21
4,9,240,50,88,75,-1,8.0,3
4,9,250,60,107,92,0,8.0,-2
4,9,210,80,127,83,0,7.0,1
4,9,230,70,98,66,0,8.0,14
4,9,210,40,148,101,0,8.0,7
4,9,280,60,156,84,0,8.0,-10
4,9,200,50,150,91,0,7.0,11
4,9,210,40,144,127,0,8.0,18
4,9,240,100,140,32,0,1.0,7
4,9,250,50,99,45,0,5.0,3
4,9,30,60,63,-1,0,1.0,15
4,9,60,10,98,23,0,5.0,21
4,9,220,60,110,24,0,0.0,14
4,9,220,50,108,83,0,8.0,8
4,9,210,50,154,85,0,0.0,22
4,9,210,30,152,105,0,8.0,11
4,9,330,30,109,103,9,8.0,0
4,9,20,40,76,28,0,6.0,6
4,9,340,10,77,19,0,7.0,10
4,9,230,60,73,44,1,8.0,23
4,9,50,10,112,55,0,2.0,16
4,9,240,30,157,89,0,5.0,16
4,9,100,20,165,99,0,1.0,22
4,9,80,30,180,100,0,1.0,23
4,9,250,10,141,106,0,8.0,3
4,9,240,30,116,92,0,8.0,12
4,9,220,30,135,106,-1,8.0,5
4,9,210,50,185,129,0,7.0,3
4,9,230,70,80,50,2,7.0,14
4,9,270,60,120,56,0,1.0,4
4,9,220,30,120,84,0,8.0,13
4,9,20,40,115,42,0,8.0,7
4,9,260,40,112,45,0,1.0,11
4,9,270,50,123,59,0,6.0,1
4,9,290,70,107,37,0,6.0,7
4,9,330,40,64,34,-1,8.0,24
4,9,110,30,106,27,0,0.0,7
4,9,220,60,135,16,0,7.0,14
4,9,320,50,104,33,0,6.0,-4
4,9,70,60,101,57,0,7.0,18
4,9,70,80,172,99,0,1.0,25
4,9,50,40,136,84,0,8.0,6
4,9,210,40,139,94,0,8.0,26
4,9,250,20,166,100,0,0.0,10
4,9,350,20,184,103,0,8.0,13
4,9,90,60,182,128,0,0.0,13
4,9,200,20,155,87,0,4.0,5
4,9,190,10,114,100,4,8.0,6
4,9,60,30,138,110,0,8.0,11
4,9,280,20,135,113,-1,8.0,11
4,9,270,30,142,125,0,8.0,1
4,9,270,60,61,23,-1,6.0,-9
4,9,320,60,61,-1,0,5.0,12
4,9,180,30,67,8,0,8.0,7
4,9,30,20,49,18,-1,5.0,4
4,9,40,20,73,26,0,1.0,13
4,9,280,30,66,40,0,8.0,8
4,9,230,40,102,33,0,6.0,5
4,9,60,10,72,54,0,8.0,11
4,9,130,10,129,74,0,0.0,21
4,9,990,10,144,90,0,1.0,26
4,9,210,70,135,88,0,8.0,-10
4,9,220,40,106,41,0,0.0,16
4,9,260,30,95,32,0,3.0,12
4,9,230,60,157,92,0,6.0,21
4,9,230,50,187,94,0,0.0,16
4,9,40,30,120,67,0,2.0,8
4,9,40,50,94,39,0,8.0,2
4,9,60,40,110,20,0,0.0,11
4,9,20,20,89,36,0,4.0,10
4,9,40,40,150,34,0,1.0,5
4,9,20,20,141,51,0,0.0,22
4,9,350,40,106,56,0,7.0,12
4,9,140,10,87,61,0,8.0,20
4,9,220,40,159,64,0,0.0,18
4,9,200,40,131,96,-1,7.0,7
4,9,230,50,143,104,0,7.0,11
4,9,10,60,106,14,0,2.0,0
4,9,250,50,107,37,0,2.0,-50
4,9,190,60,124,9,0,1.0,12
4,9,240,50,118,66,0,3.0,-28
4,9,140,20,79,39,0,7.0,23
4,9,140,20,101,53,0,8.0,12
4,9,180,40,150,119,-1,8.0,14
4,9,210,70,141,108,0,8.0,-23
4,9,200,10,117,96,1,8.0,10
4,9,220,80,102,61,0,8.0,7
4,9,230,70,88,40,0,7.0,4
4,9,220,20,81,56,0,7.0,18
4,9,160,40,113,50,0,0.0,14
4,9,990,10,106,55,0,7.0,-1
4,9,100,80,137,51,0,0.0,19
4,9,220,30,136,71,0,2.0,14
4,9,110,30,84,77,0,6.0,18
4,9,210,40,132,79,0,4.0,11
4,9,220,60,111,96,2,8.0,15
4,9,240,90,115,62,0,7.0,5
4,9,280,40,77,20,0,7.0,16
4,9,240,60,104,25,0,0.0,13
4,9,280,40,118,33,0,7.0,-2
4,9,80,30,97,19,0,3.0,9
4,9,70,40,126,40,0,1.0,20
4,9,40,40,108,48,0,8.0,13
4,9,340,40,73,16,0,8.0,12
4,9,300,40,68,-8,0,6.0,0
4,9,220,80,77,22,0,8.0,4
4,9,250,70,53,34,2,8.0,15
4,9,290,50,54,17,-1,7.0,14
4,9,210,40,86,23,0,3.0,-16
4,9,230,70,75,55,3,8.0,1
4,9,990,10,97,39,0,7.0,4
4,9,230,60,119,97,0,8.0,-4
4,9,180,10,92,89,0,8.0,20
4,9,90,20,72,60,0,8.0,8
4,9,120,10,139,64,0,0.0,10
4,9,340,20,102,70,0,8.0,6
4,9,320,20,74,61,4,8.0,-1
4,9,280,30,116,70,0,8.0,3
4,9,310,20,110,42,0,8.0,1
4,9,150,20,139,70,0,0.0,20
4,9,310,40,117,64,0,7.0,2
4,9,240,30,107,53,0,7.0,10
4,9,260,60,110,62,0,8.0,2
4,9,290,50,111,58,0,8.0,-1
4,9,220,40,95,59,0,8.0,4
4,9,270,50,105,79,-1,,6
4,9,270,50,87,31,-1,,12
4,9,340,40,75,33,0,,22
4,9,350,30,78,9,0,,4
4,9,50,50,61,-29,0,2.0,9
4,9,210,20,86,-46,0,7.0,6
4,9,230,40,116,61,0,8.0,18
4,9,340,60,100,14,0,7.0,4
4,9,310,30,93,11,0,7.0,-2
4,9,240,80,119,28,0,1.0,7
4,9,270,70,62,20,1,7.0,14
4,9,330,30,87,2,0,3.0,1
4,9,270,30,87,-2,0,4.0,17
4,9,250,40,97,44,0,8.0,1
4,9,990,10,100,11,0,6.0,6
4,9,120,70,141,20,0,6.0,22
4,9,290,20,64,50,-1,8.0,4
4,9,140,40,76,45,0,8.0,11
4,9,200,70,139,82,0,8.0,7
4,9,170,40,121,83,0,8.0,16
4,9,270,60,65,30,0,8.0,-5
4,9,130,60,92,15,0,8.0,10
4,9,140,50,148,48,0,8.0,27
4,9,220,10,151,98,0,8.0,34
4,9,30,40,135,85,0,8.0,18
4,9,140,30,157,91,0,8.0,12
4,9,40,30,117,108,0,8.0,3
4,9,50,50,106,93,0,8.0,5
4,9,230,40,124,98,0,8.0,16
4,9,990,10,125,84,0,8.0,11
4,9,180,30,155,113,0,5.0,9
4,9,240,40,141,86,0,8.0,17
4,9,200,40,165,83,0,8.0,13
4,9,140,20,197,93,0,7.0,11
4,9,120,40,217,105,0,5.0,22
4,9,220,40,238,129,0,0.0,15
4,9,50,30,169,107,0,0.0,18
4,9,190,30,211,131,0,0.0,6
4,9,270,50,142,89,0,4.0,18
4,9,240,70,119,82,-1,8.0,6
4,9,290,50,112,64,0,8.0,9
4,9,250,50,107,58,-1,8.0,5
4,9,140,30,127,42,0,8.0,7
4,9,210,60,139,77,0,8.0,2
4,9,40,20,111,100,3,8.0,3
4,9,190,50,120,103,3,8.0,3
4,9,70,50,80,14,0,0.0,19
4,9,140,50,133,59,0,8.0,6
4,9,140,30,77,35,0,8.0,2
4,9,160,20,63,38,0,8.0,12
4,9,80,30,95,39,0,1.0,10
4,9,110,40,105,74,0,8.0,19
4,9,70,30,162,95,0,8.0,17
4,9,210,20,127,95,0,3.0,15
4,9,60,60,100,47,0,8.0,7
4,9,40,60,76,2,0,0.0,19
4,9,40,50,73,1,0,0.0,17
4,9,40,30,59,-10,0,7.0,4
4,9,60,60,53,-20,0,5.0,0
4,9,50,40,60,17,0,1.0,15
4,9,100,50,101,51,0,1.0,16
4,9,80,60,132,20,0,7.0,23
4,9,120,50,141,91,0,8.0,-5
4,9,90,60,174,57,0,0.0,17
4,9,80,40,192,52,0,3.0,14
4,9,60,40,204,48,0,0.0,20
4,9,60,20,179,51,0,0.0,28
4,9,120,50,205,42,0,8.0,22
4,9,70,70,163,56,0,8.0,15
4,9,150,60,211,103,0,4.0,17
4,9,150,40,140,84,0,8.0,23
4,9,230,50,118,85,0,8.0,13
4,9,220,60,101,74,-1,8.0,18
4,9,200,40,96,55,0,7.0,2
4,9,10,20,133,62,0,8.0,12
4,9,350,20,105,71,0,8.0,11
4,9,30,20,68,-51,0,0.0,6
4,9,240,40,79,-5,0,0.0,10
4,9,270,40,103,50,0,8.0,-6
4,9,160,40,108,-22,0,0.0,11
4,9,140,70,147,10,0,0.0,21
4,9,200,60,177,33,0,0.0,17
4,9,70,30,142,70,0,7.0,20
4,9,50,10,174,73,0,5.0,36
4,9,40,30,155,64,0,8.0,19
4,9,40,30,121,57,0,8.0,24
4,9,90,30,139,25,0,8.0,20
4,9,250,20,187,27,0,0.0,16
4,9,20,50,75,-18,-1,8.0,7
4,9,340,30,69,0,0,8.0,6
4,9,90,20,107,5,0,1.0,11
4,9,990,10,158,42,0,1.0,14
4,9,40,50,115,51,0,0.0,22
4,9,70,30,129,56,0,8.0,20
4,9,60,40,129,48,0,1.0,11
4,9,80,90,140,-7,0,0.0,11
4,9,80,110,142,2,0,0.0,15
4,9,70,70,162,24,0,0.0,16
4,9,110,30,181,36,0,0.0,18
4,9,10,30,163,45,0,0.0,15
4,9,10,20,96,21,0,8.0,9
4,9,80,20,122,55,0,0.0,19
4,9,210,30,172,44,0,0.0,17
4,9,60,30,113,81,0,8.0,11
4,9,230,70,125,96,0,8.0,-9
4,9,240,70,119,64,0,7.0,17
