MM,HH,DD,FF,T,TD,RH,N,TC
6,7,10,46,89,51,0,7.0,4
6,7,40,26,94,59,0,3.0,13
6,7,230,57,83,83,8,8.0,10
6,7,260,41,67,55,0,7.0,16
6,7,200,21,81,56,0,1.0,24
6,7,120,36,98,92,4,8.0,3
6,7,180,21,124,124,6,8.0,5
6,7,340,41,116,114,-1,7.0,13
6,7,190,41,135,121,-1,7.0,12
6,7,220,87,127,108,-1,7.0,2
6,7,250,57,129,95,0,2.0,6
6,7,210,87,161,100,0,7.0,17
6,7,230,93,129,99,0,7.0,4
6,7,240,77,121,88,0,2.0,12
6,7,160,26,110,99,4,8.0,10
6,7,240,51,113,94,0,5.0,10
6,7,210,21,79,79,0,9.0,12
6,7,230,21,97,97,4,7.0,16
6,7,220,72,95,90,4,8.0,4
6,7,200,41,116,116,6,8.0,1
6,7,190,41,135,126,0,6.0,3
6,7,240,46,163,140,0,7.0,3
6,7,220,67,159,132,0,7.0,5
6,7,260,67,155,144,-1,7.0,-9
6,7,230,67,171,171,-1,8.0,5
6,7,230,57,149,149,2,8.0,-1
6,7,200,51,132,119,13,8.0,6
6,7,300,46,122,109,0,7.0,9
6,7,300,41,120,79,0,4.0,4
6,7,230,77,148,118,0,4.0,8
6,7,120,41,193,126,0,5.0,15
6,7,990,5,174,150,0,8.0,11
6,7,230,62,142,110,0,7.0,9
6,7,30,46,130,117,9,8.0,-5
6,7,240,26,124,101,0,8.0,9
6,7,220,46,133,131,-1,8.0,0
6,7,210,26,141,121,0,4.0,8
6,7,200,15,135,129,-1,8.0,9
6,7,230,36,117,117,0,8.0,10
6,7,990,10,149,134,0,6.0,12
6,7,40,51,132,79,0,2.0,15
6,7,40,41,121,102,0,6.0,13
6,7,30,31,147,117,0,0.0,27
6,7,220,21,161,150,0,7.0,17
6,7,990,5,201,131,0,1.0,11
6,7,30,57,177,151,0,2.0,16
6,7,40,67,128,81,0,1.0,9
6,7,40,41,115,72,0,7.0,8
6,7,990,15,99,82,0,7.0,5
6,7,30,57,129,127,4,8.0,16
6,7,230,21,130,130,4,8.0,3
6,7,990,5,115,115,0,7.0,17
6,7,30,57,145,124,0,5.0,19
6,7,40,46,133,122,0,7.0,11
6,7,30,31,132,129,-1,8.0,5
6,7,340,26,144,134,0,3.0,23
6,7,990,5,170,146,0,1.0,30
6,7,990,5,193,121,0,1.0,19
6,7,170,31,209,128,0,1.0,27
6,7,170,41,219,143,0,1.0,16
6,7,210,46,145,85,0,7.0,13
6,7,990,5,191,131,0,5.0,16
6,7,240,36,129,126,0,7.0,5
6,7,990,15,138,130,0,8.0,8
6,7,990,15,192,159,0,2.0,13
6,7,40,31,180,151,0,3.0,20
6,7,40,21,185,127,0,0.0,16
6,7,70,21,187,146,0,1.0,23
6,7,80,36,207,141,0,0.0,27
6,7,230,51,230,151,0,6.0,-7
6,7,200,62,180,141,0,7.0,2
6,7,210,82,136,91,0,7.0,2
6,7,200,15,115,113,8,8.0,5
6,7,260,51,125,84,0,6.0,4
6,7,40,57,105,100,2,8.0,11
6,7,220,67,129,103,0,7.0,1
6,7,260,36,129,120,0,7.0,9
6,7,230,67,147,113,-1,7.0,11
6,7,240,57,163,140,0,7.0,6
6,7,230,36,141,116,0,5.0,16
6,7,360,41,146,114,0,2.0,13
6,7,990,15,152,108,0,0.0,17
6,7,350,36,143,105,0,7.0,3
6,7,270,26,123,78,0,4.0,17
6,7,990,5,117,74,0,7.0,25
6,7,110,31,129,99,0,7.0,9
6,7,270,51,171,138,0,5.0,2
6,7,330,26,122,89,0,7.0,9
6,7,70,67,160,103,0,0.0,18
6,7,100,26,202,103,0,0.0,25
6,7,160,26,150,81,0,1.0,31
6,7,200,41,167,165,8,8.0,8
6,7,220,87,145,108,0,5.0,11
6,7,230,108,114,77,0,7.0,5
6,7,290,51,110,86,0,5.0,10
6,7,210,51,108,83,0,7.0,12
6,7,250,67,139,127,0,7.0,5
6,7,150,21,132,122,0,7.0,17
6,7,250,46,104,88,0,3.0,11
6,7,240,36,95,92,18,8.0,13
6,7,330,31,93,78,-1,6.0,9
6,7,70,26,105,103,0,8.0,9
6,7,20,36,120,107,0,7.0,4
6,7,990,15,146,122,0,1.0,8
6,7,40,21,123,79,0,1.0,12
6,7,240,57,139,112,0,7.0,17
6,7,260,21,122,122,2,8.0,5
6,7,190,46,166,118,0,7.0,23
6,7,240,57,161,111,0,1.0,15
6,7,220,46,145,120,0,7.0,8
6,7,240,67,157,117,0,1.0,12
6,7,240,103,177,147,0,8.0,-8
6,7,990,15,151,126,0,2.0,8
6,7,80,46,181,108,0,1.0,14
6,7,160,36,245,171,0,4.0,9
6,7,990,15,183,169,0,7.0,23
6,7,250,31,172,143,0,3.0,12
6,7,330,21,205,146,0,6.0,10
6,7,210,46,247,193,0,4.0,9
6,7,70,31,173,130,0,1.0,10
6,7,320,41,123,119,0,7.0,9
6,7,100,26,123,113,0,3.0,14
6,7,200,31,125,107,0,2.0,17
6,7,210,57,125,113,0,7.0,8
6,7,250,26,121,121,-1,8.0,9
6,7,300,21,112,100,0,8.0,12
6,7,210,46,134,118,0,8.0,10
6,7,200,36,99,91,0,5.0,10
6,7,220,51,94,81,-1,8.0,6
6,7,230,57,85,85,1,8.0,5
6,7,250,36,101,96,0,7.0,12
6,7,990,5,102,101,21,8.0,3
6,7,20,36,103,102,13,8.0,4
6,7,270,26,113,110,0,8.0,7
6,7,230,62,107,93,0,8.0,9
6,7,230,57,104,104,1,8.0,3
6,7,220,57,123,116,1,8.0,5
6,7,240,46,138,138,-1,8.0,5
6,7,230,62,155,120,0,1.0,11
6,7,210,31,195,149,0,2.0,20
6,7,240,26,184,165,0,7.0,15
6,7,20,41,130,96,0,4.0,9
6,7,350,51,117,100,0,7.0,12
6,7,330,31,111,97,0,7.0,5
6,7,20,41,156,134,0,7.0,12
6,7,990,15,163,152,0,3.0,18
6,7,60,31,206,169,0,1.0,12
6,7,70,41,222,182,0,1.0,14
6,7,30,21,196,162,0,0.0,17
6,7,990,10,207,149,0,1.0,11
6,7,210,26,95,89,9,8.0,8
6,7,990,10,116,85,0,8.0,7
6,7,990,5,140,106,0,2.0,10
6,7,200,26,167,90,0,2.0,13
6,7,990,15,198,123,0,0.0,27
6,7,990,10,221,129,0,1.0,17
6,7,200,41,253,174,0,1.0,25
6,7,200,67,252,177,0,4.0,6
6,7,230,62,183,148,0,7.0,7
6,7,990,15,195,153,0,0.0,17
6,7,240,21,194,148,0,1.0,16
6,7,260,51,177,138,0,7.0,0
6,7,340,21,137,65,0,0.0,15
6,7,60,46,123,71,0,3.0,8
6,7,70,41,124,72,0,1.0,16
6,7,50,26,140,93,0,1.0,23
6,7,220,26,167,108,0,5.0,25
6,7,250,57,177,101,0,2.0,7
6,7,270,41,118,73,0,7.0,7
6,7,60,21,108,83,0,8.0,0
6,7,270,41,109,69,0,5.0,7
6,7,260,36,103,85,0,8.0,11
6,7,290,21,107,99,2,7.0,8
6,7,340,51,115,72,0,7.0,6
6,7,990,10,121,105,0,8.0,6
6,7,990,15,137,104,0,1.0,15
6,7,200,26,135,125,-1,8.0,7
6,7,200,36,178,153,0,7.0,8
6,7,300,77,133,127,17,8.0,-4
6,7,240,51,125,101,0,7.0,10
6,7,50,60,92,41,0,5.0,-1
6,7,70,70,139,85,0,3.0,14
6,7,40,30,151,80,0,1.0,12
6,7,210,30,157,107,0,0.0,28
6,7,90,50,174,96,0,6.0,17
6,7,990,10,193,126,0,6.0,19
6,7,140,40,226,164,0,4.0,20
6,7,180,20,180,162,-1,7.0,-1
6,7,240,40,159,114,0,2.0,11
6,7,50,40,176,123,0,5.0,20
6,7,80,30,202,134,0,7.0,9
6,7,210,50,180,151,0,7.0,4
6,7,220,30,175,136,0,1.0,16
6,7,230,50,155,145,0,8.0,5
6,7,250,40,121,104,0,8.0,-3
6,7,80,30,136,99,0,1.0,14
6,7,60,40,122,86,-1,6.0,8
6,7,50,20,127,78,0,1.0,16
6,7,130,30,154,86,0,4.0,17
6,7,230,70,137,114,0,7.0,0
6,7,210,70,152,116,0,7.0,14
6,7,200,70,134,97,0,5.0,8
6,7,250,60,131,115,0,7.0,10
6,7,280,40,127,87,0,7.0,11
6,7,150,40,124,65,0,6.0,18
6,7,130,40,135,128,2,7.0,4
6,7,190,30,153,119,0,5.0,10
6,7,190,40,146,127,0,7.0,9
6,7,30,30,147,114,0,8.0,9
6,7,210,50,139,135,-1,8.0,0
6,7,220,50,144,120,0,1.0,17
6,7,150,30,146,136,7,7.0,22
6,7,210,60,154,128,0,5.0,11
6,7,240,50,145,117,0,4.0,13
6,7,70,50,144,128,0,7.0,17
6,7,90,20,214,189,0,6.0,-20
6,7,200,20,178,174,-1,8.0,5
6,7,230,60,139,114,0,7.0,10
6,7,210,70,155,137,0,7.0,3
6,7,220,40,158,144,0,8.0,-9
6,7,200,30,139,130,-1,5.0,12
6,7,310,60,88,82,4,8.0,3
6,7,200,20,110,79,0,0.0,17
6,7,180,40,120,116,4,7.0,18
6,7,200,40,135,120,0,7.0,6
6,7,230,60,134,122,0,7.0,6
6,7,250,50,129,98,0,7.0,6
6,7,230,50,123,112,-1,8.0,8
6,7,250,40,165,137,0,7.0,5
6,7,170,20,208,173,0,7.0,19
6,7,180,50,245,186,0,7.0,13
6,7,250,60,151,131,0,7.0,17
6,7,230,60,151,111,0,4.0,9
6,7,230,50,167,142,0,7.0,6
6,7,170,40,212,156,0,7.0,15
6,7,140,20,170,128,0,6.0,16
6,7,190,40,177,123,0,7.0,27
6,7,230,80,136,111,0,7.0,12
6,7,240,50,134,113,0,8.0,10
6,7,220,60,133,116,-1,8.0,5
6,7,70,30,155,113,0,1.0,25
6,7,90,30,191,165,0,6.0,25
6,7,210,90,158,111,0,5.0,1
6,7,240,80,131,119,1,8.0,8
6,7,200,20,104,99,17,8.0,3
6,7,190,100,141,86,0,3.0,8
6,7,170,40,141,88,-1,7.0,12
6,7,230,60,123,93,0,4.0,6
6,7,220,60,127,82,0,2.0,11
6,7,260,20,145,114,0,3.0,13
6,7,260,30,118,93,0,7.0,1
6,7,990,10,131,88,0,4.0,5
6,7,320,20,133,116,-1,7.0,1
6,7,30,20,167,143,0,6.0,14
6,7,990,10,160,132,0,1.0,19
6,7,70,20,181,132,0,0.0,22
6,7,220,40,189,146,0,0.0,21
6,7,360,60,128,64,0,7.0,12
6,7,990,10,143,84,0,1.0,13
6,7,210,60,148,115,0,8.0,8
6,7,320,30,126,96,0,6.0,5
6,7,230,20,121,96,0,1.0,10
6,7,990,10,141,87,0,3.0,12
6,7,990,10,138,90,0,5.0,17
6,7,990,10,144,101,0,0.0,15
6,7,70,40,148,93,0,0.0,20
6,7,200,50,184,156,0,7.0,10
6,7,210,50,150,109,0,5.0,10
6,7,190,60,155,134,4,8.0,2
6,7,200,40,177,165,-1,7.0,9
6,7,200,40,146,110,0,7.0,16
6,7,200,20,167,139,0,1.0,11
6,7,80,20,193,154,0,6.0,22
6,7,250,50,176,162,0,8.0,4
6,7,50,30,144,120,-1,7.0,-2
6,7,250,50,126,112,0,6.0,0
6,7,260,60,126,100,0,7.0,8
6,7,110,20,146,89,0,1.0,20
6,7,180,50,225,147,0,1.0,12
6,7,290,30,172,144,0,7.0,5
6,7,250,30,143,79,0,6.0,10
6,7,230,60,127,98,0,7.0,15
6,7,220,50,189,154,0,1.0,11
6,7,240,40,140,136,0,8.0,3
6,7,250,60,151,139,0,8.0,8
6,7,40,20,127,89,0,7.0,4
6,7,100,30,134,56,0,1.0,11
6,7,200,20,192,100,0,1.0,24
6,7,160,40,242,117,0,0.0,20
6,7,170,40,258,170,0,0.0,18
6,7,220,50,227,163,0,2.0,0
6,7,230,80,173,127,0,5.0,1
6,7,230,80,146,111,0,7.0,13
6,7,250,40,127,109,0,7.0,13
6,7,240,40,116,110,2,8.0,6
6,7,310,30,123,80,0,7.0,7
6,7,350,30,118,70,0,3.0,5
6,7,60,30,121,58,0,5.0,3
6,7,270,20,114,72,0,3.0,16
6,7,30,20,124,109,0,8.0,5
6,7,260,30,132,90,0,2.0,15
6,7,230,70,125,112,1,8.0,-2
6,7,280,60,87,54,0,7.0,5
6,7,230,50,98,63,0,7.0,13
6,7,190,20,141,81,0,5.0,16
6,7,130,20,158,100,0,7.0,6
6,7,220,90,141,92,0,7.0,6
6,7,250,40,116,95,0,7.0,11
6,7,90,20,113,52,0,5.0,7
6,7,990,10,140,73,0,5.0,13
6,7,280,30,106,99,0,7.0,12
6,7,230,50,133,74,0,4.0,9
6,7,990,10,143,98,0,7.0,23
6,7,0,0,141,114,0,5.0,26
6,7,200,50,198,117,0,6.0,2
6,7,190,40,163,129,0,4.0,7
6,7,230,50,146,136,3,7.0,8
6,7,300,40,134,125,0,8.0,2
6,7,290,20,112,79,0,6.0,9
6,7,190,50,139,91,0,7.0,21
6,7,240,40,151,107,0,7.0,8
6,7,260,40,128,95,0,6.0,19
6,7,230,20,132,104,0,3.0,5
6,7,990,10,176,116,0,0.0,19
6,7,990,10,179,144,0,3.0,14
6,7,60,30,190,118,0,2.0,26
6,7,210,30,205,157,-1,8.0,4
6,7,240,50,155,123,0,8.0,4
6,7,260,50,185,134,0,1.0,14
6,7,210,40,212,159,0,7.0,-7
6,7,60,40,128,73,0,1.0,10
6,7,80,30,165,79,0,1.0,21
6,7,120,20,192,93,0,7.0,26
6,7,160,30,158,101,0,5.0,16
6,7,90,70,189,150,-1,8.0,-3
6,7,230,50,146,105,0,8.0,1
6,7,260,30,163,116,0,4.0,6
6,7,190,30,152,100,0,7.0,15
6,7,190,30,169,105,0,1.0,18
6,7,240,60,126,96,0,7.0,9
6,7,200,40,125,108,0,8.0,-1
6,7,220,50,149,132,-1,8.0,4
6,7,230,50,132,95,0,8.0,-6
6,7,230,60,172,148,0,7.0,10
6,7,200,40,178,164,1,8.0,-10
6,7,200,20,165,147,3,8.0,1
6,7,180,30,234,175,0,4.0,20
6,7,170,40,277,193,0,1.0,15
6,7,990,10,173,124,0,7.0,17
6,7,0,0,179,169,0,8.0,8
6,7,990,10,161,135,0,7.0,11
6,7,210,40,191,142,0,7.0,17
6,7,290,50,155,118,0,5.0,3
6,7,990,10,163,97,0,1.0,13
6,7,990,10,151,100,0,0.0,18
6,7,230,20,161,126,0,1.0,18
6,7,220,50,145,117,0,7.0,10
6,7,240,30,126,89,0,7.0,5
6,7,200,30,110,98,4,7.0,11
6,7,230,60,138,99,0,2.0,17
6,7,170,10,202,165,0,0.0,27
6,7,190,40,232,180,0,0.0,11
6,7,130,20,195,170,0,0.0,15
6,7,160,20,220,184,0,8.0,18
6,7,280,40,181,168,-1,8.0,-4
6,7,240,10,170,145,0,0.0,12
6,7,180,20,209,168,0,0.0,19
6,7,150,30,240,190,0,2.0,25
6,7,220,50,141,107,0,0.0,11
6,7,170,40,214,154,0,5.0,20
6,7,250,40,178,138,0,8.0,7
6,7,90,10,213,159,0,0.0,10
6,7,30,20,181,143,0,0.0,15
6,7,60,20,189,127,0,4.0,8
6,7,50,20,156,116,0,0.0,18
6,7,30,20,184,124,0,0.0,15
6,7,80,20,190,134,0,1.0,22
6,7,240,70,156,144,0,8.0,8
6,7,230,60,176,154,0,8.0,2
6,7,260,50,166,100,0,1.0,11
6,7,250,20,145,97,0,0.0,12
6,7,90,50,186,115,0,4.0,22
6,7,160,40,214,165,0,8.0,27
6,7,240,50,161,124,0,0.0,4
6,7,100,30,156,112,0,1.0,14
6,7,60,40,162,124,0,8.0,6
6,7,990,10,179,136,0,0.0,12
6,7,240,30,168,148,0,8.0,2
6,7,990,10,186,148,0,0.0,14
6,7,80,60,209,139,0,7.0,-7
6,7,70,10,161,111,0,2.0,20
6,7,270,20,157,124,0,8.0,12
6,7,330,40,122,108,0,8.0,4
6,7,210,60,107,98,23,8.0,5
6,7,320,30,131,109,0,8.0,7
6,7,330,20,124,110,0,8.0,16
6,7,200,20,179,126,0,4.0,21
6,7,190,30,215,153,0,0.0,22
6,7,230,40,223,161,0,0.0,2
6,7,150,20,200,163,0,6.0,4
6,7,250,50,149,130,0,7.0,15
6,7,250,40,142,115,0,8.0,8
6,7,320,30,123,104,0,8.0,4
6,7,220,20,134,110,0,4.0,18
6,7,230,40,192,160,0,0.0,19
6,7,330,40,146,87,0,1.0,0
6,7,220,100,185,129,0,0.0,18
6,7,240,40,139,122,0,8.0,9
6,7,300,20,110,81,0,8.0,6
6,7,220,40,118,88,0,0.0,12
6,7,190,30,100,87,3,8.0,14
6,7,200,30,133,117,0,8.0,10
6,7,210,80,185,144,0,7.0,5
6,7,230,120,140,87,0,8.0,5
6,7,250,50,133,95,0,7.0,14
6,7,150,10,166,79,0,0.0,15
6,7,210,50,168,142,-1,8.0,22
6,7,260,40,144,113,0,7.0,12
6,7,220,50,146,111,0,0.0,19
6,7,200,20,162,126,0,8.0,12
6,7,90,10,126,72,0,0.0,13
6,7,230,60,151,131,-1,8.0,7
6,7,180,30,210,137,0,0.0,15
6,7,230,80,126,84,0,8.0,9
6,7,230,60,130,98,0,8.0,2
6,7,240,30,127,105,0,8.0,4
6,7,350,70,97,32,0,7.0,14
6,7,40,30,102,55,0,0.0,13
6,7,40,10,117,68,0,0.0,22
6,7,260,20,134,78,0,2.0,25
6,7,320,40,101,54,0,8.0,7
6,7,260,30,101,55,0,4.0,8
6,7,260,60,115,76,0,6.0,7
6,7,210,20,144,58,0,1.0,9
6,7,140,20,175,100,0,0.0,20
6,7,240,40,179,116,0,7.0,16
6,7,240,50,187,158,0,8.0,0
6,7,60,30,201,157,0,2.0,11
6,7,90,30,208,104,0,0.0,20
6,7,130,20,250,117,0,0.0,13
6,7,230,20,207,154,0,7.0,7
6,7,80,20,192,107,0,0.0,19
6,7,120,10,229,124,0,0.0,19
6,7,220,40,237,145,0,1.0,14
6,7,260,40,222,174,0,8.0,0
6,7,50,40,165,127,0,6.0,8
6,7,30,20,180,122,0,0.0,25
6,7,40,40,189,123,0,0.0,18
6,7,70,30,204,171,0,1.0,10
6,7,230,40,185,155,0,4.0,6
6,7,280,30,85,45,0,8.0,2
6,7,340,30,82,64,0,8.0,9
6,7,220,30,122,98,0,8.0,19
6,7,360,20,105,61,0,2.0,9
6,7,40,30,113,55,0,8.0,16
6,7,50,30,108,69,0,8.0,7
6,7,200,20,133,96,0,1.0,24
6,7,140,10,169,103,0,0.0,24
6,7,170,10,184,122,0,0.0,29
6,7,80,20,207,113,0,0.0,22
6,7,100,40,225,135,0,0.0,15
6,7,80,30,213,101,0,0.0,15
6,7,190,30,239,132,0,0.0,21
6,7,990,10,216,162,0,4.0,15
6,7,280,10,138,134,0,9.0,3
6,7,300,20,127,85,0,4.0,10
6,7,190,20,132,92,0,8.0,21
6,7,200,20,210,144,0,0.0,24
6,7,220,40,206,184,8,7.0,23
6,7,270,30,191,148,0,3.0,3
6,7,220,70,178,118,0,8.0,8
6,7,240,60,140,98,0,8.0,4
6,7,240,40,142,94,0,0.0,14
6,7,160,10,185,105,0,6.0,15
6,7,230,10,185,148,0,8.0,21
6,7,220,50,170,158,-1,8.0,3
6,7,40,20,129,120,0,8.0,1
6,7,20,30,153,119,0,3.0,16
6,7,360,30,158,124,0,0.0,14
6,7,990,10,202,152,0,0.0,11
6,7,240,20,143,122,0,3.0,6
6,7,200,20,133,131,0,1.0,30
6,7,50,20,185,149,0,4.0,17
6,7,40,30,161,144,0,8.0,2
6,7,40,40,189,155,0,8.0,12
6,7,20,30,184,154,0,0.0,16
6,7,50,40,192,160,0,0.0,11
6,7,110,20,239,187,0,8.0,20
6,7,220,30,161,159,32,8.0,-1
6,7,360,20,160,158,0,9.0,-4
6,7,990,10,180,162,0,5.0,16
6,7,270,20,144,143,0,9.0,-1
6,7,210,50,162,134,0,8.0,18
6,7,110,20,203,154,0,8.0,15
6,7,210,50,184,167,-1,8.0,9
6,7,220,60,163,133,0,8.0,11
6,7,220,70,166,132,0,2.0,15
6,7,240,60,162,141,0,8.0,5
6,7,90,20,202,153,0,0.0,8
6,7,220,30,196,188,0,8.0,4
6,7,30,30,169,133,0,8.0,-6
6,7,200,40,163,131,0,7.0,9
6,7,240,60,164,129,0,7.0,7
6,7,200,50,163,137,0,8.0,11
6,7,200,70,172,154,-1,8.0,20
6,7,240,60,133,117,0,8.0,3
6,7,250,50,129,80,0,0.0,1
6,7,240,50,123,110,-1,8.0,17
6,7,200,50,141,123,3,8.0,16
6,7,240,60,150,126,0,8.0,10
6,7,180,30,180,136,0,4.0,5
6,7,50,40,208,165,0,4.0,24
6,7,210,50,184,161,0,1.0,16
6,7,240,40,161,145,0,8.0,4
6,7,270,20,140,137,2,8.0,8
6,7,300,20,154,141,0,8.0,9
6,7,220,30,135,130,10,8.0,2
6,7,260,10,142,130,0,8.0,7
6,7,210,20,158,150,0,7.0,24
6,7,250,10,183,142,0,0.0,22
6,7,990,10,135,99,0,8.0,6
6,7,190,20,112,94,3,8.0,-2
6,7,250,30,106,93,-1,8.0,11
6,7,240,50,131,94,0,5.0,11
6,7,230,40,118,93,0,8.0,-1
6,7,40,30,114,89,0,0.0,20
6,7,90,20,136,94,0,0.0,21
6,7,230,50,151,79,0,0.0,16
6,7,220,100,181,105,0,8.0,-1
6,7,220,50,144,106,0,4.0,2
6,7,160,20,134,121,0,8.0,17
6,7,190,60,228,178,0,1.0,10
6,7,240,50,144,100,0,1.0,14
6,7,80,30,157,113,0,0.0,19
6,7,170,30,176,172,5,8.0,23
6,7,230,40,152,113,0,0.0,14
6,7,230,70,141,123,0,8.0,6
6,7,240,60,165,142,0,8.0,-2
6,7,230,60,153,120,0,8.0,9
6,7,240,30,144,122,0,8.0,11
6,7,20,30,186,132,0,0.0,15
6,7,340,30,125,98,0,8.0,23
6,7,350,40,125,77,0,3.0,3
6,7,320,30,107,41,0,8.0,15
6,7,260,20,96,52,0,8.0,8
6,7,40,50,94,51,0,8.0,18
6,7,100,30,106,86,0,8.0,22
6,7,240,50,114,77,0,6.0,14
6,7,220,70,162,109,0,2.0,15
6,7,220,30,133,108,0,8.0,15
6,7,260,60,119,110,1,8.0,4
6,7,250,30,129,103,0,3.0,15
6,7,100,10,149,83,0,8.0,11
6,7,200,30,197,137,0,8.0,6
6,7,50,20,156,139,0,8.0,1
6,7,230,60,134,108,0,8.0,18
6,7,210,10,161,118,0,0.0,18
6,7,240,20,158,135,-1,8.0,-1
6,7,250,40,139,105,0,8.0,6
6,7,230,30,149,116,0,8.0,6
6,7,240,20,129,115,-1,8.0,12
6,7,350,20,124,99,0,8.0,3
6,7,50,30,128,111,0,8.0,27
6,7,50,50,165,117,0,0.0,17
6,7,40,30,185,132,0,1.0,13
6,7,40,30,175,157,0,8.0,14
6,7,240,30,171,159,0,8.0,2
6,7,260,20,172,169,0,9.0,2
6,7,990,10,213,181,0,0.0,4
6,7,990,10,208,177,0,0.0,14
6,7,230,30,102,100,0,8.0,4
6,7,300,20,122,97,0,0.0,22
6,7,30,30,137,88,0,4.0,25
6,7,60,20,159,112,0,0.0,24
6,7,150,10,201,118,0,0.0,21
6,7,170,10,210,125,0,4.0,18
6,7,230,60,146,121,0,8.0,4
6,7,310,30,163,125,0,7.0,18
6,7,160,20,170,148,2,8.0,-2
6,7,180,30,187,155,0,8.0,6
6,7,210,100,188,150,0,4.0,19
6,7,70,20,143,120,0,8.0,-2
6,7,10,20,126,87,0,7.0,16
6,7,990,10,160,100,0,2.0,20
6,7,50,60,123,70,0,0.0,9
6,7,40,60,127,89,0,5.0,24
6,7,50,50,162,87,0,0.0,22
6,7,350,20,110,96,0,8.0,4
6,7,320,50,116,70,-1,8.0,6
6,7,320,30,110,77,0,8.0,6
6,7,280,20,117,73,0,8.0,8
6,7,990,10,127,92,0,3.0,22
6,7,210,20,164,100,0,0.0,25
6,7,210,30,183,119,0,0.0,31
6,7,40,20,191,127,0,0.0,4
6,7,80,20,193,124,0,0.0,23
6,7,140,10,215,127,0,0.0,16
6,7,230,20,214,154,0,0.0,30
6,7,250,20,206,142,0,8.0,2
6,7,210,40,199,147,0,3.0,18
6,7,340,30,111,80,0,6.0,5
6,7,50,60,159,39,0,0.0,13
6,7,50,50,171,98,0,0.0,23
6,7,40,50,208,131,0,2.0,18
6,7,40,40,176,157,0,7.0,19
6,7,230,40,194,148,0,8.0,25
6,7,270,20,135,115,0,8.0,11
6,7,250,40,123,91,0,8.0,2
6,7,240,50,139,76,0,0.0,6
6,7,180,10,134,88,-1,8.0,7
6,7,200,40,113,90,0,2.0,12
6,7,210,30,127,79,0,0.0,13
6,7,200,70,138,109,2,8.0,12
6,7,250,30,153,136,0,8.0,7
6,7,200,30,172,148,-1,8.0,12
6,7,200,60,188,136,0,8.0,11
6,7,230,50,140,89,0,1.0,12
6,7,240,100,133,80,0,8.0,7
6,7,230,90,122,95,-1,8.0,1
6,7,190,60,124,92,0,8.0,-2
6,7,240,60,165,151,-1,8.0,15
6,7,230,30,184,154,0,8.0,7
6,7,240,70,140,102,0,8.0,7
6,7,220,40,124,107,-1,8.0,17
6,7,210,50,107,92,3,8.0,4
6,7,220,40,165,150,0,8.0,7
6,7,90,30,231,161,0,0.0,16
6,7,190,30,267,194,0,0.0,16
6,7,260,30,176,169,-1,8.0,-11
6,7,280,20,131,90,0,8.0,17
6,7,310,30,129,107,0,8.0,4
6,7,990,10,125,56,0,8.0,14
6,7,80,60,94,85,23,8.0,3
6,7,200,60,145,114,0,8.0,-3
6,7,250,20,98,74,0,1.0,4
6,7,180,60,115,107,44,8.0,6
6,7,180,30,153,120,-1,7.0,9
6,7,210,100,162,102,0,0.0,8
6,7,230,90,123,71,0,3.0,12
6,7,200,40,140,88,0,0.0,17
6,7,130,30,136,116,3,8.0,3
6,7,280,20,149,124,0,6.0,12
6,7,350,30,97,91,8,8.0,8
6,7,990,10,126,89,0,7.0,10
6,7,190,50,146,115,4,8.0,-2
6,7,220,60,160,146,-1,8.0,8
6,7,230,80,149,96,0,1.0,13
6,7,230,70,150,138,7,7.0,1
6,7,40,20,154,120,0,1.0,14
6,7,20,30,155,130,-1,8.0,6
6,7,90,30,175,156,0,8.0,25
6,7,210,90,146,102,0,8.0,10
6,7,230,60,141,97,0,8.0,13
6,7,190,80,154,98,0,7.0,12
6,7,240,50,132,116,0,8.0,2
6,7,220,20,151,107,0,1.0,15
6,7,240,50,169,160,0,8.0,5
6,7,130,20,219,172,0,8.0,10
6,7,340,20,193,147,0,8.0,7
6,7,200,40,190,143,0,0.0,11
6,7,320,40,100,85,0,8.0,4
6,7,330,40,98,66,0,1.0,20
6,7,40,50,89,58,0,8.0,3
6,7,50,40,85,54,0,8.0,5
6,7,10,10,148,102,0,0.0,17
6,7,20,20,189,124,0,3.0,17
6,7,50,10,190,115,0,0.0,18
6,7,40,30,149,113,0,0.0,15
6,7,30,60,109,91,0,8.0,4
6,7,340,30,105,76,0,8.0,11
6,7,200,40,130,97,0,1.0,26
6,7,200,70,177,135,0,8.0,8
6,7,210,60,185,162,-1,8.0,19
6,7,220,50,116,94,0,8.0,5
6,7,200,70,158,108,0,5.0,7
6,7,220,60,151,78,0,8.0,10
6,7,70,60,167,108,0,7.0,24
6,7,200,10,227,188,0,0.0,25
6,7,340,10,213,172,0,8.0,9
6,7,170,20,194,190,7,8.0,8
6,7,220,70,160,140,0,8.0,0
6,7,200,60,149,146,63,8.0,12
6,7,230,80,138,108,0,8.0,6
6,7,240,50,133,114,0,8.0,5
6,7,330,30,117,99,0,8.0,9
6,7,230,20,111,86,0,6.0,14
6,7,320,50,109,96,-1,8.0,7
6,7,230,50,116,107,-1,8.0,0
6,7,290,30,143,135,0,8.0,1
6,7,210,30,125,99,0,8.0,12
6,7,50,30,135,74,0,8.0,10
6,7,210,30,136,79,0,0.0,27
6,7,150,10,154,94,0,3.0,25
6,7,170,20,150,117,0,8.0,9
6,7,220,90,107,72,0,8.0,5
6,7,130,20,168,92,0,7.0,15
6,7,180,30,235,152,0,1.0,10
6,7,350,30,198,156,0,7.0,3
6,7,70,40,223,189,0,0.0,22
6,7,110,50,195,167,0,5.0,22
6,7,0,0,153,130,0,8.0,5
6,7,50,30,167,110,0,0.0,9
6,7,20,20,175,133,0,0.0,11
6,7,40,50,151,97,0,8.0,5
6,7,50,40,132,105,0,8.0,3
6,7,50,40,132,75,0,4.0,6
6,7,330,40,139,103,0,8.0,16
6,7,20,30,146,108,0,6.0,12
6,7,310,20,141,102,0,8.0,7
6,7,310,30,138,102,0,8.0,4
6,7,320,20,132,99,0,0.0,10
6,7,340,20,149,105,0,2.0,17
6,7,90,30,148,80,0,8.0,25
6,7,220,30,164,113,0,8.0,21
6,7,40,50,149,90,0,8.0,0
6,7,210,20,142,79,0,2.0,32
6,7,220,40,156,106,-1,7.0,32
6,7,220,30,155,142,0,7.0,9
6,7,250,30,133,119,-1,8.0,9
6,7,290,30,141,113,0,7.0,15
6,7,250,20,122,101,0,7.0,1
6,7,210,90,132,86,-1,8.0,7
6,7,240,60,143,87,0,8.0,5
6,7,80,30,157,102,0,0.0,15
6,7,130,10,238,148,0,0.0,16
6,7,260,30,145,127,0,8.0,7
6,7,990,10,140,69,0,0.0,10
6,7,30,60,123,69,0,1.0,12
6,7,40,80,113,57,0,8.0,7
6,7,40,50,134,88,0,7.0,24
6,7,60,40,177,98,0,,14
6,7,90,50,207,122,0,0.0,25
6,7,220,40,152,143,11,8.0,-1
6,7,290,20,153,97,0,0.0,14
6,7,20,60,118,112,1,8.0,2
6,7,30,40,129,58,0,0.0,10
6,7,200,30,136,72,0,0.0,18
6,7,270,30,154,145,-1,8.0,13
6,7,230,20,116,90,0,8.0,13
6,7,330,30,120,88,0,8.0,14
6,7,220,40,145,125,0,8.0,7
6,7,210,50,121,116,9,8.0,7
6,7,280,30,119,105,0,8.0,7
6,7,240,20,120,88,0,8.0,12
6,7,190,40,167,115,0,8.0,22
6,7,200,40,207,140,0,8.0,8
6,7,240,50,171,138,0,8.0,8
6,7,160,20,185,94,0,0.0,18
6,7,270,20,182,137,0,2.0,12
6,7,150,10,207,143,0,0.0,19
6,7,230,30,153,147,-1,8.0,1
6,7,30,40,169,164,0,8.0,9
6,7,310,20,136,136,0,9.0,3
6,7,300,20,135,135,0,9.0,4
6,7,230,10,156,156,0,9.0,7
6,7,30,10,186,162,0,5.0,20
6,7,20,10,217,181,0,8.0,13
6,7,290,10,173,164,0,7.0,6
6,7,350,20,141,104,0,8.0,12
6,7,70,10,143,86,0,4.0,15
6,7,50,30,165,132,0,8.0,9
6,7,200,20,155,151,1,8.0,6
6,7,230,50,153,139,0,8.0,-16
6,7,220,50,151,125,0,8.0,6
6,7,210,50,146,116,0,8.0,-5
6,7,120,10,155,107,0,8.0,6
6,7,270,30,142,126,0,8.0,28
6,7,240,40,139,133,3,8.0,7
6,7,310,40,127,102,0,8.0,1
6,7,190,60,148,98,0,8.0,15
6,7,200,30,166,155,0,8.0,3
6,7,190,20,184,167,0,8.0,12
6,7,160,20,247,196,0,0.0,14
6,7,250,30,206,194,0,8.0,0
6,7,310,20,155,131,-1,8.0,3
6,7,230,40,133,113,0,8.0,10
6,7,200,50,143,110,0,8.0,7
6,7,200,40,157,137,0,8.0,18
6,7,210,60,140,103,0,8.0,12
6,7,210,60,163,134,0,8.0,6
6,7,70,10,177,117,0,0.0,16
6,7,210,20,210,143,0,2.0,19
6,7,240,30,190,169,0,6.0,14
6,7,220,40,144,122,0,7.0,16
6,7,200,30,155,81,0,6.0,20
6,7,180,60,144,114,1,8.0,7
6,7,230,80,122,79,0,8.0,9
6,7,200,60,162,83,0,8.0,22
6,7,250,30,147,135,9,8.0,0
6,7,230,40,169,96,0,8.0,9
6,7,190,40,217,124,0,8.0,20
6,7,240,50,148,100,0,7.0,14
6,7,230,40,142,105,0,8.0,19
6,7,80,20,184,113,0,0.0,14
6,7,200,30,222,132,0,3.0,28
6,7,270,50,165,115,0,4.0,16
6,7,230,40,158,109,0,8.0,16
6,7,80,20,208,153,0,8.0,13
6,7,110,20,231,128,0,1.0,24
6,7,990,10,227,164,0,0.0,31
6,7,60,40,208,143,0,8.0,25
6,7,200,50,273,163,0,8.0,27
6,7,230,40,186,144,0,6.0,20
6,7,230,70,181,114,0,5.0,3
6,7,240,50,169,151,-1,8.0,11
6,7,250,30,173,140,0,8.0,10
6,7,60,40,161,109,0,8.0,2
6,7,180,30,196,181,0,8.0,4
6,7,230,60,165,137,0,8.0,9
6,7,220,50,168,117,0,8.0,3
6,7,260,20,184,182,18,8.0,-7
6,7,230,40,160,144,0,8.0,7
6,7,990,10,178,151,0,8.0,16
6,7,50,30,200,162,0,8.0,17
6,7,70,30,160,130,0,8.0,6
6,7,70,30,183,150,0,0.0,19
6,7,200,30,200,159,0,8.0,20
6,7,290,20,186,176,0,8.0,3
6,7,320,10,172,164,0,8.0,12
6,7,310,20,188,166,0,8.0,3
6,7,40,50,168,137,0,8.0,13
6,7,30,50,144,118,0,8.0,3
6,7,340,40,138,105,0,8.0,-8
6,7,180,40,159,112,0,8.0,14
6,7,190,20,167,131,0,8.0,16
6,7,260,20,165,123,0,8.0,13
6,7,240,50,157,106,0,8.0,1
6,7,230,60,182,123,0,8.0,7
6,7,230,40,168,144,0,8.0,3
6,7,240,20,196,159,0,7.0,11
6,7,280,40,169,140,0,8.0,-9
6,7,290,50,137,70,0,6.0,-2
6,7,270,20,112,82,0,8.0,19
6,7,310,20,126,112,0,8.0,7
6,7,360,30,141,124,-1,8.0,11
6,7,40,20,124,106,0,8.0,11
6,7,50,20,158,124,0,0.0,24
6,7,60,30,203,115,0,0.0,19
6,7,30,40,194,125,0,0.0,23
6,7,50,30,190,145,0,0.0,19
6,7,200,30,184,127,0,8.0,23
6,7,210,20,232,155,0,4.0,20
6,7,280,30,190,154,0,8.0,6
6,7,60,40,182,115,0,0.0,13
6,7,250,40,175,138,0,8.0,13
6,7,230,50,115,93,0,8.0,17
6,7,80,50,150,101,0,8.0,21
6,7,210,100,133,70,-1,8.0,8
6,7,990,10,153,90,0,8.0,16
6,7,990,10,154,112,0,7.0,25
6,7,240,30,137,105,0,8.0,16
6,7,240,20,134,130,22,8.0,3
6,7,200,70,155,94,0,3.0,9
6,7,190,20,171,112,0,8.0,12
6,7,240,60,160,147,0,8.0,11
6,7,230,40,167,118,0,2.0,16
6,7,130,20,195,128,0,8.0,23
6,7,220,20,208,142,0,7.0,23
6,7,240,50,240,159,0,3.0,1
6,7,240,30,168,133,0,7.0,9
6,7,240,40,146,105,0,1.0,14
6,7,50,40,165,119,0,8.0,15
6,7,100,30,218,150,0,0.0,23
6,7,120,40,251,176,0,7.0,15
6,7,110,20,262,184,0,8.0,25
6,7,310,20,218,183,0,0.0,14
6,7,50,50,155,121,0,5.0,24
6,7,60,40,162,115,0,0.0,14
6,7,100,10,231,112,0,0.0,25
6,7,240,40,253,163,0,0.0,4
6,7,80,40,182,79,0,7.0,23
6,7,290,10,201,67,0,7.0,17
6,7,240,30,172,101,0,8.0,27
6,7,290,30,139,115,0,8.0,1
6,7,210,70,107,84,-1,8.0,6
6,7,230,30,91,76,35,8.0,16
6,7,250,50,130,81,0,5.0,12
6,7,240,30,137,103,0,8.0,9
6,7,10,40,118,93,0,8.0,1
6,7,350,10,110,96,-1,8.0,1
6,7,70,40,144,127,0,8.0,11
6,7,70,30,180,133,0,1.0,20
6,7,170,20,182,145,0,0.0,14
6,7,230,40,174,128,0,8.0,6
6,7,200,30,174,160,0,8.0,17
6,7,210,30,180,132,0,8.0,21
6,7,80,20,196,142,0,8.0,7
6,7,220,40,172,138,0,8.0,8
6,7,200,30,169,133,0,8.0,14
6,7,250,20,166,100,0,0.0,10
6,7,200,40,194,127,0,8.0,10
6,7,230,30,137,125,0,8.0,9
6,7,990,10,196,122,0,0.0,23
6,7,60,30,214,134,0,0.0,16
6,7,90,50,216,128,0,0.0,15
6,7,120,30,230,146,0,0.0,17
6,7,220,30,196,152,0,8.0,6
6,7,230,40,156,117,-1,8.0,6
6,7,230,40,140,109,0,8.0,20
6,7,230,60,157,99,0,8.0,19
6,7,360,51,93,24,0,7.0,10
6,7,30,21,94,46,0,6.0,17
6,7,260,46,95,66,-1,8.0,-4
6,7,260,41,88,46,0,3.0,9
6,7,220,21,97,49,0,6.0,8
6,7,160,26,116,65,-1,8.0,4
6,7,150,21,127,104,0,7.0,8
6,7,360,51,108,84,0,4.0,6
6,7,190,67,139,107,-1,8.0,-3
6,7,210,67,130,89,1,7.0,7
6,7,260,62,132,61,0,2.0,8
6,7,200,57,150,83,-1,7.0,-11
6,7,220,67,132,87,0,7.0,7
6,7,230,51,119,82,0,7.0,5
6,7,150,36,96,84,13,8.0,2
6,7,280,51,119,72,0,6.0,5
6,7,200,10,122,51,0,1.0,11
6,7,210,26,108,96,13,7.0,10
6,7,210,57,102,85,-1,7.0,-1
6,7,170,15,114,108,1,8.0,6
6,7,190,21,122,116,0,5.0,17
6,7,230,51,148,100,0,6.0,12
6,7,240,51,151,90,0,6.0,8
6,7,270,51,145,118,0,6.0,3
6,7,240,31,155,144,-1,8.0,4
6,7,220,51,146,126,-1,8.0,10
6,7,70,15,120,107,40,8.0,11
6,7,300,51,129,97,0,7.0,2
6,7,280,31,119,98,0,7.0,14
6,7,210,41,135,107,-1,7.0,12
6,7,70,26,169,103,0,7.0,5
6,7,270,31,171,165,0,5.0,21
6,7,240,36,142,131,0,7.0,9
6,7,310,15,133,119,10,8.0,1
6,7,190,36,130,125,-1,8.0,2
6,7,170,21,157,144,0,7.0,8
6,7,240,26,144,128,-1,8.0,2
6,7,20,26,146,141,0,7.0,17
6,7,290,15,141,139,0,4.0,24
6,7,60,51,169,152,0,1.0,13
6,7,50,41,140,73,0,1.0,10
6,7,10,31,143,74,0,4.0,21
6,7,40,21,167,128,0,0.0,20
6,7,280,15,176,158,0,6.0,19
6,7,230,15,195,127,0,1.0,27
6,7,30,72,169,145,0,7.0,1
6,7,40,77,131,73,0,7.0,6
6,7,350,21,129,78,0,7.0,6
6,7,310,21,114,95,0,7.0,13
6,7,40,67,161,108,0,7.0,20
6,7,20,31,144,110,0,7.0,2
6,7,220,26,128,128,0,7.0,6
6,7,60,36,146,104,0,5.0,15
6,7,40,51,140,96,0,7.0,17
6,7,30,51,148,125,0,6.0,19
6,7,30,41,159,136,0,3.0,9
6,7,20,26,172,143,0,1.0,21
6,7,50,15,184,147,0,2.0,29
6,7,170,36,222,119,0,3.0,22
6,7,130,31,214,128,0,3.0,20
6,7,240,31,142,106,0,7.0,12
6,7,130,26,181,144,0,7.0,25
6,7,280,21,142,140,3,8.0,3
6,7,30,31,135,116,0,8.0,11
6,7,50,15,181,152,0,7.0,14
6,7,50,31,166,135,0,4.0,10
6,7,240,10,182,143,0,0.0,17
6,7,110,26,189,135,0,3.0,22
6,7,100,41,209,145,0,0.0,20
6,7,140,15,228,175,0,3.0,18
6,7,190,77,193,173,0,6.0,-9
6,7,200,82,137,101,0,8.0,1
6,7,360,26,132,113,0,7.0,9
6,7,250,21,125,91,0,8.0,2
6,7,40,51,130,85,0,4.0,9
6,7,210,41,121,121,3,8.0,8
6,7,250,31,139,136,0,7.0,14
6,7,210,41,139,119,-1,8.0,8
6,7,250,36,152,142,0,8.0,5
6,7,290,31,168,119,0,2.0,6
6,7,10,15,142,115,0,2.0,13
6,7,10,21,134,129,0,6.0,24
6,7,10,26,143,115,0,7.0,16
6,7,340,31,122,89,-1,5.0,10
6,7,200,15,112,93,0,7.0,20
6,7,140,31,130,96,-1,8.0,12
6,7,280,41,165,150,0,5.0,8
6,7,350,46,146,98,0,7.0,1
6,7,100,57,174,127,0,1.0,20
6,7,50,26,183,127,0,0.0,21
6,7,170,36,158,88,0,1.0,21
6,7,250,31,176,168,-1,8.0,5
6,7,210,51,145,120,-1,6.0,10
6,7,230,72,120,83,0,6.0,7
6,7,310,57,131,92,0,5.0,-10
6,7,200,31,116,102,0,8.0,7
6,7,230,46,133,133,-1,8.0,-2
6,7,220,15,119,117,-1,8.0,2
6,7,270,41,118,92,0,2.0,7
6,7,280,41,110,98,33,7.0,24
6,7,340,41,115,80,0,6.0,1
6,7,50,31,129,115,0,4.0,13
6,7,30,31,129,104,0,3.0,13
6,7,320,10,149,115,0,1.0,14
6,7,990,15,137,97,0,3.0,9
6,7,300,51,149,107,0,7.0,2
6,7,20,15,123,115,1,8.0,5
6,7,230,36,169,105,0,7.0,14
6,7,250,41,148,128,0,7.0,9
6,7,240,15,157,141,0,8.0,1
6,7,250,46,162,122,0,1.0,19
6,7,260,51,160,154,5,7.0,9
6,7,330,15,162,74,0,1.0,11
6,7,110,51,168,97,0,1.0,26
6,7,150,46,228,151,0,4.0,12
6,7,200,10,186,162,0,3.0,17
6,7,240,21,159,119,0,6.0,15
6,7,0,0,193,165,0,2.0,26
6,7,220,41,230,175,0,7.0,10
6,7,140,21,178,135,0,1.0,16
6,7,320,31,138,110,0,5.0,-2
6,7,240,21,124,98,0,7.0,7
6,7,220,31,145,105,0,7.0,16
6,7,220,41,128,119,0,8.0,4
6,7,360,26,129,124,0,7.0,10
6,7,350,31,131,97,0,7.0,7
6,7,200,51,128,110,-1,8.0,0
6,7,220,36,94,91,8,4.0,19
6,7,230,31,97,94,5,8.0,0
6,7,240,31,112,103,0,7.0,7
6,7,250,26,115,94,0,7.0,3
6,7,30,21,120,109,0,7.0,4
6,7,360,21,112,91,0,5.0,17
6,7,330,41,128,102,0,7.0,6
6,7,240,31,102,100,5,8.0,8
6,7,260,31,106,104,-1,8.0,3
6,7,230,36,127,119,6,8.0,8
6,7,250,31,146,143,0,8.0,11
6,7,230,36,151,126,0,2.0,16
6,7,190,21,217,155,0,5.0,-6
6,7,270,36,180,154,0,4.0,16
6,7,330,51,137,90,0,2.0,3
6,7,360,46,130,105,0,7.0,13
6,7,360,51,136,108,0,7.0,5
6,7,10,26,164,142,0,7.0,21
6,7,360,21,139,139,0,8.0,9
6,7,50,36,203,167,0,2.0,22
6,7,50,26,234,178,0,1.0,18
6,7,30,31,190,123,0,1.0,22
6,7,40,15,189,150,0,1.0,26
6,7,210,41,119,95,0,7.0,11
6,7,190,10,114,67,0,7.0,19
6,7,150,26,140,108,0,0.0,19
6,7,250,31,153,85,0,7.0,12
6,7,140,31,199,109,0,0.0,26
6,7,170,26,220,134,0,2.0,29
6,7,170,36,248,180,0,3.0,23
6,7,220,51,268,194,0,7.0,-57
6,7,240,41,154,136,0,7.0,2
6,7,180,31,185,152,0,0.0,21
6,7,240,26,183,157,0,2.0,18
6,7,280,46,173,142,0,7.0,-2
6,7,300,41,153,88,0,1.0,13
6,7,10,21,130,89,0,3.0,13
6,7,70,31,131,65,0,1.0,14
6,7,10,15,150,106,0,3.0,15
6,7,200,21,172,125,0,4.0,27
6,7,340,21,167,123,0,5.0,11
6,7,310,46,123,84,0,7.0,5
6,7,350,10,123,72,0,7.0,2
6,7,300,51,123,59,0,5.0,9
6,7,340,36,123,105,0,7.0,5
6,7,320,41,120,85,0,7.0,2
6,7,310,36,125,80,0,7.0,10
6,7,0,0,125,97,0,8.0,3
6,7,210,21,143,109,0,7.0,15
6,7,220,10,151,133,-1,8.0,8
6,7,230,31,167,140,0,7.0,27
6,7,280,41,122,116,1,7.0,20
6,7,240,36,135,109,0,7.0,-2
6,7,80,80,117,40,0,1.0,17
6,7,80,70,153,90,0,1.0,14
6,7,60,30,156,84,0,2.0,27
6,7,10,10,158,106,0,1.0,28
6,7,90,30,192,107,0,7.0,17
6,7,0,0,204,152,-1,7.0,14
6,7,160,50,232,167,0,7.0,18
6,7,200,10,168,162,0,7.0,3
6,7,260,30,145,129,0,6.0,11
6,7,100,30,192,138,0,1.0,20
6,7,100,40,202,141,0,7.0,2
6,7,200,30,165,160,0,7.0,12
6,7,220,20,167,152,0,6.0,14
6,7,240,30,152,139,0,7.0,6
6,7,300,30,140,110,0,7.0,12
6,7,90,20,137,90,0,4.0,17
6,7,60,40,133,86,0,4.0,12
6,7,990,10,142,82,0,1.0,9
6,7,160,40,149,91,0,7.0,18
6,7,230,40,134,118,0,7.0,16
6,7,200,50,147,136,-1,7.0,13
6,7,200,60,137,99,0,6.0,9
6,7,250,30,135,130,-1,7.0,-2
6,7,300,40,129,95,0,7.0,6
6,7,180,60,133,90,0,7.0,18
6,7,110,30,130,130,-1,8.0,7
6,7,170,40,158,136,0,7.0,6
6,7,170,40,141,130,0,7.0,15
6,7,10,20,156,134,0,7.0,13
6,7,260,30,142,136,-1,8.0,3
6,7,230,20,156,132,0,6.0,12
6,7,150,30,166,130,-1,7.0,33
6,7,200,50,163,121,0,1.0,10
6,7,240,40,143,123,0,5.0,7
6,7,60,50,133,116,0,7.0,16
6,7,190,50,158,158,-1,8.0,5
6,7,230,20,144,140,11,8.0,4
6,7,230,50,150,119,0,7.0,5
6,7,200,60,158,146,-1,8.0,-1
6,7,220,30,157,140,-1,7.0,8
6,7,190,40,142,131,0,7.0,-11
6,7,310,40,99,93,4,8.0,8
6,7,170,40,118,81,0,3.0,16
6,7,150,30,122,121,-1,8.0,15
6,7,180,40,138,136,0,7.0,9
6,7,220,20,142,140,0,7.0,-1
6,7,270,40,138,105,0,7.0,8
6,7,230,40,133,128,-1,8.0,-5
6,7,240,30,163,148,0,7.0,13
6,7,170,20,215,183,0,7.0,25
6,7,160,40,233,179,0,7.0,31
6,7,260,60,171,130,0,2.0,6
6,7,230,40,149,125,0,7.0,18
6,7,200,20,161,154,7,8.0,3
6,7,180,50,225,168,0,5.0,-5
6,7,200,20,151,119,-1,7.0,22
6,7,180,50,173,121,0,7.0,19
6,7,230,40,147,125,0,7.0,8
6,7,240,40,155,127,0,7.0,1
6,7,200,40,128,126,-1,8.0,8
6,7,30,20,156,124,0,3.0,22
6,7,100,40,174,140,0,7.0,21
6,7,220,50,156,112,0,5.0,13
6,7,230,50,134,118,-1,8.0,20
6,7,170,40,107,101,15,8.0,-3
6,7,180,80,135,100,0,7.0,14
6,7,160,30,129,106,0,7.0,16
6,7,230,40,119,99,0,7.0,17
6,7,230,30,126,97,0,1.0,11
6,7,250,20,146,122,0,7.0,18
6,7,280,40,109,102,7,8.0,12
6,7,200,20,123,100,0,7.0,14
6,7,100,20,136,111,0,7.0,-7
6,7,40,30,150,121,0,3.0,24
6,7,20,40,168,116,0,7.0,24
6,7,90,20,187,137,0,2.0,17
6,7,260,20,206,149,0,1.0,7
6,7,10,30,134,76,0,6.0,14
6,7,170,20,155,93,0,2.0,13
6,7,220,50,158,127,0,8.0,3
6,7,290,20,131,101,0,7.0,-9
6,7,250,20,135,78,0,2.0,13
6,7,180,20,141,100,0,6.0,13
6,7,80,10,158,113,0,7.0,9
6,7,60,40,138,90,0,0.0,16
6,7,100,40,161,91,0,1.0,17
6,7,200,50,184,158,0,7.0,2
6,7,190,60,152,113,0,3.0,-1
6,7,190,70,155,143,7,8.0,0
6,7,240,20,162,154,6,7.0,10
6,7,210,40,145,115,-1,8.0,2
6,7,230,20,157,137,0,7.0,11
6,7,100,20,180,147,0,7.0,29
6,7,250,30,160,150,0,8.0,6
6,7,10,20,129,110,-1,7.0,7
6,7,260,30,124,104,0,7.0,9
6,7,290,60,132,98,0,7.0,7
6,7,140,40,146,97,0,1.0,17
6,7,160,40,199,130,0,0.0,21
6,7,290,30,163,137,0,7.0,5
6,7,250,30,137,102,0,4.0,22
6,7,240,30,134,111,0,7.0,12
6,7,240,30,161,135,0,7.0,15
6,7,240,30,162,139,0,7.0,20
6,7,300,40,157,146,2,7.0,-1
6,7,40,30,138,82,0,7.0,8
6,7,150,30,136,71,0,1.0,16
6,7,210,30,197,114,0,3.0,25
6,7,180,50,236,134,0,0.0,22
6,7,170,30,254,183,0,3.0,26
6,7,240,40,219,159,0,2.0,15
6,7,200,20,167,133,-1,7.0,-21
6,7,230,50,154,112,0,7.0,10
6,7,250,40,138,99,0,7.0,-12
6,7,250,30,136,114,0,5.0,-11
6,7,300,40,132,83,0,7.0,2
6,7,20,30,135,78,0,1.0,18
6,7,990,10,125,76,0,7.0,17
6,7,300,30,139,64,0,2.0,13
6,7,990,10,131,75,0,7.0,8
6,7,280,40,140,78,0,3.0,10
6,7,240,50,126,121,7,8.0,3
6,7,300,60,110,72,-1,6.0,-2
6,7,250,30,108,86,0,8.0,21
6,7,210,20,152,99,0,6.0,12
6,7,170,20,143,123,2,7.0,11
6,7,240,40,113,106,12,8.0,-4
6,7,250,20,133,106,0,7.0,-1
6,7,110,20,122,62,0,6.0,6
6,7,20,10,114,89,1,8.0,15
6,7,320,40,135,96,0,6.0,10
6,7,240,30,122,92,0,7.0,18
6,7,30,10,127,110,0,7.0,27
6,7,70,20,143,105,0,0.0,16
6,7,180,60,193,130,0,5.0,10
6,7,190,40,171,122,0,3.0,20
6,7,190,40,148,138,-1,8.0,10
6,7,320,30,144,120,0,7.0,-2
6,7,330,20,125,68,0,2.0,17
6,7,190,40,155,100,0,3.0,26
6,7,320,40,166,111,0,6.0,14
6,7,290,70,156,98,0,7.0,3
6,7,80,20,153,108,0,4.0,-2
6,7,160,20,180,116,0,1.0,27
6,7,20,40,172,138,0,3.0,23
6,7,80,40,183,126,0,5.0,30
6,7,30,20,193,176,3,7.0,8
6,7,260,50,175,143,0,4.0,6
6,7,240,30,180,140,0,1.0,17
6,7,990,10,192,146,0,7.0,18
6,7,80,30,136,85,0,,9
6,7,120,40,157,91,0,,28
6,7,140,40,177,95,0,7.0,27
6,7,180,20,149,118,0,6.0,16
6,7,80,40,181,161,1,7.0,19
6,7,180,40,147,119,0,8.0,5
6,7,260,30,154,128,0,7.0,7
6,7,170,30,163,118,0,,17
6,7,250,20,171,126,0,,20
6,7,210,40,129,106,0,6.0,8
6,7,200,40,131,108,0,7.0,-3
6,7,210,50,150,141,1,8.0,0
6,7,240,30,125,100,-1,8.0,-1
6,7,250,30,164,148,0,8.0,8
6,7,280,70,153,141,0,,3
6,7,180,30,161,149,2,,3
6,7,170,30,225,178,0,5.0,27
6,7,180,40,265,205,0,3.0,18
6,7,230,20,162,135,0,4.0,18
6,7,40,20,157,151,12,8.0,4
6,7,990,10,139,125,0,8.0,10
6,7,230,20,187,129,0,,12
6,7,250,30,164,132,0,,8
6,7,320,40,170,124,0,2.0,12
6,7,210,30,164,117,0,1.0,18
6,7,240,20,168,117,0,1.0,20
6,7,310,50,162,97,0,4.0,13
6,7,300,60,159,91,0,4.0,6
6,7,240,30,142,99,0,,17
6,7,230,30,147,116,0,,22
6,7,150,20,205,170,0,1.0,21
6,7,150,30,231,178,0,1.0,11
6,7,140,30,189,162,0,0.0,9
6,7,190,30,218,187,0,2.0,19
6,7,280,30,152,130,1,7.0,7
6,7,220,20,172,118,0,2.0,22
6,7,140,30,184,125,0,6.0,32
6,7,140,20,216,169,0,1.0,33
6,7,240,40,147,118,0,3.0,13
6,7,150,30,194,141,0,2.0,18
6,7,260,50,179,118,0,0.0,9
6,7,150,30,196,155,0,0.0,20
6,7,190,20,184,142,0,1.0,13
6,7,40,30,167,125,0,8.0,8
6,7,80,30,170,116,0,1.0,15
6,7,90,10,182,131,0,1.0,13
6,7,120,20,192,134,0,0.0,23
6,7,240,30,173,153,0,8.0,28
6,7,250,40,181,154,0,8.0,6
6,7,310,50,169,98,0,,8
6,7,250,30,161,107,0,,8
6,7,140,40,176,112,0,,31
6,7,140,30,203,178,0,,17
6,7,270,30,181,128,0,4.0,8
6,7,50,30,169,122,0,1.0,5
6,7,60,50,165,112,0,7.0,6
6,7,120,30,196,125,0,2.0,15
6,7,250,40,187,159,0,8.0,-1
6,7,50,20,177,151,0,1.0,21
6,7,990,10,184,137,-1,7.0,-5
6,7,110,30,159,115,0,1.0,20
6,7,360,50,160,144,0,7.0,-5
6,7,360,40,132,108,0,8.0,7
6,7,240,30,124,122,1,8.0,4
6,7,310,30,138,115,0,8.0,13
6,7,120,10,150,102,0,0.0,4
6,7,200,20,193,139,0,1.0,18
6,7,190,30,231,164,0,0.0,18
6,7,260,20,195,150,0,1.0,6
6,7,260,20,184,144,0,8.0,13
6,7,250,30,160,143,0,8.0,8
6,7,300,60,150,112,0,7.0,3
6,7,10,50,128,88,0,8.0,12
6,7,220,30,145,120,0,1.0,23
6,7,290,30,198,163,0,0.0,14
6,7,310,40,145,100,0,8.0,13
6,7,250,60,189,133,0,1.0,-4
6,7,280,20,153,117,0,8.0,3
6,7,320,40,132,80,0,7.0,5
6,7,250,40,125,83,0,4.0,12
6,7,200,40,110,101,1,8.0,10
6,7,220,20,146,121,0,3.0,14
6,7,240,50,147,131,11,8.0,26
6,7,240,80,147,90,0,8.0,13
6,7,240,40,129,112,0,8.0,1
6,7,170,40,164,93,0,0.0,15
6,7,220,30,163,155,2,8.0,18
6,7,280,60,163,122,0,6.0,10
6,7,250,40,162,125,0,1.0,10
6,7,220,30,159,121,0,7.0,18
6,7,120,20,121,60,0,0.0,10
6,7,240,30,151,135,0,8.0,3
6,7,200,40,197,145,0,7.0,12
6,7,220,40,123,105,1,8.0,2
6,7,240,40,133,119,1,8.0,5
6,7,30,40,122,93,0,8.0,8
6,7,350,50,110,44,0,7.0,12
6,7,30,40,114,56,0,2.0,12
6,7,70,20,133,62,0,0.0,14
6,7,190,20,150,96,0,0.0,10
6,7,310,40,119,42,0,7.0,-4
6,7,270,30,119,71,0,1.0,-7
6,7,270,40,107,86,0,8.0,-6
6,7,240,30,141,70,0,0.0,13
6,7,170,40,173,86,0,0.0,21
6,7,220,50,170,110,0,1.0,17
6,7,250,40,184,166,0,8.0,8
6,7,70,30,189,164,0,8.0,19
6,7,140,40,208,105,0,0.0,25
6,7,170,20,251,142,0,0.0,24
6,7,290,30,194,159,0,2.0,15
6,7,990,10,205,130,0,0.0,9
6,7,150,30,231,135,0,0.0,23
6,7,240,10,245,178,0,0.0,34
6,7,270,20,201,180,0,8.0,2
6,7,50,40,149,113,0,8.0,10
6,7,70,20,179,118,0,0.0,20
6,7,60,40,182,106,0,0.0,9
6,7,70,30,169,153,0,8.0,21
6,7,210,40,184,159,0,1.0,12
6,7,310,50,94,45,0,8.0,5
6,7,360,30,107,68,0,8.0,12
6,7,260,30,138,69,0,8.0,-7
6,7,40,30,110,89,0,8.0,17
6,7,350,30,137,83,0,8.0,7
6,7,30,30,116,76,0,7.0,-3
6,7,990,10,135,102,0,3.0,6
6,7,0,0,167,117,0,0.0,19
6,7,110,10,199,126,0,0.0,17
6,7,120,20,206,135,0,0.0,31
6,7,130,40,221,135,0,0.0,25
6,7,140,40,216,110,0,0.0,18
6,7,120,10,246,175,0,2.0,17
6,7,10,10,197,181,0,8.0,11
6,7,360,20,130,125,1,8.0,4
6,7,290,20,133,95,0,5.0,9
6,7,990,10,160,101,0,0.0,6
6,7,130,10,205,152,0,0.0,19
6,7,230,30,199,186,2,8.0,11
6,7,250,30,187,129,0,1.0,11
6,7,220,50,163,122,-1,8.0,-1
6,7,230,50,149,109,0,4.0,7
6,7,240,20,152,110,0,0.0,16
6,7,140,10,169,116,0,7.0,18
6,7,20,50,202,141,0,7.0,1
6,7,210,30,171,168,-1,8.0,3
6,7,210,10,137,117,0,8.0,2
6,7,30,30,142,115,0,8.0,14
6,7,40,40,153,111,0,0.0,16
6,7,80,10,195,143,0,0.0,23
6,7,60,10,152,152,0,4.0,21
6,7,30,20,178,150,0,0.0,19
6,7,20,30,146,145,0,7.0,5
6,7,80,40,188,147,0,5.0,10
6,7,40,50,177,158,0,7.0,15
6,7,30,40,160,150,0,8.0,7
6,7,30,50,184,167,0,2.0,14
6,7,100,30,240,199,0,2.0,18
6,7,260,10,155,152,-1,8.0,0
6,7,350,30,157,152,0,8.0,5
6,7,50,10,182,167,0,7.0,4
6,7,280,30,139,139,0,8.0,3
6,7,220,30,152,139,0,8.0,9
6,7,160,20,206,171,0,8.0,20
6,7,210,40,181,174,-1,8.0,8
6,7,220,40,167,142,0,7.0,-2
6,7,220,50,155,129,0,8.0,7
6,7,270,30,161,156,0,8.0,4
6,7,120,10,186,142,0,0.0,17
6,7,230,40,193,182,0,8.0,5
6,7,80,40,193,134,0,7.0,8
6,7,210,30,161,141,0,7.0,22
6,7,230,40,147,135,0,8.0,11
6,7,220,40,166,138,0,2.0,8
6,7,170,60,185,165,0,7.0,-6
6,7,280,40,147,133,0,7.0,-4
6,7,260,50,134,88,0,0.0,13
6,7,270,50,144,100,0,1.0,6
6,7,200,50,152,121,-1,8.0,11
6,7,250,40,163,140,0,8.0,8
6,7,40,20,145,138,-1,8.0,8
6,7,30,20,202,167,0,8.0,8
6,7,200,40,180,173,1,8.0,2
6,7,300,20,167,155,0,8.0,-4
6,7,360,30,143,135,0,8.0,2
6,7,340,20,152,139,0,8.0,21
6,7,180,30,146,137,0,8.0,0
6,7,990,10,146,134,0,8.0,5
6,7,50,20,203,135,0,0.0,21
6,7,290,30,206,132,0,0.0,10
6,7,280,40,156,109,0,8.0,1
6,7,140,20,115,110,17,8.0,-1
6,7,300,40,120,73,0,7.0,4
6,7,250,30,118,88,0,8.0,24
6,7,220,30,117,96,0,7.0,13
6,7,350,10,137,84,0,5.0,-3
6,7,90,30,145,84,0,0.0,12
6,7,230,40,154,96,0,0.0,16
6,7,210,60,163,102,-1,8.0,-25
6,7,220,40,146,115,0,3.0,22
6,7,240,20,155,118,-1,8.0,10
6,7,170,40,219,175,0,7.0,28
6,7,260,60,157,105,0,3.0,12
6,7,70,40,157,101,0,0.0,13
6,7,140,10,168,120,-1,7.0,4
6,7,260,30,165,120,0,0.0,22
6,7,290,70,157,122,-1,6.0,16
6,7,230,40,162,158,1,8.0,2
6,7,230,30,167,135,0,7.0,6
6,7,260,30,175,138,0,0.0,20
6,7,20,40,191,153,0,0.0,17
6,7,360,50,147,109,0,7.0,17
6,7,360,50,126,75,0,7.0,11
6,7,290,30,114,43,-1,8.0,-14
6,7,0,0,102,68,-1,8.0,30
6,7,70,50,120,50,0,2.0,17
6,7,100,40,128,81,0,6.0,11
6,7,240,30,113,95,0,7.0,21
6,7,210,60,155,116,0,5.0,6
6,7,260,30,137,120,0,8.0,5
6,7,310,60,130,124,13,8.0,6
6,7,300,40,140,90,0,0.0,13
6,7,190,20,148,81,0,1.0,16
6,7,240,30,153,146,21,8.0,3
6,7,110,20,150,134,0,8.0,19
6,7,240,40,154,133,0,8.0,5
6,7,160,30,164,134,0,0.0,19
6,7,290,30,172,131,0,7.0,8
6,7,280,50,157,106,0,2.0,-2
6,7,310,50,151,93,0,4.0,5
6,7,10,20,134,112,1,8.0,11
6,7,350,10,134,97,0,8.0,18
6,7,40,40,148,111,0,1.0,18
6,7,50,60,174,105,0,0.0,22
6,7,70,50,187,125,0,2.0,14
6,7,60,40,200,164,0,2.0,-5
6,7,260,20,174,172,0,8.0,7
6,7,310,20,177,175,0,8.0,8
6,7,290,10,163,160,0,8.0,8
6,7,10,30,184,177,0,8.0,32
6,7,230,20,94,93,0,9.0,15
6,7,10,20,141,103,0,0.0,24
6,7,50,40,152,79,0,0.0,17
6,7,80,30,165,84,0,0.0,14
6,7,990,10,195,119,0,0.0,25
6,7,140,10,220,119,0,7.0,34
6,7,230,40,150,128,0,8.0,16
6,7,150,30,154,122,-1,8.0,6
6,7,160,20,171,158,1,8.0,2
6,7,80,30,189,170,0,8.0,4
6,7,210,70,189,154,0,8.0,1
6,7,280,20,145,111,0,1.0,22
6,7,990,10,127,95,0,7.0,3
6,7,60,30,156,103,0,1.0,21
6,7,50,60,140,65,0,1.0,7
6,7,40,60,132,88,0,1.0,17
6,7,30,50,164,101,0,1.0,30
6,7,360,60,128,85,0,8.0,13
6,7,310,40,119,71,0,7.0,6
6,7,350,50,102,83,-1,8.0,15
6,7,300,30,131,100,-1,6.0,10
6,7,50,10,140,75,0,0.0,13
6,7,170,10,189,95,0,0.0,20
6,7,990,10,206,127,0,5.0,19
6,7,990,10,186,129,0,2.0,14
6,7,50,10,198,123,0,0.0,24
6,7,100,10,215,115,0,0.0,36
6,7,280,10,239,143,0,0.0,22
6,7,230,20,201,135,0,0.0,21
6,7,200,40,208,159,0,1.0,18
6,7,350,40,130,80,0,0.0,17
6,7,80,20,158,47,0,1.0,21
6,7,60,50,172,124,0,0.0,26
6,7,80,50,214,142,0,0.0,21
6,7,20,40,137,131,47,8.0,6
6,7,30,10,164,155,-1,8.0,6
6,7,210,20,135,118,0,8.0,7
6,7,250,40,125,108,0,6.0,5
6,7,220,30,139,102,0,2.0,11
6,7,100,10,144,90,0,8.0,15
6,7,220,40,116,94,0,8.0,-10
6,7,250,30,129,83,0,0.0,18
6,7,200,60,154,117,-1,8.0,8
6,7,990,10,164,138,0,5.0,12
6,7,180,20,178,141,0,8.0,10
6,7,200,50,179,151,-1,7.0,-14
6,7,210,40,141,103,0,1.0,15
6,7,220,70,141,101,0,8.0,3
6,7,240,30,128,119,11,8.0,16
6,7,200,40,146,102,0,2.0,-7
6,7,230,40,171,158,-1,8.0,0
6,7,250,20,162,102,0,8.0,2
6,7,230,30,147,114,0,8.0,17
6,7,250,30,145,110,0,8.0,-4
6,7,220,50,113,104,7,8.0,3
6,7,250,30,162,155,0,8.0,7
6,7,140,40,222,174,0,0.0,26
6,7,170,40,265,196,0,2.0,-6
6,7,280,50,162,156,-1,8.0,-7
6,7,280,10,149,100,0,8.0,10
6,7,310,30,140,110,0,8.0,8
6,7,30,20,126,65,0,2.0,5
6,7,80,60,82,77,40,8.0,3
6,7,80,40,88,85,21,8.0,3
6,7,290,20,113,60,0,1.0,2
6,7,150,40,115,110,10,8.0,5
6,7,180,30,152,119,0,8.0,10
6,7,210,60,156,111,0,7.0,15
6,7,220,80,128,75,0,6.0,4
6,7,210,30,140,89,0,0.0,10
6,7,90,30,153,115,-1,7.0,12
6,7,360,20,142,138,7,8.0,-3
6,7,340,30,116,72,0,8.0,8
6,7,50,20,128,71,0,1.0,6
6,7,160,40,137,123,20,8.0,1
6,7,210,40,157,143,0,6.0,12
6,7,230,50,150,100,0,7.0,5
6,7,360,50,130,127,111,8.0,21
6,7,990,10,149,110,0,7.0,19
6,7,10,40,165,137,0,8.0,12
6,7,120,40,176,152,0,3.0,19
6,7,210,60,152,106,0,8.0,5
6,7,230,50,146,100,0,6.0,9
6,7,210,50,139,115,7,8.0,3
6,7,260,40,155,119,0,7.0,4
6,7,230,10,156,110,0,0.0,16
6,7,250,30,174,160,0,8.0,5
6,7,120,30,206,179,-1,8.0,17
6,7,220,10,177,118,-1,7.0,11
6,7,210,50,190,132,0,0.0,11
6,7,340,40,99,89,0,8.0,5
6,7,350,50,118,60,0,0.0,16
6,7,360,50,105,66,0,8.0,9
6,7,30,50,101,70,0,8.0,11
6,7,20,30,145,94,0,0.0,22
6,7,30,30,151,101,0,0.0,25
6,7,20,30,168,127,0,0.0,27
6,7,30,60,140,96,0,0.0,16
6,7,30,70,120,73,0,8.0,5
6,7,20,30,115,69,0,8.0,3
6,7,150,30,135,98,0,2.0,21
6,7,190,50,178,140,0,8.0,14
6,7,260,30,175,152,0,8.0,7
6,7,230,40,131,100,0,8.0,14
6,7,200,60,163,106,0,8.0,4
6,7,250,40,144,75,0,0.0,10
6,7,70,40,177,98,0,1.0,27
6,7,170,20,221,162,0,3.0,17
6,7,200,20,194,179,2,8.0,7
6,7,150,20,196,169,-1,8.0,6
6,7,250,50,151,144,35,8.0,3
6,7,200,50,176,138,0,7.0,8
6,7,210,50,130,117,3,8.0,2
6,7,260,40,138,109,0,8.0,-8
6,7,340,20,128,95,0,8.0,9
6,7,310,20,131,100,0,5.0,7
6,7,310,40,129,96,0,6.0,10
6,7,250,30,126,121,1,8.0,-3
6,7,310,50,141,135,0,8.0,0
6,7,220,30,145,104,0,8.0,15
6,7,340,20,144,70,0,5.0,8
6,7,180,20,142,95,0,0.0,24
6,7,210,10,147,94,0,7.0,13
6,7,150,30,147,129,-1,8.0,1
6,7,220,60,114,83,2,7.0,5
6,7,150,20,159,91,0,0.0,17
6,7,120,20,204,135,0,0.0,29
6,7,30,10,193,163,0,7.0,-5
6,7,100,40,217,188,0,1.0,18
6,7,180,30,210,171,0,0.0,11
6,7,310,30,176,132,0,0.0,12
6,7,120,20,164,120,0,5.0,17
6,7,30,30,177,119,0,0.0,11
6,7,10,40,161,93,0,7.0,6
6,7,340,50,149,100,0,8.0,7
6,7,350,30,145,97,0,8.0,5
6,7,360,50,147,110,0,8.0,7
6,7,360,20,148,120,0,8.0,-2
6,7,340,30,151,103,0,8.0,0
6,7,300,30,139,106,0,6.0,16
6,7,310,30,155,105,0,1.0,9
6,7,360,30,162,120,0,0.0,13
6,7,990,10,159,105,0,0.0,11
6,7,270,30,182,122,0,0.0,12
6,7,30,40,156,96,0,2.0,-4
6,7,270,20,163,105,0,7.0,14
6,7,990,10,161,128,-1,7.0,16
6,7,200,30,159,135,0,6.0,5
6,7,260,20,155,127,0,6.0,6
6,7,320,50,165,106,0,3.0,-40
6,7,240,30,119,83,0,8.0,9
6,7,210,70,117,98,3,8.0,6
6,7,250,50,145,94,0,4.0,9
6,7,100,40,158,79,0,0.0,12
6,7,160,30,213,130,0,0.0,28
6,7,280,40,150,115,0,8.0,12
6,7,990,10,146,98,0,0.0,17
6,7,50,60,122,65,0,2.0,15
6,7,60,70,125,64,0,5.0,-9
6,7,20,40,135,99,0,0.0,24
6,7,60,40,163,86,0,0.0,20
6,7,100,40,205,118,0,0.0,21
6,7,220,50,165,122,-1,8.0,-13
6,7,240,20,150,126,0,7.0,12
6,7,50,60,125,75,0,7.0,13
6,7,50,40,123,48,0,2.0,1
6,7,200,50,156,71,0,0.0,15
6,7,280,50,159,131,0,6.0,1
6,7,250,30,122,111,-1,8.0,0
6,7,360,40,134,84,0,5.0,4
6,7,220,30,148,129,0,8.0,4
6,7,220,30,122,111,-1,8.0,5
6,7,310,40,138,100,0,4.0,12
6,7,240,20,135,100,0,7.0,9
6,7,250,20,181,115,0,1.0,10
6,7,210,20,182,144,0,6.0,22
6,7,270,30,176,150,0,7.0,16
6,7,190,30,190,118,0,4.0,15
6,7,280,30,185,152,0,4.0,12
6,7,130,20,197,139,0,0.0,24
6,7,300,40,148,148,-1,8.0,0
6,7,10,50,159,147,0,8.0,1
6,7,360,20,144,141,0,8.0,5
6,7,300,30,147,147,0,9.0,4
6,7,40,30,200,163,0,3.0,14
6,7,20,30,168,134,0,0.0,18
6,7,30,20,186,155,-1,7.0,25
6,7,20,30,177,117,0,8.0,9
6,7,330,30,144,104,0,8.0,16
6,7,990,10,151,105,0,7.0,21
6,7,50,20,154,115,-1,8.0,-4
6,7,230,20,185,150,0,8.0,4
6,7,210,30,152,146,-1,8.0,7
6,7,220,40,142,129,0,8.0,3
6,7,270,20,133,115,1,8.0,1
6,7,270,10,156,125,0,0.0,28
6,7,310,30,148,124,0,8.0,5
6,7,240,30,156,115,0,2.0,11
6,7,310,40,132,90,0,6.0,16
6,7,200,60,146,138,5,8.0,9
6,7,210,20,162,157,0,8.0,8
6,7,210,30,180,145,0,1.0,16
6,7,110,20,232,189,0,8.0,3
6,7,270,40,195,177,0,8.0,10
6,7,10,10,154,138,0,8.0,15
6,7,220,30,150,133,0,7.0,5
6,7,200,50,145,130,0,8.0,3
6,7,150,30,165,139,0,5.0,14
6,7,230,30,140,130,4,8.0,10
6,7,210,40,152,145,13,8.0,4
6,7,10,10,166,98,0,0.0,20
6,7,990,10,201,108,0,1.0,21
6,7,240,20,215,141,0,7.0,12
6,7,270,50,171,123,0,2.0,21
6,7,200,50,161,61,0,8.0,20
6,7,150,60,142,133,4,8.0,2
6,7,250,70,123,91,3,8.0,18
6,7,200,50,154,112,0,8.0,1
6,7,160,40,150,140,23,8.0,2
6,7,220,30,157,115,0,1.0,10
6,7,190,30,210,142,0,8.0,24
6,7,250,50,160,109,0,7.0,3
6,7,290,20,173,121,0,1.0,7
6,7,100,30,177,102,0,0.0,18
6,7,160,20,222,130,0,7.0,28
6,7,300,60,174,111,0,8.0,10
6,7,260,20,184,144,0,8.0,21
6,7,120,20,209,156,0,2.0,15
6,7,140,20,240,151,0,0.0,18
6,7,30,40,237,167,0,3.0,12
6,7,80,40,194,115,0,2.0,14
6,7,230,40,272,169,0,0.0,16
6,7,230,30,196,161,0,7.0,3
6,7,220,50,169,128,0,8.0,-11
6,7,250,50,182,149,-1,6.0,-4
6,7,300,40,178,98,0,1.0,12
6,7,70,40,160,88,0,8.0,10
6,7,200,40,196,176,0,8.0,9
6,7,210,20,158,149,4,8.0,11
6,7,210,50,164,132,0,8.0,9
6,7,260,10,181,179,0,8.0,26
6,7,230,30,163,141,0,8.0,5
6,7,210,20,176,158,0,8.0,23
6,7,10,30,184,162,0,8.0,18
6,7,50,40,165,128,0,8.0,-2
6,7,30,30,179,137,0,0.0,25
6,7,300,40,223,171,0,2.0,-3
6,7,310,20,181,171,-1,8.0,6
6,7,360,40,197,145,0,8.0,14
6,7,20,50,184,150,0,6.0,17
6,7,50,50,168,113,0,3.0,10
6,7,40,50,156,106,0,8.0,-5
6,7,340,40,159,94,0,8.0,19
6,7,200,50,173,108,0,2.0,22
6,7,180,20,168,132,0,6.0,20
6,7,200,30,176,86,0,8.0,5
6,7,240,50,158,103,0,8.0,7
6,7,220,50,175,137,0,8.0,1
6,7,230,20,165,155,-1,8.0,13
6,7,230,30,168,144,0,8.0,4
6,7,300,50,147,109,-1,8.0,9
6,7,310,70,140,54,0,7.0,-2
6,7,310,30,150,93,0,8.0,7
6,7,20,30,147,110,0,8.0,10
6,7,20,30,160,123,0,8.0,3
6,7,10,40,145,101,0,7.0,24
6,7,40,30,159,116,0,0.0,17
6,7,40,30,215,137,0,0.0,24
6,7,20,50,200,123,0,0.0,22
6,7,80,20,201,141,0,0.0,20
6,7,240,20,179,130,0,8.0,17
6,7,170,40,230,155,0,1.0,25
6,7,270,30,193,142,0,8.0,5
6,7,120,20,187,77,0,4.0,15
6,7,200,20,162,155,-1,8.0,-1
6,7,230,50,129,106,0,7.0,14
6,7,100,60,148,96,0,8.0,24
6,7,200,90,121,88,2,8.0,16
6,7,210,30,137,95,0,8.0,20
6,7,30,40,165,109,0,8.0,19
6,7,240,20,126,107,0,,15
6,7,290,30,132,128,11,8.0,-2
6,7,200,70,146,100,0,6.0,11
6,7,170,30,141,125,-1,8.0,3
6,7,10,20,148,142,11,8.0,6
6,7,210,40,172,128,0,7.0,5
6,7,150,30,196,140,0,0.0,18
6,7,30,10,202,159,0,7.0,17
6,7,340,50,212,138,0,8.0,-44
6,7,220,30,162,139,0,8.0,4
6,7,220,40,144,118,0,8.0,17
6,7,30,30,162,113,0,1.0,18
6,7,100,20,208,144,0,1.0,23
6,7,130,40,239,162,0,2.0,23
6,7,120,30,245,181,0,8.0,21
6,7,300,30,194,166,0,8.0,7
6,7,40,40,163,112,0,2.0,9
6,7,60,40,156,110,0,7.0,12
6,7,110,20,212,127,0,0.0,21
6,7,290,70,234,182,0,5.0,2
6,7,60,40,186,83,0,4.0,27
6,7,130,10,207,94,0,5.0,29
6,7,270,30,149,120,0,8.0,16
6,7,340,50,145,97,0,8.0,-1
6,7,190,70,119,87,-1,8.0,9
6,7,200,30,98,82,1,6.0,20
6,7,250,40,117,97,-1,8.0,8
6,7,260,30,138,109,0,6.0,11
6,7,20,50,124,82,0,8.0,6
6,7,30,20,128,88,0,8.0,15
6,7,50,40,159,104,0,8.0,7
6,7,90,50,194,132,0,0.0,15
6,7,150,30,180,154,0,1.0,13
6,7,260,40,202,148,0,8.0,1
6,7,210,10,172,139,0,8.0,21
6,7,140,10,188,154,0,8.0,13
6,7,80,20,198,160,0,0.0,14
6,7,210,40,168,148,0,7.0,9
6,7,220,30,174,142,0,2.0,14
6,7,230,30,161,117,0,0.0,5
6,7,170,40,200,132,0,8.0,2
6,7,280,20,175,120,0,0.0,22
6,7,170,20,197,119,0,0.0,21
6,7,90,40,232,132,0,1.0,20
6,7,120,40,229,130,0,0.0,18
6,7,130,40,240,156,0,0.0,17
6,7,180,50,212,190,0,2.0,16
6,7,220,60,165,110,0,8.0,6
6,7,220,60,161,90,0,1.0,8
6,7,220,70,159,110,0,8.0,18
6,7,360,57,99,51,0,7.0,4
6,7,70,21,97,51,0,6.0,12
6,7,240,51,93,88,-1,7.0,-8
6,7,240,62,87,56,0,2.0,11
6,7,190,10,75,61,0,7.0,23
6,7,140,21,117,80,-1,8.0,2
6,7,150,21,123,110,0,8.0,9
6,7,330,46,117,108,0,7.0,-5
6,7,180,51,135,122,-1,8.0,10
6,7,210,72,128,109,-1,8.0,4
6,7,270,62,132,81,0,2.0,13
6,7,210,62,154,108,0,7.0,21
6,7,230,82,129,103,0,6.0,14
6,7,230,77,125,95,0,4.0,13
6,7,990,5,97,89,15,8.0,5
6,7,260,57,117,89,0,5.0,10
6,7,150,5,115,84,0,1.0,12
6,7,220,21,115,101,0,7.0,10
6,7,220,67,105,91,-1,7.0,-7
6,7,170,21,111,106,6,8.0,2
6,7,180,21,113,108,0,6.0,10
6,7,230,51,152,114,0,5.0,20
6,7,230,51,161,125,0,5.0,6
6,7,280,46,144,141,-1,8.0,11
6,7,240,46,157,152,1,8.0,0
6,7,230,62,149,141,0,8.0,7
6,7,990,10,121,116,41,8.0,-4
6,7,310,46,130,107,0,7.0,10
6,7,270,36,114,95,0,7.0,11
6,7,230,62,131,106,-1,7.0,15
6,7,50,26,163,110,-1,8.0,21
6,7,300,15,176,159,0,7.0,11
6,7,210,36,135,129,0,8.0,5
6,7,300,15,127,121,18,8.0,-1
6,7,170,31,125,116,0,7.0,8
6,7,160,15,149,136,0,7.0,1
6,7,230,21,142,131,0,8.0,5
6,7,330,21,144,139,0,8.0,13
6,7,220,15,136,131,0,1.0,10
6,7,40,31,164,137,0,0.0,15
6,7,30,46,133,71,0,1.0,12
6,7,360,31,133,105,0,6.0,11
6,7,60,26,167,116,0,0.0,16
6,7,250,10,167,149,0,6.0,25
6,7,990,5,202,117,0,0.0,20
6,7,20,67,173,155,0,8.0,-3
6,7,60,57,133,71,0,4.0,14
6,7,10,31,135,68,0,7.0,-1
6,7,990,10,128,77,0,6.0,-2
6,7,30,62,154,104,0,7.0,15
6,7,10,21,139,105,0,8.0,3
6,7,270,21,135,121,0,6.0,17
6,7,40,41,145,107,0,1.0,20
6,7,40,57,148,106,0,3.0,14
6,7,20,36,153,122,0,5.0,16
6,7,20,36,161,123,0,0.0,15
6,7,350,15,171,140,0,2.0,25
6,7,90,15,208,117,0,2.0,26
6,7,160,31,218,115,0,1.0,24
6,7,120,26,223,123,0,2.0,18
6,7,230,31,143,107,0,6.0,11
6,7,120,21,179,136,0,5.0,21
6,7,280,26,138,138,0,8.0,8
6,7,10,21,135,119,0,8.0,8
6,7,20,15,182,139,0,1.0,14
6,7,40,31,172,139,0,3.0,20
6,7,990,5,184,147,0,0.0,17
6,7,100,15,189,140,0,2.0,25
6,7,80,26,207,139,0,0.0,23
6,7,200,21,226,157,0,4.0,18
6,7,200,57,193,171,0,3.0,-11
6,7,210,67,136,100,0,8.0,2
6,7,990,10,129,121,0,8.0,7
6,7,250,41,126,92,0,7.0,7
6,7,40,57,126,92,0,6.0,9
6,7,220,41,118,116,16,8.0,6
6,7,260,51,139,134,0,7.0,10
6,7,230,57,147,118,-1,7.0,2
6,7,240,51,160,144,0,8.0,3
6,7,280,31,165,134,0,2.0,7
6,7,320,15,137,128,0,2.0,15
6,7,10,21,143,125,0,1.0,27
6,7,340,31,137,110,0,7.0,18
6,7,320,26,119,87,0,5.0,16
6,7,210,15,106,94,0,8.0,12
6,7,170,15,126,94,-1,8.0,13
6,7,280,41,158,147,0,4.0,22
6,7,360,21,134,104,0,6.0,9
6,7,80,36,170,125,0,1.0,20
6,7,90,21,194,119,0,0.0,14
6,7,160,51,155,78,0,1.0,23
6,7,220,26,175,168,2,8.0,4
6,7,220,82,142,108,0,6.0,12
6,7,230,87,113,85,-1,6.0,13
6,7,290,51,120,87,0,3.0,6
6,7,220,41,108,92,0,8.0,15
6,7,240,46,136,131,-1,8.0,3
6,7,210,10,124,115,0,8.0,5
6,7,280,41,117,96,0,2.0,6
6,7,280,26,114,105,2,6.0,13
6,7,340,41,109,72,-1,7.0,2
6,7,20,26,107,104,0,7.0,14
6,7,40,31,128,98,0,5.0,12
6,7,990,5,142,117,0,0.0,11
6,7,990,5,135,86,0,1.0,5
6,7,270,57,151,111,0,7.0,1
6,7,310,15,122,116,-1,8.0,3
6,7,220,57,165,100,0,7.0,17
6,7,260,72,151,119,0,7.0,11
6,7,210,26,150,129,0,8.0,6
6,7,230,57,160,120,0,1.0,16
6,7,260,82,162,154,2,8.0,2
6,7,330,15,159,69,0,1.0,14
6,7,110,41,169,86,0,1.0,27
6,7,140,41,229,152,0,5.0,16
6,7,200,21,180,151,0,5.0,13
6,7,240,21,161,117,0,6.0,10
6,7,10,10,210,155,0,3.0,21
6,7,210,41,245,187,0,4.0,4
6,7,140,10,181,117,0,1.0,11
6,7,330,31,128,110,0,5.0,14
6,7,180,10,129,104,0,1.0,16
6,7,200,21,136,110,0,3.0,19
6,7,210,41,132,119,0,8.0,3
6,7,40,5,132,129,0,8.0,-1
6,7,310,21,119,103,0,7.0,9
6,7,200,41,130,109,-1,8.0,12
6,7,250,26,83,77,0,7.0,26
6,7,250,46,99,88,2,8.0,3
6,7,240,51,107,98,0,6.0,8
6,7,240,46,112,99,0,7.0,6
6,7,30,15,117,112,0,7.0,5
6,7,350,21,110,102,1,7.0,6
6,7,330,41,124,103,0,8.0,11
6,7,230,41,100,97,3,8.0,3
6,7,240,36,103,103,5,8.0,4
6,7,230,51,127,121,4,8.0,5
6,7,250,31,146,144,0,8.0,5
6,7,240,46,151,122,0,2.0,12
6,7,150,10,209,154,0,5.0,16
6,7,260,36,185,156,0,4.0,18
6,7,360,62,136,89,0,2.0,9
6,7,360,36,131,106,0,7.0,16
6,7,10,46,121,100,0,7.0,6
6,7,20,36,162,137,0,7.0,18
6,7,360,15,145,143,0,8.0,9
6,7,50,26,209,163,0,1.0,19
6,7,50,26,229,169,0,1.0,19
6,7,30,31,192,120,0,1.0,21
6,7,80,10,191,137,0,1.0,22
6,7,190,36,104,96,5,8.0,10
6,7,60,10,124,85,0,7.0,10
6,7,990,10,148,112,0,0.0,19
6,7,220,31,161,91,0,6.0,12
6,7,110,31,196,135,0,0.0,28
6,7,160,31,224,132,0,4.0,18
6,7,160,31,255,182,0,4.0,28
6,7,200,51,267,186,0,5.0,-50
6,7,260,31,167,149,0,7.0,-8
6,7,160,31,188,159,0,0.0,25
6,7,250,31,193,158,0,1.0,17
6,7,260,51,175,144,0,7.0,8
6,7,290,31,156,79,0,1.0,12
6,7,30,10,121,88,0,5.0,9
6,7,40,36,127,78,0,1.0,19
6,7,60,21,157,94,0,4.0,14
6,7,200,15,178,125,0,5.0,26
6,7,320,31,164,129,0,7.0,17
6,7,290,41,118,85,-1,8.0,0
6,7,350,21,115,78,0,7.0,8
6,7,260,41,118,61,0,4.0,15
6,7,320,46,129,95,0,6.0,3
6,7,320,41,122,92,0,7.0,10
6,7,290,36,117,82,0,7.0,15
6,7,340,10,123,107,0,7.0,6
6,7,190,15,152,112,0,7.0,8
6,7,230,21,137,131,1,8.0,5
6,7,250,31,166,150,0,8.0,24
6,7,290,51,128,119,0,7.0,8
6,7,230,62,132,119,0,7.0,2
6,7,70,70,110,42,0,1.0,13
6,7,70,50,149,86,0,1.0,17
6,7,60,20,162,72,0,1.0,24
6,7,0,0,181,110,0,1.0,20
6,7,120,20,194,96,0,6.0,14
6,7,0,0,202,134,0,6.0,20
6,7,150,40,230,163,0,4.0,11
6,7,150,30,179,171,-1,8.0,6
6,7,240,30,156,140,0,1.0,0
6,7,80,20,192,132,0,1.0,13
6,7,100,30,202,134,0,7.0,12
6,7,210,40,170,164,0,7.0,12
6,7,200,30,178,161,0,5.0,7
6,7,240,40,158,150,0,7.0,5
6,7,260,20,132,114,0,8.0,16
6,7,90,20,140,84,0,1.0,12
6,7,50,40,136,84,0,3.0,10
6,7,10,10,137,72,0,1.0,11
6,7,140,30,157,87,0,7.0,7
6,7,220,60,134,116,0,5.0,15
6,7,200,50,145,132,0,7.0,11
6,7,200,70,132,100,0,4.0,11
6,7,250,40,141,125,0,6.0,-1
6,7,270,40,132,96,0,6.0,0
6,7,160,50,135,84,0,7.0,17
6,7,120,40,131,131,1,8.0,8
6,7,170,40,164,144,0,3.0,9
6,7,160,50,138,124,0,7.0,1
6,7,360,20,155,132,0,7.0,15
6,7,220,40,149,149,-1,7.0,6
6,7,210,30,148,121,0,6.0,22
6,7,140,30,161,129,-1,7.0,27
6,7,200,50,166,129,0,1.0,-4
6,7,240,50,148,117,0,3.0,2
6,7,60,40,122,112,0,7.0,17
6,7,100,20,176,171,0,7.0,-15
6,7,270,20,156,148,2,8.0,-5
6,7,210,70,145,117,0,7.0,7
6,7,190,60,152,141,-1,8.0,8
6,7,220,40,151,140,-1,6.0,9
6,7,180,30,141,130,-1,7.0,8
6,7,300,40,89,85,15,8.0,10
6,7,160,30,116,73,0,1.0,18
6,7,140,50,116,113,7,8.0,1
6,7,180,20,136,129,0,7.0,13
6,7,220,30,131,124,0,8.0,7
6,7,260,40,130,100,0,6.0,15
6,7,230,60,132,125,-1,8.0,2
6,7,210,30,155,137,0,7.0,15
6,7,990,10,211,174,0,5.0,25
6,7,160,40,235,181,0,6.0,38
6,7,260,70,175,132,0,3.0,13
6,7,220,50,141,116,0,7.0,24
6,7,210,50,168,147,0,7.0,-5
6,7,160,50,223,163,0,6.0,23
6,7,990,10,166,112,0,6.0,16
6,7,170,40,176,122,0,7.0,18
6,7,220,80,147,124,0,7.0,4
6,7,220,50,152,133,0,7.0,8
6,7,190,40,125,120,3,8.0,9
6,7,80,20,165,117,0,0.0,16
6,7,90,30,178,146,0,7.0,28
6,7,220,70,157,117,0,5.0,19
6,7,230,70,135,127,-1,7.0,11
6,7,170,30,105,102,27,8.0,3
6,7,170,70,140,103,0,6.0,1
6,7,110,20,121,115,3,7.0,10
6,7,240,60,122,101,0,6.0,16
6,7,220,60,121,96,0,7.0,18
6,7,250,20,149,127,0,4.0,13
6,7,260,30,111,105,-1,8.0,-3
6,7,990,10,117,117,0,6.0,23
6,7,220,20,129,111,-1,8.0,4
6,7,350,40,156,129,0,2.0,12
6,7,10,30,170,126,0,3.0,19
6,7,70,30,180,135,0,1.0,18
6,7,240,20,208,153,0,1.0,22
6,7,340,30,133,85,0,7.0,8
6,7,990,10,143,89,0,3.0,15
6,7,210,70,154,126,0,8.0,7
6,7,340,40,133,88,0,6.0,12
6,7,990,10,133,101,0,1.0,-1
6,7,160,20,121,95,0,4.0,36
6,7,90,10,156,116,0,3.0,12
6,7,50,30,134,95,0,1.0,18
6,7,100,30,155,77,0,1.0,18
6,7,210,50,184,150,0,7.0,11
6,7,210,60,150,106,0,2.0,10
6,7,190,60,152,135,5,8.0,6
6,7,220,30,172,160,0,7.0,-4
6,7,200,50,146,106,-1,8.0,20
6,7,220,20,154,135,0,8.0,18
6,7,100,20,183,137,0,6.0,21
6,7,260,40,167,156,0,8.0,2
6,7,350,20,137,116,-1,8.0,-2
6,7,250,50,125,106,0,7.0,9
6,7,260,40,123,106,1,7.0,14
6,7,120,30,150,95,0,1.0,18
6,7,140,40,206,131,0,1.0,24
6,7,130,30,166,138,0,6.0,20
6,7,270,30,142,86,0,3.0,14
6,7,240,50,132,104,0,7.0,18
6,7,220,40,150,135,0,8.0,11
6,7,250,40,155,141,-1,8.0,7
6,7,280,30,160,149,15,7.0,2
6,7,30,40,135,81,0,6.0,9
6,7,140,30,133,62,0,1.0,14
6,7,210,30,195,101,0,2.0,25
6,7,180,50,238,123,0,0.0,21
6,7,180,30,255,180,0,1.0,24
6,7,230,50,220,161,0,3.0,16
6,7,220,60,158,128,-1,7.0,17
6,7,230,80,154,107,0,7.0,9
6,7,240,50,140,114,0,4.0,4
6,7,260,40,133,114,0,6.0,0
6,7,310,40,128,76,0,7.0,8
6,7,340,30,126,78,0,1.0,13
6,7,990,10,117,75,0,7.0,16
6,7,290,30,134,71,0,1.0,6
6,7,990,10,128,68,0,7.0,5
6,7,280,40,145,82,0,2.0,8
6,7,240,60,129,119,1,8.0,2
6,7,300,60,92,56,1,5.0,12
6,7,220,40,98,72,0,7.0,28
6,7,200,30,148,95,0,2.0,16
6,7,270,20,148,124,0,7.0,1
6,7,270,60,115,89,2,8.0,-1
6,7,240,40,125,95,0,6.0,8
6,7,990,10,118,61,0,5.0,3
6,7,350,10,128,65,0,7.0,-1
6,7,300,30,125,102,0,3.0,-2
6,7,230,40,122,80,0,7.0,15
6,7,340,10,144,109,0,5.0,12
6,7,40,20,142,101,0,0.0,18
6,7,170,40,191,132,0,5.0,16
6,7,200,40,165,119,0,1.0,20
6,7,210,30,153,135,0,7.0,13
6,7,340,60,147,118,0,7.0,8
6,7,330,30,132,67,0,3.0,-3
6,7,190,40,145,97,0,3.0,22
6,7,310,40,168,112,0,6.0,14
6,7,290,50,146,97,0,3.0,10
6,7,990,10,145,103,0,3.0,9
6,7,140,20,180,110,0,0.0,23
6,7,30,40,176,135,0,4.0,17
6,7,50,40,184,121,0,3.0,22
6,7,180,40,190,171,8,8.0,2
6,7,230,40,170,137,0,6.0,13
6,7,240,40,180,139,0,0.0,17
6,7,190,20,201,167,0,7.0,7
6,7,90,30,135,79,0,2.0,6
6,7,110,40,161,87,0,,20
6,7,120,30,170,91,0,6.0,33
6,7,180,20,150,115,0,4.0,15
6,7,90,40,193,154,1,7.0,18
6,7,200,30,147,117,0,8.0,10
6,7,260,50,164,124,0,6.0,10
6,7,200,30,171,110,0,3.0,11
6,7,240,40,186,120,0,,13
6,7,230,70,135,101,0,3.0,3
6,7,190,30,127,106,0,7.0,8
6,7,210,50,157,141,0,7.0,-1
6,7,240,50,134,89,0,8.0,-4
6,7,240,40,163,147,0,8.0,10
6,7,270,60,168,152,2,7.0,-6
6,7,180,30,159,152,13,,7
6,7,170,30,229,177,0,4.0,27
6,7,160,40,269,206,0,2.0,26
6,7,200,40,181,152,0,5.0,9
6,7,990,10,163,157,6,8.0,6
6,7,990,10,152,130,0,7.0,18
6,7,230,30,182,142,0,7.0,15
6,7,260,40,161,130,0,,8
6,7,270,30,161,123,0,3.0,21
6,7,180,30,165,103,0,1.0,14
6,7,990,10,173,124,0,1.0,13
6,7,240,30,161,130,0,6.0,-3
6,7,270,60,147,90,0,5.0,2
6,7,250,30,136,100,0,5.0,14
6,7,220,50,146,113,0,,18
6,7,170,10,208,172,0,,26
6,7,140,30,231,175,0,2.0,17
6,7,120,30,186,166,0,7.0,11
6,7,180,20,215,184,0,6.0,17
6,7,270,30,174,155,-1,7.0,-5
6,7,220,20,188,117,0,6.0,14
6,7,130,30,199,128,0,3.0,20
6,7,150,20,222,170,0,,17
6,7,250,50,146,114,0,,19
6,7,140,30,188,133,0,5.0,23
6,7,220,50,180,129,0,5.0,12
6,7,120,30,201,141,0,1.0,23
6,7,140,20,182,149,0,1.0,19
6,7,50,30,163,121,0,7.0,19
6,7,60,30,168,107,0,,15
6,7,80,20,182,122,0,2.0,13
6,7,110,30,197,124,0,5.0,18
6,7,250,50,169,145,0,8.0,13
6,7,240,70,187,152,0,7.0,-2
6,7,280,40,169,104,0,3.0,0
6,7,260,30,161,95,0,4.0,14
6,7,120,30,179,109,0,,25
6,7,150,40,195,172,0,6.0,34
6,7,240,30,164,140,0,5.0,24
6,7,60,30,162,123,0,3.0,10
6,7,60,40,152,106,0,6.0,11
6,7,110,30,201,119,0,5.0,12
6,7,230,40,183,152,0,7.0,4
6,7,990,10,188,145,0,,15
6,7,80,30,193,135,0,7.0,3
6,7,120,20,146,116,0,5.0,25
6,7,310,20,159,138,1,7.0,18
6,7,330,50,139,121,0,5.0,4
6,7,220,50,119,113,3,8.0,4
6,7,300,30,135,110,0,8.0,11
6,7,240,20,138,105,0,4.0,16
6,7,200,10,188,135,0,3.0,17
6,7,200,20,225,161,0,1.0,18
6,7,270,40,205,150,0,7.0,12
6,7,190,20,192,152,0,7.0,11
6,7,260,40,160,138,0,,6
6,7,260,40,147,110,0,,9
6,7,320,40,130,100,0,,6
6,7,200,30,134,110,0,,24
6,7,260,30,191,156,0,0.0,20
6,7,330,40,141,93,0,7.0,9
6,7,240,80,183,127,0,3.0,11
6,7,260,30,153,115,0,7.0,9
6,7,290,30,121,80,0,5.0,10
6,7,220,30,119,83,0,6.0,10
6,7,170,30,103,93,0,8.0,10
6,7,220,20,145,115,0,6.0,13
6,7,210,70,195,148,0,6.0,-4
6,7,240,100,147,90,0,7.0,19
6,7,230,50,123,105,-1,7.0,4
6,7,170,30,160,93,0,1.0,18
6,7,180,40,157,143,10,,9
6,7,270,60,159,120,0,3.0,15
6,7,230,40,158,117,0,1.0,24
6,7,180,30,161,121,0,7.0,22
6,7,990,10,121,66,0,,9
6,7,240,50,153,136,0,,8
6,7,170,30,201,149,0,,28
6,7,220,70,136,99,0,,-2
6,7,250,50,130,115,4,,9
6,7,360,40,125,111,-1,,2
6,7,340,50,114,50,0,,5
6,7,20,50,107,54,0,,20
6,7,60,10,131,69,0,,8
6,7,280,10,142,81,0,,19
6,7,330,30,122,37,0,,1
6,7,260,30,115,75,0,,14
6,7,250,50,114,83,0,,-4
6,7,210,30,141,54,0,,22
6,7,180,30,171,101,0,,18
6,7,220,60,179,115,0,,13
6,7,240,60,186,169,0,,6
6,7,50,20,177,152,0,,19
6,7,130,30,207,111,0,,21
6,7,150,20,249,143,0,,16
6,7,250,20,190,155,0,,17
6,7,20,10,199,138,0,,13
6,7,110,20,230,134,0,,22
6,7,200,20,238,174,0,,19
6,7,310,30,219,186,0,,-3
6,7,50,40,147,117,0,,10
6,7,80,20,177,119,0,,25
6,7,50,40,182,112,0,,9
6,7,50,20,173,153,0,,20
6,7,210,30,183,165,1,,13
6,7,290,30,92,42,0,,3
6,7,350,30,102,69,0,,16
6,7,260,30,140,77,0,,13
6,7,340,40,123,60,0,,2
6,7,350,30,136,78,0,,11
6,7,20,30,112,74,0,,7
6,7,990,10,131,95,0,,21
6,7,990,10,163,102,0,,23
6,7,140,10,199,115,0,,16
6,7,110,10,212,116,0,,23
6,7,130,40,221,126,0,,22
6,7,120,40,214,100,0,,16
6,7,170,20,246,133,0,,16
6,7,270,20,203,183,0,,3
6,7,320,20,133,126,0,,-1
6,7,280,20,128,92,0,,7
6,7,990,10,147,99,0,,16
6,7,140,10,211,142,0,,10
6,7,220,50,195,182,5,,20
6,7,250,30,191,134,0,,14
6,7,210,60,170,113,0,,-2
6,7,230,80,149,101,0,,4
6,7,220,30,138,93,0,,20
6,7,130,20,176,105,0,,22
6,7,20,20,195,133,0,,5
6,7,210,40,171,165,2,,1
6,7,230,10,141,105,0,,3
6,7,10,30,138,114,0,,22
6,7,30,40,152,109,0,,20
6,7,70,10,194,135,0,,19
6,7,340,10,163,123,0,2.0,14
6,7,10,20,179,132,0,0.0,17
6,7,30,20,158,145,0,8.0,14
6,7,50,50,178,134,0,2.0,18
6,7,40,40,186,154,0,7.0,13
6,7,10,50,162,146,0,8.0,5
6,7,10,40,194,161,0,2.0,21
6,7,100,20,247,183,0,0.0,18
6,7,270,20,161,157,-1,8.0,-1
6,7,350,20,156,153,0,8.0,9
6,7,310,20,176,161,0,8.0,15
6,7,260,30,140,136,0,8.0,5
6,7,230,40,157,136,0,8.0,12
6,7,140,20,203,154,0,6.0,16
6,7,210,40,185,174,2,8.0,5
6,7,220,50,164,132,0,8.0,4
6,7,210,60,160,129,0,8.0,5
6,7,250,50,160,151,-1,8.0,-1
6,7,0,0,184,157,0,2.0,17
6,7,240,50,202,180,0,8.0,-3
6,7,30,50,177,115,0,8.0,2
6,7,190,30,171,131,0,2.0,9
6,7,240,40,140,123,0,8.0,11
6,7,230,60,165,127,0,3.0,4
6,7,180,60,183,155,0,7.0,11
6,7,270,30,150,131,0,7.0,-2
6,7,240,50,127,90,0,0.0,17
6,7,260,50,136,115,0,5.0,12
6,7,200,40,146,115,1,8.0,11
6,7,250,60,158,125,0,8.0,9
6,7,90,20,152,147,0,8.0,20
6,7,40,20,226,161,0,8.0,6
6,7,190,40,178,172,1,8.0,-1
6,7,310,10,174,161,0,8.0,-2
6,7,320,20,149,143,2,8.0,2
6,7,320,20,170,144,0,7.0,17
6,7,190,30,152,136,0,8.0,-3
6,7,300,20,145,138,0,8.0,5
6,7,350,20,203,137,0,0.0,26
6,7,260,20,207,147,0,0.0,17
6,7,270,20,144,110,0,8.0,9
6,7,130,10,117,107,9,8.0,-3
6,7,290,40,122,84,0,7.0,-2
6,7,240,20,114,92,0,8.0,4
6,7,210,30,113,93,-1,8.0,14
6,7,990,10,137,84,0,0.0,2
6,7,80,20,143,88,0,0.0,16
6,7,230,40,148,95,0,7.0,9
6,7,210,60,169,107,-1,8.0,5
6,7,230,40,140,117,0,7.0,22
6,7,210,20,153,116,0,8.0,11
6,7,190,30,219,176,0,3.0,14
6,7,240,70,154,106,0,2.0,12
6,7,60,40,151,100,0,0.0,15
6,7,170,20,168,126,-1,8.0,21
6,7,230,30,157,118,0,7.0,17
6,7,240,70,165,137,0,2.0,7
6,7,230,60,161,156,-1,8.0,5
6,7,230,50,157,127,0,7.0,9
6,7,210,30,165,131,0,3.0,21
6,7,360,30,198,145,0,0.0,15
6,7,360,40,149,110,0,6.0,15
6,7,340,50,128,68,0,4.0,14
6,7,300,30,115,38,0,6.0,7
6,7,260,20,109,52,0,7.0,1
6,7,50,60,120,47,0,3.0,13
6,7,100,30,116,79,0,8.0,10
6,7,220,50,122,94,0,6.0,5
6,7,210,80,160,106,0,5.0,13
6,7,240,40,134,115,0,8.0,9
6,7,270,50,130,120,-1,8.0,6
6,7,280,30,135,99,0,4.0,13
6,7,160,20,136,76,0,8.0,22
6,7,210,20,182,135,-1,8.0,-16
6,7,990,10,144,128,0,8.0,14
6,7,240,40,146,118,0,7.0,13
6,7,160,30,158,121,0,0.0,19
6,7,270,40,164,137,0,8.0,21
6,7,260,50,150,117,0,4.0,8
6,7,270,40,156,91,0,1.0,4
6,7,340,20,133,118,1,8.0,5
6,7,20,30,143,84,0,,5
6,7,20,30,137,110,0,,22
6,7,40,60,173,105,0,0.0,18
6,7,60,50,188,115,0,0.0,8
6,7,60,20,180,155,0,8.0,16
6,7,260,30,169,169,0,9.0,10
6,7,290,20,175,169,0,8.0,8
6,7,350,10,170,170,0,8.0,19
6,7,350,20,208,177,0,0.0,21
6,7,240,30,96,94,0,9.0,5
6,7,320,30,141,99,0,0.0,26
6,7,50,40,155,72,0,0.0,16
6,7,70,30,164,85,0,0.0,15
6,7,140,10,196,110,0,0.0,24
6,7,120,10,218,111,0,5.0,29
6,7,240,50,152,126,0,8.0,16
6,7,160,30,155,118,-1,8.0,4
6,7,170,20,174,152,-1,8.0,-2
6,7,80,20,181,173,0,8.0,12
6,7,220,70,188,153,0,8.0,5
6,7,310,20,156,120,0,8.0,-1
6,7,350,20,129,83,0,7.0,3
6,7,50,30,158,100,0,0.0,17
6,7,40,70,133,62,0,0.0,13
6,7,50,60,129,90,0,6.0,19
6,7,50,60,172,91,0,0.0,12
6,7,10,50,123,88,0,8.0,9
6,7,310,40,124,70,-1,6.0,8
6,7,320,50,117,70,0,8.0,9
6,7,310,30,140,91,0,5.0,0
6,7,10,10,137,89,0,0.0,26
6,7,170,10,194,77,0,0.0,13
6,7,990,10,198,136,0,0.0,21
6,7,30,20,191,125,0,5.0,17
6,7,80,10,215,112,0,0.0,18
6,7,100,10,213,108,0,0.0,25
6,7,270,20,228,140,0,0.0,30
6,7,240,20,211,136,0,7.0,19
6,7,190,20,211,157,0,6.0,17
6,7,360,40,131,60,0,1.0,12
6,7,90,30,160,46,0,1.0,16
6,7,50,50,177,122,0,0.0,18
6,7,70,40,218,143,0,0.0,20
6,7,10,30,154,145,1,8.0,12
6,7,200,20,177,170,-1,8.0,18
6,7,260,20,131,116,0,8.0,5
6,7,240,40,128,112,0,4.0,6
6,7,220,50,142,97,0,1.0,14
6,7,10,20,142,79,0,8.0,11
6,7,190,30,117,98,0,2.0,13
6,7,230,40,136,85,0,0.0,10
6,7,190,50,152,112,0,8.0,8
6,7,270,30,152,134,0,8.0,7
6,7,180,20,180,139,0,8.0,20
6,7,190,40,172,147,2,8.0,16
6,7,230,40,141,99,0,0.0,17
6,7,230,90,142,97,0,8.0,6
6,7,230,80,128,108,1,8.0,18
6,7,220,50,147,95,0,3.0,-9
6,7,240,50,171,159,1,7.0,10
6,7,270,20,180,114,0,8.0,7
6,7,220,70,148,109,0,8.0,17
6,7,240,40,144,114,0,7.0,9
6,7,220,30,116,105,8,8.0,1
6,7,250,30,170,157,0,8.0,5
6,7,130,40,231,175,0,0.0,16
6,7,160,40,263,189,0,1.0,16
6,7,250,50,168,165,-1,8.0,-5
6,7,310,30,158,95,0,1.0,10
6,7,280,30,139,114,0,8.0,14
6,7,350,20,126,58,0,1.0,6
6,7,70,50,86,78,55,8.0,1
6,7,80,40,93,88,11,8.0,4
6,7,260,30,109,40,0,1.0,9
6,7,160,40,114,108,10,8.0,3
6,7,180,30,153,118,0,8.0,15
6,7,200,70,155,111,0,7.0,11
6,7,220,90,133,73,0,3.0,16
6,7,220,50,146,68,0,1.0,14
6,7,80,30,152,117,2,8.0,5
6,7,360,20,146,133,0,7.0,1
6,7,340,40,117,75,0,8.0,2
6,7,990,10,130,62,0,0.0,6
6,7,180,40,143,120,5,8.0,0
6,7,210,50,165,148,0,7.0,7
6,7,210,70,156,103,0,1.0,4
6,7,310,40,129,123,106,8.0,15
6,7,990,10,168,112,0,0.0,0
6,7,350,30,158,127,0,8.0,7
6,7,110,30,186,153,0,8.0,11
6,7,210,80,151,102,0,8.0,5
6,7,240,70,151,97,0,3.0,13
6,7,190,50,156,104,-1,8.0,-11
6,7,240,60,156,121,0,4.0,5
6,7,250,20,159,107,0,0.0,15
6,7,250,40,178,160,0,8.0,5
6,7,130,20,214,180,0,8.0,15
6,7,250,20,186,122,0,8.0,0
6,7,210,50,194,129,0,0.0,11
6,7,330,50,100,91,0,8.0,7
6,7,340,50,114,55,0,0.0,16
6,7,360,30,107,77,0,7.0,15
6,7,30,40,99,70,0,8.0,6
6,7,10,20,153,97,0,0.0,22
6,7,60,30,163,103,0,0.0,31
6,7,50,20,198,122,0,0.0,19
6,7,20,50,142,100,0,0.0,18
6,7,40,50,129,82,0,7.0,9
6,7,10,40,111,68,0,8.0,10
6,7,160,30,143,97,0,0.0,24
6,7,190,50,180,141,0,8.0,11
6,7,200,50,198,164,0,7.0,9
6,7,210,50,131,102,0,7.0,13
6,7,200,60,164,108,0,7.0,15
6,7,230,50,148,67,0,8.0,12
6,7,60,50,185,91,0,0.0,18
6,7,160,20,228,161,0,3.0,22
6,7,310,30,199,186,7,8.0,-1
6,7,260,10,199,183,2,8.0,0
6,7,240,60,158,147,-1,8.0,-1
6,7,190,40,174,140,0,8.0,16
6,7,210,70,143,110,-1,8.0,-9
6,7,250,60,140,105,0,8.0,-3
6,7,330,40,126,100,0,8.0,12
6,7,330,10,128,95,0,5.0,11
6,7,320,50,126,95,0,4.0,14
6,7,230,40,124,120,3,8.0,1
6,7,310,50,149,136,0,8.0,-7
6,7,200,30,131,105,0,8.0,27
6,7,10,20,146,75,0,0.0,9
6,7,240,10,148,90,0,0.0,29
6,7,180,10,170,85,0,8.0,14
6,7,140,30,163,126,0,7.0,3
6,7,210,90,123,86,0,4.0,-20
6,7,150,30,159,95,0,0.0,27
6,7,120,20,215,138,0,0.0,20
6,7,300,20,210,172,0,7.0,-8
6,7,110,40,225,175,0,5.0,24
6,7,110,30,212,166,0,0.0,15
6,7,310,20,177,131,0,5.0,13
6,7,50,30,180,115,0,1.0,4
6,7,350,30,183,120,0,0.0,10
6,7,350,40,162,104,0,8.0,6
6,7,340,30,144,110,0,8.0,8
6,7,290,30,137,100,0,8.0,13
6,7,330,40,146,112,0,8.0,8
6,7,360,40,153,104,0,2.0,2
6,7,340,30,152,100,0,8.0,3
6,7,310,20,137,95,0,8.0,20
6,7,300,40,152,100,0,1.0,11
6,7,10,20,165,110,0,0.0,7
6,7,990,10,166,95,0,0.0,7
6,7,270,20,164,116,0,4.0,28
6,7,10,30,144,93,0,8.0,6
6,7,230,10,159,100,0,7.0,12
6,7,240,20,173,100,-1,8.0,-2
6,7,230,30,158,128,0,6.0,9
6,7,270,30,152,131,0,7.0,10
6,7,300,40,159,116,0,7.0,-6
6,7,230,20,135,103,0,7.0,-1
6,7,210,80,128,90,-1,8.0,-3
6,7,240,70,148,90,0,2.0,10
6,7,80,30,159,76,0,0.0,16
6,7,140,30,214,122,0,0.0,24
6,7,270,40,155,123,0,8.0,5
6,7,990,10,152,93,0,0.0,16
6,7,20,60,119,67,0,5.0,16
6,7,50,60,120,51,0,5.0,0
6,7,50,40,149,92,0,0.0,16
6,7,60,40,163,83,0,0.0,27
6,7,90,40,207,116,0,0.0,25
6,7,210,70,166,133,-1,8.0,-19
6,7,220,20,145,123,0,8.0,31
6,7,30,70,134,68,0,8.0,12
6,7,20,50,126,43,0,8.0,5
6,7,200,40,156,66,0,1.0,11
6,7,290,50,168,133,0,4.0,2
6,7,260,30,118,107,9,8.0,12
6,7,320,40,131,85,0,7.0,13
6,7,210,40,159,125,0,8.0,1
6,7,210,50,122,108,2,8.0,1
6,7,290,40,125,100,0,6.0,19
6,7,250,20,137,93,0,8.0,3
6,7,240,20,185,118,0,4.0,14
6,7,210,30,192,138,0,8.0,20
6,7,270,40,188,149,0,7.0,-3
6,7,160,30,183,107,0,4.0,22
6,7,270,20,186,145,0,1.0,18
6,7,130,10,207,134,0,0.0,21
6,7,310,40,153,149,-1,7.0,3
6,7,360,50,166,149,0,8.0,7
6,7,360,20,149,143,0,8.0,4
6,7,330,20,147,146,0,7.0,5
6,7,50,20,196,162,0,2.0,18
6,7,20,20,174,139,0,0.0,21
6,7,20,30,189,163,-1,8.0,27
6,7,360,30,182,132,0,7.0,20
6,7,310,20,141,109,0,7.0,22
6,7,990,10,144,101,0,8.0,21
6,7,50,30,158,102,-1,8.0,6
6,7,990,10,192,145,0,8.0,3
6,7,220,20,146,137,15,8.0,10
6,7,210,50,146,128,0,8.0,5
6,7,190,20,145,133,-1,8.0,0
6,7,990,10,163,122,0,0.0,17
6,7,300,20,149,127,0,8.0,1
6,7,250,20,148,127,0,8.0,18
6,7,270,30,128,102,0,8.0,14
6,7,190,50,149,129,-1,8.0,11
6,7,200,30,161,156,0,8.0,8
6,7,200,20,186,144,0,0.0,14
6,7,140,20,243,189,0,7.0,17
6,7,300,30,193,181,0,8.0,7
6,7,290,30,158,135,0,8.0,11
6,7,220,60,146,118,0,7.0,9
6,7,200,60,147,119,0,8.0,-5
6,7,120,30,169,131,0,4.0,16
6,7,220,70,149,122,0,8.0,14
6,7,200,50,155,141,3,8.0,6
6,7,60,10,172,94,0,0.0,18
6,7,990,10,206,119,0,8.0,20
6,7,250,30,215,140,0,4.0,17
6,7,260,50,166,123,0,0.0,19
6,7,200,30,161,79,0,8.0,19
6,7,150,60,144,126,3,8.0,5
6,7,220,110,145,86,0,5.0,6
6,7,200,40,159,107,0,8.0,12
6,7,190,30,151,143,18,8.0,0
6,7,220,30,154,108,0,2.0,27
6,7,190,30,207,139,0,8.0,29
6,7,240,70,164,105,0,3.0,7
6,7,270,20,177,121,0,6.0,5
6,7,70,30,179,110,0,0.0,15
6,7,190,30,220,137,0,8.0,31
6,7,290,50,176,103,0,6.0,-4
6,7,250,30,178,128,0,8.0,16
6,7,60,20,208,157,0,8.0,13
6,7,120,20,240,146,0,0.0,21
6,7,40,30,240,169,0,0.0,17
6,7,50,40,186,116,0,8.0,20
6,7,210,50,280,171,0,7.0,12
6,7,230,40,200,154,0,3.0,9
6,7,230,80,172,124,0,8.0,3
6,7,250,70,170,148,-1,8.0,22
6,7,320,40,169,115,0,8.0,17
6,7,60,30,156,97,0,8.0,18
6,7,160,30,190,182,1,8.0,9
6,7,250,20,154,151,15,8.0,10
6,7,210,50,167,131,0,8.0,12
6,7,320,10,180,178,1,8.0,9
6,7,230,50,160,138,0,8.0,5
6,7,180,10,188,156,0,8.0,8
6,7,20,20,183,164,0,8.0,16
6,7,10,30,152,129,0,8.0,0
6,7,50,40,179,137,0,0.0,20
6,7,310,40,218,162,0,8.0,21
6,7,340,10,181,173,0,8.0,3
6,7,350,20,191,155,0,7.0,16
6,7,10,40,190,145,0,8.0,14
6,7,50,50,170,118,0,8.0,6
6,7,60,50,143,103,0,8.0,6
6,7,10,30,146,115,0,8.0,4
6,7,190,40,154,110,0,2.0,30
6,7,210,20,166,133,0,7.0,23
6,7,210,30,173,126,0,8.0,9
6,7,240,50,161,102,0,8.0,4
6,7,240,60,179,132,0,8.0,3
6,7,230,40,169,147,0,8.0,6
6,7,230,40,176,144,0,8.0,5
6,7,300,60,157,106,0,8.0,-1
6,7,320,80,138,48,0,7.0,-3
6,7,290,40,143,95,0,8.0,7
6,7,10,30,140,116,0,8.0,10
6,7,10,40,159,120,0,8.0,7
6,7,30,30,133,88,0,8.0,13
6,7,40,30,168,123,0,0.0,20
6,7,50,20,212,133,0,0.0,23
6,7,30,30,198,124,0,0.0,21
6,7,60,20,194,143,0,0.0,24
6,7,220,30,185,125,0,8.0,12
6,7,170,30,229,148,0,8.0,24
6,7,260,30,183,143,0,8.0,11
6,7,90,20,187,102,0,5.0,14
6,7,240,40,169,148,-1,8.0,8
6,7,220,60,130,104,0,7.0,11
6,7,100,40,148,89,0,8.0,12
6,7,210,110,132,75,-1,8.0,10
6,7,220,30,145,89,0,7.0,16
6,7,20,30,164,108,0,7.0,10
6,7,250,20,122,100,0,8.0,17
6,7,30,30,144,134,1,8.0,0
6,7,190,60,153,101,0,1.0,8
6,7,180,20,150,123,0,8.0,4
6,7,330,40,146,139,3,8.0,12
6,7,210,40,171,119,0,0.0,16
6,7,140,40,202,130,0,0.0,13
6,7,310,10,208,156,0,8.0,25
6,7,350,20,222,159,0,8.0,-5
6,7,230,60,168,135,0,8.0,3
6,7,220,40,150,113,0,1.0,15
6,7,30,30,157,115,0,3.0,19
6,7,80,20,214,138,0,0.0,15
6,7,130,40,239,156,0,8.0,27
6,7,120,30,245,170,0,8.0,25
6,7,280,30,188,169,0,8.0,18
6,7,20,50,165,108,0,5.0,10
6,7,30,50,151,103,0,0.0,21
6,7,120,20,216,114,0,0.0,23
6,7,270,50,249,174,0,0.0,-2
6,7,70,40,181,84,0,2.0,20
6,7,140,10,209,85,0,4.0,24
6,7,250,30,154,118,0,8.0,26
6,7,320,50,137,109,0,8.0,7
6,7,180,50,116,86,0,8.0,7
6,7,220,40,96,83,7,8.0,14
6,7,220,60,124,89,0,8.0,22
6,7,230,30,129,111,0,8.0,15
6,7,360,50,115,89,0,8.0,10
6,7,10,10,121,88,0,8.0,10
6,7,50,30,156,107,0,8.0,2
6,7,80,40,190,135,0,0.0,18
6,7,140,40,180,154,0,1.0,18
6,7,250,30,188,145,0,8.0,-1
6,7,230,30,175,144,0,8.0,14
6,7,190,20,188,158,0,8.0,12
6,7,80,20,194,151,0,8.0,13
6,7,210,40,168,148,0,7.0,11
6,7,230,40,178,130,0,8.0,17
6,7,260,30,162,107,0,0.0,15
6,7,170,40,204,133,0,8.0,11
6,7,200,20,156,136,0,4.0,22
6,7,150,30,204,123,0,0.0,16
6,7,90,20,231,131,0,1.0,16
6,7,110,50,226,132,0,0.0,8
6,7,130,40,234,149,0,0.0,16
6,7,200,40,205,174,0,8.0,9
6,7,220,70,166,110,0,8.0,10
6,7,230,60,164,96,0,1.0,14
6,7,230,70,168,109,0,4.0,7
6,7,10,31,95,41,0,7.0,2
6,7,80,26,93,49,0,7.0,9
6,7,220,41,83,74,10,8.0,15
6,7,250,51,81,41,0,2.0,12
6,7,210,26,81,49,0,5.0,21
6,7,200,15,117,53,-1,7.0,12
6,7,120,26,135,97,0,7.0,14
6,7,350,41,120,90,0,5.0,2
6,7,200,51,134,109,-1,8.0,4
6,7,220,62,123,99,-1,8.0,15
6,7,250,46,124,73,0,3.0,14
6,7,200,57,151,101,0,7.0,13
6,7,230,77,125,90,0,6.0,10
6,7,230,62,115,62,0,7.0,6
6,7,210,26,96,80,6,8.0,-2
6,7,260,41,113,83,0,7.0,11
6,7,140,15,123,72,0,1.0,22
6,7,270,26,114,95,-1,8.0,7
6,7,220,67,103,87,-1,8.0,9
6,7,190,21,113,104,-1,8.0,5
6,7,220,21,117,109,0,6.0,28
6,7,260,36,157,98,0,3.0,9
6,7,230,57,160,105,0,6.0,5
6,7,260,46,147,124,0,6.0,0
6,7,230,31,160,152,1,8.0,-2
6,7,240,57,148,125,0,8.0,7
6,7,50,21,130,109,-1,8.0,-11
6,7,280,36,125,91,0,7.0,7
6,7,250,26,115,84,0,7.0,7
6,7,210,36,143,97,0,7.0,0
6,7,80,36,159,111,-1,8.0,14
6,7,30,5,177,155,0,7.0,16
6,7,230,57,145,127,0,7.0,17
6,7,350,26,137,124,2,8.0,-1
6,7,190,26,140,120,0,8.0,-1
6,7,180,10,154,143,0,8.0,5
6,7,250,15,143,133,0,8.0,4
6,7,350,21,152,141,0,8.0,22
6,7,40,10,151,128,0,4.0,11
6,7,70,41,169,128,0,1.0,10
6,7,50,41,135,77,0,1.0,13
6,7,10,26,139,107,0,5.0,18
6,7,40,15,170,125,0,0.0,17
6,7,300,10,178,133,0,6.0,23
6,7,230,10,205,125,0,1.0,22
6,7,10,31,177,151,0,8.0,3
6,7,50,51,132,74,0,4.0,14
6,7,30,15,130,72,0,7.0,10
6,7,990,5,116,81,0,6.0,11
6,7,30,41,155,98,0,6.0,17
6,7,40,21,136,104,0,7.0,9
6,7,230,21,130,116,0,7.0,5
6,7,40,31,142,100,0,1.0,15
6,7,40,51,141,95,0,4.0,16
6,7,30,36,152,121,0,2.0,14
6,7,360,26,151,121,0,2.0,15
6,7,360,15,168,135,0,1.0,19
6,7,80,5,191,131,0,2.0,28
6,7,100,10,202,136,0,1.0,28
6,7,100,21,200,132,0,2.0,33
6,7,240,36,146,96,0,6.0,9
6,7,140,31,183,127,0,5.0,12
6,7,270,31,148,142,0,8.0,-7
6,7,360,15,136,115,0,7.0,4
6,7,990,5,187,133,0,2.0,24
6,7,50,26,178,131,0,6.0,17
6,7,220,5,187,120,0,1.0,20
6,7,100,26,185,131,0,5.0,24
6,7,90,46,197,134,0,0.0,23
6,7,130,21,228,161,0,5.0,20
6,7,200,77,195,169,0,4.0,7
6,7,190,72,143,97,0,7.0,-2
6,7,130,5,138,113,0,7.0,8
6,7,230,36,133,94,0,7.0,3
6,7,30,41,123,86,0,6.0,14
6,7,230,51,121,121,17,8.0,4
6,7,250,36,137,134,0,7.0,14
6,7,220,67,146,117,-1,7.0,5
6,7,230,51,159,134,0,8.0,-1
6,7,280,31,170,119,0,2.0,12
6,7,340,21,153,111,0,2.0,4
6,7,20,15,138,118,0,6.0,30
6,7,330,21,129,106,0,7.0,15
6,7,280,41,129,95,0,3.0,5
6,7,240,5,120,106,0,7.0,9
6,7,130,15,122,98,-1,8.0,8
6,7,270,36,169,151,0,7.0,12
6,7,320,21,125,112,0,7.0,18
6,7,60,21,169,126,0,1.0,21
6,7,60,26,182,137,0,0.0,23
6,7,150,31,157,87,0,1.0,27
6,7,220,46,181,164,2,8.0,3
6,7,200,72,147,120,-1,7.0,11
6,7,220,98,116,92,0,7.0,14
6,7,290,46,120,87,0,3.0,10
6,7,220,51,112,93,0,7.0,5
6,7,240,46,137,134,-1,8.0,5
6,7,210,21,124,118,-1,8.0,3
6,7,270,36,117,87,0,1.0,11
6,7,260,31,119,98,2,5.0,-18
6,7,340,41,100,75,-1,7.0,15
6,7,80,21,124,113,0,5.0,20
6,7,60,21,129,104,0,4.0,10
6,7,350,21,140,110,0,1.0,12
6,7,230,10,129,86,0,2.0,16
6,7,300,31,133,114,-1,8.0,12
6,7,70,15,118,104,0,8.0,15
6,7,230,46,161,104,0,7.0,11
6,7,240,57,156,127,0,7.0,2
6,7,220,31,152,144,-1,8.0,0
6,7,230,62,159,123,0,4.0,11
6,7,240,51,160,155,3,8.0,6
6,7,310,21,159,89,0,1.0,8
6,7,90,41,163,106,0,0.0,19
6,7,130,46,222,148,0,3.0,27
6,7,220,21,191,154,0,3.0,-5
6,7,240,21,163,125,0,7.0,14
6,7,10,21,198,172,0,6.0,26
6,7,220,31,242,186,0,3.0,14
6,7,150,21,179,126,0,0.0,15
6,7,320,26,129,113,0,8.0,9
6,7,120,21,103,103,0,8.0,13
6,7,210,21,137,112,0,3.0,23
6,7,220,62,133,117,0,7.0,12
6,7,40,21,142,132,0,7.0,-2
6,7,320,21,123,104,0,7.0,3
6,7,200,41,128,112,-1,8.0,8
6,7,230,57,90,79,-1,8.0,20
6,7,250,57,108,91,2,7.0,-3
6,7,230,57,105,96,0,7.0,10
6,7,250,41,113,96,0,5.0,6
6,7,10,10,118,113,0,7.0,6
6,7,10,21,113,105,0,7.0,11
6,7,320,31,126,107,0,7.0,5
6,7,210,51,102,99,2,8.0,2
6,7,240,36,109,104,0,8.0,-1
6,7,230,57,126,121,5,8.0,5
6,7,250,31,145,143,0,8.0,4
6,7,220,46,151,131,0,2.0,11
6,7,190,10,204,147,0,4.0,18
6,7,250,41,183,152,0,3.0,20
6,7,340,36,125,97,0,4.0,19
6,7,360,41,134,104,0,7.0,7
6,7,30,26,118,95,0,7.0,11
6,7,20,15,172,145,0,6.0,24
6,7,10,21,144,144,0,8.0,1
6,7,60,36,205,161,0,2.0,22
6,7,60,36,221,170,0,1.0,20
6,7,30,26,190,125,0,1.0,20
6,7,90,15,178,139,0,2.0,17
6,7,190,41,102,91,6,8.0,7
6,7,30,15,125,91,0,8.0,10
6,7,110,21,140,102,0,0.0,19
6,7,230,41,153,83,0,6.0,14
6,7,120,31,192,134,0,0.0,24
6,7,140,26,220,139,0,2.0,23
6,7,150,31,259,181,0,1.0,24
6,7,190,51,260,184,0,3.0,8
6,7,260,26,164,146,0,7.0,7
6,7,150,31,185,157,0,0.0,19
6,7,230,36,187,158,0,1.0,19
6,7,260,51,178,147,0,6.0,3
6,7,280,31,146,88,0,0.0,15
6,7,320,15,116,90,0,6.0,9
6,7,60,36,129,76,0,1.0,16
6,7,990,10,156,104,0,1.0,12
6,7,200,10,165,127,0,5.0,27
6,7,340,26,164,122,0,7.0,13
6,7,280,41,124,91,0,7.0,7
6,7,290,21,120,71,0,5.0,18
6,7,310,46,120,56,0,4.0,15
6,7,320,31,124,96,0,7.0,7
6,7,330,31,124,83,0,7.0,13
6,7,290,21,116,81,0,7.0,15
6,7,320,10,125,104,0,7.0,8
6,7,190,10,150,110,0,7.0,9
6,7,280,15,134,134,9,8.0,9
6,7,150,21,149,129,0,7.0,24
6,7,280,57,129,123,0,7.0,6
6,7,250,57,131,113,0,7.0,9
6,7,60,60,114,42,0,3.0,13
6,7,60,70,148,83,0,1.0,18
6,7,60,30,167,74,0,1.0,19
6,7,120,10,176,85,0,1.0,25
6,7,70,30,186,112,0,7.0,30
6,7,160,10,195,102,0,6.0,16
6,7,140,50,224,143,0,4.0,14
6,7,180,20,177,166,4,8.0,0
6,7,240,50,152,129,0,2.0,12
6,7,60,30,183,140,0,1.0,20
6,7,90,40,190,134,0,7.0,17
6,7,220,40,168,155,0,7.0,8
6,7,240,30,180,160,0,5.0,3
6,7,250,40,158,138,0,7.0,8
6,7,280,30,129,102,0,7.0,14
6,7,110,20,139,83,0,1.0,13
6,7,50,50,137,75,0,3.0,7
6,7,50,10,134,74,0,2.0,9
6,7,120,40,156,81,0,7.0,21
6,7,220,50,134,118,0,5.0,16
6,7,210,40,140,131,4,7.0,16
6,7,210,60,145,103,0,3.0,13
6,7,260,50,140,119,0,6.0,9
6,7,280,50,132,87,0,6.0,-5
6,7,160,40,135,84,0,7.0,13
6,7,110,40,129,127,2,8.0,8
6,7,140,20,156,140,0,4.0,19
6,7,160,40,140,122,0,5.0,6
6,7,360,20,152,132,0,7.0,20
6,7,220,60,151,140,0,7.0,14
6,7,210,30,159,129,0,7.0,5
6,7,140,50,172,125,0,6.0,8
6,7,230,60,164,116,0,0.0,5
6,7,230,50,152,123,0,3.0,1
6,7,70,70,135,117,0,6.0,21
6,7,90,20,164,164,0,7.0,3
6,7,250,30,167,160,-1,8.0,-8
6,7,220,70,144,118,0,7.0,7
6,7,200,60,156,142,0,8.0,6
6,7,230,40,155,140,0,7.0,5
6,7,180,40,144,126,-1,7.0,3
6,7,300,40,90,86,25,8.0,5
6,7,160,40,113,74,0,1.0,13
6,7,130,50,110,106,7,8.0,7
6,7,190,30,146,134,0,5.0,3
6,7,230,40,128,125,0,8.0,9
6,7,270,40,129,99,0,7.0,15
6,7,230,50,129,124,2,8.0,8
6,7,220,40,154,139,0,8.0,10
6,7,990,10,212,181,0,6.0,20
6,7,160,30,239,180,0,6.0,18
6,7,270,60,173,141,0,6.0,9
6,7,220,50,144,119,0,7.0,13
6,7,210,40,166,148,0,8.0,5
6,7,150,40,223,170,0,4.0,13
6,7,210,20,157,119,0,7.0,16
6,7,170,30,175,128,0,7.0,12
6,7,220,70,141,121,0,8.0,9
6,7,220,70,150,131,0,5.0,15
6,7,200,40,128,122,1,8.0,4
6,7,60,20,158,136,0,0.0,17
6,7,80,50,174,152,0,6.0,18
6,7,230,70,164,126,0,5.0,4
6,7,230,70,137,125,2,7.0,0
6,7,210,20,106,103,20,,2
6,7,180,60,142,114,0,,1
6,7,110,20,120,106,1,7.0,29
6,7,240,60,125,109,0,7.0,13
6,7,220,50,120,100,0,5.0,22
6,7,240,30,148,131,0,3.0,9
6,7,250,40,115,103,-1,8.0,-4
6,7,250,20,134,101,0,,3
6,7,50,30,139,123,0,,8
6,7,20,20,161,136,0,1.0,12
6,7,20,20,166,133,0,2.0,24
6,7,70,40,182,144,0,0.0,23
6,7,220,20,202,158,0,1.0,21
6,7,340,20,134,81,0,6.0,2
6,7,990,10,144,98,0,,15
6,7,220,60,154,127,0,,2
6,7,330,30,135,104,0,3.0,5
6,7,300,20,132,106,0,1.0,7
6,7,990,10,141,98,0,7.0,9
6,7,70,20,139,118,0,6.0,19
6,7,60,40,139,95,0,0.0,12
6,7,80,50,158,97,0,,18
6,7,190,40,184,162,0,,11
6,7,200,60,151,118,0,3.0,10
6,7,190,60,166,136,2,8.0,-6
6,7,240,30,174,168,0,8.0,1
6,7,180,30,144,110,0,,17
6,7,250,30,154,139,0,,22
6,7,90,30,183,155,0,,23
6,7,270,40,175,169,0,,-4
6,7,350,10,143,111,0,8.0,-6
6,7,290,30,117,107,-1,7.0,3
6,7,260,40,122,109,-1,7.0,10
6,7,110,20,144,114,0,1.0,21
6,7,120,40,198,138,0,1.0,24
6,7,280,30,166,141,0,,7
6,7,280,30,145,104,0,,13
6,7,240,50,129,109,0,,13
6,7,230,40,150,140,0,8.0,12
6,7,230,40,162,149,0,8.0,-2
6,7,300,40,156,141,0,8.0,7
6,7,330,20,131,88,0,6.0,10
6,7,130,30,129,80,0,,15
6,7,210,40,186,116,0,,28
6,7,170,30,236,134,0,,24
6,7,180,30,255,189,0,1.0,18
6,7,240,50,222,176,0,3.0,13
6,7,240,40,171,126,0,7.0,9
6,7,230,80,153,119,0,7.0,6
6,7,240,50,141,122,0,,1
6,7,270,40,133,112,0,,14
6,7,290,30,127,82,0,7.0,6
6,7,300,20,120,84,0,7.0,19
6,7,310,10,137,80,0,1.0,-8
6,7,280,30,124,76,0,7.0,12
6,7,280,20,131,78,0,6.0,11
6,7,300,40,141,87,0,3.0,13
6,7,230,50,129,122,9,,0
6,7,290,50,96,56,0,,5
6,7,230,40,94,67,-1,,13
6,7,220,30,143,97,0,5.0,23
6,7,20,10,149,116,0,7.0,9
6,7,260,80,116,98,2,8.0,-3
6,7,250,30,130,97,0,7.0,12
6,7,990,10,120,53,0,,9
6,7,30,10,136,68,0,,9
6,7,320,30,137,89,0,3.0,4
6,7,230,30,129,86,0,7.0,4
6,7,310,10,140,104,0,7.0,11
6,7,40,30,141,99,0,0.0,21
6,7,160,30,191,113,0,5.0,13
6,7,190,30,164,119,0,,23
6,7,200,40,154,134,0,,10
6,7,310,40,140,115,0,7.0,8
6,7,340,30,128,59,0,4.0,8
6,7,190,40,149,92,0,4.0,18
6,7,310,30,163,121,0,5.0,19
6,7,290,50,143,93,0,5.0,12
6,7,60,20,158,99,0,,4
6,7,990,10,170,115,0,,28
6,7,30,30,170,125,0,1.0,24
6,7,70,50,176,120,0,4.0,26
6,7,170,30,205,160,-1,8.0,-9
6,7,240,50,165,134,0,7.0,20
6,7,230,40,182,138,0,1.0,18
6,7,240,20,204,158,0,,11
6,7,80,30,130,84,0,,13
6,7,100,50,157,99,0,,21
6,7,120,40,175,104,0,6.0,17
6,7,210,20,151,121,0,7.0,9
6,7,120,20,208,162,0,7.0,6
6,7,190,30,148,124,0,8.0,6
6,7,270,50,156,120,0,5.0,19
6,7,170,20,162,124,0,,23
6,7,240,30,183,134,0,,12
6,7,240,60,129,98,0,4.0,10
6,7,220,40,137,112,0,5.0,13
6,7,220,60,155,139,-1,8.0,4
6,7,240,50,129,98,0,8.0,-9
6,7,250,40,151,144,-1,8.0,16
6,7,280,60,164,152,1,,-5
6,7,190,30,157,148,3,,9
6,7,160,20,231,182,0,6.0,20
6,7,170,40,265,204,0,4.0,16
6,7,190,20,179,150,0,3.0,16
6,7,990,10,161,154,3,8.0,2
6,7,990,10,150,130,0,7.0,12
6,7,230,40,183,139,0,,9
6,7,260,50,162,131,0,,17
6,7,250,40,163,118,0,1.0,2
6,7,200,30,166,105,0,1.0,21
6,7,990,10,174,121,0,4.0,9
6,7,260,40,158,122,0,4.0,7
6,7,250,60,144,90,0,4.0,-10
6,7,270,40,140,88,0,,8
6,7,230,60,141,108,0,,22
6,7,100,20,198,167,0,,27
6,7,110,30,231,173,0,1.0,17
6,7,110,30,179,179,0,6.0,10
6,7,150,20,212,192,0,7.0,6
6,7,280,40,183,155,-1,8.0,-9
6,7,190,20,184,123,0,5.0,10
6,7,110,10,194,139,0,,15
6,7,150,30,217,180,0,,27
6,7,240,50,143,114,0,,14
6,7,120,20,183,145,0,5.0,23
6,7,240,60,186,126,0,5.0,7
6,7,110,10,199,150,0,1.0,16
6,7,110,20,180,146,0,1.0,18
6,7,50,30,159,120,0,7.0,21
6,7,70,40,165,121,0,,18
6,7,80,30,180,126,0,6.0,14
6,7,90,30,183,144,0,7.0,26
6,7,240,50,171,153,0,8.0,-4
6,7,250,50,185,154,0,7.0,6
6,7,280,50,166,100,0,3.0,11
6,7,260,30,159,102,0,,14
6,7,100,20,164,118,0,,25
6,7,140,30,196,175,0,7.0,13
6,7,240,30,177,144,0,6.0,10
6,7,40,30,162,126,0,2.0,6
6,7,70,50,154,107,0,6.0,13
6,7,100,20,199,133,0,,16
6,7,230,50,191,157,0,,4
6,7,60,20,183,152,0,,10
6,7,70,30,189,139,0,7.0,11
6,7,100,20,137,133,0,5.0,27
6,7,340,20,165,129,0,4.0,7
6,7,360,40,130,114,0,6.0,17
6,7,220,60,119,115,7,8.0,4
6,7,310,30,134,111,0,,11
6,7,990,10,151,131,0,,-13
6,7,210,20,188,135,0,1.0,13
6,7,220,30,222,160,0,0.0,23
6,7,260,50,208,142,0,4.0,9
6,7,220,10,190,150,0,7.0,16
6,7,260,40,169,137,0,5.0,5
6,7,280,40,148,102,0,,13
6,7,330,30,131,102,0,,-7
6,7,240,40,141,108,0,7.0,15
6,7,270,30,194,154,0,0.0,20
6,7,320,30,143,79,0,6.0,16
6,7,240,80,188,131,0,2.0,9
6,7,250,30,145,130,-1,8.0,10
6,7,280,30,113,89,0,3.0,13
6,7,230,50,118,85,0,7.0,18
6,7,180,30,107,94,0,8.0,4
6,7,230,20,145,115,0,6.0,15
6,7,210,80,196,158,0,6.0,-4
6,7,240,110,146,88,0,7.0,8
6,7,240,60,131,104,0,7.0,8
6,7,190,30,159,101,0,,19
6,7,200,40,165,150,3,,3
6,7,270,50,166,129,0,1.0,6
6,7,240,40,162,121,0,1.0,23
6,7,200,20,156,128,0,7.0,25
6,7,100,20,119,63,0,,14
6,7,230,50,151,136,0,,6
6,7,190,30,201,145,0,,22
6,7,220,90,134,99,0,,6
6,7,240,50,134,116,-1,,8
6,7,350,30,136,110,0,,-13
6,7,330,30,102,46,0,,5
6,7,350,30,108,62,0,,5
6,7,70,20,133,79,0,,11
6,7,990,10,146,90,0,,14
6,7,310,30,117,39,0,,2
6,7,260,30,111,69,0,,21
6,7,270,40,114,85,0,,3
6,7,220,30,145,53,0,,19
6,7,200,30,169,114,0,,22
6,7,230,60,180,102,0,,13
6,7,240,40,178,172,2,,12
6,7,60,20,176,139,0,,21
6,7,120,40,205,112,0,,26
6,7,120,20,242,149,0,,28
6,7,270,30,207,151,0,,8
6,7,990,10,196,124,0,,18
6,7,120,20,232,149,0,,17
6,7,120,20,253,182,0,,19
6,7,240,10,223,183,0,,-17
6,7,60,30,144,117,0,,8
6,7,80,20,176,121,0,,21
6,7,50,50,178,95,0,,25
6,7,240,20,167,145,0,,12
6,7,240,20,179,172,-1,,9
6,7,280,40,88,51,0,,1
6,7,360,30,105,76,0,,15
6,7,260,30,138,64,0,,10
6,7,330,20,108,75,0,,13
6,7,350,30,122,79,0,,-1
6,7,10,30,101,75,0,,11
6,7,990,10,133,99,0,,17
6,7,990,10,175,112,0,,11
6,7,100,10,192,120,0,,29
6,7,110,10,204,131,0,,32
6,7,140,40,226,128,0,,20
6,7,120,40,216,109,0,,24
6,7,190,20,247,150,0,,24
6,7,70,10,200,166,0,,15
6,7,10,20,137,126,0,,1
6,7,310,30,136,95,0,,8
6,7,990,10,162,94,0,,12
6,7,140,20,202,137,0,,21
6,7,220,50,218,182,0,,-21
6,7,270,40,193,132,0,,17
6,7,210,50,172,114,0,,-3
6,7,230,70,149,99,0,,15
6,7,230,30,141,96,0,,17
6,7,130,20,176,118,0,,20
6,7,50,20,197,143,0,,23
6,7,210,40,175,170,1,,3
6,7,300,10,139,106,0,,12
6,7,20,20,142,121,0,,22
6,7,40,40,156,111,0,,18
6,7,70,20,191,142,0,,20
6,7,80,30,166,131,0,1.0,17
6,7,30,20,176,139,0,0.0,20
6,7,360,20,151,143,0,8.0,17
6,7,50,40,188,148,0,0.0,9
6,7,40,40,179,155,0,7.0,16
6,7,360,40,158,145,0,8.0,11
6,7,20,40,201,172,0,0.0,20
6,7,100,20,242,193,0,0.0,20
6,7,240,40,169,166,44,7.0,2
6,7,270,20,169,160,0,7.0,10
6,7,300,10,173,166,0,8.0,10
6,7,270,40,148,147,0,7.0,0
6,7,240,40,151,136,0,8.0,12
6,7,100,30,204,163,0,2.0,19
6,7,220,40,185,175,1,8.0,9
6,7,230,50,164,134,0,8.0,8
6,7,210,60,162,131,0,7.0,5
6,7,250,40,162,157,3,8.0,0
6,7,990,10,189,155,0,0.0,16
6,7,220,40,213,195,0,8.0,-5
6,7,360,10,173,132,0,8.0,11
6,7,200,20,166,145,0,3.0,26
6,7,230,60,141,125,0,8.0,8
6,7,230,60,163,132,0,5.0,13
6,7,180,50,183,159,0,8.0,3
6,7,270,40,134,120,0,8.0,19
6,7,220,50,116,82,4,1.0,27
6,7,250,50,143,124,0,6.0,11
6,7,210,60,145,116,-1,8.0,10
6,7,240,60,166,142,0,8.0,1
6,7,80,20,150,146,0,8.0,21
6,7,80,30,211,173,0,6.0,22
6,7,210,30,182,176,0,8.0,4
6,7,320,20,172,163,0,8.0,8
6,7,360,20,157,146,0,8.0,3
6,7,20,20,179,154,0,0.0,23
6,7,190,20,152,140,0,8.0,5
6,7,280,20,156,144,0,8.0,14
6,7,40,20,205,139,0,0.0,16
6,7,270,20,215,147,0,0.0,7
6,7,280,30,148,107,0,8.0,6
6,7,200,10,124,107,1,8.0,-6
6,7,290,30,127,93,0,7.0,12
6,7,220,30,116,93,0,8.0,9
6,7,220,50,116,99,-1,8.0,21
6,7,320,20,128,86,0,3.0,8
6,7,60,30,142,93,0,0.0,17
6,7,240,50,147,100,0,5.0,18
6,7,210,60,172,115,-1,7.0,2
6,7,230,50,149,118,0,6.0,13
6,7,230,20,157,121,-1,8.0,10
6,7,200,30,220,176,0,6.0,23
6,7,250,60,157,106,0,3.0,7
6,7,70,60,153,95,0,0.0,18
6,7,150,20,165,114,-1,7.0,6
6,7,240,40,168,128,0,7.0,16
6,7,250,60,147,128,1,8.0,26
6,7,230,50,161,155,1,8.0,2
6,7,230,50,161,134,0,7.0,13
6,7,240,30,178,143,0,3.0,16
6,7,30,40,197,137,0,0.0,26
6,7,340,30,137,97,0,3.0,25
6,7,340,50,131,70,0,6.0,23
6,7,300,20,113,46,0,7.0,3
6,7,280,30,104,48,0,8.0,5
6,7,60,60,121,51,0,0.0,19
6,7,90,40,111,81,0,8.0,11
6,7,240,40,116,93,0,7.0,20
6,7,200,80,160,108,0,5.0,19
6,7,240,40,140,111,0,8.0,8
6,7,280,40,125,119,10,8.0,-1
6,7,290,40,136,101,0,3.0,9
6,7,210,20,139,84,0,7.0,21
6,7,220,30,182,133,-1,8.0,-21
6,7,30,10,156,133,0,8.0,3
6,7,250,30,142,124,0,8.0,18
6,7,130,20,157,124,0,0.0,21
6,7,290,30,163,139,0,8.0,16
6,7,230,50,143,114,0,2.0,24
6,7,290,40,153,97,0,5.0,1
6,7,350,20,135,97,0,8.0,6
6,7,350,30,140,94,0,4.0,2
6,7,40,30,146,121,0,6.0,16
6,7,60,40,173,112,0,0.0,19
6,7,70,40,174,120,0,7.0,26
6,7,60,40,186,162,0,8.0,25
6,7,280,10,183,175,0,8.0,21
6,7,340,10,193,174,0,8.0,9
6,7,310,10,174,172,0,9.0,15
6,7,350,20,208,175,0,0.0,20
6,7,240,20,97,95,0,9.0,3
6,7,350,40,146,95,0,0.0,18
6,7,30,40,155,71,0,0.0,15
6,7,70,40,160,85,0,0.0,20
6,7,110,20,181,107,0,0.0,31
6,7,140,20,204,118,0,0.0,31
6,7,240,60,157,127,0,8.0,10
6,7,120,30,161,115,0,8.0,-2
6,7,190,20,177,153,-1,8.0,-1
6,7,60,20,186,166,0,,18
6,7,210,70,193,156,0,8.0,-1
6,7,320,10,153,114,0,8.0,8
6,7,350,10,134,83,0,7.0,0
6,7,60,30,158,103,0,0.0,17
6,7,40,40,140,74,0,1.0,7
6,7,60,50,124,88,0,7.0,23
6,7,50,50,173,93,0,1.0,17
6,7,350,40,120,81,0,8.0,10
6,7,320,40,121,58,0,8.0,5
6,7,330,30,118,69,0,8.0,11
6,7,320,30,135,84,0,7.0,20
6,7,10,20,133,87,0,2.0,25
6,7,150,10,186,91,0,0.0,16
6,7,990,10,210,131,0,0.0,22
6,7,350,20,188,124,0,3.0,15
6,7,100,20,199,119,0,0.0,26
6,7,80,20,207,124,0,0.0,21
6,7,270,20,231,152,0,0.0,32
6,7,250,20,208,156,0,0.0,26
6,7,200,20,206,162,0,2.0,20
6,7,360,40,128,70,0,3.0,10
6,7,80,30,157,39,0,0.0,18
6,7,50,50,172,115,0,0.0,27
6,7,80,50,220,141,0,0.0,18
6,7,10,30,146,139,1,8.0,11
6,7,990,10,170,161,6,8.0,7
6,7,990,10,131,110,0,8.0,2
6,7,260,40,131,111,0,8.0,5
6,7,240,60,140,96,0,0.0,26
6,7,10,20,143,81,0,8.0,3
6,7,210,40,121,86,0,1.0,16
6,7,240,40,137,86,0,0.0,15
6,7,190,50,152,112,-1,8.0,11
6,7,270,20,157,135,0,8.0,4
6,7,190,20,186,137,0,8.0,19
6,7,180,40,180,139,-1,8.0,3
6,7,220,50,143,99,0,0.0,12
6,7,220,90,140,101,0,8.0,3
6,7,230,80,127,112,2,8.0,12
6,7,230,40,143,89,0,3.0,19
6,7,200,40,161,156,5,8.0,21
6,7,250,20,178,99,0,8.0,9
6,7,220,80,151,111,0,7.0,0
6,7,270,50,148,104,0,8.0,1
6,7,220,50,119,97,2,8.0,-1
6,7,250,40,168,156,0,8.0,7
6,7,120,40,221,169,0,0.0,23
6,7,140,30,255,185,0,0.0,21
6,7,250,40,179,172,0,8.0,-10
6,7,300,20,154,100,0,1.0,17
6,7,300,30,135,108,0,8.0,0
6,7,340,30,117,50,0,0.0,11
6,7,70,50,81,77,36,8.0,-2
6,7,90,50,85,78,2,8.0,2
6,7,240,30,107,55,0,0.0,9
6,7,120,30,107,103,27,8.0,4
6,7,210,30,152,117,-1,7.0,8
6,7,210,80,159,113,0,3.0,3
6,7,220,100,124,71,0,8.0,11
6,7,230,40,130,74,0,8.0,18
6,7,40,20,133,124,5,8.0,7
6,7,300,20,137,132,1,7.0,4
6,7,320,20,113,79,1,8.0,4
6,7,10,20,117,60,0,1.0,3
6,7,170,20,146,119,-1,7.0,-4
6,7,210,50,160,143,0,8.0,9
6,7,230,80,159,110,0,5.0,0
6,7,300,30,130,126,87,8.0,5
6,7,90,10,159,110,0,2.0,8
6,7,360,30,155,130,0,8.0,1
6,7,100,50,183,156,0,3.0,2
6,7,210,80,151,104,0,5.0,13
6,7,240,70,145,101,0,3.0,16
6,7,190,50,149,115,-1,8.0,-2
6,7,260,50,149,116,0,8.0,7
6,7,230,20,144,112,0,1.0,21
6,7,240,50,176,159,-1,8.0,2
6,7,90,20,209,181,0,4.0,15
6,7,230,20,187,127,0,8.0,-1
6,7,200,50,190,141,0,0.0,16
6,7,320,30,103,89,0,8.0,4
6,7,340,30,114,55,0,2.0,20
6,7,20,50,106,60,0,7.0,1
6,7,360,30,98,73,0,8.0,11
6,7,40,20,158,96,0,0.0,25
6,7,60,20,167,112,0,0.0,31
6,7,40,20,191,122,0,0.0,24
6,7,30,40,142,97,0,0.0,15
6,7,40,50,127,75,0,3.0,14
6,7,30,30,109,65,0,8.0,23
6,7,130,20,142,96,0,1.0,14
6,7,200,50,180,138,0,8.0,12
6,7,200,50,194,166,-1,8.0,8
6,7,240,50,131,99,0,8.0,14
6,7,180,50,169,104,0,7.0,17
6,7,240,60,142,68,0,8.0,24
6,7,70,50,182,96,0,0.0,26
6,7,990,10,220,152,0,0.0,17
6,7,220,60,215,186,-1,8.0,-13
6,7,120,20,206,173,0,7.0,2
6,7,220,60,154,147,8,8.0,5
6,7,200,40,170,139,0,8.0,19
6,7,210,80,145,110,-1,8.0,0
6,7,260,40,139,106,0,8.0,5
6,7,320,20,126,97,0,8.0,11
6,7,280,30,127,90,0,1.0,10
6,7,310,30,126,100,0,4.0,20
6,7,240,20,126,120,12,8.0,3
6,7,310,40,143,129,-1,8.0,4
6,7,210,30,122,98,0,8.0,28
6,7,340,20,143,93,0,3.0,0
6,7,990,10,150,90,0,2.0,19
6,7,990,10,168,82,0,1.0,21
6,7,140,30,166,129,0,6.0,8
6,7,210,70,119,82,0,8.0,3
6,7,150,20,161,99,0,0.0,16
6,7,100,20,202,135,0,0.0,22
6,7,0,0,202,164,0,8.0,6
6,7,90,30,215,177,0,3.0,21
6,7,110,40,207,174,0,1.0,8
6,7,290,30,167,130,0,8.0,12
6,7,60,20,175,120,0,5.0,1
6,7,330,30,177,122,0,0.0,6
6,7,340,30,147,107,0,8.0,5
6,7,10,30,149,105,0,7.0,7
6,7,330,20,131,95,0,8.0,14
6,7,330,30,151,119,0,8.0,4
6,7,360,20,146,113,0,7.0,-5
6,7,280,20,149,103,0,8.0,0
6,7,280,30,134,111,-1,8.0,14
6,7,310,20,154,103,0,2.0,11
6,7,340,30,162,105,0,5.0,5
6,7,990,10,158,90,0,0.0,13
6,7,270,20,178,126,0,1.0,12
6,7,10,30,148,95,0,4.0,9
6,7,0,0,159,100,0,8.0,20
6,7,200,20,178,109,0,8.0,13
6,7,210,30,146,132,-1,8.0,17
6,7,280,20,145,131,0,8.0,20
6,7,290,20,144,121,-1,8.0,13
6,7,220,20,127,76,0,8.0,12
6,7,210,90,126,92,1,8.0,0
6,7,230,70,148,94,0,1.0,5
6,7,80,40,153,80,0,0.0,21
6,7,140,30,209,125,0,0.0,29
6,7,280,40,159,86,0,4.0,2
6,7,990,10,154,92,0,0.0,14
6,7,40,50,115,67,0,5.0,23
6,7,50,60,125,58,0,8.0,-11
6,7,40,40,145,89,0,0.0,21
6,7,60,50,160,83,0,0.0,23
6,7,100,40,197,112,0,0.0,21
6,7,220,70,176,140,0,8.0,-11
6,7,220,20,161,127,0,8.0,3
6,7,30,40,130,76,0,8.0,16
6,7,30,40,125,56,0,7.0,3
6,7,200,40,154,66,0,1.0,19
6,7,280,40,161,127,0,4.0,-1
6,7,250,40,125,107,0,8.0,11
6,7,310,30,124,88,0,8.0,9
6,7,200,30,155,118,0,8.0,8
6,7,210,40,124,112,-1,8.0,4
6,7,280,40,124,95,0,4.0,22
6,7,230,30,128,96,0,8.0,10
6,7,230,20,178,125,0,2.0,17
6,7,200,20,189,138,0,8.0,19
6,7,270,40,184,147,0,7.0,1
6,7,170,20,178,104,0,8.0,15
6,7,280,20,186,139,0,1.0,18
6,7,100,20,201,141,0,0.0,20
6,7,310,20,169,165,-1,8.0,1
6,7,10,40,170,151,0,8.0,15
6,7,360,20,151,148,0,8.0,10
6,7,330,20,152,151,0,8.0,8
6,7,40,20,205,166,0,2.0,10
6,7,40,30,162,134,0,2.0,19
6,7,40,20,189,161,0,8.0,16
6,7,360,30,174,122,0,8.0,13
6,7,10,30,137,99,0,7.0,13
6,7,330,10,144,104,0,8.0,21
6,7,50,30,148,102,0,8.0,9
6,7,290,10,179,140,0,8.0,10
6,7,210,20,155,149,1,8.0,-5
6,7,220,50,144,129,0,8.0,7
6,7,190,20,137,131,25,8.0,18
6,7,990,10,154,131,0,3.0,17
6,7,290,20,137,129,-1,8.0,4
6,7,250,30,149,127,0,8.0,6
6,7,280,30,133,93,0,8.0,4
6,7,200,60,147,131,0,8.0,3
6,7,230,30,162,153,0,8.0,3
6,7,200,30,183,144,0,1.0,13
6,7,110,20,225,190,0,3.0,28
6,7,260,20,215,196,0,7.0,-14
6,7,300,20,163,140,0,8.0,10
6,7,230,50,142,123,0,8.0,11
6,7,210,50,148,120,0,8.0,7
6,7,120,30,154,124,0,7.0,23
6,7,230,80,147,129,0,8.0,12
6,7,200,40,154,145,3,8.0,8
6,7,60,20,159,88,0,0.0,20
6,7,80,20,204,123,0,7.0,21
6,7,240,30,205,140,0,5.0,24
6,7,280,40,165,126,0,2.0,11
6,7,200,40,153,87,0,8.0,19
6,7,150,60,146,124,1,8.0,1
6,7,230,100,137,89,0,7.0,-14
6,7,180,40,151,105,-1,8.0,15
6,7,180,30,153,144,21,8.0,-2
6,7,230,30,158,114,0,0.0,18
6,7,180,30,210,143,0,8.0,12
6,7,250,60,161,107,0,6.0,15
6,7,250,30,169,120,0,7.0,8
6,7,80,30,171,104,0,0.0,17
6,7,200,20,211,135,0,2.0,25
6,7,280,50,169,106,0,7.0,9
6,7,230,30,171,121,0,8.0,15
6,7,60,20,202,155,0,8.0,15
6,7,130,20,233,154,0,0.0,23
6,7,30,30,235,166,0,0.0,13
6,7,50,30,183,117,0,8.0,20
6,7,210,50,275,166,0,0.0,17
6,7,230,50,201,160,0,6.0,10
6,7,230,70,172,126,0,8.0,1
6,7,240,70,187,154,0,8.0,-2
6,7,280,30,169,102,0,7.0,15
6,7,60,50,157,97,0,8.0,16
6,7,160,30,193,186,7,8.0,4
6,7,270,30,163,150,-1,8.0,-4
6,7,220,50,170,134,0,8.0,5
6,7,280,10,183,178,1,8.0,8
6,7,240,40,162,150,0,8.0,0
6,7,0,0,190,151,0,5.0,8
6,7,20,20,179,163,0,7.0,14
6,7,30,20,153,123,0,8.0,4
6,7,60,30,179,140,0,0.0,19
6,7,330,20,222,159,0,1.0,19
6,7,330,10,179,175,22,8.0,-1
6,7,20,30,195,148,0,8.0,8
6,7,360,30,182,146,0,4.0,14
6,7,40,40,163,120,0,2.0,14
6,7,60,50,143,106,0,8.0,7
6,7,360,20,131,114,-1,8.0,12
6,7,190,40,155,109,0,8.0,29
6,7,90,10,160,149,0,8.0,20
6,7,240,30,176,128,0,8.0,16
6,7,230,70,159,106,0,7.0,5
6,7,210,50,174,128,0,8.0,12
6,7,230,40,165,146,0,8.0,2
6,7,230,30,179,152,0,8.0,4
6,7,290,50,149,107,0,8.0,13
6,7,300,50,129,53,0,8.0,4
6,7,320,40,147,96,0,6.0,0
6,7,10,20,142,103,0,8.0,3
6,7,10,30,153,122,0,8.0,10
6,7,360,20,128,91,0,8.0,15
6,7,20,20,162,125,0,0.0,19
6,7,40,20,208,136,0,0.0,25
6,7,30,30,196,125,0,0.0,24
6,7,50,40,196,142,0,0.0,26
6,7,230,40,181,127,0,8.0,15
6,7,180,30,230,152,0,8.0,24
6,7,230,30,197,147,0,8.0,10
6,7,40,10,188,90,0,3.0,15
6,7,220,40,175,160,-1,8.0,7
6,7,240,70,131,104,0,7.0,9
6,7,100,50,150,106,0,8.0,19
6,7,200,100,131,81,-1,8.0,7
6,7,230,30,138,97,0,8.0,14
6,7,40,40,154,111,0,6.0,16
6,7,250,40,125,97,0,8.0,9
6,7,20,20,150,141,0,8.0,23
6,7,200,80,152,103,0,2.0,13
6,7,190,10,161,129,0,8.0,13
6,7,280,20,154,148,-1,8.0,7
6,7,210,40,172,128,0,0.0,13
6,7,150,30,198,130,0,0.0,18
6,7,90,10,216,160,0,8.0,18
6,7,990,10,244,162,0,8.0,-8
6,7,230,50,181,148,0,8.0,-6
6,7,220,30,141,117,0,8.0,21
6,7,30,30,163,121,0,1.0,18
6,7,100,30,210,148,0,0.0,21
6,7,130,40,248,167,0,8.0,17
6,7,110,30,247,172,0,8.0,18
6,7,290,20,195,171,0,8.0,8
6,7,50,40,162,111,0,1.0,6
6,7,70,40,157,104,0,8.0,7
6,7,100,40,213,128,0,0.0,27
6,7,250,60,251,158,0,0.0,7
6,7,60,40,178,79,0,0.0,19
6,7,100,20,208,98,0,6.0,20
6,7,230,30,170,117,0,8.0,20
6,7,300,20,145,116,0,8.0,-3
6,7,180,50,116,86,0,8.0,6
6,7,210,60,88,76,10,8.0,10
6,7,230,60,133,96,-1,7.0,-6
6,7,250,30,134,115,-1,5.0,6
6,7,10,30,115,82,0,8.0,10
6,7,360,20,122,90,0,8.0,8
6,7,50,40,150,105,0,8.0,-2
6,7,90,40,190,139,0,0.0,17
6,7,160,30,184,155,0,2.0,18
6,7,250,30,202,176,0,8.0,12
6,7,240,20,181,126,0,8.0,9
6,7,110,10,184,165,1,8.0,17
6,7,60,30,195,163,0,7.0,13
6,7,200,40,167,147,0,8.0,11
6,7,230,40,179,145,0,8.0,11
6,7,260,30,162,118,0,0.0,11
6,7,170,50,203,118,0,1.0,12
6,7,230,30,157,133,0,1.0,19
6,7,160,30,200,119,0,0.0,22
6,7,80,30,221,132,0,0.0,24
6,7,110,50,224,135,0,0.0,20
6,7,120,40,236,145,0,0.0,16
6,7,190,30,205,186,0,8.0,12
6,7,240,70,167,109,0,8.0,5
6,7,220,60,166,92,0,6.0,0
6,7,220,80,160,108,0,7.0,12
