MM,HH,DD,FF,T,TD,RH,N,TC
8,4,170,15,131,125,0,3.0,-6
8,4,210,26,148,140,0,0.0,8
8,4,190,15,146,144,0,1.0,-4
8,4,220,21,154,136,0,4.0,4
8,4,210,26,155,155,0,0.0,5
8,4,210,36,186,149,0,4.0,2
8,4,200,26,164,156,0,1.0,5
8,4,360,41,172,172,-1,8.0,-3
8,4,10,26,121,121,0,1.0,-3
8,4,210,41,161,128,0,8.0,4
8,4,230,51,164,142,0,1.0,-5
8,4,280,21,166,166,8,8.0,-2
8,4,120,15,111,100,0,3.0,5
8,4,230,10,156,143,0,5.0,2
8,4,150,15,134,120,0,7.0,-4
8,4,230,41,159,139,0,6.0,-11
8,4,220,46,139,131,0,2.0,-7
8,4,260,26,126,117,0,2.0,-5
8,4,220,26,93,90,0,1.0,6
8,4,210,46,134,109,0,7.0,3
8,4,160,10,116,116,0,0.0,-8
8,4,160,26,168,115,0,1.0,11
8,4,240,72,174,150,0,7.0,-2
8,4,230,36,151,109,0,7.0,-9
8,4,140,15,116,108,0,3.0,-4
8,4,90,31,116,105,0,0.0,-6
8,4,990,5,122,108,0,2.0,-8
8,4,20,36,132,119,0,4.0,-7
8,4,40,41,95,89,0,3.0,-10
8,4,60,21,92,70,0,0.0,-3
8,4,80,31,121,100,0,0.0,-3
8,4,200,26,183,168,-1,7.0,11
8,4,990,15,172,143,0,7.0,1
8,4,200,31,168,166,0,1.0,0
8,4,230,72,138,120,0,6.0,2
8,4,190,31,116,103,0,1.0,3
8,4,200,21,141,127,0,1.0,0
8,4,50,31,143,137,0,1.0,1
8,4,350,36,189,189,22,8.0,-1
8,4,170,36,235,173,0,2.0,1
8,4,190,26,174,171,12,8.0,1
8,4,200,36,125,122,0,1.0,0
8,4,200,41,144,138,0,5.0,-1
8,4,220,87,141,130,-1,7.0,-1
8,4,210,93,144,144,15,8.0,0
8,4,220,26,120,118,0,7.0,1
8,4,190,31,117,98,0,6.0,4
8,4,200,41,135,135,5,8.0,2
8,4,990,10,139,137,0,7.0,1
8,4,210,26,152,152,0,3.0,3
8,4,140,10,179,176,0,7.0,4
8,4,230,51,172,166,0,8.0,0
8,4,990,5,137,126,0,2.0,-3
8,4,270,51,136,134,1,8.0,-5
8,4,200,77,151,111,0,8.0,-1
8,4,230,72,194,174,0,7.0,-2
8,4,990,5,169,169,0,7.0,7
8,4,230,77,184,158,0,7.0,-4
8,4,200,36,202,168,0,6.0,2
8,4,310,21,133,133,-1,8.0,3
8,4,170,41,126,110,0,2.0,2
8,4,200,41,118,109,0,5.0,-1
8,4,220,46,113,99,0,6.0,4
8,4,180,10,128,112,0,6.0,8
8,4,210,26,139,128,0,7.0,5
8,4,280,26,155,121,0,4.0,-7
8,4,140,15,158,138,-1,8.0,-4
8,4,240,77,121,105,0,1.0,0
8,4,200,26,103,91,0,2.0,10
8,4,210,31,144,131,0,6.0,-4
8,4,210,26,141,136,0,7.0,0
8,4,240,62,162,152,0,7.0,0
8,4,190,36,92,80,0,1.0,4
8,4,210,51,163,140,0,5.0,0
8,4,220,31,92,87,0,1.0,-4
8,4,80,36,108,82,0,3.0,7
8,4,180,77,188,166,0,7.0,-4
8,4,210,26,145,140,0,2.0,-11
8,4,30,36,132,132,0,8.0,-3
8,4,50,31,108,87,0,3.0,-4
8,4,220,10,103,91,0,0.0,-2
8,4,190,31,138,98,0,4.0,1
8,4,230,36,163,147,0,6.0,-18
8,4,40,46,146,131,0,7.0,-4
8,4,230,31,84,84,0,2.0,3
8,4,210,31,81,73,0,3.0,4
8,4,200,10,76,69,0,1.0,-8
8,4,210,36,104,85,0,8.0,-3
8,4,30,41,96,90,0,0.0,-9
8,4,20,26,98,93,0,7.0,-2
8,4,210,15,68,64,0,0.0,-1
8,4,210,41,91,69,0,3.0,1
8,4,290,26,111,97,0,8.0,1
8,4,990,15,185,181,0,3.0,4
8,4,180,15,148,141,0,4.0,0
8,4,190,15,156,128,0,1.0,2
8,4,180,26,193,146,0,3.0,15
8,4,240,41,205,185,0,3.0,-4
8,4,0,0,186,186,0,3.0,5
8,4,30,51,169,144,0,7.0,-1
8,4,30,36,153,132,0,4.0,-1
8,4,30,31,138,132,0,1.0,0
8,4,60,72,166,132,0,8.0,-7
8,4,200,57,161,157,0,1.0,0
8,4,250,21,164,157,-1,8.0,-4
8,4,230,31,124,118,0,7.0,2
8,4,220,31,95,88,0,7.0,7
8,4,210,31,85,83,0,3.0,6
8,4,160,5,90,75,0,1.0,-4
8,4,200,41,152,109,-1,7.0,-10
8,4,230,82,127,110,0,6.0,-6
8,4,230,67,134,134,-1,8.0,3
8,4,210,51,141,139,0,8.0,2
8,4,200,21,129,124,0,6.0,0
8,4,80,31,156,138,-1,7.0,-5
8,4,200,36,187,187,0,1.0,-5
8,4,290,31,165,162,-1,8.0,-8
8,4,200,31,143,118,0,7.0,-8
8,4,200,21,152,138,0,7.0,-9
8,4,200,57,148,135,0,6.0,4
8,4,230,62,135,132,0,7.0,1
8,4,230,62,112,103,0,3.0,-3
8,4,130,15,115,109,0,5.0,1
8,4,100,26,118,105,0,1.0,-2
8,4,990,15,196,144,0,0.0,-14
8,4,60,31,177,158,0,1.0,12
8,4,80,26,166,101,0,1.0,7
8,4,30,41,172,150,0,2.0,-6
8,4,50,31,145,135,0,1.0,-3
8,4,990,5,182,152,0,2.0,-4
8,4,10,51,169,155,0,8.0,-1
8,4,20,46,152,106,0,8.0,-2
8,4,40,31,125,102,0,2.0,-3
8,4,120,10,119,75,0,1.0,3
8,4,100,36,161,90,0,1.0,-1
8,4,210,26,205,173,0,7.0,9
8,4,230,41,189,151,0,7.0,-5
8,4,330,31,149,147,0,7.0,-2
8,4,290,5,119,114,0,1.0,-9
8,4,210,15,139,135,0,4.0,-1
8,4,30,31,163,153,0,3.0,-11
8,4,70,26,154,118,0,0.0,-3
8,4,990,5,171,142,0,0.0,2
8,4,90,21,202,162,0,4.0,-11
8,4,20,31,163,156,0,2.0,-6
8,4,990,15,165,151,0,0.0,1
8,4,210,26,185,159,0,1.0,8
8,4,260,21,179,178,0,7.0,-1
8,4,220,62,165,131,0,6.0,-10
8,4,250,41,158,142,0,7.0,0
8,4,260,57,151,141,-1,8.0,-4
8,4,250,41,96,94,-1,6.0,0
8,4,990,15,116,111,0,7.0,3
8,4,290,21,105,98,0,7.0,1
8,4,990,10,113,113,0,7.0,-2
8,4,220,40,170,145,0,7.0,1
8,4,200,20,112,99,0,4.0,3
8,4,990,10,114,104,0,1.0,-9
8,4,70,20,106,93,0,0.0,10
8,4,110,40,118,83,0,0.0,8
8,4,100,40,150,95,0,7.0,7
8,4,200,20,113,103,0,2.0,16
8,4,200,30,106,93,0,1.0,13
8,4,160,20,138,99,0,4.0,9
8,4,160,30,200,119,0,6.0,18
8,4,190,20,168,164,14,8.0,0
8,4,990,10,155,150,8,8.0,-1
8,4,220,70,150,149,32,8.0,0
8,4,280,30,169,169,-1,8.0,-2
8,4,300,30,153,152,0,8.0,-1
8,4,990,10,143,137,0,7.0,-1
8,4,110,10,117,113,0,3.0,-6
8,4,70,10,134,124,0,0.0,-2
8,4,100,30,155,131,0,0.0,0
8,4,130,30,175,115,0,0.0,-6
8,4,170,20,170,166,-1,7.0,4
8,4,990,10,156,149,0,5.0,-5
8,4,140,30,172,140,0,8.0,-4
8,4,200,50,144,129,0,1.0,-4
8,4,200,40,143,128,0,7.0,-4
8,4,190,30,123,116,0,3.0,-1
8,4,180,20,117,105,0,5.0,-1
8,4,220,20,127,126,13,8.0,-1
8,4,210,120,126,119,30,8.0,-1
8,4,250,70,134,132,25,8.0,-1
8,4,230,40,110,107,0,5.0,1
8,4,250,40,135,132,-1,8.0,1
8,4,210,30,161,161,20,8.0,2
8,4,0,0,134,132,0,2.0,-2
8,4,40,20,161,161,0,7.0,5
8,4,40,40,146,136,0,5.0,-5
8,4,70,40,167,144,0,1.0,0
8,4,80,30,158,130,0,0.0,9
8,4,990,10,166,144,0,1.0,-4
8,4,200,10,165,142,0,2.0,-5
8,4,170,20,175,135,0,1.0,-1
8,4,90,40,172,135,0,2.0,-1
8,4,990,10,183,115,0,1.0,-16
8,4,200,10,174,122,0,1.0,0
8,4,220,30,175,152,0,3.0,-6
8,4,180,20,137,129,0,1.0,2
8,4,120,10,146,134,0,0.0,6
8,4,60,10,165,153,0,1.0,3
8,4,200,10,159,146,0,0.0,-7
8,4,20,20,153,113,0,1.0,-10
8,4,990,10,150,144,0,1.0,-1
8,4,200,20,160,148,0,0.0,0
8,4,220,30,202,164,0,7.0,-1
8,4,210,20,193,191,0,7.0,2
8,4,170,30,216,188,0,6.0,1
8,4,150,30,196,173,0,1.0,-1
8,4,270,20,182,177,0,7.0,-1
8,4,160,20,155,152,0,6.0,4
8,4,130,30,161,157,2,8.0,-1
8,4,220,60,147,121,0,6.0,-6
8,4,160,30,131,105,0,7.0,7
8,4,200,30,143,134,0,6.0,-14
8,4,180,20,109,109,0,6.0,2
8,4,330,10,142,138,0,7.0,-1
8,4,180,20,111,111,0,0.0,4
8,4,220,50,166,148,4,8.0,-4
8,4,200,40,115,105,0,6.0,6
8,4,170,20,120,113,0,2.0,14
8,4,210,40,132,103,0,2.0,1
8,4,170,20,161,146,0,2.0,1
8,4,40,30,150,144,0,1.0,0
8,4,80,20,147,126,0,0.0,8
8,4,200,30,179,165,0,1.0,12
8,4,300,20,195,183,0,3.0,-1
8,4,240,30,144,131,0,2.0,-6
8,4,200,30,125,103,0,7.0,6
8,4,200,20,155,137,0,5.0,10
8,4,20,20,132,122,0,1.0,3
8,4,170,10,116,96,0,1.0,2
8,4,210,20,133,115,0,6.0,0
8,4,40,30,136,113,0,5.0,-7
8,4,210,20,125,111,0,6.0,-5
8,4,220,80,157,117,-1,8.0,-7
8,4,240,50,130,111,0,4.0,-1
8,4,210,30,88,87,0,1.0,-2
8,4,250,60,149,146,0,7.0,0
8,4,230,30,89,76,0,1.0,4
8,4,210,40,123,113,0,7.0,7
8,4,280,20,104,92,0,8.0,-2
8,4,250,30,103,102,0,7.0,2
8,4,250,20,107,92,0,7.0,1
8,4,200,20,125,125,2,8.0,0
8,4,990,10,118,118,0,9.0,1
8,4,990,10,167,98,0,3.0,-1
8,4,80,10,173,99,0,2.0,0
8,4,110,40,179,87,0,3.0,-3
8,4,190,20,152,145,0,1.0,4
8,4,170,20,194,186,9,8.0,2
8,4,190,20,158,149,0,4.0,0
8,4,230,60,199,175,-1,8.0,-4
8,4,100,20,148,129,0,6.0,3
8,4,180,30,152,117,0,1.0,11
8,4,190,30,175,143,0,7.0,-4
8,4,320,30,146,141,-1,8.0,-4
8,4,0,0,111,106,0,6.0,3
8,4,200,30,97,87,0,7.0,-2
8,4,200,30,141,133,22,8.0,-3
8,4,230,50,136,127,0,3.0,-1
8,4,210,40,137,122,0,4.0,-4
8,4,210,40,115,111,0,2.0,-1
8,4,150,50,151,107,0,7.0,-3
8,4,220,90,141,116,0,3.0,-4
8,4,220,50,124,114,0,2.0,-1
8,4,210,10,95,95,0,1.0,-1
8,4,60,10,90,86,0,1.0,-6
8,4,70,30,92,73,0,6.0,-1
8,4,50,30,112,97,0,5.0,-1
8,4,100,30,165,135,0,7.0,1
8,4,220,50,219,190,-1,8.0,-8
8,4,210,30,148,127,0,7.0,9
8,4,330,30,144,133,0,5.0,-2
8,4,160,10,123,117,0,1.0,-1
8,4,180,40,150,129,0,7.0,-14
8,4,320,10,131,113,0,4.0,4
8,4,180,20,156,132,0,6.0,16
8,4,180,20,162,151,0,7.0,5
8,4,200,30,140,126,0,7.0,3
8,4,190,20,119,110,0,1.0,6
8,4,250,10,124,119,0,7.0,9
8,4,240,10,133,124,0,6.0,-7
8,4,990,10,161,151,0,7.0,-1
8,4,240,30,157,149,2,7.0,-1
8,4,200,20,152,148,0,4.0,2
8,4,240,50,183,151,0,4.0,-2
8,4,200,30,144,128,0,7.0,1
8,4,990,10,139,129,0,1.0,1
8,4,170,20,143,120,0,1.0,4
8,4,990,10,196,159,0,7.0,3
8,4,220,30,195,176,0,7.0,3
8,4,200,30,145,122,0,7.0,-1
8,4,210,30,165,158,-1,7.0,-1
8,4,200,20,135,103,0,5.0,-12
8,4,160,20,163,158,2,7.0,1
8,4,100,20,171,160,0,7.0,0
8,4,990,10,129,111,0,7.0,0
8,4,230,30,125,120,0,2.0,-4
8,4,990,10,118,106,0,3.0,-7
8,4,80,20,117,102,0,2.0,-4
8,4,60,10,120,98,0,4.0,-2
8,4,110,20,129,115,0,1.0,6
8,4,170,10,166,158,15,8.0,1
8,4,200,40,117,105,0,1.0,1
8,4,200,30,114,97,0,3.0,8
8,4,0,0,122,106,0,7.0,-3
8,4,40,20,106,98,0,0.0,0
8,4,990,10,134,127,0,2.0,-2
8,4,60,30,139,115,0,4.0,11
8,4,190,50,193,174,-1,7.0,2
8,4,260,50,165,138,-1,8.0,-22
8,4,200,40,144,119,-1,7.0,-2
8,4,200,30,160,135,0,7.0,2
8,4,230,80,162,133,0,7.0,-1
8,4,210,70,138,129,0,4.0,3
8,4,200,40,139,122,0,7.0,3
8,4,210,50,128,110,0,7.0,-1
8,4,220,20,98,91,0,1.0,4
8,4,200,50,137,104,0,4.0,1
8,4,230,80,183,135,0,7.0,-4
8,4,990,10,161,146,0,0.0,-3
8,4,170,20,180,148,0,1.0,3
8,4,250,40,194,172,8,7.0,-4
8,4,140,10,123,101,0,2.0,-8
8,4,40,20,155,144,-1,7.0,0
8,4,180,40,179,156,-1,7.0,0
8,4,180,30,167,134,0,7.0,0
8,4,100,10,154,146,0,2.0,-1
8,4,190,10,161,138,0,1.0,-1
8,4,150,20,172,139,0,2.0,4
8,4,200,30,181,155,0,4.0,-1
8,4,190,20,179,156,0,3.0,-2
8,4,180,30,189,137,0,3.0,-4
8,4,320,20,191,184,1,7.0,-3
8,4,0,0,108,97,0,3.0,0
8,4,70,20,107,91,0,1.0,-1
8,4,110,10,120,82,0,4.0,-4
8,4,200,30,124,118,0,5.0,13
8,4,260,30,176,169,31,8.0,-11
8,4,200,40,155,127,0,7.0,-4
8,4,220,40,146,138,6,7.0,-3
8,4,180,30,143,130,0,7.0,3
8,4,170,20,139,129,0,7.0,-3
8,4,230,30,143,136,0,7.0,-3
8,4,210,20,131,125,0,4.0,5
8,4,230,20,156,152,0,8.0,-1
8,4,990,10,151,136,-1,7.0,6
8,4,170,20,152,137,0,7.0,-4
8,4,250,20,157,149,0,2.0,-4
8,4,230,50,141,134,1,8.0,-1
8,4,260,30,148,141,0,7.0,-2
8,4,190,10,137,129,0,0.0,1
8,4,160,10,148,128,0,0.0,6
8,4,170,10,158,126,0,1.0,2
8,4,990,10,163,137,0,2.0,6
8,4,90,10,181,141,0,0.0,-10
8,4,160,20,188,174,21,8.0,6
8,4,180,30,191,151,0,7.0,-9
8,4,230,50,154,149,15,8.0,1
8,4,250,20,152,143,0,7.0,-1
8,4,360,20,155,145,0,8.0,1
8,4,50,30,164,158,17,8.0,-2
8,4,230,20,143,126,0,7.0,-1
8,4,20,40,158,145,0,7.0,-5
8,4,330,20,170,165,0,8.0,0
8,4,330,30,188,183,0,8.0,-3
8,4,0,0,166,160,0,8.0,0
8,4,210,20,152,145,0,3.0,2
8,4,220,20,170,160,0,8.0,-6
8,4,190,20,141,133,0,0.0,10
8,4,220,30,180,167,0,0.0,-9
8,4,100,10,184,176,0,0.0,2
8,4,20,10,183,163,0,0.0,6
8,4,40,20,166,133,0,0.0,5
8,4,60,20,179,145,0,0.0,4
8,4,130,30,235,154,-1,6.0,11
8,4,0,0,202,195,0,0.0,-10
8,4,230,30,191,185,0,0.0,-3
8,4,170,10,165,148,0,0.0,3
8,4,150,10,165,137,0,0.0,14
8,4,130,20,207,171,0,0.0,-4
8,4,300,30,200,179,0,0.0,-6
8,4,0,0,192,175,-1,7.0,-1
8,4,200,10,108,95,0,0.0,-1
8,4,30,30,114,87,0,0.0,2
8,4,40,30,150,108,-1,8.0,2
8,4,200,30,181,158,0,4.0,7
8,4,230,50,168,150,0,4.0,-3
8,4,60,10,131,107,0,1.0,-8
8,4,190,10,125,99,0,0.0,-7
8,4,230,60,141,101,0,0.0,-2
8,4,210,40,177,154,0,7.0,-1
8,4,30,30,127,116,0,0.0,-7
8,4,40,30,162,120,0,8.0,-1
8,4,320,10,129,123,0,0.0,-10
8,4,240,20,137,121,0,8.0,3
8,4,0,0,109,98,0,5.0,-6
8,4,40,30,142,140,17,8.0,-1
8,4,250,20,127,125,1,7.0,2
8,4,220,30,98,90,0,7.0,-3
8,4,220,20,140,128,0,1.0,7
8,4,40,20,147,138,0,0.0,5
8,4,50,30,152,130,0,0.0,18
8,4,990,10,184,156,0,8.0,2
8,4,30,20,196,173,0,8.0,1
8,4,210,30,181,141,0,0.0,-10
8,4,300,20,186,171,0,8.0,4
8,4,70,10,179,170,0,8.0,3
8,4,100,40,203,138,0,0.0,3
8,4,90,50,200,118,0,0.0,-2
8,4,200,20,187,181,0,8.0,0
8,4,130,20,172,146,0,0.0,9
8,4,210,60,155,140,-1,8.0,5
8,4,260,60,164,156,0,8.0,0
8,4,190,20,141,137,0,0.0,2
8,4,180,30,176,156,5,8.0,4
8,4,190,40,162,149,0,4.0,5
8,4,190,60,184,169,-1,8.0,-1
8,4,190,80,171,147,0,0.0,2
8,4,210,80,163,134,0,3.0,4
8,4,200,40,125,117,0,3.0,10
8,4,160,20,104,92,0,8.0,0
8,4,150,20,122,85,0,8.0,0
8,4,190,40,162,140,0,4.0,-3
8,4,200,50,144,120,0,8.0,0
8,4,250,50,148,139,-1,8.0,-2
8,4,210,50,135,124,0,8.0,2
8,4,210,30,158,152,-1,8.0,-1
8,4,200,40,152,143,0,8.0,-1
8,4,230,50,141,120,0,8.0,-1
8,4,240,50,123,109,1,8.0,-3
8,4,990,10,138,119,0,8.0,1
8,4,40,30,118,97,0,0.0,-1
8,4,200,20,101,91,0,0.0,10
8,4,220,40,118,106,0,0.0,4
8,4,190,40,133,109,0,8.0,4
8,4,260,30,116,112,0,4.0,1
8,4,320,50,106,94,21,8.0,-7
8,4,250,50,115,106,0,7.0,0
8,4,250,30,117,111,0,7.0,-1
8,4,230,30,107,89,0,5.0,-1
8,4,270,20,144,125,0,8.0,1
8,4,190,30,144,142,0,7.0,4
8,4,200,20,86,79,0,2.0,1
8,4,210,50,141,135,49,8.0,5
8,4,320,50,127,117,0,8.0,-1
8,4,340,20,122,116,0,3.0,-4
8,4,90,20,117,109,0,0.0,3
8,4,100,40,154,126,0,0.0,-7
8,4,160,20,161,141,0,0.0,-3
8,4,170,20,157,136,0,8.0,-5
8,4,990,10,139,134,0,8.0,6
8,4,330,20,155,140,0,8.0,0
8,4,210,30,141,135,0,7.0,4
8,4,200,20,97,94,0,1.0,2
8,4,200,60,137,126,5,8.0,3
8,4,220,60,108,83,0,0.0,-4
8,4,200,40,106,93,0,0.0,-1
8,4,190,10,104,92,0,0.0,-2
8,4,170,30,117,92,0,0.0,10
8,4,30,10,136,120,0,0.0,2
8,4,90,20,175,125,0,0.0,-2
8,4,200,60,176,132,0,8.0,2
8,4,230,70,149,125,0,6.0,4
8,4,220,30,132,125,2,8.0,-1
8,4,240,20,152,147,11,8.0,0
8,4,30,40,165,156,0,8.0,0
8,4,320,30,165,157,0,8.0,-3
8,4,260,20,152,147,0,8.0,1
8,4,360,40,150,120,0,8.0,0
8,4,240,10,124,114,0,6.0,4
8,4,210,30,102,94,0,7.0,9
8,4,210,20,115,110,1,8.0,0
8,4,200,30,113,101,0,8.0,2
8,4,100,10,99,94,0,8.0,9
8,4,210,30,102,97,0,2.0,4
8,4,250,40,139,129,-1,8.0,-1
8,4,170,30,142,131,0,8.0,6
8,4,100,20,157,138,0,8.0,-1
8,4,170,30,169,143,0,8.0,2
8,4,180,40,155,131,0,1.0,-4
8,4,210,50,152,141,0,8.0,2
8,4,220,60,146,125,0,8.0,1
8,4,260,20,135,131,0,8.0,1
8,4,180,20,107,101,0,0.0,15
8,4,130,20,160,128,0,8.0,-2
8,4,190,20,141,136,0,8.0,0
8,4,190,20,126,121,0,8.0,5
8,4,230,20,145,140,0,8.0,2
8,4,220,50,142,133,0,8.0,-2
8,4,230,50,108,96,0,7.0,-4
8,4,220,40,100,94,0,7.0,2
8,4,200,50,102,90,0,3.0,6
8,4,180,10,92,81,0,0.0,15
8,4,110,20,146,106,0,8.0,4
8,4,250,20,131,123,0,8.0,5
8,4,190,40,125,99,0,0.0,7
8,4,160,40,145,118,0,0.0,21
8,4,180,50,209,125,0,0.0,-4
8,4,300,20,157,153,4,8.0,-1
8,4,30,40,145,133,0,8.0,-2
8,4,310,30,126,122,16,8.0,0
8,4,340,40,146,143,2,8.0,0
8,4,350,20,134,125,0,2.0,-4
8,4,180,10,107,103,0,0.0,-1
8,4,220,40,139,129,0,4.0,3
8,4,180,10,125,100,0,5.0,4
8,4,200,80,186,174,1,8.0,9
8,4,200,80,169,153,-1,8.0,-8
8,4,200,40,109,91,0,0.0,3
8,4,190,30,102,88,0,6.0,5
8,4,160,30,155,107,0,8.0,-3
8,4,220,60,146,139,3,8.0,-4
8,4,100,20,135,130,0,8.0,-3
8,4,320,30,168,166,1,8.0,-11
8,4,120,20,155,149,0,8.0,0
8,4,170,20,124,119,0,0.0,1
8,4,240,30,158,154,0,8.0,0
8,4,190,20,150,149,0,9.0,1
8,4,340,10,117,110,0,5.0,-4
8,4,290,10,108,103,0,5.0,0
8,4,20,30,84,72,0,5.0,3
8,4,250,10,69,65,0,0.0,-7
8,4,230,30,146,142,8,8.0,1
8,4,150,20,197,189,-1,8.0,0
8,4,200,40,165,128,0,8.0,-2
8,4,220,60,151,136,0,8.0,1
8,4,240,40,152,142,0,6.0,6
8,4,220,50,144,123,0,8.0,1
8,4,180,30,167,138,0,0.0,6
8,4,170,20,192,156,0,6.0,15
8,4,220,50,155,138,0,8.0,-1
8,4,230,20,106,99,0,0.0,0
8,4,210,60,171,139,3,8.0,1
8,4,220,60,151,122,0,8.0,-4
8,4,170,30,156,133,-1,8.0,0
8,4,210,90,146,107,0,5.0,2
8,4,220,50,126,96,0,0.0,-7
8,4,210,10,111,102,0,8.0,4
8,4,150,20,89,80,0,0.0,15
8,4,170,30,152,96,0,8.0,-2
8,4,180,30,145,117,0,6.0,4
8,4,210,60,172,125,0,8.0,-5
8,4,220,80,157,128,0,8.0,-4
8,4,190,60,139,107,0,8.0,4
8,4,190,20,151,145,1,8.0,0
8,4,220,40,112,108,0,1.0,2
8,4,200,30,104,100,0,2.0,3
8,4,210,40,142,136,0,8.0,1
8,4,230,60,171,141,0,8.0,-2
8,4,230,50,163,126,0,8.0,0
8,4,220,40,154,137,0,8.0,0
8,4,240,30,157,144,0,8.0,-2
8,4,990,10,126,123,0,0.0,-15
8,4,90,40,140,124,0,0.0,8
8,4,160,30,141,92,0,8.0,6
8,4,310,30,158,138,0,8.0,0
8,4,190,10,126,124,0,8.0,4
8,4,170,20,103,82,0,1.0,9
8,4,170,20,135,78,0,3.0,9
8,4,150,20,165,112,0,0.0,7
8,4,140,20,186,133,0,8.0,3
8,4,340,20,168,156,0,8.0,2
8,4,10,10,146,142,0,8.0,7
8,4,0,0,141,136,0,1.0,9
8,4,220,40,159,154,-1,8.0,3
8,4,210,50,140,133,0,7.0,5
8,4,190,30,158,156,0,8.0,-7
8,4,290,10,125,121,0,3.0,-11
8,4,190,20,118,97,0,0.0,6
8,4,240,30,170,142,0,0.0,-9
8,4,240,20,147,139,0,0.0,-5
8,4,200,20,118,112,0,0.0,1
8,4,170,30,165,121,0,0.0,3
8,4,170,20,241,151,0,0.0,1
8,4,230,40,163,119,0,8.0,-3
8,4,210,30,111,87,0,1.0,-4
8,4,110,20,133,85,0,0.0,5
8,4,100,20,131,89,0,0.0,-4
8,4,320,20,162,153,-1,6.0,-1
8,4,160,20,127,111,0,0.0,4
8,4,190,40,159,120,0,0.0,9
8,4,240,40,173,145,-1,8.0,-2
8,4,230,60,121,94,0,3.0,-1
8,4,200,50,108,79,0,7.0,-3
8,4,180,30,110,72,0,0.0,4
8,4,220,20,157,146,0,8.0,14
8,4,240,20,158,133,0,8.0,-6
8,4,270,10,138,137,0,8.0,2
8,4,210,40,143,113,0,8.0,4
8,4,270,20,137,131,2,8.0,0
8,4,190,20,102,100,0,0.0,8
8,4,170,30,134,77,0,0.0,10
8,4,270,20,154,148,17,8.0,-4
8,4,200,20,143,139,0,8.0,1
8,4,210,30,128,110,0,1.0,13
8,4,200,50,165,162,2,8.0,0
8,4,320,20,133,121,0,1.0,-11
8,4,200,20,133,126,0,8.0,0
8,4,190,10,97,96,0,0.0,4
8,4,20,50,160,127,0,8.0,0
8,4,190,20,148,146,1,8.0,1
8,4,260,50,145,140,-1,8.0,-4
8,4,210,40,144,139,-1,8.0,0
8,4,200,50,119,102,0,1.0,3
8,4,170,20,146,102,0,0.0,9
8,4,200,20,161,148,0,0.0,0
8,4,200,20,180,174,0,5.0,2
8,4,190,40,193,180,1,8.0,3
8,4,230,50,138,121,0,5.0,1
8,4,230,60,126,106,0,0.0,-2
8,4,200,40,176,166,-1,8.0,8
8,4,230,40,174,171,5,8.0,1
8,4,260,30,109,96,0,7.0,-9
8,4,230,40,121,109,-1,7.0,0
8,4,270,50,114,95,1,8.0,3
8,4,260,10,89,86,0,6.0,0
8,4,130,20,88,78,0,1.0,15
8,4,170,20,135,109,0,0.0,15
8,4,90,10,197,135,0,8.0,-11
8,4,210,40,156,149,0,0.0,-1
8,4,260,20,159,140,0,7.0,-1
8,4,130,10,159,147,0,8.0,4
8,4,230,50,135,115,0,8.0,0
8,4,200,60,126,108,-1,8.0,-3
8,4,240,50,138,119,-1,8.0,-11
8,4,200,20,72,63,0,0.0,20
8,4,220,70,154,69,0,8.0,2
8,4,230,40,161,153,-1,8.0,0
8,4,230,40,162,144,0,8.0,-6
8,4,180,40,180,172,23,8.0,2
8,4,220,40,116,105,0,0.0,6
8,4,170,20,144,111,0,8.0,-4
8,4,230,30,149,125,0,8.0,0
8,4,30,40,146,132,0,8.0,1
8,4,290,30,180,170,-1,8.0,-8
8,4,190,20,123,114,0,0.0,0
8,4,170,30,187,128,0,8.0,-11
8,4,250,20,164,138,0,7.0,4
8,4,350,40,163,151,-1,8.0,-2
8,4,180,20,177,166,0,0.0,-1
8,4,120,10,139,115,0,2.0,4
8,4,100,60,184,169,0,0.0,6
8,4,200,50,137,125,-1,8.0,-3
8,4,210,50,122,104,0,8.0,-3
8,4,220,50,114,98,0,4.0,-3
8,4,200,40,101,78,0,8.0,-3
8,4,190,30,82,77,0,0.0,-5
8,4,150,20,138,109,0,0.0,7
8,4,220,60,183,168,0,3.0,0
8,4,200,40,147,120,0,6.0,5
8,4,200,20,135,124,0,0.0,13
8,4,50,10,154,135,0,8.0,1
8,4,200,40,143,132,0,8.0,5
8,4,220,60,128,105,0,0.0,9
8,4,200,10,100,91,0,0.0,14
8,4,340,10,134,131,0,5.0,13
8,4,40,20,93,84,0,0.0,14
8,4,100,10,93,81,0,0.0,11
8,4,90,40,131,97,0,0.0,4
8,4,170,10,145,108,0,8.0,8
8,4,160,20,157,147,0,0.0,4
8,4,50,30,182,162,0,8.0,-4
8,4,180,20,150,127,0,8.0,-1
8,4,160,30,172,120,0,8.0,-9
8,4,160,30,193,122,0,0.0,-8
8,4,180,20,240,138,0,0.0,-4
8,4,240,30,212,180,0,0.0,-6
8,4,50,20,177,169,0,0.0,1
8,4,240,30,157,106,0,5.0,-1
8,4,210,40,112,96,0,0.0,-1
8,4,990,10,148,129,0,8.0,-8
8,4,210,70,158,137,-1,2.0,2
8,4,220,80,145,133,4,8.0,0
8,4,190,20,109,98,0,0.0,-4
8,4,180,40,184,109,-1,8.0,0
8,4,160,20,130,124,0,3.0,4
8,4,210,30,140,126,0,8.0,-3
8,4,240,50,131,121,-1,8.0,0
8,4,160,30,177,149,0,0.0,11
8,4,170,40,231,156,0,0.0,1
8,4,190,20,195,181,9,8.0,1
8,4,170,20,145,113,0,0.0,5
8,4,160,20,156,116,0,6.0,17
8,4,240,40,160,129,0,0.0,2
8,4,40,30,152,136,0,6.0,2
8,4,330,30,139,127,0,8.0,-1
8,4,210,20,124,117,0,7.0,-7
8,4,210,40,130,116,0,0.0,1
8,4,200,40,104,85,0,7.0,9
8,4,200,40,141,123,0,8.0,6
8,4,260,30,131,106,2,8.0,-6
8,4,200,40,97,81,0,0.0,3
8,4,190,40,127,97,0,2.0,12
8,4,180,30,158,116,0,4.0,-6
8,4,230,20,156,144,-1,8.0,-9
8,4,200,60,201,132,0,8.0,1
8,4,200,40,144,134,0,8.0,-4
8,4,180,10,98,92,0,8.0,5
8,4,160,20,114,83,0,1.0,-3
8,4,170,10,120,84,0,0.0,-1
8,4,40,20,139,120,0,0.0,-1
8,4,80,30,156,123,0,8.0,-1
8,4,150,10,133,129,0,0.0,3
8,4,50,30,119,116,0,2.0,-3
8,4,80,40,145,107,0,8.0,4
8,4,270,10,102,93,0,0.0,-2
8,4,200,30,109,97,0,0.0,4
8,4,200,20,122,108,0,0.0,-1
8,4,210,30,151,134,0,8.0,6
8,4,190,30,151,140,0,0.0,0
8,4,180,20,195,137,0,0.0,-2
8,4,180,10,155,136,0,1.0,6
8,4,200,10,153,149,0,8.0,9
8,4,260,20,146,136,0,1.0,-3
8,4,160,30,149,106,0,1.0,8
8,4,190,20,147,143,0,1.0,4
8,4,90,10,166,146,0,8.0,5
8,4,190,70,181,163,0,8.0,-6
8,4,180,20,158,127,0,7.0,16
8,4,210,70,138,104,0,0.0,-2
8,4,210,60,133,111,0,0.0,1
8,4,180,30,130,121,0,6.0,-3
8,4,210,50,131,111,0,8.0,6
8,4,210,30,129,123,5,8.0,-1
8,4,240,30,123,116,0,8.0,1
8,4,220,70,127,102,0,0.0,0
8,4,230,50,130,115,0,6.0,-4
8,4,190,60,113,102,0,8.0,-1
8,4,190,40,82,71,0,0.0,1
8,4,200,40,83,78,0,0.0,1
8,4,180,30,108,81,0,4.0,6
8,4,230,30,118,111,-1,8.0,-5
8,4,200,30,81,72,0,1.0,-1
8,4,150,10,99,89,0,8.0,-1
8,4,210,20,132,129,1,8.0,3
8,4,60,40,116,114,0,9.0,0
8,4,180,30,139,126,0,0.0,0
8,4,200,20,141,135,0,6.0,10
8,4,220,70,158,120,0,8.0,-9
8,4,220,30,128,125,0,8.0,0
8,4,70,20,105,69,0,3.0,2
8,4,160,10,102,91,0,0.0,9
8,4,160,30,194,100,0,0.0,10
8,4,290,30,199,138,0,7.0,-6
8,4,150,10,112,83,0,1.0,18
8,4,990,10,163,139,0,6.0,4
8,4,60,40,179,170,42,8.0,-2
8,4,300,20,176,169,0,8.0,-2
8,4,60,20,145,137,0,3.0,5
8,4,200,10,173,156,0,8.0,3
8,4,190,20,147,137,0,0.0,4
8,4,20,30,184,173,0,8.0,1
8,4,50,40,169,163,0,0.0,2
8,4,180,10,190,175,-1,8.0,1
8,4,200,30,162,152,0,1.0,2
8,4,310,30,148,142,0,8.0,-2
8,4,290,30,124,116,0,8.0,-3
8,4,230,40,123,115,-1,8.0,1
8,4,170,20,110,91,0,4.0,3
8,4,140,20,132,93,0,0.0,-19
8,4,190,10,132,119,0,0.0,-3
8,4,100,10,137,105,0,0.0,-2
8,4,90,60,162,90,0,0.0,-3
8,4,170,20,155,148,0,8.0,2
8,4,240,90,147,128,-1,8.0,-3
8,4,200,60,173,140,0,8.0,-6
8,4,220,50,186,144,-1,8.0,-12
8,4,190,30,116,113,0,2.0,0
8,4,180,20,112,101,0,0.0,3
8,4,40,40,170,157,0,1.0,-4
8,4,100,40,191,159,0,0.0,-17
8,4,190,40,118,99,0,8.0,4
8,4,160,20,136,131,5,8.0,6
8,4,220,60,173,169,8,8.0,1
8,4,230,30,161,141,0,8.0,-3
8,4,230,40,143,122,0,8.0,-2
8,4,200,30,130,127,0,1.0,1
8,4,180,30,128,119,0,0.0,8
8,4,240,50,163,126,0,8.0,-10
8,4,300,30,121,95,1,8.0,-11
8,4,270,10,109,101,1,8.0,-2
8,4,190,40,87,76,0,8.0,2
8,4,230,40,151,142,0,8.0,1
8,4,220,40,148,126,0,0.0,-2
8,4,200,20,141,138,0,7.0,-4
8,4,30,30,141,127,0,7.0,-6
8,4,40,30,109,100,0,6.0,9
8,4,70,30,120,103,0,0.0,5
8,4,50,20,113,90,0,0.0,2
8,4,170,10,133,129,0,0.0,10
8,4,200,40,162,141,0,8.0,-2
8,4,210,60,146,115,-1,8.0,2
8,4,210,40,142,129,-1,8.0,-2
8,4,180,30,158,137,0,4.0,0
8,4,110,20,155,124,0,0.0,2
8,4,80,20,178,150,0,0.0,9
8,4,200,40,199,164,0,0.0,6
8,4,50,40,181,165,0,0.0,-6
8,4,200,20,190,164,0,0.0,3
8,4,230,20,171,140,0,8.0,3
8,4,70,10,116,111,0,0.0,-5
8,4,110,10,127,93,0,0.0,-3
8,4,210,20,158,150,0,8.0,1
8,4,160,30,172,149,0,8.0,-2
8,4,200,50,195,176,1,8.0,3
8,4,230,50,173,128,0,8.0,-1
8,4,210,10,150,148,1,8.0,-7
8,4,200,20,95,92,0,2.0,15
8,4,190,20,105,84,0,4.0,5
8,4,50,20,144,118,0,8.0,5
8,4,210,60,140,118,0,8.0,-7
8,4,130,10,135,127,8,8.0,-2
8,4,280,10,139,136,0,8.0,0
8,4,230,40,143,120,0,8.0,-2
8,4,230,30,146,139,0,8.0,-1
8,4,110,30,136,114,0,2.0,2
8,4,140,20,165,123,0,2.0,2
8,4,200,10,135,132,0,1.0,-1
8,4,140,30,168,140,0,8.0,2
8,4,210,40,167,162,48,8.0,-6
8,4,200,40,117,101,0,0.0,-1
8,4,200,40,113,105,0,7.0,-4
8,4,200,10,122,102,0,6.0,-15
8,4,180,10,146,115,0,7.0,6
8,4,100,20,141,119,0,6.0,7
8,4,230,40,151,132,0,8.0,-1
8,4,140,20,140,115,0,8.0,2
8,4,160,10,156,145,0,4.0,3
8,4,360,20,157,142,0,6.0,-8
8,4,90,20,150,128,0,2.0,4
8,4,190,20,166,154,0,0.0,8
8,4,160,30,228,146,0,8.0,-19
8,4,280,30,133,130,9,8.0,0
8,4,30,20,163,123,0,6.0,18
8,4,190,10,163,137,0,7.0,3
8,4,350,10,179,149,0,0.0,2
8,4,320,20,191,149,0,8.0,5
8,4,360,20,175,161,0,8.0,3
8,4,60,30,156,111,0,3.0,11
8,4,190,10,181,130,0,0.0,6
8,4,180,50,197,178,69,8.0,9
8,4,80,40,167,125,0,8.0,4
8,4,210,40,138,117,0,8.0,1
8,4,230,40,136,117,0,6.0,-5
8,4,170,30,132,79,0,8.0,2
8,4,200,40,165,150,14,8.0,0
8,4,230,50,159,147,0,8.0,3
8,4,200,40,151,135,0,8.0,5
8,4,190,30,137,129,0,0.0,5
8,4,330,20,163,157,12,8.0,-5
8,4,200,20,114,108,0,0.0,9
8,4,190,30,139,127,0,1.0,10
8,4,230,30,183,164,0,8.0,2
8,4,0,0,186,170,0,8.0,-1
8,4,190,30,164,157,0,8.0,-3
8,4,180,20,152,150,0,0.0,4
8,4,240,40,157,138,0,8.0,0
8,4,240,50,116,103,7,8.0,-6
8,4,200,30,81,72,0,4.0,2
8,4,210,70,145,132,1,8.0,4
8,4,210,20,132,112,0,0.0,-7
8,4,150,10,142,106,0,8.0,-4
8,4,280,20,147,140,0,8.0,-1
8,4,990,10,104,90,0,8.0,1
8,4,200,40,150,112,0,8.0,1
8,4,190,10,134,127,0,2.0,9
8,4,340,40,163,155,0,8.0,-1
8,4,100,10,124,118,0,7.0,13
8,4,180,40,187,154,1,8.0,2
8,4,210,30,152,147,9,8.0,4
8,4,210,30,148,131,0,8.0,0
8,4,200,40,135,120,0,8.0,5
8,4,110,20,181,141,0,8.0,9
8,4,210,70,182,143,0,1.0,1
8,4,180,20,152,121,0,8.0,5
8,4,190,30,130,106,0,0.0,8
8,4,250,30,128,115,0,8.0,-1
8,4,190,30,106,101,0,0.0,1
8,4,210,50,154,149,2,8.0,1
8,4,210,40,144,129,0,8.0,0
8,4,200,40,185,128,0,8.0,-6
8,4,170,30,140,135,-1,8.0,2
8,4,190,30,125,108,0,2.0,-1
8,4,190,30,116,99,0,2.0,1
8,4,200,10,97,87,0,0.0,3
8,4,170,20,121,82,0,0.0,3
8,4,990,10,112,107,0,0.0,3
8,4,130,10,131,116,0,0.0,6
8,4,120,10,144,111,0,6.0,0
8,4,200,10,168,149,0,0.0,-2
8,4,90,10,181,164,0,0.0,6
8,4,180,20,208,132,0,8.0,-22
8,4,20,10,174,162,-1,8.0,1
8,4,320,10,116,111,0,1.0,-2
8,4,170,10,119,100,0,0.0,-1
8,4,220,40,231,166,-1,8.0,-3
8,4,230,20,167,131,0,8.0,-4
8,4,0,0,112,94,0,8.0,3
8,4,330,20,129,115,0,8.0,4
8,4,210,40,115,71,0,0.0,19
8,4,180,30,184,83,0,2.0,-10
8,4,160,10,192,117,0,0.0,-1
8,4,0,0,197,119,0,0.0,-1
8,4,360,20,226,157,0,8.0,1
8,4,110,40,204,158,0,8.0,10
8,4,130,10,202,172,0,8.0,-2
8,4,60,20,201,178,0,4.0,6
8,4,90,30,203,181,2,8.0,-2
8,4,180,10,199,143,0,1.0,1
8,4,0,0,171,162,0,8.0,5
8,4,80,20,181,176,0,8.0,-1
8,4,170,20,181,161,0,8.0,-7
8,4,210,30,160,143,0,8.0,2
8,4,160,20,151,129,0,8.0,8
8,4,200,40,198,172,0,7.0,1
8,4,180,40,266,138,-1,8.0,-15
8,4,210,30,183,126,0,8.0,-2
8,4,220,40,155,133,-1,8.0,-2
8,4,220,60,149,113,-1,8.0,-2
8,4,180,30,136,126,0,8.0,4
8,4,230,100,174,109,0,8.0,-6
8,4,200,20,130,116,0,8.0,5
8,4,220,60,163,126,0,8.0,-5
8,4,190,40,127,106,0,8.0,-1
8,4,240,20,119,112,0,8.0,3
8,4,340,40,133,127,6,8.0,-2
8,4,100,10,113,110,0,2.0,3
8,4,250,5,125,120,0,1.0,4
8,4,240,5,143,140,0,9.0,1
8,4,280,5,133,122,0,2.0,1
8,4,190,21,162,159,0,7.0,6
8,4,210,21,174,143,0,2.0,-8
8,4,230,21,175,151,0,7.0,-2
8,4,350,36,159,144,0,7.0,1
8,4,300,5,93,90,0,1.0,-1
8,4,240,31,169,136,0,7.0,-7
8,4,230,36,166,155,0,7.0,-1
8,4,260,21,162,159,0,7.0,-4
8,4,180,10,112,101,-1,7.0,5
8,4,290,5,133,128,0,7.0,-4
8,4,0,0,123,117,0,6.0,-8
8,4,240,31,151,145,0,8.0,4
8,4,220,36,138,122,0,6.0,-2
8,4,260,26,115,110,1,1.0,-5
8,4,230,26,102,94,0,5.0,-1
8,4,230,31,151,92,0,7.0,-3
8,4,180,10,76,70,0,0.0,-5
8,4,130,26,146,110,0,3.0,8
8,4,230,41,161,148,2,7.0,-5
8,4,210,31,136,104,0,3.0,-10
8,4,200,21,127,119,0,7.0,3
8,4,40,10,104,101,0,1.0,1
8,4,90,5,107,104,0,0.0,-10
8,4,360,36,124,106,0,0.0,-8
8,4,20,21,86,75,0,1.0,-13
8,4,70,15,92,73,0,1.0,-2
8,4,40,21,105,96,0,0.0,0
8,4,140,15,142,117,0,4.0,7
8,4,240,26,169,154,0,7.0,-5
8,4,210,21,160,145,0,7.0,1
8,4,230,41,136,123,0,1.0,2
8,4,210,31,118,88,0,1.0,4
8,4,220,26,144,126,0,2.0,4
8,4,50,21,117,111,0,1.0,2
8,4,70,41,171,166,4,7.0,-2
8,4,140,31,214,176,0,3.0,11
8,4,140,36,169,166,-1,8.0,0
8,4,210,31,125,117,0,6.0,7
8,4,210,36,140,126,0,7.0,3
8,4,230,46,140,113,0,7.0,-5
8,4,330,77,137,134,63,8.0,-8
8,4,250,21,124,105,0,7.0,-1
8,4,180,31,123,95,0,7.0,5
8,4,220,36,149,144,1,8.0,-1
8,4,220,15,117,114,0,7.0,7
8,4,150,5,149,143,0,6.0,3
8,4,60,26,168,162,0,4.0,2
8,4,260,36,163,150,0,7.0,-9
8,4,180,21,149,146,0,2.0,-7
8,4,250,26,130,104,0,3.0,-7
8,4,190,77,138,122,-1,8.0,1
8,4,230,51,193,169,-1,7.0,-1
8,4,240,21,150,144,-1,8.0,-2
8,4,220,41,160,149,0,8.0,-2
8,4,220,67,172,159,12,8.0,-2
8,4,290,21,141,136,3,8.0,-2
8,4,160,46,119,108,0,1.0,6
8,4,210,41,114,105,0,5.0,-2
8,4,220,21,120,118,0,6.0,7
8,4,0,0,119,119,0,3.0,-1
8,4,220,26,151,124,0,8.0,-7
8,4,210,21,144,119,-1,7.0,-1
8,4,140,21,150,144,3,8.0,5
8,4,260,57,143,115,0,5.0,3
8,4,210,21,135,114,0,7.0,3
8,4,250,15,128,126,0,5.0,7
8,4,200,15,133,125,0,7.0,9
8,4,280,41,151,149,75,8.0,-2
8,4,210,26,93,90,0,3.0,8
8,4,200,31,143,138,0,6.0,2
8,4,240,15,99,91,0,2.0,-6
8,4,100,26,100,84,0,5.0,-3
8,4,150,15,151,151,0,6.0,6
8,4,210,15,133,130,0,2.0,5
8,4,30,15,114,114,0,1.0,-4
8,4,30,15,90,78,0,3.0,-1
8,4,20,5,93,85,0,1.0,-7
8,4,230,15,138,108,0,7.0,6
8,4,220,31,146,138,0,2.0,-4
8,4,60,26,137,128,0,6.0,-2
8,4,150,5,71,68,0,3.0,13
8,4,240,21,85,77,0,2.0,-10
8,4,0,0,88,82,0,7.0,4
8,4,260,15,119,114,2,7.0,-2
8,4,10,15,88,80,0,5.0,7
8,4,360,21,92,84,0,1.0,-4
8,4,290,10,45,39,0,0.0,-4
8,4,220,26,120,101,0,8.0,0
8,4,290,31,119,113,0,7.0,2
8,4,0,0,174,169,0,2.0,11
8,4,210,10,130,127,0,2.0,17
8,4,150,5,144,134,0,3.0,6
8,4,90,5,179,150,0,2.0,6
8,4,250,15,187,172,0,2.0,-2
8,4,20,31,183,183,0,6.0,2
8,4,40,41,154,141,0,1.0,1
8,4,40,36,149,128,0,4.0,-11
8,4,40,15,134,125,0,4.0,-10
8,4,60,82,154,136,4,6.0,0
8,4,220,21,171,165,0,6.0,-4
8,4,300,46,157,149,1,7.0,1
8,4,300,31,143,99,0,7.0,1
8,4,230,21,117,91,0,7.0,1
8,4,230,21,90,81,0,4.0,-4
8,4,130,21,83,72,0,1.0,-5
8,4,230,31,150,118,-1,7.0,-4
8,4,270,67,149,119,0,4.0,-2
8,4,200,41,151,135,0,8.0,0
8,4,220,15,141,138,0,7.0,-1
8,4,0,0,124,122,-1,7.0,2
8,4,60,15,138,125,0,8.0,-2
8,4,210,21,193,186,0,7.0,-10
8,4,240,26,160,155,1,8.0,-7
8,4,190,21,125,119,0,7.0,3
8,4,200,31,125,120,0,1.0,-3
8,4,190,41,140,132,0,6.0,4
8,4,230,26,129,124,0,5.0,3
8,4,220,31,118,100,0,2.0,-5
8,4,190,10,113,107,0,7.0,-9
8,4,60,10,104,102,0,1.0,5
8,4,60,15,165,143,0,0.0,22
8,4,40,21,160,124,0,0.0,6
8,4,30,21,151,140,0,1.0,2
8,4,360,21,157,157,0,4.0,7
8,4,20,21,117,117,0,1.0,6
8,4,20,15,159,159,0,1.0,7
8,4,10,21,146,143,0,4.0,2
8,4,360,21,149,113,0,7.0,2
8,4,10,21,105,102,0,1.0,9
8,4,30,15,122,122,0,1.0,-2
8,4,40,15,123,110,0,0.0,18
8,4,190,5,159,123,0,1.0,0
8,4,230,21,172,159,0,7.0,3
8,4,280,10,106,106,0,1.0,-6
8,4,0,0,88,88,0,1.0,-4
8,4,280,10,120,120,0,3.0,3
8,4,20,26,167,161,0,6.0,-8
8,4,40,10,133,130,0,0.0,2
8,4,30,10,153,137,0,0.0,-7
8,4,10,36,180,158,0,4.0,-3
8,4,350,21,152,152,0,1.0,-14
8,4,20,26,161,161,0,0.0,-4
8,4,270,10,164,164,0,0.0,-1
8,4,300,31,166,166,0,4.0,-1
8,4,200,46,157,147,-1,8.0,2
8,4,270,36,173,146,0,7.0,-3
8,4,300,21,154,154,0,8.0,-2
8,4,270,31,111,106,-1,5.0,-1
8,4,300,26,122,108,-1,7.0,3
8,4,310,36,115,99,0,6.0,5
8,4,280,10,129,129,-1,7.0,-3
8,4,220,20,126,121,0,1.0,3
8,4,210,30,108,103,0,1.0,6
8,4,290,10,74,73,0,5.0,16
8,4,30,10,89,89,0,1.0,0
8,4,100,30,118,92,0,1.0,9
8,4,110,50,151,97,0,2.0,3
8,4,180,40,113,105,0,1.0,9
8,4,200,20,96,96,0,1.0,-12
8,4,130,20,142,122,0,7.0,-5
8,4,160,20,190,113,0,7.0,-2
8,4,140,30,159,159,5,8.0,1
8,4,0,0,139,139,0,7.0,5
8,4,330,60,176,176,29,8.0,1
8,4,300,40,162,162,0,8.0,-10
8,4,280,30,144,144,0,3.0,-4
8,4,330,10,139,136,0,7.0,6
8,4,120,10,96,96,0,1.0,7
8,4,40,20,104,102,0,0.0,-7
8,4,110,20,145,132,0,0.0,11
8,4,120,40,171,118,0,0.0,-1
8,4,200,20,178,170,-1,7.0,-1
8,4,180,20,108,108,0,3.0,12
8,4,130,30,158,125,0,5.0,-2
8,4,190,30,129,124,0,1.0,-1
8,4,190,50,119,116,0,1.0,0
8,4,190,30,114,111,0,5.0,-4
8,4,0,0,94,94,0,5.0,-1
8,4,280,20,125,119,0,7.0,8
8,4,240,60,133,130,4,8.0,2
8,4,270,50,146,140,4,7.0,4
8,4,270,20,128,119,0,7.0,-8
8,4,220,10,142,142,-1,8.0,2
8,4,250,20,172,172,-1,8.0,1
8,4,320,10,127,127,0,4.0,6
8,4,40,40,158,158,0,7.0,2
8,4,40,30,131,126,0,5.0,-1
8,4,70,30,160,131,0,1.0,0
8,4,80,30,170,137,0,1.0,-5
8,4,80,20,161,139,0,2.0,0
8,4,310,10,141,135,0,1.0,3
8,4,40,10,173,156,0,2.0,-17
8,4,110,40,195,137,0,1.0,-3
8,4,120,30,178,125,0,2.0,0
8,4,40,10,143,137,0,5.0,1
8,4,210,20,149,141,0,1.0,1
8,4,220,10,115,113,0,1.0,4
8,4,20,10,127,127,0,1.0,-4
8,4,30,10,148,148,0,4.0,-3
8,4,40,10,150,150,0,2.0,-2
8,4,20,10,144,124,0,3.0,-14
8,4,20,20,138,133,0,0.0,-2
8,4,220,10,179,179,0,8.0,-4
8,4,260,20,196,184,-1,8.0,-2
8,4,180,10,197,197,0,7.0,-5
8,4,200,20,207,186,0,2.0,-9
8,4,150,10,180,180,0,4.0,0
8,4,270,20,184,184,-1,7.0,-1
8,4,130,20,153,153,0,2.0,-2
8,4,170,30,168,166,0,8.0,-4
8,4,220,50,150,123,0,6.0,-5
8,4,160,20,128,114,0,8.0,-1
8,4,200,20,149,146,0,6.0,-7
8,4,990,10,95,95,0,3.0,2
8,4,20,40,134,127,0,8.0,0
8,4,0,0,101,101,0,3.0,-2
8,4,230,40,162,160,4,8.0,3
8,4,230,20,138,128,0,3.0,-5
8,4,170,20,124,119,0,1.0,-8
8,4,230,20,136,119,0,2.0,2
8,4,200,20,134,131,0,3.0,12
8,4,990,10,153,153,0,7.0,6
8,4,50,20,116,105,0,0.0,4
8,4,220,20,175,164,0,4.0,-2
8,4,20,10,171,169,0,5.0,-5
8,4,280,30,142,107,0,1.0,-14
8,4,200,20,143,124,0,8.0,2
8,4,220,30,155,149,0,6.0,5
8,4,180,10,85,85,0,1.0,-5
8,4,200,20,111,109,0,2.0,6
8,4,210,10,155,144,-1,8.0,-2
8,4,990,10,86,85,0,2.0,-2
8,4,220,20,96,95,0,6.0,11
8,4,220,50,144,132,3,8.0,-4
8,4,260,30,135,120,1,6.0,-7
8,4,230,20,93,92,0,2.0,8
8,4,280,80,152,137,-1,6.0,-1
8,4,240,20,97,78,0,7.0,9
8,4,200,20,132,115,0,7.0,-3
8,4,250,20,104,93,0,5.0,-8
8,4,250,20,103,97,0,7.0,1
8,4,990,10,97,95,0,7.0,-4
8,4,190,30,129,129,3,8.0,0
8,4,0,0,75,75,0,1.0,-4
8,4,990,10,136,117,0,6.0,12
8,4,990,10,145,120,0,2.0,7
8,4,130,30,170,101,0,3.0,6
8,4,990,10,167,165,0,0.0,2
8,4,240,30,190,178,15,8.0,-8
8,4,240,10,110,105,0,6.0,1
8,4,120,40,190,163,1,8.0,-7
8,4,990,10,131,130,0,7.0,7
8,4,190,20,133,126,0,2.0,9
8,4,990,10,156,154,2,7.0,1
8,4,320,20,148,111,0,8.0,-3
8,4,0,0,102,94,0,6.0,-6
8,4,0,0,96,92,0,7.0,8
8,4,180,40,144,139,2,8.0,2
8,4,230,30,127,122,0,2.0,1
8,4,210,20,120,112,0,5.0,4
8,4,210,20,107,104,0,4.0,11
8,4,170,60,154,113,0,7.0,-8
8,4,210,50,140,125,0,5.0,4
8,4,230,40,137,124,0,7.0,-1
8,4,240,30,94,91,0,1.0,-14
8,4,0,0,51,47,0,4.0,9
8,4,50,20,85,79,0,7.0,-1
8,4,40,30,105,85,0,7.0,-3
8,4,100,20,169,138,0,7.0,2
8,4,250,20,193,180,0,6.0,-4
8,4,220,20,153,140,0,7.0,7
8,4,0,0,107,104,0,3.0,-10
8,4,20,10,98,95,0,0.0,2
8,4,0,0,111,107,0,1.0,1
8,4,990,10,119,112,0,7.0,11
8,4,180,20,161,142,0,7.0,6
8,4,220,30,144,136,0,3.0,-2
8,4,200,40,149,125,0,7.0,-2
8,4,210,20,119,115,0,2.0,2
8,4,320,20,99,96,0,1.0,19
8,4,250,20,129,125,0,3.0,-5
8,4,280,10,149,145,0,7.0,5
8,4,250,10,155,152,0,7.0,1
8,4,0,0,109,106,0,1.0,0
8,4,250,30,174,150,0,7.0,-6
8,4,240,20,165,146,0,7.0,-1
8,4,990,10,112,108,0,1.0,6
8,4,140,10,142,125,0,0.0,7
8,4,90,10,186,165,-1,7.0,-2
8,4,250,30,176,161,0,7.0,2
8,4,210,30,146,122,0,7.0,3
8,4,210,20,165,160,0,7.0,-1
8,4,200,30,113,96,0,3.0,2
8,4,990,10,150,139,-1,7.0,2
8,4,180,20,156,153,0,2.0,-4
8,4,270,20,134,125,-1,7.0,-8
8,4,190,20,104,102,0,1.0,7
8,4,20,30,102,99,0,2.0,1
8,4,40,20,92,79,0,1.0,-4
8,4,290,10,94,87,0,2.0,1
8,4,110,40,135,119,0,1.0,3
8,4,210,20,163,158,29,8.0,2
8,4,200,30,124,115,0,2.0,-7
8,4,210,20,107,95,0,3.0,0
8,4,0,0,73,70,0,2.0,-6
8,4,30,20,91,89,0,2.0,-6
8,4,270,20,123,121,0,3.0,2
8,4,60,30,128,112,0,2.0,7
8,4,200,40,188,185,0,7.0,-2
8,4,230,30,146,136,17,8.0,-5
8,4,200,50,143,132,7,8.0,1
8,4,190,20,131,118,0,7.0,-3
8,4,230,50,167,143,-1,7.0,-2
8,4,220,50,142,136,0,7.0,1
8,4,200,30,132,125,0,7.0,7
8,4,210,20,102,101,0,5.0,5
8,4,210,20,98,95,0,3.0,8
8,4,200,40,143,110,0,6.0,-1
8,4,240,50,181,155,0,8.0,-2
8,4,200,20,151,141,0,1.0,-3
8,4,110,20,171,152,0,1.0,0
8,4,190,40,199,179,-1,7.0,-7
8,4,210,30,122,110,0,2.0,-11
8,4,100,30,168,128,0,7.0,-1
8,4,150,30,176,168,-1,7.0,4
8,4,180,20,148,139,0,6.0,-1
8,4,990,10,117,117,0,2.0,7
8,4,990,10,140,132,0,3.0,3
8,4,990,10,186,160,0,6.0,-20
8,4,0,0,176,173,0,6.0,4
8,4,150,10,169,161,0,0.0,-2
8,4,190,30,195,162,0,1.0,18
8,4,330,40,184,179,1,8.0,-8
8,4,260,10,75,73,0,1.0,-1
8,4,0,0,81,78,0,5.0,-1
8,4,990,10,101,94,0,1.0,-8
8,4,200,20,131,126,0,5.0,-2
8,4,260,40,169,157,-1,8.0,-19
8,4,200,10,151,141,0,7.0,-2
8,4,170,20,150,136,0,,0
8,4,140,20,140,136,0,,-1
8,4,0,0,134,130,0,7.0,1
8,4,250,20,156,152,0,7.0,-1
8,4,0,0,129,127,0,7.0,7
8,4,200,10,135,133,0,0.0,3
8,4,120,20,154,148,0,7.0,-2
8,4,0,0,139,131,0,,-1
8,4,270,30,155,149,0,,5
8,4,230,30,149,142,0,7.0,2
8,4,270,30,135,131,0,2.0,1
8,4,210,20,151,147,0,,2
8,4,100,10,143,139,0,,4
8,4,0,0,146,143,0,1.0,0
8,4,40,20,148,138,0,,0
8,4,990,10,174,160,0,,-9
8,4,140,20,188,177,1,8.0,2
8,4,170,30,193,172,0,6.0,1
8,4,230,20,164,161,4,8.0,2
8,4,280,20,150,140,0,7.0,0
8,4,360,10,112,106,0,3.0,19
8,4,10,30,160,155,8,,-1
8,4,230,20,135,130,0,,-2
8,4,10,30,140,137,0,5.0,-4
8,4,350,30,179,173,0,5.0,8
8,4,360,40,192,177,0,8.0,-4
8,4,360,20,162,158,0,5.0,-7
8,4,220,20,141,138,0,0.0,-1
8,4,210,30,164,155,0,,-1
8,4,220,10,147,145,0,1.0,2
8,4,280,10,151,145,0,3.0,0
8,4,320,10,142,140,0,1.0,16
8,4,30,10,146,143,0,0.0,3
8,4,30,10,153,142,0,0.0,3
8,4,50,30,166,149,0,0.0,2
8,4,0,0,177,151,0,0.0,0
8,4,320,20,186,184,0,9.0,1
8,4,290,30,176,174,0,9.0,-6
8,4,50,10,162,162,0,9.0,-3
8,4,70,10,144,142,0,1.0,17
8,4,150,10,206,185,0,7.0,2
8,4,300,20,187,185,0,8.0,4
8,4,30,10,172,167,0,8.0,2
8,4,210,10,104,97,0,0.0,0
8,4,990,10,83,76,0,3.0,4
8,4,50,30,153,105,0,8.0,2
8,4,240,10,128,124,0,1.0,-1
8,4,230,30,174,158,0,8.0,-6
8,4,990,10,119,101,0,8.0,13
8,4,0,0,85,82,0,1.0,13
8,4,210,30,126,115,0,3.0,10
8,4,250,30,180,167,0,8.0,0
8,4,0,0,81,79,0,3.0,-5
8,4,40,30,165,130,0,8.0,-3
8,4,10,30,140,139,0,2.0,9
8,4,240,20,148,140,0,8.0,2
8,4,0,0,97,93,0,8.0,4
8,4,10,30,133,129,8,8.0,-4
8,4,270,20,111,105,0,3.0,-11
8,4,230,10,108,104,12,4.0,2
8,4,310,20,164,163,0,8.0,-3
8,4,30,20,139,138,0,9.0,7
8,4,30,30,147,138,0,0.0,8
8,4,30,20,158,148,0,1.0,2
8,4,30,20,187,171,0,8.0,4
8,4,0,0,165,154,0,4.0,2
8,4,290,40,185,177,0,8.0,5
8,4,120,10,175,169,0,8.0,1
8,4,110,40,209,149,0,0.0,-1
8,4,110,50,217,121,0,1.0,-2
8,4,190,10,179,177,-1,8.0,5
8,4,120,30,190,164,0,8.0,1
8,4,210,30,155,151,4,8.0,0
8,4,310,60,173,157,0,8.0,-4
8,4,190,10,143,142,0,0.0,-4
8,4,160,10,182,178,1,8.0,0
8,4,230,20,153,147,0,1.0,-1
8,4,180,30,179,171,-1,8.0,0
8,4,180,60,167,151,0,0.0,0
8,4,200,30,152,148,16,8.0,-3
8,4,210,30,130,126,0,8.0,2
8,4,190,20,123,106,0,8.0,-2
8,4,130,40,124,97,0,8.0,2
8,4,170,20,149,146,0,6.0,-7
8,4,210,40,150,126,0,8.0,-1
8,4,280,40,153,148,33,8.0,1
8,4,210,30,146,135,0,6.0,1
8,4,290,20,163,160,-1,8.0,-8
8,4,0,0,119,108,0,7.0,-1
8,4,220,40,141,128,0,8.0,-6
8,4,260,20,130,123,0,7.0,4
8,4,240,20,123,111,0,8.0,4
8,4,360,10,97,91,0,0.0,4
8,4,210,10,93,87,0,1.0,15
8,4,260,20,123,114,0,4.0,1
8,4,200,20,137,112,0,8.0,3
8,4,260,10,98,94,0,2.0,12
8,4,280,20,93,87,0,1.0,3
8,4,270,30,127,117,0,6.0,1
8,4,250,20,111,101,0,1.0,3
8,4,250,30,112,92,0,8.0,4
8,4,270,10,155,141,0,8.0,-1
8,4,180,20,150,144,2,8.0,0
8,4,200,10,88,83,0,6.0,18
8,4,250,20,150,144,0,6.0,2
8,4,340,50,132,93,0,4.0,-5
8,4,230,10,137,126,0,8.0,1
8,4,40,20,102,100,0,0.0,-1
8,4,120,30,148,127,0,0.0,0
8,4,150,10,153,148,0,0.0,-1
8,4,0,0,151,148,0,8.0,4
8,4,330,20,157,138,0,8.0,-4
8,4,270,20,116,112,0,0.0,0
8,4,180,20,162,156,-1,8.0,1
8,4,200,30,92,86,0,0.0,5
8,4,210,50,142,135,20,8.0,1
8,4,210,30,100,88,0,0.0,1
8,4,210,30,120,102,0,8.0,-1
8,4,220,10,96,92,0,0.0,-6
8,4,190,20,117,105,0,0.0,0
8,4,40,10,111,107,0,0.0,10
8,4,110,30,142,129,0,0.0,15
8,4,190,50,189,141,-1,8.0,-15
8,4,240,40,147,140,22,3.0,0
8,4,190,10,125,121,-1,8.0,-6
8,4,310,40,168,159,0,8.0,2
8,4,360,40,172,158,-1,8.0,-1
8,4,310,30,139,136,0,3.0,13
8,4,210,10,123,121,0,9.0,2
8,4,340,30,144,112,0,2.0,5
8,4,230,10,126,118,0,8.0,5
8,4,230,30,124,111,0,7.0,4
8,4,240,20,110,105,0,1.0,-2
8,4,170,10,83,81,0,7.0,-6
8,4,60,10,79,77,0,5.0,1
8,4,270,20,127,124,0,7.0,-2
8,4,260,30,144,130,0,8.0,1
8,4,110,10,118,114,0,2.0,-14
8,4,160,20,147,140,0,8.0,-3
8,4,170,30,173,153,0,8.0,-8
8,4,190,30,149,135,0,1.0,2
8,4,200,30,147,146,0,5.0,2
8,4,230,30,154,144,-1,8.0,0
8,4,260,20,125,123,0,0.0,0
8,4,210,20,106,104,0,0.0,5
8,4,130,30,147,137,0,6.0,3
8,4,230,20,144,142,2,8.0,1
8,4,210,20,119,117,0,7.0,-1
8,4,250,10,135,132,0,8.0,3
8,4,220,20,140,137,0,5.0,3
8,4,220,30,109,101,0,4.0,-4
8,4,240,20,106,102,0,8.0,8
8,4,200,30,119,111,0,8.0,1
8,4,160,10,85,85,0,0.0,8
8,4,990,10,116,114,0,8.0,4
8,4,260,10,117,112,0,2.0,-3
8,4,190,30,127,104,0,0.0,8
8,4,130,30,151,131,0,3.0,1
8,4,150,30,179,132,0,1.0,2
8,4,250,20,146,140,0,8.0,-1
8,4,360,20,147,129,0,8.0,-1
8,4,340,60,139,128,5,8.0,-2
8,4,340,40,152,141,0,8.0,1
8,4,290,10,100,95,0,0.0,-3
8,4,140,10,97,92,0,0.0,14
8,4,220,30,134,131,0,4.0,0
8,4,170,10,131,122,0,7.0,4
8,4,210,70,190,187,7,8.0,4
8,4,220,30,157,151,0,6.0,1
8,4,210,30,111,104,0,3.0,-3
8,4,200,30,102,98,0,0.0,3
8,4,170,30,147,124,0,7.0,-1
8,4,220,20,152,149,0,8.0,4
8,4,100,10,134,134,0,9.0,6
8,4,10,80,177,155,0,8.0,-1
8,4,30,20,148,144,0,8.0,6
8,4,200,10,119,116,0,4.0,-3
8,4,310,20,160,160,0,8.0,0
8,4,210,20,141,141,0,3.0,2
8,4,0,0,81,80,0,0.0,-2
8,4,320,20,103,102,0,7.0,4
8,4,20,30,96,87,0,8.0,1
8,4,990,10,69,66,0,0.0,-1
8,4,240,20,151,148,-1,8.0,-7
8,4,170,20,189,184,0,8.0,0
8,4,190,20,153,131,-1,8.0,3
8,4,230,30,160,145,0,8.0,2
8,4,260,50,160,152,2,,-5
8,4,250,40,156,146,0,8.0,1
8,4,200,20,183,153,0,8.0,-5
8,4,120,20,191,163,0,8.0,0
8,4,210,30,153,147,0,8.0,2
8,4,210,10,98,92,0,0.0,11
8,4,210,40,168,147,1,8.0,4
8,4,210,40,129,118,0,1.0,2
8,4,160,30,144,133,0,8.0,4
8,4,210,50,137,119,-1,1.0,8
8,4,210,30,123,104,0,1.0,0
8,4,220,10,87,83,0,1.0,1
8,4,210,10,78,75,0,2.0,1
8,4,150,20,134,102,0,8.0,-1
8,4,140,10,140,133,-1,8.0,0
8,4,210,50,165,132,0,8.0,-3
8,4,220,50,157,147,10,8.0,0
8,4,200,30,133,115,0,7.0,5
8,4,200,30,140,136,0,8.0,0
8,4,210,20,108,103,0,7.0,8
8,4,210,30,106,104,0,8.0,2
8,4,210,30,140,136,0,8.0,1
8,4,230,20,170,143,0,8.0,-1
8,4,230,30,159,139,0,8.0,-5
8,4,230,30,157,149,0,8.0,2
8,4,230,30,160,146,-1,8.0,1
8,4,40,20,122,120,0,0.0,0
8,4,120,20,149,135,0,0.0,3
8,4,140,10,126,102,0,8.0,5
8,4,240,10,165,162,13,8.0,1
8,4,990,10,73,69,0,1.0,16
8,4,180,20,103,99,0,0.0,11
8,4,130,20,146,105,0,0.0,-4
8,4,40,10,148,135,0,5.0,3
8,4,130,30,187,152,0,7.0,2
8,4,310,20,174,146,0,8.0,2
8,4,0,0,119,116,0,0.0,-1
8,4,270,10,96,95,0,7.0,15
8,4,230,20,167,164,-1,8.0,4
8,4,220,20,160,146,0,8.0,-3
8,4,250,20,166,163,0,8.0,-2
8,4,270,10,99,98,0,4.0,2
8,4,190,20,124,108,0,0.0,11
8,4,250,20,172,163,0,8.0,1
8,4,210,30,135,131,0,7.0,4
8,4,210,20,121,119,0,0.0,1
8,4,190,10,131,118,0,0.0,-7
8,4,150,30,210,159,0,7.0,2
8,4,230,30,144,129,0,2.0,0
8,4,210,30,111,97,0,0.0,-6
8,4,130,20,123,104,0,0.0,1
8,4,130,30,140,97,0,0.0,3
8,4,990,10,165,144,0,8.0,3
8,4,200,20,115,99,0,1.0,-3
8,4,190,30,159,123,0,8.0,-4
8,4,210,30,161,132,0,8.0,5
8,4,220,30,114,107,-1,4.0,4
8,4,220,30,105,94,0,3.0,0
8,4,190,30,116,96,0,5.0,13
8,4,240,20,167,132,0,8.0,-3
8,4,200,20,156,147,4,8.0,-2
8,4,250,10,112,109,0,0.0,17
8,4,210,30,138,120,0,8.0,1
8,4,240,20,121,114,0,1.0,4
8,4,210,20,93,86,0,1.0,18
8,4,180,20,142,114,0,7.0,15
8,4,270,10,145,139,0,8.0,4
8,4,240,10,125,122,0,6.0,7
8,4,190,20,122,108,0,4.0,9
8,4,220,40,170,163,0,8.0,1
8,4,260,10,93,87,0,3.0,2
8,4,180,30,127,121,0,8.0,-3
8,4,180,10,82,77,0,4.0,5
8,4,20,50,152,141,0,8.0,1
8,4,30,20,176,172,-1,8.0,1
8,4,290,50,161,156,3,8.0,-9
8,4,210,30,154,145,0,8.0,3
8,4,210,30,115,103,0,2.0,7
8,4,160,30,136,107,0,1.0,-1
8,4,200,30,167,155,0,2.0,1
8,4,200,30,170,158,0,3.0,1
8,4,140,40,186,178,3,8.0,2
8,4,230,20,139,125,0,2.0,-3
8,4,230,40,136,120,-1,7.0,0
8,4,190,50,158,153,3,8.0,9
8,4,250,20,170,164,-1,8.0,0
8,4,270,20,110,98,0,7.0,-6
8,4,240,30,127,118,3,8.0,-2
8,4,320,80,136,85,0,3.0,-2
8,4,280,20,72,69,0,0.0,0
8,4,0,0,72,69,0,0.0,8
8,4,110,10,123,120,0,0.0,10
8,4,990,10,185,161,-1,8.0,0
8,4,210,20,147,140,0,0.0,0
8,4,230,30,159,147,-1,7.0,-1
8,4,90,20,173,158,0,8.0,0
8,4,230,30,140,129,0,8.0,-2
8,4,190,40,130,122,1,8.0,1
8,4,250,30,136,126,1,8.0,3
8,4,230,20,83,78,0,1.0,7
8,4,230,40,148,104,0,2.0,3
8,4,250,30,169,155,0,8.0,0
8,4,220,20,162,152,0,8.0,-2
8,4,310,10,154,146,15,8.0,-7
8,4,210,30,116,109,0,0.0,-1
8,4,170,10,129,115,-1,8.0,2
8,4,210,20,140,131,0,7.0,8
8,4,50,40,140,118,-1,8.0,-1
8,4,320,40,157,148,-1,8.0,-11
8,4,180,20,110,97,0,0.0,10
8,4,150,30,157,130,0,2.0,7
8,4,250,20,145,140,0,0.0,-10
8,4,60,30,162,158,6,7.0,5
8,4,230,10,176,170,0,8.0,-14
8,4,140,20,111,109,0,6.0,11
8,4,80,40,164,151,0,6.0,1
8,4,200,30,136,126,0,8.0,0
8,4,200,40,115,104,0,1.0,1
8,4,220,30,123,114,1,8.0,0
8,4,210,20,121,103,0,8.0,-2
8,4,220,20,105,96,0,8.0,5
8,4,150,20,130,125,0,0.0,4
8,4,210,20,175,164,0,3.0,0
8,4,200,20,149,135,0,8.0,0
8,4,190,20,140,134,0,8.0,5
8,4,190,10,148,137,0,8.0,2
8,4,200,30,142,133,0,2.0,-1
8,4,220,30,131,116,0,7.0,1
8,4,220,30,112,100,0,2.0,9
8,4,290,20,110,108,0,9.0,1
8,4,20,10,83,80,0,0.0,4
8,4,40,20,115,108,0,0.0,-2
8,4,100,30,126,99,0,0.0,5
8,4,130,30,152,111,0,8.0,3
8,4,80,10,151,148,0,0.0,12
8,4,70,20,177,164,0,8.0,3
8,4,200,20,146,119,0,0.0,-3
8,4,140,20,158,132,0,0.0,6
8,4,120,20,174,137,0,3.0,4
8,4,300,10,182,167,0,0.0,0
8,4,240,20,189,181,0,2.0,-3
8,4,990,10,165,158,0,5.0,0
8,4,240,30,154,143,0,0.0,-4
8,4,220,20,118,108,0,0.0,-6
8,4,140,10,144,134,0,8.0,-4
8,4,190,30,154,143,0,8.0,1
8,4,220,50,149,143,60,8.0,4
8,4,180,20,104,101,0,0.0,-7
8,4,160,20,159,127,0,8.0,4
8,4,170,10,122,119,0,7.0,0
8,4,200,20,135,128,0,8.0,-9
8,4,320,40,132,123,12,8.0,2
8,4,170,30,184,162,0,1.0,0
8,4,180,30,198,157,0,0.0,12
8,4,210,20,198,171,0,7.0,-6
8,4,160,10,124,114,0,1.0,21
8,4,0,0,130,124,0,0.0,4
8,4,200,30,163,143,0,7.0,2
8,4,70,30,150,132,0,3.0,7
8,4,270,20,124,119,0,2.0,-7
8,4,170,10,100,97,0,0.0,6
8,4,230,20,139,131,0,4.0,5
8,4,220,30,135,92,0,7.0,-7
8,4,210,30,131,128,0,8.0,1
8,4,230,30,116,106,0,0.0,-4
8,4,200,20,119,105,0,7.0,-10
8,4,160,10,110,105,0,1.0,10
8,4,190,20,139,128,0,0.0,-1
8,4,200,30,164,155,0,8.0,-1
8,4,250,30,173,155,9,8.0,-4
8,4,220,20,146,129,2,8.0,1
8,4,200,10,129,117,0,8.0,3
8,4,170,20,113,92,0,0.0,2
8,4,0,0,105,99,0,0.0,1
8,4,10,10,149,146,0,8.0,0
8,4,120,30,170,121,0,7.0,0
8,4,90,10,134,130,0,8.0,3
8,4,30,30,116,95,0,2.0,2
8,4,40,20,153,105,0,8.0,-4
8,4,350,20,125,107,0,3.0,-11
8,4,0,0,99,98,0,0.0,-1
8,4,220,20,125,122,0,0.0,1
8,4,220,20,159,143,0,8.0,7
8,4,0,0,127,124,0,0.0,5
8,4,120,20,159,143,0,0.0,21
8,4,220,20,152,144,0,0.0,-3
8,4,220,20,133,128,0,0.0,5
8,4,0,0,105,98,0,5.0,5
8,4,160,20,141,104,0,0.0,10
8,4,190,20,151,148,0,7.0,1
8,4,60,20,154,149,0,6.0,10
8,4,200,60,183,176,35,8.0,-21
8,4,120,20,153,138,0,7.0,6
8,4,210,50,142,113,0,0.0,-2
8,4,210,50,135,115,0,2.0,0
8,4,200,30,115,109,0,0.0,-1
8,4,220,20,139,129,0,8.0,-2
8,4,210,10,120,117,0,7.0,9
8,4,270,20,126,122,0,4.0,9
8,4,220,40,145,120,0,8.0,-3
8,4,220,30,126,115,-1,2.0,-3
8,4,210,20,115,110,-1,8.0,5
8,4,240,20,84,77,0,2.0,-3
8,4,200,20,102,93,0,8.0,-11
8,4,210,30,117,86,0,8.0,-1
8,4,160,10,107,104,-1,8.0,5
8,4,230,20,84,78,0,2.0,-3
8,4,60,10,61,57,0,4.0,2
8,4,90,40,134,131,6,8.0,1
8,4,50,10,80,77,0,2.0,-3
8,4,160,20,126,123,0,0.0,6
8,4,200,30,123,118,0,1.0,4
8,4,220,40,155,141,3,8.0,1
8,4,240,10,123,120,0,4.0,-4
8,4,60,10,91,70,0,3.0,10
8,4,0,0,89,80,0,0.0,5
8,4,140,20,152,109,0,0.0,8
8,4,360,50,189,161,3,8.0,-4
8,4,200,20,128,88,0,8.0,6
8,4,200,10,142,131,0,3.0,7
8,4,0,0,138,133,0,3.0,3
8,4,330,30,174,165,0,7.0,-3
8,4,40,10,110,105,0,0.0,5
8,4,0,0,156,148,0,7.0,5
8,4,260,10,152,149,0,8.0,-3
8,4,30,30,183,171,0,8.0,0
8,4,50,30,155,142,0,0.0,2
8,4,140,10,195,192,-1,8.0,3
8,4,280,10,162,157,0,8.0,6
8,4,310,20,148,140,0,8.0,-2
8,4,300,20,131,126,-1,8.0,2
8,4,240,30,126,122,1,8.0,0
8,4,180,30,138,113,0,8.0,-1
8,4,140,10,117,101,0,1.0,8
8,4,0,0,132,129,0,1.0,0
8,4,140,30,160,121,0,1.0,-2
8,4,110,40,163,97,0,0.0,-5
8,4,170,10,132,131,0,9.0,-2
8,4,240,40,151,144,13,8.0,1
8,4,200,50,174,158,0,8.0,-4
8,4,220,30,160,135,0,8.0,-4
8,4,210,30,124,121,0,8.0,-1
8,4,0,0,94,91,0,0.0,-8
8,4,50,30,163,144,0,5.0,-4
8,4,320,40,185,171,0,6.0,-9
8,4,210,30,140,115,-1,8.0,-2
8,4,170,30,139,133,3,8.0,-2
8,4,220,40,182,178,0,8.0,0
8,4,220,40,146,132,0,4.0,1
8,4,220,30,131,126,0,3.0,2
8,4,210,30,128,123,0,3.0,8
8,4,200,30,125,106,0,0.0,9
8,4,240,40,162,139,0,8.0,0
8,4,340,20,113,90,33,8.0,-14
8,4,10,10,96,89,34,8.0,-4
8,4,210,30,98,79,0,8.0,9
8,4,240,20,168,162,0,8.0,3
8,4,220,30,142,132,0,3.0,-1
8,4,220,10,154,151,0,8.0,2
8,4,30,20,117,108,0,4.0,-3
8,4,30,30,107,102,0,7.0,4
8,4,60,30,126,108,0,0.0,-2
8,4,30,20,99,83,0,0.0,-6
8,4,70,10,114,109,0,0.0,-2
8,4,210,30,146,137,0,8.0,4
8,4,200,70,146,124,2,8.0,-4
8,4,200,40,149,144,2,8.0,5
8,4,200,10,127,111,0,8.0,-7
8,4,150,10,166,145,0,0.0,-9
8,4,130,10,174,153,0,0.0,-4
8,4,280,10,190,176,0,4.0,0
8,4,50,40,173,151,0,6.0,-3
8,4,190,20,183,175,0,0.0,17
8,4,240,30,161,155,5,8.0,2
8,4,230,10,87,84,0,0.0,-5
8,4,0,0,103,96,0,1.0,-5
8,4,290,10,147,134,0,7.0,3
8,4,200,20,155,131,0,8.0,5
8,4,150,30,167,156,0,8.0,9
8,4,210,40,160,122,0,8.0,3
8,4,190,20,140,117,0,8.0,3
8,4,220,20,107,101,0,2.0,2
8,4,220,20,95,85,0,2.0,13
8,4,10,20,140,125,0,7.0,0
8,4,210,40,141,132,0,7.0,1
8,4,20,20,134,121,0,8.0,0
8,4,360,10,135,132,0,8.0,-14
8,4,210,40,145,136,2,8.0,0
8,4,200,20,120,118,0,0.0,7
8,4,40,10,109,105,0,8.0,12
8,4,160,20,139,127,0,4.0,-1
8,4,200,20,136,133,0,2.0,-11
8,4,150,30,156,138,0,8.0,9
8,4,190,40,161,144,0,8.0,7
8,4,200,60,130,103,0,7.0,1
8,4,210,30,125,118,0,4.0,-4
8,4,200,30,111,92,0,7.0,-5
8,4,0,0,120,117,0,8.0,-2
8,4,100,40,144,113,0,6.0,0
8,4,220,20,158,145,0,8.0,-1
8,4,190,10,127,111,0,8.0,-3
8,4,30,10,134,126,0,4.0,-2
8,4,20,20,152,141,0,6.0,-5
8,4,30,20,132,126,0,0.0,0
8,4,180,10,137,131,0,8.0,7
8,4,320,40,185,176,-1,8.0,-4
8,4,290,30,137,132,11,8.0,-1
8,4,0,0,132,119,0,5.0,16
8,4,30,10,158,137,0,6.0,3
8,4,90,10,169,144,0,0.0,12
8,4,10,20,183,150,0,7.0,-4
8,4,360,30,167,155,0,0.0,2
8,4,80,20,135,119,0,0.0,8
8,4,40,10,166,152,0,0.0,1
8,4,180,50,200,184,0,8.0,6
8,4,110,30,148,115,0,4.0,1
8,4,190,40,121,114,0,2.0,4
8,4,210,30,118,114,0,0.0,-1
8,4,180,30,148,93,0,8.0,5
8,4,190,20,174,162,-1,8.0,2
8,4,240,30,173,168,4,5.0,0
8,4,200,30,167,146,0,8.0,3
8,4,190,30,145,134,0,1.0,7
8,4,210,10,154,149,-1,8.0,-3
8,4,200,30,125,111,0,4.0,-1
8,4,190,20,141,128,0,0.0,-1
8,4,240,30,191,176,0,8.0,0
8,4,0,0,171,162,0,8.0,3
8,4,280,20,158,155,0,0.0,0
8,4,220,20,156,153,0,8.0,4
8,4,290,40,159,146,-1,8.0,-7
8,4,230,30,114,106,7,8.0,-4
8,4,190,10,63,59,0,5.0,-7
8,4,200,50,161,157,3,8.0,4
8,4,220,20,142,129,0,0.0,-15
8,4,280,10,96,93,0,8.0,-4
8,4,280,20,124,117,0,2.0,3
8,4,0,0,84,81,0,8.0,-7
8,4,200,20,151,128,0,8.0,-3
8,4,210,30,145,140,0,1.0,7
8,4,280,10,150,147,0,6.0,1
8,4,120,10,127,124,0,8.0,18
8,4,120,10,182,166,-1,8.0,5
8,4,200,20,141,106,0,7.0,6
8,4,200,30,153,129,0,8.0,3
8,4,210,20,145,123,0,7.0,-2
8,4,120,20,178,143,-1,8.0,3
8,4,200,70,197,146,0,8.0,1
8,4,210,30,145,114,0,0.0,2
8,4,180,20,116,108,0,0.0,12
8,4,220,20,118,111,-1,4.0,-2
8,4,190,20,104,100,0,7.0,10
8,4,200,50,163,154,0,8.0,2
8,4,200,30,132,128,0,6.0,0
8,4,210,40,167,148,3,8.0,-3
8,4,190,30,156,150,-1,8.0,-1
8,4,200,40,123,112,0,0.0,4
8,4,200,30,111,103,0,0.0,1
8,4,190,20,91,89,0,0.0,-3
8,4,170,10,88,81,0,0.0,1
8,4,180,10,92,87,0,2.0,-5
8,4,60,10,125,113,0,0.0,-5
8,4,80,10,132,119,0,5.0,-1
8,4,50,10,160,131,0,1.0,-4
8,4,30,20,176,164,0,0.0,2
8,4,200,20,199,140,0,2.0,-2
8,4,200,30,175,165,0,8.0,-2
8,4,190,20,104,96,0,0.0,10
8,4,0,0,108,95,0,0.0,-4
8,4,250,30,210,183,-1,8.0,-8
8,4,220,30,142,129,0,8.0,2
8,4,120,10,94,86,0,8.0,13
8,4,250,10,83,79,0,0.0,13
8,4,190,40,137,99,0,1.0,4
8,4,170,10,120,107,0,1.0,7
8,4,0,0,157,130,0,0.0,8
8,4,50,10,165,149,0,0.0,2
8,4,60,20,220,164,0,8.0,2
8,4,50,10,190,165,0,8.0,1
8,4,70,20,200,166,0,8.0,14
8,4,100,30,216,184,0,8.0,-6
8,4,130,30,215,178,0,8.0,1
8,4,60,10,175,174,0,5.0,4
8,4,190,10,165,163,0,8.0,-1
8,4,50,10,179,176,0,7.0,1
8,4,210,10,167,164,0,8.0,-4
8,4,210,20,149,145,0,0.0,-3
8,4,170,20,143,138,0,5.0,1
8,4,180,30,188,175,0,5.0,3
8,4,170,40,249,148,0,8.0,-2
8,4,210,40,181,142,0,8.0,-12
8,4,220,40,156,125,0,5.0,-4
8,4,220,30,153,133,2,8.0,-6
8,4,180,30,135,130,0,8.0,4
8,4,240,90,177,121,0,8.0,-4
8,4,180,10,126,123,0,7.0,2
8,4,220,50,155,122,0,1.0,-5
8,4,200,30,114,109,0,0.0,-3
8,4,200,30,124,123,0,9.0,5
8,4,360,30,139,109,-1,8.0,1
8,4,0,0,110,107,0,1.0,-3
8,4,0,0,124,121,0,0.0,1
8,4,210,15,146,143,0,9.0,-4
8,4,250,10,149,134,0,5.0,-3
8,4,990,10,147,144,0,6.0,8
8,4,170,15,170,165,0,2.0,-3
8,4,190,10,170,160,0,7.0,5
8,4,330,21,153,150,0,7.0,-1
8,4,320,5,90,89,0,0.0,-5
8,4,230,26,163,117,0,7.0,-3
8,4,240,36,165,154,0,7.0,0
8,4,260,15,156,153,0,1.0,6
8,4,190,10,96,91,0,5.0,11
8,4,330,10,147,141,0,7.0,-2
8,4,0,0,121,116,0,5.0,-6
8,4,220,26,138,132,0,5.0,7
8,4,210,57,144,128,0,7.0,-4
8,4,260,21,108,105,0,1.0,-3
8,4,220,21,82,79,0,4.0,16
8,4,230,36,150,104,0,7.0,-1
8,4,160,10,70,67,0,1.0,5
8,4,130,26,159,115,0,1.0,-5
8,4,230,51,165,157,-1,8.0,-4
8,4,190,31,134,111,0,2.0,1
8,4,170,10,102,99,0,3.0,-2
8,4,0,0,93,90,0,0.0,-2
8,4,50,10,95,92,0,1.0,7
8,4,360,21,106,101,0,0.0,5
8,4,30,21,83,80,0,1.0,-10
8,4,50,15,101,77,0,0.0,-20
8,4,60,21,125,114,0,0.0,-13
8,4,130,36,158,124,0,2.0,-1
8,4,210,26,159,128,0,6.0,-2
8,4,280,10,161,150,0,7.0,1
8,4,210,41,129,115,0,2.0,3
8,4,190,21,114,93,0,2.0,-4
8,4,220,21,137,116,0,3.0,10
8,4,30,21,122,113,0,1.0,11
8,4,90,21,173,165,22,8.0,-1
8,4,150,41,218,176,0,4.0,1
8,4,120,41,170,162,7,8.0,2
8,4,200,31,127,113,0,3.0,6
8,4,180,41,143,130,0,7.0,0
8,4,220,62,141,116,0,7.0,-3
8,4,220,72,142,134,5,8.0,-7
8,4,250,21,127,111,0,7.0,0
8,4,160,31,114,97,0,7.0,3
8,4,220,46,145,137,3,8.0,2
8,4,170,15,121,113,0,7.0,1
8,4,210,5,135,127,0,6.0,-2
8,4,70,21,175,164,0,2.0,2
8,4,280,31,167,156,0,7.0,-4
8,4,160,5,119,113,0,1.0,2
8,4,270,26,132,119,5,2.0,-10
8,4,190,67,142,104,1,8.0,-7
8,4,210,51,188,168,0,7.0,0
8,4,270,26,143,135,22,7.0,5
8,4,220,57,159,146,-1,8.0,-1
8,4,220,57,168,155,19,8.0,9
8,4,240,10,137,131,2,8.0,0
8,4,150,36,112,101,0,1.0,6
8,4,190,41,117,104,0,6.0,-5
8,4,220,26,120,111,0,8.0,6
8,4,110,5,130,117,0,4.0,10
8,4,220,31,145,130,0,7.0,2
8,4,230,21,144,130,0,7.0,4
8,4,160,10,150,145,17,8.0,1
8,4,260,62,134,118,0,2.0,3
8,4,180,26,123,105,0,7.0,7
8,4,260,5,121,119,0,6.0,8
8,4,210,15,126,124,0,6.0,-8
8,4,240,46,160,160,0,7.0,-17
8,4,200,21,90,89,0,2.0,7
8,4,200,41,152,137,0,4.0,-6
8,4,220,26,88,88,0,1.0,0
8,4,80,26,114,93,0,5.0,1
8,4,130,31,154,154,0,6.0,3
8,4,220,21,146,146,0,5.0,-3
8,4,30,21,95,95,0,1.0,8
8,4,80,21,105,94,0,2.0,-12
8,4,340,5,83,80,0,1.0,-5
8,4,210,21,139,118,0,7.0,-2
8,4,210,21,135,127,0,4.0,-7
8,4,50,31,137,126,0,7.0,-1
8,4,990,5,61,58,0,5.0,11
8,4,210,21,75,71,0,2.0,-5
8,4,260,10,89,81,0,7.0,4
8,4,270,15,113,108,1,8.0,1
8,4,0,0,64,60,0,2.0,-11
8,4,350,15,76,73,0,0.0,-4
8,4,210,5,43,40,0,1.0,-7
8,4,220,36,108,89,0,7.0,4
8,4,300,15,115,98,0,7.0,2
8,4,10,5,175,170,0,4.0,4
8,4,190,5,146,146,0,2.0,0
8,4,0,0,149,141,0,1.0,1
8,4,0,0,180,156,0,2.0,-1
8,4,260,15,184,181,0,2.0,0
8,4,10,10,168,168,0,8.0,10
8,4,30,36,157,149,0,5.0,-3
8,4,40,26,152,132,0,6.0,-7
8,4,20,15,144,134,0,5.0,-5
8,4,70,77,154,138,4,7.0,4
8,4,230,21,169,158,0,7.0,-1
8,4,260,31,162,157,-1,8.0,-2
8,4,260,26,133,122,0,7.0,0
8,4,240,26,106,89,0,6.0,7
8,4,230,21,82,82,0,6.0,8
8,4,120,10,82,74,0,1.0,2
8,4,190,21,138,117,-1,7.0,-1
8,4,250,67,132,123,-1,7.0,-4
8,4,220,41,151,133,0,8.0,0
8,4,210,26,140,140,0,7.0,0
8,4,40,5,131,128,0,7.0,1
8,4,70,21,145,127,0,7.0,3
8,4,190,10,190,190,0,7.0,1
8,4,250,31,163,163,-1,8.0,-2
8,4,130,10,123,120,0,6.0,0
8,4,200,26,131,126,0,1.0,-5
8,4,190,41,140,134,0,7.0,4
8,4,230,41,127,127,0,7.0,1
8,4,230,51,114,106,0,3.0,-5
8,4,130,10,111,109,0,6.0,-5
8,4,20,5,100,100,0,2.0,-2
8,4,70,21,188,143,0,1.0,3
8,4,60,31,182,120,0,0.0,2
8,4,40,10,152,139,0,1.0,6
8,4,30,31,145,137,0,2.0,7
8,4,20,21,131,128,0,1.0,6
8,4,10,15,157,151,0,1.0,2
8,4,20,31,153,140,0,4.0,1
8,4,20,31,151,105,0,7.0,2
8,4,10,10,120,94,0,1.0,-1
8,4,20,5,121,115,0,1.0,-2
8,4,80,21,151,97,0,1.0,-1
8,4,200,10,169,138,0,3.0,0
8,4,250,36,175,148,0,7.0,1
8,4,0,0,112,112,0,2.0,9
8,4,0,0,101,101,0,4.0,5
8,4,270,5,115,115,0,2.0,13
8,4,30,26,160,149,0,2.0,-4
8,4,70,15,146,123,0,1.0,0
8,4,20,15,157,134,0,0.0,0
8,4,360,31,189,159,0,3.0,-8
8,4,240,5,125,125,0,1.0,-9
8,4,320,5,157,154,0,0.0,-8
8,4,350,5,175,175,0,4.0,6
8,4,270,15,172,170,0,7.0,-4
8,4,200,41,156,140,2,7.0,-4
8,4,260,26,158,143,0,8.0,4
8,4,280,31,151,149,0,8.0,-1
8,4,260,31,95,92,0,4.0,12
8,4,290,36,125,107,0,7.0,-1
8,4,270,31,108,108,-1,7.0,5
8,4,270,10,103,103,0,6.0,10
8,4,220,30,130,122,0,3.0,11
8,4,220,30,109,104,0,3.0,20
8,4,230,10,63,63,0,1.0,3
8,4,50,20,109,103,0,1.0,-2
8,4,90,30,137,97,0,1.0,2
8,4,110,40,158,99,0,3.0,5
8,4,200,40,112,109,0,1.0,4
8,4,260,20,106,106,0,1.0,-8
8,4,130,20,136,122,0,7.0,-4
8,4,150,20,172,123,0,7.0,2
8,4,130,20,169,169,0,8.0,-3
8,4,120,10,149,149,1,7.0,2
8,4,360,50,174,174,135,8.0,-1
8,4,320,30,171,171,0,8.0,-1
8,4,290,20,152,152,0,8.0,3
8,4,300,20,131,131,0,7.0,5
8,4,990,10,103,103,0,2.0,-4
8,4,350,10,105,105,0,0.0,0
8,4,110,40,174,147,0,0.0,-5
8,4,110,30,178,118,0,0.0,-2
8,4,160,20,176,168,0,7.0,0
8,4,190,10,116,116,0,4.0,-2
8,4,120,20,161,139,0,2.0,-1
8,4,170,40,131,125,0,2.0,-2
8,4,180,40,125,119,0,2.0,0
8,4,180,20,117,115,0,4.0,-7
8,4,140,20,117,117,0,6.0,-4
8,4,10,20,131,126,0,8.0,0
8,4,220,130,128,125,29,8.0,0
8,4,250,50,143,143,2,8.0,-1
8,4,270,40,123,114,0,6.0,4
8,4,240,30,142,142,2,8.0,2
8,4,320,20,168,168,0,8.0,3
8,4,320,10,136,136,0,5.0,-2
8,4,30,30,148,148,0,4.0,12
8,4,40,30,136,123,0,3.0,0
8,4,70,40,164,135,0,2.0,-1
8,4,70,30,172,143,0,1.0,-3
8,4,70,30,182,151,0,2.0,-16
8,4,0,0,144,142,0,1.0,-8
8,4,50,10,170,150,0,3.0,-4
8,4,100,30,206,140,0,1.0,-3
8,4,110,30,196,124,0,2.0,-10
8,4,990,10,157,147,0,3.0,0
8,4,210,30,147,147,0,1.0,-4
8,4,150,10,115,115,0,1.0,7
8,4,10,10,136,136,0,1.0,-2
8,4,360,10,145,145,0,2.0,2
8,4,0,0,148,148,0,0.0,0
8,4,50,10,136,118,0,2.0,-2
8,4,10,20,138,135,0,1.0,0
8,4,230,10,158,158,0,0.0,3
8,4,240,30,200,181,-1,7.0,-4
8,4,210,20,196,196,0,8.0,-1
8,4,160,10,201,189,0,3.0,-8
8,4,0,0,191,191,0,2.0,1
8,4,280,20,183,183,0,7.0,0
8,4,140,20,153,153,0,7.0,-1
8,4,130,30,167,167,1,8.0,-3
8,4,200,40,140,127,0,2.0,-3
8,4,150,30,127,118,-1,7.0,2
8,4,230,30,148,148,0,7.0,-16
8,4,0,0,84,84,0,1.0,9
8,4,360,30,138,133,0,8.0,-2
8,4,990,10,96,95,0,1.0,-1
8,4,240,50,164,152,-1,8.0,-1
8,4,230,30,131,115,0,4.0,-10
8,4,150,10,105,105,0,1.0,7
8,4,220,20,125,107,0,1.0,5
8,4,170,10,136,136,0,1.0,8
8,4,50,30,163,157,0,8.0,3
8,4,60,30,131,102,0,0.0,9
8,4,210,20,158,154,0,5.0,-1
8,4,360,10,181,170,0,4.0,-10
8,4,250,20,122,113,0,2.0,-9
8,4,210,30,141,120,0,8.0,3
8,4,190,10,151,146,0,6.0,8
8,4,990,10,94,94,0,1.0,-14
8,4,0,0,102,91,0,1.0,0
8,4,200,20,145,137,0,6.0,3
8,4,300,10,88,86,0,3.0,-3
8,4,150,20,97,94,0,2.0,2
8,4,210,80,145,128,4,8.0,-5
8,4,240,40,127,115,0,6.0,-10
8,4,230,30,83,81,0,3.0,10
8,4,240,70,144,139,0,6.0,3
8,4,240,30,77,70,0,6.0,16
8,4,220,20,130,121,0,7.0,-2
8,4,260,20,93,89,0,6.0,5
8,4,260,30,104,98,0,7.0,-4
8,4,230,10,91,85,0,7.0,4
8,4,190,20,127,127,-1,8.0,0
8,4,0,0,83,83,0,1.0,-17
8,4,110,20,198,123,0,4.0,-7
8,4,990,10,167,112,0,1.0,-2
8,4,130,30,183,97,0,1.0,2
8,4,240,10,141,138,0,5.0,21
8,4,220,30,199,191,13,8.0,-6
8,4,170,10,130,128,0,5.0,-5
8,4,70,30,186,175,5,8.0,0
8,4,70,30,161,157,0,6.0,4
8,4,180,30,131,123,0,1.0,9
8,4,180,20,157,155,-1,7.0,5
8,4,360,20,142,128,-1,7.0,-1
8,4,990,10,119,102,0,7.0,-3
8,4,0,0,95,91,0,7.0,5
8,4,170,40,141,136,6,8.0,1
8,4,240,40,123,119,0,1.0,4
8,4,200,30,117,113,0,2.0,0
8,4,230,30,113,111,0,2.0,-1
8,4,150,50,152,114,0,8.0,-3
8,4,220,70,142,122,0,4.0,0
8,4,230,60,128,118,0,7.0,5
8,4,240,20,76,76,0,1.0,2
8,4,350,10,68,67,0,3.0,-7
8,4,60,30,94,86,0,3.0,-1
8,4,40,30,110,89,0,6.0,-6
8,4,110,20,172,137,0,6.0,-4
8,4,230,20,193,181,0,7.0,3
8,4,210,30,150,137,0,7.0,2
8,4,0,0,120,118,0,6.0,-11
8,4,340,10,99,97,0,0.0,-5
8,4,210,10,121,119,0,4.0,-13
8,4,990,10,125,117,0,7.0,6
8,4,160,20,149,136,0,5.0,-6
8,4,200,30,154,144,0,5.0,-3
8,4,200,40,142,121,0,7.0,5
8,4,210,20,119,114,0,2.0,-2
8,4,360,20,134,129,0,8.0,-1
8,4,240,10,117,111,0,5.0,1
8,4,260,10,147,141,0,7.0,5
8,4,0,0,156,150,0,8.0,-4
8,4,0,0,104,100,0,1.0,4
8,4,240,40,174,155,0,5.0,-6
8,4,240,20,165,152,0,7.0,-3
8,4,350,10,117,110,0,3.0,1
8,4,140,20,139,128,0,0.0,4
8,4,40,20,189,164,-1,7.0,-5
8,4,230,30,186,171,0,5.0,0
8,4,190,30,143,121,0,7.0,2
8,4,190,20,168,164,0,7.0,-1
8,4,190,20,111,93,0,4.0,-8
8,4,360,10,157,140,-1,8.0,-3
8,4,220,10,160,158,-1,6.0,-1
8,4,290,20,127,115,0,7.0,3
8,4,220,20,98,96,0,2.0,5
8,4,10,20,100,93,0,2.0,8
8,4,40,30,95,81,0,1.0,1
8,4,0,0,93,85,0,1.0,0
8,4,100,40,146,119,0,1.0,-1
8,4,250,20,164,159,22,8.0,-4
8,4,210,30,117,110,0,1.0,1
8,4,220,20,101,93,0,2.0,1
8,4,990,10,76,73,0,1.0,-3
8,4,360,10,80,78,0,1.0,7
8,4,270,20,130,124,0,3.0,0
8,4,60,30,137,107,0,3.0,1
8,4,210,60,192,182,0,7.0,1
8,4,260,30,154,142,3,7.0,-14
8,4,190,50,145,125,-1,8.0,-1
8,4,190,20,143,124,0,7.0,-2
8,4,230,60,167,139,0,7.0,-2
8,4,210,60,138,129,0,5.0,5
8,4,200,30,133,122,0,4.0,4
8,4,230,30,114,104,0,7.0,2
8,4,220,20,86,82,0,2.0,12
8,4,200,50,141,107,0,6.0,5
8,4,230,50,178,149,0,8.0,-1
8,4,200,20,145,137,0,1.0,4
8,4,120,20,179,158,0,1.0,-7
8,4,210,30,205,175,-1,8.0,-6
8,4,170,20,107,98,0,2.0,-1
8,4,90,20,171,129,2,7.0,-16
8,4,180,30,184,162,0,7.0,2
8,4,180,20,143,133,0,7.0,5
8,4,990,10,139,134,0,4.0,-10
8,4,290,10,143,138,0,2.0,-7
8,4,140,30,188,146,0,5.0,-11
8,4,0,0,168,161,0,3.0,-1
8,4,140,10,168,162,0,0.0,-1
8,4,990,10,182,156,0,0.0,-7
8,4,330,40,183,175,3,7.0,0
8,4,220,10,72,68,0,1.0,-1
8,4,990,10,93,81,0,3.0,-6
8,4,990,10,110,89,0,3.0,-2
8,4,200,40,138,126,0,6.0,-10
8,4,280,60,169,158,2,8.0,-12
8,4,180,20,147,142,0,7.0,-8
8,4,200,40,145,137,0,,4
8,4,130,10,143,140,-1,,1
8,4,990,10,138,136,0,5.0,-2
8,4,210,20,148,147,0,8.0,2
8,4,210,10,130,130,0,9.0,4
8,4,250,10,152,152,0,8.0,5
8,4,130,20,152,150,0,6.0,0
8,4,140,10,144,138,0,,7
8,4,270,20,156,153,0,,2
8,4,230,40,146,138,0,7.0,3
8,4,270,20,132,129,0,1.0,-7
8,4,190,10,129,127,0,1.0,4
8,4,990,10,148,138,0,0.0,-6
8,4,990,10,138,135,0,2.0,4
8,4,30,20,147,136,0,,1
8,4,140,20,169,150,0,,10
8,4,130,20,193,178,-1,7.0,4
8,4,140,20,182,169,-1,6.0,6
8,4,240,30,162,159,0,8.0,0
8,4,990,10,154,151,0,,-3
8,4,360,20,141,133,0,7.0,4
8,4,20,40,164,161,1,,-2
8,4,250,20,145,134,0,,-9
8,4,30,30,144,138,0,2.0,0
8,4,350,30,174,171,0,2.0,4
8,4,360,50,190,179,0,8.0,-1
8,4,320,20,150,149,0,4.0,4
8,4,220,20,125,125,0,0.0,0
8,4,210,40,161,154,0,,3
8,4,170,10,128,125,0,1.0,3
8,4,240,10,145,138,0,,9
8,4,320,10,150,147,0,,1
8,4,10,20,152,145,0,2.0,5
8,4,20,30,163,142,0,2.0,-5
8,4,60,30,181,148,0,1.0,-7
8,4,40,20,195,146,0,1.0,-4
8,4,320,20,187,180,0,1.0,-5
8,4,260,30,176,174,0,,-2
8,4,340,10,165,165,0,,3
8,4,0,0,132,127,0,1.0,4
8,4,120,20,210,188,0,5.0,-4
8,4,260,30,187,182,0,6.0,1
8,4,340,20,181,175,-1,7.0,-2
8,4,190,10,93,87,0,1.0,2
8,4,280,10,83,76,0,,14
8,4,60,40,152,99,0,,0
8,4,200,10,128,126,0,3.0,5
8,4,220,60,168,154,0,7.0,-1
8,4,150,20,76,73,0,5.0,30
8,4,240,10,86,83,0,1.0,-1
8,4,210,50,129,109,0,1.0,2
8,4,250,30,182,164,0,,-2
8,4,0,0,78,77,0,,0
8,4,30,30,163,134,0,7.0,-1
8,4,350,20,124,119,0,2.0,11
8,4,240,20,143,135,-1,7.0,0
8,4,10,10,105,100,0,6.0,1
8,4,20,40,133,130,27,8.0,-2
8,4,240,10,101,96,0,,0
8,4,270,30,106,99,0,,2
8,4,320,30,161,158,0,,-1
8,4,20,20,146,142,0,,1
8,4,60,20,158,134,0,0.0,0
8,4,360,20,166,149,0,,2
8,4,40,50,197,178,-1,,-6
8,4,990,10,170,147,0,,3
8,4,280,30,184,173,0,,4
8,4,140,10,185,177,0,,4
8,4,110,40,214,143,0,,-3
8,4,110,30,216,117,0,,-1
8,4,160,10,180,176,0,8.0,-8
8,4,110,30,188,162,0,,-4
8,4,210,40,153,146,0,8.0,-1
8,4,310,50,167,157,9,,-2
8,4,180,20,145,142,0,,-6
8,4,250,20,178,170,0,8.0,-1
8,4,200,20,158,151,0,,1
8,4,170,30,179,172,0,,8
8,4,180,60,168,154,0,,3
8,4,210,30,150,144,42,7.0,-4
8,4,190,40,125,118,0,,2
8,4,200,20,116,104,0,,1
8,4,130,20,128,87,0,,1
8,4,160,20,139,135,0,7.0,11
8,4,210,60,146,125,0,,0
8,4,280,50,151,144,14,,-2
8,4,200,50,143,129,0,,1
8,4,220,30,161,157,4,,-2
8,4,70,10,117,107,0,,2
8,4,210,60,136,122,0,4.0,-1
8,4,240,50,129,119,0,6.0,0
8,4,240,20,123,116,0,,7
8,4,0,0,101,94,0,,7
8,4,160,10,85,80,0,,13
8,4,230,30,106,103,0,,11
8,4,180,30,133,112,0,,4
8,4,240,20,86,82,0,,17
8,4,220,20,88,82,0,,0
8,4,250,40,120,115,11,,6
8,4,250,30,118,109,0,,-2
8,4,250,30,114,95,0,,-1
8,4,270,30,154,141,0,,0
8,4,170,10,142,140,0,,1
8,4,170,10,74,70,0,,25
8,4,230,40,154,148,3,,0
8,4,330,40,134,114,0,,3
8,4,0,0,120,115,0,,-13
8,4,40,20,102,97,0,,3
8,4,110,20,157,134,0,,-1
8,4,200,10,144,139,0,,8
8,4,180,30,160,152,0,,-3
8,4,330,30,154,143,0,,-6
8,4,300,20,144,136,0,,1
8,4,190,10,146,144,0,,6
8,4,170,20,83,81,0,,1
8,4,200,60,142,136,8,,-1
8,4,210,50,100,88,0,,-1
8,4,200,30,113,101,0,,-2
8,4,210,10,91,89,0,,-2
8,4,160,10,110,103,0,,3
8,4,340,10,111,106,0,,0
8,4,90,20,171,143,0,,-2
8,4,190,40,183,132,0,,2
8,4,220,60,148,139,11,,2
8,4,100,10,130,126,1,,4
8,4,310,30,166,159,-1,,1
8,4,340,40,165,160,0,,4
8,4,300,20,146,141,0,,6
8,4,310,20,152,152,0,,1
8,4,340,30,145,112,0,,5
8,4,230,20,119,111,0,,2
8,4,230,30,116,101,0,,-3
8,4,210,20,111,107,0,,-5
8,4,190,10,109,101,0,,-8
8,4,90,20,104,100,0,,-2
8,4,200,10,116,112,0,,-2
8,4,250,50,143,132,0,,2
8,4,120,20,138,133,0,,-5
8,4,150,30,151,144,0,,1
8,4,130,20,173,147,0,,0
8,4,180,40,158,135,0,,-4
8,4,200,40,153,143,0,,-3
8,4,230,60,154,138,0,,0
8,4,240,30,117,114,0,,7
8,4,180,10,105,102,0,,-3
8,4,130,20,150,132,0,,9
8,4,240,30,134,132,0,,5
8,4,130,10,111,108,0,,2
8,4,240,20,130,128,0,,6
8,4,220,40,141,137,0,,2
8,4,230,40,106,97,0,,-2
8,4,230,30,99,93,0,,1
8,4,210,30,120,109,0,,2
8,4,130,10,79,76,0,0.0,12
8,4,0,0,121,102,0,7.0,4
8,4,250,20,121,113,0,6.0,12
8,4,180,20,127,104,0,0.0,6
8,4,140,30,153,131,0,5.0,12
8,4,150,20,171,128,0,3.0,14
8,4,270,20,158,149,0,8.0,-4
8,4,10,20,142,126,0,8.0,2
8,4,320,40,135,126,12,8.0,2
8,4,340,40,155,143,0,8.0,1
8,4,320,10,116,112,0,5.0,1
8,4,0,0,92,88,0,0.0,3
8,4,210,30,138,128,0,4.0,-4
8,4,260,10,125,116,0,2.0,-4
8,4,190,60,187,180,11,8.0,5
8,4,240,50,160,146,-1,3.0,-2
8,4,200,40,112,96,0,6.0,0
8,4,180,20,93,87,0,0.0,6
8,4,160,20,141,113,0,6.0,0
8,4,200,20,154,149,0,8.0,2
8,4,70,20,140,137,0,8.0,1
8,4,10,50,173,155,-1,8.0,-4
8,4,70,10,158,145,0,8.0,0
8,4,0,0,115,113,0,7.0,0
8,4,310,10,152,150,0,9.0,2
8,4,240,20,134,132,0,0.0,5
8,4,230,10,77,74,0,1.0,0
8,4,240,10,99,94,0,4.0,-7
8,4,30,40,94,79,0,8.0,0
8,4,220,10,57,53,0,0.0,-1
8,4,260,20,153,145,-1,8.0,-2
8,4,130,30,203,180,0,8.0,-4
8,4,160,10,148,134,0,8.0,7
8,4,230,50,160,145,0,8.0,0
8,4,250,50,158,151,7,8.0,-2
8,4,220,30,140,129,0,8.0,14
8,4,160,30,182,156,0,8.0,0
8,4,110,20,199,165,0,7.0,1
8,4,200,40,156,149,0,8.0,-1
8,4,250,20,113,101,0,4.0,-15
8,4,200,40,177,143,-1,8.0,0
8,4,200,50,135,119,0,0.0,-1
8,4,140,30,149,134,0,8.0,2
8,4,190,50,136,115,0,2.0,-1
8,4,200,50,126,104,0,1.0,1
8,4,260,10,111,106,0,4.0,-11
8,4,210,10,77,75,0,0.0,-2
8,4,130,30,134,102,0,8.0,-1
8,4,160,20,145,134,-1,8.0,2
8,4,200,50,169,130,0,8.0,-2
8,4,220,70,156,142,-1,8.0,0
8,4,200,40,152,118,0,8.0,-6
8,4,200,20,140,134,0,8.0,-1
8,4,230,30,107,101,0,8.0,2
8,4,190,20,101,100,0,0.0,-2
8,4,200,20,137,131,0,8.0,1
8,4,230,40,171,144,0,8.0,-2
8,4,220,30,159,140,0,8.0,-1
8,4,230,20,147,141,0,8.0,6
8,4,240,30,161,145,0,8.0,-1
8,4,60,20,123,119,0,0.0,13
8,4,110,20,160,136,0,0.0,-6
8,4,100,10,132,102,0,8.0,3
8,4,300,20,160,153,2,8.0,4
8,4,0,0,83,79,0,0.0,2
8,4,150,10,102,99,0,1.0,12
8,4,110,10,145,100,0,0.0,2
8,4,130,30,169,126,0,7.0,2
8,4,150,20,173,139,0,6.0,10
8,4,290,20,174,149,0,8.0,0
8,4,320,10,143,137,0,8.0,6
8,4,230,10,118,117,0,7.0,3
8,4,230,40,164,161,2,8.0,3
8,4,220,50,162,140,0,8.0,-3
8,4,220,30,163,158,14,8.0,3
8,4,250,10,106,104,0,2.0,3
8,4,180,30,137,109,0,0.0,1
8,4,240,30,165,155,0,8.0,5
8,4,230,20,128,125,0,5.0,2
8,4,190,20,112,110,0,0.0,3
8,4,130,10,140,116,0,0.0,-3
8,4,140,40,210,152,0,0.0,-5
8,4,230,40,142,121,0,4.0,-7
8,4,220,30,103,88,0,0.0,2
8,4,130,10,117,101,0,0.0,14
8,4,120,20,149,94,0,0.0,3
8,4,990,10,171,160,2,8.0,-5
8,4,190,10,108,102,0,1.0,2
8,4,180,20,148,123,0,8.0,10
8,4,210,40,163,137,0,8.0,3
8,4,230,50,113,106,-1,3.0,1
8,4,210,40,102,85,0,7.0,-1
8,4,180,30,116,86,0,0.0,-1
8,4,210,10,157,145,0,7.0,4
8,4,260,20,156,150,6,8.0,0
8,4,260,20,118,115,0,0.0,3
8,4,200,30,139,123,0,8.0,2
8,4,260,20,135,124,0,8.0,-9
8,4,150,10,97,91,0,0.0,-3
8,4,170,20,142,103,0,8.0,-4
8,4,270,10,144,139,0,1.0,-8
8,4,220,20,127,125,0,9.0,7
8,4,190,20,128,112,0,1.0,8
8,4,210,50,169,163,-1,8.0,3
8,4,230,10,92,86,0,0.0,0
8,4,190,10,129,124,0,8.0,1
8,4,220,10,90,88,0,8.0,0
8,4,10,50,158,140,0,8.0,2
8,4,50,10,167,165,1,8.0,1
8,4,270,50,161,158,1,8.0,-6
8,4,210,40,154,143,0,8.0,1
8,4,210,50,123,105,0,4.0,-2
8,4,150,30,129,106,0,0.0,4
8,4,190,20,167,157,0,1.0,7
8,4,220,20,163,155,0,2.0,3
8,4,170,30,191,184,11,8.0,0
8,4,220,40,138,127,0,1.0,-2
8,4,230,50,127,113,0,0.0,1
8,4,170,40,158,154,7,8.0,8
8,4,240,30,177,172,1,8.0,-4
8,4,260,20,102,91,0,5.0,0
8,4,240,40,123,117,-1,7.0,-2
8,4,300,60,121,98,6,8.0,-1
8,4,290,20,85,81,0,0.0,-3
8,4,990,10,71,68,0,0.0,7
8,4,130,20,143,128,0,0.0,3
8,4,120,20,195,151,0,7.0,4
8,4,200,20,146,145,0,0.0,7
8,4,220,40,163,154,0,8.0,-5
8,4,70,20,176,149,0,6.0,0
8,4,220,50,140,128,0,8.0,2
8,4,170,30,131,125,2,8.0,0
8,4,230,50,137,127,-1,8.0,-5
8,4,220,30,75,69,0,0.0,9
8,4,220,60,149,102,0,6.0,1
8,4,250,40,172,155,0,8.0,-1
8,4,190,20,162,158,0,8.0,0
8,4,30,10,175,173,59,8.0,-22
8,4,210,30,123,115,0,8.0,-3
8,4,140,20,135,114,0,8.0,0
8,4,230,20,129,121,0,0.0,-2
8,4,40,40,148,120,0,8.0,1
8,4,300,50,171,164,7,8.0,-14
8,4,160,20,117,106,0,0.0,6
8,4,130,20,166,138,0,5.0,0
8,4,210,10,143,139,0,0.0,-3
8,4,340,30,162,155,1,8.0,4
8,4,230,20,167,166,0,2.0,1
8,4,120,10,118,113,0,7.0,12
8,4,80,30,172,166,0,0.0,6
8,4,210,30,146,132,0,8.0,-2
8,4,210,50,118,106,0,0.0,1
8,4,210,40,113,105,0,7.0,7
8,4,220,10,116,101,0,8.0,0
8,4,190,10,86,83,0,8.0,0
8,4,150,20,128,123,0,0.0,0
8,4,210,20,172,166,0,6.0,5
8,4,180,30,150,130,0,7.0,-2
8,4,190,20,147,139,0,8.0,4
8,4,360,10,137,130,0,7.0,2
8,4,210,60,150,138,0,8.0,-3
8,4,220,50,127,110,0,1.0,2
8,4,200,20,100,91,0,1.0,16
8,4,300,20,143,139,0,8.0,-1
8,4,360,10,82,78,0,0.0,3
8,4,30,10,112,102,0,0.0,3
8,4,80,30,140,98,0,0.0,0
8,4,130,20,149,105,0,6.0,5
8,4,20,10,165,157,0,3.0,-4
8,4,60,20,184,163,0,8.0,-1
8,4,190,10,144,130,0,1.0,-6
8,4,140,20,144,125,0,1.0,0
8,4,120,20,179,140,0,0.0,1
8,4,140,30,207,161,0,0.0,-2
8,4,250,20,196,181,0,1.0,-3
8,4,260,10,169,163,0,6.0,1
8,4,230,40,152,136,0,1.0,-2
8,4,210,20,112,102,0,2.0,2
8,4,10,10,149,142,-1,8.0,-4
8,4,170,30,148,139,0,8.0,10
8,4,220,60,149,141,20,8.0,-1
8,4,160,10,92,92,0,0.0,10
8,4,130,30,158,128,0,8.0,1
8,4,120,10,127,124,0,7.0,-5
8,4,210,20,143,128,-1,7.0,-5
8,4,280,30,135,132,-1,8.0,-4
8,4,150,30,178,159,0,1.0,7
8,4,150,30,197,153,0,0.0,7
8,4,190,10,200,168,0,8.0,2
8,4,0,0,125,120,0,0.0,2
8,4,170,10,137,132,0,0.0,-3
8,4,200,50,174,137,0,7.0,0
8,4,50,30,148,133,0,2.0,10
8,4,250,10,137,132,0,7.0,0
8,4,240,10,106,103,0,5.0,-13
8,4,220,30,146,137,0,8.0,2
8,4,170,20,136,93,0,8.0,-2
8,4,210,30,131,126,0,7.0,-1
8,4,230,30,112,106,0,0.0,4
8,4,200,20,114,100,0,8.0,-2
8,4,160,20,125,107,0,8.0,-2
8,4,170,10,139,122,0,0.0,-4
8,4,190,20,161,147,0,8.0,1
8,4,200,50,193,143,-1,8.0,-17
8,4,230,30,131,111,0,1.0,11
8,4,180,10,113,107,0,8.0,6
8,4,210,10,117,95,0,0.0,-5
8,4,210,10,113,104,0,0.0,0
8,4,990,10,137,131,0,8.0,-1
8,4,120,30,175,117,0,8.0,-2
8,4,130,10,148,140,0,8.0,1
8,4,40,40,122,99,0,1.0,1
8,4,60,20,169,99,0,8.0,-8
8,4,0,0,106,101,0,1.0,-2
8,4,230,10,102,99,0,9.0,1
8,4,0,0,102,98,0,0.0,-4
8,4,210,30,151,136,0,8.0,5
8,4,240,10,134,131,0,0.0,3
8,4,140,30,176,152,0,0.0,4
8,4,190,20,144,139,0,4.0,1
8,4,240,10,139,136,0,1.0,-7
8,4,240,10,113,107,0,5.0,3
8,4,140,30,152,120,0,5.0,6
8,4,200,20,156,153,0,8.0,-4
8,4,70,20,172,152,0,5.0,1
8,4,200,60,185,177,-1,8.0,0
8,4,140,20,160,142,0,8.0,6
8,4,210,60,140,113,0,1.0,1
8,4,210,60,135,117,0,0.0,0
8,4,190,20,106,101,0,3.0,5
8,4,210,40,135,127,0,7.0,8
8,4,210,20,125,122,0,8.0,7
8,4,250,30,126,121,0,7.0,-3
8,4,220,60,133,116,0,8.0,-3
8,4,230,60,129,121,0,2.0,-4
8,4,180,10,116,111,37,8.0,6
8,4,230,30,67,63,0,0.0,7
8,4,200,20,93,90,0,8.0,-1
8,4,190,40,111,87,-1,8.0,4
8,4,140,10,100,97,0,7.0,7
8,4,230,30,81,76,0,6.0,-9
8,4,0,0,71,67,0,3.0,-6
8,4,70,20,136,133,10,8.0,1
8,4,350,10,87,84,0,0.0,-3
8,4,160,20,130,125,0,0.0,4
8,4,210,30,144,139,0,7.0,-12
8,4,210,50,160,133,-1,8.0,-6
8,4,230,30,114,111,0,2.0,3
8,4,30,20,88,70,0,4.0,21
8,4,240,10,85,81,0,0.0,5
8,4,140,30,156,112,0,0.0,7
8,4,300,30,185,168,1,8.0,5
8,4,170,20,126,90,0,8.0,6
8,4,140,10,161,138,0,4.0,1
8,4,30,20,161,148,0,8.0,7
8,4,320,20,181,165,0,8.0,-2
8,4,70,30,141,123,0,0.0,2
8,4,250,10,152,144,0,6.0,12
8,4,210,10,142,139,0,7.0,5
8,4,30,40,187,176,0,8.0,1
8,4,60,40,166,150,0,1.0,-1
8,4,220,20,196,193,-1,8.0,4
8,4,180,30,163,157,0,0.0,-3
8,4,300,30,151,138,0,7.0,-9
8,4,300,30,126,122,1,8.0,4
8,4,230,40,125,121,-1,8.0,1
8,4,190,20,136,109,0,8.0,-1
8,4,140,10,118,103,0,0.0,-1
8,4,140,10,125,122,0,0.0,6
8,4,130,20,161,117,0,0.0,2
8,4,100,30,169,95,0,0.0,-4
8,4,130,10,132,131,0,2.0,15
8,4,250,50,147,140,43,8.0,1
8,4,190,40,177,153,0,8.0,-3
8,4,220,40,170,143,0,8.0,-2
8,4,200,30,118,115,0,1.0,-2
8,4,160,10,97,92,0,0.0,-10
8,4,40,20,175,157,0,6.0,-4
8,4,60,20,191,174,0,5.0,-2
8,4,210,20,132,118,0,8.0,5
8,4,180,30,140,132,1,8.0,1
8,4,220,60,180,175,0,8.0,1
8,4,210,50,148,136,0,7.0,2
8,4,210,30,130,122,0,8.0,3
8,4,220,30,122,116,0,0.0,8
8,4,180,20,118,101,0,0.0,9
8,4,230,50,160,132,0,8.0,-1
8,4,290,20,115,102,0,8.0,2
8,4,300,10,105,97,19,8.0,-6
8,4,210,30,88,73,0,8.0,9
8,4,230,30,163,158,0,8.0,1
8,4,220,40,130,110,0,1.0,4
8,4,190,10,129,126,0,8.0,11
8,4,10,20,139,118,0,8.0,-8
8,4,50,30,119,106,0,7.0,1
8,4,60,40,135,107,0,0.0,0
8,4,40,20,111,91,0,0.0,-12
8,4,990,10,113,103,0,1.0,-3
8,4,180,30,144,133,0,2.0,3
8,4,200,70,148,118,1,8.0,-2
8,4,200,40,145,139,1,8.0,2
8,4,160,10,113,108,0,5.0,-8
8,4,130,20,169,147,0,0.0,-7
8,4,140,20,185,156,0,0.0,3
8,4,160,20,201,180,0,0.0,-14
8,4,30,30,171,151,0,4.0,7
8,4,170,10,196,170,0,0.0,-9
8,4,230,40,171,146,0,8.0,-2
8,4,230,10,88,84,0,0.0,-3
8,4,0,0,107,103,0,0.0,-4
8,4,320,10,149,136,0,8.0,2
8,4,150,10,152,145,0,8.0,6
8,4,150,20,173,167,-1,8.0,7
8,4,210,40,157,121,0,7.0,5
8,4,180,30,148,141,1,8.0,-1
8,4,200,20,97,94,0,0.0,9
8,4,0,0,87,84,0,4.0,3
8,4,20,20,146,123,0,8.0,-3
8,4,210,50,142,132,0,8.0,0
8,4,140,20,144,123,0,8.0,2
8,4,360,20,142,139,0,8.0,-2
8,4,220,40,144,131,2,8.0,-1
8,4,230,30,118,115,0,5.0,6
8,4,90,10,111,107,0,2.0,6
8,4,0,0,142,138,0,8.0,-3
8,4,180,20,122,120,0,4.0,8
8,4,150,30,157,144,0,8.0,13
8,4,210,30,159,146,0,8.0,3
8,4,200,60,124,104,0,1.0,4
8,4,210,30,124,116,-1,8.0,-4
8,4,190,10,96,91,0,6.0,-5
8,4,0,0,122,118,0,6.0,-1
8,4,100,30,150,116,0,0.0,-2
8,4,220,40,155,143,0,8.0,0
8,4,0,0,111,103,0,7.0,-4
8,4,360,10,141,125,0,8.0,-1
8,4,350,10,147,144,0,7.0,-12
8,4,10,10,124,115,0,0.0,-6
8,4,210,10,140,137,0,8.0,-1
8,4,350,30,196,178,0,8.0,-10
8,4,280,30,135,133,2,8.0,1
8,4,990,10,132,115,0,6.0,7
8,4,320,10,157,134,0,7.0,3
8,4,310,10,162,140,0,0.0,4
8,4,340,20,186,147,0,8.0,0
8,4,360,10,154,149,0,3.0,12
8,4,70,30,170,117,0,0.0,3
8,4,0,0,152,135,0,2.0,1
8,4,210,30,194,184,-1,8.0,11
8,4,280,10,141,112,0,6.0,16
8,4,190,30,123,115,0,1.0,9
8,4,230,30,119,115,0,2.0,2
8,4,160,30,139,94,0,8.0,4
8,4,170,40,183,129,-1,8.0,-20
8,4,230,40,168,164,14,8.0,1
8,4,220,30,165,143,0,8.0,1
8,4,160,30,145,131,0,1.0,-1
8,4,250,20,156,153,12,8.0,-1
8,4,210,30,117,103,0,5.0,1
8,4,200,20,144,129,0,4.0,-2
8,4,220,30,185,167,0,8.0,1
8,4,90,10,174,161,0,7.0,-13
8,4,0,0,154,151,0,1.0,-8
8,4,210,10,138,135,0,0.0,-3
8,4,230,40,155,145,0,8.0,0
8,4,240,50,117,107,6,8.0,-8
8,4,220,10,63,59,0,6.0,8
8,4,200,60,152,147,1,8.0,7
8,4,220,20,124,115,0,2.0,-4
8,4,230,10,93,91,0,8.0,9
8,4,270,20,138,134,0,6.0,3
8,4,350,10,85,82,0,8.0,-3
8,4,190,20,146,123,0,8.0,-2
8,4,230,20,136,130,0,8.0,6
8,4,310,10,139,134,0,0.0,4
8,4,0,0,116,113,0,7.0,10
8,4,180,10,181,158,-1,8.0,12
8,4,210,30,151,99,0,8.0,4
8,4,210,30,149,122,0,6.0,4
8,4,210,40,137,112,0,6.0,6
8,4,120,30,184,147,-1,8.0,5
8,4,200,50,187,148,0,8.0,3
8,4,210,40,147,113,0,0.0,1
8,4,180,30,134,115,0,3.0,-1
8,4,240,30,128,118,-1,8.0,-10
8,4,200,20,93,88,0,0.0,5
8,4,200,50,160,151,1,8.0,3
8,4,210,20,129,123,0,8.0,5
8,4,210,60,179,137,-1,8.0,0
8,4,180,40,156,149,-1,8.0,-3
8,4,210,40,129,111,0,0.0,1
8,4,210,30,110,98,0,1.0,7
8,4,160,10,86,81,0,0.0,6
8,4,180,10,93,83,0,0.0,18
8,4,0,0,107,104,0,4.0,-15
8,4,20,10,120,103,0,0.0,-10
8,4,40,10,128,108,0,6.0,1
8,4,0,0,152,133,0,0.0,2
8,4,10,10,179,171,0,0.0,-7
8,4,190,10,207,129,0,5.0,-9
8,4,180,20,165,156,0,8.0,3
8,4,170,10,100,98,0,8.0,4
8,4,0,0,106,101,0,0.0,-3
8,4,270,30,221,181,0,8.0,-6
8,4,220,20,127,119,0,8.0,20
8,4,160,10,83,79,0,8.0,20
8,4,250,10,83,80,0,0.0,16
8,4,170,30,131,87,0,0.0,3
8,4,130,20,130,104,0,0.0,-2
8,4,0,0,157,131,0,0.0,25
8,4,0,0,155,137,0,0.0,3
8,4,10,30,229,165,0,8.0,-6
8,4,60,30,205,173,0,7.0,-1
8,4,70,30,220,174,0,8.0,1
8,4,80,20,218,179,0,8.0,4
8,4,140,40,218,178,0,8.0,-10
8,4,0,0,179,176,0,4.0,1
8,4,190,10,168,168,0,9.0,0
8,4,70,20,192,187,0,7.0,3
8,4,150,10,155,153,0,8.0,13
8,4,210,20,142,139,0,8.0,-7
8,4,0,0,143,138,0,6.0,0
8,4,170,30,188,180,0,8.0,3
8,4,180,40,240,159,0,8.0,-21
8,4,200,30,158,140,0,8.0,6
8,4,220,40,143,121,0,1.0,2
8,4,210,50,153,124,0,8.0,-1
8,4,170,20,130,125,0,8.0,4
8,4,240,120,179,116,-1,8.0,-11
8,4,180,10,136,133,0,8.0,3
8,4,220,60,154,121,0,1.0,-7
8,4,200,30,112,109,0,1.0,1
8,4,240,30,118,118,0,9.0,-2
8,4,340,40,136,128,3,8.0,0
8,4,0,0,107,98,0,2.0,2
8,4,990,5,113,100,0,0.0,8
8,4,990,5,153,143,0,9.0,3
8,4,0,0,150,137,0,6.0,2
8,4,0,0,142,129,0,4.0,10
8,4,990,5,174,157,0,3.0,-5
8,4,90,5,172,152,0,6.0,10
8,4,330,15,156,143,0,7.0,0
8,4,330,5,104,93,0,1.0,2
8,4,230,36,175,120,0,8.0,-4
8,4,230,46,176,152,0,7.0,-4
8,4,260,10,163,150,0,3.0,-3
8,4,0,0,110,98,0,7.0,3
8,4,0,0,145,125,0,5.0,-7
8,4,0,0,120,106,0,6.0,-8
8,4,240,36,150,130,0,4.0,3
8,4,230,41,145,122,0,7.0,-1
8,4,270,26,126,112,0,1.0,-1
8,4,230,21,104,90,0,2.0,-6
8,4,240,36,159,107,0,8.0,-6
8,4,0,0,79,68,0,0.0,2
8,4,120,15,146,117,0,4.0,5
8,4,230,31,184,162,2,8.0,-12
8,4,220,21,137,110,0,3.0,-2
8,4,220,15,125,112,0,7.0,1
8,4,330,5,108,96,0,3.0,-8
8,4,10,10,130,117,0,7.0,7
8,4,10,5,125,107,0,1.0,-12
8,4,20,15,89,74,0,1.0,-8
8,4,60,5,103,82,0,0.0,-5
8,4,60,5,118,100,0,0.0,-8
8,4,110,21,135,121,0,3.0,-5
8,4,240,31,167,142,0,7.0,-11
8,4,990,10,153,142,0,7.0,13
8,4,230,46,129,113,0,1.0,1
8,4,220,21,110,89,0,3.0,4
8,4,240,21,146,119,0,3.0,-8
8,4,40,21,125,109,0,1.0,4
8,4,110,41,174,163,11,8.0,-3
8,4,140,21,214,182,0,3.0,3
8,4,120,21,169,161,-1,8.0,2
8,4,220,26,125,112,0,1.0,5
8,4,220,31,140,129,0,5.0,2
8,4,220,57,140,122,0,5.0,-2
8,4,220,51,146,138,26,8.0,-15
8,4,250,15,130,111,0,7.0,0
8,4,160,15,113,92,0,7.0,12
8,4,230,36,150,140,1,8.0,-2
8,4,990,10,112,104,0,6.0,3
8,4,30,5,133,125,0,4.0,3
8,4,40,21,169,158,0,2.0,2
8,4,270,36,169,152,-1,7.0,-9
8,4,990,5,115,107,0,5.0,-3
8,4,280,31,143,123,9,6.0,-13
8,4,180,51,147,101,-1,8.0,-13
8,4,220,51,185,168,0,7.0,0
8,4,240,46,155,142,19,7.0,-1
8,4,240,46,154,139,-1,8.0,5
8,4,250,62,175,157,39,8.0,1
8,4,320,10,141,133,3,8.0,2
8,4,160,36,116,100,0,7.0,4
8,4,190,36,114,100,0,7.0,0
8,4,210,31,122,108,0,8.0,4
8,4,100,5,134,120,0,6.0,7
8,4,230,26,143,122,0,7.0,4
8,4,240,21,145,122,0,8.0,1
8,4,100,10,148,133,7,8.0,1
8,4,260,72,149,105,0,7.0,-4
8,4,200,31,127,106,0,8.0,4
8,4,300,15,134,129,0,5.0,5
8,4,190,15,123,117,0,7.0,1
8,4,240,51,163,155,0,8.0,-5
8,4,200,31,104,92,0,5.0,1
8,4,190,26,149,146,-1,5.0,4
8,4,220,26,84,78,0,1.0,4
8,4,70,21,89,78,0,6.0,-3
8,4,110,21,135,135,0,6.0,10
8,4,220,26,139,139,0,1.0,2
8,4,360,15,110,110,0,0.0,-1
8,4,40,21,90,81,0,3.0,1
8,4,360,21,96,90,0,1.0,-6
8,4,240,21,140,117,0,7.0,2
8,4,230,26,146,146,0,6.0,-15
8,4,50,31,131,129,0,5.0,-2
8,4,270,10,72,72,0,6.0,13
8,4,240,21,69,69,0,2.0,8
8,4,230,15,84,84,0,6.0,13
8,4,240,10,112,112,-1,8.0,-2
8,4,350,21,87,86,0,1.0,-5
8,4,360,15,84,84,0,1.0,2
8,4,270,5,43,40,0,0.0,-4
8,4,220,36,113,97,0,7.0,0
8,4,290,21,116,95,0,7.0,-11
8,4,360,10,173,163,0,5.0,-2
8,4,240,10,145,145,0,4.0,-7
8,4,80,5,144,136,0,1.0,4
8,4,90,15,177,144,0,1.0,-3
8,4,250,31,194,191,0,5.0,-5
8,4,330,15,172,172,0,5.0,5
8,4,20,26,150,142,0,1.0,2
8,4,40,31,153,126,0,5.0,-5
8,4,10,15,129,121,0,3.0,-1
8,4,60,67,157,128,0,7.0,-3
8,4,210,36,180,165,0,8.0,-4
8,4,240,26,163,157,0,8.0,4
8,4,280,31,139,103,0,7.0,1
8,4,250,21,74,68,0,2.0,11
8,4,240,21,62,61,0,1.0,11
8,4,110,10,68,68,0,1.0,1
8,4,210,26,137,103,0,6.0,-1
8,4,280,31,130,125,100,7.0,12
8,4,220,41,149,133,0,8.0,4
8,4,230,31,145,145,0,8.0,-2
8,4,10,5,130,125,-1,7.0,-1
8,4,40,15,129,121,0,6.0,4
8,4,120,15,174,174,0,7.0,5
8,4,220,21,164,164,-1,8.0,1
8,4,210,15,135,126,0,7.0,-7
8,4,200,31,130,127,0,3.0,0
8,4,190,41,146,135,0,6.0,-3
8,4,220,41,127,124,0,7.0,0
8,4,230,57,110,100,0,2.0,0
8,4,200,15,112,106,0,4.0,6
8,4,40,10,102,102,0,1.0,-1
8,4,60,31,169,140,0,1.0,4
8,4,60,41,174,117,0,2.0,3
8,4,30,15,149,141,0,0.0,2
8,4,10,15,142,139,0,1.0,-4
8,4,10,10,123,123,0,1.0,6
8,4,10,15,146,141,0,1.0,16
8,4,350,15,143,135,0,5.0,1
8,4,360,15,149,105,0,7.0,1
8,4,10,26,119,103,0,1.0,5
8,4,30,10,112,109,0,1.0,-1
8,4,60,31,131,112,0,1.0,-2
8,4,120,10,160,110,0,2.0,13
8,4,250,36,177,138,0,5.0,1
8,4,300,10,124,121,0,1.0,2
8,4,0,0,102,102,0,1.0,-4
8,4,290,10,125,125,0,4.0,12
8,4,20,21,164,149,0,3.0,-4
8,4,60,10,139,130,0,0.0,-10
8,4,20,10,155,132,0,0.0,-5
8,4,10,31,195,145,0,5.0,-16
8,4,20,10,142,142,0,1.0,6
8,4,10,21,162,159,0,0.0,0
8,4,990,10,169,163,0,5.0,3
8,4,280,21,173,171,0,5.0,-1
8,4,210,46,165,132,0,6.0,0
8,4,250,31,162,140,0,7.0,4
8,4,280,26,150,147,13,7.0,-2
8,4,260,41,104,96,0,5.0,6
8,4,270,31,122,103,0,7.0,4
8,4,280,21,108,89,0,7.0,5
8,4,320,10,111,108,0,5.0,1
8,4,230,40,153,138,0,7.0,-10
8,4,210,30,108,108,0,1.0,9
8,4,320,10,64,64,0,1.0,9
8,4,40,10,87,87,0,1.0,2
8,4,90,30,103,94,0,1.0,1
8,4,90,40,139,97,0,3.0,7
8,4,200,30,114,111,0,1.0,3
8,4,130,10,99,99,0,0.0,6
8,4,100,10,128,125,0,7.0,2
8,4,120,20,177,126,0,7.0,7
8,4,140,20,167,167,0,8.0,-1
8,4,240,10,148,148,0,7.0,1
8,4,10,40,173,173,5,8.0,-3
8,4,310,30,167,167,0,7.0,0
8,4,280,20,154,154,0,8.0,3
8,4,310,10,152,146,0,7.0,1
8,4,360,10,98,98,0,6.0,5
8,4,30,10,102,102,0,0.0,-4
8,4,100,30,143,141,0,0.0,4
8,4,90,30,152,123,0,0.0,4
8,4,160,20,179,157,0,7.0,-4
8,4,100,10,124,124,0,5.0,0
8,4,100,20,157,147,0,8.0,-8
8,4,160,30,138,135,0,4.0,1
8,4,190,40,125,122,0,2.0,1
8,4,200,20,131,126,0,6.0,-4
8,4,110,10,97,97,0,4.0,4
8,4,330,10,126,126,0,8.0,1
8,4,220,130,133,130,9,8.0,-5
8,4,250,40,144,144,-1,8.0,-1
8,4,260,40,122,122,3,7.0,3
8,4,220,20,139,139,0,7.0,4
8,4,220,20,167,167,-1,8.0,2
8,4,0,0,126,126,0,5.0,13
8,4,30,30,164,158,0,7.0,-7
8,4,10,20,127,119,0,5.0,4
8,4,60,30,143,132,0,1.0,9
8,4,60,30,149,138,0,0.0,8
8,4,80,20,140,134,0,1.0,9
8,4,70,10,148,143,0,1.0,-3
8,4,60,10,157,141,0,2.0,2
8,4,80,30,157,135,0,1.0,8
8,4,90,20,148,128,0,2.0,1
8,4,70,10,155,142,0,2.0,-7
8,4,230,30,148,145,0,1.0,-1
8,4,220,10,119,119,0,1.0,9
8,4,40,10,121,121,0,1.0,-2
8,4,20,10,153,153,0,1.0,-10
8,4,70,10,148,148,0,0.0,-2
8,4,40,10,117,109,0,1.0,-2
8,4,360,10,147,142,0,2.0,-7
8,4,120,10,145,145,0,0.0,3
8,4,210,10,198,174,-1,8.0,2
8,4,190,10,200,200,1,8.0,1
8,4,150,20,209,197,2,6.0,-1
8,4,100,10,195,192,0,5.0,-3
8,4,240,10,183,183,0,7.0,2
8,4,110,10,147,147,0,3.0,3
8,4,120,20,166,166,4,7.0,0
8,4,190,40,137,126,0,1.0,-1
8,4,160,20,120,109,0,7.0,5
8,4,230,30,154,152,0,7.0,-2
8,4,200,10,87,87,0,,3
8,4,20,20,138,132,0,,3
8,4,990,10,87,87,0,1.0,11
8,4,240,50,160,149,1,,3
8,4,230,40,143,126,0,7.0,-7
8,4,990,10,99,99,0,1.0,6
8,4,230,20,124,107,0,2.0,1
8,4,230,10,141,141,0,,-13
8,4,50,20,159,159,0,,3
8,4,70,30,117,101,0,0.0,4
8,4,220,30,154,150,0,2.0,2
8,4,350,20,179,169,0,6.0,-12
8,4,240,20,125,117,0,3.0,-2
8,4,210,30,134,115,0,7.0,6
8,4,140,10,138,136,0,6.0,6
8,4,0,0,96,96,0,2.0,-15
8,4,210,10,112,97,0,1.0,-9
8,4,220,20,150,140,0,7.0,1
8,4,230,10,77,76,0,2.0,-8
8,4,200,10,96,96,0,1.0,4
8,4,210,80,157,122,-1,8.0,-14
8,4,230,30,121,115,0,5.0,-6
8,4,230,30,80,80,0,3.0,0
8,4,240,70,144,138,2,6.0,7
8,4,250,30,92,83,0,5.0,1
8,4,90,10,130,129,0,8.0,2
8,4,270,30,101,92,0,7.0,-4
8,4,270,30,109,92,0,7.0,0
8,4,260,20,99,85,0,6.0,10
8,4,200,20,127,126,1,8.0,0
8,4,330,20,77,77,0,0.0,12
8,4,90,30,139,104,0,,25
8,4,80,20,141,134,0,3.0,14
8,4,90,20,134,100,0,2.0,19
8,4,0,0,142,142,0,2.0,2
8,4,260,20,190,182,25,7.0,-6
8,4,0,0,116,116,0,4.0,3
8,4,60,20,169,167,24,,3
8,4,40,20,120,120,0,,10
8,4,200,20,138,131,0,1.0,6
8,4,990,10,142,142,0,6.0,19
8,4,10,20,139,121,-1,8.0,-2
8,4,990,10,113,104,0,7.0,-4
8,4,220,10,93,93,0,7.0,10
8,4,170,40,141,137,5,,1
8,4,240,40,116,114,0,,1
8,4,210,20,111,108,0,4.0,4
8,4,230,30,127,127,0,8.0,-2
8,4,140,50,142,120,-1,7.0,-1
8,4,220,80,141,129,0,4.0,0
8,4,220,60,128,123,0,7.0,4
8,4,250,20,83,83,0,,12
8,4,240,10,52,52,0,,10
8,4,40,20,67,67,0,3.0,7
8,4,50,30,109,89,0,6.0,-2
8,4,90,30,169,138,0,8.0,-4
8,4,210,20,195,181,0,7.0,2
8,4,220,30,143,135,0,7.0,1
8,4,990,10,129,129,0,,-30
8,4,10,10,107,107,0,,-14
8,4,0,0,115,115,0,3.0,-4
8,4,230,10,113,109,0,7.0,14
8,4,190,20,164,145,-1,7.0,0
8,4,190,30,153,148,0,8.0,-4
8,4,190,40,138,120,0,7.0,13
8,4,990,10,108,106,0,1.0,3
8,4,360,20,125,123,0,,-3
8,4,290,20,123,121,0,,-6
8,4,310,10,150,144,0,7.0,-8
8,4,280,10,154,151,0,8.0,-1
8,4,360,10,101,100,0,1.0,-3
8,4,220,40,174,156,0,6.0,-3
8,4,230,30,165,156,0,7.0,-2
8,4,350,20,120,117,0,,5
8,4,100,10,120,118,0,,3
8,4,350,20,193,168,0,7.0,-6
8,4,230,30,185,177,0,7.0,0
8,4,200,20,143,130,0,7.0,0
8,4,210,30,168,166,2,8.0,-1
8,4,200,20,107,94,0,3.0,-5
8,4,0,0,148,141,-1,,4
8,4,0,0,155,153,-1,,-3
8,4,300,30,121,111,0,7.0,4
8,4,200,10,100,100,0,0.0,-8
8,4,10,10,102,101,0,2.0,-3
8,4,30,30,97,85,0,1.0,-12
8,4,220,20,95,92,0,2.0,-3
8,4,80,40,116,110,0,,2
8,4,240,40,161,158,-1,,4
8,4,210,50,130,126,0,7.0,-14
8,4,200,20,92,89,0,1.0,-6
8,4,320,10,84,83,0,2.0,-13
8,4,360,20,87,86,0,1.0,4
8,4,290,20,134,128,0,5.0,3
8,4,60,30,113,99,0,2.0,5
8,4,200,50,188,180,0,7.0,3
8,4,250,30,154,138,5,,-7
8,4,190,50,144,126,1,,3
8,4,190,10,137,117,0,6.0,0
8,4,220,70,167,141,0,6.0,1
8,4,220,70,146,133,0,5.0,-1
8,4,210,40,135,122,0,5.0,-3
8,4,200,10,105,100,0,5.0,2
8,4,220,30,82,78,0,,2
8,4,210,40,141,106,0,,7
8,4,220,60,173,143,0,8.0,5
8,4,180,10,133,129,0,2.0,4
8,4,80,10,169,153,0,1.0,-5
8,4,160,20,195,186,-1,8.0,1
8,4,190,20,109,100,0,1.0,-8
8,4,80,30,166,124,0,,-12
8,4,220,20,182,162,0,,-3
8,4,210,20,147,133,0,7.0,2
8,4,990,10,127,122,0,1.0,-4
8,4,0,0,153,140,0,5.0,-7
8,4,120,20,186,152,0,6.0,-15
8,4,990,10,165,158,0,4.0,-1
8,4,100,10,170,167,0,,-8
8,4,160,20,172,146,0,,12
8,4,320,20,181,175,34,7.0,0
8,4,270,10,83,79,0,1.0,4
8,4,0,0,75,72,0,3.0,-3
8,4,60,20,99,90,0,5.0,1
8,4,200,30,139,127,0,8.0,-6
8,4,290,20,186,175,0,8.0,-7
8,4,210,40,150,144,0,6.0,-4
8,4,990,10,129,123,0,,19
8,4,210,10,133,132,0,,10
8,4,990,10,143,141,0,7.0,2
8,4,210,30,145,143,0,7.0,3
8,4,240,20,134,133,0,9.0,0
8,4,990,10,156,155,0,9.0,0
8,4,990,10,134,134,0,7.0,-3
8,4,70,10,145,144,0,,6
8,4,280,30,163,156,0,,4
8,4,230,40,141,134,0,7.0,2
8,4,260,20,133,130,0,4.0,-8
8,4,160,10,121,120,0,1.0,9
8,4,990,10,143,143,0,1.0,-5
8,4,80,10,145,139,0,2.0,-1
8,4,990,10,132,129,0,,-7
8,4,90,20,158,154,0,,-4
8,4,240,10,187,174,0,7.0,5
8,4,110,20,175,164,0,7.0,5
8,4,250,30,165,163,2,8.0,-1
8,4,280,30,158,154,-1,8.0,-1
8,4,350,20,151,145,0,7.0,0
8,4,20,20,161,158,0,,0
8,4,250,20,137,134,0,,-12
8,4,360,20,138,135,0,3.0,-1
8,4,340,30,169,167,0,3.0,3
8,4,360,20,189,178,0,8.0,0
8,4,350,20,150,149,0,2.0,0
8,4,200,20,119,118,0,1.0,8
8,4,220,40,162,155,0,,2
8,4,0,0,130,128,0,,1
8,4,330,10,153,147,0,,13
8,4,0,0,145,144,0,,3
8,4,360,10,143,143,0,,3
8,4,30,20,152,139,0,,6
8,4,50,20,160,147,0,,14
8,4,80,20,205,125,0,,-11
8,4,300,20,185,182,0,,0
8,4,280,20,177,177,0,,-3
8,4,360,10,173,173,0,,0
8,4,990,10,147,146,0,,8
8,4,80,20,188,188,0,,12
8,4,280,20,185,180,0,,4
8,4,340,20,162,156,0,,8
8,4,260,20,116,111,0,,-4
8,4,0,0,76,74,0,,7
8,4,60,30,136,103,0,,9
8,4,90,10,134,133,0,,-7
8,4,220,50,163,150,0,,2
8,4,0,0,75,71,0,,22
8,4,230,10,82,78,0,,14
8,4,210,40,129,106,0,,1
8,4,250,40,186,162,0,,-2
8,4,260,10,98,96,0,,4
8,4,30,20,163,128,0,,-1
8,4,350,20,138,133,0,,-2
8,4,250,20,151,133,0,,-2
8,4,0,0,94,91,0,,3
8,4,30,30,131,125,4,,-2
8,4,270,20,110,105,0,,-1
8,4,260,40,112,98,0,,3
8,4,320,20,157,151,0,,-6
8,4,360,20,144,141,0,1.0,3
8,4,40,20,150,138,0,,8
8,4,10,20,157,145,0,3.0,6
8,4,30,10,196,166,0,7.0,0
8,4,80,20,181,146,0,3.0,1
8,4,250,50,186,176,0,,3
8,4,110,20,182,176,0,,0
8,4,80,40,188,146,0,0.0,-1
8,4,90,30,181,123,0,3.0,10
8,4,190,10,181,175,0,8.0,0
8,4,90,30,171,155,0,4.0,-3
8,4,220,50,154,148,41,8.0,0
8,4,330,40,171,163,0,,-1
8,4,210,20,157,154,0,,2
8,4,230,20,179,162,0,8.0,-4
8,4,200,30,164,155,0,2.0,-7
8,4,160,30,178,168,1,,2
8,4,180,50,171,155,0,1.0,-1
8,4,240,50,153,144,23,8.0,0
8,4,210,30,123,116,0,,3
8,4,190,10,112,103,0,,3
8,4,100,20,114,95,0,,3
8,4,220,10,136,132,0,,14
8,4,210,60,144,123,0,,3
8,4,260,40,149,142,5,,2
8,4,220,60,145,130,0,,-1
8,4,250,20,161,155,0,,-2
8,4,990,10,119,109,0,,4
8,4,220,60,139,126,1,,-4
8,4,240,50,128,119,1,,2
8,4,240,20,121,114,0,,5
8,4,0,0,86,82,0,,10
8,4,250,10,81,79,0,,9
8,4,230,30,110,107,0,,7
8,4,190,30,134,109,0,,1
8,4,250,20,92,90,-1,,17
8,4,990,10,101,97,11,,-2
8,4,250,40,123,117,2,,4
8,4,270,40,136,114,0,,-6
8,4,240,40,108,96,0,,5
8,4,290,20,150,139,0,,4
8,4,180,10,137,135,0,,1
8,4,240,20,98,96,0,,8
8,4,210,40,152,147,-1,,0
8,4,320,30,135,124,0,,-1
8,4,100,10,111,109,0,,-9
8,4,70,10,92,91,0,,4
8,4,100,20,135,126,0,,-6
8,4,80,10,136,133,0,,10
8,4,180,20,161,154,0,,0
8,4,280,10,147,146,0,,4
8,4,310,10,156,146,0,,-1
8,4,80,10,131,129,0,,7
8,4,240,10,71,69,0,,5
8,4,200,60,141,134,14,,-1
8,4,220,40,101,90,-1,,1
8,4,200,30,116,102,0,,-1
8,4,250,10,97,95,0,,1
8,4,220,10,119,106,0,,-5
8,4,10,10,118,116,0,,2
8,4,80,20,133,128,0,,2
8,4,190,40,180,137,0,,1
8,4,230,70,145,129,-1,,-2
8,4,230,30,129,125,0,,-2
8,4,270,30,164,164,75,,4
8,4,990,10,163,160,0,,5
8,4,320,30,166,160,0,,3
8,4,310,10,152,152,0,,-5
8,4,300,10,132,107,0,,1
8,4,230,20,126,118,0,,3
8,4,230,20,115,107,1,,-6
8,4,220,30,111,109,-1,,5
8,4,230,30,113,106,0,,-4
8,4,110,20,96,96,0,,1
8,4,260,20,117,115,0,,7
8,4,260,50,146,138,0,,0
8,4,140,20,143,140,0,,-6
8,4,100,10,137,134,0,,7
8,4,130,20,168,149,0,,-6
8,4,180,30,157,139,0,,-7
8,4,200,30,150,147,0,,-1
8,4,230,50,151,142,-1,,-1
8,4,250,20,121,121,0,,6
8,4,220,20,91,91,0,,7
8,4,100,30,145,135,0,,-1
8,4,230,20,126,126,0,,5
8,4,230,10,101,101,0,,4
8,4,240,20,124,124,0,,5
8,4,210,30,132,129,-1,,6
8,4,240,40,104,99,0,,-10
8,4,240,30,89,88,0,,0
8,4,210,30,92,91,0,,19
8,4,0,0,75,74,0,0.0,8
8,4,0,0,110,101,0,5.0,7
8,4,270,20,123,113,0,8.0,-7
8,4,210,30,126,103,0,0.0,7
8,4,70,10,134,129,0,1.0,17
8,4,120,20,170,128,0,3.0,6
8,4,270,20,168,159,0,8.0,-4
8,4,10,20,135,124,0,8.0,4
8,4,320,40,139,133,4,8.0,1
8,4,360,30,156,144,0,8.0,-1
8,4,290,10,119,116,0,7.0,-3
8,4,0,0,91,89,0,2.0,3
8,4,220,40,136,126,0,1.0,4
8,4,0,0,120,114,0,0.0,3
8,4,190,60,186,180,8,8.0,4
8,4,220,50,158,150,10,4.0,-1
8,4,210,50,118,100,0,7.0,-2
8,4,210,20,100,93,0,0.0,0
8,4,140,30,145,118,0,7.0,-5
8,4,210,20,150,146,0,8.0,3
8,4,60,20,139,137,0,8.0,2
8,4,10,40,168,149,0,8.0,-1
8,4,70,20,154,146,0,8.0,3
8,4,260,10,120,118,0,5.0,-3
8,4,310,10,157,155,0,8.0,1
8,4,220,30,125,124,0,0.0,6
8,4,240,10,91,88,0,0.0,-4
8,4,290,20,109,102,0,0.0,-2
8,4,10,30,97,78,0,8.0,-3
8,4,230,10,64,61,0,0.0,0
8,4,250,20,148,143,0,8.0,0
8,4,120,30,197,182,-1,8.0,-1
8,4,990,10,120,119,0,7.0,23
8,4,230,50,164,149,0,8.0,-1
8,4,240,40,157,152,0,7.0,1
8,4,240,40,138,130,0,8.0,10
8,4,140,20,182,154,-1,8.0,-4
8,4,110,30,176,165,0,0.0,10
8,4,210,40,157,150,-1,8.0,1
8,4,240,20,120,112,0,8.0,11
8,4,200,50,174,143,-1,8.0,0
8,4,220,40,129,115,0,0.0,2
8,4,150,20,144,130,0,7.0,2
8,4,190,60,134,116,0,2.0,2
8,4,220,60,128,106,0,1.0,-2
8,4,100,10,100,92,0,8.0,0
8,4,250,10,72,68,0,0.0,4
8,4,110,20,121,97,0,8.0,2
8,4,180,20,143,135,5,8.0,0
8,4,200,50,164,138,0,8.0,-3
8,4,220,70,157,143,-1,8.0,-3
8,4,190,30,138,122,0,7.0,2
8,4,200,20,137,134,-1,8.0,3
8,4,290,30,110,103,4,8.0,-5
8,4,210,20,91,91,0,0.0,2
8,4,190,20,136,130,0,8.0,3
8,4,230,40,169,142,0,8.0,-1
8,4,230,30,156,140,0,8.0,3
8,4,230,30,153,146,0,8.0,1
8,4,240,40,161,146,0,8.0,-2
8,4,70,20,120,118,0,0.0,-15
8,4,100,30,135,125,0,0.0,0
8,4,90,10,116,97,0,8.0,5
8,4,290,30,161,149,5,8.0,-1
8,4,250,10,80,72,0,0.0,10
8,4,0,0,90,88,0,0.0,9
8,4,70,20,119,103,0,0.0,11
8,4,90,20,146,124,0,0.0,8
8,4,90,30,162,140,0,0.0,15
8,4,290,10,174,162,0,8.0,-1
8,4,350,20,154,142,0,8.0,-2
8,4,0,0,128,126,0,9.0,-5
8,4,230,40,162,157,0,8.0,2
8,4,220,50,164,143,0,8.0,-2
8,4,220,40,157,154,-1,8.0,4
8,4,270,10,103,100,0,0.0,2
8,4,200,30,138,112,0,0.0,2
8,4,250,30,170,158,0,8.0,2
8,4,210,30,129,126,0,0.0,2
8,4,220,20,104,102,0,0.0,2
8,4,0,0,126,110,0,0.0,7
8,4,120,40,197,155,0,0.0,3
8,4,210,40,144,128,0,4.0,-4
8,4,210,30,89,79,0,0.0,9
8,4,90,20,95,89,0,0.0,-8
8,4,90,20,113,86,0,0.0,-1
8,4,250,20,174,148,-1,5.0,-10
8,4,210,20,109,99,0,0.0,-11
8,4,210,30,153,126,0,6.0,1
8,4,220,60,170,135,0,8.0,-7
8,4,230,50,106,97,0,2.0,0
8,4,220,40,95,80,0,1.0,4
8,4,190,30,115,87,0,0.0,-2
8,4,240,20,158,152,0,7.0,7
8,4,0,0,155,151,18,8.0,2
8,4,220,20,103,100,0,5.0,16
8,4,210,30,143,121,0,8.0,1
8,4,270,20,140,125,0,8.0,-10
8,4,220,20,80,78,0,0.0,18
8,4,160,10,124,94,0,6.0,13
8,4,260,20,163,161,0,8.0,-8
8,4,230,30,126,123,0,9.0,6
8,4,210,20,127,108,0,1.0,6
8,4,210,50,167,161,1,8.0,3
8,4,0,0,88,84,0,0.0,3
8,4,180,10,119,117,0,8.0,-1
8,4,0,0,94,92,0,9.0,-5
8,4,10,30,154,138,0,8.0,3
8,4,110,20,166,163,0,8.0,-2
8,4,270,40,167,162,0,8.0,-1
8,4,230,40,152,143,0,8.0,0
8,4,220,40,118,104,0,1.0,4
8,4,150,20,131,104,0,1.0,-4
8,4,200,20,155,145,0,0.0,0
8,4,240,20,162,157,0,1.0,11
8,4,150,40,186,182,5,8.0,-7
8,4,220,60,148,132,-1,8.0,-10
8,4,230,50,135,118,0,7.0,-2
8,4,170,30,153,149,-1,8.0,2
8,4,240,30,170,167,-1,8.0,1
8,4,250,20,84,75,0,1.0,2
8,4,230,40,117,111,3,7.0,4
8,4,310,60,125,94,3,8.0,-4
8,4,300,20,93,86,0,0.0,0
8,4,0,0,71,68,0,0.0,7
8,4,90,20,121,116,0,0.0,24
8,4,90,20,165,152,-1,8.0,17
8,4,220,20,140,137,0,9.0,13
8,4,230,40,164,155,0,8.0,1
8,4,80,20,165,150,0,8.0,1
8,4,240,50,140,129,0,8.0,2
8,4,170,20,126,121,7,8.0,0
8,4,230,30,134,128,0,8.0,0
8,4,230,20,71,68,0,6.0,10
8,4,230,60,143,93,0,2.0,1
8,4,240,40,170,154,0,8.0,-2
8,4,200,10,156,153,-1,8.0,2
8,4,360,10,173,170,34,8.0,-7
8,4,230,30,104,101,0,3.0,2
8,4,170,10,125,115,0,8.0,2
8,4,250,20,149,138,0,7.0,-1
8,4,40,30,143,120,0,8.0,0
8,4,280,30,167,162,3,8.0,-14
8,4,170,10,111,108,0,4.0,6
8,4,90,20,132,126,0,0.0,1
8,4,220,10,138,136,0,1.0,-7
8,4,260,40,163,156,0,8.0,1
8,4,180,10,157,154,0,3.0,4
8,4,990,10,120,120,0,0.0,1
8,4,70,30,154,147,0,0.0,22
8,4,200,30,145,136,0,8.0,-3
8,4,210,40,118,107,0,7.0,0
8,4,220,50,120,111,0,8.0,0
8,4,230,30,93,90,0,7.0,8
8,4,230,30,92,87,0,8.0,8
8,4,130,10,120,115,0,4.0,-1
8,4,220,20,172,166,0,8.0,7
8,4,170,30,155,137,0,8.0,-1
8,4,190,10,127,122,0,7.0,14
8,4,350,10,125,121,0,5.0,-1
8,4,210,50,147,137,0,8.0,0
8,4,220,50,133,118,0,8.0,1
8,4,210,30,95,87,0,0.0,21
8,4,300,10,138,135,0,2.0,0
8,4,360,20,74,70,0,0.0,11
8,4,0,0,96,93,0,0.0,3
8,4,80,30,108,97,0,0.0,17
8,4,100,30,134,107,0,0.0,1
8,4,990,10,157,154,0,8.0,2
8,4,70,20,165,161,0,8.0,4
8,4,220,20,152,144,0,5.0,-3
8,4,130,10,140,125,0,3.0,4
8,4,100,20,151,134,0,0.0,5
8,4,100,10,192,161,0,0.0,3
8,4,260,30,204,180,0,6.0,-7
8,4,0,0,180,174,0,8.0,-4
8,4,230,40,141,130,0,2.0,1
8,4,230,40,111,100,0,0.0,-6
8,4,80,10,141,135,0,8.0,-1
8,4,180,30,153,140,0,8.0,3
8,4,230,60,153,140,8,8.0,-6
8,4,130,10,91,88,0,6.0,8
8,4,110,20,151,127,0,8.0,1
8,4,0,0,122,119,0,8.0,-6
8,4,240,40,144,126,0,8.0,-1
8,4,230,30,123,120,0,8.0,12
8,4,170,20,179,157,0,3.0,6
8,4,110,20,177,143,0,0.0,28
8,4,200,30,205,172,-1,8.0,-2
8,4,270,10,121,116,0,0.0,7
8,4,210,20,141,125,0,2.0,5
8,4,210,50,177,136,0,8.0,0
8,4,30,30,141,129,0,1.0,10
8,4,270,20,138,131,0,8.0,-5
8,4,190,10,101,96,0,7.0,3
8,4,210,20,152,146,0,8.0,0
8,4,220,20,138,100,0,8.0,-4
8,4,210,40,143,136,0,8.0,-5
8,4,220,40,99,91,0,0.0,20
8,4,220,20,113,107,-1,8.0,-11
8,4,0,0,104,101,0,2.0,20
8,4,200,20,136,122,0,1.0,3
8,4,210,30,163,151,0,8.0,0
8,4,200,40,188,152,-1,8.0,-10
8,4,220,20,137,121,0,8.0,-1
8,4,230,20,95,92,0,7.0,1
8,4,0,0,110,95,0,7.0,-4
8,4,50,10,106,98,0,0.0,8
8,4,20,10,143,140,0,1.0,-10
8,4,90,30,157,118,0,7.0,-1
8,4,110,10,161,159,0,9.0,2
8,4,20,30,124,94,0,2.0,-3
8,4,60,30,136,90,0,6.0,-8
8,4,330,10,110,92,0,6.0,23
8,4,20,10,102,100,0,4.0,-5
8,4,220,10,100,96,0,0.0,-7
8,4,220,30,150,138,0,8.0,7
8,4,0,0,124,121,0,0.0,5
8,4,120,20,164,150,0,0.0,-6
8,4,220,20,140,137,0,0.0,9
8,4,280,20,157,144,0,8.0,-18
8,4,280,10,108,105,0,0.0,3
8,4,110,10,116,113,0,7.0,17
8,4,200,20,163,157,0,8.0,-1
8,4,50,10,149,146,0,8.0,2
8,4,190,60,188,174,0,8.0,-1
8,4,80,10,142,137,0,8.0,14
8,4,210,60,139,112,0,0.0,4
8,4,220,60,133,117,0,0.0,3
8,4,200,20,104,99,0,5.0,6
8,4,220,40,133,123,0,2.0,4
8,4,220,20,124,121,0,7.0,-2
8,4,240,20,121,118,0,8.0,12
8,4,220,70,137,117,0,8.0,-1
8,4,230,60,130,121,-1,5.0,-2
8,4,160,10,114,111,72,8.0,1
8,4,220,30,60,56,0,0.0,6
8,4,220,20,78,75,0,4.0,14
8,4,200,30,107,86,0,8.0,6
8,4,240,20,82,80,0,4.0,13
8,4,230,30,77,71,0,6.0,9
8,4,80,10,55,52,0,6.0,6
8,4,80,30,136,133,-1,8.0,-1
8,4,10,20,83,80,0,0.0,-11
8,4,130,10,111,106,0,0.0,-4
8,4,230,30,139,134,0,5.0,-13
8,4,210,60,161,132,0,8.0,-7
8,4,240,20,116,113,0,1.0,-16
8,4,20,20,94,66,0,7.0,5
8,4,230,10,83,80,0,0.0,5
8,4,80,10,133,95,0,0.0,7
8,4,300,40,178,168,17,8.0,1
8,4,210,20,112,87,0,8.0,15
8,4,80,10,142,123,0,2.0,9
8,4,220,10,162,151,0,7.0,-2
8,4,320,10,174,153,0,3.0,-3
8,4,70,20,112,106,0,0.0,9
8,4,170,10,157,147,0,8.0,19
8,4,200,10,149,145,0,8.0,10
8,4,40,20,185,171,0,8.0,-1
8,4,40,30,156,144,0,0.0,2
8,4,230,10,189,184,1,8.0,3
8,4,170,10,168,154,0,3.0,-2
8,4,310,20,152,144,13,8.0,0
8,4,290,30,128,122,5,8.0,0
8,4,240,50,131,123,1,8.0,-3
8,4,140,10,128,120,-1,8.0,0
8,4,60,10,108,105,0,0.0,-3
8,4,0,0,138,135,0,8.0,-5
8,4,100,20,134,112,0,0.0,1
8,4,80,40,136,97,0,0.0,1
8,4,200,10,140,139,0,9.0,-8
8,4,260,60,150,137,7,8.0,-1
8,4,200,50,173,150,0,8.0,3
8,4,220,50,174,139,0,8.0,-9
8,4,210,30,116,113,0,1.0,0
8,4,150,10,88,84,0,1.0,6
8,4,60,40,155,147,-1,3.0,-1
8,4,90,20,177,164,0,5.0,-10
8,4,190,20,133,120,0,8.0,7
8,4,180,20,136,131,2,8.0,3
8,4,220,60,180,175,2,8.0,0
8,4,210,40,141,131,0,5.0,8
8,4,240,30,131,123,0,8.0,0
8,4,220,30,128,122,0,2.0,2
8,4,200,20,106,96,0,0.0,20
8,4,240,60,165,135,0,8.0,-3
8,4,230,20,97,93,0,5.0,23
8,4,260,20,109,102,8,8.0,-4
8,4,210,20,78,69,0,8.0,14
8,4,250,30,165,161,-1,8.0,3
8,4,230,40,144,129,0,8.0,-6
8,4,230,20,154,150,0,8.0,2
8,4,10,20,122,111,0,8.0,1
8,4,30,20,111,105,0,7.0,4
8,4,60,30,115,103,0,0.0,9
8,4,40,20,100,85,0,0.0,1
8,4,60,10,109,106,0,0.0,1
8,4,200,30,157,143,0,7.0,-3
8,4,210,70,156,115,-1,8.0,-9
8,4,200,40,143,133,-1,8.0,0
8,4,250,10,129,117,0,3.0,-12
8,4,100,20,144,135,0,0.0,4
8,4,100,20,165,148,0,0.0,-1
8,4,180,10,188,177,0,0.0,8
8,4,30,30,172,156,0,5.0,6
8,4,200,10,186,164,0,0.0,2
8,4,260,20,158,142,0,7.0,3
8,4,0,0,87,83,0,0.0,-3
8,4,20,10,98,91,0,0.0,6
8,4,340,10,147,139,0,8.0,7
8,4,210,20,160,152,0,8.0,0
8,4,140,20,173,167,1,8.0,4
8,4,220,50,157,120,0,8.0,4
8,4,180,30,143,124,-1,8.0,0
8,4,220,20,84,81,0,0.0,23
8,4,0,0,88,83,0,3.0,9
8,4,30,20,139,120,0,8.0,2
8,4,190,30,140,136,0,8.0,4
8,4,140,10,137,121,0,8.0,-5
8,4,20,10,139,137,0,7.0,-3
8,4,220,50,144,128,-1,8.0,-1
8,4,210,20,101,96,0,0.0,34
8,4,60,10,115,112,0,2.0,-2
8,4,90,10,130,127,0,6.0,6
8,4,250,10,135,134,0,9.0,1
8,4,160,20,149,140,0,8.0,6
8,4,190,20,163,152,-1,8.0,-6
8,4,200,50,120,107,0,5.0,4
8,4,220,40,129,122,-1,8.0,-7
8,4,220,20,101,92,0,8.0,2
8,4,60,20,135,119,0,8.0,-5
8,4,80,30,119,107,0,4.0,-5
8,4,230,40,156,144,0,8.0,-3
8,4,270,10,123,114,0,8.0,-15
8,4,30,10,128,124,0,5.0,-1
8,4,360,10,156,148,0,6.0,-18
8,4,60,10,117,112,0,0.0,0
8,4,0,0,146,143,0,8.0,-12
8,4,70,30,185,172,0,6.0,-1
8,4,270,20,136,132,0,8.0,1
8,4,0,0,123,118,0,5.0,11
8,4,350,20,170,144,0,8.0,3
8,4,360,20,172,143,0,0.0,7
8,4,360,30,193,144,0,8.0,-9
8,4,350,10,166,162,0,1.0,0
8,4,70,20,134,114,0,0.0,10
8,4,990,10,145,134,0,0.0,17
8,4,130,20,198,181,2,8.0,12
8,4,0,0,112,106,0,3.0,9
8,4,220,30,125,118,0,0.0,3
8,4,230,30,116,111,0,0.0,2
8,4,170,20,141,93,0,8.0,4
8,4,180,40,190,117,-1,8.0,-24
8,4,230,40,170,166,-1,8.0,3
8,4,230,30,168,143,0,8.0,2
8,4,190,30,142,133,0,1.0,6
8,4,140,10,157,155,21,8.0,1
8,4,210,20,117,100,0,3.0,-1
8,4,200,20,135,127,0,7.0,2
8,4,230,30,180,170,-1,8.0,3
8,4,90,10,170,160,0,8.0,-5
8,4,270,10,149,146,0,1.0,-4
8,4,220,10,143,143,0,0.0,-4
8,4,220,50,155,148,0,8.0,3
8,4,260,50,112,96,16,8.0,-1
8,4,230,30,70,67,0,2.0,4
8,4,210,60,146,142,1,8.0,6
8,4,210,30,146,128,0,8.0,-8
8,4,0,0,113,107,0,8.0,-7
8,4,270,20,143,136,0,6.0,-7
8,4,350,10,85,81,0,8.0,3
8,4,180,20,138,116,0,7.0,8
8,4,220,10,122,119,0,3.0,20
8,4,320,20,144,140,0,0.0,1
8,4,0,0,103,101,0,7.0,8
8,4,990,10,177,157,-1,8.0,4
8,4,240,30,151,108,0,7.0,9
8,4,230,30,147,128,0,8.0,15
8,4,220,40,142,116,0,3.0,9
8,4,90,30,164,128,0,8.0,9
8,4,200,60,186,154,0,8.0,3
8,4,210,50,155,115,0,1.0,-3
8,4,180,40,129,115,0,0.0,0
8,4,250,30,127,122,1,7.0,-12
8,4,270,10,105,103,0,8.0,-6
8,4,210,50,162,155,0,8.0,1
8,4,220,30,127,123,0,7.0,5
8,4,190,50,179,137,0,8.0,-7
8,4,190,40,156,149,-1,8.0,-4
8,4,200,30,124,108,0,0.0,3
8,4,220,30,104,93,0,0.0,1
8,4,210,10,82,79,0,0.0,1
8,4,60,10,101,87,0,0.0,-1
8,4,0,0,101,99,0,1.0,-1
8,4,60,20,143,107,0,0.0,-5
8,4,100,10,137,108,0,0.0,6
8,4,350,10,168,148,0,0.0,3
8,4,50,10,179,177,0,0.0,-6
8,4,100,10,189,165,0,8.0,-5
8,4,230,30,171,165,-1,7.0,1
8,4,240,10,106,105,0,8.0,-2
8,4,50,10,111,108,0,0.0,-4
8,4,270,20,199,181,-1,8.0,2
8,4,230,20,132,125,0,8.0,4
8,4,320,10,88,83,0,8.0,9
8,4,280,10,111,109,0,0.0,4
8,4,180,20,128,85,0,0.0,5
8,4,230,10,138,104,0,6.0,11
8,4,80,20,157,125,0,0.0,15
8,4,20,10,161,128,0,0.0,1
8,4,360,20,219,156,0,8.0,2
8,4,50,20,181,163,0,8.0,13
8,4,70,30,194,163,0,8.0,9
8,4,70,30,206,179,0,8.0,8
8,4,120,20,193,170,0,8.0,12
8,4,330,10,182,179,0,8.0,-1
8,4,250,10,188,186,0,8.0,0
8,4,50,20,188,180,0,8.0,0
8,4,990,10,151,148,0,8.0,0
8,4,230,30,144,138,0,7.0,-1
8,4,80,10,138,134,0,0.0,-2
8,4,170,20,190,179,-1,8.0,1
8,4,160,30,238,168,-1,8.0,1
8,4,220,30,165,140,0,8.0,2
8,4,220,50,149,120,0,1.0,-1
8,4,210,50,152,121,0,8.0,1
8,4,170,20,124,119,0,8.0,8
8,4,240,120,173,118,0,8.0,-17
8,4,220,10,124,122,0,8.0,-7
8,4,210,70,159,121,0,3.0,-5
8,4,210,30,113,105,0,0.0,-3
8,4,240,30,119,115,0,8.0,0
8,4,340,30,136,116,0,8.0,-8
