MM,HH,DD,FF,T,TD,RH,N,TC
11,22,200,77,133,90,-1,8.0,-5
11,22,200,72,120,92,0,5.0,0
11,22,210,82,90,78,0,6.0,-21
11,22,220,108,58,40,-1,7.0,1
11,22,270,31,42,42,0,7.0,-6
11,22,220,113,63,53,-1,8.0,4
11,22,240,108,107,107,12,8.0,-2
11,22,240,57,75,75,-1,8.0,-4
11,22,250,41,40,40,-1,8.0,0
11,22,200,82,50,40,0,8.0,3
11,22,220,31,53,53,-1,7.0,2
11,22,200,123,105,88,-1,8.0,0
11,22,210,72,62,45,0,2.0,-5
11,22,240,51,51,45,0,7.0,-2
11,22,220,21,30,29,0,1.0,-16
11,22,20,21,-1,-1,0,9.0,2
11,22,170,41,33,24,0,3.0,0
11,22,190,36,73,66,0,7.0,-11
11,22,990,15,26,26,0,5.0,0
11,22,30,62,30,30,0,8.0,3
11,22,990,10,-4,-4,0,8.0,0
11,22,210,41,36,15,0,8.0,0
11,22,210,21,14,10,0,4.0,-15
11,22,90,31,5,-1,0,0.0,-6
11,22,170,10,-12,-13,0,4.0,-5
11,22,200,15,45,24,0,3.0,-7
11,22,200,41,56,50,0,0.0,-5
11,22,190,31,55,45,0,0.0,-16
11,22,90,57,17,17,0,0.0,9
11,22,140,15,-2,-2,0,0.0,-18
11,22,200,46,31,12,0,6.0,-3
11,22,240,87,89,63,0,3.0,-6
11,22,200,51,54,44,0,3.0,-2
11,22,220,62,74,63,0,7.0,-1
11,22,220,36,104,104,0,6.0,0
11,22,210,46,69,65,0,3.0,-8
11,22,240,46,96,95,5,8.0,-1
11,22,110,26,66,52,0,4.0,-15
11,22,200,82,99,70,0,8.0,4
11,22,230,77,77,57,0,7.0,-5
11,22,240,72,66,38,0,7.0,-6
11,22,220,62,36,15,0,3.0,0
11,22,230,41,27,23,0,2.0,-4
11,22,110,36,38,1,0,8.0,1
11,22,220,62,85,77,0,7.0,-2
11,22,190,51,68,53,-1,8.0,1
11,22,230,67,32,16,0,7.0,0
11,22,210,87,63,56,1,8.0,14
11,22,200,46,53,36,0,7.0,1
11,22,200,51,21,15,0,1.0,5
11,22,220,67,92,92,4,8.0,25
11,22,250,87,128,122,0,8.0,-2
11,22,190,72,87,60,0,0.0,-7
11,22,190,57,110,67,0,8.0,2
11,22,180,87,101,85,7,8.0,5
11,22,240,72,65,47,0,1.0,-2
11,22,190,93,70,50,23,8.0,7
11,22,190,15,32,23,0,5.0,-1
11,22,200,57,111,108,-1,8.0,2
11,22,200,72,114,63,0,5.0,-4
11,22,70,26,2,2,0,0.0,-2
11,22,90,26,63,62,4,7.0,3
11,22,990,10,118,107,0,7.0,-31
11,22,50,31,63,63,0,0.0,3
11,22,80,72,29,29,0,8.0,2
11,22,50,36,47,47,-1,8.0,-1
11,22,330,15,50,50,1,8.0,1
11,22,300,21,56,56,0,8.0,-1
11,22,200,41,58,44,0,6.0,-1
11,22,200,77,78,71,0,8.0,-2
11,22,210,41,46,45,0,0.0,3
11,22,200,46,52,45,-1,5.0,1
11,22,160,62,62,42,-1,8.0,9
11,22,300,72,64,63,17,8.0,1
11,22,40,31,32,14,0,5.0,0
11,22,60,26,-10,-21,0,2.0,-2
11,22,80,46,-3,-20,0,0.0,-13
11,22,80,36,-20,-34,0,0.0,-12
11,22,60,26,-36,-47,0,0.0,0
11,22,80,41,-24,-31,0,2.0,-9
11,22,70,21,-47,-50,-1,7.0,1
11,22,160,15,-50,-55,-1,2.0,-4
11,22,180,26,-47,-61,0,0.0,0
11,22,170,10,-35,-36,0,6.0,4
11,22,10,10,-2,-2,0,3.0,-19
11,22,20,36,-15,-15,0,6.0,-1
11,22,60,36,-32,-39,0,8.0,0
11,22,70,31,-52,-53,0,0.0,5
11,22,100,57,-48,-60,0,0.0,-1
11,22,350,15,-12,-26,0,8.0,-1
11,22,190,36,78,60,0,7.0,-16
11,22,90,36,76,55,0,7.0,-8
11,22,120,21,114,65,0,4.0,-4
11,22,100,41,111,76,0,2.0,-18
11,22,200,46,134,104,0,5.0,0
11,22,330,21,116,98,-1,8.0,-2
11,22,40,21,109,106,-1,8.0,-1
11,22,180,36,78,67,0,2.0,-6
11,22,140,26,97,91,3,8.0,-3
11,22,80,10,83,80,0,4.0,-8
11,22,220,51,105,100,1,8.0,-4
11,22,180,15,92,86,8,8.0,-1
11,22,220,82,117,93,0,8.0,-2
11,22,230,103,136,125,6,7.0,3
11,22,240,77,107,85,0,7.0,-4
11,22,220,41,64,50,0,5.0,5
11,22,230,82,83,53,0,8.0,1
11,22,200,21,80,79,0,8.0,4
11,22,230,67,133,131,-1,8.0,2
11,22,240,62,131,113,-1,8.0,-6
11,22,100,5,90,90,0,8.0,3
11,22,190,15,101,87,0,3.0,-6
11,22,200,36,82,79,0,1.0,-1
11,22,250,10,74,71,0,3.0,-6
11,22,200,21,58,58,0,5.0,12
11,22,300,26,109,109,7,8.0,0
11,22,70,21,85,68,0,8.0,-1
11,22,70,21,64,62,0,2.0,4
11,22,80,26,34,29,0,1.0,-13
11,22,150,15,12,9,0,0.0,-1
11,22,310,26,53,53,0,1.0,-4
11,22,270,36,84,73,0,7.0,-4
11,22,340,41,37,12,0,6.0,-3
11,22,990,10,-6,-35,0,0.0,-4
11,22,150,31,-21,-42,0,0.0,-3
11,22,210,41,-13,-38,0,6.0,4
11,22,210,31,66,66,-1,8.0,2
11,22,210,31,92,92,0,8.0,3
11,22,190,15,55,54,0,4.0,4
11,22,150,31,112,90,0,7.0,-2
11,22,990,15,95,55,0,3.0,-3
11,22,80,57,96,48,0,3.0,-12
11,22,240,36,107,105,0,8.0,-1
11,22,210,67,91,68,0,8.0,-4
11,22,190,46,95,93,13,8.0,3
11,22,300,41,81,73,1,8.0,-3
11,22,280,36,19,16,0,7.0,-1
11,22,230,46,33,22,0,6.0,1
11,22,290,36,64,60,-1,8.0,0
11,22,180,26,11,-4,0,4.0,-3
11,22,120,31,17,-14,0,3.0,-6
11,22,220,36,89,89,0,8.0,-2
11,22,200,46,75,64,0,8.0,5
11,22,160,41,89,55,0,7.0,-16
11,22,160,41,78,49,0,1.0,-9
11,22,200,46,93,64,0,7.0,-4
11,22,990,15,67,62,0,8.0,-4
11,22,200,26,23,23,0,2.0,7
11,22,60,26,36,36,0,5.0,2
11,22,100,15,12,6,0,0.0,-7
11,22,210,70,112,97,0,7.0,7
11,22,220,80,136,116,0,8.0,-3
11,22,210,90,129,114,0,8.0,0
11,22,210,80,120,110,3,7.0,3
11,22,210,70,74,42,0,1.0,-1
11,22,220,90,100,69,0,1.0,-4
11,22,230,80,74,60,1,6.0,3
11,22,210,50,62,52,1,2.0,3
11,22,200,40,71,61,0,5.0,0
11,22,200,50,80,62,0,7.0,1
11,22,60,30,94,92,16,8.0,24
11,22,210,40,81,78,1,8.0,-3
11,22,300,30,30,16,0,0.0,-5
11,22,60,20,-3,-13,0,0.0,0
11,22,60,10,0,-5,0,0.0,-9
11,22,0,0,7,5,0,7.0,-15
11,22,170,20,-7,-13,0,7.0,10
11,22,310,20,37,37,9,8.0,4
11,22,170,70,41,20,0,7.0,9
11,22,270,50,46,24,0,4.0,-1
11,22,220,50,12,2,0,6.0,-2
11,22,200,60,15,-19,0,7.0,1
11,22,220,40,2,-5,0,1.0,-5
11,22,190,70,19,1,-1,3.0,2
11,22,240,40,53,50,0,8.0,1
11,22,290,30,14,5,0,7.0,-2
11,22,30,50,1,-23,0,8.0,1
11,22,230,40,23,16,-1,8.0,-2
11,22,230,50,46,39,-1,7.0,3
11,22,290,30,17,10,0,1.0,0
11,22,990,10,-7,-7,0,9.0,4
11,22,0,0,-9,-9,0,9.0,-3
11,22,80,50,50,29,0,0.0,-8
11,22,170,30,85,83,19,8.0,5
11,22,140,40,116,100,0,8.0,-3
11,22,50,30,108,108,32,8.0,1
11,22,170,40,92,73,0,6.0,11
11,22,180,70,104,60,0,6.0,10
11,22,180,60,82,65,1,7.0,4
11,22,200,70,82,65,-1,7.0,-3
11,22,150,20,67,58,-1,6.0,-10
11,22,260,40,63,63,0,8.0,-2
11,22,190,30,29,24,0,0.0,-13
11,22,190,70,68,49,0,7.0,-1
11,22,200,30,95,93,-1,8.0,1
11,22,100,40,87,81,0,4.0,-20
11,22,90,50,30,16,0,0.0,-4
11,22,90,40,23,13,0,5.0,-1
11,22,90,30,14,-24,0,8.0,0
11,22,190,50,83,66,0,2.0,3
11,22,150,20,28,26,0,0.0,5
11,22,90,30,23,23,0,9.0,0
11,22,990,10,19,19,0,8.0,-2
11,22,80,50,32,17,0,7.0,-2
11,22,80,30,61,38,-1,6.0,-8
11,22,90,40,64,37,-1,8.0,-5
11,22,190,40,59,51,0,8.0,2
11,22,190,40,85,78,0,0.0,6
11,22,190,50,91,75,0,3.0,-12
11,22,340,70,63,63,-1,8.0,-6
11,22,220,60,49,27,0,6.0,-5
11,22,170,50,77,63,12,8.0,4
11,22,210,80,73,38,0,6.0,1
11,22,230,30,36,24,-1,5.0,-1
11,22,220,110,75,50,1,8.0,-1
11,22,210,20,47,43,0,3.0,-12
11,22,180,40,41,28,0,2.0,-13
11,22,220,50,105,99,-1,8.0,0
11,22,210,40,112,106,0,7.0,-1
11,22,250,30,56,41,0,6.0,1
11,22,160,30,20,14,0,6.0,2
11,22,180,50,50,29,0,8.0,2
11,22,190,40,60,49,0,8.0,0
11,22,250,30,41,39,0,8.0,4
11,22,230,40,54,50,0,8.0,2
11,22,320,20,3,-6,0,1.0,3
11,22,220,20,5,-3,0,5.0,11
11,22,220,60,22,4,-1,7.0,-2
11,22,70,30,-22,-35,0,1.0,-2
11,22,100,20,-34,-45,0,1.0,-4
11,22,110,30,-31,-56,0,1.0,-16
11,22,0,0,-60,-81,0,1.0,-7
11,22,150,20,-62,-74,0,0.0,0
11,22,200,40,-10,-40,0,8.0,0
11,22,210,20,1,-16,0,7.0,0
11,22,210,60,41,39,8,8.0,0
11,22,210,20,42,41,0,8.0,1
11,22,130,30,26,19,-1,8.0,1
11,22,30,30,9,5,0,8.0,3
11,22,60,50,6,0,0,8.0,1
11,22,200,90,168,142,0,7.0,1
11,22,220,30,76,67,0,1.0,-10
11,22,170,20,54,40,0,0.0,-3
11,22,190,20,37,27,0,0.0,20
11,22,210,80,93,69,2,8.0,2
11,22,230,80,77,31,0,7.0,0
11,22,220,40,62,47,0,3.0,-4
11,22,300,20,92,92,2,9.0,2
11,22,350,40,64,60,0,1.0,3
11,22,20,80,77,57,0,8.0,-1
11,22,70,30,21,-2,0,1.0,-4
11,22,40,20,10,-3,0,0.0,-6
11,22,210,20,25,25,0,8.0,1
11,22,50,40,49,30,0,2.0,-15
11,22,120,10,-13,-38,0,0.0,-9
11,22,220,60,12,9,-1,8.0,-4
11,22,250,40,17,10,0,4.0,-2
11,22,270,40,12,10,0,8.0,4
11,22,360,60,19,15,-1,8.0,1
11,22,50,30,-6,-15,0,7.0,-7
11,22,190,20,-14,-23,0,6.0,7
11,22,220,70,26,24,1,8.0,3
11,22,190,40,51,49,0,7.0,-2
11,22,230,60,68,56,0,7.0,-1
11,22,210,50,86,80,-1,8.0,2
11,22,200,90,51,11,0,5.0,-4
11,22,190,50,74,60,0,5.0,-6
11,22,200,70,81,27,0,7.0,-2
11,22,200,40,61,36,0,7.0,10
11,22,220,100,83,52,0,7.0,2
11,22,200,60,60,39,0,2.0,-2
11,22,200,70,80,56,0,1.0,1
11,22,190,50,68,44,0,2.0,4
11,22,200,50,55,36,0,1.0,1
11,22,110,60,70,26,0,8.0,2
11,22,150,30,86,54,0,6.0,-7
11,22,190,80,82,65,3,8.0,2
11,22,200,60,73,61,1,8.0,1
11,22,210,80,69,29,0,3.0,-5
11,22,200,60,60,30,0,2.0,-6
11,22,180,70,75,24,0,7.0,-1
11,22,200,60,96,84,6,8.0,1
11,22,200,30,75,56,0,7.0,4
11,22,180,40,56,38,0,2.0,11
11,22,210,60,59,41,0,3.0,-4
11,22,220,60,77,59,4,8.0,-6
11,22,210,50,51,32,0,7.0,-2
11,22,190,80,72,39,0,2.0,1
11,22,190,50,80,55,0,7.0,-10
11,22,150,40,45,23,0,5.0,-5
11,22,160,60,65,47,13,8.0,12
11,22,190,60,64,42,0,1.0,2
11,22,230,60,85,76,10,8.0,-1
11,22,170,40,45,26,0,2.0,2
11,22,170,70,70,44,10,8.0,-5
11,22,210,80,71,41,0,6.0,-2
11,22,160,50,86,57,0,8.0,0
11,22,150,50,117,93,0,4.0,-9
11,22,200,40,118,89,0,7.0,3
11,22,170,50,122,94,0,5.0,-2
11,22,230,20,71,54,0,0.0,-21
11,22,160,10,51,44,0,2.0,-2
11,22,130,20,52,43,0,3.0,0
11,22,240,30,79,58,0,4.0,2
11,22,200,40,45,25,0,3.0,3
11,22,230,50,85,64,0,5.0,6
11,22,240,60,103,80,0,8.0,-2
11,22,280,50,24,13,1,8.0,-3
11,22,20,20,8,2,0,0.0,-8
11,22,180,30,-7,-27,0,3.0,-8
11,22,210,30,49,39,0,8.0,0
11,22,260,20,90,88,1,8.0,-1
11,22,340,30,33,24,0,6.0,0
11,22,50,20,1,-14,0,1.0,-7
11,22,210,10,-26,-28,0,9.0,5
11,22,990,10,42,42,0,8.0,3
11,22,80,30,50,28,0,8.0,-1
11,22,990,10,41,32,0,8.0,-5
11,22,310,20,58,54,0,8.0,-4
11,22,210,30,66,59,0,8.0,0
11,22,220,100,60,27,0,8.0,2
11,22,250,30,14,8,0,1.0,4
11,22,240,40,41,33,0,8.0,0
11,22,200,40,67,67,0,8.0,2
11,22,220,60,94,91,14,8.0,-1
11,22,30,20,53,42,0,8.0,-8
11,22,210,80,59,49,12,8.0,2
11,22,220,50,48,34,0,3.0,2
11,22,220,50,96,94,5,8.0,3
11,22,210,50,119,118,3,8.0,0
11,22,190,70,118,111,23,8.0,4
11,22,130,40,123,116,14,8.0,1
11,22,210,50,89,66,0,8.0,-8
11,22,240,20,84,79,0,4.0,3
11,22,150,20,45,43,0,1.0,-4
11,22,160,30,71,58,5,8.0,-2
11,22,230,40,49,37,0,7.0,-2
11,22,210,120,86,69,8,8.0,1
11,22,240,10,49,42,0,2.0,-20
11,22,200,50,104,101,15,8.0,2
11,22,210,70,95,74,0,4.0,-5
11,22,200,80,108,85,4,8.0,-1
11,22,150,30,80,60,0,7.0,10
11,22,160,30,71,52,0,4.0,12
11,22,110,10,64,58,0,6.0,-7
11,22,250,40,73,72,-1,8.0,-1
11,22,190,40,89,74,0,6.0,-7
11,22,20,30,75,68,-1,8.0,-3
11,22,150,30,56,36,0,5.0,1
11,22,90,30,71,55,0,8.0,-3
11,22,170,20,104,77,0,8.0,-4
11,22,190,40,79,48,0,0.0,-8
11,22,170,20,81,73,11,8.0,-1
11,22,70,30,65,55,0,8.0,-4
11,22,210,50,90,71,0,8.0,-4
11,22,130,20,36,33,0,3.0,-8
11,22,120,30,50,38,0,0.0,-1
11,22,170,30,66,47,0,3.0,9
11,22,990,10,68,59,0,7.0,-3
11,22,210,30,74,69,0,8.0,-5
11,22,240,50,84,76,0,8.0,-3
11,22,200,70,111,96,5,8.0,1
11,22,230,80,109,80,0,4.0,-7
11,22,180,20,61,55,0,0.0,1
11,22,100,40,59,27,0,0.0,-5
11,22,120,40,75,21,0,0.0,-4
11,22,70,50,58,22,0,8.0,0
11,22,100,30,48,20,0,0.0,-13
11,22,130,20,85,43,0,6.0,-10
11,22,50,10,58,49,0,1.0,-15
11,22,130,20,-2,-12,0,0.0,2
11,22,200,40,74,70,2,8.0,4
11,22,220,10,54,48,0,8.0,-4
11,22,200,60,74,57,0,0.0,-2
11,22,180,20,37,25,0,0.0,-2
11,22,250,40,58,56,0,8.0,3
11,22,210,70,68,60,10,8.0,-1
11,22,240,80,121,105,0,8.0,-1
11,22,240,50,111,104,0,8.0,-2
11,22,220,60,85,61,0,8.0,-2
11,22,200,40,103,80,0,7.0,-3
11,22,190,60,145,88,0,8.0,-3
11,22,170,40,128,75,0,8.0,7
11,22,300,40,103,98,0,8.0,-11
11,22,180,20,86,80,1,8.0,3
11,22,190,50,80,63,-1,8.0,1
11,22,290,20,47,43,0,8.0,-9
11,22,220,30,36,30,0,8.0,-5
11,22,180,50,59,-14,0,8.0,2
11,22,100,30,77,66,0,8.0,2
11,22,40,40,88,71,-1,8.0,-1
11,22,100,30,96,87,0,8.0,-2
11,22,200,20,120,105,0,8.0,-3
11,22,290,30,106,98,0,8.0,-8
11,22,230,30,58,36,0,4.0,4
11,22,300,20,84,81,0,8.0,-1
11,22,220,20,56,42,0,7.0,-6
11,22,70,30,61,50,0,8.0,-11
11,22,280,20,20,6,0,8.0,-2
11,22,90,30,45,41,0,8.0,-1
11,22,130,10,8,0,0,1.0,-8
11,22,260,40,77,74,0,8.0,-6
11,22,300,20,31,22,0,5.0,-6
11,22,210,20,8,1,0,0.0,4
11,22,220,40,55,42,0,8.0,2
11,22,220,80,88,71,0,8.0,1
11,22,230,90,104,91,0,8.0,1
11,22,230,100,85,75,17,8.0,-2
11,22,230,50,14,-20,0,8.0,-8
11,22,240,40,8,-7,0,1.0,-1
11,22,200,50,46,41,-1,8.0,16
11,22,250,60,103,85,-1,8.0,-6
11,22,60,10,24,14,0,0.0,-3
11,22,100,20,-4,-12,0,0.0,-5
11,22,200,40,-15,-28,0,0.0,26
11,22,210,60,58,51,19,8.0,3
11,22,200,40,79,64,0,8.0,-4
11,22,210,30,60,54,0,8.0,-1
11,22,90,10,56,52,0,8.0,4
11,22,20,10,10,7,0,8.0,11
11,22,180,30,79,51,0,0.0,10
11,22,190,70,141,130,8,8.0,2
11,22,200,70,148,98,0,7.0,-4
11,22,220,50,102,78,0,2.0,-7
11,22,200,60,93,80,0,8.0,-4
11,22,190,50,99,62,0,4.0,-1
11,22,190,40,94,77,0,0.0,-1
11,22,180,50,115,47,0,0.0,-2
11,22,250,20,93,84,-1,8.0,-2
11,22,210,70,84,80,1,8.0,3
11,22,200,70,100,73,0,8.0,-1
11,22,990,10,75,62,0,8.0,2
11,22,50,20,51,42,0,0.0,-3
11,22,220,50,45,43,0,9.0,-3
11,22,240,30,72,70,0,8.0,0
11,22,240,40,29,22,0,6.0,-4
11,22,240,30,27,20,0,7.0,-2
11,22,260,10,12,6,0,0.0,-8
11,22,220,40,20,19,0,8.0,1
11,22,230,50,30,23,0,8.0,0
11,22,40,30,10,5,0,0.0,0
11,22,60,30,-14,-17,0,9.0,-13
11,22,30,20,-13,-17,0,5.0,-6
11,22,230,70,19,12,4,8.0,-1
11,22,220,140,-3,-6,11,8.0,2
11,22,210,60,10,2,6,8.0,3
11,22,220,20,6,1,0,8.0,0
11,22,210,50,14,7,0,5.0,-4
11,22,240,40,29,13,0,8.0,-1
11,22,200,50,16,-17,0,6.0,-9
11,22,290,20,27,13,0,0.0,-4
11,22,230,30,34,31,0,8.0,7
11,22,270,20,65,56,0,8.0,-6
11,22,220,50,72,54,0,8.0,1
11,22,230,40,95,76,0,7.0,-1
11,22,190,10,85,73,0,8.0,1
11,22,200,30,46,20,0,0.0,9
11,22,220,70,107,99,12,8.0,4
11,22,260,30,50,39,0,7.0,-3
11,22,200,40,51,24,0,8.0,0
11,22,230,80,86,49,0,8.0,5
11,22,220,50,58,43,0,2.0,10
11,22,230,60,125,107,0,8.0,2
11,22,220,80,129,102,0,8.0,-3
11,22,190,70,133,96,0,0.0,4
11,22,200,60,147,120,-1,8.0,-5
11,22,190,60,96,61,0,0.0,-1
11,22,180,20,62,44,0,8.0,4
11,22,190,50,41,35,0,0.0,1
11,22,190,70,88,76,2,8.0,-1
11,22,220,40,46,30,0,7.0,-8
11,22,190,70,62,55,15,8.0,7
11,22,200,60,90,75,0,1.0,2
11,22,160,60,143,104,0,8.0,7
11,22,220,70,128,84,0,8.0,-4
11,22,160,30,94,58,0,0.0,-2
11,22,190,60,132,86,0,8.0,-9
11,22,230,40,114,91,0,8.0,-2
11,22,200,30,40,34,0,0.0,2
11,22,110,20,69,51,0,8.0,-2
11,22,240,20,108,100,0,8.0,-1
11,22,250,20,123,123,2,9.0,0
11,22,340,30,109,104,0,8.0,-2
11,22,10,10,89,56,0,8.0,-4
11,22,230,70,86,80,5,8.0,6
11,22,240,20,56,50,0,7.0,2
11,22,250,20,92,84,0,7.0,0
11,22,250,50,71,66,14,8.0,-2
11,22,240,40,45,40,3,8.0,1
11,22,210,30,72,71,15,8.0,19
11,22,280,30,33,29,0,7.0,1
11,22,250,30,32,25,0,1.0,1
11,22,290,30,59,56,0,8.0,-1
11,22,330,10,18,6,0,7.0,-3
11,22,0,0,5,-4,0,8.0,-3
11,22,210,40,11,-4,0,6.0,-2
11,22,190,30,1,-7,0,0.0,1
11,22,90,30,15,-4,0,1.0,-2
11,22,160,40,64,33,0,8.0,-2
11,22,120,40,124,34,0,8.0,-40
11,22,160,30,76,63,0,0.0,-3
11,22,210,40,90,76,0,8.0,-1
11,22,300,10,10,2,0,0.0,-5
11,22,220,100,48,24,-1,8.0,-1
11,22,280,30,44,29,0,8.0,-1
11,22,260,20,42,33,-1,8.0,1
11,22,190,20,50,45,-1,8.0,-1
11,22,200,70,23,-7,0,8.0,-1
11,22,240,40,57,54,0,8.0,3
11,22,200,90,76,68,9,8.0,1
11,22,120,20,102,81,0,8.0,2
11,22,40,50,81,75,0,0.0,2
11,22,130,20,69,66,0,0.0,-3
11,22,30,50,75,75,0,9.0,0
11,22,200,20,90,87,0,8.0,1
11,22,190,20,87,81,0,8.0,-9
11,22,230,40,101,85,-1,8.0,-6
11,22,180,70,98,54,0,7.0,2
11,22,200,90,98,65,0,6.0,3
11,22,200,130,144,111,-1,8.0,5
11,22,220,80,81,49,0,1.0,0
11,22,230,40,70,58,0,8.0,-6
11,22,190,50,54,45,0,0.0,-4
11,22,220,50,93,85,0,8.0,-2
11,22,230,40,102,101,1,8.0,1
11,22,330,20,51,36,0,0.0,-6
11,22,180,30,39,7,0,8.0,2
11,22,270,20,69,68,0,8.0,0
11,22,230,70,83,68,0,8.0,1
11,22,250,40,89,59,-1,8.0,0
11,22,260,30,6,5,14,8.0,5
11,22,240,30,-2,-3,-1,8.0,3
11,22,220,60,17,13,1,8.0,3
11,22,230,30,-21,-25,0,8.0,2
11,22,210,30,12,8,0,8.0,-9
11,22,220,60,39,32,0,8.0,-3
11,22,200,90,40,-12,0,8.0,-3
11,22,190,30,27,6,0,8.0,-1
11,22,90,30,9,-8,0,0.0,-8
11,22,180,40,43,27,-1,8.0,4
11,22,270,50,126,117,41,8.0,-1
11,22,180,40,56,43,0,2.0,-8
11,22,190,40,102,95,51,8.0,-1
11,22,210,80,73,47,0,7.0,5
11,22,200,50,79,67,0,8.0,7
11,22,190,70,89,50,0,8.0,0
11,22,190,40,47,37,0,6.0,-1
11,22,10,40,58,51,0,8.0,-1
11,22,330,30,61,52,0,8.0,0
11,22,220,40,53,46,0,8.0,-4
11,22,180,30,27,9,0,0.0,-5
11,22,180,60,100,70,0,8.0,3
11,22,180,70,136,93,0,4.0,-2
11,22,220,130,128,72,0,8.0,-4
11,22,190,40,93,71,0,8.0,-2
11,22,210,40,123,101,0,8.0,-1
11,22,220,70,92,73,0,0.0,1
11,22,220,90,114,75,0,8.0,-2
11,22,190,60,105,63,0,0.0,4
11,22,220,50,138,98,0,8.0,0
11,22,150,50,134,90,1,8.0,9
11,22,210,100,94,48,0,4.0,2
11,22,240,70,115,81,0,8.0,-1
11,22,210,110,124,86,0,8.0,2
11,22,210,80,86,58,0,8.0,-4
11,22,230,40,78,68,36,8.0,0
11,22,220,100,76,36,0,8.0,-2
11,22,200,100,93,72,6,8.0,3
11,22,170,40,83,41,0,8.0,-4
11,22,200,30,33,16,0,7.0,-2
11,22,300,20,77,76,0,8.0,6
11,22,210,80,110,95,0,6.0,1
11,22,220,100,143,119,0,8.0,5
11,22,230,110,145,102,0,8.0,0
11,22,230,100,138,120,0,8.0,-2
11,22,240,10,64,61,0,8.0,0
11,22,50,30,49,45,0,8.0,-2
11,22,130,50,50,23,2,8.0,-4
11,22,90,20,76,74,-1,8.0,-2
11,22,250,20,48,38,0,8.0,-2
11,22,250,80,98,64,3,2.0,0
11,22,230,110,130,120,1,8.0,-2
11,22,230,50,125,123,5,8.0,6
11,22,250,60,104,61,0,8.0,-12
11,22,0,0,35,34,0,0.0,6
11,22,80,30,33,32,0,8.0,2
11,22,110,30,44,27,0,8.0,-1
11,22,210,40,58,40,0,8.0,-4
11,22,180,30,68,49,0,8.0,-2
11,22,90,20,33,31,0,0.0,-7
11,22,50,30,39,20,0,8.0,-2
11,22,350,40,36,18,0,8.0,-9
11,22,250,30,38,33,-1,8.0,0
11,22,230,60,31,24,1,8.0,-2
11,22,330,20,0,0,0,9.0,2
11,22,190,30,-16,-24,0,6.0,1
11,22,170,10,-32,-49,0,0.0,-1
11,22,30,40,-24,-33,0,8.0,-1
11,22,60,20,-23,-24,2,8.0,2
11,22,60,60,-30,-52,0,8.0,0
11,22,200,40,137,111,0,8.0,-12
11,22,160,30,152,112,0,8.0,-2
11,22,160,70,179,72,0,8.0,-1
11,22,70,30,132,108,-1,8.0,-5
11,22,230,10,116,96,0,8.0,-1
11,22,40,50,100,81,0,8.0,-1
11,22,60,30,75,68,0,8.0,-1
11,22,110,20,78,67,0,8.0,16
11,22,110,10,75,56,0,0.0,-8
11,22,90,40,40,29,0,0.0,-6
11,22,90,40,34,18,0,0.0,-3
11,22,80,30,50,39,0,3.0,-8
11,22,190,20,18,16,0,9.0,-15
11,22,70,20,9,-9,0,0.0,5
11,22,90,40,22,-16,0,0.0,-20
11,22,190,20,-7,-25,0,0.0,-1
11,22,200,60,84,67,0,8.0,0
11,22,120,10,67,47,0,8.0,13
11,22,0,0,59,27,0,0.0,-34
11,22,210,10,38,31,0,0.0,13
11,22,180,20,32,23,0,0.0,-2
11,22,170,20,55,52,0,0.0,1
11,22,180,20,64,64,0,8.0,-7
11,22,200,30,35,31,0,8.0,12
11,22,230,60,61,51,0,3.0,0
11,22,210,100,81,52,0,8.0,1
11,22,230,30,38,23,0,0.0,0
11,22,230,50,22,11,0,0.0,-7
11,22,220,100,89,76,1,8.0,2
11,22,180,50,48,28,0,4.0,9
11,22,220,80,65,38,0,4.0,-2
11,22,220,70,59,46,0,0.0,3
11,22,200,40,55,42,0,8.0,-13
11,22,210,90,77,38,0,8.0,0
11,22,220,40,31,31,0,5.0,-3
11,22,230,90,67,55,4,8.0,-2
11,22,230,80,95,63,0,8.0,-2
11,22,220,50,79,65,0,8.0,1
11,22,190,40,93,48,0,8.0,1
11,22,200,70,115,85,0,8.0,-1
11,22,210,30,61,46,0,8.0,6
11,22,190,50,53,26,0,7.0,5
11,22,360,10,82,75,0,8.0,-2
11,22,130,20,7,4,0,2.0,17
11,22,150,10,39,14,0,8.0,-1
11,22,150,10,26,7,0,0.0,-16
11,22,220,40,79,76,0,8.0,3
11,22,70,30,57,54,0,8.0,-3
11,22,210,40,69,61,0,1.0,1
11,22,110,20,21,16,0,0.0,11
11,22,220,80,94,59,0,8.0,-4
11,22,200,60,48,24,0,8.0,13
11,22,190,30,78,75,6,8.0,0
11,22,110,40,92,81,0,8.0,24
11,22,200,70,69,43,0,1.0,-2
11,22,200,70,84,50,0,8.0,-1
11,22,220,30,55,40,0,8.0,1
11,22,350,30,46,41,0,8.0,-5
11,22,330,20,28,14,0,8.0,-1
11,22,210,40,6,5,0,9.0,-1
11,22,190,50,82,75,1,8.0,-1
11,22,210,80,126,103,-1,8.0,-26
11,22,200,80,75,46,0,6.0,1
11,22,230,50,61,38,0,8.0,0
11,22,260,50,81,62,3,2.0,-2
11,22,220,100,138,107,0,8.0,2
11,22,270,10,96,93,14,8.0,-1
11,22,220,70,102,92,-1,8.0,-2
11,22,220,90,86,62,0,8.0,-14
11,22,240,30,34,27,0,5.0,1
11,22,200,40,52,20,0,8.0,4
11,22,340,20,80,77,-1,8.0,2
11,22,170,20,21,17,0,0.0,-10
11,22,350,50,69,64,0,8.0,0
11,22,40,30,13,10,0,0.0,-6
11,22,190,10,8,8,0,9.0,4
11,22,80,20,30,25,0,8.0,5
11,22,220,50,35,10,0,8.0,-2
11,22,350,40,50,34,0,8.0,-8
11,22,170,60,36,1,-1,8.0,-4
11,22,40,60,22,11,-1,8.0,-3
11,22,20,50,43,27,0,8.0,0
11,22,30,40,23,10,0,0.0,-6
11,22,350,30,44,24,0,8.0,-1
11,22,40,40,13,-7,0,0.0,-15
11,22,200,10,36,31,0,8.0,2
11,22,230,40,54,37,0,8.0,-1
11,22,210,10,58,58,0,8.0,2
11,22,250,40,41,23,0,6.0,-7
11,22,300,10,39,35,0,5.0,-3
11,22,200,60,136,110,0,8.0,2
11,22,200,70,150,123,0,8.0,-2
11,22,250,30,95,89,13,8.0,-1
11,22,170,10,74,70,0,8.0,-2
11,22,160,20,57,35,0,7.0,4
11,22,180,50,48,27,0,0.0,-3
11,22,190,80,95,65,0,0.0,1
11,22,150,40,97,64,0,8.0,-3
11,22,200,20,91,74,1,8.0,-3
11,22,160,30,79,57,0,0.0,1
11,22,110,30,106,76,0,8.0,-13
11,22,190,30,76,71,0,0.0,4
11,22,120,30,60,46,0,1.0,1
11,22,260,10,100,95,1,8.0,-6
11,22,130,20,75,67,0,8.0,3
11,22,160,20,78,61,0,7.0,-5
11,22,60,20,67,60,0,5.0,2
11,22,20,20,77,70,0,8.0,-3
11,22,100,30,50,46,0,6.0,1
11,22,60,30,22,16,0,0.0,-1
11,22,110,30,47,38,0,8.0,-5
11,22,140,20,90,76,0,8.0,0
11,22,210,20,121,98,0,8.0,6
11,22,100,20,37,24,0,0.0,-20
11,22,90,50,45,21,0,4.0,-4
11,22,120,20,68,59,0,8.0,4
11,22,100,20,62,58,0,1.0,-6
11,22,80,50,41,27,0,0.0,-2
11,22,80,40,32,20,0,8.0,-1
11,22,50,20,20,20,0,9.0,5
11,22,120,10,76,65,0,0.0,-24
11,22,190,40,65,47,0,0.0,-4
11,22,170,30,128,59,0,7.0,-10
11,22,220,20,129,116,2,8.0,-3
11,22,180,40,138,120,20,8.0,2
11,22,230,80,166,157,-1,8.0,1
11,22,260,60,167,122,0,1.0,-18
11,22,220,70,171,134,0,8.0,2
11,22,220,100,136,72,0,8.0,1
11,22,210,70,122,117,-1,8.0,3
11,22,210,40,116,85,0,8.0,4
11,22,190,50,131,89,0,8.0,-1
11,22,250,60,81,32,0,0.0,-9
11,22,220,90,93,78,3,8.0,6
11,22,220,70,114,87,0,8.0,5
11,22,200,60,118,111,1,8.0,1
11,22,240,100,148,105,0,7.0,-6
11,22,260,60,116,107,31,8.0,14
11,22,220,40,80,77,0,8.0,10
11,22,240,60,49,27,0,2.0,3
11,22,310,40,21,11,0,4.0,1
11,22,270,30,3,-5,0,5.0,0
11,22,200,40,9,-5,0,8.0,2
11,22,200,50,29,18,1,8.0,1
11,22,260,20,41,35,0,8.0,2
11,22,200,40,9,6,0,9.0,1
11,22,200,80,40,2,0,8.0,-6
11,22,220,120,72,27,0,8.0,-8
11,22,230,110,100,85,5,8.0,1
11,22,240,90,102,94,8,8.0,2
11,22,310,20,86,73,-1,8.0,-2
11,22,240,30,64,55,8,8.0,-3
11,22,190,40,56,44,0,8.0,-12
11,22,190,30,63,46,2,8.0,3
11,22,240,40,61,43,0,8.0,1
11,22,220,50,53,23,0,8.0,-6
11,22,330,30,29,22,0,8.0,2
11,22,190,40,20,2,0,5.0,-5
11,22,290,40,22,15,6,8.0,2
11,22,240,30,55,44,2,7.0,-2
11,22,30,10,12,-10,0,8.0,1
11,22,130,30,39,4,0,8.0,2
11,22,90,20,35,27,0,8.0,1
11,22,190,60,41,33,4,8.0,2
11,22,200,40,97,94,5,8.0,3
11,22,230,60,108,87,0,8.0,-4
11,22,210,80,112,75,1,7.0,1
11,22,210,60,63,18,0,7.0,-5
11,22,180,50,61,18,0,8.0,-3
11,22,180,10,112,87,0,8.0,1
11,22,170,60,120,85,5,8.0,1
11,22,140,20,97,72,0,8.0,-19
11,22,60,40,89,75,0,8.0,-2
11,22,40,70,51,37,0,8.0,-3
11,22,60,20,28,7,0,8.0,9
11,22,0,0,17,14,0,8.0,0
11,22,40,30,23,18,0,0.0,0
11,22,80,30,-17,-38,0,0.0,-4
11,22,200,30,-30,-53,0,0.0,1
11,22,210,50,21,-26,0,8.0,2
11,22,190,30,100,65,0,8.0,4
11,22,210,20,88,74,0,8.0,4
11,22,160,20,62,45,0,8.0,10
11,22,230,40,130,109,0,8.0,-5
11,22,220,30,30,25,0,5.0,-6
11,22,180,10,21,13,0,0.0,-13
11,22,70,20,46,41,0,8.0,0
11,22,300,10,63,63,0,8.0,1
11,22,200,50,66,60,-1,8.0,0
11,22,230,40,55,28,0,8.0,5
11,22,240,20,51,49,0,8.0,1
11,22,300,30,41,34,0,8.0,-4
11,22,220,10,19,15,0,2.0,1
11,22,210,30,65,62,2,8.0,-3
11,22,250,20,85,80,0,8.0,-2
11,22,230,30,87,79,0,8.0,0
11,22,210,40,18,5,0,4.0,-3
11,22,240,30,58,47,28,8.0,-1
11,22,220,40,30,19,0,6.0,-4
11,22,230,60,94,88,-1,8.0,1
11,22,210,70,92,66,0,8.0,0
11,22,190,70,113,32,0,0.0,-2
11,22,210,30,99,71,0,8.0,2
11,22,350,20,63,56,-1,8.0,-4
11,22,240,40,29,13,1,7.0,0
11,22,220,50,37,13,0,8.0,-5
11,22,250,50,70,55,3,8.0,-17
11,22,210,20,38,34,0,8.0,-3
11,22,10,10,24,18,-1,8.0,0
11,22,290,20,9,8,0,9.0,1
11,22,200,50,100,89,0,8.0,1
11,22,200,20,14,2,0,6.0,4
11,22,110,20,12,-5,0,0.0,2
11,22,90,30,69,59,0,0.0,-15
11,22,200,40,80,67,0,0.0,-1
11,22,170,30,130,80,0,8.0,-11
11,22,180,50,113,80,0,8.0,-3
11,22,80,40,75,57,0,8.0,-5
11,22,180,60,121,88,0,8.0,1
11,22,190,50,124,100,0,8.0,0
11,22,190,40,107,91,0,8.0,2
11,22,170,30,92,81,0,8.0,2
11,22,200,40,84,68,0,8.0,-9
11,22,140,30,58,37,0,8.0,-1
11,22,70,10,17,14,0,0.0,-4
11,22,90,30,30,10,0,0.0,-9
11,22,60,50,23,-13,0,0.0,-3
11,22,50,60,3,-51,0,6.0,0
11,22,50,100,33,-10,0,8.0,-2
11,22,100,20,15,-8,0,1.0,-2
11,22,100,20,16,-5,0,8.0,-8
11,22,120,30,5,-2,0,0.0,2
11,22,80,20,31,13,0,8.0,-2
11,22,30,10,32,30,2,8.0,-2
11,22,40,50,34,32,-1,9.0,1
11,22,20,20,37,31,-1,8.0,-2
11,22,150,20,29,13,0,8.0,1
11,22,180,60,91,63,0,8.0,6
11,22,190,60,107,64,0,8.0,0
11,22,210,50,75,56,0,1.0,-5
11,22,190,50,132,122,0,8.0,-1
11,22,200,80,113,71,0,7.0,-5
11,22,230,40,98,90,-1,8.0,-4
11,22,190,40,87,74,-1,8.0,0
11,22,230,20,82,73,0,8.0,-7
11,22,160,20,79,74,-1,8.0,0
11,22,170,40,54,35,0,0.0,1
11,22,200,30,26,23,0,1.0,-1
11,22,160,30,30,11,0,8.0,-1
11,22,180,40,18,7,0,4.0,1
11,22,210,50,55,38,0,8.0,-7
11,22,200,50,35,13,0,3.0,-2
11,22,170,30,50,31,0,8.0,0
11,22,70,20,39,21,0,8.0,-10
11,22,100,30,32,7,0,8.0,2
11,22,150,30,42,13,0,8.0,-8
11,22,350,40,36,31,18,8.0,-1
11,22,260,30,64,60,4,8.0,-2
11,22,160,20,14,2,0,0.0,-8
11,22,90,40,7,-14,0,0.0,-1
11,22,140,30,51,27,0,8.0,10
11,22,80,50,52,28,0,8.0,0
11,22,160,10,38,28,0,8.0,-8
11,22,160,10,52,50,0,8.0,10
11,22,160,30,83,56,0,2.0,3
11,22,170,40,109,85,0,8.0,-1
11,22,210,100,107,76,-1,8.0,-2
11,22,260,30,84,82,8,8.0,-1
11,22,270,20,33,17,0,6.0,1
11,22,60,30,5,5,0,9.0,0
11,22,210,80,171,149,-1,8.0,-3
11,22,230,50,110,76,0,2.0,-6
11,22,220,40,63,36,0,0.0,-4
11,22,170,10,34,29,0,0.0,-5
11,22,110,20,55,32,0,6.0,-21
11,22,100,30,47,1,0,0.0,-26
11,22,180,30,122,65,0,8.0,-21
11,22,90,10,122,112,-1,8.0,-7
11,22,140,20,125,105,0,8.0,0
11,22,250,10,121,118,1,8.0,-1
11,22,180,30,98,78,0,8.0,2
11,22,180,30,73,45,0,8.0,-2
11,22,210,40,130,109,-1,8.0,4
11,22,190,60,141,88,0,8.0,-2
11,22,210,70,95,54,0,0.0,-2
11,22,220,50,97,77,0,8.0,0
11,22,210,50,110,81,0,8.0,1
11,22,210,70,133,70,0,8.0,3
11,22,260,10,46,37,0,8.0,-3
11,22,190,30,16,-8,0,0.0,2
11,22,220,60,83,45,0,8.0,-1
11,22,240,30,83,80,1,8.0,0
11,22,190,50,79,64,0,8.0,-1
11,22,170,20,47,24,0,8.0,-2
11,22,190,50,78,48,0,4.0,-15
11,22,190,20,45,38,0,1.0,6
11,22,70,30,32,24,0,8.0,3
11,22,60,50,26,23,0,9.0,-1
11,22,80,10,-34,-46,0,1.0,-2
11,22,210,70,39,31,6,8.0,2
11,22,210,77,128,102,1,8.0,-3
11,22,210,87,125,74,0,7.0,-7
11,22,220,51,71,57,2,7.0,-2
11,22,230,82,61,52,14,8.0,2
11,22,280,10,40,28,0,3.0,-8
11,22,230,72,71,51,-1,8.0,5
11,22,260,87,119,93,-1,8.0,-3
11,22,250,31,79,71,-1,7.0,-6
11,22,260,26,44,41,5,7.0,-3
11,22,210,87,63,38,0,8.0,4
11,22,230,21,59,56,0,8.0,-9
11,22,190,87,90,81,44,8.0,11
11,22,190,51,52,22,0,5.0,3
11,22,210,10,45,36,0,7.0,1
11,22,230,5,4,1,0,0.0,-15
11,22,120,15,20,19,0,9.0,-5
11,22,150,36,39,33,0,7.0,4
11,22,160,31,73,66,0,7.0,-7
11,22,50,72,33,27,1,8.0,-1
11,22,20,57,9,-1,0,5.0,-6
11,22,200,26,-5,-9,0,7.0,1
11,22,200,31,43,40,-1,8.0,1
11,22,150,10,52,29,0,8.0,-2
11,22,990,10,-5,-6,0,0.0,10
11,22,160,36,9,-12,0,3.0,-4
11,22,130,10,48,18,0,7.0,2
11,22,180,21,38,34,0,0.0,2
11,22,180,21,46,45,0,0.0,-21
11,22,100,26,18,15,0,1.0,-3
11,22,190,21,23,20,0,9.0,1
11,22,220,41,71,20,-1,8.0,-4
11,22,250,62,94,38,0,5.0,2
11,22,200,36,53,35,0,3.0,1
11,22,210,41,81,54,0,7.0,5
11,22,260,36,114,106,0,8.0,-6
11,22,220,41,97,68,0,0.0,-4
11,22,250,26,106,101,4,8.0,1
11,22,140,15,23,19,0,0.0,-1
11,22,190,82,95,73,1,8.0,3
11,22,220,36,74,60,-1,7.0,-6
11,22,270,51,77,28,-1,3.0,-1
11,22,260,31,56,6,0,1.0,-9
11,22,250,21,32,16,0,2.0,-7
11,22,120,36,42,7,0,8.0,0
11,22,240,31,91,85,0,8.0,-4
11,22,170,41,72,53,1,8.0,-1
11,22,280,62,58,21,-1,7.0,-5
11,22,240,62,82,74,-1,8.0,13
11,22,230,21,40,12,-1,5.0,9
11,22,220,31,29,13,0,1.0,-3
11,22,200,51,75,71,6,8.0,30
11,22,260,67,122,111,14,8.0,4
11,22,210,46,84,59,0,2.0,5
11,22,170,77,112,77,0,5.0,-8
11,22,150,72,92,78,31,8.0,6
11,22,250,51,73,34,0,1.0,-4
11,22,180,87,64,52,26,8.0,13
11,22,990,5,25,13,0,3.0,1
11,22,200,46,116,110,0,8.0,-3
11,22,200,77,117,64,0,7.0,9
11,22,110,31,27,11,0,8.0,0
11,22,70,26,48,41,0,7.0,3
11,22,140,10,107,91,0,4.0,-24
11,22,100,10,62,62,0,0.0,-9
11,22,80,72,37,33,0,8.0,1
11,22,60,41,60,45,0,8.0,-2
11,22,10,26,55,55,-1,8.0,-1
11,22,240,10,55,55,0,8.0,9
11,22,180,51,73,61,0,6.0,-3
11,22,190,77,86,80,-1,8.0,1
11,22,230,21,56,49,0,4.0,-8
11,22,180,57,63,62,0,7.0,-4
11,22,160,82,65,48,2,8.0,-3
11,22,310,93,78,59,14,8.0,-4
11,22,20,15,28,27,0,6.0,5
11,22,90,26,-6,-20,0,1.0,-4
11,22,80,26,-13,-29,0,0.0,-7
11,22,100,31,-32,-43,0,0.0,7
11,22,30,31,-48,-58,0,0.0,0
11,22,60,46,-10,-20,0,1.0,1
11,22,30,15,-79,-88,0,0.0,7
11,22,130,10,-77,-81,0,0.0,-1
11,22,180,31,-38,-52,0,1.0,1
11,22,140,26,-23,-42,0,7.0,-4
11,22,150,5,-30,-30,0,3.0,-8
11,22,20,51,-6,-6,0,9.0,-2
11,22,70,31,-24,-37,0,8.0,0
11,22,90,41,-7,-20,0,8.0,0
11,22,140,36,-40,-57,0,0.0,-4
11,22,160,21,-13,-13,4,8.0,0
11,22,220,26,65,55,0,1.0,-11
11,22,120,41,73,59,0,1.0,-2
11,22,120,46,120,83,0,3.0,2
11,22,110,41,122,89,0,5.0,2
11,22,180,15,127,118,0,8.0,2
11,22,240,10,101,93,0,7.0,-4
11,22,110,10,105,105,0,8.0,2
11,22,150,21,74,74,0,1.0,-1
11,22,130,31,99,96,4,8.0,-2
11,22,0,0,92,92,0,8.0,-17
11,22,280,15,111,111,0,8.0,-4
11,22,130,26,102,102,0,8.0,-2
11,22,210,67,127,111,0,8.0,1
11,22,240,62,139,133,23,8.0,-4
11,22,240,51,107,91,7,3.0,-3
11,22,210,26,64,58,0,7.0,-8
11,22,250,46,90,68,-1,8.0,-5
11,22,180,5,80,80,0,9.0,-1
11,22,220,31,141,139,-1,8.0,2
11,22,290,41,123,115,7,8.0,-12
11,22,40,21,90,90,-1,7.0,-10
11,22,220,10,71,68,0,4.0,3
11,22,220,31,107,104,0,2.0,-5
11,22,240,21,55,55,0,1.0,-25
11,22,220,21,89,86,0,8.0,3
11,22,340,26,116,116,-1,8.0,-1
11,22,270,5,82,82,0,7.0,5
11,22,0,0,31,31,0,4.0,-3
11,22,60,21,24,24,0,2.0,11
11,22,110,26,28,27,0,0.0,-9
11,22,290,26,42,42,0,2.0,10
11,22,310,46,94,88,7,8.0,-1
11,22,30,46,38,10,0,4.0,-17
11,22,0,0,-34,-38,0,0.0,-7
11,22,0,0,-31,-42,0,4.0,-9
11,22,210,21,10,-24,0,3.0,3
11,22,270,15,83,83,0,8.0,-4
11,22,220,21,108,108,-1,8.0,0
11,22,180,41,96,93,0,7.0,-14
11,22,150,26,104,92,-1,8.0,-2
11,22,120,41,96,61,0,5.0,-4
11,22,80,41,89,45,0,1.0,-7
11,22,220,21,114,111,-1,8.0,1
11,22,220,46,91,64,0,8.0,-8
11,22,170,26,76,76,0,6.0,0
11,22,290,21,74,63,-1,7.0,-8
11,22,320,26,16,12,0,5.0,-4
11,22,250,31,45,-1,0,7.0,-2
11,22,300,36,71,64,0,6.0,-6
11,22,130,36,12,8,0,2.0,-9
11,22,130,26,15,-21,0,7.0,5
11,22,230,15,91,91,-1,8.0,0
11,22,200,46,95,79,0,7.0,-1
11,22,160,57,80,60,0,3.0,4
11,22,140,31,67,50,0,4.0,-5
11,22,200,41,103,75,-1,8.0,-8
11,22,140,26,67,57,0,8.0,1
11,22,150,5,-6,-6,0,0.0,2
11,22,70,21,51,51,0,8.0,0
11,22,120,46,31,18,0,7.0,0
11,22,220,30,97,89,0,6.0,22
11,22,230,60,140,132,-1,8.0,-3
11,22,210,50,138,130,-1,8.0,-1
11,22,210,50,125,104,-1,8.0,-4
11,22,210,50,73,37,0,1.0,3
11,22,230,70,113,74,0,3.0,1
11,22,230,20,64,57,1,6.0,5
11,22,190,30,42,35,0,3.0,14
11,22,220,20,72,65,0,7.0,-2
11,22,220,50,67,42,0,7.0,-11
11,22,120,30,89,88,7,8.0,-2
11,22,170,10,52,51,0,5.0,-9
11,22,280,20,4,-2,0,1.0,27
11,22,40,10,-6,-16,0,0.0,-20
11,22,20,10,-22,-25,0,0.0,-6
11,22,190,30,-18,-25,0,3.0,18
11,22,200,40,21,6,0,8.0,2
11,22,340,50,54,39,-1,8.0,-4
11,22,160,50,36,26,0,7.0,-2
11,22,280,50,48,13,-1,3.0,1
11,22,220,30,6,2,0,1.0,-3
11,22,210,60,31,2,0,8.0,-1
11,22,220,30,0,-13,0,1.0,0
11,22,180,80,21,11,1,8.0,0
11,22,290,20,61,57,9,8.0,-2
11,22,300,30,-7,-13,0,3.0,-3
11,22,10,30,-14,-21,0,0.0,-5
11,22,210,30,0,-1,0,7.0,6
11,22,260,30,53,35,0,5.0,1
11,22,300,30,10,1,0,3.0,3
11,22,340,10,-34,-34,0,4.0,6
11,22,990,10,15,15,0,8.0,4
11,22,90,60,48,33,0,0.0,-6
11,22,140,40,63,60,16,8.0,3
11,22,140,30,101,90,0,8.0,-3
11,22,100,20,99,99,8,8.0,2
11,22,180,30,78,72,0,2.0,-1
11,22,160,60,100,69,-1,8.0,11
11,22,190,60,94,63,-1,8.0,-3
11,22,190,70,82,70,0,7.0,1
11,22,170,20,47,43,0,4.0,1
11,22,260,10,55,55,0,9.0,1
11,22,180,20,51,47,0,7.0,-20
11,22,190,60,73,61,-1,8.0,0
11,22,210,20,107,107,-1,8.0,-2
11,22,140,30,108,97,0,8.0,-3
11,22,120,60,40,25,0,1.0,-6
11,22,130,40,35,17,0,7.0,1
11,22,120,40,14,2,15,8.0,1
11,22,180,50,82,78,-1,7.0,0
11,22,140,20,43,43,0,1.0,-14
11,22,80,20,48,48,0,8.0,-4
11,22,140,20,48,48,0,8.0,-4
11,22,100,30,28,16,0,7.0,2
11,22,110,20,48,36,0,7.0,1
11,22,110,40,71,42,0,8.0,-2
11,22,150,30,58,58,18,8.0,6
11,22,180,50,83,82,0,3.0,3
11,22,190,50,87,75,0,6.0,0
11,22,340,30,62,52,0,8.0,-2
11,22,220,30,49,40,0,3.0,5
11,22,150,60,67,63,20,8.0,5
11,22,220,60,69,46,0,2.0,2
11,22,210,30,29,24,3,3.0,5
11,22,230,70,91,79,-1,7.0,-1
11,22,190,10,18,18,0,4.0,-10
11,22,180,40,55,53,0,7.0,-12
11,22,220,20,111,108,0,8.0,-2
11,22,200,30,106,99,0,7.0,1
11,22,260,30,62,44,0,1.0,-24
11,22,180,20,25,24,0,7.0,-1
11,22,170,40,57,45,-1,8.0,-2
11,22,200,40,62,62,5,8.0,-2
11,22,220,30,52,52,-1,7.0,-4
11,22,280,20,58,52,0,7.0,-2
11,22,280,20,-13,-16,0,6.0,8
11,22,990,10,-21,-22,0,1.0,-6
11,22,230,20,27,27,27,8.0,-5
11,22,30,10,-33,-34,0,0.0,-2
11,22,150,20,-40,-41,0,9.0,-4
11,22,140,30,-39,-51,0,1.0,1
11,22,120,10,-74,-89,0,0.0,2
11,22,990,10,-81,-86,0,0.0,0
11,22,180,30,-7,-30,1,8.0,-2
11,22,990,10,11,-15,0,8.0,-1
11,22,260,30,64,64,-1,7.0,3
11,22,240,20,50,49,0,7.0,-9
11,22,170,50,40,31,1,8.0,-5
11,22,30,30,20,20,0,7.0,0
11,22,50,40,9,1,0,7.0,1
11,22,220,50,173,151,-1,8.0,-24
11,22,240,20,68,56,0,5.0,-2
11,22,180,20,103,80,0,8.0,0
11,22,160,10,37,27,0,7.0,-5
11,22,210,60,99,68,1,7.0,-4
11,22,260,60,78,60,3,8.0,2
11,22,240,20,52,41,0,2.0,-9
11,22,320,10,105,104,1,8.0,0
11,22,350,40,87,67,-1,7.0,-12
11,22,10,40,61,50,0,2.0,3
11,22,60,40,35,14,0,1.0,-11
11,22,20,20,-4,-7,0,0.0,7
11,22,290,20,64,64,-1,8.0,9
11,22,50,30,38,4,0,4.0,-14
11,22,0,0,-38,-41,0,1.0,-11
11,22,230,20,16,14,0,8.0,2
11,22,260,20,19,11,1,4.0,-5
11,22,290,40,10,7,0,5.0,4
11,22,10,60,29,11,0,7.0,0
11,22,40,30,-16,-26,0,3.0,0
11,22,200,20,12,4,-1,8.0,-1
11,22,240,40,60,59,3,8.0,4
11,22,210,30,64,60,0,8.0,1
11,22,210,50,84,73,0,8.0,-1
11,22,220,30,92,89,0,5.0,0
11,22,210,50,48,19,0,5.0,0
11,22,190,50,67,64,0,5.0,4
11,22,200,80,84,37,0,7.0,-1
11,22,200,30,75,55,0,7.0,3
11,22,230,70,102,68,0,8.0,1
11,22,210,50,68,47,0,1.0,-2
11,22,180,70,66,32,0,1.0,6
11,22,200,40,72,51,0,6.0,-7
11,22,210,40,59,48,0,5.0,2
11,22,130,70,76,35,0,7.0,2
11,22,140,40,86,67,0,6.0,8
11,22,200,70,87,74,1,8.0,1
11,22,210,60,80,64,0,7.0,-4
11,22,210,60,75,47,0,7.0,-3
11,22,200,50,62,45,0,5.0,5
11,22,180,80,91,43,0,7.0,-2
11,22,210,20,89,83,2,8.0,-2
11,22,210,20,76,68,5,7.0,-7
11,22,180,40,53,46,0,6.0,-9
11,22,200,40,50,42,0,1.0,8
11,22,200,30,70,63,0,8.0,-4
11,22,220,40,43,33,3,6.0,1
11,22,190,80,79,60,2,8.0,-1
11,22,200,40,78,62,-1,8.0,-2
11,22,160,50,46,32,0,4.0,-4
11,22,140,60,63,50,13,8.0,10
11,22,190,50,60,39,0,0.0,0
11,22,240,40,93,81,4,8.0,-3
11,22,170,40,45,28,0,1.0,-5
11,22,160,60,72,58,25,8.0,0
11,22,210,40,65,42,0,1.0,-2
11,22,150,40,79,57,-1,8.0,6
11,22,150,50,114,96,0,4.0,6
11,22,220,40,125,90,0,7.0,-5
11,22,140,40,92,79,0,7.0,3
11,22,240,20,61,54,0,3.0,-32
11,22,230,10,45,42,0,2.0,9
11,22,230,10,93,81,0,7.0,-7
11,22,250,30,95,66,0,7.0,5
11,22,220,20,63,34,0,7.0,9
11,22,210,30,84,63,0,7.0,2
11,22,280,50,105,78,0,7.0,-3
11,22,280,50,34,18,6,8.0,-5
11,22,170,10,-21,-27,0,1.0,-15
11,22,210,30,18,-17,0,1.0,-5
11,22,280,20,73,62,0,8.0,0
11,22,300,20,95,92,1,8.0,-1
11,22,310,30,14,3,0,3.0,12
11,22,990,10,-7,-16,0,0.0,-13
11,22,200,20,-14,-18,0,6.0,9
11,22,30,20,86,75,0,7.0,-1
11,22,90,20,51,38,0,8.0,7
11,22,50,20,62,59,0,8.0,-7
11,22,0,0,22,19,0,4.0,-7
11,22,240,30,79,62,0,8.0,-2
11,22,220,70,81,50,0,8.0,3
11,22,300,30,12,-8,0,5.0,18
11,22,240,20,51,42,3,8.0,0
11,22,990,10,98,97,1,8.0,0
11,22,240,30,107,103,17,8.0,-8
11,22,0,0,-6,-9,0,1.0,-4
11,22,230,60,69,60,5,8.0,-2
11,22,220,30,54,42,0,7.0,5
11,22,240,30,110,107,2,8.0,2
11,22,220,30,127,124,2,8.0,1
11,22,200,50,122,117,11,,8
11,22,130,40,123,116,14,,1
11,22,210,30,74,63,0,,-1
11,22,260,10,82,79,0,,-6
11,22,170,20,41,39,0,,3
11,22,200,20,73,68,32,,1
11,22,240,20,57,43,4,,1
11,22,230,70,104,98,20,,4
11,22,220,10,12,7,0,,-8
11,22,200,20,104,101,11,,3
11,22,210,40,91,81,0,,-2
11,22,200,30,87,80,-1,,-3
11,22,150,30,75,58,0,,6
11,22,160,30,70,51,0,,-4
11,22,0,0,27,23,0,,18
11,22,280,20,80,76,0,,3
11,22,200,30,90,81,0,,-6
11,22,350,10,66,65,0,,0
11,22,100,30,71,57,0,,-9
11,22,120,30,64,52,0,,4
11,22,150,30,90,79,0,,-16
11,22,150,30,47,38,0,,-8
11,22,150,30,80,72,2,,1
11,22,990,10,31,27,0,,10
11,22,270,30,68,66,-1,,-4
11,22,160,20,26,23,0,,-23
11,22,150,40,63,55,0,,-8
11,22,160,20,57,52,0,,6
11,22,990,10,78,71,0,,-1
11,22,200,20,69,67,0,,0
11,22,250,30,91,78,0,8.0,-6
11,22,250,60,115,105,21,8.0,7
11,22,240,40,107,77,0,2.0,-5
11,22,190,20,91,82,0,8.0,2
11,22,120,30,74,50,0,1.0,-6
11,22,60,20,43,33,0,0.0,-5
11,22,70,60,52,28,0,7.0,1
11,22,110,30,57,25,0,7.0,-14
11,22,130,20,88,59,0,6.0,-9
11,22,60,30,58,49,0,4.0,-11
11,22,140,30,18,9,0,0.0,-7
11,22,220,20,79,75,4,8.0,7
11,22,190,30,65,60,0,7.0,5
11,22,200,70,76,60,0,5.0,4
11,22,210,30,61,53,0,2.0,-12
11,22,260,30,64,58,0,7.0,-6
11,22,210,50,83,76,1,8.0,-1
11,22,250,60,126,107,0,8.0,-1
11,22,230,30,117,112,0,8.0,-1
11,22,210,40,81,66,0,8.0,0
11,22,210,20,98,85,0,8.0,0
11,22,180,50,128,99,0,8.0,1
11,22,180,40,102,89,0,3.0,2
11,22,290,20,71,70,0,8.0,-3
11,22,170,40,71,63,0,5.0,-5
11,22,190,20,76,68,1,8.0,-9
11,22,0,0,27,26,0,9.0,-7
11,22,200,30,27,27,0,9.0,4
11,22,180,50,51,2,0,8.0,-6
11,22,110,30,82,73,0,8.0,-1
11,22,50,50,76,61,0,5.0,2
11,22,90,20,91,82,-1,8.0,1
11,22,220,10,103,100,0,8.0,1
11,22,220,20,62,58,0,0.0,0
11,22,230,30,80,57,0,8.0,1
11,22,300,20,63,63,0,8.0,18
11,22,230,10,50,46,0,7.0,9
11,22,70,10,36,29,0,5.0,-4
11,22,40,20,15,10,0,8.0,7
11,22,20,30,65,61,0,8.0,-9
11,22,190,10,-15,-16,0,0.0,-1
11,22,330,50,73,54,3,8.0,-9
11,22,270,10,10,7,0,0.0,2
11,22,220,20,44,36,0,8.0,4
11,22,220,30,72,59,0,8.0,1
11,22,240,40,104,82,0,8.0,-2
11,22,260,70,118,99,0,8.0,1
11,22,360,30,51,49,24,8.0,-19
11,22,280,30,22,17,4,8.0,-11
11,22,230,30,10,7,0,3.0,-6
11,22,210,40,52,52,0,8.0,12
11,22,280,50,116,87,0,8.0,-1
11,22,990,10,-7,-9,0,0.0,-7
11,22,90,10,-7,-8,0,2.0,-8
11,22,220,20,-12,-13,0,0.0,14
11,22,230,40,69,67,5,8.0,1
11,22,230,20,76,67,0,6.0,-5
11,22,150,20,68,66,0,8.0,-3
11,22,110,10,58,58,0,8.0,0
11,22,90,40,40,22,0,8.0,-4
11,22,180,30,61,52,0,0.0,9
11,22,190,70,146,136,12,8.0,0
11,22,210,50,164,96,0,5.0,-9
11,22,210,30,87,67,0,0.0,1
11,22,210,40,95,86,0,6.0,1
11,22,200,80,118,71,0,8.0,0
11,22,180,60,91,81,0,0.0,-2
11,22,170,40,96,64,0,0.0,-3
11,22,250,20,66,57,0,0.0,-12
11,22,220,40,100,95,2,8.0,0
11,22,200,90,113,80,0,8.0,-6
11,22,170,10,75,70,0,8.0,3
11,22,360,20,24,20,0,0.0,20
11,22,210,30,42,38,0,0.0,2
11,22,230,20,72,69,-1,8.0,5
11,22,240,30,40,28,2,7.0,-4
11,22,260,30,40,27,-1,7.0,-9
11,22,990,10,-22,-25,0,0.0,2
11,22,220,20,33,31,-1,7.0,-2
11,22,230,30,38,32,0,8.0,-5
11,22,80,30,35,23,0,3.0,-6
11,22,40,20,29,15,0,8.0,0
11,22,260,10,26,24,0,8.0,0
11,22,270,30,29,17,9,8.0,7
11,22,230,50,8,8,-1,8.0,2
11,22,300,10,6,4,0,9.0,2
11,22,200,10,-17,-20,0,6.0,-3
11,22,210,20,16,12,0,5.0,8
11,22,230,30,20,16,0,6.0,-2
11,22,200,70,23,7,0,8.0,-4
11,22,290,30,25,10,0,0.0,-21
11,22,270,30,52,40,3,8.0,1
11,22,280,20,68,59,0,6.0,7
11,22,250,30,84,71,0,2.0,-2
11,22,240,20,103,83,0,7.0,0
11,22,210,20,96,81,0,8.0,-3
11,22,260,10,23,16,0,0.0,4
11,22,240,40,123,114,2,8.0,6
11,22,240,20,59,45,-1,7.0,0
11,22,190,50,61,31,0,8.0,1
11,22,280,80,104,69,2,8.0,-7
11,22,230,30,75,49,0,8.0,3
11,22,250,30,124,101,0,7.0,0
11,22,220,50,132,109,0,8.0,0
11,22,180,50,115,86,0,0.0,4
11,22,210,30,132,121,5,7.0,1
11,22,180,70,100,71,0,0.0,0
11,22,190,20,36,18,0,3.0,5
11,22,200,40,50,38,0,0.0,0
11,22,200,50,94,83,1,7.0,0
11,22,210,30,32,15,0,0.0,2
11,22,180,80,71,60,5,8.0,5
11,22,210,50,94,79,0,3.0,2
11,22,150,40,126,116,2,7.0,-3
11,22,210,40,109,58,0,8.0,-2
11,22,170,30,78,63,0,0.0,-3
11,22,180,40,121,95,0,7.0,2
11,22,210,20,108,94,0,8.0,-4
11,22,200,30,56,47,0,0.0,-7
11,22,170,40,65,60,0,8.0,5
11,22,250,30,116,105,0,8.0,-1
11,22,290,20,132,130,0,8.0,-1
11,22,320,20,84,83,0,3.0,-13
11,22,0,0,88,74,0,8.0,-2
11,22,300,60,107,93,3,4.0,-10
11,22,250,20,61,51,0,8.0,11
11,22,260,20,83,76,0,0.0,-2
11,22,330,70,75,54,11,8.0,-7
11,22,300,60,58,43,3,8.0,1
11,22,260,40,89,85,-1,8.0,23
11,22,260,20,25,17,-1,2.0,11
11,22,250,20,29,23,0,6.0,10
11,22,20,80,56,43,0,8.0,-16
11,22,330,20,14,-6,0,8.0,16
11,22,990,10,1,-18,0,8.0,-1
11,22,220,30,22,18,0,0.0,0
11,22,200,30,6,-13,0,0.0,-15
11,22,120,60,33,3,0,1.0,-4
11,22,130,30,58,37,0,8.0,-8
11,22,120,40,82,40,-1,8.0,-1
11,22,170,40,68,63,0,0.0,-2
11,22,250,30,87,73,0,8.0,-7
11,22,280,30,16,5,0,0.0,-24
11,22,230,50,61,46,2,8.0,6
11,22,290,30,31,17,0,5.0,12
11,22,280,20,45,29,-1,8.0,-5
11,22,210,20,60,56,0,8.0,-2
11,22,200,60,49,8,0,8.0,0
11,22,250,30,46,40,0,1.0,-4
11,22,210,70,87,79,15,8.0,-2
11,22,120,20,78,75,0,8.0,-4
11,22,40,30,82,79,0,3.0,-7
11,22,90,10,51,50,0,9.0,7
11,22,50,50,77,76,0,8.0,-1
11,22,0,0,93,93,1,8.0,0
11,22,160,10,97,88,0,8.0,-10
11,22,200,30,96,91,-1,8.0,0
11,22,180,80,103,68,0,7.0,3
11,22,190,80,98,65,0,7.0,4
11,22,200,90,138,124,10,8.0,1
11,22,210,50,76,51,0,0.0,-1
11,22,240,20,75,67,-1,8.0,-3
11,22,210,40,69,51,0,1.0,9
11,22,230,40,104,103,1,8.0,1
11,22,240,30,116,102,0,8.0,2
11,22,300,20,18,9,0,0.0,-8
11,22,180,50,57,12,0,8.0,0
11,22,300,40,57,49,0,1.0,13
11,22,230,40,88,75,0,8.0,7
11,22,280,60,94,58,0,7.0,-3
11,22,310,50,14,1,4,5.0,2
11,22,280,30,7,0,-1,4.0,2
11,22,220,30,13,10,-1,8.0,5
11,22,260,20,0,-15,0,7.0,14
11,22,280,10,-15,-18,0,0.0,14
11,22,220,40,56,54,1,8.0,0
11,22,200,60,46,34,0,8.0,-3
11,22,180,30,35,23,0,8.0,-2
11,22,80,10,-10,-13,0,8.0,6
11,22,100,10,35,32,1,8.0,-6
11,22,260,40,134,117,0,8.0,-3
11,22,210,30,56,47,0,0.0,-7
11,22,250,40,106,93,2,8.0,-4
11,22,190,50,63,48,0,2.0,10
11,22,220,30,76,64,0,8.0,7
11,22,180,70,90,69,-1,8.0,-4
11,22,180,30,30,26,0,0.0,-4
11,22,20,50,46,40,0,8.0,1
11,22,350,20,69,53,0,8.0,-1
11,22,230,20,61,46,0,8.0,-3
11,22,200,40,54,29,0,8.0,-21
11,22,180,60,100,81,0,8.0,4
11,22,170,60,137,100,0,6.0,-1
11,22,230,80,128,74,0,6.0,-4
11,22,200,30,74,70,0,7.0,-5
11,22,210,40,108,65,0,7.0,6
11,22,210,50,80,66,0,0.0,6
11,22,220,70,131,81,0,8.0,-1
11,22,180,50,96,65,0,0.0,4
11,22,210,30,123,111,0,5.0,-1
11,22,160,50,130,96,-1,8.0,6
11,22,210,70,97,50,0,8.0,3
11,22,260,50,111,85,7,8.0,6
11,22,210,70,129,89,0,8.0,1
11,22,220,60,95,57,0,7.0,-1
11,22,220,30,62,53,17,8.0,-5
11,22,220,60,71,48,-1,8.0,1
11,22,180,50,88,81,20,8.0,3
11,22,170,50,81,47,0,7.0,-8
11,22,190,30,38,24,0,1.0,-7
11,22,160,20,92,89,0,8.0,-12
11,22,220,60,125,100,0,8.0,2
11,22,240,60,146,127,0,8.0,-3
11,22,240,70,155,113,0,8.0,0
11,22,250,60,142,135,11,8.0,1
11,22,190,10,35,34,0,8.0,0
11,22,90,20,19,15,0,1.0,3
11,22,110,50,48,23,1,8.0,0
11,22,30,50,52,47,8,8.0,-1
11,22,220,20,40,34,0,6.0,4
11,22,250,60,102,52,0,0.0,-2
11,22,270,30,113,110,38,8.0,0
11,22,100,20,98,94,-1,8.0,2
11,22,250,50,90,63,0,8.0,-2
11,22,160,10,22,18,0,8.0,-11
11,22,130,20,24,23,0,9.0,0
11,22,80,20,48,21,0,8.0,1
11,22,190,20,60,53,0,8.0,1
11,22,210,10,75,65,0,8.0,1
11,22,50,20,55,47,0,8.0,-8
11,22,50,40,47,29,0,8.0,3
11,22,340,30,42,29,0,8.0,4
11,22,290,20,42,35,1,8.0,1
11,22,250,20,24,19,2,8.0,-1
11,22,300,10,-10,-13,0,8.0,-1
11,22,160,20,0,-11,0,7.0,2
11,22,0,0,-46,-54,0,0.0,-1
11,22,40,30,-45,-58,0,0.0,9
11,22,70,40,-12,-16,1,8.0,-2
11,22,70,70,-28,-69,0,8.0,-2
11,22,280,20,123,115,4,8.0,-2
11,22,130,40,127,104,0,8.0,-1
11,22,150,40,165,101,0,8.0,4
11,22,130,20,127,107,0,8.0,16
11,22,300,10,92,88,0,6.0,2
11,22,30,50,109,86,0,8.0,-5
11,22,120,30,85,69,0,8.0,1
11,22,90,10,65,64,0,2.0,2
11,22,100,20,57,54,0,1.0,16
11,22,110,40,63,53,0,8.0,-3
11,22,120,40,54,38,0,0.0,-6
11,22,100,20,68,56,0,0.0,-14
11,22,130,30,54,51,0,8.0,-4
11,22,50,20,18,15,0,0.0,-7
11,22,90,30,17,5,0,0.0,-7
11,22,210,10,-15,-17,0,0.0,-11
11,22,210,30,86,81,0,8.0,1
11,22,100,10,20,19,0,9.0,8
11,22,160,10,0,0,0,3.0,-4
11,22,40,20,13,12,0,9.0,-2
11,22,40,10,12,12,0,9.0,-8
11,22,190,10,38,38,0,8.0,-6
11,22,220,20,68,68,0,7.0,-2
11,22,220,40,72,64,0,8.0,2
11,22,230,30,71,57,0,3.0,-4
11,22,220,70,93,66,0,8.0,-1
11,22,250,20,56,36,0,0.0,-11
11,22,190,40,43,36,0,6.0,0
11,22,220,60,93,81,4,8.0,8
11,22,180,50,51,37,0,8.0,-3
11,22,210,50,64,41,0,3.0,5
11,22,210,50,52,40,0,7.0,1
11,22,210,30,64,45,0,7.0,-10
11,22,230,40,89,57,0,8.0,-2
11,22,260,20,39,32,-1,7.0,8
11,22,250,50,80,75,4,8.0,3
11,22,250,50,104,66,0,8.0,-1
11,22,210,20,93,79,0,8.0,-1
11,22,170,40,86,60,2,8.0,-8
11,22,180,60,105,95,12,8.0,-13
11,22,220,30,67,58,0,8.0,-3
11,22,190,50,72,51,0,7.0,2
11,22,140,20,89,84,0,8.0,-2
11,22,130,20,30,18,0,0.0,-8
11,22,170,30,42,17,0,8.0,-2
11,22,140,20,18,14,0,3.0,-4
11,22,210,30,84,80,-1,8.0,0
11,22,0,0,-9,-9,0,9.0,-4
11,22,180,30,101,98,0,8.0,-2
11,22,170,50,72,58,0,8.0,-8
11,22,250,70,97,60,0,8.0,-3
11,22,180,70,63,46,0,8.0,-3
11,22,0,0,42,42,0,9.0,-6
11,22,120,40,92,89,0,8.0,2
11,22,210,50,86,52,0,1.0,-7
11,22,180,30,81,46,0,8.0,2
11,22,0,0,50,47,0,8.0,-12
11,22,360,40,56,52,-1,7.0,2
11,22,290,10,16,12,0,8.0,-2
11,22,220,20,29,26,0,8.0,3
11,22,180,30,96,76,-1,8.0,-7
11,22,210,50,106,87,4,8.0,0
11,22,200,60,81,58,-1,8.0,0
11,22,290,20,77,67,41,8.0,-2
11,22,270,50,95,57,-1,7.0,-3
11,22,230,60,141,119,0,8.0,2
11,22,200,20,99,96,-1,7.0,1
11,22,210,40,89,77,0,7.0,2
11,22,270,30,72,58,-1,8.0,-3
11,22,270,20,34,21,0,4.0,10
11,22,190,70,79,29,0,8.0,-1
11,22,320,40,83,71,0,4.0,-6
11,22,210,20,53,43,0,7.0,-3
11,22,310,30,76,67,0,7.0,-1
11,22,30,10,16,13,0,7.0,-1
11,22,190,20,29,26,0,8.0,3
11,22,100,10,54,48,0,7.0,-2
11,22,210,40,46,20,0,8.0,-1
11,22,320,30,23,10,0,0.0,-7
11,22,150,50,23,15,5,8.0,0
11,22,30,30,13,1,0,6.0,-3
11,22,20,50,46,26,0,8.0,0
11,22,300,10,-4,-11,0,2.0,11
11,22,350,50,52,22,0,8.0,-5
11,22,350,30,46,26,0,8.0,-7
11,22,260,10,38,31,0,6.0,-16
11,22,260,40,71,47,0,8.0,-6
11,22,290,20,69,58,0,8.0,-1
11,22,280,30,49,34,1,7.0,3
11,22,310,20,44,41,0,8.0,8
11,22,210,30,148,131,0,8.0,-7
11,22,210,80,136,111,26,8.0,-10
11,22,210,50,101,91,5,8.0,-2
11,22,180,10,67,64,0,8.0,-3
11,22,90,10,17,17,0,6.0,11
11,22,170,40,53,39,0,0.0,-2
11,22,190,50,88,66,0,0.0,0
11,22,140,30,81,67,0,1.0,0
11,22,180,20,92,84,1,8.0,1
11,22,160,30,70,56,0,0.0,-8
11,22,120,30,106,71,0,2.0,-3
11,22,190,20,67,64,0,2.0,-18
11,22,140,40,73,60,0,6.0,-5
11,22,170,20,100,97,0,8.0,-1
11,22,100,10,57,57,0,9.0,4
11,22,140,20,82,82,0,9.0,-4
11,22,80,20,79,73,0,8.0,0
11,22,40,20,79,71,0,8.0,-1
11,22,90,10,29,26,0,0.0,11
11,22,100,30,51,40,0,6.0,-18
11,22,110,30,50,38,0,8.0,4
11,22,170,20,100,87,0,8.0,-3
11,22,330,60,106,103,2,8.0,-6
11,22,0,0,3,0,0,1.0,-6
11,22,90,40,44,26,0,0.0,-1
11,22,130,30,65,58,0,8.0,3
11,22,110,40,72,69,0,8.0,0
11,22,90,70,48,31,0,8.0,-7
11,22,100,50,30,21,0,8.0,2
11,22,40,40,33,23,0,8.0,-6
11,22,140,10,43,43,0,5.0,-4
11,22,170,10,54,51,0,0.0,4
11,22,140,30,127,73,0,8.0,-5
11,22,200,30,128,114,0,8.0,-14
11,22,180,60,141,128,4,8.0,3
11,22,230,40,177,159,0,8.0,2
11,22,250,30,147,126,0,0.0,-6
11,22,220,40,174,145,0,8.0,1
11,22,230,50,137,81,0,8.0,1
11,22,240,40,130,110,4,8.0,-1
11,22,210,50,129,85,0,7.0,-1
11,22,190,50,128,102,0,8.0,3
11,22,260,50,85,31,-1,1.0,-1
11,22,220,70,107,93,2,8.0,4
11,22,240,60,138,89,0,8.0,-3
11,22,210,40,124,104,1,8.0,-3
11,22,240,100,153,90,0,8.0,-3
11,22,240,60,132,105,0,8.0,-1
11,22,230,20,89,84,1,8.0,-4
11,22,230,40,58,30,1,7.0,-6
11,22,330,30,34,15,0,7.0,1
11,22,300,30,-12,-19,0,1.0,13
11,22,210,40,22,10,0,8.0,-5
11,22,210,40,58,52,2,8.0,1
11,22,310,30,41,33,-1,7.0,-5
11,22,190,20,-4,-7,0,0.0,17
11,22,190,80,40,27,-1,8.0,0
11,22,210,90,72,46,6,8.0,2
11,22,270,60,100,81,13,7.0,-2
11,22,270,90,135,102,0,8.0,-10
11,22,290,20,69,66,0,5.0,-22
11,22,250,20,57,54,0,7.0,-15
11,22,190,40,50,42,0,8.0,9
11,22,180,40,66,52,3,8.0,-2
11,22,240,20,52,47,-1,6.0,-4
11,22,210,30,53,47,0,8.0,-8
11,22,10,30,40,22,0,8.0,-2
11,22,200,30,20,8,0,2.0,-6
11,22,260,10,40,37,-1,8.0,-1
11,22,250,20,44,41,0,7.0,11
11,22,0,0,-33,-35,0,7.0,-2
11,22,130,20,39,32,6,8.0,-1
11,22,20,10,17,14,0,8.0,2
11,22,190,50,62,58,2,8.0,2
11,22,240,20,121,118,5,8.0,0
11,22,240,40,113,95,3,8.0,-13
11,22,250,50,85,79,28,8.0,2
11,22,200,40,39,29,0,8.0,3
11,22,170,60,55,25,0,8.0,-1
11,22,100,10,79,75,19,8.0,8
11,22,160,50,120,91,0,8.0,2
11,22,170,10,82,69,0,8.0,-24
11,22,30,50,83,76,0,8.0,-1
11,22,50,70,47,17,0,4.0,-5
11,22,20,20,5,-15,0,8.0,-10
11,22,310,10,-13,-16,0,8.0,17
11,22,20,20,24,13,0,0.0,-7
11,22,70,30,-19,-41,0,0.0,-13
11,22,330,10,-54,-61,0,0.0,4
11,22,220,30,33,14,0,8.0,1
11,22,200,20,92,53,0,8.0,12
11,22,260,10,94,91,0,8.0,0
11,22,160,20,59,53,0,7.0,6
11,22,240,20,115,107,2,8.0,-5
11,22,260,20,55,40,2,2.0,-13
11,22,160,10,2,0,0,0.0,-4
11,22,40,10,6,4,0,9.0,1
11,22,990,10,64,58,0,8.0,2
11,22,210,40,86,82,1,8.0,2
11,22,260,40,73,35,0,8.0,-5
11,22,230,30,51,42,-1,8.0,1
11,22,280,30,42,26,0,5.0,10
11,22,250,10,9,5,0,0.0,-2
11,22,210,30,84,71,0,8.0,-2
11,22,170,30,93,90,8,8.0,-1
11,22,340,60,96,86,-1,8.0,-5
11,22,230,20,14,8,0,2.0,10
11,22,990,10,61,56,0,8.0,1
11,22,220,30,45,26,-1,8.0,1
11,22,260,40,118,107,-1,8.0,-1
11,22,210,60,108,78,0,8.0,1
11,22,170,50,96,35,0,0.0,11
11,22,200,30,87,57,0,8.0,-5
11,22,320,20,60,35,-1,8.0,1
11,22,210,30,29,16,0,8.0,1
11,22,220,40,45,25,0,8.0,-3
11,22,230,40,58,41,2,8.0,-1
11,22,210,30,14,7,0,0.0,-8
11,22,220,20,26,21,0,8.0,-5
11,22,210,10,5,3,0,9.0,1
11,22,200,50,105,98,-1,8.0,1
11,22,210,20,18,15,0,0.0,-12
11,22,130,10,2,0,0,1.0,13
11,22,100,20,66,65,0,8.0,15
11,22,130,10,55,55,0,2.0,2
11,22,160,30,128,97,0,8.0,-2
11,22,170,50,102,87,0,1.0,-1
11,22,90,30,62,37,0,8.0,7
11,22,150,40,104,86,0,8.0,8
11,22,170,40,99,95,0,1.0,7
11,22,190,30,94,91,0,8.0,8
11,22,180,30,85,79,0,8.0,2
11,22,200,30,82,73,0,6.0,-7
11,22,130,10,48,45,0,8.0,-2
11,22,120,20,41,33,0,0.0,-10
11,22,100,40,49,24,0,0.0,5
11,22,60,40,31,-5,0,0.0,-10
11,22,30,30,-3,-36,0,7.0,34
11,22,50,70,38,4,0,7.0,0
11,22,90,50,25,7,-1,8.0,4
11,22,60,30,27,7,0,8.0,5
11,22,50,10,-15,-17,0,0.0,-2
11,22,80,40,39,24,0,8.0,-4
11,22,50,10,33,29,-1,8.0,0
11,22,40,40,39,32,0,8.0,2
11,22,40,30,39,22,0,8.0,-3
11,22,130,40,26,22,0,8.0,3
11,22,170,60,98,84,0,8.0,3
11,22,190,60,108,77,0,7.0,-4
11,22,210,40,73,56,0,0.0,-7
11,22,170,50,132,129,13,8.0,6
11,22,190,80,119,78,0,8.0,-2
11,22,220,20,98,93,0,7.0,-12
11,22,170,30,92,82,3,8.0,-7
11,22,220,20,84,74,0,8.0,0
11,22,170,20,77,72,0,8.0,-4
11,22,180,30,45,35,0,0.0,-4
11,22,190,30,31,27,0,6.0,2
11,22,160,10,19,16,0,8.0,-4
11,22,0,0,-11,-15,0,1.0,14
11,22,220,30,53,38,3,7.0,-4
11,22,200,70,54,24,0,8.0,0
11,22,160,30,57,48,4,8.0,-4
11,22,40,20,49,36,0,8.0,-12
11,22,80,10,33,18,0,8.0,-16
11,22,200,20,55,28,0,8.0,-15
11,22,10,30,42,30,0,8.0,1
11,22,290,30,52,33,0,7.0,-3
11,22,190,20,-4,-7,0,0.0,-8
11,22,90,30,11,6,0,1.0,-2
11,22,130,30,21,14,0,7.0,-2
11,22,100,60,56,37,0,8.0,-1
11,22,80,30,42,32,0,8.0,1
11,22,0,0,64,63,0,9.0,5
11,22,140,40,69,53,0,7.0,7
11,22,160,40,106,96,0,8.0,0
11,22,220,60,104,91,1,8.0,-1
11,22,290,30,80,76,0,8.0,2
11,22,250,10,8,5,0,2.0,6
11,22,60,10,-2,-5,0,4.0,2
11,22,200,90,177,168,34,8.0,-4
11,22,220,40,116,69,0,1.0,-8
11,22,210,30,70,51,-1,5.0,-7
11,22,180,10,18,11,0,0.0,-5
11,22,180,10,37,33,0,3.0,-10
11,22,120,30,60,36,0,0.0,-11
11,22,40,10,47,45,0,1.0,-10
11,22,100,10,108,103,-1,8.0,2
11,22,70,10,112,109,0,8.0,-5
11,22,170,10,121,118,1,8.0,-1
11,22,160,50,106,90,0,8.0,-1
11,22,190,30,64,55,0,1.0,1
11,22,210,20,121,119,0,8.0,-6
11,22,170,80,138,96,0,8.0,-3
11,22,210,90,115,56,0,8.0,-1
11,22,210,40,102,84,0,8.0,2
11,22,200,40,121,89,0,8.0,-3
11,22,210,50,142,89,0,8.0,1
11,22,180,10,24,19,0,6.0,3
11,22,190,50,43,10,0,8.0,1
11,22,210,40,90,82,1,8.0,0
11,22,220,20,76,73,0,8.0,-1
11,22,180,30,79,66,0,8.0,6
11,22,160,40,63,44,0,8.0,-3
11,22,200,30,85,66,0,8.0,2
11,22,70,20,84,77,-1,8.0,-2
11,22,90,30,51,43,0,8.0,0
11,22,80,40,36,33,0,8.0,-1
11,22,0,0,-21,-28,0,0.0,-8
11,22,240,30,71,69,9,8.0,8
11,22,180,72,125,95,1,8.0,-7
11,22,190,57,120,83,0,7.0,2
11,22,240,62,70,59,2,8.0,3
11,22,220,108,59,45,7,8.0,0
11,22,250,21,29,23,0,6.0,0
11,22,220,82,75,51,-1,8.0,4
11,22,250,82,121,100,-1,8.0,-1
11,22,230,51,75,69,0,3.0,2
11,22,260,36,43,39,8,7.0,-6
11,22,200,77,60,40,0,8.0,4
11,22,230,41,62,59,0,8.0,-5
11,22,190,77,91,83,17,8.0,10
11,22,190,41,46,34,0,2.0,14
11,22,200,21,53,47,0,8.0,1
11,22,240,15,18,17,0,1.0,4
11,22,150,15,26,25,0,9.0,-2
11,22,150,41,42,33,0,8.0,-2
11,22,160,15,71,64,0,6.0,-6
11,22,50,67,40,34,-1,8.0,-1
11,22,20,62,24,12,0,7.0,-6
11,22,190,21,-5,-11,0,8.0,-2
11,22,190,26,48,27,0,8.0,1
11,22,130,15,46,29,0,7.0,-10
11,22,110,15,8,7,0,7.0,-14
11,22,140,36,0,-10,0,6.0,-1
11,22,140,10,48,31,0,6.0,1
11,22,150,21,25,22,0,0.0,0
11,22,150,15,27,26,0,0.0,5
11,22,110,31,23,20,0,0.0,-3
11,22,190,21,0,-1,0,0.0,0
11,22,210,51,68,34,0,8.0,-3
11,22,240,67,87,54,0,1.0,4
11,22,210,31,49,45,0,5.0,5
11,22,220,41,74,60,0,4.0,8
11,22,210,26,107,107,0,7.0,3
11,22,230,57,97,91,0,0.0,-9
11,22,250,36,103,103,3,8.0,0
11,22,110,10,16,13,0,0.0,11
11,22,190,67,102,74,0,8.0,-1
11,22,220,62,75,69,-1,7.0,-8
11,22,260,67,72,43,0,3.0,-5
11,22,220,46,32,14,0,2.0,6
11,22,260,31,21,8,0,1.0,-3
11,22,110,31,39,6,0,8.0,0
11,22,200,46,83,74,0,7.0,-1
11,22,180,46,71,56,-1,8.0,0
11,22,270,62,55,27,0,7.0,1
11,22,220,82,77,70,-1,8.0,5
11,22,230,51,48,28,0,6.0,3
11,22,190,31,19,7,0,1.0,0
11,22,180,51,74,71,11,8.0,22
11,22,260,67,130,121,6,8.0,1
11,22,200,46,78,63,0,0.0,2
11,22,150,67,106,85,-1,8.0,1
11,22,150,72,95,84,26,8.0,4
11,22,240,62,66,41,0,3.0,-4
11,22,170,77,65,55,23,8.0,10
11,22,220,5,29,20,0,3.0,-6
11,22,190,36,111,106,0,7.0,2
11,22,200,72,119,72,0,7.0,5
11,22,110,15,32,11,0,8.0,1
11,22,90,15,51,41,0,7.0,6
11,22,140,21,107,86,0,7.0,-2
11,22,90,15,61,55,0,0.0,-11
11,22,80,51,37,30,0,8.0,7
11,22,70,36,56,41,0,8.0,-1
11,22,10,21,56,56,-1,8.0,0
11,22,280,21,53,53,0,8.0,-4
11,22,180,41,72,53,0,7.0,-4
11,22,190,67,83,74,0,6.0,3
11,22,220,31,54,51,-1,7.0,3
11,22,200,46,63,54,0,6.0,-1
11,22,170,77,67,45,2,8.0,-4
11,22,320,103,75,60,3,8.0,-1
11,22,40,26,42,16,0,5.0,-11
11,22,80,21,6,-18,0,0.0,-3
11,22,100,26,5,-24,0,0.0,-3
11,22,70,21,-16,-32,0,0.0,-1
11,22,40,26,-27,-46,0,0.0,5
11,22,60,46,-11,-21,0,0.0,-4
11,22,20,10,-68,-79,0,0.0,-3
11,22,150,15,-62,-66,0,0.0,3
11,22,180,31,-36,-53,0,3.0,-12
11,22,130,26,-26,-43,0,7.0,0
11,22,0,0,-28,-28,0,1.0,-9
11,22,20,46,-8,-8,0,7.0,-2
11,22,60,36,-23,-39,0,8.0,-1
11,22,80,26,-4,-20,0,7.0,0
11,22,120,67,-34,-57,0,0.0,-9
11,22,130,15,-6,-34,0,8.0,-7
11,22,220,31,60,50,0,1.0,-8
11,22,110,41,76,57,0,5.0,-3
11,22,130,51,123,78,0,2.0,-3
11,22,110,41,124,85,0,6.0,0
11,22,210,26,123,110,0,7.0,10
11,22,160,5,111,103,0,8.0,1
11,22,90,10,113,111,0,8.0,0
11,22,140,31,79,79,0,1.0,-14
11,22,120,31,99,90,-1,8.0,-3
11,22,360,5,99,99,0,8.0,-4
11,22,230,15,112,112,0,8.0,-1
11,22,170,26,101,99,1,8.0,-1
11,22,210,67,125,106,0,8.0,0
11,22,250,72,139,137,12,8.0,-6
11,22,250,72,107,88,0,1.0,-4
11,22,220,31,57,53,0,6.0,-2
11,22,230,62,85,65,-1,8.0,0
11,22,0,0,62,62,0,9.0,6
11,22,230,57,139,139,1,8.0,1
11,22,260,51,127,127,5,8.0,-3
11,22,100,5,90,90,0,7.0,1
11,22,160,21,83,80,0,5.0,-11
11,22,220,41,95,95,0,2.0,-4
11,22,230,21,27,27,0,2.0,5
11,22,200,15,79,79,0,8.0,7
11,22,330,26,115,115,0,8.0,-2
11,22,320,15,87,87,0,7.0,-1
11,22,360,5,53,53,0,3.0,8
11,22,70,21,43,42,0,1.0,-1
11,22,110,21,31,28,0,1.0,-3
11,22,280,26,47,47,0,1.0,-18
11,22,270,31,84,81,2,8.0,3
11,22,330,26,31,2,0,2.0,-1
11,22,300,10,-34,-41,0,0.0,5
11,22,0,0,-30,-37,0,5.0,-5
11,22,210,46,9,-23,0,6.0,0
11,22,180,10,69,69,0,8.0,2
11,22,230,21,102,102,0,8.0,0
11,22,180,31,81,80,0,6.0,-23
11,22,140,31,100,86,0,8.0,-2
11,22,120,36,95,57,0,4.0,0
11,22,80,46,94,46,0,0.0,-8
11,22,220,21,108,108,-1,8.0,2
11,22,220,51,94,67,0,7.0,-3
11,22,180,21,79,79,0,4.0,14
11,22,270,26,78,72,0,8.0,-5
11,22,300,21,11,11,-1,7.0,5
11,22,250,51,36,16,0,6.0,2
11,22,300,31,69,63,0,7.0,-4
11,22,140,26,12,6,0,1.0,0
11,22,130,31,15,-26,0,4.0,4
11,22,220,26,89,89,-1,8.0,0
11,22,200,41,92,76,0,7.0,-2
11,22,160,41,75,60,0,6.0,2
11,22,140,41,69,54,0,4.0,-6
11,22,180,36,91,62,0,7.0,-2
11,22,150,26,65,62,0,6.0,3
11,22,60,5,2,2,0,0.0,-12
11,22,80,31,55,52,0,8.0,-3
11,22,120,46,34,16,0,8.0,2
11,22,220,50,95,92,0,1.0,14
11,22,220,90,135,132,-1,8.0,-1
11,22,220,60,133,133,5,8.0,4
11,22,210,70,117,104,2,8.0,-2
11,22,220,50,75,48,0,0.0,3
11,22,230,90,104,80,0,1.0,5
11,22,240,50,69,66,5,2.0,4
11,22,280,30,42,33,0,2.0,11
11,22,220,40,78,67,0,7.0,-3
11,22,200,50,79,64,-1,8.0,-9
11,22,110,20,95,92,11,8.0,2
11,22,240,20,57,57,0,8.0,7
11,22,270,20,12,9,0,1.0,6
11,22,50,20,-9,-22,0,0.0,2
11,22,20,20,-12,-15,0,0.0,-16
11,22,210,10,-32,-32,0,0.0,-1
11,22,180,30,7,-3,0,7.0,6
11,22,330,70,54,45,7,8.0,-3
11,22,160,50,37,28,7,6.0,-3
11,22,270,60,50,20,-1,3.0,-6
11,22,230,40,5,4,0,1.0,-5
11,22,200,60,24,0,0,6.0,-5
11,22,230,30,-21,-21,0,1.0,6
11,22,180,70,21,9,-1,7.0,2
11,22,280,30,59,56,2,7.0,-2
11,22,290,30,9,5,0,2.0,-6
11,22,20,30,-20,-27,0,1.0,-6
11,22,220,20,0,0,0,6.0,9
11,22,240,50,40,34,0,2.0,6
11,22,300,30,17,8,0,1.0,-5
11,22,0,0,-27,-27,0,1.0,-9
11,22,0,0,11,11,0,8.0,3
11,22,80,50,51,34,0,0.0,-4
11,22,130,30,60,59,4,8.0,0
11,22,210,30,100,88,0,7.0,2
11,22,40,10,96,96,1,8.0,15
11,22,170,30,71,64,0,4.0,6
11,22,150,50,93,66,-1,7.0,17
11,22,180,60,88,68,-1,7.0,0
11,22,180,50,81,64,0,7.0,7
11,22,140,20,46,46,0,4.0,0
11,22,270,20,53,53,0,8.0,-3
11,22,140,20,12,12,0,6.0,11
11,22,190,50,73,58,0,8.0,0
11,22,200,20,103,103,-1,8.0,0
11,22,130,30,90,78,0,2.0,-8
11,22,120,50,37,19,0,1.0,-3
11,22,130,50,38,17,0,4.0,3
11,22,120,50,26,-31,0,8.0,-2
11,22,140,30,71,71,3,8.0,1
11,22,120,10,36,36,0,1.0,9
11,22,80,20,44,44,0,8.0,0
11,22,130,30,39,39,0,8.0,-11
11,22,100,40,35,17,0,6.0,-2
11,22,120,20,51,31,0,6.0,0
11,22,120,40,72,34,0,7.0,-4
11,22,140,30,51,51,-1,8.0,1
11,22,160,30,72,72,0,3.0,10
11,22,190,40,93,77,-1,6.0,-1
11,22,350,60,61,44,0,8.0,-1
11,22,220,50,47,35,0,4.0,-3
11,22,140,50,69,60,8,8.0,2
11,22,230,70,67,48,0,2.0,2
11,22,220,30,30,22,4,6.0,0
11,22,230,100,81,67,-1,7.0,2
11,22,210,10,23,21,0,6.0,2
11,22,180,40,50,47,0,7.0,-11
11,22,220,60,107,102,0,7.0,2
11,22,200,40,108,100,0,7.0,-5
11,22,990,10,59,45,0,4.0,-2
11,22,190,20,26,25,0,3.0,-2
11,22,170,50,57,37,0,8.0,1
11,22,190,30,61,59,4,8.0,-2
11,22,220,20,48,46,0,8.0,0
11,22,270,20,55,53,0,7.0,1
11,22,310,10,-13,-17,0,1.0,12
11,22,990,10,-28,-28,0,1.0,3
11,22,220,20,20,18,0,8.0,3
11,22,70,10,-38,-47,0,0.0,0
11,22,0,0,-58,-58,0,0.0,16
11,22,120,30,-26,-54,0,2.0,4
11,22,130,20,-55,-78,0,0.0,-7
11,22,210,10,-64,-69,0,0.0,-8
11,22,180,30,-12,-34,0,7.0,5
11,22,220,20,-1,-14,0,8.0,1
11,22,230,40,54,54,7,8.0,2
11,22,210,20,42,42,0,6.0,0
11,22,150,40,30,27,1,8.0,0
11,22,30,30,20,16,0,7.0,-1
11,22,60,40,12,2,0,8.0,0
11,22,200,80,176,150,-1,8.0,-15
11,22,230,30,45,40,0,1.0,11
11,22,990,10,94,71,0,7.0,-5
11,22,150,20,21,17,0,2.0,2
11,22,190,70,99,74,3,7.0,-1
11,22,250,90,78,57,1,8.0,-7
11,22,210,20,42,38,0,2.0,-6
11,22,310,30,103,103,-1,7.0,-1
11,22,330,30,77,68,0,7.0,1
11,22,30,50,71,55,0,5.0,4
11,22,70,40,38,11,0,2.0,-5
11,22,40,20,4,-1,0,0.0,-3
11,22,280,20,46,46,-1,8.0,9
11,22,50,40,44,15,0,5.0,-6
11,22,0,0,-41,-47,0,1.0,-5
11,22,220,30,7,4,4,5.0,8
11,22,280,40,18,11,0,5.0,-3
11,22,290,30,12,8,0,6.0,-3
11,22,360,60,25,11,0,7.0,1
11,22,30,30,-12,-23,0,6.0,-15
11,22,220,40,2,-2,-1,8.0,1
11,22,230,60,46,44,-1,8.0,3
11,22,200,40,67,61,-1,7.0,0
11,22,210,60,82,72,0,8.0,0
11,22,220,40,97,92,0,7.0,0
11,22,200,70,53,21,0,4.0,-5
11,22,190,50,69,65,0,4.0,0
11,22,190,70,84,38,0,7.0,-4
11,22,170,30,67,57,0,7.0,6
11,22,230,90,94,65,0,8.0,1
11,22,200,50,59,44,0,0.0,-1
11,22,180,60,70,44,0,1.0,6
11,22,200,40,68,55,2,7.0,0
11,22,190,40,50,43,0,2.0,0
11,22,120,70,77,32,0,7.0,3
11,22,130,40,94,63,0,7.0,-9
11,22,190,70,88,72,-1,8.0,0
11,22,210,60,83,65,0,7.0,-3
11,22,220,70,72,43,0,7.0,0
11,22,200,40,57,39,0,6.0,-1
11,22,180,60,89,30,0,7.0,-2
11,22,220,40,94,86,7,8.0,-4
11,22,180,20,67,53,0,5.0,2
11,22,160,30,51,42,0,6.0,-10
11,22,190,40,58,44,0,1.0,0
11,22,210,30,74,65,-1,8.0,-1
11,22,190,30,41,35,0,7.0,-2
11,22,190,80,79,50,-1,7.0,3
11,22,190,30,76,56,0,6.0,0
11,22,160,40,47,32,0,5.0,-8
11,22,130,70,64,53,20,8.0,7
11,22,180,50,66,46,0,2.0,-8
11,22,240,50,93,86,12,8.0,-4
11,22,170,40,37,24,0,1.0,0
11,22,150,40,67,54,16,8.0,1
11,22,210,50,62,43,0,1.0,-8
11,22,140,40,72,51,0,7.0,4
11,22,150,40,106,92,0,2.0,3
11,22,200,40,113,87,0,7.0,-3
11,22,140,30,90,79,0,6.0,4
11,22,240,20,42,41,0,1.0,-1
11,22,220,10,56,56,0,1.0,6
11,22,200,20,87,78,0,7.0,-2
11,22,240,40,86,63,0,7.0,3
11,22,210,30,56,41,0,4.0,7
11,22,240,50,92,67,0,6.0,-5
11,22,270,40,107,79,0,6.0,-6
11,22,280,40,31,17,1,7.0,-1
11,22,0,0,-30,-32,0,1.0,6
11,22,220,30,-4,-20,0,1.0,0
11,22,220,20,63,57,0,8.0,1
11,22,290,30,95,95,0,8.0,1
11,22,320,30,31,15,0,3.0,-10
11,22,60,20,-9,-21,0,0.0,-1
11,22,200,10,-25,-25,0,2.0,9
11,22,140,20,65,65,0,8.0,-3
11,22,990,10,58,39,0,8.0,-11
11,22,60,20,64,62,0,8.0,-4
11,22,300,20,64,64,0,9.0,-5
11,22,220,40,74,62,0,7.0,1
11,22,230,100,77,42,0,8.0,1
11,22,270,30,18,-1,0,1.0,9
11,22,260,40,50,37,-1,8.0,-1
11,22,230,20,86,86,1,8.0,2
11,22,230,60,104,102,2,8.0,-2
11,22,0,0,-2,-2,0,1.0,-5
11,22,220,80,67,59,6,8.0,3
11,22,220,40,50,41,0,6.0,2
11,22,240,50,107,107,2,8.0,1
11,22,200,40,126,126,5,,0
11,22,180,50,120,115,30,,7
11,22,130,40,121,112,12,,0
11,22,210,30,79,67,0,,-9
11,22,290,20,79,77,0,,-5
11,22,160,20,34,32,0,,-5
11,22,180,20,72,66,26,,-1
11,22,250,40,52,35,0,,-1
11,22,220,110,102,95,13,,3
11,22,230,20,18,11,0,,-13
11,22,200,30,104,102,16,,4
11,22,200,50,90,81,0,,-1
11,22,200,40,98,91,17,,-16
11,22,130,30,79,64,0,,4
11,22,140,30,58,44,0,,4
11,22,140,20,39,37,0,,4
11,22,270,30,78,75,0,,0
11,22,170,30,72,66,0,,-10
11,22,990,10,68,67,0,,0
11,22,90,30,71,56,0,,-2
11,22,120,30,70,54,0,,1
11,22,130,20,82,65,0,,13
11,22,150,40,49,37,0,,5
11,22,140,40,81,73,6,,-1
11,22,40,20,35,32,0,,22
11,22,260,40,81,79,-1,,-7
11,22,150,30,21,19,0,,-4
11,22,140,30,55,48,0,,5
11,22,140,30,41,36,0,,19
11,22,220,20,70,67,-1,,-1
11,22,190,20,68,67,0,,-5
11,22,240,50,93,81,0,,-1
11,22,200,70,120,106,1,,2
11,22,230,60,104,82,0,,-6
11,22,140,10,36,33,0,,18
11,22,130,30,78,44,0,,-4
11,22,80,30,78,43,0,,1
11,22,60,60,54,28,0,,5
11,22,100,20,62,24,0,,-11
11,22,140,30,91,53,0,,-5
11,22,60,30,55,44,0,,-9
11,22,140,30,15,6,0,,-6
11,22,180,30,77,69,1,,2
11,22,170,30,66,62,0,,-8
11,22,190,60,78,61,0,,-1
11,22,190,30,59,48,0,,-9
11,22,260,30,60,57,0,,6
11,22,220,70,80,73,3,,-1
11,22,230,50,123,114,0,,-1
11,22,220,50,114,111,-1,,-1
11,22,200,50,80,69,0,,-1
11,22,170,20,98,86,0,,-4
11,22,180,50,127,93,0,,2
11,22,160,20,84,75,0,,9
11,22,290,10,71,71,0,,1
11,22,160,30,74,67,0,,-4
11,22,190,30,78,71,3,8.0,-4
11,22,350,10,44,44,0,,-2
11,22,190,30,33,33,0,,-1
11,22,160,50,52,-6,0,,6
11,22,100,20,83,72,0,,-3
11,22,50,40,87,67,0,,1
11,22,90,20,95,83,-1,,0
11,22,210,10,109,104,0,,-1
11,22,240,20,59,49,0,,-3
11,22,230,40,71,50,0,,2
11,22,310,10,76,73,0,,2
11,22,180,10,41,33,0,,5
11,22,80,30,58,42,0,,-10
11,22,340,20,22,5,0,,-1
11,22,60,60,50,43,0,8.0,-4
11,22,260,10,-13,-18,0,,-3
11,22,320,40,69,55,2,,-6
11,22,290,30,32,25,0,,-8
11,22,230,20,29,23,0,,12
11,22,230,40,68,50,0,,1
11,22,230,70,101,82,0,,-2
11,22,240,80,113,100,-1,,3
11,22,30,30,51,43,16,,-11
11,22,260,30,12,8,14,,0
11,22,230,30,2,-4,0,,-6
11,22,200,40,47,44,1,,13
11,22,280,60,116,82,0,,-5
11,22,0,0,-3,-6,0,,-6
11,22,100,10,7,0,0,,-22
11,22,200,20,-29,-33,0,,29
11,22,210,50,64,58,18,,3
11,22,230,40,78,69,0,,-3
11,22,170,20,66,61,0,,0
11,22,0,0,55,52,0,,-3
11,22,60,40,35,22,0,,-5
11,22,170,30,65,58,0,,-1
11,22,190,50,145,137,3,,-1
11,22,190,60,153,114,0,,-2
11,22,200,40,93,71,0,,-9
11,22,190,40,84,78,0,,8
11,22,190,70,116,71,0,,-1
11,22,180,40,88,82,0,,3
11,22,160,40,87,64,0,,-13
11,22,270,20,65,60,0,,-5
11,22,210,60,97,93,1,,2
11,22,200,70,109,81,0,,-5
11,22,180,10,55,53,0,,7
11,22,0,0,32,30,0,,-18
11,22,210,50,53,52,0,,0
11,22,270,10,74,74,-1,,-5
11,22,240,40,36,28,2,,-1
11,22,230,20,13,9,0,,3
11,22,230,10,-13,-16,0,,3
11,22,230,30,22,22,-1,,1
11,22,230,30,32,28,0,,-4
11,22,80,30,35,20,0,,-1
11,22,30,20,15,5,0,,8
11,22,0,0,9,5,0,,2
11,22,250,60,23,16,6,,0
11,22,230,100,1,1,68,,3
11,22,270,30,14,14,-1,,-3
11,22,300,10,4,2,0,,-8
11,22,210,30,26,22,0,,-3
11,22,200,20,10,10,0,,-2
11,22,190,50,20,4,0,,-1
11,22,270,20,22,8,0,,-3
11,22,990,10,44,32,1,,1
11,22,260,20,42,37,0,,20
11,22,230,40,74,60,0,,0
11,22,230,30,101,84,0,,0
11,22,210,20,96,79,0,,-2
11,22,210,30,52,42,0,,-9
11,22,230,60,116,108,9,,3
11,22,260,20,50,39,0,,-15
11,22,180,30,56,31,0,,2
11,22,240,90,99,61,0,,-7
11,22,220,40,65,50,0,,9
11,22,250,60,125,105,0,,-3
11,22,210,60,131,110,0,,-2
11,22,170,40,121,94,0,,8
11,22,190,60,139,131,3,8.0,-2
11,22,170,70,102,74,0,0.0,-6
11,22,180,30,52,41,0,8.0,-11
11,22,190,40,43,36,0,0.0,2
11,22,190,50,93,81,0,8.0,0
11,22,210,30,27,15,0,0.0,5
11,22,170,70,69,59,1,8.0,3
11,22,190,50,93,81,0,0.0,-3
11,22,120,40,126,116,2,8.0,7
11,22,210,30,110,62,0,8.0,4
11,22,150,40,75,63,0,0.0,-3
11,22,180,50,138,93,0,8.0,-5
11,22,190,30,108,100,0,7.0,-5
11,22,190,20,50,45,0,0.0,-4
11,22,160,40,61,54,0,8.0,5
11,22,230,30,113,101,0,8.0,1
11,22,280,20,132,131,1,8.0,0
11,22,310,20,86,82,0,5.0,6
11,22,50,10,96,65,0,8.0,-11
11,22,270,50,104,98,18,8.0,-1
11,22,250,30,56,52,0,6.0,5
11,22,260,30,84,77,0,0.0,-4
11,22,270,60,77,64,4,7.0,-9
11,22,230,40,50,41,1,6.0,7
11,22,240,40,83,81,1,8.0,18
11,22,300,40,42,18,-1,4.0,-10
11,22,250,40,36,26,0,1.0,-14
11,22,20,70,56,49,0,8.0,-16
11,22,320,30,2,-7,0,5.0,7
11,22,240,10,12,-2,0,8.0,1
11,22,220,30,4,-5,0,2.0,-1
11,22,170,20,-5,-20,0,0.0,-2
11,22,120,40,34,3,0,0.0,-2
11,22,120,30,45,31,0,8.0,1
11,22,120,40,83,21,0,8.0,-2
11,22,170,40,68,63,0,0.0,-5
11,22,210,30,63,60,0,3.0,10
11,22,280,20,8,-7,0,0.0,-2
11,22,230,80,60,33,0,8.0,1
11,22,280,30,40,21,0,5.0,4
11,22,270,10,39,27,0,8.0,-2
11,22,170,20,57,53,0,8.0,0
11,22,190,50,46,2,0,8.0,-1
11,22,250,40,52,48,-1,1.0,-15
11,22,200,80,83,76,20,8.0,-1
11,22,120,20,84,78,0,8.0,-9
11,22,30,30,81,74,0,8.0,-10
11,22,20,10,44,43,0,8.0,-5
11,22,40,50,79,78,0,8.0,-1
11,22,0,0,92,91,0,8.0,-1
11,22,150,20,102,86,0,8.0,-17
11,22,210,20,97,91,1,8.0,0
11,22,170,70,102,60,0,8.0,3
11,22,190,60,97,64,0,8.0,6
11,22,190,100,140,121,-1,8.0,6
11,22,210,50,75,51,0,0.0,0
11,22,230,30,62,56,0,7.0,7
11,22,180,40,59,44,0,0.0,0
11,22,220,40,98,95,-1,8.0,2
11,22,230,50,109,101,0,8.0,3
11,22,290,10,23,16,0,0.0,-11
11,22,170,50,54,3,0,8.0,1
11,22,270,20,70,62,0,8.0,-12
11,22,230,70,86,68,0,8.0,2
11,22,270,60,92,58,0,7.0,-2
11,22,270,40,21,8,1,8.0,-12
11,22,270,30,3,-6,0,3.0,1
11,22,200,30,9,7,-1,8.0,3
11,22,230,30,-35,-40,0,5.0,9
11,22,230,10,-25,-27,0,6.0,2
11,22,210,50,48,43,0,8.0,0
11,22,190,60,36,23,4,8.0,-1
11,22,180,20,34,26,-1,8.0,0
11,22,100,10,-18,-23,0,0.0,23
11,22,120,20,42,35,7,8.0,-2
11,22,260,40,138,125,3,8.0,-7
11,22,140,20,55,48,0,0.0,-8
11,22,200,40,103,92,-1,8.0,0
11,22,180,40,63,50,0,1.0,5
11,22,200,40,68,63,0,0.0,10
11,22,180,60,92,66,-1,8.0,-3
11,22,170,20,38,35,0,0.0,-7
11,22,20,50,51,46,0,8.0,1
11,22,340,30,67,53,0,8.0,-2
11,22,240,30,66,53,0,8.0,-6
11,22,190,30,46,23,0,4.0,-15
11,22,180,50,103,80,0,8.0,0
11,22,170,70,143,100,0,8.0,1
11,22,250,70,119,89,5,8.0,-7
11,22,190,30,81,73,0,4.0,-6
11,22,210,40,109,69,0,8.0,-1
11,22,220,60,87,73,0,0.0,3
11,22,210,80,127,81,0,8.0,-2
11,22,170,40,100,68,0,0.0,4
11,22,210,40,129,119,0,8.0,-5
11,22,160,50,136,94,-1,8.0,-2
11,22,210,90,94,50,0,7.0,2
11,22,260,50,109,86,5,8.0,5
11,22,200,70,131,91,0,8.0,-6
11,22,200,70,93,58,0,2.0,0
11,22,260,40,63,53,26,8.0,-2
11,22,220,40,68,57,6,8.0,8
11,22,170,40,88,81,23,8.0,6
11,22,180,40,85,52,0,8.0,-5
11,22,200,30,45,34,0,7.0,-13
11,22,210,10,84,74,0,8.0,1
11,22,210,70,123,101,0,8.0,-1
11,22,230,80,147,122,-1,8.0,-4
11,22,230,90,153,110,0,8.0,-2
11,22,230,90,146,132,-1,8.0,-3
11,22,0,0,57,52,0,8.0,2
11,22,60,20,29,22,0,5.0,-2
11,22,110,50,52,21,1,8.0,-1
11,22,40,40,60,55,2,8.0,0
11,22,220,40,36,28,-1,3.0,3
11,22,230,80,100,64,0,5.0,-4
11,22,240,100,136,125,8,8.0,-1
11,22,140,30,105,102,2,8.0,2
11,22,260,50,92,66,0,5.0,-4
11,22,330,10,9,8,0,1.0,3
11,22,130,10,27,25,0,9.0,1
11,22,80,20,50,22,0,8.0,0
11,22,190,30,59,51,0,8.0,1
11,22,180,20,81,63,0,8.0,-1
11,22,40,20,24,14,0,0.0,8
11,22,60,50,47,24,0,8.0,-1
11,22,320,20,14,5,0,5.0,15
11,22,250,20,34,25,0,8.0,5
11,22,250,30,24,14,-1,8.0,-5
11,22,320,10,6,5,0,8.0,0
11,22,160,30,-4,-15,0,7.0,0
11,22,130,20,-22,-32,0,0.0,-1
11,22,40,40,-34,-51,0,2.0,9
11,22,60,40,-12,-18,1,8.0,-4
11,22,60,70,-29,-67,0,8.0,-2
11,22,250,20,131,126,9,8.0,-3
11,22,120,30,126,103,0,8.0,-3
11,22,130,30,165,96,0,8.0,-4
11,22,120,20,144,119,1,7.0,-4
11,22,0,0,94,91,0,8.0,-2
11,22,20,50,108,89,0,8.0,-2
11,22,90,20,88,70,0,8.0,1
11,22,120,10,88,75,0,8.0,-3
11,22,120,20,91,73,0,0.0,-9
11,22,100,40,64,47,0,8.0,1
11,22,120,30,55,28,0,0.0,-7
11,22,80,20,62,51,0,2.0,2
11,22,100,20,48,45,0,7.0,-5
11,22,50,20,8,0,0,0.0,-12
11,22,70,30,32,9,0,0.0,0
11,22,160,20,-2,-12,0,0.0,-10
11,22,200,30,88,77,0,8.0,3
11,22,130,10,37,35,0,8.0,-6
11,22,0,0,3,1,0,5.0,-3
11,22,360,20,5,4,0,9.0,-2
11,22,10,10,-5,-6,0,7.0,-3
11,22,190,10,41,38,0,8.0,5
11,22,180,10,69,67,0,9.0,-7
11,22,190,30,61,55,0,8.0,-3
11,22,230,60,74,62,0,7.0,-11
11,22,210,70,90,61,0,8.0,2
11,22,240,30,32,19,0,3.0,-6
11,22,200,40,45,37,0,8.0,0
11,22,210,80,91,79,3,8.0,7
11,22,160,40,46,29,0,8.0,-2
11,22,200,60,69,43,0,8.0,-2
11,22,210,50,45,37,0,2.0,5
11,22,210,40,63,46,0,7.0,-10
11,22,230,60,89,52,0,8.0,-9
11,22,250,20,21,17,0,4.0,17
11,22,230,70,74,67,1,8.0,3
11,22,230,60,98,71,0,8.0,0
11,22,220,40,87,77,0,8.0,0
11,22,160,30,88,53,0,8.0,-11
11,22,170,60,120,93,-1,8.0,-8
11,22,240,30,67,58,0,8.0,0
11,22,190,50,69,45,0,8.0,1
11,22,140,20,88,81,0,8.0,-2
11,22,140,20,27,16,0,0.0,-5
11,22,130,20,44,18,0,8.0,0
11,22,140,30,16,9,0,0.0,4
11,22,190,30,86,79,0,8.0,0
11,22,0,0,-3,-3,0,9.0,-5
11,22,180,40,93,87,0,7.0,3
11,22,150,40,60,50,0,8.0,-9
11,22,240,70,100,58,0,8.0,-5
11,22,150,30,46,35,0,8.0,0
11,22,90,10,71,68,0,8.0,-3
11,22,110,40,94,86,0,8.0,1
11,22,190,50,73,45,0,0.0,-5
11,22,180,30,85,45,0,8.0,2
11,22,990,10,30,29,0,7.0,-5
11,22,350,30,50,46,0,7.0,-1
11,22,300,20,18,14,0,7.0,-7
11,22,220,50,19,19,0,8.0,2
11,22,180,30,97,71,0,8.0,-7
11,22,230,60,104,90,9,8.0,2
11,22,200,50,79,57,2,8.0,-2
11,22,240,50,65,54,1,8.0,4
11,22,260,60,88,57,0,4.0,-3
11,22,220,90,136,118,0,8.0,3
11,22,190,20,98,94,3,8.0,0
11,22,220,40,76,69,0,2.0,17
11,22,280,50,78,60,10,8.0,-7
11,22,260,20,34,23,0,0.0,-4
11,22,190,40,76,27,0,6.0,-2
11,22,300,20,78,74,0,7.0,-6
11,22,190,20,47,37,0,7.0,-12
11,22,330,40,74,67,5,8.0,-1
11,22,30,10,13,12,0,8.0,1
11,22,180,10,29,26,0,8.0,0
11,22,140,30,52,39,0,7.0,-7
11,22,200,30,45,19,0,8.0,-4
11,22,330,30,39,23,0,8.0,-10
11,22,140,40,29,16,2,8.0,1
11,22,30,40,21,4,0,8.0,2
11,22,20,50,47,23,0,8.0,-2
11,22,350,20,12,5,0,0.0,-9
11,22,350,30,48,18,0,7.0,2
11,22,330,10,3,-1,0,7.0,4
11,22,300,20,50,43,-1,8.0,-5
11,22,230,30,62,42,0,8.0,-3
11,22,290,10,67,58,0,8.0,-6
11,22,280,40,48,25,1,7.0,-4
11,22,260,10,14,12,0,6.0,11
11,22,160,20,136,121,0,7.0,1
11,22,180,60,158,125,-1,8.0,-32
11,22,210,40,104,90,3,8.0,-4
11,22,0,0,65,62,0,8.0,-5
11,22,150,10,34,31,0,2.0,-5
11,22,170,30,47,33,0,0.0,-8
11,22,180,50,93,67,0,0.0,1
11,22,150,30,81,60,0,0.0,-5
11,22,170,30,89,78,5,8.0,2
11,22,150,30,67,46,0,1.0,-12
11,22,120,30,113,69,0,3.0,-2
11,22,180,10,60,57,0,0.0,-9
11,22,130,30,73,62,0,3.0,-3
11,22,150,20,101,97,-1,8.0,-1
11,22,140,10,68,66,0,8.0,2
11,22,130,20,82,79,0,8.0,3
11,22,990,10,93,74,-1,8.0,-16
11,22,30,20,80,66,0,8.0,-1
11,22,20,10,28,26,0,2.0,-1
11,22,70,30,54,37,0,1.0,-3
11,22,110,10,53,31,0,6.0,-1
11,22,160,20,94,80,0,8.0,-1
11,22,240,50,133,111,0,8.0,-22
11,22,990,10,-1,-6,0,0.0,0
11,22,90,40,56,21,0,8.0,-6
11,22,130,40,68,48,0,8.0,1
11,22,110,30,69,60,-1,8.0,0
11,22,80,50,44,25,0,0.0,-4
11,22,90,40,36,18,0,8.0,-1
11,22,40,50,33,25,0,8.0,-5
11,22,110,10,50,50,0,4.0,-9
11,22,140,10,54,51,0,0.0,-4
11,22,130,30,119,71,0,8.0,-7
11,22,190,30,127,112,0,8.0,-2
11,22,170,50,140,128,4,8.0,3
11,22,220,60,173,161,0,8.0,1
11,22,250,50,154,126,0,0.0,-11
11,22,220,50,168,141,0,8.0,8
11,22,230,80,138,75,0,8.0,3
11,22,230,60,140,100,0,8.0,-3
11,22,220,60,130,83,0,8.0,-4
11,22,190,30,130,99,0,8.0,2
11,22,240,50,74,39,4,2.0,-5
11,22,220,110,102,90,3,8.0,7
11,22,240,50,133,94,0,8.0,0
11,22,210,40,122,107,1,8.0,1
11,22,240,120,153,88,0,7.0,-2
11,22,240,80,136,99,0,8.0,-7
11,22,210,50,83,80,1,8.0,3
11,22,230,50,51,27,-1,7.0,-3
11,22,310,30,31,19,0,8.0,-4
11,22,290,30,3,-8,0,0.0,1
11,22,210,40,17,7,0,8.0,-5
11,22,200,50,48,42,1,8.0,0
11,22,290,30,37,31,0,5.0,-2
11,22,170,10,12,9,0,0.0,-14
11,22,190,70,38,20,-1,8.0,3
11,22,210,100,69,47,4,8.0,-2
11,22,270,70,93,79,51,8.0,-2
11,22,250,80,121,111,6,8.0,6
11,22,290,20,80,69,0,2.0,-17
11,22,250,30,56,52,0,6.0,-15
11,22,190,20,51,47,0,8.0,3
11,22,180,40,66,45,1,8.0,-2
11,22,230,30,59,54,-1,8.0,2
11,22,220,40,56,46,0,8.0,-1
11,22,350,20,40,29,-1,8.0,-1
11,22,200,30,23,11,0,1.0,-3
11,22,270,20,32,29,2,8.0,0
11,22,240,20,45,41,-1,8.0,-5
11,22,990,10,-39,-40,0,0.0,4
11,22,140,30,41,15,0,8.0,-1
11,22,90,10,32,25,0,8.0,5
11,22,190,40,57,54,12,8.0,0
11,22,250,20,123,120,2,8.0,-2
11,22,230,60,113,94,0,7.0,-2
11,22,210,100,117,81,-1,8.0,-19
11,22,200,50,48,29,0,1.0,1
11,22,190,50,60,26,0,8.0,-3
11,22,130,20,93,88,19,8.0,6
11,22,150,50,119,96,-1,8.0,1
11,22,0,0,65,60,0,7.0,6
11,22,50,40,91,76,0,8.0,-7
11,22,50,60,50,26,0,8.0,-3
11,22,50,30,19,-4,0,0.0,-8
11,22,0,0,-26,-27,0,8.0,-1
11,22,30,40,27,19,0,0.0,1
11,22,80,20,-9,-35,0,0.0,1
11,22,320,10,-54,-65,0,0.0,-6
11,22,240,40,33,5,0,8.0,-4
11,22,180,20,108,58,0,8.0,-16
11,22,220,10,95,90,0,8.0,1
11,22,160,20,65,57,0,8.0,-2
11,22,250,30,119,110,2,8.0,-5
11,22,250,30,38,27,0,0.0,-16
11,22,160,10,-6,-11,0,0.0,7
11,22,320,20,40,32,0,8.0,-1
11,22,240,10,64,58,0,8.0,0
11,22,220,60,82,76,7,8.0,2
11,22,240,40,62,29,0,7.0,-17
11,22,230,20,29,24,0,8.0,11
11,22,290,30,44,29,0,6.0,-2
11,22,210,10,14,7,0,2.0,3
11,22,220,40,79,64,0,8.0,0
11,22,200,20,91,88,-1,8.0,-1
11,22,250,30,99,92,0,8.0,-4
11,22,210,20,14,4,0,3.0,-2
11,22,250,20,57,49,0,8.0,3
11,22,240,40,47,27,0,8.0,-7
11,22,240,50,111,103,3,8.0,0
11,22,210,70,104,74,0,8.0,-2
11,22,180,50,103,29,0,0.0,7
11,22,200,30,84,54,0,8.0,-4
11,22,190,20,59,46,-1,8.0,-2
11,22,220,50,29,18,0,6.0,-4
11,22,220,60,35,17,0,7.0,2
11,22,240,50,55,40,2,8.0,2
11,22,220,30,0,-4,0,0.0,-5
11,22,240,10,28,20,0,8.0,-2
11,22,280,10,12,6,0,8.0,-1
11,22,200,50,102,94,2,8.0,2
11,22,250,30,17,7,0,1.0,5
11,22,140,10,31,15,0,5.0,-7
11,22,100,30,87,69,0,8.0,-4
11,22,150,20,62,60,0,5.0,9
11,22,160,30,118,92,0,8.0,-4
11,22,180,50,111,85,0,4.0,-3
11,22,80,30,83,43,0,8.0,-3
11,22,140,30,93,77,0,8.0,4
11,22,170,40,120,109,0,7.0,-3
11,22,170,30,102,98,0,8.0,0
11,22,190,30,89,80,0,8.0,1
11,22,200,30,76,66,0,8.0,5
11,22,130,20,53,50,0,8.0,-2
11,22,140,20,35,24,0,0.0,-5
11,22,90,40,66,22,0,0.0,-8
11,22,70,50,40,-8,0,0.0,-5
11,22,50,30,3,-34,0,2.0,27
11,22,50,80,39,1,0,8.0,-2
11,22,100,40,33,-2,0,7.0,2
11,22,90,40,35,0,0,8.0,-2
11,22,110,10,-4,-6,0,0.0,-5
11,22,70,20,39,21,0,8.0,-1
11,22,60,10,30,22,0,8.0,-1
11,22,50,40,39,30,0,8.0,1
11,22,50,30,37,19,0,8.0,-2
11,22,130,30,26,11,0,8.0,-1
11,22,180,50,95,76,0,8.0,6
11,22,170,40,105,69,0,8.0,0
11,22,180,30,66,49,0,0.0,-1
11,22,180,40,130,124,7,8.0,3
11,22,190,70,116,77,0,8.0,-4
11,22,240,30,105,99,0,8.0,-10
11,22,170,30,91,84,13,8.0,-5
11,22,250,10,82,76,0,8.0,-4
11,22,170,30,80,72,1,8.0,-9
11,22,170,40,50,35,0,1.0,-3
11,22,210,30,21,18,0,0.0,9
11,22,160,20,17,9,0,8.0,-8
11,22,140,20,-4,-7,0,2.0,18
11,22,190,40,51,39,0,8.0,-5
11,22,200,60,50,18,0,8.0,-4
11,22,150,30,48,37,2,7.0,-1
11,22,60,20,49,27,0,8.0,-17
11,22,100,20,46,21,0,8.0,-19
11,22,180,20,52,23,0,8.0,-5
11,22,340,30,43,31,9,8.0,-1
11,22,290,40,63,37,0,7.0,-12
11,22,210,10,3,0,0,1.0,-3
11,22,60,30,13,6,0,0.0,-3
11,22,130,20,28,21,0,8.0,6
11,22,100,50,52,34,0,8.0,1
11,22,50,20,40,27,0,8.0,10
11,22,160,10,74,73,0,9.0,-5
11,22,140,30,68,48,0,2.0,0
11,22,160,40,107,92,0,8.0,2
11,22,210,100,103,87,4,8.0,1
11,22,290,20,85,80,1,8.0,0
11,22,240,20,10,6,0,5.0,2
11,22,60,30,11,7,0,8.0,2
11,22,200,80,178,161,-1,8.0,-1
11,22,220,60,107,74,0,2.0,-3
11,22,230,50,67,46,0,1.0,-3
11,22,220,10,10,7,0,0.0,2
11,22,0,0,40,37,0,2.0,-12
11,22,120,30,65,25,0,0.0,-12
11,22,50,10,49,46,0,6.0,8
11,22,130,30,117,111,3,8.0,-2
11,22,120,20,132,118,0,8.0,-7
11,22,240,10,122,119,4,8.0,-5
11,22,140,30,97,87,0,8.0,1
11,22,180,20,66,57,0,4.0,-6
11,22,220,40,121,114,3,8.0,-5
11,22,180,60,142,96,0,8.0,0
11,22,210,90,110,53,0,7.0,-4
11,22,220,60,102,84,0,8.0,3
11,22,200,50,119,89,0,8.0,-3
11,22,210,70,141,83,0,8.0,3
11,22,280,20,34,24,0,4.0,-9
11,22,180,40,30,1,0,6.0,1
11,22,210,60,92,72,-1,8.0,-5
11,22,240,20,85,82,0,8.0,-2
11,22,170,40,75,63,0,8.0,9
11,22,150,30,56,37,0,8.0,-7
11,22,180,30,64,59,0,7.0,4
11,22,80,20,74,63,0,8.0,-4
11,22,70,20,48,38,0,8.0,0
11,22,70,50,34,31,0,8.0,1
11,22,350,10,-36,-42,0,0.0,-2
11,22,210,60,58,55,13,8.0,2
11,22,150,31,108,92,5,8.0,17
11,22,200,67,120,81,0,7.0,0
11,22,230,62,76,61,1,8.0,-3
11,22,220,93,61,46,6,8.0,1
11,22,260,21,48,28,0,2.0,-1
11,22,210,77,74,52,-1,8.0,4
11,22,250,77,118,99,1,8.0,2
11,22,240,46,79,68,0,7.0,0
11,22,260,15,45,38,1,7.0,-1
11,22,200,93,60,37,0,8.0,3
11,22,230,31,60,53,0,8.0,-2
11,22,200,72,95,81,5,8.0,3
11,22,190,46,48,28,0,1.0,1
11,22,230,15,43,36,0,7.0,-8
11,22,240,15,25,21,0,0.0,-3
11,22,150,10,17,14,0,9.0,-1
11,22,130,26,32,26,0,8.0,9
11,22,150,15,72,63,0,6.0,-10
11,22,50,62,37,22,0,8.0,0
11,22,30,36,18,3,0,7.0,-5
11,22,220,21,-4,-10,0,8.0,0
11,22,200,21,44,28,0,8.0,0
11,22,180,15,52,34,0,8.0,-5
11,22,100,15,5,2,0,0.0,-1
11,22,160,26,3,-7,0,7.0,0
11,22,0,0,43,30,0,7.0,1
11,22,170,5,34,31,0,2.0,-3
11,22,0,0,23,20,0,0.0,-3
11,22,110,36,21,20,0,0.0,0
11,22,150,21,-5,-9,0,0.0,3
11,22,200,41,72,40,0,8.0,-2
11,22,250,82,95,59,0,2.0,-2
11,22,200,31,48,36,0,4.0,5
11,22,220,31,71,53,0,6.0,10
11,22,230,36,104,99,0,7.0,8
11,22,220,51,104,90,0,1.0,-9
11,22,240,31,105,100,3,8.0,0
11,22,100,5,15,9,0,0.0,-2
11,22,180,67,102,67,0,8.0,0
11,22,230,46,68,56,0,7.0,5
11,22,260,82,76,33,0,3.0,-2
11,22,240,41,33,5,0,1.0,4
11,22,250,31,33,13,0,2.0,-16
11,22,120,41,33,5,0,8.0,1
11,22,190,36,80,74,0,8.0,3
11,22,180,41,74,52,-1,8.0,-1
11,22,270,67,57,35,0,7.0,1
11,22,220,62,70,61,-1,8.0,11
11,22,220,36,21,3,0,3.0,-2
11,22,210,51,31,12,0,2.0,-2
11,22,170,51,66,60,9,8.0,10
11,22,250,67,128,119,12,8.0,-2
11,22,200,46,75,56,0,1.0,1
11,22,140,51,101,82,0,8.0,8
11,22,150,51,94,78,21,8.0,0
11,22,240,62,68,41,0,1.0,-1
11,22,170,77,67,47,27,8.0,-1
11,22,200,5,21,12,0,3.0,6
11,22,180,41,104,99,1,8.0,-1
11,22,190,62,112,67,0,6.0,11
11,22,80,21,32,19,0,8.0,-1
11,22,70,26,40,39,0,6.0,5
11,22,100,21,98,87,0,7.0,-2
11,22,80,21,65,65,0,0.0,-3
11,22,60,62,42,38,0,8.0,7
11,22,50,46,55,48,0,8.0,-1
11,22,20,21,56,56,-1,8.0,0
11,22,290,15,56,56,0,7.0,1
11,22,190,41,74,59,0,8.0,-5
11,22,190,67,83,79,0,8.0,0
11,22,210,41,54,51,0,6.0,-6
11,22,200,41,61,57,0,7.0,4
11,22,160,51,65,50,3,8.0,-4
11,22,320,98,72,61,8,8.0,-2
11,22,350,21,42,12,0,7.0,1
11,22,60,15,-11,-17,0,4.0,-11
11,22,80,36,-14,-21,0,1.0,3
11,22,60,21,-24,-25,0,0.0,-18
11,22,30,21,-26,-40,0,0.0,-9
11,22,70,67,-13,-20,0,3.0,-7
11,22,50,15,-70,-75,0,3.0,-1
11,22,70,5,-77,-77,0,0.0,-4
11,22,180,36,-34,-48,0,3.0,0
11,22,100,15,-44,-47,0,7.0,11
11,22,90,5,-33,-33,0,5.0,2
11,22,20,31,-12,-12,0,7.0,-10
11,22,60,51,-29,-36,0,8.0,-3
11,22,80,36,-5,-12,0,8.0,-7
11,22,130,41,-38,-55,0,0.0,-1
11,22,160,15,-10,-42,0,8.0,-4
11,22,220,31,49,48,0,2.0,-7
11,22,100,41,66,56,0,5.0,-4
11,22,120,46,116,81,0,2.0,-2
11,22,110,46,123,90,0,5.0,-1
11,22,220,26,104,104,0,7.0,11
11,22,990,5,117,101,0,8.0,-3
11,22,70,15,107,107,0,8.0,-1
11,22,100,21,75,75,0,8.0,1
11,22,120,31,100,91,-1,8.0,-3
11,22,0,0,97,97,0,8.0,-1
11,22,180,21,109,109,-1,8.0,2
11,22,140,15,98,98,0,8.0,0
11,22,210,77,123,107,0,8.0,2
11,22,230,62,138,135,15,8.0,-1
11,22,240,72,113,90,0,4.0,-6
11,22,200,31,59,56,0,5.0,-1
11,22,240,67,88,66,0,8.0,-3
11,22,100,21,79,79,0,7.0,-9
11,22,220,41,138,138,1,8.0,1
11,22,270,46,128,126,3,8.0,-12
11,22,140,5,63,63,0,8.0,11
11,22,190,15,104,98,0,7.0,-3
11,22,220,46,113,110,0,8.0,-11
11,22,250,21,39,39,0,0.0,-6
11,22,220,36,80,80,0,8.0,3
11,22,340,21,111,111,1,8.0,-1
11,22,0,0,88,88,0,7.0,4
11,22,0,0,33,33,0,5.0,5
11,22,80,46,48,48,0,8.0,1
11,22,110,21,39,38,0,8.0,0
11,22,290,15,51,50,0,2.0,0
11,22,280,36,85,82,1,8.0,2
11,22,40,31,26,-14,0,1.0,-8
11,22,320,10,-39,-44,0,0.0,5
11,22,0,0,-37,-42,0,3.0,-2
11,22,220,46,1,-24,0,5.0,-3
11,22,140,5,66,66,0,8.0,0
11,22,230,31,102,102,0,7.0,3
11,22,190,31,83,79,0,4.0,-6
11,22,140,31,96,80,-1,7.0,0
11,22,120,31,88,52,0,6.0,-6
11,22,80,46,70,38,0,0.0,-6
11,22,200,10,97,97,1,8.0,5
11,22,220,72,94,68,0,8.0,-2
11,22,180,21,72,72,0,4.0,1
11,22,290,21,77,57,0,7.0,-4
11,22,340,21,16,13,3,8.0,3
11,22,250,46,40,14,0,7.0,3
11,22,320,21,60,42,0,5.0,-9
11,22,140,26,12,6,0,2.0,-3
11,22,130,36,14,-33,0,6.0,-5
11,22,230,31,87,87,-1,8.0,-1
11,22,210,41,91,75,0,8.0,-1
11,22,150,36,73,54,0,6.0,5
11,22,130,31,62,48,0,3.0,-5
11,22,150,31,65,40,0,7.0,4
11,22,120,10,59,58,0,6.0,-5
11,22,110,15,59,59,0,8.0,-24
11,22,60,31,48,48,0,8.0,1
11,22,70,26,20,14,0,7.0,4
11,22,220,40,87,81,-1,7.0,9
11,22,230,80,140,131,-1,8.0,-6
11,22,220,70,134,128,1,8.0,0
11,22,190,80,121,105,-1,8.0,-2
11,22,220,60,77,41,0,0.0,-2
11,22,220,90,105,74,0,1.0,1
11,22,230,40,60,54,0,5.0,9
11,22,170,20,24,15,0,0.0,21
11,22,200,20,61,55,0,7.0,-7
11,22,210,50,80,66,-1,8.0,-1
11,22,110,30,96,91,6,8.0,2
11,22,250,40,74,71,0,8.0,0
11,22,270,30,26,16,0,1.0,-2
11,22,30,20,-10,-23,0,0.0,-6
11,22,10,20,-8,-14,0,3.0,13
11,22,260,30,9,-2,0,8.0,-21
11,22,190,30,10,-5,0,7.0,-1
11,22,330,50,55,52,5,8.0,-3
11,22,140,60,22,21,11,8.0,8
11,22,270,60,51,16,0,5.0,-6
11,22,230,50,17,14,0,7.0,-1
11,22,200,70,23,-1,0,7.0,-3
11,22,230,30,-7,-10,0,3.0,-3
11,22,180,70,23,11,-1,7.0,0
11,22,240,30,50,49,-1,8.0,7
11,22,320,20,18,3,0,3.0,-7
11,22,10,20,-19,-26,0,0.0,-3
11,22,230,30,-21,-24,0,2.0,20
11,22,250,50,48,41,0,5.0,-3
11,22,300,30,19,6,0,1.0,0
11,22,990,10,-1,-1,0,9.0,1
11,22,200,10,21,17,0,8.0,3
11,22,80,60,41,26,0,0.0,-6
11,22,130,40,55,45,-1,8.0,1
11,22,120,40,97,89,0,7.0,0
11,22,100,20,106,106,5,8.0,1
11,22,170,30,79,65,0,3.0,2
11,22,160,50,94,61,0,7.0,6
11,22,160,40,91,53,0,5.0,-8
11,22,180,50,80,60,-1,5.0,-2
11,22,180,20,62,53,0,6.0,-10
11,22,280,20,51,51,0,8.0,4
11,22,160,10,-2,-2,0,4.0,8
11,22,190,40,71,57,0,8.0,1
11,22,220,20,103,103,0,8.0,1
11,22,120,30,69,58,0,1.0,-4
11,22,120,50,30,15,0,0.0,0
11,22,130,50,35,15,0,5.0,3
11,22,120,40,14,-42,0,7.0,1
11,22,150,50,59,52,-1,8.0,-3
11,22,990,10,53,53,0,1.0,-22
11,22,90,30,46,46,0,8.0,0
11,22,150,30,43,43,-1,8.0,-10
11,22,100,40,24,15,0,7.0,-2
11,22,100,20,21,15,0,6.0,-8
11,22,100,40,52,35,0,8.0,-2
11,22,140,40,46,37,-1,8.0,-1
11,22,170,40,83,80,0,7.0,-9
11,22,200,40,91,75,-1,8.0,4
11,22,350,50,58,46,0,7.0,-2
11,22,220,50,47,39,0,,5
11,22,140,50,70,58,15,,-2
11,22,220,60,63,46,0,,1
11,22,250,30,43,34,-1,,-6
11,22,230,110,81,68,1,,4
11,22,250,20,41,40,0,2.0,-30
11,22,150,30,53,48,0,6.0,-13
11,22,220,60,109,104,0,8.0,-3
11,22,200,30,99,96,0,7.0,0
11,22,270,30,56,40,0,1.0,5
11,22,200,10,29,29,0,4.0,-6
11,22,160,40,56,35,0,8.0,1
11,22,190,30,61,59,2,8.0,0
11,22,250,20,47,45,0,8.0,0
11,22,260,20,57,57,-1,8.0,0
11,22,300,20,24,7,0,7.0,-6
11,22,280,30,9,8,0,3.0,-18
11,22,220,30,10,10,0,8.0,2
11,22,80,10,-39,-45,0,1.0,6
11,22,100,10,-51,-53,0,0.0,4
11,22,120,20,-36,-49,0,2.0,-2
11,22,120,20,-59,-76,0,0.0,-13
11,22,990,10,-61,-65,0,0.0,-9
11,22,200,40,-8,-30,0,7.0,-1
11,22,190,10,-7,-16,0,8.0,1
11,22,220,50,49,49,1,8.0,5
11,22,210,20,35,35,0,,3
11,22,150,50,30,29,1,,-2
11,22,30,30,18,14,0,,-1
11,22,50,40,12,2,0,,-1
11,22,200,80,172,152,0,,-9
11,22,220,30,42,42,0,,-13
11,22,990,10,87,70,0,,1
11,22,100,20,15,15,0,,7
11,22,190,80,100,78,2,,0
11,22,240,80,73,66,3,,0
11,22,240,40,74,65,0,,-22
11,22,300,10,101,101,0,,2
11,22,330,30,76,69,0,,3
11,22,40,60,79,62,0,,-2
11,22,50,30,19,8,0,,-8
11,22,350,10,0,-1,0,,-14
11,22,270,20,51,51,0,,6
11,22,60,40,35,15,0,,-24
11,22,80,10,-44,-46,0,,-6
11,22,220,50,9,9,-1,,3
11,22,250,40,16,10,6,,-3
11,22,310,30,18,17,0,,-2
11,22,10,50,27,11,0,,-2
11,22,40,30,-12,-24,0,,-6
11,22,220,30,3,3,1,,-1
11,22,240,60,51,51,3,,4
11,22,210,40,66,64,0,,1
11,22,210,60,84,78,0,,-3
11,22,210,40,95,93,0,,1
11,22,200,70,51,23,0,,-3
11,22,190,40,61,61,0,,5
11,22,190,60,84,39,0,,-2
11,22,180,20,74,60,0,,3
11,22,230,100,95,69,0,,4
11,22,200,60,64,45,0,,-6
11,22,190,70,75,39,0,,6
11,22,190,50,66,46,0,,5
11,22,200,40,54,43,0,,-6
11,22,120,80,74,37,0,,3
11,22,120,50,88,58,0,,-2
11,22,170,70,90,71,0,,0
11,22,200,50,81,65,0,,0
11,22,220,80,74,44,0,,-1
11,22,200,50,56,38,0,,3
11,22,170,50,78,31,0,,0
11,22,230,40,94,84,16,,-4
11,22,190,20,61,50,0,,2
11,22,160,30,53,39,0,,-4
11,22,200,40,57,44,0,,-3
11,22,220,30,76,66,10,,-1
11,22,190,40,41,33,1,,-1
11,22,180,70,74,48,-1,,8
11,22,190,30,79,65,1,,-1
11,22,160,30,45,27,0,,10
11,22,130,60,63,51,14,,1
11,22,180,50,62,44,0,,-4
11,22,200,50,97,91,7,,-3
11,22,160,30,38,25,0,,6
11,22,140,60,58,42,14,,2
11,22,210,60,62,43,0,,-3
11,22,140,50,65,43,0,,7
11,22,160,40,116,96,0,,1
11,22,210,40,112,88,0,,-3
11,22,130,30,90,83,0,,0
11,22,220,30,32,29,0,,25
11,22,220,20,64,64,0,,-10
11,22,220,20,91,84,0,,-1
11,22,240,40,88,62,0,,1
11,22,210,40,56,41,0,,8
11,22,240,30,89,81,5,,-2
11,22,260,40,96,84,0,,-2
11,22,260,40,36,12,0,,-7
11,22,350,10,-19,-20,0,,-5
11,22,200,40,4,-12,0,,-2
11,22,250,20,64,58,0,,-1
11,22,290,20,94,94,1,,-2
11,22,310,20,31,16,0,,-3
11,22,50,20,-8,-16,0,,-12
11,22,220,20,-4,-4,0,,3
11,22,0,0,63,63,0,,-2
11,22,100,10,41,41,0,,-2
11,22,40,20,60,60,0,,-4
11,22,270,30,66,66,0,,0
11,22,230,40,77,64,0,,-1
11,22,230,100,76,51,0,,2
11,22,270,30,18,-3,0,,1
11,22,250,30,48,35,0,,0
11,22,220,30,84,84,1,,3
11,22,240,50,103,103,5,,2
11,22,330,20,-3,-3,0,,-3
11,22,210,80,62,57,8,,6
11,22,220,50,45,42,0,,8
11,22,240,40,105,105,1,,1
11,22,200,40,125,125,1,,0
11,22,180,50,119,115,14,,0
11,22,110,40,116,106,1,,-1
11,22,220,40,92,80,0,,-5
11,22,990,10,85,82,0,,0
11,22,140,10,32,27,0,,7
11,22,150,30,69,65,9,,0
11,22,270,30,51,41,2,,-3
11,22,220,110,96,92,27,,8
11,22,280,20,25,18,0,,-12
11,22,200,30,89,88,7,,5
11,22,220,50,85,76,0,,4
11,22,200,40,98,92,9,,-7
11,22,150,30,80,64,0,,2
11,22,140,30,69,54,0,,1
11,22,100,20,50,49,0,,-4
11,22,290,30,81,79,0,,-1
11,22,180,30,80,74,0,,-2
11,22,0,0,70,66,0,,-1
11,22,80,30,61,47,0,,-4
11,22,110,30,66,56,0,,-1
11,22,150,30,91,74,0,,-3
11,22,170,30,62,47,0,,-10
11,22,150,40,80,73,17,,-1
11,22,40,20,40,39,0,,-16
11,22,240,50,87,86,6,,-8
11,22,150,10,13,12,0,,-1
11,22,140,40,80,64,0,,-3
11,22,180,10,44,41,0,,-12
11,22,250,10,69,69,1,,4
11,22,200,20,53,53,0,,14
11,22,250,40,93,81,0,,0
11,22,210,80,121,102,0,,1
11,22,240,50,104,81,14,,-3
11,22,990,10,50,48,0,,-18
11,22,120,40,75,43,0,,-13
11,22,70,20,45,33,0,,-18
11,22,60,50,46,27,0,,2
11,22,90,30,42,25,0,,5
11,22,120,20,78,43,0,,-27
11,22,50,30,29,22,0,,-14
11,22,150,20,17,7,0,,-9
11,22,150,30,69,40,0,,-2
11,22,180,20,71,66,0,,-7
11,22,180,50,70,56,0,,2
11,22,200,30,46,40,0,,-1
11,22,250,30,56,52,0,,7
11,22,220,70,83,74,2,,-1
11,22,250,50,125,110,0,,-3
11,22,230,40,117,111,0,,-2
11,22,210,50,83,69,0,,-2
11,22,200,20,100,85,0,,1
11,22,180,40,127,93,0,,-5
11,22,190,20,104,78,0,,-5
11,22,260,20,71,69,0,,1
11,22,160,20,76,72,0,,-2
11,22,180,40,80,70,4,,0
11,22,0,0,50,49,0,,2
11,22,200,20,40,40,0,,-5
11,22,160,40,56,15,0,,1
11,22,80,30,70,64,0,,-2
11,22,50,40,81,63,0,,-1
11,22,100,20,90,83,0,,-2
11,22,0,0,106,103,0,,-4
11,22,250,20,61,49,0,,2
11,22,230,40,70,54,0,,7
11,22,310,20,79,75,0,,-2
11,22,220,10,48,41,0,,3
11,22,60,20,36,32,0,,-8
11,22,300,20,25,12,0,,3
11,22,70,40,45,42,0,,0
11,22,250,10,-16,-18,0,,-1
11,22,290,30,68,52,5,,-4
11,22,280,20,35,28,0,,1
11,22,230,30,24,16,0,,-11
11,22,220,50,67,54,0,,2
11,22,230,60,99,85,0,,-2
11,22,250,80,113,103,11,,2
11,22,340,10,47,41,21,,-22
11,22,260,50,17,9,1,,2
11,22,240,30,2,-1,0,,-8
11,22,200,50,37,34,4,,8
11,22,270,50,110,87,0,,-1
11,22,340,10,-3,-7,0,,-3
11,22,70,20,-18,-18,0,,-1
11,22,210,10,-37,-39,0,,8
11,22,220,60,63,56,0,,4
11,22,220,40,78,70,0,,-4
11,22,190,20,69,65,0,,-2
11,22,70,10,57,56,0,,2
11,22,50,40,16,10,0,,-6
11,22,200,20,64,55,0,,7
11,22,200,60,147,136,1,,-3
11,22,190,70,155,111,0,,-2
11,22,210,50,98,80,0,,-7
11,22,200,40,74,67,0,,6
11,22,180,50,110,70,0,,0
11,22,190,40,86,78,0,,-4
11,22,140,40,96,55,0,,-10
11,22,270,20,70,65,0,,-23
11,22,220,70,97,93,-1,,2
11,22,200,70,110,79,0,,-6
11,22,170,10,52,49,0,,12
11,22,340,10,52,49,0,,-11
11,22,210,50,57,56,0,,-3
11,22,240,30,69,68,0,,3
11,22,280,30,40,23,0,,9
11,22,260,20,16,12,0,,4
11,22,290,20,6,2,0,,-11
11,22,230,30,28,28,0,,2
11,22,230,40,31,28,0,,1
11,22,80,40,31,21,0,,-1
11,22,70,20,17,9,0,,2
11,22,0,0,18,16,0,,-2
11,22,250,70,31,18,1,,-15
11,22,240,100,11,10,-1,,-1
11,22,190,10,5,3,-1,,0
11,22,250,20,1,-2,0,,0
11,22,220,30,17,13,0,,6
11,22,220,40,11,8,0,,-5
11,22,210,60,24,0,0,,-2
11,22,290,20,29,6,0,,-8
11,22,260,20,48,40,3,,-3
11,22,280,20,54,51,0,,3
11,22,240,40,84,72,0,,3
11,22,240,30,102,88,0,,0
11,22,230,20,97,82,0,,0
11,22,200,20,35,33,0,,0
11,22,240,70,118,112,2,,1
11,22,280,20,65,43,0,,-32
11,22,190,40,64,36,0,,0
11,22,330,40,71,55,9,,-4
11,22,220,50,56,45,0,,10
11,22,250,30,118,104,-1,,3
11,22,220,70,130,113,0,,0
11,22,170,40,111,86,0,,-4
11,22,200,60,140,132,5,,-4
11,22,170,50,95,70,0,,-4
11,22,210,20,44,35,0,,-5
11,22,200,40,41,37,0,,3
11,22,200,50,93,83,0,,-1
11,22,210,30,17,12,0,,-10
11,22,170,70,66,58,4,,2
11,22,200,60,96,83,0,,-3
11,22,130,40,126,115,0,,6
11,22,210,30,108,64,0,,-1
11,22,160,20,77,65,0,,-2
11,22,180,20,115,95,0,,-3
11,22,210,20,111,103,0,,-3
11,22,210,30,40,38,0,,0
11,22,150,30,59,52,0,,3
11,22,240,30,115,106,0,8.0,-1
11,22,290,20,134,133,1,8.0,-1
11,22,310,10,90,87,0,4.0,-2
11,22,350,10,81,68,0,8.0,1
11,22,270,40,100,93,25,8.0,-4
11,22,230,30,62,52,0,8.0,3
11,22,260,30,80,71,0,0.0,-10
11,22,270,40,78,61,5,7.0,-5
11,22,260,30,54,36,-1,8.0,4
11,22,220,50,75,71,2,8.0,12
11,22,280,30,36,20,0,2.0,0
11,22,250,30,35,20,0,3.0,-13
11,22,40,40,32,29,2,7.0,-4
11,22,330,10,6,-5,0,1.0,-1
11,22,280,10,9,-6,0,6.0,-7
11,22,240,40,15,5,0,5.0,-11
11,22,210,20,1,-15,0,0.0,-3
11,22,110,50,27,3,0,0.0,-4
11,22,130,30,43,32,0,8.0,-5
11,22,120,50,74,29,0,8.0,-1
11,22,190,30,75,68,0,0.0,-8
11,22,200,30,72,65,0,7.0,-1
11,22,280,20,14,-1,0,2.0,4
11,22,230,80,55,33,-1,8.0,3
11,22,270,30,31,14,-1,0.0,2
11,22,280,30,46,25,0,8.0,-2
11,22,230,30,55,50,0,8.0,2
11,22,190,50,46,8,0,8.0,0
11,22,240,30,39,34,0,0.0,-8
11,22,210,80,84,77,20,8.0,-2
11,22,110,30,77,74,0,6.0,-8
11,22,20,30,87,80,0,2.0,-5
11,22,50,10,65,65,0,9.0,-26
11,22,50,50,79,78,0,8.0,0
11,22,100,10,93,93,2,8.0,0
11,22,110,20,82,74,0,8.0,-8
11,22,200,40,97,88,-1,8.0,-3
11,22,160,50,83,58,0,8.0,7
11,22,190,50,92,65,0,8.0,1
11,22,190,90,139,119,-1,8.0,5
11,22,210,50,72,53,0,0.0,-2
11,22,240,30,70,67,0,7.0,-1
11,22,200,40,61,47,0,2.0,-3
11,22,220,60,99,98,-1,8.0,1
11,22,240,40,107,105,-1,8.0,3
11,22,290,20,39,19,0,1.0,8
11,22,180,40,56,8,0,8.0,-1
11,22,280,30,66,59,0,1.0,-8
11,22,230,60,82,71,0,8.0,5
11,22,290,20,66,59,18,8.0,-1
11,22,280,20,14,5,5,8.0,-4
11,22,290,40,14,11,2,8.0,-2
11,22,190,40,4,1,0,8.0,4
11,22,270,30,0,-8,0,5.0,1
11,22,280,20,3,-3,0,0.0,-12
11,22,220,60,50,49,0,8.0,-1
11,22,190,60,41,28,4,8.0,-3
11,22,150,20,27,17,0,8.0,0
11,22,80,20,-8,-13,0,1.0,-3
11,22,100,20,33,32,4,8.0,7
11,22,260,50,138,130,11,8.0,-3
11,22,150,20,48,44,0,0.0,-10
11,22,190,40,101,97,1,7.0,1
11,22,190,40,60,50,0,4.0,-1
11,22,200,40,64,61,0,0.0,0
11,22,190,60,90,70,-1,7.0,0
11,22,190,20,41,38,0,2.0,-13
11,22,10,30,54,49,0,8.0,-1
11,22,320,20,64,56,0,8.0,-1
11,22,250,30,73,62,-1,8.0,-8
11,22,210,50,57,34,0,8.0,-20
11,22,170,30,88,76,0,7.0,3
11,22,170,40,134,101,0,7.0,4
11,22,220,90,130,80,-1,8.0,-8
11,22,200,20,75,70,0,3.0,-1
11,22,220,50,111,72,0,8.0,-4
11,22,220,70,86,70,0,0.0,-1
11,22,220,90,129,85,0,8.0,-3
11,22,170,40,93,62,0,0.0,-1
11,22,210,30,122,116,0,7.0,-4
11,22,160,50,130,100,-1,8.0,-1
11,22,210,90,93,54,0,7.0,-1
11,22,250,60,112,83,-1,8.0,-4
11,22,200,70,130,95,0,8.0,-5
11,22,220,90,94,60,0,2.0,-4
11,22,260,50,62,53,10,8.0,-5
11,22,220,70,70,55,0,8.0,0
11,22,200,60,88,82,13,8.0,3
11,22,170,40,84,51,0,7.0,-4
11,22,150,10,15,7,0,0.0,1
11,22,230,20,80,69,0,8.0,-1
11,22,210,80,119,101,0,8.0,1
11,22,220,70,130,123,13,8.0,3
11,22,240,110,153,110,0,8.0,-3
11,22,240,100,141,134,3,8.0,0
11,22,0,0,64,63,0,7.0,-22
11,22,50,30,11,8,0,5.0,-5
11,22,100,70,52,25,-1,7.0,-3
11,22,40,30,55,52,4,8.0,-1
11,22,230,30,21,16,1,3.0,11
11,22,250,80,100,51,0,1.0,-8
11,22,270,40,111,109,30,8.0,-1
11,22,90,10,93,91,-1,8.0,6
11,22,260,70,92,64,0,1.0,-2
11,22,0,0,8,7,0,0.0,-8
11,22,80,10,26,26,0,9.0,3
11,22,80,30,45,30,0,8.0,-1
11,22,190,20,58,51,1,8.0,-1
11,22,190,20,79,65,0,8.0,-5
11,22,60,20,25,23,0,0.0,1
11,22,60,60,45,27,0,8.0,-1
11,22,330,20,30,25,0,8.0,8
11,22,260,30,31,22,0,7.0,7
11,22,230,40,27,23,0,8.0,-2
11,22,360,10,-1,-8,0,4.0,11
11,22,150,20,-15,-28,0,2.0,2
11,22,100,20,-29,-31,0,0.0,-18
11,22,50,40,-27,-44,0,8.0,1
11,22,60,40,-17,-28,-1,4.0,2
11,22,60,90,-34,-70,0,8.0,-3
11,22,180,10,128,124,1,8.0,-4
11,22,110,40,119,103,0,8.0,-1
11,22,140,40,157,100,0,8.0,-8
11,22,140,40,138,114,-1,8.0,-4
11,22,310,10,86,83,0,6.0,0
11,22,10,30,105,92,0,8.0,-4
11,22,90,20,89,75,0,8.0,-1
11,22,80,20,57,54,0,0.0,1
11,22,100,30,72,69,0,0.0,-9
11,22,120,60,55,52,0,8.0,1
11,22,120,40,47,25,0,0.0,-4
11,22,90,30,41,36,0,0.0,2
11,22,90,30,25,25,0,9.0,-4
11,22,50,30,0,-3,0,0.0,1
11,22,80,40,4,0,0,0.0,2
11,22,130,20,3,0,0,0.0,2
11,22,200,20,83,76,0,8.0,0
11,22,60,10,18,18,0,9.0,11
11,22,100,10,4,4,0,9.0,3
11,22,350,10,7,7,0,9.0,0
11,22,30,10,-12,-14,0,3.0,-7
11,22,990,10,11,11,0,8.0,12
11,22,210,20,60,60,0,9.0,9
11,22,200,30,61,58,0,6.0,-3
11,22,230,60,72,65,0,6.0,-4
11,22,220,90,89,68,0,8.0,3
11,22,250,30,29,22,0,0.0,-4
11,22,200,60,35,29,0,5.0,7
11,22,210,80,87,81,4,8.0,6
11,22,170,40,47,31,0,4.0,-1
11,22,200,60,62,40,0,1.0,-1
11,22,230,60,48,37,0,2.0,-1
11,22,210,30,28,17,0,6.0,22
11,22,220,70,87,52,0,8.0,1
11,22,240,30,16,12,0,1.0,7
11,22,240,70,73,63,-1,8.0,4
11,22,220,50,94,69,0,8.0,1
11,22,230,30,90,76,0,8.0,-1
11,22,170,40,89,49,0,8.0,-7
11,22,180,60,114,88,0,8.0,5
11,22,250,50,66,53,0,8.0,1
11,22,200,50,65,41,0,8.0,2
11,22,130,10,83,75,0,8.0,-1
11,22,140,20,26,18,0,0.0,0
11,22,130,20,43,19,0,8.0,-2
11,22,120,20,6,0,0,0.0,0
11,22,200,40,82,74,0,8.0,1
11,22,0,0,-10,-11,0,9.0,-6
11,22,170,30,99,93,0,8.0,-3
11,22,150,30,50,41,0,0.0,-6
11,22,250,70,102,55,0,8.0,-5
11,22,170,40,57,33,0,8.0,-12
11,22,990,10,58,57,0,8.0,1
11,22,90,40,87,82,0,8.0,4
11,22,210,70,77,45,0,3.0,-4
11,22,170,30,80,45,0,8.0,3
11,22,0,0,51,48,0,8.0,-10
11,22,350,20,44,37,-1,7.0,1
11,22,300,10,18,10,0,6.0,-3
11,22,220,50,22,19,0,8.0,-1
11,22,180,40,98,76,0,8.0,-7
11,22,220,80,107,86,7,7.0,-3
11,22,210,70,82,56,-1,8.0,-6
11,22,260,40,70,61,10,7.0,3
11,22,270,60,89,68,1,7.0,-3
11,22,230,90,136,122,3,8.0,1
11,22,200,30,103,100,3,8.0,-1
11,22,220,50,83,75,0,6.0,6
11,22,290,60,73,55,11,8.0,-11
11,22,260,30,38,29,0,0.0,-14
11,22,180,50,76,37,0,8.0,-2
11,22,290,10,71,68,0,1.0,-1
11,22,210,30,51,41,0,8.0,-3
11,22,340,20,76,68,-1,8.0,-1
11,22,330,10,15,15,0,9.0,-8
11,22,180,20,31,28,0,8.0,0
11,22,120,20,56,52,0,8.0,-7
11,22,210,50,49,30,0,8.0,-2
11,22,310,20,40,28,0,0.0,-9
11,22,120,50,22,15,1,8.0,-2
11,22,10,30,24,6,0,5.0,0
11,22,10,40,47,28,0,8.0,-1
11,22,360,20,17,12,0,0.0,-6
11,22,340,20,46,24,0,8.0,-1
11,22,330,10,3,-1,0,2.0,-1
11,22,300,10,53,44,0,8.0,-2
11,22,260,40,68,48,0,8.0,-1
11,22,300,10,77,35,0,8.0,-7
11,22,260,30,52,29,1,7.0,-15
11,22,330,10,53,45,0,8.0,4
11,22,190,20,134,120,0,8.0,5
11,22,180,60,159,124,-1,8.0,-22
11,22,220,40,106,88,1,8.0,-5
11,22,160,10,66,63,0,8.0,-4
11,22,240,10,51,48,0,6.0,-16
11,22,180,40,57,36,0,0.0,-7
11,22,180,50,94,67,0,0.0,-7
11,22,140,40,86,61,0,1.0,-8
11,22,180,30,89,74,-1,7.0,1
11,22,160,30,69,46,0,0.0,-9
11,22,110,40,106,77,-1,8.0,-8
11,22,210,20,69,69,0,2.0,-22
11,22,140,30,74,59,0,0.0,0
11,22,150,20,101,97,1,8.0,-3
11,22,90,20,63,63,0,9.0,3
11,22,130,30,80,77,0,7.0,3
11,22,10,20,86,78,0,8.0,-7
11,22,20,20,79,66,0,8.0,0
11,22,50,10,48,45,0,6.0,-6
11,22,70,20,48,37,0,0.0,-13
11,22,90,30,45,30,0,1.0,-4
11,22,150,20,91,78,-1,7.0,-1
11,22,200,30,125,103,0,8.0,0
11,22,220,10,12,11,0,0.0,-9
11,22,70,50,36,23,0,0.0,-1
11,22,130,40,61,45,0,8.0,3
11,22,110,30,63,53,0,8.0,2
11,22,80,60,29,11,0,0.0,-3
11,22,80,50,33,20,0,8.0,0
11,22,50,40,25,20,-1,8.0,2
11,22,60,20,40,40,0,8.0,-2
11,22,80,10,31,28,0,0.0,-2
11,22,90,20,101,68,0,8.0,5
11,22,190,30,127,113,0,7.0,-2
11,22,180,40,140,130,9,8.0,0
11,22,230,70,170,161,0,8.0,4
11,22,250,60,155,126,0,1.0,-8
11,22,220,50,158,140,0,8.0,10
11,22,230,100,133,81,0,8.0,3
11,22,240,80,140,104,0,8.0,-4
11,22,210,50,124,86,0,8.0,3
11,22,190,50,131,95,0,8.0,0
11,22,240,60,72,40,-1,1.0,-4
11,22,220,100,97,89,6,8.0,8
11,22,240,70,136,98,0,8.0,-4
11,22,210,50,119,103,1,8.0,1
11,22,240,140,153,90,0,7.0,-2
11,22,240,80,128,101,0,8.0,3
11,22,240,50,86,79,1,8.0,0
11,22,240,40,47,23,0,6.0,3
11,22,320,20,33,14,0,5.0,-6
11,22,280,30,8,-4,0,2.0,6
11,22,210,40,26,11,0,8.0,-8
11,22,210,50,47,41,1,8.0,1
11,22,290,30,42,33,0,5.0,-7
11,22,220,20,8,5,0,0.0,6
11,22,190,60,41,21,-1,8.0,-2
11,22,210,100,68,43,4,8.0,4
11,22,280,80,103,81,20,8.0,-8
11,22,270,100,132,103,-1,8.0,-6
11,22,270,20,68,62,0,0.0,-1
11,22,240,30,38,36,0,0.0,-8
11,22,200,30,61,54,0,8.0,-5
11,22,180,30,67,47,-1,8.0,-1
11,22,230,30,57,50,-1,8.0,-6
11,22,220,20,57,45,0,8.0,1
11,22,360,20,37,25,0,8.0,-2
11,22,200,30,31,17,0,6.0,-5
11,22,280,10,29,25,1,8.0,0
11,22,310,10,52,47,-1,8.0,0
11,22,50,10,-33,-34,0,4.0,4
11,22,140,30,34,4,0,8.0,1
11,22,100,20,38,26,0,8.0,1
11,22,190,50,56,50,6,8.0,2
11,22,250,20,119,116,9,8.0,-2
11,22,230,60,112,93,-1,8.0,-17
11,22,210,90,116,80,0,8.0,-34
11,22,200,40,36,23,0,1.0,7
11,22,160,30,48,21,0,8.0,-5
11,22,140,20,88,77,10,8.0,10
11,22,160,50,123,93,0,8.0,-2
11,22,90,10,70,64,0,4.0,2
11,22,40,30,87,70,0,8.0,-2
11,22,50,60,44,17,0,8.0,-1
11,22,50,30,4,-15,0,0.0,-5
11,22,230,20,-12,-17,0,8.0,10
11,22,10,20,27,19,0,1.0,-4
11,22,80,30,-30,-48,0,0.0,-12
11,22,0,0,-55,-65,0,0.0,2
11,22,230,40,28,6,0,8.0,5
11,22,210,30,106,66,0,8.0,-9
11,22,270,20,100,97,0,8.0,-17
11,22,170,20,60,57,0,8.0,8
11,22,250,30,122,113,1,8.0,-5
11,22,240,20,25,20,0,0.0,-5
11,22,0,0,-1,-2,0,0.0,3
11,22,10,10,39,36,0,8.0,0
11,22,350,10,69,63,0,8.0,-1
11,22,220,60,82,77,-1,8.0,2
11,22,240,40,46,26,0,3.0,0
11,22,250,20,45,40,0,8.0,-6
11,22,290,20,47,36,-1,7.0,0
11,22,250,20,9,1,0,1.0,-2
11,22,230,40,83,68,0,8.0,-5
11,22,200,20,93,90,0,8.0,-1
11,22,250,30,99,95,0,8.0,-10
11,22,230,20,12,8,0,6.0,-1
11,22,220,30,52,49,-1,8.0,7
11,22,240,30,56,41,0,8.0,2
11,22,260,40,116,109,7,8.0,-1
11,22,210,70,101,78,0,8.0,0
11,22,190,60,105,33,0,0.0,4
11,22,210,40,83,55,0,8.0,-5
11,22,0,0,53,47,0,8.0,16
11,22,230,60,25,17,0,7.0,-2
11,22,220,50,33,19,0,5.0,6
11,22,240,60,57,47,6,8.0,-2
11,22,220,30,-2,-5,0,0.0,-11
11,22,220,20,29,24,0,8.0,0
11,22,300,10,19,10,0,8.0,0
11,22,200,40,103,91,-1,8.0,1
11,22,220,20,21,15,0,2.0,10
11,22,80,20,14,11,0,7.0,-6
11,22,90,30,71,63,0,7.0,-4
11,22,130,10,59,59,0,1.0,-1
11,22,150,20,120,92,0,8.0,-6
11,22,190,50,113,86,0,8.0,-3
11,22,60,30,48,25,0,8.0,1
11,22,140,30,101,80,0,8.0,2
11,22,180,50,121,112,-1,8.0,3
11,22,200,30,99,94,0,8.0,4
11,22,180,30,86,82,0,8.0,1
11,22,210,30,57,54,0,5.0,1
11,22,100,10,31,30,0,8.0,-3
11,22,110,20,17,14,0,0.0,-5
11,22,90,30,37,20,0,0.0,-23
11,22,70,50,24,-14,0,0.0,-7
11,22,50,80,35,4,0,7.0,-2
11,22,50,80,31,-1,0,5.0,1
11,22,90,60,26,2,0,6.0,-8
11,22,80,30,27,7,0,8.0,1
11,22,80,30,-18,-21,0,0.0,5
11,22,60,30,7,2,0,8.0,-7
11,22,360,10,25,20,-1,8.0,0
11,22,50,40,39,33,0,8.0,2
11,22,40,20,33,12,0,8.0,-1
11,22,130,30,25,2,0,8.0,-6
11,22,170,50,83,67,-1,8.0,4
11,22,180,50,101,67,0,8.0,-5
11,22,220,50,70,54,0,3.0,-9
11,22,180,30,125,121,2,8.0,2
11,22,190,70,117,74,0,8.0,-6
11,22,240,40,103,99,0,8.0,-7
11,22,190,30,95,81,2,8.0,-1
11,22,250,10,85,79,0,8.0,-3
11,22,150,30,77,65,0,8.0,1
11,22,190,40,51,36,0,0.0,-7
11,22,220,20,8,8,0,0.0,9
11,22,190,10,15,11,0,1.0,-1
11,22,180,10,-9,-11,0,0.0,10
11,22,200,50,54,37,0,8.0,-5
11,22,210,70,48,19,0,7.0,-3
11,22,170,30,53,40,0,8.0,-11
11,22,50,20,39,23,0,8.0,-9
11,22,170,10,44,22,0,8.0,-18
11,22,180,20,49,25,0,8.0,-1
11,22,350,20,42,32,12,8.0,-1
11,22,280,40,69,45,-1,8.0,-12
11,22,220,20,14,11,0,3.0,4
11,22,70,30,-2,-5,0,6.0,13
11,22,100,20,9,5,0,8.0,4
11,22,90,50,41,27,0,8.0,4
11,22,50,30,45,35,0,8.0,-7
11,22,140,20,71,70,0,9.0,0
11,22,130,20,56,48,0,3.0,0
11,22,150,30,105,90,0,8.0,3
11,22,210,100,105,87,1,8.0,-1
11,22,300,30,86,77,2,8.0,-7
11,22,250,20,0,-8,0,0.0,2
11,22,50,20,-27,-27,0,9.0,10
11,22,200,90,177,159,-1,8.0,-2
11,22,220,60,107,70,0,1.0,-3
11,22,230,50,70,45,0,4.0,-12
11,22,220,10,21,15,0,0.0,-2
11,22,0,0,48,47,0,8.0,-1
11,22,100,30,56,32,0,0.0,3
11,22,70,10,72,64,0,1.0,-10
11,22,80,10,99,94,-1,8.0,-1
11,22,220,10,109,104,0,8.0,-1
11,22,260,20,125,121,1,8.0,0
11,22,150,30,96,86,0,8.0,-1
11,22,190,30,82,63,0,8.0,-9
11,22,240,30,126,120,3,8.0,-5
11,22,170,50,130,93,0,8.0,13
11,22,210,90,108,52,0,8.0,1
11,22,220,50,98,78,0,8.0,6
11,22,210,50,118,88,0,8.0,-2
11,22,220,60,136,75,0,8.0,4
11,22,250,30,55,29,0,8.0,-7
11,22,190,30,26,-2,0,0.0,-1
11,22,210,60,90,73,0,8.0,-2
11,22,270,20,72,64,0,8.0,-17
11,22,180,30,67,49,0,8.0,9
11,22,150,40,50,34,0,8.0,-4
11,22,200,30,65,52,0,6.0,7
11,22,90,20,70,59,-1,8.0,-7
11,22,70,30,30,22,0,8.0,7
11,22,60,60,35,33,0,8.0,3
11,22,60,10,-44,-47,0,0.0,-2
11,22,220,70,59,54,23,8.0,3
