MM,HH,DD,FF,T,TD,RH,N,TC
2,20,340,21,-53,-68,0,0.0,-11
2,20,30,15,-41,-79,0,0.0,-10
2,20,60,21,-43,-69,0,2.0,-5
2,20,70,36,-39,-85,0,1.0,-7
2,20,360,62,-8,-32,-1,8.0,-4
2,20,80,82,-113,-162,0,0.0,-3
2,20,80,87,-53,-97,0,3.0,-3
2,20,110,51,-89,-132,0,0.0,-4
2,20,120,26,-47,-74,0,4.0,2
2,20,210,57,-42,-65,-1,8.0,0
2,20,230,62,-14,-15,5,8.0,1
2,20,210,21,-28,-29,-1,8.0,5
2,20,300,26,-34,-34,-1,8.0,-7
2,20,240,51,-3,-3,4,8.0,4
2,20,250,67,11,11,2,8.0,3
2,20,50,15,-3,-20,0,6.0,-10
2,20,60,15,-19,-32,0,1.0,-8
2,20,50,26,1,-26,0,1.0,-19
2,20,990,10,24,3,0,7.0,-7
2,20,220,26,4,4,0,9.0,-5
2,20,180,57,72,33,0,7.0,4
2,20,190,67,58,15,0,4.0,4
2,20,220,82,92,65,0,8.0,-4
2,20,170,36,82,51,0,2.0,-20
2,20,60,26,76,76,0,8.0,-4
2,20,100,21,78,63,0,5.0,-16
2,20,90,57,49,23,0,4.0,-8
2,20,170,5,51,51,-1,8.0,-4
2,20,990,15,-21,-21,0,9.0,-5
2,20,230,51,-18,-18,-1,9.0,3
2,20,230,51,29,10,0,5.0,-2
2,20,330,10,10,10,0,9.0,-1
2,20,250,46,58,55,0,8.0,0
2,20,210,36,61,52,0,8.0,4
2,20,180,21,36,15,0,2.0,0
2,20,190,41,45,8,0,0.0,-7
2,20,190,62,77,57,-1,8.0,2
2,20,220,72,60,40,-1,7.0,4
2,20,210,46,83,83,-1,8.0,2
2,20,200,72,123,100,0,7.0,-1
2,20,230,57,56,49,4,4.0,-2
2,20,210,93,74,45,0,8.0,3
2,20,240,72,59,29,0,6.0,-1
2,20,260,51,6,3,0,6.0,-4
2,20,40,26,-21,-57,0,1.0,4
2,20,250,10,-26,-69,0,0.0,10
2,20,230,31,2,-20,-1,8.0,1
2,20,280,15,22,16,0,8.0,-1
2,20,230,41,39,19,0,8.0,-3
2,20,220,93,32,1,0,8.0,3
2,20,210,36,58,58,0,8.0,0
2,20,100,21,68,62,0,7.0,-4
2,20,190,31,72,60,0,6.0,2
2,20,240,31,67,52,0,6.0,-18
2,20,110,21,69,58,0,0.0,-22
2,20,210,31,96,61,0,0.0,-29
2,20,180,31,92,34,0,0.0,-1
2,20,320,5,-22,-23,0,0.0,-7
2,20,150,21,2,2,0,9.0,-3
2,20,990,15,-18,-18,0,9.0,1
2,20,230,36,-22,-22,0,9.0,2
2,20,200,26,-7,-7,0,8.0,-1
2,20,230,46,30,30,-1,8.0,0
2,20,60,15,52,52,-1,8.0,1
2,20,70,41,37,27,0,8.0,0
2,20,60,36,20,20,0,9.0,-1
2,20,190,15,0,0,0,5.0,4
2,20,90,15,-8,-9,0,0.0,-4
2,20,110,15,10,7,0,0.0,-4
2,20,60,36,-8,-8,0,9.0,-3
2,20,990,5,-12,-12,0,9.0,1
2,20,320,10,-4,-5,0,8.0,0
2,20,200,41,27,23,0,7.0,0
2,20,320,36,60,51,-1,8.0,-3
2,20,220,87,58,36,0,8.0,-5
2,20,290,46,44,24,1,6.0,-2
2,20,240,98,49,26,0,8.0,-8
2,20,310,51,14,8,-1,7.0,1
2,20,10,36,2,-6,-1,3.0,-9
2,20,70,21,-14,-27,-1,8.0,-5
2,20,80,21,-44,-44,0,9.0,4
2,20,250,46,22,19,-1,8.0,-5
2,20,210,62,25,18,0,8.0,-2
2,20,300,31,-11,-46,0,0.0,-6
2,20,220,15,-8,-15,0,2.0,-4
2,20,210,87,45,33,6,8.0,8
2,20,80,21,32,7,0,8.0,-4
2,20,160,41,65,58,-1,8.0,5
2,20,990,5,65,58,0,8.0,-9
2,20,120,10,38,26,0,8.0,-5
2,20,150,31,12,6,0,0.0,-1
2,20,210,21,41,23,0,7.0,10
2,20,200,31,17,11,0,0.0,2
2,20,230,41,52,44,-1,8.0,1
2,20,280,41,41,31,-1,8.0,1
2,20,40,36,29,6,0,8.0,-2
2,20,70,46,1,-36,0,7.0,-5
2,20,80,103,-55,-113,0,3.0,-12
2,20,90,103,-21,-101,0,0.0,4
2,20,100,26,12,-29,0,6.0,-14
2,20,90,36,-14,-73,0,0.0,-7
2,20,70,31,-19,-68,0,4.0,3
2,20,70,51,-4,-74,0,0.0,-9
2,20,50,36,-27,-89,0,0.0,3
2,20,30,41,-56,-93,0,3.0,-5
2,20,990,10,-17,-58,0,1.0,-15
2,20,990,10,8,8,-1,9.0,-2
2,20,90,31,32,32,16,8.0,10
2,20,310,10,49,48,0,8.0,-21
2,20,110,26,24,24,0,7.0,7
2,20,170,36,89,55,0,8.0,16
2,20,210,46,104,68,0,8.0,-8
2,20,320,26,80,80,27,8.0,-2
2,20,220,93,112,68,1,7.0,-15
2,20,210,10,40,8,0,1.0,-17
2,20,200,77,54,12,0,7.0,3
2,20,270,36,81,75,0,8.0,-2
2,20,230,67,88,74,0,8.0,0
2,20,240,108,86,62,0,7.0,1
2,20,230,93,71,55,-1,8.0,1
2,20,50,51,26,24,1,8.0,-2
2,20,990,15,23,-29,0,7.0,-7
2,20,210,51,63,51,0,5.0,0
2,20,200,103,103,82,4,8.0,5
2,20,200,62,78,40,0,4.0,-2
2,20,200,51,93,79,0,7.0,3
2,20,200,72,78,43,0,1.0,6
2,20,230,93,90,56,0,7.0,-4
2,20,200,93,75,52,-1,8.0,7
2,20,230,62,53,30,0,3.0,-6
2,20,220,51,45,21,0,1.0,-1
2,20,220,129,94,82,2,8.0,2
2,20,200,67,98,87,0,8.0,3
2,20,250,46,35,23,8,5.0,-6
2,20,200,67,42,-5,0,6.0,-2
2,20,210,67,33,14,0,4.0,5
2,20,260,31,42,38,1,8.0,1
2,20,270,36,38,35,0,8.0,-1
2,20,310,36,22,7,0,5.0,-5
2,20,230,123,55,14,-1,8.0,-10
2,20,220,77,95,66,0,8.0,1
2,20,130,21,-22,-44,0,0.0,-2
2,20,350,36,-1,-1,1,8.0,0
2,20,990,10,-31,-35,0,6.0,12
2,20,0,0,-35,-60,0,6.0,-1
2,20,110,46,-43,-61,0,0.0,1
2,20,90,62,-39,-77,0,4.0,-6
2,20,80,46,-32,-61,0,8.0,2
2,20,260,21,-17,-44,-1,8.0,-1
2,20,150,46,14,-31,0,8.0,0
2,20,190,57,38,14,0,1.0,0
2,20,210,72,43,33,2,7.0,5
2,20,170,72,30,19,7,7.0,2
2,20,350,82,3,3,-1,8.0,1
2,20,30,36,-4,-20,-1,8.0,1
2,20,220,67,-6,-11,2,8.0,4
2,20,250,51,66,59,0,7.0,-7
2,20,250,46,45,3,0,7.0,-12
2,20,210,82,41,23,0,7.0,2
2,20,330,46,-22,-22,4,8.0,3
2,20,30,82,-31,-44,-1,8.0,-6
2,20,340,57,-37,-75,-1,7.0,-7
2,20,180,31,-25,-37,-1,7.0,4
2,20,200,57,-5,-36,0,8.0,-2
2,20,190,93,45,23,-1,7.0,2
2,20,180,72,85,24,0,3.0,3
2,20,330,10,44,42,0,7.0,-2
2,20,40,41,39,38,5,8.0,-1
2,20,30,41,56,46,0,7.0,-10
2,20,220,41,32,32,0,8.0,1
2,20,130,40,-5,-23,0,0.0,-10
2,20,200,40,2,-9,0,8.0,3
2,20,200,40,8,-1,0,7.0,-4
2,20,210,110,50,40,7,8.0,-1
2,20,220,30,19,10,0,3.0,2
2,20,200,30,23,-12,0,2.0,14
2,20,210,50,78,30,0,8.0,2
2,20,210,30,67,64,0,8.0,1
2,20,200,60,83,58,0,7.0,-3
2,20,250,100,91,63,6,8.0,-4
2,20,200,60,61,26,0,8.0,2
2,20,220,120,106,75,-1,8.0,-6
2,20,250,90,52,7,2,8.0,2
2,20,350,30,47,27,0,7.0,-7
2,20,270,30,28,5,0,1.0,-4
2,20,160,30,32,-9,0,4.0,7
2,20,200,70,81,47,-1,8.0,3
2,20,240,70,54,18,0,7.0,1
2,20,210,120,72,5,0,8.0,6
2,20,220,70,85,43,-1,7.0,1
2,20,250,70,96,86,0,8.0,-1
2,20,180,30,86,60,0,3.0,-14
2,20,200,70,95,65,0,8.0,3
2,20,200,90,102,80,-1,8.0,9
2,20,230,110,105,60,0,8.0,-3
2,20,250,70,52,37,21,7.0,5
2,20,200,50,76,30,0,7.0,-6
2,20,210,60,120,2,0,7.0,1
2,20,990,10,-44,-89,0,5.0,-4
2,20,240,40,5,-14,0,8.0,-6
2,20,200,20,-18,-33,0,1.0,-7
2,20,210,40,-11,-30,0,2.0,13
2,20,200,30,36,23,0,7.0,-3
2,20,190,30,10,-15,0,0.0,-8
2,20,230,40,24,9,0,1.0,-17
2,20,200,50,35,15,0,3.0,-5
2,20,210,50,52,-26,0,7.0,-2
2,20,220,40,69,40,0,0.0,-18
2,20,210,70,92,28,0,4.0,4
2,20,230,70,107,70,0,5.0,-10
2,20,210,30,99,82,0,3.0,-13
2,20,230,30,109,89,0,0.0,-23
2,20,210,50,106,53,0,8.0,8
2,20,250,80,91,64,1,8.0,-9
2,20,190,20,27,10,0,0.0,-11
2,20,170,20,67,12,0,0.0,-4
2,20,210,30,84,84,0,8.0,1
2,20,180,60,121,53,0,5.0,-7
2,20,230,80,99,82,-1,8.0,-4
2,20,310,40,56,47,0,6.0,-9
2,20,230,50,84,45,0,8.0,-1
2,20,270,20,99,82,0,8.0,-2
2,20,130,10,94,75,0,8.0,-1
2,20,240,70,76,64,-1,8.0,0
2,20,240,110,89,45,0,7.0,-2
2,20,210,40,5,-10,0,2.0,13
2,20,320,40,49,48,-1,8.0,0
2,20,240,40,54,47,0,8.0,-1
2,20,230,50,70,62,0,8.0,0
2,20,250,80,94,78,0,8.0,2
2,20,260,50,22,9,3,7.0,6
2,20,230,50,28,22,-1,8.0,0
2,20,250,50,-7,-8,-1,7.0,1
2,20,190,40,-1,-28,0,5.0,-1
2,20,220,40,-15,-24,0,1.0,-4
2,20,260,40,-13,-15,0,5.0,-5
2,20,80,20,-24,-26,0,4.0,-4
2,20,80,20,-43,-69,0,0.0,-5
2,20,30,40,-8,-42,0,7.0,-1
2,20,200,40,-17,-35,0,7.0,8
2,20,220,60,13,0,1,8.0,-1
2,20,240,70,38,3,0,5.0,1
2,20,280,40,5,-2,0,6.0,-1
2,20,210,30,53,53,-1,9.0,11
2,20,240,60,94,94,5,8.0,1
2,20,220,40,40,7,0,5.0,10
2,20,260,50,42,33,20,4.0,-1
2,20,260,60,8,8,3,7.0,-3
2,20,250,50,26,21,-1,7.0,-3
2,20,10,20,11,-14,0,1.0,-8
2,20,230,70,49,2,0,8.0,-4
2,20,210,60,65,17,0,2.0,-15
2,20,230,50,65,55,1,8.0,-3
2,20,210,70,72,35,0,5.0,1
2,20,230,60,81,53,0,7.0,-2
2,20,250,40,44,28,0,1.0,-1
2,20,220,40,56,39,0,7.0,1
2,20,220,90,69,46,3,8.0,-1
2,20,190,50,92,-17,0,4.0,5
2,20,200,60,87,58,0,8.0,2
2,20,210,110,75,54,0,7.0,3
2,20,270,80,90,52,7,7.0,-6
2,20,230,50,52,22,0,2.0,-7
2,20,280,30,42,32,2,8.0,0
2,20,190,30,10,-11,0,0.0,-7
2,20,250,60,51,28,8,7.0,-1
2,20,260,30,35,4,0,5.0,-3
2,20,200,60,63,56,4,8.0,4
2,20,200,40,55,34,0,7.0,-4
2,20,190,40,9,-9,0,6.0,2
2,20,250,40,23,-12,0,8.0,-4
2,20,220,70,62,46,-1,7.0,-25
2,20,320,80,32,19,4,8.0,2
2,20,240,20,14,6,0,1.0,-17
2,20,220,50,52,7,0,8.0,-2
2,20,140,20,29,1,0,7.0,-6
2,20,200,40,79,34,0,8.0,1
2,20,990,10,66,54,3,8.0,-11
2,20,260,20,37,-4,0,0.0,-4
2,20,160,10,25,-5,0,1.0,1
2,20,190,70,110,40,0,7.0,3
2,20,220,60,63,48,0,1.0,-4
2,20,210,90,81,58,4,7.0,-4
2,20,260,20,-3,-3,-1,8.0,1
2,20,200,40,1,0,2,8.0,0
2,20,230,50,65,59,0,8.0,-5
2,20,200,80,95,75,1,8.0,-5
2,20,210,100,95,88,6,8.0,8
2,20,210,80,110,83,0,7.0,-5
2,20,180,40,101,88,-1,8.0,-7
2,20,220,80,95,47,0,8.0,-12
2,20,60,20,27,-14,0,4.0,-5
2,20,210,50,40,14,0,7.0,2
2,20,210,70,102,82,0,7.0,1
2,20,40,10,100,98,26,8.0,1
2,20,30,40,48,27,0,7.0,-5
2,20,60,10,33,13,0,4.0,-2
2,20,330,20,63,29,0,1.0,-11
2,20,330,30,35,32,7,8.0,2
2,20,20,50,38,17,0,8.0,-2
2,20,230,20,31,20,0,8.0,0
2,20,290,40,34,15,0,8.0,-2
2,20,270,20,48,28,0,3.0,-6
2,20,250,50,66,64,2,8.0,1
2,20,270,40,45,20,0,7.0,-2
2,20,230,30,7,6,3,7.0,0
2,20,10,20,-19,-59,0,2.0,-5
2,20,240,60,6,-10,-1,8.0,0
2,20,170,50,1,-29,0,1.0,-2
2,20,130,30,30,-7,0,8.0,5
2,20,150,30,35,-3,0,8.0,6
2,20,200,90,112,74,0,5.0,6
2,20,160,40,89,35,0,0.0,12
2,20,180,80,132,19,0,8.0,3
2,20,190,80,97,32,-1,8.0,8
2,20,200,70,99,70,0,7.0,0
2,20,220,50,58,19,0,4.0,-1
2,20,220,110,60,20,-1,8.0,-8
2,20,210,60,105,93,0,8.0,3
2,20,240,70,83,62,0,8.0,1
2,20,220,90,81,49,0,7.0,5
2,20,220,110,117,94,0,8.0,-4
2,20,280,40,99,84,11,8.0,-6
2,20,40,30,65,45,-1,8.0,0
2,20,30,40,13,-33,0,0.0,-7
2,20,40,40,19,-34,0,1.0,-1
2,20,50,10,31,-45,0,0.0,-7
2,20,240,40,43,8,0,7.0,-3
2,20,240,30,32,8,0,2.0,-12
2,20,230,80,67,56,1,8.0,5
2,20,200,50,38,26,0,7.0,-7
2,20,190,40,16,-51,0,3.0,2
2,20,250,60,79,51,0,6.0,-4
2,20,240,60,16,-16,0,4.0,2
2,20,210,60,24,15,5,8.0,1
2,20,210,110,98,79,5,8.0,-1
2,20,240,70,93,59,1,8.0,-9
2,20,210,80,68,6,0,4.0,-12
2,20,240,70,48,31,5,8.0,-2
2,20,200,60,-16,-25,9,8.0,4
2,20,210,100,42,29,3,8.0,4
2,20,200,30,12,-10,0,8.0,5
2,20,240,60,1,-2,22,8.0,2
2,20,260,30,6,-1,0,0.0,1
2,20,200,30,11,0,0,7.0,0
2,20,210,40,32,28,-1,8.0,-1
2,20,180,30,58,50,-1,8.0,-1
2,20,110,30,25,11,0,2.0,-8
2,20,160,10,-11,-19,0,0.0,-11
2,20,90,30,-1,-18,0,0.0,-14
2,20,140,40,-27,-59,0,0.0,-11
2,20,60,30,-19,-57,0,0.0,-4
2,20,40,30,-14,-79,0,2.0,-1
2,20,50,40,-28,-46,0,4.0,11
2,20,50,50,-26,-72,0,0.0,-10
2,20,50,40,-20,-63,0,0.0,-8
2,20,60,30,-11,-61,0,0.0,-3
2,20,80,60,15,-34,0,0.0,-5
2,20,100,20,20,-38,0,0.0,-18
2,20,100,40,41,-21,0,0.0,-22
2,20,120,20,24,-18,0,0.0,-23
2,20,170,30,46,-1,0,0.0,-4
2,20,110,30,42,-7,0,0.0,0
2,20,100,30,40,-24,0,0.0,-17
2,20,140,10,63,15,0,7.0,-3
2,20,160,20,80,22,0,7.0,3
2,20,170,40,85,51,0,6.0,2
2,20,200,80,104,71,0,7.0,-1
2,20,220,60,114,88,0,8.0,0
2,20,210,80,127,71,0,8.0,2
2,20,210,80,141,64,0,8.0,-4
2,20,210,70,141,82,0,8.0,-1
2,20,220,100,126,87,0,8.0,-8
2,20,230,110,61,22,0,7.0,-4
2,20,280,70,27,12,3,8.0,6
2,20,270,30,30,-9,0,8.0,-2
2,20,220,90,34,9,1,8.0,-2
2,20,50,30,52,39,0,8.0,-6
2,20,240,20,49,32,0,8.0,2
2,20,220,10,67,53,0,8.0,-6
2,20,220,10,62,48,0,8.0,-6
2,20,300,10,49,44,0,2.0,-8
2,20,60,30,37,28,0,8.0,-9
2,20,290,20,40,30,0,7.0,0
2,20,320,40,33,24,4,8.0,-7
2,20,60,70,3,-52,0,8.0,-2
2,20,80,30,12,-36,0,2.0,-9
2,20,50,40,11,-19,0,8.0,-2
2,20,350,50,10,-33,0,7.0,-11
2,20,330,20,-3,-42,0,3.0,-5
2,20,220,80,15,-1,-1,8.0,-3
2,20,250,30,-1,-16,0,8.0,-5
2,20,210,30,-25,-60,0,5.0,-9
2,20,210,50,2,-13,-1,8.0,0
2,20,30,10,0,-17,0,7.0,-12
2,20,40,20,-19,-34,0,2.0,-1
2,20,300,40,37,11,0,8.0,-2
2,20,310,50,50,40,3,8.0,1
2,20,230,10,51,28,0,8.0,-4
2,20,130,30,7,-19,0,0.0,9
2,20,160,40,24,-14,0,8.0,2
2,20,90,30,8,-25,0,0.0,-6
2,20,160,10,-3,-19,0,0.0,-6
2,20,190,20,29,-6,0,8.0,4
2,20,210,60,70,31,0,7.0,-4
2,20,240,90,79,69,7,8.0,1
2,20,240,20,72,69,1,8.0,0
2,20,260,70,61,41,6,7.0,-16
2,20,310,40,17,9,-1,8.0,1
2,20,350,70,25,10,2,8.0,-6
2,20,20,80,-5,-40,0,8.0,-3
2,20,30,50,0,-51,0,8.0,-1
2,20,50,30,-20,-67,0,8.0,3
2,20,210,70,8,2,2,8.0,-6
2,20,240,40,9,2,-1,8.0,0
2,20,340,40,1,-5,0,8.0,-1
2,20,50,50,8,-15,0,6.0,-2
2,20,30,40,-22,-52,0,2.0,1
2,20,220,20,-19,-25,-1,8.0,-1
2,20,100,40,-13,-47,0,7.0,-7
2,20,50,20,-1,-30,0,8.0,-4
2,20,30,70,0,-9,-1,8.0,-6
2,20,30,50,-46,-108,0,0.0,-1
2,20,190,20,-59,-119,0,5.0,3
2,20,320,20,-29,-33,0,9.0,-2
2,20,20,20,-44,-50,-1,9.0,-2
2,20,230,20,-14,-16,-1,8.0,1
2,20,330,10,13,12,0,9.0,6
2,20,260,10,24,22,0,9.0,1
2,20,230,30,29,18,-1,8.0,-4
2,20,240,60,54,34,0,8.0,0
2,20,260,30,24,8,-1,5.0,1
2,20,280,50,23,3,-1,8.0,-10
2,20,320,20,17,0,0,8.0,0
2,20,200,20,9,-5,0,8.0,-2
2,20,170,50,4,-2,1,8.0,-2
2,20,200,40,27,-2,0,8.0,-1
2,20,230,60,59,45,-1,8.0,-10
2,20,210,70,83,55,0,7.0,-1
2,20,200,50,53,33,0,8.0,-5
2,20,220,100,62,31,-1,8.0,-1
2,20,240,40,39,32,0,8.0,1
2,20,80,50,56,41,10,8.0,-4
2,20,30,60,12,8,10,,2
2,20,60,60,25,10,-1,8.0,-1
2,20,50,50,4,-24,0,8.0,0
2,20,70,30,0,-52,0,8.0,-1
2,20,50,80,10,-36,0,8.0,-5
2,20,40,50,-11,-44,0,0.0,-8
2,20,290,10,-6,-49,0,1.0,-1
2,20,230,50,15,4,-1,8.0,-2
2,20,270,30,-1,-3,2,8.0,-3
2,20,250,20,90,89,0,9.0,0
2,20,320,30,80,65,0,8.0,-7
2,20,40,10,26,19,0,0.0,11
2,20,100,30,36,18,0,0.0,-19
2,20,250,20,30,26,9,8.0,0
2,20,360,20,2,-3,14,8.0,-1
2,20,200,30,-16,-19,0,9.0,0
2,20,220,90,48,20,0,6.0,-1
2,20,70,40,29,10,0,8.0,1
2,20,190,60,74,52,-1,7.0,4
2,20,240,60,84,63,-1,8.0,1
2,20,220,110,80,53,2,8.0,-5
2,20,210,60,68,32,0,8.0,-5
2,20,310,50,60,52,4,8.0,-1
2,20,130,40,58,26,0,2.0,4
2,20,80,40,75,3,0,8.0,-4
2,20,190,50,86,20,0,8.0,-5
2,20,360,20,51,32,0,8.0,0
2,20,170,50,64,42,0,4.0,3
2,20,190,60,95,36,0,3.0,-20
2,20,210,50,64,43,0,0.0,-13
2,20,150,30,84,41,0,8.0,3
2,20,190,60,94,70,-1,8.0,2
2,20,220,80,85,59,0,7.0,2
2,20,230,40,60,53,9,8.0,4
2,20,290,30,60,49,0,8.0,-1
2,20,220,80,102,91,1,8.0,9
2,20,220,100,87,48,0,8.0,4
2,20,220,80,37,20,0,0.0,-1
2,20,190,50,16,-38,0,0.0,-1
2,20,150,40,53,-5,0,8.0,5
2,20,200,50,40,30,0,5.0,-2
2,20,200,110,104,84,0,8.0,0
2,20,270,20,49,29,0,0.0,-6
2,20,160,30,36,3,0,4.0,0
2,20,110,30,67,2,0,0.0,-4
2,20,100,40,72,-2,0,0.0,-13
2,20,90,20,62,14,0,0.0,3
2,20,60,30,63,27,0,0.0,-7
2,20,40,50,44,26,0,0.0,-24
2,20,60,20,25,25,0,9.0,-5
2,20,50,50,28,27,0,8.0,3
2,20,60,60,3,-49,0,0.0,-6
2,20,100,40,6,-85,0,0.0,-17
2,20,110,20,-4,-54,0,0.0,9
2,20,90,30,1,-17,0,0.0,-12
2,20,90,30,14,8,0,0.0,3
2,20,200,40,34,31,0,0.0,-5
2,20,220,90,88,70,-1,8.0,3
2,20,220,100,98,75,0,8.0,2
2,20,220,60,88,56,0,0.0,2
2,20,190,40,97,64,0,1.0,0
2,20,200,50,98,67,0,8.0,1
2,20,240,60,92,53,0,8.0,-7
2,20,260,10,55,21,0,0.0,-9
2,20,140,30,73,68,8,8.0,-1
2,20,240,110,81,70,11,8.0,-6
2,20,70,60,-7,-67,-1,8.0,-1
2,20,80,50,15,-22,0,1.0,16
2,20,240,20,-1,-1,4,9.0,0
2,20,130,20,8,7,-1,8.0,4
2,20,220,50,68,39,0,8.0,-15
2,20,190,20,31,17,0,8.0,4
2,20,270,20,4,-7,0,2.0,-3
2,20,190,40,13,-2,0,7.0,1
2,20,120,50,28,17,13,8.0,3
2,20,270,50,29,15,-1,8.0,-16
2,20,290,20,16,11,4,8.0,-1
2,20,260,20,3,-6,0,8.0,-7
2,20,290,20,6,5,0,8.0,-5
2,20,990,10,-5,-35,0,6.0,-2
2,20,220,70,2,1,3,8.0,0
2,20,250,40,59,57,6,8.0,0
2,20,50,40,13,-6,0,8.0,-8
2,20,80,30,-15,-55,0,4.0,9
2,20,220,40,14,11,1,8.0,0
2,20,300,20,44,32,0,8.0,-2
2,20,230,50,54,33,0,8.0,-5
2,20,290,40,58,52,-1,8.0,-3
2,20,310,30,51,35,0,8.0,-2
2,20,0,0,39,13,0,8.0,-3
2,20,230,50,54,41,-1,8.0,-2
2,20,260,40,70,29,0,8.0,-1
2,20,240,40,75,75,2,9.0,-2
2,20,40,30,46,36,0,0.0,6
2,20,280,20,4,1,0,8.0,-9
2,20,220,80,37,30,14,8.0,10
2,20,150,20,21,8,0,8.0,4
2,20,90,40,35,15,0,8.0,-6
2,20,190,30,35,26,0,6.0,6
2,20,330,20,40,36,0,8.0,0
2,20,90,20,22,16,0,8.0,-2
2,20,60,60,-29,-51,0,8.0,-2
2,20,10,50,-40,-85,0,8.0,0
2,20,30,60,-45,-59,-1,8.0,-6
2,20,20,80,-30,-64,-1,8.0,-5
2,20,40,30,-46,-59,-1,8.0,-1
2,20,290,20,-29,-55,-1,8.0,-3
2,20,40,50,-38,-45,1,8.0,-2
2,20,150,20,-39,-50,1,8.0,2
2,20,120,40,-34,-62,0,0.0,-6
2,20,130,20,23,16,0,8.0,-2
2,20,180,70,58,18,0,1.0,1
2,20,220,50,20,-2,-1,8.0,-3
2,20,200,50,10,-13,0,8.0,0
2,20,190,70,37,6,0,8.0,2
2,20,220,110,88,74,18,8.0,5
2,20,60,20,30,26,6,8.0,3
2,20,170,50,84,54,0,2.0,-2
2,20,180,60,92,63,0,8.0,1
2,20,240,100,61,5,0,7.0,-9
2,20,140,40,94,10,0,8.0,-4
2,20,240,90,42,25,1,8.0,-1
2,20,210,70,-11,-12,9,8.0,2
2,20,230,80,20,6,0,8.0,3
2,20,200,70,32,21,0,0.0,-2
2,20,230,110,97,56,0,8.0,2
2,20,240,100,105,69,0,8.0,-1
2,20,230,70,76,35,0,8.0,2
2,20,230,80,106,36,0,8.0,-2
2,20,180,10,18,-8,0,0.0,8
2,20,180,30,74,8,0,8.0,1
2,20,220,80,93,84,7,8.0,0
2,20,240,20,106,97,-1,8.0,-4
2,20,220,40,78,63,-1,6.0,4
2,20,120,30,67,30,0,8.0,-4
2,20,240,20,55,54,15,8.0,-4
2,20,190,50,66,35,0,8.0,-6
2,20,90,40,55,39,0,0.0,-10
2,20,40,60,16,2,0,8.0,-2
2,20,80,40,21,3,0,8.0,0
2,20,100,30,39,7,0,8.0,-2
2,20,90,60,5,-27,-1,7.0,0
2,20,90,50,-7,-46,0,8.0,-3
2,20,120,40,-5,-66,0,8.0,3
2,20,160,60,13,-29,-1,8.0,-9
2,20,210,40,61,61,0,9.0,2
2,20,180,40,61,54,0,8.0,0
2,20,270,40,59,52,0,8.0,-1
2,20,280,50,43,32,4,8.0,0
2,20,20,30,32,21,0,8.0,-1
2,20,50,80,-69,-152,0,0.0,-6
2,20,40,50,-99,-154,0,0.0,0
2,20,70,30,-91,-112,0,0.0,-5
2,20,120,20,-120,-125,0,0.0,-10
2,20,110,30,-72,-141,0,8.0,-1
2,20,40,20,-94,-149,0,6.0,0
2,20,50,80,-72,-114,0,1.0,-1
2,20,40,30,-75,-112,0,0.0,-2
2,20,30,40,-44,-64,0,1.0,-15
2,20,60,40,-63,-119,0,0.0,-9
2,20,30,30,-90,-121,0,0.0,2
2,20,220,30,-36,-63,0,8.0,0
2,20,240,30,9,4,-1,8.0,-2
2,20,250,30,27,22,4,8.0,3
2,20,50,40,32,21,1,8.0,-3
2,20,240,40,50,38,0,8.0,-2
2,20,190,40,51,46,-1,8.0,5
2,20,230,90,75,52,2,8.0,-1
2,20,250,20,-4,-14,0,1.0,1
2,20,190,30,-6,-40,0,2.0,-4
2,20,210,50,30,1,0,0.0,-6
2,20,220,90,58,-2,0,8.0,0
2,20,210,70,87,73,0,8.0,1
2,20,240,40,89,86,4,8.0,-1
2,20,300,40,60,14,0,8.0,-5
2,20,280,20,61,39,0,8.0,-5
2,20,240,40,73,58,0,8.0,-3
2,20,240,40,89,82,0,8.0,-1
2,20,250,10,93,84,0,8.0,-5
2,20,310,50,38,29,0,8.0,-4
2,20,290,20,14,-4,0,7.0,6
2,20,240,70,40,32,1,8.0,2
2,20,240,40,59,26,-1,8.0,-1
2,20,210,60,8,-4,0,1.0,-1
2,20,290,20,14,-1,-1,8.0,1
2,20,260,30,4,0,0,8.0,-2
2,20,310,30,-4,-21,0,6.0,-8
2,20,180,20,-15,-36,-1,3.0,3
2,20,120,80,-17,-66,0,8.0,-2
2,20,100,50,-3,-52,0,8.0,2
2,20,50,20,-10,-86,0,8.0,-3
2,20,160,30,-20,-81,0,0.0,-4
2,20,200,70,-2,-16,-1,8.0,0
2,20,210,30,33,27,0,8.0,-12
2,20,240,20,37,30,0,8.0,-2
2,20,50,10,15,-7,0,0.0,-5
2,20,350,10,20,-20,0,7.0,-17
2,20,320,20,30,24,1,7.0,2
2,20,40,50,-13,-51,0,8.0,-5
2,20,50,60,-18,-41,-1,8.0,-4
2,20,40,50,-42,-71,0,0.0,0
2,20,30,60,-23,-35,3,8.0,0
2,20,20,60,-1,-11,-1,8.0,-2
2,20,50,30,5,2,-1,8.0,1
2,20,30,50,21,15,0,8.0,1
2,20,50,40,1,-7,0,8.0,-1
2,20,360,20,24,-3,0,8.0,-3
2,20,190,50,53,27,0,8.0,0
2,20,180,40,38,10,0,2.0,-4
2,20,120,40,41,10,0,7.0,-5
2,20,150,40,55,13,0,0.0,-6
2,20,200,100,79,27,0,8.0,-4
2,20,190,60,90,30,0,8.0,3
2,20,210,80,53,26,0,0.0,-12
2,20,190,90,65,35,0,6.0,-2
2,20,220,60,53,2,0,3.0,-6
2,20,210,30,34,31,1,8.0,3
2,20,220,80,51,33,4,8.0,-4
2,20,200,110,53,27,1,8.0,-2
2,20,230,60,43,17,0,3.0,-4
2,20,180,100,88,57,0,8.0,13
2,20,210,100,90,33,0,8.0,-15
2,20,190,40,45,27,0,0.0,-3
2,20,160,20,60,20,0,8.0,-4
2,20,210,40,69,26,0,8.0,-1
2,20,220,50,74,52,0,8.0,-5
2,20,190,80,93,75,3,8.0,0
2,20,210,60,48,14,0,0.0,-8
2,20,180,50,42,15,0,0.0,-3
2,20,180,50,68,33,0,7.0,-4
2,20,190,50,100,24,0,3.0,-3
2,20,170,50,102,49,0,8.0,-13
2,20,210,20,51,21,0,0.0,-11
2,20,200,60,43,20,0,8.0,-5
2,20,120,30,63,35,-1,8.0,2
2,20,280,20,21,18,0,8.0,-1
2,20,240,30,12,-11,0,8.0,-2
2,20,290,20,7,1,0,6.0,-3
2,20,40,40,1,-2,0,8.0,-6
2,20,40,80,-11,-48,0,6.0,-3
2,20,30,60,-16,-50,0,0.0,-6
2,20,310,20,24,24,-1,9.0,3
2,20,310,20,24,-6,0,4.0,3
2,20,300,30,45,36,0,8.0,-1
2,20,50,30,46,31,0,8.0,2
2,20,60,20,12,2,0,0.0,-9
2,20,190,30,26,-6,0,0.0,-2
2,20,160,60,76,24,0,3.0,-4
2,20,90,30,53,30,0,8.0,14
2,20,60,30,19,-3,0,0.0,-7
2,20,180,30,14,-8,0,0.0,-5
2,20,340,20,41,32,0,8.0,-12
2,20,150,10,-1,-3,0,0.0,11
2,20,190,60,24,-14,0,8.0,2
2,20,200,90,60,41,1,8.0,-3
2,20,210,20,19,16,4,8.0,5
2,20,180,80,28,-18,0,8.0,2
2,20,210,60,41,21,0,1.0,-5
2,20,170,30,29,7,-1,4.0,0
2,20,190,20,42,39,0,8.0,0
2,20,190,70,70,60,1,8.0,1
2,20,280,20,25,-10,0,0.0,-6
2,20,200,80,64,-26,0,8.0,0
2,20,230,90,105,80,-1,8.0,2
2,20,240,60,66,42,0,5.0,-3
2,20,250,30,40,20,0,8.0,-1
2,20,280,30,60,44,0,8.0,-2
2,20,200,60,97,72,0,8.0,0
2,20,180,70,106,43,0,8.0,5
2,20,200,80,66,13,0,0.0,1
2,20,230,130,79,21,-1,8.0,-1
2,20,240,50,38,24,2,8.0,2
2,20,250,30,40,30,-1,8.0,1
2,20,190,30,37,18,0,8.0,-5
2,20,80,40,13,-22,0,0.0,1
2,20,70,40,24,19,-1,8.0,2
2,20,310,30,10,1,0,8.0,-2
2,20,20,50,5,-31,0,0.0,-7
2,20,130,20,-21,-47,0,0.0,4
2,20,160,20,24,-11,0,8.0,-2
2,20,150,20,18,-29,0,2.0,-18
2,20,180,60,29,-8,0,0.0,4
2,20,240,80,97,91,9,8.0,4
2,20,230,100,109,90,0,8.0,0
2,20,290,20,30,21,11,8.0,0
2,20,270,20,29,14,0,8.0,-8
2,20,10,10,9,-22,0,0.0,-4
2,20,230,30,19,1,-1,8.0,-3
2,20,100,30,30,-19,0,8.0,-4
2,20,40,70,15,-37,0,7.0,-5
2,20,30,70,21,-37,0,8.0,-4
2,20,30,40,-9,-49,0,0.0,2
2,20,170,30,67,49,1,8.0,6
2,20,180,50,112,61,0,8.0,0
2,20,150,60,80,32,0,8.0,3
2,20,210,20,48,43,2,8.0,0
2,20,70,30,57,35,-1,8.0,-2
2,20,110,20,39,14,0,8.0,0
2,20,120,20,48,42,1,8.0,0
2,20,40,40,31,13,0,8.0,-6
2,20,40,40,-1,-26,0,8.0,-7
2,20,70,30,5,-23,0,8.0,0
2,20,70,40,9,4,1,8.0,-1
2,20,70,50,46,9,0,8.0,-11
2,20,80,60,55,-8,0,0.0,-7
2,20,110,20,36,4,0,0.0,-2
2,20,190,30,99,47,0,1.0,-8
2,20,260,20,75,38,0,8.0,-9
2,20,290,10,70,49,0,8.0,-2
2,20,160,20,45,1,0,8.0,-8
2,20,240,30,76,58,-1,8.0,-1
2,20,240,60,101,96,1,8.0,2
2,20,230,50,98,89,0,8.0,1
2,20,240,80,97,86,14,8.0,0
2,20,240,120,79,19,-1,8.0,-17
2,20,220,10,21,13,0,2.0,-10
2,20,220,60,65,9,0,8.0,-2
2,20,200,70,96,60,0,8.0,2
2,20,210,90,79,31,0,8.0,-2
2,20,200,50,39,19,0,7.0,-3
2,20,230,40,20,-2,0,0.0,-1
2,20,250,20,27,24,0,8.0,-2
2,20,170,20,18,14,0,8.0,-2
2,20,30,60,-8,-31,-1,7.0,-7
2,20,70,50,-10,-41,0,0.0,0
2,20,30,40,-13,-26,-1,8.0,-3
2,20,10,20,-34,-65,0,0.0,0
2,20,190,30,-25,-59,0,1.0,0
2,20,200,50,-1,-4,1,8.0,0
2,20,190,60,13,-17,0,8.0,0
2,20,220,40,11,-2,0,8.0,0
2,20,210,40,7,-32,0,0.0,-4
2,20,100,30,-6,-52,0,0.0,-7
2,20,150,50,34,-41,0,8.0,0
2,20,300,20,55,28,0,2.0,-15
2,20,150,10,10,-18,0,8.0,-16
2,20,110,30,12,-18,0,0.0,-10
2,20,180,30,17,-39,0,0.0,-3
2,20,130,20,19,-18,0,8.0,0
2,20,40,40,-6,-31,0,0.0,3
2,20,30,50,-10,-45,0,0.0,-5
2,20,50,80,-2,-50,0,0.0,-6
2,20,60,80,-11,-74,0,0.0,-5
2,20,60,60,-13,-72,0,0.0,0
2,20,50,70,-27,-112,0,8.0,-2
2,20,30,60,-50,-97,0,0.0,-5
2,20,50,40,-58,-115,0,0.0,-7
2,20,80,90,-65,-149,0,8.0,-8
2,20,60,20,0,-6,0,8.0,0
2,20,360,50,11,7,-1,8.0,0
2,20,220,30,6,-9,0,6.0,-5
2,20,210,80,33,-24,0,8.0,-4
2,20,170,30,29,7,0,0.0,-8
2,20,190,60,66,46,-1,8.0,2
2,20,210,60,61,29,0,8.0,-1
2,20,200,90,87,47,0,8.0,2
2,20,200,60,77,36,0,8.0,4
2,20,270,70,41,30,4,8.0,-5
2,20,300,30,25,5,0,0.0,-3
2,20,220,50,38,11,0,8.0,-16
2,20,120,10,24,3,0,8.0,10
2,20,140,20,78,18,0,2.0,-10
2,20,200,30,84,5,0,0.0,1
2,20,120,20,69,23,0,8.0,7
2,20,190,40,90,5,0,6.0,4
2,20,190,40,81,22,0,8.0,-1
2,20,230,30,65,22,0,8.0,-3
2,20,210,20,58,26,0,6.0,-6
2,20,250,20,111,70,0,8.0,-2
2,20,60,20,65,59,0,8.0,-1
2,20,90,40,63,0,0,8.0,-4
2,20,60,40,77,-20,0,8.0,16
2,20,70,30,92,12,0,0.0,-8
2,20,80,40,105,39,0,3.0,-2
2,20,210,20,109,40,0,0.0,-26
2,20,210,40,92,80,1,8.0,0
2,20,240,50,87,47,0,8.0,-6
2,20,240,60,110,78,0,8.0,-1
2,20,220,40,77,69,7,8.0,-5
2,20,320,30,60,55,0,8.0,-9
2,20,200,30,35,10,0,8.0,-5
2,20,70,20,8,-9,0,0.0,4
2,20,140,40,57,-27,0,0.0,-15
2,20,210,40,89,57,-1,8.0,-2
2,20,210,150,111,89,2,8.0,1
2,20,240,100,70,35,0,8.0,1
2,20,240,70,45,-8,0,4.0,-4
2,20,220,40,32,-3,0,1.0,6
2,20,230,20,66,59,0,8.0,3
2,20,200,40,75,38,0,8.0,2
2,20,200,100,115,44,0,8.0,0
2,20,250,60,85,77,17,8.0,-4
2,20,230,80,76,37,0,8.0,-4
2,20,200,60,61,24,0,8.0,10
2,20,220,50,53,34,-1,8.0,1
2,20,260,50,56,46,29,8.0,-7
2,20,220,80,69,21,0,8.0,-2
2,20,240,80,97,80,1,8.0,-3
2,20,310,30,74,47,0,8.0,-2
2,20,230,90,102,81,0,8.0,2
2,20,220,60,51,31,-1,8.0,2
2,20,230,40,28,15,0,8.0,-3
2,20,280,40,13,9,-1,8.0,1
2,20,200,100,49,28,7,8.0,5
2,20,210,70,54,8,0,3.0,7
2,20,0,0,-63,-71,0,0.0,-6
2,20,10,10,-62,-99,0,0.0,-3
2,20,30,15,-72,-93,0,0.0,-1
2,20,40,31,-55,-101,0,0.0,-1
2,20,20,57,1,-31,0,8.0,4
2,20,70,51,-114,-165,0,0.0,-3
2,20,80,72,-65,-100,-1,8.0,-8
2,20,120,31,-110,-141,0,0.0,2
2,20,30,26,-50,-77,0,8.0,1
2,20,210,26,-38,-53,0,8.0,3
2,20,40,62,-12,-19,-1,8.0,-3
2,20,0,0,-20,-28,0,7.0,8
2,20,250,21,-26,-29,-1,8.0,3
2,20,260,36,15,2,-1,6.0,-2
2,20,290,41,24,20,-1,8.0,0
2,20,80,5,-29,-34,0,0.0,1
2,20,990,5,-30,-38,0,0.0,-8
2,20,50,31,-12,-25,0,1.0,3
2,20,200,10,-5,-37,0,0.0,-11
2,20,210,41,20,16,0,8.0,-5
2,20,180,62,75,28,0,7.0,-2
2,20,180,82,63,4,0,6.0,7
2,20,240,67,116,41,0,7.0,-12
2,20,200,26,91,18,0,2.0,1
2,20,60,21,72,66,0,9.0,-17
2,20,40,10,40,36,0,4.0,-15
2,20,80,57,34,-4,0,2.0,-2
2,20,200,5,28,24,0,7.0,5
2,20,990,5,-21,-24,0,9.0,-1
2,20,230,51,-2,-5,0,8.0,-6
2,20,260,51,48,8,0,3.0,-2
2,20,240,21,14,10,0,6.0,3
2,20,270,41,65,40,0,7.0,-3
2,20,240,31,69,49,0,8.0,-1
2,20,190,26,34,11,0,1.0,0
2,20,170,31,43,10,0,0.0,1
2,20,180,62,74,47,2,8.0,-4
2,20,210,46,65,38,0,8.0,3
2,20,60,5,76,72,-1,8.0,1
2,20,180,67,121,98,2,8.0,1
2,20,210,26,52,39,0,1.0,0
2,20,190,67,76,52,5,8.0,2
2,20,240,51,61,2,0,4.0,2
2,20,290,46,13,-2,4,1.0,3
2,20,340,21,-22,-64,0,1.0,0
2,20,290,10,-19,-86,0,1.0,-17
2,20,250,10,-13,-17,0,0.0,1
2,20,290,21,10,-14,0,0.0,-26
2,20,250,26,37,11,0,4.0,-10
2,20,210,67,50,-8,-1,8.0,2
2,20,990,10,12,8,0,0.0,25
2,20,160,15,61,43,0,7.0,-15
2,20,80,15,63,43,0,7.0,-4
2,20,190,31,56,28,0,7.0,11
2,20,150,15,63,38,0,0.0,-4
2,20,990,5,68,54,0,7.0,8
2,20,180,21,83,25,0,0.0,8
2,20,130,26,-4,-7,0,8.0,1
2,20,180,21,24,21,0,8.0,0
2,20,60,5,0,-3,0,9.0,-2
2,20,240,21,-12,-13,0,9.0,0
2,20,230,36,25,16,0,8.0,0
2,20,270,36,54,50,-1,8.0,2
2,20,20,15,56,50,-1,8.0,-2
2,20,80,57,49,34,0,8.0,-1
2,20,100,31,43,40,0,8.0,2
2,20,110,26,26,20,0,8.0,1
2,20,130,15,12,-14,0,8.0,-16
2,20,40,21,-4,-7,0,9.0,3
2,20,120,26,-3,-4,0,9.0,-4
2,20,200,26,4,-7,0,8.0,-1
2,20,230,21,20,-1,0,8.0,-1
2,20,250,21,53,40,0,7.0,-1
2,20,340,41,67,44,0,7.0,-1
2,20,250,57,68,62,5,8.0,1
2,20,330,62,62,5,0,6.0,-2
2,20,270,98,53,28,6,8.0,6
2,20,340,67,19,0,2,5.0,0
2,20,360,31,12,-7,0,2.0,-7
2,20,340,31,-12,-65,0,1.0,-1
2,20,140,15,-9,-25,0,8.0,-2
2,20,200,26,28,21,0,8.0,0
2,20,260,31,24,14,3,8.0,-4
2,20,260,26,-5,-27,0,3.0,1
2,20,230,21,0,-11,0,1.0,-4
2,20,210,77,59,49,4,8.0,6
2,20,50,5,21,3,0,8.0,-2
2,20,140,46,45,42,4,8.0,3
2,20,0,0,29,28,0,7.0,8
2,20,130,5,38,31,0,8.0,-4
2,20,160,26,15,11,0,0.0,-6
2,20,250,10,53,49,5,8.0,-1
2,20,200,26,18,17,0,5.0,-8
2,20,260,26,47,32,0,7.0,4
2,20,310,41,47,35,-1,7.0,-4
2,20,60,26,32,22,0,7.0,-2
2,20,50,36,5,-22,0,7.0,2
2,20,80,87,-68,-126,0,2.0,-5
2,20,90,77,-23,-110,0,0.0,-4
2,20,120,41,20,-54,0,8.0,-1
2,20,110,21,-27,-69,0,0.0,-13
2,20,60,5,-36,-74,0,1.0,1
2,20,90,46,-5,-94,0,0.0,-9
2,20,60,36,-24,-102,0,0.0,-10
2,20,50,31,-56,-86,0,0.0,-13
2,20,180,5,-41,-44,0,2.0,-43
2,20,40,31,-14,-15,4,8.0,-2
2,20,90,46,8,-10,2,8.0,-2
2,20,20,21,5,5,0,9.0,0
2,20,100,15,15,15,-1,8.0,3
2,20,140,10,68,53,0,7.0,0
2,20,240,15,83,83,15,8.0,-2
2,20,130,26,78,77,-1,8.0,-4
2,20,290,46,84,83,13,8.0,-8
2,20,180,15,6,0,0,5.0,2
2,20,210,46,71,39,-1,8.0,-3
2,20,280,41,83,72,0,8.0,-2
2,20,230,41,82,74,0,8.0,0
2,20,240,67,92,66,0,7.0,2
2,20,250,46,86,64,-1,8.0,-2
2,20,80,26,23,17,2,8.0,-1
2,20,0,0,-17,-24,0,2.0,-3
2,20,190,41,53,52,0,4.0,7
2,20,200,98,104,96,10,8.0,7
2,20,190,36,63,45,0,7.0,-4
2,20,180,57,92,80,0,6.0,-5
2,20,180,72,85,49,0,7.0,1
2,20,250,72,93,49,0,7.0,-3
2,20,200,103,83,58,1,8.0,1
2,20,230,41,64,32,-1,4.0,-6
2,20,200,36,44,26,0,6.0,0
2,20,230,82,109,101,4,7.0,3
2,20,170,46,86,85,2,8.0,15
2,20,220,31,27,23,0,2.0,6
2,20,190,87,52,0,0,7.0,0
2,20,210,36,54,15,0,4.0,-4
2,20,230,21,27,26,0,2.0,8
2,20,250,26,35,25,0,6.0,-6
2,20,340,46,33,0,0,1.0,-4
2,20,230,77,48,42,10,8.0,4
2,20,230,77,106,64,0,7.0,-3
2,20,100,10,-42,-73,0,0.0,-2
2,20,360,21,9,-12,0,8.0,-5
2,20,20,21,-37,-47,0,5.0,15
2,20,250,26,-15,-48,0,7.0,0
2,20,130,21,-38,-63,0,1.0,-4
2,20,100,46,-43,-79,0,4.0,-1
2,20,90,41,-26,-71,0,8.0,-7
2,20,10,10,-43,-88,0,8.0,-4
2,20,150,46,26,-37,0,8.0,-2
2,20,180,67,49,26,-1,7.0,-1
2,20,210,41,51,45,2,8.0,0
2,20,110,26,31,28,2,8.0,-2
2,20,350,72,9,-1,0,8.0,-4
2,20,20,26,-12,-29,0,8.0,-1
2,20,230,41,20,4,-1,8.0,6
2,20,280,62,53,21,0,1.0,7
2,20,210,21,40,15,0,7.0,2
2,20,270,62,26,17,6,8.0,3
2,20,360,31,-9,-23,-1,8.0,-1
2,20,30,103,-31,-60,-1,7.0,-4
2,20,340,21,-55,-84,0,4.0,6
2,20,210,26,-6,-19,-1,8.0,-1
2,20,190,51,3,-21,0,8.0,-1
2,20,180,77,44,37,2,8.0,4
2,20,220,62,92,63,3,8.0,-13
2,20,200,15,30,30,0,7.0,-26
2,20,0,0,13,12,0,3.0,0
2,20,20,36,22,21,0,3.0,1
2,20,340,36,47,46,-1,8.0,-1
2,20,0,0,-20,-33,0,1.0,-14
2,20,210,20,7,1,0,8.0,0
2,20,220,40,14,14,0,8.0,4
2,20,220,60,63,57,4,8.0,2
2,20,240,20,18,14,0,3.0,1
2,20,200,50,42,7,0,6.0,-7
2,20,260,30,74,68,3,8.0,-1
2,20,190,10,61,55,0,8.0,-4
2,20,220,30,93,71,0,7.0,-3
2,20,260,60,78,38,-1,0.0,-6
2,20,220,50,71,37,-1,8.0,-10
2,20,220,80,104,85,4,8.0,2
2,20,270,120,56,10,-1,8.0,6
2,20,350,20,22,7,0,7.0,-6
2,20,260,20,40,17,0,7.0,-4
2,20,140,40,35,6,0,3.0,-1
2,20,190,70,84,48,0,7.0,3
2,20,260,60,58,19,0,3.0,0
2,20,200,130,85,31,0,8.0,4
2,20,230,60,92,46,0,7.0,-2
2,20,260,50,101,84,0,7.0,-4
2,20,190,30,100,73,0,7.0,2
2,20,200,60,106,69,0,8.0,-5
2,20,190,90,87,75,10,8.0,14
2,20,240,70,110,66,0,7.0,1
2,20,280,80,63,43,9,7.0,3
2,20,190,40,73,34,0,7.0,-2
2,20,250,20,103,29,0,7.0,-1
2,20,50,10,-75,-105,0,1.0,-15
2,20,260,30,15,12,-1,8.0,-4
2,20,240,10,-17,-25,0,1.0,9
2,20,240,20,16,1,0,6.0,3
2,20,220,30,43,23,0,7.0,-1
2,20,190,40,46,15,0,8.0,7
2,20,240,30,30,18,0,3.0,-3
2,20,200,40,40,30,0,5.0,-4
2,20,220,30,61,9,0,7.0,-5
2,20,220,10,54,39,0,7.0,11
2,20,220,40,90,61,0,6.0,2
2,20,230,30,105,88,0,5.0,0
2,20,240,20,106,89,0,7.0,-5
2,20,190,20,84,62,0,0.0,1
2,20,200,40,116,67,0,7.0,-1
2,20,270,70,88,74,-1,8.0,-4
2,20,210,10,24,11,0,0.0,-9
2,20,0,0,45,24,0,5.0,-20
2,20,180,20,87,87,0,8.0,5
2,20,160,40,111,66,0,6.0,-3
2,20,210,30,87,78,0,6.0,2
2,20,300,30,41,32,0,3.0,5
2,20,260,20,79,73,-1,8.0,-1
2,20,300,30,92,76,0,7.0,0
2,20,270,10,90,71,0,8.0,-3
2,20,270,40,66,62,-1,8.0,-1
2,20,240,70,89,27,0,8.0,0
2,20,220,20,16,-10,0,1.0,-2
2,20,340,40,63,57,-1,8.0,0
2,20,250,20,42,42,0,7.0,-4
2,20,250,30,79,70,0,8.0,0
2,20,260,70,103,86,-1,7.0,-1
2,20,280,30,39,7,0,4.0,-4
2,20,260,30,36,31,6,8.0,-2
2,20,290,80,-2,-2,2,4.0,-2
2,20,210,20,4,0,-1,8.0,-3
2,20,270,30,1,0,-1,6.0,-5
2,20,310,10,-35,-39,-1,2.0,18
2,20,350,10,-30,-46,0,5.0,-17
2,20,80,20,-69,-69,0,0.0,-3
2,20,10,20,-67,-82,0,0.0,5
2,20,180,40,-3,-29,-1,8.0,-1
2,20,210,60,15,15,-1,8.0,0
2,20,260,60,58,18,0,7.0,2
2,20,300,20,8,6,4,7.0,10
2,20,230,20,61,61,1,8.0,7
2,20,270,50,102,102,8,8.0,-10
2,20,210,20,35,26,0,7.0,2
2,20,260,50,56,41,-1,7.0,0
2,20,300,90,21,16,4,8.0,3
2,20,290,40,32,28,2,4.0,3
2,20,330,20,5,-7,0,1.0,-21
2,20,220,50,55,13,0,7.0,0
2,20,200,20,62,48,0,7.0,-4
2,20,220,30,65,64,0,8.0,0
2,20,210,70,89,48,0,7.0,4
2,20,220,60,87,50,-1,8.0,-2
2,20,250,30,51,35,0,0.0,2
2,20,220,20,60,40,0,7.0,0
2,20,240,60,74,54,-1,8.0,-3
2,20,200,40,80,12,0,7.0,-1
2,20,200,70,87,69,-1,8.0,-3
2,20,220,70,80,72,4,8.0,5
2,20,280,70,80,25,0,5.0,-1
2,20,220,20,51,26,0,5.0,-7
2,20,250,30,40,28,0,4.0,0
2,20,210,30,37,7,0,1.0,-4
2,20,240,30,49,24,0,1.0,1
2,20,250,20,31,11,0,1.0,-6
2,20,200,50,67,62,15,8.0,4
2,20,190,40,48,24,0,7.0,6
2,20,220,40,33,-12,0,8.0,0
2,20,230,30,28,4,0,8.0,-4
2,20,240,50,70,45,1,8.0,-6
2,20,340,70,36,-3,0,3.0,-4
2,20,300,10,-13,-21,0,1.0,-14
2,20,230,30,47,36,-1,8.0,0
2,20,990,10,18,10,0,7.0,-5
2,20,200,40,84,53,-1,8.0,0
2,20,190,30,52,28,3,8.0,-6
2,20,230,20,22,9,0,0.0,-4
2,20,180,20,16,-21,0,0.0,3
2,20,190,70,111,52,0,7.0,-2
2,20,220,40,62,32,0,1.0,0
2,20,230,50,78,66,20,8.0,-8
2,20,240,20,3,3,0,9.0,0
2,20,130,20,2,2,5,8.0,0
2,20,250,30,58,58,0,7.0,-7
2,20,200,80,95,84,8,8.0,2
2,20,240,70,108,92,1,7.0,-2
2,20,210,50,112,79,0,6.0,-2
2,20,140,20,98,94,25,8.0,-1
2,20,990,10,70,68,6,8.0,-17
2,20,280,10,-15,-24,0,2.0,-6
2,20,180,70,47,21,-1,8.0,-2
2,20,210,50,121,97,0,7.0,3
2,20,20,70,87,84,13,8.0,-9
2,20,20,30,32,23,0,1.0,-2
2,20,50,20,13,4,0,2.0,0
2,20,990,10,24,17,0,0.0,-11
2,20,350,40,44,43,0,8.0,-2
2,20,40,40,39,8,0,7.0,-1
2,20,50,20,53,26,0,7.0,1
2,20,280,40,46,38,-1,8.0,1
2,20,250,30,40,28,0,7.0,-4
2,20,280,50,75,73,11,8.0,2
2,20,250,30,39,26,0,3.0,8
2,20,280,20,2,1,6,7.0,0
2,20,990,10,-53,-65,0,2.0,13
2,20,230,20,7,5,3,6.0,3
2,20,170,50,12,-12,0,6.0,-5
2,20,120,20,32,-10,0,7.0,2
2,20,20,30,30,20,0,7.0,-4
2,20,200,80,122,76,0,,3
2,20,180,40,88,30,0,,-14
2,20,170,60,132,29,0,,-9
2,20,200,100,87,59,8,,5
2,20,210,60,98,74,3,,-10
2,20,260,30,63,51,3,7.0,0
2,20,210,70,55,41,15,,-2
2,20,230,50,122,110,-1,,-1
2,20,250,50,85,54,0,,-4
2,20,220,60,89,67,0,,6
2,20,240,80,121,109,2,8.0,2
2,20,230,40,100,67,2,8.0,-7
2,20,30,60,65,43,0,7.0,-5
2,20,60,50,14,-34,0,1.0,-19
2,20,20,40,-6,-40,0,,-1
2,20,20,40,-5,-29,0,,-11
2,20,240,10,19,6,0,,-29
2,20,220,30,28,7,0,,7
2,20,200,40,62,55,4,,13
2,20,250,20,38,26,2,7.0,6
2,20,210,40,40,-15,0,,0
2,20,260,40,78,33,0,,-9
2,20,270,60,40,-11,0,,-5
2,20,210,40,31,21,4,,1
2,20,220,90,102,87,3,,-1
2,20,250,70,76,51,9,,-2
2,20,240,60,45,30,4,8.0,-2
2,20,210,40,48,31,1,6.0,2
2,20,200,40,-10,-18,-1,,3
2,20,230,60,49,42,5,,-3
2,20,270,40,21,-10,0,1.0,-4
2,20,300,100,32,23,1,6.0,5
2,20,270,20,19,-5,0,,7
2,20,190,40,17,5,0,,4
2,20,210,40,52,50,1,,0
2,20,180,30,68,65,-1,,-1
2,20,130,20,55,44,0,,-2
2,20,990,10,-7,-17,0,1.0,-8
2,20,70,30,-9,-11,0,9.0,0
2,20,120,30,-19,-46,0,4.0,-11
2,20,50,30,-38,-65,0,0.0,8
2,20,30,20,-19,-71,0,3.0,-7
2,20,80,50,1,-29,0,8.0,0
2,20,50,30,-40,-84,0,0.0,3
2,20,60,40,-19,-68,0,0.0,-4
2,20,70,40,-16,-66,0,1.0,-3
2,20,100,40,7,-34,0,0.0,2
2,20,80,20,-7,-40,0,0.0,-1
2,20,60,20,12,-29,0,0.0,-2
2,20,120,30,28,-19,0,1.0,-11
2,20,170,10,49,21,0,0.0,-31
2,20,110,30,68,6,0,0.0,-6
2,20,90,30,43,-35,0,0.0,-6
2,20,110,30,64,36,1,5.0,-10
2,20,170,20,102,35,0,8.0,-8
2,20,160,50,88,62,0,6.0,7
2,20,200,70,105,71,0,7.0,-2
2,20,250,50,120,87,0,8.0,-1
2,20,210,50,141,75,0,8.0,1
2,20,220,60,155,70,0,8.0,0
2,20,250,40,134,95,-1,8.0,-9
2,20,220,50,113,101,4,8.0,4
2,20,230,50,58,34,0,5.0,7
2,20,310,110,46,-4,-1,8.0,-3
2,20,290,30,35,11,-1,8.0,-3
2,20,250,50,47,34,4,8.0,6
2,20,40,40,47,34,0,8.0,-1
2,20,250,10,63,50,0,8.0,-1
2,20,250,20,74,63,0,8.0,-3
2,20,240,20,66,46,0,8.0,-1
2,20,340,20,64,46,0,8.0,-1
2,20,80,20,31,26,0,8.0,2
2,20,280,20,49,37,-1,8.0,2
2,20,10,70,42,26,7,8.0,-12
2,20,70,40,-1,-46,0,1.0,-12
2,20,90,40,9,-34,0,0.0,-8
2,20,20,40,10,-18,0,8.0,-2
2,20,310,30,-15,-41,0,1.0,-1
2,20,310,30,-20,-33,0,0.0,-3
2,20,230,50,25,16,7,8.0,-4
2,20,230,20,-8,-12,-1,6.0,-3
2,20,230,20,-6,-35,0,1.0,-8
2,20,10,30,1,-7,-1,8.0,-4
2,20,990,10,-42,-46,0,7.0,-7
2,20,30,30,-17,-33,0,1.0,1
2,20,300,30,29,18,0,7.0,3
2,20,320,40,62,48,1,8.0,-2
2,20,350,10,67,50,0,8.0,1
2,20,110,10,1,-8,0,0.0,-9
2,20,160,40,33,-3,0,8.0,1
2,20,100,10,-1,-24,0,0.0,-13
2,20,90,20,-15,-33,0,0.0,-4
2,20,160,20,13,-4,0,0.0,-3
2,20,220,40,82,52,-1,8.0,-2
2,20,280,50,90,84,29,8.0,-5
2,20,180,20,66,61,-1,8.0,1
2,20,280,90,72,36,-1,8.0,-12
2,20,300,60,24,9,0,2.0,17
2,20,360,50,25,-1,0,4.0,-10
2,20,30,70,4,-42,0,8.0,0
2,20,40,60,1,-49,0,8.0,0
2,20,240,10,1,-33,0,8.0,-5
2,20,230,40,36,29,14,8.0,4
2,20,270,30,18,1,-1,6.0,-2
2,20,360,30,7,-11,0,0.0,-1
2,20,50,30,5,-15,0,0.0,5
2,20,40,60,-10,-22,-1,8.0,-1
2,20,360,10,3,-7,-1,8.0,-1
2,20,80,30,-18,-47,0,4.0,-9
2,20,20,20,4,-10,0,8.0,4
2,20,30,80,0,-29,-1,8.0,-5
2,20,20,40,-44,-103,0,0.0,-3
2,20,200,40,-45,-101,0,0.0,5
2,20,250,10,-28,-30,0,9.0,-6
2,20,40,20,-27,-28,0,8.0,-2
2,20,240,20,10,4,0,8.0,8
2,20,40,30,31,12,0,8.0,0
2,20,350,30,59,57,0,8.0,-9
2,20,240,40,38,18,0,8.0,3
2,20,240,50,72,30,0,8.0,-1
2,20,310,40,39,20,2,8.0,-9
2,20,310,70,39,-6,-1,6.0,-2
2,20,340,20,27,5,0,8.0,-1
2,20,220,20,7,-13,0,7.0,-30
2,20,180,50,5,2,17,8.0,0
2,20,180,40,29,24,0,8.0,0
2,20,200,50,59,46,-1,7.0,-3
2,20,220,30,78,56,0,1.0,-2
2,20,190,30,36,27,0,4.0,19
2,20,230,40,57,50,1,8.0,0
2,20,230,20,41,34,0,4.0,-4
2,20,70,60,64,38,0,7.0,-6
2,20,40,60,28,3,0,8.0,1
2,20,70,60,33,12,0,8.0,0
2,20,70,60,11,-29,0,8.0,-2
2,20,60,30,-1,-50,0,8.0,-5
2,20,70,70,14,-39,0,0.0,1
2,20,50,50,-8,-37,0,5.0,-3
2,20,330,20,-3,-44,0,1.0,-19
2,20,250,30,24,16,2,8.0,-1
2,20,280,40,4,-9,-1,7.0,-2
2,20,290,30,74,71,0,9.0,0
2,20,360,30,67,42,0,7.0,-23
2,20,330,20,16,-3,0,0.0,-12
2,20,330,10,24,16,0,0.0,-9
2,20,260,20,29,21,0,4.0,-16
2,20,330,10,8,-4,-1,3.0,-21
2,20,220,30,-11,-13,0,9.0,0
2,20,240,40,40,29,24,8.0,3
2,20,160,20,16,0,0,7.0,1
2,20,170,50,73,59,1,8.0,4
2,20,240,30,79,60,0,7.0,-9
2,20,240,60,82,64,2,8.0,-5
2,20,210,30,44,15,0,4.0,10
2,20,310,40,58,47,-1,8.0,8
2,20,140,30,63,20,0,4.0,-5
2,20,130,70,92,9,0,2.0,-8
2,20,220,10,57,16,0,2.0,-27
2,20,40,10,56,37,0,8.0,0
2,20,150,30,68,43,0,8.0,-1
2,20,160,20,92,62,0,8.0,0
2,20,240,20,72,43,0,5.0,-9
2,20,150,40,82,43,0,8.0,-3
2,20,160,30,84,72,0,7.0,4
2,20,220,50,95,62,-1,7.0,-2
2,20,290,50,79,70,2,8.0,-1
2,20,290,40,62,40,-1,8.0,-3
2,20,230,60,106,93,11,8.0,6
2,20,230,80,97,56,-1,8.0,-1
2,20,250,50,46,-1,0,4.0,-2
2,20,200,50,16,-22,0,0.0,7
2,20,160,60,49,-4,0,6.0,-6
2,20,200,40,32,20,0,0.0,8
2,20,230,50,109,97,13,8.0,5
2,20,270,30,42,28,0,0.0,-14
2,20,190,30,65,34,0,8.0,0
2,20,140,10,38,-12,0,0.0,4
2,20,100,10,32,-2,0,0.0,-13
2,20,120,20,63,8,0,0.0,-32
2,20,60,10,59,31,0,0.0,-19
2,20,30,20,37,16,0,0.0,-9
2,20,50,40,15,12,0,8.0,0
2,20,60,20,41,29,0,8.0,3
2,20,60,40,3,-65,0,0.0,-1
2,20,70,30,-16,-69,0,0.0,-7
2,20,0,0,-26,-68,0,0.0,-4
2,20,0,0,-23,-32,0,0.0,5
2,20,40,10,-6,-13,0,0.0,-23
2,20,220,20,16,15,0,2.0,-8
2,20,240,70,96,68,0,8.0,-1
2,20,250,70,110,83,0,8.0,-2
2,20,230,40,105,65,0,8.0,-2
2,20,190,40,96,77,-1,8.0,-4
2,20,180,30,71,51,0,8.0,15
2,20,250,40,85,56,0,0.0,-5
2,20,230,20,30,17,0,0.0,2
2,20,130,10,77,66,0,8.0,-3
2,20,230,80,75,62,15,8.0,6
2,20,70,80,-8,-58,0,8.0,-5
2,20,100,50,30,-16,0,8.0,3
2,20,250,20,-1,-3,1,8.0,-1
2,20,150,20,2,-1,0,7.0,-2
2,20,200,40,62,52,0,8.0,3
2,20,200,20,51,37,0,8.0,0
2,20,250,30,1,-10,0,1.0,3
2,20,190,30,2,-15,0,2.0,2
2,20,130,60,27,18,8,8.0,-6
2,20,300,60,18,8,1,7.0,8
2,20,330,30,18,7,0,2.0,-5
2,20,250,20,0,-9,0,8.0,3
2,20,320,30,-3,-10,0,5.0,15
2,20,270,10,-34,-45,0,0.0,0
2,20,230,30,29,24,5,8.0,2
2,20,290,50,67,61,9,8.0,-1
2,20,80,40,17,-5,0,8.0,-12
2,20,0,0,-28,-45,0,2.0,3
2,20,240,20,28,17,-1,8.0,5
2,20,310,30,50,44,0,8.0,-1
2,20,220,20,51,38,0,7.0,6
2,20,300,40,58,50,-1,8.0,-1
2,20,340,40,59,47,-1,8.0,-2
2,20,190,20,25,5,0,2.0,-12
2,20,230,30,58,53,-1,8.0,2
2,20,270,40,65,46,1,8.0,4
2,20,230,20,76,74,-1,8.0,1
2,20,80,10,36,27,0,1.0,-16
2,20,200,10,-25,-31,0,7.0,-3
2,20,260,70,65,55,3,8.0,-33
2,20,160,20,13,-1,0,8.0,5
2,20,130,30,47,35,0,1.0,-9
2,20,200,20,44,40,0,3.0,-7
2,20,40,40,29,28,2,8.0,-7
2,20,70,30,17,14,0,9.0,0
2,20,60,50,-35,-58,0,8.0,-1
2,20,20,40,-17,-68,0,8.0,-1
2,20,50,50,-31,-42,5,8.0,-1
2,20,20,60,-41,-67,0,5.0,-3
2,20,20,40,-28,-57,0,8.0,1
2,20,300,30,-20,-50,0,8.0,-1
2,20,50,20,-34,-49,-1,8.0,-4
2,20,150,20,-43,-68,0,1.0,-1
2,20,130,30,-17,-51,0,0.0,-3
2,20,110,20,12,0,0,8.0,-1
2,20,170,50,54,28,0,8.0,9
2,20,230,30,12,-9,0,2.0,1
2,20,210,20,-20,-33,0,0.0,-14
2,20,200,60,42,12,0,7.0,-5
2,20,240,60,90,83,14,8.0,-5
2,20,100,40,23,14,6,8.0,0
2,20,150,40,70,61,0,6.0,1
2,20,150,50,79,70,-1,8.0,4
2,20,240,80,69,11,1,7.0,-6
2,20,130,30,78,17,0,8.0,-5
2,20,270,70,41,30,8,8.0,-2
2,20,230,40,5,0,0,8.0,1
2,20,200,80,36,22,0,8.0,-2
2,20,200,50,45,32,0,0.0,1
2,20,240,70,106,65,0,8.0,3
2,20,240,80,113,80,0,8.0,-4
2,20,230,60,95,40,0,8.0,1
2,20,260,50,103,70,0,8.0,-9
2,20,100,10,-8,-22,0,0.0,-3
2,20,140,30,53,14,0,6.0,-7
2,20,220,60,97,90,3,8.0,6
2,20,300,10,87,84,19,8.0,-1
2,20,240,20,77,70,-1,8.0,0
2,20,140,30,68,41,0,8.0,-1
2,20,160,20,60,53,0,7.0,-3
2,20,140,40,61,45,0,8.0,2
2,20,90,10,52,25,0,0.0,-9
2,20,60,50,28,-7,0,0.0,-16
2,20,60,20,18,-8,0,8.0,0
2,20,90,50,33,4,0,8.0,-3
2,20,90,50,5,-44,0,7.0,-4
2,20,90,30,-21,-70,0,0.0,-2
2,20,110,20,-1,-61,0,8.0,-11
2,20,160,50,9,1,8,8.0,4
2,20,170,10,75,73,0,8.0,1
2,20,170,40,80,77,0,9.0,1
2,20,280,50,65,54,-1,8.0,-4
2,20,310,50,44,34,8,8.0,1
2,20,30,20,32,26,-1,8.0,2
2,20,50,60,-49,-150,0,0.0,-5
2,20,60,50,-72,-155,0,0.0,-3
2,20,80,20,-116,-130,-1,1.0,-21
2,20,180,10,-143,-150,0,1.0,-14
2,20,130,10,-63,-111,0,8.0,-2
2,20,80,10,-98,-138,0,0.0,-7
2,20,60,70,-50,-103,0,8.0,-4
2,20,40,30,-65,-87,0,0.0,-7
2,20,30,30,-50,-65,0,0.0,-19
2,20,70,30,-71,-125,0,0.0,-17
2,20,30,20,-65,-91,0,7.0,-13
2,20,230,20,-23,-34,2,8.0,2
2,20,230,20,20,16,-1,8.0,0
2,20,270,40,42,30,-1,8.0,-2
2,20,330,50,59,48,-1,8.0,-3
2,20,230,30,44,38,0,7.0,-1
2,20,240,30,76,70,0,8.0,-2
2,20,240,60,73,57,15,8.0,-4
2,20,260,20,10,1,-1,7.0,-10
2,20,200,50,19,-31,0,8.0,-2
2,20,210,30,48,23,0,0.0,-8
2,20,220,70,67,14,-1,8.0,-11
2,20,230,40,104,97,0,7.0,2
2,20,300,50,91,80,1,8.0,-9
2,20,290,40,55,27,0,8.0,-2
2,20,270,20,60,46,0,8.0,-2
2,20,240,30,70,66,0,8.0,2
2,20,250,20,92,92,0,9.0,0
2,20,190,20,79,71,0,8.0,4
2,20,330,40,34,28,0,7.0,-8
2,20,300,40,24,4,0,7.0,9
2,20,250,40,70,64,-1,8.0,-1
2,20,250,50,74,27,0,7.0,-5
2,20,200,40,11,-6,0,8.0,6
2,20,300,30,16,11,-1,7.0,1
2,20,260,30,8,4,0,2.0,4
2,20,300,30,-17,-19,0,1.0,-6
2,20,220,30,-3,-5,7,8.0,0
2,20,120,60,-9,-52,0,5.0,0
2,20,80,60,-3,-65,0,8.0,-5
2,20,20,10,-12,-59,0,8.0,-4
2,20,140,20,-21,-53,0,0.0,2
2,20,200,30,7,1,0,8.0,2
2,20,250,20,48,34,0,8.0,-3
2,20,990,10,34,27,0,8.0,-3
2,20,30,10,-9,-12,0,1.0,-10
2,20,190,10,1,-21,0,0.0,-2
2,20,30,30,43,35,0,8.0,-4
2,20,60,40,-15,-59,0,0.0,-10
2,20,50,40,-7,-60,0,8.0,-3
2,20,70,60,-17,-75,0,8.0,-5
2,20,20,50,-1,-54,0,8.0,-3
2,20,20,40,3,0,-1,8.0,0
2,20,50,50,19,8,0,8.0,-1
2,20,60,30,35,21,0,8.0,0
2,20,80,40,12,-10,0,8.0,-2
2,20,350,20,18,-5,0,8.0,-1
2,20,190,60,52,20,0,3.0,-1
2,20,200,40,45,22,0,3.0,-3
2,20,140,30,42,16,0,8.0,3
2,20,150,30,51,15,0,0.0,-6
2,20,190,90,76,48,3,8.0,6
2,20,160,70,65,49,4,8.0,4
2,20,200,40,53,26,0,0.0,2
2,20,200,80,74,31,0,8.0,-5
2,20,210,60,46,9,0,0.0,3
2,20,200,10,38,33,1,6.0,5
2,20,220,40,59,45,44,8.0,-4
2,20,190,100,54,36,3,8.0,0
2,20,210,30,34,19,0,6.0,-4
2,20,150,70,72,58,-1,8.0,10
2,20,220,70,82,30,0,8.0,-4
2,20,200,20,23,9,0,1.0,12
2,20,170,40,67,34,0,5.0,-13
2,20,210,40,71,39,-1,8.0,-7
2,20,200,20,71,50,0,8.0,7
2,20,200,60,98,91,12,8.0,2
2,20,210,40,55,21,0,0.0,-4
2,20,190,50,61,36,0,1.0,-10
2,20,170,40,80,49,0,0.0,-3
2,20,190,30,69,35,0,5.0,16
2,20,160,40,82,63,22,7.0,-6
2,20,260,10,64,38,0,7.0,-19
2,20,200,40,53,39,0,8.0,-8
2,20,60,30,62,45,4,8.0,-1
2,20,310,30,11,5,-1,1.0,13
2,20,250,30,4,1,-1,7.0,-1
2,20,340,30,7,-8,0,2.0,-4
2,20,40,20,-12,-14,0,1.0,-8
2,20,40,60,-3,-35,0,8.0,-2
2,20,40,60,-10,-42,0,0.0,0
2,20,300,30,39,35,0,8.0,-5
2,20,300,30,8,0,0,5.0,22
2,20,300,40,50,47,0,8.0,-1
2,20,60,20,55,34,0,8.0,-2
2,20,20,10,26,17,0,1.0,-19
2,20,120,10,-2,-4,0,1.0,-8
2,20,150,60,77,25,0,8.0,0
2,20,110,40,79,37,-1,8.0,-9
2,20,70,30,13,-3,0,3.0,-12
2,20,180,30,12,9,0,8.0,10
2,20,280,20,-1,-7,0,1.0,-15
2,20,190,50,14,14,0,9.0,0
2,20,190,50,28,-5,0,6.0,-2
2,20,190,80,66,54,8,8.0,-1
2,20,200,20,19,15,0,4.0,-2
2,20,180,90,39,2,0,8.0,3
2,20,220,50,49,5,0,4.0,3
2,20,230,20,57,25,0,8.0,-1
2,20,160,10,49,46,0,8.0,-5
2,20,190,50,83,80,7,8.0,1
2,20,230,20,18,4,0,0.0,-9
2,20,190,90,76,7,0,8.0,-1
2,20,230,80,118,83,0,8.0,-6
2,20,250,50,73,24,0,6.0,-7
2,20,280,40,50,25,1,8.0,-9
2,20,310,20,63,42,0,8.0,-23
2,20,210,40,97,87,0,8.0,-1
2,20,170,60,99,47,0,8.0,-1
2,20,210,70,75,16,0,8.0,-4
2,20,230,90,80,47,2,8.0,1
2,20,220,30,36,24,0,4.0,-1
2,20,240,20,41,31,0,7.0,-4
2,20,210,20,25,16,0,1.0,-9
2,20,60,20,5,-19,0,7.0,-8
2,20,60,50,31,22,2,8.0,-2
2,20,340,40,6,2,7,8.0,6
2,20,10,20,19,-6,0,7.0,-22
2,20,120,20,-12,-41,0,0.0,-23
2,20,150,10,1,-15,0,8.0,8
2,20,200,20,8,1,-1,8.0,5
2,20,190,60,40,9,0,1.0,4
2,20,250,70,104,96,11,8.0,3
2,20,240,80,112,97,0,8.0,7
2,20,240,20,44,36,0,8.0,1
2,20,250,20,27,11,-1,1.0,-3
2,20,0,0,-13,-17,0,0.0,-10
2,20,250,20,1,-3,0,3.0,0
2,20,80,10,20,-24,0,8.0,-1
2,20,40,40,12,-42,0,7.0,2
2,20,40,50,25,-23,0,2.0,-12
2,20,340,10,-2,-25,0,0.0,-16
2,20,140,30,61,55,3,8.0,5
2,20,160,40,108,77,1,8.0,0
2,20,130,40,66,29,0,8.0,0
2,20,990,10,55,53,4,8.0,0
2,20,20,40,44,34,0,8.0,-3
2,20,80,10,52,11,0,8.0,-8
2,20,80,40,40,35,1,8.0,-3
2,20,30,40,9,-7,0,8.0,-3
2,20,60,40,-5,-32,0,8.0,-5
2,20,40,30,-12,-23,-1,8.0,2
2,20,40,20,7,0,3,8.0,-5
2,20,70,60,26,3,0,0.0,-6
2,20,80,80,56,-4,0,0.0,-8
2,20,110,40,67,6,0,0.0,-13
2,20,190,50,110,63,0,8.0,-3
2,20,240,20,65,52,0,8.0,-2
2,20,270,20,68,59,0,8.0,-6
2,20,180,20,40,18,0,8.0,-9
2,20,230,20,71,59,0,8.0,1
2,20,240,40,112,103,4,8.0,-1
2,20,220,50,102,96,-1,8.0,2
2,20,250,30,90,85,22,8.0,13
2,20,260,110,71,23,4,8.0,-6
2,20,230,20,31,13,0,8.0,-3
2,20,200,60,82,30,0,8.0,0
2,20,190,60,101,70,0,8.0,3
2,20,230,40,76,43,0,8.0,-7
2,20,270,20,29,20,27,8.0,-15
2,20,240,40,40,13,-1,8.0,-4
2,20,330,30,39,18,0,7.0,-2
2,20,10,10,20,17,0,8.0,-9
2,20,30,60,21,-5,0,8.0,-1
2,20,60,50,-3,-33,0,0.0,-6
2,20,10,40,-26,-58,0,0.0,-4
2,20,0,0,-37,-62,0,7.0,-16
2,20,170,40,-10,-25,0,2.0,-5
2,20,170,40,4,-3,1,8.0,2
2,20,190,70,32,-13,0,8.0,0
2,20,260,40,28,-3,-1,8.0,-3
2,20,200,20,-6,-34,0,8.0,-12
2,20,130,30,7,-49,0,7.0,-5
2,20,150,60,39,-28,0,8.0,1
2,20,240,20,39,22,0,0.0,-29
2,20,60,10,-13,-28,0,5.0,-7
2,20,0,0,-17,-37,0,0.0,-15
2,20,160,20,9,-4,0,5.0,-5
2,20,130,10,30,2,-1,8.0,-4
2,20,30,30,-5,-23,0,1.0,-9
2,20,30,30,-18,-45,0,0.0,-9
2,20,50,50,2,-36,0,0.0,-8
2,20,60,50,-8,-70,0,0.0,-2
2,20,70,80,-3,-75,0,0.0,-4
2,20,50,50,-26,-105,0,1.0,-1
2,20,30,40,-41,-95,0,6.0,-5
2,20,50,30,-49,-98,0,7.0,-3
2,20,80,90,-69,-147,0,8.0,-1
2,20,10,20,30,28,0,8.0,0
2,20,10,40,25,17,-1,8.0,-1
2,20,220,20,-2,-6,0,0.0,9
2,20,200,50,27,22,2,8.0,0
2,20,160,20,20,19,0,8.0,-4
2,20,180,40,71,68,1,8.0,0
2,20,230,50,75,38,0,7.0,0
2,20,190,100,87,72,12,8.0,-2
2,20,220,60,88,43,0,8.0,-9
2,20,290,80,45,35,9,8.0,0
2,20,260,20,19,6,0,1.0,3
2,20,200,40,58,32,0,8.0,-3
2,20,180,30,33,13,0,8.0,-4
2,20,110,20,36,-3,0,2.0,5
2,20,170,10,42,12,0,0.0,7
2,20,160,10,38,27,0,8.0,-8
2,20,190,20,70,9,0,8.0,-3
2,20,220,30,94,39,0,8.0,-35
2,20,210,10,50,23,0,8.0,3
2,20,200,30,57,11,0,0.0,1
2,20,280,30,92,85,0,8.0,-2
2,20,20,30,74,67,0,7.0,-1
2,20,120,30,76,8,0,2.0,-12
2,20,110,10,50,4,0,0.0,-6
2,20,70,20,59,12,0,0.0,-6
2,20,100,20,68,40,0,1.0,-10
2,20,240,20,95,52,0,0.0,-37
2,20,210,40,99,83,-1,8.0,0
2,20,240,60,89,56,0,1.0,-2
2,20,240,50,113,86,0,8.0,0
2,20,230,30,84,75,2,8.0,-22
2,20,300,40,40,33,0,1.0,-9
2,20,220,20,60,37,0,8.0,-1
2,20,0,0,2,1,0,0.0,-4
2,20,130,40,45,6,0,0.0,-6
2,20,200,40,86,79,0,8.0,-9
2,20,210,100,124,102,3,8.0,-3
2,20,260,70,65,47,24,8.0,-12
2,20,260,70,65,-20,0,7.0,-1
2,20,220,30,47,6,0,6.0,-2
2,20,250,40,73,64,2,8.0,0
2,20,190,40,77,46,0,8.0,2
2,20,200,110,125,66,-1,8.0,5
2,20,230,60,86,65,7,8.0,3
2,20,240,60,82,51,3,7.0,1
2,20,220,70,80,38,-1,8.0,-3
2,20,210,40,62,34,-1,8.0,-4
2,20,270,50,55,33,2,8.0,-13
2,20,210,60,85,36,0,8.0,1
2,20,240,60,100,89,2,8.0,-1
2,20,300,50,74,28,0,8.0,-11
2,20,240,70,108,85,0,8.0,-5
2,20,200,40,36,29,0,8.0,4
2,20,230,20,37,10,0,8.0,-10
2,20,310,40,29,13,2,7.0,-2
2,20,200,70,54,46,4,8.0,9
2,20,220,70,67,8,0,7.0,-3
2,20,20,10,-75,-84,0,0.0,-1
2,20,350,5,-67,-92,0,0.0,4
2,20,50,26,-66,-87,0,0.0,1
2,20,70,36,-29,-87,0,0.0,-9
2,20,20,62,-1,-25,0,7.0,0
2,20,90,51,-113,-155,0,0.0,-3
2,20,90,62,-65,-95,0,8.0,-4
2,20,150,21,-111,-131,0,0.0,21
2,20,60,10,-42,-62,0,8.0,-1
2,20,230,26,-38,-49,0,8.0,-2
2,20,40,26,-16,-22,7,8.0,-4
2,20,310,5,-46,-51,0,7.0,11
2,20,300,15,-30,-35,-1,8.0,-10
2,20,290,31,3,-3,7,8.0,3
2,20,320,46,22,16,-1,8.0,-2
2,20,90,10,-17,-30,0,0.0,-6
2,20,990,5,-38,-46,0,0.0,-7
2,20,40,26,-23,-34,0,1.0,22
2,20,160,5,-18,-28,0,0.0,6
2,20,230,26,18,14,0,8.0,-3
2,20,150,41,59,37,0,8.0,10
2,20,180,72,62,17,0,8.0,6
2,20,210,62,103,72,0,7.0,-4
2,20,200,5,65,38,0,6.0,-15
2,20,60,10,73,67,0,7.0,2
2,20,70,15,73,56,0,3.0,-4
2,20,80,31,44,11,0,7.0,-4
2,20,0,0,37,33,-1,8.0,2
2,20,990,5,-14,-15,0,9.0,-1
2,20,210,51,-7,-8,-1,8.0,-3
2,20,270,51,41,18,0,7.0,-1
2,20,220,26,-8,-9,0,2.0,7
2,20,260,36,60,51,0,7.0,0
2,20,220,26,69,60,0,8.0,0
2,20,180,26,24,12,0,0.0,-2
2,20,140,36,34,21,0,0.0,1
2,20,170,62,73,56,1,8.0,-3
2,20,210,57,63,46,3,7.0,1
2,20,140,5,79,78,-1,8.0,1
2,20,190,51,126,100,0,6.0,-2
2,20,220,36,57,43,0,3.0,-7
2,20,200,62,70,50,8,8.0,9
2,20,240,67,64,9,0,4.0,-8
2,20,270,41,5,2,3,3.0,1
2,20,0,0,-26,-54,0,0.0,3
2,20,280,5,-6,-70,0,2.0,-20
2,20,260,15,-8,-12,0,0.0,-4
2,20,270,15,4,-2,0,1.0,-10
2,20,240,36,45,20,0,7.0,-16
2,20,220,87,48,2,0,8.0,0
2,20,220,31,52,51,0,9.0,7
2,20,130,21,69,54,0,7.0,-3
2,20,90,10,66,39,0,7.0,-12
2,20,170,26,33,23,0,3.0,19
2,20,130,21,64,52,0,0.0,-25
2,20,220,15,65,47,0,0.0,-10
2,20,150,26,92,38,0,0.0,-8
2,20,0,0,-4,-12,0,8.0,9
2,20,190,10,17,17,-1,8.0,0
2,20,30,15,-3,-3,0,9.0,-1
2,20,310,10,-14,-14,0,9.0,1
2,20,220,26,18,12,0,8.0,0
2,20,240,36,44,43,-1,8.0,2
2,20,40,10,53,52,-1,8.0,0
2,20,70,46,47,38,0,8.0,-2
2,20,100,21,38,38,0,8.0,-2
2,20,90,15,26,20,0,8.0,-10
2,20,40,5,-7,-13,0,1.0,-6
2,20,30,26,-16,-17,0,0.0,5
2,20,120,21,-6,-6,0,9.0,-1
2,20,140,15,3,-4,0,8.0,1
2,20,190,21,16,1,0,8.0,0
2,20,260,21,53,43,0,8.0,2
2,20,330,41,68,50,-1,8.0,-3
2,20,220,77,59,59,2,8.0,6
2,20,320,62,57,29,0,6.0,-2
2,20,260,93,52,45,6,8.0,2
2,20,330,62,20,2,-1,7.0,-2
2,20,310,26,5,-5,0,4.0,-5
2,20,260,10,-11,-30,0,6.0,5
2,20,160,21,-29,-29,0,2.0,1
2,20,190,26,24,24,0,8.0,1
2,20,220,46,28,28,1,8.0,0
2,20,290,26,-10,-27,0,1.0,-3
2,20,240,21,-14,-14,0,2.0,3
2,20,210,77,54,47,4,8.0,7
2,20,130,10,31,10,0,8.0,0
2,20,130,51,45,42,3,8.0,3
2,20,130,21,72,61,0,8.0,0
2,20,110,5,37,25,0,8.0,-4
2,20,140,31,18,15,0,0.0,-5
2,20,230,10,55,46,0,8.0,-2
2,20,200,26,25,25,0,2.0,-10
2,20,220,26,37,25,0,2.0,-8
2,20,320,51,49,32,-1,7.0,-5
2,20,60,31,35,20,0,7.0,-3
2,20,60,46,9,-23,0,3.0,-2
2,20,70,67,-68,-130,-1,2.0,-2
2,20,90,57,-12,-105,0,0.0,-4
2,20,140,41,19,-64,0,7.0,-2
2,20,90,15,0,-84,0,0.0,-6
2,20,80,21,-2,-81,0,1.0,-14
2,20,70,36,0,-94,0,0.0,-5
2,20,70,41,-13,-117,0,0.0,-7
2,20,70,36,-49,-86,0,0.0,-8
2,20,180,10,-47,-55,0,5.0,-21
2,20,40,26,-11,-11,1,8.0,-4
2,20,80,31,9,-4,2,8.0,-2
2,20,20,10,10,10,0,8.0,-3
2,20,130,31,21,20,0,8.0,2
2,20,150,31,70,53,0,7.0,-5
2,20,190,21,86,85,5,8.0,-4
2,20,320,10,81,81,45,8.0,-9
2,20,290,41,90,89,19,8.0,-5
2,20,150,5,9,5,0,4.0,-2
2,20,210,51,64,34,0,7.0,0
2,20,270,31,82,76,0,8.0,-3
2,20,220,46,80,77,0,7.0,6
2,20,250,77,90,70,0,7.0,1
2,20,260,26,79,76,3,8.0,1
2,20,50,31,21,18,-1,8.0,-1
2,20,0,0,-12,-23,0,3.0,-11
2,20,200,36,58,58,0,5.0,-1
2,20,200,103,104,96,6,8.0,3
2,20,190,41,72,50,0,7.0,-2
2,20,180,51,92,86,0,7.0,0
2,20,180,62,82,51,0,8.0,7
2,20,240,82,93,59,0,6.0,-4
2,20,190,87,75,61,-1,8.0,3
2,20,220,57,49,42,0,1.0,-2
2,20,200,36,39,23,0,2.0,4
2,20,220,108,104,101,2,8.0,3
2,20,160,46,86,86,2,8.0,15
2,20,250,46,30,24,1,6.0,0
2,20,180,72,48,4,0,5.0,1
2,20,220,67,45,22,0,3.0,2
2,20,230,15,28,28,0,3.0,-4
2,20,290,10,36,35,-1,8.0,-5
2,20,330,41,23,7,0,1.0,-4
2,20,230,103,47,40,3,8.0,-1
2,20,240,87,103,68,0,7.0,-2
2,20,120,21,-20,-67,0,0.0,1
2,20,300,10,10,-16,0,8.0,-7
2,20,350,21,-21,-28,0,7.0,0
2,20,220,21,-23,-43,0,7.0,6
2,20,120,26,-26,-54,0,0.0,-1
2,20,90,36,-33,-76,0,2.0,-4
2,20,90,41,-23,-80,0,8.0,1
2,20,330,5,-55,-103,0,7.0,-3
2,20,150,51,22,-39,0,8.0,-2
2,20,180,51,44,19,0,6.0,-3
2,20,200,51,47,44,-1,8.0,1
2,20,130,36,31,27,9,8.0,-2
2,20,360,77,10,0,-1,8.0,0
2,20,340,26,-7,-26,0,8.0,-1
2,20,230,67,10,1,-1,8.0,2
2,20,260,51,52,39,0,1.0,-7
2,20,240,26,30,7,0,7.0,6
2,20,220,46,25,21,0,7.0,-1
2,20,350,31,-11,-25,0,8.0,2
2,20,30,77,-28,-54,-1,8.0,-3
2,20,350,31,-48,-80,0,0.0,-13
2,20,180,31,-12,-25,0,7.0,-1
2,20,180,46,1,-28,0,8.0,0
2,20,170,77,45,36,5,8.0,3
2,20,160,41,94,40,0,8.0,0
2,20,190,15,24,24,0,4.0,-2
2,20,60,26,39,23,0,7.0,-5
2,20,40,26,27,21,0,2.0,-2
2,20,330,46,48,47,-1,8.0,-1
2,20,100,10,9,-20,0,1.0,-2
2,20,210,30,7,0,0,8.0,1
2,20,180,30,8,8,0,5.0,-5
2,20,220,80,61,55,5,8.0,0
2,20,240,30,14,11,0,3.0,-4
2,20,190,50,48,2,0,2.0,-6
2,20,240,20,70,61,2,8.0,-1
2,20,180,20,63,57,0,8.0,-2
2,20,220,50,96,70,0,5.0,-8
2,20,270,100,87,33,0,3.0,-5
2,20,200,50,67,33,0,7.0,-2
2,20,220,100,114,81,0,8.0,-7
2,20,280,100,57,14,3,8.0,-4
2,20,360,10,16,1,0,6.0,-7
2,20,260,30,32,13,0,7.0,2
2,20,150,50,43,10,0,2.0,-6
2,20,180,60,85,51,0,8.0,4
2,20,260,80,60,21,0,5.0,-1
2,20,190,100,83,25,0,8.0,0
2,20,220,80,85,51,0,4.0,-5
2,20,250,60,102,85,0,7.0,-2
2,20,180,30,106,77,0,7.0,-1
2,20,190,50,103,72,0,8.0,-2
2,20,180,80,90,75,7,8.0,12
2,20,230,90,109,72,0,7.0,-1
2,20,280,80,59,45,12,8.0,4
2,20,180,40,78,35,0,8.0,-1
2,20,210,30,96,13,0,7.0,-7
2,20,70,10,-53,-99,0,2.0,-18
2,20,250,40,8,7,-1,7.0,2
2,20,230,10,-17,-20,0,1.0,-12
2,20,210,40,3,-13,0,1.0,-9
2,20,220,30,35,19,0,7.0,4
2,20,170,30,28,9,0,7.0,5
2,20,250,40,27,14,0,1.0,-1
2,20,190,40,39,26,0,5.0,-4
2,20,210,50,59,-2,0,7.0,-2
2,20,230,20,27,21,0,1.0,-1
2,20,230,60,92,56,0,5.0,-3
2,20,230,40,99,80,0,6.0,0
2,20,240,30,78,72,0,4.0,11
2,20,240,20,80,46,0,0.0,-17
2,20,190,30,113,64,0,6.0,0
2,20,270,80,86,75,-1,8.0,-1
2,20,180,10,1,-9,0,1.0,-1
2,20,130,20,41,21,0,3.0,7
2,20,200,20,89,89,-1,8.0,-2
2,20,160,40,101,57,0,7.0,-1
2,20,230,50,89,80,0,8.0,-1
2,20,300,20,38,31,0,2.0,-7
2,20,270,40,83,68,0,8.0,-2
2,20,310,20,95,76,0,7.0,-3
2,20,260,10,93,77,0,8.0,-8
2,20,260,20,66,66,0,8.0,5
2,20,250,100,90,32,0,7.0,-1
2,20,200,20,3,-13,0,1.0,6
2,20,310,30,57,56,1,8.0,-1
2,20,250,20,36,36,0,7.0,-14
2,20,250,40,75,67,0,8.0,3
2,20,260,80,105,81,0,7.0,3
2,20,270,40,29,3,0,4.0,5
2,20,230,70,37,28,-1,8.0,-5
2,20,260,50,-5,-5,0,3.0,2
2,20,210,40,-1,-4,-1,8.0,0
2,20,200,30,-16,-17,0,1.0,1
2,20,290,20,-18,-18,1,1.0,-10
2,20,0,0,-57,-59,0,1.0,-8
2,20,40,20,-43,-64,0,0.0,-4
2,20,340,20,-54,-71,0,0.0,-1
2,20,180,40,-10,-47,0,8.0,9
2,20,210,60,14,10,-1,8.0,0
2,20,260,80,50,11,0,4.0,6
2,20,260,40,5,-1,-1,4.0,5
2,20,230,30,55,55,3,8.0,8
2,20,250,40,103,103,4,8.0,-2
2,20,240,20,22,10,0,6.0,8
2,20,250,80,55,37,-1,5.0,2
2,20,280,70,22,22,7,5.0,1
2,20,260,30,29,21,0,5.0,3
2,20,340,20,9,-15,0,1.0,-12
2,20,230,60,50,4,0,8.0,1
2,20,190,20,57,45,0,0.0,3
2,20,220,50,67,64,0,8.0,0
2,20,200,90,88,38,0,7.0,2
2,20,220,60,84,53,0,8.0,1
2,20,250,40,44,29,0,1.0,-2
2,20,210,20,48,36,0,7.0,8
2,20,240,80,73,50,0,8.0,-4
2,20,200,50,98,2,0,7.0,-2
2,20,200,60,86,61,-1,8.0,-2
2,20,220,100,77,67,3,8.0,6
2,20,280,80,88,23,0,5.0,-12
2,20,200,30,45,15,0,1.0,-1
2,20,270,40,43,26,0,2.0,-8
2,20,200,30,27,-3,0,1.0,-3
2,20,220,50,41,27,0,1.0,-2
2,20,240,30,6,-11,0,1.0,6
2,20,200,70,65,57,9,8.0,2
2,20,190,40,53,28,0,7.0,2
2,20,200,50,22,-19,0,4.0,6
2,20,240,40,27,1,0,8.0,-8
2,20,230,50,61,39,0,7.0,-1
2,20,340,80,41,0,0,7.0,-9
2,20,0,0,-4,-15,0,2.0,-13
2,20,230,40,45,29,2,8.0,1
2,20,990,10,22,5,0,7.0,0
2,20,200,50,84,41,0,7.0,0
2,20,220,20,50,28,10,8.0,-4
2,20,240,20,10,-11,0,0.0,-5
2,20,180,20,14,-16,0,0.0,-14
2,20,200,60,115,44,0,7.0,0
2,20,210,50,57,37,0,1.0,-4
2,20,220,110,85,57,-1,8.0,-9
2,20,260,20,0,-2,-1,8.0,0
2,20,140,20,3,0,4,8.0,-1
2,20,240,40,56,51,0,7.0,0
2,20,190,50,93,82,4,8.0,3
2,20,220,100,104,93,2,8.0,-1
2,20,200,60,117,82,0,7.0,-6
2,20,130,30,99,90,3,8.0,0
2,20,260,30,80,59,0,8.0,-9
2,20,210,10,-10,-25,0,1.0,-7
2,20,170,60,43,15,0,7.0,0
2,20,200,60,114,90,0,8.0,2
2,20,10,70,98,94,6,8.0,-9
2,20,360,20,34,22,0,3.0,-7
2,20,40,20,25,14,0,4.0,1
2,20,80,10,22,0,0,0.0,-5
2,20,330,40,37,35,2,8.0,1
2,20,20,40,38,6,0,8.0,-2
2,20,20,30,52,20,0,7.0,-2
2,20,280,40,42,29,0,8.0,-1
2,20,260,30,42,28,0,7.0,-7
2,20,270,30,71,67,6,8.0,3
2,20,260,30,34,19,0,1.0,11
2,20,360,10,12,5,-1,7.0,-10
2,20,280,20,-34,-52,0,1.0,-23
2,20,250,50,11,4,0,8.0,-8
2,20,160,50,13,-18,0,2.0,-7
2,20,130,30,40,-14,0,8.0,0
2,20,120,20,26,-5,0,7.0,14
2,20,200,80,120,77,0,6.0,-3
2,20,160,40,69,21,0,,22
2,20,160,60,135,28,0,7.0,8
2,20,190,90,92,55,2,8.0,9
2,20,190,40,93,80,1,6.0,-7
2,20,260,60,63,44,-1,7.0,-2
2,20,200,70,54,38,11,8.0,-1
2,20,220,80,114,111,-1,8.0,5
2,20,250,60,86,63,0,,-8
2,20,220,80,89,60,-1,8.0,5
2,20,230,100,115,110,2,8.0,1
2,20,240,50,102,63,1,8.0,-10
2,20,30,50,66,40,0,6.0,-5
2,20,40,60,14,-29,0,1.0,1
2,20,30,50,8,-34,0,0.0,-7
2,20,40,40,8,-27,0,,-10
2,20,250,20,31,0,0,7.0,-15
2,20,240,40,24,7,0,4.0,-13
2,20,200,40,57,52,8,8.0,14
2,20,250,60,39,24,4,6.0,-1
2,20,190,50,31,-31,0,7.0,4
2,20,250,60,69,40,0,5.0,8
2,20,260,60,32,-13,0,,0
2,20,200,40,26,21,3,8.0,3
2,20,210,100,100,88,5,8.0,0
2,20,240,70,76,56,5,8.0,-4
2,20,250,50,49,35,3,7.0,-2
2,20,210,60,47,38,4,7.0,-2
2,20,180,40,-15,-17,3,,6
2,20,210,80,46,36,1,8.0,4
2,20,250,40,14,-15,0,1.0,-10
2,20,260,60,19,14,8,8.0,13
2,20,260,40,6,-9,0,4.0,15
2,20,180,30,15,5,0,7.0,0
2,20,200,40,50,48,0,8.0,0
2,20,180,20,62,59,0,,-1
2,20,120,30,50,25,0,7.0,-4
2,20,120,20,-10,-18,0,1.0,-15
2,20,350,10,-28,-32,0,1.0,-8
2,20,90,30,-24,-55,0,1.0,-1
2,20,60,50,-10,-68,0,0.0,-2
2,20,40,40,-22,-70,0,4.0,10
2,20,70,50,-1,-41,0,,2
2,20,50,40,-28,-80,0,1.0,2
2,20,50,50,-14,-69,0,2.0,-6
2,20,60,50,-6,-68,0,1.0,-7
2,20,70,50,17,-30,0,0.0,-5
2,20,60,30,26,-28,0,2.0,-5
2,20,70,30,41,-20,0,1.0,-10
2,20,120,30,41,-17,0,,-27
2,20,150,20,56,17,0,1.0,-19
2,20,120,30,77,-5,0,1.0,-14
2,20,90,30,64,-38,0,0.0,-4
2,20,100,20,69,38,1,8.0,1
2,20,170,30,92,37,0,7.0,-4
2,20,160,30,75,57,0,6.0,13
2,20,190,70,103,68,0,5.0,1
2,20,250,60,120,88,0,7.0,-3
2,20,200,70,141,73,0,6.0,-2
2,20,210,80,146,64,0,7.0,4
2,20,240,70,135,91,0,8.0,1
2,20,220,70,113,100,4,7.0,7
2,20,240,70,55,33,-1,,4
2,20,290,100,41,6,-1,8.0,5
2,20,260,30,28,18,0,7.0,1
2,20,220,90,36,27,9,8.0,6
2,20,50,40,50,34,0,8.0,-2
2,20,250,30,61,47,0,8.0,-1
2,20,260,20,71,57,0,8.0,-4
2,20,220,20,62,45,0,,-15
2,20,10,20,60,39,0,7.0,-4
2,20,70,20,33,30,0,8.0,-4
2,20,280,20,46,37,0,7.0,0
2,20,50,50,32,22,10,4.0,-5
2,20,60,60,0,-57,0,1.0,-3
2,20,80,40,18,-33,0,0.0,-2
2,20,30,40,14,-21,0,,-1
2,20,320,20,-1,-37,0,4.0,-6
2,20,300,20,-23,-43,0,1.0,-3
2,20,220,70,20,11,8,8.0,-4
2,20,250,30,-8,-10,0,4.0,-9
2,20,220,40,-26,-42,0,1.0,1
2,20,340,10,0,0,7,8.0,-1
2,20,160,10,-52,-55,0,,5
2,20,30,30,-21,-39,0,0.0,-5
2,20,310,40,40,21,1,,-6
2,20,310,50,57,46,1,,2
2,20,0,0,48,29,0,,-9
2,20,80,10,-4,-11,0,,26
2,20,160,30,34,-3,0,,3
2,20,80,20,25,-21,0,,-9
2,20,90,10,5,-30,0,,-37
2,20,140,30,11,-8,0,,1
2,20,210,60,79,46,0,,0
2,20,250,50,90,83,24,,0
2,20,170,20,62,57,0,,1
2,20,270,70,67,39,3,,-5
2,20,330,30,27,14,2,,-8
2,20,10,70,24,0,0,,-8
2,20,20,70,2,-37,0,,-2
2,20,30,50,2,-46,0,,-3
2,20,200,10,-3,-36,0,,-1
2,20,210,60,22,11,6,,1
2,20,270,30,13,3,0,,0
2,20,340,20,3,-9,0,,-10
2,20,50,50,15,-9,0,,0
2,20,30,40,-13,-25,0,,4
2,20,270,10,-3,-10,0,,-1
2,20,80,20,-9,-52,0,,-4
2,20,10,10,8,-15,0,,-2
2,20,20,70,1,-19,0,,-6
2,20,30,40,-42,-100,0,,-1
2,20,190,40,-36,-107,0,,-8
2,20,290,10,-36,-36,0,,-2
2,20,70,20,-30,-30,0,,-5
2,20,240,20,2,2,0,,2
2,20,40,30,33,15,0,,-5
2,20,360,40,46,45,-1,,-12
2,20,230,50,33,18,0,,0
2,20,230,50,67,37,0,,0
2,20,320,80,24,15,9,,0
2,20,300,50,23,2,2,,1
2,20,350,20,21,7,0,,-3
2,20,160,10,14,0,0,,-10
2,20,160,50,3,2,5,,2
2,20,180,30,31,14,0,,-1
2,20,190,50,60,47,0,,-3
2,20,220,50,73,51,0,,0
2,20,220,30,47,34,0,,-1
2,20,230,80,53,42,14,,-2
2,20,250,20,40,30,0,,4
2,20,60,60,66,39,0,,-7
2,20,30,70,20,12,5,,0
2,20,60,70,33,10,0,,0
2,20,60,60,13,-27,0,,-2
2,20,60,30,7,-44,0,,-4
2,20,70,70,16,-39,0,,-1
2,20,50,70,-13,-44,0,,-3
2,20,330,40,11,-40,0,,-17
2,20,230,40,24,11,0,,-4
2,20,250,40,2,-7,0,,-1
2,20,270,20,87,82,0,8.0,-4
2,20,360,50,70,41,0,6.0,-3
2,20,0,0,18,1,0,0.0,-9
2,20,40,20,7,3,0,0.0,-1
2,20,260,20,34,28,0,8.0,-10
2,20,200,10,3,-2,2,8.0,0
2,20,190,30,-14,-17,0,8.0,-2
2,20,230,60,43,21,0,7.0,-1
2,20,110,10,20,1,0,1.0,2
2,20,160,40,68,57,0,8.0,8
2,20,220,50,78,63,0,7.0,-7
2,20,230,90,78,65,9,8.0,-1
2,20,200,30,60,30,0,7.0,-2
2,20,310,40,61,50,-1,8.0,-2
2,20,140,30,63,28,0,1.0,-8
2,20,120,60,94,6,0,8.0,-6
2,20,150,20,60,26,0,0.0,-6
2,20,340,10,54,46,0,8.0,1
2,20,140,30,67,42,0,8.0,0
2,20,130,20,96,60,0,8.0,-14
2,20,210,40,59,51,0,2.0,-10
2,20,140,40,85,45,0,2.0,-8
2,20,170,40,100,77,-1,8.0,-6
2,20,230,70,91,63,0,6.0,-7
2,20,250,40,68,65,10,8.0,9
2,20,280,30,66,45,-1,8.0,-5
2,20,220,70,102,96,2,8.0,5
2,20,230,100,94,56,0,8.0,-6
2,20,230,70,38,4,0,1.0,-5
2,20,190,40,14,-27,0,0.0,5
2,20,140,60,41,-16,0,5.0,-5
2,20,190,40,39,25,0,0.0,0
2,20,220,100,116,89,-1,8.0,-2
2,20,250,30,41,30,0,1.0,-13
2,20,200,30,63,34,0,7.0,-4
2,20,140,40,65,0,0,0.0,-5
2,20,100,10,53,-12,0,0.0,8
2,20,130,30,70,8,0,0.0,-17
2,20,60,10,41,13,0,0.0,-8
2,20,40,30,50,23,0,0.0,-14
2,20,30,30,11,11,0,8.0,0
2,20,50,30,44,27,0,8.0,1
2,20,60,50,10,-70,0,0.0,-6
2,20,80,30,5,-67,0,0.0,-7
2,20,0,0,-24,-68,0,0.0,-6
2,20,0,0,-20,-30,0,0.0,-6
2,20,60,20,2,-1,0,0.0,-5
2,20,230,10,16,0,0,0.0,-13
2,20,230,90,95,72,0,6.0,1
2,20,250,80,108,78,0,8.0,1
2,20,240,60,98,63,0,8.0,3
2,20,170,20,72,52,0,7.0,20
2,20,180,30,85,56,0,6.0,7
2,20,250,60,92,60,0,5.0,-13
2,20,230,10,21,2,0,0.0,-9
2,20,150,20,82,68,0,8.0,-2
2,20,220,120,74,60,14,8.0,3
2,20,70,80,-8,-61,0,2.0,-3
2,20,90,40,31,-19,0,5.0,-1
2,20,280,30,0,-3,3,8.0,0
2,20,170,20,2,-2,0,8.0,-1
2,20,210,50,67,52,0,8.0,-8
2,20,120,20,25,19,0,8.0,15
2,20,270,20,4,-11,0,5.0,-9
2,20,170,30,7,-11,0,7.0,3
2,20,120,60,27,17,8,8.0,-10
2,20,290,40,20,10,-1,8.0,-2
2,20,310,30,20,10,0,8.0,-5
2,20,270,20,-1,-16,0,8.0,1
2,20,300,30,7,1,0,6.0,-4
2,20,330,10,-18,-36,0,1.0,-10
2,20,220,50,19,11,9,8.0,4
2,20,270,40,63,58,8,8.0,1
2,20,70,30,12,-10,0,4.0,-6
2,20,170,10,-29,-57,0,0.0,-6
2,20,230,40,21,11,0,8.0,4
2,20,310,30,51,39,0,8.0,-2
2,20,210,30,45,28,0,4.0,7
2,20,280,30,61,50,-1,8.0,-2
2,20,330,40,60,36,0,8.0,-3
2,20,260,10,38,15,0,8.0,2
2,20,230,50,58,49,0,8.0,1
2,20,260,40,63,45,-1,8.0,0
2,20,240,40,76,72,1,8.0,2
2,20,50,20,30,24,0,0.0,1
2,20,250,20,-23,-25,0,7.0,-8
2,20,240,60,51,44,10,8.0,13
2,20,170,30,15,-1,0,8.0,1
2,20,110,20,48,27,0,3.0,0
2,20,180,20,36,33,0,7.0,1
2,20,30,40,25,20,2,8.0,-5
2,20,70,20,21,18,0,8.0,1
2,20,40,60,-30,-59,0,8.0,-1
2,20,20,50,-24,-78,0,8.0,-1
2,20,30,50,-38,-50,-1,8.0,0
2,20,10,60,-37,-71,0,1.0,-7
2,20,60,20,-28,-63,-1,8.0,2
2,20,280,20,-17,-54,0,8.0,4
2,20,30,30,-37,-50,-1,8.0,-3
2,20,150,20,-42,-61,0,5.0,-13
2,20,130,30,-11,-55,0,0.0,-1
2,20,130,30,12,1,-1,8.0,0
2,20,160,40,50,22,0,8.0,5
2,20,210,40,10,-8,0,5.0,3
2,20,240,20,5,-7,0,8.0,-7
2,20,190,50,43,7,0,8.0,-8
2,20,230,80,94,84,8,8.0,-3
2,20,80,40,25,13,2,8.0,0
2,20,150,30,73,60,0,1.0,6
2,20,150,40,86,64,-1,8.0,-3
2,20,240,90,65,16,-1,7.0,-5
2,20,140,30,88,14,0,7.0,2
2,20,260,80,43,30,9,8.0,-2
2,20,220,50,4,-3,3,8.0,0
2,20,200,60,33,16,0,8.0,0
2,20,200,60,43,33,0,1.0,1
2,20,240,120,109,60,0,8.0,3
2,20,240,90,110,81,-1,8.0,-5
2,20,240,80,93,39,0,8.0,-1
2,20,240,80,107,64,0,8.0,-1
2,20,0,0,0,-19,0,0.0,-6
2,20,140,30,56,14,0,1.0,3
2,20,220,70,95,89,8,8.0,5
2,20,310,10,92,89,3,8.0,-2
2,20,240,20,83,76,4,8.0,-5
2,20,130,30,75,38,0,8.0,-1
2,20,110,20,70,57,-1,8.0,-6
2,20,150,40,63,45,0,8.0,0
2,20,80,20,67,30,0,0.0,-30
2,20,60,50,21,-8,0,1.0,-7
2,20,70,30,21,-7,0,8.0,-2
2,20,80,40,37,1,0,8.0,-3
2,20,80,40,4,-49,0,7.0,-4
2,20,70,40,-10,-64,0,0.0,-6
2,20,120,30,4,-67,0,8.0,-8
2,20,150,40,10,-13,4,8.0,0
2,20,210,10,79,78,0,9.0,-1
2,20,160,30,71,65,1,8.0,1
2,20,270,50,65,52,0,8.0,-2
2,20,290,50,44,31,11,8.0,-2
2,20,30,30,34,25,0,7.0,0
2,20,50,70,-53,-155,0,0.0,-2
2,20,50,60,-73,-163,0,0.0,-5
2,20,40,10,-102,-111,0,0.0,-6
2,20,240,10,-162,-181,0,0.0,4
2,20,120,10,-78,-112,0,8.0,4
2,20,40,20,-109,-161,0,1.0,2
2,20,60,60,-54,-116,0,4.0,0
2,20,40,30,-60,-104,0,0.0,-5
2,20,30,30,-74,-91,0,0.0,-5
2,20,70,40,-53,-127,0,0.0,-22
2,20,30,20,-88,-115,0,5.0,6
2,20,230,20,-25,-43,-1,8.0,2
2,20,230,30,17,14,-1,7.0,1
2,20,260,50,39,34,0,8.0,-1
2,20,320,40,52,42,-1,8.0,-2
2,20,230,30,46,37,0,8.0,1
2,20,220,40,69,66,-1,8.0,1
2,20,230,90,78,59,2,8.0,-7
2,20,250,30,-1,-10,0,1.0,2
2,20,200,40,15,-37,0,7.0,3
2,20,210,40,41,17,0,1.0,-5
2,20,220,90,69,7,0,8.0,-11
2,20,220,50,104,95,0,8.0,-1
2,20,340,40,95,87,6,8.0,-5
2,20,270,20,60,30,0,8.0,-10
2,20,280,30,63,45,0,8.0,-9
2,20,240,40,71,68,1,8.0,1
2,20,240,30,94,93,-1,9.0,-1
2,20,280,20,88,79,0,8.0,-2
2,20,330,50,37,29,0,8.0,-9
2,20,290,30,31,5,0,7.0,3
2,20,250,60,64,59,-1,8.0,-2
2,20,240,60,74,20,0,8.0,-8
2,20,180,40,8,-12,0,7.0,4
2,20,310,40,28,13,-1,8.0,-6
2,20,250,20,5,2,0,7.0,-6
2,20,310,30,-7,-11,-1,7.0,-12
2,20,170,30,-2,-8,-1,8.0,-2
2,20,120,60,-8,-54,0,0.0,0
2,20,80,50,3,-61,0,8.0,-4
2,20,360,20,-8,-59,0,8.0,-3
2,20,130,30,-12,-38,0,0.0,-9
2,20,190,40,6,3,-1,8.0,2
2,20,250,20,27,24,0,8.0,8
2,20,0,0,35,32,0,8.0,-6
2,20,20,10,-18,-18,0,0.0,5
2,20,230,10,-4,-15,0,2.0,-2
2,20,10,30,41,37,-1,8.0,-7
2,20,40,30,-29,-55,0,0.0,-4
2,20,50,50,-5,-53,0,8.0,0
2,20,60,60,-20,-74,0,8.0,-6
2,20,20,60,0,-49,0,8.0,-2
2,20,360,40,3,-7,-1,8.0,1
2,20,50,50,17,8,-1,8.0,0
2,20,30,30,31,18,0,8.0,2
2,20,70,30,10,-6,0,8.0,-2
2,20,340,20,17,-1,0,8.0,0
2,20,180,40,52,20,0,2.0,-7
2,20,180,30,39,13,0,0.0,-2
2,20,120,40,49,14,0,8.0,0
2,20,140,50,60,12,0,0.0,-9
2,20,190,90,79,44,3,8.0,1
2,20,140,60,67,49,5,7.0,4
2,20,200,40,49,28,0,0.0,0
2,20,190,80,71,33,0,1.0,-4
2,20,200,50,44,10,0,0.0,5
2,20,250,20,38,27,-1,7.0,-10
2,20,210,60,54,42,-1,8.0,2
2,20,190,70,53,31,7,8.0,4
2,20,240,40,41,22,3,7.0,-10
2,20,140,60,65,52,-1,8.0,10
2,20,220,100,80,30,-1,4.0,-1
2,20,180,30,39,11,0,1.0,6
2,20,160,30,52,26,0,7.0,-6
2,20,200,40,71,31,0,7.0,-6
2,20,210,30,75,52,0,8.0,3
2,20,190,60,97,84,9,8.0,0
2,20,190,40,46,18,0,0.0,1
2,20,180,40,52,27,0,1.0,-5
2,20,180,40,78,39,0,0.0,-6
2,20,160,30,80,30,0,1.0,1
2,20,150,50,103,52,-1,8.0,-9
2,20,190,20,69,35,0,8.0,-20
2,20,200,50,46,33,0,7.0,-1
2,20,70,30,69,42,3,8.0,0
2,20,280,20,18,10,0,0.0,-4
2,20,240,30,-4,-10,0,1.0,7
2,20,340,30,3,-10,0,3.0,5
2,20,20,30,-11,-17,0,1.0,-11
2,20,40,60,-2,-34,0,8.0,1
2,20,40,60,-8,-47,0,0.0,-5
2,20,310,30,38,35,-1,8.0,1
2,20,300,20,30,7,0,4.0,-20
2,20,300,30,53,46,-1,8.0,-1
2,20,40,30,55,45,0,8.0,0
2,20,40,20,-9,-14,0,0.0,-7
2,20,0,0,-11,-13,0,0.0,-8
2,20,140,50,69,18,0,6.0,0
2,20,120,30,75,27,0,7.0,-6
2,20,40,30,10,-7,0,0.0,-15
2,20,190,20,15,7,0,0.0,-16
2,20,320,20,24,13,0,0.0,-32
2,20,180,30,14,13,0,9.0,-2
2,20,180,50,34,-7,0,8.0,0
2,20,190,50,64,53,9,8.0,-1
2,20,230,30,13,7,-1,7.0,-4
2,20,170,70,34,-5,0,8.0,7
2,20,220,50,39,12,0,0.0,5
2,20,220,40,49,26,9,7.0,-14
2,20,190,20,47,44,0,8.0,-5
2,20,180,50,79,74,11,8.0,1
2,20,260,20,18,-2,0,0.0,-21
2,20,190,70,73,-5,0,8.0,-2
2,20,230,100,112,88,0,8.0,2
2,20,240,60,65,30,0,2.0,-8
2,20,250,30,42,16,-1,8.0,-6
2,20,300,20,58,48,0,8.0,-3
2,20,190,50,96,86,1,8.0,1
2,20,150,50,91,43,0,8.0,0
2,20,190,70,72,13,0,0.0,-4
2,20,230,110,72,48,10,8.0,7
2,20,230,70,39,30,0,6.0,-5
2,20,240,30,41,29,-1,8.0,-7
2,20,190,20,2,-2,0,1.0,12
2,20,60,20,9,-24,0,3.0,-17
2,20,60,50,27,19,5,8.0,2
2,20,340,30,5,1,6,8.0,1
2,20,30,30,-5,-35,0,0.0,-10
2,20,100,20,3,-36,0,0.0,0
2,20,220,10,-31,-47,0,1.0,6
2,20,250,10,11,-18,0,8.0,6
2,20,180,40,37,2,0,4.0,0
2,20,240,80,100,93,4,8.0,3
2,20,240,110,117,94,0,8.0,5
2,20,200,30,40,34,-1,8.0,2
2,20,260,30,20,6,0,2.0,-5
2,20,30,10,-4,-8,0,0.0,-12
2,20,200,20,-7,-10,0,0.0,-16
2,20,100,20,38,-25,0,8.0,-3
2,20,50,60,26,-41,0,7.0,-8
2,20,30,50,24,-26,0,8.0,-12
2,20,330,10,-8,-51,0,0.0,-14
2,20,140,40,51,44,2,8.0,2
2,20,150,30,100,67,-1,8.0,0
2,20,130,40,68,31,0,4.0,4
2,20,190,20,52,51,4,8.0,2
2,20,30,40,56,36,0,8.0,-5
2,20,80,20,60,20,0,8.0,0
2,20,50,30,45,44,8,8.0,-3
2,20,30,40,13,-1,-1,8.0,-7
2,20,60,40,-8,-35,0,7.0,-6
2,20,60,30,-3,-25,0,8.0,1
2,20,50,40,5,3,6,8.0,0
2,20,70,50,34,4,0,3.0,-11
2,20,70,60,57,-4,0,0.0,-8
2,20,110,30,64,5,0,0.0,-7
2,20,190,40,100,57,0,0.0,4
2,20,260,20,66,55,0,8.0,-3
2,20,290,10,72,62,0,8.0,-4
2,20,160,30,35,8,0,8.0,3
2,20,240,30,71,61,0,8.0,-1
2,20,240,60,111,103,0,8.0,-1
2,20,210,60,102,95,-1,8.0,0
2,20,260,30,90,88,23,8.0,12
2,20,260,150,79,16,1,8.0,-8
2,20,230,20,1,-16,0,0.0,2
2,20,200,60,76,25,0,8.0,-1
2,20,190,60,102,69,0,8.0,0
2,20,210,60,68,51,19,8.0,4
2,20,200,40,38,28,0,8.0,5
2,20,210,50,32,5,0,8.0,3
2,20,350,30,40,17,0,8.0,-2
2,20,360,10,25,20,-1,8.0,1
2,20,30,40,5,-7,-1,8.0,4
2,20,70,50,1,-44,0,0.0,-6
2,20,30,40,-10,-44,0,8.0,-2
2,20,330,10,-51,-75,0,0.0,0
2,20,180,30,-14,-41,0,4.0,-1
2,20,180,40,4,-3,1,8.0,1
2,20,190,50,27,-22,0,8.0,0
2,20,200,40,15,-2,2,6.0,-7
2,20,190,30,3,-28,0,4.0,-3
2,20,140,30,9,-49,0,0.0,-2
2,20,140,50,36,-34,0,8.0,-4
2,20,240,20,28,18,0,3.0,-7
2,20,80,10,-10,-20,0,8.0,-5
2,20,0,0,-21,-32,0,0.0,-6
2,20,150,20,-14,-23,0,8.0,18
2,20,120,10,31,-10,0,8.0,-2
2,20,40,40,8,-27,0,0.0,-13
2,20,30,40,-15,-46,0,0.0,6
2,20,60,40,2,-51,0,0.0,-2
2,20,60,60,-1,-72,0,0.0,-7
2,20,60,60,-2,-79,0,0.0,-2
2,20,60,60,-19,-109,0,6.0,-7
2,20,20,30,-62,-98,0,0.0,12
2,20,60,30,-45,-114,0,8.0,-5
2,20,70,80,-67,-149,0,8.0,-2
2,20,30,20,31,27,0,8.0,1
2,20,350,40,21,14,0,8.0,1
2,20,250,30,12,2,0,0.0,-22
2,20,200,60,22,12,1,8.0,0
2,20,140,20,31,24,0,8.0,-5
2,20,190,40,69,62,2,8.0,-1
2,20,230,70,77,33,0,7.0,-5
2,20,190,90,93,58,1,8.0,-4
2,20,200,50,78,40,0,8.0,1
2,20,290,70,40,28,11,8.0,3
2,20,270,30,21,2,0,5.0,-4
2,20,200,40,50,23,0,8.0,0
2,20,180,30,43,10,0,8.0,-8
2,20,120,20,81,1,0,0.0,-18
2,20,150,10,48,14,0,0.0,11
2,20,0,0,40,19,0,8.0,-19
2,20,180,30,76,-9,0,8.0,10
2,20,200,30,84,28,0,8.0,10
2,20,240,20,48,18,0,8.0,-2
2,20,190,20,56,7,0,1.0,-21
2,20,270,30,100,76,0,8.0,-1
2,20,60,20,70,58,0,8.0,-10
2,20,120,30,76,-1,0,7.0,-5
2,20,100,20,103,-36,0,8.0,-42
2,20,100,10,62,8,0,0.0,-10
2,20,70,10,85,31,0,8.0,-12
2,20,230,20,74,34,0,0.0,-26
2,20,210,50,95,81,-1,8.0,-4
2,20,240,70,89,51,0,3.0,-9
2,20,240,70,114,81,0,8.0,-4
2,20,230,30,75,67,10,8.0,-6
2,20,300,20,40,36,0,2.0,-3
2,20,240,10,57,30,0,8.0,0
2,20,0,0,15,3,0,0.0,-11
2,20,140,40,41,1,0,0.0,-4
2,20,210,50,86,78,0,8.0,-5
2,20,220,130,118,102,18,8.0,0
2,20,260,70,63,48,32,8.0,-2
2,20,240,70,54,-10,-1,7.0,-5
2,20,210,50,27,-11,0,1.0,4
2,20,230,30,70,58,6,8.0,2
2,20,190,40,81,41,0,8.0,-1
2,20,190,90,116,57,0,8.0,4
2,20,240,80,85,71,13,8.0,-3
2,20,230,80,76,47,-1,8.0,4
2,20,210,70,77,29,-1,8.0,-6
2,20,210,60,62,29,0,8.0,-4
2,20,290,60,55,38,6,8.0,-15
2,20,210,90,84,30,0,8.0,0
2,20,240,80,98,81,12,8.0,-3
2,20,280,30,71,31,0,8.0,-3
2,20,230,110,108,84,0,8.0,-7
2,20,180,40,36,27,0,8.0,2
2,20,230,20,19,9,0,3.0,8
2,20,320,70,32,11,-1,7.0,-12
2,20,190,70,49,40,5,8.0,8
2,20,210,90,54,20,1,8.0,-4
2,20,10,5,-67,-76,0,0.0,2
2,20,20,5,-51,-88,0,0.0,-6
2,20,40,15,-66,-91,0,0.0,-3
2,20,50,26,-34,-77,0,1.0,-1
2,20,10,46,0,-27,0,8.0,-1
2,20,80,46,-115,-152,0,0.0,-2
2,20,80,82,-74,-99,0,5.0,-2
2,20,120,15,-130,-146,0,1.0,5
2,20,40,5,-52,-72,0,8.0,-1
2,20,220,21,-40,-54,0,8.0,5
2,20,60,41,-18,-24,4,8.0,-2
2,20,360,10,-48,-52,0,2.0,2
2,20,270,10,-65,-72,0,1.0,20
2,20,270,15,1,-5,0,5.0,4
2,20,290,31,16,12,-1,8.0,-1
2,20,30,10,-1,-30,0,7.0,1
2,20,280,5,-36,-43,0,2.0,-8
2,20,30,26,-11,-19,0,1.0,-12
2,20,210,5,-27,-35,0,0.0,-4
2,20,200,15,11,7,0,8.0,1
2,20,160,41,65,28,0,8.0,-1
2,20,190,57,57,12,0,7.0,10
2,20,220,67,99,62,0,7.0,-3
2,20,210,5,75,30,0,5.0,-9
2,20,30,5,51,44,0,6.0,-2
2,20,80,15,53,38,0,4.0,-4
2,20,90,57,27,-7,0,7.0,-9
2,20,160,10,35,29,-1,8.0,-1
2,20,990,5,-20,-23,0,9.0,-3
2,20,210,36,-6,-7,-1,8.0,-3
2,20,260,36,47,17,-1,7.0,0
2,20,250,26,5,1,0,3.0,6
2,20,250,26,65,45,0,7.0,-2
2,20,230,36,71,54,0,7.0,-1
2,20,200,10,31,24,0,1.0,0
2,20,140,15,33,18,0,0.0,-12
2,20,190,51,78,51,0,8.0,-6
2,20,230,51,55,43,2,7.0,1
2,20,100,10,71,67,0,8.0,0
2,20,180,46,119,96,-1,7.0,1
2,20,220,31,51,41,0,6.0,2
2,20,200,77,73,44,-1,8.0,-1
2,20,250,77,59,11,0,7.0,-4
2,20,290,26,11,-4,0,5.0,-4
2,20,0,0,-31,-53,0,0.0,2
2,20,290,5,-9,-49,0,6.0,0
2,20,240,15,-4,-8,0,1.0,5
2,20,280,5,6,0,0,5.0,-6
2,20,270,15,42,21,0,7.0,1
2,20,220,87,44,2,-1,8.0,0
2,20,230,15,40,36,0,2.0,-15
2,20,140,21,67,47,0,8.0,2
2,20,70,15,72,52,0,7.0,-18
2,20,210,15,48,33,0,2.0,2
2,20,150,21,43,33,0,0.0,4
2,20,240,15,65,51,0,0.0,-9
2,20,180,15,76,33,0,0.0,-4
2,20,240,21,-24,-24,0,8.0,-9
2,20,200,21,13,13,-1,9.0,0
2,20,100,10,-12,-12,0,9.0,3
2,20,260,15,-13,-13,0,9.0,-3
2,20,210,36,19,19,0,8.0,1
2,20,240,36,47,47,-1,8.0,1
2,20,320,5,52,49,-1,8.0,-1
2,20,80,51,44,38,0,8.0,0
2,20,60,41,42,42,-1,8.0,0
2,20,100,31,21,21,0,8.0,-4
2,20,190,15,9,-9,0,8.0,-19
2,20,100,15,-14,-14,0,9.0,-1
2,20,70,26,-14,-15,0,9.0,-3
2,20,0,0,-1,-1,0,8.0,1
2,20,160,26,5,-4,0,8.0,1
2,20,260,31,58,44,0,8.0,-1
2,20,330,31,66,46,0,7.0,-2
2,20,220,77,58,57,-1,8.0,4
2,20,310,41,61,20,0,6.0,-4
2,20,260,93,52,40,21,8.0,4
2,20,320,41,21,3,0,4.0,-2
2,20,320,10,1,-9,0,2.0,-6
2,20,310,10,3,-45,0,7.0,0
2,20,160,5,-31,-39,0,5.0,5
2,20,210,31,26,20,-1,8.0,-3
2,20,200,41,28,27,-1,8.0,1
2,20,290,36,2,-30,0,0.0,-15
2,20,220,26,0,-1,0,7.0,-12
2,20,200,87,52,43,5,8.0,7
2,20,80,5,21,11,0,8.0,-4
2,20,120,41,43,42,5,8.0,3
2,20,90,26,60,60,0,7.0,-4
2,20,60,10,35,26,0,8.0,3
2,20,150,26,32,25,0,4.0,-5
2,20,230,26,59,47,0,8.0,-2
2,20,220,41,36,36,0,8.0,-2
2,20,240,31,43,33,0,4.0,-3
2,20,320,26,40,30,3,6.0,-3
2,20,40,26,34,28,1,8.0,-4
2,20,50,51,8,-14,0,7.0,-4
2,20,80,108,-72,-132,0,5.0,-1
2,20,80,103,-26,-116,0,0.0,-4
2,20,130,46,14,-81,0,7.0,3
2,20,90,21,-35,-78,0,0.0,9
2,20,120,5,-24,-81,0,2.0,-5
2,20,70,46,-19,-90,0,0.0,-1
2,20,50,31,-34,-105,0,0.0,-12
2,20,40,21,-58,-84,0,0.0,-14
2,20,150,5,-24,-28,0,8.0,-4
2,20,30,21,-15,-15,2,8.0,-3
2,20,80,57,7,-11,-1,8.0,-1
2,20,0,0,7,7,0,8.0,-1
2,20,80,41,9,9,0,8.0,2
2,20,120,21,67,55,0,7.0,-2
2,20,170,10,73,72,3,8.0,6
2,20,280,15,80,80,40,8.0,-1
2,20,280,21,89,88,20,8.0,-6
2,20,0,0,7,1,0,5.0,5
2,20,210,57,64,29,0,7.0,2
2,20,300,31,87,70,0,8.0,-4
2,20,210,36,65,61,0,6.0,15
2,20,250,62,92,70,0,8.0,-2
2,20,240,41,83,58,0,8.0,1
2,20,40,21,20,11,0,8.0,0
2,20,0,0,4,-15,0,4.0,-3
2,20,190,26,53,53,-1,4.0,-2
2,20,200,93,102,91,5,8.0,3
2,20,180,31,72,43,0,3.0,-5
2,20,180,41,93,81,0,7.0,-3
2,20,180,57,81,45,0,8.0,6
2,20,240,72,92,52,0,7.0,-2
2,20,190,93,75,55,0,8.0,3
2,20,220,57,51,36,0,1.0,1
2,20,210,36,40,28,0,3.0,-2
2,20,220,118,102,94,5,8.0,5
2,20,130,36,76,73,5,8.0,16
2,20,250,41,39,30,2,6.0,-8
2,20,190,82,52,0,0,7.0,-1
2,20,200,41,42,19,0,3.0,0
2,20,240,21,22,18,0,6.0,-12
2,20,270,15,39,35,0,7.0,-3
2,20,320,31,33,9,-1,5.0,-8
2,20,220,108,49,37,-1,8.0,-3
2,20,230,87,103,70,0,8.0,-3
2,20,90,15,-54,-81,0,0.0,2
2,20,30,5,5,-4,0,8.0,-2
2,20,360,26,-16,-30,0,7.0,-2
2,20,280,21,-7,-44,0,7.0,0
2,20,100,31,-38,-53,0,0.0,0
2,20,80,51,-49,-81,0,4.0,-5
2,20,70,41,-39,-95,0,8.0,1
2,20,330,10,-95,-120,0,5.0,-28
2,20,140,36,17,-28,0,8.0,-2
2,20,180,62,39,16,0,5.0,0
2,20,200,46,45,41,1,8.0,2
2,20,130,31,28,22,9,8.0,-9
2,20,10,62,12,0,-1,8.0,-1
2,20,340,21,-7,-27,0,8.0,-1
2,20,230,67,12,2,-1,8.0,2
2,20,250,51,49,36,0,3.0,-3
2,20,230,26,19,7,0,7.0,0
2,20,220,51,30,21,-1,7.0,0
2,20,360,31,-9,-22,0,8.0,1
2,20,40,77,-30,-60,0,8.0,-3
2,20,350,26,-49,-85,0,0.0,-9
2,20,180,26,-22,-30,0,5.0,4
2,20,170,46,4,-28,0,8.0,-1
2,20,160,57,41,34,-1,8.0,2
2,20,170,51,94,34,0,8.0,-8
2,20,220,10,31,30,0,4.0,-9
2,20,30,21,32,20,0,6.0,3
2,20,50,26,24,20,0,1.0,1
2,20,350,46,43,40,2,8.0,-15
2,20,100,20,-14,-36,0,2.0,-1
2,20,220,20,5,-1,0,8.0,1
2,20,200,50,14,14,0,8.0,-2
2,20,220,90,60,54,4,8.0,0
2,20,240,20,12,5,0,6.0,-17
2,20,190,40,48,-2,0,2.0,-5
2,20,270,30,73,62,4,8.0,-5
2,20,190,10,59,56,0,8.0,-4
2,20,220,50,91,65,0,8.0,-3
2,20,260,90,83,38,1,8.0,-5
2,20,200,50,65,29,0,7.0,1
2,20,210,100,113,76,-1,8.0,-8
2,20,270,80,56,17,-1,8.0,-1
2,20,310,10,20,-6,0,7.0,-13
2,20,260,30,27,15,0,4.0,-1
2,20,140,40,37,2,0,6.0,-5
2,20,180,60,82,50,0,8.0,4
2,20,260,80,60,17,0,6.0,2
2,20,190,100,75,11,0,8.0,8
2,20,230,90,87,49,0,5.0,-2
2,20,260,40,98,87,-1,8.0,1
2,20,180,30,106,77,0,7.0,-1
2,20,190,60,102,69,0,8.0,1
2,20,180,60,85,68,3,8.0,12
2,20,230,80,109,65,0,7.0,-8
2,20,270,80,78,38,0,7.0,-9
2,20,190,30,78,31,0,8.0,2
2,20,230,30,81,15,0,7.0,7
2,20,40,20,-67,-99,0,2.0,-7
2,20,240,50,7,7,0,7.0,0
2,20,210,30,-18,-24,0,1.0,-9
2,20,220,40,4,-4,0,2.0,0
2,20,220,30,32,21,0,8.0,-1
2,20,170,30,40,10,0,7.0,-1
2,20,230,40,16,6,0,1.0,7
2,20,200,50,43,30,0,5.0,-2
2,20,210,50,48,-10,0,7.0,-15
2,20,250,20,45,34,0,2.0,-15
2,20,220,60,88,56,0,5.0,3
2,20,220,50,96,81,0,6.0,8
2,20,220,30,73,69,0,7.0,11
2,20,210,30,63,27,0,0.0,3
2,20,190,40,113,60,0,5.0,-6
2,20,270,90,90,71,-1,8.0,-3
2,20,200,20,17,6,0,2.0,-2
2,20,90,20,26,12,0,1.0,20
2,20,190,40,89,88,-1,8.0,1
2,20,150,40,105,69,0,6.0,-14
2,20,240,60,93,80,0,8.0,-4
2,20,290,30,45,34,0,0.0,-9
2,20,250,50,87,64,0,8.0,-9
2,20,290,30,93,78,0,8.0,-4
2,20,240,20,88,74,0,8.0,-1
2,20,260,40,70,68,-1,8.0,-2
2,20,240,90,88,21,0,,-1
2,20,220,30,-9,-30,0,,-3
2,20,330,40,59,59,-1,,-2
2,20,260,30,44,44,0,,-7
2,20,250,40,78,72,0,,-4
2,20,270,100,108,85,0,,-8
2,20,270,60,33,3,0,,3
2,20,200,30,19,19,0,,13
2,20,300,50,5,-17,0,,-2
2,20,210,20,-26,-28,0,,7
2,20,210,30,-34,-34,0,,8
2,20,290,20,-17,-17,-1,,-1
2,20,40,10,-16,-22,0,,7
2,20,20,20,-47,-59,0,,-1
2,20,10,20,-25,-45,0,,-6
2,20,180,40,-14,-42,0,,4
2,20,210,70,15,14,0,,-1
2,20,260,80,51,17,0,,6
2,20,260,40,3,3,-1,,1
2,20,210,30,47,47,-1,,5
2,20,270,30,98,98,6,,-6
2,20,250,30,42,28,0,,-6
2,20,240,60,45,37,0,,11
2,20,280,50,24,13,1,,-4
2,20,280,30,30,21,0,,0
2,20,310,20,10,-4,0,,-8
2,20,220,70,50,15,0,,-3
2,20,210,30,44,37,0,,12
2,20,230,50,66,65,0,,-1
2,20,210,90,85,44,0,,2
2,20,220,60,82,53,0,8.0,1
2,20,250,40,48,33,0,1.0,-5
2,20,210,30,21,13,0,,9
2,20,240,70,73,58,18,,-2
2,20,190,40,86,10,0,,-1
2,20,200,70,86,63,-1,,-4
2,20,210,100,75,67,4,,5
2,20,270,80,88,45,0,,-7
2,20,220,40,39,21,0,,-7
2,20,260,40,46,31,0,,-5
2,20,210,30,18,-6,0,,-8
2,20,240,50,44,26,0,,-14
2,20,240,30,12,-10,0,,7
2,20,200,60,64,57,7,,3
2,20,190,30,51,27,0,,3
2,20,200,50,19,-12,0,,6
2,20,240,40,26,6,0,,-8
2,20,230,50,61,48,0,,-8
2,20,350,70,39,7,-1,,-5
2,20,360,10,-7,-25,0,,-8
2,20,220,40,45,30,2,,2
2,20,130,10,10,5,0,5.0,-6
2,20,200,40,84,46,0,,0
2,20,240,40,66,17,0,,-11
2,20,240,40,28,13,0,,-24
2,20,190,20,11,-10,0,,-3
2,20,190,60,111,47,0,,2
2,20,210,50,57,50,0,,-2
2,20,210,90,82,65,2,,-8
2,20,240,30,6,6,0,,0
2,20,120,30,2,1,3,,1
2,20,260,30,44,44,0,,-18
2,20,200,60,91,84,12,,0
2,20,220,110,102,91,1,,2
2,20,200,50,111,82,0,,0
2,20,120,20,95,87,18,,1
2,20,230,20,79,67,-1,,-7
2,20,340,10,-6,-13,0,,-8
2,20,190,50,43,18,0,,1
2,20,200,70,113,89,0,,2
2,20,30,50,91,86,2,8.0,-9
2,20,360,20,40,23,0,2.0,-7
2,20,20,20,33,24,0,,-8
2,20,0,0,21,5,0,,-6
2,20,340,30,37,29,10,,-1
2,20,30,20,39,8,0,,-3
2,20,990,10,53,19,0,,-1
2,20,270,50,43,33,-1,8.0,3
2,20,260,60,49,30,0,7.0,-10
2,20,300,20,68,64,4,,-9
2,20,250,50,43,22,0,,3
2,20,180,10,4,0,0,,2
2,20,280,20,-28,-61,0,,-4
2,20,240,50,14,7,0,,-1
2,20,170,40,22,-12,0,,-7
2,20,110,20,33,-17,0,,1
2,20,70,20,16,-6,0,,7
2,20,200,90,120,81,0,,0
2,20,180,40,95,35,0,,-14
2,20,170,70,137,27,0,,-6
2,20,190,100,89,56,3,,1
2,20,170,30,89,79,4,8.0,6
2,20,260,50,65,44,1,,0
2,20,210,90,55,35,10,,0
2,20,210,80,110,106,-1,,5
2,20,250,50,85,63,0,,-7
2,20,220,80,78,56,-1,,9
2,20,230,120,116,109,8,,-2
2,20,230,70,106,82,-1,,-10
2,20,30,40,65,43,0,,-4
2,20,50,60,14,-32,0,,-14
2,20,30,40,15,-29,0,,-5
2,20,40,30,23,-22,0,,-11
2,20,260,20,20,-3,0,,-21
2,20,240,40,20,2,0,2.0,-16
2,20,210,60,54,44,3,8.0,5
2,20,250,50,45,30,11,,-12
2,20,190,40,24,-30,0,,7
2,20,250,50,70,39,0,,3
2,20,260,60,37,-4,0,,0
2,20,200,50,21,15,4,,2
2,20,210,110,100,91,7,8.0,-1
2,20,240,90,78,58,13,,-6
2,20,250,40,49,36,5,,-5
2,20,220,70,45,32,0,,3
2,20,180,50,-18,-26,4,,2
2,20,210,80,44,35,6,,6
2,20,250,40,12,-13,0,3.0,-16
2,20,260,60,24,15,9,8.0,8
2,20,270,50,24,-3,0,,9
2,20,200,40,17,-3,0,,-1
2,20,210,40,51,49,0,,-1
2,20,180,30,65,60,0,,-8
2,20,130,30,40,20,0,,-15
2,20,150,20,-7,-24,0,0.0,-11
2,20,360,10,-37,-43,0,0.0,1
2,20,80,30,-41,-54,0,,-11
2,20,60,40,-28,-69,0,,-7
2,20,50,50,4,-95,0,,-12
2,20,80,50,0,-40,0,,2
2,20,50,50,-30,-81,0,,-10
2,20,50,40,-24,-72,0,0.0,-10
2,20,60,50,-25,-66,0,1.0,-3
2,20,70,40,-15,-40,0,,-11
2,20,80,30,-17,-48,0,,-6
2,20,70,40,-4,-36,0,,7
2,20,90,30,-3,-41,0,,14
2,20,130,20,27,-4,0,,8
2,20,90,20,21,-6,0,1.0,8
2,20,80,30,30,-34,0,0.0,-20
2,20,120,30,67,-1,0,,-13
2,20,190,10,84,38,0,,9
2,20,160,30,80,53,0,,-2
2,20,190,60,99,66,0,,8
2,20,250,70,119,88,0,7.0,-2
2,20,210,70,136,77,0,7.0,-4
2,20,220,90,146,71,0,,1
2,20,230,80,129,98,0,,-1
2,20,220,90,111,101,6,,-3
2,20,240,70,48,33,7,,10
2,20,300,60,27,15,10,,16
2,20,270,30,29,14,0,7.0,-5
2,20,240,80,37,26,6,8.0,8
2,20,40,30,46,26,0,,-5
2,20,250,30,59,54,0,,3
2,20,290,20,75,63,0,,-2
2,20,230,30,64,47,0,,-5
2,20,360,10,61,44,0,,-1
2,20,70,20,22,21,0,,1
2,20,300,20,52,36,0,7.0,-2
2,20,360,20,28,20,5,,1
2,20,60,40,-17,-48,0,,10
2,20,90,30,-3,-36,0,,-11
2,20,20,30,16,-24,0,,-2
2,20,310,20,5,-29,0,,-11
2,20,310,20,-5,-37,0,,-10
2,20,220,80,21,12,7,,-2
2,20,250,30,-21,-25,0,,13
2,20,230,40,-21,-38,0,,1
2,20,300,10,-5,-9,0,,-7
2,20,260,20,-50,-56,0,,9
2,20,10,20,-8,-33,0,,0
2,20,290,20,35,14,0,,3
2,20,300,30,59,49,0,,0
2,20,310,20,59,39,0,,-16
2,20,90,10,-2,-4,0,,3
2,20,150,20,27,-6,0,,2
2,20,80,30,-14,-31,0,,2
2,20,110,20,-15,-30,0,,-3
2,20,130,20,-5,-19,0,,-6
2,20,210,60,78,47,0,,0
2,20,340,30,64,61,11,,-4
2,20,180,30,59,53,0,,0
2,20,280,90,62,41,3,,-6
2,20,310,30,25,11,0,,0
2,20,350,30,16,2,0,,0
2,20,30,50,0,-33,0,,-1
2,20,10,30,0,-46,0,,-2
2,20,200,20,-8,-37,0,,2
2,20,220,70,18,10,6,,2
2,20,270,30,14,2,0,,-3
2,20,340,30,7,-3,0,,-2
2,20,60,60,15,-10,0,,-3
2,20,50,50,-8,-18,0,,-1
2,20,310,10,0,-5,0,,-1
2,20,60,30,-33,-55,0,,6
2,20,0,0,9,-9,0,,1
2,20,30,60,-4,-20,0,,-1
2,20,10,30,-42,-100,0,,-5
2,20,210,40,-34,-101,0,,-8
2,20,0,0,-35,-39,0,,-3
2,20,80,20,-40,-45,0,,0
2,20,250,20,7,6,0,,2
2,20,50,40,24,9,0,,-7
2,20,340,30,34,29,0,,0
2,20,240,60,32,21,0,,2
2,20,240,60,64,38,0,,2
2,20,270,60,31,9,0,,0
2,20,290,40,25,-6,0,,3
2,20,330,10,18,5,0,,-2
2,20,130,10,9,4,0,,-3
2,20,170,50,6,3,1,,1
2,20,200,20,38,10,0,,-2
2,20,210,50,56,44,0,,2
2,20,220,30,61,50,0,,-1
2,20,200,40,48,39,0,,-4
2,20,230,90,57,41,1,,-4
2,20,270,20,46,34,0,,-20
2,20,60,60,58,29,0,,-3
2,20,40,60,23,5,-1,,-3
2,20,60,70,31,10,0,,-1
2,20,60,40,9,-30,0,,-2
2,20,50,20,-7,-49,0,,0
2,20,70,90,12,-41,0,,-2
2,20,50,50,-16,-48,0,,0
2,20,330,30,13,-39,0,,-9
2,20,250,20,16,10,8,,4
2,20,270,50,6,-9,0,,-7
2,20,270,20,87,84,0,,-4
2,20,350,30,69,49,0,,-13
2,20,320,10,14,8,0,,-7
2,20,30,10,0,-3,0,,6
2,20,270,20,29,25,0,,-6
2,20,170,10,6,4,0,,0
2,20,220,40,-13,-15,0,,-2
2,20,240,40,35,31,4,,4
2,20,80,20,-1,-6,0,,0
2,20,160,50,66,59,0,,1
2,20,220,50,71,63,0,,0
2,20,220,90,78,69,4,,-1
2,20,220,30,66,47,0,,-12
2,20,300,50,61,54,1,,-4
2,20,130,30,54,32,0,,-8
2,20,120,70,87,22,0,,-5
2,20,160,20,64,28,0,,-12
2,20,340,10,55,43,0,,3
2,20,140,20,59,38,0,,1
2,20,100,20,76,61,0,,7
2,20,220,50,66,56,-1,,-10
2,20,150,40,78,47,0,,-2
2,20,180,50,99,80,-1,,-4
2,20,220,70,89,70,0,,-5
2,20,250,40,63,58,4,,9
2,20,290,40,62,45,-1,,-4
2,20,220,70,101,94,2,,0
2,20,230,100,88,53,0,,0
2,20,230,70,31,5,0,0.0,2
2,20,200,50,13,-30,0,0.0,-3
2,20,150,60,26,-23,0,2.0,0
2,20,210,40,31,16,0,0.0,-1
2,20,200,110,108,86,11,8.0,-2
2,20,260,20,37,23,0,1.0,-8
2,20,200,40,58,27,0,8.0,-8
2,20,140,30,61,-7,0,0.0,0
2,20,110,20,51,-29,0,0.0,-20
2,20,80,20,21,-7,0,0.0,-10
2,20,60,20,46,21,0,0.0,-3
2,20,30,20,45,20,0,0.0,-19
2,20,70,20,9,6,0,8.0,3
2,20,50,30,44,25,0,8.0,0
2,20,50,40,-10,-64,0,0.0,-5
2,20,60,30,-28,-65,0,0.0,-3
2,20,210,10,-29,-70,0,0.0,-6
2,20,0,0,-26,-30,0,1.0,-5
2,20,60,20,-6,-11,0,0.0,5
2,20,220,20,14,3,0,3.0,-10
2,20,240,70,88,67,1,8.0,-1
2,20,240,80,102,75,0,8.0,2
2,20,220,50,83,57,0,2.0,8
2,20,160,20,60,46,0,8.0,22
2,20,170,30,72,45,0,7.0,8
2,20,250,60,82,41,0,0.0,-5
2,20,220,30,24,10,0,0.0,1
2,20,200,20,78,56,0,8.0,0
2,20,230,120,69,55,7,8.0,2
2,20,70,90,-9,-53,0,8.0,-6
2,20,90,50,16,-13,0,3.0,2
2,20,280,20,1,-3,6,8.0,0
2,20,180,20,6,3,0,8.0,-2
2,20,200,40,62,51,-1,8.0,2
2,20,200,10,10,6,0,4.0,27
2,20,280,20,1,-15,0,2.0,-2
2,20,190,30,1,-18,0,8.0,1
2,20,110,60,24,15,8,8.0,-4
2,20,290,40,24,8,-1,7.0,0
2,20,320,30,17,0,0,4.0,-11
2,20,280,30,-1,-17,0,1.0,-5
2,20,320,20,2,-9,0,3.0,5
2,20,300,10,-34,-46,0,0.0,-8
2,20,220,50,16,9,10,8.0,3
2,20,280,40,63,56,6,8.0,-1
2,20,70,40,-6,-29,0,0.0,-6
2,20,80,10,-26,-58,0,1.0,-5
2,20,230,40,18,10,-1,8.0,2
2,20,280,20,48,35,0,8.0,1
2,20,230,30,46,28,0,7.0,7
2,20,290,30,57,45,0,8.0,-3
2,20,350,40,55,15,0,8.0,-1
2,20,240,20,38,12,0,8.0,0
2,20,240,40,55,50,-1,8.0,1
2,20,260,50,60,47,1,8.0,3
2,20,240,30,79,75,2,8.0,-2
2,20,360,10,34,25,0,0.0,-13
2,20,250,10,-25,-35,0,6.0,-15
2,20,270,50,50,47,4,8.0,-39
2,20,160,20,5,-3,0,8.0,6
2,20,140,30,47,36,0,0.0,-12
2,20,180,10,51,48,0,7.0,-6
2,20,40,30,14,12,-1,8.0,-1
2,20,50,20,19,14,0,8.0,-2
2,20,70,60,-35,-58,0,8.0,0
2,20,20,30,-29,-77,0,8.0,-4
2,20,30,40,-39,-54,-1,8.0,0
2,20,20,40,-39,-69,0,5.0,-4
2,20,30,40,-28,-56,-1,8.0,-8
2,20,280,20,-15,-45,0,8.0,1
2,20,40,20,-36,-52,1,7.0,-3
2,20,150,20,-38,-52,0,8.0,0
2,20,130,30,-12,-53,0,0.0,-4
2,20,100,30,8,0,-1,8.0,0
2,20,170,40,48,23,-1,6.0,-6
2,20,230,50,7,-6,0,1.0,1
2,20,210,20,-29,-39,0,0.0,12
2,20,180,60,39,10,0,7.0,-8
2,20,210,60,86,82,8,8.0,1
2,20,80,50,23,10,0,8.0,-1
2,20,140,30,70,67,0,1.0,1
2,20,120,40,81,68,3,8.0,2
2,20,240,80,57,29,1,7.0,7
2,20,150,30,84,25,0,2.0,1
2,20,260,100,49,38,4,8.0,-8
2,20,220,50,2,0,1,8.0,1
2,20,200,60,31,18,0,8.0,0
2,20,200,60,39,31,0,0.0,0
2,20,230,130,105,59,0,8.0,2
2,20,240,120,110,78,0,8.0,0
2,20,240,90,92,36,0,8.0,0
2,20,250,80,106,66,0,7.0,-6
2,20,0,0,-7,-24,0,0.0,-2
2,20,130,30,43,5,0,0.0,4
2,20,240,50,91,87,8,8.0,5
2,20,990,10,86,84,5,8.0,-18
2,20,220,30,79,76,-1,8.0,-2
2,20,110,30,67,46,0,8.0,0
2,20,240,20,60,59,3,8.0,1
2,20,140,40,63,51,0,8.0,-3
2,20,70,30,42,27,0,0.0,2
2,20,50,60,9,-12,0,7.0,-1
2,20,70,40,13,-4,0,8.0,0
2,20,80,60,19,-9,0,5.0,-1
2,20,80,60,-4,-55,0,8.0,-4
2,20,90,50,-23,-76,0,0.0,-10
2,20,100,30,-11,-62,0,8.0,-1
2,20,170,50,5,-4,2,8.0,0
2,20,110,10,42,42,0,9.0,2
2,20,180,30,66,60,0,8.0,-1
2,20,280,50,63,58,0,8.0,-1
2,20,320,30,35,29,12,8.0,-10
2,20,20,10,34,29,0,8.0,1
2,20,50,80,-53,-159,0,0.0,-4
2,20,50,50,-75,-166,0,0.0,-6
2,20,70,30,-97,-103,-1,8.0,-30
2,20,990,10,-132,-138,0,0.0,-5
2,20,50,10,-66,-109,-1,8.0,4
2,20,40,20,-97,-138,0,0.0,7
2,20,50,60,-53,-104,0,2.0,3
2,20,40,40,-45,-88,0,0.0,-6
2,20,30,30,-41,-74,0,0.0,-8
2,20,60,50,-69,-118,0,0.0,-8
2,20,10,20,-62,-91,0,8.0,-6
2,20,240,30,-24,-43,0,8.0,0
2,20,220,20,15,12,0,8.0,-2
2,20,270,50,41,34,-1,8.0,-1
2,20,340,20,34,26,-1,8.0,2
2,20,240,50,49,38,0,8.0,-2
2,20,240,40,69,63,2,8.0,-3
2,20,230,80,73,60,4,8.0,-7
2,20,250,20,-8,-18,0,0.0,13
2,20,200,40,16,-34,0,8.0,-2
2,20,210,30,41,22,0,4.0,-4
2,20,230,100,67,8,-1,8.0,-7
2,20,220,60,106,94,0,8.0,-1
2,20,290,40,92,83,8,8.0,-8
2,20,280,30,58,23,0,8.0,-4
2,20,290,20,65,31,0,8.0,-4
2,20,250,40,71,63,-1,8.0,0
2,20,250,40,94,91,0,9.0,0
2,20,310,10,88,82,0,8.0,0
2,20,340,30,34,29,-1,8.0,-8
2,20,290,30,33,6,-1,7.0,1
2,20,260,50,66,61,4,8.0,3
2,20,250,60,75,16,-1,8.0,-8
2,20,200,30,4,-10,0,7.0,5
2,20,280,20,18,10,3,7.0,4
2,20,260,20,4,-2,0,4.0,0
2,20,310,20,-3,-19,0,6.0,-5
2,20,180,30,-3,-11,-1,8.0,0
2,20,120,60,-12,-56,0,0.0,0
2,20,80,60,-16,-54,0,0.0,-5
2,20,0,0,-15,-49,0,8.0,4
2,20,120,30,-21,-40,0,0.0,-5
2,20,180,40,3,0,3,8.0,2
2,20,250,20,41,33,0,8.0,-7
2,20,0,0,38,35,0,8.0,2
2,20,50,20,-1,-4,0,1.0,1
2,20,240,10,2,-14,0,0.0,3
2,20,60,70,29,20,1,8.0,-5
2,20,50,30,-22,-49,0,0.0,-2
2,20,30,40,-7,-52,0,8.0,-2
2,20,50,60,-27,-69,-1,8.0,-7
2,20,20,40,-2,-48,0,8.0,-1
2,20,10,30,5,-1,-1,8.0,2
2,20,50,50,16,12,0,8.0,0
2,20,20,30,34,24,0,8.0,-5
2,20,70,40,10,-5,0,8.0,-1
2,20,310,10,1,-6,0,8.0,5
2,20,200,50,54,22,0,5.0,-1
2,20,180,30,37,11,0,1.0,2
2,20,130,40,47,16,0,8.0,1
2,20,150,40,51,9,0,0.0,-5
2,20,190,100,82,38,-1,8.0,0
2,20,140,60,65,51,7,8.0,4
2,20,210,50,49,29,0,1.0,-3
2,20,190,70,69,33,0,1.0,0
2,20,210,80,46,9,0,0.0,-2
2,20,0,0,37,32,-1,8.0,-2
2,20,210,70,55,40,4,8.0,-16
2,20,190,90,56,29,8,8.0,3
2,20,280,30,30,16,1,7.0,-2
2,20,140,70,61,49,6,8.0,5
2,20,210,100,82,28,3,6.0,-7
2,20,220,20,22,0,0,0.0,6
2,20,170,30,59,32,0,8.0,-4
2,20,200,30,63,33,0,7.0,3
2,20,220,30,69,54,0,8.0,2
2,20,180,60,95,84,8,8.0,1
2,20,220,60,50,17,0,0.0,-2
2,20,190,50,54,30,0,3.0,-4
2,20,160,30,71,37,0,1.0,-8
2,20,170,20,81,29,0,0.0,-2
2,20,160,50,102,50,0,8.0,0
2,20,200,10,64,36,0,8.0,-7
2,20,200,40,39,25,0,2.0,-1
2,20,60,40,65,30,0,8.0,-4
2,20,280,30,16,10,0,1.0,-7
2,20,240,40,-2,-6,-1,1.0,-1
2,20,360,30,11,-10,0,3.0,-7
2,20,30,20,-6,-35,0,0.0,-5
2,20,40,60,0,-37,0,8.0,2
2,20,30,40,-4,-45,0,0.0,-2
2,20,290,30,40,37,0,8.0,-2
2,20,250,20,29,4,0,5.0,-7
2,20,290,30,53,48,-1,8.0,0
2,20,50,30,53,48,0,8.0,0
2,20,50,20,-4,-6,0,0.0,-6
2,20,0,0,-13,-15,0,1.0,-3
2,20,140,40,58,18,0,5.0,-2
2,20,90,30,38,15,0,0.0,9
2,20,40,30,-1,-15,0,0.0,-8
2,20,160,20,14,1,0,1.0,1
2,20,290,10,8,4,0,0.0,-19
2,20,200,30,13,10,0,8.0,2
2,20,190,60,31,-7,0,7.0,1
2,20,190,60,64,51,8,8.0,-2
2,20,220,20,13,10,0,7.0,-9
2,20,180,70,35,-9,0,8.0,-1
2,20,210,60,40,13,0,1.0,5
2,20,310,20,47,27,-1,8.0,-4
2,20,200,30,46,41,0,8.0,0
2,20,180,50,75,71,8,8.0,1
2,20,280,20,27,0,0,0.0,-26
2,20,190,80,72,-5,0,8.0,-3
2,20,230,110,113,86,0,8.0,1
2,20,250,50,67,24,0,1.0,0
2,20,260,40,41,21,0,8.0,-3
2,20,290,10,43,39,-1,8.0,3
2,20,200,60,95,85,0,8.0,1
2,20,160,60,97,40,0,8.0,-10
2,20,200,80,71,11,0,0.0,0
2,20,220,150,73,46,4,8.0,2
2,20,240,60,40,29,-1,6.0,-8
2,20,250,40,40,27,-1,2.0,10
2,20,220,20,25,15,0,0.0,-16
2,20,60,20,6,-17,0,4.0,-6
2,20,60,60,29,20,7,8.0,-1
2,20,340,30,4,0,7,8.0,-1
2,20,0,0,-15,-38,0,0.0,-12
2,20,90,30,-22,-50,0,0.0,5
2,20,90,10,-24,-29,0,0.0,-7
2,20,210,10,15,-10,0,8.0,2
2,20,190,50,42,3,0,7.0,-4
2,20,240,90,98,90,4,8.0,5
2,20,240,110,114,94,0,8.0,3
2,20,240,40,42,34,-1,8.0,-1
2,20,280,20,31,11,0,3.0,-20
2,20,0,0,-9,-15,0,0.0,-8
2,20,240,30,-12,-18,0,0.0,-8
2,20,80,20,15,-20,0,8.0,0
2,20,40,50,20,-47,0,7.0,-1
2,20,30,30,25,-26,0,8.0,-2
2,20,360,20,9,-47,0,0.0,-24
2,20,140,40,46,32,2,8.0,1
2,20,150,40,94,62,0,8.0,-2
2,20,130,30,60,30,0,0.0,-2
2,20,150,20,56,49,1,8.0,-3
2,20,20,20,39,23,0,8.0,-3
2,20,100,40,50,27,0,8.0,-7
2,20,80,40,23,20,2,8.0,-1
2,20,40,30,6,-16,0,8.0,-2
2,20,50,30,-15,-42,0,8.0,-5
2,20,60,40,-7,-33,0,8.0,1
2,20,50,40,8,2,-1,8.0,-4
2,20,80,60,15,-9,0,4.0,-7
2,20,80,60,42,-18,0,0.0,-15
2,20,100,20,20,-16,0,0.0,5
2,20,200,30,94,49,0,0.0,-4
2,20,260,30,73,53,0,8.0,-4
2,20,280,20,71,57,0,8.0,-4
2,20,180,20,43,8,0,8.0,-5
2,20,240,20,63,54,0,8.0,2
2,20,250,50,111,102,1,8.0,-1
2,20,220,50,99,89,0,8.0,4
2,20,270,40,86,77,7,8.0,4
2,20,260,130,71,19,2,8.0,-1
2,20,250,20,10,-8,0,0.0,4
2,20,210,70,75,25,0,8.0,0
2,20,200,70,101,67,0,8.0,0
2,20,210,80,66,41,10,8.0,3
2,20,210,60,39,25,-1,8.0,-13
2,20,210,50,25,4,0,6.0,5
2,20,330,20,41,20,0,8.0,-2
2,20,290,10,22,16,-1,8.0,4
2,20,40,40,9,-6,-1,8.0,4
2,20,60,40,-18,-45,0,0.0,2
2,20,40,30,-13,-52,0,8.0,-3
2,20,320,10,-44,-77,0,0.0,-7
2,20,190,30,-14,-45,0,2.0,-7
2,20,150,30,6,-9,-1,8.0,1
2,20,200,70,28,-24,0,8.0,0
2,20,240,50,16,-4,-1,6.0,-1
2,20,220,30,-14,-34,0,5.0,-3
2,20,120,20,4,-44,0,0.0,-9
2,20,150,60,30,-52,0,8.0,-1
2,20,240,30,20,14,0,4.0,-4
2,20,220,10,-10,-25,0,8.0,-9
2,20,60,10,-24,-31,0,0.0,-6
2,20,160,10,-1,-7,0,7.0,-5
2,20,90,10,12,-8,0,8.0,-3
2,20,20,30,7,-26,0,0.0,-7
2,20,30,30,-1,-42,0,0.0,-1
2,20,60,50,-6,-52,0,0.0,-5
2,20,70,60,-15,-67,0,0.0,-5
2,20,70,70,-13,-79,0,0.0,-1
2,20,50,70,-26,-98,0,1.0,-7
2,20,20,30,-41,-88,0,1.0,-4
2,20,50,40,-49,-83,0,8.0,-14
2,20,80,90,-74,-140,0,7.0,1
2,20,30,10,27,24,0,8.0,-9
2,20,360,30,18,12,0,8.0,-4
2,20,240,20,-17,-24,0,0.0,-2
2,20,210,60,24,10,1,8.0,-2
2,20,140,20,24,17,0,8.0,8
2,20,190,40,69,66,4,8.0,0
2,20,230,70,74,36,0,8.0,-2
2,20,200,110,93,58,-1,8.0,-7
2,20,210,60,80,41,0,8.0,-6
2,20,290,70,35,25,13,8.0,-1
2,20,270,20,20,-3,0,3.0,3
2,20,220,50,50,29,0,8.0,1
2,20,170,20,39,13,0,8.0,-4
2,20,90,20,29,-2,0,0.0,-7
2,20,110,10,32,22,0,0.0,9
2,20,0,0,31,22,0,8.0,-7
2,20,200,40,93,-1,0,8.0,-21
2,20,200,20,71,24,0,7.0,5
2,20,220,30,44,15,0,8.0,-4
2,20,190,20,59,21,0,7.0,-9
2,20,270,20,90,88,0,8.0,-2
2,20,20,20,70,64,0,8.0,-3
2,20,110,20,61,-18,0,1.0,2
2,20,30,10,83,-6,0,8.0,-11
2,20,110,10,69,17,0,0.0,-2
2,20,60,20,72,37,0,1.0,-11
2,20,240,20,81,42,0,0.0,-10
2,20,210,50,94,81,-1,8.0,2
2,20,240,80,89,54,0,1.0,-2
2,20,240,60,112,84,0,8.0,-1
2,20,210,20,74,66,1,8.0,-15
2,20,310,20,30,27,0,0.0,-1
2,20,260,20,62,21,0,8.0,-4
2,20,190,10,33,18,0,8.0,6
2,20,140,40,42,-4,0,0.0,-2
2,20,220,50,85,78,-1,8.0,-5
2,20,210,140,116,100,3,8.0,-3
2,20,240,120,71,37,1,8.0,-3
2,20,250,90,58,-23,0,7.0,-7
2,20,230,30,25,-5,0,5.0,-4
2,20,240,20,68,63,15,8.0,3
2,20,180,40,75,40,0,8.0,-2
2,20,190,100,115,56,0,8.0,3
2,20,240,100,85,67,15,8.0,-1
2,20,230,80,71,52,-1,8.0,4
2,20,210,70,75,31,0,8.0,-6
2,20,210,50,58,11,0,8.0,3
2,20,290,50,52,33,13,8.0,2
2,20,220,90,82,34,0,8.0,1
2,20,240,70,98,84,2,8.0,1
2,20,280,50,69,28,0,8.0,-4
2,20,240,90,107,83,0,8.0,-8
2,20,210,50,35,19,0,8.0,2
2,20,230,30,26,12,0,5.0,-5
2,20,290,40,28,17,-1,6.0,0
2,20,180,70,44,36,14,8.0,8
2,20,200,60,65,21,0,8.0,-12
