MM,HH,DD,FF,T,TD,RH,N,TC
3,13,50,36,73,35,0,7.0,0
3,13,200,41,71,56,0,8.0,6
3,13,230,77,104,39,0,4.0,6
3,13,90,62,115,66,0,7.0,3
3,13,180,41,123,93,-1,8.0,4
3,13,140,36,163,88,0,7.0,6
3,13,90,57,144,88,0,8.0,11
3,13,140,26,142,86,0,7.0,2
3,13,240,51,114,95,0,7.0,1
3,13,220,57,150,55,0,3.0,2
3,13,240,51,129,86,0,7.0,0
3,13,170,26,147,70,0,3.0,9
3,13,60,26,166,78,0,0.0,3
3,13,240,62,175,75,0,1.0,1
3,13,250,51,110,96,0,8.0,4
3,13,190,41,153,103,0,6.0,3
3,13,230,26,112,73,-1,7.0,2
3,13,250,51,119,74,0,4.0,3
3,13,220,82,118,107,0,8.0,4
3,13,230,77,127,108,0,7.0,9
3,13,280,21,99,85,6,8.0,-4
3,13,280,26,79,62,-1,8.0,-5
3,13,60,41,83,54,0,7.0,4
3,13,30,62,100,56,0,7.0,3
3,13,50,108,56,39,12,8.0,-5
3,13,50,67,77,28,0,7.0,9
3,13,50,62,107,4,0,2.0,10
3,13,60,51,93,-14,0,7.0,-2
3,13,70,51,83,-20,0,1.0,6
3,13,60,31,66,-25,0,3.0,9
3,13,250,41,100,58,0,7.0,2
3,13,210,57,149,46,0,0.0,5
3,13,270,67,72,9,0,6.0,7
3,13,240,103,90,48,0,8.0,2
3,13,220,31,117,91,0,6.0,2
3,13,80,26,156,88,0,5.0,15
3,13,270,57,96,36,0,5.0,3
3,13,190,36,134,32,0,1.0,9
3,13,230,36,118,75,0,6.0,-11
3,13,260,31,99,64,0,4.0,2
3,13,220,113,115,28,0,3.0,-2
3,13,260,72,66,27,-1,7.0,-12
3,13,230,129,84,72,1,8.0,1
3,13,240,134,102,65,2,7.0,-20
3,13,270,82,55,-1,-1,7.0,7
3,13,990,10,24,20,1,8.0,5
3,13,240,36,66,-1,0,5.0,12
3,13,240,51,109,81,0,7.0,15
3,13,990,15,132,68,0,1.0,13
3,13,280,41,106,39,0,7.0,6
3,13,250,82,112,91,0,8.0,-4
3,13,280,98,85,23,1,5.0,0
3,13,270,77,108,99,24,7.0,-6
3,13,330,51,39,26,4,7.0,-16
3,13,30,93,60,25,0,7.0,0
3,13,330,51,53,7,0,7.0,-1
3,13,200,46,45,27,1,8.0,1
3,13,330,46,64,41,-1,8.0,3
3,13,310,82,42,2,0,7.0,0
3,13,180,36,64,13,0,7.0,7
3,13,150,62,103,36,0,7.0,6
3,13,260,41,86,46,0,7.0,-2
3,13,60,77,30,-6,0,3.0,1
3,13,50,87,58,-3,0,5.0,9
3,13,30,62,8,-35,0,6.0,5
3,13,30,36,12,-38,0,6.0,-4
3,13,240,26,27,6,0,8.0,4
3,13,320,41,71,57,0,8.0,2
3,13,30,36,57,40,0,8.0,3
3,13,90,82,72,6,0,1.0,-1
3,13,60,21,73,-4,0,0.0,14
3,13,250,51,109,52,0,7.0,3
3,13,220,21,132,70,0,2.0,-2
3,13,230,36,153,41,0,0.0,1
3,13,210,46,154,19,0,1.0,2
3,13,240,57,164,57,0,1.0,5
3,13,200,36,175,45,0,0.0,2
3,13,240,118,160,85,0,5.0,-11
3,13,240,87,127,86,0,7.0,8
3,13,240,82,100,63,0,8.0,5
3,13,280,46,106,-14,0,1.0,5
3,13,990,10,123,-2,0,2.0,14
3,13,240,51,160,50,0,8.0,0
3,13,230,93,137,72,0,6.0,0
3,13,250,87,101,-32,0,3.0,-6
3,13,310,51,83,-45,0,3.0,13
3,13,340,82,78,-25,0,7.0,1
3,13,70,46,77,-41,0,4.0,3
3,13,80,21,68,-83,0,3.0,4
3,13,90,57,66,-67,0,1.0,1
3,13,40,21,80,-98,0,1.0,5
3,13,210,26,135,-37,0,4.0,0
3,13,210,62,169,64,0,7.0,3
3,13,230,51,89,57,-1,7.0,-19
3,13,210,87,60,53,13,8.0,12
3,13,210,77,93,44,0,8.0,2
3,13,230,57,100,19,0,3.0,2
3,13,210,62,142,19,0,3.0,5
3,13,250,77,92,29,0,6.0,-5
3,13,240,82,82,80,0,8.0,6
3,13,230,82,111,104,0,8.0,8
3,13,250,62,147,98,0,8.0,2
3,13,270,51,107,0,0,4.0,2
3,13,990,10,116,12,0,6.0,5
3,13,260,57,96,18,0,5.0,-6
3,13,240,108,104,73,0,7.0,-2
3,13,230,139,96,67,-1,7.0,5
3,13,240,113,96,86,19,8.0,-3
3,13,260,72,48,34,6,5.0,6
3,13,280,77,60,-4,-1,6.0,-28
3,13,250,41,69,46,0,7.0,3
3,13,240,67,60,29,0,7.0,8
3,13,280,72,70,-16,0,6.0,4
3,13,80,51,83,-11,0,7.0,6
3,13,240,77,95,25,0,7.0,-3
3,13,220,103,111,94,-1,8.0,3
3,13,250,77,102,54,0,7.0,5
3,13,240,134,116,98,-1,8.0,2
3,13,350,77,62,35,7,7.0,7
3,13,120,31,77,-2,0,2.0,7
3,13,220,87,127,67,0,7.0,1
3,13,260,77,133,77,0,5.0,-3
3,13,160,72,185,87,0,2.0,9
3,13,230,103,127,28,0,3.0,7
3,13,230,134,103,55,0,7.0,-5
3,13,240,72,45,18,2,7.0,-9
3,13,240,118,71,-15,0,6.0,-15
3,13,260,51,61,-17,0,3.0,-8
3,13,200,77,15,11,10,8.0,-4
3,13,250,77,42,12,1,5.0,12
3,13,210,87,69,8,0,5.0,-7
3,13,200,82,86,-12,0,7.0,-13
3,13,220,51,78,14,0,3.0,-1
3,13,130,72,121,-20,0,4.0,-1
3,13,180,36,150,22,0,2.0,4
3,13,10,26,148,68,0,2.0,2
3,13,60,51,116,13,0,0.0,4
3,13,70,26,64,10,0,3.0,-2
3,13,280,77,28,14,15,7.0,20
3,13,240,93,70,3,0,5.0,-2
3,13,220,113,105,93,1,7.0,9
3,13,240,113,80,33,0,7.0,-7
3,13,290,62,73,26,1,7.0,0
3,13,290,72,59,-10,-1,7.0,12
3,13,330,46,57,15,0,7.0,10
3,13,240,36,79,-10,0,1.0,3
3,13,230,41,125,10,0,1.0,7
3,13,250,82,145,46,0,1.0,5
3,13,320,72,89,19,0,7.0,1
3,13,250,87,95,66,1,8.0,5
3,13,320,98,57,-4,-1,4.0,-14
3,13,230,108,27,-20,-1,8.0,-13
3,13,340,87,61,-48,0,4.0,-11
3,13,280,15,76,-18,0,5.0,-1
3,13,220,77,50,50,2,8.0,3
3,13,280,31,35,31,-1,8.0,7
3,13,220,21,24,-9,0,6.0,2
3,13,320,21,40,-5,0,6.0,-3
3,13,230,46,37,-5,0,8.0,-3
3,13,310,46,34,20,0,7.0,-1
3,13,990,15,60,33,0,7.0,1
3,13,100,87,60,28,0,4.0,-9
3,13,100,82,66,-5,0,0.0,6
3,13,80,57,82,-2,0,0.0,3
3,13,80,72,58,-46,0,0.0,13
3,13,60,51,-7,-53,0,6.0,3
3,13,60,57,-2,-92,0,2.0,5
3,13,70,67,9,-61,0,1.0,6
3,13,90,98,50,-45,0,2.0,10
3,13,70,57,101,0,0,6.0,-6
3,13,990,15,73,19,0,7.0,6
3,13,210,26,53,29,0,8.0,4
3,13,990,10,62,43,0,7.0,0
3,13,990,5,87,41,0,7.0,5
3,13,60,26,127,41,0,3.0,2
3,13,150,41,94,77,9,8.0,4
3,13,220,72,90,64,-1,8.0,1
3,13,240,67,120,97,0,8.0,2
3,13,30,26,84,67,0,8.0,0
3,13,90,82,118,55,0,7.0,1
3,13,10,72,50,35,0,8.0,-4
3,13,50,67,56,-97,0,0.0,4
3,13,240,77,64,-71,0,7.0,9
3,13,250,62,26,14,5,7.0,15
3,13,330,57,43,11,3,6.0,-1
3,13,230,36,41,9,0,6.0,-2
3,13,230,70,125,73,0,7.0,4
3,13,230,120,133,86,0,8.0,-4
3,13,240,40,107,27,0,6.0,-5
3,13,90,50,114,98,0,7.0,9
3,13,240,50,108,72,0,7.0,1
3,13,10,30,80,77,0,8.0,1
3,13,170,30,137,41,0,4.0,6
3,13,990,10,143,60,0,3.0,-2
3,13,70,50,146,66,0,0.0,4
3,13,250,40,156,39,0,0.0,9
3,13,360,40,101,73,0,0.0,6
3,13,250,40,146,80,0,0.0,15
3,13,240,60,128,83,0,7.0,6
3,13,240,50,88,74,-1,8.0,-2
3,13,240,70,93,89,-1,8.0,0
3,13,250,70,112,94,0,8.0,5
3,13,290,40,135,78,0,6.0,-1
3,13,250,70,110,84,0,7.0,-14
3,13,320,60,71,61,11,7.0,12
3,13,260,40,58,-5,0,7.0,1
3,13,320,70,66,28,0,6.0,15
3,13,990,10,79,-1,0,3.0,1
3,13,210,40,68,46,6,8.0,-1
3,13,340,20,91,57,0,7.0,-1
3,13,350,20,87,73,0,7.0,6
3,13,230,90,120,54,0,7.0,7
3,13,250,70,142,58,0,4.0,9
3,13,310,90,77,30,0,6.0,10
3,13,320,60,83,21,-1,6.0,-4
3,13,240,30,111,41,0,7.0,2
3,13,240,20,137,54,0,2.0,8
3,13,240,80,54,-14,-1,8.0,-19
3,13,240,70,81,64,1,7.0,1
3,13,210,110,108,84,1,8.0,5
3,13,220,100,120,105,10,8.0,15
3,13,250,90,53,25,6,6.0,-16
3,13,210,90,75,67,17,8.0,7
3,13,230,110,117,79,0,5.0,-16
3,13,270,30,76,69,18,7.0,0
3,13,340,50,56,-10,0,5.0,12
3,13,240,70,78,-29,0,3.0,8
3,13,190,40,44,24,1,8.0,-1
3,13,330,50,65,6,0,6.0,-9
3,13,240,70,53,13,0,8.0,-2
3,13,290,50,84,66,-1,7.0,5
3,13,280,30,98,76,2,8.0,2
3,13,260,30,101,82,0,8.0,3
3,13,240,40,96,61,0,7.0,5
3,13,270,60,109,63,0,7.0,6
3,13,330,50,90,1,0,4.0,8
3,13,270,30,70,65,3,8.0,7
3,13,30,30,72,0,0,5.0,3
3,13,260,30,52,40,-1,8.0,4
3,13,40,60,46,14,0,6.0,-2
3,13,90,20,76,-20,0,5.0,5
3,13,990,10,103,-49,0,7.0,1
3,13,210,70,117,-40,0,8.0,-1
3,13,210,50,103,92,-1,8.0,5
3,13,160,30,162,102,0,8.0,10
3,13,160,40,213,89,0,5.0,0
3,13,250,70,202,101,0,7.0,4
3,13,250,30,156,120,0,7.0,4
3,13,230,130,102,92,4,8.0,0
3,13,240,100,118,108,-1,8.0,0
3,13,220,110,101,46,0,7.0,-3
3,13,210,70,86,43,-1,8.0,-3
3,13,200,40,60,42,-1,7.0,-7
3,13,240,70,56,22,0,7.0,-14
3,13,200,70,40,11,0,7.0,-5
3,13,200,60,76,25,0,6.0,7
3,13,230,60,53,36,0,7.0,7
3,13,320,20,61,36,0,7.0,12
3,13,80,40,84,30,0,6.0,7
3,13,90,40,148,90,0,6.0,14
3,13,240,50,165,80,0,7.0,2
3,13,990,10,120,86,0,6.0,-1
3,13,360,30,108,42,0,7.0,9
3,13,60,30,111,26,0,2.0,5
3,13,60,40,108,10,0,6.0,2
3,13,230,30,121,38,0,7.0,-1
3,13,320,40,87,21,0,7.0,-5
3,13,270,30,75,20,0,7.0,10
3,13,220,90,59,38,5,8.0,-4
3,13,320,60,57,41,2,8.0,0
3,13,270,40,85,85,6,8.0,2
3,13,240,60,102,54,0,7.0,8
3,13,200,60,158,60,0,6.0,-10
3,13,190,40,132,86,0,7.0,-3
3,13,40,40,99,27,0,4.0,3
3,13,360,40,95,29,0,3.0,6
3,13,200,30,141,27,0,1.0,7
3,13,210,60,151,77,0,7.0,14
3,13,60,30,174,75,0,3.0,9
3,13,250,40,69,33,0,6.0,-21
3,13,230,90,60,14,-1,8.0,0
3,13,240,80,49,32,8,8.0,-5
3,13,280,80,36,33,9,4.0,9
3,13,240,70,58,11,0,7.0,0
3,13,240,100,89,1,0,6.0,4
3,13,230,90,100,73,0,7.0,9
3,13,240,100,106,94,1,8.0,0
3,13,260,80,121,93,-1,8.0,0
3,13,200,30,73,68,-1,8.0,15
3,13,310,70,97,57,0,7.0,-1
3,13,240,20,86,36,0,7.0,10
3,13,230,60,107,59,0,7.0,0
3,13,270,50,112,88,1,8.0,-15
3,13,290,60,76,15,0,4.0,-3
3,13,280,40,84,75,0,8.0,8
3,13,330,50,99,59,0,8.0,1
3,13,340,70,78,30,0,8.0,-9
3,13,360,40,56,44,0,8.0,-5
3,13,350,20,77,44,0,4.0,13
3,13,30,20,114,33,0,2.0,5
3,13,250,40,155,22,0,0.0,3
3,13,70,40,150,41,0,7.0,-2
3,13,210,40,103,95,1,8.0,0
3,13,260,40,108,79,-1,7.0,-12
3,13,210,50,90,54,2,6.0,-23
3,13,30,50,73,46,-1,6.0,0
3,13,30,60,36,20,-1,8.0,1
3,13,30,80,68,50,0,7.0,-3
3,13,20,50,65,53,0,8.0,0
3,13,230,30,71,45,-1,8.0,1
3,13,230,50,41,3,0,7.0,6
3,13,220,20,43,4,-1,7.0,9
3,13,40,40,1,-25,-1,8.0,-1
3,13,990,10,32,29,0,8.0,0
3,13,80,20,35,-11,0,8.0,7
3,13,120,40,99,2,0,0.0,0
3,13,190,40,134,101,0,8.0,7
3,13,100,40,91,86,-1,8.0,11
3,13,220,90,116,85,-1,7.0,1
3,13,210,60,121,102,-1,7.0,-1
3,13,210,40,120,117,4,8.0,7
3,13,230,50,91,47,0,7.0,1
3,13,220,100,84,47,1,7.0,-10
3,13,260,70,83,11,0,7.0,9
3,13,200,10,97,64,0,7.0,-2
3,13,80,40,116,84,0,7.0,6
3,13,260,40,84,71,0,8.0,-5
3,13,200,50,96,83,6,8.0,-8
3,13,290,60,46,-3,3,7.0,-13
3,13,80,60,38,-21,0,7.0,2
3,13,990,10,64,58,-1,8.0,17
3,13,300,40,80,72,-1,8.0,-8
3,13,220,80,132,109,-1,7.0,-2
3,13,40,40,113,82,0,7.0,-2
3,13,20,50,30,21,0,8.0,1
3,13,60,30,31,3,0,8.0,1
3,13,100,50,59,3,0,7.0,3
3,13,180,80,131,27,0,7.0,-2
3,13,230,60,67,52,4,7.0,26
3,13,250,50,95,45,0,7.0,7
3,13,210,80,132,52,0,8.0,4
3,13,290,30,52,39,1,8.0,1
3,13,340,40,48,-38,0,2.0,5
3,13,240,50,71,14,0,4.0,-2
3,13,210,20,92,35,0,7.0,8
3,13,350,30,95,31,0,7.0,-2
3,13,230,90,78,46,-1,8.0,0
3,13,280,100,123,24,0,6.0,-1
3,13,240,50,115,30,0,6.0,2
3,13,230,70,97,74,-1,7.0,9
3,13,210,80,107,16,0,1.0,6
3,13,210,50,156,21,0,7.0,-1
3,13,70,30,124,89,0,7.0,6
3,13,20,70,53,48,-1,8.0,-3
3,13,70,80,42,22,1,8.0,-2
3,13,70,40,101,61,0,7.0,24
3,13,180,20,159,59,0,6.0,3
3,13,220,50,159,89,-1,7.0,-20
3,13,200,90,135,65,0,7.0,2
3,13,250,60,111,62,0,6.0,1
3,13,280,60,131,76,0,6.0,3
3,13,250,70,128,100,0,8.0,-1
3,13,300,60,112,73,1,7.0,5
3,13,20,30,78,-18,0,4.0,0
3,13,50,40,76,1,0,4.0,2
3,13,50,30,74,-33,0,1.0,5
3,13,340,30,83,-12,0,7.0,8
3,13,40,50,84,-24,0,0.0,11
3,13,70,70,121,0,0,0.0,6
3,13,100,20,140,17,0,0.0,15
3,13,220,20,131,33,0,8.0,3
3,13,230,60,156,39,0,2.0,6
3,13,190,40,125,77,0,7.0,-4
3,13,150,40,94,74,6,8.0,0
3,13,240,20,81,41,0,7.0,2
3,13,180,50,107,40,0,2.0,0
3,13,220,40,147,75,0,1.0,4
3,13,290,50,65,52,2,8.0,0
3,13,200,40,95,37,0,7.0,-1
3,13,240,80,96,35,0,7.0,-9
3,13,230,80,128,51,0,8.0,14
3,13,210,70,124,86,0,5.0,4
3,13,220,90,114,96,11,8.0,2
3,13,290,40,88,51,0,8.0,-3
3,13,60,60,81,-15,0,0.0,1
3,13,60,80,91,-44,0,0.0,2
3,13,80,70,97,-4,0,1.0,10
3,13,70,50,115,-2,0,0.0,1
3,13,350,40,124,-1,0,1.0,-4
3,13,30,50,96,42,0,0.0,7
3,13,350,20,121,20,0,0.0,5
3,13,0,0,66,13,0,1.0,12
3,13,70,60,100,8,0,0.0,2
3,13,70,80,117,-64,0,1.0,17
3,13,130,20,158,-36,0,0.0,7
3,13,250,60,201,27,0,0.0,1
3,13,330,30,142,71,-1,8.0,-3
3,13,40,40,164,82,0,0.0,3
3,13,990,10,176,17,0,1.0,2
3,13,100,30,201,70,0,2.0,7
3,13,240,70,178,94,0,6.0,-5
3,13,360,30,152,47,0,0.0,6
3,13,40,20,108,15,0,1.0,13
3,13,30,50,25,-45,0,6.0,3
3,13,300,40,61,-12,0,7.0,7
3,13,220,50,60,11,0,2.0,11
3,13,140,30,111,-2,0,8.0,-4
3,13,80,60,78,-7,0,8.0,-6
3,13,290,40,33,7,0,8.0,2
3,13,210,10,67,33,1,7.0,-24
3,13,10,50,50,-23,0,5.0,5
3,13,20,60,-3,-6,6,8.0,11
3,13,20,40,9,-5,-1,8.0,-5
3,13,90,40,38,-15,0,4.0,0
3,13,120,40,60,-6,0,8.0,-9
3,13,220,80,106,35,0,7.0,0
3,13,220,100,116,35,0,5.0,0
3,13,220,90,134,73,0,8.0,-3
3,13,220,70,161,98,0,8.0,3
3,13,240,50,206,56,0,2.0,5
3,13,200,50,193,91,0,6.0,2
3,13,220,140,128,50,0,7.0,0
3,13,220,110,128,108,9,8.0,-5
3,13,240,120,102,32,-1,7.0,9
3,13,260,40,88,40,2,4.0,-4
3,13,340,20,77,-2,-1,7.0,8
3,13,340,50,75,20,0,7.0,3
3,13,30,20,68,-18,0,5.0,-2
3,13,20,40,51,-19,0,7.0,-25
3,13,990,10,64,-46,0,2.0,7
3,13,170,20,99,-19,0,1.0,1
3,13,60,40,124,24,0,0.0,-1
3,13,80,80,160,-5,0,0.0,3
3,13,90,20,190,36,0,0.0,2
3,13,220,70,-22,-77,-1,8.0,9
3,13,210,60,16,-64,-1,7.0,9
3,13,50,50,-1,-26,0,8.0,4
3,13,230,60,-2,-51,0,3.0,4
3,13,340,20,1,-5,-1,8.0,0
3,13,360,60,-1,-65,0,7.0,6
3,13,320,50,41,15,0,8.0,4
3,13,310,40,49,27,-1,8.0,5
3,13,290,50,61,27,-1,8.0,-10
3,13,240,20,71,-9,0,1.0,4
3,13,230,100,56,30,0,8.0,6
3,13,270,60,41,1,1,7.0,-8
3,13,220,60,62,4,0,4.0,0
3,13,240,60,70,-3,0,8.0,5
3,13,230,100,122,18,0,0.0,10
3,13,220,90,191,76,0,0.0,5
3,13,230,120,143,89,0,5.0,4
3,13,230,70,128,80,0,4.0,6
3,13,350,20,123,90,0,8.0,-3
3,13,60,30,112,69,0,4.0,7
3,13,90,70,168,43,0,1.0,0
3,13,210,70,174,76,0,8.0,-6
3,13,200,20,166,67,0,2.0,9
3,13,170,60,184,93,0,7.0,-27
3,13,240,30,126,80,6,8.0,25
3,13,70,40,160,88,0,2.0,7
3,13,150,30,147,102,0,8.0,4
3,13,260,50,115,104,1,8.0,8
3,13,990,10,152,92,0,8.0,4
3,13,90,50,127,113,5,8.0,3
3,13,90,30,141,87,0,8.0,9
3,13,240,80,1,-31,0,8.0,4
3,13,240,70,18,-37,0,4.0,2
3,13,40,30,8,-12,-1,8.0,-3
3,13,220,50,26,-26,0,7.0,-7
3,13,300,70,0,-12,-1,7.0,14
3,13,310,40,15,6,4,8.0,20
3,13,200,50,50,-28,0,4.0,2
3,13,200,70,50,43,17,8.0,5
3,13,250,40,79,72,3,8.0,-2
3,13,220,70,55,28,-1,8.0,2
3,13,360,50,-4,-24,0,8.0,-2
3,13,30,30,-11,-65,0,7.0,0
3,13,80,50,19,-64,0,0.0,0
3,13,80,30,40,-41,0,7.0,7
3,13,50,70,56,-54,0,7.0,5
3,13,50,60,24,-46,0,8.0,-2
3,13,50,60,37,-19,0,8.0,1
3,13,60,70,70,-4,0,1.0,5
3,13,20,50,36,22,0,3.0,7
3,13,60,30,59,9,0,8.0,9
3,13,40,50,47,-34,0,8.0,0
3,13,50,40,50,-63,0,2.0,9
3,13,80,70,83,-47,0,0.0,5
3,13,190,50,91,74,2,8.0,9
3,13,240,50,135,82,0,6.0,4
3,13,230,70,160,117,0,8.0,8
3,13,220,100,173,100,0,6.0,8
3,13,230,80,132,50,0,6.0,-15
3,13,250,30,98,63,1,8.0,-5
3,13,230,60,139,97,1,8.0,8
3,13,250,60,137,87,-1,2.0,-1
3,13,250,90,91,22,0,8.0,16
3,13,260,70,90,7,0,6.0,6
3,13,270,90,56,41,12,8.0,0
3,13,170,60,131,47,0,8.0,-1
3,13,250,60,85,34,6,4.0,-4
3,13,200,120,113,43,-1,8.0,-11
3,13,230,80,104,58,0,7.0,5
3,13,260,30,115,41,0,8.0,6
3,13,220,70,78,67,9,8.0,-1
3,13,230,60,103,27,0,2.0,6
3,13,200,30,129,45,0,0.0,9
3,13,50,40,156,28,0,0.0,7
3,13,310,20,149,51,0,0.0,-3
3,13,40,40,117,4,0,0.0,5
3,13,990,10,140,0,0,0.0,5
3,13,240,40,117,43,0,8.0,3
3,13,240,50,100,76,0,8.0,0
3,13,230,50,71,40,0,8.0,8
3,13,280,30,55,-13,0,7.0,1
3,13,330,50,78,-2,0,7.0,-22
3,13,310,40,54,19,-1,7.0,12
3,13,320,30,58,21,1,8.0,7
3,13,30,50,44,22,-1,8.0,0
3,13,30,50,66,62,1,8.0,10
3,13,90,80,122,28,0,3.0,-2
3,13,90,80,166,23,0,0.0,0
3,13,80,90,159,18,0,0.0,0
3,13,40,20,164,51,0,0.0,5
3,13,250,50,143,59,0,1.0,-7
3,13,80,10,117,73,0,8.0,6
3,13,40,60,139,64,0,8.0,4
3,13,280,90,104,24,0,7.0,-3
3,13,250,50,126,77,0,8.0,-3
3,13,270,60,82,-8,0,2.0,-1
3,13,330,70,53,16,-1,4.0,6
3,13,340,30,55,-33,0,7.0,-6
3,13,230,60,73,39,0,8.0,-1
3,13,220,60,78,37,0,8.0,5
3,13,220,60,100,15,0,3.0,-1
3,13,200,90,101,39,-1,8.0,2
3,13,190,120,83,15,-1,8.0,-15
3,13,220,120,92,36,0,8.0,-10
3,13,250,100,80,11,-1,8.0,-7
3,13,250,50,91,35,0,6.0,14
3,13,280,50,108,41,0,8.0,5
3,13,170,30,148,86,0,1.0,5
3,13,240,30,119,90,2,8.0,0
3,13,330,40,58,-5,0,8.0,-1
3,13,290,40,57,3,0,8.0,8
3,13,340,50,60,18,2,1.0,6
3,13,250,50,69,0,0,8.0,2
3,13,280,60,46,14,-1,5.0,6
3,13,10,40,53,14,0,6.0,2
3,13,220,30,42,-53,0,2.0,6
3,13,270,50,25,5,-1,8.0,6
3,13,280,50,25,7,3,8.0,-1
3,13,230,30,54,42,2,8.0,-2
3,13,110,20,71,57,8,8.0,1
3,13,190,110,99,11,0,8.0,2
3,13,230,80,113,25,0,8.0,7
3,13,210,70,94,59,11,8.0,-7
3,13,250,40,138,37,0,4.0,-10
3,13,200,40,122,57,0,8.0,3
3,13,260,30,81,23,0,7.0,-2
3,13,230,70,99,27,0,5.0,0
3,13,160,70,68,30,-1,8.0,6
3,13,320,50,59,11,0,8.0,4
3,13,310,40,55,27,1,8.0,5
3,13,230,40,80,32,0,3.0,11
3,13,240,70,99,65,-1,1.0,4
3,13,250,60,73,8,-1,8.0,5
3,13,210,90,51,32,1,8.0,5
3,13,310,20,80,17,0,8.0,12
3,13,240,50,85,75,-1,8.0,3
3,13,260,30,110,45,0,7.0,0
3,13,230,80,135,76,0,8.0,-19
3,13,290,50,105,40,0,8.0,4
3,13,990,10,85,41,0,8.0,3
3,13,40,40,113,65,0,7.0,9
3,13,40,40,100,2,0,8.0,9
3,13,50,50,99,-3,0,0.0,7
3,13,80,40,83,-51,0,0.0,3
3,13,350,20,103,-15,0,0.0,4
3,13,320,60,106,17,0,5.0,8
3,13,270,50,78,54,10,8.0,-1
3,13,310,70,67,17,1,8.0,5
3,13,270,50,84,50,-1,8.0,-34
3,13,220,100,73,55,3,8.0,-3
3,13,240,70,93,2,0,5.0,-4
3,13,240,70,79,20,0,4.0,17
3,13,330,50,94,15,0,6.0,-2
3,13,250,30,93,5,0,0.0,13
3,13,40,40,124,10,0,0.0,3
3,13,230,40,53,11,0,8.0,3
3,13,260,40,68,-2,-1,7.0,-2
3,13,70,60,57,-8,0,1.0,2
3,13,20,70,40,-55,0,2.0,-2
3,13,290,40,19,-17,-1,8.0,10
3,13,50,70,18,-53,0,7.0,-1
3,13,70,70,17,-76,0,0.0,2
3,13,40,20,12,-82,0,7.0,4
3,13,50,70,29,-82,0,0.0,1
3,13,30,90,65,-53,0,0.0,3
3,13,360,40,-3,-37,0,8.0,6
3,13,220,30,50,9,0,8.0,3
3,13,280,30,63,22,0,8.0,3
3,13,270,50,69,30,0,8.0,4
3,13,270,70,95,37,0,8.0,-5
3,13,280,10,67,35,0,8.0,5
3,13,240,60,133,32,0,8.0,0
3,13,190,50,177,31,0,6.0,6
3,13,220,60,157,93,-1,8.0,-1
3,13,220,100,171,106,0,8.0,-5
3,13,260,30,76,68,6,8.0,2
3,13,220,40,118,50,0,8.0,2
3,13,990,10,130,75,0,8.0,0
3,13,180,60,205,65,0,0.0,-6
3,13,180,60,205,86,0,8.0,-11
3,13,180,30,97,80,1,8.0,12
3,13,230,50,115,45,0,8.0,4
3,13,250,40,88,59,3,8.0,18
3,13,270,30,137,93,0,8.0,0
3,13,210,70,108,71,-1,8.0,-3
3,13,210,120,83,10,-1,8.0,2
3,13,40,80,79,22,0,1.0,-6
3,13,40,70,78,-21,0,4.0,4
3,13,60,60,63,-57,0,0.0,3
3,13,40,40,74,-12,0,0.0,3
3,13,30,40,11,-4,0,8.0,7
3,13,50,50,49,-27,0,0.0,4
3,13,90,70,66,-93,0,0.0,11
3,13,230,70,109,-22,0,0.0,9
3,13,230,70,81,31,0,8.0,-1
3,13,230,100,89,31,0,8.0,5
3,13,250,50,102,25,0,7.0,-4
3,13,210,70,136,32,0,3.0,4
3,13,200,50,120,68,0,8.0,-1
3,13,220,20,112,87,0,8.0,3
3,13,90,60,165,83,0,1.0,3
3,13,50,70,127,72,0,3.0,7
3,13,280,30,61,46,0,8.0,3
3,13,220,50,74,46,0,7.0,5
3,13,70,40,100,4,0,0.0,-2
3,13,990,10,96,-38,0,8.0,0
3,13,340,20,132,-28,0,0.0,3
3,13,60,30,147,-10,0,0.0,1
3,13,50,40,148,41,0,0.0,12
3,13,80,50,156,54,0,0.0,1
3,13,340,20,158,64,0,0.0,0
3,13,40,40,94,15,0,7.0,-4
3,13,50,30,137,41,0,0.0,5
3,13,20,40,112,-1,0,0.0,8
3,13,250,20,148,17,0,0.0,2
3,13,210,80,140,70,0,8.0,12
3,13,240,100,141,105,0,8.0,-5
3,13,70,20,101,89,0,8.0,2
3,13,60,40,78,73,0,8.0,9
3,13,220,40,111,65,0,8.0,4
3,13,180,30,98,83,4,8.0,-2
3,13,200,110,41,4,0,8.0,0
3,13,190,30,82,10,0,8.0,1
3,13,210,110,60,4,0,8.0,-1
3,13,300,30,72,9,0,6.0,5
3,13,230,60,111,28,0,7.0,-3
3,13,270,30,89,81,-1,8.0,5
3,13,30,20,123,45,0,7.0,2
3,13,240,20,95,64,0,8.0,15
3,13,70,20,83,37,0,8.0,1
3,13,30,40,95,38,0,1.0,1
3,13,120,20,171,38,0,0.0,9
3,13,240,20,181,91,0,0.0,13
3,13,250,30,87,82,0,8.0,5
3,13,240,60,99,42,0,8.0,2
3,13,330,20,100,11,0,0.0,-3
3,13,230,40,124,25,0,2.0,4
3,13,50,50,144,41,0,0.0,5
3,13,70,60,185,60,0,0.0,-1
3,13,40,30,186,81,0,0.0,6
3,13,50,40,179,68,0,0.0,4
3,13,20,40,168,61,0,0.0,8
3,13,40,40,172,36,0,0.0,3
3,13,50,40,171,45,0,1.0,6
3,13,350,30,176,58,0,0.0,0
3,13,330,60,125,61,0,8.0,3
3,13,300,30,98,69,0,8.0,4
3,13,320,50,93,36,0,8.0,-9
3,13,30,20,33,14,0,8.0,3
3,13,60,10,23,-31,0,8.0,3
3,13,50,30,45,17,0,8.0,5
3,13,80,50,105,10,0,0.0,7
3,13,80,30,164,18,0,0.0,6
3,13,330,20,161,52,0,1.0,20
3,13,210,20,139,51,0,8.0,-1
3,13,60,30,154,94,0,8.0,-4
3,13,230,50,92,80,4,8.0,9
3,13,340,50,6,-10,-1,8.0,-4
3,13,50,70,-22,-62,-1,8.0,-7
3,13,40,90,-37,-54,5,8.0,4
3,13,220,40,-9,-73,0,8.0,8
3,13,350,40,17,-56,0,7.0,-5
3,13,230,70,22,-24,-1,8.0,5
3,13,160,40,60,-51,0,8.0,-2
3,13,200,70,76,17,0,8.0,11
3,13,200,30,108,-14,0,2.0,2
3,13,230,50,62,25,-1,8.0,-3
3,13,340,30,3,1,7,9.0,2
3,13,990,10,27,-43,0,8.0,1
3,13,80,80,48,-14,0,8.0,4
3,13,90,110,18,-38,0,8.0,2
3,13,80,80,6,-102,0,8.0,10
3,13,40,80,24,-73,0,0.0,9
3,13,60,70,35,-77,0,0.0,9
3,13,70,70,42,-82,0,0.0,7
3,13,50,30,52,-53,0,4.0,-8
3,13,40,30,0,-42,0,8.0,5
3,13,50,50,32,-54,0,8.0,0
3,13,50,30,33,-38,0,7.0,-12
3,13,290,10,71,29,0,8.0,-9
3,13,210,60,87,7,0,1.0,-12
3,13,210,70,79,29,0,6.0,7
3,13,230,50,96,36,0,2.0,7
3,13,340,30,99,27,0,6.0,1
3,13,220,20,126,6,0,0.0,5
3,13,240,50,135,35,0,2.0,-5
3,13,120,40,176,45,0,0.0,5
3,13,190,40,202,15,0,0.0,8
3,13,30,50,173,31,0,0.0,5
3,13,50,40,127,68,0,0.0,7
3,13,40,30,156,64,0,0.0,8
3,13,340,10,182,45,0,0.0,0
3,13,210,30,145,63,0,0.0,9
3,13,290,50,106,41,0,7.0,-4
3,13,240,80,129,76,0,8.0,6
3,13,240,50,112,69,0,8.0,4
3,13,240,60,95,63,-1,8.0,-2
3,13,230,80,156,67,0,6.0,-3
3,13,170,80,209,29,0,0.0,4
3,13,270,60,71,43,0,8.0,4
3,13,220,60,73,49,-1,8.0,12
3,13,220,50,78,22,0,8.0,13
3,13,140,10,72,13,-1,2.0,11
3,13,90,40,91,-2,0,1.0,8
3,13,290,20,93,11,0,1.0,-6
3,13,70,40,126,28,0,0.0,11
3,13,100,60,164,41,0,8.0,8
3,13,80,50,195,46,0,0.0,-1
3,13,20,10,196,59,0,8.0,3
3,13,110,20,200,57,0,2.0,12
3,13,270,60,73,46,4,8.0,20
3,13,240,70,76,0,0,7.0,-22
3,13,240,100,68,20,1,8.0,-7
3,13,260,50,70,8,0,1.0,-6
3,13,280,20,76,10,0,8.0,5
3,13,250,40,88,19,0,8.0,-4
3,13,250,40,128,17,0,8.0,4
3,13,230,50,168,-31,0,0.0,14
3,13,300,10,105,74,0,8.0,2
3,13,340,20,117,60,0,7.0,6
3,13,40,40,83,16,0,0.0,8
3,13,80,50,110,3,0,0.0,7
3,13,80,70,83,-8,0,1.0,-3
3,13,30,60,61,15,0,8.0,-8
3,13,80,50,61,23,0,8.0,2
3,13,100,20,100,25,0,1.0,7
3,13,70,40,162,39,0,0.0,4
3,13,330,40,155,60,0,0.0,-2
3,13,340,10,61,45,0,8.0,6
3,13,20,30,78,42,0,8.0,-5
3,13,300,40,75,39,-1,8.0,-1
3,13,40,50,54,7,0,8.0,3
3,13,260,20,103,16,0,3.0,3
3,13,250,30,92,25,0,4.0,4
3,13,290,30,58,45,5,8.0,4
3,13,210,70,74,-3,0,8.0,-22
3,13,260,50,97,32,0,7.0,-8
3,13,200,80,82,74,3,8.0,1
3,13,220,120,109,90,4,8.0,-4
3,13,290,80,94,-11,0,8.0,0
3,13,280,100,115,-1,0,4.0,1
3,13,200,80,47,-34,-1,8.0,-12
3,13,240,70,83,-4,0,4.0,4
3,13,340,40,56,14,0,8.0,1
3,13,180,50,38,23,9,8.0,4
3,13,10,20,41,32,-1,8.0,5
3,13,330,30,49,21,0,7.0,-9
3,13,330,30,40,10,0,8.0,-2
3,13,200,40,45,17,0,6.0,1
3,13,130,70,78,-26,0,8.0,-5
3,13,30,40,89,1,0,8.0,-2
3,13,40,50,92,30,0,7.0,0
3,13,70,50,73,2,0,2.0,-2
3,13,40,60,88,14,0,0.0,4
3,13,60,50,70,-5,0,6.0,8
3,13,40,70,60,22,0,8.0,-7
3,13,60,80,73,-21,0,7.0,11
3,13,60,40,97,-1,0,0.0,3
3,13,240,10,34,18,0,8.0,2
3,13,10,20,57,24,0,8.0,0
3,13,340,10,77,19,0,1.0,6
3,13,350,20,92,16,0,8.0,-2
3,13,330,40,105,45,0,8.0,-6
3,13,340,40,84,33,0,8.0,4
3,13,240,30,87,31,0,8.0,1
3,13,270,40,79,71,-1,8.0,1
3,13,200,90,140,61,0,7.0,5
3,13,220,100,120,33,1,4.0,5
3,13,220,90,125,66,-1,7.0,-8
3,13,230,60,104,21,0,8.0,-33
3,13,240,70,112,25,0,8.0,4
3,13,50,60,68,42,4,8.0,1
3,13,230,80,83,37,0,8.0,-4
3,13,250,90,84,-3,-1,8.0,-6
3,13,160,40,113,9,0,8.0,4
3,13,210,40,134,70,0,8.0,-1
3,13,180,80,82,17,0,7.0,-11
3,13,260,40,65,46,4,8.0,0
3,13,260,30,79,49,1,6.0,5
3,13,190,70,66,58,12,8.0,8
3,13,250,50,122,98,0,8.0,6
3,13,120,20,99,11,0,8.0,5
3,13,70,40,126,10,0,8.0,-2
3,13,60,50,150,39,0,7.0,5
3,13,280,10,138,39,0,8.0,6
3,13,250,50,142,59,0,8.0,1
3,13,270,20,142,67,0,8.0,7
3,13,200,30,162,53,0,1.0,7
3,13,270,50,99,32,0,8.0,5
3,13,250,60,111,106,3,8.0,4
3,13,240,90,118,80,0,8.0,4
3,13,220,90,126,67,0,8.0,-4
3,13,260,50,103,7,0,7.0,-3
3,13,160,40,102,19,0,8.0,1
3,13,80,50,132,54,0,8.0,12
3,13,60,70,118,48,0,8.0,10
3,13,60,80,143,1,0,8.0,1
3,13,60,50,146,31,0,8.0,-5
3,13,80,60,165,18,0,0.0,4
3,13,250,40,195,64,0,2.0,-1
3,13,230,70,147,88,0,8.0,0
3,13,210,50,214,82,0,8.0,2
3,13,190,60,226,68,0,8.0,-15
3,13,80,110,-2,-144,0,8.0,7
3,13,80,90,-9,-116,0,8.0,3
3,13,50,50,32,1,0,8.0,5
3,13,110,30,125,46,0,8.0,-9
3,13,160,30,111,43,0,8.0,4
3,13,230,40,111,59,0,8.0,0
3,13,180,30,75,38,0,8.0,1
3,13,220,80,61,44,24,8.0,6
3,13,200,30,87,45,0,8.0,1
3,13,200,60,146,97,0,8.0,-2
3,13,190,60,143,83,0,8.0,5
3,13,210,70,128,70,0,8.0,8
3,13,290,50,49,41,4,8.0,-1
3,13,130,30,112,33,0,2.0,10
3,13,90,50,97,33,0,8.0,-2
3,13,310,30,93,80,0,8.0,3
3,13,50,90,-25,-44,0,8.0,4
3,13,50,80,-11,-72,0,8.0,13
3,13,60,60,20,-73,0,8.0,4
3,13,20,100,73,-65,0,1.0,9
3,13,230,30,59,-5,0,8.0,8
3,13,260,40,61,56,-1,8.0,3
3,13,190,70,68,28,0,8.0,-5
3,13,90,30,114,26,0,8.0,7
3,13,320,40,129,22,0,8.0,1
3,13,300,30,107,2,0,3.0,-5
3,13,180,40,76,48,4,8.0,-3
3,13,150,20,73,64,23,8.0,5
3,13,240,60,101,9,0,1.0,5
3,13,140,40,142,4,0,8.0,3
3,13,250,30,116,28,0,8.0,4
3,13,330,50,57,53,1,8.0,1
3,13,220,50,90,75,0,8.0,6
3,13,220,90,108,86,0,8.0,6
3,13,260,70,77,27,0,8.0,10
3,13,250,50,78,26,0,4.0,14
3,13,190,70,129,47,0,8.0,-7
3,13,220,80,91,48,-1,8.0,7
3,13,250,60,102,27,0,8.0,-9
3,13,230,100,105,51,0,8.0,-4
3,13,250,120,116,51,0,8.0,-8
3,13,280,50,64,19,0,8.0,8
3,13,200,110,99,-16,0,8.0,1
3,13,230,80,66,50,11,8.0,13
3,13,240,80,89,77,11,8.0,11
3,13,240,70,113,94,2,8.0,1
3,13,230,100,104,63,0,8.0,3
3,13,310,60,68,10,1,8.0,-16
3,13,230,40,66,29,2,8.0,23
3,13,240,30,100,23,0,8.0,-2
3,13,250,40,119,60,0,8.0,4
3,13,990,10,151,39,0,0.0,7
3,13,60,20,184,50,0,0.0,6
3,13,330,20,99,63,0,8.0,5
3,13,340,40,117,25,0,8.0,-7
3,13,320,80,84,29,2,1.0,3
3,13,300,20,85,27,0,8.0,0
3,13,310,10,98,22,0,8.0,1
3,13,990,10,121,48,0,8.0,0
3,13,30,40,161,73,0,0.0,5
3,13,240,50,174,42,0,0.0,3
3,13,50,70,127,72,0,8.0,7
3,13,220,90,90,13,0,8.0,2
3,13,190,30,84,52,-1,8.0,-1
3,13,240,50,61,20,0,8.0,6
3,13,240,40,77,39,-1,8.0,8
3,13,80,40,74,69,6,8.0,-2
3,13,290,30,70,42,0,8.0,3
3,13,240,40,83,3,0,3.0,4
3,13,200,80,88,66,3,8.0,0
3,13,250,40,83,27,0,8.0,16
3,13,230,80,112,108,4,8.0,6
3,13,250,50,128,118,3,8.0,6
3,13,250,70,108,-10,0,1.0,-1
3,13,240,70,92,13,0,8.0,11
3,13,200,60,107,25,0,4.0,-3
3,13,210,90,127,54,0,8.0,9
3,13,230,10,155,66,0,8.0,-3
3,13,230,60,133,-7,0,8.0,3
3,13,240,60,156,71,0,8.0,2
3,13,990,10,158,72,0,1.0,-6
3,13,30,70,80,53,0,8.0,-3
3,13,70,90,87,-9,0,4.0,6
3,13,100,90,93,-69,0,0.0,7
3,13,90,70,99,-93,0,0.0,7
3,13,100,50,110,-95,0,0.0,3
3,13,70,60,105,-80,0,0.0,2
3,13,40,60,103,-54,0,0.0,9
3,13,60,60,131,7,0,0.0,4
3,13,20,70,137,8,0,0.0,-2
3,13,30,100,24,5,2,8.0,13
3,13,320,40,71,-29,0,7.0,5
3,13,50,50,83,-29,0,0.0,4
3,13,40,21,80,18,0,4.0,-3
3,13,220,21,58,40,0,8.0,2
3,13,230,46,100,24,0,7.0,6
3,13,130,51,113,33,0,8.0,-1
3,13,180,36,117,86,0,8.0,10
3,13,160,57,160,72,0,3.0,5
3,13,130,46,148,81,-1,6.0,8
3,13,100,41,135,90,-1,8.0,3
3,13,240,31,113,94,0,7.0,4
3,13,200,46,150,32,0,2.0,0
3,13,200,46,140,66,0,7.0,10
3,13,170,31,148,66,0,3.0,2
3,13,160,21,170,50,0,2.0,7
3,13,210,51,176,74,0,6.0,-6
3,13,230,31,106,87,0,8.0,-2
3,13,170,51,142,86,0,8.0,5
3,13,210,36,128,62,0,8.0,0
3,13,210,46,115,66,0,8.0,2
3,13,250,62,125,112,-1,8.0,-1
3,13,230,51,144,81,0,6.0,-8
3,13,280,36,110,47,0,8.0,1
3,13,340,36,99,-9,0,5.0,-3
3,13,30,41,93,-3,0,5.0,2
3,13,30,57,110,10,0,3.0,0
3,13,60,113,110,-21,0,1.0,-7
3,13,80,87,80,-2,0,8.0,7
3,13,60,72,123,4,0,2.0,2
3,13,80,41,105,24,0,7.0,0
3,13,60,62,105,-36,0,1.0,0
3,13,990,10,98,-25,0,1.0,5
3,13,250,31,112,53,0,7.0,4
3,13,200,62,157,35,0,0.0,2
3,13,270,72,86,15,0,5.0,-3
3,13,240,62,85,54,-1,8.0,2
3,13,230,26,126,85,0,7.0,4
3,13,140,41,145,39,0,7.0,5
3,13,290,62,97,21,0,5.0,10
3,13,170,62,137,10,0,6.0,3
3,13,270,26,112,49,0,8.0,3
3,13,220,10,99,36,0,7.0,3
3,13,210,93,120,16,0,7.0,0
3,13,280,103,87,14,0,4.0,-6
3,13,240,93,93,79,19,8.0,-1
3,13,260,67,79,55,8,7.0,-20
3,13,280,87,54,-31,0,5.0,9
3,13,300,26,49,12,0,7.0,1
3,13,290,26,79,-6,0,6.0,5
3,13,240,31,99,80,0,8.0,4
3,13,170,31,117,47,0,8.0,7
3,13,280,46,108,31,0,7.0,1
3,13,250,51,101,87,-1,8.0,2
3,13,280,118,80,3,0,7.0,11
3,13,330,67,87,47,0,6.0,4
3,13,330,36,60,23,-1,7.0,1
3,13,30,87,75,-7,0,7.0,-5
3,13,360,41,62,-12,0,7.0,4
3,13,180,51,47,35,-1,8.0,5
3,13,350,46,84,31,-1,7.0,12
3,13,310,93,64,-22,0,7.0,0
3,13,150,46,69,-3,0,7.0,13
3,13,160,62,107,13,0,7.0,2
3,13,240,36,89,41,0,8.0,-2
3,13,50,72,11,-18,0,8.0,4
3,13,70,108,57,-19,0,6.0,8
3,13,70,46,0,-54,0,7.0,9
3,13,360,26,15,-17,0,7.0,4
3,13,280,51,55,-5,0,8.0,-6
3,13,310,57,89,58,0,7.0,-1
3,13,40,36,65,35,0,8.0,5
3,13,120,57,87,-9,0,3.0,1
3,13,130,46,74,-23,0,0.0,6
3,13,260,46,122,29,0,7.0,-6
3,13,990,10,135,36,0,4.0,-3
3,13,200,36,157,22,0,0.0,3
3,13,210,36,159,23,0,1.0,1
3,13,200,51,164,65,0,6.0,10
3,13,220,46,172,49,0,1.0,3
3,13,260,77,131,82,0,7.0,-19
3,13,250,67,151,90,0,7.0,7
3,13,260,62,121,50,0,7.0,0
3,13,300,67,99,0,0,1.0,2
3,13,220,31,122,34,0,6.0,6
3,13,250,31,140,32,0,6.0,9
3,13,220,62,135,73,0,8.0,3
3,13,260,82,99,-24,0,1.0,1
3,13,310,62,100,-20,0,3.0,-20
3,13,340,62,82,-8,0,6.0,1
3,13,40,21,88,-25,0,3.0,3
3,13,120,21,79,-99,0,1.0,-2
3,13,130,51,72,-72,0,3.0,-1
3,13,150,26,89,-100,0,1.0,5
3,13,160,46,131,-50,0,7.0,5
3,13,220,57,168,90,0,7.0,9
3,13,230,26,78,66,-1,8.0,2
3,13,220,51,71,68,2,8.0,8
3,13,200,67,95,51,0,7.0,9
3,13,220,51,98,7,0,6.0,2
3,13,210,51,135,21,0,7.0,2
3,13,250,57,94,36,0,7.0,-7
3,13,260,67,104,85,0,8.0,3
3,13,240,51,115,104,0,8.0,11
3,13,230,46,103,86,0,8.0,1
3,13,310,51,104,25,0,2.0,-8
3,13,230,26,104,2,0,5.0,3
3,13,290,67,81,32,0,7.0,12
3,13,270,118,113,50,-1,8.0,-9
3,13,240,82,116,65,0,8.0,8
3,13,260,72,98,89,11,8.0,-2
3,13,270,108,61,14,3,7.0,18
3,13,280,103,66,-8,0,5.0,2
3,13,250,41,73,46,-1,8.0,9
3,13,280,93,71,-6,0,5.0,-4
3,13,280,77,72,-20,0,7.0,2
3,13,20,51,84,18,0,3.0,3
3,13,230,41,72,31,1,8.0,-3
3,13,230,82,116,107,0,8.0,7
3,13,280,93,103,17,0,5.0,-1
3,13,240,93,109,97,2,8.0,-1
3,13,300,82,72,23,0,5.0,11
3,13,150,41,84,4,0,5.0,4
3,13,210,57,129,78,0,7.0,-4
3,13,250,77,150,63,0,5.0,-4
3,13,180,87,188,87,0,3.0,3
3,13,230,82,132,33,0,4.0,3
3,13,220,82,98,63,-1,7.0,-9
3,13,240,67,47,14,0,6.0,5
3,13,250,82,64,-30,0,5.0,-5
3,13,160,15,49,23,0,2.0,-4
3,13,200,62,24,18,7,8.0,3
3,13,280,87,67,14,-1,6.0,-6
3,13,190,98,76,3,0,6.0,7
3,13,210,57,44,23,2,8.0,-10
3,13,240,31,83,17,0,4.0,12
3,13,130,72,112,12,0,6.0,6
3,13,160,41,134,31,0,5.0,10
3,13,20,31,139,87,0,2.0,5
3,13,80,51,135,-2,0,1.0,2
3,13,50,10,72,17,0,3.0,7
3,13,280,57,62,-3,-1,7.0,-13
3,13,240,67,76,6,0,3.0,3
3,13,230,98,124,96,-1,7.0,-16
3,13,270,67,99,20,0,6.0,8
3,13,280,67,90,19,0,2.0,-20
3,13,290,51,35,14,5,4.0,15
3,13,330,67,64,9,-1,7.0,19
3,13,240,31,87,-9,0,1.0,7
3,13,240,31,132,3,0,0.0,8
3,13,280,51,126,73,0,5.0,-3
3,13,300,87,93,12,0,6.0,-6
3,13,270,72,103,66,0,8.0,1
3,13,320,72,53,11,3,5.0,3
3,13,210,51,15,11,6,8.0,1
3,13,330,57,58,24,1,2.0,-13
3,13,270,21,80,-10,0,6.0,-4
3,13,240,36,80,80,2,8.0,10
3,13,320,26,55,52,3,8.0,-1
3,13,330,36,41,-25,0,7.0,1
3,13,40,10,29,-9,0,7.0,11
3,13,230,36,18,18,3,8.0,3
3,13,330,41,30,15,-1,8.0,-6
3,13,340,36,61,43,-1,6.0,-1
3,13,70,77,47,12,0,8.0,4
3,13,110,72,77,-18,0,0.0,5
3,13,120,51,88,-19,0,0.0,4
3,13,60,62,67,-38,0,0.0,1
3,13,90,72,26,-68,0,4.0,-1
3,13,90,62,13,-99,0,1.0,2
3,13,70,67,16,-62,0,2.0,4
3,13,100,82,52,-57,0,4.0,12
3,13,80,57,57,-21,0,8.0,8
3,13,110,36,81,19,0,7.0,12
3,13,190,15,68,32,0,8.0,9
3,13,990,10,60,26,0,8.0,2
3,13,20,21,87,33,0,7.0,1
3,13,990,15,120,38,0,5.0,9
3,13,160,57,94,78,4,8.0,6
3,13,200,31,83,77,-1,8.0,-1
3,13,260,36,111,108,-1,8.0,2
3,13,40,36,70,59,0,8.0,3
3,13,90,62,122,58,0,7.0,4
3,13,30,82,38,15,0,8.0,-6
3,13,60,41,68,-109,0,1.0,5
3,13,250,67,67,-35,0,6.0,3
3,13,300,82,32,17,7,7.0,21
3,13,340,51,43,-7,0,6.0,8
3,13,320,10,28,24,5,7.0,-13
3,13,200,50,121,62,0,7.0,-2
3,13,230,60,119,91,-1,8.0,-8
3,13,240,30,112,15,0,3.0,-1
3,13,110,50,115,84,0,7.0,6
3,13,30,30,88,66,0,8.0,16
3,13,80,40,110,60,0,7.0,-4
3,13,210,50,143,66,0,6.0,9
3,13,20,20,137,79,0,6.0,2
3,13,60,40,142,73,0,0.0,5
3,13,160,10,164,24,0,0.0,12
3,13,50,20,74,74,0,7.0,21
3,13,200,20,130,64,0,0.0,13
3,13,250,50,136,87,0,4.0,-1
3,13,250,40,105,93,4,7.0,16
3,13,260,40,100,100,3,8.0,4
3,13,260,50,123,100,0,8.0,-2
3,13,280,50,138,69,0,5.0,1
3,13,230,50,86,64,-1,8.0,2
3,13,320,70,90,64,0,7.0,-4
3,13,270,50,70,31,-1,7.0,3
3,13,310,60,89,49,-1,6.0,-9
3,13,990,10,86,-9,0,5.0,3
3,13,200,30,66,62,4,8.0,5
3,13,990,10,89,58,0,8.0,-1
3,13,330,10,100,58,0,7.0,3
3,13,220,50,132,79,0,8.0,0
3,13,280,70,148,13,0,2.0,5
3,13,320,100,88,32,0,7.0,-6
3,13,340,70,94,27,0,6.0,-4
3,13,300,50,128,48,0,5.0,10
3,13,260,30,143,40,0,0.0,2
3,13,230,60,30,23,3,8.0,1
3,13,270,80,102,48,0,7.0,2
3,13,210,100,120,92,-1,8.0,6
3,13,230,70,133,119,7,8.0,-39
3,13,290,120,71,20,-1,7.0,-2
3,13,220,70,85,79,8,8.0,5
3,13,250,80,126,83,8,7.0,-19
3,13,30,80,51,41,0,8.0,-5
3,13,10,40,79,15,0,4.0,-3
3,13,230,50,85,-13,0,7.0,5
3,13,180,50,38,32,-1,8.0,0
3,13,240,60,67,4,0,7.0,-2
3,13,240,40,47,43,-1,8.0,4
3,13,310,70,93,67,0,7.0,1
3,13,290,60,119,89,0,7.0,3
3,13,290,40,109,80,0,8.0,4
3,13,270,40,119,84,0,8.0,-4
3,13,310,60,114,57,0,7.0,-7
3,13,350,50,104,-7,0,4.0,1
3,13,300,70,107,79,-1,6.0,-11
3,13,40,30,98,33,0,6.0,-10
3,13,360,70,78,49,-1,8.0,17
3,13,60,60,48,-4,0,7.0,1
3,13,110,30,84,-58,0,6.0,4
3,13,200,50,118,-35,0,6.0,3
3,13,200,50,104,27,0,8.0,-15
3,13,230,30,111,109,-1,8.0,1
3,13,150,40,152,104,0,8.0,7
3,13,130,40,190,86,0,7.0,4
3,13,260,40,195,127,0,7.0,-15
3,13,300,30,164,89,0,4.0,1
3,13,250,90,111,108,39,8.0,2
3,13,240,80,116,116,22,8.0,2
3,13,210,80,100,48,0,7.0,10
3,13,170,50,87,36,0,7.0,0
3,13,240,30,59,32,-1,7.0,-5
3,13,240,40,34,25,13,8.0,13
3,13,200,80,42,20,0,8.0,1
3,13,180,50,66,49,1,7.0,6
3,13,280,30,55,45,0,8.0,3
3,13,240,30,78,46,0,6.0,-17
3,13,120,50,75,26,0,5.0,7
3,13,120,50,150,71,0,5.0,7
3,13,220,50,176,60,0,7.0,-11
3,13,280,20,108,105,0,3.0,23
3,13,30,20,111,43,0,7.0,3
3,13,60,40,118,29,0,4.0,2
3,13,100,20,112,48,0,7.0,2
3,13,220,40,113,32,0,8.0,1
3,13,330,60,96,11,0,6.0,-9
3,13,260,40,100,30,0,7.0,-3
3,13,210,80,58,41,18,8.0,-1
3,13,340,80,69,19,-1,7.0,-3
3,13,280,60,97,82,1,8.0,-2
3,13,210,40,98,55,0,8.0,6
3,13,200,70,160,67,0,7.0,-6
3,13,200,30,121,72,0,7.0,-2
3,13,340,40,100,44,0,5.0,11
3,13,10,20,108,24,0,2.0,2
3,13,180,60,151,27,0,4.0,5
3,13,200,50,170,91,0,6.0,7
3,13,110,20,174,85,0,4.0,14
3,13,310,60,86,32,-1,7.0,-18
3,13,220,60,69,12,-1,8.0,-6
3,13,280,80,74,24,0,7.0,1
3,13,330,40,0,-1,7,5.0,20
3,13,280,50,71,23,0,7.0,-2
3,13,240,60,86,11,0,7.0,4
3,13,250,70,131,72,0,7.0,1
3,13,260,70,116,101,5,8.0,1
3,13,290,100,124,88,0,8.0,-7
3,13,180,40,82,58,-1,8.0,7
3,13,300,80,97,47,0,7.0,18
3,13,260,20,108,53,0,7.0,5
3,13,250,40,103,70,-1,8.0,-10
3,13,280,70,90,83,10,8.0,-18
3,13,290,70,90,18,0,7.0,-11
3,13,280,60,97,74,0,8.0,2
3,13,340,40,101,60,0,8.0,2
3,13,340,80,82,19,0,7.0,3
3,13,40,30,73,29,0,4.0,12
3,13,310,10,108,40,0,7.0,-7
3,13,0,0,104,50,0,7.0,8
3,13,180,20,155,58,0,2.0,4
3,13,110,30,148,32,0,7.0,6
3,13,210,40,125,95,0,7.0,-17
3,13,260,50,106,69,6,7.0,7
3,13,200,40,111,34,0,6.0,-47
3,13,30,60,59,48,-1,8.0,0
3,13,20,60,39,24,-1,8.0,1
3,13,50,70,68,45,0,8.0,1
3,13,30,50,74,47,0,8.0,-3
3,13,300,10,76,35,0,8.0,8
3,13,270,20,44,13,0,7.0,1
3,13,60,20,36,13,1,7.0,-4
3,13,70,40,1,-34,0,8.0,1
3,13,60,30,33,6,-1,8.0,-2
3,13,140,30,33,-20,0,8.0,4
3,13,100,50,87,8,0,1.0,6
3,13,210,40,156,110,0,7.0,-3
3,13,110,40,92,84,5,8.0,0
3,13,220,50,110,91,0,8.0,1
3,13,210,40,114,106,1,8.0,9
3,13,180,40,112,105,-1,8.0,11
3,13,240,50,107,20,0,3.0,-2
3,13,240,40,71,56,7,7.0,-1
3,13,270,90,96,29,0,4.0,5
3,13,280,20,104,50,0,6.0,8
3,13,80,40,95,61,0,8.0,-1
3,13,20,20,58,34,0,8.0,4
3,13,30,20,52,49,5,8.0,3
3,13,340,70,65,-3,-1,7.0,-12
3,13,80,50,48,-27,0,7.0,0
3,13,100,50,24,17,-1,8.0,3
3,13,310,40,46,29,0,8.0,0
3,13,200,50,118,112,7,7.0,6
3,13,60,50,110,73,0,6.0,9
3,13,30,70,30,17,0,8.0,0
3,13,90,40,46,-5,0,7.0,2
3,13,130,60,60,-3,0,7.0,-4
3,13,180,90,129,57,0,7.0,-8
3,13,250,40,74,61,3,8.0,5
3,13,260,40,99,56,0,7.0,-4
3,13,220,80,137,59,0,8.0,0
3,13,20,30,71,31,0,5.0,9
3,13,220,30,68,-40,0,,2
3,13,250,50,79,29,0,,-11
3,13,270,30,100,45,0,8.0,0
3,13,300,50,87,36,0,7.0,8
3,13,240,70,83,65,4,8.0,3
3,13,280,130,124,34,0,3.0,-3
3,13,220,50,124,29,0,7.0,4
3,13,230,60,117,74,0,,10
3,13,210,80,112,12,0,,5
3,13,200,60,148,50,0,7.0,4
3,13,100,20,114,74,-1,7.0,5
3,13,40,70,55,41,1,8.0,-3
3,13,80,80,43,7,0,7.0,7
3,13,110,70,77,42,0,5.0,5
3,13,130,30,155,84,0,,-2
3,13,220,40,123,94,-1,,-10
3,13,190,100,130,75,0,7.0,-18
3,13,260,50,108,64,0,7.0,3
3,13,300,80,127,75,0,7.0,4
3,13,270,60,131,98,0,7.0,-3
3,13,310,70,108,71,0,7.0,-1
3,13,30,40,84,14,0,,-4
3,13,50,20,80,14,0,,-3
3,13,40,20,81,-11,0,7.0,2
3,13,10,10,84,-3,0,8.0,4
3,13,60,50,97,-31,0,,12
3,13,80,60,132,-14,0,1.0,9
3,13,170,60,138,-11,0,0.0,6
3,13,180,30,151,30,0,,12
3,13,210,50,164,52,0,,-4
3,13,200,50,123,65,0,1.0,3
3,13,50,20,106,78,0,4.0,0
3,13,140,10,100,50,0,8.0,0
3,13,180,60,114,45,0,8.0,-5
3,13,200,40,136,106,0,8.0,2
3,13,300,70,67,50,0,8.0,6
3,13,200,50,99,45,0,2.0,1
3,13,240,70,102,41,0,8.0,0
3,13,230,50,116,60,0,4.0,13
3,13,230,50,135,57,0,7.0,-3
3,13,240,40,109,102,4,8.0,-1
3,13,10,80,85,64,-1,8.0,1
3,13,40,40,85,8,0,1.0,9
3,13,70,60,96,-41,0,1.0,4
3,13,80,70,106,-4,0,1.0,6
3,13,120,40,130,-17,0,1.0,0
3,13,10,50,109,16,0,1.0,-6
3,13,70,50,118,28,0,2.0,-1
3,13,350,40,116,18,0,2.0,-1
3,13,260,20,85,21,0,0.0,6
3,13,70,60,98,4,0,0.0,4
3,13,100,50,128,-23,0,1.0,4
3,13,120,30,164,-33,0,3.0,9
3,13,240,50,211,46,0,1.0,-8
3,13,990,10,165,54,0,4.0,5
3,13,70,50,173,8,0,0.0,6
3,13,360,30,163,34,0,2.0,5
3,13,100,40,201,49,0,1.0,3
3,13,270,30,176,87,0,1.0,-4
3,13,20,30,155,64,0,1.0,-7
3,13,10,50,115,21,0,2.0,2
3,13,10,40,41,-24,0,4.0,1
3,13,320,50,76,13,0,3.0,1
3,13,270,40,73,2,0,0.0,5
3,13,140,50,109,7,0,8.0,0
3,13,100,40,74,-7,0,7.0,1
3,13,260,30,33,24,-1,8.0,14
3,13,320,30,80,26,0,5.0,-6
3,13,10,50,63,9,0,7.0,4
3,13,30,90,34,-24,0,8.0,-9
3,13,20,50,17,1,-1,8.0,3
3,13,90,30,42,-4,0,8.0,10
3,13,130,50,53,-8,0,7.0,5
3,13,220,70,100,46,0,8.0,2
3,13,210,100,136,56,0,7.0,-5
3,13,230,60,127,79,0,8.0,4
3,13,220,40,159,113,0,8.0,3
3,13,220,40,202,84,0,0.0,2
3,13,210,40,143,108,-1,3.0,-6
3,13,210,80,110,74,4,8.0,-2
3,13,220,90,122,110,8,8.0,0
3,13,250,90,117,37,-1,8.0,-10
3,13,280,60,83,32,0,5.0,9
3,13,330,30,53,30,-1,8.0,1
3,13,20,50,67,36,-1,8.0,12
3,13,30,30,71,9,0,7.0,13
3,13,20,50,39,19,-1,8.0,19
3,13,250,20,76,-20,0,8.0,6
3,13,240,30,109,-10,0,1.0,4
3,13,30,20,133,41,0,6.0,2
3,13,80,80,158,16,0,0.0,5
3,13,130,30,183,41,0,1.0,10
3,13,220,70,3,-37,-1,8.0,2
3,13,170,40,6,-16,-1,8.0,-5
3,13,50,70,-10,-30,0,8.0,3
3,13,210,60,-3,-58,0,8.0,2
3,13,100,20,16,13,0,8.0,-3
3,13,340,50,21,-55,0,0.0,3
3,13,330,60,42,11,1,8.0,25
3,13,330,50,61,34,1,8.0,-7
3,13,310,60,66,31,-1,8.0,1
3,13,240,20,57,9,0,8.0,5
3,13,260,90,74,27,0,8.0,-4
3,13,290,90,45,10,0,8.0,1
3,13,260,50,63,4,-1,6.0,0
3,13,220,40,71,-1,0,8.0,-1
3,13,230,60,131,31,0,1.0,-1
3,13,230,50,190,92,0,0.0,13
3,13,250,80,162,89,0,8.0,4
3,13,250,50,120,81,0,8.0,11
3,13,30,20,113,99,0,8.0,0
3,13,70,40,125,49,0,0.0,6
3,13,110,60,168,5,0,1.0,5
3,13,180,60,191,81,0,1.0,-8
3,13,130,20,166,86,0,3.0,13
3,13,190,60,192,107,0,7.0,-4
3,13,280,30,134,100,0,5.0,3
3,13,40,40,160,99,0,1.0,3
3,13,210,20,143,107,-1,8.0,-2
3,13,260,30,107,93,0,8.0,1
3,13,100,30,129,102,0,7.0,8
3,13,130,50,166,104,0,8.0,-14
3,13,90,30,147,80,0,7.0,6
3,13,250,60,27,-4,0,7.0,5
3,13,230,40,25,-28,-1,7.0,12
3,13,30,40,11,-3,0,8.0,10
3,13,290,50,50,-21,0,6.0,-10
3,13,280,80,41,4,0,7.0,-25
3,13,300,50,33,16,6,1.0,-9
3,13,210,40,58,-22,0,3.0,3
3,13,160,30,57,53,6,8.0,6
3,13,270,30,75,68,0,8.0,-4
3,13,260,40,63,40,-1,8.0,4
3,13,10,80,2,-30,0,8.0,-1
3,13,170,30,-1,-102,0,5.0,-1
3,13,130,40,30,-99,0,0.0,5
3,13,120,40,46,-59,0,7.0,4
3,13,60,50,56,-35,0,0.0,-3
3,13,70,60,35,-36,0,8.0,0
3,13,60,70,32,-7,0,8.0,-3
3,13,50,70,60,-1,0,1.0,1
3,13,60,30,70,3,0,0.0,9
3,13,30,40,49,10,0,8.0,22
3,13,50,60,66,-40,0,3.0,7
3,13,40,50,56,-41,0,7.0,-5
3,13,110,70,88,-49,0,0.0,3
3,13,140,50,79,63,1,8.0,12
3,13,250,50,134,62,0,7.0,7
3,13,240,40,168,119,0,4.0,16
3,13,220,70,175,98,0,6.0,-43
3,13,230,70,126,45,0,2.0,7
3,13,250,60,125,53,0,7.0,-17
3,13,240,70,134,99,-1,8.0,14
3,13,260,110,141,77,0,2.0,6
3,13,260,80,98,13,0,4.0,-4
3,13,270,50,81,21,0,8.0,6
3,13,320,90,64,38,-1,8.0,12
3,13,150,60,126,59,0,8.0,3
3,13,240,70,100,39,0,4.0,8
3,13,210,80,94,73,9,8.0,-4
3,13,240,60,117,48,0,7.0,-20
3,13,270,40,110,58,0,1.0,14
3,13,250,40,78,70,15,8.0,0
3,13,260,70,122,21,0,4.0,1
3,13,190,50,135,79,0,0.0,10
3,13,190,20,157,24,0,4.0,6
3,13,340,40,146,54,0,0.0,0
3,13,990,10,139,29,0,7.0,-11
3,13,270,30,131,32,0,5.0,4
3,13,260,30,98,85,3,8.0,11
3,13,290,70,123,83,0,8.0,0
3,13,280,100,95,-1,0,6.0,-5
3,13,300,60,40,27,-1,7.0,13
3,13,350,50,64,44,2,5.0,8
3,13,350,70,41,18,5,7.0,3
3,13,340,80,92,12,0,5.0,2
3,13,50,70,65,21,-1,8.0,5
3,13,40,60,88,69,0,8.0,15
3,13,100,80,128,26,0,6.0,-1
3,13,90,90,170,37,0,0.0,2
3,13,100,60,164,16,0,0.0,2
3,13,130,30,176,46,0,0.0,0
3,13,240,40,123,71,0,8.0,-18
3,13,80,40,134,71,0,5.0,1
3,13,50,80,148,58,0,6.0,4
3,13,300,140,102,15,0,7.0,3
3,13,280,80,114,34,0,6.0,1
3,13,270,90,75,-21,0,4.0,-5
3,13,360,70,77,11,0,4.0,0
3,13,20,40,62,-18,0,7.0,-2
3,13,260,40,84,62,-1,8.0,-4
3,13,220,60,102,36,0,8.0,-4
3,13,220,60,99,38,0,7.0,6
3,13,200,70,86,70,4,8.0,0
3,13,170,110,59,40,22,8.0,2
3,13,230,80,101,30,0,7.0,-18
3,13,260,110,89,21,0,8.0,1
3,13,290,70,92,36,-1,7.0,9
3,13,300,70,106,27,0,0.0,3
3,13,140,40,145,93,0,3.0,2
3,13,250,30,109,98,7,8.0,-3
3,13,360,60,72,-14,0,7.0,-7
3,13,320,50,71,-5,-1,8.0,-1
3,13,330,80,84,-2,0,6.0,-10
3,13,260,80,60,23,1,8.0,7
3,13,300,100,40,16,3,8.0,-5
3,13,30,80,44,28,6,8.0,-1
3,13,240,50,48,-32,0,3.0,2
3,13,320,40,3,-2,7,8.0,20
3,13,310,70,6,4,5,8.0,24
3,13,60,10,47,33,1,8.0,4
3,13,90,30,74,60,-1,8.0,8
3,13,210,90,91,30,-1,8.0,-9
3,13,220,50,119,45,0,4.0,10
3,13,190,70,103,70,1,8.0,-2
3,13,250,20,136,49,0,5.0,3
3,13,140,20,105,73,0,7.0,5
3,13,290,50,83,27,0,5.0,13
3,13,200,70,89,51,0,8.0,9
3,13,180,70,64,29,-1,8.0,3
3,13,350,50,77,29,0,5.0,-4
3,13,330,80,74,11,0,1.0,1
3,13,240,30,98,36,0,8.0,-5
3,13,280,80,95,6,0,0.0,-6
3,13,270,80,76,17,0,8.0,1
3,13,220,50,67,62,7,8.0,12
3,13,290,60,102,13,0,5.0,1
3,13,270,50,98,81,0,8.0,-5
3,13,240,30,113,36,0,6.0,5
3,13,250,40,95,87,3,8.0,-1
3,13,330,50,111,38,0,8.0,-2
3,13,250,20,99,60,0,8.0,-2
3,13,50,40,133,64,0,3.0,10
3,13,140,30,106,-27,0,7.0,13
3,13,70,50,111,27,0,1.0,1
3,13,50,30,97,-35,0,0.0,3
3,13,300,30,113,-20,0,0.0,-1
3,13,310,70,114,28,0,7.0,-10
3,13,270,90,85,50,-1,8.0,4
3,13,330,80,71,14,-1,8.0,11
3,13,290,120,86,51,11,4.0,-6
3,13,230,60,82,72,2,8.0,1
3,13,260,70,93,3,0,6.0,-12
3,13,260,50,88,34,-1,3.0,15
3,13,320,40,87,7,0,6.0,-4
3,13,210,20,109,14,0,1.0,-4
3,13,60,20,130,16,0,0.0,-1
3,13,280,50,76,6,0,5.0,-15
3,13,300,60,67,14,1,8.0,7
3,13,90,50,67,-25,0,8.0,-3
3,13,20,70,57,-29,0,5.0,4
3,13,270,40,45,-5,0,7.0,1
3,13,60,70,37,-66,0,1.0,-4
3,13,80,60,32,-97,0,0.0,2
3,13,230,10,5,-4,-1,8.0,6
3,13,50,50,40,-41,0,0.0,3
3,13,50,70,66,-58,0,0.0,2
3,13,40,50,49,-10,0,8.0,0
3,13,280,30,62,-8,0,8.0,-2
3,13,310,50,71,29,-1,8.0,-1
3,13,290,70,79,45,-1,8.0,-3
3,13,280,70,93,46,0,8.0,-6
3,13,210,20,79,36,0,8.0,4
3,13,260,60,138,19,0,1.0,2
3,13,190,60,177,29,0,7.0,0
3,13,210,60,153,91,0,8.0,4
3,13,220,60,161,111,0,8.0,11
3,13,360,50,109,50,0,8.0,5
3,13,230,30,128,46,0,7.0,-4
3,13,260,20,139,61,0,6.0,3
3,13,170,50,188,62,0,6.0,3
3,13,170,70,196,73,0,8.0,-5
3,13,230,30,120,56,0,8.0,-2
3,13,260,40,124,44,0,7.0,2
3,13,240,50,111,50,0,8.0,-8
3,13,210,40,118,82,0,8.0,4
3,13,210,60,117,78,-1,8.0,4
3,13,190,130,81,33,1,6.0,10
3,13,30,70,42,21,0,8.0,-1
3,13,60,60,74,-11,0,0.0,6
3,13,60,70,64,-38,0,0.0,7
3,13,10,30,60,-10,0,0.0,10
3,13,20,30,55,20,0,8.0,6
3,13,40,60,65,-32,0,1.0,6
3,13,110,50,78,-72,0,0.0,2
3,13,210,50,101,-43,0,0.0,12
3,13,270,50,92,47,0,8.0,9
3,13,230,70,87,58,-1,8.0,9
3,13,260,60,106,9,0,4.0,-2
3,13,170,60,127,39,0,2.0,6
3,13,190,50,128,81,0,8.0,1
3,13,30,30,142,98,0,8.0,-5
3,13,80,60,151,94,0,0.0,6
3,13,50,70,89,53,0,7.0,15
3,13,300,50,68,44,0,8.0,-2
3,13,220,20,74,57,-1,8.0,0
3,13,20,30,88,4,0,0.0,9
3,13,110,20,97,-44,0,7.0,12
3,13,210,20,133,-27,0,0.0,3
3,13,10,30,150,56,0,1.0,0
3,13,20,30,145,88,0,0.0,1
3,13,80,40,160,65,0,0.0,5
3,13,20,20,148,59,0,7.0,4
3,13,50,20,72,51,1,8.0,4
3,13,110,30,128,31,0,0.0,5
3,13,360,40,104,28,0,7.0,12
3,13,210,20,151,23,0,0.0,3
3,13,220,50,140,87,0,8.0,-4
3,13,240,60,129,110,0,8.0,5
3,13,50,10,83,79,0,8.0,5
3,13,70,40,111,77,0,8.0,-2
3,13,220,40,123,67,0,7.0,4
3,13,130,30,115,69,-1,8.0,2
3,13,140,60,39,17,0,8.0,-2
3,13,190,20,79,28,0,8.0,-1
3,13,200,80,58,16,1,8.0,-6
3,13,300,50,87,19,0,5.0,-7
3,13,240,40,104,49,0,8.0,1
3,13,270,40,114,98,0,8.0,-1
3,13,320,30,139,51,0,2.0,0
3,13,340,30,130,79,0,7.0,-1
3,13,70,10,95,46,0,8.0,1
3,13,990,10,84,29,0,8.0,3
3,13,180,20,161,67,0,0.0,10
3,13,220,30,123,79,0,1.0,10
3,13,260,30,120,49,0,8.0,-1
3,13,270,50,108,39,0,8.0,-6
3,13,290,50,117,18,0,5.0,-5
3,13,270,30,130,32,0,0.0,2
3,13,30,30,149,56,0,0.0,4
3,13,70,60,188,70,0,0.0,5
3,13,10,20,189,83,0,0.0,3
3,13,10,30,178,89,0,0.0,4
3,13,10,40,155,68,0,0.0,7
3,13,30,50,168,75,0,0.0,5
3,13,360,40,177,45,0,3.0,4
3,13,360,30,182,78,0,0.0,7
3,13,320,80,123,55,0,8.0,-4
3,13,320,40,95,64,0,8.0,-1
3,13,350,60,100,13,0,7.0,-9
3,13,30,50,45,-4,0,8.0,1
3,13,300,20,35,-25,0,8.0,1
3,13,10,20,59,26,0,8.0,-4
3,13,100,40,109,-3,0,0.0,7
3,13,160,30,168,15,0,0.0,7
3,13,60,30,156,23,0,8.0,10
3,13,130,20,146,42,0,8.0,3
3,13,90,40,149,96,0,0.0,6
3,13,250,40,60,52,8,8.0,-2
3,13,30,60,8,-19,0,8.0,-4
3,13,60,80,-14,-70,0,8.0,-1
3,13,50,100,-2,-87,0,3.0,-2
3,13,260,30,35,-26,0,7.0,-3
3,13,30,20,29,-26,-1,6.0,-2
3,13,200,70,18,4,3,8.0,10
3,13,170,80,73,-17,0,8.0,-1
3,13,180,50,91,25,0,8.0,0
3,13,230,30,100,13,0,6.0,-5
3,13,990,10,63,32,-1,8.0,2
3,13,30,40,13,5,1,8.0,4
3,13,80,20,44,-35,0,8.0,2
3,13,100,100,51,-29,0,1.0,-3
3,13,80,100,5,-42,1,8.0,-6
3,13,80,100,18,-158,0,8.0,0
3,13,90,110,42,-110,0,8.0,-7
3,13,80,90,43,-106,0,0.0,11
3,13,80,50,51,-85,0,0.0,4
3,13,50,50,40,-53,0,7.0,-4
3,13,20,20,14,-50,0,8.0,0
3,13,40,50,53,-45,0,1.0,-25
3,13,20,40,32,-39,0,8.0,-1
3,13,160,30,77,34,0,8.0,-3
3,13,200,70,98,16,0,5.0,-6
3,13,210,60,89,43,0,8.0,4
3,13,210,40,95,30,0,8.0,-2
3,13,340,30,112,32,0,3.0,6
3,13,180,50,133,32,0,0.0,0
3,13,220,30,138,33,0,7.0,-3
3,13,190,40,164,65,0,0.0,7
3,13,190,60,190,45,0,0.0,11
3,13,360,50,178,73,0,0.0,0
3,13,60,50,130,69,0,0.0,12
3,13,60,30,159,56,0,0.0,8
3,13,40,20,173,54,0,0.0,-2
3,13,300,30,131,57,0,0.0,10
3,13,320,70,110,53,0,8.0,-2
3,13,290,80,128,69,0,8.0,1
3,13,280,60,119,45,0,8.0,-1
3,13,260,40,100,59,0,8.0,-4
3,13,250,70,179,39,0,2.0,-4
3,13,170,70,206,25,0,0.0,11
3,13,260,40,74,51,-1,8.0,9
3,13,210,30,71,43,8,7.0,21
3,13,220,20,45,18,26,7.0,36
3,13,10,30,90,-3,0,4.0,15
3,13,90,50,110,4,0,2.0,-1
3,13,990,10,101,4,0,7.0,-30
3,13,90,40,126,26,0,7.0,4
3,13,100,60,169,46,0,0.0,6
3,13,100,40,190,48,0,0.0,-2
3,13,180,30,203,29,0,6.0,8
3,13,120,30,219,59,0,2.0,4
3,13,260,80,103,28,0,4.0,8
3,13,280,50,58,26,1,8.0,-7
3,13,230,60,64,36,-1,8.0,11
3,13,280,70,60,17,-1,8.0,7
3,13,280,50,89,35,0,8.0,0
3,13,250,40,83,18,0,8.0,0
3,13,210,60,134,-1,0,0.0,5
3,13,220,50,168,38,0,1.0,4
3,13,190,30,109,64,0,3.0,7
3,13,350,40,116,38,0,3.0,6
3,13,130,40,96,-19,0,0.0,0
3,13,110,50,122,9,0,0.0,4
3,13,90,70,88,5,0,3.0,2
3,13,30,60,62,12,0,8.0,-3
3,13,80,70,74,30,0,8.0,3
3,13,110,30,117,36,0,7.0,3
3,13,100,40,166,49,0,0.0,7
3,13,320,40,88,65,0,8.0,13
3,13,30,20,75,54,0,8.0,5
3,13,340,30,51,42,0,8.0,5
3,13,330,90,84,43,-1,8.0,13
3,13,100,50,55,-3,0,7.0,4
3,13,270,30,95,19,0,6.0,6
3,13,200,30,111,12,0,6.0,-4
3,13,320,20,66,56,7,8.0,2
3,13,200,80,59,20,1,8.0,-8
3,13,280,80,94,22,0,6.0,-6
3,13,210,60,87,83,-1,8.0,6
3,13,230,70,108,102,19,8.0,0
3,13,290,120,89,9,0,7.0,0
3,13,300,130,109,19,0,7.0,3
3,13,190,90,34,16,8,8.0,-2
3,13,260,80,44,18,6,7.0,1
3,13,350,40,76,15,0,7.0,8
3,13,180,40,42,33,9,8.0,7
3,13,990,10,60,5,0,7.0,-4
3,13,30,30,58,16,0,4.0,-2
3,13,120,20,58,11,-1,5.0,-6
3,13,250,40,70,18,1,7.0,-5
3,13,130,80,83,-17,0,8.0,-5
3,13,60,40,87,-2,0,7.0,7
3,13,70,40,93,35,0,1.0,-5
3,13,80,30,91,11,0,0.0,2
3,13,40,60,81,10,0,0.0,12
3,13,80,60,78,-20,0,0.0,14
3,13,40,50,59,39,0,8.0,6
3,13,70,90,75,-7,0,7.0,1
3,13,50,50,105,1,0,0.0,2
3,13,300,30,66,41,0,8.0,0
3,13,10,40,70,24,0,8.0,3
3,13,330,40,93,26,0,8.0,-10
3,13,280,50,93,38,0,8.0,3
3,13,320,50,116,60,0,8.0,0
3,13,350,50,101,45,0,7.0,-3
3,13,230,40,96,33,0,8.0,-1
3,13,320,60,91,52,0,8.0,-2
3,13,180,90,138,74,0,7.0,9
3,13,220,90,122,42,3,4.0,10
3,13,230,100,127,28,0,4.0,-3
3,13,230,90,104,34,0,6.0,1
3,13,260,50,119,40,0,8.0,-2
3,13,60,40,107,40,0,8.0,0
3,13,260,20,74,54,2,8.0,2
3,13,250,80,76,21,-1,8.0,11
3,13,140,20,83,33,3,8.0,7
3,13,250,40,129,74,0,8.0,0
3,13,170,80,82,36,1,8.0,-16
3,13,270,30,81,46,0,8.0,0
3,13,270,60,94,54,4,7.0,0
3,13,210,50,91,85,6,8.0,4
3,13,280,100,125,81,0,8.0,4
3,13,160,20,101,27,0,8.0,7
3,13,100,20,127,16,0,8.0,-1
3,13,120,30,160,18,0,8.0,2
3,13,290,60,140,78,0,5.0,-6
3,13,270,50,149,84,0,8.0,-24
3,13,290,30,151,41,0,7.0,0
3,13,180,40,165,61,0,1.0,3
3,13,270,70,104,9,0,8.0,0
3,13,280,90,134,104,0,8.0,-1
3,13,240,80,128,85,0,8.0,1
3,13,220,80,117,81,0,8.0,-4
3,13,270,60,89,-6,0,8.0,6
3,13,140,50,121,7,0,7.0,8
3,13,60,70,139,38,0,1.0,-1
3,13,80,70,134,40,0,4.0,5
3,13,50,70,151,-2,0,7.0,-1
3,13,40,40,139,46,0,8.0,-1
3,13,120,50,176,-10,0,0.0,0
3,13,260,50,199,44,0,4.0,0
3,13,250,50,158,93,0,7.0,-3
3,13,210,50,214,81,0,8.0,8
3,13,240,70,202,85,0,7.0,-13
3,13,80,100,1,-143,0,8.0,1
3,13,90,100,-11,-121,0,8.0,3
3,13,70,50,-1,-36,0,7.0,8
3,13,100,50,111,40,0,4.0,1
3,13,170,60,106,42,0,8.0,0
3,13,280,20,100,60,0,8.0,0
3,13,170,30,88,48,0,8.0,2
3,13,200,70,67,48,-1,8.0,2
3,13,170,30,96,36,0,8.0,11
3,13,190,60,152,96,0,8.0,-1
3,13,210,40,137,100,0,8.0,11
3,13,220,50,110,80,3,8.0,15
3,13,300,50,56,41,-1,8.0,0
3,13,130,40,114,34,0,2.0,6
3,13,130,40,102,32,0,8.0,-5
3,13,60,30,63,57,7,8.0,0
3,13,70,100,-23,-68,-1,8.0,0
3,13,80,100,-4,-84,0,8.0,5
3,13,60,70,29,-91,0,4.0,11
3,13,10,80,81,-29,0,1.0,6
3,13,250,30,65,5,0,8.0,4
3,13,310,60,82,65,0,7.0,6
3,13,190,70,75,16,0,8.0,1
3,13,80,30,104,22,0,4.0,9
3,13,40,20,132,19,0,2.0,-6
3,13,260,40,114,8,0,8.0,4
3,13,170,50,74,41,-1,8.0,-2
3,13,160,30,65,51,23,8.0,1
3,13,230,50,111,-10,0,6.0,-11
3,13,130,50,132,32,0,8.0,6
3,13,220,20,117,39,0,8.0,2
3,13,320,40,74,39,0,8.0,2
3,13,200,50,93,79,0,8.0,1
3,13,210,60,114,103,5,8.0,5
3,13,270,80,85,20,0,8.0,1
3,13,240,60,98,28,0,7.0,15
3,13,170,60,124,57,0,8.0,-1
3,13,210,70,87,53,1,8.0,7
3,13,250,50,107,21,0,6.0,-1
3,13,240,80,112,62,-1,8.0,7
3,13,260,140,89,39,1,8.0,-13
3,13,280,110,74,18,0,8.0,-1
3,13,200,100,98,2,0,8.0,-1
3,13,250,90,83,49,20,8.0,1
3,13,260,100,112,77,-1,8.0,8
3,13,240,90,135,98,0,8.0,-3
3,13,240,80,114,61,0,8.0,0
3,13,270,70,80,28,-1,7.0,12
3,13,280,50,90,19,-1,6.0,-6
3,13,220,30,112,25,0,8.0,-4
3,13,250,30,117,83,-1,8.0,3
3,13,270,30,130,85,0,1.0,4
3,13,200,20,172,57,0,0.0,9
3,13,350,40,123,82,0,8.0,-6
3,13,340,40,106,3,0,0.0,11
3,13,330,100,100,21,-1,7.0,-4
3,13,290,50,100,18,0,8.0,4
3,13,30,20,120,35,0,7.0,1
3,13,300,40,109,62,0,8.0,9
3,13,110,20,170,59,0,0.0,6
3,13,280,40,183,56,0,8.0,-1
3,13,60,60,117,51,0,7.0,8
3,13,220,70,89,12,0,6.0,3
3,13,190,40,81,62,-1,8.0,-3
3,13,240,50,84,15,0,,10
3,13,240,50,101,10,0,8.0,-5
3,13,90,40,68,57,-1,8.0,1
3,13,320,50,86,40,0,8.0,-1
3,13,230,60,102,6,0,7.0,2
3,13,200,70,89,81,3,8.0,1
3,13,290,70,78,51,1,8.0,16
3,13,240,60,122,112,1,8.0,2
3,13,230,30,114,103,-1,8.0,16
3,13,240,80,102,-16,0,7.0,6
3,13,270,70,99,31,-1,6.0,6
3,13,180,60,107,33,0,7.0,4
3,13,210,60,109,55,0,8.0,4
3,13,260,20,125,57,0,8.0,-2
3,13,240,50,135,-8,0,7.0,5
3,13,250,40,161,65,0,8.0,-2
3,13,30,30,125,88,0,7.0,-4
3,13,30,60,82,18,-1,8.0,-3
3,13,90,90,93,-1,0,1.0,7
3,13,90,90,96,-48,0,0.0,7
3,13,110,80,91,-98,0,0.0,10
3,13,120,60,108,-82,0,0.0,3
3,13,70,50,114,-87,0,1.0,4
3,13,60,70,117,-58,0,0.0,-1
3,13,60,60,148,8,0,0.0,0
3,13,10,80,135,27,0,0.0,-1
3,13,30,120,70,-64,0,8.0,-1
3,13,290,40,82,19,0,7.0,2
3,13,40,50,90,-46,0,0.0,6
3,13,50,21,66,7,0,7.0,3
3,13,180,21,58,49,0,8.0,3
3,13,220,62,102,37,0,7.0,5
3,13,100,51,103,47,0,7.0,-2
3,13,170,31,118,92,0,8.0,7
3,13,120,41,151,88,0,1.0,6
3,13,110,36,145,80,0,6.0,-3
3,13,70,15,139,85,-1,8.0,1
3,13,240,36,111,97,0,8.0,4
3,13,220,46,148,45,0,2.0,8
3,13,190,26,134,87,0,6.0,1
3,13,190,5,149,79,0,3.0,1
3,13,170,36,167,53,0,2.0,6
3,13,220,46,174,80,0,3.0,0
3,13,230,36,107,93,0,8.0,3
3,13,180,41,141,95,0,7.0,-1
3,13,220,26,118,79,0,8.0,2
3,13,230,41,115,74,0,8.0,0
3,13,230,72,122,114,-1,8.0,-1
3,13,230,67,138,95,0,7.0,-4
3,13,270,26,113,58,0,8.0,-5
3,13,300,26,94,20,0,5.0,11
3,13,40,15,97,11,0,5.0,3
3,13,40,46,115,23,0,3.0,3
3,13,60,108,99,-9,0,1.0,-4
3,13,70,51,86,11,0,8.0,2
3,13,50,62,127,20,0,1.0,1
3,13,50,36,103,3,0,7.0,2
3,13,40,51,99,-15,0,1.0,6
3,13,360,15,94,-5,0,1.0,6
3,13,270,31,115,60,0,7.0,4
3,13,200,67,157,47,0,0.0,1
3,13,280,67,79,20,0,4.0,5
3,13,230,93,93,57,0,8.0,-1
3,13,220,36,123,93,0,8.0,4
3,13,120,41,142,58,0,7.0,3
3,13,280,41,94,34,0,4.0,8
3,13,190,36,140,29,0,6.0,5
3,13,230,31,115,60,0,7.0,2
3,13,270,21,95,53,0,8.0,4
3,13,220,77,114,22,0,3.0,5
3,13,270,93,64,19,3,6.0,4
3,13,240,108,87,81,7,8.0,-1
3,13,270,108,85,45,-1,7.0,24
3,13,270,82,63,-21,0,4.0,6
3,13,320,26,53,25,0,5.0,0
3,13,240,41,84,4,0,4.0,-1
3,13,280,26,113,85,0,7.0,5
3,13,80,15,121,64,0,7.0,11
3,13,280,36,106,39,0,6.0,8
3,13,240,62,103,89,0,8.0,1
3,13,270,129,83,8,0,6.0,10
3,13,300,82,93,69,0,7.0,-9
3,13,260,26,62,34,0,7.0,10
3,13,30,93,76,17,0,5.0,3
3,13,310,31,57,-10,0,8.0,1
3,13,180,31,38,32,-1,8.0,8
3,13,320,46,85,34,0,6.0,-7
3,13,290,67,63,2,-1,7.0,-10
3,13,150,31,63,2,0,8.0,9
3,13,150,57,105,24,0,7.0,4
3,13,220,26,93,51,0,8.0,-5
3,13,60,67,13,-5,0,8.0,4
3,13,50,103,60,-12,0,4.0,5
3,13,40,57,-2,-44,0,7.0,15
3,13,360,41,19,-21,0,7.0,2
3,13,280,41,49,9,0,8.0,1
3,13,330,46,85,61,0,7.0,2
3,13,30,21,66,38,0,8.0,3
3,13,140,57,85,-30,0,2.0,0
3,13,130,41,70,-27,0,0.0,7
3,13,240,46,123,43,0,7.0,-1
3,13,200,15,131,40,0,1.0,2
3,13,220,36,160,13,0,0.0,2
3,13,220,26,163,23,0,2.0,3
3,13,210,41,163,64,0,6.0,5
3,13,260,31,177,46,0,1.0,3
3,13,260,82,138,80,0,7.0,-5
3,13,250,82,144,90,0,7.0,8
3,13,250,82,119,60,0,6.0,-2
3,13,280,51,103,9,0,2.0,1
3,13,200,31,124,17,0,6.0,8
3,13,270,51,144,44,0,6.0,12
3,13,210,72,137,83,0,7.0,9
3,13,260,87,103,6,0,3.0,-2
3,13,290,46,90,-20,0,5.0,4
3,13,350,67,78,-9,0,2.0,3
3,13,20,36,87,-23,0,6.0,9
3,13,60,21,78,-74,0,2.0,-1
3,13,90,41,71,-52,0,1.0,3
3,13,100,15,85,-89,0,1.0,4
3,13,140,46,122,-53,0,6.0,14
3,13,200,62,170,79,0,7.0,5
3,13,230,36,81,64,0,8.0,-2
3,13,210,67,67,63,1,8.0,9
3,13,200,62,87,45,0,7.0,13
3,13,220,57,100,16,0,2.0,0
3,13,200,67,130,17,0,7.0,2
3,13,260,57,90,36,0,7.0,2
3,13,260,62,102,90,0,8.0,5
3,13,240,72,113,104,0,8.0,8
3,13,230,57,107,88,0,8.0,14
3,13,290,57,99,25,0,3.0,7
3,13,230,41,106,12,0,6.0,2
3,13,270,67,87,23,0,7.0,-3
3,13,280,129,115,62,-1,8.0,-4
3,13,250,108,110,66,0,8.0,6
3,13,240,77,99,93,10,8.0,0
3,13,270,77,73,20,6,7.0,-7
3,13,290,103,63,6,-1,6.0,2
3,13,250,51,77,50,-1,7.0,0
3,13,290,77,76,6,0,5.0,-5
3,13,280,72,70,-17,0,7.0,5
3,13,40,26,78,21,0,6.0,6
3,13,230,62,82,22,-1,7.0,-4
3,13,230,113,114,105,-1,8.0,5
3,13,280,98,115,17,0,4.0,-2
3,13,240,113,108,102,13,8.0,1
3,13,350,57,65,28,-1,6.0,9
3,13,160,46,81,3,0,5.0,0
3,13,210,67,121,74,0,7.0,5
3,13,270,82,146,67,0,6.0,-7
3,13,180,72,183,99,0,3.0,3
3,13,210,113,125,37,0,5.0,13
3,13,220,113,102,65,-1,8.0,-8
3,13,240,72,34,30,0,7.0,4
3,13,240,113,68,-40,0,4.0,-6
3,13,270,31,53,3,0,3.0,6
3,13,210,77,24,20,7,8.0,-1
3,13,280,82,47,3,-1,6.0,11
3,13,200,87,71,5,0,7.0,5
3,13,240,67,53,27,-1,8.0,-6
3,13,210,36,98,9,0,3.0,7
3,13,120,77,113,15,0,6.0,-2
3,13,130,46,128,29,0,4.0,9
3,13,10,21,151,83,0,1.0,2
3,13,70,41,130,1,0,1.0,3
3,13,30,21,62,1,0,5.0,6
3,13,260,51,71,20,0,6.0,-20
3,13,270,36,70,7,-1,5.0,-11
3,13,220,108,122,98,0,7.0,-7
3,13,280,82,109,12,0,5.0,2
3,13,290,62,91,0,0,2.0,3
3,13,290,87,66,5,1,6.0,-1
3,13,330,62,77,9,0,7.0,-7
3,13,220,21,89,-9,0,1.0,7
3,13,240,41,133,-11,0,0.0,9
3,13,270,57,124,58,0,6.0,6
3,13,320,93,94,11,0,7.0,0
3,13,260,77,100,62,-1,8.0,2
3,13,330,93,56,0,-1,5.0,5
3,13,220,72,18,14,5,8.0,1
3,13,330,93,59,-4,-1,4.0,-35
3,13,330,36,78,-22,0,6.0,3
3,13,240,57,69,68,1,8.0,4
3,13,340,36,51,48,2,8.0,3
3,13,340,31,36,-26,0,6.0,2
3,13,50,15,34,-15,0,6.0,3
3,13,230,51,31,12,0,8.0,-6
3,13,320,51,28,13,0,8.0,-1
3,13,290,26,63,53,5,7.0,6
3,13,60,51,54,13,0,7.0,1
3,13,120,72,74,-21,0,0.0,6
3,13,90,57,79,-24,0,0.0,4
3,13,90,51,61,-52,0,0.0,7
3,13,80,57,18,-70,0,2.0,8
3,13,100,46,9,-115,0,2.0,3
3,13,100,51,18,-70,0,1.0,0
3,13,110,72,55,-67,0,4.0,6
3,13,90,36,64,-22,0,7.0,11
3,13,80,46,92,19,0,3.0,0
3,13,220,21,70,40,0,8.0,6
3,13,20,26,57,25,0,8.0,6
3,13,990,15,92,34,0,7.0,1
3,13,20,15,131,37,0,3.0,-3
3,13,170,36,98,81,4,8.0,2
3,13,200,31,80,76,4,8.0,7
3,13,260,36,115,107,-1,8.0,0
3,13,20,36,87,63,0,7.0,1
3,13,80,62,120,47,0,7.0,10
3,13,20,62,48,22,0,8.0,-7
3,13,30,57,64,-122,0,1.0,7
3,13,270,62,83,-55,0,6.0,-5
3,13,320,31,58,33,2,7.0,-23
3,13,10,57,53,1,0,4.0,-2
3,13,270,31,41,26,2,6.0,7
3,13,220,60,127,67,0,6.0,-3
3,13,230,100,125,90,0,8.0,-5
3,13,220,30,111,2,0,5.0,2
3,13,100,40,112,88,0,7.0,3
3,13,300,20,114,75,0,7.0,-9
3,13,30,40,98,67,0,8.0,3
3,13,200,30,143,76,0,6.0,5
3,13,990,10,152,70,0,5.0,1
3,13,50,40,142,88,0,0.0,9
3,13,270,20,169,29,0,0.0,8
3,13,40,20,60,60,0,8.0,15
3,13,230,20,125,70,0,0.0,24
3,13,250,60,140,94,0,5.0,-1
3,13,240,40,96,90,-1,8.0,12
3,13,240,60,103,97,-1,8.0,-2
3,13,260,60,126,98,0,8.0,1
3,13,300,50,142,70,0,5.0,-2
3,13,240,80,94,72,-1,8.0,0
3,13,330,70,93,73,-1,7.0,-6
3,13,260,50,68,18,0,7.0,3
3,13,310,50,76,44,0,5.0,5
3,13,50,10,80,-15,0,4.0,10
3,13,200,30,72,55,5,8.0,-2
3,13,230,10,88,61,0,8.0,2
3,13,990,10,104,65,0,5.0,-6
3,13,220,80,135,71,0,8.0,3
3,13,250,70,160,31,0,4.0,1
3,13,310,90,87,27,0,7.0,7
3,13,330,80,106,29,0,5.0,-15
3,13,310,30,124,49,0,3.0,-1
3,13,280,30,147,50,0,0.0,5
3,13,230,70,30,24,6,8.0,-8
3,13,260,70,98,52,-1,7.0,5
3,13,210,100,110,94,-1,8.0,8
3,13,220,90,129,118,16,8.0,-21
3,13,270,90,72,33,-1,6.0,9
3,13,210,80,77,76,9,8.0,6
3,13,250,110,115,80,1,7.0,9
3,13,10,70,57,53,-1,7.0,-13
3,13,350,50,64,-3,0,4.0,10
3,13,220,60,88,-8,0,5.0,1
3,13,170,40,39,32,3,8.0,1
3,13,30,60,60,17,0,6.0,8
3,13,230,50,45,39,-1,8.0,0
3,13,310,70,99,66,0,7.0,-6
3,13,300,60,119,76,-1,7.0,-3
3,13,270,40,108,82,0,8.0,5
3,13,310,40,113,68,0,8.0,5
3,13,320,60,115,56,0,7.0,1
3,13,330,50,98,15,0,4.0,16
3,13,320,60,101,66,-1,7.0,-6
3,13,10,30,92,9,0,4.0,3
3,13,340,70,79,54,-1,8.0,3
3,13,60,70,47,-1,0,7.0,3
3,13,990,10,85,-50,0,6.0,2
3,13,160,40,113,-61,0,7.0,8
3,13,200,60,114,-20,0,8.0,0
3,13,220,40,104,101,-1,8.0,3
3,13,120,40,149,103,0,7.0,4
3,13,120,30,199,100,0,7.0,-2
3,13,240,50,211,109,0,7.0,-1
3,13,220,30,170,94,0,6.0,1
3,13,240,100,109,105,30,8.0,4
3,13,230,100,115,112,10,8.0,6
3,13,220,110,102,38,0,7.0,8
3,13,170,60,87,43,0,7.0,-3
3,13,250,30,67,48,13,7.0,-4
3,13,230,60,49,35,-1,8.0,11
3,13,190,80,47,23,0,7.0,-4
3,13,190,50,65,39,0,7.0,12
3,13,250,60,55,51,0,8.0,5
3,13,280,30,71,51,0,7.0,0
3,13,100,40,74,30,0,5.0,10
3,13,110,40,142,71,0,3.0,8
3,13,200,40,177,83,0,6.0,3
3,13,990,10,125,97,0,5.0,6
3,13,40,30,111,32,0,7.0,6
3,13,60,30,119,18,0,4.0,0
3,13,100,20,112,30,0,7.0,5
3,13,200,40,122,36,0,7.0,-3
3,13,320,60,93,19,0,7.0,-4
3,13,280,40,89,30,-1,7.0,3
3,13,200,80,59,47,9,8.0,-2
3,13,340,80,67,36,0,7.0,2
3,13,280,60,101,87,-1,8.0,-7
3,13,210,60,99,55,0,8.0,2
3,13,200,60,155,68,0,5.0,8
3,13,200,20,124,92,0,7.0,5
3,13,320,30,116,39,0,5.0,-5
3,13,10,30,110,23,0,1.0,2
3,13,200,40,149,18,0,3.0,5
3,13,190,40,170,95,0,7.0,6
3,13,150,30,182,77,0,4.0,7
3,13,310,80,64,20,-1,7.0,22
3,13,240,90,64,7,-1,8.0,5
3,13,260,70,71,35,0,7.0,4
3,13,320,60,21,5,2,6.0,2
3,13,260,60,61,17,0,7.0,11
3,13,230,80,95,2,0,7.0,0
3,13,240,70,130,76,0,7.0,-1
3,13,250,80,113,100,6,8.0,0
3,13,290,80,128,80,-1,7.0,-4
3,13,190,30,76,52,-1,8.0,5
3,13,300,80,105,52,0,7.0,-2
3,13,230,10,112,46,0,7.0,-2
3,13,250,50,105,62,-1,7.0,-4
3,13,280,70,96,82,2,8.0,-7
3,13,300,50,75,7,0,7.0,7
3,13,280,50,97,72,0,8.0,-1
3,13,330,60,108,57,0,7.0,0
3,13,330,80,83,21,0,6.0,-2
3,13,40,50,69,25,0,6.0,7
3,13,350,10,87,25,0,5.0,19
3,13,10,10,106,38,0,3.0,5
3,13,990,10,157,51,0,1.0,8
3,13,130,30,152,43,0,7.0,3
3,13,220,30,126,91,-1,8.0,-12
3,13,240,50,120,86,1,6.0,-6
3,13,180,30,98,10,-1,6.0,-32
3,13,20,50,63,38,0,8.0,2
3,13,20,70,41,18,-1,8.0,1
3,13,50,70,69,43,0,8.0,5
3,13,20,50,68,41,0,8.0,0
3,13,280,30,80,31,0,8.0,5
3,13,280,30,51,6,0,7.0,2
3,13,60,30,28,8,-1,8.0,1
3,13,50,40,1,-37,0,8.0,2
3,13,80,30,24,7,0,8.0,4
3,13,140,20,36,-20,0,8.0,6
3,13,110,50,86,9,0,2.0,4
3,13,190,30,143,102,0,7.0,6
3,13,110,30,94,86,5,8.0,-1
3,13,230,70,116,100,0,7.0,0
3,13,200,50,111,104,3,8.0,11
3,13,180,30,114,99,0,8.0,8
3,13,260,30,110,42,0,5.0,-1
3,13,230,80,65,55,25,8.0,3
3,13,280,70,93,11,0,3.0,-1
3,13,210,20,102,44,0,6.0,9
3,13,80,30,97,63,0,8.0,7
3,13,10,10,65,45,0,8.0,3
3,13,20,10,69,57,6,8.0,-2
3,13,320,70,48,-8,0,7.0,3
3,13,100,40,51,-32,0,7.0,-2
3,13,100,40,28,21,2,8.0,3
3,13,320,50,40,28,0,8.0,5
3,13,220,60,119,109,5,7.0,4
3,13,80,40,99,74,0,7.0,6
3,13,30,70,32,16,0,8.0,1
3,13,80,30,41,-13,0,8.0,0
3,13,130,50,50,-9,0,7.0,5
3,13,170,90,128,35,-1,7.0,-2
3,13,210,50,70,63,2,8.0,21
3,13,250,60,104,51,-1,7.0,-3
3,13,200,90,140,53,0,7.0,2
3,13,290,20,66,47,0,6.0,-2
3,13,340,10,65,-36,0,3.0,1
3,13,240,50,72,15,0,7.0,-1
3,13,250,30,97,48,0,8.0,-1
3,13,300,30,92,37,0,8.0,-2
3,13,240,80,83,58,-1,8.0,0
3,13,300,110,125,-3,0,4.0,-6
3,13,240,50,128,34,0,6.0,0
3,13,220,80,112,82,0,7.0,19
3,13,220,80,115,10,0,3.0,4
3,13,200,50,141,23,0,5.0,8
3,13,30,30,103,81,0,7.0,3
3,13,30,70,51,39,-1,8.0,2
3,13,70,70,45,7,0,7.0,6
3,13,100,50,77,39,0,7.0,18
3,13,100,20,158,75,0,2.0,4
3,13,210,50,141,85,-1,7.0,-18
3,13,190,80,134,71,0,4.0,-7
3,13,270,70,109,58,0,7.0,5
3,13,290,80,142,75,0,7.0,-12
3,13,280,70,140,101,0,7.0,-6
3,13,330,70,106,66,0,7.0,-7
3,13,10,30,88,0,0,5.0,4
3,13,80,20,84,9,0,4.0,0
3,13,40,10,85,-29,0,6.0,9
3,13,90,10,95,0,0,6.0,3
3,13,60,40,100,-27,0,1.0,2
3,13,70,50,130,-28,0,0.0,7
3,13,160,50,137,8,0,0.0,7
3,13,160,20,154,25,0,7.0,3
3,13,230,60,165,33,0,,2
3,13,180,40,126,59,0,5.0,9
3,13,240,20,91,84,11,8.0,1
3,13,990,10,85,48,0,4.0,11
3,13,150,50,109,36,0,7.0,7
3,13,180,40,144,97,0,7.0,6
3,13,300,50,69,49,0,8.0,3
3,13,200,50,98,35,0,8.0,2
3,13,250,80,103,31,0,7.0,-2
3,13,220,70,134,60,0,5.0,-3
3,13,240,60,148,65,0,7.0,-14
3,13,230,60,111,106,7,8.0,-2
3,13,350,60,82,65,4,4.0,6
3,13,30,50,87,1,0,2.0,5
3,13,60,50,97,-29,0,1.0,2
3,13,100,60,99,-22,0,0.0,13
3,13,110,40,121,-20,0,1.0,3
3,13,20,60,111,-6,0,1.0,-12
3,13,50,50,109,30,0,2.0,8
3,13,10,50,125,27,0,1.0,-3
3,13,310,20,84,14,0,6.0,8
3,13,70,50,98,0,0,1.0,5
3,13,100,50,123,-61,0,3.0,8
3,13,110,30,164,-45,0,0.0,5
3,13,220,70,211,32,0,1.0,5
3,13,90,20,170,57,0,6.0,-5
3,13,50,50,173,9,0,2.0,8
3,13,10,20,173,3,0,3.0,7
3,13,110,40,203,53,0,3.0,3
3,13,290,40,186,77,0,7.0,-5
3,13,350,30,160,47,0,1.0,6
3,13,50,30,117,16,0,4.0,4
3,13,20,30,41,-40,0,3.0,-3
3,13,320,50,78,8,0,3.0,3
3,13,240,40,74,2,0,1.0,8
3,13,120,40,95,-1,0,7.0,1
3,13,110,30,80,-14,0,7.0,4
3,13,270,30,32,23,0,7.0,2
3,13,240,30,63,40,1,6.0,7
3,13,350,50,68,1,0,3.0,-1
3,13,30,80,16,-7,-1,8.0,7
3,13,20,50,20,3,-1,8.0,-2
3,13,120,40,43,-34,0,7.0,5
3,13,120,50,56,-9,0,7.0,7
3,13,220,90,104,35,0,7.0,3
3,13,210,110,133,36,0,7.0,-3
3,13,240,60,139,78,0,7.0,7
3,13,220,70,169,113,0,8.0,0
3,13,220,60,213,74,0,1.0,2
3,13,190,30,149,107,-1,7.0,4
3,13,210,110,125,62,-1,8.0,-12
3,13,220,110,123,112,4,8.0,0
3,13,250,90,105,37,-1,6.0,3
3,13,260,70,101,36,0,3.0,-5
3,13,360,30,86,10,0,4.0,-25
3,13,360,40,85,25,0,6.0,-4
3,13,10,20,75,-19,0,4.0,-6
3,13,330,60,55,14,0,6.0,10
3,13,360,20,76,-30,0,4.0,8
3,13,230,40,112,-12,0,1.0,4
3,13,60,40,129,19,0,3.0,10
3,13,70,60,158,9,0,0.0,7
3,13,110,30,186,25,0,1.0,10
3,13,210,70,3,-50,0,,0
3,13,170,40,12,-27,0,,-8
3,13,40,80,-7,-27,0,,-1
3,13,200,50,-5,-54,0,,-1
3,13,90,20,6,-17,0,,-3
3,13,330,50,11,-50,0,,3
3,13,330,30,51,16,0,,5
3,13,320,50,60,29,0,,-2
3,13,310,50,67,36,-1,,5
3,13,270,30,66,6,0,,4
3,13,260,100,74,29,0,,-7
3,13,290,90,38,11,0,,0
3,13,230,50,64,-2,0,,-10
3,13,230,40,72,-1,0,,-1
3,13,240,90,126,28,0,,12
3,13,240,80,196,90,0,,6
3,13,250,80,161,89,0,,3
3,13,260,50,114,74,0,,9
3,13,40,20,111,103,0,,4
3,13,90,30,126,41,0,,3
3,13,110,50,159,-13,0,,6
3,13,180,60,186,71,0,,0
3,13,990,10,166,83,0,,11
3,13,160,60,186,98,0,,7
3,13,260,30,157,99,0,,-7
3,13,60,20,161,81,0,,4
3,13,130,30,156,100,0,,-8
3,13,250,30,120,112,4,,-1
3,13,40,20,138,107,0,,14
3,13,110,40,149,101,0,,4
3,13,40,40,145,77,0,,8
3,13,240,70,18,-2,0,,3
3,13,230,70,21,-27,0,,-7
3,13,40,30,21,-9,0,,0
3,13,250,60,38,-29,0,,4
3,13,290,60,31,-10,0,,4
3,13,310,40,19,18,9,,21
3,13,200,40,59,-31,0,,0
3,13,160,30,52,48,11,,5
3,13,260,40,72,67,0,,3
3,13,230,60,50,37,6,,2
3,13,10,80,-1,-32,0,,-4
3,13,140,30,3,-98,0,,3
3,13,120,40,20,-95,0,,7
3,13,80,30,38,-64,0,,14
3,13,50,50,51,-36,0,,-5
3,13,70,60,31,-32,0,,2
3,13,50,60,31,-6,0,,1
3,13,60,70,61,-2,0,,-4
3,13,60,30,45,-10,0,,18
3,13,40,30,56,11,0,,0
3,13,20,70,66,-51,0,,-3
3,13,40,30,59,-59,0,,6
3,13,90,60,85,-65,0,,7
3,13,130,40,77,64,3,,5
3,13,250,80,136,65,0,,8
3,13,240,70,178,108,0,,0
3,13,220,120,181,87,0,,1
3,13,230,90,141,34,0,,-38
3,13,260,50,112,47,0,,-3
3,13,230,90,143,95,0,,0
3,13,250,110,154,64,0,,0
3,13,250,100,99,19,0,2.0,12
3,13,270,40,81,30,-1,7.0,4
3,13,310,100,53,41,1,8.0,11
3,13,150,50,127,49,0,7.0,3
3,13,230,90,86,56,3,3.0,16
3,13,200,70,100,64,4,8.0,-9
3,13,220,60,102,60,0,7.0,0
3,13,290,30,126,50,0,3.0,-13
3,13,220,60,79,74,7,8.0,0
3,13,260,50,121,35,0,4.0,-5
3,13,230,40,132,67,0,0.0,9
3,13,130,20,154,20,0,0.0,8
3,13,330,30,149,66,0,0.0,2
3,13,140,10,130,28,0,2.0,11
3,13,990,10,133,28,0,0.0,-3
3,13,270,50,109,72,0,8.0,-9
3,13,280,60,121,77,0,8.0,-1
3,13,290,100,86,-20,0,7.0,4
3,13,270,40,28,18,6,8.0,19
3,13,330,60,65,27,-1,7.0,-1
3,13,340,70,74,23,0,3.0,0
3,13,340,80,84,21,0,7.0,-2
3,13,50,80,54,22,-1,8.0,7
3,13,30,50,83,63,0,8.0,19
3,13,90,50,125,19,0,7.0,-3
3,13,100,50,170,26,0,0.0,2
3,13,80,60,160,-2,0,0.0,2
3,13,130,20,170,28,0,0.0,6
3,13,240,60,134,68,0,3.0,-24
3,13,70,30,129,62,0,8.0,4
3,13,50,70,153,49,0,0.0,3
3,13,300,100,102,7,0,4.0,2
3,13,280,90,115,48,0,5.0,5
3,13,280,80,70,-31,0,5.0,-5
3,13,360,90,67,3,0,7.0,-2
3,13,360,40,64,-29,0,7.0,-2
3,13,250,50,82,49,0,8.0,0
3,13,210,60,98,39,0,8.0,-1
3,13,220,80,106,18,0,1.0,5
3,13,200,50,86,66,-1,8.0,3
3,13,170,110,67,29,6,8.0,-5
3,13,220,100,98,36,-1,7.0,-13
3,13,260,140,88,16,0,8.0,-1
3,13,250,80,106,41,3,7.0,-5
3,13,270,70,110,12,0,1.0,1
3,13,130,30,152,85,0,5.0,1
3,13,280,30,109,93,6,8.0,-4
3,13,330,40,59,-2,-1,8.0,9
3,13,310,30,63,4,-1,8.0,16
3,13,340,70,76,-3,-1,4.0,-8
3,13,250,80,82,7,0,8.0,-14
3,13,280,70,42,15,2,8.0,9
3,13,70,60,57,18,-1,8.0,-20
3,13,220,50,56,-44,0,7.0,-7
3,13,320,50,6,0,6,8.0,8
3,13,290,70,31,19,2,7.0,4
3,13,100,10,47,32,1,,3
3,13,60,30,84,56,0,8.0,6
3,13,190,100,103,8,0,7.0,-7
3,13,230,90,124,19,0,6.0,5
3,13,200,50,111,60,4,8.0,-16
3,13,250,20,127,53,0,8.0,11
3,13,160,20,114,64,0,6.0,8
3,13,280,20,78,31,0,7.0,9
3,13,220,60,94,37,0,8.0,4
3,13,170,50,66,33,1,8.0,7
3,13,330,60,68,27,0,7.0,4
3,13,320,80,69,22,0,8.0,8
3,13,230,60,94,42,0,3.0,4
3,13,270,70,98,32,0,6.0,4
3,13,260,80,79,16,0,8.0,-7
3,13,210,80,57,48,4,8.0,10
3,13,330,50,95,15,0,4.0,0
3,13,240,40,96,84,0,8.0,1
3,13,280,30,112,48,0,8.0,3
3,13,250,60,106,82,0,8.0,-6
3,13,320,70,109,36,0,8.0,3
3,13,310,10,105,60,0,8.0,3
3,13,40,40,137,68,0,8.0,3
3,13,140,20,98,-31,0,2.0,15
3,13,50,60,97,33,0,5.0,4
3,13,90,30,92,-55,0,0.0,4
3,13,320,30,115,-47,0,0.0,4
3,13,320,70,104,19,0,5.0,6
3,13,260,90,80,51,3,8.0,6
3,13,330,90,73,5,-1,8.0,-6
3,13,290,70,71,48,5,7.0,-8
3,13,220,80,77,68,3,8.0,6
3,13,240,90,91,0,0,7.0,1
3,13,250,70,88,50,0,7.0,-4
3,13,310,50,92,27,-1,7.0,-8
3,13,230,20,103,-13,0,0.0,0
3,13,30,20,132,4,0,0.0,3
3,13,300,30,67,4,0,7.0,13
3,13,270,40,83,0,0,1.0,-29
3,13,60,60,64,-42,0,5.0,-1
3,13,20,60,52,-29,0,4.0,9
3,13,290,40,57,-41,0,8.0,-9
3,13,30,80,30,-68,0,1.0,-4
3,13,60,60,21,-82,0,0.0,11
3,13,230,10,-2,-23,-1,8.0,5
3,13,60,60,31,-74,0,0.0,7
3,13,50,80,57,-62,0,1.0,6
3,13,20,50,38,-15,0,6.0,14
3,13,270,30,62,-8,0,8.0,-1
3,13,300,50,73,20,0,8.0,-3
3,13,280,50,81,41,-1,8.0,-1
3,13,270,70,96,41,0,8.0,1
3,13,250,30,75,26,0,5.0,-4
3,13,230,80,143,14,0,4.0,1
3,13,200,60,181,34,0,6.0,-2
3,13,210,60,158,84,0,8.0,5
3,13,220,80,178,108,0,8.0,3
3,13,350,30,95,73,1,8.0,13
3,13,220,40,125,40,0,7.0,1
3,13,210,30,132,56,0,8.0,7
3,13,140,40,190,68,0,7.0,13
3,13,200,70,198,70,0,7.0,0
3,13,220,40,117,60,0,8.0,4
3,13,240,40,131,30,0,7.0,4
3,13,240,40,101,56,1,7.0,-12
3,13,200,40,122,74,0,8.0,6
3,13,180,50,121,77,1,8.0,-1
3,13,230,180,40,21,13,8.0,32
3,13,20,60,54,25,0,5.0,-2
3,13,30,70,77,-6,0,0.0,1
3,13,40,60,64,-31,0,0.0,3
3,13,360,30,66,-15,0,0.0,9
3,13,20,30,56,20,0,7.0,2
3,13,60,60,67,-28,0,0.0,1
3,13,100,60,74,-83,0,0.0,6
3,13,200,50,108,-40,0,0.0,6
3,13,230,70,88,41,0,8.0,-1
3,13,240,110,96,53,-1,8.0,2
3,13,240,60,110,25,0,3.0,3
3,13,150,40,130,50,0,5.0,12
3,13,190,40,128,75,0,8.0,4
3,13,40,20,134,99,0,8.0,4
3,13,60,50,160,98,0,0.0,6
3,13,60,70,96,57,0,8.0,9
3,13,320,50,72,46,0,8.0,-2
3,13,170,20,74,54,0,8.0,3
3,13,30,30,96,2,0,0.0,3
3,13,990,10,103,-26,0,5.0,9
3,13,990,10,137,-15,0,0.0,8
3,13,40,40,149,45,0,0.0,6
3,13,30,40,147,72,0,0.0,5
3,13,70,30,159,70,0,0.0,7
3,13,30,20,148,59,0,1.0,5
3,13,40,20,82,37,-1,8.0,0
3,13,20,30,127,36,0,0.0,6
3,13,20,40,116,24,0,5.0,3
3,13,270,20,147,16,0,0.0,10
3,13,230,70,156,89,0,8.0,-6
3,13,240,90,128,108,0,8.0,1
3,13,20,10,87,80,0,8.0,-1
3,13,70,40,101,71,0,8.0,3
3,13,190,30,125,54,0,8.0,-1
3,13,120,30,122,65,0,8.0,-14
3,13,160,80,46,20,-1,8.0,1
3,13,170,20,79,27,0,8.0,3
3,13,200,70,63,12,0,8.0,-5
3,13,310,40,86,19,0,5.0,4
3,13,230,60,113,44,0,8.0,-4
3,13,260,30,101,92,-1,8.0,8
3,13,330,40,139,55,0,5.0,3
3,13,350,40,126,79,0,3.0,1
3,13,30,20,92,47,0,8.0,4
3,13,50,30,83,29,0,8.0,8
3,13,190,20,164,57,0,0.0,10
3,13,230,30,125,75,0,0.0,22
3,13,230,20,126,56,0,6.0,1
3,13,270,60,104,34,0,7.0,11
3,13,300,40,100,3,0,1.0,15
3,13,280,40,131,32,0,1.0,5
3,13,30,20,153,54,0,0.0,0
3,13,100,40,191,71,0,0.0,3
3,13,990,10,194,77,0,0.0,4
3,13,360,30,190,83,0,1.0,-2
3,13,40,30,163,40,0,0.0,13
3,13,60,60,174,40,0,0.0,4
3,13,10,40,187,33,0,4.0,1
3,13,350,30,184,78,0,1.0,8
3,13,330,70,123,60,0,8.0,-5
3,13,310,40,94,65,0,8.0,1
3,13,340,70,93,8,0,8.0,-5
3,13,360,50,45,7,0,8.0,0
3,13,310,20,36,-21,0,8.0,5
3,13,990,10,58,37,1,8.0,-4
3,13,110,50,103,-7,0,0.0,8
3,13,120,40,164,-14,0,0.0,6
3,13,50,20,154,25,0,8.0,23
3,13,90,30,148,43,0,8.0,3
3,13,100,30,150,91,0,2.0,11
3,13,250,60,68,63,11,8.0,-6
3,13,30,60,5,-15,0,8.0,-3
3,13,50,80,-14,-59,-1,8.0,-2
3,13,50,100,-15,-67,0,6.0,5
3,13,210,20,7,-46,0,8.0,11
3,13,340,30,11,-18,-1,8.0,12
3,13,220,80,36,-6,0,7.0,-16
3,13,160,80,74,-28,0,8.0,2
3,13,160,60,98,20,0,7.0,-11
3,13,260,20,109,-12,0,7.0,2
3,13,220,10,60,37,-1,8.0,5
3,13,20,50,2,-1,4,8.0,5
3,13,350,10,39,-37,0,8.0,1
3,13,80,80,48,-23,0,1.0,0
3,13,80,70,-4,-26,4,8.0,0
3,13,70,80,22,-158,0,8.0,3
3,13,60,80,46,-92,0,0.0,-7
3,13,70,70,41,-107,0,0.0,7
3,13,70,50,49,-87,0,0.0,6
3,13,30,40,44,-39,0,7.0,-2
3,13,260,20,12,-34,0,8.0,1
3,13,50,40,33,-43,0,8.0,3
3,13,40,40,41,-44,0,8.0,-10
3,13,150,40,77,30,0,8.0,0
3,13,200,60,90,0,0,2.0,0
3,13,220,80,95,39,0,6.0,-5
3,13,210,40,109,24,0,6.0,-4
3,13,270,20,125,38,0,5.0,-14
3,13,180,40,134,8,0,0.0,2
3,13,220,60,138,31,0,8.0,-2
3,13,150,40,167,64,0,0.0,7
3,13,190,50,202,33,0,0.0,2
3,13,10,30,187,39,0,0.0,4
3,13,30,50,134,71,0,0.0,9
3,13,70,20,168,51,0,0.0,10
3,13,990,10,183,32,0,0.0,0
3,13,990,10,142,48,0,0.0,7
3,13,300,60,109,45,0,7.0,5
3,13,270,60,130,72,0,8.0,-3
3,13,290,50,118,52,0,8.0,2
3,13,250,70,102,59,0,8.0,-2
3,13,240,100,176,43,0,5.0,0
3,13,160,80,214,25,0,2.0,9
3,13,270,60,79,52,0,8.0,5
3,13,220,60,107,48,-1,7.0,-37
3,13,230,30,80,41,1,3.0,-5
3,13,220,20,96,12,0,3.0,2
3,13,80,50,101,-11,0,4.0,8
3,13,320,20,97,-19,0,6.0,8
3,13,100,40,126,16,0,1.0,10
3,13,110,40,174,37,0,1.0,5
3,13,120,40,199,35,0,5.0,-4
3,13,130,20,204,35,0,7.0,10
3,13,120,30,212,55,0,6.0,4
3,13,240,100,117,31,0,8.0,-4
3,13,260,80,75,-9,-1,8.0,-42
3,13,220,80,65,46,2,8.0,-2
3,13,280,70,73,13,0,8.0,-7
3,13,270,50,92,37,0,8.0,3
3,13,240,50,85,18,0,8.0,0
3,13,230,60,137,9,0,8.0,2
3,13,200,50,175,25,0,0.0,7
3,13,160,20,93,65,0,8.0,15
3,13,330,30,126,34,0,3.0,-4
3,13,90,30,79,2,0,0.0,6
3,13,110,50,124,5,0,0.0,-1
3,13,90,50,86,-3,0,3.0,-2
3,13,30,60,64,14,0,8.0,-5
3,13,70,70,71,26,0,8.0,3
3,13,120,30,123,28,0,2.0,0
3,13,90,30,167,38,0,2.0,10
3,13,310,50,117,73,0,6.0,-12
3,13,990,10,77,51,0,8.0,-1
3,13,10,30,44,34,0,8.0,0
3,13,320,70,79,49,-1,8.0,7
3,13,80,40,49,-7,0,8.0,10
3,13,230,40,110,19,0,3.0,-6
3,13,210,30,101,12,0,8.0,5
3,13,280,20,67,54,4,8.0,1
3,13,180,60,70,5,-1,8.0,-15
3,13,270,80,106,27,0,6.0,0
3,13,200,70,86,79,2,8.0,4
3,13,220,100,111,100,8,8.0,0
3,13,290,90,82,9,0,6.0,12
3,13,290,110,106,10,0,8.0,7
3,13,190,70,34,-3,2,8.0,-4
3,13,250,80,81,-2,0,6.0,6
3,13,340,40,67,16,-1,5.0,6
3,13,160,40,40,29,13,8.0,4
3,13,990,10,55,0,0,8.0,4
3,13,20,10,62,17,0,5.0,3
3,13,160,10,58,0,0,7.0,13
3,13,990,10,60,31,4,8.0,7
3,13,130,70,83,-26,0,8.0,4
3,13,40,30,90,4,0,7.0,4
3,13,40,50,92,41,0,1.0,-1
3,13,90,30,95,5,0,0.0,3
3,13,50,70,92,14,0,2.0,1
3,13,50,60,82,-15,0,1.0,7
3,13,20,50,61,37,0,8.0,3
3,13,80,80,82,-21,0,8.0,-2
3,13,30,60,107,-2,0,0.0,3
3,13,290,20,61,39,0,8.0,3
3,13,350,30,69,14,0,8.0,8
3,13,340,30,100,25,0,8.0,-8
3,13,260,30,98,43,0,8.0,-2
3,13,10,20,96,76,4,8.0,2
3,13,10,60,96,33,0,8.0,12
3,13,220,60,97,31,0,8.0,0
3,13,300,50,91,58,0,8.0,-3
3,13,170,70,149,73,0,8.0,1
3,13,200,70,118,48,-1,4.0,10
3,13,240,90,122,52,0,7.0,5
3,13,260,70,94,48,2,7.0,20
3,13,260,70,128,49,0,7.0,-5
3,13,30,50,106,33,0,8.0,1
3,13,240,60,89,44,0,7.0,-17
3,13,250,100,76,16,-1,8.0,2
3,13,130,40,96,21,-1,8.0,13
3,13,200,40,137,74,0,8.0,-6
3,13,180,90,91,24,-1,8.0,-22
3,13,320,20,68,52,7,8.0,16
3,13,300,30,90,61,2,8.0,-7
3,13,210,70,85,76,6,8.0,3
3,13,280,70,128,91,0,8.0,4
3,13,160,20,105,11,0,6.0,9
3,13,110,20,129,14,0,8.0,1
3,13,100,30,150,8,0,7.0,6
3,13,340,50,145,72,0,4.0,-6
3,13,230,60,153,57,0,8.0,7
3,13,320,40,145,33,0,8.0,7
3,13,190,40,169,45,0,1.0,6
3,13,260,70,105,-16,0,8.0,0
3,13,270,70,124,99,-1,8.0,-3
3,13,240,100,124,87,0,8.0,6
3,13,220,90,116,83,0,8.0,0
3,13,280,70,96,4,0,8.0,-2
3,13,150,40,121,11,0,6.0,-13
3,13,70,50,137,29,0,4.0,2
3,13,60,70,125,35,0,8.0,14
3,13,60,90,155,-22,0,2.0,-1
3,13,50,40,139,50,0,8.0,0
3,13,120,50,170,-12,0,1.0,3
3,13,240,40,206,49,0,0.0,-2
3,13,250,70,164,88,0,8.0,-9
3,13,230,40,225,88,0,8.0,4
3,13,200,70,228,79,0,8.0,-27
3,13,70,80,-4,-147,0,8.0,3
3,13,70,60,-15,-124,0,8.0,8
3,13,70,50,7,-30,0,7.0,3
3,13,100,40,112,36,0,8.0,-3
3,13,170,50,111,40,0,8.0,-3
3,13,220,20,102,59,0,7.0,-1
3,13,190,30,92,55,0,8.0,-5
3,13,200,80,63,47,6,8.0,-2
3,13,190,40,102,33,0,8.0,5
3,13,190,50,155,98,0,8.0,-3
3,13,200,60,145,97,0,8.0,5
3,13,190,60,136,72,0,8.0,4
3,13,290,40,52,39,2,8.0,3
3,13,130,50,116,33,0,2.0,1
3,13,110,40,107,25,0,8.0,0
3,13,70,50,60,50,1,8.0,0
3,13,70,90,-21,-73,6,8.0,1
3,13,60,80,-7,-85,-1,8.0,5
3,13,50,80,28,-93,0,8.0,9
3,13,10,80,89,-52,0,0.0,0
3,13,230,40,68,-13,0,8.0,-2
3,13,290,30,81,69,0,7.0,3
3,13,190,60,75,17,0,8.0,0
3,13,130,30,106,11,0,2.0,14
3,13,360,40,128,12,0,4.0,2
3,13,280,30,107,6,0,7.0,2
3,13,170,50,79,42,1,8.0,-3
3,13,180,30,67,50,15,8.0,2
3,13,240,50,106,7,0,5.0,1
3,13,110,50,140,28,0,8.0,4
3,13,230,30,122,38,0,8.0,8
3,13,330,40,70,44,0,8.0,3
3,13,210,50,97,72,-1,8.0,-5
3,13,210,70,112,100,8,8.0,3
3,13,260,90,89,21,0,8.0,0
3,13,240,60,108,37,0,7.0,-16
3,13,170,50,129,54,-1,8.0,2
3,13,230,70,84,46,1,8.0,-12
3,13,260,50,99,25,0,8.0,-6
3,13,240,80,95,72,9,8.0,11
3,13,250,170,92,42,5,8.0,-14
3,13,290,90,74,8,0,7.0,0
3,13,200,100,100,-10,0,8.0,1
3,13,230,100,71,55,9,8.0,-6
3,13,260,100,110,76,-1,8.0,3
3,13,250,100,133,94,0,8.0,-1
3,13,230,90,113,69,0,8.0,-2
3,13,260,40,82,49,14,5.0,8
3,13,320,60,83,-1,0,6.0,10
3,13,250,30,107,23,0,8.0,5
3,13,220,40,122,81,-1,8.0,3
3,13,300,20,153,86,0,4.0,0
3,13,150,20,180,32,0,0.0,11
3,13,260,10,119,80,0,8.0,2
3,13,330,40,108,3,0,0.0,5
3,13,330,90,98,44,4,5.0,-4
3,13,300,30,93,25,0,8.0,-4
3,13,310,20,110,31,0,8.0,6
3,13,300,10,118,51,0,8.0,7
3,13,160,20,175,57,0,0.0,1
3,13,240,50,177,52,0,5.0,3
3,13,40,60,123,58,0,6.0,2
3,13,220,90,92,19,0,7.0,-2
3,13,200,40,85,58,-1,8.0,-5
3,13,220,70,83,20,0,6.0,4
3,13,220,50,94,23,0,8.0,2
3,13,80,50,73,47,0,8.0,-1
3,13,320,50,87,36,0,8.0,0
3,13,240,60,113,32,0,6.0,-7
3,13,190,60,85,76,8,8.0,3
3,13,240,70,93,36,0,7.0,2
3,13,240,80,119,109,-1,8.0,3
3,13,250,40,114,106,7,8.0,12
3,13,240,80,111,-19,0,3.0,-11
3,13,270,60,110,48,0,2.0,-4
3,13,180,60,106,28,0,6.0,8
3,13,210,90,122,56,0,8.0,-1
3,13,320,30,121,63,0,8.0,5
3,13,230,50,138,11,0,5.0,4
3,13,240,60,158,61,0,8.0,2
3,13,330,20,134,78,0,8.0,16
3,13,30,80,84,17,0,8.0,-1
3,13,70,90,91,-12,0,4.0,3
3,13,90,70,89,-64,0,0.0,9
3,13,110,70,86,-100,0,0.0,13
3,13,110,50,103,-82,0,0.0,1
3,13,50,40,106,-90,0,0.0,8
3,13,70,70,109,-67,0,0.0,1
3,13,50,70,138,-1,0,0.0,6
3,13,20,80,134,9,0,0.0,6
3,13,20,110,62,-55,0,8.0,4
3,13,270,20,76,1,0,8.0,10
3,13,60,40,84,-57,0,0.0,7
3,13,60,15,68,13,0,8.0,2
3,13,190,15,55,42,0,8.0,5
3,13,240,51,102,35,0,7.0,1
3,13,120,67,110,45,0,6.0,-9
3,13,190,21,113,92,2,8.0,4
3,13,140,36,145,95,0,2.0,10
3,13,120,51,130,79,0,7.0,3
3,13,80,5,137,83,0,8.0,2
3,13,240,21,117,94,0,8.0,-1
3,13,220,62,151,53,0,4.0,3
3,13,210,31,138,84,0,6.0,3
3,13,150,15,151,86,0,3.0,7
3,13,140,26,168,66,0,3.0,5
3,13,230,51,179,79,0,2.0,-5
3,13,240,26,103,86,0,8.0,3
3,13,170,51,151,79,0,7.0,-1
3,13,230,21,125,76,0,8.0,-2
3,13,200,26,116,85,0,8.0,1
3,13,230,67,119,111,-1,8.0,2
3,13,260,46,137,79,0,7.0,3
3,13,250,36,112,51,0,8.0,-3
3,13,270,5,94,13,0,5.0,5
3,13,50,21,91,10,0,5.0,8
3,13,40,36,114,24,0,5.0,-2
3,13,50,93,96,0,0,2.0,-3
3,13,80,82,82,11,0,7.0,7
3,13,80,62,124,26,0,2.0,0
3,13,50,26,102,5,0,7.0,2
3,13,50,41,98,-4,0,1.0,2
3,13,360,10,94,-13,0,3.0,3
3,13,280,26,114,48,0,7.0,0
3,13,220,57,158,51,0,0.0,4
3,13,290,51,72,17,-1,3.0,2
3,13,250,77,86,59,-1,8.0,4
3,13,240,26,118,90,0,7.0,4
3,13,140,51,142,66,0,6.0,5
3,13,310,36,100,37,0,6.0,5
3,13,170,36,131,43,0,4.0,9
3,13,100,21,114,79,0,6.0,-3
3,13,230,15,96,52,0,8.0,-1
3,13,220,82,125,37,0,4.0,-4
3,13,260,62,81,24,0,7.0,-2
3,13,250,103,92,80,10,8.0,-1
3,13,320,51,46,26,-1,7.0,-2
3,13,280,67,62,-12,0,6.0,-3
3,13,270,36,59,5,0,7.0,-6
3,13,280,26,77,0,0,5.0,7
3,13,260,15,101,82,0,8.0,0
3,13,310,41,118,75,0,7.0,1
3,13,280,36,109,41,0,6.0,2
3,13,260,51,97,81,-1,8.0,0
3,13,280,77,82,24,-1,7.0,10
3,13,350,51,78,59,0,7.0,3
3,13,290,21,45,22,32,7.0,15
3,13,40,67,68,5,0,7.0,-1
3,13,310,31,53,-7,0,7.0,2
3,13,200,41,40,28,-1,8.0,4
3,13,340,26,69,49,4,6.0,8
3,13,320,57,57,9,-1,7.0,1
3,13,150,26,59,-4,0,8.0,-1
3,13,150,67,111,32,0,6.0,2
3,13,210,21,114,44,0,8.0,-11
3,13,60,67,14,-7,0,8.0,1
3,13,70,123,58,-9,0,3.0,-1
3,13,40,57,4,-40,0,6.0,9
3,13,340,31,12,-20,0,8.0,3
3,13,250,46,48,11,0,8.0,2
3,13,320,41,80,55,0,7.0,-1
3,13,40,21,68,46,0,7.0,6
3,13,90,57,83,10,0,1.0,1
3,13,130,46,74,-23,0,0.0,6
3,13,260,46,120,35,0,5.0,0
3,13,250,21,129,43,0,2.0,6
3,13,210,41,155,27,0,0.0,5
3,13,180,36,153,49,0,3.0,8
3,13,190,51,159,71,0,6.0,11
3,13,220,31,177,53,0,0.0,1
3,13,260,67,137,85,0,7.0,-11
3,13,260,77,141,95,0,6.0,9
3,13,240,87,121,59,0,6.0,-1
3,13,240,57,106,12,0,1.0,-3
3,13,240,36,120,30,0,6.0,9
3,13,250,31,148,39,0,7.0,1
3,13,210,72,137,87,0,8.0,7
3,13,250,87,96,-11,0,5.0,3
3,13,280,41,93,-14,0,6.0,6
3,13,340,62,78,-17,0,6.0,4
3,13,10,26,86,-21,0,6.0,4
3,13,80,26,72,-45,0,4.0,3
3,13,110,41,71,-40,0,2.0,0
3,13,100,10,77,-71,0,1.0,13
3,13,140,41,123,-57,0,6.0,5
3,13,190,46,168,88,0,7.0,6
3,13,230,51,85,66,0,8.0,-2
3,13,200,67,64,60,3,8.0,6
3,13,210,77,88,46,0,8.0,4
3,13,210,62,101,22,0,6.0,3
3,13,180,62,135,15,0,7.0,2
3,13,250,67,89,35,0,7.0,1
3,13,260,62,99,88,-1,8.0,2
3,13,230,67,108,106,0,8.0,7
3,13,230,51,107,90,0,8.0,6
3,13,290,57,103,12,0,4.0,-4
3,13,200,36,109,9,0,7.0,5
3,13,250,57,98,24,-1,7.0,-12
3,13,260,123,113,58,0,8.0,-12
3,13,250,98,112,67,0,8.0,4
3,13,260,82,98,92,19,8.0,0
3,13,270,72,65,24,2,6.0,-12
3,13,280,93,47,19,5,7.0,13
3,13,240,46,62,50,1,6.0,0
3,13,280,67,70,0,0,7.0,-1
3,13,260,77,73,-9,0,6.0,-2
3,13,20,31,78,31,0,5.0,2
3,13,220,62,78,23,-1,8.0,-6
3,13,230,113,115,106,-1,8.0,2
3,13,270,93,114,16,0,5.0,-4
3,13,230,108,108,102,12,8.0,1
3,13,310,67,76,17,-1,6.0,8
3,13,150,26,70,-7,0,6.0,8
3,13,200,62,124,73,-1,8.0,3
3,13,270,57,143,74,0,7.0,0
3,13,160,72,182,93,0,5.0,4
3,13,220,118,126,38,0,6.0,0
3,13,220,108,103,59,-1,8.0,-4
3,13,230,87,45,17,0,7.0,3
3,13,250,123,66,-28,0,5.0,4
3,13,260,41,53,9,0,6.0,5
3,13,210,82,25,21,3,8.0,-1
3,13,270,72,73,12,0,4.0,-5
3,13,190,72,76,12,0,7.0,-3
3,13,210,77,78,-4,0,7.0,-22
3,13,220,51,92,14,0,4.0,4
3,13,130,93,108,-3,0,6.0,6
3,13,140,46,127,28,0,4.0,-2
3,13,360,10,152,75,0,2.0,1
3,13,70,36,129,0,0,0.0,2
3,13,110,26,63,-2,0,1.0,2
3,13,280,26,60,28,1,7.0,-1
3,13,240,67,76,23,0,3.0,5
3,13,220,139,125,95,-1,7.0,-12
3,13,270,72,95,19,0,5.0,6
3,13,280,41,80,10,-1,5.0,2
3,13,310,62,47,19,2,5.0,6
3,13,320,57,74,-10,0,6.0,-7
3,13,210,36,88,8,0,1.0,-3
3,13,240,41,131,18,0,0.0,6
3,13,280,51,125,63,0,5.0,-2
3,13,310,72,87,11,0,6.0,2
3,13,260,77,98,65,0,8.0,1
3,13,320,77,53,1,-1,7.0,-3
3,13,220,77,14,14,3,8.0,-1
3,13,330,41,19,4,3,7.0,43
3,13,240,31,80,-18,0,3.0,-2
3,13,240,51,69,69,1,8.0,5
3,13,330,31,45,39,-1,8.0,2
3,13,350,21,40,-26,0,7.0,-6
3,13,50,21,48,-2,0,5.0,-4
3,13,230,51,31,8,0,8.0,-5
3,13,330,36,18,6,0,8.0,-2
3,13,340,26,57,45,-1,8.0,1
3,13,60,77,54,13,0,7.0,4
3,13,100,67,79,-11,0,0.0,0
3,13,100,67,86,-23,0,0.0,0
3,13,80,67,67,-44,0,0.0,8
3,13,70,72,33,-78,0,3.0,3
3,13,80,67,10,-96,0,2.0,1
3,13,70,67,25,-66,0,0.0,-5
3,13,90,82,54,-53,0,5.0,6
3,13,80,62,66,-23,0,7.0,12
3,13,120,41,100,19,0,5.0,-4
3,13,210,15,78,27,0,8.0,6
3,13,70,21,63,24,0,8.0,5
3,13,990,5,85,39,0,8.0,4
3,13,990,10,126,33,0,3.0,5
3,13,200,36,106,75,-1,8.0,-5
3,13,230,62,93,77,0,8.0,-12
3,13,250,31,108,106,-1,8.0,4
3,13,360,31,77,63,0,8.0,-4
3,13,100,62,122,44,0,7.0,-1
3,13,20,72,40,19,0,8.0,-3
3,13,40,51,71,-80,0,1.0,2
3,13,260,72,76,-54,0,7.0,-3
3,13,270,41,67,18,-1,7.0,-27
3,13,310,41,47,-7,-1,4.0,8
3,13,340,26,15,15,32,6.0,25
3,13,210,60,135,36,0,7.0,-7
3,13,230,110,125,86,-1,8.0,-3
3,13,240,40,108,11,0,2.0,-7
3,13,110,60,111,78,-1,8.0,9
3,13,330,20,112,69,0,5.0,1
3,13,40,30,97,62,0,7.0,5
3,13,200,40,149,67,0,4.0,-1
3,13,990,10,155,73,0,5.0,-11
3,13,80,40,147,82,0,0.0,2
3,13,220,20,165,25,0,0.0,10
3,13,20,30,76,76,0,7.0,23
3,13,220,20,120,65,0,0.0,20
3,13,250,40,144,77,0,7.0,3
3,13,230,50,93,79,-1,8.0,9
3,13,250,60,96,88,-1,8.0,3
3,13,270,60,126,98,0,8.0,-2
3,13,310,30,121,64,0,6.0,4
3,13,260,60,99,78,-1,8.0,-7
3,13,320,50,87,62,-1,7.0,6
3,13,250,30,60,10,0,8.0,2
3,13,320,50,88,17,0,7.0,4
3,13,990,10,71,-11,0,3.0,7
3,13,180,40,70,55,6,8.0,2
3,13,990,10,86,55,0,8.0,0
3,13,60,10,96,60,0,7.0,-1
3,13,210,80,128,68,0,7.0,6
3,13,260,80,152,14,0,7.0,4
3,13,300,70,90,30,0,7.0,5
3,13,310,60,87,23,0,7.0,4
3,13,300,40,127,28,0,5.0,-1
3,13,310,30,146,51,0,0.0,-2
3,13,230,100,33,24,1,,0
3,13,270,80,100,41,0,6.0,7
3,13,210,120,108,95,1,8.0,8
3,13,220,120,131,118,15,8.0,-23
3,13,280,90,81,18,0,3.0,-39
3,13,200,80,76,71,7,8.0,7
3,13,250,80,111,95,5,7.0,10
3,13,20,60,45,35,1,8.0,-1
3,13,350,40,68,-3,-1,6.0,-1
3,13,220,70,82,-16,0,6.0,7
3,13,160,50,40,32,-1,8.0,9
3,13,350,60,70,1,0,5.0,-11
3,13,230,60,45,43,1,8.0,1
3,13,300,50,89,65,0,,-1
3,13,290,60,115,85,-1,,-2
3,13,270,30,113,91,0,8.0,0
3,13,300,30,115,72,0,8.0,3
3,13,290,50,112,49,0,7.0,-3
3,13,340,40,93,4,0,4.0,-1
3,13,300,40,93,69,-1,7.0,5
3,13,40,30,84,12,0,,5
3,13,330,70,81,64,-1,,1
3,13,60,90,44,0,0,7.0,2
3,13,990,10,79,-44,0,6.0,5
3,13,990,10,108,-43,0,7.0,5
3,13,180,60,114,-24,0,7.0,-3
3,13,240,60,110,105,0,8.0,2
3,13,130,50,142,100,0,,4
3,13,130,40,205,97,0,,6
3,13,230,50,217,110,0,6.0,-7
3,13,260,30,160,97,0,7.0,9
3,13,240,100,106,104,35,8.0,5
3,13,240,80,113,113,9,8.0,2
3,13,210,100,103,53,-1,7.0,3
3,13,180,50,87,54,0,7.0,-1
3,13,230,40,83,46,0,6.0,-1
3,13,230,70,48,37,0,7.0,3
3,13,200,80,47,24,0,7.0,-1
3,13,170,30,55,48,2,8.0,11
3,13,250,50,59,59,-1,8.0,-1
3,13,230,30,55,55,0,7.0,17
3,13,110,50,66,40,0,4.0,12
3,13,120,50,133,79,0,3.0,9
3,13,220,40,179,80,0,7.0,-2
3,13,240,30,120,80,0,5.0,12
3,13,340,10,110,51,0,6.0,2
3,13,70,40,106,41,0,4.0,-1
3,13,100,20,107,41,0,6.0,9
3,13,230,40,120,27,0,7.0,-1
3,13,320,30,87,28,0,7.0,-1
3,13,260,50,84,36,0,8.0,1
3,13,200,80,62,51,10,8.0,-4
3,13,330,80,60,34,0,7.0,3
3,13,280,40,92,91,10,8.0,0
3,13,210,60,95,66,0,8.0,2
3,13,200,60,166,90,0,5.0,-5
3,13,220,30,108,89,-1,8.0,3
3,13,360,30,109,32,0,5.0,-2
3,13,30,30,106,47,0,2.0,0
3,13,200,40,142,15,0,2.0,6
3,13,200,60,170,100,0,4.0,0
3,13,90,20,178,106,0,4.0,7
3,13,310,30,58,32,2,7.0,22
3,13,230,100,63,7,0,7.0,4
3,13,280,70,74,18,0,7.0,2
3,13,290,40,29,23,4,,-5
3,13,260,40,62,17,0,,9
3,13,240,60,87,9,0,7.0,1
3,13,240,80,125,75,0,7.0,5
3,13,250,80,114,101,8,8.0,2
3,13,280,70,121,88,0,8.0,-1
3,13,200,40,79,34,0,8.0,-2
3,13,290,70,102,49,0,,6
3,13,250,20,103,17,0,,1
3,13,250,60,105,62,0,8.0,-3
3,13,270,50,95,85,6,8.0,-11
3,13,300,40,70,5,0,7.0,1
3,13,290,50,100,72,0,8.0,0
3,13,330,70,109,47,0,8.0,-3
3,13,330,80,81,23,0,,2
3,13,40,30,69,15,0,,11
3,13,330,10,98,15,0,6.0,6
3,13,990,10,96,32,0,7.0,4
3,13,150,20,158,42,0,0.0,6
3,13,80,30,144,43,0,5.0,4
3,13,170,40,132,92,0,8.0,-10
3,13,200,50,111,71,0,,0
3,13,190,70,104,16,0,,-4
3,13,30,40,67,43,0,8.0,4
3,13,10,40,41,19,0,8.0,-2
3,13,40,70,70,42,0,8.0,4
3,13,20,40,70,44,0,8.0,0
3,13,290,40,73,37,0,8.0,1
3,13,240,40,35,20,3,8.0,-1
3,13,70,40,27,9,0,8.0,6
3,13,50,40,-2,-33,0,,2
3,13,60,40,27,3,0,,0
3,13,100,20,36,-18,0,8.0,4
3,13,110,50,82,12,0,1.0,5
3,13,180,40,125,93,0,7.0,8
3,13,110,50,94,83,2,8.0,2
3,13,220,80,112,95,-1,7.0,4
3,13,200,40,118,98,0,,-6
3,13,200,50,114,96,-1,,3
3,13,260,50,106,28,0,7.0,3
3,13,230,60,66,55,12,8.0,10
3,13,280,70,90,15,-1,5.0,11
3,13,310,10,93,47,-1,6.0,11
3,13,70,40,106,61,0,7.0,-5
3,13,30,20,62,41,0,,-4
3,13,0,0,64,52,2,,-1
3,13,320,50,51,-11,-1,5.0,0
3,13,100,50,49,-30,0,8.0,3
3,13,80,60,14,9,3,8.0,3
3,13,320,40,38,25,0,8.0,6
3,13,120,50,89,84,18,8.0,21
3,13,40,50,112,72,0,,-6
3,13,20,50,28,12,0,,0
3,13,90,40,40,-10,0,8.0,3
3,13,130,60,46,-14,0,8.0,0
3,13,140,60,121,48,0,7.0,4
3,13,200,50,69,59,5,8.0,5
3,13,260,40,102,45,0,6.0,-22
3,13,210,80,131,54,0,,10
3,13,320,20,70,46,0,7.0,6
3,13,280,30,58,-37,0,,6
3,13,260,50,72,14,0,,1
3,13,240,30,94,56,0,8.0,-1
3,13,290,30,90,35,0,7.0,-1
3,13,240,90,81,60,1,8.0,-1
3,13,290,90,122,21,0,4.0,-13
3,13,240,60,124,29,0,6.0,0
3,13,220,70,107,86,0,,13
3,13,210,80,113,14,0,,4
3,13,200,50,142,48,0,6.0,7
3,13,40,30,101,82,1,8.0,3
3,13,30,50,55,44,-1,8.0,-4
3,13,80,90,50,14,0,8.0,8
3,13,100,70,75,40,0,7.0,2
3,13,150,20,156,71,0,,5
3,13,200,60,147,91,-1,,-10
3,13,190,90,130,78,0,7.0,2
3,13,260,70,117,68,0,5.0,4
3,13,290,70,130,77,0,,-5
3,13,260,90,135,99,0,7.0,-1
3,13,360,40,93,74,-1,7.0,-3
3,13,30,30,88,-6,0,,7
3,13,20,30,78,12,0,,2
3,13,80,20,87,-10,0,5.0,3
3,13,40,20,93,-11,0,7.0,-3
3,13,50,50,100,-22,0,3.0,5
3,13,100,50,124,-7,0,1.0,11
3,13,150,40,147,21,0,0.0,7
3,13,200,30,151,34,0,,9
3,13,230,60,164,54,0,,-6
3,13,190,40,130,61,0,,3
3,13,50,10,109,67,0,,1
3,13,250,20,86,48,0,5.0,12
3,13,140,60,107,33,0,7.0,2
3,13,200,50,147,96,0,7.0,3
3,13,310,50,73,49,0,8.0,-2
3,13,190,60,95,36,0,8.0,4
3,13,250,70,104,29,0,,-4
3,13,240,70,122,56,0,,6
3,13,230,70,142,57,0,7.0,-2
3,13,230,60,107,99,2,8.0,1
3,13,340,50,89,60,-1,7.0,0
3,13,30,40,90,1,0,1.0,2
3,13,60,70,103,-35,0,0.0,3
3,13,70,70,100,-18,0,,8
3,13,90,40,115,-13,0,,6
3,13,50,40,91,27,0,1.0,-1
3,13,70,30,121,36,0,1.0,-1
3,13,340,40,91,18,0,1.0,9
3,13,210,20,77,10,0,5.0,7
3,13,70,60,97,2,0,1.0,2
3,13,100,60,124,-51,0,,9
3,13,100,20,152,-62,0,,13
3,13,240,50,212,36,0,0.0,-1
3,13,170,20,167,52,0,6.0,0
3,13,30,40,171,2,0,3.0,4
3,13,350,30,174,32,0,1.0,-3
3,13,80,60,199,49,0,3.0,1
3,13,270,30,184,78,0,,-1
3,13,350,30,156,59,0,,-1
3,13,60,20,123,18,0,1.0,3
3,13,350,20,35,-41,0,5.0,5
3,13,300,50,71,8,0,3.0,2
3,13,260,30,66,18,0,2.0,9
3,13,120,50,96,21,0,5.0,3
3,13,120,60,75,-17,0,6.0,10
3,13,260,40,27,7,0,,6
3,13,250,30,81,42,0,,-8
3,13,330,40,64,3,0,2.0,4
3,13,30,60,20,-7,-1,8.0,4
3,13,40,40,19,7,-1,8.0,1
3,13,80,40,50,-20,0,7.0,-2
3,13,130,70,59,-3,0,8.0,4
3,13,220,100,105,35,0,,2
3,13,210,110,131,47,0,,-1
3,13,230,80,131,74,0,7.0,4
3,13,230,60,162,115,0,8.0,-1
3,13,220,50,203,82,0,0.0,5
3,13,200,30,142,106,-1,8.0,13
3,13,220,120,125,57,-1,8.0,-13
3,13,220,110,121,110,10,,4
3,13,240,80,100,64,6,,18
3,13,320,60,61,34,14,7.0,36
3,13,340,20,94,14,0,3.0,-8
3,13,350,30,76,27,0,7.0,-4
3,13,360,30,70,-18,0,4.0,10
3,13,320,40,53,16,0,5.0,-2
3,13,180,20,80,-31,0,,-6
3,13,210,30,107,-11,0,,6
3,13,30,20,125,21,0,2.0,4
3,13,80,90,157,21,0,0.0,5
3,13,110,40,174,28,0,1.0,8
3,13,210,80,-4,-37,0,,11
3,13,180,30,-4,-17,1,,3
3,13,40,50,-9,-26,0,,4
3,13,210,60,-4,-48,0,,2
3,13,80,50,3,-13,0,,-1
3,13,340,50,14,-52,0,,4
3,13,310,50,53,14,0,,0
3,13,310,40,62,30,0,,-6
3,13,320,30,58,30,-1,,10
3,13,260,30,61,14,0,,1
3,13,260,90,70,35,0,,-7
3,13,280,50,42,27,5,,3
3,13,230,80,65,-3,0,,-3
3,13,220,60,74,8,0,,-3
3,13,230,100,132,36,0,,-4
3,13,230,90,189,100,0,,13
3,13,250,80,151,94,0,,4
3,13,250,60,108,77,0,,9
3,13,40,20,108,105,-1,,3
3,13,90,40,121,45,0,,3
3,13,120,70,157,16,0,,2
3,13,180,60,182,61,0,,6
3,13,990,10,165,82,0,,-1
3,13,130,40,185,112,0,,-6
3,13,230,40,153,96,0,,-8
3,13,60,40,152,94,0,,8
3,13,100,40,160,114,0,,-6
3,13,270,50,139,112,0,,-10
3,13,90,40,136,108,0,,7
3,13,90,50,150,107,0,,-8
3,13,70,40,158,82,0,,-3
3,13,250,80,17,-16,0,,0
3,13,240,70,44,-23,0,,-8
3,13,40,30,13,-12,0,,5
3,13,260,60,46,-35,0,,-9
3,13,270,40,16,8,4,,-7
3,13,310,50,37,-18,4,,9
3,13,210,30,63,-28,0,,-1
3,13,160,40,43,38,19,,5
3,13,270,40,73,66,-1,,1
3,13,250,50,52,34,3,,12
3,13,10,50,-5,-34,0,,-1
3,13,90,20,-2,-95,0,,-2
3,13,100,40,26,-89,0,,3
3,13,110,40,38,-54,0,,10
3,13,50,50,44,-37,0,,10
3,13,60,70,36,-44,0,,-6
3,13,60,60,31,-10,0,,-4
3,13,50,70,40,-8,0,,0
3,13,40,30,71,0,0,,7
3,13,990,10,60,2,0,,12
3,13,60,50,61,-55,0,,8
3,13,40,20,50,-44,0,,17
3,13,110,60,86,-69,0,,8
3,13,130,50,75,60,5,,-1
3,13,250,80,137,72,0,,6
3,13,250,60,173,102,0,,0
3,13,210,100,175,89,0,,5
3,13,230,100,130,27,0,,12
3,13,260,60,113,42,0,,2
3,13,240,90,148,96,0,,-3
3,13,270,90,155,70,0,,-14
3,13,250,100,91,32,0,,4
3,13,260,60,78,31,0,,1
3,13,320,70,54,44,0,,6
3,13,160,40,119,59,0,,5
3,13,230,90,83,57,5,,10
3,13,210,100,104,63,1,,-10
3,13,230,70,98,76,0,,3
3,13,260,40,124,67,0,,3
3,13,220,50,78,73,8,,-1
3,13,250,60,119,47,0,,1
3,13,230,40,133,77,0,,11
3,13,120,20,151,39,0,,5
3,13,310,30,143,64,0,,5
3,13,360,30,128,33,0,,1
3,13,200,20,130,38,0,,-1
3,13,250,50,105,80,0,,-9
3,13,270,60,123,91,0,,10
3,13,280,100,89,-1,0,,-6
3,13,290,50,33,14,1,,-1
3,13,350,80,50,26,1,,2
3,13,20,50,85,-14,0,,-1
3,13,330,70,81,27,0,,-2
3,13,50,60,62,21,0,,4
3,13,30,50,98,70,0,,12
3,13,80,100,123,32,0,,1
3,13,80,80,165,42,0,,5
3,13,100,60,161,14,0,,2
3,13,130,40,169,30,0,,2
3,13,220,40,145,65,0,,-29
3,13,100,30,139,71,0,,3
3,13,50,80,154,68,0,,1
3,13,290,90,97,22,0,6.0,-1
3,13,290,80,109,37,0,6.0,-3
3,13,280,80,71,-17,0,5.0,-10
3,13,10,50,53,19,0,8.0,17
3,13,350,30,51,-39,0,1.0,7
3,13,250,60,71,57,-1,8.0,3
3,13,210,50,87,42,0,8.0,3
3,13,210,80,98,28,0,2.0,7
3,13,190,60,94,54,-1,8.0,-6
3,13,170,100,71,19,-1,8.0,-12
3,13,230,110,107,29,0,6.0,-29
3,13,260,140,81,18,0,8.0,-6
3,13,270,40,68,39,4,7.0,16
3,13,280,70,105,13,0,0.0,-1
3,13,170,30,136,83,0,7.0,2
3,13,220,30,105,90,1,8.0,-8
3,13,330,40,57,0,3,8.0,6
3,13,300,40,69,-5,0,4.0,-2
3,13,340,60,65,4,0,7.0,-13
3,13,250,80,77,12,0,8.0,-26
3,13,270,90,33,8,-1,7.0,12
3,13,30,70,28,14,-1,8.0,4
3,13,210,40,55,-60,0,2.0,-5
3,13,260,70,20,0,-1,8.0,6
3,13,310,60,32,9,3,4.0,-31
3,13,170,10,32,13,1,8.0,6
3,13,90,30,79,53,0,8.0,3
3,13,190,90,99,18,0,6.0,2
3,13,230,100,106,32,0,6.0,9
3,13,170,50,111,59,2,8.0,-17
3,13,200,20,119,51,0,7.0,9
3,13,120,30,99,68,0,6.0,8
3,13,280,30,78,34,0,8.0,5
3,13,190,40,77,38,0,8.0,16
3,13,180,80,70,33,-1,8.0,9
3,13,330,40,64,33,-1,8.0,7
3,13,320,50,60,28,-1,8.0,2
3,13,210,40,70,41,0,3.0,19
3,13,280,60,96,26,0,4.0,4
3,13,270,80,73,16,-1,8.0,-3
3,13,220,60,54,46,5,8.0,6
3,13,300,40,90,18,0,7.0,1
3,13,240,40,92,81,-1,8.0,-1
3,13,260,30,112,49,0,5.0,0
3,13,250,60,122,74,0,8.0,-24
3,13,320,60,108,40,0,8.0,-5
3,13,290,20,94,60,0,8.0,5
3,13,60,50,131,67,0,5.0,-2
3,13,130,20,89,4,0,6.0,15
3,13,70,60,95,36,0,2.0,9
3,13,70,30,90,-34,0,0.0,5
3,13,290,30,110,-32,0,0.0,6
3,13,300,50,108,27,0,6.0,-9
3,13,260,100,82,52,1,8.0,2
3,13,320,60,79,2,-1,4.0,-7
3,13,300,60,46,32,21,8.0,16
3,13,210,70,75,65,2,8.0,4
3,13,240,80,90,18,0,7.0,-3
3,13,260,30,65,51,3,8.0,25
3,13,340,50,81,25,0,7.0,5
3,13,240,20,106,-7,0,0.0,3
3,13,70,20,129,9,0,0.0,3
3,13,260,60,80,3,0,7.0,-2
3,13,270,40,73,12,0,6.0,-31
3,13,60,30,62,-2,0,1.0,6
3,13,10,50,63,-27,0,3.0,-9
3,13,270,50,59,-44,0,3.0,-3
3,13,50,70,28,-65,0,0.0,-1
3,13,80,70,26,-101,0,0.0,11
3,13,210,10,-3,-12,-1,8.0,6
3,13,40,50,37,-52,0,0.0,3
3,13,30,60,61,-40,0,0.0,-3
3,13,40,50,57,-9,0,5.0,-5
3,13,290,40,61,-1,0,8.0,-5
3,13,300,40,72,21,0,8.0,-1
3,13,280,60,78,37,-1,8.0,-3
3,13,270,70,91,45,0,8.0,-13
3,13,260,30,75,39,0,8.0,0
3,13,230,80,142,27,0,5.0,0
3,13,190,60,179,22,0,1.0,4
3,13,230,60,160,81,0,8.0,0
3,13,220,80,163,109,0,8.0,5
3,13,360,40,102,62,0,8.0,8
3,13,220,40,128,36,0,6.0,-2
3,13,190,20,139,53,0,6.0,-5
3,13,130,50,188,67,0,1.0,-5
3,13,160,60,195,71,0,5.0,-2
3,13,200,10,112,80,4,8.0,0
3,13,230,50,123,47,0,8.0,11
3,13,230,100,87,45,4,8.0,6
3,13,180,20,114,68,0,6.0,12
3,13,210,80,119,72,-1,8.0,3
3,13,200,100,106,0,0,7.0,-17
3,13,20,50,57,25,0,5.0,1
3,13,50,50,63,-11,0,0.0,5
3,13,30,50,56,-28,0,0.0,8
3,13,60,40,69,-21,0,0.0,2
3,13,360,30,53,21,0,8.0,8
3,13,60,50,65,-40,0,0.0,2
3,13,90,50,73,-86,0,0.0,5
3,13,200,40,104,-39,0,0.0,7
3,13,240,50,81,54,-1,8.0,5
3,13,240,100,86,57,1,8.0,13
3,13,250,60,104,7,0,5.0,-4
3,13,150,50,128,39,0,2.0,-3
3,13,190,40,133,72,0,8.0,-1
3,13,170,10,137,99,0,5.0,-8
3,13,80,60,159,96,0,0.0,9
3,13,70,80,99,57,0,7.0,-1
3,13,320,40,73,45,0,8.0,7
3,13,210,30,69,55,0,8.0,-2
3,13,80,20,85,-13,0,0.0,9
3,13,250,20,109,-24,0,0.0,6
3,13,260,20,133,-20,0,0.0,6
3,13,330,20,147,41,0,0.0,6
3,13,50,30,143,70,0,0.0,4
3,13,80,30,154,70,0,0.0,9
3,13,360,30,148,45,0,1.0,0
3,13,40,20,74,49,-1,8.0,7
3,13,60,20,122,19,0,0.0,7
3,13,10,30,112,30,0,3.0,-2
3,13,270,20,141,19,0,0.0,5
3,13,200,50,115,90,42,8.0,29
3,13,240,90,125,110,-1,8.0,-1
3,13,320,20,81,74,0,8.0,4
3,13,70,40,104,70,0,8.0,1
3,13,190,40,119,60,0,8.0,2
3,13,140,30,117,61,0,7.0,2
3,13,170,60,50,11,0,8.0,4
3,13,170,20,83,14,0,8.0,0
3,13,200,80,61,11,-1,8.0,3
3,13,280,50,85,14,0,6.0,-2
3,13,230,60,119,41,0,8.0,-8
3,13,260,40,101,90,0,8.0,3
3,13,310,30,134,66,0,8.0,0
3,13,350,30,123,76,0,1.0,6
3,13,100,10,95,45,0,8.0,0
3,13,90,20,79,28,0,8.0,2
3,13,140,20,149,60,0,0.0,11
3,13,210,30,110,68,0,2.0,17
3,13,190,30,116,50,0,7.0,7
3,13,260,50,98,40,0,8.0,4
3,13,280,40,109,11,0,5.0,-6
3,13,240,50,134,34,0,1.0,0
3,13,50,20,145,44,0,0.0,5
3,13,80,60,185,81,0,0.0,6
3,13,60,20,187,91,0,0.0,2
3,13,60,30,184,81,0,0.0,-1
3,13,20,30,169,46,0,0.0,2
3,13,40,50,166,49,0,0.0,8
3,13,340,40,181,63,0,1.0,0
3,13,300,30,180,81,0,0.0,3
3,13,320,60,121,52,0,8.0,-5
3,13,280,50,103,68,0,8.0,3
3,13,350,60,81,17,0,8.0,7
3,13,10,40,42,-1,0,8.0,4
3,13,300,10,33,-21,0,8.0,5
3,13,100,10,52,35,0,8.0,1
3,13,110,70,100,1,0,0.0,9
3,13,150,40,152,8,0,0.0,8
3,13,80,30,162,13,0,7.0,11
3,13,90,40,118,40,0,8.0,7
3,13,90,50,136,93,0,6.0,5
3,13,240,60,66,61,14,8.0,-2
3,13,20,40,-2,-19,0,8.0,1
3,13,50,80,-19,-61,0,8.0,2
3,13,50,80,-8,-76,0,5.0,5
3,13,230,40,8,-44,0,8.0,6
3,13,330,20,6,-31,-1,8.0,26
3,13,190,40,25,7,-1,8.0,5
3,13,160,70,78,-15,0,8.0,1
3,13,140,40,87,33,0,8.0,-3
3,13,220,40,108,-1,0,2.0,4
3,13,230,30,61,39,1,8.0,4
3,13,20,30,0,-3,4,8.0,4
3,13,120,10,33,-39,0,8.0,2
3,13,90,80,40,-13,0,7.0,-3
3,13,90,120,12,-56,0,8.0,1
3,13,70,110,20,-151,0,8.0,2
3,13,70,110,34,-104,0,0.0,8
3,13,70,100,42,-99,0,0.0,3
3,13,80,80,49,-84,0,0.0,5
3,13,80,40,39,-42,0,7.0,-8
3,13,340,20,14,-41,0,8.0,2
3,13,10,30,33,-45,0,8.0,7
3,13,60,50,33,-36,0,8.0,-11
3,13,160,40,86,25,0,8.0,-3
3,13,200,60,88,4,0,3.0,2
3,13,190,60,76,45,0,8.0,8
3,13,200,30,110,44,0,2.0,3
3,13,990,10,105,56,0,0.0,0
3,13,180,40,128,14,0,0.0,4
3,13,240,60,132,28,0,7.0,-2
3,13,130,40,160,73,0,0.0,0
3,13,190,60,198,34,0,0.0,4
3,13,30,20,182,44,0,0.0,6
3,13,20,50,129,70,0,0.0,8
3,13,80,30,155,52,0,0.0,8
3,13,90,10,173,44,0,0.0,5
3,13,260,30,130,47,0,0.0,8
3,13,300,60,106,39,0,8.0,5
3,13,270,50,123,72,0,8.0,5
3,13,250,60,122,45,0,8.0,2
3,13,230,80,100,60,0,8.0,0
3,13,240,90,168,56,0,3.0,11
3,13,170,80,201,27,0,0.0,12
3,13,280,50,65,44,3,8.0,6
3,13,220,60,101,50,-1,6.0,-26
3,13,220,50,54,36,19,7.0,7
3,13,260,30,71,13,0,5.0,27
3,13,60,50,93,6,0,7.0,11
3,13,120,20,91,12,0,8.0,0
3,13,90,50,133,36,0,2.0,3
3,13,90,60,175,63,0,0.0,-7
3,13,120,50,193,39,0,1.0,-2
3,13,110,20,203,36,0,7.0,0
3,13,110,40,205,76,0,2.0,-3
3,13,240,80,98,28,-1,8.0,7
3,13,250,80,82,-19,0,6.0,-46
3,13,220,100,58,38,7,8.0,12
3,13,280,60,66,14,0,8.0,0
3,13,250,40,88,30,0,8.0,12
3,13,230,60,82,20,0,8.0,2
3,13,200,60,139,9,0,4.0,-5
3,13,210,50,170,34,0,0.0,4
3,13,190,20,100,71,0,8.0,6
3,13,340,30,127,39,0,5.0,-10
3,13,120,20,63,29,0,1.0,15
3,13,90,50,118,11,0,0.0,3
3,13,90,50,82,3,0,7.0,1
3,13,40,50,53,11,0,8.0,-3
3,13,70,70,73,35,0,8.0,3
3,13,70,50,112,27,0,7.0,9
3,13,80,40,166,43,0,0.0,5
3,13,320,40,136,77,0,8.0,-7
3,13,350,20,74,52,0,8.0,2
3,13,330,20,38,26,0,8.0,4
3,13,340,50,77,60,8,7.0,-10
3,13,90,50,43,-3,0,8.0,9
3,13,230,40,108,26,0,6.0,-1
3,13,290,20,103,20,0,8.0,1
3,13,290,20,64,53,3,8.0,-2
3,13,200,90,60,14,-1,8.0,0
3,13,280,60,90,19,0,8.0,-2
3,13,190,60,83,78,2,8.0,4
3,13,220,100,109,95,8,8.0,1
3,13,290,70,80,4,0,7.0,14
3,13,290,100,103,3,0,4.0,11
3,13,190,60,36,-9,1,8.0,-9
3,13,260,70,74,2,0,3.0,-16
3,13,330,30,63,21,2,3.0,1
3,13,150,50,14,7,10,8.0,2
3,13,990,10,55,9,0,8.0,6
3,13,40,10,57,17,0,7.0,11
3,13,170,20,51,-8,0,2.0,-1
3,13,230,50,66,10,0,8.0,1
3,13,140,70,76,-21,0,8.0,-1
3,13,80,40,91,12,0,7.0,6
3,13,40,40,73,34,0,3.0,14
3,13,90,50,80,4,0,1.0,-3
3,13,60,70,88,14,0,1.0,-1
3,13,60,70,85,-19,0,8.0,6
3,13,30,30,61,44,0,8.0,0
3,13,70,90,73,-19,0,8.0,9
3,13,30,40,104,2,0,0.0,8
3,13,310,20,62,40,0,8.0,2
3,13,350,20,69,13,0,8.0,0
3,13,340,40,88,27,0,8.0,0
3,13,270,40,90,38,0,8.0,0
3,13,310,30,103,58,-1,8.0,2
3,13,330,40,90,33,0,8.0,5
3,13,230,50,96,40,0,8.0,3
3,13,290,40,91,58,0,8.0,-4
3,13,190,90,138,63,0,7.0,9
3,13,210,80,118,37,0,6.0,1
3,13,230,100,120,51,0,7.0,12
3,13,230,120,109,24,0,7.0,-1
3,13,240,80,122,34,0,7.0,-3
3,13,40,40,109,23,0,8.0,1
3,13,250,60,85,20,0,6.0,0
3,13,250,100,72,19,-1,8.0,1
3,13,120,40,89,33,-1,8.0,2
3,13,180,30,140,72,0,8.0,-5
3,13,190,80,99,18,0,7.0,-13
3,13,350,20,69,44,0,8.0,9
3,13,280,20,80,59,10,7.0,12
3,13,200,70,78,71,8,8.0,6
3,13,270,60,121,88,-1,8.0,7
3,13,210,20,110,19,0,5.0,1
3,13,130,20,121,31,0,8.0,2
3,13,120,50,137,11,0,6.0,9
3,13,300,30,144,69,0,6.0,-6
3,13,250,60,153,64,0,8.0,2
3,13,270,40,143,27,0,1.0,5
3,13,190,50,159,48,0,3.0,8
3,13,260,70,101,-14,0,8.0,-3
3,13,270,70,129,94,0,8.0,1
3,13,240,100,126,90,0,8.0,2
3,13,230,100,117,82,0,8.0,-1
3,13,280,60,98,6,0,8.0,-6
3,13,130,70,119,13,0,6.0,3
3,13,90,70,136,35,0,0.0,5
3,13,70,80,132,36,0,8.0,5
3,13,50,80,147,-9,0,1.0,3
3,13,30,30,126,46,0,8.0,14
3,13,120,40,168,3,0,0.0,3
3,13,250,50,197,19,0,0.0,1
3,13,260,50,146,90,0,8.0,9
3,13,200,60,220,85,0,8.0,2
3,13,190,70,229,73,0,8.0,-5
3,13,80,130,-4,-145,0,8.0,4
3,13,70,90,-10,-125,0,8.0,2
3,13,80,60,6,-46,0,8.0,2
3,13,90,50,108,33,0,7.0,-1
3,13,160,50,118,48,0,7.0,-9
3,13,240,30,108,55,0,8.0,-5
3,13,150,30,81,45,-1,8.0,-1
3,13,210,80,63,45,8,8.0,3
3,13,210,40,99,31,0,8.0,5
3,13,200,40,152,96,0,8.0,5
3,13,210,70,138,98,0,8.0,3
3,13,190,50,135,65,0,8.0,-3
3,13,290,40,46,38,6,8.0,6
3,13,110,50,99,45,0,1.0,6
3,13,120,70,114,17,0,8.0,2
3,13,70,50,58,38,0,8.0,-5
3,13,60,110,-27,-71,-1,8.0,3
3,13,70,100,-4,-98,0,8.0,3
3,13,80,80,30,-102,0,1.0,7
3,13,10,70,84,-72,0,0.0,3
3,13,250,40,67,-13,0,8.0,5
3,13,300,30,81,54,-1,8.0,5
3,13,190,70,66,14,0,8.0,4
3,13,160,20,108,18,0,3.0,7
3,13,360,30,127,10,0,3.0,-4
3,13,270,30,110,9,0,7.0,1
3,13,190,50,88,31,-1,8.0,-11
3,13,190,40,71,54,26,8.0,-1
3,13,330,40,63,35,5,8.0,24
3,13,130,60,136,7,0,8.0,4
3,13,220,20,112,34,0,8.0,7
3,13,310,30,70,36,0,8.0,-2
3,13,210,60,112,57,0,7.0,-11
3,13,210,80,111,102,13,8.0,1
3,13,260,90,91,27,0,7.0,-7
3,13,240,60,100,37,0,7.0,-4
3,13,170,50,124,59,-1,8.0,8
3,13,220,110,95,48,4,8.0,-12
3,13,270,40,97,15,0,6.0,4
3,13,250,100,101,71,4,8.0,2
3,13,250,120,102,64,9,8.0,-18
3,13,280,90,76,16,-1,6.0,-1
3,13,210,110,97,-12,0,8.0,1
3,13,240,100,74,53,3,8.0,-2
3,13,260,90,107,72,-1,8.0,3
3,13,260,90,134,95,0,8.0,-1
3,13,240,110,113,70,0,8.0,-1
3,13,260,60,76,26,-1,7.0,1
3,13,260,50,78,14,0,7.0,7
3,13,250,30,117,31,0,7.0,-13
3,13,240,40,114,84,-1,8.0,3
3,13,240,40,147,74,0,1.0,3
3,13,210,20,179,58,0,0.0,6
3,13,280,20,117,81,0,8.0,1
3,13,350,40,103,25,0,1.0,7
3,13,320,60,91,22,-1,8.0,9
3,13,300,40,88,27,0,8.0,6
3,13,290,20,107,39,0,8.0,12
3,13,0,0,119,50,0,8.0,1
3,13,130,20,168,72,0,0.0,6
3,13,240,40,174,58,0,5.0,1
3,13,40,60,105,49,0,8.0,13
3,13,220,100,88,4,0,7.0,3
3,13,180,40,88,50,0,8.0,-3
3,13,230,60,84,16,0,6.0,2
3,13,220,60,109,23,0,7.0,-21
3,13,90,50,71,48,0,8.0,0
3,13,320,60,88,34,0,8.0,-2
3,13,230,70,96,11,0,7.0,1
3,13,200,80,86,77,5,8.0,0
3,13,250,50,75,49,2,8.0,3
3,13,240,80,121,109,4,8.0,0
3,13,240,50,132,101,0,8.0,-4
3,13,250,90,108,-17,0,2.0,0
3,13,250,70,102,28,0,2.0,0
3,13,180,50,105,27,0,7.0,2
3,13,210,90,118,53,0,8.0,4
3,13,250,20,129,67,0,8.0,0
3,13,240,60,134,14,0,5.0,4
3,13,250,60,160,70,0,8.0,-2
3,13,340,30,139,90,0,3.0,-12
3,13,40,50,83,19,0,8.0,-3
3,13,80,110,87,-5,0,1.0,0
3,13,80,90,89,-50,0,0.0,5
3,13,130,60,90,-102,0,0.0,3
3,13,130,70,97,-94,0,0.0,7
3,13,60,50,107,-79,0,1.0,7
3,13,50,80,108,-53,0,0.0,3
3,13,50,60,137,1,0,0.0,11
3,13,40,60,133,21,0,0.0,4
3,13,30,80,63,-48,0,8.0,-1
3,13,290,40,75,14,0,8.0,7
3,13,60,40,83,-37,0,0.0,2
