MM,HH,DD,FF,T,TD,RH,N,TC
3,2,990,5,23,23,0,4.0,0
3,2,250,15,32,31,4,8.0,0
3,2,210,46,51,47,0,6.0,7
3,2,170,31,22,6,0,0.0,-1
3,2,180,41,94,72,-1,8.0,2
3,2,180,41,109,81,-1,8.0,-8
3,2,170,41,135,73,0,7.0,1
3,2,80,31,111,65,-1,8.0,-11
3,2,990,5,101,85,-1,8.0,-5
3,2,200,41,85,63,0,7.0,-2
3,2,200,36,97,92,0,8.0,-5
3,2,190,36,72,61,0,2.0,-13
3,2,110,15,74,45,0,0.0,-5
3,2,200,31,72,43,0,0.0,-11
3,2,210,31,113,104,-1,8.0,-4
3,2,180,26,81,67,0,5.0,2
3,2,180,31,105,51,0,4.0,-12
3,2,160,21,72,57,0,7.0,6
3,2,200,77,93,53,0,8.0,-4
3,2,240,87,108,92,0,8.0,-2
3,2,210,103,136,113,-1,7.0,-4
3,2,240,26,69,69,0,8.0,0
3,2,20,21,46,39,-1,8.0,-3
3,2,350,41,47,27,0,7.0,3
3,2,30,62,48,41,0,3.0,-8
3,2,60,67,52,19,0,8.0,-2
3,2,50,31,17,-2,0,1.0,-4
3,2,100,21,24,0,0,1.0,0
3,2,120,15,18,-14,0,1.0,-7
3,2,110,26,7,-30,0,0.0,-7
3,2,220,21,33,9,0,7.0,-1
3,2,190,31,75,34,0,0.0,-3
3,2,200,72,97,30,0,7.0,1
3,2,220,72,46,26,0,6.0,4
3,2,220,36,78,72,-1,8.0,0
3,2,990,15,49,45,0,0.0,-14
3,2,210,62,91,90,9,8.0,2
3,2,180,31,25,13,0,0.0,-4
3,2,200,26,67,20,0,7.0,-21
3,2,240,21,74,74,0,8.0,-4
3,2,210,21,36,35,0,5.0,1
3,2,250,57,33,21,0,3.0,-6
3,2,210,98,52,34,0,8.0,2
3,2,240,98,80,68,-1,8.0,-3
3,2,280,77,47,-1,0,6.0,-7
3,2,270,72,57,18,0,7.0,-2
3,2,270,31,16,6,0,7.0,-2
3,2,200,46,56,34,0,8.0,0
3,2,170,15,69,68,0,2.0,-13
3,2,220,41,80,69,-1,8.0,-1
3,2,210,67,85,60,0,5.0,2
3,2,230,67,99,96,0,8.0,-1
3,2,240,67,58,49,3,8.0,0
3,2,230,62,45,38,-1,8.0,-4
3,2,10,31,18,18,0,7.0,2
3,2,360,67,42,29,-1,8.0,-1
3,2,200,77,32,23,2,8.0,3
3,2,160,5,34,30,-1,8.0,-1
3,2,300,46,9,8,1,7.0,-2
3,2,260,26,22,13,0,7.0,-1
3,2,180,46,61,38,0,8.0,0
3,2,140,62,101,27,0,8.0,-1
3,2,100,15,-24,-24,0,1.0,-8
3,2,50,57,9,-13,0,6.0,2
3,2,50,51,-12,-26,0,0.0,-3
3,2,30,36,-43,-61,0,0.0,1
3,2,240,21,-2,-12,0,7.0,-9
3,2,250,31,28,28,1,9.0,4
3,2,320,36,47,47,0,8.0,-2
3,2,70,36,16,10,0,0.0,-2
3,2,70,46,-8,-25,0,0.0,-5
3,2,190,41,36,13,0,2.0,8
3,2,110,5,61,49,0,7.0,-1
3,2,170,15,46,31,0,1.0,-6
3,2,170,31,51,19,0,0.0,-1
3,2,180,36,59,16,0,0.0,-14
3,2,190,21,80,33,0,4.0,-14
3,2,200,51,75,48,0,0.0,-4
3,2,240,82,86,72,0,8.0,-1
3,2,230,98,91,69,0,7.0,1
3,2,320,26,61,34,0,2.0,-6
3,2,190,15,12,-27,0,0.0,-6
3,2,200,36,49,7,0,0.0,-3
3,2,230,36,92,56,0,5.0,-16
3,2,260,62,78,35,-1,7.0,-5
3,2,230,36,36,3,0,2.0,-8
3,2,270,31,11,-2,0,0.0,-1
3,2,330,46,29,1,-1,7.0,-2
3,2,50,21,-8,-76,0,0.0,-8
3,2,70,31,-25,-60,0,0.0,3
3,2,130,31,-36,-69,0,0.0,1
3,2,990,5,-9,-70,0,0.0,0
3,2,200,36,89,45,0,6.0,-12
3,2,200,41,73,70,0,7.0,-2
3,2,220,46,38,25,0,5.0,3
3,2,190,46,33,19,0,0.0,-2
3,2,250,46,37,10,0,0.0,0
3,2,190,26,33,-2,0,4.0,9
3,2,270,31,65,51,0,3.0,-10
3,2,230,93,66,42,0,7.0,2
3,2,220,82,93,93,-1,8.0,0
3,2,230,62,103,89,0,3.0,-6
3,2,240,36,87,76,0,8.0,-2
3,2,140,31,17,-11,0,2.0,-9
3,2,230,36,66,42,0,8.0,-1
3,2,210,108,67,15,0,8.0,-2
3,2,240,51,48,4,0,0.0,0
3,2,240,93,97,81,-1,8.0,-7
3,2,250,36,46,33,0,3.0,2
3,2,260,87,34,13,0,2.0,0
3,2,220,57,28,8,0,7.0,1
3,2,230,123,81,69,9,8.0,4
3,2,220,41,18,-1,0,6.0,7
3,2,190,15,20,-10,0,3.0,-5
3,2,220,10,15,-12,0,0.0,-14
3,2,230,82,90,82,2,8.0,3
3,2,240,149,136,106,0,8.0,-12
3,2,230,67,91,80,-1,8.0,1
3,2,280,41,55,46,0,2.0,-8
3,2,280,15,7,-1,0,0.0,-13
3,2,160,36,48,-4,0,7.0,7
3,2,230,87,118,94,0,8.0,0
3,2,200,15,93,92,0,6.0,5
3,2,200,98,164,78,0,6.0,-9
3,2,220,98,96,62,0,8.0,0
3,2,240,108,43,8,1,8.0,-21
3,2,200,82,55,34,0,8.0,0
3,2,220,36,-3,-16,0,1.0,-8
3,2,190,62,13,-11,0,4.0,2
3,2,220,87,37,20,0,7.0,-5
3,2,230,51,16,12,1,7.0,-6
3,2,190,103,63,-8,0,8.0,-4
3,2,210,46,32,13,0,7.0,4
3,2,130,21,7,-11,0,3.0,-1
3,2,100,31,40,-15,0,2.0,-13
3,2,210,36,54,16,0,1.0,-8
3,2,990,5,50,33,0,1.0,-6
3,2,90,41,26,6,0,0.0,-14
3,2,190,41,47,39,9,8.0,0
3,2,240,57,21,8,0,7.0,-1
3,2,210,87,69,39,0,8.0,0
3,2,240,129,64,24,0,3.0,-1
3,2,260,46,58,52,7,8.0,1
3,2,290,31,17,11,5,6.0,-3
3,2,290,36,36,13,0,6.0,2
3,2,10,10,7,-22,0,0.0,-6
3,2,200,26,9,-15,0,2.0,4
3,2,200,57,56,-14,0,0.0,-2
3,2,220,87,73,54,0,5.0,-2
3,2,250,82,80,62,1,8.0,5
3,2,240,129,73,63,6,8.0,0
3,2,240,41,-7,-14,0,6.0,2
3,2,310,51,6,6,0,8.0,3
3,2,320,26,3,-6,0,2.0,-2
3,2,200,51,29,-10,0,8.0,5
3,2,310,26,17,2,0,7.0,0
3,2,350,26,-19,-26,0,0.0,-3
3,2,250,10,0,-1,-1,8.0,0
3,2,990,10,-28,-33,0,0.0,-8
3,2,250,31,33,33,0,8.0,1
3,2,210,15,7,6,-1,8.0,3
3,2,330,36,23,20,0,8.0,-1
3,2,80,67,11,-15,0,0.0,-1
3,2,70,41,0,-29,0,0.0,4
3,2,90,67,4,-29,0,0.0,-2
3,2,70,46,-20,-48,0,0.0,-9
3,2,80,51,-46,-81,0,0.0,-1
3,2,60,31,-49,-81,0,0.0,0
3,2,90,82,-30,-65,0,0.0,-2
3,2,80,41,7,-34,0,0.0,-1
3,2,90,57,8,-15,0,3.0,-2
3,2,160,10,40,15,0,7.0,-1
3,2,300,5,41,26,0,8.0,-3
3,2,220,15,41,37,0,7.0,-3
3,2,340,21,31,25,0,3.0,-9
3,2,200,46,79,55,0,8.0,-29
3,2,200,36,56,53,0,3.0,1
3,2,110,21,71,67,-1,8.0,-2
3,2,990,10,97,94,0,8.0,-4
3,2,80,57,45,37,0,1.0,-3
3,2,160,15,73,58,0,7.0,5
3,2,10,57,-13,-47,0,0.0,-2
3,2,110,5,-18,-55,0,2.0,1
3,2,260,36,17,14,0,6.0,-5
3,2,290,31,9,7,-1,7.0,-2
3,2,260,36,-13,-23,0,6.0,-3
3,2,240,50,88,63,1,8.0,-5
3,2,210,80,104,80,0,2.0,-6
3,2,250,40,78,61,5,8.0,-6
3,2,80,40,62,57,4,8.0,3
3,2,220,50,108,86,0,7.0,1
3,2,200,30,67,50,0,8.0,2
3,2,110,30,58,54,0,0.0,-9
3,2,190,30,68,43,0,0.0,-15
3,2,60,30,67,65,0,0.0,-5
3,2,110,20,61,9,0,0.0,-9
3,2,210,10,60,51,0,0.0,-17
3,2,60,40,39,39,0,8.0,-3
3,2,230,50,85,75,0,0.0,-5
3,2,250,70,81,50,0,8.0,-5
3,2,230,40,86,79,0,8.0,-3
3,2,260,30,103,99,0,8.0,-2
3,2,250,60,90,80,-1,8.0,-2
3,2,160,20,55,48,0,2.0,12
3,2,230,70,68,51,0,4.0,0
3,2,340,50,30,0,0,7.0,-4
3,2,240,40,54,46,-1,8.0,2
3,2,50,30,17,-1,0,3.0,-11
3,2,190,40,53,-5,0,8.0,-2
3,2,300,10,61,60,-1,8.0,0
3,2,210,20,59,56,-1,8.0,1
3,2,200,30,29,29,0,6.0,8
3,2,250,50,108,103,-1,8.0,2
3,2,240,130,109,82,-1,8.0,-30
3,2,260,40,33,13,0,0.0,-2
3,2,290,30,62,46,0,8.0,-2
3,2,180,10,43,31,0,0.0,-7
3,2,220,40,21,8,0,7.0,-3
3,2,220,80,57,43,0,7.0,5
3,2,210,80,86,52,0,8.0,2
3,2,220,100,138,43,0,5.0,0
3,2,220,90,61,35,0,7.0,5
3,2,280,50,58,49,18,8.0,-2
3,2,220,110,98,79,2,8.0,-5
3,2,240,80,75,65,5,8.0,-10
3,2,30,30,-20,-41,0,0.0,-4
3,2,200,30,-21,-27,0,0.0,4
3,2,160,40,43,-51,0,8.0,6
3,2,350,90,34,31,11,8.0,-1
3,2,220,20,3,-3,0,4.0,-11
3,2,270,40,58,58,1,8.0,0
3,2,260,30,59,56,0,7.0,1
3,2,300,30,74,74,2,8.0,0
3,2,240,30,76,48,0,8.0,-1
3,2,230,30,86,75,0,8.0,-2
3,2,300,20,34,31,0,4.0,-2
3,2,280,30,22,12,0,1.0,-4
3,2,350,60,63,54,0,8.0,-14
3,2,360,20,26,6,0,7.0,-5
3,2,330,40,50,46,-1,8.0,-2
3,2,60,40,-10,-43,0,0.0,-10
3,2,160,30,1,-49,0,3.0,1
3,2,190,30,20,-57,0,5.0,6
3,2,200,70,63,63,2,8.0,1
3,2,190,30,100,87,0,8.0,-4
3,2,130,30,80,76,0,1.0,-11
3,2,150,30,131,78,0,6.0,1
3,2,250,20,131,124,0,8.0,-6
3,2,220,100,78,50,1,8.0,-6
3,2,230,70,98,95,-1,8.0,0
3,2,210,100,111,89,2,7.0,-6
3,2,190,60,63,41,3,7.0,-3
3,2,190,50,53,28,0,2.0,-6
3,2,240,50,34,28,3,8.0,1
3,2,210,60,21,8,0,3.0,-5
3,2,210,70,33,26,5,8.0,-1
3,2,90,30,37,36,6,8.0,9
3,2,200,20,31,19,0,7.0,-15
3,2,130,10,1,1,0,0.0,-20
3,2,100,30,34,10,0,0.0,-3
3,2,190,30,106,59,0,3.0,-12
3,2,250,10,85,79,0,8.0,-5
3,2,330,20,51,40,0,2.0,-9
3,2,50,30,32,18,0,1.0,-7
3,2,50,20,52,28,0,7.0,-3
3,2,190,20,41,4,0,1.0,-5
3,2,320,40,47,36,0,6.0,-5
3,2,270,20,38,16,0,6.0,1
3,2,210,50,66,45,0,7.0,-2
3,2,220,30,50,46,31,8.0,-11
3,2,210,90,44,11,-1,8.0,-2
3,2,220,60,78,63,0,7.0,-5
3,2,120,20,48,41,0,0.0,-4
3,2,240,50,100,92,5,8.0,-3
3,2,250,40,62,49,0,8.0,-1
3,2,350,40,52,42,0,8.0,-1
3,2,200,30,19,0,0,0.0,4
3,2,190,40,74,23,0,4.0,-2
3,2,170,10,96,75,0,7.0,-5
3,2,230,70,63,57,8,8.0,-12
3,2,240,30,14,0,0,2.0,-2
3,2,220,130,67,56,-1,8.0,4
3,2,280,40,21,14,4,8.0,-3
3,2,210,30,-12,-16,0,5.0,-2
3,2,230,60,43,6,0,7.0,-9
3,2,220,70,68,26,0,8.0,-5
3,2,230,80,82,78,2,8.0,-1
3,2,240,80,107,100,-1,8.0,-3
3,2,290,40,86,67,0,8.0,-4
3,2,230,100,82,73,-1,8.0,1
3,2,280,20,60,47,0,8.0,0
3,2,210,30,47,28,0,7.0,2
3,2,220,50,92,84,-1,8.0,-1
3,2,280,20,28,4,0,5.0,-4
3,2,270,40,63,50,0,8.0,-2
3,2,290,30,61,55,0,6.0,-5
3,2,330,40,61,54,0,8.0,-2
3,2,50,20,39,37,0,7.0,-10
3,2,0,0,0,-2,0,4.0,9
3,2,130,20,9,-2,0,3.0,4
3,2,120,20,38,27,0,0.0,-5
3,2,210,20,44,24,0,4.0,6
3,2,200,50,110,49,0,8.0,-14
3,2,200,50,93,79,0,8.0,-6
3,2,260,30,60,55,8,8.0,-3
3,2,120,20,36,33,0,6.0,-3
3,2,20,60,41,33,0,8.0,-2
3,2,40,40,29,27,-1,8.0,6
3,2,20,40,62,59,1,8.0,2
3,2,260,20,52,48,0,8.0,-2
3,2,220,20,23,1,-1,8.0,0
3,2,230,40,24,16,-1,8.0,-3
3,2,40,50,4,-8,0,8.0,-1
3,2,50,30,0,-15,-1,8.0,0
3,2,360,30,15,4,0,8.0,-2
3,2,110,40,2,-20,0,0.0,-14
3,2,90,40,35,4,0,7.0,6
3,2,990,10,92,84,0,7.0,1
3,2,210,60,97,74,0,6.0,-2
3,2,200,50,92,77,0,7.0,-4
3,2,240,70,107,92,-1,8.0,-3
3,2,250,60,112,95,6,8.0,-8
3,2,220,80,54,32,0,4.0,-2
3,2,240,70,43,21,0,2.0,-4
3,2,160,20,52,45,4,8.0,-2
3,2,220,40,90,86,0,8.0,1
3,2,60,50,65,53,0,7.0,-2
3,2,190,20,74,71,19,8.0,3
3,2,250,80,34,15,0,8.0,-1
3,2,90,20,-14,-38,0,0.0,-2
3,2,90,70,23,-9,-1,8.0,-8
3,2,40,10,71,68,0,8.0,11
3,2,170,30,77,69,2,8.0,0
3,2,220,50,99,89,7,7.0,-10
3,2,40,50,44,43,3,8.0,-2
3,2,20,20,19,2,0,8.0,-1
3,2,100,50,29,8,0,7.0,-2
3,2,150,40,51,31,9,8.0,3
3,2,100,50,66,58,18,8.0,-2
3,2,210,20,41,37,0,8.0,13
3,2,180,30,44,33,0,0.0,-1
3,2,210,60,38,17,0,1.0,3
3,2,50,30,-10,-24,0,1.0,-3
3,2,250,30,12,-14,0,3.0,-11
3,2,210,40,36,20,0,7.0,0
3,2,210,10,27,8,0,0.0,-10
3,2,210,30,34,11,0,6.0,17
3,2,230,90,93,79,0,8.0,3
3,2,240,20,50,16,0,1.0,-1
3,2,210,60,77,38,0,8.0,4
3,2,230,60,42,12,0,2.0,-3
3,2,200,60,67,-8,0,6.0,3
3,2,170,20,82,38,0,8.0,8
3,2,990,10,86,82,3,8.0,-1
3,2,50,60,29,10,0,7.0,-1
3,2,80,80,29,14,0,7.0,-1
3,2,150,30,82,58,0,6.0,1
3,2,150,30,105,60,0,7.0,3
3,2,180,30,102,63,0,5.0,-1
3,2,240,120,91,45,0,7.0,-2
3,2,230,60,108,101,11,8.0,2
3,2,250,80,119,108,4,8.0,0
3,2,230,50,84,72,0,6.0,-1
3,2,320,20,22,3,0,0.0,-2
3,2,30,40,24,5,0,0.0,-10
3,2,90,10,15,-25,0,4.0,-10
3,2,170,10,8,-24,0,7.0,-2
3,2,30,20,13,-30,0,1.0,-3
3,2,70,20,9,-23,0,0.0,-7
3,2,70,40,41,-25,0,0.0,-5
3,2,170,20,55,2,0,0.0,-11
3,2,170,30,63,13,0,2.0,5
3,2,200,60,79,67,-1,8.0,0
3,2,200,50,83,74,12,8.0,2
3,2,280,40,50,45,12,8.0,-2
3,2,170,20,17,-1,0,0.0,-7
3,2,200,40,86,74,1,8.0,3
3,2,160,30,103,73,0,8.0,1
3,2,200,30,22,18,0,2.0,2
3,2,220,90,65,34,0,7.0,-3
3,2,230,80,88,52,0,8.0,0
3,2,200,50,78,41,0,0.0,-10
3,2,210,40,105,80,0,7.0,7
3,2,240,60,84,73,0,8.0,-1
3,2,20,50,45,27,0,1.0,-10
3,2,80,30,18,-20,0,0.0,-6
3,2,80,30,12,-26,0,0.0,-1
3,2,80,30,8,-22,0,0.0,0
3,2,200,10,26,-11,0,0.0,-25
3,2,40,30,13,2,0,0.0,-4
3,2,0,0,29,8,0,0.0,-9
3,2,340,20,21,13,0,7.0,9
3,2,130,20,14,1,0,8.0,0
3,2,70,30,19,-16,0,0.0,-4
3,2,100,30,25,-70,0,0.0,-16
3,2,190,30,57,-43,0,0.0,-14
3,2,0,0,113,68,0,8.0,-8
3,2,60,20,66,47,0,3.0,2
3,2,210,10,82,57,0,2.0,-4
3,2,80,30,83,34,0,2.0,1
3,2,130,10,125,78,0,8.0,-5
3,2,250,10,118,108,0,8.0,-2
3,2,20,60,53,35,0,1.0,-6
3,2,30,30,-38,-52,0,3.0,-8
3,2,260,30,11,-16,0,8.0,0
3,2,210,30,-8,-24,0,1.0,-13
3,2,170,30,25,-22,0,5.0,-3
3,2,90,30,26,-18,0,6.0,-7
3,2,110,20,10,4,-1,8.0,0
3,2,240,40,32,26,2,8.0,3
3,2,350,40,15,1,0,8.0,-12
3,2,340,30,18,7,-1,8.0,1
3,2,30,40,-6,-13,-1,8.0,0
3,2,60,20,-3,-6,-1,8.0,-4
3,2,160,20,-17,-38,0,6.0,10
3,2,190,50,77,65,4,8.0,2
3,2,200,60,65,34,0,4.0,-4
3,2,220,90,108,46,0,8.0,-3
3,2,200,60,101,76,0,7.0,0
3,2,170,20,67,50,0,7.0,18
3,2,110,20,85,66,0,2.0,-4
3,2,230,40,106,72,0,8.0,0
3,2,240,70,85,65,0,8.0,0
3,2,240,110,89,60,-1,7.0,-3
3,2,230,100,69,39,0,8.0,0
3,2,240,30,50,35,1,8.0,-3
3,2,10,30,21,11,0,5.0,-5
3,2,40,40,8,-8,0,4.0,-6
3,2,30,20,2,-18,0,3.0,-2
3,2,0,0,-6,-15,0,1.0,-7
3,2,180,10,-7,-39,0,2.0,-2
3,2,190,10,17,-23,0,1.0,-7
3,2,60,40,45,6,0,0.0,-17
3,2,90,40,70,-2,0,0.0,-12
3,2,200,50,-71,-116,0,8.0,-2
3,2,210,70,-24,-81,0,8.0,2
3,2,100,20,-22,-30,-1,8.0,0
3,2,350,40,-30,-50,0,8.0,-13
3,2,200,30,-22,-27,-1,8.0,0
3,2,40,40,-28,-54,0,8.0,-4
3,2,290,20,5,2,0,8.0,-1
3,2,280,30,31,24,-1,8.0,0
3,2,300,30,37,28,1,8.0,0
3,2,310,10,4,-3,0,3.0,0
3,2,240,60,28,-7,0,8.0,-3
3,2,230,50,9,2,-1,8.0,-5
3,2,250,70,28,-1,-1,8.0,0
3,2,230,40,33,-12,0,8.0,-5
3,2,190,30,22,-11,0,0.0,-2
3,2,210,70,106,57,0,8.0,-3
3,2,220,60,128,84,0,8.0,1
3,2,230,70,84,70,0,6.0,-4
3,2,210,40,103,81,0,8.0,-2
3,2,50,30,88,78,0,8.0,-4
3,2,90,40,62,29,0,1.0,-8
3,2,90,30,81,2,0,7.0,-2
3,2,210,40,113,94,0,0.0,-19
3,2,80,30,87,61,0,1.0,-3
3,2,210,30,100,95,0,7.0,1
3,2,120,10,90,81,0,8.0,-16
3,2,140,20,92,74,0,8.0,3
3,2,200,20,110,88,0,8.0,-1
3,2,80,20,78,72,0,8.0,9
3,2,90,10,95,80,0,7.0,3
3,2,340,10,100,96,0,8.0,0
3,2,230,50,-9,-12,-1,8.0,-5
3,2,220,70,-18,-41,0,7.0,-9
3,2,190,50,-10,-37,0,8.0,-2
3,2,230,20,-21,-26,0,7.0,5
3,2,240,20,-23,-40,0,8.0,0
3,2,210,40,-6,-25,0,8.0,-7
3,2,270,30,1,-9,0,8.0,-5
3,2,160,50,18,-2,-1,8.0,4
3,2,240,40,90,86,7,8.0,-1
3,2,230,80,64,28,0,8.0,-11
3,2,250,20,38,32,4,8.0,-1
3,2,10,30,-45,-69,0,8.0,-2
3,2,100,30,-54,-86,0,0.0,7
3,2,100,30,-34,-67,0,0.0,-5
3,2,80,30,-10,-44,0,8.0,-1
3,2,40,40,-14,-31,0,3.0,2
3,2,50,40,1,-24,0,5.0,-13
3,2,60,50,10,-27,0,8.0,-11
3,2,30,40,-23,-30,0,0.0,-5
3,2,70,40,11,3,0,8.0,1
3,2,40,60,8,-19,0,8.0,-2
3,2,30,40,-20,-48,0,0.0,4
3,2,50,40,-11,-51,0,0.0,-6
3,2,90,40,26,-30,0,8.0,-2
3,2,230,50,100,93,8,8.0,0
3,2,220,80,125,114,5,8.0,0
3,2,210,60,150,113,0,8.0,-3
3,2,220,80,102,48,0,1.0,-4
3,2,210,80,64,36,0,8.0,1
3,2,180,70,102,55,-1,8.0,-5
3,2,230,70,109,91,15,4.0,-2
3,2,220,100,86,72,6,8.0,0
3,2,250,50,62,31,0,8.0,-7
3,2,140,40,57,50,4,8.0,16
3,2,200,40,47,36,0,7.0,6
3,2,160,60,122,34,0,8.0,-4
3,2,190,70,87,39,0,8.0,-2
3,2,200,70,78,56,-1,8.0,2
3,2,240,20,57,39,-1,8.0,0
3,2,200,50,53,30,0,7.0,2
3,2,250,30,37,26,0,2.0,0
3,2,190,40,58,30,0,5.0,-13
3,2,170,30,65,16,0,0.0,-21
3,2,200,50,63,30,0,0.0,-7
3,2,10,10,49,16,0,0.0,-16
3,2,100,20,34,12,0,0.0,-10
3,2,200,30,23,5,0,4.0,6
3,2,240,60,76,54,0,8.0,0
3,2,230,110,91,46,0,8.0,-1
3,2,990,10,4,1,13,8.0,6
3,2,230,20,-5,-13,0,7.0,9
3,2,310,30,15,4,0,8.0,2
3,2,300,30,32,13,-1,7.0,2
3,2,320,50,37,2,-1,8.0,-5
3,2,360,40,41,20,0,8.0,0
3,2,70,60,78,35,0,8.0,-10
3,2,50,50,65,28,0,0.0,-4
3,2,90,40,80,33,0,0.0,-15
3,2,100,40,76,-1,0,0.0,-2
3,2,230,50,104,56,0,8.0,-6
3,2,140,20,51,37,0,3.0,1
3,2,40,40,79,60,0,8.0,-8
3,2,240,110,99,89,5,8.0,2
3,2,240,90,82,69,1,8.0,9
3,2,240,50,78,51,0,8.0,-5
3,2,140,20,5,5,11,8.0,5
3,2,330,30,-7,-14,0,0.0,-5
3,2,200,60,18,-11,0,8.0,0
3,2,200,50,61,45,0,8.0,-1
3,2,200,40,21,18,0,0.0,-1
3,2,200,80,76,32,0,8.0,-1
3,2,200,60,50,34,0,3.0,4
3,2,220,120,62,40,6,6.0,-3
3,2,240,70,90,66,1,7.0,5
3,2,240,90,56,28,0,1.0,-1
3,2,200,60,69,66,8,8.0,12
3,2,130,20,37,25,0,7.0,28
3,2,210,60,103,100,44,8.0,-4
3,2,360,60,52,37,0,8.0,-4
3,2,320,30,12,2,0,1.0,-7
3,2,260,30,20,10,-1,8.0,-4
3,2,270,30,24,11,0,8.0,1
3,2,270,40,70,60,1,8.0,-1
3,2,240,30,20,19,4,8.0,3
3,2,340,40,-16,-42,0,1.0,-3
3,2,190,30,-5,-7,2,8.0,-2
3,2,270,40,-4,-5,3,8.0,-1
3,2,220,50,7,2,-1,8.0,-2
3,2,140,20,38,38,-1,8.0,0
3,2,200,30,51,50,0,8.0,-1
3,2,230,80,73,36,0,8.0,-2
3,2,180,70,94,6,0,0.0,1
3,2,200,50,82,71,0,8.0,1
3,2,80,30,49,42,0,7.0,-8
3,2,270,30,79,72,-1,8.0,-4
3,2,190,40,22,10,0,1.0,-4
3,2,160,60,56,-13,0,8.0,2
3,2,250,20,40,29,0,8.0,-4
3,2,330,70,39,27,3,8.0,0
3,2,220,30,-13,-19,0,3.0,-1
3,2,210,80,69,46,-1,8.0,1
3,2,230,40,7,0,14,8.0,1
3,2,230,60,51,30,0,8.0,1
3,2,290,30,43,25,0,8.0,-2
3,2,200,50,47,9,0,8.0,4
3,2,270,20,76,72,-1,8.0,-4
3,2,180,30,80,50,0,8.0,-3
3,2,260,20,75,46,0,8.0,-4
3,2,310,20,71,47,0,8.0,-2
3,2,190,20,18,11,0,8.0,6
3,2,60,30,14,-11,0,0.0,-9
3,2,180,20,27,-24,0,8.0,2
3,2,60,20,4,-30,0,0.0,5
3,2,330,10,-2,-41,0,0.0,-7
3,2,220,40,-7,-32,0,0.0,14
3,2,250,30,76,42,0,8.0,-7
3,2,270,40,24,12,-1,8.0,-1
3,2,190,70,30,9,0,8.0,10
3,2,220,40,32,15,0,6.0,6
3,2,220,60,69,58,3,8.0,-1
3,2,180,40,58,35,-1,8.0,3
3,2,260,30,48,36,4,8.0,0
3,2,250,10,0,-17,0,1.0,0
3,2,30,10,21,-15,0,0.0,-5
3,2,250,70,31,11,18,2.0,-1
3,2,200,30,-2,-13,0,0.0,-8
3,2,100,10,-23,-34,0,0.0,1
3,2,40,50,-3,-28,0,0.0,-2
3,2,340,30,-16,-38,0,0.0,-6
3,2,310,50,28,17,5,8.0,-19
3,2,40,50,-39,-62,0,0.0,-1
3,2,60,30,-44,-93,0,0.0,-6
3,2,40,40,-41,-56,0,0.0,-4
3,2,40,50,-33,-79,0,0.0,-8
3,2,20,50,-23,-41,0,8.0,-3
3,2,210,30,-8,-23,-1,8.0,0
3,2,270,20,27,0,0,8.0,0
3,2,240,40,37,3,0,8.0,1
3,2,270,20,45,33,-1,8.0,-2
3,2,290,30,54,40,3,8.0,-6
3,2,200,50,32,10,0,0.0,-1
3,2,200,40,66,1,0,0.0,-1
3,2,200,60,121,18,0,8.0,1
3,2,200,60,117,101,5,8.0,6
3,2,200,70,124,110,5,8.0,3
3,2,190,20,73,65,0,8.0,-2
3,2,200,40,72,48,0,8.0,0
3,2,140,20,90,44,0,8.0,7
3,2,180,60,135,65,0,1.0,-1
3,2,190,50,112,81,-1,6.0,-6
3,2,210,60,81,52,0,8.0,-7
3,2,240,70,84,65,0,8.0,-2
3,2,210,60,104,100,19,8.0,3
3,2,230,40,111,86,1,8.0,-1
3,2,190,70,52,28,0,4.0,0
3,2,30,30,29,28,0,8.0,-4
3,2,40,60,12,1,0,8.0,-9
3,2,40,40,-20,-37,0,0.0,-4
3,2,50,30,-28,-54,0,0.0,4
3,2,360,20,-13,-24,0,0.0,-4
3,2,40,40,3,-12,0,8.0,-13
3,2,80,30,-13,-46,0,0.0,-4
3,2,100,30,-20,-105,0,0.0,2
3,2,210,70,79,20,0,8.0,-7
3,2,220,50,41,27,0,8.0,2
3,2,240,70,83,53,0,8.0,-1
3,2,150,30,49,19,0,1.0,-1
3,2,190,60,96,47,-1,8.0,-2
3,2,200,40,88,77,2,8.0,-3
3,2,90,30,68,59,0,0.0,-9
3,2,60,40,77,53,0,0.0,-8
3,2,30,40,49,29,0,8.0,-4
3,2,260,30,42,41,1,8.0,1
3,2,30,60,49,48,1,8.0,-3
3,2,130,20,0,-19,0,0.0,-2
3,2,180,20,3,-33,0,0.0,-3
3,2,120,10,29,-15,0,0.0,-2
3,2,40,20,57,37,0,1.0,-2
3,2,60,20,49,23,0,0.0,-14
3,2,10,10,69,46,0,2.0,-12
3,2,30,30,78,43,0,8.0,-13
3,2,70,40,44,20,0,2.0,-4
3,2,0,0,39,-8,0,8.0,11
3,2,110,20,26,-7,0,0.0,-12
3,2,180,10,42,2,0,1.0,4
3,2,220,70,100,80,-1,8.0,0
3,2,80,20,85,84,0,9.0,1
3,2,40,40,68,68,0,9.0,0
3,2,190,30,92,69,0,8.0,-4
3,2,220,40,91,73,0,8.0,-5
3,2,230,70,45,34,1,8.0,-11
3,2,170,20,38,7,0,8.0,0
3,2,190,40,16,4,0,0.0,-3
3,2,280,30,37,25,0,6.0,-5
3,2,200,30,24,10,0,8.0,-3
3,2,230,40,67,46,0,7.0,4
3,2,300,20,87,84,-1,8.0,-2
3,2,240,20,46,43,0,0.0,2
3,2,30,20,86,68,0,8.0,-5
3,2,60,20,70,31,0,8.0,-1
3,2,190,10,27,20,0,0.0,-12
3,2,200,40,92,17,0,0.0,-5
3,2,280,30,77,67,0,8.0,-2
3,2,200,60,98,61,0,8.0,0
3,2,50,20,46,36,0,8.0,-4
3,2,200,30,20,-4,0,0.0,-2
3,2,140,20,38,18,0,0.0,-8
3,2,80,40,58,33,0,0.0,8
3,2,990,10,87,58,0,0.0,-29
3,2,30,10,72,51,0,0.0,-1
3,2,30,30,84,64,0,7.0,-6
3,2,30,40,58,33,0,0.0,-14
3,2,330,10,70,50,0,0.0,-8
3,2,80,10,79,67,0,0.0,-11
3,2,220,20,50,23,0,0.0,-13
3,2,280,30,78,50,0,8.0,-1
3,2,240,50,67,55,0,8.0,-1
3,2,20,20,7,-16,0,8.0,0
3,2,40,30,14,-22,0,8.0,-3
3,2,20,10,11,-24,0,8.0,-1
3,2,70,60,-2,-22,0,0.0,-7
3,2,160,40,55,-31,0,0.0,-8
3,2,140,20,80,-6,0,8.0,-1
3,2,100,30,82,1,0,8.0,-1
3,2,150,20,96,86,0,8.0,-2
3,2,190,50,103,75,-1,8.0,-10
3,2,270,50,45,33,0,8.0,-4
3,2,40,60,-17,-48,0,8.0,-4
3,2,50,90,-41,-61,-1,8.0,-1
3,2,60,10,-85,-96,0,0.0,-9
3,2,220,30,-37,-41,0,8.0,11
3,2,200,30,-62,-69,0,0.0,2
3,2,190,80,28,-48,0,8.0,1
3,2,180,50,44,-11,0,8.0,-8
3,2,210,70,37,8,-1,6.0,-6
3,2,190,30,23,-5,0,8.0,-3
3,2,100,20,28,11,0,8.0,2
3,2,330,40,2,-6,-1,8.0,-4
3,2,80,30,-18,-38,0,0.0,-2
3,2,80,90,-3,-54,0,8.0,1
3,2,80,70,-10,-89,0,8.0,-6
3,2,60,60,-13,-96,0,8.0,-5
3,2,60,50,-24,-89,0,1.0,-2
3,2,80,30,-22,-85,0,0.0,-2
3,2,60,30,-25,-61,0,1.0,1
3,2,350,20,-14,-20,1,8.0,0
3,2,50,20,-24,-32,0,8.0,9
3,2,30,30,-10,-19,0,8.0,-1
3,2,180,40,35,17,0,1.0,-6
3,2,210,40,39,30,0,8.0,2
3,2,140,80,60,0,0,8.0,-3
3,2,180,30,37,3,0,0.0,-7
3,2,240,20,23,15,0,0.0,-7
3,2,170,20,11,-7,0,0.0,-5
3,2,180,30,46,7,0,0.0,-9
3,2,60,20,82,59,0,8.0,-6
3,2,90,40,53,5,0,0.0,-7
3,2,180,10,57,-23,0,0.0,-13
3,2,30,40,62,53,0,0.0,-8
3,2,40,40,33,30,0,0.0,0
3,2,210,20,56,24,0,0.0,-16
3,2,360,10,59,41,0,0.0,-22
3,2,250,40,76,42,0,7.0,-3
3,2,250,40,99,59,0,8.0,-4
3,2,230,30,72,60,0,8.0,1
3,2,230,40,87,71,0,8.0,-3
3,2,260,50,98,59,-1,8.0,-2
3,2,200,70,80,49,0,0.0,2
3,2,230,80,138,61,0,8.0,-8
3,2,180,40,61,44,0,8.0,0
3,2,220,60,39,17,0,4.0,-10
3,2,200,20,29,20,0,8.0,4
3,2,140,10,-7,-9,0,0.0,7
3,2,20,10,5,-16,0,0.0,-4
3,2,70,30,15,-3,0,0.0,-4
3,2,220,30,31,24,0,1.0,2
3,2,90,20,67,19,0,0.0,-2
3,2,90,20,75,20,0,8.0,6
3,2,170,10,107,55,0,8.0,6
3,2,190,80,51,25,5,8.0,1
3,2,270,70,65,22,0,8.0,-6
3,2,220,50,26,-2,0,8.0,-1
3,2,230,50,23,8,0,4.0,-4
3,2,300,10,30,18,0,8.0,-1
3,2,200,40,16,-3,0,0.0,-4
3,2,190,40,29,1,0,0.0,4
3,2,200,40,45,-21,0,0.0,5
3,2,230,20,73,64,-1,8.0,-3
3,2,200,30,68,61,-1,8.0,5
3,2,20,20,14,7,0,0.0,-21
3,2,290,10,11,-7,0,0.0,-16
3,2,90,30,22,-15,0,0.0,-3
3,2,60,50,22,-26,0,3.0,-9
3,2,50,50,34,21,0,8.0,1
3,2,70,40,20,11,0,0.0,-9
3,2,190,10,36,16,0,0.0,-10
3,2,320,10,53,37,0,0.0,-6
3,2,330,20,53,47,0,8.0,-2
3,2,90,20,53,31,0,8.0,-3
3,2,280,20,32,18,0,8.0,2
3,2,40,50,47,36,0,8.0,-2
3,2,170,20,-7,-20,0,0.0,1
3,2,990,10,43,23,0,8.0,0
3,2,340,60,47,39,3,8.0,-2
3,2,270,20,39,33,0,8.0,-4
3,2,250,40,48,16,0,6.0,-3
3,2,190,30,23,-1,0,1.0,10
3,2,240,70,106,70,0,8.0,-1
3,2,260,60,77,44,0,8.0,-5
3,2,240,130,109,90,3,8.0,3
3,2,140,10,-29,-47,0,2.0,-8
3,2,220,60,72,59,-1,8.0,7
3,2,220,50,21,-1,0,7.0,4
3,2,170,30,21,-5,0,8.0,2
3,2,10,10,8,5,0,8.0,-8
3,2,180,30,7,-3,0,8.0,2
3,2,230,30,17,10,-1,8.0,-1
3,2,200,40,-20,-22,0,9.0,8
3,2,170,50,17,-10,0,8.0,3
3,2,80,30,1,-24,0,7.0,-7
3,2,70,30,2,-15,0,8.0,-6
3,2,60,20,-8,-15,0,0.0,3
3,2,60,40,-3,-26,0,0.0,-12
3,2,50,50,-6,-22,0,0.0,-2
3,2,60,20,-16,-37,0,5.0,18
3,2,60,30,17,12,0,8.0,-5
3,2,50,40,-4,-27,0,0.0,8
3,2,350,10,10,-6,0,0.0,-9
3,2,340,30,39,33,-1,8.0,-1
3,2,350,20,44,12,0,8.0,-1
3,2,310,30,57,50,0,8.0,-4
3,2,270,20,43,30,0,8.0,-4
3,2,340,30,59,48,0,8.0,-1
3,2,290,10,61,52,0,8.0,0
3,2,220,50,61,48,2,8.0,-1
3,2,160,20,14,11,0,0.0,18
3,2,180,70,124,51,0,8.0,-19
3,2,180,70,83,34,0,7.0,5
3,2,220,80,55,27,0,7.0,5
3,2,230,80,95,66,0,8.0,-7
3,2,340,10,61,55,-1,8.0,-1
3,2,220,70,47,30,1,8.0,3
3,2,240,90,77,42,-1,8.0,-5
3,2,160,30,43,-6,0,8.0,-1
3,2,180,60,116,45,0,8.0,-4
3,2,210,70,70,45,0,8.0,-3
3,2,210,70,51,36,2,8.0,1
3,2,260,30,48,37,0,8.0,-1
3,2,190,40,37,22,0,8.0,0
3,2,210,10,85,82,0,8.0,3
3,2,320,20,50,31,0,8.0,-2
3,2,160,20,42,9,0,8.0,1
3,2,110,30,49,0,0,8.0,-3
3,2,100,10,46,0,0,8.0,0
3,2,240,20,54,48,0,8.0,-4
3,2,230,30,85,76,0,8.0,3
3,2,190,20,55,31,0,0.0,-22
3,2,260,20,91,59,0,8.0,-4
3,2,230,90,62,52,2,8.0,1
3,2,240,50,103,100,2,8.0,0
3,2,230,60,102,59,0,8.0,1
3,2,230,60,97,78,-1,8.0,-3
3,2,160,20,21,-22,0,0.0,-6
3,2,90,20,43,20,0,8.0,-14
3,2,50,60,60,48,0,8.0,-4
3,2,50,50,51,21,0,8.0,-1
3,2,50,70,61,11,0,8.0,-7
3,2,80,20,41,12,0,8.0,16
3,2,160,20,77,11,0,7.0,-2
3,2,200,30,87,65,0,2.0,0
3,2,190,40,121,73,0,8.0,2
3,2,160,30,144,67,0,8.0,-6
3,2,80,90,-67,-143,0,8.0,0
3,2,80,80,-29,-125,0,8.0,-2
3,2,70,30,-26,-35,-1,8.0,-1
3,2,90,20,7,0,0,8.0,1
3,2,200,50,52,33,0,4.0,-4
3,2,150,10,47,16,0,8.0,11
3,2,130,20,37,15,0,8.0,-11
3,2,210,50,31,12,0,0.0,-9
3,2,200,40,24,11,0,8.0,1
3,2,190,50,104,81,-1,8.0,-1
3,2,100,30,100,87,0,6.0,6
3,2,190,40,101,77,0,8.0,-2
3,2,220,80,83,64,-1,8.0,-4
3,2,240,30,39,30,0,0.0,-9
3,2,100,60,52,11,0,8.0,3
3,2,160,20,58,45,0,8.0,-8
3,2,50,70,1,-14,0,8.0,-4
3,2,60,80,-27,-70,0,8.0,2
3,2,70,50,-20,-100,0,8.0,-1
3,2,350,40,-37,-88,0,3.0,1
3,2,360,30,-13,-22,0,4.0,-5
3,2,230,40,28,-1,0,8.0,1
3,2,230,30,47,41,0,8.0,-1
3,2,140,20,44,12,0,8.0,-2
3,2,120,10,31,-4,0,8.0,0
3,2,340,30,45,32,0,1.0,-12
3,2,190,20,14,6,0,0.0,-1
3,2,240,40,81,78,7,8.0,-2
3,2,240,30,39,19,0,8.0,0
3,2,160,30,70,26,-1,8.0,-6
3,2,170,30,44,32,0,0.0,1
3,2,260,30,82,78,17,8.0,0
3,2,190,20,55,52,1,8.0,-1
3,2,200,70,85,55,0,8.0,1
3,2,200,110,117,69,0,8.0,6
3,2,220,70,42,18,0,8.0,2
3,2,180,50,86,58,0,8.0,1
3,2,180,50,111,79,-1,8.0,3
3,2,230,80,69,46,1,8.0,-2
3,2,220,100,75,58,7,8.0,1
3,2,220,50,77,51,-1,8.0,-7
3,2,260,40,29,10,-1,8.0,3
3,2,200,50,27,0,0,8.0,-1
3,2,230,70,49,21,0,7.0,-1
3,2,230,50,63,34,-1,8.0,0
3,2,230,50,68,31,0,8.0,0
3,2,250,30,81,77,12,8.0,-5
3,2,230,80,99,46,0,8.0,-3
3,2,230,50,24,7,0,0.0,1
3,2,180,20,-4,-18,0,0.0,-2
3,2,190,30,29,0,0,0.0,1
3,2,180,30,49,36,0,8.0,-3
3,2,60,10,44,41,0,2.0,-4
3,2,300,30,60,59,0,9.0,2
3,2,30,40,80,61,0,8.0,-7
3,2,240,40,47,7,0,8.0,1
3,2,340,20,56,29,0,8.0,-1
3,2,290,20,38,23,0,8.0,-3
3,2,350,20,78,41,0,8.0,0
3,2,90,20,55,31,0,0.0,-6
3,2,160,30,92,39,0,0.0,-5
3,2,10,20,75,43,0,0.0,-9
3,2,220,90,55,14,0,7.0,1
3,2,190,50,35,21,0,5.0,2
3,2,210,40,31,26,0,8.0,2
3,2,210,40,40,34,1,8.0,5
3,2,130,20,51,27,-1,8.0,-1
3,2,350,40,53,52,-1,9.0,-2
3,2,270,30,39,35,0,8.0,-1
3,2,190,70,71,35,0,8.0,-2
3,2,220,40,59,45,0,7.0,3
3,2,200,90,59,47,21,8.0,-3
3,2,240,60,117,114,25,8.0,0
3,2,220,100,124,83,0,8.0,-4
3,2,220,80,52,18,0,7.0,2
3,2,150,20,32,25,0,8.0,4
3,2,200,40,80,42,0,8.0,-2
3,2,180,30,60,21,0,1.0,-11
3,2,230,20,79,51,0,8.0,-5
3,2,200,40,68,35,0,3.0,-4
3,2,190,30,72,54,0,1.0,2
3,2,20,40,82,76,0,8.0,1
3,2,60,80,40,24,1,8.0,4
3,2,70,60,17,-45,0,0.0,-6
3,2,90,40,10,-66,0,0.0,-6
3,2,80,30,2,-82,0,0.0,-6
3,2,50,20,16,-109,0,0.0,-17
3,2,40,40,-3,-72,0,0.0,-10
3,2,30,40,16,-22,0,0.0,-10
3,2,30,20,50,7,0,0.0,-7
3,2,350,30,27,-20,0,8.0,1
3,2,30,60,-18,-83,0,0.0,-4
3,2,30,50,26,17,0,5.0,1
3,2,140,10,6,3,0,8.0,8
3,2,40,26,35,29,9,8.0,-1
3,2,200,26,51,39,0,7.0,-2
3,2,160,10,7,0,0,1.0,-10
3,2,140,41,75,60,4,8.0,0
3,2,130,41,93,74,-1,7.0,1
3,2,130,46,113,62,-1,7.0,-3
3,2,120,46,110,55,0,8.0,-3
3,2,0,0,104,78,0,8.0,-4
3,2,200,31,89,65,0,3.0,-1
3,2,180,31,81,75,0,1.0,-1
3,2,170,26,96,80,0,7.0,-4
3,2,50,15,39,35,0,0.0,0
3,2,170,21,75,48,0,0.0,0
3,2,260,26,98,82,0,7.0,-3
3,2,170,31,92,81,0,8.0,-4
3,2,180,26,114,51,0,5.0,-2
3,2,120,5,60,51,0,1.0,-1
3,2,200,62,91,60,3,8.0,-4
3,2,250,57,105,84,0,7.0,0
3,2,270,41,125,112,21,8.0,-2
3,2,240,21,64,60,0,8.0,4
3,2,990,5,-11,-14,0,1.0,-1
3,2,20,41,50,25,-1,8.0,-4
3,2,30,51,40,9,0,0.0,-6
3,2,60,72,57,1,0,8.0,-4
3,2,80,41,41,-30,0,0.0,-23
3,2,10,31,60,21,0,7.0,-2
3,2,20,10,12,6,0,2.0,1
3,2,40,10,1,-31,0,1.0,-11
3,2,290,15,58,26,0,7.0,0
3,2,180,36,62,15,0,0.0,-6
3,2,210,62,99,45,2,8.0,-10
3,2,230,46,59,32,0,7.0,2
3,2,230,26,83,75,0,8.0,0
3,2,140,15,52,48,0,0.0,-10
3,2,210,57,90,81,-1,8.0,-1
3,2,180,26,36,21,0,1.0,-4
3,2,170,15,79,28,0,7.0,-5
3,2,360,26,67,61,0,8.0,1
3,2,180,31,37,30,0,7.0,1
3,2,250,46,40,-10,0,4.0,-2
3,2,210,82,64,42,-1,8.0,0
3,2,240,87,83,59,3,8.0,-1
3,2,280,87,37,-23,0,3.0,-1
3,2,280,103,60,12,0,8.0,-7
3,2,240,26,18,-23,0,7.0,-5
3,2,210,21,76,67,-1,8.0,3
3,2,180,31,51,47,0,1.0,-3
3,2,250,31,91,82,-1,8.0,-7
3,2,250,46,89,62,0,8.0,-4
3,2,230,41,101,87,0,8.0,0
3,2,250,57,69,26,0,8.0,-12
3,2,250,36,44,35,1,7.0,-1
3,2,20,26,7,3,0,4.0,-5
3,2,10,67,45,19,0,8.0,-3
3,2,200,87,40,25,8,8.0,-4
3,2,310,26,39,33,0,5.0,10
3,2,280,41,9,-7,0,4.0,10
3,2,240,26,26,8,0,7.0,0
3,2,140,46,47,37,-1,2.0,0
3,2,120,57,86,13,0,7.0,3
3,2,130,10,-39,-43,0,0.0,4
3,2,50,67,12,-20,0,7.0,-5
3,2,40,41,-15,-37,0,1.0,-4
3,2,20,31,-39,-56,0,0.0,4
3,2,220,26,5,-14,0,6.0,-16
3,2,310,26,55,49,-1,8.0,-1
3,2,330,31,52,43,0,8.0,0
3,2,70,21,24,12,0,2.0,-13
3,2,100,36,3,-32,0,0.0,-5
3,2,170,31,7,-14,0,3.0,10
3,2,200,10,47,32,0,8.0,1
3,2,180,15,19,12,0,0.0,-4
3,2,170,15,49,19,0,0.0,0
3,2,180,31,44,7,0,1.0,-1
3,2,200,15,34,18,0,1.0,20
3,2,210,26,83,45,0,0.0,-11
3,2,250,51,89,62,0,8.0,-2
3,2,250,51,97,75,0,7.0,0
3,2,290,26,34,1,0,0.0,-5
3,2,220,26,8,-26,0,0.0,-3
3,2,190,10,10,-6,0,0.0,18
3,2,200,26,66,46,0,7.0,-4
3,2,310,51,55,35,0,4.0,-4
3,2,260,15,20,14,0,1.0,-6
3,2,300,21,15,9,0,1.0,-1
3,2,330,31,35,0,0,4.0,0
3,2,990,5,-33,-66,0,0.0,-14
3,2,80,21,-19,-56,0,0.0,-2
3,2,100,31,-16,-60,0,0.0,-4
3,2,120,36,1,-57,0,0.0,-4
3,2,210,21,90,54,0,8.0,5
3,2,220,21,70,70,0,7.0,-6
3,2,200,31,37,30,0,8.0,0
3,2,210,31,31,19,0,1.0,0
3,2,270,36,42,19,0,1.0,-6
3,2,170,41,39,13,0,3.0,-6
3,2,250,26,45,19,0,4.0,-2
3,2,240,62,78,54,0,8.0,4
3,2,240,41,95,92,10,8.0,-1
3,2,240,51,100,83,0,8.0,-3
3,2,260,26,82,74,0,8.0,-1
3,2,180,10,-12,-12,0,1.0,11
3,2,250,31,52,26,0,7.0,1
3,2,210,93,68,36,3,8.0,-2
3,2,260,51,61,16,0,0.0,1
3,2,250,72,104,83,0,7.0,-1
3,2,250,36,38,22,0,1.0,8
3,2,270,98,46,-10,0,6.0,-3
3,2,220,36,36,7,0,7.0,5
3,2,240,103,89,81,13,8.0,2
3,2,240,15,23,10,0,7.0,5
3,2,210,15,23,0,0,7.0,-14
3,2,0,0,-23,-24,0,2.0,-2
3,2,240,62,101,85,0,8.0,-2
3,2,260,82,117,99,-1,8.0,-5
3,2,240,46,95,83,1,8.0,-1
3,2,300,46,48,33,0,4.0,0
3,2,250,5,-17,-18,0,0.0,-8
3,2,150,36,47,5,0,7.0,0
3,2,230,57,114,98,-1,8.0,-1
3,2,220,31,105,93,0,8.0,-3
3,2,220,82,160,80,0,7.0,-15
3,2,230,67,103,53,0,7.0,1
3,2,230,72,44,9,0,7.0,-3
3,2,200,72,54,42,1,6.0,6
3,2,260,26,7,7,8,7.0,-4
3,2,180,67,19,0,0,8.0,1
3,2,220,57,39,26,-1,6.0,-7
3,2,220,31,9,3,0,1.0,1
3,2,160,87,60,19,1,8.0,-3
3,2,200,31,34,27,4,7.0,-4
3,2,130,41,14,1,0,1.0,-4
3,2,120,51,47,-3,0,2.0,-5
3,2,180,10,27,21,0,3.0,-9
3,2,30,15,30,29,0,0.0,-14
3,2,40,21,10,0,0,0.0,-11
3,2,190,46,54,51,12,8.0,2
3,2,230,21,18,14,1,4.0,3
3,2,210,62,77,45,0,7.0,2
3,2,250,82,76,25,0,3.0,-3
3,2,230,46,61,47,0,4.0,5
3,2,260,36,21,14,0,2.0,-7
3,2,300,41,35,17,0,1.0,-2
3,2,280,5,-19,-26,0,2.0,-6
3,2,200,26,13,-2,0,0.0,2
3,2,210,36,57,5,0,0.0,-5
3,2,250,57,81,50,0,1.0,1
3,2,270,72,86,72,5,7.0,1
3,2,260,77,80,71,19,8.0,2
3,2,230,15,-6,-7,-1,6.0,2
3,2,340,77,12,3,-1,7.0,-14
3,2,310,26,-2,-12,0,1.0,-6
3,2,210,31,52,15,-1,8.0,-7
3,2,310,31,27,21,0,7.0,-2
3,2,990,10,-36,-39,0,0.0,-6
3,2,170,10,3,3,-1,8.0,-1
3,2,300,10,-40,-40,0,1.0,5
3,2,290,26,40,40,-1,8.0,1
3,2,290,21,22,16,0,7.0,2
3,2,360,36,26,13,0,7.0,-4
3,2,80,51,11,-15,0,0.0,-6
3,2,110,46,14,-27,0,0.0,-2
3,2,100,41,-3,-33,0,0.0,-3
3,2,40,21,-42,-68,0,0.0,-8
3,2,90,51,-48,-82,0,0.0,0
3,2,80,51,-41,-74,0,0.0,-7
3,2,90,57,-33,-66,0,0.0,-2
3,2,100,41,7,-32,0,2.0,-12
3,2,70,36,4,-12,0,1.0,-1
3,2,60,21,36,13,0,8.0,-4
3,2,0,0,33,24,0,8.0,-1
3,2,30,15,34,25,0,8.0,4
3,2,10,15,-3,-4,0,0.0,-16
3,2,120,15,59,42,0,8.0,7
3,2,190,21,64,63,0,8.0,6
3,2,130,15,66,66,0,8.0,-1
3,2,360,15,63,62,0,5.0,0
3,2,70,51,42,36,0,2.0,-4
3,2,30,31,51,38,0,7.0,-5
3,2,10,41,-19,-52,0,1.0,-7
3,2,290,5,-33,-51,0,7.0,2
3,2,270,21,8,7,1,4.0,-3
3,2,260,15,-9,-10,0,1.0,5
3,2,260,21,-22,-33,0,1.0,1
3,2,260,30,89,72,0,6.0,-10
3,2,220,50,119,80,0,7.0,-5
3,2,230,20,67,55,0,8.0,-5
3,2,120,20,64,42,0,8.0,1
3,2,180,20,92,80,0,4.0,-1
3,2,200,30,78,49,0,8.0,-1
3,2,120,20,52,51,0,7.0,3
3,2,190,20,77,53,0,7.0,-18
3,2,30,30,41,38,0,0.0,6
3,2,130,10,45,35,0,0.0,-14
3,2,130,20,30,30,0,9.0,4
3,2,100,30,38,37,0,8.0,-1
3,2,250,20,65,64,0,0.0,0
3,2,240,40,78,54,0,8.0,-1
3,2,250,20,83,74,0,5.0,6
3,2,270,30,100,89,0,8.0,-1
3,2,290,50,102,86,0,8.0,1
3,2,140,20,59,56,0,8.0,4
3,2,240,30,74,57,1,8.0,-2
3,2,360,40,37,4,-1,8.0,-1
3,2,300,30,42,35,0,6.0,1
3,2,0,0,-23,-23,0,0.0,-7
3,2,170,40,54,10,-1,7.0,-2
3,2,30,20,49,49,-1,7.0,0
3,2,200,10,62,62,3,8.0,0
3,2,190,40,60,57,0,8.0,1
3,2,270,50,102,99,0,8.0,-1
3,2,300,140,81,57,8,7.0,-3
3,2,290,40,41,26,0,0.0,4
3,2,270,20,52,49,0,2.0,-6
3,2,260,10,7,7,0,1.0,-5
3,2,230,30,15,8,0,3.0,-3
3,2,220,50,67,57,-1,7.0,5
3,2,210,50,88,66,-1,8.0,-6
3,2,220,80,132,70,0,8.0,12
3,2,220,70,67,39,0,7.0,-4
3,2,270,50,75,55,0,7.0,-12
3,2,220,60,93,85,18,8.0,1
3,2,260,40,83,71,0,6.0,2
3,2,0,0,-33,-46,0,0.0,6
3,2,220,20,-5,-12,0,3.0,3
3,2,200,90,37,-3,-1,8.0,-13
3,2,350,50,39,19,0,3.0,-3
3,2,220,20,2,-5,0,4.0,-2
3,2,280,40,62,56,-1,8.0,3
3,2,270,30,63,57,0,7.0,-3
3,2,260,20,77,73,0,8.0,2
3,2,260,20,79,60,0,8.0,-1
3,2,250,20,91,75,0,8.0,0
3,2,270,10,-2,-3,0,1.0,-1
3,2,260,20,21,17,0,1.0,2
3,2,340,30,67,63,0,6.0,-12
3,2,10,30,44,21,0,7.0,-2
3,2,330,40,64,52,-1,7.0,-1
3,2,60,20,-21,-56,0,0.0,0
3,2,180,30,16,-27,0,5.0,-1
3,2,170,50,30,-49,0,5.0,-10
3,2,220,50,83,82,-1,8.0,1
3,2,180,20,106,104,0,8.0,0
3,2,140,20,108,96,0,7.0,-3
3,2,130,30,128,91,0,6.0,-8
3,2,210,10,121,100,0,8.0,-2
3,2,240,80,79,69,1,8.0,-3
3,2,260,40,93,93,1,8.0,0
3,2,240,100,98,74,0,3.0,-14
3,2,180,70,61,44,2,7.0,-6
3,2,100,10,50,46,5,8.0,-1
3,2,240,50,38,28,2,8.0,2
3,2,210,40,26,4,0,4.0,-4
3,2,210,40,34,27,-1,8.0,-1
3,2,80,30,40,31,0,8.0,0
3,2,210,20,8,7,0,7.0,2
3,2,0,0,-36,-37,0,0.0,-6
3,2,120,30,34,7,0,1.0,-2
3,2,170,30,99,72,0,4.0,-17
3,2,990,10,67,67,0,1.0,-2
3,2,0,0,-2,-3,0,1.0,-7
3,2,20,10,17,15,0,2.0,-12
3,2,60,20,64,30,-1,7.0,-5
3,2,990,10,30,19,0,4.0,-8
3,2,300,30,19,17,0,1.0,-4
3,2,310,30,26,14,5,1.0,4
3,2,210,20,61,42,0,8.0,-1
3,2,350,40,48,41,3,8.0,-3
3,2,220,50,44,28,6,8.0,6
3,2,220,40,83,65,0,8.0,-6
3,2,90,40,35,19,0,1.0,3
3,2,200,50,101,90,-1,8.0,-1
3,2,300,40,56,43,-1,7.0,-13
3,2,340,30,36,26,0,6.0,-7
3,2,160,20,26,-2,0,0.0,-8
3,2,180,30,104,46,0,8.0,-4
3,2,190,20,103,96,0,8.0,-9
3,2,270,40,60,48,-1,8.0,-1
3,2,280,30,22,-4,0,1.0,-1
3,2,230,80,83,74,3,8.0,6
3,2,300,50,15,4,-1,2.0,-4
3,2,250,20,3,3,-1,7.0,-1
3,2,220,40,38,18,0,1.0,-8
3,2,230,50,76,51,0,8.0,2
3,2,240,50,101,93,1,8.0,1
3,2,260,70,119,105,3,8.0,0
3,2,10,60,71,48,0,8.0,-8
3,2,250,50,90,78,0,8.0,-3
3,2,260,20,43,36,0,5.0,3
3,2,220,20,51,39,0,1.0,-6
3,2,230,40,96,85,-1,8.0,0
3,2,320,50,38,1,1,5.0,-7
3,2,300,60,72,56,-1,8.0,2
3,2,260,30,52,50,0,1.0,7
3,2,300,30,61,49,0,7.0,5
3,2,20,20,62,60,-1,8.0,0
3,2,20,20,36,33,0,7.0,0
3,2,280,10,17,15,0,3.0,-1
3,2,20,10,17,11,0,1.0,-12
3,2,990,10,13,10,0,3.0,-4
3,2,990,10,88,56,0,7.0,-2
3,2,220,30,97,79,0,7.0,-13
3,2,160,10,53,43,5,7.0,-3
3,2,990,10,49,45,0,7.0,-1
3,2,20,40,17,3,0,3.0,8
3,2,60,50,43,39,5,8.0,0
3,2,20,60,61,49,0,8.0,0
3,2,990,10,52,46,0,8.0,-4
3,2,140,20,26,17,-1,7.0,5
3,2,260,10,10,5,0,8.0,4
3,2,40,70,-9,-28,0,8.0,-3
3,2,60,40,-6,-23,0,7.0,2
3,2,10,20,20,0,0,8.0,-5
3,2,110,30,-11,-26,0,0.0,-3
3,2,130,50,44,5,0,8.0,0
3,2,130,20,87,87,0,7.0,-3
3,2,220,50,82,69,0,2.0,-2
3,2,200,40,90,83,1,8.0,-1
3,2,240,40,106,92,-1,8.0,-2
3,2,240,40,101,80,0,7.0,3
3,2,220,50,56,35,0,6.0,-2
3,2,250,50,45,29,0,1.0,0
3,2,160,10,42,39,-1,8.0,1
3,2,300,10,77,59,0,8.0,-1
3,2,70,70,58,23,0,8.0,-3
3,2,50,40,35,35,-1,8.0,-1
3,2,310,60,24,17,6,8.0,-3
3,2,200,10,-47,-56,0,1.0,3
3,2,80,70,25,-24,0,8.0,-3
3,2,990,10,45,43,0,8.0,-8
3,2,140,30,62,57,-1,8.0,3
3,2,990,10,73,72,1,8.0,-1
3,2,40,70,35,26,0,8.0,-1
3,2,30,20,19,2,0,8.0,4
3,2,100,30,30,8,0,8.0,0
3,2,130,50,34,16,6,8.0,3
3,2,120,30,59,48,2,8.0,-1
3,2,220,20,41,40,0,7.0,-1
3,2,190,30,26,22,0,0.0,-2
3,2,230,40,44,34,1,,2
3,2,20,30,-17,-26,0,,-7
3,2,250,20,9,2,0,,-28
3,2,230,20,56,37,0,,1
3,2,990,10,69,48,0,,-4
3,2,220,40,48,31,0,,-1
3,2,240,80,109,84,0,,0
3,2,250,20,40,26,0,,-9
3,2,220,40,90,51,0,,-3
3,2,270,50,55,0,0,,-11
3,2,190,40,39,12,0,,5
3,2,120,10,48,26,0,,-3
3,2,20,30,81,77,1,,0
3,2,40,40,2,-9,0,,-6
3,2,90,80,32,16,0,,0
3,2,140,30,70,58,0,,-5
3,2,140,30,90,70,0,,2
3,2,180,40,85,77,0,,3
3,2,260,90,95,49,0,,-4
3,2,230,30,98,92,6,,11
3,2,270,80,116,111,6,,1
3,2,250,20,73,61,0,,1
3,2,300,30,6,-6,0,,1
3,2,40,30,3,-7,0,,-5
3,2,100,10,6,-22,0,,0
3,2,140,10,7,-8,0,,8
3,2,20,20,16,2,0,,1
3,2,80,30,-4,-34,0,,-8
3,2,110,20,28,-24,0,,3
3,2,170,20,28,-1,0,,7
3,2,180,30,58,27,0,,-2
3,2,200,50,75,66,0,1.0,-6
3,2,180,40,93,89,4,8.0,-3
3,2,310,40,49,43,0,7.0,-16
3,2,130,30,19,12,0,1.0,-1
3,2,180,40,87,83,0,8.0,0
3,2,140,30,97,68,0,8.0,0
3,2,210,30,21,18,0,1.0,-12
3,2,210,60,59,38,0,7.0,4
3,2,230,60,90,59,0,7.0,-3
3,2,220,30,83,51,0,2.0,18
3,2,200,40,104,76,0,8.0,3
3,2,280,50,78,60,0,4.0,0
3,2,20,30,33,17,0,1.0,-11
3,2,40,20,4,-8,0,1.0,-2
3,2,80,40,13,-17,0,1.0,-7
3,2,100,40,17,-5,0,1.0,-7
3,2,50,10,-16,-23,0,1.0,-4
3,2,20,30,-1,-4,0,1.0,-2
3,2,10,10,8,4,0,0.0,-7
3,2,20,30,38,14,0,8.0,-3
3,2,120,30,25,0,0,7.0,0
3,2,90,30,8,-22,0,1.0,2
3,2,130,20,23,-71,0,0.0,-18
3,2,200,20,33,-17,0,1.0,-6
3,2,0,0,50,35,0,3.0,-6
3,2,50,20,62,50,0,0.0,-16
3,2,20,10,27,9,0,0.0,-20
3,2,40,20,35,35,0,1.0,-17
3,2,150,10,106,77,-1,8.0,2
3,2,10,30,73,56,0,8.0,-11
3,2,350,30,41,29,0,0.0,-9
3,2,30,20,-40,-52,0,0.0,-1
3,2,300,30,3,-10,0,7.0,4
3,2,230,20,-12,-19,0,0.0,0
3,2,170,20,5,-18,0,5.0,5
3,2,120,30,48,2,0,8.0,-3
3,2,30,20,15,8,-1,8.0,-3
3,2,220,20,32,25,-1,8.0,8
3,2,10,20,-17,-33,0,0.0,1
3,2,20,50,25,-7,0,8.0,-20
3,2,40,40,4,-14,0,3.0,0
3,2,80,20,7,-1,0,8.0,-3
3,2,140,30,-2,-18,0,7.0,-4
3,2,160,30,64,60,2,8.0,11
3,2,200,40,57,41,1,5.0,-9
3,2,220,70,110,62,0,7.0,-1
3,2,220,50,122,91,0,8.0,-1
3,2,180,30,79,65,0,0.0,8
3,2,220,10,48,43,0,0.0,-1
3,2,240,40,96,71,0,8.0,-4
3,2,240,40,82,58,0,8.0,-4
3,2,260,70,92,38,0,1.0,-4
3,2,240,60,67,41,0,7.0,2
3,2,260,10,41,36,0,8.0,-9
3,2,360,20,17,10,0,0.0,-9
3,2,300,10,-14,-21,0,4.0,-11
3,2,20,40,-4,-16,0,0.0,-6
3,2,290,10,-35,-39,0,5.0,2
3,2,200,20,-6,-15,0,8.0,25
3,2,0,0,-5,-14,0,0.0,-3
3,2,20,30,24,10,0,0.0,2
3,2,110,40,78,22,0,0.0,-13
3,2,210,50,-31,-91,0,8.0,-1
3,2,200,60,-9,-55,0,8.0,0
3,2,70,20,-11,-18,-1,8.0,-1
3,2,330,10,-93,-105,0,0.0,-14
3,2,190,10,-19,-23,2,8.0,1
3,2,40,50,-51,-84,0,3.0,-4
3,2,310,50,28,17,0,8.0,-5
3,2,310,60,40,27,-1,7.0,3
3,2,310,50,46,36,1,8.0,-4
3,2,280,10,2,-2,0,8.0,7
3,2,220,30,14,7,0,1.0,5
3,2,250,30,11,0,0,0.0,2
3,2,280,60,36,21,1,8.0,0
3,2,230,20,32,-6,0,8.0,-4
3,2,210,30,14,-5,0,0.0,14
3,2,200,40,113,64,0,8.0,6
3,2,250,70,136,111,0,8.0,-1
3,2,250,40,87,76,0,7.0,1
3,2,260,20,94,76,0,8.0,-3
3,2,80,30,87,74,0,8.0,-5
3,2,100,40,44,9,0,0.0,-3
3,2,130,40,92,0,0,1.0,-3
3,2,210,30,101,95,0,1.0,-2
3,2,120,30,95,60,0,0.0,-4
3,2,230,20,103,100,0,7.0,-5
3,2,20,20,57,55,0,7.0,-3
3,2,350,10,78,68,0,8.0,-21
3,2,130,10,104,100,1,8.0,0
3,2,0,0,73,64,0,8.0,0
3,2,80,30,92,86,0,7.0,1
3,2,0,0,98,94,1,8.0,-2
3,2,240,30,-14,-18,2,2.0,7
3,2,210,30,-14,-33,0,,-1
3,2,190,30,-9,-18,0,7.0,2
3,2,230,10,-62,-69,0,0.0,15
3,2,240,20,-19,-29,0,4.0,0
3,2,240,20,-1,-14,0,0.0,-3
3,2,280,30,7,-5,0,4.0,-6
3,2,160,50,21,10,-1,8.0,4
3,2,280,40,81,79,-1,8.0,-3
3,2,240,60,64,35,0,8.0,-1
3,2,340,20,42,39,0,8.0,-3
3,2,320,20,-66,-84,0,0.0,2
3,2,120,20,-53,-88,0,0.0,-20
3,2,120,30,-25,-56,0,0.0,-3
3,2,90,30,-19,-52,0,1.0,-5
3,2,50,40,-20,-34,0,0.0,0
3,2,60,40,7,-14,0,8.0,-9
3,2,70,50,-7,-28,0,0.0,-4
3,2,80,30,-6,-16,0,8.0,-3
3,2,70,20,41,21,0,8.0,0
3,2,40,30,0,-25,0,8.0,-14
3,2,10,20,-17,-33,0,8.0,-3
3,2,50,20,-39,-60,0,0.0,7
3,2,120,40,38,-42,0,6.0,-7
3,2,220,20,97,94,7,8.0,-1
3,2,220,60,129,123,5,8.0,0
3,2,190,50,133,120,0,0.0,1
3,2,230,70,101,72,4,7.0,-13
3,2,220,60,83,45,0,8.0,-3
3,2,170,70,86,73,8,7.0,2
3,2,250,60,120,89,0,7.0,0
3,2,220,50,86,75,15,8.0,3
3,2,270,40,62,26,0,7.0,4
3,2,130,50,53,42,13,8.0,2
3,2,210,20,46,36,0,0.0,7
3,2,150,40,98,39,0,7.0,-4
3,2,190,90,95,46,0,8.0,1
3,2,200,50,86,76,5,8.0,-2
3,2,270,20,52,42,0,2.0,0
3,2,210,20,50,29,0,8.0,4
3,2,260,20,27,17,0,0.0,7
3,2,210,20,49,38,0,0.0,-13
3,2,0,0,28,17,0,0.0,-12
3,2,350,30,59,33,0,0.0,-4
3,2,280,10,9,-3,0,0.0,-5
3,2,210,10,9,0,0,0.0,-13
3,2,230,20,60,38,0,8.0,2
3,2,270,40,89,58,0,8.0,0
3,2,240,70,92,54,-1,8.0,-7
3,2,220,40,10,1,0,6.0,3
3,2,290,20,5,1,-1,8.0,0
3,2,360,50,29,15,-1,7.0,-4
3,2,330,50,55,17,0,8.0,-1
3,2,340,80,52,20,0,8.0,3
3,2,360,40,43,22,0,8.0,-1
3,2,70,60,97,41,0,8.0,-9
3,2,80,40,68,31,0,0.0,-4
3,2,110,30,84,27,0,0.0,-3
3,2,110,40,87,14,0,0.0,-8
3,2,250,20,73,48,0,5.0,-6
3,2,110,10,17,17,0,9.0,1
3,2,40,40,64,53,0,6.0,-3
3,2,250,100,110,96,5,8.0,6
3,2,260,80,100,77,3,8.0,8
3,2,260,50,80,40,-1,,-2
3,2,240,10,9,-3,0,8.0,-9
3,2,320,20,-7,-25,0,0.0,-13
3,2,230,40,43,6,0,8.0,1
3,2,210,30,75,61,0,8.0,-1
3,2,220,20,28,18,0,0.0,-4
3,2,210,60,88,49,0,8.0,0
3,2,190,60,39,29,0,1.0,-1
3,2,220,60,54,38,0,6.0,4
3,2,240,70,96,57,-1,7.0,-13
3,2,260,60,64,17,0,1.0,5
3,2,180,20,67,60,2,8.0,2
3,2,170,10,22,13,0,7.0,14
3,2,170,50,98,85,14,8.0,3
3,2,360,50,55,29,0,8.0,-3
3,2,290,30,8,0,0,6.0,-4
3,2,260,20,21,6,0,7.0,-8
3,2,250,20,19,10,0,2.0,2
3,2,280,70,77,59,1,8.0,-8
3,2,320,20,15,8,12,8.0,1
3,2,320,20,-22,-36,-1,2.0,-3
3,2,180,20,4,0,1,8.0,-1
3,2,310,30,-4,-5,3,7.0,2
3,2,230,30,15,7,-1,8.0,-1
3,2,100,20,34,28,0,8.0,1
3,2,180,10,43,40,0,9.0,3
3,2,250,70,75,36,0,8.0,-8
3,2,170,80,93,27,0,7.0,1
3,2,200,20,76,69,0,8.0,0
3,2,90,20,26,8,0,0.0,-15
3,2,280,40,66,58,0,8.0,-7
3,2,200,30,13,6,0,0.0,10
3,2,170,70,63,-3,0,7.0,-1
3,2,160,10,16,11,0,7.0,3
3,2,330,50,49,38,2,8.0,2
3,2,260,10,-1,-2,0,0.0,1
3,2,210,70,75,69,2,8.0,6
3,2,250,30,37,10,0,1.0,-12
3,2,220,30,52,32,0,7.0,1
3,2,310,40,51,38,0,8.0,-1
3,2,210,30,56,20,0,8.0,3
3,2,270,20,60,53,0,0.0,-11
3,2,180,30,72,55,0,5.0,5
3,2,280,40,75,37,0,7.0,-5
3,2,280,20,65,55,0,8.0,-1
3,2,220,20,55,44,0,8.0,0
3,2,60,10,9,-4,0,0.0,-7
3,2,0,0,27,-12,0,8.0,9
3,2,30,20,7,-5,0,0.0,2
3,2,0,0,-19,-29,0,0.0,-6
3,2,290,20,35,26,0,8.0,18
3,2,250,30,68,42,0,7.0,1
3,2,320,70,35,11,2,5.0,-4
3,2,210,50,45,28,1,8.0,0
3,2,240,20,40,24,0,5.0,-3
3,2,260,30,69,55,0,8.0,-4
3,2,180,50,52,39,-1,8.0,-1
3,2,310,40,51,43,0,8.0,2
3,2,0,0,-9,-18,0,0.0,-11
3,2,200,10,-11,-19,0,0.0,-1
3,2,270,50,33,21,4,8.0,-2
3,2,240,20,1,-4,0,5.0,-3
3,2,0,0,-29,-33,0,0.0,-16
3,2,40,30,-9,-18,0,0.0,-11
3,2,330,20,-12,-26,0,0.0,-14
3,2,330,60,28,5,3,7.0,-8
3,2,50,30,-35,-65,0,0.0,-4
3,2,30,20,-60,-103,0,0.0,1
3,2,30,30,-40,-54,0,0.0,-2
3,2,40,30,-30,-65,0,0.0,-3
3,2,40,60,-9,-29,0,8.0,-1
3,2,300,30,29,7,0,8.0,-1
3,2,280,20,36,25,0,8.0,-3
3,2,250,40,48,27,0,8.0,-1
3,2,280,30,52,43,-1,8.0,-1
3,2,300,40,58,45,-1,8.0,-3
3,2,210,30,33,17,0,4.0,-2
3,2,200,20,57,15,0,5.0,-7
3,2,210,40,129,28,-1,8.0,-3
3,2,210,50,124,116,3,8.0,2
3,2,250,30,110,98,1,8.0,-8
3,2,0,0,45,41,0,8.0,-2
3,2,220,20,86,55,0,8.0,4
3,2,140,30,84,62,0,7.0,-4
3,2,150,30,115,66,0,8.0,-6
3,2,210,40,111,87,0,8.0,-4
3,2,200,40,87,54,0,8.0,-1
3,2,250,30,72,59,-1,6.0,4
3,2,160,10,78,74,9,8.0,-2
3,2,150,30,105,96,-1,8.0,0
3,2,200,60,50,19,0,0.0,0
3,2,20,40,34,24,0,8.0,-2
3,2,50,50,9,-4,0,8.0,-6
3,2,40,40,-12,-31,0,0.0,-9
3,2,40,30,-22,-35,0,0.0,-4
3,2,20,60,-13,-16,0,9.0,3
3,2,30,30,-3,-18,0,4.0,-4
3,2,70,20,-19,-54,0,0.0,-13
3,2,130,30,-7,-86,0,0.0,-2
3,2,210,30,52,23,0,4.0,2
3,2,220,40,51,32,0,8.0,-5
3,2,260,50,86,54,0,8.0,-4
3,2,180,20,51,29,0,8.0,-7
3,2,180,50,94,61,0,8.0,1
3,2,210,10,94,92,4,8.0,0
3,2,70,30,87,80,0,0.0,-5
3,2,60,40,80,61,0,0.0,-4
3,2,50,40,47,30,0,8.0,-1
3,2,300,30,49,36,-1,8.0,2
3,2,20,50,50,37,-1,8.0,-1
3,2,0,0,-22,-32,0,3.0,-2
3,2,220,10,-21,-36,0,0.0,1
3,2,210,10,6,-7,0,0.0,-4
3,2,10,20,34,28,0,0.0,-12
3,2,20,20,22,10,0,0.0,7
3,2,30,20,63,57,0,1.0,-9
3,2,20,20,28,12,0,7.0,-3
3,2,100,30,51,13,0,8.0,-5
3,2,360,20,27,6,0,1.0,-6
3,2,0,0,-1,-8,0,1.0,-8
3,2,170,10,23,5,0,0.0,-4
3,2,210,50,103,91,0,7.0,1
3,2,250,10,85,75,0,8.0,-4
3,2,30,10,76,73,0,8.0,1
3,2,140,20,89,81,0,8.0,-1
3,2,200,30,55,52,0,0.0,11
3,2,180,70,81,75,4,8.0,-21
3,2,140,30,34,20,0,8.0,-1
3,2,190,30,9,6,0,2.0,4
3,2,290,40,34,22,0,0.0,-4
3,2,210,20,44,30,0,8.0,-1
3,2,230,30,81,64,0,8.0,1
3,2,290,30,78,74,0,8.0,4
3,2,270,20,45,42,0,1.0,-6
3,2,30,30,78,64,0,8.0,-1
3,2,20,30,65,38,0,8.0,-3
3,2,30,10,4,1,0,0.0,-8
3,2,190,10,38,23,0,0.0,-10
3,2,250,20,84,47,0,8.0,-10
3,2,170,50,92,72,0,8.0,0
3,2,310,20,24,19,0,0.0,-5
3,2,200,30,27,4,0,0.0,4
3,2,0,0,31,26,0,8.0,-10
3,2,50,20,61,46,0,0.0,-6
3,2,50,20,74,63,0,0.0,-21
3,2,10,10,67,61,0,0.0,-9
3,2,10,30,60,57,0,7.0,0
3,2,30,20,50,10,0,0.0,-11
3,2,30,10,38,22,0,0.0,-1
3,2,30,10,60,56,0,0.0,-7
3,2,990,10,14,5,0,0.0,11
3,2,290,30,73,57,0,8.0,8
3,2,260,30,70,65,0,8.0,3
3,2,10,10,20,15,-1,8.0,0
3,2,30,20,18,-12,0,8.0,0
3,2,280,10,19,-15,0,8.0,-4
3,2,90,20,4,-17,0,0.0,-7
3,2,140,30,26,-20,0,0.0,-2
3,2,130,20,67,8,0,8.0,-7
3,2,80,30,81,20,0,7.0,4
3,2,120,20,88,72,0,8.0,-2
3,2,110,20,92,89,6,8.0,-1
3,2,270,40,31,20,0,8.0,-13
3,2,50,60,-16,-63,0,8.0,-3
3,2,50,80,-34,-57,-1,8.0,0
3,2,260,10,-88,-103,0,0.0,-6
3,2,260,20,-24,-30,0,3.0,-7
3,2,200,20,-46,-64,0,8.0,12
3,2,180,70,39,-25,0,8.0,-1
3,2,160,40,55,2,0,8.0,-2
3,2,190,50,47,23,0,8.0,-3
3,2,130,10,1,-15,0,4.0,9
3,2,90,40,10,4,0,8.0,1
3,2,280,20,-8,-35,0,8.0,-5
3,2,80,40,-18,-33,0,0.0,-2
3,2,90,100,0,-61,0,7.0,-1
3,2,90,90,-20,-119,0,7.0,-3
3,2,80,80,-12,-112,0,8.0,-3
3,2,70,50,-23,-93,0,0.0,-3
3,2,80,40,-26,-86,0,0.0,-2
3,2,60,40,-19,-81,0,0.0,-4
3,2,330,20,-22,-46,0,8.0,3
3,2,10,20,-23,-30,0,8.0,2
3,2,30,20,-32,-53,0,,-4
3,2,170,20,55,49,-1,8.0,-6
3,2,220,30,37,29,0,1.0,-8
3,2,130,40,42,1,0,8.0,1
3,2,120,10,21,6,0,4.0,-3
3,2,0,0,-14,-14,0,6.0,-12
3,2,210,10,-6,-9,0,8.0,6
3,2,170,20,30,-1,0,0.0,4
3,2,30,20,27,24,0,8.0,-7
3,2,150,10,46,12,0,0.0,-24
3,2,160,20,61,12,0,0.0,-21
3,2,40,50,74,64,0,8.0,0
3,2,40,20,41,37,0,0.0,1
3,2,40,10,22,21,0,0.0,-5
3,2,0,0,13,4,0,0.0,-11
3,2,280,50,87,64,0,7.0,5
3,2,280,50,93,63,0,6.0,-4
3,2,260,20,83,70,0,7.0,-5
3,2,230,20,80,61,0,5.0,-1
3,2,280,80,101,64,0,8.0,-2
3,2,200,30,73,52,0,0.0,-1
3,2,240,40,114,73,0,8.0,0
3,2,160,30,50,19,0,8.0,0
3,2,200,30,29,17,0,2.0,-6
3,2,320,30,45,32,-1,8.0,2
3,2,100,10,-5,-10,0,0.0,15
3,2,10,30,14,-1,0,2.0,-1
3,2,20,20,7,-3,0,0.0,-8
3,2,310,20,49,32,0,8.0,-8
3,2,110,30,76,33,0,0.0,-23
3,2,90,10,52,25,0,0.0,15
3,2,50,10,105,61,0,7.0,4
3,2,190,100,61,45,5,8.0,-2
3,2,270,50,51,4,0,1.0,-4
3,2,230,50,35,3,0,8.0,-6
3,2,220,30,22,5,0,0.0,0
3,2,280,30,28,22,0,0.0,-14
3,2,240,20,49,16,0,8.0,0
3,2,190,50,35,16,0,5.0,1
3,2,200,40,47,-9,0,5.0,6
3,2,360,50,79,70,0,8.0,0
3,2,250,20,93,79,0,8.0,1
3,2,300,10,-24,-25,0,4.0,-2
3,2,40,10,-11,-22,0,0.0,1
3,2,80,30,0,-14,0,0.0,3
3,2,40,40,1,-26,0,1.0,0
3,2,60,40,47,25,0,8.0,1
3,2,80,30,49,27,0,8.0,-14
3,2,80,10,0,-5,0,5.0,-4
3,2,350,10,42,35,0,0.0,-38
3,2,330,30,57,47,0,8.0,1
3,2,0,0,4,4,0,9.0,18
3,2,250,30,36,24,0,8.0,0
3,2,20,40,50,38,0,8.0,1
3,2,180,10,-33,-36,0,0.0,1
3,2,210,20,-21,-23,0,1.0,8
3,2,40,10,55,52,16,8.0,0
3,2,250,20,28,25,0,7.0,-6
3,2,270,40,58,23,0,7.0,3
3,2,190,30,5,-8,0,3.0,7
3,2,240,70,108,76,0,8.0,-2
3,2,280,80,74,30,0,0.0,-6
3,2,240,90,110,97,10,8.0,-3
3,2,0,0,-49,-51,0,7.0,-1
3,2,240,50,85,65,1,8.0,-1
3,2,220,40,27,16,2,8.0,-3
3,2,140,50,18,1,0,8.0,6
3,2,990,10,-34,-35,0,2.0,-11
3,2,180,20,23,15,-1,8.0,0
3,2,260,20,13,8,2,7.0,-4
3,2,280,20,-23,-26,0,7.0,5
3,2,170,60,34,5,0,8.0,-1
3,2,110,30,5,-26,0,7.0,3
3,2,30,20,10,-2,0,1.0,-1
3,2,20,10,-15,-17,0,0.0,-10
3,2,60,30,-1,-24,0,0.0,-3
3,2,60,50,6,-16,0,1.0,-5
3,2,20,30,-15,-25,0,7.0,-1
3,2,40,40,26,18,0,0.0,-1
3,2,40,20,-7,-26,0,0.0,7
3,2,10,30,27,23,0,8.0,-9
3,2,360,30,58,27,0,8.0,-2
3,2,360,40,57,15,0,8.0,-1
3,2,300,30,51,48,-1,8.0,9
3,2,240,20,39,34,0,6.0,-6
3,2,260,10,37,36,0,6.0,3
3,2,230,20,65,59,0,8.0,1
3,2,220,40,70,56,3,8.0,0
3,2,180,20,9,9,0,9.0,7
3,2,270,30,81,73,6,8.0,-6
3,2,170,90,88,43,0,2.0,2
3,2,220,70,63,31,-1,8.0,-1
3,2,240,50,93,57,0,8.0,-10
3,2,200,20,66,52,-1,8.0,-2
3,2,200,30,42,37,19,8.0,9
3,2,240,90,76,49,5,8.0,-2
3,2,170,30,26,4,0,8.0,-10
3,2,180,40,100,60,0,8.0,6
3,2,210,50,73,55,0,8.0,-2
3,2,170,30,45,40,12,8.0,2
3,2,240,10,33,33,0,8.0,6
3,2,180,30,27,21,0,8.0,8
3,2,200,20,66,63,0,8.0,11
3,2,0,0,19,14,0,5.0,-17
3,2,140,10,30,8,0,8.0,6
3,2,120,30,65,15,0,8.0,-9
3,2,350,10,21,-1,0,6.0,-7
3,2,220,30,41,33,0,8.0,-5
3,2,240,20,87,80,0,8.0,4
3,2,180,10,13,9,0,0.0,1
3,2,270,40,91,69,0,8.0,0
3,2,240,70,82,76,29,8.0,11
3,2,240,40,107,100,1,8.0,5
3,2,230,50,109,88,0,8.0,-4
3,2,250,40,93,82,0,8.0,-10
3,2,170,20,21,-10,0,0.0,-11
3,2,100,10,24,5,0,7.0,-7
3,2,60,50,59,39,0,6.0,-4
3,2,30,50,40,10,0,8.0,-7
3,2,60,50,60,31,0,8.0,-2
3,2,40,10,31,24,0,8.0,-5
3,2,0,0,21,-10,0,3.0,3
3,2,210,20,98,77,0,8.0,-1
3,2,180,30,110,77,0,8.0,4
3,2,130,30,125,72,0,8.0,-4
3,2,80,90,-73,-144,0,8.0,2
3,2,70,90,-51,-136,0,7.0,-1
3,2,90,50,-25,-37,3,8.0,0
3,2,120,30,0,-17,0,4.0,2
3,2,190,50,54,44,-1,8.0,0
3,2,130,30,43,15,0,8.0,-6
3,2,140,20,37,26,0,7.0,7
3,2,200,30,25,17,0,0.0,0
3,2,200,30,26,12,0,6.0,-4
3,2,150,30,90,87,1,8.0,2
3,2,120,10,74,73,0,7.0,3
3,2,180,30,89,78,0,8.0,1
3,2,250,50,80,72,18,8.0,-4
3,2,0,0,6,3,0,2.0,-5
3,2,110,60,56,15,0,1.0,-3
3,2,110,30,58,54,0,8.0,-3
3,2,70,80,-1,-33,0,8.0,-5
3,2,70,90,-21,-84,0,8.0,-1
3,2,60,60,-23,-113,0,8.0,-3
3,2,320,20,-12,-50,0,8.0,2
3,2,330,20,9,0,0,7.0,-17
3,2,220,30,42,19,-1,8.0,2
3,2,230,20,57,37,0,8.0,-2
3,2,150,30,58,28,0,8.0,-2
3,2,40,10,5,2,0,0.0,-11
3,2,330,20,28,25,0,8.0,-5
3,2,190,20,19,12,0,8.0,14
3,2,260,30,71,67,-1,8.0,1
3,2,220,20,43,28,0,8.0,-4
3,2,140,20,61,52,2,8.0,-6
3,2,160,20,32,29,0,7.0,7
3,2,280,50,86,83,3,8.0,-12
3,2,0,0,49,47,0,8.0,8
3,2,200,60,96,77,10,8.0,1
3,2,200,100,128,76,-1,8.0,-2
3,2,220,60,56,27,0,1.0,-2
3,2,160,40,80,71,-1,8.0,2
3,2,170,30,104,88,-1,8.0,3
3,2,270,50,72,50,-1,8.0,0
3,2,230,60,81,74,3,8.0,5
3,2,200,30,72,47,-1,8.0,-5
3,2,270,50,42,-2,-1,8.0,5
3,2,200,40,42,12,0,8.0,6
3,2,220,70,55,17,0,0.0,2
3,2,230,40,74,37,0,8.0,-4
3,2,240,30,78,43,0,8.0,-1
3,2,240,40,86,68,1,8.0,-7
3,2,220,80,102,50,-1,8.0,-11
3,2,230,30,42,28,1,8.0,1
3,2,160,10,-9,-25,0,1.0,-6
3,2,200,30,62,38,0,8.0,2
3,2,190,10,66,64,0,6.0,-6
3,2,20,10,26,24,0,9.0,28
3,2,220,20,79,68,0,8.0,0
3,2,10,30,31,25,0,8.0,-12
3,2,250,30,64,34,0,8.0,14
3,2,350,50,67,15,0,8.0,-3
3,2,0,0,54,43,0,8.0,5
3,2,300,20,74,51,0,8.0,2
3,2,0,0,9,8,0,9.0,-2
3,2,100,10,62,46,0,0.0,-20
3,2,30,30,80,61,0,7.0,3
3,2,210,80,57,15,0,2.0,0
3,2,200,50,43,23,0,2.0,-2
3,2,240,30,30,20,0,1.0,-5
3,2,220,30,47,43,-1,8.0,8
3,2,110,30,48,40,1,8.0,0
3,2,360,50,52,44,6,8.0,0
3,2,240,20,47,36,0,8.0,-6
3,2,190,60,78,46,0,8.0,0
3,2,220,40,70,54,0,8.0,2
3,2,200,80,65,56,31,8.0,5
3,2,280,60,103,100,21,8.0,-2
3,2,250,80,112,98,33,8.0,-5
3,2,240,50,69,25,0,8.0,2
3,2,180,10,12,10,0,8.0,8
3,2,180,50,78,65,0,8.0,-4
3,2,270,20,72,52,0,1.0,-9
3,2,220,20,42,40,0,7.0,-12
3,2,200,30,54,6,0,8.0,8
3,2,230,20,87,71,0,8.0,-5
3,2,40,30,77,55,0,8.0,-8
3,2,40,50,33,21,0,0.0,0
3,2,80,60,21,-37,0,0.0,-9
3,2,110,50,24,-67,0,0.0,-2
3,2,110,30,15,-83,0,8.0,3
3,2,110,30,16,-94,0,0.0,-9
3,2,70,40,34,-66,0,8.0,-12
3,2,20,40,23,-30,0,0.0,-5
3,2,10,40,53,20,0,0.0,-8
3,2,340,50,46,5,0,8.0,-5
3,2,360,30,-24,-67,0,0.0,-8
3,2,10,30,5,1,0,1.0,-3
3,2,0,0,35,29,0,8.0,-9
3,2,10,10,25,19,4,8.0,-1
3,2,190,26,48,39,0,7.0,-5
3,2,150,5,4,-2,0,0.0,5
3,2,140,26,70,56,-1,8.0,-4
3,2,140,21,89,77,0,8.0,1
3,2,130,36,115,68,0,7.0,0
3,2,120,31,109,61,0,8.0,-4
3,2,0,0,92,84,0,8.0,-17
3,2,200,21,83,71,0,8.0,-1
3,2,170,15,78,72,0,2.0,-15
3,2,150,26,79,73,0,7.0,-3
3,2,120,10,67,58,0,0.0,-6
3,2,160,10,47,35,0,0.0,-4
3,2,230,10,91,85,0,7.0,10
3,2,160,26,88,84,0,8.0,-10
3,2,160,26,100,67,0,4.0,-1
3,2,130,15,50,44,0,1.0,-5
3,2,190,57,90,57,-1,8.0,-6
3,2,250,67,108,91,0,7.0,-1
3,2,210,67,134,118,-1,8.0,-12
3,2,230,26,61,55,0,6.0,4
3,2,0,0,-12,-18,0,2.0,-3
3,2,360,36,52,24,0,8.0,-2
3,2,30,51,39,24,0,0.0,-4
3,2,50,62,55,16,0,8.0,-1
3,2,60,31,40,-18,0,0.0,-7
3,2,20,21,63,28,0,8.0,-5
3,2,10,5,5,-14,0,1.0,-7
3,2,100,15,6,-26,0,0.0,-11
3,2,280,5,54,28,0,8.0,-8
3,2,140,36,48,22,0,0.0,-3
3,2,200,51,98,38,-1,8.0,-14
3,2,230,77,50,38,0,7.0,3
3,2,200,31,82,79,0,8.0,-1
3,2,80,15,59,55,0,0.0,-10
3,2,200,57,88,84,6,8.0,1
3,2,160,31,26,19,0,0.0,-9
3,2,130,21,63,51,0,8.0,4
3,2,320,26,72,69,0,8.0,-2
3,2,180,5,31,28,0,4.0,-1
3,2,260,46,33,4,0,6.0,0
3,2,210,82,63,43,-1,8.0,1
3,2,240,103,81,61,2,8.0,-3
3,2,280,82,38,-14,0,2.0,-4
3,2,280,82,60,19,0,8.0,-7
3,2,260,21,19,-2,0,7.0,-6
3,2,200,31,73,59,0,8.0,0
3,2,150,10,20,19,0,2.0,17
3,2,240,36,91,83,0,8.0,-1
3,2,230,41,88,66,0,8.0,-2
3,2,220,51,102,96,0,8.0,-2
3,2,240,67,62,40,5,8.0,-9
3,2,200,26,36,32,9,8.0,8
3,2,350,15,2,1,0,0.0,9
3,2,350,62,48,30,0,8.0,-6
3,2,180,67,33,24,5,8.0,-1
3,2,270,10,42,39,0,7.0,-4
3,2,300,36,15,5,-1,2.0,-4
3,2,250,21,23,13,0,7.0,-10
3,2,130,36,51,45,-1,8.0,-1
3,2,110,62,85,23,0,8.0,3
3,2,140,10,-28,-28,0,9.0,3
3,2,50,72,13,-9,0,7.0,2
3,2,60,62,-5,-22,0,2.0,-6
3,2,40,36,-41,-61,0,0.0,-7
3,2,240,10,-2,-13,0,7.0,1
3,2,320,31,51,48,-1,8.0,0
3,2,340,31,51,45,0,8.0,-2
3,2,70,21,23,11,0,1.0,-4
3,2,120,36,5,-31,0,0.0,0
3,2,160,21,3,-10,0,4.0,-6
3,2,0,0,51,30,0,7.0,-2
3,2,150,10,24,20,0,0.0,0
3,2,140,5,26,10,0,0.0,-10
3,2,160,10,32,4,0,0.0,-2
3,2,210,5,75,53,0,1.0,6
3,2,220,36,68,39,0,0.0,-8
3,2,250,51,91,65,0,8.0,0
3,2,240,62,95,69,0,7.0,-1
3,2,260,26,32,22,0,0.0,-17
3,2,220,26,-2,-19,0,0.0,-2
3,2,170,15,31,8,0,3.0,0
3,2,210,15,48,30,0,0.0,13
3,2,270,46,71,53,0,3.0,-12
3,2,270,15,20,13,0,0.0,-14
3,2,290,21,8,8,0,1.0,-12
3,2,330,36,31,12,0,5.0,-5
3,2,50,10,-36,-59,0,0.0,0
3,2,80,21,-13,-45,0,0.0,-4
3,2,80,21,-7,-53,0,0.0,-3
3,2,110,31,4,-54,0,0.0,-5
3,2,210,31,97,61,0,8.0,0
3,2,210,21,68,68,0,7.0,3
3,2,200,36,35,28,0,3.0,-1
3,2,210,46,35,22,0,0.0,0
3,2,270,41,39,16,0,0.0,-3
3,2,160,31,23,5,0,2.0,-4
3,2,260,26,51,34,0,4.0,-5
3,2,230,82,73,54,0,8.0,2
3,2,240,57,97,89,-1,8.0,-4
3,2,240,41,91,77,0,6.0,1
3,2,260,31,84,76,0,8.0,2
3,2,150,21,5,-4,0,0.0,-3
3,2,220,26,47,24,0,7.0,1
3,2,200,103,72,29,1,8.0,-7
3,2,260,51,56,13,0,1.0,3
3,2,250,87,106,84,0,8.0,0
3,2,240,51,39,27,0,0.0,5
3,2,280,93,45,-9,0,2.0,-2
3,2,230,57,35,7,0,4.0,0
3,2,240,108,85,79,8,8.0,0
3,2,230,36,20,8,0,6.0,2
3,2,200,10,17,-2,0,8.0,3
3,2,0,0,-13,-16,0,2.0,-2
3,2,230,82,99,87,0,8.0,-3
3,2,260,103,125,114,2,8.0,-12
3,2,240,57,92,81,-1,8.0,-1
3,2,290,36,51,39,0,3.0,-5
3,2,210,10,-4,-4,0,0.0,-6
3,2,140,31,47,8,0,7.0,-5
3,2,240,82,118,95,0,8.0,-3
3,2,220,31,103,95,0,8.0,1
3,2,210,93,167,84,0,7.0,-12
3,2,240,93,102,56,0,8.0,-3
3,2,220,67,36,13,-1,7.0,1
3,2,190,72,53,35,0,4.0,5
3,2,260,31,8,4,3,8.0,1
3,2,190,62,17,-7,0,7.0,4
3,2,220,67,32,19,-1,6.0,-4
3,2,230,57,8,2,0,1.0,1
3,2,170,108,65,2,0,7.0,-1
3,2,220,31,32,20,-1,7.0,0
3,2,120,31,16,-3,0,1.0,-5
3,2,120,51,51,-13,0,3.0,-2
3,2,140,10,36,20,0,2.0,-15
3,2,60,15,36,26,0,0.0,20
3,2,80,21,17,1,0,0.0,-4
3,2,190,31,50,44,9,8.0,1
3,2,240,41,17,8,0,7.0,1
3,2,200,67,74,40,0,7.0,0
3,2,250,123,78,16,0,5.0,-2
3,2,240,57,56,47,0,7.0,1
3,2,240,31,9,6,0,3.0,4
3,2,290,41,38,18,0,5.0,-1
3,2,220,5,-11,-22,0,1.0,-9
3,2,200,10,-3,-22,0,0.0,2
3,2,190,31,46,0,0,0.0,-8
3,2,240,82,73,54,0,3.0,-1
3,2,250,57,77,68,2,8.0,15
3,2,250,93,77,70,14,8.0,3
3,2,250,31,-15,-21,0,1.0,9
3,2,330,87,15,11,-1,7.0,-4
3,2,300,21,-2,-10,0,1.0,-3
3,2,190,41,47,1,0,8.0,0
3,2,310,31,25,13,0,8.0,2
3,2,280,10,-38,-38,0,0.0,-4
3,2,170,5,4,4,-1,8.0,1
3,2,320,5,-38,-38,0,0.0,-2
3,2,270,26,37,37,-1,8.0,1
3,2,270,15,19,18,-1,8.0,0
3,2,360,51,27,14,0,7.0,-2
3,2,80,46,13,-18,0,0.0,-2
3,2,100,31,16,-27,0,0.0,-1
3,2,90,41,11,-34,0,0.0,-4
3,2,60,31,-20,-62,0,0.0,-16
3,2,70,31,-44,-80,0,0.0,-2
3,2,70,36,-39,-73,0,0.0,-3
3,2,90,36,-25,-68,0,0.0,-4
3,2,90,36,10,-31,0,3.0,-2
3,2,70,26,7,-11,0,1.0,3
3,2,60,21,37,14,0,8.0,-1
3,2,300,5,40,31,0,8.0,-1
3,2,310,15,41,26,0,8.0,-4
3,2,0,0,-18,-18,0,3.0,-8
3,2,150,21,67,50,0,8.0,-5
3,2,180,26,65,65,0,7.0,2
3,2,130,15,67,67,0,8.0,2
3,2,320,15,87,86,0,8.0,-17
3,2,60,51,43,39,0,0.0,-1
3,2,30,31,58,38,0,8.0,-4
3,2,360,46,-17,-50,0,3.0,0
3,2,240,5,-33,-53,0,5.0,0
3,2,270,36,7,7,0,7.0,2
3,2,270,21,-13,-13,0,1.0,-3
3,2,280,15,-25,-35,0,1.0,3
3,2,260,40,93,79,0,6.0,-7
3,2,200,50,105,81,0,4.0,-6
3,2,220,20,69,63,0,7.0,-4
3,2,90,20,65,45,0,8.0,1
3,2,160,30,79,76,0,2.0,4
3,2,180,30,71,51,0,8.0,5
3,2,110,10,46,46,0,7.0,-1
3,2,160,10,51,45,0,3.0,7
3,2,50,20,55,49,0,0.0,5
3,2,130,20,55,40,0,0.0,-5
3,2,300,20,31,31,0,0.0,-3
3,2,80,20,42,39,0,8.0,-2
3,2,250,30,69,65,0,0.0,-5
3,2,230,40,78,51,0,8.0,-3
3,2,250,30,85,77,0,8.0,0
3,2,260,30,99,93,-1,8.0,1
3,2,280,60,101,85,0,8.0,-3
3,2,130,20,57,51,0,4.0,5
3,2,240,40,68,53,-1,8.0,0
3,2,360,40,33,0,0,8.0,-1
3,2,290,40,59,52,0,7.0,-7
3,2,0,0,-21,-25,0,0.0,-3
3,2,160,30,46,6,-1,8.0,-2
3,2,320,10,53,52,0,7.0,0
3,2,200,10,59,58,6,8.0,2
3,2,190,20,36,36,0,7.0,7
3,2,280,60,111,100,0,8.0,-4
3,2,290,110,91,67,22,8.0,-12
3,2,280,40,41,18,0,0.0,-6
3,2,280,20,55,45,0,7.0,-5
3,2,230,10,11,7,0,0.0,-5
3,2,240,50,9,6,0,3.0,-3
3,2,220,70,54,50,0,7.0,6
3,2,210,70,88,61,-1,8.0,-4
3,2,220,90,137,63,0,7.0,8
3,2,210,100,64,39,-1,7.0,-4
3,2,240,60,63,56,0,8.0,0
3,2,220,70,89,85,13,8.0,1
3,2,250,40,83,69,-1,5.0,0
3,2,330,10,-37,-48,0,0.0,-2
3,2,220,20,-21,-24,0,2.0,-2
3,2,170,70,55,-31,0,8.0,-27
3,2,340,50,41,31,2,6.0,-7
3,2,220,30,-7,-13,0,3.0,-6
3,2,280,40,57,56,1,8.0,0
3,2,280,30,61,57,0,8.0,-1
3,2,270,20,74,74,-1,8.0,-3
3,2,240,20,76,51,0,8.0,0
3,2,240,30,88,74,0,8.0,1
3,2,270,20,6,6,0,2.0,10
3,2,250,30,3,3,0,0.0,9
3,2,30,40,51,34,0,7.0,-15
3,2,350,20,37,19,0,6.0,1
3,2,330,30,54,53,-1,6.0,-1
3,2,50,20,-20,-53,0,0.0,-5
3,2,150,20,0,-34,0,5.0,-10
3,2,160,30,2,-52,0,7.0,6
3,2,220,50,77,77,1,8.0,1
3,2,190,20,104,98,0,8.0,0
3,2,130,20,101,87,0,7.0,-10
3,2,130,30,134,89,0,7.0,-3
3,2,180,10,119,114,0,8.0,-3
3,2,230,100,83,59,1,8.0,-7
3,2,260,30,99,99,8,8.0,1
3,2,240,90,104,84,5,6.0,-12
3,2,180,50,62,50,4,7.0,1
3,2,140,20,56,40,0,7.0,-1
3,2,230,50,38,34,0,8.0,-1
3,2,200,40,19,10,0,2.0,-1
3,2,210,50,29,23,-1,8.0,0
3,2,100,30,41,35,-1,8.0,0
3,2,260,10,10,10,0,7.0,-21
3,2,290,10,-22,-22,0,1.0,-10
3,2,120,30,37,11,0,2.0,-3
3,2,140,20,78,64,0,6.0,-8
3,2,990,10,65,65,0,8.0,0
3,2,0,0,9,9,0,1.0,-4
3,2,990,10,11,5,0,1.0,18
3,2,70,20,63,23,0,8.0,-5
3,2,0,0,35,26,0,6.0,0
3,2,0,0,37,35,0,6.0,-8
3,2,300,40,41,22,1,6.0,-9
3,2,210,30,58,45,0,8.0,4
3,2,0,0,50,49,12,8.0,-6
3,2,210,70,44,24,1,8.0,-2
3,2,230,60,78,72,0,7.0,-1
3,2,60,20,43,30,0,0.0,0
3,2,200,40,105,90,-1,8.0,0
3,2,290,50,65,59,-1,7.0,-7
3,2,320,20,29,26,0,5.0,-1
3,2,150,30,15,1,0,0.0,-15
3,2,170,40,68,33,0,4.0,3
3,2,170,20,100,96,0,7.0,4
3,2,260,50,63,51,2,8.0,-3
3,2,250,30,5,-13,0,1.0,4
3,2,230,120,79,65,1,8.0,1
3,2,300,50,18,4,2,5.0,-4
3,2,250,30,-2,-6,-1,7.0,4
3,2,230,60,41,16,0,7.0,-11
3,2,230,70,73,35,0,8.0,2
3,2,240,70,96,90,2,8.0,0
3,2,250,90,117,104,1,8.0,3
3,2,10,60,69,48,0,8.0,-5
3,2,240,70,88,77,-1,8.0,1
3,2,280,20,63,48,0,8.0,-4
3,2,210,30,66,40,0,4.0,-7
3,2,230,50,94,82,1,8.0,-1
3,2,300,40,38,-5,0,3.0,-8
3,2,290,40,73,54,-1,8.0,-1
3,2,260,30,48,43,0,4.0,6
3,2,300,30,64,52,-1,7.0,-1
3,2,360,30,41,34,0,5.0,6
3,2,990,10,-2,-8,0,7.0,-3
3,2,260,10,20,15,0,5.0,0
3,2,70,20,40,16,0,0.0,-27
3,2,220,10,23,16,0,4.0,-8
3,2,140,20,94,56,0,8.0,0
3,2,200,40,92,75,0,7.0,-10
3,2,260,20,58,45,1,8.0,-5
3,2,990,10,36,28,0,7.0,11
3,2,20,50,22,4,0,5.0,2
3,2,60,50,45,36,8,8.0,-1
3,2,30,60,65,48,0,8.0,1
3,2,250,10,52,40,0,8.0,-2
3,2,0,0,26,17,0,8.0,0
3,2,310,20,21,13,0,8.0,-2
3,2,40,70,-6,-26,0,8.0,-5
3,2,70,40,-2,-20,0,8.0,0
3,2,20,20,16,-13,0,8.0,1
3,2,110,30,0,-22,0,0.0,-6
3,2,130,50,46,-2,0,7.0,2
3,2,100,20,89,82,0,7.0,-4
3,2,210,60,84,67,0,1.0,-4
3,2,190,30,90,83,2,8.0,1
3,2,240,40,104,91,-1,7.0,-1
3,2,250,40,102,87,0,7.0,2
3,2,220,60,48,34,0,1.0,-4
3,2,240,60,37,23,0,2.0,-2
3,2,990,10,42,40,1,8.0,3
3,2,320,30,80,71,0,8.0,-5
3,2,60,70,60,26,0,8.0,-5
3,2,50,30,44,43,13,8.0,-4
3,2,260,70,30,20,-1,8.0,-7
3,2,230,10,-33,-40,0,1.0,-6
3,2,80,60,24,-30,0,8.0,-2
3,2,990,10,52,47,0,8.0,0
3,2,140,30,61,53,-1,8.0,1
3,2,990,10,76,73,8,8.0,-2
3,2,40,70,34,27,3,8.0,-3
3,2,20,20,23,-1,0,8.0,-2
3,2,100,30,32,5,0,8.0,1
3,2,130,50,34,2,-1,8.0,-2
3,2,130,50,60,51,8,7.0,2
3,2,210,10,33,32,0,6.0,15
3,2,180,30,27,23,0,0.0,0
3,2,210,40,43,37,2,,1
3,2,40,20,-15,-27,0,,-9
3,2,240,20,5,-1,0,,-13
3,2,230,40,52,32,0,,0
3,2,330,20,49,42,0,,4
3,2,210,50,39,30,0,,5
3,2,240,90,107,86,0,,1
3,2,230,30,24,9,0,,-7
3,2,220,50,85,52,0,,2
3,2,250,50,43,-1,0,,-7
3,2,190,40,58,8,0,,-9
3,2,130,10,56,23,0,,-3
3,2,30,20,81,77,-1,,-1
3,2,60,40,16,1,0,,-7
3,2,80,70,33,17,0,,-2
3,2,140,30,72,57,0,,0
3,2,130,30,95,69,0,,-12
3,2,180,40,90,75,0,,-11
3,2,250,90,96,51,-1,,-3
3,2,240,50,99,94,3,,8
3,2,990,10,93,90,14,,27
3,2,250,30,79,66,0,,-7
3,2,300,30,25,6,0,,-8
3,2,40,30,7,-4,0,,-9
3,2,990,10,-2,-29,0,,-9
3,2,280,10,1,-6,0,,4
3,2,340,10,-9,-23,0,,16
3,2,90,20,18,-20,0,,-4
3,2,110,30,60,-24,0,,-11
3,2,150,20,37,-1,0,,-7
3,2,150,20,46,23,0,,-6
3,2,200,60,85,74,0,,-12
3,2,170,40,89,84,-1,,0
3,2,300,50,56,41,0,,-4
3,2,130,20,11,7,0,,-1
3,2,180,30,83,79,0,,0
3,2,130,20,101,69,0,,1
3,2,200,20,17,15,0,,1
3,2,200,70,55,32,0,,10
3,2,220,80,87,57,0,,0
3,2,210,50,81,43,0,,4
3,2,190,50,103,78,0,,4
3,2,260,50,77,64,0,,-7
3,2,20,30,29,9,0,,-2
3,2,60,30,25,-23,0,,1
3,2,80,30,18,-18,0,,-10
3,2,90,30,33,-9,0,,-4
3,2,250,10,-11,-17,0,,-8
3,2,20,20,7,1,0,,-22
3,2,350,10,4,-5,0,,-5
3,2,20,20,37,14,0,,-2
3,2,100,20,24,-5,0,,1
3,2,80,30,27,-17,0,,-3
3,2,130,20,23,-77,0,,-4
3,2,150,20,18,-17,0,,11
3,2,210,20,66,33,0,,-6
3,2,30,20,62,48,0,,-5
3,2,310,10,28,8,0,,-9
3,2,330,10,25,15,0,,-9
3,2,150,10,115,74,0,,-3
3,2,340,20,88,64,0,,-6
3,2,330,20,24,20,0,,-21
3,2,30,30,-46,-57,0,,0
3,2,280,30,10,-3,0,,1
3,2,220,30,-20,-26,0,,-6
3,2,150,30,13,-12,0,,-14
3,2,110,20,48,-1,0,,-4
3,2,80,20,13,7,-1,,-1
3,2,230,30,26,20,0,,5
3,2,10,30,-13,-28,0,,-4
3,2,20,50,22,-5,0,,-11
3,2,40,50,5,-13,0,,-3
3,2,60,30,5,-3,0,,-4
3,2,130,20,0,-14,0,,2
3,2,150,30,61,57,9,,8
3,2,180,30,52,33,0,,-1
3,2,220,80,111,58,0,,-3
3,2,220,60,118,88,0,,0
3,2,150,20,58,54,0,,0
3,2,170,20,54,52,0,,-8
3,2,230,60,99,68,0,,-2
3,2,230,60,79,63,0,,-3
3,2,250,90,97,45,0,,-4
3,2,230,90,66,41,0,,-2
3,2,990,10,28,23,0,,4
3,2,340,10,3,0,0,,-1
3,2,300,10,-12,-19,0,,-4
3,2,10,30,-21,-32,0,,2
3,2,310,10,-31,-33,0,,-1
3,2,210,10,-2,-21,0,,4
3,2,240,10,-8,-17,0,,-6
3,2,40,30,23,-4,0,,15
3,2,90,30,86,19,0,,-9
3,2,200,40,-39,-99,0,,1
3,2,190,50,-12,-61,0,,1
3,2,60,20,-12,-18,0,,-2
3,2,330,20,-81,-92,0,,-7
3,2,140,20,-20,-26,1,,-1
3,2,30,60,-37,-72,0,,-13
3,2,330,10,6,1,11,,4
3,2,300,40,41,26,1,,-1
3,2,310,40,46,31,0,,-2
3,2,280,10,9,4,0,,1
3,2,230,50,14,7,0,,4
3,2,240,50,8,-1,0,,1
3,2,280,60,34,18,2,,-1
3,2,210,30,26,-9,0,,-1
3,2,190,20,4,-10,0,,11
3,2,210,50,116,61,0,,-13
3,2,250,70,135,104,0,,0
3,2,220,40,72,64,0,,12
3,2,260,30,103,83,0,,-3
3,2,50,30,82,71,0,,-8
3,2,110,20,63,18,0,,-5
3,2,120,40,98,-3,0,,-6
3,2,210,40,95,92,0,,-9
3,2,100,20,103,62,0,,-5
3,2,220,40,104,101,0,,-2
3,2,50,20,97,90,1,,0
3,2,100,20,86,78,0,,8
3,2,120,10,113,106,0,,-4
3,2,320,10,83,77,0,,-1
3,2,80,30,106,88,0,,-4
3,2,330,10,105,101,9,,2
3,2,240,50,-2,-3,1,,-7
3,2,220,50,-13,-27,0,,-5
3,2,990,10,-29,-32,0,,6
3,2,210,10,-51,-54,0,,1
3,2,210,20,-39,-42,0,,10
3,2,230,30,-7,-16,0,,0
3,2,270,20,-3,-13,0,,-7
3,2,140,50,20,7,0,,3
3,2,260,50,87,86,-1,,-3
3,2,240,80,64,35,0,,-3
3,2,360,10,42,41,-1,,-3
3,2,330,20,-51,-69,0,,-9
3,2,90,10,-38,-78,0,,-11
3,2,110,30,-23,-57,0,,-4
3,2,80,30,1,-49,0,,-3
3,2,50,30,-11,-28,0,,-5
3,2,50,50,3,-15,0,,-7
3,2,70,50,-5,-27,0,,-2
3,2,50,40,-8,-14,0,,-3
3,2,60,30,37,18,0,,1
3,2,30,30,-5,-26,0,,-3
3,2,10,20,-21,-36,0,,4
3,2,60,20,-29,-58,0,,-5
3,2,110,40,39,-43,0,,-4
3,2,230,40,97,94,13,,-2
3,2,220,80,130,121,10,,-1
3,2,170,40,129,118,0,,7
3,2,210,60,101,61,0,,-2
3,2,220,70,79,42,0,,0
3,2,170,60,93,64,2,,-3
3,2,240,80,119,91,0,,-4
3,2,210,70,88,77,7,8.0,2
3,2,260,50,55,33,0,3.0,0
3,2,120,50,49,44,15,8.0,3
3,2,220,30,45,39,0,6.0,4
3,2,140,50,104,42,0,8.0,-7
3,2,190,70,94,42,0,7.0,2
3,2,190,50,82,74,-1,8.0,-1
3,2,270,20,62,57,0,8.0,-21
3,2,210,40,58,40,0,7.0,-6
3,2,240,30,19,16,0,0.0,-12
3,2,200,30,50,43,0,0.0,-6
3,2,150,20,40,38,0,0.0,-1
3,2,320,10,40,23,0,0.0,-19
3,2,240,10,16,12,0,0.0,-7
3,2,0,0,14,13,0,0.0,-7
3,2,220,20,34,25,0,4.0,-7
3,2,250,50,83,63,0,8.0,3
3,2,230,100,93,53,-1,8.0,-4
3,2,200,40,6,5,1,7.0,3
3,2,320,10,4,-1,0,8.0,-10
3,2,320,40,27,13,0,8.0,1
3,2,310,40,47,17,0,7.0,2
3,2,330,60,47,19,0,8.0,2
3,2,360,40,50,23,0,8.0,3
3,2,60,60,95,36,0,8.0,-4
3,2,70,50,83,28,0,0.0,-4
3,2,90,30,95,28,0,0.0,-5
3,2,100,30,93,9,0,0.0,-7
3,2,210,20,54,32,0,2.0,15
3,2,0,0,39,39,0,2.0,-12
3,2,40,50,81,54,0,8.0,-4
3,2,240,120,104,95,10,8.0,8
3,2,240,80,86,78,3,8.0,13
3,2,250,50,79,51,1,8.0,-7
3,2,320,20,21,0,0,8.0,-9
3,2,290,30,-13,-23,0,0.0,-2
3,2,220,60,37,-7,0,8.0,2
3,2,210,40,74,60,0,8.0,-2
3,2,200,20,11,11,0,0.0,6
3,2,200,50,84,41,0,8.0,-2
3,2,180,40,42,30,0,0.0,2
3,2,210,70,55,39,1,7.0,3
3,2,230,80,92,51,0,6.0,-14
3,2,250,80,62,13,0,1.0,1
3,2,160,40,66,59,5,8.0,1
3,2,120,20,31,24,0,6.0,16
3,2,140,30,102,77,-1,8.0,2
3,2,360,60,53,31,0,8.0,0
3,2,280,20,0,-10,0,1.0,-2
3,2,260,30,21,9,0,7.0,-4
3,2,270,30,26,12,-1,7.0,-6
3,2,250,30,55,47,-1,7.0,16
3,2,250,30,21,16,-1,8.0,-3
3,2,300,30,-20,-43,0,7.0,-8
3,2,180,30,5,-2,-1,8.0,-3
3,2,290,40,-2,-6,1,8.0,-5
3,2,240,50,10,1,1,8.0,1
3,2,70,20,35,28,0,8.0,0
3,2,250,10,51,48,0,8.0,5
3,2,240,90,74,35,0,8.0,-1
3,2,150,50,80,25,0,7.0,-1
3,2,190,30,76,69,3,8.0,0
3,2,70,20,37,12,0,5.0,-20
3,2,270,40,69,56,0,8.0,-4
3,2,190,20,7,0,0,0.0,9
3,2,150,60,53,-6,0,7.0,-1
3,2,210,10,26,18,0,8.0,-13
3,2,330,60,46,34,2,8.0,0
3,2,240,30,-17,-22,0,0.0,2
3,2,200,60,69,61,-1,8.0,6
3,2,230,50,37,17,-1,7.0,-17
3,2,220,50,47,28,0,8.0,-2
3,2,280,30,47,33,0,8.0,0
3,2,210,40,62,18,0,8.0,4
3,2,240,30,48,44,0,0.0,1
3,2,180,30,81,51,0,8.0,-5
3,2,280,30,74,39,0,8.0,-1
3,2,280,20,67,53,0,8.0,0
3,2,200,10,42,37,0,8.0,3
3,2,50,20,11,-9,0,0.0,-7
3,2,0,0,22,0,0,8.0,7
3,2,60,20,26,0,0,0.0,-27
3,2,60,10,-22,-42,0,0.0,-3
3,2,270,20,16,1,0,8.0,15
3,2,260,40,79,48,0,8.0,-6
3,2,280,60,35,19,-1,8.0,-4
3,2,210,60,42,22,-1,8.0,0
3,2,220,30,26,15,0,5.0,10
3,2,240,40,66,55,0,8.0,-2
3,2,160,30,50,32,-1,8.0,-1
3,2,290,30,53,46,1,8.0,-1
3,2,260,10,-3,-12,0,1.0,-6
3,2,190,10,0,-4,0,0.0,-13
3,2,250,70,40,17,-1,8.0,-7
3,2,210,10,-14,-19,0,8.0,-1
3,2,0,0,-31,-37,0,0.0,-1
3,2,40,30,-12,-24,0,0.0,0
3,2,320,20,-23,-37,0,0.0,-8
3,2,310,60,24,0,9,6.0,1
3,2,50,50,-28,-66,0,0.0,-4
3,2,50,10,-48,-95,0,0.0,-2
3,2,30,40,-34,-56,0,0.0,-2
3,2,40,40,-22,-72,0,0.0,1
3,2,20,40,-24,-40,0,6.0,6
3,2,270,10,22,10,0,8.0,1
3,2,280,20,28,17,0,8.0,3
3,2,250,50,46,19,0,8.0,1
3,2,260,30,49,38,-1,8.0,1
3,2,280,40,57,44,-1,8.0,-3
3,2,190,30,35,14,0,3.0,-10
3,2,200,20,46,3,0,3.0,-6
3,2,190,30,119,13,0,8.0,2
3,2,190,50,121,110,4,8.0,-1
3,2,260,30,116,108,37,8.0,-5
3,2,190,10,60,51,0,8.0,-1
3,2,220,20,87,57,0,8.0,3
3,2,130,20,86,55,0,7.0,-2
3,2,130,20,113,59,0,7.0,-5
3,2,210,50,112,85,0,8.0,-3
3,2,200,40,82,51,0,7.0,-3
3,2,260,40,80,64,3,8.0,-4
3,2,10,10,84,79,12,8.0,-2
3,2,150,30,106,96,-1,8.0,0
3,2,190,50,50,24,0,0.0,-1
3,2,20,30,34,26,0,8.0,-1
3,2,40,60,9,-8,0,7.0,-6
3,2,50,40,-6,-32,0,0.0,-2
3,2,50,30,-5,-36,0,0.0,-6
3,2,10,50,-12,-13,0,9.0,0
3,2,30,30,4,-23,0,2.0,-13
3,2,80,30,5,-56,0,0.0,-5
3,2,120,20,1,-91,0,0.0,-5
3,2,210,50,60,25,0,1.0,1
3,2,220,50,46,30,0,8.0,-1
3,2,250,70,89,54,0,8.0,-2
3,2,160,10,34,15,0,2.0,-10
3,2,170,40,93,59,0,8.0,2
3,2,200,20,95,92,3,8.0,-4
3,2,70,40,91,80,0,0.0,-6
3,2,60,50,86,58,0,0.0,-8
3,2,40,50,48,30,0,8.0,-2
3,2,280,30,47,38,-1,8.0,2
3,2,30,40,51,44,-1,8.0,0
3,2,270,10,-18,-25,0,0.0,-4
3,2,160,10,-16,-24,0,0.0,-3
3,2,230,10,2,-14,0,0.0,-2
3,2,0,0,26,18,0,0.0,-6
3,2,20,20,52,35,0,0.0,-3
3,2,30,10,47,38,0,0.0,-3
3,2,20,20,40,15,0,7.0,-8
3,2,60,30,54,7,0,8.0,-3
3,2,340,20,25,-7,0,0.0,-8
3,2,230,10,-5,-11,0,0.0,-3
3,2,190,10,16,-1,0,0.0,10
3,2,210,60,103,91,0,8.0,0
3,2,360,20,79,75,0,8.0,-3
3,2,70,30,76,73,0,8.0,1
3,2,140,30,91,76,0,8.0,-2
3,2,200,10,61,58,0,0.0,-9
3,2,140,50,79,74,10,8.0,-19
3,2,160,30,40,15,0,8.0,-1
3,2,180,30,11,8,0,5.0,0
3,2,280,30,40,26,0,3.0,-8
3,2,230,20,28,22,0,8.0,18
3,2,240,30,79,59,0,8.0,0
3,2,310,20,84,80,0,8.0,0
3,2,280,20,43,40,0,0.0,2
3,2,30,40,81,72,0,8.0,-3
3,2,30,30,67,43,0,8.0,-2
3,2,40,10,2,-1,0,0.0,-3
3,2,190,20,55,48,0,0.0,6
3,2,250,40,85,54,0,8.0,-3
3,2,170,30,89,72,0,8.0,6
3,2,330,10,44,32,0,8.0,3
3,2,200,20,6,-6,0,0.0,8
3,2,360,10,28,22,0,0.0,-2
3,2,40,30,39,23,0,0.0,19
3,2,70,40,102,77,0,0.0,-9
3,2,0,0,49,42,0,0.0,-2
3,2,360,20,68,59,0,3.0,-11
3,2,40,30,49,15,0,0.0,7
3,2,10,10,34,20,0,0.0,-5
3,2,0,0,48,40,0,0.0,-10
3,2,260,10,39,25,0,0.0,-11
3,2,290,40,78,55,0,8.0,1
3,2,260,30,63,60,0,8.0,2
3,2,20,10,18,1,0,8.0,2
3,2,60,30,24,-18,0,8.0,-6
3,2,230,10,17,-12,0,8.0,-1
3,2,100,30,16,-15,0,0.0,-7
3,2,140,30,26,-17,0,0.0,-6
3,2,130,20,61,14,0,8.0,10
3,2,70,20,93,17,0,8.0,-2
3,2,130,20,96,89,0,8.0,1
3,2,130,10,104,101,2,8.0,-3
3,2,250,50,34,22,0,8.0,-1
3,2,50,70,-17,-58,0,8.0,0
3,2,50,70,-34,-37,7,8.0,-2
3,2,0,0,-95,-98,0,0.0,-15
3,2,230,20,-32,-34,-1,7.0,-15
3,2,160,10,-63,-67,0,1.0,3
3,2,180,50,36,-33,0,7.0,4
3,2,140,50,54,-16,-1,8.0,-13
3,2,200,50,45,28,0,8.0,0
3,2,140,20,22,3,0,7.0,-9
3,2,90,30,14,11,0,8.0,1
3,2,320,20,2,-17,0,8.0,-2
3,2,80,30,-11,-22,0,0.0,-2
3,2,80,80,1,-55,0,7.0,-1
3,2,70,80,-22,-113,0,8.0,-1
3,2,70,70,-12,-104,0,8.0,-3
3,2,70,50,-19,-89,0,0.0,-2
3,2,70,40,-18,-75,0,0.0,-6
3,2,70,40,-12,-71,0,0.0,-5
3,2,350,20,-22,-31,-1,7.0,-9
3,2,20,20,-23,-37,0,8.0,-7
3,2,360,40,-17,-36,0,6.0,-10
3,2,160,30,49,35,0,8.0,-11
3,2,210,40,35,26,0,6.0,-6
3,2,130,40,42,0,0,8.0,3
3,2,120,20,30,5,0,0.0,-15
3,2,200,10,-18,-18,0,3.0,3
3,2,180,10,-2,-8,0,0.0,-8
3,2,160,30,24,-3,0,0.0,7
3,2,20,20,55,55,0,1.0,-17
3,2,140,20,67,18,0,0.0,-23
3,2,150,30,36,6,0,0.0,19
3,2,40,60,72,61,0,8.0,-1
3,2,70,30,72,53,0,0.0,-9
3,2,0,0,17,11,0,0.0,-6
3,2,330,10,9,-3,0,1.0,-10
3,2,270,40,78,62,0,2.0,2
3,2,270,50,103,64,0,8.0,-5
3,2,250,20,72,59,0,7.0,-3
3,2,230,40,80,63,0,1.0,-9
3,2,280,70,103,60,0,8.0,-5
3,2,180,30,75,54,0,0.0,-6
3,2,250,50,121,73,0,8.0,0
3,2,150,20,55,25,0,5.0,1
3,2,200,30,22,11,0,0.0,-13
3,2,270,10,38,31,-1,8.0,-1
3,2,170,10,-8,-10,0,0.0,-2
3,2,350,20,6,-5,0,0.0,-2
3,2,50,20,-4,-12,0,0.0,17
3,2,40,20,82,29,0,7.0,-27
3,2,100,20,85,25,0,0.0,-7
3,2,70,10,51,26,0,1.0,26
3,2,20,10,103,57,0,6.0,-9
3,2,190,80,60,35,2,8.0,-5
3,2,270,70,56,15,0,4.0,-10
3,2,230,70,28,2,0,7.0,1
3,2,230,50,18,6,0,0.0,-3
3,2,280,20,23,18,0,0.0,-6
3,2,230,30,47,10,0,8.0,-3
3,2,170,30,22,8,0,5.0,3
3,2,180,40,55,-2,0,0.0,-11
3,2,310,30,86,76,0,8.0,-3
3,2,210,30,82,72,-1,8.0,0
3,2,0,0,-14,-18,0,0.0,-8
3,2,50,20,-9,-21,0,0.0,8
3,2,70,20,38,6,0,0.0,-9
3,2,50,40,15,-19,0,0.0,-15
3,2,50,40,44,23,0,8.0,-2
3,2,60,30,38,22,0,1.0,-21
3,2,0,0,-2,-4,0,0.0,-11
3,2,0,0,23,17,0,0.0,-12
3,2,320,40,57,45,0,8.0,-2
3,2,170,10,-1,-2,0,9.0,8
3,2,250,30,35,20,-1,8.0,-1
3,2,40,60,56,22,0,8.0,-2
3,2,160,10,-32,-36,0,0.0,5
3,2,220,10,-20,-22,0,0.0,-1
3,2,10,40,51,44,55,8.0,-2
3,2,270,30,42,31,0,8.0,-24
3,2,250,50,52,23,0,5.0,1
3,2,150,20,-9,-14,0,0.0,4
3,2,240,80,106,78,0,7.0,-1
3,2,270,70,72,36,0,5.0,-5
3,2,230,120,108,96,8,8.0,-1
3,2,240,10,-52,-58,0,1.0,-2
3,2,220,80,84,69,-1,8.0,-5
3,2,200,50,23,12,0,1.0,5
3,2,150,40,16,1,0,8.0,2
3,2,0,0,-35,-36,0,9.0,-8
3,2,170,20,10,1,0,8.0,-8
3,2,300,10,15,11,-1,8.0,2
3,2,210,10,-25,-27,0,7.0,14
3,2,160,50,25,-1,0,8.0,-2
3,2,100,20,25,-21,0,7.0,-3
3,2,40,30,5,-9,0,3.0,10
3,2,20,20,-9,-14,0,0.0,-10
3,2,40,30,-18,-37,0,0.0,20
3,2,50,50,3,-19,0,0.0,-2
3,2,20,20,-4,-16,0,7.0,-9
3,2,50,40,28,17,0,0.0,-3
3,2,70,40,30,-19,0,0.0,-18
3,2,350,30,21,19,0,8.0,1
3,2,320,20,53,26,0,8.0,0
3,2,350,30,56,22,0,8.0,-1
3,2,290,20,51,46,-1,6.0,9
3,2,250,20,43,39,0,8.0,-12
3,2,320,20,52,42,0,6.0,3
3,2,240,20,61,56,-1,8.0,1
3,2,210,60,67,55,2,8.0,0
3,2,140,20,8,8,0,9.0,10
3,2,280,50,112,69,0,8.0,-31
3,2,170,60,88,42,0,5.0,2
3,2,230,80,60,39,1,8.0,-3
3,2,240,50,92,62,4,7.0,-12
3,2,230,10,61,55,-1,8.0,-3
3,2,190,30,40,37,12,8.0,11
3,2,230,80,71,59,4,8.0,-3
3,2,160,40,22,0,0,5.0,-1
3,2,140,30,95,56,0,8.0,-9
3,2,210,60,68,56,0,8.0,-1
3,2,160,20,47,41,17,8.0,3
3,2,260,30,44,37,0,8.0,1
3,2,170,30,26,17,0,8.0,3
3,2,200,10,61,61,0,8.0,-3
3,2,230,20,23,13,0,0.0,-10
3,2,130,20,43,6,0,8.0,-16
3,2,120,20,64,9,0,8.0,-6
3,2,10,10,5,-10,0,8.0,-9
3,2,210,20,31,27,0,8.0,3
3,2,230,30,85,76,0,8.0,5
3,2,210,10,9,4,0,3.0,4
3,2,240,20,82,66,0,8.0,3
3,2,230,80,74,67,15,8.0,7
3,2,240,50,107,102,3,8.0,3
3,2,220,70,103,82,0,8.0,-7
3,2,250,50,98,82,1,8.0,-6
3,2,990,10,6,-17,0,0.0,-21
3,2,120,10,51,23,0,8.0,-32
3,2,50,40,54,37,0,8.0,2
3,2,40,50,50,7,0,8.0,-8
3,2,60,40,60,27,0,8.0,-4
3,2,30,20,26,11,0,8.0,-8
3,2,160,10,40,2,0,7.0,-10
3,2,220,40,78,64,0,2.0,17
3,2,180,30,103,73,0,8.0,2
3,2,130,30,131,74,0,8.0,-3
3,2,70,90,-71,-147,0,8.0,0
3,2,70,80,-47,-137,0,8.0,-6
3,2,90,30,-24,-39,4,8.0,-1
3,2,130,30,9,-12,0,8.0,-3
3,2,190,40,53,39,0,2.0,-6
3,2,130,20,49,14,0,8.0,-10
3,2,140,20,29,23,0,8.0,-5
3,2,210,50,26,18,0,0.0,0
3,2,200,40,28,12,0,7.0,-5
3,2,150,30,90,87,2,8.0,1
3,2,120,20,91,88,0,8.0,-2
3,2,150,30,90,77,0,8.0,-3
3,2,220,70,87,75,1,8.0,-3
3,2,250,10,22,19,0,1.0,-16
3,2,110,50,59,14,0,8.0,-4
3,2,120,20,64,56,0,8.0,-3
3,2,50,70,-1,-36,0,8.0,-4
3,2,70,80,-20,-85,0,8.0,0
3,2,60,50,-22,-115,0,8.0,-5
3,2,310,20,-27,-76,0,8.0,8
3,2,360,40,11,-4,0,8.0,-6
3,2,220,40,34,14,-1,8.0,4
3,2,220,30,54,42,0,8.0,-1
3,2,160,30,54,28,0,8.0,-2
3,2,360,10,-9,-19,0,1.0,1
3,2,330,10,12,7,0,0.0,5
3,2,140,10,10,6,0,7.0,3
3,2,280,20,71,66,2,8.0,0
3,2,210,30,40,26,-1,8.0,-3
3,2,150,20,58,35,10,8.0,-5
3,2,160,30,39,33,0,8.0,3
3,2,230,40,86,82,23,8.0,1
3,2,180,20,55,45,0,8.0,1
3,2,200,60,97,63,-1,8.0,-6
3,2,200,100,128,72,0,8.0,-4
3,2,220,80,49,26,9,3.0,-1
3,2,170,40,81,66,-1,8.0,-1
3,2,170,50,111,87,-1,8.0,-2
3,2,250,60,65,48,8,8.0,-1
3,2,220,90,76,68,3,8.0,4
3,2,200,30,76,41,0,7.0,-8
3,2,240,40,30,12,1,7.0,5
3,2,190,30,31,-1,0,8.0,5
3,2,220,80,43,19,0,0.0,4
3,2,240,50,70,35,0,8.0,-3
3,2,210,40,58,34,0,8.0,8
3,2,240,50,87,73,3,8.0,-5
3,2,220,110,102,43,0,8.0,-7
3,2,240,60,34,15,0,8.0,4
3,2,180,10,-24,-37,0,6.0,6
3,2,180,10,49,27,0,8.0,6
3,2,0,0,49,47,0,8.0,-16
3,2,360,10,33,32,0,5.0,3
3,2,230,20,73,58,0,8.0,1
3,2,30,40,54,29,0,8.0,-5
3,2,250,40,51,20,0,7.0,7
3,2,330,30,67,21,0,8.0,-1
3,2,0,0,32,26,0,8.0,-1
3,2,350,10,76,48,0,8.0,1
3,2,150,10,22,17,0,0.0,-8
3,2,130,20,69,40,0,0.0,-12
3,2,20,20,87,60,0,7.0,-7
3,2,210,90,54,15,0,6.0,4
3,2,190,50,41,21,0,1.0,-1
3,2,220,30,22,15,0,7.0,-2
3,2,210,30,36,30,3,8.0,11
3,2,110,30,49,37,2,8.0,0
3,2,350,50,51,44,3,8.0,0
3,2,250,20,22,12,0,7.0,4
3,2,190,50,79,42,0,8.0,-3
3,2,220,40,67,51,0,7.0,1
3,2,190,100,65,50,25,8.0,1
3,2,250,50,114,109,12,8.0,-8
3,2,230,110,127,91,0,8.0,-19
3,2,230,80,59,26,0,8.0,0
3,2,100,10,13,11,0,5.0,6
3,2,180,40,76,53,0,8.0,-3
3,2,190,10,57,45,0,4.0,-9
3,2,210,10,44,32,0,2.0,-7
3,2,200,30,56,13,0,8.0,-2
3,2,200,10,51,32,0,8.0,20
3,2,30,40,79,59,0,8.0,0
3,2,40,60,39,23,0,1.0,-5
3,2,70,50,21,-41,0,0.0,-2
3,2,100,50,26,-73,0,0.0,-3
3,2,100,30,22,-86,0,8.0,-3
3,2,90,20,25,-98,0,0.0,-5
3,2,40,30,7,-69,0,1.0,-16
3,2,30,40,15,-32,0,0.0,0
3,2,20,40,52,12,0,0.0,2
3,2,320,30,29,-13,0,5.0,-7
3,2,10,30,-23,-63,0,0.0,-4
3,2,30,40,10,-1,0,0.0,-4
3,2,90,10,26,22,0,7.0,2
3,2,50,5,28,15,1,8.0,-2
3,2,210,21,48,39,0,7.0,-3
3,2,990,5,5,1,0,2.0,-7
3,2,140,26,67,50,1,8.0,-1
3,2,140,15,82,68,0,8.0,2
3,2,130,36,110,67,0,8.0,2
3,2,130,10,96,58,0,8.0,8
3,2,70,5,85,73,0,7.0,-10
3,2,190,10,71,59,0,6.0,2
3,2,210,26,96,87,0,6.0,-21
3,2,180,21,76,64,0,6.0,0
3,2,110,10,51,42,0,0.0,-5
3,2,0,0,35,26,0,0.0,2
3,2,240,15,95,86,0,7.0,3
3,2,170,15,82,76,0,8.0,3
3,2,170,21,119,70,0,5.0,-29
3,2,120,5,36,32,0,0.0,-4
3,2,200,62,94,54,-1,8.0,-8
3,2,250,46,108,84,0,7.0,0
3,2,220,62,132,109,0,8.0,-1
3,2,260,21,52,48,0,7.0,8
3,2,990,5,-8,-14,0,0.0,8
3,2,10,10,48,23,0,8.0,0
3,2,30,26,36,18,0,0.0,-1
3,2,80,72,54,13,0,8.0,-5
3,2,60,21,27,-15,0,0.0,-6
3,2,20,10,62,21,0,7.0,0
3,2,360,5,11,-15,0,1.0,-10
3,2,90,5,-17,-36,0,0.0,0
3,2,300,10,52,31,0,7.0,-1
3,2,190,36,67,24,0,0.0,-5
3,2,230,62,102,44,0,7.0,-8
3,2,250,57,45,30,0,7.0,-1
3,2,250,36,80,74,0,8.0,-1
3,2,80,26,59,53,0,0.0,-13
3,2,220,36,89,81,16,8.0,3
3,2,170,21,24,17,0,0.0,-6
3,2,190,10,41,28,0,8.0,18
3,2,350,15,70,64,0,8.0,-1
3,2,200,21,40,34,0,4.0,-2
3,2,270,51,41,10,0,2.0,1
3,2,220,72,59,37,-1,8.0,-1
3,2,260,72,79,62,7,8.0,2
3,2,310,46,15,-1,1,2.0,1
3,2,290,62,36,16,2,4.0,9
3,2,290,15,33,10,0,7.0,-7
3,2,210,26,67,42,0,8.0,-1
3,2,990,5,37,36,0,7.0,4
3,2,250,36,86,74,2,8.0,3
3,2,240,36,88,61,0,7.0,-1
3,2,250,51,105,91,0,8.0,-2
3,2,250,41,62,28,0,7.0,3
3,2,230,36,37,28,0,2.0,3
3,2,40,21,21,15,0,1.0,0
3,2,10,46,46,23,0,8.0,-4
3,2,200,77,37,24,3,8.0,-3
3,2,260,10,39,33,0,8.0,-4
3,2,310,26,13,-6,0,1.0,-5
3,2,280,21,20,2,0,6.0,-3
3,2,120,36,46,39,10,8.0,3
3,2,130,51,88,32,0,7.0,2
3,2,100,15,-37,-37,0,2.0,16
3,2,50,72,13,-18,0,7.0,-1
3,2,60,51,-15,-32,0,1.0,-3
3,2,30,31,-26,-48,0,0.0,0
3,2,190,15,-6,-17,0,7.0,-4
3,2,310,21,50,50,-1,8.0,0
3,2,330,26,49,49,-1,8.0,1
3,2,60,31,4,-3,0,3.0,-6
3,2,90,36,-8,-25,0,0.0,-4
3,2,160,10,5,-14,0,0.0,6
3,2,210,10,56,42,0,7.0,-7
3,2,210,5,28,25,0,0.0,-13
3,2,180,10,27,11,0,0.0,-13
3,2,200,10,51,16,0,0.0,-9
3,2,180,5,75,58,0,7.0,-11
3,2,210,31,50,33,0,0.0,-3
3,2,240,62,88,69,0,8.0,-1
3,2,240,62,94,72,0,8.0,2
3,2,270,21,42,17,0,0.0,-25
3,2,210,31,-11,-24,0,0.0,-1
3,2,190,5,15,-1,0,0.0,9
3,2,200,21,64,37,0,5.0,-10
3,2,270,46,71,53,0,7.0,-16
3,2,250,21,13,4,0,1.0,-7
3,2,280,21,17,11,0,4.0,-1
3,2,280,21,21,11,0,3.0,2
3,2,360,21,-12,-40,0,0.0,-18
3,2,90,15,-34,-49,0,0.0,-7
3,2,80,31,-33,-62,0,0.0,-3
3,2,100,15,-28,-64,0,0.0,-5
3,2,210,21,77,26,0,8.0,7
3,2,190,15,62,62,1,7.0,8
3,2,210,31,29,26,0,2.0,5
3,2,220,36,20,16,0,1.0,-4
3,2,280,31,44,19,0,1.0,-4
3,2,150,15,28,5,0,4.0,-1
3,2,240,31,43,22,0,3.0,9
3,2,220,77,71,54,0,8.0,3
3,2,230,57,99,91,0,8.0,-5
3,2,240,62,100,81,0,7.0,-4
3,2,250,31,86,75,0,8.0,-2
3,2,160,5,2,2,0,0.0,10
3,2,230,31,42,26,0,7.0,7
3,2,200,108,70,31,-1,8.0,-5
3,2,250,51,52,13,0,0.0,2
3,2,240,82,105,83,0,8.0,-1
3,2,240,46,38,22,0,1.0,-2
3,2,270,87,46,-8,0,5.0,0
3,2,220,51,29,8,0,7.0,1
3,2,230,108,85,79,6,8.0,3
3,2,230,41,15,8,0,3.0,7
3,2,220,21,11,-4,0,7.0,-1
3,2,990,5,-15,-22,0,0.0,-7
3,2,230,82,96,88,0,8.0,-1
3,2,260,123,121,110,4,8.0,-7
3,2,240,57,91,79,0,7.0,-3
3,2,280,41,51,38,0,1.0,-4
3,2,270,21,20,8,0,6.0,-16
3,2,140,36,47,-1,0,8.0,-3
3,2,240,62,118,95,-1,8.0,-6
3,2,210,26,93,92,0,6.0,6
3,2,200,87,168,90,0,6.0,-12
3,2,230,93,98,56,0,8.0,2
3,2,230,108,49,10,-1,6.0,-11
3,2,190,67,51,34,0,8.0,3
3,2,260,46,10,9,3,8.0,1
3,2,180,57,16,-11,0,8.0,5
3,2,230,67,35,25,0,5.0,-1
3,2,230,31,8,7,0,4.0,1
3,2,150,72,62,7,0,8.0,-1
3,2,210,46,36,23,-1,7.0,0
3,2,120,31,13,0,0,0.0,-10
3,2,110,41,44,-10,0,3.0,-1
3,2,180,10,42,22,0,0.0,-18
3,2,80,26,26,13,0,0.0,-4
3,2,50,21,5,-4,0,0.0,-7
3,2,160,31,38,34,15,8.0,7
3,2,240,46,17,14,0,6.0,-3
3,2,200,72,72,42,0,7.0,2
3,2,250,103,75,24,1,3.0,0
3,2,230,51,56,47,-1,7.0,3
3,2,250,41,16,9,0,3.0,-7
3,2,260,31,27,17,0,0.0,9
3,2,230,15,-12,-18,0,1.0,-6
3,2,210,26,1,-10,0,0.0,1
3,2,210,36,37,6,0,0.0,-8
3,2,240,67,76,56,0,2.0,-2
3,2,240,41,60,54,3,8.0,17
3,2,240,93,78,69,18,8.0,0
3,2,260,41,-5,-11,-1,1.0,-2
3,2,350,72,10,1,0,8.0,-11
3,2,290,21,7,-3,0,5.0,-3
3,2,200,41,49,9,0,8.0,-1
3,2,310,21,20,4,0,7.0,0
3,2,310,10,-28,-29,0,1.0,-4
3,2,230,10,0,0,0,8.0,1
3,2,250,10,-41,-42,0,0.0,-3
3,2,280,21,40,39,0,8.0,-1
3,2,270,10,20,20,-1,8.0,2
3,2,10,31,27,11,0,7.0,-1
3,2,70,62,6,-19,0,0.0,-7
3,2,80,46,0,-22,0,0.0,-3
3,2,70,41,-18,-34,0,0.0,2
3,2,60,51,-31,-60,0,0.0,2
3,2,80,41,-54,-78,0,0.0,0
3,2,70,41,-52,-75,0,0.0,2
3,2,80,51,-42,-63,0,0.0,0
3,2,80,57,3,-29,0,7.0,-1
3,2,60,36,-8,-16,0,0.0,-5
3,2,60,36,35,12,0,8.0,0
3,2,10,10,44,34,0,8.0,-1
3,2,30,15,39,26,0,8.0,0
3,2,350,10,-5,-6,0,2.0,9
3,2,210,21,53,36,0,8.0,12
3,2,230,21,65,64,-1,8.0,-3
3,2,90,10,61,61,0,8.0,1
3,2,300,31,78,75,0,8.0,-10
3,2,60,51,35,31,0,0.0,-4
3,2,30,21,52,32,0,7.0,-6
3,2,360,41,-18,-53,0,3.0,-3
3,2,260,5,-29,-59,0,6.0,-4
3,2,250,31,10,7,-1,7.0,0
3,2,280,26,-4,-5,0,0.0,-2
3,2,270,21,-20,-33,0,1.0,6
3,2,260,30,90,81,0,7.0,-6
3,2,200,60,111,83,0,7.0,-7
3,2,220,30,66,57,0,7.0,0
3,2,70,20,54,41,-1,8.0,5
3,2,150,10,65,62,0,2.0,-21
3,2,200,30,70,48,0,8.0,3
3,2,110,10,17,14,0,7.0,9
3,2,190,20,71,48,0,3.0,-8
3,2,30,20,57,51,0,0.0,-5
3,2,110,20,34,27,0,0.0,3
3,2,300,10,24,20,0,8.0,4
3,2,100,40,41,37,0,8.0,-3
3,2,240,30,53,46,0,0.0,22
3,2,230,50,79,50,0,8.0,-3
3,2,250,30,92,80,0,7.0,-7
3,2,260,30,99,94,0,8.0,-1
3,2,270,40,94,86,2,8.0,1
3,2,110,20,54,45,0,7.0,0
3,2,240,40,68,56,4,8.0,1
3,2,360,30,31,-20,0,8.0,-2
3,2,290,20,48,38,0,7.0,-10
3,2,250,10,-22,-23,0,0.0,-6
3,2,160,20,46,-6,0,8.0,-3
3,2,330,10,59,59,0,7.0,-2
3,2,200,10,59,59,3,8.0,1
3,2,200,20,32,32,0,7.0,6
3,2,280,50,105,100,-1,8.0,-2
3,2,290,100,83,59,13,8.0,-7
3,2,290,30,49,16,0,0.0,-2
3,2,280,30,65,53,0,8.0,-4
3,2,200,10,19,19,0,0.0,-5
3,2,240,40,10,5,0,,-7
3,2,220,60,54,49,0,,6
3,2,200,60,78,66,1,,6
3,2,210,110,133,69,0,,4
3,2,200,80,64,41,0,,3
3,2,270,50,50,45,33,,5
3,2,220,90,93,84,9,8.0,0
3,2,240,40,76,66,-1,7.0,4
3,2,310,20,-22,-36,0,0.0,-18
3,2,210,40,-16,-19,0,4.0,5
3,2,190,110,51,-29,0,8.0,-2
3,2,350,50,39,32,3,8.0,-4
3,2,230,20,-19,-19,0,1.0,-8
3,2,290,40,64,57,-1,,0
3,2,280,30,68,58,0,,0
3,2,240,30,78,78,0,,1
3,2,250,30,79,52,0,,-2
3,2,250,30,90,76,0,,-3
3,2,280,20,25,25,0,,1
3,2,250,30,21,13,0,,6
3,2,360,20,45,34,0,,-9
3,2,350,30,35,13,0,,0
3,2,300,20,52,48,0,,5
3,2,40,20,-17,-52,0,,-18
3,2,140,30,14,-31,0,,-6
3,2,170,20,23,-46,0,,-6
3,2,210,60,77,77,0,,3
3,2,180,30,106,102,0,,0
3,2,120,20,93,82,0,,-1
3,2,120,30,136,83,0,,-6
3,2,220,20,118,103,0,,-3
3,2,230,100,77,65,-1,,-1
3,2,270,20,90,90,3,,2
3,2,240,80,103,94,12,,-13
3,2,180,50,64,51,4,,-6
3,2,120,20,43,37,0,,4
3,2,230,50,42,39,0,8.0,0
3,2,210,50,23,12,0,5.0,-8
3,2,200,40,34,30,1,8.0,-2
3,2,100,40,40,36,2,8.0,1
3,2,230,20,1,1,0,5.0,4
3,2,0,0,-22,-22,0,0.0,-12
3,2,110,30,23,8,0,2.0,-5
3,2,120,10,62,56,0,3.0,-3
3,2,990,10,69,69,0,8.0,5
3,2,330,10,8,8,0,1.0,1
3,2,990,10,6,4,0,1.0,13
3,2,80,30,51,24,0,8.0,-5
3,2,990,10,30,26,0,5.0,9
3,2,300,30,38,35,0,0.0,0
3,2,290,30,37,19,0,7.0,-9
3,2,220,40,57,51,0,8.0,1
3,2,300,20,52,51,1,8.0,-4
3,2,220,80,43,27,2,8.0,-4
3,2,230,50,77,75,0,8.0,0
3,2,80,30,29,26,0,0.0,-9
3,2,190,30,106,93,-1,8.0,0
3,2,270,20,72,68,0,8.0,-9
3,2,340,20,33,31,0,6.0,7
3,2,200,20,16,5,0,0.0,-4
3,2,190,30,78,31,0,3.0,-5
3,2,160,10,116,99,0,8.0,-8
3,2,270,50,62,55,6,,-2
3,2,260,30,17,0,-1,,-3
3,2,220,120,76,68,4,,3
3,2,280,50,16,10,7,,-2
3,2,250,40,-8,-13,0,,6
3,2,230,50,36,21,0,,-13
3,2,230,80,74,45,0,,-1
3,2,240,60,97,93,2,,3
3,2,260,90,118,108,4,,3
3,2,350,30,64,38,0,,-5
3,2,240,60,87,79,-1,,-1
3,2,280,20,62,53,0,,-2
3,2,200,20,44,37,0,,-5
3,2,230,50,91,83,0,8.0,3
3,2,320,70,31,11,-1,5.0,-5
3,2,280,50,71,59,0,,2
3,2,270,40,53,50,0,,4
3,2,290,20,61,56,-1,,3
3,2,340,10,53,50,0,,3
3,2,340,20,15,13,0,,-8
3,2,0,0,31,29,0,,12
3,2,70,20,18,17,0,,-16
3,2,310,10,24,21,0,,-7
3,2,80,10,65,50,0,,9
3,2,200,30,87,79,0,,2
3,2,260,40,64,53,5,,-11
3,2,10,20,50,44,0,,2
3,2,350,20,12,4,0,,1
3,2,50,50,43,41,2,,1
3,2,30,50,65,51,0,,-1
3,2,250,10,57,53,0,,-4
3,2,20,20,25,17,-1,,-6
3,2,50,20,17,12,-1,,-2
3,2,30,50,-12,-33,0,,-4
3,2,50,50,-5,-17,0,,2
3,2,10,20,17,-15,0,,1
3,2,90,40,-14,-30,0,,-3
3,2,120,60,43,-1,0,,1
3,2,80,20,58,54,0,,6
3,2,180,40,71,59,0,,10
3,2,190,40,91,81,0,,-1
3,2,240,50,105,93,0,,-1
3,2,240,50,102,81,0,,-1
3,2,220,80,54,37,0,,-7
3,2,240,60,40,26,0,,3
3,2,0,0,24,21,0,,-7
3,2,250,10,75,67,0,,-4
3,2,60,60,51,18,0,,-2
3,2,50,30,35,33,-1,,-1
3,2,260,50,31,16,0,,-8
3,2,200,10,-35,-41,0,,-2
3,2,70,80,16,-30,0,,-2
3,2,110,10,43,39,0,,-1
3,2,120,30,52,44,0,,3
3,2,990,10,69,65,-1,,-3
3,2,40,60,29,22,3,,-3
3,2,40,30,22,-11,0,,-2
3,2,80,40,24,1,0,,-1
3,2,130,60,30,-9,0,,-2
3,2,120,40,58,41,2,,3
3,2,180,10,1,0,0,,12
3,2,180,30,28,25,0,,0
3,2,220,40,39,32,1,,4
3,2,360,20,-12,-21,0,,-11
3,2,240,20,-3,-8,0,,-5
3,2,230,40,48,32,0,,10
3,2,990,10,44,42,0,,8
3,2,220,40,38,27,0,,4
3,2,240,100,107,86,0,,2
3,2,240,30,9,1,0,,2
3,2,230,60,83,53,0,,3
3,2,250,50,46,6,0,,-26
3,2,200,40,53,10,0,,-2
3,2,150,10,48,17,0,,-3
3,2,30,20,80,79,1,,0
3,2,40,30,3,-4,0,,-9
3,2,80,90,26,15,0,,1
3,2,150,40,74,58,0,,-3
3,2,120,30,85,70,0,,4
3,2,170,20,83,76,0,,-2
3,2,250,110,94,57,0,,-2
3,2,190,20,81,75,11,,12
3,2,110,20,78,77,9,,3
3,2,260,30,72,62,-1,,0
3,2,310,20,22,10,0,,7
3,2,20,20,12,1,0,,-1
3,2,990,10,-18,-25,0,,-8
3,2,0,0,-7,-18,0,,3
3,2,10,20,12,-9,0,,-13
3,2,70,20,-8,-27,0,,-16
3,2,90,20,8,-28,0,,-5
3,2,990,10,12,-4,0,,2
3,2,200,20,61,29,0,,3
3,2,200,50,83,71,0,,-1
3,2,160,40,85,79,-1,,1
3,2,300,20,56,39,0,,-3
3,2,130,20,14,7,0,,4
3,2,190,40,80,74,0,,1
3,2,140,30,104,78,0,,-1
3,2,210,30,12,10,0,,-3
3,2,200,60,52,31,0,,9
3,2,240,80,87,58,0,,-2
3,2,220,50,80,45,0,,4
3,2,200,40,100,75,0,,10
3,2,260,60,80,61,0,,-2
3,2,360,30,31,17,0,,-11
3,2,80,40,13,-24,0,,-20
3,2,60,40,-7,-27,0,,6
3,2,80,30,-6,-13,0,,0
3,2,0,0,-12,-20,0,,-2
3,2,360,20,0,-2,0,,-5
3,2,10,20,-4,-21,0,,6
3,2,350,20,34,9,0,,-3
3,2,80,30,6,-9,0,,6
3,2,60,20,-1,-31,0,,-18
3,2,100,20,3,-58,0,,-1
3,2,110,10,3,-24,0,,-8
3,2,240,20,67,36,0,,-3
3,2,20,20,58,45,0,,-19
3,2,70,20,29,-1,0,,-10
3,2,990,10,21,18,0,,-4
3,2,990,10,90,46,0,,8
3,2,350,20,76,58,0,,-4
3,2,330,10,26,12,0,,-12
3,2,350,20,-39,-52,0,,0
3,2,290,30,22,3,0,,-1
3,2,220,30,-24,-32,0,,9
3,2,90,20,-20,-31,0,,6
3,2,100,30,37,-10,0,,-3
3,2,60,20,2,-3,8,,1
3,2,220,30,17,9,0,,-1
3,2,350,20,-18,-33,0,,-3
3,2,30,40,17,-26,0,,-16
3,2,40,40,4,-6,0,,-5
3,2,50,20,-5,-9,0,,-10
3,2,110,20,7,-4,0,,1
3,2,140,40,60,56,14,,9
3,2,190,30,46,28,0,,11
3,2,220,80,111,60,0,,-3
3,2,220,60,112,87,0,,0
3,2,210,10,78,66,0,,-6
3,2,0,0,47,47,0,,-5
3,2,240,50,92,70,0,,0
3,2,240,50,74,57,0,,6
3,2,260,100,93,37,0,,-5
3,2,230,80,59,40,0,,3
3,2,250,20,38,36,0,,-8
3,2,350,20,14,9,0,,-1
3,2,320,10,-26,-30,0,,-8
3,2,10,20,-2,-14,0,,-10
3,2,290,10,-30,-30,0,,-2
3,2,220,20,10,-14,0,,3
3,2,230,10,2,-2,0,,-2
3,2,40,30,43,11,0,,-1
3,2,80,40,45,15,0,,-2
3,2,210,60,-36,-95,0,,0
3,2,210,60,-15,-56,0,,3
3,2,50,20,-12,-13,-1,,-2
3,2,340,20,-83,-91,0,,-2
3,2,150,20,-20,-21,1,,-2
3,2,30,50,-53,-83,0,,-2
3,2,290,30,10,6,0,,4
3,2,290,40,39,32,1,,-1
3,2,310,40,46,36,1,,-2
3,2,330,20,-14,-15,0,,2
3,2,230,50,13,8,0,,2
3,2,260,50,14,1,0,,0
3,2,270,50,35,26,4,,-1
3,2,230,30,26,-5,0,,-3
3,2,200,20,6,-11,0,,0
3,2,220,70,118,66,0,,-2
3,2,240,80,135,109,0,,1
3,2,240,40,86,77,0,,3
3,2,280,30,104,81,0,,-4
3,2,70,40,63,58,0,,-2
3,2,80,30,31,8,0,,-11
3,2,110,40,89,4,0,,-2
3,2,210,30,100,96,0,,-8
3,2,90,30,65,52,0,,6
3,2,240,30,104,103,0,,1
3,2,90,20,78,77,0,,7
3,2,70,30,74,68,0,,6
3,2,130,10,99,98,0,,-3
3,2,250,10,86,78,0,,-1
3,2,80,40,88,86,0,,0
3,2,80,30,98,89,4,,-5
3,2,240,50,-4,-12,0,,-5
3,2,230,60,-16,-38,0,,-5
3,2,210,20,-18,-26,0,,3
3,2,230,20,-46,-48,0,,-12
3,2,220,40,-46,-54,0,,2
3,2,240,30,-2,-11,0,,10
3,2,280,30,-2,-13,0,,0
3,2,160,40,22,-9,0,,2
3,2,270,40,79,79,-1,,-2
3,2,230,70,64,46,-1,,-3
3,2,360,10,20,17,0,,-1
3,2,340,20,-54,-75,0,,-8
3,2,80,10,-58,-76,0,,-3
3,2,90,40,-33,-61,0,,-2
3,2,60,40,-23,-46,0,,-10
3,2,40,40,-4,-24,0,,8
3,2,50,40,-3,-20,0,,1
3,2,60,40,-17,-33,0,,-1
3,2,50,40,-13,-21,0,,-2
3,2,50,20,40,19,0,,0
3,2,40,20,-16,-42,0,,-4
3,2,360,10,-25,-41,0,,4
3,2,60,10,-35,-63,0,,-1
3,2,90,50,18,-51,0,,0
3,2,210,30,93,90,7,,1
3,2,220,80,128,122,10,,0
3,2,180,30,139,124,0,,-5
3,2,210,60,98,65,0,,2
3,2,220,80,78,39,0,,0
3,2,170,60,91,57,-1,,-4
3,2,240,70,119,93,0,,-3
3,2,230,80,84,76,4,,3
3,2,260,60,61,34,0,,2
3,2,110,40,45,36,17,,2
3,2,220,30,41,38,0,,-4
3,2,150,60,103,42,0,,2
3,2,190,70,92,47,0,,0
3,2,190,50,77,73,5,,0
3,2,250,30,69,62,0,,-5
3,2,200,40,53,39,0,,-3
3,2,240,30,14,10,0,,0
3,2,220,20,36,31,0,,1
3,2,130,10,46,30,0,,-11
3,2,350,30,67,30,0,,-33
3,2,230,10,8,2,0,,-9
3,2,120,10,8,7,0,,-2
3,2,220,30,23,15,0,,11
3,2,250,50,85,67,0,,0
3,2,230,100,89,60,0,,0
3,2,220,50,5,2,1,,-1
3,2,310,10,2,-4,0,,-27
3,2,320,20,20,12,0,,3
3,2,310,30,49,23,0,,0
3,2,350,60,55,26,0,,-3
3,2,20,50,60,24,0,,-4
3,2,50,50,90,44,0,,-9
3,2,60,50,63,32,0,,-3
3,2,80,30,50,18,0,,-18
3,2,90,30,58,19,0,,4
3,2,220,20,25,7,0,,-7
3,2,110,10,24,23,0,,-4
3,2,40,40,73,47,0,,-5
3,2,240,120,100,87,11,8.0,3
3,2,240,90,75,66,2,8.0,12
3,2,250,50,78,42,-1,8.0,-4
3,2,350,10,11,-8,0,8.0,-11
3,2,310,20,-12,-27,0,0.0,-3
3,2,220,60,35,-8,0,8.0,2
3,2,200,30,67,56,0,8.0,1
3,2,200,20,10,9,0,9.0,3
3,2,200,70,79,34,0,8.0,-3
3,2,200,60,43,25,0,0.0,-6
3,2,220,70,52,37,5,7.0,1
3,2,230,70,76,39,0,2.0,9
3,2,250,70,58,11,0,7.0,-3
3,2,160,30,58,50,3,8.0,1
3,2,170,20,0,-7,0,3.0,-3
3,2,100,30,85,65,-1,8.0,4
3,2,350,50,47,26,0,8.0,-1
3,2,280,30,8,-8,-1,8.0,-10
3,2,260,10,16,1,1,7.0,4
3,2,290,30,27,5,0,8.0,-5
3,2,250,50,40,29,0,6.0,11
3,2,210,20,20,12,2,8.0,-3
3,2,320,10,-23,-44,0,0.0,-3
3,2,230,20,-1,-10,-1,6.0,3
3,2,270,40,-6,-11,5,8.0,-9
3,2,240,30,-1,-8,4,8.0,0
3,2,80,30,28,20,0,8.0,1
3,2,130,20,50,45,0,8.0,0
3,2,240,100,71,35,-1,8.0,-3
3,2,150,50,76,22,0,7.0,-4
3,2,210,40,74,63,1,8.0,-1
3,2,50,20,1,-1,0,0.0,1
3,2,260,40,68,55,0,8.0,-4
3,2,190,30,12,2,0,3.0,3
3,2,140,60,44,-7,0,0.0,1
3,2,260,20,34,27,0,8.0,-8
3,2,320,50,45,29,5,8.0,-1
3,2,250,20,-13,-19,0,0.0,10
3,2,210,70,71,57,-1,8.0,1
3,2,270,30,33,14,-1,8.0,-7
3,2,220,50,44,26,-1,5.0,-4
3,2,280,30,40,31,-1,8.0,4
3,2,220,50,61,19,0,8.0,3
3,2,270,20,58,50,0,2.0,-8
3,2,180,30,77,46,0,8.0,-3
3,2,270,40,76,43,0,7.0,-2
3,2,320,10,69,51,0,8.0,-2
3,2,230,20,44,34,0,7.0,-7
3,2,10,10,-15,-22,0,0.0,-6
3,2,220,10,23,-9,0,8.0,2
3,2,40,20,0,-15,0,0.0,4
3,2,0,0,-27,-44,0,0.0,1
3,2,280,20,31,11,0,8.0,7
3,2,260,40,73,47,0,7.0,-3
3,2,280,40,26,15,10,7.0,1
3,2,190,40,36,17,0,7.0,2
3,2,250,30,55,33,0,8.0,-5
3,2,250,40,68,57,-1,8.0,-4
3,2,180,20,45,30,-1,8.0,5
3,2,250,20,50,42,-1,8.0,-1
3,2,200,10,-2,-9,0,0.0,-4
3,2,230,10,-4,-10,0,0.0,-9
3,2,260,80,36,22,1,8.0,-5
3,2,250,20,-15,-17,0,2.0,-4
3,2,270,10,-19,-22,0,0.0,-9
3,2,30,20,-9,-15,0,0.0,-2
3,2,320,10,-23,-32,0,0.0,-5
3,2,310,40,20,7,-1,7.0,-2
3,2,50,30,-43,-74,0,0.0,-1
3,2,360,10,-49,-88,0,7.0,19
3,2,50,40,-31,-53,0,0.0,-2
3,2,40,40,-15,-68,0,0.0,-2
3,2,30,40,-19,-34,0,4.0,0
3,2,280,20,25,16,-1,8.0,-1
3,2,290,30,32,20,0,8.0,-6
3,2,260,40,44,22,0,8.0,3
3,2,270,30,46,36,0,8.0,3
3,2,290,40,54,49,-1,8.0,0
3,2,200,30,30,17,0,2.0,-2
3,2,200,10,42,14,0,5.0,-18
3,2,210,40,114,7,0,8.0,4
3,2,190,60,118,104,12,8.0,1
3,2,230,40,115,110,21,8.0,-2
3,2,220,10,30,26,0,6.0,11
3,2,220,20,78,54,0,8.0,5
3,2,130,30,89,53,0,4.0,-24
3,2,130,30,104,57,0,5.0,-3
3,2,210,60,117,82,0,7.0,-3
3,2,200,40,76,47,0,8.0,1
3,2,260,50,82,62,2,8.0,-8
3,2,180,20,78,73,12,8.0,-3
3,2,140,20,103,89,5,8.0,2
3,2,190,60,52,19,0,0.0,-3
3,2,20,20,33,25,0,8.0,-5
3,2,50,50,2,-10,0,0.0,-5
3,2,20,20,-10,-31,0,0.0,-2
3,2,30,20,-13,-29,0,0.0,-2
3,2,10,50,-19,-19,0,9.0,1
3,2,340,20,-7,-19,0,1.0,-8
3,2,60,20,-21,-62,0,0.0,-2
3,2,110,20,-11,-91,0,0.0,-8
3,2,220,40,50,27,0,1.0,0
3,2,220,50,44,33,0,7.0,-1
3,2,250,50,87,56,0,8.0,-4
3,2,190,10,31,17,0,4.0,-6
3,2,170,30,92,61,0,8.0,2
3,2,170,20,95,94,1,8.0,-1
3,2,60,30,65,65,0,0.0,0
3,2,60,50,72,54,0,1.0,-3
3,2,30,40,43,34,0,8.0,1
3,2,300,40,44,37,-1,8.0,0
3,2,30,30,50,45,-1,8.0,0
3,2,0,0,-18,-22,0,0.0,-7
3,2,200,10,-15,-22,0,0.0,-4
3,2,0,0,0,-17,0,0.0,-1
3,2,350,20,32,28,0,1.0,8
3,2,10,10,26,20,0,0.0,-10
3,2,20,10,42,40,0,0.0,-4
3,2,330,10,25,8,0,4.0,1
3,2,60,30,28,13,0,8.0,-12
3,2,340,20,8,-9,0,0.0,-1
3,2,0,0,-10,-12,0,0.0,-5
3,2,0,0,15,9,0,0.0,-1
3,2,200,50,99,93,-1,8.0,2
3,2,350,10,75,70,0,8.0,-1
3,2,130,10,77,74,0,8.0,1
3,2,110,30,82,75,0,8.0,-3
3,2,230,30,51,43,0,0.0,-5
3,2,130,50,75,65,10,8.0,-2
3,2,110,30,50,12,0,8.0,1
3,2,210,10,9,3,0,0.0,3
3,2,290,40,42,25,0,0.0,-1
3,2,250,30,38,28,0,8.0,-6
3,2,230,40,76,56,0,8.0,1
3,2,310,20,82,76,0,8.0,-1
3,2,270,20,49,44,0,0.0,-2
3,2,20,10,73,64,0,8.0,0
3,2,350,10,64,36,0,8.0,-2
3,2,60,20,18,13,0,0.0,-8
3,2,240,10,29,26,0,0.0,-3
3,2,240,30,80,62,0,8.0,-1
3,2,170,30,89,69,0,7.0,6
3,2,310,10,30,16,0,6.0,6
3,2,210,20,6,-6,0,0.0,0
3,2,210,10,30,21,0,5.0,-8
3,2,70,30,60,46,0,0.0,4
3,2,60,20,75,61,0,0.0,1
3,2,20,20,70,55,0,0.0,-8
3,2,350,20,60,53,0,5.0,-8
3,2,20,20,65,18,0,0.0,-19
3,2,350,10,34,19,0,0.0,-9
3,2,330,20,37,34,0,0.0,2
3,2,290,20,50,41,0,0.0,-18
3,2,300,40,82,65,0,8.0,0
3,2,250,50,67,63,0,8.0,5
3,2,990,10,21,5,0,8.0,-5
3,2,360,10,21,-13,0,8.0,-6
3,2,270,10,20,-10,0,8.0,-2
3,2,80,30,-17,-30,0,0.0,10
3,2,120,20,27,-17,0,0.0,-2
3,2,90,10,30,11,0,8.0,13
3,2,60,30,75,25,0,7.0,-11
3,2,90,30,80,70,0,8.0,1
3,2,90,30,74,71,13,8.0,1
3,2,260,40,32,24,0,8.0,-6
3,2,50,60,-19,-57,0,8.0,-1
3,2,50,70,-32,-50,1,8.0,-2
3,2,0,0,-79,-92,0,0.0,-7
3,2,240,20,-32,-34,0,6.0,-3
3,2,230,10,-64,-68,0,0.0,2
3,2,170,40,26,-19,-1,8.0,4
3,2,130,50,46,-8,-1,8.0,0
3,2,190,60,43,27,0,7.0,2
3,2,80,10,4,-11,0,5.0,-10
3,2,80,50,3,-3,0,0.0,-4
3,2,310,10,0,-4,0,8.0,-3
3,2,60,40,-25,-28,0,0.0,1
3,2,90,90,-3,-57,0,7.0,0
3,2,70,100,-31,-118,0,7.0,-3
3,2,70,90,-18,-101,0,8.0,-3
3,2,70,60,-29,-88,0,0.0,-5
3,2,60,40,-40,-75,0,0.0,-3
3,2,60,40,-28,-74,0,0.0,-6
3,2,340,20,-18,-31,0,8.0,-12
3,2,360,20,-25,-39,0,2.0,-22
3,2,360,20,-24,-39,0,2.0,3
3,2,180,30,53,36,-1,8.0,-8
3,2,220,60,49,36,-1,8.0,-6
3,2,130,40,40,1,0,8.0,0
3,2,100,20,-5,-23,0,2.0,11
3,2,240,10,22,19,0,8.0,-12
3,2,170,10,14,11,0,0.0,-18
3,2,170,20,36,5,0,0.0,10
3,2,20,20,24,21,0,2.0,-1
3,2,120,30,72,24,0,0.0,-1
3,2,120,10,21,-12,0,0.0,23
3,2,40,30,72,62,0,8.0,-3
3,2,70,30,38,30,0,0.0,3
3,2,20,10,16,13,0,0.0,-7
3,2,340,10,14,5,0,0.0,14
3,2,270,40,82,63,0,7.0,6
3,2,270,50,104,66,0,8.0,-6
3,2,270,30,96,70,0,8.0,-1
3,2,220,30,56,35,0,5.0,9
3,2,270,60,97,67,0,8.0,-2
3,2,210,50,83,56,0,0.0,-11
3,2,250,50,117,69,0,8.0,-3
3,2,150,30,52,24,0,7.0,5
3,2,210,30,20,9,0,0.0,-12
3,2,240,20,35,29,4,8.0,-1
3,2,0,0,-13,-17,0,0.0,-2
3,2,350,20,9,-2,0,0.0,-7
3,2,40,30,27,4,0,7.0,9
3,2,60,30,64,23,0,7.0,-3
3,2,90,30,58,27,0,0.0,-8
3,2,70,20,61,30,0,0.0,5
3,2,40,20,96,53,0,8.0,-1
3,2,190,80,64,29,2,8.0,-11
3,2,260,60,53,18,0,2.0,-11
3,2,220,60,24,0,0,7.0,1
3,2,230,50,10,2,0,0.0,1
3,2,280,20,24,18,0,0.0,-9
3,2,230,30,41,17,0,8.0,-1
3,2,190,40,35,13,0,7.0,0
3,2,190,40,51,-4,0,0.0,1
3,2,290,30,84,81,-1,8.0,0
3,2,220,30,79,72,1,8.0,3
3,2,330,10,-12,-14,0,1.0,-3
3,2,50,20,-17,-20,0,0.0,5
3,2,80,30,-2,-14,0,0.0,-2
3,2,30,30,17,-16,0,0.0,-6
3,2,50,40,45,28,0,8.0,2
3,2,50,20,25,17,0,0.0,-8
3,2,50,10,4,1,0,1.0,-10
3,2,350,10,36,33,0,0.0,-7
3,2,300,20,56,45,0,8.0,-2
3,2,0,0,-19,-19,0,9.0,5
3,2,250,40,41,25,-1,7.0,-7
3,2,40,50,54,24,0,8.0,-7
3,2,0,0,-17,-19,0,0.0,3
3,2,300,10,-11,-12,0,1.0,-9
3,2,340,30,51,43,24,8.0,-3
3,2,280,20,49,25,0,8.0,-5
3,2,240,50,51,27,0,6.0,7
3,2,200,10,3,-1,0,0.0,7
3,2,240,70,105,81,-1,8.0,0
3,2,270,50,65,29,0,3.0,1
3,2,240,110,103,94,20,8.0,4
3,2,0,0,-53,-60,0,0.0,-1
3,2,210,70,83,70,2,8.0,-2
3,2,220,50,28,18,3,8.0,-5
3,2,150,40,11,-4,0,8.0,2
3,2,360,10,-35,-36,0,5.0,-4
3,2,170,10,-29,-31,0,7.0,11
3,2,240,20,11,7,-1,8.0,4
3,2,240,10,-9,-15,0,7.0,0
3,2,170,50,22,-2,0,8.0,-3
3,2,60,20,9,-29,0,7.0,-21
3,2,50,20,11,1,0,1.0,-5
3,2,30,20,-13,-24,0,0.0,-9
3,2,60,40,-15,-34,0,0.0,3
3,2,60,50,-5,-27,0,0.0,-1
3,2,360,20,3,-12,0,8.0,7
3,2,40,40,27,12,0,3.0,-9
3,2,60,30,2,-28,0,0.0,2
3,2,340,20,23,22,0,9.0,-3
3,2,340,20,56,24,0,8.0,-3
3,2,340,20,55,17,0,8.0,-1
3,2,280,20,54,47,1,6.0,1
3,2,280,20,45,38,0,7.0,-33
3,2,330,20,67,49,0,8.0,-2
3,2,270,10,65,59,-1,8.0,-6
3,2,220,70,72,48,0,8.0,-5
3,2,220,10,-10,-12,0,7.0,13
3,2,200,40,111,59,0,8.0,-23
3,2,160,50,80,42,0,8.0,6
3,2,220,80,65,41,0,8.0,-5
3,2,230,60,89,64,0,8.0,1
3,2,0,0,60,46,0,8.0,-6
3,2,190,40,32,25,-1,8.0,7
3,2,220,60,68,58,8,,8
3,2,200,20,21,-1,0,3.0,2
3,2,140,40,85,44,0,8.0,0
3,2,210,60,64,51,0,7.0,4
3,2,190,20,44,36,18,8.0,3
3,2,270,20,57,43,0,8.0,-4
3,2,170,20,22,17,0,8.0,8
3,2,210,20,34,33,0,9.0,9
3,2,260,20,43,27,0,5.0,-15
3,2,100,20,39,9,0,8.0,-10
3,2,80,20,36,0,0,8.0,9
3,2,50,20,38,-6,0,8.0,4
3,2,220,20,21,18,0,8.0,2
3,2,250,30,81,75,0,8.0,4
3,2,200,10,17,13,0,3.0,-11
3,2,250,20,83,65,0,8.0,3
3,2,240,90,73,66,17,8.0,9
3,2,240,50,101,97,1,8.0,4
3,2,220,80,100,86,1,8.0,-3
3,2,250,30,86,71,12,8.0,7
3,2,170,10,14,-20,0,0.0,-3
3,2,100,10,32,9,0,7.0,-18
3,2,60,40,47,33,0,4.0,1
3,2,40,30,50,12,0,8.0,-3
3,2,50,50,57,28,0,8.0,-2
3,2,80,30,30,16,0,8.0,5
3,2,80,10,27,10,0,5.0,-3
3,2,230,40,75,61,0,2.0,21
3,2,190,30,112,76,0,8.0,-3
3,2,130,20,128,74,0,8.0,-7
3,2,70,100,-76,-143,0,8.0,2
3,2,70,100,-58,-136,0,8.0,-3
3,2,80,50,-32,-43,1,8.0,-2
3,2,90,30,-4,-20,0,8.0,3
3,2,200,50,58,43,0,7.0,-7
3,2,100,20,21,0,0,8.0,11
3,2,0,0,-11,-12,0,9.0,5
3,2,220,50,28,20,0,0.0,-1
3,2,220,50,22,9,0,3.0,3
3,2,140,30,85,82,14,8.0,3
3,2,120,30,86,82,0,7.0,2
3,2,170,30,93,77,0,8.0,-4
3,2,210,60,86,77,2,8.0,1
3,2,240,20,44,37,0,8.0,-8
3,2,90,50,31,8,0,8.0,1
3,2,110,30,64,58,6,8.0,0
3,2,60,90,-7,-38,-1,8.0,-1
3,2,70,100,-21,-94,0,8.0,1
3,2,60,60,-28,-117,0,8.0,-5
3,2,310,20,-19,-70,0,8.0,4
3,2,320,20,12,5,0,8.0,-4
3,2,230,50,36,12,-1,8.0,1
3,2,240,40,59,54,-1,8.0,-5
3,2,160,20,50,25,0,8.0,0
3,2,30,10,-7,-12,0,0.0,-3
3,2,330,20,22,19,0,7.0,3
3,2,0,0,-4,-10,0,7.0,4
3,2,260,30,70,65,-1,8.0,-1
3,2,220,50,39,24,0,8.0,1
3,2,140,20,58,26,-1,8.0,-6
3,2,160,10,36,32,0,0.0,-5
3,2,240,40,88,85,4,8.0,-1
3,2,230,10,42,36,0,8.0,2
3,2,210,70,94,66,-1,8.0,-2
3,2,200,90,127,77,0,8.0,-5
3,2,220,80,48,26,4,3.0,-4
3,2,170,40,75,68,2,8.0,-1
3,2,160,30,106,84,-1,8.0,0
3,2,250,80,76,52,-1,8.0,-3
3,2,220,100,75,68,2,8.0,3
3,2,210,30,71,41,0,7.0,-4
3,2,240,60,33,10,1,1.0,0
3,2,200,40,25,3,0,8.0,2
3,2,220,100,42,21,0,3.0,5
3,2,250,50,71,35,0,8.0,-2
3,2,250,40,69,36,0,8.0,-4
3,2,240,50,86,72,0,8.0,-4
3,2,220,100,104,49,0,8.0,-6
3,2,250,50,39,26,7,8.0,1
3,2,230,10,-14,-18,0,2.0,-2
3,2,210,20,39,22,0,7.0,13
3,2,0,0,53,52,0,8.0,-12
3,2,40,20,54,54,0,4.0,10
3,2,260,10,77,67,0,7.0,1
3,2,10,30,49,28,0,8.0,-8
3,2,250,40,54,25,0,8.0,15
3,2,310,20,59,36,0,8.0,1
3,2,240,10,25,22,0,8.0,7
3,2,290,10,81,53,0,8.0,-2
3,2,70,10,13,10,0,0.0,1
3,2,90,10,48,45,0,0.0,-7
3,2,360,20,74,55,0,6.0,6
3,2,210,90,52,14,0,3.0,2
3,2,190,50,40,21,0,1.0,-1
3,2,230,40,10,5,0,7.0,5
3,2,210,30,25,21,0,6.0,9
3,2,100,30,46,38,4,8.0,0
3,2,10,40,48,38,4,8.0,0
3,2,260,20,40,20,0,7.0,-3
3,2,200,60,79,42,0,8.0,-3
3,2,220,50,67,55,0,8.0,3
3,2,200,90,63,49,21,8.0,1
3,2,280,40,101,93,22,8.0,-2
3,2,220,110,131,89,0,8.0,-23
3,2,240,80,65,24,0,7.0,-1
3,2,210,10,11,10,0,7.0,-7
3,2,190,50,75,50,0,8.0,-1
3,2,200,10,79,52,0,1.0,-7
3,2,230,20,39,28,0,1.0,-9
3,2,210,20,43,6,0,8.0,-1
3,2,0,0,63,55,0,8.0,9
3,2,20,30,78,54,0,8.0,-3
3,2,40,50,34,20,0,0.0,-1
3,2,70,50,5,-39,0,0.0,5
3,2,90,40,1,-64,0,0.0,-7
3,2,90,30,-17,-82,0,7.0,19
3,2,90,30,-4,-85,0,0.0,-7
3,2,50,30,14,-73,0,0.0,-23
3,2,30,20,34,-32,0,0.0,-11
3,2,20,30,62,14,0,0.0,-3
3,2,340,30,29,-9,0,1.0,-1
3,2,350,20,-20,-64,0,0.0,-13
3,2,40,40,21,9,0,0.0,-7
