MM,HH,DD,FF,T,TD,RH,N,TC
3,3,240,15,23,23,0,9.0,-5
3,3,180,15,32,32,4,8.0,4
3,3,230,57,58,46,0,7.0,-11
3,3,130,21,21,11,0,0.0,0
3,3,180,46,96,74,2,8.0,-7
3,3,150,41,101,77,-1,8.0,0
3,3,160,41,136,76,0,7.0,-12
3,3,50,21,100,67,-1,8.0,-4
3,3,100,21,96,85,-1,7.0,-8
3,3,200,36,83,64,0,7.0,0
3,3,210,31,92,91,0,7.0,-8
3,3,170,31,59,53,0,2.0,-3
3,3,110,21,69,46,0,0.0,-7
3,3,200,36,61,39,0,0.0,6
3,3,200,31,109,106,2,8.0,-2
3,3,170,31,83,69,0,5.0,4
3,3,210,26,93,57,0,3.0,5
3,3,190,26,78,63,0,4.0,3
3,3,210,87,89,60,-1,8.0,-1
3,3,240,72,106,92,0,7.0,-1
3,3,220,93,132,113,-1,8.0,-10
3,3,230,31,69,69,0,8.0,1
3,3,40,21,43,40,2,8.0,-2
3,3,30,57,50,29,0,8.0,-7
3,3,30,57,40,36,0,3.0,-2
3,3,50,62,50,17,0,8.0,-2
3,3,60,26,13,-2,0,1.0,-8
3,3,30,21,24,5,0,5.0,2
3,3,40,10,11,-15,0,1.0,-12
3,3,990,10,0,-35,0,0.0,-7
3,3,220,21,32,14,0,7.0,3
3,3,190,36,72,29,0,0.0,9
3,3,210,62,98,38,0,7.0,-14
3,3,230,93,50,24,0,7.0,0
3,3,230,41,78,72,0,8.0,-1
3,3,130,21,35,31,0,0.0,-11
3,3,210,72,93,81,0,8.0,-6
3,3,160,31,21,9,0,0.0,7
3,3,200,31,46,15,0,7.0,6
3,3,260,31,70,70,0,8.0,-2
3,3,220,26,37,37,0,5.0,-1
3,3,250,51,27,6,0,0.0,-3
3,3,210,103,54,37,-1,8.0,0
3,3,240,108,77,70,-1,8.0,-2
3,3,280,72,40,-8,0,4.0,-6
3,3,270,62,55,16,0,7.0,-6
3,3,270,31,14,4,0,7.0,-3
3,3,200,51,56,42,0,8.0,2
3,3,200,26,56,56,0,0.0,7
3,3,220,31,79,75,-1,8.0,-2
3,3,220,72,87,65,0,6.0,7
3,3,240,72,98,97,0,8.0,1
3,3,240,72,58,52,5,8.0,-2
3,3,210,46,41,37,1,8.0,-2
3,3,20,36,20,20,0,7.0,-3
3,3,360,72,41,26,-1,8.0,-4
3,3,200,77,35,25,1,8.0,-4
3,3,0,0,33,30,0,8.0,2
3,3,300,41,7,3,0,3.0,-3
3,3,270,26,21,12,0,7.0,-1
3,3,180,57,61,39,0,8.0,-2
3,3,150,67,100,26,0,8.0,1
3,3,50,21,-32,-32,0,1.0,1
3,3,60,67,11,-16,0,6.0,-1
3,3,60,51,-15,-31,0,0.0,-2
3,3,40,51,-42,-57,0,0.0,-5
3,3,210,26,-11,-14,0,7.0,-6
3,3,250,26,32,32,-1,9.0,5
3,3,340,36,45,45,1,8.0,-1
3,3,80,31,14,8,0,0.0,-9
3,3,70,36,-13,-30,0,0.0,-1
3,3,180,36,44,19,0,6.0,4
3,3,130,5,60,50,0,7.0,-2
3,3,170,26,40,24,0,1.0,-7
3,3,150,21,50,20,0,0.0,-13
3,3,170,31,45,10,0,0.0,-1
3,3,990,5,66,30,0,0.0,8
3,3,200,46,71,48,0,0.0,-2
3,3,240,87,85,71,0,8.0,0
3,3,230,82,92,70,0,8.0,2
3,3,290,15,55,33,0,6.0,-10
3,3,180,15,6,-33,0,0.0,-18
3,3,200,31,46,6,0,0.0,-2
3,3,210,31,76,52,0,5.0,-6
3,3,270,51,73,34,0,7.0,-7
3,3,230,31,28,4,0,1.0,3
3,3,290,26,10,-1,0,1.0,1
3,3,330,41,27,1,-1,6.0,-2
3,3,30,21,-16,-71,0,0.0,-12
3,3,90,41,-22,-50,0,0.0,-4
3,3,130,26,-35,-73,0,0.0,1
3,3,990,10,-9,-81,0,0.0,-4
3,3,200,41,77,43,0,7.0,8
3,3,200,31,71,69,0,7.0,2
3,3,220,62,41,16,0,6.0,-2
3,3,200,46,31,16,0,0.0,-3
3,3,250,46,37,9,0,0.0,-2
3,3,220,15,42,-1,0,5.0,-9
3,3,260,31,55,44,0,1.0,-7
3,3,230,98,68,41,0,8.0,1
3,3,220,72,93,92,1,8.0,0
3,3,240,67,97,85,0,2.0,-3
3,3,240,36,85,76,0,8.0,-2
3,3,990,15,8,-15,0,1.0,3
3,3,260,36,65,35,0,8.0,-5
3,3,210,113,65,27,-1,8.0,-5
3,3,240,57,48,5,0,0.0,4
3,3,240,98,90,85,-1,8.0,0
3,3,240,46,48,35,0,5.0,1
3,3,270,87,34,3,0,3.0,2
3,3,220,57,29,14,0,7.0,1
3,3,240,134,85,68,1,8.0,-2
3,3,230,36,25,1,0,5.0,-1
3,3,180,15,15,-9,0,7.0,0
3,3,220,21,1,-11,0,0.0,-14
3,3,220,87,93,81,-1,8.0,-1
3,3,240,123,124,112,2,8.0,-7
3,3,230,57,92,89,3,8.0,4
3,3,280,36,47,38,0,0.0,-5
3,3,200,15,-6,-9,0,0.0,-1
3,3,180,41,55,-4,0,7.0,-2
3,3,240,82,118,97,0,8.0,-3
3,3,180,21,98,92,0,7.0,1
3,3,220,113,155,78,-1,7.0,-26
3,3,220,93,96,58,0,8.0,-2
3,3,220,67,22,11,3,6.0,-2
3,3,190,77,55,30,0,8.0,1
3,3,230,36,-11,-19,0,1.0,-11
3,3,190,57,15,-13,0,6.0,4
3,3,230,98,32,18,-1,8.0,-6
3,3,220,57,10,4,0,2.0,-3
3,3,180,103,59,-8,0,8.0,-3
3,3,230,62,36,12,-1,7.0,-5
3,3,120,26,6,-12,0,3.0,-4
3,3,110,36,27,-17,0,3.0,11
3,3,210,26,46,14,0,2.0,0
3,3,70,21,44,28,0,1.0,-12
3,3,70,21,12,-5,0,0.0,-1
3,3,210,46,47,42,13,8.0,0
3,3,230,62,20,9,0,8.0,-4
3,3,210,87,69,42,0,8.0,1
3,3,240,108,63,25,0,4.0,0
3,3,230,57,59,54,-1,6.0,-1
3,3,260,41,14,9,0,4.0,-2
3,3,280,41,38,17,0,7.0,-1
3,3,100,5,1,-21,0,0.0,-11
3,3,180,15,13,-9,0,2.0,-8
3,3,200,62,54,-17,0,0.0,4
3,3,230,72,71,53,0,4.0,1
3,3,240,77,85,65,1,8.0,2
3,3,240,108,73,66,8,8.0,3
3,3,230,41,-5,-11,-1,7.0,1
3,3,310,72,9,9,-1,8.0,-5
3,3,330,26,1,-6,0,0.0,-5
3,3,200,51,34,-9,0,8.0,4
3,3,330,36,17,1,0,7.0,0
3,3,360,26,-22,-26,0,2.0,2
3,3,270,15,0,-1,-1,8.0,-1
3,3,210,15,-36,-39,0,0.0,3
3,3,250,26,34,34,0,8.0,0
3,3,260,21,10,9,-1,8.0,1
3,3,350,57,22,16,0,8.0,-2
3,3,90,72,10,-16,0,0.0,-2
3,3,80,41,4,-28,0,0.0,-1
3,3,90,67,2,-32,0,0.0,-3
3,3,50,26,-29,-55,0,0.0,-4
3,3,80,51,-47,-82,0,0.0,-7
3,3,60,31,-49,-80,0,0.0,-6
3,3,90,77,-32,-67,0,0.0,-1
3,3,80,41,6,-33,0,3.0,-5
3,3,100,51,6,-12,0,3.0,-2
3,3,160,15,39,15,0,7.0,-1
3,3,260,5,38,24,0,8.0,-2
3,3,220,21,38,35,0,7.0,-9
3,3,40,15,22,21,0,3.0,-5
3,3,200,26,50,39,0,3.0,-4
3,3,190,36,57,54,0,3.0,-12
3,3,120,26,69,67,-1,8.0,2
3,3,990,15,93,89,0,8.0,-1
3,3,90,51,42,32,0,3.0,-3
3,3,220,21,78,65,-1,8.0,-2
3,3,20,82,-15,-45,0,0.0,-5
3,3,990,5,-17,-67,0,3.0,-17
3,3,260,36,12,9,0,7.0,-2
3,3,310,31,7,5,-1,5.0,-8
3,3,260,31,-16,-27,0,5.0,1
3,3,220,40,83,72,2,8.0,2
3,3,210,60,98,82,0,2.0,-1
3,3,200,30,72,58,-1,8.0,6
3,3,70,30,65,61,2,8.0,1
3,3,210,50,109,87,0,7.0,-5
3,3,200,40,69,49,0,8.0,5
3,3,140,20,49,47,0,5.0,3
3,3,190,20,53,37,0,0.0,-2
3,3,70,30,62,58,0,0.0,-11
3,3,120,20,52,10,0,0.0,0
3,3,200,20,43,35,0,0.0,0
3,3,60,30,36,36,0,8.0,-1
3,3,240,40,80,73,0,0.0,0
3,3,250,50,76,44,0,8.0,-4
3,3,230,40,83,76,0,8.0,0
3,3,260,30,101,98,0,8.0,-2
3,3,260,50,88,81,-1,8.0,1
3,3,170,20,67,60,0,7.0,-3
3,3,230,70,68,50,0,6.0,-1
3,3,360,40,26,-5,0,7.0,-1
3,3,270,40,56,52,-1,8.0,-1
3,3,60,20,6,-10,0,1.0,-6
3,3,200,40,51,-4,0,8.0,-2
3,3,0,0,61,61,0,8.0,0
3,3,200,20,60,58,2,8.0,-1
3,3,200,30,37,37,0,7.0,4
3,3,260,50,110,101,0,8.0,-1
3,3,290,90,79,64,11,8.0,-1
3,3,250,30,31,13,0,0.0,-2
3,3,270,30,60,48,0,8.0,-1
3,3,0,0,36,27,0,0.0,-9
3,3,230,50,18,2,0,3.0,-3
3,3,230,80,62,46,0,7.0,1
3,3,210,80,88,52,0,8.0,-7
3,3,210,100,138,42,0,5.0,6
3,3,220,120,66,35,-1,8.0,-3
3,3,250,50,56,50,20,8.0,3
3,3,220,110,93,78,4,8.0,-6
3,3,240,60,65,57,26,8.0,1
3,3,10,10,-24,-42,0,0.0,-2
3,3,210,20,-17,-22,0,1.0,5
3,3,200,80,49,-60,-1,8.0,-5
3,3,350,80,33,27,5,8.0,0
3,3,210,20,-8,-11,0,2.0,-8
3,3,270,40,58,55,-1,8.0,-1
3,3,260,30,60,56,0,8.0,-1
3,3,260,30,74,74,-1,8.0,0
3,3,250,40,75,45,0,8.0,-1
3,3,240,30,84,74,0,8.0,0
3,3,280,20,32,32,0,1.0,-5
3,3,270,30,18,13,0,1.0,3
3,3,30,50,49,32,0,7.0,-14
3,3,340,20,21,10,0,7.0,0
3,3,340,30,48,44,0,8.0,0
3,3,50,30,-20,-45,0,0.0,4
3,3,180,30,2,-54,0,3.0,-7
3,3,190,40,26,-62,0,5.0,-1
3,3,210,60,64,64,6,8.0,3
3,3,160,40,96,84,0,8.0,-5
3,3,160,20,69,62,0,1.0,22
3,3,160,20,132,74,0,6.0,-7
3,3,230,10,125,123,0,8.0,-2
3,3,220,100,72,53,2,8.0,-5
3,3,240,60,98,96,0,8.0,-1
3,3,220,100,105,91,1,7.0,-10
3,3,200,50,60,42,0,7.0,-3
3,3,180,50,47,24,0,2.0,0
3,3,230,50,35,27,-1,8.0,0
3,3,200,60,16,4,0,3.0,-1
3,3,220,90,32,24,7,8.0,0
3,3,150,30,46,44,-1,8.0,8
3,3,200,30,16,8,0,3.0,-2
3,3,60,10,-19,-19,0,0.0,2
3,3,100,30,31,10,0,0.0,-3
3,3,170,30,94,51,0,5.0,2
3,3,290,20,80,74,0,8.0,-5
3,3,350,10,42,36,0,0.0,4
3,3,50,20,25,13,0,1.0,-5
3,3,60,20,49,28,0,7.0,0
3,3,190,20,36,4,0,1.0,-1
3,3,310,30,42,36,0,6.0,-8
3,3,300,30,39,21,0,6.0,-2
3,3,220,40,64,43,0,7.0,-2
3,3,10,20,39,34,44,8.0,4
3,3,220,90,42,24,1,8.0,-3
3,3,220,70,73,54,0,7.0,-2
3,3,130,20,44,36,0,0.0,-6
3,3,210,50,97,92,3,8.0,-1
3,3,270,30,61,48,0,7.0,-3
3,3,350,40,51,44,0,8.0,-1
3,3,190,30,23,3,0,0.0,-1
3,3,180,40,72,23,0,5.0,1
3,3,170,20,91,72,0,7.0,5
3,3,260,50,51,41,15,8.0,-2
3,3,270,40,12,-2,0,2.0,-2
3,3,220,120,71,60,-1,8.0,8
3,3,280,40,18,10,0,4.0,-3
3,3,210,40,-14,-16,3,5.0,8
3,3,230,50,34,1,0,2.0,-11
3,3,210,70,63,36,0,8.0,0
3,3,230,80,81,78,-1,8.0,1
3,3,240,90,104,100,2,8.0,-2
3,3,310,40,82,66,0,8.0,-15
3,3,230,80,83,73,0,8.0,1
3,3,990,10,60,47,0,8.0,0
3,3,210,30,49,33,0,5.0,1
3,3,220,60,91,84,0,8.0,1
3,3,290,30,24,2,0,6.0,-1
3,3,270,40,61,54,-1,8.0,4
3,3,280,30,56,51,0,6.0,-4
3,3,300,30,59,52,0,8.0,0
3,3,990,10,29,27,0,6.0,-11
3,3,990,10,9,8,0,3.0,-14
3,3,130,20,13,2,0,2.0,-3
3,3,160,10,33,24,0,0.0,0
3,3,210,20,50,27,0,4.0,-16
3,3,190,30,96,70,2,8.0,3
3,3,200,40,87,78,-1,8.0,-8
3,3,260,30,57,53,1,8.0,1
3,3,0,0,33,30,0,4.0,0
3,3,30,50,39,33,0,8.0,-3
3,3,50,40,35,34,0,8.0,5
3,3,20,60,64,61,-1,8.0,0
3,3,240,20,50,47,0,8.0,0
3,3,190,10,23,5,-1,8.0,-3
3,3,250,40,21,14,-1,8.0,-11
3,3,40,70,3,-10,0,8.0,-1
3,3,50,40,0,-14,-1,8.0,0
3,3,360,30,13,-2,0,8.0,-2
3,3,100,20,-12,-28,0,0.0,-4
3,3,110,40,41,4,0,8.0,4
3,3,110,20,93,85,0,8.0,-15
3,3,220,70,95,72,0,7.0,1
3,3,200,50,88,76,0,7.0,1
3,3,230,60,104,92,-1,8.0,-3
3,3,240,50,104,87,0,7.0,-7
3,3,210,70,52,30,0,7.0,-1
3,3,230,70,39,18,0,1.0,-1
3,3,150,20,50,45,3,8.0,0
3,3,240,50,91,85,0,8.0,-1
3,3,60,40,63,53,0,8.0,-4
3,3,170,30,77,75,18,8.0,1
3,3,250,90,33,16,-1,8.0,-6
3,3,80,20,-16,-41,0,0.0,-2
3,3,90,80,15,4,4,8.0,-5
3,3,200,30,82,79,3,8.0,-6
3,3,140,30,77,71,2,8.0,-4
3,3,220,30,89,80,0,7.0,4
3,3,40,60,42,40,5,8.0,-4
3,3,10,20,18,-1,0,8.0,-1
3,3,100,50,27,2,0,7.0,-2
3,3,170,40,54,32,2,8.0,1
3,3,100,40,64,59,24,8.0,4
3,3,250,40,54,49,6,8.0,0
3,3,190,40,43,31,0,0.0,-2
3,3,210,70,41,16,0,3.0,4
3,3,40,40,-13,-25,0,5.0,-6
3,3,210,20,1,-17,0,7.0,5
3,3,210,40,36,19,0,8.0,1
3,3,0,0,17,2,0,0.0,-8
3,3,220,40,51,18,0,7.0,-12
3,3,230,100,96,80,0,8.0,3
3,3,240,30,49,18,0,1.0,-11
3,3,220,60,81,41,0,8.0,3
3,3,230,60,39,7,0,3.0,-3
3,3,200,60,70,-5,0,6.0,-7
3,3,190,20,90,46,0,8.0,-7
3,3,10,20,85,81,1,8.0,-2
3,3,50,70,28,9,0,7.0,-2
3,3,90,70,28,13,0,7.0,3
3,3,160,40,83,59,0,4.0,-13
3,3,170,30,108,63,0,7.0,-6
3,3,180,40,101,65,0,4.0,5
3,3,240,110,89,47,0,7.0,-2
3,3,250,60,110,103,7,8.0,-2
3,3,250,80,119,106,-1,8.0,-2
3,3,220,50,83,72,0,7.0,1
3,3,330,20,20,5,0,2.0,2
3,3,40,20,14,2,0,1.0,1
3,3,90,20,5,-32,0,4.0,-6
3,3,190,20,6,-30,0,7.0,0
3,3,10,20,10,-28,0,7.0,1
3,3,60,20,2,-29,0,1.0,-10
3,3,70,40,36,-26,0,0.0,-4
3,3,160,20,44,-4,0,3.0,8
3,3,180,30,68,14,0,3.0,-9
3,3,200,50,79,67,0,8.0,-3
3,3,190,50,85,77,1,8.0,-1
3,3,280,30,48,42,1,8.0,-1
3,3,190,10,10,-7,0,0.0,-9
3,3,190,50,89,77,-1,8.0,1
3,3,170,30,104,73,0,8.0,2
3,3,190,30,24,18,0,0.0,1
3,3,210,90,62,33,0,7.0,3
3,3,230,80,88,53,0,8.0,-1
3,3,200,50,68,38,0,0.0,-2
3,3,210,40,112,83,1,7.0,-4
3,3,250,50,83,70,0,8.0,-3
3,3,20,50,35,21,0,0.0,-4
3,3,90,20,12,-20,0,0.0,-5
3,3,80,40,11,-25,0,0.0,-5
3,3,60,30,8,-18,0,0.0,-2
3,3,200,20,1,-23,0,0.0,14
3,3,40,20,9,-1,0,0.0,-3
3,3,70,10,20,6,0,0.0,-4
3,3,330,10,30,19,0,8.0,-1
3,3,50,10,14,2,0,8.0,-1
3,3,70,40,15,-20,0,0.0,-8
3,3,90,30,9,-67,0,0.0,12
3,3,190,30,43,-35,0,0.0,15
3,3,80,10,105,69,0,8.0,-1
3,3,70,20,68,49,0,1.0,2
3,3,230,20,78,58,0,4.0,-13
3,3,80,20,84,32,0,0.0,-3
3,3,120,20,120,79,0,8.0,-2
3,3,280,10,116,106,-1,4.0,-3
3,3,30,40,47,29,0,0.0,-8
3,3,30,30,-46,-58,0,0.0,7
3,3,270,30,11,-12,0,8.0,2
3,3,210,40,-21,-34,0,4.0,-5
3,3,170,30,22,-20,0,7.0,4
3,3,110,30,19,-20,0,8.0,-5
3,3,70,10,10,5,-1,8.0,-1
3,3,250,30,35,31,3,7.0,-3
3,3,360,40,3,-11,0,6.0,-11
3,3,20,60,19,4,-1,8.0,-3
3,3,30,30,-6,-11,1,8.0,0
3,3,50,20,-7,-10,-1,7.0,-4
3,3,150,30,-7,-28,0,8.0,1
3,3,190,50,79,64,1,6.0,2
3,3,200,60,61,36,0,7.0,2
3,3,220,90,105,48,0,8.0,-4
3,3,210,60,101,79,0,7.0,4
3,3,190,30,85,62,0,2.0,-11
3,3,110,20,81,61,0,3.0,8
3,3,240,70,106,74,-1,8.0,-12
3,3,230,70,85,68,0,8.0,-4
3,3,230,110,86,56,-1,8.0,-3
3,3,230,90,69,39,0,8.0,-5
3,3,250,10,47,37,-1,7.0,0
3,3,10,30,16,7,0,1.0,-5
3,3,40,40,2,-16,0,3.0,-5
3,3,20,40,0,-18,0,2.0,-9
3,3,0,0,-13,-21,0,0.0,-4
3,3,170,10,-9,-41,0,0.0,-11
3,3,220,30,10,-23,0,1.0,-9
3,3,50,30,28,-2,0,0.0,9
3,3,90,40,58,-3,0,1.0,-6
3,3,190,50,-73,-119,0,4.0,3
3,3,200,80,-22,-85,0,8.0,0
3,3,50,20,-22,-30,1,8.0,0
3,3,350,40,-43,-62,0,4.0,-8
3,3,200,30,-22,-28,-1,8.0,1
3,3,30,40,-32,-57,0,7.0,-6
3,3,290,30,4,1,-1,8.0,0
3,3,280,40,31,24,-1,8.0,-1
3,3,300,40,37,29,1,8.0,-3
3,3,10,20,4,-2,0,8.0,-4
3,3,230,60,25,-3,0,7.0,-1
3,3,230,40,4,-3,0,8.0,2
3,3,250,70,28,-2,-1,8.0,-6
3,3,220,40,28,-12,0,8.0,4
3,3,190,30,20,-12,0,1.0,3
3,3,210,60,103,58,0,1.0,-6
3,3,240,70,129,95,0,8.0,-2
3,3,230,60,80,66,0,3.0,-1
3,3,240,30,101,81,0,8.0,-4
3,3,50,30,84,74,0,8.0,-4
3,3,90,30,54,22,0,1.0,-4
3,3,80,40,79,6,0,7.0,4
3,3,200,30,94,81,0,5.0,-9
3,3,80,30,84,60,0,0.0,0
3,3,230,40,101,94,0,8.0,-9
3,3,130,10,74,67,0,8.0,5
3,3,110,30,95,77,0,8.0,2
3,3,190,20,109,90,0,8.0,-10
3,3,90,20,87,80,0,8.0,2
3,3,70,20,98,82,0,8.0,-6
3,3,330,10,100,96,0,8.0,1
3,3,230,50,-14,-17,1,8.0,1
3,3,210,50,-27,-48,0,5.0,0
3,3,180,30,-12,-39,0,8.0,0
3,3,220,20,-16,-21,0,8.0,-1
3,3,230,30,-23,-37,0,0.0,1
3,3,210,40,-13,-31,0,8.0,6
3,3,270,20,-4,-13,0,3.0,2
3,3,160,60,22,-8,0,8.0,4
3,3,250,40,89,85,2,8.0,-1
3,3,230,70,53,21,0,7.0,-5
3,3,260,20,37,32,2,8.0,1
3,3,360,30,-47,-71,0,8.0,-4
3,3,90,30,-47,-82,0,0.0,-4
3,3,100,30,-39,-67,0,0.0,-2
3,3,100,30,-11,-43,0,8.0,-6
3,3,50,40,-12,-28,0,8.0,9
3,3,50,30,-12,-27,0,8.0,7
3,3,50,40,-1,-33,0,1.0,-10
3,3,40,40,-28,-34,0,0.0,7
3,3,50,30,12,3,0,8.0,-1
3,3,40,60,6,-23,0,8.0,-3
3,3,30,40,-16,-42,0,8.0,-16
3,3,60,40,-17,-49,0,0.0,-5
3,3,80,40,24,-21,0,8.0,1
3,3,240,50,100,93,1,8.0,-3
3,3,220,90,125,112,7,8.0,-3
3,3,200,60,147,107,0,5.0,2
3,3,220,90,98,47,0,1.0,-5
3,3,220,90,65,37,0,8.0,0
3,3,190,80,97,70,8,8.0,-2
3,3,240,70,107,84,-1,7.0,-4
3,3,210,110,86,72,11,8.0,-1
3,3,270,30,55,38,12,8.0,-2
3,3,210,40,73,67,9,8.0,18
3,3,210,30,53,41,0,8.0,0
3,3,200,80,118,43,-1,8.0,-12
3,3,190,80,85,38,0,8.0,5
3,3,200,60,80,59,0,8.0,0
3,3,230,30,57,41,0,8.0,-1
3,3,200,50,55,30,0,5.0,0
3,3,260,20,37,25,0,0.0,-1
3,3,190,30,45,24,0,0.0,-3
3,3,220,40,44,17,0,0.0,0
3,3,210,50,56,28,0,0.0,-11
3,3,20,20,33,13,0,0.0,1
3,3,140,10,24,4,0,0.0,1
3,3,190,30,29,12,0,0.0,1
3,3,240,60,76,54,0,8.0,-1
3,3,230,110,90,47,-1,8.0,-6
3,3,250,20,10,6,2,8.0,12
3,3,260,10,4,-3,0,8.0,-2
3,3,310,30,17,3,0,8.0,2
3,3,300,40,34,17,1,8.0,2
3,3,320,50,32,17,2,8.0,1
3,3,360,40,41,22,-1,8.0,0
3,3,70,60,68,30,0,2.0,3
3,3,50,50,61,25,0,0.0,-8
3,3,80,60,65,31,0,0.0,-2
3,3,90,40,74,0,0,0.0,-7
3,3,230,40,98,57,0,8.0,-4
3,3,160,20,52,39,0,8.0,7
3,3,30,40,71,54,0,8.0,-3
3,3,240,110,101,94,11,8.0,3
3,3,240,90,91,74,1,8.0,-2
3,3,240,40,73,52,1,8.0,-10
3,3,140,50,10,7,2,8.0,3
3,3,310,20,-12,-19,0,0.0,-1
3,3,200,70,18,-14,0,8.0,1
3,3,200,50,60,45,0,8.0,2
3,3,220,40,20,18,0,6.0,14
3,3,190,90,75,34,0,8.0,0
3,3,190,50,54,39,0,6.0,0
3,3,220,100,59,37,0,7.0,-5
3,3,230,100,95,60,1,5.0,1
3,3,240,80,55,26,0,6.0,-3
3,3,220,70,81,80,19,8.0,8
3,3,160,30,65,43,0,8.0,6
3,3,210,90,99,86,21,8.0,-10
3,3,360,50,48,22,0,8.0,0
3,3,290,20,5,-3,0,0.0,-4
3,3,240,20,16,12,1,8.0,0
3,3,290,40,25,13,-1,8.0,-11
3,3,260,30,69,59,0,8.0,-5
3,3,240,40,23,20,1,8.0,-1
3,3,340,40,-19,-39,0,8.0,-2
3,3,170,30,-7,-7,4,8.0,1
3,3,270,30,-5,-9,-1,8.0,-2
3,3,220,50,5,3,3,8.0,0
3,3,70,10,38,38,-1,8.0,-4
3,3,220,60,50,49,0,8.0,-4
3,3,230,80,71,33,0,8.0,-4
3,3,190,60,95,0,0,5.0,-3
3,3,200,50,83,68,0,8.0,0
3,3,80,30,41,36,0,8.0,-2
3,3,270,30,75,71,-1,8.0,-2
3,3,190,40,18,7,0,0.0,-4
3,3,160,70,58,-12,0,8.0,4
3,3,250,10,36,26,0,8.0,-5
3,3,330,70,39,27,5,8.0,0
3,3,220,30,-14,-20,0,0.0,3
3,3,210,90,70,51,-1,8.0,5
3,3,240,40,8,3,2,6.0,8
3,3,230,70,52,29,0,8.0,-5
3,3,270,30,41,26,-1,8.0,-1
3,3,210,60,51,9,0,8.0,6
3,3,270,20,72,70,0,8.0,-5
3,3,170,40,77,45,0,8.0,-2
3,3,270,30,71,40,0,7.0,-2
3,3,310,20,69,48,0,8.0,-2
3,3,200,30,24,18,0,1.0,6
3,3,60,20,5,-14,0,0.0,-10
3,3,180,10,29,-19,0,8.0,-4
3,3,70,30,9,-22,0,0.0,-17
3,3,210,10,-9,-41,0,0.0,-3
3,3,230,30,7,-22,0,4.0,16
3,3,240,40,69,41,0,8.0,-4
3,3,280,30,23,12,0,7.0,-1
3,3,210,70,40,20,1,8.0,-6
3,3,220,40,38,21,0,8.0,-1
3,3,250,40,68,49,1,8.0,-5
3,3,190,70,61,34,0,8.0,1
3,3,270,30,48,39,6,8.0,1
3,3,210,20,0,-17,0,7.0,2
3,3,110,20,16,-14,0,0.0,4
3,3,240,70,30,8,0,7.0,4
3,3,200,30,-10,-20,0,1.0,1
3,3,140,20,-22,-30,0,0.0,1
3,3,50,50,-5,-24,0,0.0,2
3,3,340,20,-22,-39,0,0.0,-6
3,3,310,50,9,-5,11,8.0,0
3,3,50,40,-40,-66,0,0.0,-2
3,3,50,30,-50,-95,0,0.0,-11
3,3,40,40,-45,-60,0,0.0,2
3,3,40,40,-41,-87,0,0.0,8
3,3,30,50,-26,-42,0,8.0,-2
3,3,210,40,-8,-20,-1,8.0,2
3,3,260,20,27,5,0,8.0,1
3,3,250,30,38,5,0,8.0,-1
3,3,270,20,43,34,-1,8.0,0
3,3,260,30,48,35,11,8.0,-1
3,3,200,50,31,8,0,1.0,0
3,3,200,40,65,0,0,0.0,-9
3,3,210,50,122,24,0,8.0,-1
3,3,210,80,123,107,-1,8.0,-2
3,3,210,70,127,109,2,8.0,-14
3,3,210,20,71,65,-1,8.0,1
3,3,220,20,72,50,0,8.0,-3
3,3,160,30,97,40,0,8.0,3
3,3,170,50,134,65,0,0.0,0
3,3,190,60,106,74,-1,7.0,-4
3,3,200,50,74,48,0,8.0,-4
3,3,250,40,82,63,-1,8.0,-3
3,3,230,90,107,95,6,8.0,-4
3,3,180,40,110,81,-1,2.0,-1
3,3,190,70,52,27,0,0.0,1
3,3,30,30,25,25,0,9.0,-1
3,3,40,60,3,-8,0,2.0,-6
3,3,40,40,-24,-38,0,0.0,2
3,3,50,30,-24,-46,0,0.0,-3
3,3,10,30,-17,-26,0,0.0,-2
3,3,30,40,-10,-26,0,1.0,12
3,3,80,30,-17,-46,0,0.0,-2
3,3,100,30,-18,-100,0,0.0,-1
3,3,210,60,72,19,0,1.0,-4
3,3,230,60,43,28,0,4.0,-3
3,3,240,70,82,51,0,8.0,-3
3,3,150,30,48,21,0,2.0,-1
3,3,200,80,94,49,0,8.0,-2
3,3,210,30,85,76,4,8.0,-1
3,3,90,30,59,52,0,0.0,2
3,3,50,60,69,51,0,0.0,-6
3,3,30,40,45,31,0,8.0,-2
3,3,270,30,43,36,-1,8.0,0
3,3,40,60,46,40,1,8.0,-2
3,3,180,10,-2,-20,0,0.0,-4
3,3,190,20,0,-40,0,0.0,-1
3,3,160,20,27,-16,0,0.0,-7
3,3,20,20,55,35,0,1.0,-14
3,3,40,30,35,18,0,0.0,-1
3,3,60,10,57,38,0,0.0,-2
3,3,30,40,65,32,0,6.0,-10
3,3,70,30,40,19,0,7.0,1
3,3,350,20,50,6,0,8.0,-16
3,3,130,20,14,-11,0,0.0,4
3,3,200,30,46,11,0,7.0,9
3,3,220,70,100,78,0,7.0,2
3,3,60,20,86,86,0,9.0,0
3,3,40,40,68,68,0,8.0,0
3,3,180,30,88,64,0,8.0,-3
3,3,240,30,86,71,0,8.0,-5
3,3,220,90,34,23,6,8.0,-1
3,3,170,20,38,10,-1,8.0,0
3,3,200,40,13,1,0,2.0,1
3,3,280,20,32,20,0,1.0,-4
3,3,200,40,21,6,0,8.0,3
3,3,230,40,71,48,0,8.0,0
3,3,330,30,85,82,0,8.0,-4
3,3,260,20,48,45,0,0.0,6
3,3,40,30,81,68,0,8.0,-4
3,3,80,20,69,32,0,8.0,-2
3,3,220,20,15,12,0,0.0,-8
3,3,200,50,87,19,0,0.0,2
3,3,230,20,75,66,0,8.0,-2
3,3,200,60,98,65,0,8.0,-2
3,3,360,20,42,32,0,7.0,2
3,3,200,30,18,-3,0,0.0,-3
3,3,160,20,30,16,0,0.0,-4
3,3,100,20,66,34,0,0.0,-25
3,3,60,10,58,41,0,0.0,-5
3,3,360,10,71,59,0,0.0,-10
3,3,30,40,78,55,0,0.0,-10
3,3,40,30,44,24,0,0.0,-7
3,3,340,20,62,47,0,0.0,-17
3,3,50,20,68,61,0,0.0,-7
3,3,210,40,37,23,0,0.0,-2
3,3,290,30,77,48,0,8.0,0
3,3,230,40,66,56,0,8.0,2
3,3,50,30,7,-18,0,8.0,0
3,3,40,20,11,-20,0,8.0,0
3,3,50,10,10,-25,0,8.0,-9
3,3,70,40,-9,-25,0,0.0,1
3,3,170,20,47,-34,0,0.0,-30
3,3,130,30,79,-8,0,8.0,-3
3,3,100,30,81,5,0,6.0,-10
3,3,110,20,94,85,0,8.0,0
3,3,220,70,93,70,0,8.0,-12
3,3,260,40,41,26,0,8.0,-6
3,3,30,60,-21,-46,0,8.0,-1
3,3,50,100,-42,-60,-1,8.0,0
3,3,340,20,-94,-103,0,0.0,-2
3,3,220,40,-26,-26,0,9.0,-7
3,3,210,40,-60,-70,0,0.0,0
3,3,190,70,29,-46,0,8.0,0
3,3,160,40,36,13,3,8.0,-3
3,3,200,70,31,-1,0,6.0,-5
3,3,200,20,20,0,0,8.0,0
3,3,140,10,30,14,-1,7.0,-1
3,3,320,30,-2,-20,-1,8.0,-1
3,3,80,50,-20,-35,0,0.0,0
3,3,80,70,-2,-53,0,8.0,0
3,3,80,80,-16,-91,-1,8.0,-15
3,3,50,60,-18,-91,0,8.0,-3
3,3,50,40,-26,-94,0,7.0,-6
3,3,80,50,-24,-86,0,0.0,-11
3,3,60,30,-24,-59,0,8.0,4
3,3,350,20,-14,-19,1,8.0,-2
3,3,80,20,-15,-25,0,8.0,-7
3,3,20,30,-11,-19,0,8.0,2
3,3,190,30,29,12,0,0.0,-1
3,3,210,30,41,29,0,8.0,-2
3,3,140,50,57,-3,0,8.0,3
3,3,180,20,30,1,0,0.0,-4
3,3,230,20,16,6,0,0.0,0
3,3,180,20,6,-12,0,0.0,-3
3,3,190,30,37,3,0,0.0,-5
3,3,50,20,76,59,0,8.0,-10
3,3,90,30,46,9,0,6.0,1
3,3,140,30,44,-23,0,0.0,11
3,3,30,60,54,50,0,5.0,3
3,3,60,40,33,29,0,0.0,2
3,3,210,30,40,14,0,0.0,-2
3,3,200,10,37,29,0,0.0,-5
3,3,260,30,73,46,0,7.0,-1
3,3,250,40,95,60,0,8.0,-4
3,3,230,30,73,61,0,8.0,4
3,3,220,50,84,69,0,8.0,1
3,3,260,40,96,59,-1,8.0,0
3,3,200,70,82,44,0,0.0,-12
3,3,230,70,130,62,0,7.0,-11
3,3,200,70,61,47,0,7.0,3
3,3,210,50,29,13,0,1.0,12
3,3,240,20,33,26,-1,8.0,2
3,3,140,10,0,-8,0,0.0,5
3,3,30,40,1,-18,0,0.0,1
3,3,60,30,11,-1,0,8.0,15
3,3,210,20,33,30,0,0.0,-9
3,3,110,20,65,22,0,0.0,-16
3,3,110,20,81,18,0,8.0,1
3,3,130,20,113,48,0,8.0,-10
3,3,190,90,52,30,4,8.0,8
3,3,270,60,59,9,0,7.0,-2
3,3,220,60,25,0,0,4.0,-1
3,3,220,60,19,2,0,0.0,-3
3,3,290,20,29,20,0,8.0,-5
3,3,190,40,12,-3,0,6.0,9
3,3,180,40,33,1,0,2.0,2
3,3,190,50,50,-28,0,0.0,-4
3,3,250,20,70,67,1,8.0,2
3,3,200,40,73,65,1,8.0,2
3,3,40,20,-7,-9,0,0.0,-1
3,3,990,10,-5,-16,0,0.0,-6
3,3,90,30,19,-18,0,0.0,-2
3,3,60,40,13,-27,0,1.0,-10
3,3,50,50,35,21,0,8.0,0
3,3,60,40,11,5,0,0.0,-4
3,3,190,10,26,9,0,8.0,-3
3,3,200,20,47,35,0,0.0,-5
3,3,330,30,51,47,0,8.0,0
3,3,70,20,50,29,0,8.0,-2
3,3,250,30,34,17,0,8.0,1
3,3,40,60,45,32,0,8.0,-1
3,3,190,20,-6,-17,0,0.0,8
3,3,190,20,43,26,0,8.0,-9
3,3,340,40,45,36,-1,8.0,0
3,3,250,20,35,29,0,8.0,-4
3,3,240,40,45,13,0,1.0,-6
3,3,190,20,33,6,0,8.0,7
3,3,240,90,105,66,0,8.0,-2
3,3,280,60,72,34,0,6.0,-7
3,3,240,130,112,87,7,8.0,-11
3,3,180,20,-37,-53,0,2.0,-7
3,3,230,100,79,46,-1,8.0,-12
3,3,210,60,25,1,0,8.0,-4
3,3,170,70,23,-3,0,8.0,6
3,3,50,10,0,0,0,7.0,8
3,3,190,30,9,0,-1,8.0,-4
3,3,260,20,16,8,0,8.0,-1
3,3,190,30,-12,-12,0,9.0,4
3,3,170,60,20,-10,0,8.0,0
3,3,80,30,-6,-28,0,7.0,2
3,3,70,30,-4,-20,0,1.0,-1
3,3,70,20,-5,-11,0,0.0,-12
3,3,50,40,-15,-30,0,0.0,5
3,3,50,50,-8,-24,0,0.0,-3
3,3,60,10,2,-27,0,7.0,-7
3,3,60,30,12,2,0,1.0,3
3,3,50,40,4,-23,0,0.0,-6
3,3,340,10,1,-9,0,0.0,-2
3,3,290,10,38,30,0,8.0,0
3,3,360,20,43,12,0,8.0,0
3,3,310,30,53,45,0,8.0,-3
3,3,240,20,39,28,0,8.0,-6
3,3,330,30,58,45,0,8.0,-2
3,3,310,20,61,52,0,8.0,-1
3,3,210,50,60,49,1,8.0,0
3,3,150,30,32,24,0,0.0,-2
3,3,250,40,105,68,2,8.0,-22
3,3,180,70,88,33,0,8.0,5
3,3,220,90,60,29,0,8.0,2
3,3,250,50,88,61,2,8.0,-8
3,3,20,10,60,53,1,8.0,-1
3,3,220,70,50,33,4,8.0,4
3,3,240,100,72,34,0,7.0,-5
3,3,150,20,42,-8,0,6.0,-7
3,3,180,50,112,43,0,8.0,-1
3,3,220,70,67,44,-1,8.0,2
3,3,220,60,52,40,1,8.0,-2
3,3,280,30,47,38,0,8.0,-1
3,3,190,50,37,23,0,8.0,5
3,3,210,10,88,87,-1,8.0,2
3,3,300,20,48,22,0,8.0,-7
3,3,170,20,43,1,0,8.0,-6
3,3,90,20,46,2,0,8.0,-10
3,3,170,10,46,-1,0,8.0,2
3,3,210,30,50,46,0,8.0,3
3,3,240,30,88,78,0,8.0,2
3,3,190,20,33,20,0,1.0,16
3,3,290,30,87,63,0,8.0,-1
3,3,230,80,63,56,6,8.0,3
3,3,240,50,103,99,1,8.0,-1
3,3,230,60,103,61,0,8.0,-3
3,3,230,50,94,77,-1,8.0,-1
3,3,170,30,15,-23,0,0.0,-13
3,3,70,30,29,16,0,8.0,5
3,3,70,50,56,46,0,3.0,-6
3,3,50,50,50,20,0,8.0,-10
3,3,50,60,54,21,0,8.0,-4
3,3,90,20,57,14,0,8.0,9
3,3,170,20,75,13,0,2.0,4
3,3,200,40,87,66,0,0.0,-6
3,3,190,40,123,74,0,8.0,-6
3,3,170,30,138,67,0,8.0,0
3,3,80,90,-67,-143,0,8.0,1
3,3,80,90,-31,-125,0,8.0,0
3,3,60,30,-27,-36,0,8.0,1
3,3,110,20,8,2,0,6.0,-3
3,3,200,40,48,31,0,1.0,-5
3,3,160,20,58,16,0,8.0,-4
3,3,160,30,26,6,0,2.0,2
3,3,190,30,22,6,0,0.0,-2
3,3,200,40,25,14,0,8.0,1
3,3,190,60,103,80,-1,8.0,3
3,3,130,30,106,89,0,8.0,-1
3,3,210,40,99,72,-1,8.0,0
3,3,220,70,79,65,5,8.0,-1
3,3,240,20,30,25,0,2.0,-9
3,3,110,60,55,9,0,8.0,0
3,3,190,20,50,41,0,8.0,-2
3,3,50,80,-3,-17,0,8.0,-4
3,3,60,70,-25,-68,0,8.0,-1
3,3,70,50,-21,-99,0,8.0,-3
3,3,350,30,-36,-83,0,4.0,8
3,3,10,20,-18,-20,0,0.0,-3
3,3,240,50,29,7,-1,8.0,2
3,3,220,40,46,36,0,8.0,-2
3,3,110,20,42,14,0,8.0,1
3,3,90,10,31,-4,0,8.0,5
3,3,350,20,33,23,0,1.0,-1
3,3,170,30,13,5,0,0.0,7
3,3,250,30,79,76,11,8.0,-2
3,3,210,40,39,21,0,8.0,-5
3,3,160,20,64,33,2,8.0,-3
3,3,190,40,45,28,0,1.0,-3
3,3,240,30,82,78,29,8.0,-1
3,3,190,20,54,52,-1,8.0,2
3,3,200,80,86,56,0,8.0,4
3,3,190,120,123,58,0,8.0,-2
3,3,250,50,44,30,10,8.0,6
3,3,170,50,87,57,0,8.0,0
3,3,170,40,114,78,0,8.0,6
3,3,230,80,67,47,-1,8.0,-3
3,3,230,80,76,65,3,8.0,3
3,3,220,40,70,50,6,8.0,-8
3,3,250,40,32,11,0,2.0,-16
3,3,200,40,26,5,0,8.0,6
3,3,220,80,48,16,0,1.0,5
3,3,230,60,63,25,0,8.0,-5
3,3,230,50,68,37,0,8.0,4
3,3,240,30,76,73,13,8.0,-1
3,3,210,90,96,52,0,8.0,-5
3,3,230,50,25,9,0,6.0,1
3,3,190,30,-6,-18,0,3.0,4
3,3,190,40,30,3,0,0.0,2
3,3,190,30,46,33,0,8.0,-9
3,3,0,0,40,39,0,9.0,-9
3,3,290,20,62,61,0,8.0,3
3,3,20,30,73,56,0,8.0,-7
3,3,250,40,48,10,0,3.0,-3
3,3,320,20,55,30,0,8.0,-1
3,3,990,10,35,22,0,8.0,0
3,3,360,10,78,40,0,8.0,-2
3,3,80,20,49,26,0,0.0,-11
3,3,160,20,87,37,0,0.0,-3
3,3,30,30,66,45,0,0.0,3
3,3,220,80,56,12,0,5.0,2
3,3,190,50,37,22,0,8.0,3
3,3,230,40,33,18,0,5.0,-8
3,3,220,40,45,37,0,8.0,3
3,3,140,30,50,34,4,8.0,-2
3,3,330,50,51,48,13,8.0,-6
3,3,270,20,38,36,0,8.0,-6
3,3,200,70,69,37,0,8.0,-1
3,3,230,50,62,46,0,8.0,-5
3,3,200,110,56,47,22,8.0,5
3,3,250,50,117,114,21,8.0,-2
3,3,220,110,120,81,0,8.0,-5
3,3,230,60,54,20,0,8.0,2
3,3,170,30,36,22,0,8.0,-5
3,3,190,30,78,45,0,8.0,-3
3,3,190,30,49,21,0,5.0,4
3,3,240,20,74,45,0,8.0,-9
3,3,190,40,64,40,0,7.0,-4
3,3,190,20,74,57,0,8.0,-8
3,3,30,50,83,74,0,8.0,-1
3,3,80,80,44,16,-1,8.0,-6
3,3,60,50,11,-45,0,0.0,-6
3,3,90,40,4,-67,0,0.0,-4
3,3,90,30,-4,-81,0,2.0,-1
3,3,70,10,-1,-93,0,0.0,-25
3,3,40,40,-13,-74,0,0.0,-11
3,3,30,40,6,-27,0,0.0,-6
3,3,40,40,43,5,0,0.0,-10
3,3,330,40,28,-17,0,8.0,-3
3,3,20,50,-22,-78,0,0.0,-8
3,3,50,50,27,17,0,8.0,-14
3,3,0,0,14,11,0,8.0,1
3,3,40,15,34,28,11,8.0,-2
3,3,210,26,49,39,0,2.0,-10
3,3,120,5,-3,-7,0,0.0,8
3,3,140,41,75,66,-1,8.0,3
3,3,130,36,94,73,0,8.0,0
3,3,130,36,110,62,0,7.0,21
3,3,110,46,107,55,0,7.0,3
3,3,0,0,100,83,0,8.0,-8
3,3,200,26,88,68,0,7.0,3
3,3,200,26,80,76,0,4.0,5
3,3,160,26,92,76,0,7.0,-15
3,3,80,5,39,36,0,0.0,-5
3,3,180,21,75,41,0,0.0,-5
3,3,280,36,95,81,0,7.0,-6
3,3,170,31,88,76,0,6.0,-4
3,3,280,36,112,67,0,5.0,-10
3,3,120,5,59,52,0,3.0,3
3,3,190,82,87,72,4,8.0,4
3,3,250,72,105,83,0,7.0,-4
3,3,250,62,123,99,2,8.0,-3
3,3,270,31,68,64,8,8.0,-2
3,3,0,0,-12,-15,0,1.0,-6
3,3,350,41,46,23,-1,7.0,-2
3,3,30,51,34,11,0,0.0,-5
3,3,70,82,53,-1,0,8.0,-3
3,3,60,31,18,-29,0,0.0,-6
3,3,10,36,58,21,0,7.0,-10
3,3,20,15,13,6,0,2.0,-2
3,3,60,10,-10,-37,0,0.0,-17
3,3,310,21,58,31,0,7.0,0
3,3,170,36,56,13,0,0.0,-4
3,3,210,67,89,74,13,8.0,-21
3,3,230,67,61,34,0,7.0,0
3,3,230,31,83,75,0,8.0,-1
3,3,110,26,42,38,0,0.0,10
3,3,210,57,89,80,3,8.0,1
3,3,160,15,32,17,0,1.0,-3
3,3,210,10,74,29,0,7.0,1
3,3,360,26,68,57,0,8.0,-1
3,3,180,36,38,32,0,7.0,4
3,3,250,46,38,-6,0,0.0,-6
3,3,210,87,64,46,1,8.0,2
3,3,250,82,82,60,6,8.0,0
3,3,290,87,36,-26,0,3.0,0
3,3,300,82,53,-7,-1,7.0,-10
3,3,250,26,13,-23,0,3.0,1
3,3,220,31,79,70,0,8.0,0
3,3,190,26,48,44,0,1.0,-1
3,3,290,67,84,69,0,8.0,-6
3,3,230,36,85,63,0,8.0,0
3,3,220,36,101,87,0,8.0,1
3,3,220,31,57,37,0,8.0,5
3,3,260,36,43,34,15,8.0,4
3,3,30,31,2,-2,0,2.0,15
3,3,10,57,42,12,0,7.0,-8
3,3,210,87,36,23,11,8.0,-5
3,3,320,26,49,43,-1,7.0,-4
3,3,300,41,19,-12,0,5.0,-2
3,3,250,26,26,10,0,7.0,-1
3,3,140,41,47,37,0,6.0,6
3,3,130,51,89,13,0,7.0,2
3,3,120,10,-35,-40,0,0.0,6
3,3,50,62,7,-22,0,6.0,3
3,3,50,41,-19,-39,0,1.0,-3
3,3,10,31,-35,-53,0,0.0,1
3,3,220,21,-11,-22,0,6.0,1
3,3,300,31,54,50,-1,8.0,0
3,3,330,36,52,45,-1,8.0,-2
3,3,70,26,11,2,0,1.0,-1
3,3,110,41,-2,-36,0,0.0,-5
3,3,180,26,17,-2,0,4.0,0
3,3,990,5,48,30,0,8.0,6
3,3,180,15,15,9,0,0.0,-5
3,3,170,15,49,23,0,0.0,-33
3,3,180,31,43,5,0,0.0,-8
3,3,170,10,54,42,0,1.0,-25
3,3,210,31,72,43,0,0.0,3
3,3,250,57,87,62,-1,8.0,-5
3,3,240,46,97,73,0,7.0,-2
3,3,240,26,29,10,0,0.0,-7
3,3,220,21,5,-25,0,0.0,1
3,3,180,26,28,4,0,0.0,2
3,3,200,31,62,45,0,5.0,1
3,3,270,26,51,30,0,1.0,-14
3,3,240,15,14,8,0,0.0,-5
3,3,310,21,14,5,0,1.0,16
3,3,340,46,35,-11,0,3.0,-4
3,3,20,5,-47,-67,0,0.0,-7
3,3,80,10,-21,-51,0,0.0,-3
3,3,110,26,-20,-60,0,0.0,-7
3,3,120,36,-3,-57,0,0.0,-6
3,3,250,10,95,64,0,8.0,-5
3,3,230,15,64,64,0,8.0,6
3,3,200,36,37,28,0,8.0,2
3,3,210,31,31,22,0,1.0,-3
3,3,260,31,36,18,0,4.0,-5
3,3,170,31,33,9,0,4.0,1
3,3,240,26,43,22,0,4.0,-5
3,3,240,57,82,57,0,7.0,0
3,3,230,41,94,93,6,8.0,0
3,3,240,46,97,81,0,8.0,-3
3,3,280,41,81,69,0,8.0,-5
3,3,180,15,-1,-7,0,1.0,4
3,3,240,31,53,30,0,8.0,2
3,3,220,103,66,48,8,8.0,-2
3,3,260,46,62,19,0,0.0,1
3,3,250,67,103,82,0,7.0,-1
3,3,240,31,46,25,0,4.0,-7
3,3,280,98,43,-11,0,4.0,-1
3,3,240,46,41,10,1,7.0,-8
3,3,240,93,91,85,28,8.0,-17
3,3,240,36,28,12,0,5.0,-4
3,3,180,10,9,-10,0,7.0,-7
3,3,220,5,-25,-26,0,3.0,0
3,3,240,62,99,88,-1,8.0,1
3,3,250,98,112,99,3,8.0,2
3,3,240,41,94,89,4,8.0,2
3,3,290,57,48,31,-1,6.0,-7
3,3,0,0,-25,-25,0,0.0,-1
3,3,150,31,47,7,0,7.0,1
3,3,240,67,113,104,-1,8.0,1
3,3,210,26,102,93,0,8.0,-2
3,3,210,87,145,85,-1,8.0,-19
3,3,220,77,104,50,0,7.0,-3
3,3,220,57,41,18,0,5.0,-5
3,3,210,87,60,30,0,2.0,-5
3,3,260,15,3,3,-1,5.0,-2
3,3,180,72,20,2,0,8.0,5
3,3,230,41,32,23,1,5.0,5
3,3,220,36,10,3,-1,2.0,-3
3,3,170,98,57,32,9,8.0,-2
3,3,230,31,30,21,1,3.0,-5
3,3,120,36,10,-1,0,1.0,-1
3,3,120,51,42,-6,0,2.0,-3
3,3,0,0,18,14,0,4.0,9
3,3,20,26,16,15,0,0.0,2
3,3,20,26,-1,-7,0,0.0,-8
3,3,210,46,56,55,11,8.0,-4
3,3,240,36,21,14,1,3.0,1
3,3,210,77,79,47,0,7.0,0
3,3,240,82,73,26,0,4.0,-1
3,3,240,46,66,51,0,6.0,2
3,3,240,31,14,8,0,1.0,-3
3,3,310,31,33,10,0,2.0,-3
3,3,200,10,-25,-32,0,3.0,0
3,3,200,21,15,-7,0,0.0,-2
3,3,210,26,52,2,0,1.0,-3
3,3,260,51,82,48,0,6.0,5
3,3,280,93,87,68,-1,3.0,-10
3,3,250,87,82,70,4,8.0,4
3,3,240,31,-4,-5,1,6.0,-1
3,3,340,62,-2,-2,4,5.0,7
3,3,320,21,-8,-24,0,1.0,-2
3,3,200,36,45,30,3,8.0,0
3,3,310,31,25,19,0,7.0,-2
3,3,320,15,-42,-43,0,1.0,26
3,3,140,15,2,2,-1,8.0,1
3,3,290,5,-35,-35,0,3.0,5
3,3,300,31,41,41,0,8.0,-2
3,3,310,21,24,20,-1,7.0,3
3,3,360,51,22,7,0,7.0,-4
3,3,80,57,5,-19,0,0.0,-5
3,3,110,51,12,-25,0,0.0,-6
3,3,90,46,-6,-33,0,0.0,-2
3,3,30,21,-50,-70,0,0.0,-4
3,3,90,57,-48,-77,0,0.0,-6
3,3,70,36,-48,-75,0,0.0,-7
3,3,90,57,-35,-68,0,0.0,-2
3,3,90,36,-5,-35,0,1.0,0
3,3,70,41,3,-10,0,2.0,2
3,3,40,15,32,13,0,8.0,0
3,3,280,10,32,25,0,8.0,2
3,3,10,21,38,25,0,8.0,-5
3,3,330,5,-19,-19,0,1.0,1
3,3,130,15,66,49,0,8.0,-27
3,3,200,31,70,67,0,8.0,-4
3,3,130,15,65,65,0,8.0,0
3,3,320,5,63,63,0,8.0,2
3,3,80,41,38,32,0,2.0,-2
3,3,10,36,46,31,0,5.0,-3
3,3,20,41,-26,-56,0,1.0,-4
3,3,280,10,-31,-48,0,8.0,1
3,3,230,21,5,5,-1,4.0,1
3,3,260,21,-4,-4,0,2.0,-2
3,3,270,21,-21,-29,0,3.0,5
3,3,270,30,79,60,0,6.0,-16
3,3,210,60,114,79,0,7.0,-8
3,3,240,10,62,52,0,8.0,-2
3,3,70,30,65,41,0,8.0,-3
3,3,210,20,91,75,0,1.0,17
3,3,200,30,77,53,-1,8.0,-3
3,3,150,10,55,54,0,7.0,2
3,3,990,10,59,41,0,7.0,-17
3,3,40,20,47,46,0,0.0,-6
3,3,140,10,31,25,0,0.0,6
3,3,0,0,34,34,0,9.0,3
3,3,120,30,37,36,0,8.0,1
3,3,250,30,65,65,0,0.0,-3
3,3,230,30,77,55,0,8.0,1
3,3,240,20,89,77,0,7.0,3
3,3,240,30,99,91,0,8.0,1
3,3,280,40,103,86,0,8.0,-1
3,3,140,30,63,59,0,7.0,4
3,3,260,50,72,65,13,8.0,-3
3,3,340,20,36,7,0,8.0,-1
3,3,300,30,43,33,0,4.0,-4
3,3,0,0,-30,-30,0,1.0,-5
3,3,180,40,52,15,0,8.0,2
3,3,0,0,49,49,-1,7.0,5
3,3,210,10,62,62,3,8.0,0
3,3,210,20,61,57,0,8.0,3
3,3,270,50,101,98,0,8.0,-6
3,3,300,110,78,44,0,7.0,-11
3,3,280,30,45,27,0,0.0,-9
3,3,260,20,46,45,0,3.0,2
3,3,200,10,2,2,0,1.0,-1
3,3,230,30,12,2,0,2.0,-2
3,3,240,60,72,58,-1,8.0,1
3,3,210,60,82,67,7,8.0,-4
3,3,220,80,144,50,0,8.0,5
3,3,230,80,63,36,-1,6.0,-17
3,3,270,50,63,54,11,8.0,-5
3,3,230,60,94,86,11,8.0,0
3,3,270,50,85,68,0,7.0,-1
3,3,280,20,-27,-35,0,0.0,-25
3,3,210,20,-2,-9,0,6.0,-1
3,3,170,80,24,11,3,8.0,-9
3,3,340,50,36,20,0,4.0,-1
3,3,220,20,0,-6,0,7.0,4
3,3,280,30,65,59,0,8.0,0
3,3,290,20,60,54,0,7.0,1
3,3,270,20,79,73,0,8.0,0
3,3,250,20,78,64,0,8.0,0
3,3,260,20,91,72,0,8.0,0
3,3,270,10,-3,-3,0,1.0,6
3,3,250,30,23,20,0,1.0,5
3,3,30,20,55,46,0,7.0,-14
3,3,10,20,42,22,0,7.0,-1
3,3,340,40,63,54,1,7.0,2
3,3,80,30,-21,-56,0,0.0,-13
3,3,180,30,15,-28,0,7.0,0
3,3,180,40,20,-52,0,5.0,8
3,3,230,40,84,84,-1,8.0,1
3,3,190,20,106,103,0,8.0,-1
3,3,130,20,105,93,0,7.0,-5
3,3,140,30,120,87,0,6.0,-1
3,3,220,10,119,100,0,8.0,-1
3,3,220,70,76,69,5,8.0,-1
3,3,250,30,93,93,-1,8.0,4
3,3,240,90,84,59,0,3.0,-6
3,3,180,60,55,41,0,4.0,6
3,3,990,10,49,46,-1,8.0,1
3,3,230,30,40,32,2,8.0,-1
3,3,210,30,22,3,0,5.0,-1
3,3,220,30,33,28,-1,8.0,0
3,3,70,40,40,32,-1,8.0,-1
3,3,220,20,10,10,0,3.0,-2
3,3,0,0,-42,-43,0,0.0,-1
3,3,120,30,32,7,0,1.0,-1
3,3,180,30,82,65,0,4.0,2
3,3,990,10,65,65,0,8.0,-4
3,3,320,10,-9,-10,0,2.0,-8
3,3,350,10,5,3,0,2.0,-15
3,3,990,10,59,38,-1,8.0,-3
3,3,990,10,22,16,0,5.0,-2
3,3,300,40,15,13,0,1.0,0
3,3,270,20,30,23,0,7.0,-10
3,3,210,30,60,43,0,8.0,0
3,3,290,20,45,42,1,8.0,9
3,3,220,60,50,44,11,8.0,9
3,3,220,40,77,61,0,8.0,-5
3,3,110,30,38,26,0,1.0,-9
3,3,200,40,100,89,-1,8.0,-1
3,3,280,10,43,37,0,2.0,-6
3,3,330,20,29,22,0,6.0,-1
3,3,170,20,18,-6,0,0.0,3
3,3,180,40,100,44,0,8.0,-5
3,3,190,10,94,88,0,7.0,-21
3,3,260,40,59,45,0,8.0,-5
3,3,270,30,21,-4,0,1.0,4
3,3,230,90,89,79,4,8.0,4
3,3,320,50,11,1,1,3.0,-4
3,3,230,20,2,2,6,8.0,-6
3,3,220,40,30,15,0,1.0,-4
3,3,230,40,78,56,0,8.0,2
3,3,240,50,102,94,-1,8.0,0
3,3,260,90,119,101,0,8.0,-2
3,3,360,20,63,43,0,5.0,-21
3,3,270,60,87,76,-1,8.0,-5
3,3,280,20,46,40,0,7.0,-11
3,3,220,20,45,33,0,1.0,2
3,3,230,30,96,83,-1,8.0,0
3,3,310,40,31,0,0,1.0,-14
3,3,300,60,74,56,-1,8.0,2
3,3,280,40,59,57,0,7.0,3
3,3,300,30,66,53,-1,7.0,-1
3,3,30,20,62,60,1,8.0,0
3,3,30,20,36,33,0,8.0,-4
3,3,280,10,16,15,0,4.0,6
3,3,990,10,5,1,0,1.0,0
3,3,0,0,9,5,0,4.0,-4
3,3,160,20,86,61,-1,8.0,3
3,3,220,20,84,70,0,1.0,-5
3,3,200,30,50,43,0,7.0,-4
3,3,990,10,48,44,-1,8.0,2
3,3,20,40,25,11,0,7.0,7
3,3,50,50,43,38,4,8.0,0
3,3,20,50,61,49,0,8.0,0
3,3,270,10,48,44,0,8.0,4
3,3,140,20,31,17,-1,8.0,-6
3,3,350,10,14,11,0,8.0,1
3,3,30,70,-12,-37,0,8.0,-3
3,3,60,40,-4,-19,0,7.0,1
3,3,40,20,15,-1,0,8.0,2
3,3,120,30,-14,-26,0,0.0,1
3,3,120,40,44,6,0,8.0,1
3,3,120,20,84,84,0,7.0,0
3,3,210,50,80,68,0,3.0,4
3,3,200,40,89,84,-1,8.0,0
3,3,230,40,104,92,-1,8.0,-1
3,3,230,40,104,89,0,7.0,0
3,3,220,60,54,33,0,6.0,-2
3,3,250,50,45,26,0,4.0,-2
3,3,170,10,43,41,-1,8.0,3
3,3,320,20,76,61,0,8.0,-1
3,3,70,60,55,22,0,8.0,-2
3,3,40,40,34,34,14,8.0,-1
3,3,300,100,21,13,3,8.0,-1
3,3,140,10,-44,-50,0,1.0,1
3,3,80,60,22,-27,0,8.0,-2
3,3,20,20,37,36,0,8.0,0
3,3,140,40,65,63,2,8.0,-2
3,3,60,20,72,72,2,8.0,0
3,3,50,70,34,23,0,8.0,-3
3,3,30,20,23,5,0,8.0,2
3,3,110,30,30,8,0,8.0,0
3,3,140,50,37,17,-1,8.0,0
3,3,130,30,58,53,19,8.0,0
3,3,230,20,40,39,0,5.0,1
3,3,190,30,24,18,0,0.0,3
3,3,230,40,46,34,1,,-2
3,3,10,20,-24,-34,0,,-18
3,3,990,10,-19,-27,0,,2
3,3,230,20,57,39,0,,1
3,3,20,10,65,40,0,,-1
3,3,220,30,47,29,0,,0
3,3,240,70,109,84,0,,-1
3,3,240,30,31,18,0,,-5
3,3,220,40,87,52,0,,-1
3,3,250,30,44,2,0,,-4
3,3,190,40,44,17,0,,3
3,3,40,10,45,25,0,,5
3,3,20,30,81,78,2,,0
3,3,50,30,-4,-13,0,,-2
3,3,90,90,32,15,0,,0
3,3,140,30,65,54,0,,-2
3,3,130,30,92,72,0,,-5
3,3,170,40,88,77,0,,6
3,3,260,80,91,52,0,,-2
3,3,250,50,109,103,4,,-1
3,3,270,70,117,106,0,,-3
3,3,240,20,74,65,0,,5
3,3,300,30,7,-4,0,,0
3,3,360,20,-2,-13,0,,-9
3,3,0,0,6,-18,0,,-12
3,3,170,10,15,0,0,,2
3,3,20,20,17,0,0,,-16
3,3,80,20,-12,-37,0,,4
3,3,110,30,31,-24,0,,-2
3,3,170,20,35,4,0,,6
3,3,180,30,56,28,0,,-6
3,3,200,40,69,63,0,1.0,2
3,3,210,30,90,86,-1,8.0,-8
3,3,270,20,33,29,0,1.0,-27
3,3,140,30,18,10,0,2.0,-4
3,3,190,40,87,84,0,8.0,-2
3,3,140,20,97,68,0,8.0,-2
3,3,190,20,9,7,0,0.0,10
3,3,220,70,63,39,0,8.0,3
3,3,240,50,87,58,0,7.0,-1
3,3,230,30,101,63,0,8.0,6
3,3,210,50,107,79,-1,8.0,-6
3,3,280,60,78,58,0,5.0,-9
3,3,10,30,22,10,0,0.0,-9
3,3,80,30,2,-25,0,0.0,3
3,3,70,40,6,-19,0,1.0,-3
3,3,90,20,10,-6,0,0.0,-8
3,3,250,10,-20,-28,0,0.0,0
3,3,30,20,-3,-5,0,6.0,9
3,3,30,10,1,-2,0,1.0,4
3,3,20,30,35,11,0,8.0,-4
3,3,120,30,25,-2,0,7.0,-3
3,3,100,30,10,-22,0,1.0,-18
3,3,130,10,5,-71,0,0.0,-7
3,3,200,20,27,-13,0,0.0,14
3,3,210,10,44,26,0,0.0,-5
3,3,20,10,46,39,0,2.0,-5
3,3,990,10,7,-12,0,0.0,-1
3,3,30,20,18,18,0,6.0,-7
3,3,180,20,108,76,0,8.0,4
3,3,360,20,62,48,0,8.0,-18
3,3,350,30,32,18,0,1.0,-6
3,3,10,20,-41,-51,0,1.0,5
3,3,290,30,7,-3,0,1.0,-2
3,3,230,20,-12,-19,0,1.0,0
3,3,150,20,10,-15,0,7.0,1
3,3,120,30,45,3,0,8.0,-3
3,3,30,30,12,6,1,8.0,-2
3,3,270,30,40,34,2,7.0,-3
3,3,10,30,-16,-31,0,0.0,-2
3,3,20,30,5,-20,0,1.0,-5
3,3,50,40,4,-10,0,8.0,-1
3,3,60,20,4,-3,0,7.0,1
3,3,120,30,-6,-22,0,5.0,0
3,3,170,50,75,69,-1,8.0,5
3,3,180,50,48,34,0,2.0,5
3,3,220,60,109,64,0,8.0,-1
3,3,220,40,121,92,0,8.0,-2
3,3,180,30,87,69,0,0.0,-16
3,3,0,0,47,43,0,0.0,3
3,3,230,40,92,67,0,5.0,-4
3,3,240,40,78,50,0,8.0,2
3,3,250,90,88,40,0,2.0,-7
3,3,240,60,69,40,0,7.0,1
3,3,260,10,32,27,0,5.0,-31
3,3,360,20,8,3,0,0.0,2
3,3,280,10,-25,-31,0,1.0,3
3,3,10,30,-10,-21,0,0.0,-5
3,3,170,10,-33,-36,0,4.0,-4
3,3,210,20,19,-2,0,8.0,3
3,3,0,0,-8,-17,0,1.0,-6
3,3,40,40,26,11,0,0.0,12
3,3,100,30,65,16,0,0.0,1
3,3,210,50,-32,-86,-1,8.0,0
3,3,200,50,-9,-51,0,8.0,0
3,3,50,30,-12,-19,-1,8.0,0
3,3,310,10,-107,-121,0,0.0,-15
3,3,200,10,-18,-22,-1,8.0,-1
3,3,40,50,-55,-80,0,0.0,-3
3,3,350,70,23,11,6,8.0,4
3,3,300,50,43,30,-1,8.0,-4
3,3,300,50,42,28,2,8.0,-2
3,3,0,0,9,5,0,8.0,2
3,3,230,40,19,11,0,7.0,6
3,3,250,30,13,2,0,6.0,10
3,3,280,40,36,22,3,7.0,1
3,3,220,20,28,-4,0,8.0,0
3,3,210,40,28,0,0,8.0,-14
3,3,220,40,119,64,0,7.0,-9
3,3,250,60,135,110,0,8.0,-7
3,3,250,50,88,80,0,8.0,-1
3,3,260,10,91,75,0,8.0,-2
3,3,40,30,82,71,0,8.0,-5
3,3,90,40,41,11,0,4.0,-6
3,3,120,40,89,1,0,1.0,2
3,3,240,30,99,82,0,0.0,-12
3,3,120,30,91,58,0,0.0,-5
3,3,230,20,98,95,0,7.0,-4
3,3,0,0,54,52,0,9.0,18
3,3,50,20,57,51,0,1.0,10
3,3,990,10,104,101,0,8.0,-2
3,3,100,10,73,65,0,8.0,1
3,3,80,30,93,87,0,8.0,0
3,3,80,10,96,93,1,7.0,2
3,3,260,50,-7,-10,0,4.0,3
3,3,220,30,-15,-30,0,,0
3,3,130,10,-7,-15,1,8.0,-2
3,3,200,20,-47,-53,0,0.0,5
3,3,220,30,-19,-26,0,0.0,0
3,3,240,20,-4,-20,0,0.0,-4
3,3,250,30,1,-6,-1,1.0,-7
3,3,160,50,25,10,0,8.0,0
3,3,260,30,78,76,-1,9.0,0
3,3,240,50,63,33,0,7.0,-6
3,3,10,30,39,36,0,8.0,-1
3,3,330,20,-64,-78,0,0.0,2
3,3,100,10,-73,-95,0,0.0,8
3,3,120,30,-28,-58,0,0.0,-2
3,3,80,30,-24,-51,0,3.0,2
3,3,50,30,-20,-34,0,0.0,12
3,3,60,40,-2,-19,0,7.0,-6
3,3,60,40,-11,-30,0,0.0,-5
3,3,40,40,-9,-17,0,8.0,-3
3,3,60,20,41,18,0,8.0,0
3,3,40,20,-14,-34,0,5.0,-2
3,3,20,20,-20,-35,0,5.0,-7
3,3,20,20,-32,-57,0,0.0,-3
3,3,120,40,31,-36,0,4.0,2
3,3,220,30,96,93,0,8.0,2
3,3,220,60,129,122,4,8.0,-1
3,3,190,40,134,121,0,7.0,6
3,3,220,40,88,71,7,6.0,-2
3,3,230,60,80,50,-1,8.0,-10
3,3,170,70,88,77,8,8.0,3
3,3,240,70,120,87,0,7.0,-8
3,3,220,70,89,73,10,8.0,-1
3,3,280,40,66,23,0,8.0,-1
3,3,150,50,55,46,3,8.0,9
3,3,220,20,53,45,0,8.0,3
3,3,200,100,94,69,18,8.0,1
3,3,200,90,96,44,-1,8.0,-15
3,3,190,50,84,74,1,8.0,0
3,3,250,20,52,49,0,0.0,-11
3,3,200,30,54,38,0,7.0,7
3,3,250,30,34,20,0,0.0,-8
3,3,200,30,36,28,0,3.0,5
3,3,190,20,16,6,0,2.0,-6
3,3,290,20,55,34,0,0.0,-43
3,3,0,0,4,-7,0,0.0,-4
3,3,190,10,-4,-14,0,0.0,4
3,3,230,20,62,41,0,8.0,2
3,3,270,50,89,50,0,8.0,-1
3,3,230,90,85,59,3,8.0,2
3,3,220,50,13,2,2,8.0,-4
3,3,290,20,5,-1,0,1.0,-7
3,3,350,40,25,17,-1,8.0,-11
3,3,340,60,54,15,0,8.0,0
3,3,350,70,55,25,0,8.0,-3
3,3,360,40,42,22,0,7.0,10
3,3,80,60,88,38,0,8.0,-6
3,3,70,30,64,29,0,0.0,-2
3,3,110,40,81,29,0,0.0,-9
3,3,110,40,79,12,0,0.0,-7
3,3,240,10,67,51,0,7.0,6
3,3,150,10,18,18,0,9.0,-7
3,3,40,40,61,47,0,0.0,-4
3,3,250,120,116,92,0,8.0,-31
3,3,260,80,108,85,-1,8.0,4
3,3,250,60,78,33,-1,,-5
3,3,300,10,0,-10,0,7.0,0
3,3,320,30,-20,-38,0,1.0,2
3,3,220,30,44,13,0,8.0,1
3,3,210,30,74,60,0,8.0,2
3,3,210,30,24,16,0,0.0,-19
3,3,210,70,88,49,0,8.0,-3
3,3,190,60,38,28,0,3.0,0
3,3,230,60,58,42,5,8.0,2
3,3,260,80,83,58,9,8.0,-14
3,3,260,60,69,24,0,7.0,3
3,3,220,20,69,64,1,8.0,5
3,3,120,10,36,26,0,8.0,15
3,3,190,40,101,93,5,8.0,3
3,3,10,50,52,20,0,8.0,-7
3,3,280,20,4,-5,0,4.0,-2
3,3,330,10,13,2,2,8.0,-2
3,3,230,30,21,14,0,8.0,1
3,3,280,70,69,42,0,6.0,0
3,3,240,20,16,10,3,7.0,1
3,3,290,20,-25,-35,0,0.0,-9
3,3,180,20,3,-1,1,8.0,-3
3,3,280,30,-2,-4,3,7.0,-3
3,3,240,20,14,8,4,8.0,1
3,3,90,30,35,28,0,8.0,0
3,3,230,10,46,45,0,8.0,-2
3,3,250,70,67,31,0,4.0,-3
3,3,180,90,94,24,0,4.0,-3
3,3,210,20,76,70,0,8.0,-5
3,3,60,20,11,-4,0,0.0,-8
3,3,290,50,59,53,0,8.0,0
3,3,210,40,23,14,0,2.0,-2
3,3,160,70,62,-9,0,4.0,2
3,3,230,20,19,16,0,0.0,-3
3,3,330,60,51,35,-1,8.0,-1
3,3,250,20,0,-2,0,0.0,-6
3,3,220,60,81,71,0,8.0,4
3,3,220,30,25,9,0,1.0,10
3,3,220,30,53,36,0,7.0,4
3,3,300,40,50,36,0,8.0,-13
3,3,210,30,59,24,0,8.0,4
3,3,250,20,49,42,0,4.0,-1
3,3,200,30,77,62,0,7.0,2
3,3,290,40,70,41,0,8.0,1
3,3,290,30,64,55,0,8.0,0
3,3,230,20,55,44,0,4.0,-22
3,3,70,10,2,-7,0,0.0,1
3,3,360,10,36,2,0,8.0,-1
3,3,30,20,9,0,0,0.0,-4
3,3,0,0,-25,-34,0,0.0,1
3,3,340,40,53,41,0,8.0,4
3,3,250,30,69,45,0,8.0,1
3,3,300,50,31,16,-1,7.0,-12
3,3,220,50,45,34,19,8.0,-4
3,3,230,30,37,21,0,1.0,-1
3,3,250,30,65,51,-1,8.0,-4
3,3,190,50,51,39,-1,8.0,-4
3,3,300,40,53,44,0,8.0,-2
3,3,270,10,-20,-27,0,2.0,14
3,3,0,0,-12,-19,0,0.0,-5
3,3,270,50,31,22,9,8.0,3
3,3,220,20,-2,-7,0,0.0,-20
3,3,0,0,-45,-50,0,0.0,-2
3,3,40,30,-20,-27,0,0.0,-2
3,3,310,20,-26,-37,0,0.0,-24
3,3,340,60,20,-3,-1,7.0,-2
3,3,60,30,-39,-68,0,0.0,-6
3,3,30,10,-59,-86,0,6.0,18
3,3,20,30,-42,-55,0,0.0,-2
3,3,40,30,-33,-70,0,0.0,-4
3,3,40,40,-10,-29,0,8.0,1
3,3,300,30,28,7,0,8.0,3
3,3,290,30,33,20,0,7.0,0
3,3,250,40,47,27,0,8.0,0
3,3,280,30,51,44,-1,8.0,0
3,3,300,30,55,46,-1,8.0,1
3,3,210,20,31,17,0,8.0,3
3,3,200,30,50,13,0,0.0,0
3,3,210,40,126,36,-1,8.0,3
3,3,220,40,126,120,1,8.0,1
3,3,260,40,102,84,0,8.0,-6
3,3,140,10,43,39,0,8.0,-6
3,3,260,30,90,55,-1,8.0,-4
3,3,130,30,80,56,0,7.0,-5
3,3,140,30,109,64,0,7.0,-7
3,3,210,30,107,85,0,8.0,-12
3,3,200,40,86,54,0,8.0,-2
3,3,250,30,76,66,0,8.0,5
3,3,0,0,76,72,12,8.0,0
3,3,160,40,105,97,1,7.0,-3
3,3,190,60,50,22,0,3.0,-2
3,3,10,40,32,23,0,8.0,-2
3,3,50,50,3,-11,0,8.0,-4
3,3,40,40,-21,-37,0,0.0,0
3,3,30,30,-26,-37,0,0.0,1
3,3,30,50,-10,-12,0,9.0,3
3,3,30,20,-7,-17,0,0.0,-6
3,3,70,20,-32,-65,0,0.0,14
3,3,130,40,-9,-84,0,0.0,-7
3,3,220,30,54,25,0,7.0,3
3,3,220,40,46,32,0,0.0,-1
3,3,280,60,82,46,0,8.0,-4
3,3,160,20,44,24,0,8.0,-15
3,3,180,40,95,59,0,8.0,0
3,3,210,10,94,91,-1,8.0,-3
3,3,80,30,82,76,0,7.0,-2
3,3,60,40,76,57,0,0.0,0
3,3,40,40,46,32,0,8.0,0
3,3,270,20,51,38,0,8.0,3
3,3,20,50,49,40,0,8.0,-10
3,3,0,0,-24,-34,0,0.0,0
3,3,0,0,-20,-32,0,0.0,-5
3,3,0,0,2,-10,0,0.0,-2
3,3,20,20,22,17,0,3.0,-1
3,3,20,20,29,15,0,0.0,5
3,3,20,20,54,49,0,5.0,-1
3,3,110,10,25,12,0,4.0,-18
3,3,80,20,46,12,0,7.0,1
3,3,360,20,21,5,0,0.0,-9
3,3,0,0,-9,-15,0,1.0,-5
3,3,190,10,19,4,0,0.0,16
3,3,220,40,104,90,0,8.0,2
3,3,140,10,81,73,0,8.0,0
3,3,30,20,77,74,0,8.0,0
3,3,150,20,88,81,0,8.0,1
3,3,200,40,66,63,0,5.0,-18
3,3,200,70,60,54,9,8.0,-9
3,3,120,20,33,20,0,8.0,1
3,3,200,30,13,9,0,7.0,0
3,3,300,50,30,18,0,1.0,13
3,3,200,20,43,28,0,8.0,0
3,3,240,20,82,66,0,8.0,0
3,3,320,20,82,74,0,8.0,-2
3,3,290,20,39,37,0,9.0,6
3,3,30,30,77,63,0,8.0,-3
3,3,40,20,62,40,0,8.0,0
3,3,90,10,-4,-6,0,4.0,0
3,3,240,10,28,11,0,0.0,39
3,3,240,20,74,41,0,3.0,-18
3,3,180,50,92,73,0,8.0,-17
3,3,280,20,19,16,0,0.0,-22
3,3,210,30,31,8,0,0.0,-2
3,3,200,10,21,15,0,1.0,-5
3,3,80,20,55,42,0,0.0,8
3,3,60,20,53,45,0,0.0,-4
3,3,10,20,58,55,0,0.0,2
3,3,20,30,60,57,0,8.0,-7
3,3,20,20,39,9,0,2.0,-11
3,3,30,20,37,22,0,0.0,-7
3,3,20,20,53,50,0,1.0,-1
3,3,290,20,25,19,0,0.0,-8
3,3,280,30,81,59,0,8.0,4
3,3,260,40,73,66,0,7.0,5
3,3,60,10,20,16,-1,8.0,2
3,3,20,10,18,-12,0,8.0,1
3,3,290,10,15,-12,0,8.0,1
3,3,90,20,-3,-22,0,0.0,-5
3,3,150,30,24,-21,0,0.0,-3
3,3,110,10,60,9,0,8.0,10
3,3,90,30,85,21,0,7.0,-6
3,3,100,20,86,75,0,8.0,0
3,3,60,10,91,88,2,8.0,1
3,3,320,30,18,11,1,8.0,-6
3,3,50,60,-19,-59,-1,8.0,-1
3,3,50,80,-34,-60,2,8.0,2
3,3,210,10,-94,-108,0,0.0,5
3,3,220,20,-31,-40,0,4.0,7
3,3,180,20,-34,-66,0,8.0,3
3,3,180,70,38,-23,-1,8.0,1
3,3,160,50,53,7,0,8.0,-7
3,3,210,60,44,16,-1,8.0,-4
3,3,150,10,10,-7,0,4.0,2
3,3,80,40,11,5,0,8.0,1
3,3,0,0,-13,-31,0,8.0,-2
3,3,80,40,-20,-33,0,0.0,2
3,3,90,100,-1,-63,0,8.0,0
3,3,80,70,-23,-119,0,7.0,-7
3,3,70,80,-15,-109,0,8.0,-3
3,3,70,50,-26,-96,0,0.0,-3
3,3,70,40,-28,-83,0,0.0,-3
3,3,60,40,-23,-84,0,0.0,-13
3,3,330,20,-19,-43,0,8.0,2
3,3,40,10,-21,-33,0,7.0,-14
3,3,20,20,-36,-52,0,,3
3,3,170,30,49,43,0,8.0,-8
3,3,220,30,29,23,0,0.0,-9
3,3,130,50,43,4,0,8.0,12
3,3,140,10,18,7,0,8.0,-9
3,3,0,0,-26,-28,0,2.0,13
3,3,180,10,0,-4,0,4.0,-11
3,3,180,30,34,3,0,0.0,-2
3,3,60,10,20,20,0,8.0,-13
3,3,100,10,22,6,0,0.0,-16
3,3,290,30,40,5,0,0.0,-17
3,3,40,50,74,62,0,8.0,-1
3,3,50,20,42,39,0,0.0,-5
3,3,40,10,17,17,0,0.0,-5
3,3,320,10,2,-1,0,0.0,9
3,3,280,60,92,63,0,8.0,-1
3,3,260,40,89,63,0,7.0,0
3,3,250,20,78,68,0,7.0,2
3,3,220,20,79,65,0,8.0,7
3,3,280,60,99,63,0,8.0,-2
3,3,200,30,72,52,0,0.0,-6
3,3,230,40,114,76,0,8.0,-14
3,3,160,40,50,24,0,2.0,-3
3,3,210,20,23,12,0,2.0,2
3,3,350,30,47,27,-1,8.0,-16
3,3,120,30,10,1,0,0.0,-11
3,3,350,30,13,3,0,0.0,-1
3,3,40,20,-1,-6,0,0.0,4
3,3,0,0,41,29,0,6.0,-5
3,3,110,30,53,20,0,0.0,14
3,3,120,10,67,25,0,6.0,-5
3,3,130,10,109,56,0,8.0,-3
3,3,190,90,59,52,1,8.0,6
3,3,250,40,47,3,0,2.0,-5
3,3,220,40,29,3,0,4.0,-2
3,3,220,30,22,1,0,0.0,3
3,3,280,20,14,9,0,1.0,-3
3,3,220,20,49,17,0,8.0,0
3,3,190,50,36,16,0,8.0,-5
3,3,200,40,53,-6,0,0.0,-2
3,3,350,30,79,68,0,8.0,-11
3,3,260,30,94,80,0,8.0,-1
3,3,0,0,-26,-26,0,8.0,9
3,3,110,30,-10,-18,0,0.0,17
3,3,100,30,3,-9,0,0.0,-1
3,3,40,40,1,-22,0,1.0,-1
3,3,60,30,48,26,0,8.0,1
3,3,60,30,35,23,0,0.0,-19
3,3,60,10,-4,-9,0,0.0,-5
3,3,290,20,4,-2,0,0.0,27
3,3,330,30,58,43,0,8.0,-2
3,3,10,20,22,22,0,9.0,-3
3,3,240,30,36,31,1,8.0,4
3,3,40,30,51,38,0,8.0,-2
3,3,0,0,-32,-41,0,0.0,-5
3,3,210,20,-13,-18,0,0.0,-1
3,3,20,10,55,52,4,8.0,0
3,3,230,20,22,19,0,3.0,-11
3,3,270,50,61,26,0,8.0,0
3,3,180,20,12,-4,0,2.0,6
3,3,250,70,106,73,0,8.0,-2
3,3,280,60,68,28,0,0.0,0
3,3,250,90,107,98,6,8.0,1
3,3,180,10,-50,-56,0,7.0,12
3,3,230,60,84,48,0,8.0,-2
3,3,200,10,24,17,3,8.0,5
3,3,150,50,24,5,0,8.0,7
3,3,0,0,-45,-47,0,0.0,1
3,3,170,10,23,17,5,8.0,1
3,3,250,20,9,6,1,8.0,3
3,3,280,10,-18,-21,0,1.0,-5
3,3,170,70,33,2,0,8.0,-3
3,3,100,20,8,-22,0,7.0,-10
3,3,30,20,9,-2,0,5.0,-3
3,3,50,20,-25,-27,0,0.0,8
3,3,70,40,-4,-27,0,0.0,-7
3,3,60,50,1,-24,0,0.0,-5
3,3,20,30,-16,-28,0,7.0,10
3,3,60,40,25,14,0,0.0,-3
3,3,40,20,0,-25,0,0.0,-11
3,3,10,40,18,15,0,8.0,0
3,3,10,40,56,26,0,8.0,-1
3,3,10,40,56,18,0,8.0,0
3,3,300,30,60,56,5,8.0,-1
3,3,250,30,33,32,0,1.0,-3
3,3,290,20,40,39,0,8.0,6
3,3,240,20,66,61,0,8.0,0
3,3,220,50,70,55,-1,8.0,-4
3,3,170,30,16,16,0,9.0,7
3,3,250,20,75,69,14,8.0,-4
3,3,170,100,90,39,0,3.0,1
3,3,230,60,62,34,0,8.0,-1
3,3,250,40,83,43,0,8.0,-8
3,3,210,10,64,55,-1,8.0,-3
3,3,210,40,51,43,13,8.0,7
3,3,250,100,74,24,0,8.0,-7
3,3,170,30,16,-1,0,8.0,4
3,3,160,40,106,58,0,8.0,-9
3,3,210,50,71,54,1,8.0,-2
3,3,180,30,47,42,3,8.0,1
3,3,240,10,39,38,0,8.0,7
3,3,160,30,35,28,0,8.0,8
3,3,190,30,77,76,0,9.0,8
3,3,250,10,2,1,0,0.0,2
3,3,140,10,36,9,0,8.0,-8
3,3,120,30,56,12,0,8.0,-2
3,3,30,10,14,5,0,8.0,-14
3,3,200,30,36,28,0,8.0,5
3,3,250,20,91,82,0,8.0,-1
3,3,180,10,14,11,0,0.0,-3
3,3,280,40,91,65,0,8.0,-3
3,3,250,70,93,78,11,8.0,4
3,3,240,40,112,102,0,8.0,-1
3,3,220,40,105,92,-1,8.0,-2
3,3,240,30,83,72,0,8.0,-8
3,3,170,20,10,-14,0,0.0,-10
3,3,80,10,17,12,0,8.0,-7
3,3,60,50,55,38,0,7.0,2
3,3,30,40,33,7,0,8.0,-3
3,3,60,50,58,30,0,8.0,-7
3,3,50,10,26,22,0,8.0,-8
3,3,190,10,24,-2,0,8.0,-8
3,3,200,30,97,78,0,8.0,5
3,3,190,30,114,79,0,8.0,-3
3,3,140,20,121,70,0,8.0,-6
3,3,80,90,-71,-144,0,8.0,1
3,3,70,90,-52,-136,0,8.0,-5
3,3,80,50,-25,-39,1,8.0,1
3,3,120,30,2,-14,0,8.0,-1
3,3,200,50,54,42,0,8.0,-12
3,3,130,20,37,11,0,8.0,-8
3,3,130,20,44,30,0,8.0,-12
3,3,200,40,25,17,0,0.0,-4
3,3,200,30,22,10,0,3.0,-1
3,3,150,30,92,86,1,8.0,3
3,3,70,10,77,77,0,8.0,14
3,3,180,20,90,77,0,8.0,-8
3,3,240,40,76,65,3,8.0,-8
3,3,160,10,1,-2,0,9.0,-10
3,3,110,60,53,13,0,8.0,0
3,3,110,20,55,53,0,8.0,7
3,3,60,80,-6,-33,0,8.0,-4
3,3,70,80,-22,-87,0,8.0,2
3,3,70,60,-26,-116,0,6.0,-4
3,3,280,20,-10,-40,-1,8.0,11
3,3,250,10,-8,-10,0,6.0,-20
3,3,230,30,44,19,0,8.0,2
3,3,220,30,55,34,0,8.0,-2
3,3,150,20,56,29,0,8.0,-3
3,3,20,10,-6,-9,0,1.0,2
3,3,300,10,23,22,0,9.0,-6
3,3,190,30,33,19,0,8.0,-11
3,3,250,20,72,69,0,8.0,1
3,3,210,30,39,26,0,8.0,-10
3,3,120,30,55,46,3,8.0,-2
3,3,160,20,39,32,0,1.0,-11
3,3,300,50,74,69,-1,8.0,-5
3,3,180,30,57,51,0,8.0,-2
3,3,200,70,97,79,9,8.0,0
3,3,210,90,126,62,0,8.0,2
3,3,220,60,54,29,-1,7.0,2
3,3,160,50,82,71,0,8.0,2
3,3,150,40,107,90,0,8.0,-6
3,3,270,50,72,45,2,8.0,-2
3,3,250,60,86,80,5,8.0,6
3,3,210,30,67,51,7,8.0,-8
3,3,260,50,47,1,-1,8.0,-5
3,3,200,50,48,23,0,8.0,3
3,3,220,70,57,21,0,8.0,1
3,3,230,40,70,34,0,8.0,-3
3,3,220,30,77,40,-1,8.0,4
3,3,240,30,79,66,4,8.0,-6
3,3,210,70,91,60,5,8.0,-4
3,3,250,40,43,29,-1,7.0,2
3,3,180,10,-15,-21,0,6.0,11
3,3,200,30,64,40,0,8.0,-1
3,3,0,0,60,59,0,6.0,-22
3,3,40,20,54,54,0,9.0,11
3,3,200,20,79,69,0,8.0,2
3,3,20,30,19,14,0,2.0,4
3,3,300,90,78,36,-1,8.0,-18
3,3,340,20,64,14,0,8.0,-15
3,3,270,10,59,50,0,8.0,-7
3,3,300,10,76,54,0,8.0,0
3,3,0,0,7,4,0,0.0,-4
3,3,150,10,42,34,0,0.0,6
3,3,20,30,83,64,0,8.0,0
3,3,210,80,57,15,0,4.0,2
3,3,170,50,41,24,0,8.0,0
3,3,220,30,25,12,0,3.0,-5
3,3,250,30,55,49,-1,8.0,0
3,3,110,40,48,39,4,8.0,0
3,3,340,50,52,45,9,8.0,-3
3,3,260,20,41,30,-1,2.0,0
3,3,190,70,78,48,0,8.0,-3
3,3,220,30,72,55,0,8.0,-4
3,3,210,80,70,62,20,8.0,5
3,3,270,40,101,98,13,8.0,4
3,3,240,70,107,77,5,8.0,0
3,3,240,70,71,27,-1,8.0,-2
3,3,150,10,20,17,0,8.0,-3
3,3,190,50,74,62,0,8.0,4
3,3,250,20,63,46,0,8.0,-21
3,3,210,20,30,25,0,8.0,10
3,3,210,30,62,-1,0,8.0,-10
3,3,220,20,82,71,0,8.0,3
3,3,20,60,69,49,0,7.0,0
3,3,50,50,33,19,0,0.0,0
3,3,80,50,12,-39,0,0.0,-2
3,3,110,50,22,-69,0,0.0,-4
3,3,130,40,18,-81,0,8.0,-10
3,3,80,20,7,-92,0,7.0,-2
3,3,60,30,22,-71,0,4.0,-6
3,3,20,40,18,-30,0,0.0,-3
3,3,20,40,45,17,0,0.0,0
3,3,350,50,41,4,0,6.0,-2
3,3,310,10,-32,-65,0,1.0,-1
3,3,20,30,2,-4,0,0.0,-4
3,3,0,0,26,20,0,8.0,4
3,3,340,5,24,18,11,8.0,-2
3,3,210,21,43,36,0,7.0,-11
3,3,120,5,9,3,0,0.0,-1
3,3,130,26,66,59,4,8.0,-1
3,3,130,26,90,79,-1,8.0,-4
3,3,140,41,115,72,0,8.0,-4
3,3,100,31,105,59,-1,8.0,5
3,3,0,0,75,71,0,5.0,-5
3,3,200,21,82,71,0,8.0,4
3,3,180,15,63,57,0,0.0,17
3,3,150,26,76,70,0,7.0,-1
3,3,130,10,61,54,0,0.0,-6
3,3,180,10,43,34,0,1.0,-2
3,3,250,21,101,93,0,7.0,-6
3,3,160,26,78,72,0,5.0,4
3,3,170,31,99,64,0,6.0,-19
3,3,140,26,45,39,0,2.0,0
3,3,190,62,84,65,4,8.0,6
3,3,250,67,107,90,0,7.0,-1
3,3,240,72,122,114,5,7.0,-2
3,3,210,10,65,59,0,8.0,0
3,3,0,0,-15,-21,0,0.0,-5
3,3,360,41,50,32,0,7.0,-10
3,3,30,51,35,25,0,0.0,-1
3,3,50,72,54,17,0,8.0,-4
3,3,60,41,33,-16,0,0.0,-1
3,3,20,21,58,30,0,8.0,-5
3,3,360,5,-2,-16,0,0.0,-12
3,3,100,5,-5,-33,0,1.0,-5
3,3,240,10,46,29,0,7.0,4
3,3,160,36,45,20,0,0.0,2
3,3,190,51,84,62,-1,8.0,2
3,3,230,77,53,41,0,7.0,0
3,3,220,36,81,78,0,8.0,-1
3,3,110,21,49,46,0,0.0,0
3,3,220,67,89,83,3,8.0,0
3,3,190,5,17,11,0,0.0,-3
3,3,140,15,67,50,0,8.0,-2
3,3,330,21,70,69,0,8.0,1
3,3,180,21,30,29,0,7.0,3
3,3,250,62,33,5,0,1.0,-7
3,3,210,82,64,47,-1,8.0,4
3,3,250,103,78,64,11,8.0,1
3,3,280,67,34,-17,0,1.0,-3
3,3,300,77,53,-1,-1,8.0,-8
3,3,250,21,13,-5,0,7.0,1
3,3,200,26,73,67,1,8.0,4
3,3,160,5,37,36,0,4.0,-4
3,3,260,41,90,85,-1,8.0,-1
3,3,220,46,86,71,0,8.0,-1
3,3,220,51,100,94,0,8.0,0
3,3,230,51,53,35,5,8.0,-2
3,3,210,36,44,41,-1,8.0,-5
3,3,30,31,11,10,0,1.0,2
3,3,350,57,42,26,0,7.0,-5
3,3,180,67,32,23,3,8.0,-4
3,3,270,21,38,35,0,8.0,-5
3,3,270,31,11,2,-1,3.0,4
3,3,240,21,13,6,0,5.0,0
3,3,140,31,50,44,0,7.0,2
3,3,110,57,88,24,0,8.0,3
3,3,100,10,-25,-25,0,9.0,8
3,3,60,82,15,-12,0,7.0,1
3,3,60,57,-11,-27,0,3.0,-6
3,3,10,26,-48,-60,0,0.0,7
3,3,230,15,-1,-14,0,7.0,-6
3,3,310,26,51,50,-1,8.0,1
3,3,320,31,49,45,-1,8.0,1
3,3,70,21,19,7,0,0.0,-3
3,3,110,41,5,-31,0,0.0,-3
3,3,160,21,-3,-10,0,3.0,0
3,3,180,10,49,32,0,7.0,0
3,3,140,15,24,17,0,0.0,-5
3,3,140,15,16,4,0,0.0,1
3,3,160,15,30,6,0,0.0,-6
3,3,170,15,81,54,0,3.0,-26
3,3,240,36,60,38,0,0.0,11
3,3,250,72,91,62,-1,8.0,-5
3,3,240,57,94,83,0,7.0,0
3,3,250,31,15,8,0,1.0,-6
3,3,210,15,-4,-24,0,0.0,-6
3,3,170,21,31,7,0,1.0,-5
3,3,200,31,61,44,0,0.0,5
3,3,300,36,59,41,0,4.0,-20
3,3,270,21,6,5,0,0.0,-14
3,3,260,26,-4,-4,0,1.0,29
3,3,330,31,26,3,0,2.0,-6
3,3,30,15,-36,-59,0,0.0,-10
3,3,80,15,-17,-44,0,0.0,0
3,3,100,21,-10,-52,0,0.0,-18
3,3,120,31,-1,-55,0,0.0,-4
3,3,200,21,97,62,0,8.0,-1
3,3,200,21,71,71,0,7.0,1
3,3,200,36,34,25,0,8.0,3
3,3,210,46,35,22,0,0.0,-5
3,3,260,36,36,18,0,0.0,-7
3,3,150,31,19,3,0,1.0,-3
3,3,260,36,46,26,0,3.0,-4
3,3,230,77,75,55,0,8.0,2
3,3,230,46,93,90,6,8.0,2
3,3,230,51,92,78,0,8.0,-1
3,3,270,36,86,77,0,8.0,-3
3,3,160,15,2,-2,0,0.0,-11
3,3,220,31,48,27,0,7.0,-2
3,3,220,113,65,45,6,8.0,-3
3,3,260,51,59,16,0,0.0,-7
3,3,250,87,106,84,0,8.0,-4
3,3,250,51,44,26,0,3.0,0
3,3,280,87,43,-11,0,4.0,0
3,3,230,62,35,11,0,4.0,-2
3,3,240,113,85,81,17,8.0,1
3,3,240,36,22,7,0,5.0,0
3,3,170,10,20,-4,0,8.0,-2
3,3,160,10,-15,-16,0,2.0,2
3,3,230,72,96,90,-1,8.0,1
3,3,260,113,113,107,4,8.0,2
3,3,220,57,91,90,3,8.0,6
3,3,280,41,46,34,0,2.0,2
3,3,240,10,-10,-10,0,1.0,0
3,3,150,31,42,7,0,5.0,0
3,3,240,72,115,101,-1,8.0,-4
3,3,220,36,104,96,0,8.0,-2
3,3,210,82,155,75,0,8.0,-28
3,3,230,77,99,62,0,8.0,-1
3,3,220,67,37,2,0,7.0,-5
3,3,210,82,58,26,0,2.0,0
3,3,280,26,9,0,1,5.0,-10
3,3,180,62,21,-5,0,8.0,1
3,3,230,72,28,21,7,7.0,3
3,3,210,51,9,2,0,1.0,-3
3,3,170,98,64,1,-1,7.0,-13
3,3,230,46,32,20,2,7.0,-8
3,3,120,36,11,-7,0,2.0,-1
3,3,120,41,49,-13,0,2.0,-3
3,3,140,10,21,11,0,0.0,-3
3,3,90,26,56,23,0,0.0,-11
3,3,70,26,13,1,0,0.0,-6
3,3,190,36,51,47,6,8.0,1
3,3,250,62,18,9,1,7.0,-4
3,3,200,67,74,42,0,7.0,1
3,3,250,108,76,17,0,2.0,-2
3,3,250,67,57,43,0,7.0,7
3,3,260,36,13,6,0,1.0,-2
3,3,320,46,37,19,0,7.0,-2
3,3,0,0,-20,-23,0,0.0,-5
3,3,200,15,-1,-20,0,0.0,6
3,3,200,21,38,-6,0,0.0,-7
3,3,250,62,72,53,0,6.0,9
3,3,270,82,92,72,1,8.0,-9
3,3,260,98,80,72,16,8.0,-2
3,3,230,46,-6,-14,-1,3.0,1
3,3,330,77,11,-2,-1,7.0,-7
3,3,300,26,-5,-13,0,0.0,-7
3,3,210,41,47,10,0,8.0,-9
3,3,320,31,27,14,0,7.0,0
3,3,330,10,-42,-42,0,1.0,15
3,3,170,15,5,5,0,8.0,0
3,3,290,5,-40,-40,0,0.0,2
3,3,280,26,38,38,-1,8.0,2
3,3,280,10,19,19,0,8.0,1
3,3,360,46,25,13,0,7.0,-1
3,3,80,46,11,-20,0,0.0,-5
3,3,100,31,15,-30,0,0.0,-4
3,3,80,41,7,-32,0,0.0,-4
3,3,30,31,-36,-61,0,0.0,4
3,3,80,26,-46,-77,0,0.0,-4
3,3,80,31,-42,-73,0,0.0,-4
3,3,80,46,-29,-69,0,0.0,-3
3,3,80,36,8,-31,0,2.0,-6
3,3,80,41,10,-11,0,1.0,-1
3,3,50,21,36,15,0,8.0,-3
3,3,340,5,39,30,0,8.0,-2
3,3,10,15,37,25,0,8.0,-1
3,3,320,5,-26,-26,0,2.0,-2
3,3,140,15,62,47,0,7.0,-2
3,3,190,26,67,67,0,8.0,-2
3,3,130,10,69,69,0,8.0,0
3,3,330,21,70,69,0,6.0,-5
3,3,80,36,42,38,0,0.0,-3
3,3,20,21,54,37,0,7.0,-2
3,3,10,57,-17,-47,0,2.0,-5
3,3,0,0,-33,-50,0,6.0,1
3,3,260,36,9,6,0,5.0,-6
3,3,270,21,-16,-16,0,1.0,3
3,3,260,26,-22,-30,0,3.0,-2
3,3,270,30,86,74,0,7.0,-14
3,3,200,50,99,78,0,4.0,-2
3,3,240,20,65,59,0,7.0,1
3,3,80,30,66,46,0,8.0,0
3,3,180,30,83,80,0,3.0,-9
3,3,180,40,76,54,-1,8.0,-5
3,3,100,10,45,45,0,8.0,5
3,3,180,10,58,48,0,4.0,8
3,3,60,20,60,56,0,0.0,-9
3,3,130,20,50,41,0,0.0,-15
3,3,320,20,28,28,0,0.0,0
3,3,100,30,40,37,0,8.0,0
3,3,250,30,64,60,0,0.0,-3
3,3,230,50,75,50,0,8.0,0
3,3,230,30,85,76,0,8.0,2
3,3,250,40,100,92,0,8.0,1
3,3,280,50,98,87,0,8.0,5
3,3,140,20,62,56,0,7.0,3
3,3,240,50,68,57,6,8.0,-1
3,3,350,20,32,-1,-1,8.0,-2
3,3,300,30,52,39,0,6.0,-13
3,3,0,0,-24,-27,0,0.0,-3
3,3,170,20,44,9,0,8.0,8
3,3,340,10,53,52,0,7.0,1
3,3,200,10,61,60,2,8.0,1
3,3,200,20,43,43,0,7.0,8
3,3,270,50,107,96,0,8.0,-4
3,3,300,100,79,47,-1,7.0,-1
3,3,270,30,35,19,0,0.0,-5
3,3,270,20,50,43,0,6.0,-17
3,3,0,0,6,3,0,0.0,-5
3,3,240,40,6,3,0,2.0,-1
3,3,220,70,60,53,-1,7.0,3
3,3,200,50,84,60,1,8.0,-9
3,3,210,90,145,48,0,8.0,5
3,3,230,110,60,35,0,6.0,-5
3,3,240,50,63,59,7,8.0,-7
3,3,220,90,90,85,7,8.0,0
3,3,260,50,83,64,0,6.0,-1
3,3,280,10,-39,-46,0,2.0,-1
3,3,180,20,-23,-24,0,2.0,4
3,3,220,70,28,2,-1,8.0,0
3,3,330,50,34,18,0,5.0,-5
3,3,230,20,-13,-17,0,5.0,-1
3,3,280,40,57,57,-1,8.0,-1
3,3,270,20,60,57,0,8.0,1
3,3,260,20,71,71,0,8.0,-1
3,3,250,30,76,54,0,8.0,-1
3,3,240,30,89,72,0,8.0,0
3,3,280,20,16,16,0,2.0,-29
3,3,260,20,12,12,0,1.0,-1
3,3,360,20,36,29,0,6.0,-10
3,3,340,20,38,18,0,6.0,-2
3,3,320,30,53,50,0,7.0,2
3,3,50,20,-25,-53,0,0.0,13
3,3,150,30,-10,-40,0,5.0,3
3,3,170,30,8,-54,0,7.0,-6
3,3,220,50,78,78,1,8.0,1
3,3,200,30,104,95,0,8.0,-1
3,3,120,20,91,80,0,6.0,1
3,3,130,20,131,88,0,7.0,-10
3,3,210,10,116,108,0,7.0,1
3,3,220,90,76,68,9,8.0,-3
3,3,260,40,100,100,4,8.0,1
3,3,240,80,92,66,0,5.0,-11
3,3,180,50,63,51,2,8.0,0
3,3,130,20,55,40,0,7.0,1
3,3,230,50,37,33,0,8.0,3
3,3,200,50,18,10,0,2.0,-3
3,3,210,50,29,25,1,8.0,3
3,3,100,20,41,37,6,8.0,1
3,3,990,10,-11,-11,0,1.0,-7
3,3,210,10,-32,-32,0,2.0,0
3,3,110,30,34,10,0,1.0,-1
3,3,160,20,70,60,0,6.0,-2
3,3,0,0,65,65,0,8.0,-1
3,3,0,0,5,5,0,1.0,-2
3,3,70,20,29,23,0,0.0,-19
3,3,50,20,58,25,0,8.0,-2
3,3,0,0,35,27,0,6.0,-7
3,3,300,10,29,29,0,0.0,-3
3,3,290,20,32,15,0,5.0,2
3,3,210,40,62,47,0,8.0,-2
3,3,360,30,44,42,5,8.0,0
3,3,210,60,42,36,11,8.0,9
3,3,220,60,77,68,0,7.0,-5
3,3,110,20,43,34,0,0.0,-5
3,3,210,50,105,89,0,8.0,-2
3,3,290,30,58,52,0,7.0,-3
3,3,330,20,28,26,0,4.0,-7
3,3,160,20,0,-8,0,0.0,-9
3,3,170,40,71,34,0,4.0,15
3,3,200,10,104,101,0,7.0,-4
3,3,260,50,60,45,-1,8.0,-6
3,3,240,40,9,-4,0,2.0,-3
3,3,230,120,80,68,2,8.0,3
3,3,280,40,14,1,0,3.0,-1
3,3,260,40,2,-2,-1,7.0,2
3,3,230,60,30,11,0,2.0,-4
3,3,230,70,75,43,0,8.0,1
3,3,240,70,96,88,-1,8.0,-1
3,3,260,90,120,103,-1,8.0,-1
3,3,350,20,64,42,0,7.0,-19
3,3,260,60,89,77,1,8.0,-4
3,3,280,20,59,45,0,8.0,-4
3,3,210,40,59,32,0,6.0,-10
3,3,230,50,93,80,-1,8.0,-1
3,3,300,40,30,-10,0,1.0,-6
3,3,290,40,72,55,-1,8.0,2
3,3,290,20,54,49,0,6.0,3
3,3,310,40,63,52,-1,7.0,1
3,3,990,10,47,41,0,6.0,1
3,3,0,0,-5,-11,0,6.0,8
3,3,0,0,20,15,0,5.0,1
3,3,10,10,13,0,0,0.0,-3
3,3,200,10,15,9,0,4.0,-6
3,3,160,30,94,60,-1,8.0,1
3,3,210,30,82,67,0,5.0,2
3,3,180,20,53,43,-1,8.0,1
3,3,60,20,47,39,0,7.0,0
3,3,20,40,24,8,0,7.0,1
3,3,50,50,44,35,-1,8.0,0
3,3,20,60,66,48,0,8.0,-2
3,3,260,10,50,40,0,8.0,1
3,3,180,10,26,18,0,8.0,1
3,3,300,20,19,11,0,8.0,-4
3,3,30,70,-11,-34,0,8.0,-1
3,3,60,40,-2,-18,0,8.0,2
3,3,20,20,17,-17,0,8.0,0
3,3,120,30,-6,-25,0,0.0,0
3,3,130,50,48,0,0,7.0,2
3,3,120,20,85,78,0,7.0,-6
3,3,210,50,80,65,0,1.0,-5
3,3,180,40,91,82,1,8.0,-1
3,3,230,40,103,91,0,8.0,-1
3,3,230,60,104,88,0,7.0,-5
3,3,220,70,44,25,0,1.0,3
3,3,240,60,35,21,0,2.0,-2
3,3,180,10,45,43,2,8.0,2
3,3,220,10,75,64,0,8.0,0
3,3,70,60,55,28,0,8.0,-5
3,3,40,30,40,40,15,8.0,-2
3,3,280,70,23,14,3,8.0,-1
3,3,140,10,-39,-44,0,1.0,2
3,3,80,60,22,-29,-1,8.0,-2
3,3,990,10,52,49,0,8.0,1
3,3,120,30,62,57,2,8.0,1
3,3,60,20,74,72,5,8.0,1
3,3,40,70,31,25,-1,8.0,-4
3,3,30,20,21,0,0,8.0,2
3,3,100,40,33,1,0,8.0,-2
3,3,130,50,32,8,-1,8.0,2
3,3,90,40,62,57,32,8.0,-2
3,3,210,30,48,48,-1,7.0,4
3,3,180,40,27,21,0,0.0,-6
3,3,230,40,44,35,5,,2
3,3,990,10,-24,-34,0,,0
3,3,240,20,-8,-13,0,,-4
3,3,230,30,52,33,0,,0
3,3,990,10,53,44,0,,-3
3,3,220,50,44,30,0,,0
3,3,240,90,108,85,0,,2
3,3,230,30,17,5,0,,1
3,3,230,60,87,53,0,,-1
3,3,240,50,36,0,0,,-22
3,3,180,40,49,8,0,,2
3,3,140,10,53,20,0,,-1
3,3,20,20,80,76,0,,0
3,3,50,40,9,-2,0,,-2
3,3,80,60,31,15,0,,1
3,3,140,40,72,58,0,,-6
3,3,140,20,83,64,0,,8
3,3,160,30,79,64,0,,7
3,3,250,100,93,46,0,,-4
3,3,240,60,107,102,1,,2
3,3,270,80,120,112,2,,-4
3,3,250,30,72,64,0,,11
3,3,310,20,17,3,0,,-4
3,3,30,30,-2,-10,0,,5
3,3,10,20,-11,-27,0,,0
3,3,140,10,5,-1,0,,3
3,3,20,20,7,-11,0,,-8
3,3,80,20,14,-22,0,,-3
3,3,110,30,49,-22,0,,-1
3,3,160,20,30,-1,0,,6
3,3,170,30,40,20,0,,-1
3,3,180,40,73,66,0,,-3
3,3,180,40,89,85,1,,-3
3,3,290,20,52,43,0,,0
3,3,130,20,10,6,0,,-5
3,3,180,30,83,79,0,,0
3,3,140,30,102,73,0,,-5
3,3,170,20,18,16,0,,-8
3,3,210,90,65,36,0,,-1
3,3,230,70,87,56,0,,-3
3,3,220,50,85,50,0,,9
3,3,200,50,107,78,0,,-4
3,3,260,40,70,59,0,,-14
3,3,350,30,27,14,0,,-10
3,3,80,40,26,-26,0,,2
3,3,60,30,8,-24,0,,2
3,3,90,30,29,-15,0,,-5
3,3,220,10,-19,-26,0,,2
3,3,360,10,-15,-21,0,,-10
3,3,0,0,-1,-7,0,,-8
3,3,310,30,35,10,0,,-2
3,3,110,30,25,-9,0,,-2
3,3,90,20,24,-19,0,,-9
3,3,130,20,19,-72,0,,-2
3,3,150,20,29,-13,0,,-6
3,3,0,0,60,31,0,,1
3,3,20,20,57,47,0,,-9
3,3,320,10,19,-2,0,,-6
3,3,990,10,16,7,0,,7
3,3,180,10,112,82,0,,1
3,3,310,20,82,60,0,,-18
3,3,320,10,3,0,0,,5
3,3,30,20,-46,-55,0,,0
3,3,270,20,11,-1,0,,-5
3,3,230,30,-26,-34,0,,6
3,3,150,20,-1,-23,0,,6
3,3,110,30,44,-5,0,,-4
3,3,50,20,12,6,0,,-2
3,3,230,20,31,26,0,,5
3,3,350,30,-17,-31,0,,-2
3,3,30,50,11,-25,0,,-20
3,3,40,50,2,-10,0,,1
3,3,60,30,1,-7,0,,-3
3,3,130,20,2,-13,0,,0
3,3,160,40,69,65,1,,10
3,3,180,40,51,30,0,,1
3,3,220,80,108,60,0,,-1
3,3,220,60,118,90,0,,-1
3,3,150,30,58,55,0,,-1
3,3,150,10,46,43,0,,-4
3,3,230,60,97,68,0,,-6
3,3,230,60,76,57,0,,1
3,3,250,110,93,37,0,,-12
3,3,230,80,64,41,0,,-3
3,3,290,20,32,28,0,,-13
3,3,340,20,2,-1,0,,-3
3,3,0,0,-16,-21,0,,-10
3,3,10,30,-19,-29,0,,-2
3,3,160,10,-32,-34,0,,-1
3,3,200,20,2,-31,0,,-12
3,3,0,0,-14,-21,0,,-3
3,3,50,30,38,6,0,,9
3,3,90,30,77,16,0,,-3
3,3,200,50,-38,-98,0,,-4
3,3,190,50,-11,-59,0,,0
3,3,40,20,-14,-20,0,,1
3,3,330,20,-88,-99,0,,-10
3,3,160,10,-21,-26,0,,-3
3,3,30,60,-50,-80,0,,-10
3,3,350,30,10,5,7,,4
3,3,280,30,40,26,0,,-2
3,3,310,40,44,30,1,,-5
3,3,320,10,10,5,0,,-2
3,3,220,50,18,11,0,,3
3,3,250,50,9,0,0,,4
3,3,280,50,33,23,4,,-1
3,3,210,30,25,-8,0,,-2
3,3,190,30,15,-4,0,,5
3,3,210,40,103,57,0,,-11
3,3,240,70,135,109,0,,1
3,3,240,50,84,75,0,,2
3,3,300,10,100,82,0,,-5
3,3,60,40,74,63,0,,-7
3,3,80,30,58,17,0,,-2
3,3,130,30,92,-2,0,,1
3,3,220,40,86,81,0,,-5
3,3,100,20,98,61,0,,-1
3,3,230,30,102,97,0,,-11
3,3,70,20,97,89,0,,-3
3,3,120,30,94,75,0,,-1
3,3,130,10,109,103,0,,-6
3,3,10,20,82,76,0,,0
3,3,70,30,102,87,0,,0
3,3,90,20,107,103,8,,-4
3,3,250,40,-9,-10,1,,-4
3,3,220,50,-18,-27,0,,-3
3,3,120,20,-23,-25,0,,-6
3,3,190,10,-50,-52,0,,2
3,3,230,30,-29,-33,0,,7
3,3,230,40,-7,-18,0,,-10
3,3,260,20,-10,-18,0,,-7
3,3,150,60,23,7,0,,3
3,3,260,40,84,84,1,,-1
3,3,230,70,61,32,0,,-5
3,3,360,30,39,38,0,,-3
3,3,330,20,-60,-69,0,,-2
3,3,90,10,-49,-74,0,,3
3,3,120,20,-27,-59,0,,-1
3,3,80,20,-2,-49,0,,-4
3,3,40,40,-16,-28,0,,14
3,3,50,50,-4,-18,0,,1
3,3,60,50,-7,-28,0,,-5
3,3,30,40,-11,-15,0,,-4
3,3,70,20,38,16,0,,0
3,3,40,40,-8,-29,0,,-5
3,3,30,30,-17,-31,0,,-5
3,3,50,30,-34,-60,0,,-3
3,3,120,30,35,-34,0,,2
3,3,220,40,95,93,4,,3
3,3,220,80,129,120,1,,-1
3,3,190,50,136,119,0,,3
3,3,220,80,99,60,0,,-4
3,3,220,70,79,44,0,,-8
3,3,170,60,90,76,7,,4
3,3,240,90,115,83,0,,-3
3,3,210,90,90,76,7,8.0,-2
3,3,250,50,55,32,0,8.0,3
3,3,130,50,52,50,4,8.0,9
3,3,210,30,49,45,0,7.0,-6
3,3,180,60,97,55,5,8.0,-3
3,3,190,80,96,41,0,8.0,-7
3,3,180,40,81,72,-1,8.0,-1
3,3,250,20,41,40,0,1.0,13
3,3,190,30,52,38,0,7.0,5
3,3,260,20,7,4,0,0.0,2
3,3,190,30,44,41,0,0.0,-5
3,3,150,10,39,38,0,0.0,-13
3,3,260,10,21,8,0,0.0,9
3,3,190,10,9,8,0,0.0,-7
3,3,150,10,7,7,0,0.0,-1
3,3,210,30,27,19,0,0.0,-1
3,3,250,60,86,61,0,8.0,0
3,3,230,110,89,57,-1,8.0,-7
3,3,230,40,9,5,5,7.0,-2
3,3,270,20,-6,-9,0,2.0,-15
3,3,330,30,28,21,1,8.0,-4
3,3,320,50,49,16,0,8.0,1
3,3,340,60,49,29,-1,8.0,-2
3,3,10,60,53,26,-1,8.0,-1
3,3,60,50,91,33,0,4.0,-6
3,3,70,50,79,27,0,0.0,-9
3,3,90,30,90,27,0,0.0,-5
3,3,110,30,86,5,0,0.0,-3
3,3,240,20,69,55,-1,7.0,24
3,3,20,10,27,27,0,7.0,-3
3,3,50,40,77,47,0,0.0,-8
3,3,240,140,112,91,-1,8.0,-40
3,3,250,90,99,84,1,8.0,6
3,3,250,40,72,42,-1,8.0,-1
3,3,330,10,12,-4,0,8.0,-1
3,3,300,20,-15,-26,0,0.0,-5
3,3,230,60,39,2,0,8.0,1
3,3,200,40,72,59,0,8.0,-2
3,3,190,30,17,16,0,0.0,-4
3,3,200,70,82,42,0,8.0,1
3,3,180,50,44,30,0,1.0,4
3,3,220,80,58,42,-1,7.0,2
3,3,240,80,78,59,20,7.0,-15
3,3,250,80,63,19,0,4.0,2
3,3,170,20,67,62,1,8.0,9
3,3,140,30,47,26,0,8.0,9
3,3,200,50,104,91,9,8.0,-7
3,3,360,50,53,17,0,8.0,-4
3,3,270,20,-2,-11,0,2.0,-4
3,3,290,40,17,7,2,8.0,-6
3,3,260,30,20,9,0,8.0,-7
3,3,280,60,71,51,-1,7.0,-9
3,3,260,30,18,13,-1,8.0,0
3,3,300,20,-28,-44,0,0.0,-2
3,3,170,20,2,-3,7,8.0,0
3,3,260,40,-7,-10,1,6.0,-2
3,3,230,40,11,5,1,8.0,0
3,3,100,20,35,28,0,8.0,0
3,3,240,10,56,52,0,8.0,-5
3,3,240,90,73,33,0,7.0,-6
3,3,170,40,79,21,0,2.0,16
3,3,210,30,76,69,2,8.0,1
3,3,60,20,17,3,0,6.0,3
3,3,280,30,65,58,0,8.0,-1
3,3,200,30,16,8,0,0.0,1
3,3,140,60,52,-7,0,7.0,0
3,3,210,10,13,10,0,8.0,-3
3,3,330,70,46,33,1,8.0,2
3,3,230,20,-15,-18,0,3.0,-5
3,3,210,70,75,67,-1,8.0,4
3,3,230,60,20,3,0,1.0,-2
3,3,220,50,45,29,0,7.0,8
3,3,280,30,47,35,-1,8.0,-5
3,3,220,50,66,19,0,8.0,1
3,3,260,30,49,45,0,6.0,-1
3,3,180,20,76,54,0,7.0,0
3,3,270,40,73,38,0,8.0,-2
3,3,300,20,67,53,0,8.0,-1
3,3,200,10,45,39,0,8.0,-10
3,3,50,10,4,-12,0,0.0,-11
3,3,0,0,29,3,0,8.0,-1
3,3,40,20,-1,-19,0,0.0,5
3,3,60,10,-25,-40,0,0.0,-5
3,3,290,20,31,17,0,8.0,16
3,3,250,40,73,47,0,8.0,-1
3,3,300,60,31,15,3,7.0,-17
3,3,200,50,42,29,8,8.0,-3
3,3,240,40,36,23,0,8.0,-10
3,3,250,40,64,52,0,8.0,-5
3,3,200,40,49,38,27,8.0,-1
3,3,290,30,52,45,5,8.0,-3
3,3,250,10,-9,-16,0,7.0,2
3,3,210,10,-13,-19,0,0.0,4
3,3,260,60,33,20,4,8.0,-1
3,3,210,10,-15,-20,0,3.0,-9
3,3,0,0,-32,-37,0,0.0,-7
3,3,50,30,-12,-21,0,0.0,-3
3,3,320,10,-31,-41,0,0.0,-3
3,3,330,70,25,-1,0,6.0,-9
3,3,50,40,-32,-69,0,0.0,-2
3,3,20,20,-50,-95,0,4.0,4
3,3,40,40,-36,-58,0,0.0,-3
3,3,40,40,-21,-74,0,0.0,-2
3,3,20,40,-18,-37,0,8.0,3
3,3,270,20,23,10,-1,8.0,-3
3,3,290,30,31,19,0,8.0,1
3,3,250,50,47,21,0,8.0,1
3,3,270,30,50,41,-1,8.0,1
3,3,290,30,54,46,0,8.0,1
3,3,210,20,25,5,0,7.0,0
3,3,180,20,40,5,0,0.0,-1
3,3,190,40,121,19,0,8.0,4
3,3,200,50,120,113,1,8.0,6
3,3,260,30,111,100,22,8.0,-4
3,3,160,10,59,51,0,8.0,2
3,3,230,30,90,55,0,8.0,0
3,3,130,20,84,52,0,7.0,0
3,3,140,20,108,58,0,8.0,-1
3,3,190,40,109,81,0,8.0,-5
3,3,190,40,79,56,1,8.0,-1
3,3,250,30,76,63,-1,7.0,4
3,3,350,10,82,74,13,8.0,-5
3,3,140,40,106,93,0,8.0,0
3,3,180,40,49,26,0,0.0,8
3,3,30,30,33,25,0,8.0,-2
3,3,40,60,3,-13,0,7.0,-4
3,3,50,40,-8,-33,0,0.0,-8
3,3,50,30,-11,-34,0,0.0,-5
3,3,10,50,-12,-13,0,9.0,-3
3,3,350,20,-9,-26,0,0.0,-6
3,3,70,20,0,-56,0,0.0,1
3,3,120,20,-4,-90,0,0.0,-6
3,3,220,40,61,31,0,7.0,14
3,3,210,60,45,30,0,4.0,2
3,3,260,60,87,51,0,8.0,-8
3,3,140,20,24,11,0,5.0,5
3,3,180,40,95,55,0,8.0,3
3,3,220,20,91,89,3,8.0,0
3,3,60,40,85,78,0,1.0,-1
3,3,50,50,78,53,0,0.0,-5
3,3,40,40,46,33,0,8.0,1
3,3,290,20,49,33,-1,8.0,-1
3,3,30,40,51,44,-1,8.0,0
3,3,0,0,-22,-29,0,0.0,-1
3,3,990,10,-19,-29,0,0.0,1
3,3,160,10,0,-12,0,0.0,-6
3,3,990,10,20,15,0,0.0,-8
3,3,20,20,49,32,0,0.0,-26
3,3,20,20,44,36,0,0.0,2
3,3,350,10,32,11,0,7.0,-17
3,3,80,30,51,10,0,8.0,-2
3,3,320,10,17,-4,0,0.0,-9
3,3,0,0,-8,-13,0,1.0,-3
3,3,140,10,26,8,0,0.0,-13
3,3,200,50,103,90,0,8.0,1
3,3,360,20,76,73,0,8.0,-1
3,3,70,20,77,74,0,8.0,0
3,3,140,30,89,76,0,8.0,-1
3,3,180,20,52,49,0,5.0,11
3,3,200,60,60,51,3,8.0,-13
3,3,140,20,39,17,0,8.0,1
3,3,200,20,11,7,0,1.0,4
3,3,270,30,32,19,0,1.0,-2
3,3,230,30,46,28,0,8.0,-3
3,3,220,30,79,62,0,8.0,1
3,3,330,30,84,77,0,8.0,-3
3,3,270,20,45,45,0,8.0,2
3,3,40,30,78,67,0,8.0,-5
3,3,30,30,65,42,0,8.0,-1
3,3,40,10,-1,-6,0,0.0,-8
3,3,210,20,61,31,0,0.0,0
3,3,230,30,82,51,0,8.0,-1
3,3,180,50,95,73,-1,8.0,0
3,3,330,20,47,35,0,8.0,-10
3,3,200,20,14,-3,0,0.0,2
3,3,360,10,26,21,0,0.0,-6
3,3,80,20,58,36,0,0.0,3
3,3,70,20,93,72,0,0.0,-7
3,3,330,10,47,41,0,0.0,-9
3,3,10,20,57,52,0,0.0,-12
3,3,360,10,56,13,0,0.0,-11
3,3,10,10,29,20,0,0.0,-5
3,3,250,10,38,32,0,0.0,-4
3,3,340,20,28,18,0,0.0,-1
3,3,270,30,79,57,0,8.0,1
3,3,250,30,65,61,0,6.0,11
3,3,30,10,20,3,0,8.0,-5
3,3,360,10,18,-11,0,8.0,-1
3,3,300,10,16,-10,0,8.0,-2
3,3,100,30,9,-18,0,0.0,-1
3,3,140,30,20,-16,0,0.0,-3
3,3,130,30,71,12,0,7.0,-3
3,3,70,30,91,19,0,8.0,-1
3,3,120,20,97,91,0,8.0,-1
3,3,90,10,101,101,1,8.0,0
3,3,260,40,33,23,0,8.0,-9
3,3,50,60,-17,-56,0,8.0,-2
3,3,40,70,-36,-39,10,8.0,-1
3,3,220,10,-110,-114,0,0.0,-6
3,3,230,20,-47,-49,0,1.0,4
3,3,170,10,-60,-64,0,7.0,21
3,3,190,60,40,-34,0,8.0,-2
3,3,160,60,41,16,1,8.0,-3
3,3,190,60,45,19,0,8.0,-4
3,3,150,20,13,-2,0,3.0,-13
3,3,80,30,15,15,0,9.0,1
3,3,290,10,0,-14,0,8.0,-2
3,3,70,30,-13,-21,0,0.0,0
3,3,80,70,0,-55,0,8.0,-1
3,3,70,80,-23,-114,0,7.0,-3
3,3,70,70,-15,-101,0,8.0,-3
3,3,70,50,-21,-94,0,2.0,-3
3,3,70,40,-24,-76,0,0.0,-2
3,3,60,40,-17,-72,0,0.0,-10
3,3,260,10,-31,-33,0,7.0,5
3,3,30,20,-30,-40,0,7.0,0
3,3,350,30,-27,-43,0,5.0,-2
3,3,160,20,38,28,0,7.0,5
3,3,200,40,29,21,0,1.0,-7
3,3,130,40,45,2,0,8.0,2
3,3,140,10,15,2,0,0.0,-4
3,3,220,10,-15,-15,0,9.0,-6
3,3,170,10,-10,-11,0,0.0,5
3,3,160,30,31,-1,0,0.0,1
3,3,60,10,38,38,0,0.0,18
3,3,230,10,44,4,0,0.0,-29
3,3,150,40,55,3,0,0.0,-5
3,3,20,50,71,60,0,8.0,0
3,3,60,30,63,48,0,0.0,-29
3,3,0,0,11,8,0,0.0,-4
3,3,0,0,-1,-5,0,0.0,-3
3,3,270,40,80,62,0,7.0,8
3,3,270,50,98,63,0,8.0,-2
3,3,240,30,69,62,0,7.0,8
3,3,230,20,71,63,0,4.0,14
3,3,270,50,98,62,0,8.0,-1
3,3,190,20,69,50,0,0.0,-3
3,3,240,50,121,74,0,8.0,-3
3,3,160,30,56,32,0,5.0,-4
3,3,180,20,9,2,0,0.0,6
3,3,0,0,37,33,-1,8.0,3
3,3,60,10,-10,-12,0,0.0,-11
3,3,330,10,4,-3,0,0.0,-5
3,3,50,30,13,-1,0,6.0,17
3,3,300,10,55,23,0,2.0,-8
3,3,120,20,78,25,0,0.0,-7
3,3,130,20,77,27,0,5.0,-4
3,3,60,10,94,59,0,8.0,12
3,3,190,80,55,44,1,8.0,3
3,3,260,60,46,13,0,0.0,-5
3,3,230,70,29,7,0,6.0,-2
3,3,220,50,15,1,0,0.0,1
3,3,280,20,17,14,0,0.0,-14
3,3,230,30,44,13,0,8.0,0
3,3,170,40,25,8,0,3.0,0
3,3,190,30,44,-5,0,0.0,-8
3,3,330,30,83,71,0,8.0,-3
3,3,210,30,82,73,-1,8.0,5
3,3,0,0,-22,-25,0,1.0,-1
3,3,60,10,-1,-17,0,0.0,14
3,3,80,30,29,3,0,0.0,1
3,3,30,40,0,-25,0,0.0,9
3,3,50,30,42,24,0,8.0,5
3,3,50,20,17,9,0,0.0,-4
3,3,10,10,-13,-18,0,0.0,3
3,3,0,0,11,5,0,0.0,3
3,3,320,40,55,44,0,8.0,1
3,3,350,10,7,6,0,9.0,18
3,3,230,40,34,23,1,8.0,0
3,3,50,50,54,23,0,8.0,-6
3,3,180,10,-27,-31,0,0.0,8
3,3,160,10,-21,-29,0,0.0,-8
3,3,10,50,49,39,5,8.0,0
3,3,230,20,18,14,0,6.0,-2
3,3,250,50,53,24,0,8.0,1
3,3,150,30,-5,-15,0,0.0,6
3,3,240,90,105,73,0,8.0,-1
3,3,260,60,67,30,0,2.0,-5
3,3,240,130,107,96,4,8.0,-1
3,3,220,20,-54,-63,0,4.0,3
3,3,230,80,79,55,0,8.0,-5
3,3,200,40,28,13,0,8.0,-7
3,3,150,40,18,3,0,8.0,3
3,3,0,0,-43,-45,0,3.0,7
3,3,160,10,2,-6,0,8.0,8
3,3,270,30,17,12,0,8.0,-1
3,3,260,10,-11,-14,0,8.0,0
3,3,160,60,23,-3,0,8.0,4
3,3,90,20,22,-23,0,7.0,-15
3,3,60,20,15,-1,0,0.0,-12
3,3,50,20,-19,-23,0,0.0,-7
3,3,60,40,2,-26,0,0.0,-6
3,3,60,50,1,-26,0,0.0,-5
3,3,30,30,-13,-23,0,7.0,12
3,3,50,40,25,13,0,3.0,-5
3,3,60,30,12,-25,0,0.0,-28
3,3,330,40,22,20,0,9.0,-1
3,3,320,20,53,26,0,8.0,0
3,3,350,20,55,22,0,8.0,-1
3,3,290,20,60,53,-1,8.0,-2
3,3,260,20,31,27,0,1.0,-5
3,3,270,20,55,48,0,8.0,1
3,3,240,20,62,59,1,8.0,0
3,3,210,50,67,56,2,8.0,-1
3,3,170,20,18,16,0,9.0,4
3,3,290,30,81,71,5,8.0,-5
3,3,170,80,90,39,0,8.0,5
3,3,220,80,57,36,-1,7.0,5
3,3,240,70,80,44,-1,7.0,-5
3,3,220,10,58,55,1,8.0,-1
3,3,220,40,51,48,20,8.0,7
3,3,250,120,68,38,1,8.0,0
3,3,160,30,21,0,0,8.0,1
3,3,150,30,86,53,0,8.0,2
3,3,220,70,67,54,-1,8.0,0
3,3,180,30,50,46,1,8.0,4
3,3,250,30,45,39,0,8.0,0
3,3,160,30,29,20,0,8.0,5
3,3,200,20,58,55,0,8.0,19
3,3,250,10,13,7,0,0.0,-12
3,3,150,20,27,3,0,8.0,10
3,3,120,20,58,9,0,8.0,-4
3,3,20,10,-4,-14,0,8.0,8
3,3,200,20,34,31,0,8.0,6
3,3,260,20,90,79,0,8.0,-3
3,3,160,10,13,11,0,2.0,-2
3,3,260,30,85,66,0,8.0,4
3,3,240,80,81,74,10,8.0,7
3,3,240,60,110,104,1,8.0,0
3,3,220,60,96,89,2,8.0,-2
3,3,250,40,92,77,0,8.0,-9
3,3,150,20,-15,-36,0,0.0,19
3,3,90,10,19,4,0,8.0,29
3,3,60,50,56,38,0,6.0,4
3,3,40,50,42,6,0,8.0,6
3,3,70,30,56,28,0,8.0,-6
3,3,10,10,18,8,0,8.0,-2
3,3,190,10,30,3,0,7.0,-5
3,3,210,40,95,75,0,8.0,4
3,3,170,30,105,73,0,8.0,5
3,3,140,30,128,72,0,8.0,-8
3,3,70,70,-71,-147,0,8.0,2
3,3,70,70,-53,-138,0,8.0,-2
3,3,70,40,-25,-40,3,8.0,2
3,3,110,20,6,-13,0,3.0,-2
3,3,190,50,47,35,0,7.0,-5
3,3,130,20,39,10,0,8.0,-8
3,3,120,10,24,19,0,8.0,-13
3,3,200,40,26,17,0,0.0,-6
3,3,210,40,23,8,0,3.0,-2
3,3,150,30,91,85,2,8.0,0
3,3,100,20,89,86,0,8.0,4
3,3,170,20,87,76,0,8.0,-3
3,3,220,70,84,77,2,8.0,-3
3,3,190,10,6,3,0,9.0,-4
3,3,110,60,55,12,0,8.0,-3
3,3,990,10,61,55,0,8.0,4
3,3,60,80,-5,-42,0,8.0,-2
3,3,70,80,-20,-89,0,8.0,0
3,3,60,50,-27,-115,0,8.0,-1
3,3,280,20,-19,-63,0,8.0,8
3,3,10,20,5,-8,0,8.0,2
3,3,210,50,38,15,-1,8.0,3
3,3,230,40,53,37,0,8.0,-3
3,3,150,30,52,25,0,8.0,-1
3,3,20,10,-8,-18,0,0.0,-9
3,3,340,30,17,14,0,9.0,-1
3,3,990,10,13,10,0,8.0,2
3,3,260,30,71,66,2,8.0,1
3,3,210,40,37,23,-1,8.0,-7
3,3,130,20,53,36,4,8.0,3
3,3,170,30,42,32,0,6.0,-9
3,3,280,20,87,83,6,8.0,-9
3,3,180,20,56,45,0,8.0,2
3,3,190,60,91,70,5,8.0,-1
3,3,200,80,124,62,0,8.0,6
3,3,220,80,48,29,1,7.0,2
3,3,170,40,80,65,0,8.0,4
3,3,150,40,109,87,0,8.0,-1
3,3,240,60,64,51,1,8.0,4
3,3,230,80,80,72,5,8.0,7
3,3,220,50,68,45,3,8.0,-8
3,3,250,50,35,4,-1,7.0,1
3,3,190,40,36,6,0,8.0,6
3,3,220,80,47,21,0,2.0,4
3,3,230,70,67,29,0,8.0,-5
3,3,220,50,66,37,0,8.0,5
3,3,250,40,82,66,3,8.0,-8
3,3,210,90,95,51,-1,8.0,-12
3,3,250,50,38,23,1,8.0,-5
3,3,160,10,-18,-28,0,1.0,-1
3,3,190,20,55,28,0,8.0,2
3,3,140,10,33,31,0,8.0,5
3,3,360,20,36,34,0,9.0,25
3,3,220,20,74,62,0,8.0,4
3,3,20,30,49,27,0,8.0,-8
3,3,260,40,58,28,0,8.0,0
3,3,330,40,66,9,0,8.0,-6
3,3,320,10,31,26,0,8.0,7
3,3,290,10,77,47,0,8.0,-6
3,3,0,0,14,11,0,0.0,1
3,3,150,20,57,36,0,0.0,-13
3,3,20,30,80,57,0,7.0,6
3,3,210,80,58,14,0,8.0,2
3,3,180,40,40,21,0,8.0,-1
3,3,220,30,20,14,0,3.0,-4
3,3,230,40,47,42,2,8.0,3
3,3,110,30,49,37,3,8.0,-1
3,3,350,50,51,42,7,8.0,-1
3,3,250,10,26,20,0,4.0,-12
3,3,190,60,76,43,0,8.0,-1
3,3,220,50,68,52,0,8.0,-4
3,3,200,90,66,56,13,8.0,5
3,3,300,30,106,103,39,8.0,-4
3,3,250,110,108,90,15,8.0,-4
3,3,230,70,59,27,0,8.0,0
3,3,120,20,19,15,0,8.0,7
3,3,180,40,73,54,0,8.0,-2
3,3,190,10,48,38,0,7.0,-6
3,3,220,20,37,31,0,8.0,-5
3,3,200,30,54,20,0,8.0,-2
3,3,200,10,71,44,0,8.0,0
3,3,40,40,79,55,0,8.0,-1
3,3,40,60,34,19,0,0.0,-3
3,3,70,50,19,-43,0,0.0,-8
3,3,110,50,23,-75,0,0.0,-4
3,3,110,30,19,-87,0,7.0,-7
3,3,100,30,20,-95,0,0.0,-1
3,3,40,30,-9,-72,0,0.0,14
3,3,30,40,15,-32,0,0.0,-11
3,3,30,50,54,14,0,0.0,-1
3,3,310,30,22,-6,0,5.0,9
3,3,340,10,-27,-65,0,0.0,-17
3,3,30,40,6,-4,0,0.0,0
3,3,90,5,28,22,-1,8.0,-2
3,3,50,5,26,14,0,8.0,0
3,3,230,15,45,35,0,2.0,-13
3,3,990,5,-2,-6,0,0.0,2
3,3,160,21,66,51,5,8.0,-1
3,3,140,21,84,70,-1,8.0,-4
3,3,130,26,112,69,0,7.0,5
3,3,120,26,104,62,0,8.0,-2
3,3,90,10,75,68,0,4.0,-7
3,3,200,21,73,61,0,6.0,-2
3,3,210,21,75,69,0,0.0,-3
3,3,180,15,76,64,0,7.0,-2
3,3,110,10,46,39,0,0.0,-7
3,3,160,5,37,30,0,0.0,-15
3,3,240,21,98,84,1,7.0,2
3,3,170,21,85,79,0,8.0,-6
3,3,190,15,90,56,0,4.0,-4
3,3,90,5,32,28,0,0.0,0
3,3,200,57,86,61,2,8.0,3
3,3,250,46,108,80,0,7.0,-1
3,3,240,72,131,108,-1,8.0,-3
3,3,260,21,60,56,0,8.0,5
3,3,360,5,0,-4,0,0.0,-11
3,3,360,15,48,23,0,8.0,-1
3,3,40,21,35,22,0,0.0,-1
3,3,80,72,49,9,0,8.0,-3
3,3,60,21,21,-10,0,0.0,2
3,3,30,10,62,23,0,7.0,-3
3,3,360,5,1,-20,0,1.0,6
3,3,70,5,-17,-30,0,0.0,-1
3,3,300,10,51,34,0,8.0,7
3,3,190,36,62,23,0,0.0,-3
3,3,220,62,94,46,-1,8.0,-4
3,3,250,51,44,32,0,5.0,8
3,3,240,26,79,73,-1,8.0,0
3,3,100,21,46,42,0,0.0,-5
3,3,230,57,92,81,2,8.0,-3
3,3,150,15,18,12,0,0.0,3
3,3,190,15,59,41,0,8.0,-3
3,3,350,10,69,62,0,8.0,0
3,3,210,15,38,31,0,3.0,0
3,3,270,62,42,5,0,0.0,-11
3,3,220,93,58,43,-1,8.0,7
3,3,260,93,81,62,5,8.0,2
3,3,300,77,16,-2,1,5.0,-5
3,3,320,62,45,5,0,3.0,1
3,3,270,15,26,10,0,5.0,-10
3,3,210,31,66,51,-1,8.0,0
3,3,240,10,41,38,0,7.0,-14
3,3,270,36,89,80,1,8.0,-5
3,3,230,46,87,67,0,8.0,-1
3,3,240,51,103,87,0,8.0,-2
3,3,260,51,65,40,2,8.0,-11
3,3,240,36,40,30,4,8.0,2
3,3,40,21,21,15,0,2.0,3
3,3,10,41,42,19,0,8.0,-1
3,3,200,77,34,21,9,8.0,-2
3,3,990,5,35,31,0,8.0,1
3,3,300,26,8,-6,0,2.0,3
3,3,270,15,17,1,0,5.0,-8
3,3,130,31,49,40,0,7.0,3
3,3,120,57,90,32,0,8.0,-3
3,3,90,21,-21,-21,0,4.0,-6
3,3,50,77,12,-19,0,5.0,-2
3,3,50,46,-18,-37,0,1.0,-2
3,3,10,21,-26,-43,0,5.0,-2
3,3,230,10,-10,-18,0,7.0,4
3,3,300,21,50,50,0,8.0,0
3,3,320,26,50,50,-1,8.0,-1
3,3,50,26,-2,-8,0,0.0,-7
3,3,90,41,-12,-28,0,0.0,-2
3,3,160,15,11,-5,0,5.0,0
3,3,10,5,49,40,0,7.0,0
3,3,160,5,15,14,0,0.0,-9
3,3,140,10,14,1,0,0.0,-2
3,3,170,10,42,12,0,0.0,-16
3,3,160,5,64,54,0,5.0,-9
3,3,230,31,47,32,0,0.0,1
3,3,250,62,87,67,-1,8.0,-5
3,3,240,51,96,77,0,8.0,-1
3,3,250,26,17,-1,0,0.0,-14
3,3,220,26,-12,-29,0,0.0,1
3,3,190,5,24,0,0,0.0,11
3,3,210,26,54,36,0,5.0,6
3,3,290,36,55,33,0,2.0,-7
3,3,240,26,6,0,0,0.0,-4
3,3,270,26,16,7,0,1.0,-1
3,3,320,31,23,7,-1,3.0,5
3,3,30,15,-30,-46,0,0.0,-10
3,3,80,36,-41,-53,0,0.0,-9
3,3,80,31,-36,-61,0,0.0,-10
3,3,100,26,-33,-67,0,0.0,5
3,3,210,21,84,42,0,7.0,0
3,3,220,26,70,70,0,7.0,-3
3,3,200,31,34,28,0,4.0,2
3,3,220,36,16,12,0,1.0,8
3,3,280,31,40,19,0,1.0,-17
3,3,140,21,27,6,0,4.0,-2
3,3,260,41,52,24,0,3.0,-5
3,3,230,72,74,55,0,8.0,3
3,3,220,57,94,91,1,8.0,-1
3,3,230,41,96,80,0,7.0,0
3,3,270,31,84,73,0,8.0,-2
3,3,160,15,12,11,0,0.0,-15
3,3,230,36,49,28,0,7.0,-2
3,3,210,108,65,42,6,8.0,-2
3,3,260,51,54,21,0,0.0,4
3,3,240,82,104,83,-1,8.0,-4
3,3,240,36,36,23,0,0.0,3
3,3,270,82,46,-14,0,6.0,-5
3,3,230,57,30,11,0,7.0,3
3,3,240,118,88,82,22,8.0,1
3,3,230,41,22,13,0,3.0,2
3,3,210,15,10,-5,0,7.0,1
3,3,220,10,-22,-30,0,0.0,1
3,3,230,82,95,90,-1,8.0,-2
3,3,240,113,114,105,4,8.0,3
3,3,230,51,88,84,1,8.0,2
3,3,290,41,47,29,0,1.0,1
3,3,260,10,4,1,0,5.0,-14
3,3,140,36,44,0,0,8.0,-2
3,3,240,62,112,101,-1,8.0,2
3,3,210,31,99,96,0,6.0,-1
3,3,220,103,156,74,0,5.0,-17
3,3,240,93,100,50,0,8.0,2
3,3,220,72,38,14,0,7.0,-2
3,3,190,67,54,36,0,3.0,3
3,3,260,41,11,8,-1,8.0,1
3,3,180,62,21,-3,0,8.0,2
3,3,230,72,34,22,0,6.0,-3
3,3,220,41,9,6,0,3.0,1
3,3,150,67,61,4,0,8.0,-9
3,3,230,51,36,24,0,7.0,-12
3,3,120,26,3,-10,0,0.0,-2
3,3,110,41,43,-9,0,3.0,-8
3,3,0,0,24,6,0,0.0,-7
3,3,90,26,22,6,0,0.0,0
3,3,60,31,-2,-10,0,0.0,-2
3,3,180,36,45,44,12,8.0,5
3,3,230,46,14,10,0,5.0,0
3,3,200,72,74,45,0,7.0,0
3,3,250,118,75,24,0,3.0,-1
3,3,240,57,59,49,-1,7.0,2
3,3,240,31,9,3,0,1.0,3
3,3,280,36,36,24,0,5.0,0
3,3,0,0,-18,-22,0,1.0,-9
3,3,220,26,2,-12,0,0.0,-6
3,3,220,36,29,-2,0,0.0,-2
3,3,250,67,74,49,0,3.0,6
3,3,260,51,77,73,4,8.0,-5
3,3,250,82,78,69,11,8.0,2
3,3,250,36,-7,-13,0,1.0,-1
3,3,330,62,-1,-1,2,7.0,-3
3,3,310,21,4,-3,0,3.0,-2
3,3,200,46,48,11,-1,8.0,-7
3,3,290,21,20,10,0,8.0,4
3,3,310,15,-32,-33,0,2.0,10
3,3,100,10,1,1,0,8.0,-4
3,3,300,5,-44,-44,0,0.0,-2
3,3,270,21,39,38,-1,8.0,0
3,3,270,26,22,21,0,8.0,1
3,3,20,41,26,5,0,8.0,-3
3,3,80,51,-1,-22,0,0.0,-6
3,3,90,41,-3,-23,0,0.0,-4
3,3,80,41,-16,-32,0,0.0,-3
3,3,40,36,-29,-57,0,0.0,-4
3,3,80,51,-54,-75,0,1.0,-14
3,3,70,51,-50,-71,0,0.0,-3
3,3,80,51,-42,-63,0,0.0,0
3,3,80,51,2,-30,0,7.0,-11
3,3,70,36,-13,-19,0,0.0,-9
3,3,70,36,35,14,0,8.0,0
3,3,40,21,43,27,0,8.0,-5
3,3,290,5,39,26,0,8.0,-2
3,3,310,10,4,4,0,6.0,-4
3,3,210,10,65,43,0,8.0,-3
3,3,200,15,62,62,0,7.0,4
3,3,110,10,62,62,0,8.0,-4
3,3,300,21,68,67,0,8.0,-1
3,3,80,46,31,27,0,0.0,0
3,3,20,21,46,29,0,7.0,0
3,3,360,41,-21,-52,0,2.0,-3
3,3,0,0,-33,-55,0,6.0,5
3,3,260,31,10,7,0,5.0,-2
3,3,280,26,-6,-9,0,1.0,-9
3,3,280,21,-14,-28,0,5.0,-4
3,3,260,40,84,72,0,7.0,-9
3,3,200,50,104,78,0,3.0,-9
3,3,230,30,66,57,0,7.0,-3
3,3,70,30,59,47,0,8.0,-5
3,3,100,20,44,40,0,1.0,5
3,3,200,40,73,51,0,8.0,-3
3,3,990,10,26,25,0,7.0,4
3,3,180,20,63,46,0,4.0,-14
3,3,30,10,52,46,0,0.0,-11
3,3,90,10,37,31,0,0.0,-17
3,3,310,20,28,27,0,8.0,-2
3,3,80,40,38,34,0,8.0,-1
3,3,260,30,75,69,0,7.0,-7
3,3,230,50,76,49,0,8.0,-1
3,3,230,30,85,74,0,7.0,0
3,3,280,20,98,93,0,8.0,-2
3,3,280,40,95,90,2,8.0,1
3,3,120,30,54,45,0,8.0,4
3,3,230,50,69,55,3,8.0,-2
3,3,330,20,29,-13,0,8.0,0
3,3,270,20,38,31,0,1.0,4
3,3,0,0,-28,-28,0,0.0,-5
3,3,170,20,43,3,0,8.0,1
3,3,70,10,57,57,0,8.0,-3
3,3,0,0,60,60,4,8.0,1
3,3,210,20,38,38,0,7.0,15
3,3,270,40,103,97,-1,8.0,-7
3,3,290,80,76,47,-1,8.0,-11
3,3,290,30,47,19,0,0.0,0
3,3,270,30,61,52,0,8.0,-2
3,3,250,10,14,14,0,0.0,-12
3,3,230,50,3,-1,0,,-5
3,3,220,80,60,53,-1,,4
3,3,200,70,84,62,1,,-4
3,3,200,70,137,52,0,,6
3,3,220,130,67,36,1,,-10
3,3,260,30,55,50,1,,0
3,3,220,90,93,87,11,8.0,-1
3,3,250,40,80,69,0,7.0,3
3,3,990,10,-40,-51,0,2.0,13
3,3,200,30,-11,-14,0,5.0,1
3,3,180,100,49,-29,0,8.0,-15
3,3,350,40,35,28,0,7.0,-4
3,3,190,20,-27,-27,0,1.0,10
3,3,280,40,64,56,0,,-2
3,3,290,30,68,58,0,,-3
3,3,270,30,79,77,0,,1
3,3,240,30,77,53,0,,0
3,3,230,40,87,75,0,,0
3,3,290,20,26,26,0,,-2
3,3,270,30,27,18,0,,5
3,3,340,20,36,29,0,,-2
3,3,340,30,35,11,0,,0
3,3,320,20,57,53,0,,1
3,3,60,30,-35,-65,0,,4
3,3,170,20,8,-35,0,,-6
3,3,160,30,17,-47,0,,-5
3,3,220,60,80,80,-1,,1
3,3,180,30,106,99,0,,-2
3,3,120,20,92,82,0,,-12
3,3,120,30,130,80,0,,-12
3,3,180,10,115,104,0,,3
3,3,220,90,76,68,4,,-1
3,3,260,40,92,92,-1,,0
3,3,230,60,90,73,-1,,-6
3,3,180,30,58,50,6,,6
3,3,130,20,47,40,0,,6
3,3,230,50,42,39,0,8.0,-1
3,3,200,30,15,8,0,2.0,0
3,3,210,50,32,28,2,8.0,-1
3,3,90,30,41,38,-1,8.0,-2
3,3,220,20,5,5,0,6.0,3
3,3,0,0,-34,-34,0,0.0,-4
3,3,100,30,18,7,0,2.0,-1
3,3,140,20,59,53,0,4.0,5
3,3,990,10,74,74,0,7.0,0
3,3,350,20,9,9,0,1.0,-13
3,3,60,20,19,19,0,1.0,-10
3,3,60,30,46,25,0,8.0,-3
3,3,990,10,39,34,0,6.0,2
3,3,300,30,38,37,0,0.0,-7
3,3,290,20,28,13,0,7.0,2
3,3,220,40,58,48,0,8.0,1
3,3,280,20,48,47,1,8.0,-1
3,3,200,60,39,32,9,8.0,6
3,3,220,60,77,74,0,8.0,-5
3,3,90,20,20,17,0,0.0,7
3,3,200,40,106,92,0,8.0,-4
3,3,300,40,63,56,0,7.0,-11
3,3,360,40,40,40,0,7.0,-1
3,3,180,20,12,0,0,0.0,-15
3,3,180,30,73,27,0,3.0,-9
3,3,220,10,108,94,0,7.0,-6
3,3,260,40,60,49,0,,-1
3,3,250,30,14,0,0,,-16
3,3,220,120,79,72,4,,6
3,3,270,30,14,8,0,,2
3,3,250,40,-2,-7,0,,-1
3,3,230,50,23,13,0,,2
3,3,230,70,73,46,0,,2
3,3,240,70,100,96,1,,-1
3,3,260,100,121,107,2,,0
3,3,340,20,59,35,0,,-8
3,3,250,60,86,81,3,,-1
3,3,280,20,60,51,0,,0
3,3,210,20,39,32,0,,1
3,3,230,50,94,86,-1,8.0,1
3,3,300,30,26,-1,-1,3.0,-10
3,3,290,50,73,60,0,,2
3,3,280,40,57,53,0,,4
3,3,300,30,64,56,1,,1
3,3,0,0,56,54,0,,2
3,3,330,20,7,6,0,,-15
3,3,0,0,43,41,0,,5
3,3,50,20,2,0,0,,-3
3,3,0,0,17,15,0,,-8
3,3,120,20,74,55,0,,9
3,3,200,30,89,80,0,,-9
3,3,270,20,53,42,2,,-5
3,3,30,20,52,43,0,,-1
3,3,350,20,13,4,0,,8
3,3,50,60,44,41,1,,-1
3,3,20,40,64,49,0,,-1
3,3,0,0,53,50,0,,1
3,3,70,20,19,13,0,,4
3,3,990,10,15,9,0,,1
3,3,20,50,-16,-39,0,,-1
3,3,50,40,-3,-15,0,,1
3,3,10,20,18,-17,0,,-1
3,3,90,30,-17,-32,0,,-7
3,3,130,50,44,2,0,,1
3,3,110,20,64,61,0,,0
3,3,210,50,81,66,0,,-12
3,3,190,30,90,83,3,,0
3,3,240,50,104,92,0,,-2
3,3,240,50,101,84,0,,1
3,3,210,70,47,31,0,,1
3,3,240,60,43,27,0,,-7
3,3,120,10,17,14,0,,6
3,3,990,10,71,64,0,,1
3,3,60,60,49,15,0,,-3
3,3,40,30,34,33,20,,-2
3,3,280,70,23,14,1,,-5
3,3,180,10,-37,-42,0,,-4
3,3,70,80,14,-30,0,,0
3,3,990,10,42,38,0,,-1
3,3,130,30,55,47,2,,0
3,3,20,20,66,62,-1,,-1
3,3,40,60,26,19,1,,-3
3,3,50,40,20,-13,0,,-4
3,3,80,60,23,1,0,,-1
3,3,120,60,28,-2,-1,,4
3,3,110,30,61,54,33,,0
3,3,220,20,13,12,0,,12
3,3,180,30,28,25,0,,0
3,3,230,60,43,36,4,,1
3,3,350,20,-23,-29,0,,-13
3,3,240,30,-8,-11,0,,-5
3,3,240,30,58,40,0,,-2
3,3,360,10,52,49,0,,-3
3,3,230,50,42,31,0,,5
3,3,250,90,109,86,0,,-1
3,3,230,30,11,5,0,,-5
3,3,230,70,86,54,0,,3
3,3,240,40,20,-11,0,,-2
3,3,200,50,51,7,0,,1
3,3,90,10,45,25,0,,3
3,3,10,20,80,79,2,,-1
3,3,40,20,-6,-13,0,,3
3,3,80,90,27,16,0,,-1
3,3,140,40,71,58,0,,-2
3,3,120,20,89,72,0,,-5
3,3,160,30,81,73,0,,3
3,3,250,100,92,52,0,,-4
3,3,240,40,93,90,7,,14
3,3,0,0,81,80,7,,22
3,3,250,40,72,63,0,,2
3,3,320,20,29,16,0,,5
3,3,30,20,11,1,0,,-7
3,3,990,10,-26,-32,0,,-6
3,3,0,0,-4,-16,0,,5
3,3,360,20,-1,-25,0,,5
3,3,70,30,-24,-40,0,,-6
3,3,100,20,3,-33,0,,8
3,3,100,10,14,0,0,,-6
3,3,200,20,64,32,0,,-20
3,3,230,20,82,71,0,,-9
3,3,170,40,86,79,0,,-2
3,3,290,30,53,39,0,,-1
3,3,140,30,18,11,0,,-11
3,3,190,30,81,74,0,,2
3,3,130,30,103,78,0,,-1
3,3,210,30,9,7,0,,-1
3,3,200,80,61,35,0,,4
3,3,240,70,85,59,0,,-2
3,3,240,50,84,51,0,,4
3,3,210,50,110,76,0,,-2
3,3,260,50,78,61,0,,-1
3,3,350,30,20,9,0,,-8
3,3,80,40,-7,-40,0,,1
3,3,50,30,-1,-26,0,,-11
3,3,60,20,-6,-13,0,,-4
3,3,0,0,-14,-22,0,,-3
3,3,340,20,-5,-8,0,,-11
3,3,990,10,2,-11,0,,-5
3,3,360,10,31,6,0,,0
3,3,100,20,12,-6,0,,-8
3,3,70,30,-19,-47,0,,-3
3,3,90,20,2,-63,0,,-11
3,3,120,10,-5,-29,0,,-2
3,3,240,20,64,38,0,,-16
3,3,990,10,39,32,0,,11
3,3,60,10,19,-4,0,,-3
3,3,990,10,17,15,0,,-2
3,3,220,10,98,59,0,,-6
3,3,340,20,72,56,0,,-13
3,3,320,10,14,3,0,,5
3,3,360,20,-39,-47,0,,3
3,3,280,30,21,5,0,,1
3,3,230,40,-15,-22,0,,-1
3,3,100,10,-14,-25,0,,10
3,3,100,30,34,-9,0,,-4
3,3,60,20,3,-2,1,,0
3,3,240,30,16,9,0,,5
3,3,350,20,-21,-36,0,,-2
3,3,10,30,1,-35,0,,-10
3,3,40,40,-1,-9,0,,4
3,3,50,10,-15,-16,0,,-11
3,3,140,30,8,-7,0,,-7
3,3,160,50,69,65,4,,3
3,3,180,40,57,36,0,,-6
3,3,220,100,108,60,0,,-1
3,3,230,50,112,93,-1,,3
3,3,150,10,72,66,0,,0
3,3,70,10,42,42,0,,-8
3,3,240,50,92,70,0,,-10
3,3,230,70,80,61,0,,-6
3,3,260,90,88,35,0,,-5
3,3,230,80,62,42,0,,1
3,3,290,20,30,28,0,,-15
3,3,340,20,13,10,0,,-5
3,3,310,20,-34,-37,0,,11
3,3,350,20,-12,-19,0,,-3
3,3,0,0,-32,-32,0,,-1
3,3,220,30,13,-10,0,,5
3,3,240,20,0,-2,0,,-16
3,3,40,30,42,12,0,,-17
3,3,80,40,43,14,0,,0
3,3,210,70,-36,-93,0,,-10
3,3,200,60,-12,-57,0,,1
3,3,60,10,-14,-15,1,,0
3,3,350,20,-85,-93,0,,-16
3,3,140,20,-22,-24,1,,-13
3,3,40,40,-55,-74,0,,-2
3,3,330,30,14,11,0,,-1
3,3,290,40,38,32,2,,0
3,3,300,30,44,35,0,,-3
3,3,330,10,-12,-14,0,,1
3,3,230,60,15,10,0,,6
3,3,250,50,14,1,0,,2
3,3,280,30,34,25,4,,1
3,3,220,30,23,-3,0,,-2
3,3,200,20,6,-8,0,,13
3,3,220,60,116,67,0,,-6
3,3,240,70,136,112,0,,-1
3,3,250,60,89,79,0,,-2
3,3,270,20,100,81,0,,-3
3,3,70,40,61,56,0,,-4
3,3,80,30,20,3,0,,-6
3,3,110,40,87,5,0,,-1
3,3,210,30,92,90,0,,-19
3,3,90,30,71,57,0,,2
3,3,250,30,105,104,0,,-3
3,3,100,20,85,84,0,,-3
3,3,90,20,80,74,0,,-16
3,3,100,10,96,96,0,,7
3,3,350,10,85,77,0,,-1
3,3,80,50,88,87,0,,1
3,3,80,30,93,76,-1,,-7
3,3,240,40,-9,-15,0,,2
3,3,230,60,-21,-38,-1,,-1
3,3,200,20,-15,-25,0,,-11
3,3,210,20,-58,-59,0,,-8
3,3,220,40,-44,-50,0,,8
3,3,240,40,8,-6,0,,-2
3,3,270,30,-2,-12,0,,-4
3,3,150,50,24,-1,0,,-3
3,3,250,40,77,77,0,,-1
3,3,240,80,61,34,0,,-3
3,3,340,10,19,17,0,,2
3,3,350,10,-62,-77,0,,-3
3,3,80,10,-61,-79,0,,2
3,3,100,40,-35,-65,0,,-6
3,3,70,30,-33,-52,0,,2
3,3,50,50,4,-20,0,,1
3,3,50,50,-2,-18,0,,4
3,3,50,30,-18,-37,0,,2
3,3,30,40,-15,-20,0,,0
3,3,60,20,40,16,0,,-1
3,3,40,20,-20,-46,0,,4
3,3,360,10,-21,-40,0,,-3
3,3,40,20,-36,-59,0,,-5
3,3,100,50,18,-48,0,,-6
3,3,240,30,94,92,17,,-4
3,3,220,80,128,122,5,,0
3,3,190,40,134,116,0,,2
3,3,220,70,100,65,0,,-7
3,3,210,70,78,40,0,,-3
3,3,170,50,87,70,10,,1
3,3,240,70,116,81,0,,-1
3,3,210,90,87,77,11,,-1
3,3,270,50,63,34,0,,-1
3,3,120,50,47,41,5,,4
3,3,230,30,37,34,0,,10
3,3,160,50,105,44,0,,-4
3,3,190,70,92,48,0,,-5
3,3,200,50,77,69,-1,,2
3,3,270,20,64,58,0,,1
3,3,210,30,50,37,0,,7
3,3,240,30,14,11,0,,5
3,3,200,20,37,35,0,,-4
3,3,120,20,35,25,0,,10
3,3,10,20,34,7,0,,-7
3,3,0,0,-1,-6,0,,-2
3,3,180,10,6,5,0,,-7
3,3,240,20,34,26,0,,7
3,3,250,50,85,66,0,,2
3,3,230,130,89,57,0,,-9
3,3,220,50,4,1,-1,,4
3,3,230,30,-25,-29,0,,10
3,3,310,20,23,16,0,,-6
3,3,310,40,49,20,0,,3
3,3,350,50,52,30,0,,-4
3,3,10,40,56,31,0,,-3
3,3,50,40,81,44,0,,-10
3,3,70,50,60,30,0,,1
3,3,80,40,32,11,0,,-3
3,3,100,30,62,19,0,,-23
3,3,210,10,18,0,0,,29
3,3,30,10,20,19,0,,7
3,3,40,40,68,41,0,,-4
3,3,250,120,103,88,6,8.0,-35
3,3,250,80,87,78,7,8.0,9
3,3,260,70,74,23,-1,8.0,-3
3,3,330,10,0,-16,0,8.0,0
3,3,310,20,-15,-32,0,0.0,-5
3,3,230,60,37,0,0,8.0,1
3,3,200,30,68,56,0,8.0,-2
3,3,200,30,13,12,0,6.0,-1
3,3,190,60,76,35,0,8.0,1
3,3,190,40,37,20,0,2.0,5
3,3,220,90,53,34,0,7.0,1
3,3,240,100,85,46,-1,8.0,-25
3,3,250,70,55,12,0,4.0,2
3,3,160,30,59,51,-1,8.0,1
3,3,130,20,-3,-14,0,2.0,7
3,3,150,20,89,75,6,8.0,1
3,3,350,50,46,16,0,8.0,-5
3,3,280,30,-2,-17,-1,2.0,-1
3,3,290,30,20,4,0,8.0,-7
3,3,280,30,22,2,0,8.0,0
3,3,260,50,51,37,0,7.0,8
3,3,0,0,17,9,1,8.0,-5
3,3,300,10,-26,-43,0,0.0,-5
3,3,230,30,2,-6,-1,8.0,-2
3,3,250,40,-15,-21,-1,3.0,6
3,3,230,20,-1,-7,7,8.0,1
3,3,70,30,29,21,0,8.0,-7
3,3,190,20,50,45,0,8.0,4
3,3,240,80,68,31,0,8.0,-3
3,3,150,40,72,18,0,7.0,6
3,3,210,40,73,63,-1,8.0,-1
3,3,50,10,2,0,0,1.0,-6
3,3,270,40,64,57,0,8.0,-4
3,3,200,30,15,4,0,8.0,-1
3,3,150,60,45,-5,0,5.0,1
3,3,250,10,26,21,0,8.0,-10
3,3,320,50,44,30,5,8.0,4
3,3,250,20,-3,-7,0,8.0,-11
3,3,210,80,72,62,-1,8.0,6
3,3,250,40,26,9,-1,1.0,-8
3,3,230,50,40,25,0,8.0,4
3,3,280,30,44,32,1,7.0,-4
3,3,220,50,64,21,0,8.0,-1
3,3,270,20,50,44,0,3.0,-4
3,3,200,20,74,49,0,8.0,2
3,3,270,40,74,39,0,8.0,-2
3,3,300,20,67,54,0,8.0,-4
3,3,230,20,37,30,0,4.0,5
3,3,10,10,-21,-27,0,0.0,18
3,3,280,10,25,-1,0,8.0,7
3,3,40,20,4,-16,0,0.0,-4
3,3,0,0,-26,-41,0,0.0,-6
3,3,300,20,38,23,0,8.0,10
3,3,250,50,70,45,0,7.0,-5
3,3,290,40,27,12,0,7.0,-7
3,3,220,60,38,24,7,8.0,-1
3,3,240,40,50,29,-1,7.0,-16
3,3,250,30,64,47,-1,8.0,-10
3,3,170,40,50,36,3,8.0,-3
3,3,290,20,49,43,3,8.0,-2
3,3,220,10,-6,-11,0,0.0,-4
3,3,0,0,-13,-19,0,0.0,-1
3,3,260,80,31,21,3,8.0,0
3,3,240,20,-19,-21,0,1.0,1
3,3,220,10,-28,-32,0,2.0,-9
3,3,40,30,-11,-15,0,0.0,-5
3,3,310,10,-28,-36,0,0.0,-3
3,3,320,60,18,-18,-1,7.0,-4
3,3,50,30,-44,-75,0,0.0,-1
3,3,10,20,-30,-71,0,8.0,-2
3,3,40,30,-33,-51,0,0.0,-4
3,3,40,40,-17,-65,0,0.0,0
3,3,30,40,-19,-35,0,4.0,3
3,3,280,20,24,16,-1,8.0,1
3,3,280,20,26,16,0,8.0,-3
3,3,260,40,47,26,0,8.0,2
3,3,270,30,49,38,-1,8.0,1
3,3,290,30,54,50,-1,8.0,-1
3,3,210,30,28,15,0,3.0,-7
3,3,190,20,24,-2,0,0.0,2
3,3,190,50,118,12,-1,8.0,4
3,3,200,60,119,109,1,8.0,2
3,3,230,50,113,102,8,8.0,-7
3,3,190,10,41,35,0,8.0,3
3,3,240,40,83,58,0,8.0,0
3,3,100,20,65,43,0,7.0,3
3,3,120,30,101,60,0,6.0,2
3,3,210,50,114,78,0,7.0,-7
3,3,200,40,77,53,-1,8.0,-1
3,3,250,40,74,55,2,5.0,3
3,3,360,10,75,71,10,8.0,-2
3,3,140,30,105,87,0,8.0,0
3,3,170,50,49,22,0,3.0,3
3,3,20,20,28,20,0,8.0,-5
3,3,40,40,-3,-13,0,0.0,-2
3,3,40,30,-12,-32,0,0.0,-6
3,3,30,30,-15,-29,0,0.0,-7
3,3,10,40,-18,-18,0,8.0,3
3,3,330,20,-15,-22,0,0.0,-3
3,3,70,20,-23,-61,0,0.0,-4
3,3,120,20,-19,-88,0,0.0,5
3,3,230,40,50,32,0,7.0,19
3,3,210,50,43,30,0,5.0,-1
3,3,280,50,83,51,0,8.0,-9
3,3,180,10,25,15,0,5.0,3
3,3,170,40,94,57,0,8.0,1
3,3,220,20,94,93,1,8.0,-4
3,3,70,40,65,65,0,4.0,18
3,3,60,50,69,53,0,0.0,-1
3,3,30,30,44,36,0,8.0,2
3,3,290,20,44,38,-1,8.0,2
3,3,20,30,50,43,0,8.0,-8
3,3,60,10,-25,-27,0,0.0,0
3,3,0,0,-19,-25,0,0.0,-1
3,3,0,0,-1,-17,0,0.0,-1
3,3,360,20,40,38,0,0.0,-25
3,3,10,10,16,13,0,0.0,-4
3,3,20,10,38,35,0,0.0,-4
3,3,320,10,26,12,0,5.0,-8
3,3,60,30,16,1,0,6.0,1
3,3,350,20,7,-8,0,0.0,-10
3,3,0,0,-15,-17,0,0.0,-4
3,3,0,0,14,8,0,0.0,-3
3,3,220,50,101,92,0,8.0,0
3,3,350,10,74,69,0,8.0,0
3,3,360,10,78,75,0,8.0,1
3,3,120,30,79,68,0,8.0,-2
3,3,220,30,46,42,0,0.0,9
3,3,130,50,73,64,13,8.0,-13
3,3,110,40,51,15,0,8.0,-5
3,3,190,30,12,7,0,0.0,6
3,3,290,40,41,25,0,0.0,-5
3,3,230,30,32,23,0,8.0,5
3,3,220,40,77,58,0,8.0,2
3,3,310,20,81,68,0,8.0,-3
3,3,290,20,47,43,0,0.0,-3
3,3,20,10,73,62,0,8.0,-4
3,3,360,20,62,37,0,8.0,-1
3,3,70,20,10,7,0,0.0,-1
3,3,0,0,26,23,0,0.0,-6
3,3,210,30,79,60,0,8.0,-1
3,3,170,40,95,71,1,8.0,-2
3,3,280,10,36,25,0,6.0,-11
3,3,220,30,6,-6,0,0.0,-1
3,3,180,10,22,16,0,3.0,15
3,3,70,20,64,52,0,0.0,-11
3,3,60,20,76,65,0,0.0,-21
3,3,360,20,62,52,0,0.0,-6
3,3,360,20,52,47,0,0.0,-13
3,3,10,20,46,16,0,0.0,-6
3,3,340,20,25,8,0,0.0,6
3,3,340,10,39,36,0,0.0,-6
3,3,260,20,32,25,0,3.0,22
3,3,290,40,82,71,0,8.0,3
3,3,260,50,72,65,0,7.0,5
3,3,290,10,16,10,0,7.0,0
3,3,0,0,15,-10,0,8.0,4
3,3,270,20,18,-10,0,8.0,2
3,3,90,30,-7,-20,0,0.0,5
3,3,120,20,25,-15,0,0.0,-7
3,3,100,20,43,14,0,8.0,4
3,3,70,30,64,26,0,8.0,-4
3,3,90,30,81,72,0,8.0,-2
3,3,70,30,75,75,8,8.0,0
3,3,290,30,26,21,-1,8.0,-13
3,3,40,60,-20,-59,0,8.0,-3
3,3,50,70,-34,-52,1,8.0,0
3,3,0,0,-86,-93,0,0.0,-2
3,3,250,20,-35,-42,-1,5.0,-13
3,3,210,10,-62,-66,0,1.0,10
3,3,170,40,30,-27,0,8.0,4
3,3,150,50,46,-27,-1,8.0,-16
3,3,200,70,45,22,0,8.0,0
3,3,80,10,-6,-16,0,2.0,13
3,3,70,40,-1,-7,0,3.0,7
3,3,290,10,-3,-7,0,8.0,-1
3,3,70,40,-24,-28,0,0.0,-10
3,3,90,90,-3,-52,0,6.0,-2
3,3,80,110,-34,-121,0,8.0,-3
3,3,70,90,-21,-99,0,8.0,-2
3,3,70,60,-34,-88,0,0.0,-3
3,3,60,50,-43,-74,0,0.0,-5
3,3,50,30,-34,-79,0,0.0,1
3,3,330,10,-30,-39,0,5.0,5
3,3,0,0,-47,-51,0,0.0,-3
3,3,360,20,-21,-36,0,8.0,1
3,3,160,20,45,31,0,8.0,-11
3,3,230,50,43,31,0,8.0,-17
3,3,120,40,40,2,0,8.0,6
3,3,90,20,6,-5,0,0.0,0
3,3,220,20,10,6,0,6.0,2
3,3,190,10,-4,-6,0,0.0,21
3,3,180,30,46,6,0,0.0,-2
3,3,30,20,23,22,0,0.0,10
3,3,130,20,71,19,0,0.0,-49
3,3,140,10,44,-7,0,0.0,-9
3,3,20,40,69,58,0,8.0,2
3,3,60,30,41,33,0,0.0,-9
3,3,340,10,9,6,0,0.0,-1
3,3,350,20,28,12,0,0.0,-22
3,3,280,50,88,59,0,8.0,3
3,3,270,50,98,64,0,8.0,-5
3,3,270,30,95,68,0,7.0,-8
3,3,220,40,65,49,0,5.0,-4
3,3,280,50,95,63,-1,8.0,-4
3,3,210,40,72,53,0,0.0,-2
3,3,240,50,114,72,0,8.0,-1
3,3,160,30,57,33,0,7.0,-2
3,3,190,20,8,1,0,0.0,-2
3,3,0,0,34,30,13,8.0,-3
3,3,60,10,-15,-18,0,0.0,-6
3,3,340,20,2,-4,0,0.0,0
3,3,60,40,36,11,0,8.0,2
3,3,60,40,61,21,0,6.0,-11
3,3,100,30,50,23,0,0.0,-17
3,3,80,20,66,30,0,0.0,-6
3,3,70,20,95,49,0,8.0,5
3,3,190,90,53,43,2,8.0,1
3,3,260,50,42,3,0,0.0,1
3,3,240,60,25,0,0,7.0,0
3,3,230,50,11,0,0,0.0,3
3,3,270,20,15,11,0,0.0,3
3,3,230,30,40,19,0,8.0,1
3,3,190,40,35,12,0,4.0,-5
3,3,180,40,52,-5,0,0.0,-7
3,3,320,30,84,75,0,8.0,-6
3,3,220,30,82,75,1,8.0,0
3,3,340,10,-15,-17,0,1.0,14
3,3,70,30,-12,-14,0,1.0,-2
3,3,70,30,-4,-12,0,0.0,8
3,3,30,30,11,-19,0,0.0,-5
3,3,40,40,47,31,0,8.0,0
3,3,40,20,17,13,0,0.0,-9
3,3,40,10,-6,-8,0,0.0,0
3,3,340,20,29,26,0,0.0,-2
3,3,310,30,54,43,0,8.0,0
3,3,340,10,-14,-14,0,9.0,9
3,3,230,50,34,27,4,8.0,0
3,3,40,50,47,19,0,8.0,-7
3,3,180,10,-14,-19,0,0.0,4
3,3,250,10,-20,-20,0,5.0,-7
3,3,360,40,48,42,25,8.0,1
3,3,280,10,44,9,0,8.0,-23
3,3,250,50,58,27,0,8.0,-1
3,3,190,10,10,0,0,0.0,-7
3,3,240,90,105,73,0,8.0,-2
3,3,260,60,66,24,0,0.0,-2
3,3,250,120,107,98,13,8.0,3
3,3,300,10,-54,-59,0,1.0,-11
3,3,230,80,81,57,0,8.0,-6
3,3,220,50,23,12,0,7.0,2
3,3,140,40,13,-1,0,8.0,3
3,3,0,0,-39,-40,0,9.0,-3
3,3,150,10,-18,-20,0,7.0,1
3,3,230,30,15,10,0,8.0,-1
3,3,240,10,-9,-13,0,7.0,-7
3,3,160,50,19,-6,0,8.0,-3
3,3,60,30,-12,-43,0,7.0,10
3,3,40,20,6,-2,0,0.0,-1
3,3,20,20,-22,-31,0,0.0,-4
3,3,50,40,-12,-32,0,0.0,8
3,3,50,50,-6,-29,0,0.0,-5
3,3,10,20,10,-10,0,7.0,1
3,3,30,30,18,3,0,0.0,-4
3,3,60,20,4,-25,0,0.0,-8
3,3,330,20,20,19,0,9.0,-5
3,3,330,10,53,28,0,8.0,-1
3,3,310,10,54,19,0,8.0,0
3,3,290,20,55,50,1,8.0,2
3,3,230,40,12,8,0,2.0,10
3,3,290,20,65,51,0,8.0,-2
3,3,240,20,59,56,-1,8.0,7
3,3,210,60,67,55,2,8.0,0
3,3,120,30,3,2,0,9.0,4
3,3,280,50,88,66,-1,8.0,-12
3,3,160,60,86,41,0,8.0,2
3,3,230,90,60,35,-1,8.0,3
3,3,240,70,90,49,0,7.0,-7
3,3,0,0,54,41,0,8.0,-1
3,3,200,40,39,32,6,8.0,12
3,3,250,100,76,35,2,,-8
3,3,180,30,23,-1,0,6.0,-1
3,3,140,30,85,44,0,8.0,-4
3,3,210,60,68,53,0,8.0,2
3,3,140,20,47,40,8,8.0,0
3,3,280,20,53,46,0,8.0,1
3,3,170,30,30,21,0,8.0,4
3,3,190,20,43,43,0,9.0,3
3,3,260,20,28,20,0,0.0,1
3,3,120,10,29,10,0,8.0,4
3,3,100,30,45,5,0,8.0,-4
3,3,50,20,42,-6,0,8.0,-15
3,3,220,20,23,20,0,8.0,7
3,3,250,30,85,75,0,8.0,3
3,3,240,10,6,5,0,2.0,0
3,3,260,20,86,67,0,8.0,3
3,3,240,90,82,74,12,8.0,8
3,3,250,50,105,99,3,8.0,6
3,3,220,70,97,89,2,8.0,-1
3,3,260,40,93,76,-1,8.0,-7
3,3,200,10,11,-19,0,0.0,0
3,3,40,20,14,-5,0,8.0,-2
3,3,60,40,48,33,0,3.0,10
3,3,40,40,47,11,0,8.0,-8
3,3,50,50,55,30,0,8.0,-28
3,3,70,30,35,22,0,5.0,-16
3,3,0,0,24,9,0,7.0,-1
3,3,220,40,96,77,0,8.0,3
3,3,200,30,109,76,0,8.0,1
3,3,130,30,121,72,0,8.0,-11
3,3,80,110,-74,-144,0,8.0,2
3,3,70,110,-61,-136,0,8.0,-3
3,3,70,60,-34,-45,1,8.0,-2
3,3,100,20,-1,-16,0,8.0,-10
3,3,180,60,51,37,0,5.0,-4
3,3,100,20,32,11,0,8.0,1
3,3,100,10,-6,-8,0,8.0,9
3,3,220,50,27,19,0,3.0,-5
3,3,220,50,25,12,0,5.0,-8
3,3,150,30,88,85,1,8.0,2
3,3,100,30,88,82,0,7.0,-19
3,3,160,20,89,75,0,8.0,-1
3,3,210,60,87,75,-1,8.0,-5
3,3,250,20,36,29,0,8.0,-11
3,3,90,60,32,7,0,8.0,1
3,3,80,30,64,58,2,8.0,-2
3,3,50,90,-8,-43,-1,8.0,-6
3,3,70,110,-20,-100,0,8.0,-1
3,3,60,50,-33,-116,0,8.0,-5
3,3,270,20,-15,-53,0,8.0,9
3,3,340,10,8,1,0,6.0,-2
3,3,230,50,37,15,-1,8.0,3
3,3,230,40,54,45,0,8.0,-2
3,3,160,20,50,23,0,8.0,-1
3,3,20,10,-10,-15,0,1.0,-4
3,3,340,20,25,23,0,9.0,-5
3,3,110,10,0,-3,0,8.0,9
3,3,260,30,69,64,-1,8.0,-1
3,3,220,50,40,29,-1,8.0,-6
3,3,140,30,52,32,11,8.0,3
3,3,180,20,31,27,0,5.0,-4
3,3,240,30,87,85,4,8.0,-4
3,3,150,10,44,38,-1,8.0,1
3,3,200,80,92,69,2,8.0,-2
3,3,200,80,122,70,0,8.0,3
3,3,230,80,44,27,0,8.0,5
3,3,160,40,74,65,-1,8.0,2
3,3,160,40,106,88,0,8.0,1
3,3,260,60,73,38,0,8.0,-2
3,3,230,80,78,73,3,8.0,8
3,3,200,30,67,49,2,8.0,-5
3,3,240,40,33,9,-1,7.0,2
3,3,200,40,27,2,0,8.0,8
3,3,220,90,47,21,0,3.0,6
3,3,240,50,69,36,-1,8.0,-5
3,3,220,40,65,43,0,8.0,2
3,3,240,40,82,69,-1,8.0,-5
3,3,210,100,98,50,0,8.0,-16
3,3,250,40,40,29,5,8.0,-2
3,3,230,20,-16,-20,0,1.0,-2
3,3,210,30,52,28,0,8.0,1
3,3,0,0,41,41,0,8.0,-4
3,3,50,30,64,64,0,9.0,-2
3,3,230,20,78,65,0,8.0,1
3,3,20,20,41,25,0,8.0,-14
3,3,300,50,69,30,-1,8.0,-20
3,3,330,10,60,20,0,8.0,-2
3,3,240,20,32,30,0,8.0,11
3,3,280,10,79,54,0,8.0,-2
3,3,30,10,14,11,0,0.0,0
3,3,90,10,41,39,0,0.0,6
3,3,30,20,80,60,0,8.0,1
3,3,210,80,54,16,0,7.0,3
3,3,190,50,39,23,0,6.0,0
3,3,230,30,15,12,0,6.0,-9
3,3,220,30,34,31,-1,8.0,8
3,3,100,30,46,37,2,8.0,0
3,3,360,30,48,40,8,8.0,0
3,3,260,20,37,18,0,4.0,-19
3,3,200,60,76,43,0,8.0,-1
3,3,230,50,70,56,0,8.0,-3
3,3,210,100,64,55,13,8.0,4
3,3,260,40,99,92,11,8.0,-3
3,3,250,90,108,90,38,8.0,0
3,3,240,80,64,27,0,8.0,1
3,3,90,10,4,4,0,3.0,-10
3,3,180,40,74,51,0,8.0,2
3,3,220,20,72,51,0,1.0,-23
3,3,230,30,30,25,0,8.0,-6
3,3,210,30,42,10,0,8.0,-2
3,3,210,20,72,61,0,8.0,10
3,3,40,40,75,56,-1,8.0,-5
3,3,50,60,33,17,0,0.0,-5
3,3,80,60,10,-40,0,0.0,-14
3,3,90,30,-6,-65,0,0.0,-2
3,3,110,30,2,-78,0,2.0,1
3,3,90,30,-11,-89,0,0.0,-7
3,3,60,30,-9,-76,0,0.0,6
3,3,20,20,23,-32,0,0.0,-4
3,3,30,30,59,15,0,0.0,-6
3,3,330,20,28,-8,0,7.0,1
3,3,270,10,-33,-63,0,0.0,-9
3,3,40,30,14,5,0,0.0,-12
