MM,HH,DD,FF,T,TD,RH,N,TC
5,4,10,62,52,46,0,8.0,-4
5,4,310,57,57,47,0,8.0,2
5,4,290,31,32,28,0,4.0,4
5,4,280,26,42,38,-1,7.0,-1
5,4,990,5,11,11,0,9.0,2
5,4,170,21,56,47,0,7.0,1
5,4,170,26,55,43,0,7.0,0
5,4,220,10,57,57,0,6.0,-1
5,4,50,26,29,16,0,0.0,7
5,4,40,26,51,51,0,0.0,4
5,4,320,21,81,64,0,8.0,0
5,4,310,36,89,75,0,8.0,0
5,4,210,15,50,41,0,3.0,8
5,4,250,36,107,107,4,8.0,0
5,4,290,26,39,38,0,2.0,6
5,4,300,21,34,34,0,3.0,7
5,4,990,15,46,42,0,6.0,2
5,4,340,15,50,46,0,7.0,4
5,4,200,21,26,25,0,4.0,8
5,4,230,36,111,100,0,7.0,-1
5,4,230,51,117,108,0,7.0,1
5,4,210,31,113,113,0,4.0,15
5,4,300,21,46,45,0,1.0,11
5,4,330,21,41,38,0,3.0,1
5,4,260,10,49,48,0,5.0,6
5,4,990,15,80,76,0,7.0,2
5,4,40,36,96,79,0,8.0,0
5,4,360,31,103,100,0,8.0,1
5,4,50,26,72,72,0,2.0,12
5,4,990,5,93,93,0,0.0,12
5,4,350,15,112,112,0,2.0,-2
5,4,200,72,101,66,0,8.0,3
5,4,210,31,46,37,0,7.0,5
5,4,230,21,53,50,0,7.0,2
5,4,50,15,38,35,0,1.0,-7
5,4,160,5,50,32,0,1.0,13
5,4,290,15,68,68,0,9.0,4
5,4,200,46,111,85,0,8.0,0
5,4,220,72,89,81,-1,8.0,3
5,4,230,62,73,54,0,8.0,1
5,4,290,31,73,58,0,8.0,-2
5,4,270,15,79,76,1,7.0,-2
5,4,210,51,70,47,0,7.0,5
5,4,200,31,82,78,0,1.0,17
5,4,80,21,130,100,0,0.0,17
5,4,310,31,145,122,0,0.0,-1
5,4,20,46,134,113,0,1.0,-5
5,4,30,46,62,50,0,2.0,3
5,4,60,31,86,78,0,0.0,12
5,4,90,26,108,53,0,1.0,8
5,4,70,26,123,72,0,0.0,2
5,4,120,26,113,70,0,0.0,14
5,4,990,5,139,83,0,3.0,-7
5,4,80,31,143,93,0,2.0,10
5,4,130,21,139,101,0,1.0,10
5,4,180,15,145,107,0,6.0,2
5,4,210,26,133,128,0,0.0,1
5,4,60,46,132,70,0,3.0,8
5,4,100,67,154,77,0,1.0,2
5,4,100,87,150,47,0,3.0,2
5,4,140,46,133,107,0,7.0,9
5,4,320,10,137,132,0,6.0,-3
5,4,210,41,114,86,0,2.0,-1
5,4,210,15,114,106,0,6.0,-5
5,4,340,36,88,69,0,8.0,-1
5,4,30,46,68,23,0,6.0,-4
5,4,60,36,40,5,0,3.0,-1
5,4,30,41,38,10,0,1.0,2
5,4,60,51,92,56,0,8.0,-1
5,4,40,62,111,102,0,8.0,-2
5,4,140,26,108,102,0,4.0,3
5,4,90,21,108,103,0,1.0,8
5,4,50,31,124,110,0,2.0,6
5,4,210,36,129,115,0,2.0,0
5,4,300,36,134,134,8,8.0,-1
5,4,280,36,102,102,-1,8.0,-3
5,4,200,36,107,95,0,2.0,7
5,4,180,36,52,26,0,0.0,20
5,4,170,26,87,47,0,4.0,28
5,4,190,46,178,94,0,7.0,-4
5,4,190,21,130,116,0,6.0,-3
5,4,230,31,139,134,46,8.0,-7
5,4,240,46,108,91,0,7.0,-3
5,4,210,26,54,36,0,1.0,16
5,4,100,21,101,55,0,1.0,0
5,4,990,15,106,77,0,3.0,10
5,4,180,10,148,114,0,1.0,15
5,4,50,36,141,120,0,4.0,6
5,4,230,77,152,144,-1,8.0,-5
5,4,230,67,120,112,17,8.0,-2
5,4,220,51,96,74,0,3.0,9
5,4,210,62,148,118,-1,7.0,-10
5,4,210,72,125,100,-1,7.0,1
5,4,330,26,65,57,0,7.0,3
5,4,30,26,21,9,0,3.0,-5
5,4,80,36,49,25,0,2.0,6
5,4,230,36,108,41,-1,7.0,-5
5,4,240,62,82,70,0,8.0,1
5,4,190,46,90,90,6,8.0,3
5,4,140,15,122,122,0,8.0,1
5,4,140,31,129,92,-1,7.0,8
5,4,330,31,84,84,0,8.0,0
5,4,20,21,77,76,0,7.0,7
5,4,60,31,90,88,0,7.0,1
5,4,80,46,106,72,0,0.0,4
5,4,130,5,90,90,0,1.0,-5
5,4,90,62,116,90,0,3.0,3
5,4,230,77,128,113,0,7.0,-2
5,4,990,10,113,94,0,7.0,1
5,4,230,62,130,109,0,6.0,3
5,4,100,15,89,85,0,4.0,12
5,4,340,51,94,70,0,8.0,0
5,4,240,5,79,77,0,2.0,7
5,4,160,31,101,98,0,3.0,8
5,4,210,62,120,100,0,6.0,3
5,4,220,21,112,107,0,8.0,6
5,4,80,26,105,105,0,9.0,-3
5,4,220,36,138,132,0,7.0,0
5,4,50,26,102,102,0,3.0,4
5,4,340,26,81,76,2,8.0,1
5,4,200,5,69,68,0,7.0,11
5,4,20,51,90,59,0,7.0,-2
5,4,350,15,53,44,0,1.0,5
5,4,180,15,44,34,0,3.0,16
5,4,990,10,97,96,0,7.0,-1
5,4,110,26,100,80,0,0.0,3
5,4,90,36,88,57,0,4.0,-2
5,4,170,5,98,41,0,2.0,-7
5,4,0,0,111,67,0,1.0,-10
5,4,180,10,111,97,0,1.0,-7
5,4,200,21,101,90,0,0.0,6
5,4,240,46,140,96,0,2.0,-9
5,4,250,46,92,73,1,7.0,-1
5,4,210,21,49,47,0,6.0,3
5,4,990,10,65,59,0,8.0,1
5,4,30,51,64,53,0,6.0,-3
5,4,360,57,55,41,0,4.0,0
5,4,270,26,28,10,0,4.0,7
5,4,200,31,24,19,0,4.0,24
5,4,50,21,67,29,0,7.0,8
5,4,990,5,100,100,2,8.0,1
5,4,230,98,69,62,0,8.0,2
5,4,220,26,28,28,0,3.0,2
5,4,990,15,36,36,0,2.0,14
5,4,360,21,66,65,0,6.0,4
5,4,80,21,42,30,0,1.0,8
5,4,160,26,107,65,0,5.0,14
5,4,170,21,133,97,0,2.0,4
5,4,170,21,142,138,0,8.0,7
5,4,240,31,133,133,0,8.0,-1
5,4,100,21,129,118,0,8.0,5
5,4,180,36,146,120,0,2.0,16
5,4,240,46,154,154,0,7.0,-1
5,4,220,21,108,106,0,7.0,0
5,4,50,15,121,117,0,7.0,6
5,4,990,15,76,31,0,7.0,1
5,4,110,21,100,100,2,8.0,-2
5,4,220,62,80,73,0,7.0,-4
5,4,320,57,67,64,-1,8.0,-9
5,4,200,21,-1,-9,0,0.0,2
5,4,50,31,27,6,0,6.0,14
5,4,40,41,51,32,0,7.0,5
5,4,40,46,73,42,0,7.0,1
5,4,360,46,28,14,0,1.0,-3
5,4,40,46,54,29,0,8.0,-4
5,4,30,26,63,49,0,8.0,-1
5,4,10,21,78,73,0,8.0,0
5,4,340,36,66,61,-1,8.0,-1
5,4,350,21,73,61,-1,8.0,-3
5,4,20,57,76,48,-1,8.0,0
5,4,50,36,39,14,-1,7.0,1
5,4,200,41,120,105,0,7.0,6
5,4,50,31,103,103,0,8.0,1
5,4,210,36,124,100,0,7.0,7
5,4,210,26,54,43,0,1.0,13
5,4,230,36,93,73,-1,7.0,2
5,4,210,51,50,39,0,2.0,12
5,4,210,62,106,98,0,8.0,6
5,4,200,46,133,119,0,6.0,3
5,4,220,57,138,111,2,8.0,2
5,4,220,62,81,55,0,2.0,0
5,4,240,82,105,96,-1,8.0,2
5,4,270,26,47,42,0,2.0,6
5,4,190,46,111,60,0,7.0,4
5,4,150,10,129,119,0,2.0,9
5,4,190,57,198,128,0,1.0,4
5,4,360,20,67,66,0,2.0,-5
5,4,190,10,83,66,0,1.0,-3
5,4,200,20,93,72,0,1.0,11
5,4,230,50,139,107,0,7.0,-5
5,4,210,30,136,131,-1,8.0,0
5,4,220,70,120,107,1,7.0,0
5,4,240,40,24,15,0,2.0,-2
5,4,190,40,25,15,0,1.0,0
5,4,190,50,79,67,4,8.0,1
5,4,200,50,68,57,0,2.0,6
5,4,190,40,119,96,0,7.0,4
5,4,200,60,93,79,0,1.0,4
5,4,170,20,74,56,0,1.0,7
5,4,30,30,123,122,35,8.0,0
5,4,50,20,79,79,0,2.0,3
5,4,20,20,114,105,0,3.0,8
5,4,190,20,139,129,0,5.0,22
5,4,120,20,159,153,7,7.0,3
5,4,190,40,119,114,0,1.0,12
5,4,200,30,128,116,0,6.0,6
5,4,210,50,112,104,2,8.0,2
5,4,240,70,89,62,0,8.0,0
5,4,340,10,91,88,0,8.0,-1
5,4,30,50,60,40,0,3.0,4
5,4,80,30,55,30,0,0.0,14
5,4,340,20,66,55,0,1.0,15
5,4,310,30,112,85,0,7.0,-3
5,4,330,30,71,49,0,6.0,3
5,4,30,20,67,59,0,3.0,11
5,4,40,30,84,66,0,2.0,8
5,4,70,40,88,37,0,1.0,9
5,4,340,30,106,106,0,8.0,1
5,4,260,30,95,95,0,8.0,0
5,4,330,40,73,71,-1,8.0,-2
5,4,360,50,68,40,0,8.0,-3
5,4,230,30,54,44,0,8.0,4
5,4,220,80,86,78,6,8.0,3
5,4,220,60,113,101,0,8.0,2
5,4,160,30,74,60,0,3.0,13
5,4,170,40,146,92,0,6.0,7
5,4,130,20,126,103,0,1.0,1
5,4,100,20,155,105,0,1.0,4
5,4,200,30,151,112,0,1.0,18
5,4,100,20,164,121,0,3.0,6
5,4,80,60,155,123,0,2.0,-4
5,4,110,40,133,64,0,1.0,2
5,4,70,30,113,67,0,1.0,-1
5,4,40,40,92,58,0,0.0,8
5,4,60,10,112,81,0,1.0,7
5,4,0,0,120,94,0,0.0,-1
5,4,10,20,104,89,0,1.0,8
5,4,990,10,115,88,-1,7.0,-3
5,4,990,10,70,40,0,6.0,0
5,4,320,20,67,51,0,5.0,3
5,4,290,20,95,95,0,8.0,1
5,4,260,40,109,109,0,8.0,2
5,4,200,30,96,92,0,2.0,22
5,4,180,30,111,106,0,7.0,3
5,4,100,30,115,113,0,5.0,7
5,4,230,30,137,137,0,7.0,1
5,4,990,10,130,128,0,7.0,9
5,4,190,20,147,131,0,6.0,14
5,4,60,10,75,38,0,1.0,1
5,4,70,30,75,56,0,1.0,-2
5,4,160,10,74,45,0,1.0,6
5,4,40,50,87,39,0,7.0,-2
5,4,80,40,101,75,5,8.0,-5
5,4,120,20,117,115,1,8.0,7
5,4,990,10,113,113,0,9.0,-14
5,4,250,60,139,128,23,8.0,-11
5,4,190,40,107,84,0,4.0,4
5,4,170,30,143,84,0,7.0,1
5,4,200,30,102,99,0,5.0,18
5,4,240,40,121,121,76,8.0,2
5,4,230,60,99,77,0,4.0,-1
5,4,220,30,97,88,0,7.0,4
5,4,360,20,90,89,0,6.0,4
5,4,30,20,48,35,0,2.0,8
5,4,50,30,88,57,0,7.0,0
5,4,50,60,112,51,0,7.0,4
5,4,80,30,106,77,0,1.0,6
5,4,170,40,116,110,-1,7.0,1
5,4,240,30,109,95,0,7.0,-2
5,4,250,60,134,103,-1,8.0,-8
5,4,190,50,76,60,0,1.0,7
5,4,200,20,128,107,0,8.0,4
5,4,230,50,121,96,0,7.0,0
5,4,160,10,75,57,0,3.0,15
5,4,70,30,111,62,0,0.0,18
5,4,200,40,191,148,0,7.0,4
5,4,120,20,141,110,0,1.0,18
5,4,200,40,177,135,0,5.0,11
5,4,340,30,113,111,-1,8.0,3
5,4,20,20,123,122,0,8.0,-1
5,4,20,50,119,113,0,8.0,-4
5,4,360,30,102,102,2,8.0,-1
5,4,20,20,128,128,1,8.0,-1
5,4,70,20,103,91,0,3.0,3
5,4,80,30,140,117,0,2.0,4
5,4,990,10,119,110,0,4.0,2
5,4,990,10,123,116,0,3.0,1
5,4,130,10,129,121,0,3.0,-6
5,4,120,20,140,122,0,6.0,10
5,4,230,20,152,134,0,7.0,0
5,4,70,20,148,145,0,6.0,2
5,4,80,20,152,150,0,4.0,-2
5,4,190,20,130,108,0,1.0,6
5,4,150,10,136,84,0,1.0,10
5,4,160,20,156,111,0,2.0,9
5,4,200,30,168,162,1,7.0,3
5,4,210,50,107,61,-1,7.0,-7
5,4,220,50,92,74,0,7.0,4
5,4,240,40,73,66,0,7.0,5
5,4,170,30,86,67,0,7.0,12
5,4,240,50,95,84,0,8.0,-1
5,4,190,30,95,86,0,6.0,6
5,4,210,40,131,123,15,8.0,2
5,4,210,50,143,120,-1,7.0,3
5,4,200,30,86,66,0,7.0,5
5,4,230,100,112,60,0,7.0,-3
5,4,120,50,106,79,-1,8.0,4
5,4,230,70,82,59,0,7.0,0
5,4,200,30,68,57,0,7.0,11
5,4,330,20,94,91,0,8.0,3
5,4,20,30,116,111,0,7.0,5
5,4,20,50,92,75,0,7.0,-3
5,4,50,20,123,120,0,3.0,-2
5,4,280,30,91,82,0,8.0,-3
5,4,30,50,54,36,0,8.0,1
5,4,350,30,41,25,0,7.0,10
5,4,30,40,91,64,0,7.0,1
5,4,20,30,71,51,0,7.0,-1
5,4,30,30,88,78,0,2.0,7
5,4,100,40,136,92,0,1.0,0
5,4,30,20,120,79,0,2.0,0
5,4,50,10,119,82,0,3.0,6
5,4,990,10,115,64,0,3.0,3
5,4,220,50,131,114,0,6.0,-1
5,4,190,30,83,80,0,1.0,14
5,4,200,50,118,101,0,1.0,3
5,4,200,60,127,105,0,8.0,3
5,4,230,60,84,53,0,7.0,2
5,4,230,40,94,82,0,7.0,0
5,4,0,0,66,49,0,1.0,1
5,4,40,40,83,72,0,0.0,5
5,4,50,30,71,53,0,6.0,8
5,4,70,20,85,60,0,0.0,16
5,4,20,20,118,84,0,0.0,8
5,4,20,50,109,99,0,7.0,-5
5,4,180,20,102,64,0,3.0,13
5,4,230,20,160,123,0,7.0,0
5,4,220,60,153,119,0,7.0,3
5,4,230,50,173,132,0,7.0,-2
5,4,150,10,112,78,0,6.0,14
5,4,200,20,113,92,0,4.0,6
5,4,230,60,104,72,-1,8.0,-3
5,4,180,30,98,82,-1,8.0,-2
5,4,230,10,61,48,0,7.0,2
5,4,340,30,73,51,0,8.0,0
5,4,310,40,50,41,20,8.0,1
5,4,190,20,75,66,0,7.0,-2
5,4,140,20,56,47,0,1.0,5
5,4,50,30,90,80,0,1.0,6
5,4,30,30,109,104,0,7.0,4
5,4,230,40,147,143,0,8.0,-2
5,4,280,20,131,121,0,7.0,-3
5,4,290,20,123,115,0,8.0,-1
5,4,200,30,72,66,0,0.0,23
5,4,210,80,106,73,0,7.0,3
5,4,220,50,104,73,0,4.0,9
5,4,170,20,104,87,0,6.0,2
5,4,170,10,104,84,0,3.0,14
5,4,240,60,166,132,0,7.0,-9
5,4,220,40,104,74,0,7.0,2
5,4,180,20,107,88,0,7.0,11
5,4,110,40,128,86,0,3.0,1
5,4,170,50,180,104,0,7.0,3
5,4,220,40,121,96,0,7.0,-5
5,4,170,20,94,74,0,2.0,14
5,4,190,20,106,91,1,7.0,2
5,4,180,40,111,80,-1,6.0,4
5,4,200,50,98,80,0,4.0,3
5,4,200,30,71,59,0,3.0,19
5,4,210,30,110,98,1,7.0,2
5,4,200,30,81,66,0,3.0,10
5,4,210,30,105,71,0,3.0,9
5,4,220,80,105,80,-1,8.0,3
5,4,150,30,99,80,0,8.0,1
5,4,230,110,100,77,1,8.0,3
5,4,160,30,67,46,0,0.0,13
5,4,250,40,174,92,0,2.0,2
5,4,340,20,98,93,8,8.0,2
5,4,80,20,63,56,0,0.0,11
5,4,190,20,92,72,0,5.0,12
5,4,80,30,108,104,2,8.0,2
5,4,210,40,82,60,0,3.0,7
5,4,170,20,76,47,0,0.0,11
5,4,230,50,115,91,-1,8.0,-4
5,4,250,50,84,72,4,8.0,-2
5,4,210,50,51,41,0,3.0,9
5,4,230,30,62,57,0,8.0,4
5,4,140,10,38,28,0,0.0,10
5,4,190,40,121,62,0,7.0,-3
5,4,190,40,127,121,5,8.0,-3
5,4,200,30,114,107,0,8.0,5
5,4,230,70,91,68,0,1.0,2
5,4,240,50,97,85,0,8.0,2
5,4,200,50,114,111,9,8.0,5
5,4,230,60,128,118,0,7.0,4
5,4,10,30,131,119,0,8.0,-3
5,4,190,50,119,107,0,8.0,-3
5,4,210,30,75,71,0,0.0,14
5,4,360,10,119,106,0,8.0,7
5,4,60,20,141,120,0,8.0,1
5,4,60,20,122,104,0,0.0,20
5,4,110,10,140,127,0,4.0,20
5,4,220,20,163,157,0,0.0,2
5,4,190,40,117,112,0,8.0,2
5,4,190,30,100,88,0,7.0,3
5,4,170,20,80,67,0,2.0,17
5,4,230,30,80,71,-1,8.0,0
5,4,190,40,70,57,0,6.0,2
5,4,200,10,41,21,0,0.0,-1
5,4,240,20,88,78,-1,7.0,-2
5,4,210,30,76,73,1,8.0,3
5,4,360,10,77,72,0,8.0,5
5,4,260,10,101,83,0,8.0,-1
5,4,270,40,96,93,0,9.0,-3
5,4,310,20,76,39,0,8.0,1
5,4,330,30,77,42,-1,8.0,1
5,4,990,10,64,57,0,1.0,6
5,4,200,20,51,46,0,0.0,21
5,4,40,30,103,95,0,8.0,2
5,4,0,0,88,82,0,0.0,13
5,4,210,20,109,97,0,7.0,8
5,4,210,20,90,80,0,0.0,16
5,4,180,10,101,81,0,0.0,14
5,4,360,60,102,84,1,8.0,-10
5,4,360,20,44,23,0,7.0,15
5,4,270,30,66,43,-1,8.0,8
5,4,180,10,37,24,0,0.0,12
5,4,210,10,55,39,0,0.0,22
5,4,40,20,80,52,0,8.0,6
5,4,40,20,55,37,0,5.0,12
5,4,0,0,53,38,0,0.0,22
5,4,150,30,92,43,0,0.0,21
5,4,160,30,128,57,0,7.0,14
5,4,220,30,121,116,1,8.0,-9
5,4,110,30,124,112,0,2.0,13
5,4,200,30,160,109,0,6.0,16
5,4,120,30,144,139,0,6.0,-6
5,4,230,40,117,108,4,8.0,-2
5,4,340,60,72,56,0,8.0,-6
5,4,250,40,96,90,-1,8.0,1
5,4,220,50,84,69,12,8.0,-3
5,4,240,50,53,41,0,8.0,3
5,4,240,40,47,37,0,7.0,5
5,4,260,30,40,22,0,8.0,3
5,4,250,20,32,21,0,0.0,5
5,4,50,30,34,20,0,0.0,11
5,4,60,40,58,33,0,7.0,5
5,4,30,40,95,74,0,8.0,5
5,4,270,40,61,47,0,8.0,1
5,4,210,10,55,52,0,0.0,8
5,4,10,40,57,47,2,8.0,-3
5,4,320,20,32,15,0,1.0,3
5,4,170,30,54,12,0,7.0,26
5,4,190,20,121,111,2,8.0,-1
5,4,200,30,135,130,0,8.0,3
5,4,190,30,130,105,0,8.0,-1
5,4,200,30,98,85,0,7.0,18
5,4,170,30,90,58,0,7.0,17
5,4,210,30,127,92,0,7.0,15
5,4,160,20,142,111,0,0.0,15
5,4,60,10,160,127,0,0.0,19
5,4,180,40,196,135,0,0.0,22
5,4,280,30,123,73,0,1.0,5
5,4,350,40,106,83,-1,8.0,0
5,4,200,40,69,63,0,0.0,12
5,4,170,30,34,12,0,8.0,7
5,4,200,40,91,85,-1,8.0,0
5,4,180,40,143,64,0,1.0,5
5,4,110,30,159,104,0,8.0,2
5,4,130,20,126,68,0,3.0,0
5,4,50,10,117,113,0,8.0,4
5,4,100,70,130,18,0,1.0,2
5,4,90,40,126,55,0,0.0,2
5,4,340,10,99,91,0,0.0,0
5,4,200,20,103,99,0,5.0,4
5,4,90,10,89,61,0,0.0,19
5,4,200,30,100,68,0,1.0,18
5,4,210,60,134,103,0,4.0,2
5,4,230,30,112,99,0,8.0,-3
5,4,80,20,81,76,0,8.0,10
5,4,240,50,155,128,0,8.0,-2
5,4,290,30,123,115,-1,8.0,1
5,4,210,40,163,153,-1,8.0,-1
5,4,210,80,107,86,0,7.0,1
5,4,190,80,114,77,0,7.0,1
5,4,230,60,110,77,0,8.0,4
5,4,160,40,124,112,0,8.0,-1
5,4,220,100,103,65,0,8.0,-3
5,4,200,40,65,47,0,0.0,19
5,4,240,60,87,77,22,8.0,0
5,4,180,20,93,81,0,8.0,13
5,4,230,60,132,125,0,8.0,0
5,4,260,40,128,119,0,8.0,-1
5,4,210,20,91,71,0,8.0,6
5,4,280,20,55,49,0,5.0,10
5,4,240,30,51,45,-1,8.0,3
5,4,70,50,78,18,0,0.0,6
5,4,80,60,81,-18,0,0.0,0
5,4,40,30,61,26,0,0.0,13
5,4,40,20,77,46,0,0.0,4
5,4,360,30,94,68,0,8.0,-2
5,4,260,20,62,58,0,4.0,10
5,4,230,80,126,101,1,8.0,-8
5,4,250,50,118,94,0,8.0,-1
5,4,230,50,99,85,-1,8.0,1
5,4,230,90,137,111,0,8.0,1
5,4,220,100,147,94,-1,7.0,-6
5,4,220,70,120,99,0,8.0,-8
5,4,170,30,123,88,0,3.0,4
5,4,210,80,138,96,0,8.0,-3
5,4,310,40,88,82,5,8.0,-1
5,4,200,60,106,90,2,8.0,-3
5,4,170,20,92,88,7,8.0,6
5,4,190,40,82,76,0,0.0,6
5,4,230,30,131,125,7,8.0,0
5,4,60,30,114,81,0,8.0,8
5,4,240,30,142,141,0,9.0,-2
5,4,200,20,141,138,0,0.0,14
5,4,20,30,139,120,0,8.0,0
5,4,30,20,123,97,0,0.0,15
5,4,990,10,147,126,0,0.0,16
5,4,210,40,148,141,0,8.0,4
5,4,190,40,143,136,0,8.0,5
5,4,190,20,117,89,-1,7.0,0
5,4,240,30,110,98,-1,7.0,1
5,4,200,40,52,27,0,0.0,21
5,4,150,20,117,110,0,8.0,6
5,4,190,60,67,43,0,0.0,6
5,4,200,40,78,67,-1,8.0,6
5,4,100,20,65,54,0,0.0,3
5,4,50,10,74,49,0,0.0,12
5,4,100,40,106,29,0,0.0,0
5,4,60,40,101,76,0,0.0,5
5,4,110,20,119,77,0,0.0,-9
5,4,110,20,116,68,0,0.0,5
5,4,100,20,121,52,0,0.0,14
5,4,100,40,141,67,0,0.0,11
5,4,50,20,105,75,0,0.0,19
5,4,50,30,98,61,0,0.0,26
5,4,90,30,120,73,0,0.0,21
5,4,60,20,119,93,0,1.0,17
5,4,190,20,138,122,0,8.0,6
5,4,230,40,137,134,12,8.0,2
5,4,70,30,132,130,7,8.0,3
5,4,40,50,79,77,3,8.0,-1
5,4,20,50,74,45,0,8.0,1
5,4,40,40,57,34,0,8.0,4
5,4,40,40,60,44,0,0.0,15
5,4,110,20,118,59,0,8.0,10
5,4,50,10,124,90,0,8.0,2
5,4,90,40,114,84,0,0.0,14
5,4,90,40,143,127,0,8.0,5
5,4,50,30,148,141,2,8.0,0
5,4,40,20,147,142,0,5.0,0
5,4,160,40,185,155,0,8.0,2
5,4,70,10,151,127,0,8.0,-1
5,4,290,30,154,152,27,9.0,0
5,4,310,10,137,123,0,8.0,1
5,4,360,10,85,73,0,8.0,-8
5,4,220,30,80,73,0,0.0,10
5,4,190,20,106,94,-1,8.0,0
5,4,290,10,43,28,0,0.0,-8
5,4,210,60,79,50,-1,8.0,-6
5,4,230,80,104,76,0,8.0,0
5,4,220,50,97,85,0,8.0,0
5,4,250,20,119,101,0,8.0,-6
5,4,180,30,49,16,0,8.0,4
5,4,170,20,76,71,0,0.0,4
5,4,50,30,128,122,2,8.0,2
5,4,50,50,75,62,0,5.0,8
5,4,90,20,95,76,0,4.0,-1
5,4,90,30,126,107,0,8.0,-1
5,4,220,40,136,132,0,8.0,1
5,4,180,50,79,62,0,0.0,3
5,4,200,30,120,109,8,8.0,-4
5,4,190,40,98,79,0,0.0,12
5,4,180,20,89,59,0,0.0,22
5,4,120,10,106,88,0,1.0,15
5,4,0,0,115,99,0,5.0,3
5,4,210,10,92,77,0,7.0,7
5,4,70,10,85,57,0,0.0,16
5,4,340,20,123,105,0,0.0,19
5,4,50,30,126,95,0,0.0,12
5,4,200,60,165,132,-1,8.0,6
5,4,220,40,83,70,0,0.0,10
5,4,230,50,120,111,0,8.0,3
5,4,30,20,87,79,0,0.0,20
5,4,60,40,91,51,0,0.0,16
5,4,40,40,126,101,0,8.0,5
5,4,200,40,72,44,0,8.0,5
5,4,60,20,93,79,0,8.0,4
5,4,320,30,60,56,0,8.0,-3
5,4,360,60,60,46,0,8.0,-2
5,4,30,40,25,9,0,8.0,-1
5,4,30,50,46,17,0,1.0,3
5,4,360,20,49,42,3,8.0,-3
5,4,200,20,60,56,0,8.0,1
5,4,60,10,45,37,0,1.0,-5
5,4,20,40,66,41,0,8.0,0
5,4,40,30,51,26,0,8.0,4
5,4,290,30,38,33,1,8.0,-1
5,4,330,20,56,50,0,8.0,0
5,4,40,10,65,61,0,8.0,-1
5,4,340,20,67,49,0,8.0,-5
5,4,240,20,52,42,0,1.0,6
5,4,230,50,95,68,-1,8.0,4
5,4,290,10,45,40,0,1.0,-1
5,4,310,20,41,32,0,6.0,16
5,4,330,10,63,27,0,0.0,2
5,4,220,20,84,70,0,8.0,11
5,4,360,20,86,77,0,0.0,7
5,4,340,20,102,97,0,8.0,2
5,4,200,40,130,113,0,0.0,12
5,4,80,20,130,113,0,8.0,7
5,4,40,40,93,50,0,7.0,3
5,4,0,0,78,74,-1,8.0,2
5,4,310,10,108,98,-1,8.0,1
5,4,190,30,91,60,0,7.0,6
5,4,230,50,128,118,0,8.0,-2
5,4,270,40,95,83,3,8.0,3
5,4,60,60,83,7,0,0.0,-4
5,4,40,50,53,3,0,0.0,4
5,4,40,40,33,5,0,0.0,5
5,4,40,20,13,-17,0,0.0,13
5,4,120,20,24,-3,0,0.0,17
5,4,180,20,94,2,0,0.0,4
5,4,180,30,160,56,0,0.0,1
5,4,140,30,176,18,0,2.0,7
5,4,180,10,134,116,0,8.0,8
5,4,350,20,137,128,0,8.0,-2
5,4,250,10,124,106,0,6.0,5
5,4,280,10,99,79,0,5.0,1
5,4,220,40,68,45,0,0.0,16
5,4,210,30,74,55,0,7.0,4
5,4,260,30,90,66,-1,8.0,-6
5,4,230,60,105,63,0,8.0,2
5,4,230,50,116,90,-1,7.0,-1
5,4,200,30,86,69,0,8.0,16
5,4,290,10,113,100,0,8.0,14
5,4,360,10,104,95,0,0.0,7
5,4,170,10,70,50,0,0.0,22
5,4,170,40,161,85,0,7.0,6
5,4,210,40,84,47,0,0.0,12
5,4,230,60,131,89,0,8.0,1
5,4,200,30,57,27,0,0.0,25
5,4,180,40,154,22,0,7.0,11
5,4,230,60,111,83,0,7.0,3
5,4,210,40,87,76,0,1.0,12
5,4,220,70,120,80,0,8.0,0
5,4,160,20,125,92,0,0.0,29
5,4,220,20,142,134,12,8.0,-2
5,4,180,30,140,124,-1,8.0,-5
5,4,360,30,122,99,0,8.0,-1
5,4,280,10,91,91,0,9.0,-5
5,4,180,30,98,78,0,2.0,0
5,4,40,40,76,73,14,8.0,-2
5,4,40,40,62,41,0,8.0,1
5,4,20,20,61,50,0,8.0,-1
5,4,170,40,101,63,0,1.0,4
5,4,200,60,144,127,-1,8.0,1
5,4,180,50,164,134,0,8.0,4
5,4,220,70,197,143,0,8.0,-6
5,4,300,20,59,51,0,0.0,4
5,4,350,20,21,17,0,0.0,10
5,4,200,40,47,17,0,0.0,14
5,4,250,30,79,57,-1,8.0,3
5,4,280,30,53,38,0,4.0,5
5,4,180,20,17,0,0,0.0,24
5,4,100,40,104,42,0,8.0,-2
5,4,190,50,128,103,0,8.0,0
5,4,70,20,122,119,0,7.0,9
5,4,270,20,119,119,0,9.0,2
5,4,230,40,126,123,0,8.0,1
5,4,220,30,131,126,0,8.0,5
5,4,260,10,144,141,0,8.0,14
5,4,60,40,136,86,0,0.0,8
5,4,60,20,114,61,0,0.0,18
5,4,90,30,136,78,0,0.0,15
5,4,210,10,121,104,0,0.0,20
5,4,210,20,100,91,0,0.0,27
5,4,10,10,136,111,0,8.0,0
5,4,210,30,138,125,0,3.0,7
5,4,40,50,77,35,0,8.0,-9
5,4,60,20,106,92,0,8.0,4
5,4,40,50,96,75,0,8.0,2
5,4,210,30,76,62,0,7.0,-3
5,4,190,30,69,49,0,0.0,9
5,4,300,10,75,44,0,0.0,2
5,4,180,10,107,89,0,8.0,-1
5,4,180,30,114,104,0,8.0,6
5,4,230,20,123,118,0,8.0,-12
5,4,190,50,87,57,0,1.0,11
5,4,190,40,88,79,0,8.0,8
5,4,240,60,71,52,1,8.0,4
5,4,220,70,91,87,3,8.0,4
5,4,230,60,84,44,0,8.0,2
5,4,190,40,118,83,0,8.0,5
5,4,310,10,87,77,-1,8.0,2
5,4,250,30,79,79,0,9.0,1
5,4,250,20,77,73,0,8.0,2
5,4,60,20,71,68,0,8.0,4
5,4,280,20,101,89,-1,8.0,-4
5,4,0,0,71,67,0,8.0,17
5,4,320,40,73,69,1,8.0,-2
5,4,110,30,51,38,-1,8.0,-8
5,4,190,40,27,23,0,8.0,2
5,4,300,10,24,21,0,6.0,5
5,4,280,30,70,67,-1,8.0,0
5,4,240,40,73,52,0,6.0,4
5,4,120,30,84,44,0,0.0,19
5,4,270,30,84,70,-1,8.0,1
5,4,200,50,77,73,2,8.0,1
5,4,320,40,107,104,0,8.0,7
5,4,220,20,74,73,0,0.0,3
5,4,40,30,109,103,-1,8.0,-1
5,4,20,40,53,21,0,8.0,-4
5,4,340,10,19,15,0,0.0,9
5,4,90,20,39,24,0,0.0,17
5,4,170,40,145,36,0,8.0,-4
5,4,240,60,97,71,0,5.0,-2
5,4,220,70,98,70,0,8.0,1
5,4,240,60,128,107,-1,8.0,-4
5,4,220,60,97,65,0,8.0,5
5,4,230,100,90,51,0,8.0,-1
5,4,220,70,76,51,0,8.0,5
5,4,220,50,79,70,0,8.0,-1
5,4,210,30,33,30,0,5.0,16
5,4,330,20,42,35,0,6.0,11
5,4,30,20,46,43,0,0.0,15
5,4,40,20,71,60,0,0.0,12
5,4,120,20,83,74,0,0.0,21
5,4,170,20,120,84,0,8.0,14
5,4,150,30,172,89,0,8.0,4
5,4,150,20,147,111,0,8.0,5
5,4,240,40,156,104,0,8.0,-4
5,4,110,10,130,108,0,8.0,5
5,4,100,10,135,93,-1,8.0,3
5,4,180,20,107,69,0,0.0,9
5,4,50,30,136,96,0,8.0,2
5,4,230,40,133,125,-1,8.0,-2
5,4,240,40,124,107,0,8.0,1
5,4,220,20,95,92,0,1.0,14
5,4,50,40,102,92,0,8.0,5
5,4,190,10,63,56,0,0.0,23
5,4,220,10,38,37,0,8.0,-2
5,4,40,20,47,31,0,8.0,5
5,4,80,10,100,77,0,8.0,7
5,4,200,40,128,115,0,8.0,-5
5,4,190,50,177,138,0,5.0,6
5,4,200,50,92,59,0,0.0,5
5,4,230,80,85,56,0,1.0,1
5,4,130,20,103,53,0,8.0,-4
5,4,220,50,147,112,0,8.0,-2
5,4,250,20,107,82,0,8.0,-9
5,4,110,20,111,83,0,8.0,25
5,4,280,10,156,121,0,8.0,17
5,4,200,40,81,61,0,0.0,7
5,4,50,40,56,40,0,0.0,11
5,4,20,40,100,61,-1,8.0,-5
5,4,210,40,64,44,0,5.0,8
5,4,200,20,75,63,0,8.0,8
5,4,190,30,77,59,0,1.0,7
5,4,220,80,75,55,0,5.0,5
5,4,220,40,75,48,0,8.0,-1
5,4,210,30,40,33,0,0.0,19
5,4,200,20,90,63,0,8.0,0
5,4,250,10,102,87,0,8.0,3
5,4,40,20,71,56,0,1.0,8
5,4,220,20,111,74,0,8.0,1
5,4,310,20,87,62,0,8.0,3
5,4,170,20,80,53,0,8.0,3
5,4,220,60,135,71,0,8.0,3
5,4,190,30,85,56,0,6.0,7
5,4,230,40,83,74,0,7.0,4
5,4,200,60,103,51,0,8.0,7
5,4,360,60,46,30,0,8.0,1
5,4,190,20,28,20,0,0.0,4
5,4,290,40,85,76,1,8.0,1
5,4,200,10,26,12,0,1.0,11
5,4,100,40,60,-5,0,1.0,9
5,4,90,30,94,57,0,0.0,3
5,4,150,20,153,65,0,1.0,-6
5,4,100,50,148,56,0,2.0,2
5,4,90,60,142,66,0,0.0,5
5,4,210,10,148,140,0,8.0,5
5,4,990,10,148,120,0,6.0,-4
5,4,60,40,133,97,0,3.0,7
5,4,20,30,133,100,0,0.0,4
5,4,360,30,74,43,-1,6.0,2
5,4,250,20,55,32,0,8.0,5
5,4,330,20,68,41,0,8.0,0
5,4,190,40,78,43,0,8.0,4
5,4,180,20,100,72,0,4.0,15
5,4,210,30,90,80,0,8.0,0
5,4,200,40,100,77,0,8.0,8
5,4,170,40,140,116,0,8.0,5
5,4,180,40,185,112,0,8.0,2
5,4,240,50,107,104,35,8.0,-3
5,4,320,40,94,75,0,8.0,0
5,4,250,10,79,65,0,8.0,9
5,4,160,10,86,81,0,0.0,15
5,4,70,30,140,118,0,8.0,3
5,4,190,10,128,128,0,9.0,7
5,4,160,10,131,121,0,4.0,15
5,4,340,40,152,148,5,8.0,-1
5,4,90,50,145,130,0,8.0,0
5,4,220,40,104,62,0,8.0,-3
5,4,80,10,51,37,0,8.0,-3
5,4,0,0,70,65,-1,8.0,0
5,4,30,40,96,92,-1,8.0,0
5,4,30,40,75,70,-1,8.0,-1
5,4,70,40,59,55,0,0.0,11
5,4,340,20,99,87,0,8.0,-1
5,4,290,40,83,53,0,8.0,-13
5,4,30,20,21,7,0,0.0,15
5,4,40,20,29,10,0,0.0,2
5,4,70,20,69,34,0,1.0,18
5,4,180,40,133,118,-1,8.0,-1
5,4,200,40,136,119,0,8.0,-3
5,4,140,20,117,84,0,8.0,2
5,4,200,20,78,65,0,0.0,13
5,4,180,30,160,102,0,8.0,5
5,4,170,30,169,123,0,8.0,18
5,4,230,30,170,154,-1,8.0,-2
5,4,220,60,129,108,0,8.0,-2
5,4,200,30,84,70,0,8.0,7
5,4,180,20,83,54,0,3.0,19
5,4,90,20,105,67,0,0.0,22
5,4,190,40,148,100,0,3.0,5
5,4,190,20,111,85,0,8.0,16
5,4,20,20,106,102,0,6.0,14
5,4,60,30,135,112,0,0.0,14
5,4,90,30,157,113,0,0.0,18
5,4,0,0,167,156,0,8.0,2
5,4,110,30,190,174,-1,8.0,11
5,4,210,20,187,161,0,5.0,6
5,4,220,40,122,97,0,1.0,12
5,4,230,60,52,32,0,8.0,0
5,4,170,30,43,13,0,0.0,10
5,4,320,20,84,74,0,3.0,-5
5,4,360,10,58,33,0,0.0,0
5,4,40,40,70,47,0,0.0,6
5,4,60,40,90,53,0,0.0,20
5,4,90,10,105,66,0,0.0,16
5,4,70,10,132,79,0,0.0,1
5,4,200,20,117,78,0,0.0,10
5,4,250,20,117,107,3,8.0,-6
5,4,50,20,61,47,0,3.0,10
5,4,140,20,105,68,0,8.0,23
5,4,250,20,140,114,1,8.0,-9
5,4,340,40,107,105,0,9.0,2
5,4,230,20,118,116,0,9.0,1
5,4,0,0,129,94,-1,8.0,1
5,4,360,40,85,64,0,8.0,3
5,4,300,30,72,53,0,7.0,3
5,4,360,10,65,56,0,8.0,8
5,4,20,10,69,66,0,0.0,14
5,4,30,30,131,116,-1,8.0,3
5,4,160,20,126,116,0,4.0,3
5,4,250,10,137,134,-1,8.0,2
5,4,60,30,141,103,0,8.0,13
5,4,130,10,131,129,0,0.0,17
5,4,80,10,148,140,0,8.0,22
5,4,60,20,183,151,0,8.0,4
5,4,80,10,153,139,0,8.0,24
5,4,80,10,165,156,0,8.0,26
5,4,160,20,158,143,0,0.0,16
5,4,190,30,179,151,0,8.0,8
5,4,50,20,47,43,0,1.0,16
5,4,200,20,63,58,0,8.0,3
5,4,300,20,69,62,0,8.0,4
5,4,350,20,27,16,9,8.0,-1
5,4,280,30,19,6,0,8.0,6
5,4,210,30,7,0,0,1.0,12
5,4,200,20,40,33,0,8.0,3
5,4,160,10,85,19,0,8.0,14
5,4,180,50,77,55,0,8.0,9
5,4,230,40,92,72,0,8.0,-4
5,4,40,50,86,81,3,8.0,0
5,4,320,10,25,15,0,0.0,15
5,4,40,40,29,14,0,6.0,12
5,4,40,30,39,11,0,0.0,14
5,4,50,20,31,6,0,0.0,27
5,4,40,30,58,23,0,8.0,9
5,4,50,40,83,77,1,8.0,2
5,4,270,10,99,99,0,9.0,1
5,4,210,30,123,120,-1,8.0,2
5,4,320,30,119,114,-1,8.0,1
5,4,280,50,101,99,0,8.0,1
5,4,300,20,96,71,0,8.0,1
5,4,170,20,76,52,0,8.0,19
5,4,190,30,110,61,0,8.0,11
5,4,200,10,60,52,0,0.0,36
5,4,190,40,99,86,0,8.0,9
5,4,340,30,122,115,15,8.0,0
5,4,220,30,109,87,0,8.0,4
5,4,60,10,56,51,0,0.0,25
5,4,210,50,142,90,0,8.0,-14
5,4,210,50,142,104,0,8.0,5
5,4,190,60,68,51,0,8.0,7
5,4,240,60,83,66,0,8.0,-4
5,4,200,40,50,41,0,7.0,7
5,4,60,20,101,96,-1,8.0,0
5,4,50,50,48,29,0,8.0,6
5,4,60,30,31,3,0,0.0,22
5,4,0,0,54,23,0,0.0,-2
5,4,180,10,74,51,0,8.0,16
5,4,60,30,111,55,0,8.0,9
5,4,140,10,120,97,0,8.0,12
5,4,30,100,62,-1,0,8.0,-3
5,4,360,20,11,-6,0,0.0,16
5,4,100,10,20,9,0,2.0,8
5,4,10,20,19,-3,0,5.0,17
5,4,30,40,26,-2,0,0.0,17
5,4,190,30,34,10,0,0.0,19
5,4,200,20,38,31,0,0.0,20
5,4,210,30,98,63,0,8.0,6
5,4,210,30,77,33,0,8.0,22
5,4,10,10,108,101,0,1.0,13
5,4,100,10,111,94,0,2.0,17
5,4,180,30,173,116,0,8.0,12
5,4,220,50,128,59,0,8.0,-2
5,4,230,40,92,69,0,2.0,10
5,4,250,10,127,106,0,8.0,5
5,4,60,10,91,76,0,7.0,25
5,4,190,20,101,56,0,7.0,12
5,4,40,50,90,49,0,0.0,8
5,4,60,20,79,39,0,5.0,21
5,4,80,30,111,36,0,0.0,17
5,4,60,30,100,39,0,0.0,23
5,4,10,51,47,19,0,6.0,-4
5,4,320,46,70,34,0,8.0,3
5,4,290,36,43,23,-1,6.0,-5
5,4,280,36,49,26,0,7.0,6
5,4,300,5,43,40,0,8.0,7
5,4,130,15,66,60,0,8.0,0
5,4,90,5,70,61,0,8.0,1
5,4,360,21,74,52,-1,8.0,1
5,4,20,31,35,23,0,1.0,3
5,4,20,31,60,43,0,3.0,0
5,4,270,15,37,31,0,2.0,-11
5,4,300,31,92,68,0,8.0,2
5,4,190,26,58,48,0,2.0,12
5,4,270,46,115,107,0,8.0,-6
5,4,290,26,38,26,0,1.0,11
5,4,310,31,44,28,0,3.0,10
5,4,270,26,48,36,0,6.0,5
5,4,280,10,0,-7,0,2.0,14
5,4,990,5,21,14,0,5.0,9
5,4,240,31,109,92,0,8.0,0
5,4,250,31,119,96,0,8.0,1
5,4,250,15,100,94,0,4.0,7
5,4,280,26,25,15,0,1.0,22
5,4,280,5,15,8,0,5.0,37
5,4,260,15,62,45,0,7.0,9
5,4,280,10,88,66,0,7.0,5
5,4,10,26,98,52,0,7.0,2
5,4,30,36,97,73,0,8.0,0
5,4,20,36,77,70,0,1.0,7
5,4,20,31,81,72,0,0.0,4
5,4,360,41,99,93,0,8.0,1
5,4,190,82,98,93,-1,8.0,0
5,4,220,26,71,59,1,6.0,-7
5,4,320,26,67,63,-1,7.0,0
5,4,20,5,8,8,0,2.0,4
5,4,990,5,35,34,0,0.0,2
5,4,320,21,93,79,0,8.0,-14
5,4,230,26,122,85,0,7.0,-1
5,4,240,46,113,96,0,8.0,2
5,4,230,41,80,56,0,7.0,-6
5,4,240,15,67,50,0,7.0,1
5,4,240,36,77,76,0,8.0,-5
5,4,200,51,75,50,0,7.0,5
5,4,210,15,89,88,0,1.0,1
5,4,110,36,129,115,0,0.0,13
5,4,0,0,133,128,0,0.0,5
5,4,20,41,117,70,0,1.0,1
5,4,50,41,89,58,0,8.0,-2
5,4,20,26,80,76,0,0.0,7
5,4,90,41,115,68,0,1.0,10
5,4,110,26,113,72,0,1.0,17
5,4,120,36,127,86,0,1.0,11
5,4,300,26,109,97,0,1.0,8
5,4,40,15,131,97,0,1.0,10
5,4,80,10,134,123,0,1.0,4
5,4,260,21,148,123,0,3.0,11
5,4,20,31,139,105,0,1.0,2
5,4,70,46,149,37,0,2.0,-2
5,4,100,46,157,75,0,5.0,9
5,4,100,62,154,35,0,2.0,3
5,4,70,15,110,105,0,4.0,32
5,4,990,5,114,111,0,6.0,14
5,4,210,31,122,103,0,1.0,-4
5,4,280,26,123,118,0,7.0,-5
5,4,10,51,89,62,0,8.0,-2
5,4,40,26,23,19,0,2.0,1
5,4,30,36,19,10,0,0.0,9
5,4,20,36,31,21,0,1.0,4
5,4,30,57,89,56,0,8.0,-1
5,4,40,41,95,86,0,3.0,5
5,4,30,62,106,98,3,7.0,1
5,4,90,21,114,111,0,1.0,2
5,4,40,31,121,108,0,1.0,4
5,4,40,26,122,109,0,4.0,3
5,4,250,21,129,129,1,8.0,-6
5,4,270,10,105,93,0,8.0,1
5,4,200,41,123,112,-1,8.0,-19
5,4,190,26,43,37,0,1.0,25
5,4,140,46,95,69,0,4.0,9
5,4,170,15,142,112,0,7.0,5
5,4,110,10,132,132,0,6.0,0
5,4,30,51,118,118,0,8.0,1
5,4,220,41,95,83,0,3.0,7
5,4,200,5,42,39,0,1.0,17
5,4,70,21,87,83,0,3.0,25
5,4,50,26,106,97,0,3.0,17
5,4,40,31,131,126,0,5.0,15
5,4,50,36,118,105,0,7.0,2
5,4,220,72,157,149,-1,7.0,-5
5,4,260,21,111,111,1,8.0,0
5,4,220,26,92,92,0,4.0,11
5,4,190,41,154,127,0,8.0,0
5,4,220,41,128,110,0,5.0,5
5,4,350,36,81,41,0,7.0,-4
5,4,20,15,0,-7,0,1.0,14
5,4,110,31,67,30,0,1.0,0
5,4,230,26,111,58,0,8.0,-1
5,4,230,31,77,71,-1,7.0,4
5,4,180,36,99,99,2,8.0,6
5,4,150,21,124,124,0,7.0,3
5,4,190,15,114,100,0,6.0,12
5,4,340,21,66,66,0,6.0,-1
5,4,10,31,76,70,0,7.0,-3
5,4,60,26,94,86,0,7.0,4
5,4,90,51,123,76,0,0.0,7
5,4,40,21,82,70,0,1.0,15
5,4,70,31,112,88,0,1.0,3
5,4,250,51,129,126,32,8.0,-3
5,4,60,10,110,105,-1,7.0,6
5,4,80,31,116,116,10,8.0,8
5,4,170,5,78,78,0,2.0,8
5,4,320,26,88,71,0,7.0,0
5,4,0,0,73,73,0,7.0,9
5,4,130,21,106,106,0,4.0,11
5,4,200,51,122,106,0,7.0,3
5,4,240,21,102,102,0,6.0,3
5,4,360,5,55,55,0,3.0,16
5,4,350,41,127,127,14,8.0,1
5,4,20,15,81,81,0,5.0,13
5,4,320,21,82,48,0,7.0,3
5,4,0,0,51,50,0,7.0,21
5,4,350,26,75,56,0,7.0,0
5,4,240,5,26,25,0,1.0,21
5,4,220,15,25,24,0,3.0,25
5,4,330,15,42,42,0,0.0,-14
5,4,40,5,67,67,0,0.0,12
5,4,130,5,67,60,0,1.0,5
5,4,40,5,67,60,0,5.0,0
5,4,140,10,81,73,0,1.0,6
5,4,990,5,89,88,0,1.0,-17
5,4,990,5,74,74,0,0.0,9
5,4,300,41,135,99,0,7.0,-8
5,4,290,41,99,75,0,7.0,0
5,4,260,5,50,47,0,7.0,10
5,4,360,15,63,41,0,7.0,-13
5,4,40,62,63,22,0,8.0,1
5,4,360,51,82,55,0,8.0,-2
5,4,320,31,41,15,-1,6.0,6
5,4,200,31,37,30,0,6.0,8
5,4,40,5,28,18,0,7.0,15
5,4,80,15,92,87,1,8.0,1
5,4,250,72,89,85,1,8.0,-1
5,4,220,26,20,20,0,3.0,3
5,4,200,21,33,33,0,1.0,14
5,4,360,21,53,53,0,3.0,10
5,4,50,21,25,6,0,1.0,14
5,4,60,5,85,71,0,6.0,15
5,4,170,21,117,94,0,3.0,17
5,4,270,26,151,148,0,8.0,-10
5,4,230,15,129,129,0,7.0,6
5,4,130,21,128,122,0,4.0,9
5,4,170,36,144,123,0,3.0,7
5,4,240,21,150,150,0,7.0,-3
5,4,990,5,87,87,0,5.0,22
5,4,360,26,114,112,0,8.0,2
5,4,120,21,85,27,0,8.0,1
5,4,360,10,74,74,0,8.0,-4
5,4,20,10,68,59,1,8.0,-1
5,4,330,41,57,39,3,8.0,0
5,4,260,10,-8,-11,0,2.0,-4
5,4,20,15,19,9,0,4.0,3
5,4,40,46,40,12,0,1.0,8
5,4,20,51,36,16,0,5.0,1
5,4,360,41,38,28,0,1.0,6
5,4,40,51,53,32,-1,8.0,0
5,4,40,21,61,47,0,8.0,3
5,4,10,31,80,68,0,8.0,-1
5,4,10,41,68,50,0,8.0,3
5,4,350,21,80,68,0,8.0,1
5,4,20,46,74,42,-1,8.0,0
5,4,10,15,-6,-9,0,1.0,17
5,4,350,10,72,69,0,8.0,8
5,4,40,36,77,63,0,8.0,1
5,4,160,21,87,81,0,3.0,21
5,4,230,21,53,52,0,1.0,-5
5,4,220,10,84,80,1,7.0,3
5,4,230,21,57,53,0,7.0,8
5,4,220,51,111,105,-1,8.0,5
5,4,200,31,127,127,0,6.0,7
5,4,210,26,129,129,11,8.0,1
5,4,230,26,82,74,0,1.0,4
5,4,240,46,114,109,4,8.0,-2
5,4,270,21,55,46,0,3.0,14
5,4,200,36,105,76,0,7.0,12
5,4,150,10,120,120,0,6.0,6
5,4,200,41,185,138,0,4.0,-3
5,4,0,0,30,30,0,1.0,-8
5,4,0,0,54,54,0,1.0,-4
5,4,0,0,79,79,0,2.0,-4
5,4,240,30,126,110,0,2.0,0
5,4,200,20,123,114,0,7.0,3
5,4,240,30,120,111,0,7.0,-20
5,4,220,30,10,9,0,2.0,4
5,4,190,40,22,16,0,0.0,10
5,4,180,50,83,77,-1,8.0,-4
5,4,210,30,69,62,-1,1.0,0
5,4,180,30,109,106,2,7.0,2
5,4,200,40,85,74,0,1.0,5
5,4,170,10,78,72,0,2.0,-5
5,4,320,10,110,110,32,8.0,6
5,4,30,10,42,42,0,1.0,12
5,4,120,20,125,119,0,6.0,6
5,4,110,10,141,141,0,7.0,10
5,4,220,20,161,156,4,7.0,-1
5,4,210,20,127,125,0,3.0,3
5,4,210,10,120,120,0,2.0,5
5,4,210,30,116,116,1,8.0,0
5,4,260,60,95,95,4,8.0,3
5,4,20,20,73,69,0,7.0,10
5,4,10,20,39,32,0,2.0,21
5,4,30,20,50,49,0,2.0,12
5,4,20,10,49,46,0,4.0,11
5,4,340,40,106,89,-1,7.0,2
5,4,350,40,84,38,0,3.0,2
5,4,50,10,48,48,0,3.0,16
5,4,20,20,69,69,0,3.0,22
5,4,60,20,74,33,0,1.0,26
5,4,360,40,98,94,0,8.0,-3
5,4,310,20,105,105,0,8.0,1
5,4,360,20,73,57,0,7.0,4
5,4,340,40,70,34,0,7.0,-4
5,4,210,20,68,55,0,7.0,-2
5,4,230,50,97,93,7,8.0,2
5,4,220,40,117,102,0,8.0,2
5,4,990,10,60,51,0,1.0,22
5,4,990,10,122,101,0,7.0,1
5,4,0,0,94,91,0,2.0,13
5,4,0,0,137,110,0,1.0,21
5,4,140,10,140,128,0,0.0,10
5,4,80,20,151,130,0,2.0,14
5,4,80,50,155,125,0,0.0,1
5,4,60,30,121,78,0,1.0,9
5,4,30,30,90,70,0,1.0,21
5,4,30,30,72,45,0,1.0,20
5,4,20,20,97,92,0,2.0,10
5,4,10,40,104,96,0,1.0,4
5,4,310,10,74,70,0,1.0,15
5,4,30,20,97,86,0,4.0,7
5,4,290,20,83,39,0,7.0,12
5,4,990,10,26,22,0,0.0,23
5,4,310,20,99,99,5,8.0,2
5,4,270,20,115,114,0,7.0,1
5,4,210,20,110,105,-1,7.0,-1
5,4,990,10,83,83,0,7.0,4
5,4,130,30,120,119,-1,7.0,4
5,4,290,20,142,142,22,8.0,0
5,4,320,10,116,112,0,6.0,4
5,4,140,30,120,112,1,4.0,7
5,4,30,20,48,43,0,1.0,0
5,4,60,30,64,38,0,7.0,4
5,4,30,20,54,46,0,3.0,-3
5,4,60,50,72,37,0,7.0,-2
5,4,70,50,112,20,0,7.0,3
5,4,120,30,115,112,10,8.0,0
5,4,990,10,100,100,0,9.0,7
5,4,250,40,132,123,0,8.0,-8
5,4,200,20,97,87,0,1.0,2
5,4,160,40,147,89,0,7.0,-2
5,4,200,30,116,104,0,7.0,2
5,4,240,20,106,103,0,2.0,8
5,4,230,30,109,92,0,8.0,2
5,4,210,20,79,71,0,4.0,11
5,4,40,40,90,87,0,7.0,-4
5,4,990,10,40,34,0,1.0,6
5,4,40,40,83,62,0,7.0,5
5,4,70,70,112,40,-1,6.0,-3
5,4,100,30,110,76,0,2.0,8
5,4,190,40,128,124,11,8.0,0
5,4,260,20,114,98,0,8.0,1
5,4,320,40,98,85,11,8.0,-3
5,4,200,20,81,70,0,2.0,6
5,4,230,30,130,101,0,8.0,-2
5,4,240,30,123,108,0,8.0,5
5,4,180,10,37,33,0,7.0,32
5,4,120,20,84,77,0,0.0,30
5,4,280,60,181,145,0,7.0,-6
5,4,150,20,103,101,0,1.0,18
5,4,360,10,143,135,0,5.0,20
5,4,300,20,109,100,0,7.0,1
5,4,340,30,118,112,0,8.0,-1
5,4,20,50,99,94,0,8.0,-1
5,4,360,30,98,94,1,8.0,1
5,4,360,30,111,103,0,8.0,-2
5,4,20,20,77,75,0,1.0,5
5,4,80,20,124,91,0,1.0,9
5,4,100,10,127,94,0,1.0,-9
5,4,180,20,113,113,0,3.0,-9
5,4,10,10,125,121,0,6.0,-3
5,4,20,10,134,130,0,1.0,6
5,4,30,30,138,112,0,7.0,10
5,4,40,20,106,89,0,5.0,11
5,4,360,10,115,86,0,7.0,2
5,4,20,10,103,87,0,0.0,10
5,4,0,0,105,91,0,1.0,20
5,4,170,10,154,128,0,5.0,9
5,4,290,30,135,127,10,8.0,-6
5,4,200,50,96,70,3,8.0,0
5,4,220,30,93,81,0,7.0,3
5,4,250,10,80,73,0,4.0,4
5,4,140,30,91,69,0,7.0,2
5,4,290,30,104,97,0,8.0,0
5,4,200,20,90,81,0,6.0,8
5,4,210,30,136,130,7,8.0,0
5,4,200,50,137,131,1,8.0,1
5,4,200,30,78,61,0,7.0,11
5,4,220,60,108,66,0,7.0,4
5,4,130,40,98,86,10,8.0,1
5,4,240,40,82,71,8,7.0,1
5,4,210,10,72,64,0,7.0,8
5,4,360,20,65,61,0,1.0,9
5,4,20,60,89,84,0,8.0,2
5,4,30,50,69,49,0,7.0,1
5,4,290,50,118,108,2,7.0,0
5,4,330,30,81,78,-1,8.0,2
5,4,20,60,41,29,0,5.0,4
5,4,20,30,48,37,0,4.0,13
5,4,30,40,88,59,0,7.0,0
5,4,20,40,47,41,0,1.0,8
5,4,20,40,92,80,0,6.0,-1
5,4,80,40,127,92,0,0.0,3
5,4,40,20,94,77,0,1.0,14
5,4,30,20,100,88,0,3.0,1
5,4,110,30,102,74,0,3.0,23
5,4,220,20,119,110,0,7.0,4
5,4,190,40,102,99,0,6.0,3
5,4,210,50,124,112,0,7.0,-4
5,4,170,30,113,108,2,6.0,2
5,4,230,40,101,79,0,8.0,0
5,4,230,20,95,89,0,3.0,6
5,4,0,0,33,28,0,2.0,13
5,4,20,40,74,74,0,4.0,6
5,4,40,30,58,48,0,5.0,18
5,4,40,20,87,76,0,1.0,19
5,4,10,20,96,86,0,0.0,14
5,4,40,50,90,78,0,8.0,3
5,4,150,10,100,69,0,5.0,18
5,4,240,30,123,112,0,7.0,6
5,4,230,30,148,127,0,7.0,6
5,4,280,50,158,138,0,7.0,-6
5,4,300,10,91,87,0,6.0,13
5,4,990,10,104,95,0,4.0,14
5,4,200,40,84,73,0,5.0,-4
5,4,990,10,91,82,-1,8.0,7
5,4,270,20,45,42,0,4.0,-8
5,4,340,30,78,57,0,,2
5,4,330,60,70,37,2,,-5
5,4,130,20,91,87,5,8.0,1
5,4,120,20,72,69,0,2.0,-21
5,4,20,40,90,86,0,4.0,15
5,4,30,50,130,125,0,,1
5,4,220,30,120,113,0,,-1
5,4,200,10,120,112,0,,-1
5,4,310,10,105,98,0,,1
5,4,150,20,85,82,0,3.0,4
5,4,200,60,111,77,0,7.0,2
5,4,200,30,80,64,0,2.0,12
5,4,0,0,76,71,0,4.0,15
5,4,30,20,101,97,0,6.0,10
5,4,0,0,127,115,0,,12
5,4,200,30,84,71,0,,7
5,4,170,20,99,94,0,,12
5,4,130,40,130,94,0,4.0,8
5,4,150,20,167,132,0,7.0,-2
5,4,190,20,107,94,0,5.0,9
5,4,170,20,89,82,0,4.0,21
5,4,200,40,104,83,0,,2
5,4,170,50,110,74,0,,2
5,4,190,30,83,72,0,2.0,13
5,4,190,20,52,45,0,4.0,33
5,4,210,30,100,85,0,2.0,5
5,4,200,20,80,69,0,4.0,14
5,4,230,20,96,75,0,7.0,9
5,4,220,40,92,76,1,4.0,4
5,4,170,30,89,76,0,2.0,-3
5,4,250,60,95,85,6,8.0,8
5,4,180,30,77,59,0,0.0,8
5,4,230,10,136,97,0,4.0,14
5,4,170,20,94,91,-1,8.0,0
5,4,0,0,23,22,0,4.0,6
5,4,300,10,49,44,0,1.0,11
5,4,60,20,99,82,0,8.0,5
5,4,220,30,66,48,0,1.0,3
5,4,180,20,59,45,0,1.0,17
5,4,230,40,90,78,0,3.0,1
5,4,250,20,71,66,3,1.0,4
5,4,220,20,69,57,1,8.0,0
5,4,230,20,71,63,0,8.0,-2
5,4,170,10,29,29,0,2.0,5
5,4,210,20,110,74,0,8.0,4
5,4,230,30,128,117,0,8.0,-1
5,4,200,40,118,109,0,7.0,0
5,4,230,50,96,73,0,1.0,3
5,4,240,40,102,95,-1,8.0,2
5,4,210,30,120,117,1,8.0,4
5,4,220,40,124,106,-1,8.0,-9
5,4,350,10,110,108,0,8.0,4
5,4,190,50,117,110,0,5.0,2
5,4,240,20,83,80,0,0.0,9
5,4,70,10,83,78,0,0.0,24
5,4,30,20,112,102,0,0.0,12
5,4,30,20,121,108,0,0.0,17
5,4,30,10,129,121,0,0.0,22
5,4,360,20,147,131,0,7.0,6
5,4,0,0,96,96,0,8.0,16
5,4,210,20,97,82,0,7.0,3
5,4,230,10,62,62,0,0.0,12
5,4,230,20,77,65,0,7.0,-2
5,4,190,40,73,62,0,7.0,-1
5,4,180,10,26,26,0,0.0,3
5,4,300,20,70,60,0,8.0,5
5,4,20,50,105,105,0,8.0,-7
5,4,310,10,91,82,0,8.0,3
5,4,230,10,94,89,0,8.0,2
5,4,270,30,102,102,0,9.0,0
5,4,340,40,90,46,0,8.0,1
5,4,330,40,86,42,0,8.0,1
5,4,290,20,31,28,0,0.0,14
5,4,260,10,54,52,0,4.0,29
5,4,30,20,106,101,0,8.0,4
5,4,30,10,82,81,0,7.0,20
5,4,0,0,84,83,0,5.0,12
5,4,220,10,67,63,0,1.0,25
5,4,210,10,85,84,0,8.0,14
5,4,360,30,100,85,1,7.0,0
5,4,320,20,25,19,0,6.0,21
5,4,340,50,86,77,12,8.0,6
5,4,0,0,21,21,0,0.0,19
5,4,0,0,40,40,0,0.0,7
5,4,0,0,63,50,0,8.0,8
5,4,320,10,30,30,0,6.0,27
5,4,40,10,41,41,0,0.0,24
5,4,150,10,76,54,0,0.0,32
5,4,170,20,116,78,0,8.0,28
5,4,250,20,116,114,0,6.0,2
5,4,120,30,129,123,0,4.0,3
5,4,230,10,131,110,0,7.0,6
5,4,60,10,107,107,0,9.0,9
5,4,250,20,113,89,0,8.0,0
5,4,340,40,55,34,0,1.0,-5
5,4,310,70,105,81,0,7.0,-1
5,4,230,30,92,84,21,8.0,-4
5,4,220,20,44,37,0,7.0,12
5,4,260,20,39,33,0,5.0,5
5,4,250,20,35,26,0,7.0,3
5,4,280,20,7,1,0,2.0,19
5,4,50,10,18,10,0,0.0,12
5,4,50,40,58,41,0,0.0,5
5,4,20,40,75,56,0,5.0,7
5,4,240,30,51,44,0,7.0,11
5,4,210,10,51,48,0,9.0,-2
5,4,360,20,51,28,0,5.0,13
5,4,200,10,-6,-11,0,0.0,10
5,4,150,30,67,18,0,4.0,12
5,4,180,40,134,128,1,8.0,3
5,4,210,20,125,123,0,6.0,7
5,4,180,30,97,92,0,3.0,20
5,4,220,20,98,85,0,1.0,11
5,4,190,30,74,58,0,0.0,28
5,4,240,20,148,124,0,7.0,6
5,4,160,20,141,124,0,0.0,16
5,4,0,0,101,92,0,0.0,39
5,4,190,30,188,147,0,0.0,16
5,4,210,10,83,68,0,0.0,24
5,4,30,30,103,94,-1,8.0,4
5,4,230,20,67,62,0,0.0,15
5,4,160,40,34,26,0,5.0,6
5,4,180,20,34,26,0,1.0,-7
5,4,150,30,107,73,0,0.0,9
5,4,40,20,119,113,0,6.0,-5
5,4,140,20,137,78,0,1.0,4
5,4,0,0,108,100,0,3.0,2
5,4,110,40,137,37,0,7.0,-11
5,4,100,50,139,45,0,0.0,10
5,4,30,10,100,91,0,0.0,5
5,4,30,20,85,79,0,0.0,23
5,4,70,10,94,57,0,0.0,10
5,4,160,10,91,82,0,4.0,1
5,4,990,10,84,73,0,2.0,27
5,4,340,20,116,105,-1,7.0,2
5,4,100,30,83,49,0,7.0,8
5,4,290,50,138,116,0,7.0,-2
5,4,250,20,113,108,0,2.0,-3
5,4,210,40,167,154,-1,8.0,1
5,4,210,60,108,88,-1,8.0,-2
5,4,190,80,116,96,1,8.0,-4
5,4,230,40,110,100,5,8.0,3
5,4,160,40,124,107,1,6.0,5
5,4,260,30,94,88,13,8.0,-4
5,4,210,40,75,60,0,0.0,8
5,4,180,30,85,79,2,8.0,6
5,4,190,30,93,86,0,8.0,7
5,4,250,30,138,129,0,8.0,1
5,4,280,50,128,112,0,7.0,2
5,4,230,10,101,92,0,8.0,9
5,4,290,30,53,44,0,3.0,11
5,4,330,50,87,74,0,8.0,3
5,4,70,40,96,34,0,0.0,-1
5,4,40,20,52,19,0,0.0,26
5,4,30,30,64,57,0,0.0,3
5,4,20,40,100,84,0,0.0,1
5,4,30,70,94,83,0,8.0,0
5,4,290,20,75,72,0,8.0,9
5,4,220,40,113,104,10,8.0,1
5,4,260,50,117,100,0,5.0,-3
5,4,250,30,106,101,-1,8.0,0
5,4,240,50,134,117,2,8.0,3
5,4,220,60,134,111,1,8.0,-8
5,4,230,40,114,107,0,8.0,4
5,4,190,30,102,95,0,6.0,3
5,4,210,60,137,95,0,7.0,3
5,4,310,30,71,66,0,4.0,7
5,4,200,60,112,109,6,8.0,1
5,4,110,30,85,82,6,8.0,0
5,4,210,30,99,96,0,8.0,7
5,4,230,30,119,108,0,4.0,-5
5,4,0,0,63,60,0,0.0,6
5,4,320,20,144,141,0,8.0,1
5,4,0,0,140,138,0,7.0,16
5,4,10,20,72,70,0,0.0,30
5,4,10,10,103,96,0,0.0,23
5,4,30,10,149,135,0,8.0,5
5,4,10,50,149,142,7,8.0,-1
5,4,30,20,120,118,1,8.0,1
5,4,150,10,107,104,0,8.0,3
5,4,270,20,115,112,-1,8.0,-8
5,4,210,40,65,50,0,0.0,15
5,4,160,10,130,126,0,8.0,2
5,4,180,40,62,51,0,0.0,5
5,4,190,30,50,49,0,3.0,7
5,4,100,10,43,42,0,0.0,15
5,4,100,30,79,51,0,0.0,8
5,4,100,30,82,42,0,0.0,12
5,4,70,20,100,81,0,0.0,3
5,4,70,10,93,70,0,0.0,16
5,4,70,10,93,75,0,0.0,13
5,4,90,20,89,61,0,0.0,39
5,4,130,30,137,80,0,0.0,7
5,4,70,20,121,61,0,0.0,16
5,4,50,20,118,66,0,0.0,7
5,4,70,30,152,87,0,5.0,-9
5,4,40,20,124,105,0,3.0,16
5,4,190,10,130,120,0,7.0,-7
5,4,330,10,139,136,51,8.0,1
5,4,10,40,115,113,28,8.0,-4
5,4,40,30,92,70,0,8.0,4
5,4,330,10,28,23,0,0.0,19
5,4,20,30,41,25,0,0.0,18
5,4,60,20,65,43,0,0.0,17
5,4,60,20,105,58,0,7.0,5
5,4,80,20,125,80,0,8.0,8
5,4,50,20,101,79,0,0.0,34
5,4,100,50,143,131,-1,8.0,-1
5,4,50,60,136,124,-1,8.0,-3
5,4,90,20,133,122,0,7.0,10
5,4,160,30,179,140,0,6.0,-2
5,4,990,10,136,127,0,7.0,8
5,4,190,30,159,155,-1,8.0,-7
5,4,270,20,118,117,0,0.0,8
5,4,290,10,74,71,0,0.0,-2
5,4,240,20,76,60,0,0.0,1
5,4,250,10,67,65,0,2.0,7
5,4,250,10,13,9,0,0.0,10
5,4,220,40,81,77,5,8.0,6
5,4,250,60,113,89,0,8.0,-2
5,4,220,30,101,89,0,7.0,-1
5,4,230,20,99,91,0,8.0,6
5,4,200,30,46,26,0,2.0,13
5,4,0,0,46,33,0,0.0,-4
5,4,40,60,96,51,0,8.0,1
5,4,50,50,60,43,0,0.0,12
5,4,80,50,126,50,0,8.0,0
5,4,100,20,120,107,-1,8.0,2
5,4,160,20,143,141,-1,8.0,1
5,4,200,30,65,59,0,0.0,16
5,4,180,30,126,120,3,8.0,-2
5,4,170,30,97,87,0,0.0,9
5,4,160,10,86,84,0,5.0,18
5,4,170,10,93,86,0,8.0,19
5,4,40,10,102,89,0,7.0,3
5,4,210,20,68,66,0,5.0,22
5,4,200,20,59,52,0,0.0,36
5,4,990,10,98,97,0,0.0,21
5,4,50,30,115,96,0,1.0,12
5,4,120,10,141,137,1,8.0,11
5,4,230,30,82,72,0,0.0,11
5,4,250,30,136,130,0,8.0,5
5,4,60,10,88,86,0,1.0,23
5,4,60,20,97,68,0,0.0,25
5,4,20,30,119,97,0,0.0,-1
5,4,210,30,66,43,0,0.0,5
5,4,70,30,83,81,-1,8.0,1
5,4,330,40,54,48,0,8.0,2
5,4,360,40,51,28,0,8.0,3
5,4,0,0,2,-4,0,0.0,0
5,4,10,30,37,24,0,0.0,9
5,4,10,50,70,41,0,8.0,-9
5,4,210,10,68,65,0,8.0,1
5,4,10,20,80,76,0,8.0,2
5,4,20,30,64,30,0,8.0,-1
5,4,20,30,19,10,0,5.0,17
5,4,330,40,45,35,16,8.0,3
5,4,350,30,60,54,0,8.0,1
5,4,990,10,5,1,0,8.0,4
5,4,0,0,17,11,0,8.0,-7
5,4,250,20,72,63,0,7.0,5
5,4,270,30,101,91,1,8.0,-3
5,4,270,10,22,18,0,2.0,11
5,4,290,20,35,31,0,2.0,26
5,4,260,10,26,17,0,0.0,15
5,4,340,10,77,72,0,0.0,28
5,4,360,40,76,75,0,8.0,10
5,4,10,20,99,97,0,0.0,14
5,4,220,30,131,103,0,0.0,15
5,4,20,30,124,105,0,8.0,-4
5,4,60,40,80,36,0,8.0,5
5,4,30,10,60,58,0,8.0,14
5,4,250,10,47,44,0,0.0,32
5,4,170,10,72,40,0,3.0,2
5,4,240,30,127,120,5,8.0,2
5,4,300,50,107,95,-1,8.0,2
5,4,60,40,87,-1,0,0.0,-1
5,4,50,40,61,-18,0,0.0,-2
5,4,40,40,34,-7,0,0.0,-1
5,4,0,0,4,-12,0,0.0,5
5,4,110,10,15,-1,0,0.0,12
5,4,170,20,67,29,0,3.0,15
5,4,140,20,128,65,0,3.0,5
5,4,140,40,179,47,0,1.0,-1
5,4,60,10,132,121,0,1.0,1
5,4,30,10,124,122,0,8.0,2
5,4,240,20,111,96,0,0.0,-4
5,4,240,10,88,79,0,8.0,9
5,4,240,10,75,62,0,0.0,10
5,4,240,20,79,52,0,7.0,9
5,4,270,20,85,71,-1,7.0,4
5,4,230,40,115,78,0,8.0,3
5,4,230,30,119,103,-1,8.0,2
5,4,210,30,103,86,0,8.0,2
5,4,200,20,130,119,0,8.0,1
5,4,0,0,50,44,0,0.0,34
5,4,210,10,51,50,0,0.0,20
5,4,990,10,132,121,31,8.0,12
5,4,210,30,84,72,0,0.0,9
5,4,280,50,123,73,0,8.0,-5
5,4,200,10,47,33,0,0.0,34
5,4,150,20,120,23,0,7.0,13
5,4,240,30,110,103,10,8.0,-1
5,4,210,30,94,82,0,8.0,2
5,4,210,40,128,99,0,7.0,3
5,4,170,10,96,89,0,0.0,31
5,4,250,20,143,125,-1,8.0,-8
5,4,60,30,146,82,0,8.0,-12
5,4,300,20,80,77,0,8.0,16
5,4,200,30,105,100,0,8.0,1
5,4,220,20,95,87,0,7.0,1
5,4,10,40,78,61,0,8.0,-2
5,4,50,50,62,35,0,8.0,3
5,4,70,10,34,28,0,7.0,16
5,4,160,30,106,69,0,8.0,3
5,4,200,30,137,132,89,8.0,4
5,4,190,60,159,141,5,8.0,1
5,4,240,40,172,147,0,8.0,-3
5,4,300,20,52,47,0,1.0,7
5,4,210,10,0,-4,0,0.0,12
5,4,200,20,47,31,0,0.0,17
5,4,210,30,76,62,0,8.0,1
5,4,280,30,50,36,5,7.0,5
5,4,200,30,30,16,0,0.0,22
5,4,100,30,100,44,0,8.0,11
5,4,200,20,118,112,0,8.0,6
5,4,20,60,124,118,3,8.0,-1
5,4,300,20,116,113,0,5.0,14
5,4,330,30,147,138,0,5.0,5
5,4,220,20,121,116,0,8.0,1
5,4,270,10,156,152,0,8.0,7
5,4,80,50,158,75,0,0.0,2
5,4,60,30,144,118,0,0.0,18
5,4,60,20,121,68,0,0.0,23
5,4,280,10,125,117,0,0.0,21
5,4,990,10,98,93,0,0.0,22
5,4,0,0,96,88,0,8.0,15
5,4,240,20,133,121,0,5.0,14
5,4,40,40,31,13,0,0.0,11
5,4,30,30,83,38,-1,8.0,-3
5,4,30,10,60,49,0,0.0,7
5,4,220,20,64,32,0,0.0,2
5,4,180,20,62,51,0,0.0,7
5,4,40,10,52,43,0,0.0,0
5,4,20,20,100,81,0,4.0,11
5,4,180,30,128,124,0,2.0,1
5,4,250,30,124,102,1,8.0,-6
5,4,210,60,115,48,0,8.0,1
5,4,200,30,100,57,0,8.0,4
5,4,260,30,68,54,0,8.0,-2
5,4,230,30,102,98,2,8.0,4
5,4,210,30,76,53,0,5.0,5
5,4,170,40,105,74,0,7.0,3
5,4,330,10,72,56,0,8.0,11
5,4,260,20,83,80,0,8.0,1
5,4,240,20,80,76,0,8.0,2
5,4,50,20,59,54,0,0.0,19
5,4,260,20,96,93,2,8.0,2
5,4,190,20,108,103,-1,8.0,0
5,4,330,50,79,49,-1,8.0,0
5,4,10,20,53,32,4,8.0,-5
5,4,190,20,30,24,0,7.0,12
5,4,10,30,36,23,0,0.0,8
5,4,330,40,81,72,-1,8.0,1
5,4,260,30,75,60,0,8.0,4
5,4,90,20,85,58,0,0.0,16
5,4,260,20,102,94,-1,8.0,-9
5,4,290,10,110,107,0,8.0,0
5,4,330,50,109,106,0,8.0,0
5,4,220,10,89,85,0,8.0,2
5,4,20,30,107,98,0,8.0,1
5,4,10,20,38,30,0,0.0,7
5,4,300,10,-13,-21,0,0.0,19
5,4,120,20,35,20,0,0.0,20
5,4,170,40,122,52,0,8.0,5
5,4,230,30,96,83,0,7.0,6
5,4,220,40,112,86,0,8.0,3
5,4,240,50,128,110,0,8.0,1
5,4,200,30,92,83,0,8.0,5
5,4,230,80,102,59,0,8.0,-4
5,4,230,50,98,75,0,8.0,1
5,4,230,30,84,77,0,8.0,2
5,4,250,20,48,44,0,0.0,9
5,4,300,20,28,24,0,3.0,7
5,4,50,10,41,38,0,0.0,18
5,4,20,20,77,74,0,0.0,12
5,4,0,0,74,71,0,0.0,18
5,4,80,10,100,85,0,0.0,18
5,4,180,30,171,102,0,8.0,-5
5,4,220,20,134,131,0,2.0,6
5,4,180,50,147,122,0,0.0,-7
5,4,190,20,128,116,0,1.0,4
5,4,150,10,132,112,0,3.0,5
5,4,190,30,101,80,0,0.0,16
5,4,20,30,127,116,0,5.0,9
5,4,10,10,144,141,1,8.0,2
5,4,220,20,129,123,0,8.0,0
5,4,210,10,133,128,0,8.0,-2
5,4,40,20,70,55,0,0.0,12
5,4,0,0,66,63,0,2.0,26
5,4,0,0,10,7,0,3.0,9
5,4,0,0,23,15,0,0.0,6
5,4,100,30,102,47,0,7.0,-1
5,4,200,30,122,110,0,8.0,3
5,4,180,50,159,150,0,0.0,16
5,4,200,40,91,53,0,0.0,9
5,4,220,50,102,65,0,8.0,-3
5,4,0,0,89,78,0,8.0,0
5,4,230,40,144,108,0,8.0,-1
5,4,180,10,58,55,0,2.0,0
5,4,160,10,113,89,0,3.0,8
5,4,250,10,122,108,0,7.0,14
5,4,220,30,76,61,0,0.0,9
5,4,30,10,74,55,0,6.0,6
5,4,20,40,73,48,0,7.0,-2
5,4,210,30,79,51,-1,8.0,7
5,4,220,10,72,58,0,6.0,12
5,4,210,20,75,45,0,6.0,3
5,4,210,40,82,59,0,4.0,-1
5,4,210,20,59,50,0,4.0,4
5,4,230,20,51,48,0,0.0,19
5,4,190,30,112,72,0,8.0,5
5,4,220,20,120,97,0,8.0,5
5,4,20,20,53,45,0,7.0,17
5,4,250,20,126,123,1,8.0,4
5,4,250,20,73,58,0,2.0,11
5,4,220,10,46,37,0,2.0,28
5,4,240,40,124,88,1,7.0,7
5,4,200,30,90,63,0,7.0,5
5,4,210,30,75,70,0,1.0,10
5,4,170,30,95,56,0,8.0,12
5,4,10,20,26,14,0,2.0,4
5,4,190,10,12,4,0,0.0,6
5,4,250,30,81,76,0,6.0,5
5,4,0,0,5,0,0,0.0,18
5,4,130,30,58,11,0,1.0,8
5,4,110,30,102,60,0,1.0,8
5,4,120,10,106,71,0,3.0,14
5,4,110,40,150,65,0,3.0,1
5,4,100,50,147,77,0,0.0,3
5,4,90,10,157,139,1,8.0,0
5,4,130,20,147,128,0,8.0,-4
5,4,60,30,142,92,0,1.0,10
5,4,20,40,132,96,0,1.0,2
5,4,330,50,82,13,0,8.0,2
5,4,260,30,62,40,-1,7.0,-3
5,4,250,20,45,26,-1,7.0,11
5,4,200,30,90,47,0,8.0,5
5,4,190,30,89,69,0,4.0,17
5,4,230,10,102,97,3,8.0,0
5,4,210,40,116,92,-1,8.0,4
5,4,190,30,129,120,0,8.0,11
5,4,160,30,167,132,0,8.0,-12
5,4,310,70,104,97,4,8.0,-3
5,4,330,30,103,72,0,8.0,1
5,4,210,20,99,81,0,8.0,1
5,4,10,10,67,64,0,8.0,23
5,4,10,20,130,113,0,8.0,-1
5,4,10,20,117,113,0,0.0,6
5,4,20,30,139,132,0,0.0,8
5,4,360,50,157,149,0,8.0,-2
5,4,60,40,156,146,0,0.0,3
5,4,200,40,114,74,-1,8.0,-1
5,4,30,10,40,37,0,8.0,10
5,4,10,20,76,74,4,8.0,1
5,4,20,30,98,91,0,8.0,-3
5,4,40,40,75,58,0,8.0,1
5,4,70,40,67,64,0,8.0,2
5,4,350,30,91,83,0,8.0,2
5,4,320,40,83,40,0,8.0,-2
5,4,40,10,12,6,0,0.0,1
5,4,0,0,3,0,0,0.0,8
5,4,60,30,68,36,0,8.0,11
5,4,170,30,134,127,-1,8.0,1
5,4,200,20,127,118,0,7.0,3
5,4,170,30,105,85,0,0.0,2
5,4,200,10,60,51,0,0.0,7
5,4,190,40,165,118,0,8.0,5
5,4,30,10,155,138,0,8.0,10
5,4,230,20,149,143,2,8.0,2
5,4,210,60,131,106,0,8.0,-11
5,4,210,20,82,75,0,8.0,4
5,4,160,10,61,57,0,8.0,32
5,4,40,10,77,66,0,1.0,28
5,4,220,20,126,98,0,7.0,27
5,4,230,20,115,101,0,0.0,13
5,4,10,10,88,85,0,6.0,23
5,4,70,20,136,117,0,0.0,20
5,4,110,40,169,123,0,0.0,12
5,4,210,10,142,137,0,3.0,18
5,4,50,30,167,131,0,8.0,5
5,4,200,20,171,161,0,8.0,3
5,4,240,30,131,115,0,7.0,3
5,4,250,70,57,42,13,8.0,1
5,4,170,40,66,39,0,7.0,-11
5,4,260,10,45,43,0,3.0,0
5,4,360,10,31,26,0,0.0,10
5,4,40,20,70,42,0,0.0,13
5,4,80,20,79,43,0,0.0,14
5,4,90,20,109,74,0,0.0,11
5,4,110,20,112,80,0,0.0,8
5,4,290,20,120,104,0,0.0,16
5,4,240,30,115,64,-1,8.0,-14
5,4,90,10,20,18,0,0.0,18
5,4,230,10,88,73,0,8.0,22
5,4,240,20,133,112,0,8.0,0
5,4,350,40,111,104,0,8.0,0
5,4,50,10,131,124,0,0.0,11
5,4,350,30,134,115,0,3.0,14
5,4,340,50,92,59,0,8.0,1
5,4,320,20,66,47,0,8.0,14
5,4,10,20,91,59,0,8.0,2
5,4,10,20,78,77,0,9.0,5
5,4,30,20,112,73,0,8.0,25
5,4,50,10,104,99,0,0.0,17
5,4,40,40,149,139,47,8.0,5
5,4,30,20,134,85,0,2.0,21
5,4,120,10,131,130,0,7.0,7
5,4,30,20,153,146,0,1.0,18
5,4,80,40,193,118,0,8.0,-4
5,4,170,10,159,156,0,8.0,1
5,4,20,20,179,161,0,2.0,13
5,4,190,30,162,157,0,2.0,13
5,4,30,20,176,175,0,9.0,10
5,4,0,0,66,59,0,8.0,-12
5,4,0,0,25,23,0,3.0,2
5,4,300,20,63,55,-1,7.0,17
5,4,270,20,41,32,0,8.0,-10
5,4,290,40,26,20,0,8.0,-1
5,4,220,30,30,15,0,8.0,16
5,4,150,10,26,24,0,8.0,17
5,4,110,40,87,36,-1,8.0,-1
5,4,160,30,68,57,0,7.0,6
5,4,310,30,91,77,0,8.0,-3
5,4,10,40,69,58,0,3.0,0
5,4,270,20,11,4,0,8.0,32
5,4,10,20,22,18,0,0.0,3
5,4,30,30,34,20,0,0.0,22
5,4,30,10,51,36,0,0.0,11
5,4,30,30,42,26,0,0.0,29
5,4,70,40,101,75,0,8.0,0
5,4,0,0,85,82,0,8.0,6
5,4,360,20,129,111,0,8.0,2
5,4,310,30,120,109,0,8.0,-2
5,4,300,70,104,101,0,8.0,2
5,4,280,30,97,69,0,8.0,0
5,4,170,20,71,40,0,1.0,21
5,4,210,10,99,72,0,5.0,17
5,4,200,10,66,61,0,0.0,13
5,4,200,30,99,84,0,8.0,6
5,4,270,20,108,105,0,6.0,12
5,4,230,30,102,92,29,8.0,-3
5,4,990,10,32,25,0,0.0,24
5,4,200,50,132,124,-1,8.0,5
5,4,230,30,154,103,0,8.0,-2
5,4,200,40,82,66,-1,8.0,1
5,4,220,30,79,65,0,8.0,1
5,4,210,20,66,53,0,8.0,-5
5,4,30,20,106,76,0,8.0,1
5,4,40,30,40,19,0,7.0,11
5,4,50,20,41,12,0,0.0,9
5,4,0,0,43,32,0,0.0,5
5,4,0,0,69,56,0,8.0,4
5,4,50,10,97,63,0,8.0,9
5,4,110,10,110,75,0,8.0,12
5,4,30,80,60,-13,0,8.0,-1
5,4,0,0,-4,-9,0,0.0,12
5,4,200,10,14,5,0,0.0,14
5,4,20,30,15,-11,0,0.0,20
5,4,10,30,20,-3,0,0.0,16
5,4,180,20,18,7,0,0.0,22
5,4,210,10,28,25,0,4.0,32
5,4,220,30,89,62,0,4.0,10
5,4,220,10,103,39,0,8.0,8
5,4,0,0,88,83,0,0.0,27
5,4,100,10,109,98,0,8.0,25
5,4,180,30,183,123,0,8.0,11
5,4,230,30,133,62,0,8.0,1
5,4,220,30,110,83,0,6.0,5
5,4,270,20,110,102,0,5.0,18
5,4,0,0,76,71,0,3.0,14
5,4,10,20,113,104,0,2.0,12
5,4,30,30,82,47,0,0.0,18
5,4,40,30,75,49,0,0.0,17
5,4,60,20,114,64,0,0.0,19
5,4,60,40,130,50,0,0.0,12
5,4,10,51,43,31,0,7.0,3
5,4,320,46,69,47,0,8.0,0
5,4,290,21,39,30,-1,6.0,3
5,4,290,36,48,31,-1,8.0,2
5,4,340,5,-3,-10,-1,6.0,19
5,4,150,15,67,60,0,8.0,0
5,4,0,0,71,64,0,8.0,2
5,4,320,5,76,70,-1,8.0,-1
5,4,20,15,23,14,0,1.0,9
5,4,0,0,58,51,0,2.0,0
5,4,0,0,58,51,0,7.0,-3
5,4,320,31,92,80,-1,8.0,0
5,4,180,10,50,43,0,3.0,10
5,4,270,31,113,107,0,8.0,1
5,4,280,10,28,21,0,1.0,7
5,4,300,26,34,27,0,3.0,0
5,4,280,15,49,42,0,6.0,8
5,4,320,5,11,5,0,1.0,7
5,4,230,5,21,14,0,5.0,2
5,4,210,21,105,94,0,6.0,3
5,4,250,31,124,108,0,8.0,0
5,4,260,15,88,82,0,4.0,15
5,4,260,10,28,21,0,1.0,20
5,4,300,15,23,17,0,3.0,16
5,4,250,5,53,46,0,6.0,15
5,4,270,5,78,71,0,8.0,6
5,4,20,21,97,66,0,8.0,1
5,4,30,21,98,86,0,8.0,1
5,4,20,36,82,76,0,8.0,5
5,4,30,21,78,72,0,0.0,12
5,4,350,41,95,89,0,8.0,-3
5,4,180,72,105,79,-1,8.0,-14
5,4,220,31,65,55,0,7.0,0
5,4,250,21,57,54,0,7.0,5
5,4,0,0,20,17,0,1.0,-2
5,4,0,0,28,24,0,0.0,-1
5,4,290,10,87,78,0,8.0,4
5,4,220,41,118,88,0,7.0,3
5,4,220,62,106,95,-1,8.0,1
5,4,220,51,76,59,0,3.0,3
5,4,270,26,68,50,0,8.0,0
5,4,250,21,72,68,0,6.0,5
5,4,190,41,72,50,0,7.0,10
5,4,180,15,82,78,0,1.0,9
5,4,110,26,127,111,0,0.0,16
5,4,130,21,139,126,0,0.0,14
5,4,10,41,114,75,0,2.0,3
5,4,30,36,81,61,0,7.0,2
5,4,50,26,95,83,0,0.0,-6
5,4,70,31,121,68,0,1.0,5
5,4,110,26,123,78,0,0.0,21
5,4,110,21,120,73,0,0.0,19
5,4,340,21,104,92,0,0.0,12
5,4,50,31,150,100,0,1.0,8
5,4,90,21,128,119,0,1.0,15
5,4,260,21,132,119,0,3.0,10
5,4,10,15,122,119,0,0.0,11
5,4,80,46,165,49,0,7.0,-28
5,4,100,41,154,82,0,1.0,8
5,4,100,51,151,42,0,2.0,-1
5,4,90,21,132,109,0,2.0,13
5,4,990,5,115,109,0,3.0,10
5,4,220,36,118,99,0,1.0,4
5,4,280,10,120,117,0,8.0,5
5,4,340,36,91,69,0,8.0,0
5,4,50,21,26,17,0,3.0,2
5,4,50,31,31,15,0,0.0,5
5,4,30,51,37,22,0,1.0,4
5,4,30,46,91,55,0,8.0,3
5,4,30,51,104,98,0,8.0,-4
5,4,40,57,113,104,0,5.0,0
5,4,90,26,128,117,0,3.0,4
5,4,60,26,139,107,0,1.0,-6
5,4,40,26,128,109,0,5.0,4
5,4,240,21,137,135,9,8.0,-2
5,4,290,15,103,100,0,8.0,1
5,4,200,41,119,111,0,4.0,1
5,4,190,26,45,39,0,2.0,18
5,4,140,36,90,70,0,4.0,18
5,4,140,26,141,109,0,7.0,11
5,4,110,10,135,135,0,5.0,4
5,4,40,51,128,126,0,8.0,2
5,4,210,46,104,98,0,4.0,-5
5,4,200,10,45,44,0,1.0,9
5,4,70,26,93,87,0,2.0,20
5,4,70,26,117,108,0,3.0,9
5,4,60,26,137,128,0,4.0,11
5,4,60,41,124,105,0,3.0,-1
5,4,200,41,157,152,10,7.0,-4
5,4,250,36,121,112,-1,8.0,-1
5,4,230,36,94,91,0,3.0,6
5,4,190,46,159,121,-1,8.0,-4
5,4,210,62,127,113,-1,7.0,2
5,4,330,26,80,61,0,7.0,2
5,4,10,10,20,10,0,3.0,2
5,4,100,26,75,34,0,1.0,0
5,4,240,26,111,56,-1,8.0,0
5,4,230,36,75,71,0,4.0,3
5,4,180,31,95,95,3,8.0,4
5,4,130,21,127,127,0,7.0,1
5,4,150,31,128,100,0,6.0,-3
5,4,330,15,84,84,0,7.0,-1
5,4,330,15,82,78,0,8.0,3
5,4,80,21,92,81,0,6.0,-8
5,4,90,46,138,78,0,0.0,-4
5,4,70,26,110,80,0,1.0,-1
5,4,70,26,116,92,0,0.0,7
5,4,250,51,133,128,15,7.0,-2
5,4,40,10,114,108,-1,7.0,2
5,4,110,15,131,129,2,8.0,6
5,4,130,10,92,92,0,3.0,-2
5,4,330,51,96,74,0,8.0,-1
5,4,10,5,68,68,0,3.0,-3
5,4,140,21,117,117,0,4.0,3
5,4,190,41,119,105,0,6.0,5
5,4,240,15,109,109,0,6.0,6
5,4,50,10,78,78,0,1.0,12
5,4,90,10,129,129,0,8.0,2
5,4,40,15,91,91,-1,8.0,6
5,4,320,26,83,63,0,7.0,1
5,4,10,5,68,65,0,6.0,11
5,4,360,15,86,54,0,7.0,-1
5,4,0,0,27,23,0,1.0,22
5,4,0,0,29,25,0,2.0,16
5,4,320,10,42,41,0,1.0,8
5,4,100,5,91,71,0,0.0,6
5,4,120,21,82,50,0,3.0,15
5,4,0,0,66,57,0,3.0,1
5,4,0,0,84,67,0,0.0,-2
5,4,330,15,100,83,0,1.0,-11
5,4,20,10,88,84,0,1.0,-5
5,4,290,26,125,106,0,7.0,10
5,4,280,36,101,73,0,8.0,-2
5,4,240,26,44,43,0,7.0,16
5,4,0,0,25,25,0,5.0,9
5,4,40,57,63,26,0,8.0,1
5,4,360,62,72,45,0,7.0,2
5,4,270,21,24,5,0,5.0,13
5,4,190,26,16,13,0,5.0,21
5,4,80,21,66,34,0,7.0,-2
5,4,60,26,96,91,6,8.0,0
5,4,240,87,83,79,-1,8.0,6
5,4,220,15,12,12,0,3.0,8
5,4,160,15,35,35,0,1.0,2
5,4,340,10,32,32,0,0.0,10
5,4,30,15,21,17,0,0.0,21
5,4,120,15,94,68,0,6.0,12
5,4,150,21,99,88,0,2.0,23
5,4,180,10,152,147,0,8.0,-1
5,4,250,21,136,136,0,8.0,-1
5,4,80,15,138,130,0,7.0,12
5,4,160,31,126,115,0,4.0,18
5,4,240,21,154,154,0,8.0,2
5,4,330,10,96,96,0,5.0,-4
5,4,340,15,107,107,0,5.0,6
5,4,90,5,81,32,0,7.0,13
5,4,70,5,79,79,0,7.0,3
5,4,310,10,74,74,3,8.0,-1
5,4,330,51,58,52,4,8.0,-2
5,4,240,5,-3,-10,0,1.0,-3
5,4,70,21,39,16,0,4.0,0
5,4,50,51,49,16,0,1.0,3
5,4,40,51,53,27,0,7.0,1
5,4,360,36,25,16,0,2.0,13
5,4,30,51,54,31,-1,8.0,-3
5,4,30,21,61,52,0,8.0,5
5,4,30,31,82,71,0,8.0,-2
5,4,320,26,62,62,-1,8.0,3
5,4,310,15,77,65,0,8.0,2
5,4,10,36,75,32,0,8.0,0
5,4,40,26,5,-2,0,1.0,19
5,4,140,31,93,88,0,8.0,2
5,4,50,26,83,74,0,8.0,1
5,4,180,31,94,88,0,5.0,17
5,4,190,15,42,39,0,1.0,7
5,4,210,26,84,78,1,7.0,2
5,4,210,31,50,47,0,2.0,11
5,4,210,51,108,103,1,8.0,4
5,4,200,31,133,131,-1,8.0,2
5,4,220,46,131,129,4,8.0,0
5,4,210,31,80,72,0,4.0,6
5,4,240,57,113,110,8,8.0,0
5,4,250,26,32,29,0,3.0,24
5,4,180,41,115,78,-1,7.0,5
5,4,140,5,126,126,0,7.0,7
5,4,180,36,165,134,0,3.0,32
5,4,0,0,33,33,0,0.0,0
5,4,0,0,61,61,0,1.0,2
5,4,0,0,80,80,0,2.0,5
5,4,220,30,121,105,0,3.0,6
5,4,230,10,131,131,-1,7.0,-1
5,4,220,50,117,112,-1,8.0,2
5,4,220,20,0,0,0,2.0,9
5,4,170,30,16,16,0,2.0,10
5,4,180,50,81,73,1,8.0,4
5,4,200,50,70,59,0,1.0,4
5,4,180,40,115,101,0,6.0,3
5,4,180,40,93,82,0,1.0,5
5,4,0,0,69,63,0,1.0,-10
5,4,210,20,123,123,30,8.0,-2
5,4,20,20,59,59,0,3.0,16
5,4,990,10,124,116,0,6.0,8
5,4,990,10,143,143,0,7.0,6
5,4,20,20,160,157,37,7.0,-1
5,4,210,20,127,124,0,2.0,0
5,4,180,10,121,121,0,3.0,10
5,4,200,30,113,113,-1,7.0,2
5,4,240,50,91,91,3,8.0,4
5,4,30,30,79,68,-1,7.0,3
5,4,20,20,35,23,0,1.0,21
5,4,50,20,44,40,0,1.0,28
5,4,330,10,56,55,0,2.0,16
5,4,330,40,107,93,0,5.0,1
5,4,330,20,72,49,0,3.0,4
5,4,30,20,56,56,0,5.0,16
5,4,40,40,90,89,0,7.0,1
5,4,60,30,90,36,0,2.0,13
5,4,330,40,102,102,0,8.0,-2
5,4,300,20,96,96,0,8.0,2
5,4,330,40,73,60,0,8.0,0
5,4,330,20,56,44,0,6.0,5
5,4,210,30,59,49,0,7.0,5
5,4,220,80,90,86,4,8.0,4
5,4,220,50,111,106,-1,8.0,1
5,4,160,30,58,53,0,1.0,16
5,4,130,30,112,95,0,6.0,9
5,4,990,10,107,107,0,1.0,9
5,4,120,10,154,110,0,1.0,8
5,4,160,20,150,129,0,1.0,2
5,4,70,30,176,150,0,2.0,3
5,4,70,50,156,119,0,0.0,-1
5,4,60,30,120,69,0,1.0,7
5,4,50,30,111,74,0,1.0,10
5,4,40,20,75,44,0,1.0,30
5,4,10,20,95,85,0,1.0,16
5,4,350,30,104,96,0,1.0,6
5,4,320,20,79,75,0,1.0,11
5,4,20,20,104,81,0,7.0,8
5,4,990,10,51,31,0,6.0,10
5,4,990,10,27,24,0,1.0,15
5,4,250,20,98,98,-1,8.0,2
5,4,260,20,110,110,0,8.0,2
5,4,210,20,93,93,0,5.0,11
5,4,160,10,94,94,0,7.0,8
5,4,100,10,100,100,-1,6.0,13
5,4,240,20,138,138,12,8.0,4
5,4,240,10,123,123,0,7.0,6
5,4,120,20,122,110,0,5.0,9
5,4,20,20,59,54,0,1.0,0
5,4,50,30,65,45,0,2.0,4
5,4,0,0,56,49,0,3.0,-1
5,4,50,40,74,39,0,6.0,3
5,4,70,50,118,24,0,7.0,-1
5,4,120,20,112,112,19,8.0,0
5,4,100,20,112,112,0,9.0,-1
5,4,250,70,138,134,0,8.0,-4
5,4,190,30,97,89,0,3.0,7
5,4,150,30,126,104,0,7.0,6
5,4,190,30,113,107,0,5.0,4
5,4,220,30,127,126,0,7.0,-2
5,4,230,40,101,87,0,8.0,3
5,4,210,20,76,73,0,6.0,8
5,4,20,50,95,95,0,8.0,-9
5,4,0,0,31,29,0,1.0,19
5,4,40,50,90,62,0,8.0,3
5,4,70,80,119,39,0,7.0,-4
5,4,80,30,118,75,0,1.0,5
5,4,180,20,125,125,8,8.0,4
5,4,270,40,107,100,0,8.0,5
5,4,280,20,122,115,1,8.0,-23
5,4,210,40,81,71,0,5.0,3
5,4,190,30,124,109,0,7.0,4
5,4,230,40,115,103,0,8.0,3
5,4,0,0,43,43,0,6.0,21
5,4,80,20,112,82,0,0.0,16
5,4,220,40,187,158,0,7.0,0
5,4,0,0,108,108,0,1.0,18
5,4,200,20,155,145,0,5.0,15
5,4,230,30,107,100,0,7.0,1
5,4,330,10,123,117,0,8.0,1
5,4,20,40,106,94,0,8.0,-2
5,4,350,30,96,90,-1,8.0,0
5,4,360,20,114,104,0,8.0,-3
5,4,30,20,96,88,0,1.0,8
5,4,70,10,144,95,0,1.0,-1
5,4,60,20,138,97,0,1.0,7
5,4,110,10,118,115,0,2.0,-1
5,4,220,10,117,112,0,5.0,4
5,4,360,10,127,117,0,1.0,6
5,4,50,30,158,108,0,5.0,8
5,4,80,10,136,95,0,4.0,3
5,4,100,20,157,137,0,7.0,3
5,4,990,10,103,77,0,0.0,15
5,4,0,0,106,94,0,1.0,20
5,4,150,10,150,123,0,4.0,2
5,4,990,10,150,142,-1,8.0,-12
5,4,190,30,107,61,0,7.0,-4
5,4,220,40,93,78,0,7.0,6
5,4,250,30,83,73,0,6.0,4
5,4,130,30,95,67,0,7.0,3
5,4,260,20,102,95,-1,8.0,4
5,4,180,20,84,76,0,5.0,13
5,4,210,40,136,128,7,8.0,1
5,4,210,50,139,127,-1,8.0,-1
5,4,190,20,83,57,0,7.0,4
5,4,220,70,113,65,0,7.0,2
5,4,130,40,101,83,6,8.0,0
5,4,220,50,80,66,0,6.0,4
5,4,180,10,67,57,0,6.0,10
5,4,20,10,71,63,0,1.0,11
5,4,10,40,102,90,0,6.0,-3
5,4,40,50,87,59,0,8.0,-2
5,4,140,20,124,113,5,6.0,0
5,4,340,30,84,78,-1,8.0,0
5,4,20,70,46,28,0,4.0,4
5,4,20,40,66,45,0,7.0,-1
5,4,30,60,95,54,-1,7.0,-9
5,4,10,20,43,33,0,1.0,12
5,4,10,20,95,82,0,7.0,4
5,4,70,30,131,90,0,1.0,5
5,4,40,20,104,73,0,2.0,11
5,4,990,10,96,77,0,3.0,19
5,4,100,20,128,72,0,2.0,1
5,4,250,30,123,109,0,7.0,3
5,4,190,30,99,94,0,6.0,2
5,4,200,50,118,103,0,2.0,6
5,4,180,40,112,100,0,7.0,12
5,4,220,70,93,65,0,7.0,5
5,4,240,30,94,84,0,7.0,6
5,4,230,10,34,30,0,1.0,9
5,4,70,20,78,75,0,3.0,4
5,4,50,40,76,54,0,6.0,7
5,4,60,40,100,76,0,0.0,10
5,4,360,10,111,86,0,1.0,3
5,4,20,40,96,80,0,7.0,-1
5,4,0,0,85,62,0,6.0,16
5,4,220,20,116,105,0,6.0,20
5,4,240,30,149,119,0,7.0,5
5,4,260,40,164,132,0,6.0,0
5,4,200,10,83,73,0,5.0,22
5,4,990,10,96,91,0,3.0,16
5,4,190,40,87,76,0,6.0,-3
5,4,160,40,98,87,1,7.0,0
5,4,260,10,41,40,0,7.0,8
5,4,350,30,81,57,0,,0
5,4,320,50,60,49,7,,-1
5,4,110,20,88,87,0,8.0,-1
5,4,140,20,66,62,0,1.0,7
5,4,30,40,87,79,0,3.0,10
5,4,10,40,126,126,0,,1
5,4,230,30,131,127,0,8.0,0
5,4,210,10,125,121,0,,3
5,4,310,20,109,103,0,,1
5,4,140,20,71,71,0,0.0,18
5,4,200,60,110,77,0,6.0,4
5,4,210,40,85,66,0,2.0,12
5,4,990,10,81,81,0,4.0,13
5,4,360,10,99,99,0,1.0,6
5,4,0,0,128,114,0,,10
5,4,210,30,88,73,0,,8
5,4,160,20,101,101,0,,25
5,4,120,30,135,92,0,4.0,8
5,4,140,30,169,128,0,7.0,6
5,4,210,30,118,100,0,5.0,-9
5,4,160,30,80,80,0,3.0,26
5,4,190,40,106,86,0,,2
5,4,170,30,105,77,0,,7
5,4,180,40,89,77,0,3.0,3
5,4,160,10,63,63,0,2.0,6
5,4,200,30,109,99,0,6.0,-6
5,4,200,20,77,64,0,7.0,11
5,4,210,30,78,67,0,3.0,12
5,4,230,60,95,84,4,7.0,2
5,4,150,30,78,68,0,6.0,10
5,4,240,90,95,84,9,,2
5,4,150,40,70,55,0,,3
5,4,990,10,135,96,0,7.0,-5
5,4,20,10,99,93,9,8.0,2
5,4,160,10,23,21,0,2.0,7
5,4,240,10,59,52,0,2.0,10
5,4,20,30,106,85,-1,8.0,1
5,4,210,30,64,49,0,,6
5,4,140,20,56,49,0,,12
5,4,240,60,106,89,-1,7.0,-11
5,4,230,40,80,72,0,5.0,1
5,4,220,40,64,51,0,7.0,1
5,4,220,20,54,51,0,7.0,3
5,4,990,10,19,17,0,3.0,14
5,4,170,10,97,71,0,,11
5,4,190,30,129,122,0,,2
5,4,210,30,117,109,0,7.0,3
5,4,230,60,96,71,0,3.0,4
5,4,240,60,102,93,5,8.0,-1
5,4,190,30,116,113,1,8.0,6
5,4,230,60,130,101,0,8.0,-7
5,4,20,10,117,116,2,,1
5,4,170,30,120,114,0,,-1
5,4,220,20,51,50,0,1.0,34
5,4,360,10,72,69,0,4.0,19
5,4,50,30,132,108,0,5.0,1
5,4,60,30,130,112,0,,14
5,4,360,10,123,117,0,1.0,24
5,4,320,20,151,139,0,,3
5,4,240,20,111,108,0,,-2
5,4,230,30,107,78,0,,1
5,4,160,10,68,62,0,,1
5,4,210,20,81,62,0,,-1
5,4,170,30,71,59,0,,3
5,4,170,10,32,28,0,,-5
5,4,280,20,75,53,0,7.0,1
5,4,40,40,87,83,0,,-3
5,4,0,0,83,76,0,,3
5,4,240,10,98,86,0,,1
5,4,260,30,101,96,0,,1
5,4,310,20,82,53,0,8.0,5
5,4,320,30,83,43,0,,0
5,4,270,10,56,51,0,,0
5,4,230,10,55,49,0,,24
5,4,360,20,113,97,0,,2
5,4,20,10,80,75,0,,15
5,4,230,10,93,85,0,5.0,7
5,4,180,10,59,53,0,,19
5,4,220,10,74,69,0,,28
5,4,360,30,98,89,1,,0
5,4,330,20,64,39,0,,3
5,4,290,30,77,63,3,,8
5,4,220,10,16,10,0,,26
5,4,240,10,48,42,0,,7
5,4,10,10,67,43,0,5.0,0
5,4,310,10,29,22,0,,22
5,4,360,10,37,30,0,,19
5,4,130,20,82,57,0,,25
5,4,150,30,119,62,0,,11
5,4,220,30,117,112,0,,0
5,4,110,20,127,119,0,,8
5,4,230,10,141,132,0,,2
5,4,60,10,110,108,0,,19
5,4,250,50,115,91,0,,-2
5,4,310,20,57,42,0,,-1
5,4,270,40,105,97,2,,-1
5,4,220,40,90,78,6,,-1
5,4,230,30,42,38,0,,10
5,4,250,30,45,39,0,,7
5,4,250,20,14,5,0,,29
5,4,280,20,22,15,0,,9
5,4,40,20,21,12,0,,18
5,4,50,50,63,42,0,,3
5,4,20,40,96,65,0,,-5
5,4,230,40,47,42,0,,12
5,4,250,10,40,37,0,,17
5,4,30,20,52,33,0,,7
5,4,0,0,6,0,0,,14
5,4,140,30,65,24,0,,12
5,4,180,40,126,119,3,,5
5,4,180,20,129,125,0,,7
5,4,170,40,108,104,0,,10
5,4,210,30,103,84,0,,8
5,4,180,40,83,64,0,,19
5,4,200,30,148,108,0,,2
5,4,140,10,147,126,0,,17
5,4,0,0,114,104,0,,31
5,4,150,30,173,143,0,,24
5,4,220,20,93,77,0,,18
5,4,350,30,100,87,0,,2
5,4,210,20,55,51,0,,19
5,4,150,30,31,21,0,,6
5,4,190,10,53,52,0,,-8
5,4,130,40,111,71,0,,7
5,4,50,10,119,109,0,,1
5,4,120,30,155,73,0,,-9
5,4,0,0,107,104,0,,-1
5,4,110,40,144,30,0,,0
5,4,100,60,155,34,0,,1
5,4,40,10,98,72,0,,34
5,4,40,10,115,91,0,,-5
5,4,90,20,109,45,0,,8
5,4,260,10,93,80,0,,2
5,4,190,40,106,86,0,,12
5,4,220,10,100,94,0,,9
5,4,80,20,94,54,0,,4
5,4,250,50,152,116,0,,-4
5,4,280,10,121,117,-1,,-2
5,4,210,70,167,155,4,,-1
5,4,200,60,109,82,0,,-3
5,4,180,70,122,81,0,,-7
5,4,230,70,112,93,-1,,3
5,4,130,30,127,117,2,,6
5,4,230,80,101,81,1,,-5
5,4,200,50,73,55,0,,9
5,4,190,20,84,79,4,,4
5,4,180,30,91,81,0,,7
5,4,250,60,139,128,0,,-1
5,4,270,50,129,112,0,,-3
5,4,220,20,96,79,0,,8
5,4,290,30,59,44,0,,8
5,4,260,20,67,63,5,,12
5,4,60,40,101,32,0,0.0,3
5,4,70,30,88,15,0,0.0,1
5,4,10,20,74,50,0,0.0,2
5,4,10,20,98,71,0,0.0,1
5,4,10,40,83,72,0,8.0,5
5,4,300,20,55,52,0,5.0,-2
5,4,230,70,115,84,3,8.0,-5
5,4,250,50,117,98,0,8.0,-2
5,4,250,60,106,87,-1,8.0,-2
5,4,230,70,132,109,2,8.0,3
5,4,210,70,135,105,-1,8.0,-5
5,4,230,60,109,98,0,7.0,3
5,4,150,10,110,101,0,7.0,-2
5,4,200,60,131,90,0,0.0,3
5,4,310,30,89,77,1,8.0,-2
5,4,190,40,107,99,3,8.0,2
5,4,110,20,85,77,7,8.0,-3
5,4,180,20,90,82,0,7.0,9
5,4,220,40,125,114,0,2.0,0
5,4,990,10,70,64,0,3.0,8
5,4,290,20,145,143,0,8.0,1
5,4,230,10,145,143,0,8.0,3
5,4,340,10,96,90,0,0.0,17
5,4,40,10,115,96,0,0.0,10
5,4,330,20,155,145,0,8.0,1
5,4,360,40,151,143,-1,8.0,-2
5,4,310,10,133,110,0,8.0,-7
5,4,160,20,106,97,0,8.0,9
5,4,240,30,111,105,1,8.0,6
5,4,200,40,67,45,0,0.0,10
5,4,170,30,129,124,-1,8.0,0
5,4,170,40,66,47,0,1.0,5
5,4,190,20,50,48,0,4.0,14
5,4,0,0,58,56,0,0.0,-4
5,4,90,20,103,55,0,2.0,4
5,4,90,20,111,41,0,0.0,4
5,4,60,20,102,77,0,0.0,23
5,4,70,30,125,76,0,0.0,5
5,4,0,0,97,73,0,0.0,16
5,4,110,20,126,67,0,0.0,17
5,4,110,20,145,78,0,0.0,4
5,4,80,30,142,60,0,0.0,5
5,4,30,20,104,65,0,0.0,37
5,4,60,30,137,91,0,0.0,-14
5,4,80,20,149,102,0,5.0,9
5,4,30,10,114,114,0,8.0,2
5,4,990,10,145,143,25,8.0,-2
5,4,30,50,126,124,9,8.0,-5
5,4,20,30,89,73,0,8.0,0
5,4,330,20,45,27,0,7.0,9
5,4,30,30,43,27,0,0.0,21
5,4,50,30,75,47,0,0.0,8
5,4,70,30,114,56,0,7.0,-3
5,4,70,20,136,74,0,8.0,-1
5,4,60,30,116,84,0,1.0,22
5,4,80,50,143,133,4,8.0,0
5,4,50,40,138,125,0,8.0,-1
5,4,80,30,146,127,0,7.0,0
5,4,130,20,176,139,-1,4.0,1
5,4,310,10,136,120,0,1.0,11
5,4,230,50,157,156,9,8.0,-2
5,4,240,10,114,113,0,3.0,13
5,4,280,10,75,71,0,1.0,5
5,4,170,20,67,64,0,0.0,5
5,4,260,10,94,87,0,8.0,2
5,4,220,10,17,13,0,0.0,7
5,4,220,70,85,63,-1,8.0,-2
5,4,250,70,113,87,0,8.0,-2
5,4,210,40,101,88,0,5.0,-2
5,4,240,20,96,85,0,7.0,11
5,4,180,20,42,21,0,4.0,8
5,4,0,0,46,45,0,0.0,8
5,4,30,60,108,52,0,8.0,-1
5,4,50,60,66,44,0,0.0,14
5,4,60,30,121,49,0,6.0,1
5,4,80,40,139,91,-1,8.0,-1
5,4,130,20,139,133,-1,8.0,3
5,4,160,40,70,66,0,3.0,9
5,4,170,30,124,116,7,8.0,-2
5,4,180,30,101,87,0,0.0,10
5,4,160,10,92,85,0,8.0,15
5,4,260,10,76,73,0,3.0,13
5,4,0,0,109,94,0,8.0,3
5,4,180,10,64,62,0,0.0,29
5,4,150,10,58,54,0,0.0,21
5,4,320,20,107,107,0,1.0,11
5,4,50,30,135,98,0,8.0,4
5,4,170,30,154,152,-1,8.0,5
5,4,230,30,77,71,0,0.0,18
5,4,230,40,129,121,0,8.0,5
5,4,10,10,74,70,0,0.0,23
5,4,70,40,113,64,0,0.0,7
5,4,10,20,112,88,0,0.0,11
5,4,210,30,74,44,0,0.0,0
5,4,70,30,90,87,5,8.0,-1
5,4,320,40,60,51,0,8.0,1
5,4,340,30,60,37,0,8.0,-3
5,4,20,10,33,19,0,8.0,0
5,4,20,50,49,24,0,8.0,2
5,4,20,50,59,42,-1,8.0,-6
5,4,180,20,67,62,0,8.0,1
5,4,30,10,38,37,0,8.0,12
5,4,20,40,64,23,0,8.0,2
5,4,20,30,27,16,0,2.0,15
5,4,320,50,47,37,7,8.0,3
5,4,330,20,60,51,-1,8.0,0
5,4,300,20,58,53,0,8.0,2
5,4,310,10,31,13,0,4.0,-2
5,4,220,20,66,55,0,8.0,12
5,4,200,30,104,77,0,8.0,1
5,4,250,10,31,30,0,3.0,9
5,4,300,20,54,47,0,3.0,10
5,4,990,10,39,22,0,0.0,20
5,4,320,10,77,69,0,0.0,18
5,4,360,30,84,77,0,7.0,6
5,4,320,10,80,75,0,0.0,21
5,4,210,20,118,106,0,0.0,20
5,4,20,20,124,103,0,8.0,6
5,4,60,40,85,33,0,8.0,2
5,4,0,0,67,64,0,8.0,3
5,4,240,10,68,63,0,3.0,16
5,4,130,20,87,57,0,7.0,4
5,4,230,50,130,121,-1,8.0,-1
5,4,280,30,102,93,-1,8.0,6
5,4,60,60,91,5,0,0.0,-5
5,4,40,50,65,-12,0,0.0,-2
5,4,40,50,39,-3,0,0.0,2
5,4,240,10,4,-12,0,0.0,2
5,4,20,10,17,6,0,0.0,21
5,4,140,20,54,28,0,0.0,21
5,4,120,20,134,66,0,0.0,3
5,4,120,40,179,52,0,3.0,-3
5,4,0,0,125,118,0,1.0,0
5,4,30,10,131,130,0,9.0,5
5,4,270,10,114,111,0,4.0,3
5,4,230,10,86,76,0,7.0,12
5,4,230,20,65,53,0,0.0,16
5,4,260,20,63,54,0,1.0,19
5,4,260,30,88,70,1,8.0,3
5,4,230,60,111,75,0,8.0,2
5,4,220,50,120,99,0,8.0,0
5,4,190,20,85,73,0,1.0,14
5,4,190,10,110,105,0,8.0,13
5,4,0,0,75,72,0,1.0,18
5,4,220,10,47,44,0,0.0,22
5,4,280,40,156,86,0,7.0,-14
5,4,220,30,86,69,0,0.0,12
5,4,280,60,131,76,-1,8.0,-8
5,4,170,10,58,38,0,0.0,19
5,4,140,30,119,29,0,8.0,14
5,4,230,60,113,97,1,8.0,1
5,4,200,40,95,84,0,0.0,5
5,4,210,50,127,95,0,8.0,4
5,4,180,10,97,91,0,0.0,33
5,4,200,10,139,128,-1,8.0,2
5,4,80,40,153,74,-1,8.0,-23
5,4,320,20,103,95,0,8.0,-2
5,4,220,30,107,104,0,8.0,0
5,4,210,20,74,70,0,4.0,18
5,4,20,30,82,65,0,8.0,-2
5,4,40,60,65,31,0,8.0,-5
5,4,40,20,36,29,0,8.0,7
5,4,140,30,91,65,0,8.0,5
5,4,190,50,145,129,1,8.0,3
5,4,190,40,163,139,1,7.0,2
5,4,230,40,172,154,-1,8.0,3
5,4,250,20,44,35,0,1.0,19
5,4,230,10,0,-4,0,0.0,11
5,4,190,10,37,17,0,0.0,18
5,4,200,20,65,51,-1,4.0,9
5,4,280,30,61,38,0,8.0,1
5,4,190,10,27,16,0,0.0,8
5,4,100,30,116,32,0,8.0,1
5,4,170,30,120,114,0,7.0,6
5,4,20,40,128,122,-1,7.0,4
5,4,0,0,123,122,0,4.0,6
5,4,300,20,151,144,0,8.0,3
5,4,240,30,121,115,0,8.0,5
5,4,280,10,165,160,0,8.0,10
5,4,70,50,158,72,0,0.0,0
5,4,60,30,149,97,0,0.0,11
5,4,30,10,122,80,0,0.0,28
5,4,300,10,130,127,0,0.0,15
5,4,250,20,101,97,0,0.0,19
5,4,330,10,89,78,0,1.0,15
5,4,230,20,122,114,0,8.0,25
5,4,50,40,43,20,0,0.0,4
5,4,20,40,91,73,4,8.0,-4
5,4,40,30,68,59,0,0.0,10
5,4,230,20,50,34,0,3.0,3
5,4,160,30,60,54,0,1.0,12
5,4,330,10,56,51,0,3.0,10
5,4,340,10,82,77,0,1.0,17
5,4,170,30,138,125,-1,8.0,-2
5,4,240,50,129,117,1,8.0,-7
5,4,190,50,99,57,0,8.0,-1
5,4,170,40,93,68,0,8.0,6
5,4,260,30,69,58,2,7.0,-3
5,4,220,50,98,95,1,8.0,6
5,4,200,30,70,57,-1,7.0,13
5,4,140,40,108,76,0,7.0,3
5,4,40,20,94,70,0,8.0,7
5,4,280,30,81,78,0,8.0,3
5,4,240,30,82,77,0,8.0,2
5,4,40,20,69,66,0,0.0,12
5,4,280,20,97,93,0,8.0,1
5,4,200,10,101,98,0,8.0,8
5,4,310,60,78,67,-1,8.0,-1
5,4,320,20,55,40,-1,8.0,-2
5,4,190,20,20,17,0,6.0,14
5,4,350,20,30,27,0,0.0,10
5,4,310,50,80,76,1,8.0,1
5,4,260,30,85,66,0,8.0,2
5,4,80,20,96,66,0,0.0,12
5,4,270,40,104,94,-1,8.0,-10
5,4,150,20,97,94,-1,8.0,1
5,4,320,50,117,112,-1,8.0,-3
5,4,220,20,73,70,0,5.0,7
5,4,30,40,108,97,0,8.0,-1
5,4,10,30,36,28,0,0.0,8
5,4,0,0,-6,-8,0,0.0,9
5,4,110,10,40,22,0,0.0,26
5,4,160,40,113,49,0,8.0,4
5,4,220,60,90,77,0,1.0,7
5,4,220,50,108,81,0,8.0,3
5,4,230,70,128,113,-1,8.0,-1
5,4,200,40,90,77,0,6.0,6
5,4,220,90,98,60,0,8.0,0
5,4,220,60,86,70,0,5.0,5
5,4,220,40,81,74,0,8.0,1
5,4,210,10,27,24,0,0.0,14
5,4,310,10,30,26,0,8.0,17
5,4,0,0,24,21,0,0.0,12
5,4,10,10,58,55,0,0.0,18
5,4,0,0,70,67,0,0.0,14
5,4,110,20,106,83,0,0.0,27
5,4,130,30,159,105,0,8.0,4
5,4,210,10,126,123,0,5.0,5
5,4,190,40,152,130,0,5.0,-4
5,4,160,30,127,116,0,7.0,7
5,4,150,20,134,110,0,8.0,6
5,4,180,30,104,76,0,6.0,16
5,4,40,30,135,102,0,8.0,4
5,4,100,10,148,145,4,8.0,1
5,4,230,30,131,123,0,8.0,-1
5,4,210,20,130,124,0,8.0,-2
5,4,40,30,81,61,0,7.0,8
5,4,10,10,57,54,0,0.0,26
5,4,210,10,5,1,0,1.0,7
5,4,330,10,24,13,0,3.0,1
5,4,90,20,110,50,0,8.0,-1
5,4,180,30,128,118,-1,8.0,3
5,4,170,50,158,144,0,1.0,17
5,4,180,40,86,46,0,1.0,7
5,4,220,70,98,59,0,8.0,-2
5,4,130,10,89,75,0,8.0,9
5,4,230,60,146,111,0,8.0,-1
5,4,210,10,58,57,0,9.0,1
5,4,150,30,109,89,0,5.0,10
5,4,320,20,146,108,0,8.0,-1
5,4,210,20,59,52,0,0.0,20
5,4,360,10,36,30,0,2.0,4
5,4,30,40,88,55,0,8.0,-1
5,4,200,30,72,45,0,8.0,8
5,4,220,10,75,54,0,8.0,7
5,4,240,20,66,39,0,8.0,14
5,4,220,60,74,55,0,0.0,7
5,4,200,30,56,46,0,5.0,9
5,4,220,10,35,32,0,0.0,15
5,4,180,30,104,65,0,8.0,4
5,4,230,10,114,93,0,8.0,9
5,4,30,20,52,40,0,4.0,25
5,4,220,10,118,115,7,8.0,3
5,4,280,10,91,68,0,8.0,0
5,4,230,10,55,51,0,0.0,23
5,4,230,60,138,74,0,8.0,-3
5,4,200,30,91,62,0,7.0,6
5,4,210,40,75,70,0,1.0,10
5,4,180,30,89,56,0,8.0,15
5,4,340,20,35,19,0,7.0,-2
5,4,230,10,9,-2,0,0.0,5
5,4,270,30,89,79,0,7.0,0
5,4,140,10,8,4,0,0.0,11
5,4,120,20,68,10,0,1.0,5
5,4,100,30,116,59,0,0.0,4
5,4,130,20,107,70,0,5.0,18
5,4,100,30,150,61,0,0.0,11
5,4,80,40,160,73,0,0.0,1
5,4,990,10,169,116,-1,8.0,-15
5,4,110,20,158,128,0,8.0,-1
5,4,60,40,151,92,0,0.0,6
5,4,10,20,131,95,0,1.0,8
5,4,340,40,82,17,0,7.0,1
5,4,260,30,57,30,0,7.0,2
5,4,270,20,23,7,0,7.0,32
5,4,210,30,89,47,0,8.0,6
5,4,180,20,75,59,0,0.0,27
5,4,220,30,100,92,3,8.0,1
5,4,200,50,113,86,-1,8.0,5
5,4,170,30,128,117,0,8.0,11
5,4,140,20,167,124,-1,8.0,-1
5,4,310,40,116,110,12,8.0,-8
5,4,300,30,99,72,0,8.0,4
5,4,210,10,84,73,0,8.0,8
5,4,20,10,63,61,0,9.0,19
5,4,40,30,134,112,0,4.0,8
5,4,310,10,129,121,0,7.0,7
5,4,20,20,137,127,0,1.0,9
5,4,350,40,157,149,0,8.0,0
5,4,70,40,152,138,0,8.0,4
5,4,200,40,122,71,-1,8.0,-14
5,4,10,10,40,38,0,7.0,9
5,4,20,20,76,73,5,8.0,1
5,4,30,40,96,88,-1,8.0,-2
5,4,30,40,74,62,-1,8.0,-3
5,4,60,40,67,63,0,8.0,2
5,4,340,20,87,77,0,8.0,5
5,4,310,30,80,40,0,8.0,1
5,4,330,10,1,-3,0,0.0,18
5,4,230,10,4,-3,0,0.0,5
5,4,70,30,73,36,0,3.0,5
5,4,180,30,133,124,-1,8.0,2
5,4,180,20,115,109,0,6.0,11
5,4,150,30,105,91,0,7.0,10
5,4,190,10,48,42,0,0.0,25
5,4,180,30,166,115,0,8.0,1
5,4,0,0,153,140,0,8.0,35
5,4,290,30,154,142,12,8.0,-1
5,4,210,70,133,111,0,8.0,-5
5,4,190,20,72,68,0,6.0,18
5,4,150,10,65,61,0,8.0,23
5,4,30,10,81,65,0,0.0,36
5,4,220,30,124,98,0,3.0,25
5,4,210,20,106,91,0,8.0,24
5,4,990,10,88,88,0,6.0,15
5,4,80,20,146,119,0,0.0,9
5,4,110,30,173,121,0,0.0,11
5,4,0,0,160,137,0,3.0,8
5,4,60,30,179,127,0,8.0,3
5,4,200,10,177,162,0,8.0,8
5,4,230,30,118,103,0,0.0,12
5,4,240,60,54,44,10,8.0,2
5,4,160,30,47,27,0,3.0,6
5,4,250,10,47,45,0,0.0,7
5,4,360,10,24,15,0,0.0,5
5,4,50,30,86,46,0,0.0,11
5,4,50,20,91,40,0,0.0,1
5,4,80,20,136,74,0,0.0,10
5,4,110,20,145,82,0,0.0,6
5,4,220,10,102,91,0,0.0,6
5,4,230,20,113,99,8,8.0,-6
5,4,230,10,29,25,0,0.0,12
5,4,120,10,91,79,0,8.0,12
5,4,230,40,136,109,0,8.0,0
5,4,330,30,110,107,0,9.0,2
5,4,10,10,120,105,0,0.0,18
5,4,350,30,140,95,0,8.0,8
5,4,330,30,88,67,0,7.0,7
5,4,310,20,73,51,0,8.0,5
5,4,310,10,80,59,0,8.0,8
5,4,340,20,40,38,0,0.0,35
5,4,70,30,138,68,0,7.0,14
5,4,10,10,103,96,0,2.0,30
5,4,350,30,148,136,0,8.0,3
5,4,50,30,154,82,0,1.0,6
5,4,110,10,138,137,0,0.0,7
5,4,70,20,155,146,0,8.0,23
5,4,70,30,194,121,0,8.0,-2
5,4,120,10,149,147,0,8.0,16
5,4,220,20,174,165,0,8.0,30
5,4,170,10,151,146,0,0.0,28
5,4,220,10,168,163,0,8.0,16
5,4,0,0,21,19,0,1.0,11
5,4,200,10,21,19,0,9.0,12
5,4,310,20,74,61,0,8.0,5
5,4,260,20,39,33,0,8.0,1
5,4,300,20,35,21,0,7.0,4
5,4,220,30,27,14,0,8.0,1
5,4,0,0,52,46,0,8.0,3
5,4,110,30,86,32,0,8.0,0
5,4,180,30,65,52,0,7.0,10
5,4,260,20,98,91,0,8.0,-2
5,4,20,30,89,82,0,8.0,-3
5,4,300,20,51,29,0,8.0,6
5,4,360,10,30,17,0,1.0,-5
5,4,30,30,42,19,0,1.0,17
5,4,60,20,57,27,0,0.0,21
5,4,30,30,44,16,0,2.0,11
5,4,70,40,98,72,0,8.0,0
5,4,290,10,84,83,0,7.0,13
5,4,340,10,127,115,-1,8.0,1
5,4,290,30,122,109,0,8.0,-1
5,4,300,50,112,104,0,8.0,-2
5,4,300,30,105,69,0,8.0,3
5,4,130,10,52,47,0,3.0,36
5,4,220,10,101,64,0,2.0,16
5,4,30,10,62,58,0,8.0,8
5,4,190,30,98,81,0,8.0,9
5,4,240,10,123,114,0,8.0,6
5,4,230,30,117,93,0,8.0,-15
5,4,0,0,32,29,0,0.0,20
5,4,200,50,129,117,-1,8.0,2
5,4,230,40,155,106,0,8.0,-1
5,4,190,50,81,67,0,8.0,-3
5,4,240,50,80,62,0,8.0,-2
5,4,210,30,56,46,0,7.0,7
5,4,60,50,109,71,0,8.0,-1
5,4,50,40,52,21,0,7.0,5
5,4,40,20,29,3,0,0.0,29
5,4,90,10,43,34,0,0.0,3
5,4,240,10,62,41,0,8.0,13
5,4,70,20,106,50,0,8.0,19
5,4,150,10,108,77,0,8.0,16
5,4,20,80,61,-4,-1,8.0,-1
5,4,260,10,9,-1,0,1.0,3
5,4,200,10,16,8,0,0.0,11
5,4,10,40,29,-8,0,1.0,16
5,4,360,20,15,-10,0,0.0,22
5,4,200,10,19,15,0,0.0,15
5,4,210,10,24,17,0,6.0,25
5,4,210,20,68,50,0,1.0,25
5,4,210,10,91,25,0,8.0,13
5,4,0,0,95,91,0,2.0,13
5,4,20,10,92,79,0,8.0,51
5,4,180,20,169,114,0,8.0,14
5,4,230,30,126,51,0,8.0,7
5,4,230,60,104,77,0,3.0,6
5,4,260,20,115,102,0,7.0,9
5,4,0,0,73,65,0,8.0,19
5,4,320,20,99,89,0,8.0,11
5,4,40,40,91,46,0,0.0,12
5,4,30,30,77,43,0,0.0,17
5,4,50,30,115,51,0,0.0,15
5,4,50,30,127,50,0,4.0,12
5,4,20,41,43,17,0,8.0,-1
5,4,320,41,65,42,0,8.0,1
5,4,300,26,38,18,0,6.0,-7
5,4,290,26,50,25,0,7.0,3
5,4,310,5,0,-4,0,9.0,25
5,4,160,15,54,41,0,7.0,2
5,4,150,15,68,51,0,8.0,-1
5,4,60,21,75,45,0,8.0,0
5,4,20,21,26,16,0,1.0,6
5,4,20,21,50,37,0,3.0,-1
5,4,350,15,70,53,0,7.0,-11
5,4,290,15,90,78,0,8.0,4
5,4,210,15,59,49,0,7.0,0
5,4,290,26,112,104,1,8.0,1
5,4,280,15,35,25,0,1.0,11
5,4,310,21,41,34,0,6.0,6
5,4,270,15,50,38,0,7.0,3
5,4,340,10,29,23,0,1.0,-1
5,4,290,10,27,23,0,1.0,7
5,4,240,31,112,89,0,8.0,1
5,4,250,31,125,99,0,8.0,-2
5,4,260,15,108,100,0,6.0,5
5,4,280,15,44,34,0,1.0,13
5,4,280,10,50,35,0,7.0,2
5,4,220,15,64,50,0,6.0,6
5,4,280,15,88,66,0,8.0,3
5,4,40,21,92,59,0,8.0,0
5,4,990,5,92,73,0,8.0,2
5,4,50,36,85,77,0,8.0,0
5,4,30,21,85,76,0,0.0,9
5,4,360,26,92,84,0,8.0,-7
5,4,190,62,104,75,0,8.0,-3
5,4,210,26,67,52,-1,7.0,-1
5,4,300,10,62,52,0,7.0,6
5,4,40,10,11,7,0,1.0,12
5,4,50,10,34,25,0,0.0,-1
5,4,340,5,84,73,0,8.0,5
5,4,230,31,120,92,0,7.0,2
5,4,240,51,110,96,-1,8.0,2
5,4,240,62,77,57,0,6.0,3
5,4,260,15,67,44,0,7.0,2
5,4,250,31,80,72,0,8.0,1
5,4,220,46,68,48,0,7.0,9
5,4,220,26,91,82,0,2.0,-1
5,4,90,31,116,103,0,0.0,18
5,4,30,5,137,118,0,0.0,15
5,4,10,31,118,69,0,2.0,-1
5,4,20,36,85,61,0,8.0,0
5,4,30,21,90,81,0,0.0,3
5,4,70,21,98,74,0,0.0,16
5,4,80,26,108,86,0,0.0,14
5,4,110,15,118,92,0,0.0,14
5,4,360,10,112,93,0,0.0,26
5,4,10,21,143,107,0,3.0,11
5,4,80,21,133,117,0,1.0,12
5,4,990,5,143,127,0,4.0,9
5,4,20,21,134,96,0,1.0,7
5,4,70,57,135,97,2,6.0,-8
5,4,80,46,143,99,0,1.0,4
5,4,80,41,126,62,0,1.0,11
5,4,80,15,125,117,0,3.0,19
5,4,50,10,135,126,0,5.0,5
5,4,80,10,84,72,0,2.0,1
5,4,0,0,122,122,0,7.0,5
5,4,320,26,91,75,0,8.0,0
5,4,30,21,32,23,0,3.0,4
5,4,40,21,28,12,0,0.0,12
5,4,20,31,37,25,0,1.0,4
5,4,30,46,90,57,0,7.0,0
5,4,30,46,100,84,0,5.0,-2
5,4,30,41,115,101,0,7.0,0
5,4,80,21,125,117,0,2.0,-10
5,4,50,21,114,98,0,0.0,7
5,4,40,15,136,82,0,6.0,6
5,4,250,21,136,125,-1,8.0,-4
5,4,280,15,103,92,-1,8.0,-2
5,4,180,31,114,101,0,7.0,4
5,4,200,21,32,23,0,1.0,13
5,4,130,26,91,62,0,4.0,16
5,4,140,26,150,96,0,7.0,4
5,4,140,15,147,141,0,6.0,1
5,4,30,31,132,127,0,8.0,5
5,4,220,26,96,87,0,6.0,16
5,4,230,15,59,58,0,1.0,3
5,4,70,26,81,75,0,1.0,27
5,4,70,31,101,95,0,1.0,20
5,4,50,21,123,117,0,3.0,19
5,4,40,36,113,100,0,5.0,4
5,4,190,57,164,158,2,8.0,-4
5,4,240,26,122,108,0,8.0,-6
5,4,220,41,95,94,0,3.0,11
5,4,190,41,161,106,-1,7.0,-3
5,4,210,57,129,110,3,7.0,3
5,4,310,15,76,51,0,7.0,4
5,4,10,21,11,4,0,1.0,5
5,4,70,26,30,12,0,1.0,18
5,4,220,21,95,78,2,8.0,6
5,4,230,41,73,67,0,6.0,7
5,4,170,36,92,89,6,8.0,2
5,4,140,26,126,126,0,8.0,2
5,4,140,31,123,84,0,3.0,8
5,4,310,10,85,82,0,8.0,2
5,4,360,10,77,71,0,8.0,4
5,4,60,15,63,62,0,3.0,6
5,4,80,46,108,77,0,0.0,8
5,4,60,36,99,73,0,1.0,8
5,4,60,31,91,77,0,1.0,18
5,4,250,82,133,127,14,8.0,-4
5,4,290,21,107,107,0,6.0,0
5,4,90,15,124,121,0,8.0,2
5,4,80,5,85,85,0,5.0,1
5,4,310,15,97,78,0,7.0,0
5,4,0,0,75,75,0,0.0,-2
5,4,110,15,116,116,0,8.0,4
5,4,190,46,118,102,0,7.0,2
5,4,230,15,95,95,0,5.0,7
5,4,40,5,73,73,0,2.0,9
5,4,70,21,133,128,-1,8.0,0
5,4,10,5,85,85,0,7.0,7
5,4,300,10,82,55,0,7.0,1
5,4,280,15,79,76,0,7.0,11
5,4,340,10,74,49,0,7.0,1
5,4,290,15,38,26,0,1.0,14
5,4,230,10,39,38,0,2.0,21
5,4,360,21,57,57,0,1.0,-5
5,4,90,21,68,61,0,0.0,-2
5,4,90,15,66,59,0,2.0,6
5,4,40,5,68,64,0,1.0,2
5,4,100,5,83,75,0,2.0,-5
5,4,30,5,96,77,0,2.0,0
5,4,40,15,81,78,0,0.0,6
5,4,280,26,132,116,0,7.0,2
5,4,290,31,100,76,0,7.0,-6
5,4,240,21,52,49,0,6.0,6
5,4,300,10,54,54,0,7.0,1
5,4,40,46,57,25,0,7.0,2
5,4,350,26,56,46,0,6.0,9
5,4,270,21,21,3,0,2.0,19
5,4,210,26,7,4,0,3.0,10
5,4,40,15,26,20,0,7.0,13
5,4,40,26,90,84,8,8.0,0
5,4,230,98,91,85,0,8.0,1
5,4,220,26,1,1,0,3.0,13
5,4,210,15,21,21,0,1.0,12
5,4,350,15,45,45,0,3.0,18
5,4,40,15,14,7,0,2.0,13
5,4,100,10,80,69,0,6.0,5
5,4,190,5,107,98,0,3.0,10
5,4,200,10,152,149,0,8.0,1
5,4,270,26,141,141,-1,8.0,-5
5,4,80,21,132,130,0,7.0,12
5,4,160,26,140,120,0,2.0,13
5,4,250,21,159,159,0,8.0,-2
5,4,350,15,100,100,0,6.0,5
5,4,360,10,104,104,0,6.0,16
5,4,40,5,73,28,0,7.0,4
5,4,200,5,92,92,0,8.0,4
5,4,30,15,73,73,0,8.0,1
5,4,310,31,61,58,8,8.0,-4
5,4,250,21,7,0,0,5.0,-2
5,4,60,5,9,8,0,6.0,11
5,4,40,36,47,10,0,0.0,6
5,4,40,31,45,27,0,5.0,8
5,4,340,31,24,18,0,1.0,10
5,4,30,41,50,35,-1,8.0,2
5,4,30,15,61,52,0,8.0,3
5,4,20,15,81,73,-1,8.0,-1
5,4,320,21,69,60,-1,8.0,2
5,4,300,15,78,72,0,8.0,3
5,4,350,36,72,34,0,8.0,1
5,4,20,10,9,5,0,2.0,11
5,4,90,21,85,81,0,8.0,18
5,4,40,21,80,76,0,8.0,1
5,4,150,15,86,86,0,6.0,34
5,4,230,26,40,40,0,1.0,10
5,4,190,21,77,66,0,7.0,3
5,4,220,41,52,48,0,1.0,9
5,4,200,51,107,102,-1,8.0,5
5,4,220,46,128,126,10,8.0,5
5,4,230,51,132,129,5,8.0,0
5,4,220,36,80,77,0,4.0,13
5,4,230,67,114,112,15,8.0,-1
5,4,260,26,52,43,0,3.0,10
5,4,190,46,117,72,0,7.0,1
5,4,210,10,119,119,0,6.0,17
5,4,160,41,186,126,0,7.0,-1
5,4,0,0,31,31,0,2.0,-5
5,4,0,0,55,55,0,4.0,2
5,4,0,0,76,76,0,2.0,7
5,4,250,40,143,115,0,8.0,-10
5,4,190,10,130,128,2,8.0,3
5,4,210,60,120,104,0,8.0,1
5,4,210,30,-6,-10,0,1.0,10
5,4,170,30,20,14,0,1.0,7
5,4,150,50,74,65,4,8.0,5
5,4,200,40,72,58,0,4.0,5
5,4,170,30,111,95,0,7.0,3
5,4,190,40,94,80,0,2.0,2
5,4,130,10,51,50,0,1.0,16
5,4,260,10,121,116,16,8.0,-1
5,4,40,10,58,58,0,0.0,10
5,4,70,30,123,112,0,5.0,4
5,4,90,10,140,140,0,7.0,-4
5,4,200,50,166,150,0,7.0,17
5,4,200,20,125,123,0,3.0,7
5,4,200,20,117,117,0,2.0,15
5,4,220,50,118,109,-1,8.0,0
5,4,220,60,93,92,6,8.0,6
5,4,350,20,77,66,0,7.0,2
5,4,40,20,40,22,0,1.0,20
5,4,20,10,40,37,0,2.0,23
5,4,350,10,52,49,0,2.0,8
5,4,320,20,99,78,0,3.0,4
5,4,310,10,76,49,0,3.0,13
5,4,10,10,54,53,0,5.0,10
5,4,360,10,77,77,0,6.0,19
5,4,50,20,66,27,0,1.0,21
5,4,340,30,102,102,0,,-2
5,4,280,30,105,105,0,,3
5,4,360,10,76,67,0,,4
5,4,990,10,34,27,0,,12
5,4,220,40,64,54,0,,3
5,4,220,70,92,86,4,8.0,3
5,4,210,70,115,103,0,6.0,2
5,4,180,10,90,71,0,6.0,-3
5,4,120,20,117,100,0,,16
5,4,310,10,102,102,0,,13
5,4,90,20,127,108,0,1.0,15
5,4,90,20,139,116,0,1.0,11
5,4,70,40,165,145,0,2.0,9
5,4,70,50,136,104,0,0.0,3
5,4,30,20,92,67,0,1.0,22
5,4,50,30,101,73,0,1.0,15
5,4,10,20,76,44,0,0.0,21
5,4,350,20,95,94,0,1.0,7
5,4,350,20,100,95,0,0.0,3
5,4,340,10,63,63,0,0.0,26
5,4,30,10,103,93,0,8.0,4
5,4,990,10,66,43,0,7.0,12
5,4,280,20,45,34,0,1.0,20
5,4,280,20,102,101,2,8.0,1
5,4,990,10,105,105,0,8.0,5
5,4,210,30,105,103,0,5.0,3
5,4,200,10,82,82,0,4.0,21
5,4,100,30,117,117,-1,7.0,0
5,4,300,10,142,142,16,8.0,3
5,4,310,20,125,123,0,7.0,3
5,4,990,10,113,113,0,7.0,10
5,4,10,10,47,46,0,,-2
5,4,60,30,52,45,0,,14
5,4,360,10,40,38,0,,6
5,4,50,40,76,51,0,,3
5,4,60,60,108,26,0,,2
5,4,110,40,103,103,6,8.0,2
5,4,140,30,111,111,0,8.0,-3
5,4,260,70,140,137,0,,-3
5,4,210,20,90,83,0,,9
5,4,140,20,127,100,0,6.0,0
5,4,200,30,114,112,0,6.0,4
5,4,220,30,119,119,0,6.0,8
5,4,230,50,101,90,0,8.0,2
5,4,220,30,67,67,0,3.0,21
5,4,30,30,82,76,0,7.0,-1
5,4,340,10,38,34,0,1.0,4
5,4,40,40,89,65,0,7.0,0
5,4,70,80,112,34,0,4.0,3
5,4,70,30,100,56,0,1.0,15
5,4,200,30,127,127,-1,8.0,-1
5,4,260,30,108,104,0,8.0,1
5,4,320,20,114,107,1,,-7
5,4,220,40,90,77,0,,7
5,4,190,30,123,106,0,,4
5,4,230,40,113,104,0,8.0,5
5,4,0,0,37,37,0,,26
5,4,70,20,79,74,0,1.0,22
5,4,220,30,164,140,0,5.0,24
5,4,990,10,95,95,0,,23
5,4,250,20,159,159,0,,4
5,4,300,10,101,101,0,,0
5,4,330,10,124,120,0,8.0,-2
5,4,20,30,101,93,0,8.0,-6
5,4,340,20,98,91,0,8.0,-2
5,4,350,30,109,103,0,7.0,-2
5,4,20,10,90,86,0,,-3
5,4,70,20,110,95,0,,5
5,4,50,30,109,82,0,,13
5,4,80,10,103,101,0,3.0,3
5,4,280,10,137,134,0,7.0,6
5,4,360,10,127,125,0,2.0,1
5,4,30,20,148,109,0,,1
5,4,40,30,130,102,0,5.0,-2
5,4,70,30,102,75,0,,22
5,4,990,10,73,63,0,,15
5,4,70,10,111,105,0,2.0,11
5,4,200,10,138,120,0,4.0,19
5,4,230,20,148,143,-1,8.0,-5
5,4,200,40,106,64,0,7.0,-1
5,4,230,30,93,86,8,8.0,1
5,4,240,20,81,77,0,,2
5,4,120,20,84,69,0,,6
5,4,300,10,102,99,2,8.0,2
5,4,200,20,81,78,0,2.0,13
5,4,200,40,136,132,8,8.0,2
5,4,200,40,144,132,-1,8.0,-6
5,4,210,30,83,63,0,7.0,4
5,4,240,100,114,68,0,,1
5,4,130,40,101,85,3,,-4
5,4,220,50,77,68,0,5.0,11
5,4,180,20,41,36,0,5.0,29
5,4,340,10,59,56,0,2.0,17
5,4,10,50,106,93,0,7.0,1
5,4,20,30,78,54,0,7.0,0
5,4,40,30,120,92,-1,7.0,3
5,4,330,20,85,78,-1,8.0,0
5,4,10,50,49,25,0,,3
5,4,360,20,58,42,0,,2
5,4,40,30,79,45,0,6.0,0
5,4,360,20,43,34,0,2.0,7
5,4,20,30,105,86,0,7.0,-2
5,4,80,40,107,79,0,1.0,11
5,4,50,20,107,87,0,3.0,-7
5,4,50,20,102,89,0,,3
5,4,80,30,88,64,0,,24
5,4,260,40,130,107,0,4.0,-2
5,4,190,30,103,96,0,7.0,1
5,4,210,60,128,106,0,7.0,-2
5,4,150,30,115,101,0,7.0,6
5,4,220,70,95,62,0,7.0,4
5,4,230,30,85,78,0,,8
5,4,290,20,52,47,0,,9
5,4,20,20,66,61,0,2.0,16
5,4,50,30,69,52,0,6.0,12
5,4,40,30,84,72,0,0.0,22
5,4,10,20,90,79,0,,27
5,4,30,20,76,65,0,,14
5,4,990,10,96,61,0,,2
5,4,230,30,117,103,0,,13
5,4,240,50,155,120,0,7.0,-1
5,4,260,50,165,136,0,7.0,-5
5,4,220,10,93,88,0,3.0,10
5,4,240,20,98,92,0,6.0,23
5,4,200,60,90,78,0,6.0,-4
5,4,140,30,94,86,5,8.0,2
5,4,250,20,44,39,0,7.0,17
5,4,350,40,75,65,0,,2
5,4,310,40,62,54,20,,0
5,4,90,20,72,65,0,8.0,0
5,4,990,10,62,60,0,1.0,0
5,4,20,30,92,88,0,1.0,13
5,4,20,30,128,127,0,,2
5,4,220,40,128,124,0,8.0,0
5,4,270,10,123,121,0,,3
5,4,290,20,104,99,0,,-1
5,4,70,10,51,51,0,1.0,16
5,4,220,80,108,77,0,3.0,4
5,4,230,40,79,62,0,2.0,11
5,4,40,20,85,84,0,2.0,8
5,4,50,20,93,89,0,2.0,16
5,4,40,10,119,102,0,,6
5,4,230,40,86,73,0,,7
5,4,0,0,104,102,0,,4
5,4,120,30,133,95,0,4.0,3
5,4,140,30,162,128,0,5.0,5
5,4,220,30,123,106,0,6.0,-2
5,4,990,10,68,67,0,2.0,37
5,4,210,40,104,86,0,,4
5,4,150,30,97,72,0,,5
5,4,190,40,93,84,0,3.0,11
5,4,170,10,76,72,0,7.0,9
5,4,230,30,110,91,0,7.0,8
5,4,200,20,62,54,0,6.0,27
5,4,230,30,78,71,0,,23
5,4,220,70,100,81,0,,0
5,4,180,20,92,75,0,,-1
5,4,250,90,99,84,2,,-4
5,4,170,30,84,60,0,,4
5,4,220,10,127,93,0,,-8
5,4,340,10,92,84,9,,3
5,4,0,0,27,24,0,,5
5,4,20,10,60,52,0,,10
5,4,30,20,102,83,0,,2
5,4,210,20,69,52,0,,4
5,4,130,10,63,55,0,,23
5,4,240,50,108,94,0,,-7
5,4,240,40,75,65,1,,6
5,4,200,40,66,55,15,,2
5,4,240,20,45,40,0,,20
5,4,990,10,38,36,0,,11
5,4,170,10,92,62,0,,17
5,4,210,40,129,120,0,,2
5,4,200,40,117,109,0,,3
5,4,240,60,95,69,0,,0
5,4,240,50,99,93,3,,5
5,4,180,40,113,109,3,,4
5,4,230,60,128,106,0,,-7
5,4,90,10,113,110,1,,5
5,4,200,40,120,111,0,,6
5,4,220,20,60,60,0,,30
5,4,990,10,89,86,0,,7
5,4,60,30,134,90,0,,-9
5,4,30,20,109,99,0,,26
5,4,350,20,135,126,0,,14
5,4,350,20,149,138,0,,2
5,4,270,20,129,127,0,,-2
5,4,240,30,107,84,0,,3
5,4,0,0,62,58,0,,3
5,4,230,30,85,70,0,,-5
5,4,180,30,80,61,0,,0
5,4,210,10,29,28,0,,8
5,4,290,20,89,71,0,,0
5,4,70,30,81,80,0,,-1
5,4,0,0,45,43,0,,20
5,4,250,20,101,89,0,,7
5,4,280,40,104,102,0,,6
5,4,290,20,85,52,0,,3
5,4,310,20,84,50,0,,2
5,4,260,10,68,62,0,,-6
5,4,240,20,63,60,0,,17
5,4,310,10,86,80,0,,21
5,4,990,10,75,72,0,,12
5,4,290,10,88,83,0,,9
5,4,240,30,65,61,0,,21
5,4,230,10,74,73,0,,18
5,4,360,20,95,88,3,,1
5,4,310,10,50,37,0,,21
5,4,360,30,76,68,22,,3
5,4,280,10,26,21,0,,26
5,4,260,20,51,48,0,,25
5,4,240,10,29,26,0,,20
5,4,330,10,26,25,0,,8
5,4,350,10,29,27,0,,23
5,4,90,20,61,45,0,,29
5,4,150,20,129,62,0,,9
5,4,210,20,118,115,-1,,4
5,4,80,10,105,105,0,,-1
5,4,250,20,139,131,0,,2
5,4,80,10,122,122,0,,0
5,4,240,30,120,114,0,,-6
5,4,300,10,43,34,0,,10
5,4,260,50,106,99,0,,-4
5,4,230,50,89,79,4,,-1
5,4,220,30,18,18,0,,29
5,4,230,30,24,22,0,,16
5,4,240,30,37,29,0,,0
5,4,250,30,25,22,0,,6
5,4,20,10,11,10,0,,9
5,4,50,30,52,40,0,,12
5,4,30,30,88,59,0,,-2
5,4,240,30,66,56,0,,5
5,4,220,10,52,49,0,,-1
5,4,360,20,49,25,0,,1
5,4,290,20,12,6,0,,16
5,4,120,20,59,22,0,,17
5,4,180,40,126,115,0,,1
5,4,160,20,130,128,0,,1
5,4,190,30,106,101,0,,11
5,4,230,30,95,79,0,,19
5,4,190,20,80,61,0,,11
5,4,200,20,146,107,0,,5
5,4,140,20,152,128,0,,12
5,4,0,0,116,110,0,,20
5,4,170,30,202,140,0,,7
5,4,210,10,95,79,0,,23
5,4,350,30,97,84,0,,3
5,4,220,20,43,40,0,,34
5,4,140,30,26,14,0,,6
5,4,220,10,58,57,0,,-7
5,4,110,20,100,69,0,,12
5,4,80,30,124,114,0,,6
5,4,90,30,126,81,0,,5
5,4,10,10,104,102,0,,1
5,4,90,40,111,41,0,,7
5,4,80,50,127,46,0,,12
5,4,50,20,110,54,0,,4
5,4,50,20,97,71,0,,19
5,4,50,10,80,59,0,,6
5,4,160,10,92,71,0,,12
5,4,260,30,109,87,0,,2
5,4,320,20,118,103,0,,-6
5,4,80,30,67,41,0,,16
5,4,260,60,154,110,0,,-9
5,4,990,10,122,119,6,,-2
5,4,210,60,164,150,1,,1
5,4,210,70,109,82,0,,-2
5,4,190,80,123,80,0,,-1
5,4,220,70,110,102,2,,0
5,4,180,20,124,116,5,,0
5,4,230,90,105,81,0,,-8
5,4,210,40,72,55,0,,10
5,4,180,20,84,79,4,,2
5,4,200,20,82,78,0,,11
5,4,260,60,142,133,0,,-2
5,4,260,50,132,120,0,,-2
5,4,230,30,95,82,0,,9
5,4,280,20,54,48,0,,11
5,4,310,30,77,73,10,,4
5,4,60,40,79,36,0,0.0,7
5,4,60,40,53,9,0,0.0,16
5,4,10,20,71,55,0,0.0,6
5,4,10,20,89,70,0,0.0,3
5,4,10,30,82,73,0,0.0,3
5,4,310,20,55,51,0,0.0,2
5,4,230,60,119,104,3,8.0,-6
5,4,250,50,113,101,0,3.0,3
5,4,240,50,102,94,8,8.0,3
5,4,240,70,129,111,3,8.0,0
5,4,210,80,133,111,-1,8.0,3
5,4,230,60,110,102,0,8.0,3
5,4,180,20,105,98,0,6.0,3
5,4,200,70,132,92,0,0.0,0
5,4,300,20,89,82,-1,8.0,-2
5,4,180,40,106,99,2,8.0,3
5,4,80,30,76,70,3,8.0,-3
5,4,190,20,73,70,0,1.0,26
5,4,230,40,128,118,-1,6.0,1
5,4,10,10,64,62,0,0.0,9
5,4,280,20,147,143,0,8.0,2
5,4,0,0,139,138,0,9.0,9
5,4,350,20,97,93,0,0.0,10
5,4,50,10,97,93,0,0.0,21
5,4,360,20,148,138,0,8.0,5
5,4,340,30,151,146,2,8.0,-4
5,4,300,20,137,126,0,8.0,1
5,4,190,20,114,102,0,8.0,6
5,4,250,20,115,102,0,8.0,4
5,4,210,20,47,37,0,0.0,31
5,4,170,20,131,123,5,8.0,0
5,4,180,40,62,43,0,0.0,2
5,4,160,10,36,30,0,6.0,0
5,4,70,10,33,32,0,1.0,11
5,4,80,30,61,41,0,0.0,6
5,4,60,20,67,36,0,0.0,3
5,4,60,20,97,78,0,0.0,5
5,4,90,30,92,61,0,0.0,3
5,4,80,20,88,71,0,0.0,18
5,4,90,20,90,63,0,0.0,21
5,4,90,20,93,67,0,0.0,27
5,4,70,30,95,55,0,0.0,28
5,4,40,20,86,67,0,0.0,22
5,4,50,20,118,77,0,3.0,13
5,4,70,20,113,94,0,0.0,16
5,4,270,10,126,113,0,8.0,8
5,4,50,10,138,134,2,8.0,4
5,4,40,30,117,111,21,8.0,-3
5,4,30,20,85,56,0,8.0,4
5,4,340,20,23,14,0,0.0,27
5,4,10,20,40,23,0,0.0,19
5,4,40,30,62,41,0,0.0,18
5,4,70,20,95,66,0,7.0,7
5,4,70,30,119,68,0,8.0,6
5,4,60,30,95,77,0,1.0,33
5,4,80,40,132,122,3,8.0,-5
5,4,50,50,133,122,-1,8.0,-2
5,4,80,50,135,118,0,8.0,4
5,4,100,30,161,129,-1,3.0,14
5,4,20,20,140,133,0,2.0,10
5,4,240,30,160,156,-1,8.0,0
5,4,0,0,88,87,0,8.0,31
5,4,0,0,85,77,0,7.0,0
5,4,200,10,63,60,0,0.0,15
5,4,270,10,98,87,0,8.0,1
5,4,250,20,14,7,0,0.0,16
5,4,220,70,84,63,-1,8.0,2
5,4,250,60,111,92,2,8.0,1
5,4,210,40,106,90,0,8.0,0
5,4,260,30,104,87,0,6.0,7
5,4,190,20,27,10,0,0.0,21
5,4,0,0,41,36,0,0.0,2
5,4,30,40,103,52,0,8.0,-2
5,4,50,40,60,42,0,0.0,11
5,4,70,40,118,50,0,8.0,0
5,4,80,40,129,87,-1,8.0,-7
5,4,100,20,133,126,0,8.0,1
5,4,160,20,71,62,0,5.0,9
5,4,160,20,120,111,9,8.0,1
5,4,200,30,100,87,0,0.0,11
5,4,0,0,89,79,0,8.0,22
5,4,260,10,66,62,0,3.0,23
5,4,20,10,109,89,0,8.0,3
5,4,230,10,52,47,0,2.0,26
5,4,990,10,47,42,0,7.0,23
5,4,990,10,82,79,0,1.0,34
5,4,40,30,123,97,0,8.0,4
5,4,70,10,153,145,-1,7.0,11
5,4,230,40,60,52,0,0.0,31
5,4,240,50,131,121,0,8.0,7
5,4,990,10,64,62,0,0.0,32
5,4,60,30,89,59,0,0.0,23
5,4,50,40,128,92,0,2.0,1
5,4,210,30,65,41,0,0.0,5
5,4,60,20,77,67,0,8.0,4
5,4,290,20,56,50,0,8.0,5
5,4,360,40,50,30,0,1.0,3
5,4,0,0,17,8,0,5.0,-2
5,4,20,40,52,20,0,8.0,2
5,4,40,40,47,33,3,8.0,1
5,4,200,20,72,65,0,8.0,-1
5,4,0,0,48,45,0,8.0,11
5,4,20,20,58,23,0,8.0,4
5,4,360,20,24,13,0,2.0,16
5,4,320,30,50,41,7,8.0,0
5,4,990,10,57,48,0,8.0,3
5,4,40,10,62,54,0,8.0,3
5,4,10,20,38,21,0,8.0,8
5,4,260,30,73,59,0,8.0,8
5,4,240,40,101,76,0,8.0,4
5,4,280,20,51,48,0,9.0,7
5,4,280,20,56,44,0,8.0,11
5,4,290,10,57,27,0,0.0,10
5,4,320,10,70,65,0,2.0,25
5,4,360,20,86,81,0,7.0,13
5,4,990,10,88,81,0,0.0,12
5,4,230,20,112,103,0,0.0,26
5,4,350,20,103,97,0,7.0,13
5,4,50,30,70,32,0,5.0,8
5,4,990,10,52,48,0,7.0,13
5,4,270,20,60,55,0,0.0,20
5,4,120,20,79,43,0,4.0,16
5,4,220,50,130,121,4,8.0,-1
5,4,290,30,104,96,1,8.0,5
5,4,50,50,73,1,0,0.0,-3
5,4,40,50,56,-13,0,2.0,0
5,4,40,40,30,-14,0,0.0,1
5,4,0,0,1,-4,0,0.0,3
5,4,80,10,21,-1,0,0.0,2
5,4,120,10,54,18,0,0.0,11
5,4,100,20,105,52,0,1.0,14
5,4,110,40,169,37,0,4.0,2
5,4,90,10,122,118,0,7.0,6
5,4,330,10,133,132,0,9.0,2
5,4,270,20,101,98,0,2.0,0
5,4,230,10,77,74,0,7.0,13
5,4,230,40,58,53,0,0.0,21
5,4,260,10,68,62,0,3.0,12
5,4,240,20,71,57,0,6.0,19
5,4,230,60,111,72,0,8.0,4
5,4,240,40,118,100,-1,8.0,1
5,4,210,30,95,79,0,7.0,1
5,4,240,10,120,111,0,8.0,6
5,4,0,0,78,72,0,6.0,12
5,4,190,10,54,51,0,4.0,15
5,4,210,30,150,85,0,8.0,5
5,4,220,30,74,63,0,0.0,27
5,4,270,50,132,87,0,8.0,-4
5,4,200,10,42,22,0,0.0,36
5,4,140,30,121,17,0,8.0,8
5,4,230,70,112,100,2,8.0,0
5,4,200,20,96,78,0,7.0,9
5,4,210,40,123,94,0,8.0,6
5,4,80,10,92,91,0,0.0,28
5,4,230,30,143,130,1,8.0,-2
5,4,60,50,133,95,-1,8.0,-9
5,4,310,20,103,99,0,8.0,-1
5,4,220,30,112,106,0,8.0,0
5,4,200,20,78,70,0,5.0,22
5,4,20,20,77,60,0,8.0,1
5,4,40,50,59,35,-1,8.0,1
5,4,10,20,13,10,0,8.0,16
5,4,140,30,89,66,0,8.0,4
5,4,180,20,137,124,0,8.0,5
5,4,180,40,155,139,2,7.0,1
5,4,250,30,169,155,-1,8.0,-2
5,4,260,20,50,43,0,1.0,17
5,4,240,10,2,-2,0,0.0,14
5,4,210,20,39,18,0,0.0,19
5,4,200,20,76,66,6,8.0,3
5,4,280,30,51,34,0,2.0,7
5,4,210,20,21,17,0,0.0,13
5,4,90,30,95,38,0,5.0,12
5,4,180,30,128,112,1,8.0,3
5,4,360,30,123,119,15,6.0,5
5,4,320,10,128,125,0,0.0,12
5,4,340,30,159,147,0,8.0,0
5,4,230,30,125,120,0,0.0,10
5,4,320,10,144,141,0,4.0,25
5,4,60,40,133,74,0,0.0,15
5,4,40,20,120,95,0,0.0,27
5,4,50,20,101,81,0,0.0,35
5,4,280,20,139,136,0,0.0,12
5,4,310,10,102,99,0,8.0,3
5,4,0,0,96,91,0,7.0,16
5,4,230,30,126,121,0,1.0,18
5,4,50,40,37,18,0,0.0,3
5,4,30,30,93,45,0,8.0,0
5,4,20,20,68,60,0,0.0,0
5,4,220,20,36,29,0,1.0,23
5,4,210,20,62,55,0,2.0,18
5,4,340,10,59,56,0,0.0,20
5,4,20,20,87,83,0,0.0,16
5,4,160,20,126,119,0,4.0,8
5,4,230,40,129,126,0,8.0,-1
5,4,200,60,100,55,0,8.0,7
5,4,200,40,85,65,0,7.0,7
5,4,220,30,66,60,3,8.0,2
5,4,220,50,95,91,1,8.0,5
5,4,220,40,75,54,-1,7.0,0
5,4,150,30,103,75,0,7.0,3
5,4,20,20,89,68,0,8.0,3
5,4,280,30,83,83,0,9.0,-1
5,4,250,40,83,76,0,8.0,-1
5,4,30,30,62,59,0,0.0,20
5,4,280,10,103,100,0,8.0,2
5,4,160,10,95,92,0,8.0,10
5,4,320,30,76,67,1,8.0,-3
5,4,330,40,61,49,0,8.0,-8
5,4,210,30,24,21,0,6.0,11
5,4,350,10,38,31,0,2.0,9
5,4,300,40,79,76,-1,7.0,2
5,4,260,30,65,53,0,5.0,27
5,4,80,30,70,62,0,0.0,34
5,4,270,40,109,101,2,8.0,-7
5,4,150,20,98,95,0,8.0,1
5,4,330,40,124,116,-1,8.0,1
5,4,270,20,98,84,0,8.0,-1
5,4,10,30,105,94,0,8.0,-9
5,4,360,20,35,28,0,0.0,2
5,4,340,10,-1,-5,0,0.0,11
5,4,0,0,23,19,0,0.0,11
5,4,150,30,120,47,0,8.0,-4
5,4,240,60,99,81,0,8.0,-1
5,4,220,60,109,82,0,8.0,1
5,4,240,70,131,111,0,8.0,-2
5,4,210,30,83,74,0,8.0,9
5,4,220,100,97,61,0,8.0,1
5,4,220,80,92,70,0,8.0,2
5,4,210,30,85,80,-1,8.0,0
5,4,230,20,34,28,0,1.0,20
5,4,310,10,62,45,0,8.0,6
5,4,20,10,45,42,0,0.0,4
5,4,340,10,57,54,0,0.0,29
5,4,0,0,72,69,0,0.0,14
5,4,70,20,96,88,0,0.0,16
5,4,140,20,160,100,0,8.0,3
5,4,190,20,130,124,0,6.0,7
5,4,210,40,160,135,0,8.0,-1
5,4,140,10,125,116,0,8.0,10
5,4,70,20,106,99,0,4.0,28
5,4,210,10,76,64,0,0.0,38
5,4,20,10,132,96,0,8.0,11
5,4,20,10,146,143,9,8.0,1
5,4,230,50,132,128,12,8.0,-2
5,4,60,30,111,107,11,8.0,-2
5,4,60,20,71,56,0,8.0,12
5,4,340,10,56,54,0,1.0,25
5,4,990,10,11,7,0,2.0,19
5,4,350,10,18,14,0,0.0,2
5,4,70,30,86,48,0,8.0,11
5,4,190,30,125,117,0,7.0,6
5,4,180,50,163,145,0,1.0,11
5,4,190,50,96,49,0,0.0,2
5,4,220,70,99,60,0,8.0,1
5,4,50,10,90,77,0,8.0,-1
5,4,220,50,140,117,0,8.0,4
5,4,250,20,64,60,0,0.0,3
5,4,150,30,115,91,0,8.0,5
5,4,270,10,144,109,0,8.0,2
5,4,230,30,59,51,0,0.0,25
5,4,220,10,57,52,0,8.0,11
5,4,40,40,76,48,0,8.0,-5
5,4,210,30,71,45,0,8.0,7
5,4,220,20,74,61,0,7.0,11
5,4,190,30,77,40,0,8.0,1
5,4,220,60,78,60,0,1.0,6
5,4,210,40,54,46,0,0.0,13
5,4,240,20,38,35,0,0.0,13
5,4,190,20,108,73,0,8.0,9
5,4,240,20,118,90,0,8.0,7
5,4,30,10,48,44,0,6.0,21
5,4,240,20,118,114,3,8.0,1
5,4,280,20,78,64,0,5.0,13
5,4,0,0,64,58,0,0.0,15
5,4,230,50,135,79,0,8.0,-2
5,4,190,20,77,61,0,7.0,24
5,4,220,30,63,58,0,0.0,22
5,4,170,20,89,65,0,8.0,18
5,4,360,20,32,18,0,5.0,0
5,4,230,10,21,17,0,3.0,1
5,4,280,30,86,80,0,4.0,4
5,4,170,10,13,9,0,1.0,9
5,4,100,20,47,6,0,1.0,5
5,4,90,40,96,64,0,1.0,12
5,4,60,20,89,75,0,7.0,24
5,4,90,30,128,67,0,5.0,20
5,4,80,40,136,80,0,0.0,8
5,4,60,30,145,108,0,7.0,5
5,4,100,30,147,127,-1,8.0,2
5,4,60,40,134,88,0,0.0,15
5,4,20,30,133,92,0,1.0,4
5,4,350,20,78,26,0,8.0,2
5,4,280,30,58,31,0,8.0,-6
5,4,270,20,55,34,0,8.0,3
5,4,240,10,81,53,0,8.0,7
5,4,200,20,84,65,0,2.0,15
5,4,240,30,106,98,6,8.0,0
5,4,220,50,111,89,-1,8.0,1
5,4,180,30,125,117,0,8.0,9
5,4,140,30,173,119,0,8.0,0
5,4,330,40,128,122,1,8.0,-3
5,4,290,30,99,77,0,8.0,2
5,4,280,10,95,78,0,8.0,4
5,4,340,10,55,52,0,8.0,24
5,4,40,20,130,113,0,7.0,5
5,4,360,20,132,128,0,7.0,3
5,4,20,20,137,125,0,0.0,9
5,4,360,40,156,147,0,8.0,0
5,4,70,30,137,133,0,0.0,16
5,4,150,30,107,35,0,8.0,4
5,4,340,10,62,59,0,8.0,2
5,4,30,20,77,73,2,8.0,1
5,4,40,40,96,73,0,8.0,-4
5,4,30,40,71,61,0,8.0,2
5,4,60,30,50,46,0,6.0,7
5,4,360,30,87,79,0,8.0,2
5,4,300,30,80,36,0,8.0,1
5,4,340,20,21,11,0,0.0,6
5,4,0,0,0,-4,0,0.0,11
5,4,60,30,47,27,0,4.0,22
5,4,170,30,138,120,1,8.0,1
5,4,190,30,126,115,0,6.0,7
5,4,170,20,112,92,0,3.0,16
5,4,220,20,61,46,0,1.0,7
5,4,190,30,174,111,0,8.0,0
5,4,50,10,156,141,0,8.0,15
5,4,270,40,162,145,12,8.0,-7
5,4,200,80,147,124,0,8.0,-12
5,4,210,20,79,76,0,8.0,10
5,4,990,10,55,48,0,8.0,34
5,4,60,20,90,65,0,2.0,11
5,4,230,30,116,98,0,4.0,27
5,4,220,10,99,90,0,7.0,25
5,4,320,10,103,100,0,8.0,13
5,4,70,30,113,102,0,0.0,31
5,4,90,20,155,118,0,0.0,19
5,4,990,10,166,147,1,8.0,-2
5,4,60,30,163,124,0,8.0,12
5,4,240,20,175,158,0,7.0,10
5,4,250,20,135,111,0,6.0,11
5,4,240,100,54,41,9,8.0,3
5,4,190,30,50,28,0,8.0,5
5,4,270,10,45,41,0,0.0,16
5,4,360,20,32,23,0,0.0,19
5,4,30,20,69,40,0,0.0,1
5,4,40,20,84,41,0,0.0,9
5,4,70,20,97,77,0,0.0,20
5,4,90,20,99,72,0,0.0,30
5,4,240,20,118,80,0,0.0,-5
5,4,250,30,117,93,3,8.0,-6
5,4,0,0,34,31,0,0.0,6
5,4,70,10,79,75,0,8.0,7
5,4,990,10,137,114,0,8.0,6
5,4,300,20,117,116,0,9.0,1
5,4,20,10,107,103,0,0.0,24
5,4,350,30,135,94,0,8.0,0
5,4,350,40,88,53,0,7.0,3
5,4,290,10,74,59,0,8.0,7
5,4,270,10,88,64,0,8.0,5
5,4,360,20,70,67,0,0.0,13
5,4,70,30,106,64,0,7.0,30
5,4,210,10,113,110,0,8.0,22
5,4,350,20,149,143,-1,8.0,0
5,4,40,40,150,78,0,5.0,4
5,4,100,20,143,138,0,7.0,16
5,4,50,20,151,146,0,8.0,14
5,4,60,40,172,116,0,7.0,17
5,4,60,10,150,147,0,8.0,9
5,4,20,20,185,169,0,8.0,13
5,4,0,0,158,155,0,3.0,16
5,4,990,10,165,158,0,8.0,27
5,4,0,0,20,19,0,9.0,11
5,4,230,10,24,24,0,3.0,9
5,4,340,10,66,54,0,8.0,4
5,4,270,20,40,30,0,8.0,-3
5,4,280,20,38,25,1,8.0,10
5,4,240,20,26,17,0,8.0,11
5,4,20,10,22,19,0,8.0,7
5,4,100,30,73,35,0,8.0,8
5,4,170,20,65,53,0,8.0,12
5,4,280,30,96,88,0,8.0,-2
5,4,10,30,79,68,0,8.0,-8
5,4,280,10,54,32,0,8.0,9
5,4,10,20,15,12,0,1.0,16
5,4,10,20,42,24,0,2.0,11
5,4,60,20,53,27,0,1.0,2
5,4,10,20,62,30,0,8.0,6
5,4,70,40,94,71,0,8.0,3
5,4,40,10,88,88,0,8.0,4
5,4,340,20,127,116,0,8.0,-1
5,4,290,20,120,115,0,8.0,2
5,4,290,40,114,111,0,8.0,-7
5,4,280,20,104,71,0,8.0,2
5,4,0,0,57,54,0,6.0,25
5,4,230,10,91,65,0,6.0,27
5,4,240,10,71,69,0,8.0,4
5,4,220,30,100,92,0,8.0,10
5,4,250,20,124,116,-1,8.0,3
5,4,200,10,112,92,0,8.0,2
5,4,0,0,32,28,0,0.0,21
5,4,220,70,143,107,0,8.0,-10
5,4,230,50,160,119,-1,8.0,1
5,4,190,40,77,65,0,8.0,6
5,4,230,40,79,64,4,8.0,3
5,4,230,30,67,58,0,8.0,9
5,4,40,30,100,82,-1,8.0,-2
5,4,40,20,34,16,0,0.0,12
5,4,60,10,35,8,0,0.0,12
5,4,0,0,33,29,0,0.0,9
5,4,0,0,55,39,0,8.0,20
5,4,30,20,85,51,0,8.0,16
5,4,70,10,95,74,0,8.0,13
5,4,20,50,62,-8,-1,8.0,-2
5,4,240,10,6,-2,0,1.0,14
5,4,230,20,13,7,0,0.0,21
5,4,350,20,21,-7,0,1.0,13
5,4,340,20,16,-7,0,0.0,14
5,4,200,10,27,24,0,0.0,17
5,4,230,20,37,33,0,2.0,19
5,4,230,20,78,54,0,4.0,4
5,4,240,20,93,39,0,7.0,19
5,4,320,10,100,96,0,0.0,17
5,4,40,20,106,97,0,6.0,19
5,4,150,10,162,117,0,8.0,21
5,4,220,30,123,52,0,8.0,7
5,4,230,40,99,80,0,7.0,13
5,4,270,30,125,111,0,8.0,4
5,4,0,0,66,63,0,8.0,27
5,4,340,20,101,96,0,8.0,24
5,4,30,20,86,50,0,0.0,16
5,4,40,20,67,45,0,0.0,21
5,4,50,20,87,57,0,0.0,33
5,4,50,30,110,50,0,0.0,21
