MM,HH,DD,FF,T,TD,RH,N,TC
9,23,190,26,187,150,0,0.0,2
9,23,360,31,186,162,0,0.0,-19
9,23,990,15,182,110,0,0.0,-19
9,23,30,36,178,137,0,0.0,-14
9,23,340,36,172,152,0,7.0,-3
9,23,350,31,108,82,0,1.0,-7
9,23,990,10,136,122,0,5.0,2
9,23,180,10,120,99,0,0.0,-9
9,23,90,21,123,93,0,0.0,9
9,23,170,15,157,107,0,7.0,8
9,23,40,41,126,69,0,7.0,-17
9,23,50,15,103,42,0,0.0,-17
9,23,120,26,114,59,0,0.0,4
9,23,190,36,148,90,0,0.0,2
9,23,260,26,170,170,0,8.0,-3
9,23,230,67,177,177,2,8.0,0
9,23,200,31,114,105,0,0.0,-1
9,23,0,0,169,134,-1,8.0,-5
9,23,30,31,125,102,0,5.0,-8
9,23,90,36,108,71,0,0.0,-1
9,23,170,41,175,132,0,0.0,9
9,23,210,62,117,103,0,4.0,3
9,23,220,98,152,149,2,8.0,2
9,23,200,51,173,155,0,7.0,4
9,23,220,36,163,163,-1,8.0,0
9,23,230,26,115,113,0,2.0,-11
9,23,200,51,92,84,0,0.0,0
9,23,90,41,128,110,-1,8.0,9
9,23,190,41,125,107,0,8.0,0
9,23,210,41,55,55,0,0.0,0
9,23,210,62,114,97,0,3.0,6
9,23,210,93,144,144,1,8.0,2
9,23,220,77,114,95,0,6.0,4
9,23,240,57,96,84,0,5.0,-1
9,23,210,26,74,63,0,1.0,-17
9,23,190,41,143,95,0,8.0,0
9,23,260,21,123,102,0,7.0,-8
9,23,220,31,103,95,0,7.0,-19
9,23,140,10,91,80,0,3.0,0
9,23,140,15,142,117,0,6.0,-7
9,23,220,36,113,92,0,0.0,-11
9,23,110,26,110,86,0,5.0,-8
9,23,230,51,135,114,-1,8.0,-6
9,23,220,51,140,132,0,8.0,-3
9,23,230,62,135,122,0,0.0,1
9,23,50,26,104,99,0,1.0,0
9,23,110,36,134,123,0,0.0,-1
9,23,180,26,126,120,0,3.0,7
9,23,210,41,146,141,0,7.0,4
9,23,90,21,134,120,0,7.0,-11
9,23,140,21,164,151,0,7.0,12
9,23,170,26,134,128,0,3.0,3
9,23,200,31,126,112,0,8.0,-9
9,23,220,36,137,114,0,7.0,6
9,23,120,31,128,114,0,2.0,-7
9,23,150,26,145,109,0,1.0,-4
9,23,140,26,151,136,0,3.0,-1
9,23,220,31,159,128,0,5.0,-1
9,23,240,26,149,124,0,7.0,-3
9,23,190,26,135,133,0,7.0,-12
9,23,220,15,139,114,0,8.0,2
9,23,330,31,134,115,0,7.0,-5
9,23,260,26,108,92,-1,7.0,-2
9,23,290,31,108,82,-1,8.0,-7
9,23,140,21,80,56,0,1.0,2
9,23,80,31,97,61,0,3.0,-6
9,23,190,21,152,144,9,8.0,0
9,23,190,41,157,137,0,1.0,0
9,23,190,41,151,131,0,1.0,1
9,23,200,51,125,109,0,7.0,0
9,23,260,21,121,115,0,2.0,-2
9,23,110,67,142,121,-1,8.0,-2
9,23,170,41,125,86,0,8.0,-2
9,23,240,87,131,115,0,8.0,-2
9,23,180,41,130,119,0,7.0,0
9,23,240,67,116,99,0,7.0,-2
9,23,20,46,100,91,0,8.0,-10
9,23,70,46,85,63,0,2.0,-1
9,23,160,21,125,112,0,2.0,-5
9,23,170,31,192,159,0,6.0,4
9,23,170,21,149,139,0,7.0,0
9,23,250,36,143,143,0,8.0,-4
9,23,30,36,129,124,0,8.0,-2
9,23,30,62,108,108,25,8.0,0
9,23,250,41,106,106,0,8.0,0
9,23,230,77,95,86,0,7.0,1
9,23,200,46,85,77,0,6.0,-1
9,23,180,26,96,84,0,7.0,-5
9,23,170,21,97,83,0,6.0,-3
9,23,150,57,129,95,0,6.0,-2
9,23,190,31,135,132,0,3.0,-5
9,23,230,57,141,93,0,6.0,-2
9,23,200,21,132,109,0,6.0,-6
9,23,250,57,168,143,0,5.0,-7
9,23,190,10,117,86,0,7.0,-11
9,23,210,26,101,95,0,2.0,-7
9,23,190,41,131,127,0,5.0,6
9,23,210,46,121,107,0,7.0,-1
9,23,200,46,117,102,0,6.0,2
9,23,230,57,116,101,1,7.0,-3
9,23,190,57,148,124,-1,8.0,-5
9,23,210,46,123,91,0,1.0,7
9,23,130,21,92,74,0,5.0,2
9,23,210,31,91,90,0,4.0,4
9,23,240,82,116,108,1,8.0,-3
9,23,260,72,89,64,0,6.0,-2
9,23,280,36,104,100,8,8.0,-2
9,23,270,21,114,113,0,7.0,-4
9,23,160,26,87,75,0,7.0,-5
9,23,40,31,109,108,1,8.0,0
9,23,70,41,125,107,0,7.0,-3
9,23,60,46,109,87,0,2.0,-1
9,23,60,46,150,120,0,4.0,-7
9,23,80,26,145,141,0,7.0,-2
9,23,200,21,120,110,0,1.0,9
9,23,990,10,145,143,0,7.0,-3
9,23,240,26,130,107,0,7.0,-6
9,23,210,15,113,106,0,0.0,-8
9,23,990,5,138,106,0,7.0,-9
9,23,320,26,124,101,0,4.0,-2
9,23,290,26,135,108,0,7.0,-9
9,23,190,31,137,137,18,8.0,1
9,23,220,26,106,106,0,4.0,-7
9,23,200,36,131,110,0,5.0,-9
9,23,200,46,124,112,0,6.0,-2
9,23,140,36,139,109,0,7.0,4
9,23,160,72,164,125,0,6.0,-1
9,23,230,87,151,134,0,7.0,-2
9,23,200,31,142,128,0,7.0,0
9,23,170,36,179,128,0,8.0,-15
9,23,200,36,121,115,0,4.0,5
9,23,200,21,145,124,0,8.0,-3
9,23,240,31,137,137,0,6.0,-5
9,23,160,31,112,98,0,2.0,-3
9,23,140,31,117,106,0,7.0,7
9,23,150,31,132,122,-1,7.0,1
9,23,90,31,130,120,0,1.0,5
9,23,990,10,158,128,0,7.0,-10
9,23,40,51,119,91,0,7.0,2
9,23,330,26,94,69,0,1.0,-5
9,23,290,21,133,133,0,7.0,-3
9,23,220,21,135,117,0,8.0,-3
9,23,190,15,129,126,0,8.0,-5
9,23,290,31,113,109,-1,8.0,-3
9,23,220,72,118,77,-1,7.0,-3
9,23,240,93,133,129,9,8.0,0
9,23,230,51,84,50,0,1.0,2
9,23,200,41,52,36,0,1.0,-4
9,23,210,51,84,75,-1,7.0,-4
9,23,120,21,103,90,0,3.0,-2
9,23,200,10,116,110,-1,7.0,-4
9,23,80,20,117,94,0,5.0,-7
9,23,40,30,125,104,0,3.0,-1
9,23,30,30,110,91,0,0.0,0
9,23,40,30,108,81,0,0.0,-5
9,23,360,30,114,94,0,2.0,-19
9,23,360,30,122,81,0,3.0,-8
9,23,990,10,119,98,0,6.0,-6
9,23,280,20,130,114,0,1.0,-4
9,23,290,20,123,110,-1,8.0,-3
9,23,230,30,114,98,-1,8.0,0
9,23,270,30,87,73,0,5.0,-3
9,23,310,50,119,109,0,8.0,-2
9,23,320,30,110,90,0,4.0,-11
9,23,0,0,93,83,0,0.0,-1
9,23,80,30,91,64,0,1.0,-3
9,23,70,30,75,48,0,1.0,4
9,23,50,50,91,67,0,3.0,2
9,23,50,30,96,79,0,1.0,-4
9,23,100,30,116,94,0,8.0,-5
9,23,20,30,90,76,0,8.0,-2
9,23,40,20,96,96,-1,8.0,0
9,23,240,20,102,102,7,8.0,-1
9,23,200,20,98,98,0,7.0,-3
9,23,170,30,100,93,0,3.0,0
9,23,190,50,139,102,0,7.0,0
9,23,210,40,128,124,0,6.0,2
9,23,190,50,122,99,0,7.0,0
9,23,210,100,174,129,0,4.0,-3
9,23,190,40,139,126,0,2.0,-9
9,23,360,60,154,153,49,8.0,1
9,23,190,10,140,133,0,2.0,-6
9,23,190,30,170,155,0,7.0,-4
9,23,250,30,188,147,0,7.0,-11
9,23,310,20,153,126,0,7.0,-3
9,23,190,30,119,109,0,2.0,3
9,23,210,30,126,121,0,2.0,9
9,23,210,30,119,112,0,4.0,12
9,23,300,20,119,84,0,7.0,0
9,23,120,20,94,73,0,2.0,0
9,23,200,60,172,118,0,3.0,5
9,23,230,60,143,135,1,8.0,-3
9,23,230,50,96,52,0,0.0,-5
9,23,170,20,87,69,0,2.0,-1
9,23,200,30,99,69,0,2.0,-3
9,23,200,40,144,108,0,7.0,-2
9,23,80,20,135,101,0,1.0,-4
9,23,990,10,147,138,0,2.0,-7
9,23,80,30,93,59,0,1.0,-14
9,23,60,30,75,41,0,0.0,-2
9,23,90,10,92,54,0,2.0,-16
9,23,30,20,103,67,0,0.0,1
9,23,50,20,100,83,0,4.0,-7
9,23,70,30,102,86,0,0.0,-8
9,23,30,20,123,84,0,0.0,-6
9,23,50,30,120,99,0,0.0,-6
9,23,0,0,78,77,0,9.0,6
9,23,210,10,98,95,0,0.0,3
9,23,200,10,128,112,0,6.0,-3
9,23,230,30,169,150,0,8.0,0
9,23,100,30,153,129,0,8.0,-6
9,23,80,30,175,172,0,8.0,0
9,23,260,40,153,149,4,8.0,-1
9,23,100,40,161,142,0,8.0,3
9,23,200,40,153,143,-1,8.0,-1
9,23,180,30,160,139,0,7.0,-1
9,23,170,30,158,151,1,7.0,-5
9,23,210,50,158,149,0,0.0,-3
9,23,200,50,168,153,0,2.0,1
9,23,220,70,150,133,0,2.0,-2
9,23,330,30,126,117,0,7.0,-3
9,23,240,50,87,76,0,6.0,-2
9,23,260,80,88,84,15,8.0,-3
9,23,260,80,117,114,18,8.0,3
9,23,240,70,147,140,0,8.0,1
9,23,250,60,108,88,1,7.0,5
9,23,240,30,114,106,-1,8.0,-2
9,23,190,30,137,109,0,7.0,-8
9,23,200,10,140,137,0,8.0,9
9,23,60,30,120,112,0,0.0,-12
9,23,60,30,116,104,0,0.0,-1
9,23,90,30,112,90,0,0.0,-4
9,23,80,30,112,95,0,0.0,3
9,23,170,30,135,117,0,3.0,4
9,23,140,20,160,132,0,6.0,1
9,23,180,20,134,130,0,3.0,-8
9,23,100,20,145,134,-1,7.0,-3
9,23,230,30,145,145,0,8.0,-1
9,23,140,20,124,117,0,3.0,0
9,23,150,40,123,115,0,0.0,-7
9,23,80,20,163,143,0,6.0,-7
9,23,100,30,141,96,0,1.0,-2
9,23,70,30,163,111,0,2.0,-6
9,23,160,10,157,143,0,1.0,-9
9,23,190,30,171,135,0,2.0,3
9,23,190,30,168,152,0,3.0,-3
9,23,190,20,161,150,0,3.0,1
9,23,160,20,164,142,0,2.0,-1
9,23,40,30,174,165,0,6.0,1
9,23,990,10,184,137,0,1.0,-14
9,23,160,20,188,123,0,0.0,1
9,23,70,20,194,177,0,5.0,-6
9,23,260,30,169,162,0,8.0,2
9,23,990,10,174,166,0,5.0,-6
9,23,240,50,139,129,1,7.0,-10
9,23,180,40,157,97,0,8.0,1
9,23,200,40,125,120,0,6.0,-5
9,23,90,20,132,104,0,3.0,-2
9,23,70,50,187,154,-1,8.0,-2
9,23,140,40,152,128,0,7.0,-20
9,23,170,50,154,125,-1,7.0,0
9,23,150,30,163,143,0,2.0,-1
9,23,200,40,175,132,0,4.0,-7
9,23,200,30,175,138,0,7.0,-3
9,23,180,30,160,136,0,8.0,4
9,23,200,50,128,114,0,7.0,2
9,23,200,40,143,125,0,5.0,-2
9,23,190,40,140,124,0,7.0,2
9,23,210,60,156,137,0,8.0,-3
9,23,220,70,140,130,1,7.0,1
9,23,210,50,137,106,0,7.0,-6
9,23,240,50,135,122,0,7.0,-3
9,23,260,30,127,106,0,7.0,-4
9,23,270,20,127,109,0,7.0,-3
9,23,190,30,132,92,0,7.0,0
9,23,250,50,137,120,0,5.0,-3
9,23,200,40,145,110,0,7.0,5
9,23,200,30,178,157,0,7.0,-1
9,23,990,10,176,155,0,7.0,-9
9,23,80,20,168,145,0,0.0,-12
9,23,160,20,172,149,0,3.0,8
9,23,260,30,174,156,0,6.0,-8
9,23,200,30,159,134,0,7.0,-8
9,23,210,10,145,131,0,4.0,-9
9,23,210,40,201,165,0,8.0,-40
9,23,250,30,150,144,0,8.0,-2
9,23,190,30,118,114,0,0.0,-7
9,23,150,40,131,109,0,0.0,-11
9,23,110,50,178,134,0,8.0,-13
9,23,180,10,122,114,1,8.0,-2
9,23,150,20,104,90,0,2.0,-6
9,23,180,30,142,129,0,2.0,0
9,23,70,30,109,83,0,3.0,-6
9,23,290,30,161,132,-1,8.0,-3
9,23,170,10,147,117,0,8.0,-3
9,23,170,20,161,143,0,1.0,7
9,23,180,50,155,110,0,7.0,2
9,23,180,50,173,137,-1,8.0,-5
9,23,990,10,168,131,0,7.0,-5
9,23,290,20,134,128,8,8.0,-1
9,23,210,10,101,74,0,1.0,-1
9,23,210,50,155,152,-1,8.0,3
9,23,230,40,141,137,0,8.0,-3
9,23,290,50,126,119,2,8.0,-3
9,23,210,30,122,109,-1,8.0,5
9,23,250,30,125,118,0,6.0,2
9,23,230,90,153,133,0,8.0,4
9,23,260,30,88,71,4,6.0,-3
9,23,250,60,97,91,0,7.0,4
9,23,250,50,100,93,0,7.0,0
9,23,260,50,126,117,2,7.0,0
9,23,220,80,141,119,3,8.0,-8
9,23,200,30,109,102,0,8.0,3
9,23,220,40,123,112,0,8.0,-2
9,23,200,40,93,88,-1,7.0,7
9,23,280,30,89,85,0,5.0,-3
9,23,140,30,82,77,-1,2.0,-8
9,23,190,30,95,87,0,5.0,8
9,23,220,100,118,109,11,8.0,1
9,23,240,60,116,106,0,7.0,0
9,23,220,30,92,85,0,1.0,-6
9,23,220,30,84,80,0,0.0,-2
9,23,40,30,113,108,-1,8.0,3
9,23,170,10,91,85,0,3.0,-4
9,23,190,20,98,90,0,5.0,-2
9,23,190,50,121,117,10,8.0,6
9,23,200,30,123,112,0,6.0,4
9,23,160,20,113,96,0,3.0,0
9,23,210,40,152,144,0,8.0,-4
9,23,180,50,156,136,1,8.0,8
9,23,50,30,123,95,0,5.0,7
9,23,60,30,131,97,0,0.0,6
9,23,110,20,117,83,0,4.0,4
9,23,210,20,155,149,0,8.0,-1
9,23,200,30,143,124,0,3.0,-1
9,23,180,40,149,115,0,1.0,-3
9,23,170,30,154,117,0,3.0,-7
9,23,990,10,173,143,0,7.0,-19
9,23,210,20,143,107,0,5.0,10
9,23,280,10,142,130,-1,8.0,-4
9,23,40,30,137,129,0,4.0,-3
9,23,60,30,135,107,0,1.0,-6
9,23,50,20,130,105,0,0.0,-5
9,23,330,30,146,117,0,7.0,-3
9,23,110,10,104,73,0,0.0,0
9,23,990,10,118,103,0,5.0,-6
9,23,200,10,115,105,0,2.0,-7
9,23,60,20,110,88,0,2.0,-1
9,23,20,30,141,104,0,7.0,-6
9,23,130,10,125,105,0,7.0,-1
9,23,240,20,115,96,0,4.0,-2
9,23,330,20,94,87,0,7.0,8
9,23,20,60,81,54,0,0.0,-5
9,23,360,20,75,44,0,1.0,-7
9,23,230,20,116,106,0,8.0,0
9,23,270,20,112,104,0,7.0,-1
9,23,110,20,103,90,0,4.0,-5
9,23,190,10,104,87,0,5.0,-6
9,23,170,30,89,70,0,1.0,-4
9,23,180,20,96,59,0,3.0,-1
9,23,290,20,107,88,0,0.0,-2
9,23,10,10,112,78,0,0.0,-6
9,23,90,10,116,77,0,0.0,3
9,23,80,30,135,95,0,0.0,-1
9,23,190,20,179,133,-1,8.0,-3
9,23,210,30,149,138,0,7.0,-6
9,23,280,20,157,89,0,7.0,-11
9,23,100,20,123,93,0,0.0,-3
9,23,360,10,128,99,0,8.0,-5
9,23,280,30,113,106,0,8.0,-2
9,23,220,30,107,86,0,5.0,15
9,23,10,30,138,129,0,5.0,-6
9,23,120,20,108,79,0,0.0,-3
9,23,100,20,132,98,0,0.0,-3
9,23,140,20,141,105,0,2.0,4
9,23,190,20,133,96,0,0.0,-6
9,23,190,30,157,105,0,0.0,-3
9,23,180,40,189,103,0,0.0,0
9,23,180,20,180,98,0,0.0,-16
9,23,190,50,186,110,0,0.0,-11
9,23,170,30,169,113,0,0.0,2
9,23,210,90,190,135,0,8.0,-78
9,23,250,20,73,53,0,0.0,-4
9,23,90,20,76,40,0,0.0,-3
9,23,140,20,90,36,0,0.0,-4
9,23,240,30,118,88,0,2.0,-9
9,23,70,30,127,101,0,8.0,1
9,23,220,80,113,88,-1,8.0,-3
9,23,140,20,82,64,0,0.0,-4
9,23,80,50,100,68,0,1.0,-1
9,23,140,10,124,105,0,0.0,-1
9,23,160,20,152,128,0,2.0,3
9,23,140,10,172,145,0,0.0,-9
9,23,120,20,180,161,0,0.0,-5
9,23,60,30,179,148,0,0.0,-5
9,23,50,20,171,134,0,0.0,-3
9,23,30,50,170,145,0,0.0,-8
9,23,70,30,143,109,0,0.0,-6
9,23,90,40,139,75,0,0.0,-5
9,23,170,20,187,161,0,3.0,-16
9,23,220,70,170,145,0,8.0,-4
9,23,190,40,136,100,0,7.0,-4
9,23,210,40,117,106,0,3.0,-2
9,23,220,60,132,94,0,0.0,-1
9,23,210,20,82,77,0,1.0,5
9,23,170,20,94,66,0,7.0,-1
9,23,180,30,130,85,0,0.0,-2
9,23,240,30,178,120,-1,8.0,-22
9,23,210,30,115,86,0,3.0,-5
9,23,230,100,137,109,4,7.0,0
9,23,240,70,124,63,-1,8.0,0
9,23,330,30,127,122,35,8.0,-1
9,23,260,40,104,91,-1,6.0,0
9,23,280,40,105,99,2,8.0,0
9,23,220,60,104,98,0,8.0,3
9,23,220,50,137,110,0,8.0,2
9,23,200,30,126,122,0,7.0,4
9,23,240,70,141,106,0,8.0,-5
9,23,310,10,112,79,0,8.0,0
9,23,160,10,117,105,0,8.0,2
9,23,230,30,190,166,0,8.0,-2
9,23,50,10,177,137,0,2.0,-11
9,23,80,40,167,112,0,0.0,-5
9,23,130,30,168,124,0,0.0,-9
9,23,190,30,182,115,0,0.0,-13
9,23,170,10,182,156,0,0.0,-8
9,23,180,20,186,163,0,0.0,-3
9,23,120,10,190,153,0,0.0,-8
9,23,990,10,181,171,7,8.0,-8
9,23,170,10,172,162,0,8.0,-2
9,23,30,40,164,154,0,8.0,-2
9,23,30,40,136,105,0,0.0,-11
9,23,190,30,127,114,0,0.0,-2
9,23,240,40,171,163,0,8.0,0
9,23,240,70,172,161,1,8.0,-1
9,23,330,20,81,65,0,0.0,-3
9,23,0,0,84,65,0,0.0,-18
9,23,60,20,91,55,0,0.0,-7
9,23,190,10,88,60,0,0.0,-11
9,23,140,10,99,70,0,0.0,-11
9,23,120,20,113,69,0,0.0,-8
9,23,180,40,129,87,0,0.0,3
9,23,210,40,145,97,0,8.0,-6
9,23,120,20,125,107,0,2.0,-2
9,23,210,30,128,121,0,6.0,14
9,23,190,30,141,112,0,6.0,4
9,23,220,50,140,123,0,8.0,-5
9,23,180,40,100,84,-1,3.0,1
9,23,220,40,97,79,-1,8.0,-3
9,23,200,80,127,112,1,8.0,-2
9,23,180,30,176,138,0,1.0,-9
9,23,220,110,195,129,0,8.0,-2
9,23,240,60,189,165,0,8.0,-4
9,23,210,20,146,137,0,2.0,-3
9,23,170,20,162,150,0,0.0,-9
9,23,170,10,175,168,0,0.0,-7
9,23,310,20,112,94,0,0.0,-2
9,23,50,30,110,88,0,0.0,-3
9,23,70,30,120,86,0,0.0,-2
9,23,170,30,160,130,0,0.0,5
9,23,160,40,160,134,0,2.0,10
9,23,180,30,200,152,0,0.0,3
9,23,140,20,206,153,0,4.0,-22
9,23,60,30,190,162,0,8.0,1
9,23,40,30,183,152,0,8.0,5
9,23,200,40,187,171,0,8.0,-13
9,23,260,20,162,147,0,8.0,-1
9,23,220,40,135,111,0,0.0,1
9,23,200,20,108,101,0,0.0,-5
9,23,130,30,125,102,0,0.0,-2
9,23,180,50,194,134,0,0.0,4
9,23,110,20,178,144,-1,8.0,-7
9,23,130,30,199,158,0,8.0,-1
9,23,140,10,171,157,0,7.0,1
9,23,220,50,154,136,0,8.0,-4
9,23,240,20,133,127,0,6.0,-7
9,23,180,30,131,114,0,8.0,3
9,23,160,20,153,124,0,8.0,2
9,23,190,50,178,138,0,8.0,-5
9,23,200,30,148,136,23,8.0,0
9,23,200,20,144,123,0,8.0,-2
9,23,230,60,158,121,0,8.0,-6
9,23,290,20,111,94,0,8.0,-2
9,23,320,20,81,62,0,0.0,-2
9,23,240,30,126,123,-1,8.0,0
9,23,10,30,148,133,0,8.0,4
9,23,340,20,136,125,0,0.0,-20
9,23,330,30,152,139,0,8.0,-4
9,23,230,20,116,104,0,8.0,1
9,23,270,30,120,100,0,8.0,-1
9,23,340,10,109,102,0,1.0,-1
9,23,70,10,115,104,0,0.0,-8
9,23,70,20,96,81,0,0.0,-6
9,23,290,10,139,127,0,8.0,-1
9,23,140,20,116,77,0,0.0,-12
9,23,210,50,159,125,0,0.0,-16
9,23,250,20,114,111,11,8.0,-4
9,23,230,20,70,57,0,0.0,5
9,23,190,70,111,90,-1,8.0,-1
9,23,200,50,126,81,0,8.0,3
9,23,200,50,130,98,0,8.0,-7
9,23,120,20,132,111,0,0.0,-16
9,23,170,30,157,139,0,6.0,0
9,23,200,50,103,90,0,0.0,0
9,23,220,30,90,78,0,6.0,-12
9,23,360,20,93,86,0,8.0,0
9,23,360,60,111,104,13,8.0,-2
9,23,220,30,93,90,0,0.0,3
9,23,240,30,117,111,0,5.0,-8
9,23,90,30,111,96,0,8.0,-1
9,23,170,30,143,123,0,0.0,3
9,23,230,50,128,117,-1,6.0,-8
9,23,190,70,117,96,0,0.0,-2
9,23,190,50,146,105,0,8.0,-2
9,23,180,80,184,134,-1,8.0,-2
9,23,180,60,155,117,0,7.0,-6
9,23,210,70,147,123,0,8.0,-3
9,23,160,30,128,104,0,0.0,-1
9,23,200,40,186,143,0,2.0,-13
9,23,150,30,173,150,0,1.0,-2
9,23,70,20,158,146,0,0.0,2
9,23,210,20,113,109,0,0.0,-1
9,23,70,30,83,58,0,0.0,-19
9,23,50,40,113,78,0,8.0,-17
9,23,60,20,103,78,0,8.0,-15
9,23,40,20,111,95,0,8.0,-3
9,23,120,30,83,53,0,0.0,-8
9,23,60,10,62,38,0,0.0,6
9,23,40,30,63,42,0,0.0,-2
9,23,70,10,78,58,0,0.0,-9
9,23,30,20,107,98,0,7.0,-6
9,23,20,40,115,90,0,8.0,-9
9,23,50,20,120,116,2,8.0,-2
9,23,40,30,104,93,0,1.0,-1
9,23,80,30,86,67,0,0.0,-7
9,23,60,30,80,65,0,0.0,6
9,23,170,10,82,71,0,0.0,-18
9,23,210,20,79,69,0,4.0,-1
9,23,200,50,78,59,0,0.0,-3
9,23,230,90,118,107,-1,8.0,-2
9,23,200,40,147,127,0,1.0,-7
9,23,180,50,165,113,0,8.0,-10
9,23,220,90,125,98,0,4.0,-2
9,23,230,70,129,95,-1,8.0,3
9,23,200,40,109,78,0,6.0,-13
9,23,180,30,129,100,0,8.0,-7
9,23,190,30,146,109,0,0.0,0
9,23,230,10,167,116,0,0.0,-11
9,23,360,40,145,137,7,8.0,-1
9,23,30,50,126,97,0,4.0,-6
9,23,30,40,137,104,0,8.0,-2
9,23,360,20,119,99,0,0.0,-3
9,23,350,40,119,103,0,3.0,-7
9,23,30,50,117,110,9,8.0,0
9,23,40,40,144,133,0,8.0,-2
9,23,30,70,139,108,0,7.0,-10
9,23,40,30,101,83,0,0.0,-7
9,23,90,30,169,139,0,1.0,1
9,23,190,30,151,141,0,0.0,8
9,23,10,20,135,124,0,2.0,-14
9,23,170,20,114,89,0,0.0,-9
9,23,230,30,137,103,0,0.0,-5
9,23,260,10,151,145,2,8.0,0
9,23,10,20,102,83,0,1.0,-2
9,23,160,10,89,77,0,0.0,-3
9,23,40,10,97,80,0,0.0,-11
9,23,220,20,102,89,0,0.0,-4
9,23,230,30,140,106,0,8.0,-1
9,23,250,20,143,124,0,8.0,-2
9,23,210,10,130,118,0,8.0,6
9,23,60,20,105,96,0,0.0,8
9,23,70,20,106,98,0,0.0,-2
9,23,0,0,115,109,0,0.0,3
9,23,70,20,98,80,0,0.0,-8
9,23,110,30,111,78,0,0.0,0
9,23,110,30,146,71,0,8.0,-10
9,23,70,20,130,121,0,8.0,0
9,23,180,10,144,127,0,8.0,2
9,23,200,40,140,134,3,7.0,-4
9,23,180,40,154,127,0,8.0,2
9,23,190,30,162,137,0,8.0,-5
9,23,280,20,121,117,0,8.0,-3
9,23,230,70,147,104,-1,8.0,0
9,23,230,90,165,151,13,8.0,-6
9,23,230,70,132,85,0,8.0,0
9,23,230,50,115,98,-1,8.0,-6
9,23,240,20,85,71,0,7.0,-16
9,23,210,20,87,70,0,8.0,-3
9,23,200,50,124,90,0,8.0,-15
9,23,210,30,115,89,0,1.0,1
9,23,150,10,123,108,0,0.0,3
9,23,180,20,149,121,0,0.0,-7
9,23,180,30,150,143,0,2.0,7
9,23,270,20,124,120,0,8.0,-3
9,23,230,40,87,82,0,8.0,5
9,23,130,10,80,63,0,0.0,-13
9,23,230,40,101,97,-1,8.0,-1
9,23,240,20,122,120,0,8.0,-1
9,23,160,30,107,97,0,6.0,1
9,23,200,10,91,89,0,0.0,2
9,23,70,30,129,95,0,0.0,-6
9,23,180,20,185,156,0,8.0,-9
9,23,160,40,240,166,0,8.0,-35
9,23,220,60,178,154,-1,8.0,-23
9,23,210,70,140,90,0,7.0,1
9,23,230,100,151,139,14,8.0,3
9,23,230,90,135,99,-1,8.0,0
9,23,230,40,147,140,-1,8.0,2
9,23,150,20,176,169,0,8.0,9
9,23,260,40,227,187,0,8.0,-19
9,23,210,60,142,125,0,6.0,-4
9,23,240,70,172,138,0,1.0,-9
9,23,240,50,130,89,0,0.0,-5
9,23,220,30,118,95,0,0.0,-15
9,23,60,30,112,90,0,2.0,-7
9,23,220,50,177,144,0,8.0,-14
9,23,230,90,116,95,10,8.0,-5
9,23,200,50,111,99,0,8.0,-1
9,23,210,40,105,91,0,0.0,-4
9,23,190,30,141,114,0,8.0,1
9,23,230,60,152,119,0,8.0,-5
9,23,210,10,129,115,0,8.0,-4
9,23,100,20,98,79,0,0.0,-4
9,23,150,10,119,105,0,0.0,-12
9,23,170,30,162,124,0,0.0,-3
9,23,0,0,157,140,0,8.0,-6
9,23,100,20,144,129,0,0.0,-14
9,23,140,10,175,139,0,0.0,-26
9,23,120,10,153,119,0,0.0,-10
9,23,200,20,141,121,0,0.0,-2
9,23,170,20,96,77,0,0.0,-12
9,23,0,0,126,113,0,0.0,1
9,23,180,10,124,121,0,0.0,-3
9,23,360,30,176,139,0,8.0,-13
9,23,360,30,119,95,0,0.0,-7
9,23,200,20,97,73,0,0.0,-2
9,23,220,20,145,94,0,0.0,-19
9,23,110,20,154,104,0,0.0,-6
9,23,180,30,183,99,0,0.0,-6
9,23,200,40,188,143,0,0.0,-1
9,23,210,20,109,102,0,8.0,4
9,23,200,50,115,64,0,8.0,-3
9,23,200,30,111,102,0,8.0,-5
9,23,220,20,119,115,0,8.0,0
9,23,180,20,111,89,0,0.0,-3
9,23,220,30,126,111,0,1.0,7
9,23,210,40,136,125,0,8.0,3
9,23,240,20,100,75,-1,8.0,9
9,23,220,30,89,77,-1,8.0,-3
9,23,160,20,72,46,0,1.0,10
9,23,200,30,76,68,0,1.0,-2
9,23,70,20,87,55,0,8.0,0
9,23,80,40,133,91,0,4.0,0
9,23,200,110,139,110,1,8.0,-12
9,23,150,40,130,99,-1,8.0,-7
9,23,190,70,121,92,0,7.0,4
9,23,230,50,109,100,-1,1.0,-9
9,23,210,50,109,97,0,0.0,-3
9,23,200,20,61,51,0,0.0,9
9,23,190,30,76,57,0,0.0,2
9,23,220,30,131,93,0,8.0,-1
9,23,260,10,158,128,0,0.0,-25
9,23,80,30,164,137,0,0.0,-6
9,23,120,20,182,144,0,0.0,-9
9,23,170,20,224,147,0,0.0,7
9,23,330,10,171,152,0,8.0,2
9,23,80,10,143,133,0,8.0,2
9,23,140,20,128,111,0,8.0,-1
9,23,320,50,99,88,2,4.0,-5
9,23,230,80,114,107,3,8.0,3
9,23,290,20,124,121,0,8.0,-1
9,23,240,30,132,119,0,8.0,0
9,23,200,60,142,137,6,8.0,3
9,23,330,20,118,104,0,7.0,-7
9,23,210,90,119,108,14,8.0,-1
9,23,220,50,84,58,0,5.0,-5
9,23,210,50,115,112,1,8.0,10
9,23,240,20,101,88,-1,8.0,-2
9,23,220,70,115,107,2,8.0,6
9,23,220,20,110,104,0,8.0,-5
9,23,200,20,112,97,0,8.0,6
9,23,230,10,149,146,0,8.0,4
9,23,180,10,109,100,0,0.0,3
9,23,60,30,126,112,0,0.0,-8
9,23,190,30,142,132,0,7.0,-2
9,23,70,20,85,81,0,0.0,-12
9,23,60,20,84,72,0,0.0,0
9,23,70,60,117,66,0,8.0,-5
9,23,70,40,103,57,0,0.0,-11
9,23,100,20,88,62,0,8.0,3
9,23,150,10,137,124,0,8.0,1
9,23,60,20,142,135,0,0.0,-2
9,23,60,20,158,132,0,8.0,-2
9,23,80,20,174,147,0,8.0,-1
9,23,190,10,167,151,0,6.0,-7
9,23,330,20,166,156,0,5.0,-3
9,23,360,20,147,133,0,4.0,-15
9,23,10,30,123,100,0,0.0,-15
9,23,10,30,140,106,0,8.0,-7
9,23,30,40,129,108,0,6.0,-3
9,23,50,20,104,90,0,0.0,-6
9,23,360,40,145,123,0,0.0,-4
9,23,30,30,134,119,0,2.0,-14
9,23,30,20,132,124,0,8.0,3
9,23,120,20,150,135,0,7.0,-3
9,23,160,20,157,128,0,0.0,-18
9,23,160,10,178,145,0,6.0,-2
9,23,160,20,175,168,0,4.0,-6
9,23,190,30,182,168,0,1.0,-2
9,23,230,20,163,158,1,8.0,0
9,23,310,20,118,101,0,8.0,-2
9,23,230,10,71,62,0,1.0,-5
9,23,160,20,105,74,0,8.0,-3
9,23,250,20,116,111,0,8.0,-2
9,23,220,40,119,91,0,2.0,6
9,23,200,20,138,134,0,8.0,3
9,23,120,20,129,113,0,0.0,5
9,23,170,30,161,130,0,8.0,-3
9,23,200,40,153,141,0,8.0,1
9,23,180,10,151,146,1,7.0,2
9,23,260,20,121,103,0,0.0,-10
9,23,280,10,129,121,0,8.0,-1
9,23,210,20,121,96,-1,8.0,-3
9,23,240,50,123,96,0,8.0,-5
9,23,280,20,100,77,0,8.0,-2
9,23,250,30,115,100,-1,8.0,-2
9,23,320,10,117,109,0,6.0,-7
9,23,50,20,129,115,0,8.0,2
9,23,80,30,111,76,0,0.0,-7
9,23,60,40,107,77,0,0.0,-9
9,23,140,30,131,75,0,8.0,1
9,23,200,20,163,151,1,8.0,-4
9,23,230,30,169,145,-1,8.0,-13
9,23,200,60,106,71,0,0.0,-5
9,23,130,30,119,87,0,8.0,11
9,23,190,90,159,106,0,1.0,2
9,23,220,40,128,108,0,8.0,-11
9,23,200,50,130,105,0,6.0,1
9,23,300,20,119,100,0,8.0,-5
9,23,190,30,102,88,0,0.0,-1
9,23,190,40,119,102,-1,8.0,-3
9,23,220,30,96,86,-1,8.0,0
9,23,210,40,96,85,0,1.0,4
9,23,210,30,118,105,0,8.0,-11
9,23,350,10,98,85,0,1.0,-18
9,23,60,30,84,67,0,0.0,-1
9,23,50,30,79,64,0,0.0,-16
9,23,50,40,85,61,0,0.0,0
9,23,60,40,91,63,0,0.0,-3
9,23,50,40,74,54,0,0.0,4
9,23,180,10,143,125,0,7.0,2
9,23,340,20,162,108,-1,8.0,-11
9,23,190,40,185,131,0,6.0,1
9,23,240,50,154,133,0,6.0,-4
9,23,200,30,144,130,0,0.0,4
9,23,160,10,165,138,0,7.0,-9
9,23,90,30,171,130,0,0.0,-10
9,23,220,20,152,112,0,1.0,-10
9,23,150,10,134,106,0,0.0,-9
9,23,170,30,177,125,0,8.0,-3
9,23,150,30,192,147,0,0.0,-3
9,23,130,20,206,152,0,0.0,7
9,23,110,30,219,146,0,0.0,-5
9,23,90,20,206,133,0,0.0,0
9,23,0,0,153,135,0,8.0,-4
9,23,180,30,156,120,0,7.0,-7
9,23,320,20,165,155,5,8.0,3
9,23,300,10,148,134,0,8.0,2
9,23,70,10,144,94,0,8.0,-16
9,23,140,10,145,119,0,8.0,-1
9,23,130,30,131,66,0,8.0,-6
9,23,190,30,139,111,0,8.0,-11
9,23,110,30,124,103,0,0.0,3
9,23,120,30,139,79,0,0.0,-6
9,23,250,20,136,103,0,1.0,-10
9,23,990,10,106,92,0,3.0,-8
9,23,200,40,143,72,0,8.0,0
9,23,210,50,169,133,0,8.0,-7
9,23,220,40,137,118,0,8.0,2
9,23,160,20,132,100,-1,8.0,-2
9,23,340,20,138,124,-1,8.0,-4
9,23,180,10,102,91,0,2.0,-1
9,23,160,20,134,96,0,3.0,-6
9,23,190,30,164,143,0,8.0,1
9,23,220,40,181,147,0,4.0,0
9,23,230,30,142,96,0,8.0,-2
9,23,200,50,152,109,0,8.0,1
9,23,190,50,142,136,1,8.0,-2
9,23,190,30,111,104,0,1.0,-6
9,23,210,80,151,105,0,8.0,-7
9,23,220,60,138,102,0,8.0,0
9,23,190,70,129,100,0,8.0,4
9,23,230,60,130,98,-1,8.0,-10
9,23,220,40,91,85,0,4.0,3
9,23,200,40,87,80,0,0.0,-8
9,23,170,30,93,76,0,8.0,-3
9,23,200,20,104,86,-1,8.0,-12
9,23,220,30,106,100,0,8.0,-1
9,23,210,20,91,88,0,8.0,2
9,23,180,30,104,86,0,0.0,-1
9,23,180,20,112,87,0,7.0,-8
9,23,310,20,118,116,0,0.0,-20
9,23,60,10,89,86,0,0.0,-1
9,23,90,20,112,102,0,0.0,-10
9,23,60,20,129,116,0,8.0,-11
9,23,120,10,110,102,0,0.0,-2
9,23,130,20,140,102,0,8.0,3
9,23,140,20,160,155,0,8.0,-1
9,23,260,20,188,161,0,8.0,-15
9,23,180,30,93,84,0,8.0,7
9,23,50,20,108,65,0,0.0,-8
9,23,60,30,183,96,0,8.0,-10
9,23,320,20,178,161,0,8.0,1
9,23,40,10,189,152,0,8.0,-7
9,23,330,20,170,165,2,8.0,-4
9,23,220,20,140,129,0,8.0,11
9,23,200,30,94,62,0,0.0,0
9,23,160,20,138,101,0,8.0,-2
9,23,170,20,171,98,0,8.0,-12
9,23,220,30,148,112,0,8.0,9
9,23,230,30,169,127,0,0.0,-6
9,23,30,40,143,125,-1,8.0,-4
9,23,340,30,116,83,0,7.0,-12
9,23,250,20,137,88,0,2.0,-12
9,23,160,20,114,88,0,8.0,4
9,23,190,30,128,98,0,0.0,3
9,23,150,30,177,79,0,8.0,2
9,23,140,10,157,129,0,8.0,-9
9,23,190,30,169,123,0,8.0,-5
9,23,200,40,196,125,0,8.0,7
9,23,220,60,121,71,0,0.0,-7
9,23,120,10,105,102,8,8.0,1
9,23,270,20,83,78,0,5.0,-2
9,23,210,20,57,39,0,0.0,-8
9,23,160,20,80,32,0,8.0,-8
9,23,180,20,90,55,0,0.0,-2
9,23,190,20,111,81,0,0.0,-12
9,23,40,30,61,44,0,4.0,-13
9,23,160,10,50,28,0,8.0,0
9,23,290,20,100,73,0,8.0,-5
9,23,310,30,122,79,0,0.0,-17
9,23,220,30,118,71,0,8.0,15
9,23,230,30,163,121,0,8.0,-2
9,23,230,40,131,104,0,0.0,-9
9,23,210,10,81,77,0,1.0,-3
9,23,210,50,145,101,-1,8.0,-9
9,23,340,40,125,110,0,8.0,-10
9,23,270,20,93,74,0,0.0,-20
9,23,990,10,85,65,0,8.0,-2
9,23,190,30,97,72,0,1.0,18
9,23,230,40,161,153,-1,8.0,-1
9,23,230,60,184,155,0,8.0,-6
9,23,50,30,113,92,0,0.0,8
9,23,130,10,105,71,0,0.0,-2
9,23,170,10,129,113,0,8.0,9
9,23,280,20,140,137,0,8.0,-3
9,23,10,30,88,54,0,1.0,1
9,23,30,40,89,65,0,8.0,-13
9,23,70,20,76,38,0,7.0,1
9,23,70,30,99,40,0,0.0,-9
9,23,100,20,137,45,0,0.0,-3
9,23,230,40,161,146,-1,8.0,-9
9,23,150,30,135,104,0,8.0,3
9,23,230,40,139,133,0,8.0,-3
9,23,190,40,152,133,0,8.0,2
9,23,220,40,136,131,6,8.0,1
9,23,210,60,138,117,0,6.0,1
9,23,210,50,140,103,0,8.0,2
9,23,240,80,142,132,1,8.0,1
9,23,200,40,135,119,0,8.0,-3
9,23,350,30,132,98,0,7.0,-6
9,23,200,20,117,92,0,7.0,-2
9,23,230,50,192,163,0,8.0,-1
9,23,0,0,158,130,0,8.0,0
9,23,220,10,106,77,0,0.0,-21
9,23,260,10,111,89,0,1.0,-7
9,23,200,30,131,88,0,8.0,0
9,23,190,20,159,148,0,8.0,-1
9,23,340,30,167,151,0,8.0,-16
9,23,120,10,118,80,0,3.0,-13
9,23,180,20,141,116,0,4.0,-12
9,23,0,0,124,105,0,8.0,-8
9,23,80,10,147,118,0,0.0,6
9,23,150,20,200,110,0,7.0,3
9,23,170,20,213,128,0,7.0,11
9,23,30,60,160,133,0,8.0,-3
9,23,70,30,118,64,0,8.0,-10
9,23,80,30,136,75,0,0.0,2
9,23,60,20,140,77,0,0.0,-4
9,23,20,20,119,62,0,0.0,-11
9,23,210,20,131,82,0,0.0,-9
9,23,190,20,142,92,0,5.0,-3
9,23,230,60,153,141,23,8.0,2
9,23,210,40,122,106,7,8.0,-4
9,23,230,80,92,82,1,8.0,-3
9,23,320,50,112,107,65,8.0,-1
9,23,190,20,100,90,0,8.0,3
9,23,180,20,114,113,0,9.0,2
9,23,200,30,148,142,-1,8.0,-11
9,23,160,50,157,126,0,8.0,0
9,23,200,5,150,104,0,0.0,2
9,23,310,15,159,151,0,0.0,-6
9,23,30,21,169,103,0,0.0,-14
9,23,20,36,152,134,0,0.0,-8
9,23,350,46,172,141,0,7.0,-23
9,23,0,0,89,65,0,2.0,0
9,23,300,15,145,118,0,7.0,0
9,23,990,10,100,92,0,1.0,-14
9,23,40,15,103,95,0,1.0,-7
9,23,30,15,154,122,0,6.0,-11
9,23,330,5,76,57,0,1.0,4
9,23,20,21,80,66,0,0.0,-6
9,23,990,5,87,63,0,0.0,-21
9,23,200,26,146,112,0,7.0,-1
9,23,320,5,123,120,0,1.0,-20
9,23,250,46,176,170,-1,8.0,1
9,23,220,26,129,104,0,0.0,-5
9,23,340,26,161,150,0,8.0,-3
9,23,0,0,103,87,0,7.0,-5
9,23,100,10,80,68,0,0.0,-7
9,23,170,41,159,104,0,3.0,6
9,23,230,41,133,97,0,7.0,-3
9,23,230,51,164,153,0,8.0,1
9,23,210,26,175,120,0,7.0,-7
9,23,270,26,149,144,0,8.0,-6
9,23,270,21,96,91,0,6.0,1
9,23,200,51,95,84,0,1.0,-4
9,23,130,41,120,107,-1,8.0,0
9,23,200,41,126,112,0,6.0,-1
9,23,220,26,87,78,0,4.0,-11
9,23,210,46,117,93,-1,7.0,7
9,23,240,51,150,137,0,6.0,-3
9,23,220,41,120,104,0,7.0,0
9,23,250,26,106,77,0,5.0,9
9,23,230,21,69,54,0,0.0,3
9,23,180,41,143,85,0,4.0,-10
9,23,210,26,95,69,0,1.0,0
9,23,220,21,100,88,0,0.0,-5
9,23,170,15,138,108,0,7.0,-5
9,23,130,31,137,92,0,2.0,5
9,23,210,31,108,77,0,0.0,-8
9,23,140,31,103,72,0,6.0,3
9,23,220,41,128,102,1,7.0,0
9,23,200,21,120,106,0,2.0,-3
9,23,240,46,153,121,0,7.0,0
9,23,50,21,92,83,0,0.0,-2
9,23,100,36,125,107,0,1.0,2
9,23,170,36,155,124,0,8.0,-1
9,23,220,21,145,140,0,8.0,-3
9,23,130,15,139,128,0,7.0,0
9,23,90,21,162,144,0,8.0,0
9,23,160,26,138,110,0,2.0,-5
9,23,200,31,108,92,0,1.0,-10
9,23,180,15,136,120,0,7.0,6
9,23,130,41,146,116,0,2.0,-10
9,23,130,41,149,119,0,0.0,-2
9,23,110,31,166,137,0,2.0,-20
9,23,210,26,141,131,0,2.0,-12
9,23,260,10,147,122,0,8.0,-15
9,23,170,15,133,128,0,3.0,-14
9,23,280,10,97,91,0,1.0,-9
9,23,290,15,132,123,-1,8.0,1
9,23,300,46,117,111,1,7.0,2
9,23,280,31,114,98,0,7.0,0
9,23,0,0,71,62,0,0.0,-5
9,23,50,15,81,64,0,4.0,-3
9,23,120,31,155,115,0,8.0,-9
9,23,190,36,137,131,0,1.0,4
9,23,160,26,136,127,0,1.0,0
9,23,200,31,114,103,0,1.0,-16
9,23,300,15,82,78,0,2.0,2
9,23,100,57,141,130,1,7.0,0
9,23,110,21,105,99,0,6.0,1
9,23,240,46,136,128,1,6.0,-4
9,23,0,0,125,122,0,7.0,-8
9,23,350,15,114,111,10,8.0,-4
9,23,30,10,58,58,0,0.0,-20
9,23,70,26,75,51,0,3.0,-5
9,23,130,10,91,90,0,2.0,22
9,23,120,15,171,161,0,7.0,0
9,23,140,10,119,114,0,4.0,-4
9,23,360,21,148,148,-1,8.0,-3
9,23,20,26,103,103,0,2.0,5
9,23,20,46,115,98,-1,8.0,-3
9,23,250,26,113,111,-1,8.0,0
9,23,240,51,107,105,1,8.0,0
9,23,200,51,103,103,-1,8.0,0
9,23,190,31,76,75,0,0.0,5
9,23,140,31,99,90,0,8.0,-4
9,23,120,31,97,83,0,4.0,9
9,23,190,46,143,130,0,1.0,0
9,23,230,36,142,128,-1,8.0,1
9,23,200,21,134,125,0,7.0,9
9,23,250,31,155,132,0,6.0,0
9,23,190,26,103,87,0,2.0,1
9,23,240,10,109,107,0,2.0,-3
9,23,170,10,90,90,0,5.0,-3
9,23,190,31,113,107,23,7.0,-3
9,23,200,51,124,101,0,2.0,-12
9,23,220,41,106,92,0,3.0,-2
9,23,190,31,141,139,8,8.0,0
9,23,210,41,128,102,0,1.0,-6
9,23,90,10,97,96,0,3.0,-11
9,23,230,21,106,106,0,4.0,-10
9,23,260,41,119,113,1,8.0,-3
9,23,270,41,95,76,-1,2.0,-1
9,23,290,31,108,94,3,6.0,-7
9,23,280,21,112,107,0,7.0,8
9,23,160,31,101,77,0,7.0,0
9,23,60,26,112,110,3,8.0,-3
9,23,30,26,99,94,0,1.0,-1
9,23,60,36,112,88,0,2.0,-4
9,23,20,31,130,114,0,7.0,-10
9,23,990,10,137,134,0,6.0,-3
9,23,0,0,108,108,0,4.0,-4
9,23,350,26,138,135,0,7.0,-23
9,23,260,21,136,122,-1,8.0,-5
9,23,220,21,96,91,0,4.0,0
9,23,230,5,120,112,0,7.0,-4
9,23,230,10,118,107,0,7.0,5
9,23,290,21,122,111,0,7.0,2
9,23,190,31,135,135,-1,7.0,-2
9,23,210,21,96,88,0,1.0,2
9,23,210,21,118,116,0,4.0,-11
9,23,190,31,114,105,0,5.0,-1
9,23,130,36,134,98,0,8.0,3
9,23,130,57,155,135,0,3.0,-4
9,23,240,36,153,150,-1,7.0,-4
9,23,200,36,144,121,0,7.0,-1
9,23,120,26,161,148,1,8.0,-1
9,23,210,21,126,110,0,1.0,-17
9,23,150,5,135,126,0,6.0,-13
9,23,260,21,129,127,0,1.0,-7
9,23,150,15,133,108,0,6.0,3
9,23,130,15,101,101,0,1.0,-3
9,23,120,21,124,119,0,7.0,1
9,23,40,15,111,111,0,2.0,2
9,23,60,15,149,136,0,7.0,3
9,23,50,72,139,111,0,4.0,-18
9,23,340,26,120,115,-1,1.0,-24
9,23,280,5,116,116,0,7.0,-6
9,23,220,21,117,114,0,1.0,1
9,23,240,10,137,131,0,8.0,-8
9,23,270,26,112,110,16,8.0,1
9,23,230,36,120,87,0,4.0,6
9,23,200,21,112,112,11,8.0,1
9,23,270,46,97,59,0,1.0,-4
9,23,210,31,67,60,0,1.0,-4
9,23,270,21,91,86,20,7.0,-1
9,23,140,26,101,96,0,8.0,-1
9,23,990,10,85,81,0,4.0,-7
9,23,10,10,114,105,0,6.0,-10
9,23,30,30,118,110,0,2.0,-1
9,23,20,20,142,110,0,7.0,-3
9,23,30,30,94,82,0,0.0,-9
9,23,10,20,96,88,0,0.0,-9
9,23,30,20,85,65,0,2.0,-14
9,23,340,10,87,84,0,1.0,-10
9,23,310,30,108,106,0,0.0,-1
9,23,320,30,121,115,0,5.0,-17
9,23,210,30,115,104,-1,8.0,3
9,23,300,40,86,69,0,2.0,-11
9,23,310,40,109,100,0,2.0,-13
9,23,290,30,117,108,0,7.0,3
9,23,350,10,80,80,0,2.0,-20
9,23,60,20,73,59,0,0.0,0
9,23,50,30,63,43,0,1.0,18
9,23,70,70,103,66,0,1.0,-5
9,23,60,40,105,81,0,1.0,-1
9,23,70,50,127,88,0,8.0,-3
9,23,50,30,96,72,0,8.0,-1
9,23,40,20,92,91,0,8.0,1
9,23,250,10,102,102,0,8.0,-1
9,23,990,10,60,59,0,0.0,-10
9,23,160,10,92,89,0,6.0,-2
9,23,190,50,137,116,1,8.0,-5
9,23,230,20,123,115,0,6.0,3
9,23,200,50,128,109,0,8.0,-2
9,23,230,70,191,148,0,8.0,-16
9,23,330,40,111,106,2,8.0,-4
9,23,360,30,153,150,18,8.0,-1
9,23,210,10,129,129,0,6.0,-9
9,23,140,10,165,150,-1,8.0,-2
9,23,230,10,167,162,0,7.0,-1
9,23,260,10,113,111,0,1.0,4
9,23,220,30,132,109,0,6.0,5
9,23,220,20,129,127,0,0.0,0
9,23,210,20,140,132,0,5.0,4
9,23,330,10,120,97,0,7.0,4
9,23,0,0,89,88,0,0.0,-12
9,23,200,30,146,119,0,4.0,0
9,23,220,30,139,126,0,2.0,-6
9,23,230,30,109,78,0,3.0,-4
9,23,200,30,93,73,0,1.0,-1
9,23,200,30,113,87,0,5.0,-10
9,23,210,30,141,105,0,5.0,-10
9,23,70,10,117,117,0,0.0,-4
9,23,30,20,108,108,0,3.0,1
9,23,50,30,79,59,0,1.0,-19
9,23,40,30,59,47,0,1.0,-6
9,23,30,20,72,61,0,1.0,-3
9,23,20,30,85,74,0,0.0,4
9,23,10,10,128,112,0,7.0,-13
9,23,70,20,128,96,0,3.0,-21
9,23,20,30,90,84,0,0.0,4
9,23,50,20,107,107,0,0.0,0
9,23,30,10,62,62,0,2.0,7
9,23,300,10,66,66,0,6.0,-8
9,23,190,20,131,128,0,7.0,-1
9,23,230,20,162,162,-1,8.0,3
9,23,120,40,146,134,-1,8.0,-9
9,23,130,40,180,180,1,8.0,-2
9,23,280,40,155,151,2,8.0,-1
9,23,90,30,166,155,0,8.0,2
9,23,200,40,154,152,7,8.0,2
9,23,140,30,152,151,-1,8.0,1
9,23,170,40,162,161,5,7.0,-2
9,23,210,40,157,142,0,4.0,-6
9,23,200,50,158,148,0,1.0,0
9,23,220,40,145,123,0,1.0,-12
9,23,320,20,124,122,2,8.0,-3
9,23,990,10,84,78,0,4.0,-3
9,23,320,20,98,98,11,7.0,-1
9,23,290,100,129,121,19,8.0,2
9,23,230,30,147,144,-1,7.0,7
9,23,270,70,120,97,4,7.0,-1
9,23,290,20,115,100,0,7.0,-9
9,23,220,20,147,126,0,6.0,-6
9,23,20,20,139,139,0,9.0,1
9,23,50,20,122,122,0,0.0,-4
9,23,70,30,122,111,0,1.0,-7
9,23,80,30,110,108,0,0.0,-6
9,23,70,20,117,109,0,1.0,-10
9,23,150,20,153,137,0,8.0,-10
9,23,120,40,164,128,0,7.0,-13
9,23,180,60,154,145,1,8.0,-3
9,23,30,20,120,120,0,4.0,-4
9,23,250,10,138,138,0,5.0,-10
9,23,120,30,136,134,0,5.0,-3
9,23,140,40,124,121,0,1.0,-6
9,23,0,0,135,131,0,3.0,-14
9,23,80,30,153,117,0,2.0,-1
9,23,70,20,143,112,0,1.0,-3
9,23,360,20,160,152,0,0.0,-2
9,23,110,10,143,121,0,1.0,8
9,23,990,10,153,146,0,0.0,0
9,23,200,20,153,144,0,3.0,5
9,23,140,30,163,144,0,0.0,-3
9,23,20,30,147,137,0,5.0,-5
9,23,990,10,166,159,0,2.0,-4
9,23,170,20,189,137,0,3.0,-5
9,23,100,10,171,160,0,4.0,-4
9,23,340,40,175,159,0,8.0,0
9,23,0,0,157,154,0,1.0,3
9,23,210,20,132,127,0,5.0,-8
9,23,180,60,153,118,0,7.0,-2
9,23,180,30,117,111,0,3.0,-8
9,23,90,20,122,112,0,7.0,4
9,23,50,30,176,153,-1,8.0,2
9,23,170,50,150,114,0,7.0,-13
9,23,180,50,149,137,2,7.0,-4
9,23,180,40,169,156,0,6.0,-3
9,23,200,30,161,147,6,7.0,-6
9,23,180,20,141,135,5,6.0,-4
9,23,180,50,161,141,0,7.0,-1
9,23,200,30,117,102,0,3.0,-3
9,23,190,50,144,133,0,7.0,-3
9,23,200,40,147,118,0,8.0,1
9,23,210,60,163,142,0,6.0,-10
9,23,230,30,127,117,20,7.0,4
9,23,200,50,138,121,1,7.0,-6
9,23,290,30,130,122,0,4.0,0
9,23,310,20,135,121,0,7.0,-4
9,23,990,10,126,112,0,7.0,-11
9,23,190,30,134,111,0,7.0,-4
9,23,300,70,139,110,-1,7.0,8
9,23,200,50,153,115,0,8.0,0
9,23,220,30,181,167,-1,8.0,-2
9,23,340,10,130,127,0,4.0,-2
9,23,990,10,163,160,0,1.0,-18
9,23,0,0,155,147,0,7.0,8
9,23,210,30,137,132,0,1.0,1
9,23,990,10,134,129,0,7.0,1
9,23,160,10,132,125,0,5.0,1
9,23,160,20,152,149,-1,8.0,9
9,23,320,20,149,143,-1,6.0,-10
9,23,200,20,130,124,0,6.0,-2
9,23,140,40,146,121,0,5.0,0
9,23,130,60,172,136,-1,7.0,-1
9,23,250,10,110,107,0,7.0,-5
9,23,130,40,119,112,0,3.0,-5
9,23,160,20,169,147,0,7.0,-4
9,23,110,40,129,95,0,3.0,-3
9,23,240,20,146,132,6,8.0,-4
9,23,130,20,139,123,-1,8.0,0
9,23,190,30,166,149,0,6.0,-6
9,23,180,60,155,115,0,8.0,4
9,23,170,40,161,138,0,7.0,-3
9,23,360,10,152,145,0,7.0,3
9,23,200,10,137,134,3,8.0,-5
9,23,210,10,92,86,0,3.0,10
9,23,230,30,172,168,-1,8.0,-2
9,23,250,20,131,123,0,7.0,1
9,23,300,60,130,122,-1,7.0,-2
9,23,200,30,127,123,-1,8.0,2
9,23,290,30,139,129,0,6.0,-4
9,23,260,50,165,147,-1,8.0,4
9,23,230,30,88,73,16,3.0,8
9,23,310,30,107,94,5,6.0,-3
9,23,250,30,110,89,0,7.0,2
9,23,280,40,141,118,0,7.0,-2
9,23,210,50,138,125,1,8.0,2
9,23,990,10,103,98,-1,7.0,-3
9,23,200,30,111,107,0,3.0,7
9,23,230,30,102,91,4,5.0,5
9,23,280,20,79,73,0,2.0,-6
9,23,110,30,95,88,0,1.0,-3
9,23,200,40,109,95,0,5.0,-2
9,23,310,40,118,112,-1,8.0,0
9,23,260,40,120,102,-1,7.0,-2
9,23,260,20,87,80,0,1.0,-3
9,23,250,30,111,95,0,7.0,3
9,23,50,30,109,102,0,8.0,-4
9,23,340,10,69,66,0,5.0,5
9,23,180,20,73,71,0,5.0,18
9,23,160,40,127,122,15,8.0,0
9,23,210,30,140,132,0,2.0,-5
9,23,990,10,112,105,0,4.0,1
9,23,230,20,156,152,4,8.0,1
9,23,170,70,157,141,-1,8.0,2
9,23,30,30,118,103,0,,16
9,23,80,20,137,101,0,,-17
9,23,30,20,107,97,0,,6
9,23,0,0,135,126,0,,0
9,23,220,20,142,129,0,,-4
9,23,190,30,144,128,0,,0
9,23,190,20,146,143,0,,8
9,23,110,20,161,159,0,,-5
9,23,990,10,121,102,0,,2
9,23,0,0,133,127,0,,3
9,23,30,30,122,119,0,,-2
9,23,60,20,119,88,0,,-15
9,23,20,30,130,116,0,,0
9,23,350,40,162,124,0,,-10
9,23,0,0,97,89,0,,-9
9,23,330,10,108,98,0,,-16
9,23,300,10,142,128,0,,-2
9,23,990,10,136,115,0,,-2
9,23,360,20,128,112,0,,4
9,23,350,10,130,101,0,,-5
9,23,250,20,124,113,0,,-1
9,23,340,30,117,99,0,,4
9,23,20,30,71,50,0,,1
9,23,290,10,56,45,0,,-6
9,23,220,20,121,100,0,,1
9,23,300,30,120,114,0,,2
9,23,10,20,95,92,0,,-1
9,23,100,10,137,116,0,,-3
9,23,130,30,102,84,0,,-8
9,23,140,20,91,82,0,,-10
9,23,280,20,114,97,0,3.0,-29
9,23,0,0,80,74,0,1.0,-8
9,23,30,10,111,105,0,0.0,-5
9,23,80,20,133,101,0,1.0,-7
9,23,220,30,191,130,0,8.0,-7
9,23,220,20,139,138,0,2.0,-8
9,23,30,10,131,117,0,3.0,-24
9,23,0,0,90,85,0,1.0,-6
9,23,230,20,110,105,0,8.0,4
9,23,260,20,109,108,0,1.0,-5
9,23,240,20,123,112,0,8.0,-13
9,23,340,20,117,108,0,4.0,-9
9,23,30,10,83,76,0,1.0,-4
9,23,30,10,106,93,0,2.0,-9
9,23,0,0,123,116,0,1.0,-9
9,23,190,10,113,111,0,8.0,-5
9,23,170,10,124,108,0,1.0,-3
9,23,250,20,161,151,0,1.0,-17
9,23,190,20,171,133,0,0.0,-26
9,23,210,40,196,97,0,0.0,-16
9,23,180,30,179,138,0,1.0,8
9,23,320,50,113,102,7,8.0,-3
9,23,270,10,63,57,0,5.0,0
9,23,0,0,48,42,0,1.0,-5
9,23,180,10,86,54,0,1.0,5
9,23,230,20,126,105,0,8.0,-1
9,23,100,20,104,84,0,8.0,1
9,23,300,60,127,118,-1,8.0,0
9,23,180,20,81,79,0,1.0,-11
9,23,90,30,100,80,0,1.0,4
9,23,50,10,109,102,0,0.0,-6
9,23,30,10,133,114,0,0.0,-6
9,23,130,20,189,150,0,7.0,-4
9,23,20,20,155,136,0,0.0,-3
9,23,80,10,169,162,0,0.0,-1
9,23,40,50,174,157,0,0.0,-7
9,23,40,50,143,110,0,0.0,-17
9,23,60,30,144,120,0,0.0,-16
9,23,110,30,147,95,0,0.0,-6
9,23,140,10,168,168,0,5.0,-11
9,23,210,50,162,150,-1,8.0,-8
9,23,200,40,142,105,0,7.0,0
9,23,210,50,122,111,0,0.0,-3
9,23,230,40,136,107,0,0.0,-8
9,23,250,20,73,67,0,0.0,-12
9,23,170,40,115,69,0,0.0,-13
9,23,190,40,147,92,0,8.0,-4
9,23,210,20,155,148,11,8.0,2
9,23,200,40,107,88,0,0.0,4
9,23,260,70,146,108,0,7.0,-8
9,23,280,40,130,80,1,8.0,-8
9,23,0,0,127,124,12,8.0,4
9,23,270,20,110,98,-1,8.0,-1
9,23,290,30,113,101,0,8.0,-1
9,23,250,30,119,117,5,8.0,2
9,23,210,30,134,118,0,8.0,5
9,23,220,20,148,138,0,8.0,2
9,23,230,30,135,130,22,8.0,3
9,23,190,10,53,51,0,0.0,-4
9,23,190,30,134,121,0,8.0,-1
9,23,230,20,163,152,0,0.0,-11
9,23,30,10,155,141,0,0.0,-4
9,23,90,40,167,118,0,0.0,-8
9,23,120,30,178,132,0,0.0,-7
9,23,290,20,169,156,0,0.0,-3
9,23,190,10,165,150,0,1.0,-12
9,23,190,20,158,144,0,0.0,-8
9,23,20,20,173,148,0,0.0,-1
9,23,210,50,178,171,233,8.0,-2
9,23,320,10,170,164,3,8.0,-4
9,23,20,40,169,153,0,8.0,-1
9,23,360,10,117,108,0,0.0,-3
9,23,200,20,125,115,0,0.0,2
9,23,230,30,177,169,0,8.0,0
9,23,240,50,177,163,-1,8.0,1
9,23,310,20,64,53,0,0.0,2
9,23,0,0,55,50,0,0.0,-3
9,23,0,0,67,57,0,0.0,-3
9,23,220,10,69,63,0,0.0,-6
9,23,10,10,105,100,0,0.0,1
9,23,0,0,89,81,0,0.0,-3
9,23,30,10,93,84,0,0.0,-11
9,23,220,20,149,114,-1,7.0,6
9,23,140,30,137,115,0,3.0,-18
9,23,210,30,125,117,0,0.0,-8
9,23,180,40,129,108,0,8.0,-1
9,23,210,30,127,121,0,0.0,-3
9,23,200,50,108,80,0,7.0,9
9,23,210,30,103,92,0,8.0,-3
9,23,200,50,135,129,-1,8.0,5
9,23,290,20,166,152,0,7.0,-21
9,23,220,60,194,142,0,8.0,-4
9,23,250,40,179,165,0,5.0,-2
9,23,170,10,134,128,0,2.0,-6
9,23,180,20,182,157,0,8.0,-18
9,23,200,10,167,159,0,0.0,-4
9,23,300,20,114,105,0,,3
9,23,40,20,103,82,0,0.0,-10
9,23,70,20,122,92,0,0.0,-2
9,23,70,10,131,123,0,0.0,-1
9,23,60,10,148,142,0,0.0,-3
9,23,170,20,181,149,0,0.0,9
9,23,130,30,198,163,0,0.0,-1
9,23,20,20,191,159,0,8.0,-4
9,23,30,20,170,141,0,3.0,1
9,23,280,20,189,169,0,0.0,-4
9,23,310,30,170,139,0,8.0,-19
9,23,200,30,124,100,0,5.0,-7
9,23,210,30,113,94,0,0.0,-3
9,23,150,30,124,104,0,0.0,-4
9,23,140,40,176,143,0,0.0,-7
9,23,130,10,178,140,-1,8.0,-10
9,23,130,20,183,161,-1,8.0,0
9,23,210,20,177,163,0,8.0,-12
9,23,220,30,164,148,0,8.0,-4
9,23,210,10,102,99,0,0.0,0
9,23,180,30,131,117,0,7.0,4
9,23,180,20,142,123,0,8.0,-2
9,23,190,40,181,144,0,8.0,-3
9,23,160,20,133,110,0,8.0,9
9,23,210,20,141,127,0,8.0,6
9,23,230,40,158,148,1,8.0,-2
9,23,270,20,111,104,0,7.0,2
9,23,0,0,64,59,0,1.0,0
9,23,260,20,142,142,-1,8.0,-3
9,23,360,40,164,148,0,8.0,-5
9,23,250,10,108,107,0,0.0,-10
9,23,280,20,156,148,0,8.0,-1
9,23,230,20,120,109,0,8.0,2
9,23,320,40,126,111,-1,7.0,-3
9,23,290,10,90,88,0,0.0,-2
9,23,0,0,113,111,0,6.0,8
9,23,0,0,85,82,0,0.0,-12
9,23,270,10,110,103,0,0.0,-24
9,23,170,10,100,88,0,0.0,-5
9,23,240,30,154,136,0,3.0,-6
9,23,260,20,115,112,2,8.0,-1
9,23,210,30,72,50,0,8.0,-7
9,23,220,40,126,100,0,2.0,6
9,23,210,30,150,115,0,7.0,-2
9,23,200,20,114,94,0,6.0,-5
9,23,90,10,99,97,0,1.0,-3
9,23,180,20,139,130,0,0.0,-6
9,23,210,40,106,85,0,0.0,-3
9,23,200,20,99,95,1,8.0,-5
9,23,10,20,84,70,0,7.0,2
9,23,20,70,125,98,0,8.0,-4
9,23,260,10,114,113,0,7.0,6
9,23,250,30,119,107,-1,8.0,-3
9,23,40,20,83,76,0,0.0,1
9,23,160,20,131,114,0,0.0,-4
9,23,200,30,105,99,0,0.0,2
9,23,200,50,126,110,0,1.0,-3
9,23,200,40,145,110,0,8.0,-5
9,23,160,40,167,145,0,0.0,2
9,23,170,50,149,122,0,1.0,-4
9,23,220,30,144,132,0,8.0,1
9,23,110,10,108,106,0,1.0,-12
9,23,220,30,185,168,0,8.0,-9
9,23,140,30,166,146,0,6.0,1
9,23,340,30,169,157,0,1.0,-1
9,23,280,10,98,95,0,1.0,-7
9,23,50,30,82,57,0,0.0,-10
9,23,30,20,83,68,0,0.0,-2
9,23,70,10,106,82,0,8.0,-3
9,23,40,30,115,97,0,8.0,-2
9,23,40,20,85,77,0,0.0,-7
9,23,10,10,61,51,0,0.0,-5
9,23,20,20,62,49,0,0.0,3
9,23,30,10,73,67,0,0.0,-9
9,23,20,20,123,112,0,8.0,-11
9,23,10,20,117,90,0,8.0,2
9,23,40,50,125,117,-1,7.0,-1
9,23,30,30,98,90,0,1.0,-12
9,23,70,20,81,72,0,0.0,-3
9,23,60,10,78,66,0,0.0,-13
9,23,180,10,62,58,0,0.0,-10
9,23,210,10,79,77,0,5.0,1
9,23,220,40,98,73,0,7.0,-4
9,23,230,50,124,115,-1,8.0,5
9,23,230,30,147,121,0,0.0,-7
9,23,170,40,157,126,2,8.0,-9
9,23,220,60,130,102,0,0.0,0
9,23,230,30,129,114,1,8.0,3
9,23,230,30,135,100,0,8.0,2
9,23,190,20,118,108,0,8.0,-1
9,23,180,10,126,118,0,0.0,-8
9,23,200,10,155,126,0,0.0,5
9,23,20,40,149,125,0,8.0,-8
9,23,20,40,122,108,0,8.0,-6
9,23,10,30,127,111,0,7.0,6
9,23,300,10,111,104,0,0.0,-35
9,23,350,30,128,117,0,0.0,-3
9,23,50,40,130,114,-1,5.0,3
9,23,50,40,152,140,0,8.0,0
9,23,40,70,129,101,0,4.0,-4
9,23,30,30,91,81,0,0.0,0
9,23,60,10,136,117,0,1.0,-7
9,23,0,0,132,129,0,2.0,-1
9,23,10,20,117,111,0,0.0,-4
9,23,190,10,90,82,0,0.0,12
9,23,210,30,126,115,0,0.0,-1
9,23,220,20,155,153,-1,8.0,-1
9,23,200,10,72,66,0,0.0,-4
9,23,0,0,77,73,0,0.0,-8
9,23,0,0,86,79,0,0.0,-7
9,23,300,10,84,80,0,0.0,-7
9,23,220,30,128,114,0,6.0,6
9,23,230,10,133,130,0,6.0,2
9,23,230,20,141,134,0,8.0,2
9,23,40,20,106,97,0,0.0,-2
9,23,360,10,118,105,0,1.0,-4
9,23,330,10,99,92,0,0.0,-6
9,23,30,10,104,94,0,0.0,-1
9,23,100,30,124,85,0,0.0,-3
9,23,120,60,162,64,0,8.0,-6
9,23,90,30,132,118,0,8.0,-3
9,23,320,20,153,151,-1,8.0,-5
9,23,190,20,125,122,0,1.0,4
9,23,180,30,142,132,0,4.0,9
9,23,230,10,151,143,-1,8.0,-6
9,23,250,20,111,103,0,0.0,-2
9,23,220,50,152,116,-1,8.0,0
9,23,270,30,130,121,9,8.0,3
9,23,270,50,125,112,56,8.0,-16
9,23,270,20,114,105,0,8.0,-4
9,23,240,20,100,84,0,8.0,1
9,23,220,20,73,63,0,0.0,-4
9,23,210,20,122,102,0,8.0,-6
9,23,240,20,136,122,0,0.0,-8
9,23,110,20,131,125,0,0.0,-7
9,23,170,20,137,127,0,0.0,0
9,23,990,10,143,135,2,8.0,1
9,23,340,60,123,103,-1,7.0,-10
9,23,250,30,96,90,5,8.0,-4
9,23,30,10,62,58,0,3.0,-8
9,23,250,10,106,100,0,8.0,0
9,23,30,20,105,102,0,8.0,5
9,23,110,30,104,75,0,7.0,-5
9,23,200,20,78,74,0,8.0,9
9,23,60,20,109,87,0,0.0,5
9,23,0,0,155,149,0,1.0,-1
9,23,150,30,220,175,-1,8.0,-30
9,23,260,40,148,137,-1,8.0,-14
9,23,210,50,149,99,-1,8.0,4
9,23,220,80,156,145,21,8.0,-6
9,23,240,60,138,115,-1,8.0,-2
9,23,220,30,149,142,0,8.0,0
9,23,190,20,162,158,0,0.0,-4
9,23,250,20,183,163,0,3.0,1
9,23,210,40,141,126,0,7.0,0
9,23,250,50,156,119,0,8.0,-1
9,23,240,40,137,106,0,1.0,-2
9,23,220,20,123,104,0,7.0,-9
9,23,60,30,110,89,0,0.0,-15
9,23,220,30,163,132,0,1.0,-15
9,23,200,20,118,108,11,8.0,-4
9,23,180,10,82,79,0,7.0,-17
9,23,210,30,107,90,0,0.0,0
9,23,190,40,151,117,0,8.0,-2
9,23,240,30,135,108,0,0.0,-6
9,23,210,20,116,94,0,8.0,-3
9,23,160,10,88,85,0,0.0,-7
9,23,0,0,99,95,0,1.0,-7
9,23,190,20,145,138,0,6.0,-6
9,23,0,0,139,135,0,7.0,-3
9,23,50,10,124,121,0,1.0,-9
9,23,110,30,176,152,0,0.0,-10
9,23,140,20,158,128,0,0.0,-5
9,23,210,10,124,119,0,0.0,-1
9,23,190,20,118,81,0,8.0,2
9,23,190,10,153,139,0,8.0,1
9,23,320,10,133,129,0,0.0,-15
9,23,340,10,149,140,0,3.0,9
9,23,350,20,127,94,0,8.0,-25
9,23,220,20,99,89,0,0.0,14
9,23,200,10,124,112,0,0.0,-5
9,23,80,10,128,119,0,0.0,-7
9,23,220,20,175,102,0,0.0,-16
9,23,180,10,148,143,0,7.0,6
9,23,210,30,116,95,0,8.0,0
9,23,200,30,115,101,1,7.0,-1
9,23,210,30,111,88,0,7.0,-5
9,23,220,20,125,107,0,8.0,3
9,23,240,10,83,80,0,0.0,2
9,23,220,20,135,124,0,0.0,-8
9,23,250,30,160,114,0,8.0,-20
9,23,240,20,92,79,22,7.0,-6
9,23,230,20,80,70,0,1.0,9
9,23,200,20,90,60,0,6.0,-6
9,23,240,20,99,72,0,8.0,4
9,23,90,10,57,53,0,8.0,-1
9,23,100,60,104,88,-1,8.0,-2
9,23,200,40,127,120,21,8.0,4
9,23,150,40,129,107,0,8.0,2
9,23,180,30,115,101,-1,8.0,4
9,23,210,20,97,91,0,1.0,-2
9,23,210,40,127,91,0,7.0,-3
9,23,220,30,101,66,0,8.0,-12
9,23,190,30,80,70,0,0.0,5
9,23,230,30,147,104,0,8.0,-1
9,23,230,20,139,129,0,0.0,3
9,23,350,10,137,131,0,0.0,4
9,23,90,30,183,149,0,0.0,-8
9,23,180,20,194,147,0,0.0,1
9,23,0,0,165,153,2,7.0,-1
9,23,110,10,139,128,0,8.0,2
9,23,40,20,118,110,6,8.0,2
9,23,340,30,104,94,6,6.0,-10
9,23,250,50,133,125,5,8.0,0
9,23,330,30,136,128,11,8.0,-1
9,23,250,20,124,121,0,1.0,-5
9,23,200,40,158,153,2,8.0,3
9,23,270,10,87,82,0,1.0,-4
9,23,210,70,125,115,4,8.0,3
9,23,210,40,82,64,0,2.0,5
9,23,170,10,106,103,0,8.0,2
9,23,210,30,95,86,0,7.0,1
9,23,260,30,131,122,0,8.0,-1
9,23,210,20,75,71,0,2.0,1
9,23,210,20,138,113,0,8.0,-2
9,23,280,30,155,148,0,8.0,-1
9,23,0,0,109,106,0,5.0,-6
9,23,70,10,125,120,0,1.0,-8
9,23,310,20,134,129,0,5.0,-4
9,23,40,10,64,59,0,0.0,-11
9,23,70,20,78,48,0,2.0,1
9,23,70,50,107,63,0,0.0,-6
9,23,90,50,103,50,0,0.0,-3
9,23,80,30,93,59,0,6.0,-11
9,23,300,10,145,136,0,8.0,4
9,23,40,20,139,136,0,0.0,-5
9,23,70,30,154,126,0,3.0,8
9,23,0,0,183,168,0,8.0,-2
9,23,330,10,148,145,0,7.0,-1
9,23,280,10,126,126,0,1.0,-4
9,23,350,10,124,121,0,1.0,11
9,23,290,10,99,96,0,0.0,-4
9,23,340,10,111,106,0,8.0,17
9,23,340,10,105,96,0,0.0,0
9,23,20,30,113,99,0,0.0,-2
9,23,10,30,136,128,0,0.0,-2
9,23,20,30,134,129,0,0.0,4
9,23,30,10,119,116,0,5.0,6
9,23,50,20,151,148,0,0.0,-17
9,23,30,10,132,129,0,1.0,-2
9,23,50,20,151,140,0,0.0,-3
9,23,110,10,159,156,0,7.0,3
9,23,280,10,161,158,0,3.0,-17
9,23,340,20,170,149,0,8.0,-7
9,23,310,40,127,106,0,5.0,-18
9,23,260,10,56,50,0,5.0,12
9,23,190,20,101,81,0,8.0,8
9,23,250,30,110,106,0,2.0,-1
9,23,220,30,144,112,0,8.0,-8
9,23,990,10,148,148,0,8.0,-5
9,23,80,10,107,102,0,0.0,2
9,23,180,20,151,141,0,8.0,-5
9,23,200,20,163,158,-1,8.0,0
9,23,230,20,151,147,8,8.0,-24
9,23,250,20,110,103,0,0.0,-3
9,23,990,10,105,102,0,3.0,-1
9,23,210,20,107,94,0,1.0,-5
9,23,240,30,132,128,96,8.0,1
9,23,230,20,96,86,-1,1.0,9
9,23,250,20,122,114,-1,8.0,-1
9,23,360,30,138,119,0,8.0,-4
9,23,30,20,129,115,0,8.0,0
9,23,80,20,110,80,0,0.0,-20
9,23,70,30,118,95,0,0.0,1
9,23,110,30,129,100,0,2.0,1
9,23,220,20,150,144,7,8.0,-2
9,23,210,40,145,131,0,8.0,-6
9,23,200,60,107,83,0,0.0,-4
9,23,160,30,119,81,0,8.0,-2
9,23,190,80,156,116,0,8.0,0
9,23,210,30,113,103,0,0.0,-5
9,23,180,20,120,117,0,7.0,2
9,23,280,10,90,85,0,1.0,-12
9,23,230,20,101,82,0,0.0,4
9,23,180,60,125,117,1,8.0,0
9,23,240,20,110,107,0,8.0,4
9,23,200,40,112,98,0,8.0,-1
9,23,220,30,115,112,0,7.0,-1
9,23,0,0,69,65,0,1.0,-8
9,23,30,30,80,75,0,0.0,-9
9,23,30,30,90,85,0,0.0,-3
9,23,60,30,92,76,0,0.0,-14
9,23,50,20,91,64,0,0.0,-9
9,23,40,30,85,64,0,0.0,8
9,23,170,10,118,112,0,8.0,-2
9,23,210,20,142,126,0,8.0,-3
9,23,220,20,183,139,-1,8.0,1
9,23,250,20,156,151,1,8.0,-6
9,23,210,10,132,129,0,0.0,3
9,23,70,10,150,147,0,6.0,-6
9,23,110,10,178,124,0,0.0,-28
9,23,230,20,154,129,0,0.0,-10
9,23,170,10,136,120,0,0.0,2
9,23,180,20,160,127,0,8.0,8
9,23,0,0,176,170,0,1.0,3
9,23,80,10,181,158,0,0.0,-3
9,23,120,30,227,160,0,0.0,-33
9,23,30,20,194,157,0,0.0,-14
9,23,210,20,162,156,-1,8.0,-6
9,23,160,30,154,127,0,8.0,0
9,23,340,40,173,155,0,8.0,-3
9,23,340,20,154,123,0,8.0,-9
9,23,340,10,104,99,0,1.0,5
9,23,120,10,92,88,0,0.0,5
9,23,140,20,120,91,0,8.0,-25
9,23,220,20,143,117,0,0.0,-11
9,23,130,20,109,86,0,8.0,4
9,23,140,30,141,86,0,8.0,-8
9,23,200,20,114,98,0,0.0,-7
9,23,220,10,85,82,0,0.0,-11
9,23,220,30,167,87,0,8.0,-3
9,23,210,40,177,118,0,1.0,-7
9,23,220,30,138,129,0,8.0,-1
9,23,180,20,130,102,0,8.0,-1
9,23,30,20,135,112,-1,8.0,4
9,23,0,0,93,89,0,0.0,-5
9,23,0,0,102,93,0,8.0,12
9,23,180,30,161,155,0,8.0,2
9,23,180,20,164,150,0,6.0,7
9,23,230,20,140,110,0,8.0,1
9,23,200,50,150,124,0,8.0,2
9,23,200,40,139,123,0,8.0,-1
9,23,190,30,104,98,0,1.0,-3
9,23,200,90,148,125,-1,8.0,-3
9,23,210,50,131,121,16,8.0,-3
9,23,180,80,137,103,-1,8.0,0
9,23,230,30,119,106,2,8.0,0
9,23,220,30,97,91,0,8.0,-2
9,23,210,30,96,77,0,8.0,1
9,23,130,10,83,79,0,7.0,-14
9,23,200,20,106,91,0,8.0,0
9,23,240,20,101,95,0,6.0,3
9,23,200,10,103,98,0,8.0,10
9,23,180,30,120,98,0,6.0,1
9,23,0,0,92,87,0,7.0,-8
9,23,180,10,67,64,0,0.0,-7
9,23,10,10,71,66,0,0.0,-7
9,23,80,30,110,97,0,0.0,4
9,23,40,20,119,115,0,8.0,0
9,23,0,0,105,102,0,4.0,-20
9,23,130,30,148,113,0,8.0,0
9,23,180,30,137,133,0,5.0,13
9,23,260,10,168,161,7,8.0,-5
9,23,180,30,109,99,0,8.0,-6
9,23,20,30,107,84,0,0.0,-3
9,23,20,30,155,106,0,8.0,3
9,23,350,30,183,176,0,8.0,-3
9,23,350,20,192,184,0,0.0,-15
9,23,10,50,175,168,17,8.0,-7
9,23,230,10,128,123,0,8.0,3
9,23,210,30,131,82,0,7.0,-11
9,23,190,30,141,106,0,8.0,1
9,23,230,20,167,136,0,8.0,-1
9,23,200,30,146,114,0,8.0,-6
9,23,260,30,181,152,0,8.0,-2
9,23,40,20,133,124,1,8.0,-2
9,23,0,0,80,76,0,4.0,4
9,23,220,30,142,98,0,8.0,-1
9,23,160,10,94,91,0,8.0,-3
9,23,190,10,91,85,0,3.0,9
9,23,150,20,146,73,0,7.0,6
9,23,180,30,145,123,0,7.0,3
9,23,200,30,176,132,0,8.0,-18
9,23,190,60,200,128,0,8.0,-4
9,23,260,30,118,100,10,7.0,-1
9,23,160,30,104,100,2,8.0,-1
9,23,290,40,88,72,-1,7.0,-2
9,23,240,10,59,52,0,5.0,4
9,23,0,0,67,47,0,7.0,-11
9,23,990,10,86,64,0,0.0,-1
9,23,200,10,81,71,0,0.0,-4
9,23,30,10,56,52,0,1.0,-4
9,23,0,0,43,40,0,8.0,-12
9,23,230,10,103,89,-1,8.0,-5
9,23,220,10,128,92,-1,8.0,-9
9,23,200,30,143,90,0,8.0,-5
9,23,200,30,156,130,0,7.0,-3
9,23,210,30,120,102,0,0.0,3
9,23,250,10,67,58,0,0.0,2
9,23,220,30,139,118,0,8.0,1
9,23,290,20,115,103,0,7.0,-2
9,23,130,10,76,70,0,0.0,-1
9,23,0,0,73,61,0,8.0,-6
9,23,220,10,89,80,0,0.0,-1
9,23,210,30,172,165,0,8.0,-1
9,23,240,40,184,147,0,8.0,-1
9,23,20,30,122,110,0,7.0,-12
9,23,210,10,85,70,0,0.0,-4
9,23,220,10,138,131,0,8.0,-4
9,23,340,10,138,119,0,8.0,-5
9,23,260,10,63,49,0,2.0,-5
9,23,290,10,68,60,0,1.0,-2
9,23,110,10,80,70,0,0.0,-3
9,23,90,30,105,57,0,0.0,-7
9,23,120,40,166,43,0,0.0,-9
9,23,200,30,158,154,1,8.0,1
9,23,150,20,139,113,0,8.0,6
9,23,190,30,137,133,0,7.0,-3
9,23,200,40,152,140,0,8.0,-1
9,23,200,40,140,134,-1,7.0,-2
9,23,210,50,150,116,0,4.0,-1
9,23,210,50,150,114,0,8.0,-5
9,23,290,110,153,138,2,8.0,-9
9,23,180,40,137,130,11,8.0,1
9,23,20,20,126,103,0,8.0,0
9,23,170,10,107,101,0,8.0,2
9,23,230,50,190,170,-1,8.0,-7
9,23,200,30,136,109,0,8.0,3
9,23,200,20,116,88,0,6.0,-6
9,23,200,10,91,82,0,0.0,7
9,23,200,30,141,120,0,8.0,-3
9,23,200,30,176,160,0,8.0,2
9,23,320,10,130,116,0,7.0,-18
9,23,0,0,91,72,0,8.0,-3
9,23,230,10,94,91,0,1.0,-7
9,23,190,20,125,119,0,8.0,8
9,23,0,0,120,114,0,1.0,1
9,23,0,0,172,149,0,8.0,-16
9,23,250,10,178,154,0,3.0,0
9,23,20,50,142,115,0,1.0,-12
9,23,60,40,122,52,0,7.0,-4
9,23,60,30,137,65,0,0.0,-19
9,23,30,20,140,77,0,0.0,-9
9,23,20,20,100,71,0,0.0,12
9,23,290,10,108,93,0,0.0,-6
9,23,190,20,121,92,0,2.0,8
9,23,190,70,161,151,5,8.0,-10
9,23,200,50,125,107,2,8.0,-6
9,23,270,40,113,104,11,5.0,-10
9,23,320,50,122,111,33,8.0,1
9,23,240,10,124,112,0,8.0,0
9,23,170,10,123,121,1,8.0,1
9,23,190,20,144,141,0,8.0,-12
9,23,140,40,154,136,0,8.0,1
9,23,990,5,156,108,0,0.0,-5
9,23,330,15,155,150,0,0.0,-11
9,23,30,10,161,104,0,0.0,-5
9,23,30,36,156,140,0,0.0,-18
9,23,330,31,171,146,0,8.0,-9
9,23,260,10,84,72,0,5.0,20
9,23,300,15,147,126,0,7.0,-2
9,23,0,0,96,91,0,0.0,-11
9,23,10,10,113,100,0,0.0,-8
9,23,990,5,141,120,0,5.0,-1
9,23,990,10,87,67,0,0.0,-9
9,23,20,15,85,63,0,0.0,-9
9,23,160,5,80,53,0,0.0,-7
9,23,180,10,149,97,0,2.0,-16
9,23,310,10,145,142,0,1.0,-8
9,23,250,57,175,167,-1,8.0,-1
9,23,220,26,120,101,0,1.0,-4
9,23,240,21,161,153,0,8.0,2
9,23,350,15,115,98,0,7.0,-1
9,23,80,21,105,77,0,0.0,-1
9,23,150,41,146,110,0,3.0,5
9,23,220,46,130,109,0,7.0,-1
9,23,220,77,160,154,-1,8.0,4
9,23,180,41,173,144,0,7.0,-1
9,23,260,31,155,150,0,8.0,-4
9,23,260,15,97,94,0,7.0,8
9,23,190,46,94,85,0,0.0,-3
9,23,120,46,125,107,1,8.0,-7
9,23,190,36,130,116,0,7.0,-1
9,23,210,36,83,75,0,4.0,-9
9,23,200,51,112,84,0,6.0,5
9,23,220,67,150,137,0,7.0,-6
9,23,210,57,120,94,0,6.0,0
9,23,240,46,102,81,0,6.0,3
9,23,210,26,64,50,0,0.0,-8
9,23,180,36,142,84,0,7.0,-6
9,23,200,15,75,63,0,1.0,6
9,23,210,36,95,81,0,0.0,-4
9,23,140,21,102,88,0,1.0,-3
9,23,140,41,137,87,0,5.0,-3
9,23,230,41,94,77,0,0.0,6
9,23,100,15,99,77,0,5.0,1
9,23,230,41,130,109,1,8.0,-1
9,23,200,26,120,106,0,3.0,-1
9,23,230,62,149,119,0,8.0,-3
9,23,60,21,103,84,0,1.0,0
9,23,90,15,135,109,0,1.0,-3
9,23,170,31,141,121,0,4.0,2
9,23,250,26,138,132,0,6.0,0
9,23,130,10,141,125,0,3.0,-25
9,23,130,46,176,141,0,7.0,-13
9,23,170,26,132,114,0,2.0,5
9,23,180,31,111,99,0,0.0,-4
9,23,160,31,144,117,0,7.0,4
9,23,130,36,150,112,0,1.0,-9
9,23,130,31,161,127,0,0.0,-16
9,23,120,21,168,129,0,2.0,-1
9,23,210,15,127,109,0,1.0,-14
9,23,270,5,141,114,0,8.0,-14
9,23,160,15,125,120,0,3.0,5
9,23,320,10,120,107,0,7.0,-12
9,23,270,21,129,121,0,8.0,-1
9,23,310,41,117,111,3,7.0,2
9,23,270,21,106,98,0,7.0,-5
9,23,40,5,73,70,0,1.0,-12
9,23,60,21,101,64,0,5.0,-23
9,23,140,21,158,122,0,7.0,-2
9,23,180,36,142,137,0,1.0,3
9,23,170,21,122,116,0,1.0,7
9,23,190,36,117,108,0,5.0,-4
9,23,200,5,111,108,0,4.0,-17
9,23,100,36,144,131,-1,7.0,4
9,23,70,15,101,95,0,5.0,7
9,23,250,72,136,130,0,8.0,-5
9,23,0,0,101,101,0,1.0,1
9,23,240,26,118,118,9,8.0,0
9,23,30,26,57,57,0,0.0,1
9,23,80,31,97,57,0,4.0,-1
9,23,140,26,113,107,0,1.0,2
9,23,140,21,174,161,0,3.0,-5
9,23,130,15,133,125,0,5.0,6
9,23,90,10,143,141,7,8.0,-3
9,23,340,10,103,103,0,2.0,-2
9,23,360,41,111,102,3,8.0,-5
9,23,280,36,113,110,2,8.0,-1
9,23,240,82,103,98,-1,8.0,1
9,23,190,36,100,94,-1,7.0,0
9,23,170,26,71,71,0,0.0,0
9,23,130,26,93,85,0,7.0,-1
9,23,120,36,118,104,-1,8.0,2
9,23,200,36,143,135,0,2.0,-2
9,23,230,62,143,113,0,8.0,0
9,23,220,15,121,115,0,7.0,9
9,23,230,36,155,137,0,7.0,-2
9,23,210,15,95,86,0,1.0,-1
9,23,210,15,96,96,0,3.0,10
9,23,990,5,96,96,0,5.0,10
9,23,240,41,116,113,5,6.0,-5
9,23,190,46,124,105,0,7.0,-9
9,23,220,41,106,101,0,3.0,-2
9,23,200,15,140,140,1,8.0,-3
9,23,220,57,127,108,0,0.0,-4
9,23,120,15,93,93,0,2.0,20
9,23,240,26,109,109,0,7.0,-15
9,23,250,57,118,118,5,8.0,0
9,23,250,41,91,83,4,6.0,3
9,23,270,26,106,100,0,7.0,-2
9,23,300,15,116,116,0,7.0,1
9,23,160,31,99,85,0,7.0,-1
9,23,40,26,113,113,4,8.0,-2
9,23,40,26,110,105,0,1.0,-3
9,23,70,36,114,95,0,2.0,1
9,23,70,31,141,118,0,7.0,-7
9,23,180,41,147,147,0,8.0,-2
9,23,360,10,113,113,0,7.0,2
9,23,330,21,123,123,0,5.0,3
9,23,240,21,126,123,-1,8.0,0
9,23,220,26,91,91,0,1.0,-7
9,23,0,0,124,124,0,7.0,-1
9,23,240,15,120,115,0,7.0,-6
9,23,290,26,129,108,0,1.0,-10
9,23,170,26,136,134,0,8.0,1
9,23,220,21,86,85,0,1.0,-3
9,23,210,21,106,100,0,0.0,-11
9,23,180,41,126,112,0,5.0,-11
9,23,130,36,138,100,0,7.0,0
9,23,130,51,157,132,0,5.0,0
9,23,230,67,151,141,-1,8.0,-4
9,23,210,41,140,115,0,7.0,5
9,23,130,26,169,138,0,8.0,-5
9,23,210,31,107,99,0,2.0,-6
9,23,140,15,116,116,0,7.0,-7
9,23,270,21,132,127,0,7.0,-6
9,23,150,31,122,101,0,5.0,-2
9,23,130,21,102,100,0,1.0,0
9,23,110,21,132,118,0,4.0,-7
9,23,60,10,113,108,0,2.0,0
9,23,50,10,145,135,0,7.0,-3
9,23,40,67,135,96,0,7.0,-8
9,23,290,5,82,76,0,1.0,-6
9,23,0,0,124,124,0,7.0,-6
9,23,220,21,117,112,0,4.0,-5
9,23,230,10,127,127,0,8.0,-3
9,23,300,41,112,107,7,8.0,-3
9,23,220,57,120,81,0,7.0,3
9,23,310,10,108,108,8,8.0,1
9,23,250,46,91,53,0,1.0,-1
9,23,220,41,53,38,0,1.0,12
9,23,330,41,81,77,6,8.0,-1
9,23,130,10,96,90,0,8.0,0
9,23,290,10,106,106,0,1.0,-20
9,23,30,10,113,107,0,5.0,-2
9,23,30,30,120,106,0,1.0,-5
9,23,30,20,142,117,0,7.0,0
9,23,20,30,85,73,0,0.0,-1
9,23,280,10,95,90,0,0.0,-1
9,23,30,30,89,74,0,0.0,-8
9,23,320,10,83,82,0,1.0,-11
9,23,270,10,100,100,0,1.0,-6
9,23,270,20,119,114,0,5.0,-8
9,23,200,30,112,109,-1,8.0,2
9,23,290,30,90,70,0,2.0,-11
9,23,300,40,110,105,0,1.0,-1
9,23,240,20,92,89,0,6.0,7
9,23,10,10,79,79,0,1.0,-12
9,23,70,30,102,71,0,0.0,-9
9,23,60,40,96,65,0,6.0,4
9,23,60,70,102,71,0,2.0,4
9,23,70,50,113,83,0,0.0,-6
9,23,70,50,129,92,0,8.0,-3
9,23,50,40,93,76,0,8.0,-1
9,23,30,20,94,94,0,8.0,0
9,23,280,10,102,102,0,8.0,0
9,23,160,10,91,91,0,2.0,-13
9,23,160,10,112,109,0,5.0,-14
9,23,190,50,148,112,0,7.0,-8
9,23,220,30,115,115,0,2.0,11
9,23,190,40,121,110,0,8.0,3
9,23,220,100,189,154,0,7.0,-2
9,23,20,60,117,117,0,8.0,-1
9,23,350,40,157,157,19,8.0,-6
9,23,0,0,127,127,0,1.0,-9
9,23,160,10,167,154,-1,7.0,-4
9,23,270,20,173,160,0,8.0,-8
9,23,220,10,113,113,0,3.0,-3
9,23,220,40,115,102,0,3.0,6
9,23,230,20,117,117,0,0.0,3
9,23,230,20,129,127,0,2.0,5
9,23,300,20,121,98,0,7.0,-13
9,23,110,10,88,88,0,0.0,1
9,23,210,30,138,113,0,4.0,11
9,23,230,50,144,139,-1,6.0,-12
9,23,230,50,99,78,4,6.0,2
9,23,190,10,68,62,0,1.0,2
9,23,190,10,82,81,0,3.0,-2
9,23,190,30,130,102,0,3.0,0
9,23,90,20,147,139,0,1.0,-10
9,23,40,20,123,123,0,0.0,-1
9,23,50,30,84,57,0,2.0,-8
9,23,30,20,58,46,0,2.0,0
9,23,30,10,81,66,0,1.0,-20
9,23,360,10,98,77,0,0.0,-7
9,23,10,10,125,116,0,6.0,1
9,23,60,20,122,101,0,0.0,-9
9,23,50,20,104,87,0,0.0,1
9,23,30,20,109,104,0,0.0,10
9,23,340,10,59,59,0,0.0,-10
9,23,0,0,58,58,0,2.0,1
9,23,0,0,119,119,0,6.0,3
9,23,240,10,160,160,-1,8.0,4
9,23,90,30,155,128,-1,8.0,1
9,23,110,40,178,176,0,7.0,-3
9,23,280,40,155,153,3,8.0,-2
9,23,90,30,171,155,0,8.0,0
9,23,180,40,152,150,-1,8.0,1
9,23,140,20,152,151,0,6.0,2
9,23,170,30,161,159,7,8.0,-2
9,23,200,60,157,146,0,4.0,-2
9,23,220,70,161,156,28,6.0,-8
9,23,210,50,138,126,0,2.0,-4
9,23,320,10,126,124,3,8.0,-2
9,23,230,30,82,79,-1,5.0,1
9,23,310,10,87,85,0,5.0,0
9,23,280,80,126,118,10,8.0,1
9,23,230,50,145,141,-1,8.0,3
9,23,260,60,113,96,2,8.0,-1
9,23,260,20,112,106,0,7.0,-2
9,23,200,20,149,130,-1,8.0,1
9,23,330,20,117,117,0,6.0,14
9,23,30,20,118,116,0,1.0,-3
9,23,70,40,133,113,0,1.0,-8
9,23,60,30,112,105,0,0.0,-1
9,23,90,20,128,114,0,0.0,-3
9,23,140,30,145,130,0,3.0,7
9,23,130,30,163,126,0,6.0,-6
9,23,180,30,150,141,0,4.0,-11
9,23,990,10,133,128,0,3.0,-2
9,23,990,10,105,105,0,6.0,3
9,23,110,20,140,133,0,4.0,-2
9,23,130,30,124,121,0,1.0,-1
9,23,170,10,142,139,0,2.0,-6
9,23,90,30,171,111,0,2.0,-13
9,23,80,30,174,122,0,2.0,-9
9,23,990,10,160,146,0,0.0,-14
9,23,0,0,141,126,0,0.0,-8
9,23,200,20,151,141,0,2.0,3
9,23,170,20,150,145,0,2.0,12
9,23,140,20,154,143,0,2.0,-13
9,23,350,20,153,147,0,6.0,-9
9,23,90,30,211,172,0,0.0,-14
9,23,150,30,167,132,0,1.0,-18
9,23,360,10,170,159,0,1.0,-9
9,23,310,40,171,161,0,8.0,3
9,23,260,10,171,165,0,7.0,-4
9,23,220,40,130,127,0,6.0,-9
9,23,180,40,142,124,9,8.0,3
9,23,180,20,121,118,0,4.0,-7
9,23,90,30,143,116,0,7.0,-7
9,23,50,20,171,160,1,8.0,16
9,23,160,40,151,118,0,6.0,1
9,23,170,30,146,135,5,7.0,-3
9,23,160,30,154,149,0,5.0,2
9,23,200,30,164,140,-1,6.0,-5
9,23,170,10,138,121,0,5.0,-8
9,23,180,40,162,143,0,7.0,1
9,23,200,40,122,108,0,4.0,-7
9,23,190,50,148,133,0,7.0,3
9,23,180,40,140,113,0,8.0,4
9,23,200,60,160,145,-1,7.0,-5
9,23,220,60,139,132,21,8.0,-5
9,23,210,50,135,111,0,6.0,-4
9,23,310,50,141,130,-1,7.0,-6
9,23,990,10,130,121,1,7.0,-6
9,23,240,20,125,114,0,7.0,-2
9,23,170,40,134,110,0,7.0,-4
9,23,290,40,137,100,-1,5.0,3
9,23,200,40,148,114,0,7.0,0
9,23,210,40,184,165,0,7.0,-4
9,23,250,10,137,134,0,1.0,-6
9,23,990,10,149,145,0,1.0,-5
9,23,140,30,173,156,0,7.0,-16
9,23,220,20,135,130,0,4.0,3
9,23,250,10,139,135,0,7.0,-1
9,23,990,10,116,113,0,1.0,11
9,23,320,10,158,151,16,7.0,-3
9,23,340,20,133,127,0,3.0,-10
9,23,170,30,115,114,0,1.0,3
9,23,140,40,139,116,0,4.0,-11
9,23,120,50,163,133,2,8.0,-9
9,23,230,10,132,129,2,8.0,-1
9,23,140,30,113,106,0,1.0,-6
9,23,130,20,155,142,0,6.0,1
9,23,100,30,130,91,0,4.0,-8
9,23,280,20,158,127,-1,7.0,-7
9,23,140,10,144,121,0,7.0,-4
9,23,160,30,149,137,0,1.0,11
9,23,170,40,151,116,0,8.0,6
9,23,140,40,162,145,0,7.0,0
9,23,0,0,162,142,0,6.0,-6
9,23,280,10,136,134,8,8.0,-1
9,23,210,10,88,79,0,3.0,-5
9,23,220,40,169,162,-1,8.0,1
9,23,210,30,134,126,0,6.0,-3
9,23,300,50,129,119,1,7.0,-1
9,23,180,30,124,116,1,8.0,2
9,23,260,20,131,120,0,7.0,-1
9,23,250,80,163,139,-1,8.0,1
9,23,250,50,91,74,9,6.0,-4
9,23,280,40,110,94,0,4.0,0
9,23,260,30,101,85,-1,4.0,3
9,23,270,50,134,121,0,7.0,-2
9,23,220,80,145,119,-1,8.0,0
9,23,130,10,113,106,33,8.0,-3
9,23,220,30,118,113,0,3.0,4
9,23,190,30,97,91,5,6.0,5
9,23,280,30,87,78,0,1.0,-9
9,23,110,30,98,91,0,3.0,-3
9,23,180,50,102,93,0,3.0,-4
9,23,280,40,119,114,-1,8.0,-3
9,23,270,50,120,103,0,6.0,-4
9,23,240,30,63,57,0,2.0,0
9,23,240,30,103,92,0,7.0,5
9,23,40,20,114,110,0,7.0,0
9,23,190,10,63,60,0,0.0,1
9,23,990,10,78,76,0,2.0,-1
9,23,160,40,126,120,9,8.0,-1
9,23,210,40,133,124,0,5.0,-10
9,23,130,30,117,108,0,2.0,-2
9,23,220,40,154,148,1,8.0,0
9,23,160,60,157,140,-1,8.0,3
9,23,40,40,140,116,0,,6
9,23,70,20,149,107,0,,-4
9,23,40,20,105,96,0,,1
9,23,170,20,156,135,0,,-3
9,23,200,30,136,127,0,,-10
9,23,180,40,143,122,0,,0
9,23,160,30,148,127,0,,-5
9,23,0,0,155,154,0,,-4
9,23,0,0,120,106,0,,4
9,23,990,10,139,128,0,,-5
9,23,30,30,127,123,0,,3
9,23,40,20,129,97,0,,-27
9,23,20,30,119,107,0,,4
9,23,320,30,155,126,0,,-3
9,23,0,0,96,90,0,,-8
9,23,990,10,116,110,0,,1
9,23,0,0,109,108,0,,10
9,23,990,10,98,88,0,,-5
9,23,350,20,121,100,0,,-14
9,23,280,10,126,109,0,,-2
9,23,280,20,119,111,0,,0
9,23,330,30,109,99,0,,-3
9,23,30,40,68,54,0,,0
9,23,290,10,51,45,0,,-4
9,23,240,20,118,102,0,,0
9,23,990,10,83,82,0,,28
9,23,990,10,82,77,0,,0
9,23,990,10,131,116,0,,-11
9,23,150,20,82,68,0,,10
9,23,160,10,75,73,0,,5
9,23,280,20,97,81,0,,-9
9,23,330,10,91,80,0,,-13
9,23,20,10,113,99,0,,-17
9,23,70,20,147,95,0,,-9
9,23,210,10,173,127,0,,-4
9,23,210,30,140,139,0,,-5
9,23,280,10,131,125,0,,-4
9,23,0,0,88,82,0,,-4
9,23,160,20,94,89,0,,4
9,23,250,30,96,94,0,,-2
9,23,240,20,102,95,0,,3
9,23,330,20,115,111,0,,-9
9,23,350,20,93,75,-1,,-10
9,23,90,20,110,85,0,,-14
9,23,0,0,123,119,0,,-10
9,23,0,0,104,102,0,,2
9,23,0,0,113,107,0,,-3
9,23,270,20,169,119,0,,-29
9,23,150,10,158,127,0,,-8
9,23,210,30,164,99,0,,3
9,23,160,40,169,133,0,,2
9,23,330,50,113,108,59,,-5
9,23,290,20,60,55,0,,-13
9,23,0,0,50,45,0,,2
9,23,140,30,90,49,0,,-21
9,23,220,30,117,101,0,,-2
9,23,90,30,120,90,0,,-1
9,23,240,60,122,112,3,,3
9,23,160,20,57,57,0,,12
9,23,90,40,115,78,0,,-2
9,23,0,0,113,106,0,,-5
9,23,50,10,145,110,0,,-22
9,23,120,20,176,149,0,,-7
9,23,350,10,157,142,0,,-2
9,23,20,20,177,152,0,,2
9,23,40,60,186,158,0,,-11
9,23,40,60,154,111,0,,-11
9,23,50,30,130,113,0,,17
9,23,100,30,161,85,0,,-6
9,23,180,10,169,165,0,,2
9,23,210,50,156,147,6,,-6
9,23,190,40,139,98,0,,-3
9,23,190,40,116,107,0,,-4
9,23,220,60,128,101,0,,-2
9,23,240,20,68,64,0,,0
9,23,150,20,99,69,0,,-3
9,23,160,30,116,85,0,,6
9,23,250,40,167,145,1,,-13
9,23,190,30,105,83,0,,4
9,23,250,80,147,112,-1,,-4
9,23,260,50,125,69,-1,,-5
9,23,280,30,126,120,7,,-1
9,23,270,30,105,93,11,,2
9,23,270,30,110,103,0,,-1
9,23,240,50,114,107,8,,4
9,23,220,50,136,115,0,,-1
9,23,210,30,136,128,0,,8
9,23,210,40,135,121,1,,-4
9,23,220,10,59,54,0,,-8
9,23,160,40,120,111,0,,-4
9,23,250,10,178,169,0,,-4
9,23,360,10,160,149,0,,-20
9,23,70,40,177,126,0,,-7
9,23,120,20,186,141,0,,-4
9,23,240,40,159,118,0,,-14
9,23,250,10,159,153,0,,-8
9,23,180,10,160,154,0,,-1
9,23,20,20,180,162,0,,-14
9,23,240,40,186,180,6,,-5
9,23,360,30,176,173,5,,-2
9,23,10,40,168,158,0,,0
9,23,350,10,111,98,0,,-7
9,23,210,20,110,106,0,,-1
9,23,230,50,173,168,0,,0
9,23,230,60,173,168,8,,0
9,23,300,20,77,67,0,,-1
9,23,260,10,58,54,0,,-8
9,23,0,0,63,56,0,,-5
9,23,260,10,70,65,0,,-7
9,23,260,10,78,74,0,,-5
9,23,0,0,84,78,0,,-7
9,23,110,10,91,76,0,,2
9,23,240,30,141,111,0,,-1
9,23,130,20,132,116,0,,-4
9,23,220,30,134,124,0,,-12
9,23,170,40,133,112,0,,-7
9,23,210,40,130,127,0,,-6
9,23,180,40,112,82,0,,2
9,23,220,30,102,93,1,,-1
9,23,190,50,131,126,3,,2
9,23,180,10,163,154,0,,-2
9,23,210,70,194,135,0,,2
9,23,250,60,184,163,0,,-7
9,23,230,20,121,114,0,,5
9,23,990,10,183,177,0,,-4
9,23,170,10,163,159,0,,5
9,23,300,20,114,104,0,,-5
9,23,60,30,122,96,0,,-1
9,23,70,30,142,108,0,,-2
9,23,360,10,134,126,0,,-4
9,23,0,0,147,143,0,,-1
9,23,140,30,183,160,0,,-2
9,23,140,20,202,166,0,,2
9,23,10,10,197,160,0,,-5
9,23,40,30,182,150,0,,11
9,23,230,20,168,162,0,,6
9,23,260,10,167,145,0,,-2
9,23,210,40,128,109,0,,-2
9,23,200,20,95,87,0,,-1
9,23,150,30,127,107,0,,-4
9,23,140,30,182,148,0,,-5
9,23,150,20,166,144,0,,5
9,23,120,20,190,162,0,,-1
9,23,0,0,168,165,0,,-4
9,23,200,40,160,145,0,,-2
9,23,250,20,109,105,0,,-4
9,23,170,30,127,116,0,,5
9,23,160,20,134,124,0,,1
9,23,190,40,173,146,0,,-6
9,23,160,20,142,120,0,,4
9,23,210,20,128,118,0,8.0,8
9,23,230,60,167,126,0,8.0,-4
9,23,280,30,109,90,0,4.0,-13
9,23,290,20,70,53,0,0.0,-11
9,23,230,20,136,132,0,8.0,1
9,23,350,40,161,142,0,8.0,-1
9,23,250,10,105,98,0,0.0,-3
9,23,270,10,148,140,0,8.0,4
9,23,230,30,104,91,0,4.0,0
9,23,270,30,122,101,0,7.0,-4
9,23,290,20,108,100,0,0.0,-18
9,23,0,0,124,120,0,8.0,7
9,23,990,10,82,78,0,0.0,-10
9,23,260,20,114,113,0,1.0,-11
9,23,140,20,93,82,0,0.0,0
9,23,220,30,146,129,0,3.0,-13
9,23,290,30,114,109,11,8.0,-3
9,23,220,20,69,57,0,8.0,2
9,23,210,60,129,89,0,8.0,1
9,23,200,40,151,98,0,6.0,-2
9,23,220,10,104,93,0,0.0,-13
9,23,0,0,108,108,0,2.0,-13
9,23,170,40,151,140,0,0.0,-1
9,23,210,40,111,86,0,0.0,-8
9,23,220,20,95,92,0,8.0,1
9,23,10,30,82,79,0,6.0,-13
9,23,10,70,127,97,-1,8.0,-10
9,23,270,20,119,118,0,8.0,1
9,23,240,40,111,105,0,8.0,1
9,23,60,20,99,93,0,4.0,-14
9,23,170,40,134,116,0,0.0,-2
9,23,210,40,110,103,0,0.0,1
9,23,200,50,124,108,0,0.0,0
9,23,190,40,141,108,0,3.0,-2
9,23,150,40,176,147,0,8.0,0
9,23,160,30,143,119,0,7.0,-4
9,23,210,60,150,127,0,8.0,-3
9,23,130,10,105,94,0,2.0,-10
9,23,190,30,183,161,0,6.0,-1
9,23,140,30,168,145,0,5.0,-8
9,23,300,30,164,148,0,2.0,-9
9,23,190,10,117,116,0,0.0,-14
9,23,50,40,90,55,0,0.0,-9
9,23,20,30,76,61,0,2.0,5
9,23,60,20,117,76,0,8.0,-15
9,23,40,30,118,93,0,8.0,1
9,23,90,20,96,73,0,0.0,-18
9,23,50,20,41,32,0,0.0,20
9,23,20,20,66,47,0,0.0,-6
9,23,30,20,78,64,0,0.0,-2
9,23,360,20,112,107,0,8.0,2
9,23,360,20,115,93,0,8.0,-1
9,23,30,40,122,116,-1,8.0,-1
9,23,50,10,95,88,0,1.0,-14
9,23,30,40,78,66,0,0.0,-5
9,23,60,20,79,58,0,0.0,-17
9,23,0,0,67,65,0,0.0,-20
9,23,210,10,69,66,0,5.0,-8
9,23,230,70,97,70,0,7.0,-6
9,23,230,70,124,114,2,8.0,3
9,23,210,40,145,121,0,0.0,-9
9,23,150,40,158,112,0,8.0,-9
9,23,220,70,129,98,0,3.0,1
9,23,240,60,125,109,-1,8.0,3
9,23,210,40,118,88,0,8.0,8
9,23,170,30,124,108,0,6.0,-2
9,23,160,10,130,126,0,0.0,1
9,23,210,10,163,119,0,0.0,-14
9,23,20,50,155,124,0,8.0,-7
9,23,20,40,119,101,0,0.0,-6
9,23,20,40,128,103,0,8.0,-7
9,23,300,20,84,78,0,0.0,-9
9,23,350,30,125,112,0,0.0,-15
9,23,40,50,133,114,-1,8.0,-4
9,23,40,30,150,141,-1,8.0,-1
9,23,30,60,132,100,0,5.0,-2
9,23,20,30,91,78,0,0.0,-4
9,23,90,20,163,126,0,0.0,-2
9,23,0,0,137,134,0,0.0,-12
9,23,340,10,122,115,0,0.0,-11
9,23,180,10,89,84,0,0.0,-4
9,23,220,30,107,104,0,0.0,10
9,23,210,20,154,151,0,8.0,-1
9,23,180,10,77,72,0,0.0,-7
9,23,350,10,77,75,0,0.0,-6
9,23,250,10,84,80,0,0.0,-10
9,23,0,0,87,84,0,0.0,-7
9,23,230,20,131,112,0,8.0,7
9,23,230,10,131,123,0,4.0,-14
9,23,230,20,129,124,0,8.0,0
9,23,30,20,108,99,0,0.0,-4
9,23,300,10,120,111,0,8.0,-2
9,23,320,10,106,101,0,0.0,-7
9,23,10,10,100,86,0,0.0,-10
9,23,90,30,130,84,0,0.0,0
9,23,110,50,162,66,0,8.0,-3
9,23,80,30,134,117,0,8.0,-2
9,23,0,0,141,133,-1,8.0,1
9,23,240,20,121,119,0,0.0,2
9,23,190,30,148,130,0,0.0,2
9,23,210,10,155,140,0,1.0,-15
9,23,260,20,104,99,0,0.0,-9
9,23,210,60,153,109,-1,8.0,-3
9,23,290,60,127,119,26,8.0,2
9,23,260,60,124,108,17,8.0,-9
9,23,260,40,117,109,-1,8.0,-5
9,23,280,20,101,84,0,8.0,-6
9,23,220,20,60,51,0,0.0,2
9,23,190,30,125,100,0,8.0,0
9,23,230,30,119,109,0,0.0,-1
9,23,110,10,143,131,0,0.0,-4
9,23,160,10,129,125,0,0.0,-5
9,23,260,10,144,138,5,8.0,-1
9,23,340,60,124,115,16,8.0,-2
9,23,240,40,78,72,0,1.0,-5
9,23,0,0,63,59,0,0.0,-12
9,23,220,30,104,99,0,8.0,1
9,23,70,20,118,116,0,8.0,-14
9,23,100,10,99,64,0,7.0,-3
9,23,170,10,75,74,0,8.0,-6
9,23,70,20,134,90,0,0.0,-2
9,23,180,10,164,161,0,0.0,-8
9,23,130,30,231,177,0,8.0,-33
9,23,230,70,174,159,0,8.0,-24
9,23,210,60,150,104,0,8.0,3
9,23,200,100,157,144,17,8.0,-5
9,23,230,80,135,113,1,8.0,2
9,23,210,40,148,143,0,8.0,-2
9,23,990,10,166,165,0,1.0,-6
9,23,230,20,178,166,5,3.0,-7
9,23,210,50,144,132,0,8.0,-4
9,23,240,70,154,122,0,0.0,-6
9,23,230,50,133,103,0,2.0,-4
9,23,220,30,109,99,0,7.0,-7
9,23,60,30,118,91,0,0.0,-5
9,23,220,50,168,144,0,5.0,-17
9,23,270,60,125,112,5,8.0,-9
9,23,180,20,88,87,0,4.0,5
9,23,190,30,107,96,0,0.0,-6
9,23,180,40,150,119,0,8.0,0
9,23,260,50,142,114,0,1.0,-16
9,23,210,20,109,91,0,8.0,1
9,23,130,10,86,83,0,0.0,-3
9,23,250,10,96,92,0,0.0,-5
9,23,290,20,144,131,0,5.0,-3
9,23,250,10,160,151,0,7.0,-8
9,23,350,10,118,115,0,0.0,-11
9,23,110,10,173,150,0,0.0,-3
9,23,130,30,155,128,0,0.0,-6
9,23,0,0,122,118,0,0.0,-4
9,23,180,10,104,90,0,0.0,0
9,23,250,10,137,130,0,8.0,-7
9,23,0,0,123,115,0,0.0,-4
9,23,330,20,151,142,0,0.0,-6
9,23,320,10,98,90,0,2.0,-1
9,23,210,20,94,86,0,0.0,-5
9,23,190,10,122,114,0,0.0,-4
9,23,0,0,123,114,0,0.0,-8
9,23,170,30,171,112,0,0.0,-5
9,23,290,10,156,146,0,5.0,-12
9,23,200,20,99,88,0,7.0,10
9,23,190,30,115,89,1,7.0,-3
9,23,210,20,104,85,0,3.0,-2
9,23,220,20,114,106,-1,6.0,3
9,23,170,10,97,94,0,1.0,-2
9,23,230,20,123,119,0,0.0,1
9,23,210,30,160,135,0,8.0,-2
9,23,260,60,92,85,8,8.0,-6
9,23,220,20,61,54,0,2.0,0
9,23,160,10,84,66,0,4.0,-10
9,23,240,20,72,60,0,4.0,12
9,23,340,10,50,46,0,8.0,5
9,23,90,50,106,88,0,6.0,0
9,23,190,60,144,110,-1,8.0,3
9,23,140,40,126,109,1,8.0,-1
9,23,160,30,99,89,0,8.0,15
9,23,220,40,93,89,0,0.0,4
9,23,210,30,114,93,0,6.0,-2
9,23,210,30,77,65,0,4.0,10
9,23,180,20,81,68,0,0.0,0
9,23,220,50,141,95,0,8.0,2
9,23,220,20,133,125,0,0.0,-3
9,23,130,20,172,146,0,0.0,-12
9,23,70,20,195,151,0,0.0,-7
9,23,140,20,188,145,0,0.0,14
9,23,250,20,162,153,0,8.0,1
9,23,0,0,133,130,0,8.0,1
9,23,360,20,113,88,0,1.0,-3
9,23,20,50,106,98,30,8.0,-4
9,23,240,80,131,120,12,8.0,-4
9,23,290,20,125,117,0,4.0,4
9,23,250,20,132,126,0,8.0,2
9,23,190,30,151,145,2,8.0,5
9,23,270,20,106,94,0,7.0,-17
9,23,210,90,126,110,8,8.0,-1
9,23,230,50,85,60,0,7.0,-10
9,23,130,20,107,102,1,8.0,2
9,23,200,20,95,87,3,8.0,-3
9,23,230,50,125,116,-1,8.0,-2
9,23,220,20,77,73,0,0.0,5
9,23,200,20,130,104,0,8.0,1
9,23,310,20,158,148,0,8.0,-2
9,23,0,0,107,105,0,8.0,-7
9,23,80,20,141,124,0,7.0,-3
9,23,280,10,129,120,0,4.0,-4
9,23,50,20,71,58,0,0.0,-5
9,23,80,30,103,51,0,1.0,-7
9,23,70,50,109,58,0,0.0,-5
9,23,80,50,115,48,0,0.0,-8
9,23,60,30,99,61,0,0.0,-5
9,23,0,0,139,133,0,8.0,6
9,23,60,20,148,144,0,5.0,0
9,23,70,30,171,132,0,8.0,-3
9,23,130,20,191,153,0,8.0,-25
9,23,0,0,141,137,0,1.0,-2
9,23,220,10,131,126,0,1.0,-10
9,23,220,10,124,121,0,0.0,2
9,23,240,10,97,93,0,0.0,-4
9,23,0,0,106,102,0,5.0,9
9,23,290,10,103,92,0,6.0,-8
9,23,30,20,103,89,0,0.0,-4
9,23,360,30,133,119,0,0.0,-6
9,23,20,30,130,120,0,0.0,-7
9,23,10,10,125,117,0,6.0,6
9,23,70,20,157,146,0,2.0,-19
9,23,10,10,128,120,0,0.0,0
9,23,70,10,148,139,0,0.0,11
9,23,130,20,180,171,1,5.0,0
9,23,360,10,151,148,0,3.0,-8
9,23,330,20,173,158,0,8.0,-6
9,23,300,20,113,99,0,0.0,0
9,23,220,10,61,52,0,1.0,-1
9,23,180,10,109,81,0,8.0,-17
9,23,260,20,102,97,0,3.0,-5
9,23,220,40,133,96,0,8.0,1
9,23,230,10,147,145,0,9.0,-4
9,23,50,10,105,101,0,0.0,-3
9,23,160,10,137,128,0,8.0,-2
9,23,180,30,160,151,0,8.0,-1
9,23,170,10,147,144,0,8.0,-8
9,23,240,20,96,91,0,0.0,1
9,23,210,10,121,116,0,8.0,-4
9,23,220,20,113,105,0,8.0,-3
9,23,250,60,126,122,25,8.0,-3
9,23,250,20,95,83,1,6.0,-5
9,23,250,30,120,114,-1,8.0,1
9,23,340,20,121,115,0,7.0,5
9,23,10,20,132,120,0,8.0,-3
9,23,60,30,123,85,0,0.0,-4
9,23,60,30,128,96,0,0.0,-8
9,23,100,20,136,98,0,3.0,-4
9,23,250,40,159,155,2,8.0,-14
9,23,200,50,152,141,0,8.0,-7
9,23,190,50,113,77,0,1.0,-7
9,23,140,30,119,81,0,8.0,3
9,23,190,70,156,114,0,1.0,0
9,23,210,40,113,108,0,2.0,-3
9,23,180,20,128,122,0,8.0,-4
9,23,280,10,116,105,0,8.0,-4
9,23,210,20,88,84,0,0.0,-7
9,23,180,30,124,115,4,8.0,-2
9,23,260,30,109,106,2,8.0,-1
9,23,200,40,109,98,0,8.0,2
9,23,200,30,106,103,0,0.0,0
9,23,350,10,85,81,0,8.0,11
9,23,40,30,71,67,0,0.0,0
9,23,30,30,85,80,0,0.0,-1
9,23,50,30,97,79,0,0.0,-5
9,23,50,40,106,71,0,0.0,-8
9,23,50,30,97,69,0,0.0,-2
9,23,230,10,119,115,0,7.0,-5
9,23,200,20,142,131,0,7.0,-5
9,23,210,30,186,135,0,8.0,-2
9,23,250,30,154,146,0,3.0,0
9,23,160,20,137,132,0,0.0,-3
9,23,0,0,148,143,0,7.0,-9
9,23,90,30,196,127,0,0.0,-31
9,23,250,40,162,125,0,5.0,-13
9,23,150,10,125,120,0,0.0,-4
9,23,180,20,176,121,0,8.0,-10
9,23,140,10,174,169,0,3.0,4
9,23,20,10,174,162,0,0.0,-2
9,23,90,10,237,156,0,0.0,-42
9,23,80,20,223,154,0,0.0,-16
9,23,230,30,156,148,-1,8.0,-8
9,23,160,30,157,124,0,8.0,-7
9,23,340,30,175,158,0,8.0,-2
9,23,360,20,148,123,0,8.0,0
9,23,250,10,106,101,0,1.0,3
9,23,360,10,128,113,0,8.0,4
9,23,160,10,99,89,0,8.0,9
9,23,170,10,112,109,0,0.0,-4
9,23,180,10,90,85,0,0.0,-4
9,23,140,30,140,94,0,0.0,-2
9,23,230,30,105,97,0,0.0,-10
9,23,260,10,83,80,0,1.0,0
9,23,200,40,156,75,0,8.0,-1
9,23,220,40,171,113,0,3.0,-16
9,23,220,40,137,129,0,8.0,-4
9,23,180,20,127,101,0,8.0,2
9,23,20,20,137,115,0,8.0,2
9,23,230,10,101,98,0,0.0,-12
9,23,140,20,122,102,0,5.0,1
9,23,170,30,162,150,0,8.0,1
9,23,190,40,173,156,0,1.0,1
9,23,230,20,133,112,0,8.0,4
9,23,200,50,144,129,-1,8.0,2
9,23,200,40,142,122,0,8.0,0
9,23,190,10,95,90,0,2.0,-7
9,23,190,70,146,120,-1,8.0,0
9,23,210,60,130,118,1,8.0,0
9,23,190,60,135,101,0,8.0,3
9,23,280,40,119,109,4,7.0,1
9,23,230,30,95,91,-1,8.0,-3
9,23,210,30,79,74,0,0.0,-2
9,23,160,10,74,71,0,4.0,11
9,23,240,10,104,99,-1,8.0,4
9,23,220,30,100,97,0,7.0,-8
9,23,230,10,109,101,-1,8.0,-12
9,23,170,30,116,97,0,8.0,-3
9,23,0,0,93,90,0,0.0,-11
9,23,0,0,81,80,0,4.0,-12
9,23,360,10,70,67,0,0.0,5
9,23,80,30,136,111,0,0.0,-9
9,23,50,30,139,126,0,8.0,-3
9,23,0,0,109,108,0,2.0,-17
9,23,130,30,148,113,0,8.0,-1
9,23,190,20,144,141,0,8.0,-4
9,23,0,0,169,166,18,8.0,-6
9,23,160,30,91,88,0,1.0,7
9,23,320,10,100,80,0,0.0,-9
9,23,30,40,171,104,0,8.0,-2
9,23,10,20,185,175,0,8.0,-1
9,23,0,0,164,150,0,1.0,-9
9,23,310,30,178,172,35,8.0,-2
9,23,210,30,118,113,0,4.0,-2
9,23,210,40,110,70,0,3.0,-3
9,23,170,30,142,103,0,8.0,4
9,23,250,20,154,117,0,8.0,-6
9,23,210,40,141,112,0,8.0,5
9,23,240,20,175,146,0,8.0,5
9,23,20,20,133,127,7,8.0,-1
9,23,0,0,83,77,0,0.0,-6
9,23,210,30,125,92,0,7.0,6
9,23,160,10,106,101,0,8.0,-6
9,23,160,10,103,94,0,3.0,0
9,23,130,20,129,79,0,8.0,5
9,23,170,20,147,122,0,8.0,-10
9,23,200,30,189,130,0,8.0,-16
9,23,190,50,199,126,0,8.0,-1
9,23,230,50,118,91,2,7.0,-7
9,23,160,30,105,98,-1,8.0,-1
9,23,270,30,79,70,0,0.0,-12
9,23,230,10,46,41,0,0.0,-8
9,23,0,0,58,53,0,8.0,-6
9,23,210,10,79,57,0,0.0,1
9,23,0,0,79,77,0,0.0,-10
9,23,30,30,68,44,0,7.0,-21
9,23,990,10,33,25,0,8.0,-11
9,23,250,20,102,85,0,8.0,-4
9,23,220,20,110,86,0,8.0,9
9,23,200,20,132,83,0,8.0,-6
9,23,200,30,165,123,0,8.0,-4
9,23,210,40,126,118,0,0.0,-4
9,23,230,20,76,67,0,0.0,-3
9,23,220,40,134,105,0,8.0,7
9,23,340,50,126,111,-1,8.0,-3
9,23,240,10,83,71,0,0.0,-8
9,23,990,10,73,57,0,8.0,-1
9,23,0,0,88,78,0,0.0,-2
9,23,230,40,167,160,-1,8.0,-3
9,23,260,40,187,143,0,8.0,-2
9,23,20,30,114,95,0,2.0,-9
9,23,240,10,82,65,0,0.0,-6
9,23,280,10,141,132,0,8.0,-8
9,23,310,20,136,122,0,8.0,-5
9,23,230,10,57,46,0,2.0,-5
9,23,270,10,74,62,0,1.0,-16
9,23,360,10,68,61,0,4.0,-4
9,23,70,30,121,51,0,0.0,-8
9,23,130,30,161,32,0,0.0,-9
9,23,190,30,160,153,1,8.0,-1
9,23,150,30,138,109,0,8.0,-1
9,23,200,30,135,128,0,8.0,0
9,23,200,40,152,139,0,8.0,0
9,23,200,40,139,130,-1,8.0,-1
9,23,210,70,147,115,0,7.0,-5
9,23,200,50,144,113,0,8.0,-1
9,23,270,80,156,144,15,8.0,-8
9,23,200,40,137,126,6,8.0,-2
9,23,290,10,106,89,0,6.0,-5
9,23,220,10,100,94,0,8.0,1
9,23,240,60,200,169,0,8.0,-6
9,23,200,10,141,122,0,8.0,-2
9,23,200,20,112,90,0,8.0,0
9,23,210,10,89,84,0,0.0,-10
9,23,200,30,127,105,0,8.0,9
9,23,180,20,180,159,0,8.0,-11
9,23,330,20,139,110,0,5.0,-16
9,23,0,0,92,83,0,8.0,-1
9,23,0,0,94,89,0,1.0,-6
9,23,200,10,116,111,0,8.0,-5
9,23,140,10,130,125,0,1.0,-10
9,23,50,10,164,135,0,8.0,-12
9,23,230,10,188,146,0,0.0,-22
9,23,20,70,161,123,0,8.0,-17
9,23,50,40,124,54,0,0.0,-6
9,23,60,40,144,60,0,0.0,-6
9,23,50,30,155,68,0,0.0,-26
9,23,360,20,120,75,0,0.0,-28
9,23,0,0,101,84,0,0.0,-6
9,23,0,0,101,79,0,0.0,-2
9,23,190,50,158,151,14,8.0,1
9,23,180,40,129,119,3,8.0,-3
9,23,220,90,109,103,22,8.0,6
9,23,320,50,117,110,41,8.0,0
9,23,0,0,116,110,-1,8.0,2
9,23,150,10,116,111,0,8.0,-1
9,23,180,20,143,140,0,2.0,0
9,23,140,30,159,140,0,8.0,0
9,23,70,10,166,109,0,0.0,-16
9,23,360,15,176,147,0,0.0,-2
9,23,30,5,167,94,0,0.0,-10
9,23,40,15,160,133,0,0.0,-10
9,23,350,10,172,143,0,7.0,-22
9,23,340,5,127,78,0,6.0,-6
9,23,990,5,145,122,0,6.0,6
9,23,0,0,100,84,0,0.0,-5
9,23,20,5,105,86,0,0.0,1
9,23,990,5,155,123,0,7.0,-5
9,23,10,5,73,51,0,1.0,-18
9,23,10,10,91,62,0,0.0,-33
9,23,90,5,81,52,0,0.0,8
9,23,230,26,150,83,0,1.0,-14
9,23,330,10,156,141,0,8.0,-11
9,23,260,51,180,163,-1,8.0,2
9,23,240,31,130,105,0,0.0,-3
9,23,240,21,165,145,0,8.0,-3
9,23,340,15,115,87,0,5.0,-5
9,23,60,5,94,73,0,0.0,-6
9,23,160,31,152,106,0,2.0,10
9,23,220,41,132,102,0,8.0,0
9,23,240,67,160,144,-1,8.0,4
9,23,210,46,179,134,0,7.0,-6
9,23,210,26,164,151,0,8.0,-4
9,23,280,21,125,109,0,4.0,-1
9,23,200,41,100,81,0,5.0,-6
9,23,110,41,128,100,0,8.0,1
9,23,210,31,130,105,0,7.0,-1
9,23,230,31,96,80,0,7.0,-12
9,23,190,31,94,75,0,3.0,15
9,23,230,46,146,135,1,3.0,2
9,23,230,51,120,99,-1,7.0,0
9,23,250,26,107,86,-1,3.0,2
9,23,250,15,77,66,0,0.0,-12
9,23,190,36,145,91,0,8.0,-3
9,23,230,15,84,73,0,0.0,-6
9,23,220,15,86,75,0,0.0,-4
9,23,240,10,84,76,0,1.0,7
9,23,100,21,115,96,0,1.0,0
9,23,230,26,108,86,0,0.0,-8
9,23,110,15,97,85,0,7.0,-3
9,23,230,46,132,111,1,8.0,-2
9,23,240,15,119,105,0,5.0,-9
9,23,240,46,152,120,0,8.0,-2
9,23,20,15,95,84,0,1.0,-4
9,23,80,26,114,97,0,1.0,-4
9,23,990,15,112,104,0,1.0,-5
9,23,240,15,144,134,0,8.0,1
9,23,990,5,132,119,0,5.0,-11
9,23,120,26,162,135,5,8.0,-9
9,23,170,26,155,124,-1,4.0,-16
9,23,220,36,117,98,0,1.0,-2
9,23,180,26,150,116,0,8.0,0
9,23,110,21,138,113,0,1.0,-8
9,23,100,21,140,119,0,1.0,-10
9,23,80,31,149,129,0,1.0,-8
9,23,250,10,142,126,0,1.0,-9
9,23,240,15,150,140,0,8.0,7
9,23,160,10,146,136,-1,8.0,-1
9,23,300,10,132,126,0,7.0,-9
9,23,280,15,126,120,0,7.0,-1
9,23,290,31,117,115,-1,8.0,-2
9,23,280,26,109,95,0,6.0,-1
9,23,0,0,70,67,0,0.0,-10
9,23,40,15,79,71,0,6.0,0
9,23,100,15,147,120,0,7.0,-1
9,23,190,21,144,141,0,3.0,-6
9,23,140,15,135,132,0,1.0,-8
9,23,200,31,119,113,0,2.0,-3
9,23,0,0,127,127,0,7.0,-10
9,23,90,46,141,133,1,8.0,1
9,23,90,10,94,94,0,3.0,8
9,23,240,67,139,133,1,8.0,-2
9,23,90,15,108,108,0,1.0,-1
9,23,300,15,110,110,0,8.0,-2
9,23,360,15,72,72,0,0.0,-4
9,23,70,26,72,60,0,5.0,-6
9,23,120,10,115,106,0,1.0,8
9,23,120,26,176,163,0,7.0,0
9,23,120,5,124,116,0,7.0,1
9,23,0,0,141,139,1,7.0,-1
9,23,20,21,127,127,0,6.0,0
9,23,20,31,112,101,3,8.0,-6
9,23,280,41,112,109,3,8.0,0
9,23,230,93,103,103,10,8.0,1
9,23,180,36,101,95,-1,7.0,-4
9,23,150,15,80,77,0,0.0,-17
9,23,110,21,91,83,0,7.0,-6
9,23,120,41,120,107,-1,7.0,1
9,23,190,41,151,136,0,2.0,-5
9,23,240,46,137,116,-1,8.0,4
9,23,210,10,109,103,0,1.0,0
9,23,240,36,156,138,0,5.0,-3
9,23,200,5,92,83,0,1.0,-3
9,23,220,10,101,99,0,1.0,-9
9,23,100,10,98,98,0,5.0,0
9,23,210,62,127,122,0,5.0,-10
9,23,190,51,127,97,0,4.0,-6
9,23,210,46,105,94,0,1.0,-1
9,23,200,21,140,138,2,8.0,0
9,23,220,67,128,98,0,1.0,-2
9,23,60,10,97,97,0,4.0,-4
9,23,230,31,113,113,0,7.0,-6
9,23,250,51,120,117,10,8.0,-2
9,23,250,46,96,75,-1,5.0,-1
9,23,270,26,110,100,0,7.0,-1
9,23,290,10,110,108,0,7.0,3
9,23,150,21,99,93,0,4.0,1
9,23,10,15,111,111,-1,8.0,0
9,23,30,26,111,103,0,0.0,-15
9,23,70,46,107,88,0,3.0,-8
9,23,60,36,124,103,0,7.0,0
9,23,990,10,134,131,0,6.0,3
9,23,340,15,111,111,0,1.0,0
9,23,990,5,123,123,0,6.0,1
9,23,260,21,130,119,0,8.0,0
9,23,220,26,77,77,0,0.0,6
9,23,220,10,124,118,0,7.0,0
9,23,240,21,122,103,0,7.0,0
9,23,280,26,137,109,0,7.0,-2
9,23,200,5,131,128,2,8.0,4
9,23,240,26,92,86,0,2.0,-3
9,23,230,31,122,117,0,1.0,-10
9,23,200,31,138,111,0,7.0,-8
9,23,110,21,119,93,0,7.0,4
9,23,120,57,155,133,-1,6.0,-5
9,23,240,72,151,145,-1,8.0,3
9,23,210,46,143,118,0,6.0,-2
9,23,120,21,168,135,0,8.0,-2
9,23,210,21,111,100,0,1.0,-7
9,23,180,15,126,117,0,6.0,-4
9,23,990,5,125,125,0,4.0,1
9,23,180,5,124,101,0,7.0,9
9,23,140,21,122,113,0,5.0,-23
9,23,140,21,120,111,0,1.0,-16
9,23,30,5,109,104,0,4.0,-2
9,23,40,15,147,122,0,3.0,-2
9,23,40,36,124,100,0,4.0,-1
9,23,310,21,94,85,0,0.0,-5
9,23,310,10,128,123,0,7.0,-3
9,23,240,21,114,112,0,7.0,1
9,23,200,5,128,128,0,8.0,3
9,23,280,31,115,112,1,8.0,-2
9,23,220,62,123,82,0,6.0,1
9,23,240,15,107,105,6,8.0,-1
9,23,280,21,82,58,11,7.0,3
9,23,220,41,62,45,0,5.0,-3
9,23,240,31,82,74,2,7.0,2
9,23,130,10,90,90,0,8.0,0
9,23,290,10,98,98,0,0.0,-9
9,23,10,10,99,99,0,6.0,-8
9,23,30,30,131,113,0,0.0,-5
9,23,360,20,142,121,0,7.0,-2
9,23,360,20,103,89,0,0.0,-15
9,23,350,20,96,93,0,1.0,-15
9,23,350,20,81,69,0,1.0,-27
9,23,350,20,94,88,0,2.0,-21
9,23,290,10,102,102,0,1.0,4
9,23,280,30,122,116,0,7.0,-12
9,23,220,40,114,114,-1,8.0,0
9,23,280,30,80,69,-1,4.0,-6
9,23,300,30,118,113,0,7.0,2
9,23,280,20,106,98,0,5.0,-1
9,23,10,10,83,83,0,0.0,-9
9,23,40,10,67,63,0,0.0,-7
9,23,50,30,103,72,0,7.0,-3
9,23,50,70,104,71,0,6.0,-1
9,23,50,40,101,84,0,2.0,-8
9,23,70,60,124,83,0,8.0,-7
9,23,50,50,90,75,0,8.0,-1
9,23,10,10,91,90,0,8.0,-6
9,23,300,10,101,101,0,8.0,0
9,23,180,10,80,79,0,6.0,-9
9,23,190,20,92,92,0,0.0,-7
9,23,180,40,139,105,0,7.0,0
9,23,220,40,118,115,0,1.0,-4
9,23,200,50,126,107,0,4.0,1
9,23,230,90,185,148,0,7.0,-7
9,23,20,40,117,114,-1,8.0,-7
9,23,360,20,155,153,31,8.0,-4
9,23,240,10,126,126,0,0.0,-5
9,23,200,10,168,143,0,7.0,-4
9,23,290,20,171,165,4,8.0,1
9,23,240,10,123,120,0,1.0,-13
9,23,230,30,113,102,0,6.0,11
9,23,230,30,116,116,0,0.0,-2
9,23,230,40,145,130,0,7.0,-1
9,23,310,20,123,82,0,7.0,-9
9,23,90,10,85,84,0,0.0,-11
9,23,210,30,148,114,0,6.0,-20
9,23,220,50,144,134,0,6.0,-8
9,23,240,40,100,83,2,6.0,-10
9,23,220,20,79,68,0,1.0,-4
9,23,200,20,100,83,0,4.0,-9
9,23,200,30,130,100,0,6.0,-5
9,23,60,10,117,117,0,1.0,-3
9,23,30,20,124,118,0,7.0,-6
9,23,20,10,68,54,0,1.0,-2
9,23,30,20,60,53,0,1.0,0
9,23,60,20,75,48,0,0.0,-13
9,23,10,20,96,80,0,0.0,-2
9,23,340,10,131,108,0,7.0,-8
9,23,20,10,95,92,0,2.0,-14
9,23,10,20,113,96,0,0.0,-11
9,23,30,20,105,103,0,0.0,-6
9,23,360,20,57,57,0,3.0,11
9,23,300,10,61,61,0,1.0,-7
9,23,180,10,119,119,0,8.0,8
9,23,250,30,162,162,1,8.0,-1
9,23,90,40,144,128,-1,8.0,-2
9,23,120,30,175,174,0,8.0,-3
9,23,290,40,160,157,-1,8.0,-3
9,23,100,30,162,154,0,,0
9,23,200,40,152,148,0,,1
9,23,110,20,131,131,0,,9
9,23,180,30,163,160,2,,-3
9,23,210,60,161,145,0,,-4
9,23,200,40,160,148,0,,-2
9,23,220,70,144,129,0,,-9
9,23,220,10,122,119,13,,-1
9,23,240,30,92,87,4,,-11
9,23,280,30,68,64,0,,0
9,23,280,80,128,120,7,,-2
9,23,240,50,144,139,-1,,4
9,23,250,60,115,98,5,,-1
9,23,270,30,116,101,0,,-3
9,23,220,20,145,128,0,,0
9,23,40,20,147,147,0,,-1
9,23,50,30,136,130,0,,-11
9,23,60,30,119,109,0,,-11
9,23,80,30,101,99,0,,-17
9,23,80,30,98,95,0,,-13
9,23,150,10,148,130,0,,-1
9,23,100,20,147,131,0,,-4
9,23,170,40,156,147,-1,,-11
9,23,50,20,114,113,0,,16
9,23,280,20,129,129,0,,1
9,23,100,20,128,127,0,,4
9,23,100,30,113,113,0,0.0,-9
9,23,0,0,155,154,0,,-16
9,23,60,30,128,114,0,,-7
9,23,60,30,142,123,0,,-4
9,23,60,20,161,136,0,,-14
9,23,0,0,136,127,0,,-3
9,23,190,20,148,143,0,,-2
9,23,190,10,149,147,0,,8
9,23,90,10,144,143,0,5.0,2
9,23,10,20,162,156,0,,9
9,23,80,30,165,163,0,,15
9,23,990,10,164,122,0,,-12
9,23,30,10,173,168,0,,-13
9,23,300,30,182,175,0,,0
9,23,270,10,155,155,0,,-13
9,23,230,30,139,139,23,,-5
9,23,180,40,142,123,12,,-4
9,23,210,30,125,125,0,,-7
9,23,90,30,129,119,0,,-11
9,23,80,30,180,157,-1,,6
9,23,150,30,148,132,0,,0
9,23,180,30,148,130,-1,,-3
9,23,160,20,162,156,0,,-3
9,23,220,50,169,148,-1,,-9
9,23,990,10,145,133,1,,-4
9,23,180,40,159,140,0,,2
9,23,210,50,124,109,0,,-3
9,23,200,60,149,137,0,,-1
9,23,200,50,142,115,0,,-1
9,23,200,60,162,147,-1,,-5
9,23,240,40,131,127,16,,-5
9,23,200,40,134,119,0,,0
9,23,340,30,136,133,83,,-2
9,23,280,20,128,124,-1,,-1
9,23,990,10,129,113,0,,-5
9,23,180,30,138,111,0,,-7
9,23,250,60,132,104,-1,,4
9,23,200,40,150,110,0,,0
9,23,200,30,177,161,0,,3
9,23,350,10,147,144,0,,7
9,23,80,20,145,145,0,,-2
9,23,100,20,156,153,0,,5
9,23,230,30,132,127,0,,-1
9,23,0,0,133,128,0,,2
9,23,0,0,120,117,0,,7
9,23,300,20,167,145,2,,-13
9,23,320,10,113,111,0,,7
9,23,990,10,108,108,0,,12
9,23,130,30,133,120,0,,-2
9,23,120,60,161,118,-1,,-14
9,23,10,10,131,131,4,,-3
9,23,90,20,82,78,0,,2
9,23,100,20,139,129,0,,-5
9,23,80,30,97,78,0,,9
9,23,270,40,156,139,3,,-3
9,23,110,10,133,116,0,,7
9,23,170,30,163,144,0,,-2
9,23,170,40,152,116,0,,4
9,23,140,30,166,143,0,,2
9,23,350,20,159,138,0,,-5
9,23,280,20,139,132,10,,-3
9,23,230,20,104,86,0,,-13
9,23,220,50,169,162,-1,,1
9,23,220,30,129,122,0,,7
9,23,280,40,131,120,-1,,-3
9,23,220,40,124,112,-1,,2
9,23,240,20,126,119,0,,-10
9,23,260,80,162,138,-1,,1
9,23,240,60,89,76,1,,4
9,23,260,50,106,85,0,,5
9,23,270,40,111,88,0,,0
9,23,270,50,133,122,1,,-1
9,23,210,70,136,122,5,,6
9,23,990,10,105,99,0,,-1
9,23,220,40,107,102,0,,7
9,23,200,30,97,90,3,,0
9,23,280,20,81,74,0,,-4
9,23,110,40,97,91,0,,-9
9,23,190,40,107,95,0,,-4
9,23,100,40,120,113,2,,-2
9,23,260,40,119,111,15,,-2
9,23,250,20,77,70,0,,-6
9,23,230,40,107,98,14,,1
9,23,20,10,112,106,0,,1
9,23,0,0,96,90,0,,-15
9,23,210,10,87,83,0,,-5
9,23,140,30,127,119,7,,-1
9,23,230,50,138,128,0,,-6
9,23,110,10,104,98,0,,-13
9,23,200,30,151,146,29,,2
9,23,190,70,158,137,0,,1
9,23,10,10,111,104,0,,-4
9,23,70,20,123,101,0,,-6
9,23,10,20,105,100,0,,-4
9,23,220,20,157,147,0,,-3
9,23,220,20,136,124,0,,-9
9,23,180,30,144,125,0,,-4
9,23,180,30,170,132,0,,-17
9,23,330,10,151,149,0,,-11
9,23,250,30,140,115,0,,2
9,23,220,10,140,137,7,,1
9,23,30,20,134,131,0,,9
9,23,70,20,124,102,0,,-15
9,23,20,30,140,131,0,,-6
9,23,310,20,151,135,0,,-2
9,23,990,10,86,83,0,,-7
9,23,340,10,130,118,0,,-6
9,23,280,10,135,129,0,,0
9,23,990,10,132,116,0,,-2
9,23,340,20,120,110,0,,10
9,23,30,20,100,91,0,,7
9,23,270,20,119,111,0,,3
9,23,360,30,103,91,0,,-3
9,23,30,40,82,63,0,,-4
9,23,310,20,58,48,0,,-13
9,23,250,20,95,85,0,,5
9,23,300,20,105,101,0,,4
9,23,360,10,69,67,0,,-7
9,23,360,10,115,112,0,,-3
9,23,990,10,67,65,0,,6
9,23,90,10,69,66,0,,-2
9,23,280,30,102,80,0,,0
9,23,990,10,83,74,0,,-8
9,23,10,20,109,101,0,,-9
9,23,60,20,116,94,0,,-11
9,23,240,20,163,119,0,,7
9,23,220,10,135,131,0,,-8
9,23,60,10,129,123,0,,3
9,23,220,10,91,87,0,,5
9,23,270,20,111,100,0,,0
9,23,270,30,107,101,0,,-2
9,23,270,30,140,114,0,,-1
9,23,330,10,104,99,0,,-2
9,23,60,20,100,78,-1,,-30
9,23,60,10,97,80,0,,-17
9,23,0,0,122,116,0,,-7
9,23,290,10,113,110,0,,-1
9,23,220,20,114,95,0,,-7
9,23,240,20,148,110,0,,-6
9,23,140,10,149,134,0,,-1
9,23,200,20,181,113,0,,-19
9,23,180,30,189,133,0,,-12
9,23,310,40,112,102,15,,-1
9,23,280,30,73,58,0,,-10
9,23,60,10,47,43,0,,-5
9,23,120,30,95,44,0,,-11
9,23,230,30,110,92,0,,-9
9,23,80,20,96,77,0,,6
9,23,190,40,115,101,0,,5
9,23,130,10,64,62,0,,-9
9,23,80,40,77,69,0,,12
9,23,60,10,106,96,0,,0
9,23,60,20,133,109,0,,-3
9,23,0,0,153,148,0,,-4
9,23,360,20,158,150,0,,2
9,23,30,10,171,153,0,,-15
9,23,30,40,177,155,0,,-8
9,23,40,50,145,107,0,,-8
9,23,50,20,130,112,0,,-9
9,23,80,30,114,87,0,,-4
9,23,0,0,163,157,0,,-4
9,23,200,50,163,151,3,,-7
9,23,210,50,148,96,0,,-11
9,23,200,50,118,106,0,,-3
9,23,220,50,130,101,0,,-5
9,23,240,30,67,63,0,,5
9,23,160,20,110,63,0,,-1
9,23,170,30,133,95,0,,-8
9,23,240,40,168,148,2,,-11
9,23,200,30,98,81,0,,9
9,23,250,70,148,118,4,,-9
9,23,260,50,123,65,0,,-4
9,23,250,40,122,116,2,,2
9,23,270,40,112,92,-1,,-3
9,23,270,20,112,102,-1,,0
9,23,240,40,111,103,1,,5
9,23,230,50,136,114,0,,1
9,23,220,30,136,126,0,,5
9,23,220,60,137,124,9,,-4
9,23,230,20,63,56,0,,-13
9,23,70,10,116,102,0,,-2
9,23,0,0,168,165,0,,1
9,23,20,20,162,153,0,,-8
9,23,60,30,138,117,0,,-7
9,23,90,20,145,125,0,,5
9,23,70,10,137,112,0,,9
9,23,200,10,153,151,0,,-3
9,23,210,10,154,152,0,,-5
9,23,30,10,179,164,0,,-18
9,23,240,20,192,185,8,,-2
9,23,300,10,185,175,0,,-4
9,23,360,20,166,158,0,,1
9,23,10,10,107,102,0,,-5
9,23,200,10,120,115,0,,-11
9,23,230,50,173,168,0,,1
9,23,240,60,176,167,0,,-2
9,23,300,20,77,66,0,,0
9,23,260,10,59,55,0,,-11
9,23,70,10,62,59,0,,-8
9,23,0,0,64,61,0,,-5
9,23,350,10,80,77,0,,-5
9,23,0,0,85,83,0,,0
9,23,70,20,82,79,0,,-11
9,23,230,30,137,109,0,,-8
9,23,100,10,127,115,0,,-25
9,23,230,20,129,121,0,,-9
9,23,180,30,138,111,0,,-3
9,23,220,40,128,124,0,,-2
9,23,190,40,117,86,0,,-3
9,23,240,30,82,78,0,,0
9,23,190,50,129,122,-1,,3
9,23,180,20,170,153,0,,-20
9,23,210,60,190,136,0,,4
9,23,250,60,183,165,0,,-3
9,23,230,10,127,124,0,,-4
9,23,210,10,183,169,0,,1
9,23,0,0,164,164,0,,-3
9,23,280,20,116,109,0,,-1
9,23,20,10,84,77,0,,4
9,23,60,20,110,97,0,,-5
9,23,70,10,134,131,0,,1
9,23,60,10,139,138,0,,15
9,23,120,10,177,159,0,,13
9,23,110,20,185,160,0,,-2
9,23,70,10,182,167,0,,-1
9,23,40,20,183,144,0,,2
9,23,0,0,161,160,0,,-2
9,23,290,20,167,148,0,,-2
9,23,230,30,128,115,0,,-8
9,23,210,20,97,91,0,,-3
9,23,150,20,131,102,0,,-4
9,23,130,30,183,143,0,,-9
9,23,150,20,180,145,0,,-9
9,23,120,20,173,154,0,,-2
9,23,310,20,176,161,0,,-15
9,23,210,50,162,146,0,,-2
9,23,250,10,126,126,0,,-24
9,23,190,30,132,120,0,,-9
9,23,220,10,130,124,0,,4
9,23,190,40,167,144,0,,-2
9,23,120,10,100,93,0,,18
9,23,220,20,114,108,0,8.0,16
9,23,240,70,166,136,0,8.0,-7
9,23,280,20,93,86,0,0.0,-9
9,23,290,20,85,63,0,5.0,-5
9,23,240,20,136,134,1,8.0,1
9,23,350,40,161,142,0,8.0,-3
9,23,290,20,123,115,0,0.0,-16
9,23,280,20,149,144,0,8.0,2
9,23,230,30,102,97,0,4.0,5
9,23,280,40,120,103,0,5.0,-2
9,23,280,10,110,102,0,0.0,-24
9,23,350,10,135,131,0,8.0,5
9,23,990,10,73,69,0,0.0,-12
9,23,270,20,115,109,0,0.0,-9
9,23,150,20,105,83,0,0.0,-1
9,23,230,30,142,129,0,7.0,-3
9,23,280,20,116,111,17,8.0,-2
9,23,230,30,70,60,0,8.0,-14
9,23,210,60,123,99,0,8.0,1
9,23,200,50,151,104,0,7.0,-3
9,23,220,20,104,90,0,0.0,-25
9,23,60,10,113,110,0,1.0,-9
9,23,190,20,156,142,0,2.0,4
9,23,210,30,99,90,0,0.0,-6
9,23,220,20,94,90,-1,8.0,-3
9,23,360,20,77,73,0,1.0,-2
9,23,20,50,122,101,2,8.0,-8
9,23,290,10,128,123,0,8.0,3
9,23,240,40,121,111,0,8.0,0
9,23,40,10,80,77,0,1.0,-4
9,23,170,20,127,111,0,0.0,2
9,23,220,40,116,107,0,7.0,-5
9,23,200,50,123,108,0,0.0,-4
9,23,190,40,143,107,0,8.0,-2
9,23,140,50,169,151,0,8.0,-2
9,23,170,40,146,115,0,5.0,1
9,23,210,60,150,129,0,8.0,-1
9,23,70,10,108,106,0,8.0,-14
9,23,180,30,185,165,0,8.0,-9
9,23,140,30,167,141,0,7.0,2
9,23,120,10,193,168,0,8.0,0
9,23,260,10,140,138,0,8.0,-1
9,23,50,30,87,54,0,0.0,-7
9,23,40,30,102,81,0,7.0,-7
9,23,990,10,100,77,0,8.0,-28
9,23,50,20,114,88,0,8.0,-14
9,23,80,10,56,53,0,2.0,7
9,23,60,10,48,47,0,0.0,-12
9,23,360,10,67,58,0,0.0,-19
9,23,360,10,58,55,0,0.0,-9
9,23,340,20,108,106,0,7.0,1
9,23,350,20,112,93,0,8.0,3
9,23,20,30,121,115,0,8.0,0
9,23,360,10,84,77,0,0.0,-1
9,23,30,10,86,80,0,0.0,-11
9,23,60,10,73,66,0,0.0,-13
9,23,280,10,59,56,0,0.0,-4
9,23,230,20,93,91,0,8.0,-12
9,23,230,60,100,77,0,8.0,-4
9,23,230,80,123,112,-1,8.0,3
9,23,220,40,145,131,0,0.0,-3
9,23,170,40,156,112,0,8.0,-2
9,23,220,90,128,94,0,2.0,-2
9,23,240,40,121,113,13,8.0,2
9,23,220,20,108,92,0,5.0,16
9,23,150,10,105,92,0,8.0,21
9,23,70,10,118,116,0,0.0,0
9,23,210,10,139,121,0,0.0,-1
9,23,360,20,148,129,0,8.0,-8
9,23,10,20,115,104,0,0.0,-8
9,23,350,20,117,102,0,8.0,5
9,23,300,10,101,94,0,0.0,-21
9,23,350,20,121,112,0,3.0,3
9,23,30,40,134,119,0,8.0,0
9,23,40,20,147,143,-1,8.0,0
9,23,40,60,131,99,0,5.0,-7
9,23,360,20,96,86,0,0.0,-3
9,23,80,20,129,116,0,0.0,-1
9,23,220,10,141,141,0,2.0,-7
9,23,320,10,109,106,0,3.0,14
9,23,220,10,82,80,0,3.0,1
9,23,230,30,110,107,0,0.0,1
9,23,240,10,146,143,0,8.0,0
9,23,0,0,77,76,0,0.0,1
9,23,0,0,70,70,0,2.0,2
9,23,90,10,82,79,0,0.0,-12
9,23,270,10,87,84,0,0.0,1
9,23,240,30,123,115,0,7.0,15
9,23,240,20,142,139,0,8.0,1
9,23,220,30,132,129,0,8.0,1
9,23,340,10,88,83,0,0.0,-2
9,23,360,20,123,117,0,8.0,-6
9,23,330,10,112,105,0,0.0,-15
9,23,30,10,92,88,0,0.0,-3
9,23,80,30,100,78,0,0.0,-14
9,23,100,60,144,74,0,8.0,-5
9,23,80,30,127,114,-1,8.0,-4
9,23,160,20,141,128,0,6.0,-8
9,23,220,20,112,109,0,2.0,-1
9,23,190,40,145,132,0,,-7
9,23,230,10,157,142,0,7.0,-12
9,23,270,20,118,113,0,7.0,0
9,23,210,70,151,106,-1,8.0,-5
9,23,280,30,137,130,28,8.0,-11
9,23,310,30,103,95,52,8.0,-1
9,23,250,30,113,106,1,8.0,-1
9,23,260,20,99,79,-1,8.0,0
9,23,230,20,62,54,0,0.0,-14
9,23,190,30,118,99,0,8.0,0
9,23,220,20,103,96,0,0.0,4
9,23,80,20,107,104,0,0.0,4
9,23,190,10,123,117,0,0.0,9
9,23,80,30,146,140,1,8.0,-6
9,23,350,40,129,106,0,8.0,-3
9,23,230,20,58,53,0,0.0,3
9,23,0,0,57,54,0,7.0,-7
9,23,250,30,104,100,0,8.0,0
9,23,20,10,85,84,0,9.0,8
9,23,90,20,51,45,0,7.0,9
9,23,230,10,80,79,0,9.0,-2
9,23,70,20,107,84,0,0.0,-9
9,23,0,0,164,157,0,0.0,-9
9,23,120,30,222,177,0,8.0,-9
9,23,200,30,174,167,0,3.0,-12
9,23,210,60,147,99,0,5.0,4
9,23,210,100,156,144,4,8.0,-1
9,23,230,80,139,111,-1,8.0,-9
9,23,230,40,150,144,0,8.0,1
9,23,180,20,160,158,0,6.0,-2
9,23,240,30,191,170,1,8.0,-15
9,23,210,50,141,132,0,8.0,2
9,23,240,80,152,119,0,0.0,3
9,23,240,60,139,107,0,5.0,-9
9,23,230,30,107,94,0,5.0,-5
9,23,60,20,91,77,0,0.0,-4
9,23,210,40,163,141,0,1.0,-5
9,23,270,50,129,109,-1,8.0,-15
9,23,160,10,101,96,0,8.0,-6
9,23,200,30,102,97,0,0.0,-15
9,23,200,30,148,122,0,8.0,0
9,23,250,50,146,116,0,7.0,-13
9,23,230,10,106,98,0,8.0,-1
9,23,50,10,83,79,0,1.0,-3
9,23,0,0,93,90,0,0.0,-6
9,23,990,10,139,131,0,1.0,-4
9,23,280,10,142,139,0,7.0,0
9,23,0,0,116,115,0,5.0,-10
9,23,90,20,145,138,0,0.0,-9
9,23,110,20,142,120,0,0.0,-15
9,23,30,10,118,115,0,0.0,-2
9,23,240,10,102,82,0,6.0,13
9,23,240,10,150,135,0,8.0,-1
9,23,0,0,118,113,0,0.0,-2
9,23,320,10,151,141,0,1.0,1
9,23,310,10,124,102,0,8.0,3
9,23,230,20,92,85,0,0.0,-7
9,23,240,10,134,128,0,0.0,-6
9,23,50,10,126,122,0,0.0,-4
9,23,170,30,177,120,0,0.0,-24
9,23,230,10,159,146,0,6.0,-8
9,23,190,20,113,103,-1,8.0,-2
9,23,200,30,110,78,-1,8.0,-2
9,23,220,30,106,84,0,4.0,-1
9,23,250,30,129,111,0,8.0,-15
9,23,190,10,103,99,0,0.0,-10
9,23,230,10,123,119,0,0.0,-7
9,23,210,40,159,133,0,8.0,-1
9,23,250,20,80,76,0,6.0,8
9,23,220,30,58,52,0,1.0,-3
9,23,220,20,83,63,0,8.0,-5
9,23,240,20,74,68,0,1.0,-5
9,23,0,0,48,44,0,8.0,0
9,23,90,70,101,83,-1,8.0,1
9,23,180,40,138,106,-1,8.0,9
9,23,150,40,126,102,-1,8.0,-3
9,23,190,30,107,93,0,7.0,0
9,23,230,40,100,94,0,5.0,-12
9,23,210,30,111,89,0,3.0,1
9,23,230,40,63,50,0,1.0,24
9,23,200,20,79,61,0,0.0,1
9,23,220,40,145,101,0,8.0,1
9,23,230,30,145,134,0,8.0,3
9,23,100,10,155,151,0,0.0,-18
9,23,70,30,164,145,0,0.0,-2
9,23,150,30,221,150,0,0.0,-3
9,23,0,0,147,141,0,4.0,10
9,23,990,10,133,130,0,8.0,-3
9,23,290,30,131,102,0,3.0,-18
9,23,340,20,110,105,64,8.0,-4
9,23,250,60,134,125,7,8.0,-2
9,23,290,20,125,117,0,3.0,1
9,23,270,20,133,128,0,7.0,-7
9,23,170,30,145,139,13,8.0,5
9,23,270,20,108,97,0,0.0,-5
9,23,210,90,122,112,18,8.0,3
9,23,230,40,55,48,0,0.0,19
9,23,990,10,101,97,2,8.0,2
9,23,240,40,100,86,1,8.0,-17
9,23,220,50,123,116,3,8.0,2
9,23,230,20,85,79,0,0.0,-5
9,23,220,20,117,99,0,7.0,3
9,23,260,20,157,144,0,8.0,-3
9,23,320,10,107,104,0,9.0,-2
9,23,70,20,136,125,0,8.0,1
9,23,350,10,145,131,0,5.0,1
9,23,20,20,58,52,0,0.0,1
9,23,70,30,61,42,0,0.0,-4
9,23,70,50,96,71,0,0.0,-2
9,23,80,40,89,47,0,0.0,-17
9,23,60,30,73,47,0,0.0,-9
9,23,0,0,141,133,0,8.0,3
9,23,50,20,145,142,0,2.0,-6
9,23,50,20,155,132,0,8.0,4
9,23,110,10,166,150,0,7.0,-16
9,23,0,0,142,139,0,2.0,-5
9,23,290,10,149,141,0,8.0,-8
9,23,340,20,131,128,0,0.0,-7
9,23,0,0,102,97,0,6.0,-4
9,23,350,20,136,117,0,8.0,-1
9,23,320,10,101,98,0,0.0,4
9,23,20,20,120,107,0,0.0,-11
9,23,340,20,131,124,0,0.0,-8
9,23,10,10,128,125,0,0.0,-3
9,23,30,10,129,126,0,7.0,-7
9,23,60,20,144,143,0,2.0,3
9,23,60,10,138,135,0,0.0,0
9,23,60,20,144,141,0,0.0,1
9,23,30,10,166,163,0,8.0,1
9,23,990,10,146,145,0,8.0,-8
9,23,290,10,167,160,0,8.0,-9
9,23,280,20,115,104,0,0.0,-2
9,23,280,20,89,69,0,4.0,-22
9,23,220,10,110,84,0,8.0,-5
9,23,250,30,103,100,0,1.0,-4
9,23,230,40,137,100,0,8.0,0
9,23,220,10,136,134,0,8.0,2
9,23,60,10,107,104,0,0.0,-7
9,23,160,10,138,135,0,3.0,7
9,23,190,20,157,153,0,8.0,1
9,23,220,10,136,133,0,8.0,-3
9,23,250,10,107,100,0,0.0,-9
9,23,0,0,119,113,1,8.0,-7
9,23,210,20,108,98,0,8.0,-13
9,23,250,40,131,125,12,8.0,-2
9,23,260,30,104,79,0,3.0,-9
9,23,260,30,123,114,-1,8.0,1
9,23,340,20,127,112,0,6.0,-1
9,23,340,10,109,104,0,7.0,-9
9,23,60,20,96,75,0,0.0,-6
9,23,60,30,106,87,0,0.0,-2
9,23,80,20,100,87,0,0.0,-3
9,23,220,50,164,157,7,8.0,-4
9,23,210,60,168,142,-1,8.0,-17
9,23,200,50,114,76,0,2.0,-7
9,23,140,30,117,78,0,8.0,2
9,23,190,70,154,110,0,1.0,8
9,23,230,40,112,104,0,5.0,2
9,23,190,30,127,111,0,7.0,4
9,23,290,10,120,104,0,8.0,-6
9,23,230,20,96,79,0,1.0,-7
9,23,180,30,125,111,4,8.0,-1
9,23,240,30,112,108,6,8.0,0
9,23,210,20,93,86,0,5.0,14
9,23,210,30,110,105,0,1.0,-4
9,23,360,10,81,78,0,1.0,-6
9,23,360,20,77,72,0,0.0,8
9,23,20,10,86,79,0,0.0,-2
9,23,30,20,73,64,0,0.0,6
9,23,50,40,99,67,0,0.0,-5
9,23,50,30,95,69,0,0.0,-15
9,23,260,10,121,116,0,7.0,-6
9,23,240,20,144,133,0,8.0,3
9,23,210,20,182,138,0,8.0,-2
9,23,250,40,154,142,0,0.0,-22
9,23,250,10,126,122,0,7.0,1
9,23,360,10,140,137,0,7.0,-4
9,23,60,20,159,124,0,0.0,0
9,23,250,30,162,135,0,0.0,-16
9,23,70,10,116,112,0,0.0,-1
9,23,210,10,177,127,0,8.0,-4
9,23,100,20,166,159,0,0.0,-12
9,23,20,10,174,163,0,0.0,-6
9,23,70,20,199,160,0,0.0,-8
9,23,60,20,188,150,0,0.0,-1
9,23,210,30,166,160,20,8.0,-5
9,23,160,20,158,128,0,5.0,-7
9,23,340,20,174,160,0,8.0,-2
9,23,360,20,145,115,0,8.0,1
9,23,350,10,98,93,0,1.0,-1
9,23,50,10,137,121,0,8.0,4
9,23,60,10,102,91,0,8.0,-11
9,23,230,10,110,107,0,1.0,-1
9,23,0,0,78,74,0,1.0,1
9,23,150,40,150,94,0,0.0,-2
9,23,240,30,118,101,0,1.0,-22
9,23,0,0,100,95,0,3.0,-13
9,23,210,30,155,78,0,8.0,3
9,23,230,50,174,107,0,2.0,-12
9,23,230,50,142,128,0,8.0,-3
9,23,180,20,131,95,0,8.0,-5
9,23,350,10,129,121,0,8.0,-5
9,23,0,0,98,93,0,0.0,-8
9,23,70,10,98,93,0,7.0,2
9,23,200,20,159,147,0,8.0,4
9,23,190,10,165,162,0,6.0,4
9,23,240,30,133,119,0,8.0,-4
9,23,210,80,148,123,-1,8.0,-4
9,23,210,40,146,133,0,8.0,-5
9,23,210,20,99,94,0,0.0,-4
9,23,200,80,148,114,-1,8.0,-1
9,23,210,80,133,119,-1,8.0,-1
9,23,190,70,134,100,0,8.0,1
9,23,240,50,116,109,0,8.0,-2
9,23,230,40,93,91,-1,8.0,-6
9,23,220,30,96,85,0,7.0,1
9,23,100,10,71,67,0,2.0,4
9,23,220,20,104,94,0,8.0,-11
9,23,210,20,86,85,0,5.0,0
9,23,240,10,91,88,0,8.0,8
9,23,200,20,114,97,0,8.0,-2
9,23,70,10,99,98,0,3.0,-11
9,23,280,20,113,109,0,7.0,-8
9,23,20,10,75,71,0,0.0,1
9,23,40,10,106,103,0,0.0,-9
9,23,40,20,110,110,0,0.0,-9
9,23,60,20,117,113,0,8.0,-5
9,23,110,20,140,120,0,8.0,-24
9,23,990,10,139,136,0,8.0,3
9,23,190,20,169,167,4,8.0,-8
9,23,180,10,85,82,0,1.0,4
9,23,10,20,116,88,0,0.0,-16
9,23,30,20,171,108,0,8.0,0
9,23,340,20,184,179,0,8.0,-4
9,23,330,10,196,180,0,8.0,-1
9,23,260,30,187,178,56,8.0,-7
9,23,240,20,132,127,0,8.0,-10
9,23,220,60,128,74,0,8.0,-6
9,23,180,20,129,98,0,8.0,10
9,23,240,20,164,121,0,8.0,-2
9,23,220,30,133,115,0,8.0,11
9,23,240,30,183,147,0,7.0,-8
9,23,10,20,131,119,1,8.0,0
9,23,0,0,81,77,0,0.0,-4
9,23,230,30,122,95,0,8.0,7
9,23,0,0,99,94,0,8.0,2
9,23,230,10,111,88,0,4.0,-12
9,23,150,20,166,82,0,4.0,-1
9,23,210,20,153,126,0,8.0,-9
9,23,200,40,184,132,0,8.0,-25
9,23,190,50,201,128,0,8.0,-3
9,23,250,70,115,96,28,8.0,0
9,23,180,30,103,98,1,8.0,0
9,23,270,30,81,73,0,1.0,-7
9,23,290,20,52,49,0,1.0,3
9,23,0,0,52,43,0,8.0,-4
9,23,240,20,102,60,0,0.0,-15
9,23,230,20,94,88,0,0.0,2
9,23,20,10,51,40,0,6.0,-9
9,23,0,0,34,30,0,8.0,0
9,23,260,10,104,84,0,8.0,0
9,23,230,30,125,91,0,8.0,11
9,23,230,20,136,84,0,8.0,-6
9,23,200,30,164,126,0,8.0,-1
9,23,220,30,129,123,0,0.0,-13
9,23,220,20,76,65,0,0.0,8
9,23,230,40,130,102,0,8.0,6
9,23,340,20,124,109,0,8.0,2
9,23,290,10,105,83,0,3.0,-3
9,23,0,0,73,66,0,3.0,-11
9,23,250,10,103,78,0,0.0,-16
9,23,230,40,166,158,-1,8.0,1
9,23,250,40,188,145,0,8.0,-6
9,23,30,20,116,89,0,0.0,-12
9,23,0,0,79,67,0,0.0,-2
9,23,0,0,137,128,0,8.0,-10
9,23,290,10,134,114,0,8.0,-14
9,23,270,20,87,57,0,8.0,2
9,23,330,10,71,63,0,5.0,-6
9,23,20,10,64,57,0,5.0,-1
9,23,70,20,97,52,0,0.0,-6
9,23,90,30,127,53,0,0.0,4
9,23,230,30,161,150,-1,8.0,-1
9,23,170,20,127,112,0,8.0,12
9,23,180,20,135,128,0,8.0,2
9,23,210,50,154,140,-1,8.0,-2
9,23,210,50,141,127,-1,8.0,0
9,23,210,70,147,116,0,8.0,1
9,23,220,60,146,112,0,8.0,-2
9,23,260,60,156,147,3,8.0,-8
9,23,190,50,141,124,1,8.0,-5
9,23,340,20,132,105,0,8.0,-7
9,23,240,10,118,105,0,8.0,-2
9,23,240,60,202,165,0,8.0,-10
9,23,210,10,135,110,0,8.0,3
9,23,210,30,120,102,-1,8.0,-21
9,23,230,20,94,84,0,0.0,12
9,23,210,20,132,103,0,8.0,1
9,23,190,30,179,156,0,8.0,-4
9,23,280,10,130,110,0,0.0,-22
9,23,70,10,95,78,0,8.0,0
9,23,320,10,91,87,0,1.0,6
9,23,220,10,109,98,0,8.0,1
9,23,0,0,120,111,0,6.0,-1
9,23,50,10,157,133,0,6.0,-5
9,23,250,10,192,141,0,7.0,-11
9,23,20,40,151,111,0,8.0,-15
9,23,60,40,105,50,0,3.0,-7
9,23,60,30,107,57,0,0.0,1
9,23,40,30,142,64,0,0.0,-20
9,23,10,20,113,72,0,0.0,6
9,23,0,0,121,102,0,0.0,-6
9,23,0,0,105,81,0,0.0,-6
9,23,190,60,160,145,15,8.0,-2
9,23,180,50,137,113,3,8.0,-10
9,23,210,80,112,100,11,8.0,0
9,23,290,40,118,108,39,8.0,1
9,23,0,0,117,105,-1,8.0,2
9,23,150,20,115,104,0,8.0,1
9,23,200,20,148,142,0,7.0,2
9,23,140,30,160,141,0,8.0,-3
